Date,AQI
20140526,102
20141003,215
20140926,183
20140328,288
20150924,170
20140222,321
20140808,127
20150215,368
20140701,138
20140415,249
20140816,148
20140408,223
20150622,120
20151004,159
20150121,139
20140704,258
20140414,262
20150225,228
20150118,202
20140412,126
20150909,99
20140211,200
20140511,65
20150701,45
20140915,77
20140405,89
20150912,36
20150428,112
20140423,227
20140606,119
20150129,118
20140421,103
20140130,213
20141204,60
20141008,400
20141014,115
20140313,61
20151115,330
20150707,118
20150101,85
20140905,116
20150122,237
20150517,151
20140105,230
20140131,201
20150226,86
20150920,130
20140812,110
20150627,148
20141130,326
20151216,25
20140110,175
20141219,256
20150320,162
20151207,294
20140125,210
20140731,238
20140702,132
20140514,93
20151214,376
20140929,114
20140823,154
20150616,146
20150305,169
20150401,148
20151221,459
20151212,375
20141211,230
20150628,173
20151217,126
20150809,110
20140409,221
20150111,406
20140109,54
20140614,125
20140420,152
20150619,42
20151009,53
20151123,77
20140223,312
20151213,438
20140801,237
20140117,458
20150908,88
20151112,220
20150224,206
20141030,255
20140916,79
20140727,145
20150507,102
20150218,112
20140507,144
20150406,80
20151231,140
20150810,110
20140828,108
20150522,116
20150207,241
20151129,384
20150108,264
20150501,162
20140712,74
20150812,140
20140221,318
20141102,111
20141217,137
20150331,216
20151008,277
20141203,120
20140601,156
20150114,324
20140806,71
20150424,116
20140729,149
20150425,117
20150126,269
20151018,355
20150318,260
20150728,117
20140628,86
20151215,318
20150713,168
20150626,154
20150419,181
20150620,93
20150113,228
20141210,416
20140904,89
20150613,49
20140523,198
20140331,199
20140610,98
20141021,273
20140321,70
20150624,206
20140726,136
20150811,152
20141119,401
20150715,63
20141227,367
20150831,51
20151227,367
20140508,109
20141020,314
20140510,85
20140529,184
20140831,176
20150820,101
20150530,116
20141121,500
20150816,160
20150423,92
20140213,242
20140710,113
20150901,52
20150601,134
20150527,124
20140921,218
20140206,156
20151011,33
20150422,99
20150110,409
20140503,111
20140107,241
20150405,130
20150528,149
20150505,77
20140715,112
20150513,120
20150704,56
20150903,47
20140516,133
20140612,75
20140902,134
20151013,82
20141105,231
20140108,155
20140927,192
20141028,84
20150717,76
20150702,54
20150804,103
20150801,83
20150729,128
20140518,138
20141110,194
20150325,170
20150630,128
20140306,47
20140928,98
20140519,146
20151203,51
20150408,143
20141019,368
20140119,313
20150130,88
20150822,54
20150825,58
20140525,146
20150308,288
20140602,73
20140917,78
20151028,59
20140315,137
20140901,138
20140124,339
20150718,94
20150808,131
20140417,142
20140609,101
20141109,138
20151204,97
20141230,332
20140122,221
20141031,271
20141001,123
20150529,141
20141108,115
20150905,81
20150919,107
20140106,197
20150621,105
20150203,260
20150708,148
20140216,468
20150711,129
20150917,191
20140128,117
20150104,371
20140312,244
20151114,328
20150205,63
20141125,262
20150608,57
20140225,500
20141025,411
20141027,98
20150913,58
20141215,235
20140722,51
20140620,180
20150119,139
20150322,90
20150504,70
20150418,176
20150906,47
20140608,116
20151130,500
20141124,207
20140210,42
20140224,305
20140218,110
20140513,95
20151104,244
20150330,259
20150612,49
20150319,160
20150519,65
20150503,80
20150830,59
20150131,63
20140501,159
20150609,127
20140605,135
20140911,115
20140811,70
20141018,276
20140401,207
20150316,293
20140101,176
20140202,175
20140102,207
20151029,34
20150103,287
20141016,105
20151030,54
20140920,210
20151126,108
20141012,224
20140410,272
20140126,83
20150311,108
20140204,51
20150516,107
20141002,123
20150208,53
20140118,402
20140703,239
20140906,173
20140826,88
20141118,190
20140719,162
20140404,89
20140619,193
20150506,64
20140227,65
20140411,205
20140302,195
20140506,107
20150614,63
20150523,123
20140705,238
20140319,88
20140316,164
20140707,242
20150806,103
20141225,122
20140810,112
20140528,101
20141218,238
20140708,256
20150828,89
20150724,106
20151025,70
20140827,112
20140205,116
20140505,65
20150217,195
20150827,69
20140925,157
20151010,48
20150317,362
20151220,376
20150109,313
20150525,151
20150115,459
20141101,250
20140820,125
20140527,102
20140310,144
20150116,463
20150605,105
20141106,124
20150902,35
20140623,108
20150212,95
20151001,43
20150725,115
20150915,134
20150211,251
20140611,114
20140301,135
20141113,62
20140922,151
20151210,351
20150524,141
20150213,200
20140622,81
20150209,229
20150602,131
20140418,271
20151211,176
20150722,184
20150302,122
20140129,172
20150603,86
20151026,68
20140803,193
20151120,101
20141222,190
20150303,111
20150706,115
20140720,118
20151127,186
20140520,200
20140406,86
20141004,216
20151226,461
20140807,143
20140629,144
20150402,88
20141205,94
20151110,200
20150921,128
20140818,98
20150221,309
20150315,184
20150726,158
20140504,112
20140909,96
20150521,73
20150531,120
20151109,152
20140228,108
20141005,105
20140324,269
20150323,88
20150720,136
20140830,172
20140123,332
20151218,220
20140822,179
20140207,148
20151124,68
20150907,57
20150703,103
20140521,160
20140907,181
20140613,118
20150125,163
20140724,89
20150413,53
20140607,89
20140604,116
20151031,82
20140121,68
20140718,208
20150120,133
20140327,396
20140517,114
20150922,185
20150414,101
20150210,267
20141229,462
20150220,279
20141213,103
20141231,0
20151205,165
20140814,92
20150925,165
20150324,119
20150710,117
20150222,255
20140114,275
20140723,66
20150712,170
20151206,262
20150112,140
20140625,135
20151108,82
20140201,196
20150814,153
20150416,174
20140903,50
20140630,149
20150623,209
20150714,122
20150202,264
20150502,134
20150427,138
20140403,150
20140730,147
20150509,90
20141207,139
20150123,324
20141212,54
20141202,89
20141116,266
20151014,167
20150106,134
20151118,109
20140815,129
20141007,219
20141208,110
20141010,440
20140919,143
20151224,500
20150824,50
20150404,90
20150818,113
20141220,86
20141120,455
20150803,138
20141013,41
20140817,113
20150918,199
20150520,51
20150107,164
20140203,100
20140325,280
20150515,57
20150723,88
20140728,157
20150105,370
20141117,134
20150819,89
20140930,86
20141023,201
20151107,38
20151016,291
20150911,34
20140829,105
20141209,363
20151111,206
20140323,175
20150201,193
20150815,88
20150508,88
20150128,72
20141015,157
20150313,130
20140603,124
20140422,140
20150927,76
20150910,69
20140326,333
20141115,250
20141103,69
20141111,209
20150721,198
20140713,74
20140913,83
20140219,100
20150928,73
20150307,294
20141011,379
20140303,262
20150618,67
20151021,107
20140626,204
20150407,52
20150629,208
20150321,129
20140825,49
20140819,113
20151015,173
20140910,99
20150821,78
20141026,412
20150206,236
20150518,161
20141114,76
20150607,57
20150526,135
20140214,365
20140923,144
20150420,107
20150807,145
20150709,145
20150929,81
20150214,358
20150328,179
20151116,255
20140524,117
20140531,158
20140111,309
20141104,183
20140314,77
20150916,158
20140624,125
20140706,242
20150805,99
20150421,109
20140918,108
20140220,276
20151103,204
20150823,57
20150511,59
20150426,149
20140416,107
20140115,321
20150326,155
20140103,215
20140212,233
20140112,297
20150312,111
20140120,195
20140429,118
20140714,139
20140530,188
20150409,222
20140402,163
20150611,119
20140924,89
20150127,175
20141221,50
20140912,123
20151019,82
20140329,186
20141216,110
20140509,108
20150617,137
20140711,127
20150610,110
20150124,356
20151121,89
20151022,76
20150204,200
20141129,326
20140908,179
20150415,154
20141122,485
20150604,83
20150826,51
20150716,73
20151023,72
20150904,84
20141201,165
20150314,135
20150730,121
20150329,180
20140804,166
20140522,237
20141228,494
20140627,186
20151002,66
20150625,127
20151020,133
20150606,93
20140318,143
20150417,101
20140430,125
20141029,183
20140217,355
20141223,277
20151105,267
20151228,225
20140113,245
20141206,177
20140824,150
20140617,201
20150309,146
20140502,148
20151229,441
20140116,497
20151223,483
20140419,105
20151230,448
20151222,500
20151003,69
20140615,175
20150829,102
20150403,63
20150310,76
20151119,104
20151101,131
20140215,493
20140725,123
20141107,82
20151201,500
20151117,119
20140104,200
20151128,399
20151122,85
20150410,267
20150705,120
20140307,80
20151106,157
20150219,300
20141112,77
20151027,60
20141017,178
20150615,122
20150102,132
20151024,90
20151125,155
20150817,113
20140914,101
20150914,99
20150429,140
20140317,171
20141128,146
20141006,73
20151006,357
20151005,279
20140309,196
20150227,28
20140305,64
20150510,59
20140813,71
20141024,323
20151102,150
20140127,160
20140721,112
20150719,129
20151113,246
20140821,190
20151209,338
20150430,148
20150304,51
20151202,439
20140515,118
20151017,354
20151012,58
20141022,108
20150926,70
20140304,266
20151007,345
20140717,201
20140413,204
20150216,306
20140802,189
20140709,140
20141127,415
20150223,133
20140618,122
20150512,49
20151208,287
20150306,262
20141009,434
20150514,109
20150411,227
20140226,498
20150327,138
20140330,88
20150923,163
20140809,123
20141123,189
20150117,121
20150802,97
20140209,56
20150727,116
20141126,413
20140621,93
20140512,49
20140322,88
20140320,70
20140805,81
20151219,216
20140308,202
20141214,218
20151225,487
20140208,117
20141226,291
20150412,202
20150930,67
20140616,189
20150813,151
20150301,0
20140311,272
20141224,265
20150731,67
20140716,148
