Date,AQI
20140627,153
20150528,141
20140608,67
20140626,204
20150111,227
20140621,108
20150314,130
20140929,112
20140331,177
20140531,154
20140516,151
20140920,177
20140321,54
20140124,291
20151130,446
20150914,87
20150120,108
20150715,65
20140518,135
20141009,426
20141220,41
20151031,63
20150604,84
20150318,229
20140628,50
20150226,85
20150428,111
20151112,213
20151005,261
20140420,126
20150702,46
20150804,100
20150101,52
20151022,70
20150728,132
20150409,214
20151019,75
20140416,96
20140415,251
20150928,75
20150219,238
20150912,25
20150205,50
20150927,86
20141219,171
20150714,122
20151120,99
20150806,127
20140926,179
20140927,181
20140313,64
20140705,240
20140514,92
20140402,161
20150522,114
20150328,176
20140404,81
20150316,263
20151203,32
20151128,325
20151207,221
20151116,264
20150415,162
20150412,183
20140915,67
20140609,93
20140117,418
20150523,119
20151218,123
20150317,322
20150803,142
20141125,192
20140120,154
20140107,209
20140106,159
20140308,189
20140215,433
20140108,116
20141013,44
20140219,112
20150116,391
20150521,75
20140304,278
20140218,94
20150309,143
20150612,32
20150220,233
20141019,306
20140701,135
20151210,299
20150207,101
20141222,110
20150515,59
20151016,253
20150823,57
20150514,114
20151104,263
20151117,85
20140831,201
20140414,265
20140217,350
20151027,54
20150115,371
20141118,91
20140807,123
20150504,73
20140704,252
20151007,380
20150518,195
20150329,162
20151029,24
20141111,114
20140114,139
20151119,112
20150614,60
20140418,224
20140728,157
20140509,107
20150807,161
20150410,252
20150125,166
20150117,94
20151127,254
20150426,149
20140828,114
20140625,146
20140521,143
20150224,212
20141127,295
20150304,50
20150819,101
20150105,208
20140419,92
20141209,275
20140606,108
20140511,72
20150719,107
20150623,238
20140127,152
20140820,144
20140311,222
20140917,76
20140220,272
20150126,230
20150218,78
20150307,289
20140131,185
20150513,114
20140201,191
20150326,158
20141004,161
20150325,162
20150308,269
20141027,86
20140604,105
20140708,241
20151015,142
20150530,117
20140310,127
20141002,112
20150520,47
20140210,38
20150621,103
20151001,46
20140528,104
20151109,162
20150330,216
20140524,114
20151123,71
20140110,119
20140226,472
20150829,115
20140706,235
20151103,190
20140825,41
20141207,82
20140711,62
20141011,357
20141130,283
20150727,146
20151213,221
20150926,64
20151024,96
20140717,170
20140822,173
20140510,88
20151208,301
20150104,209
20150527,119
20150811,152
20151221,302
20140712,60
20141015,109
20150422,95
20150802,126
20150417,116
20140616,186
20140715,105
20140228,111
20141007,190
20151219,159
20150429,149
20151205,79
20141109,103
20150805,111
20140113,122
20140502,176
20150826,41
20151201,500
20140925,160
20150112,163
20141230,149
20150208,41
20140904,76
20150615,124
20150216,338
20141208,70
20140914,98
20141023,164
20141103,53
20140515,124
20150731,74
20150901,50
20150608,49
20151209,306
20150902,33
20140624,114
20150214,288
20140314,75
20140209,71
20140912,141
20141024,277
20141107,57
20150911,29
20150103,186
20150110,245
20140222,307
20141026,381
20151215,200
20140731,239
20140911,128
20150925,141
20151030,47
20151202,480
20140902,145
20151004,148
20140909,91
20150223,131
20140320,73
20150204,132
20150122,123
20150717,66
20141217,93
20140324,264
20150506,75
20150321,116
20150501,175
20151026,67
20140328,281
20140818,111
20140412,129
20141224,97
20150511,57
20140517,117
20151124,50
20150503,87
20140726,128
20150322,78
20140523,179
20150118,163
20140821,186
20151126,78
20150824,40
20140526,90
20150404,84
20150627,136
20140709,117
20140329,162
20151011,31
20151231,81
20151121,86
20141006,54
20151014,133
20140830,200
20140803,178
20150131,52
20140601,140
20141018,214
20151002,59
20140827,108
20141016,70
20150816,171
20151115,339
20140317,179
20150921,133
20151220,247
20140618,125
20140312,198
20150710,115
20140910,92
20140429,123
20151204,50
20140221,324
20140406,90
20140918,99
20141113,46
20140710,106
20151023,74
20150724,123
20140930,78
20140602,63
20150814,165
20140301,141
20140307,71
20150510,54
20151017,356
20140727,133
20151229,324
20150419,195
20150113,216
20150825,36
20141124,164
20140213,241
20151010,38
20140123,279
20140309,187
20141008,343
20140401,194
20140810,132
20150815,86
20150716,70
20150906,42
20150920,114
20151018,356
20141025,375
20140823,163
20140813,53
20140922,139
20141228,268
20140224,316
20140212,183
20150722,185
20140722,35
20140719,158
20150603,94
20140513,94
20140223,299
20150401,164
20150924,146
20150210,180
20140503,89
20140809,141
20140411,224
20150201,107
20150430,157
20150302,78
20141022,98
20140916,66
20150821,62
20150502,148
20140603,115
20150708,163
20141128,106
20151105,278
20150929,88
20141030,201
20140115,228
20150611,110
20140614,147
20141225,57
20150222,280
20140629,120
20140703,230
20140421,92
20151225,500
20141212,54
20150725,126
20150320,132
20141119,281
20150813,177
20150622,120
20140921,198
20151211,131
20140817,101
20150413,47
20151212,153
20140730,153
20141120,342
20141226,149
20150609,125
20150327,129
20150331,218
20140322,82
20140816,133
20150225,223
20150607,66
20150709,162
20150617,136
20150713,155
20151230,340
20141205,54
20140325,269
20150729,133
20150121,108
20150305,146
20141218,165
20150424,119
20140126,72
20150616,147
20151129,323
20141214,106
20150628,195
20150418,201
20151118,87
20150128,48
20140713,56
20141229,194
20150209,150
20150212,56
20140522,223
20140225,431
20150213,169
20140430,155
20150606,99
20140622,90
20140913,91
20140924,70
20140326,319
20150630,155
20141010,426
20141210,299
20140302,179
20150625,149
20140819,122
20150529,137
20140620,181
20141021,252
20141117,135
20140808,108
20150324,100
20140908,199
20140512,60
20151008,324
20150106,102
20140716,145
20141104,131
20150809,135
20140725,107
20150507,102
20140330,67
20140409,223
20140610,97
20141122,245
20141003,157
20151009,43
20140403,135
20141206,84
20140811,78
20150217,147
20150913,51
20140105,178
20150408,125
20140216,447
20150922,210
20150102,75
20151222,361
20151101,92
20140826,83
20141227,234
20150618,69
20150909,79
20151122,80
20150706,127
20150303,70
20140619,187
20150919,120
20150930,65
20151020,119
20140118,252
20150610,108
20150817,123
20150203,201
20141005,112
20150319,122
20150427,142
20150127,120
20150718,84
20151013,61
20150516,106
20150626,157
20150918,213
20151226,500
20140919,111
20140612,66
20140318,145
20150124,245
20141215,122
20151224,330
20150301,0
20141129,277
20150531,128
20150108,183
20150907,55
20141105,175
20150915,135
20140617,208
20150420,106
20150310,54
20150620,82
20140128,108
20140801,237
20151110,186
20150830,54
20140829,112
20150423,99
20150406,130
20150903,56
20140109,95
20140130,177
20140611,114
20150812,141
20150109,206
20151025,76
20141216,67
20141204,41
20141020,285
20151125,109
20140508,106
20141116,203
20140116,451
20140410,273
20140422,128
20141211,140
20150923,189
20150712,163
20150512,65
20150908,90
20150801,88
20151217,83
20140214,318
20140928,87
20150312,98
20151107,28
20150624,240
20151106,141
20141028,73
20150822,50
20150916,169
20140111,165
20140203,89
20140327,372
20140530,177
20141014,73
20150524,149
20150402,71
20140103,157
20150605,100
20140122,169
20140802,187
20150405,118
20140204,42
20140129,156
20150107,136
20140505,58
20140605,139
20140702,132
20141203,77
20150129,107
20140804,147
20140525,136
20140315,128
20150519,80
20150114,261
20151206,177
20150508,97
20140305,64
20141201,138
20141121,388
20140630,154
20151114,325
20140408,223
20140812,111
20140506,107
20150827,45
20140104,151
20150509,85
20150311,71
20150810,103
20140615,147
20150206,100
20140815,114
20141017,112
20150917,198
20150723,110
20140519,154
20140729,148
20151003,62
20150411,203
20140814,103
20150306,248
20140119,189
20140923,136
20150123,244
20150831,52
20150221,250
20140906,194
20150707,116
20150904,81
20140423,230
20140903,47
20141108,96
20140718,204
20140227,52
20140527,105
20141202,68
20150215,368
20140316,155
20140211,136
20140303,268
20141123,148
20140323,164
20141223,123
20151228,147
20140413,205
20150721,201
20140504,91
20150613,41
20140714,117
20140208,127
20150726,163
20141101,195
20141102,76
20150407,44
20150820,91
20150910,54
20140613,115
20140121,60
20140723,68
20140125,194
20150703,110
20140306,41
20141112,54
20150711,145
20140720,92
20150730,126
20151108,75
20150619,36
20150525,163
20140607,80
20141231,0
20151216,23
20140724,92
20150505,86
20140102,148
20150828,46
20141031,218
20140805,79
20141106,74
20150315,149
20151227,381
20150227,23
20140901,155
20150517,175
20140101,100
20150403,47
20140507,139
20140112,159
20141029,138
20150629,229
20150808,134
20151028,44
20140205,119
20150705,138
20150323,87
20151111,194
20150905,79
20151012,44
20140907,203
20140520,189
20140405,79
20141114,52
20141115,141
20150313,117
20151223,426
20141001,103
20150818,113
20150425,122
20150701,51
20140529,96
20140501,186
20150602,125
20150211,168
20150601,148
20140824,155
20140202,178
20150720,132
20140806,69
20150704,57
20151102,115
20150119,90
20140905,125
20140623,109
20151113,253
20141012,241
20150416,186
20151214,284
20151021,100
20141110,103
20151006,344
20141213,58
20140721,88
20140707,235
20150421,101
20140319,87
20150526,146
20141126,281
20140207,154
20140417,161
20140206,156
20150202,176
20141221,41
20150414,85
20150130,81
