Date,AQI
20140311,184
20141107,51
20150804,141
20151106,107
20140109,48
20140317,160
20140202,195
20150820,60
20140504,71
20141112,57
20151117,83
20140422,85
20140102,118
20150418,123
20150423,78
20140629,134
20140530,171
20140306,36
20140831,91
20140415,263
20150622,133
20150625,185
20141105,224
20150529,166
20140420,78
20140210,35
20140616,159
20141129,197
20140209,88
20151213,161
20140825,38
20151006,332
20141226,116
20151001,47
20151207,184
20150324,101
20150828,39
20141201,195
20150122,102
20141229,117
20150815,87
20151222,225
20150613,41
20150323,92
20150226,85
20141101,220
20150808,98
20150520,50
20150213,147
20150101,50
20141209,174
20141114,59
20151027,83
20141006,52
20150430,193
20141124,159
20140412,111
20150204,156
20140208,171
20150515,57
20151016,274
20140212,133
20140925,98
20140111,81
20141210,330
20150316,270
20150516,104
20150501,227
20151223,298
20150404,99
20140906,146
20150824,29
20140728,148
20140224,311
20150413,49
20140620,107
20140529,102
20151030,51
20140708,180
20150918,200
20140628,51
20140520,142
20140607,50
20140726,183
20141029,130
20150527,135
20140408,198
20140413,179
20140703,233
20151130,216
20141027,61
20150115,336
20151023,65
20140912,98
20150331,229
20140823,120
20151109,136
20140701,133
20140513,73
20150326,162
20140526,83
20150914,83
20140214,317
20150209,96
20150510,53
20140319,102
20141223,87
20150802,93
20140716,119
20141028,95
20151121,87
20150610,71
20140304,125
20151004,101
20140927,168
20151226,411
20150304,51
20140126,106
20150121,138
20140921,98
20140724,54
20140920,97
20151127,192
20150227,25
20140604,145
20141031,219
20140913,102
20141007,121
20150120,134
20150723,84
20151009,47
20140112,78
20140814,129
20150207,63
20140406,64
20140106,193
20141225,69
20140501,135
20140515,82
20151129,274
20150611,70
20150130,105
20140713,41
20140216,427
20151221,209
20140916,60
20151116,233
20150813,168
20140313,41
20140104,145
20151012,56
20150809,64
20140828,106
20140805,49
20150711,154
20140124,265
20140819,170
20140502,129
20141102,105
20150807,137
20140128,107
20150627,107
20140830,89
20141110,63
20150211,92
20140603,130
20150718,60
20150729,113
20140903,57
20150309,163
20140225,412
20150923,125
20141214,93
20140127,129
20150915,110
20140329,209
20140305,50
20151208,234
20140824,103
20140813,30
20150526,169
20140219,128
20151126,33
20151013,52
20140730,162
20141128,89
20150919,77
20150524,168
20150127,31
20150911,24
20150706,124
20140527,79
20150109,121
20150714,129
20141227,243
20150725,252
20150803,106
20150203,230
20141013,37
20140816,116
20140609,47
20141009,364
20140228,91
20141206,78
20150509,58
20141119,219
20150917,189
20150623,203
20150215,290
20140625,109
20151005,251
20151022,64
20140411,195
20141220,89
20150920,77
20140909,131
20150525,180
20140517,125
20150421,118
20150416,158
20151123,42
20151014,69
20151228,94
20150504,60
20141121,353
20150713,138
20140218,151
20140718,204
20140509,78
20151021,87
20151202,449
20140404,82
20140719,203
20140820,150
20150218,71
20141004,90
20141217,81
20140129,173
20150707,118
20150507,86
20140727,174
20150812,177
20150514,111
20150322,77
20150901,24
20151108,81
20150825,32
20141021,270
20150607,45
20140105,185
20140302,168
20141215,140
20151104,240
20150908,103
20141001,64
20150312,61
20150523,180
20141116,243
20151120,90
20150328,192
20150118,99
20151230,293
20140512,68
20141127,282
20140815,110
20140617,165
20140125,129
20150720,69
20150424,89
20150909,57
20141213,71
20151011,56
20150628,176
20141118,64
20140410,218
20141221,49
20150826,33
20150521,103
20150522,143
20151110,153
20150405,129
20151019,78
20140901,93
20141218,140
20151209,275
20150502,166
20140217,283
20150519,81
20140818,127
20150108,116
20140429,119
20140917,79
20150818,116
20140621,101
20150325,164
20150511,59
20141224,74
20141011,337
20150202,155
20140725,109
20140320,70
20140610,54
20150604,71
20140720,117
20150930,54
20140721,101
20150210,119
20140525,92
20140524,103
20150222,500
20140308,137
20150205,38
20150214,267
20141012,248
20141108,82
20141125,159
20150408,117
20140705,216
20141010,347
20141025,346
20140508,103
20151211,99
20140829,88
20150620,63
20140709,80
20140801,199
20140418,183
20140521,151
20140503,66
20150223,220
20140506,78
20150311,58
20151026,81
20150503,88
20150327,143
20150905,45
20151220,205
20140421,76
20140608,50
20150601,126
20141104,141
20141231,0
20150704,53
20141208,113
20150111,73
20140123,248
20140213,244
20141109,80
20141111,82
20150727,99
20140706,226
20150220,293
20150721,150
20150728,83
20140402,122
20151028,55
20150329,173
20151218,77
20150617,121
20150102,57
20140414,264
20140310,105
20151007,320
20140423,210
20150609,83
20150913,52
20150119,77
20150730,113
20150910,30
20141023,164
20150123,224
20150117,196
20140618,113
20150125,201
20150708,135
20141002,65
20140116,249
20140510,63
20140110,66
20151203,66
20140528,126
20140215,406
20140330,68
20151128,287
20140323,163
20140101,88
20150819,70
20151003,58
20140729,127
20150926,65
20140808,118
20140505,57
20141126,272
20151118,81
20150703,49
20151111,138
20140417,131
20140822,113
20150903,39
20150810,55
20141018,181
20151224,210
20150801,92
20140331,149
20150518,194
20140222,301
20150217,167
20151105,262
20150823,36
20140516,101
20150928,66
20150425,122
20140907,190
20151217,62
20140627,122
20141211,235
20141106,115
20150410,234
20141205,49
20140717,133
20150114,212
20150402,66
20150630,114
20140826,43
20140309,135
20150618,52
20150722,146
20150506,63
20140322,64
20140731,203
20141015,90
20150612,36
20151031,60
20151020,103
20150927,72
20151216,20
20150407,35
20141123,151
20140120,146
20140622,88
20150417,106
20140821,160
20150415,141
20140107,210
20140712,44
20150429,153
20141017,121
20140201,269
20150615,143
20140902,87
20151114,290
20140630,142
20150616,176
20151010,29
20150717,36
20150629,208
20140114,65
20140715,136
20140314,65
20151002,53
20150606,69
20150419,123
20150206,62
20140226,489
20141115,141
20150315,171
20150924,79
20150225,210
20150208,34
20140211,104
20150709,130
20140121,48
20140206,153
20151212,103
20150306,216
20140131,269
20140119,163
20140531,159
20140507,112
20140303,190
20150513,124
20150605,116
20140711,57
20150614,73
20150822,37
20150806,85
20140315,101
20140122,123
20150724,122
20140403,108
20150817,114
20150401,149
20150626,158
20141022,82
20151214,285
20151115,325
20140606,83
20150216,289
20150310,44
20150129,135
20150530,135
20140802,151
20140812,69
20140326,293
20141026,354
20140518,152
20150505,73
20150313,85
20151210,274
20140704,254
20140707,220
20151017,298
20150409,207
20140710,110
20150619,36
20140223,281
20150821,44
20151201,451
20151229,224
20150830,35
20140416,100
20140922,113
20150531,124
20150831,34
20140602,64
20151227,268
20140811,42
20140325,260
20140611,57
20150308,278
20151225,395
20151107,20
20151112,140
20141219,204
20140908,171
20151025,76
20140702,107
20150712,143
20150131,33
20151029,30
20150103,195
20150112,129
20141212,41
20150224,161
20140619,123
20140914,75
20140205,97
20150317,343
20150912,34
20141014,66
20141216,82
20150829,61
20150126,209
20140923,109
20150608,44
20150321,123
20141204,46
20151113,226
20140905,121
20150428,109
20140930,49
20140203,72
20150106,146
20150907,97
20140207,148
20150508,81
20151231,145
20150906,38
20150814,170
20150307,271
20150811,130
20140405,79
20151103,141
20150110,82
20150816,167
20151205,62
20140113,66
20141016,63
20140924,68
20150731,47
20151018,291
20140605,118
20140806,70
20151008,255
20140117,287
20140522,198
20141120,349
20140227,107
20140929,89
20141003,74
20141230,68
20150921,115
20140919,77
20150420,85
20150922,149
20150318,199
20140221,301
20151124,28
20150105,243
20150925,72
20140523,158
20150427,126
20140810,115
20140615,154
20150426,134
20140904,152
20150702,34
20140623,98
20150719,62
20140911,73
20140928,60
20151015,89
20150422,91
20140108,95
20141008,293
20141030,200
20150314,132
20141005,68
20150128,43
20140204,49
20140807,139
20150827,33
20141020,295
20150528,172
20150201,66
20140612,45
20151125,48
20140316,168
20140401,175
20140910,127
20141207,168
20141228,256
20140601,134
20140613,107
20140918,83
20151101,64
20150414,66
20150330,201
20150624,211
20150412,138
20140723,47
20140915,43
20150710,105
20140307,55
20150929,78
20151024,79
20140804,96
20140321,69
20140722,30
20150320,133
20140714,131
20140817,101
20140328,256
20140624,147
20150904,41
20150701,36
20150805,116
20150512,47
20150301,0
20150705,118
20140115,77
20140511,62
20150411,206
20140926,157
20150124,218
20150212,48
20150302,64
20150116,407
20150107,57
20150221,500
20150104,203
20140312,131
20140430,144
20151206,99
20150219,313
20141122,148
20140118,215
20151219,133
20140626,173
20150403,46
20151215,256
20150305,110
20140327,331
20140324,260
20141019,301
20150715,76
20140809,125
20141024,279
20150916,151
20141130,237
20140514,65
20151122,61
20150902,28
20141203,55
20140103,124
20140409,201
20150319,114
20140220,222
20151204,55
20141113,54
20141117,146
20150113,181
20140803,142
20151102,72
20150406,73
20140827,139
20140130,200
20141202,46
20151119,97
20141103,45
20150603,72
20150303,56
20150726,102
20141222,74
20140419,78
20150621,123
20150517,176
20140301,132
20140519,124
20150602,91
20150716,56
20140318,125
20140614,124
