Date,AQI
20140824,177
20140913,97
20141001,112
20140511,72
20141227,300
20140914,104
20150122,172
20140626,206
20150710,99
20150807,168
20151225,500
20151223,485
20151105,284
20150717,74
20150509,114
20150222,327
20150128,64
20150501,201
20150511,112
20151005,272
20150503,132
20141027,118
20150526,163
20140713,82
20140310,138
20150813,176
20151006,369
20140408,259
20150830,66
20140307,79
20150923,181
20140409,266
20141022,121
20151120,107
20150704,69
20140411,189
20141207,101
20141011,366
20150914,108
20150817,118
20140121,64
20140822,189
20150323,95
20140529,108
20140630,117
20150505,102
20151123,77
20140507,153
20150223,146
20150310,64
20150805,124
20141017,187
20150905,87
20141229,298
20140419,113
20150320,159
20150623,232
20151116,267
20141106,106
20150730,136
20150803,153
20151230,422
20150110,344
20151009,66
20150816,115
20140719,174
20140415,282
20140717,163
20151003,92
20141008,351
20150916,175
20140119,227
20150325,180
20150527,170
20150422,128
20140209,65
20150621,90
20140816,104
20150606,77
20140904,103
20150402,80
20140621,107
20151004,167
20140802,208
20150217,187
20140523,221
20140107,220
20140926,183
20140228,113
20150428,125
20140502,188
20141201,167
20140101,114
20151224,454
20150904,89
20140617,208
20140212,204
20141202,100
20151124,64
20140929,118
20150809,106
20150628,194
20151204,78
20140828,121
20140928,103
20140217,351
20150319,144
20151115,348
20150104,288
20150619,53
20140930,86
20140215,478
20140110,120
20140518,114
20150329,187
20140606,137
20140321,80
20140620,183
20150514,120
20140614,95
20150216,354
20140102,188
20140207,156
20151112,236
20141002,112
20150528,202
20141114,70
20151127,346
20150722,170
20140817,112
20150906,60
20150705,90
20151128,402
20140808,107
20141124,205
20140305,64
20140331,162
20150125,180
20141109,126
20151007,357
20140726,0
20150826,58
20140313,72
20150328,177
20150101,78
20140605,143
20150218,96
20150306,263
20140709,139
20140326,337
20150201,139
20140513,99
20150713,154
20150622,122
20141006,67
20140701,153
20150629,226
20140916,101
20150211,210
20151210,324
20151110,208
20141230,256
20140531,247
20150119,115
20140909,84
20150508,110
20141218,220
20150429,172
20150919,114
20151217,147
20151212,274
20151220,293
20150203,220
20150427,162
20150925,151
20151122,93
20151012,63
20141214,142
20140206,161
20140120,174
20141205,72
20150719,112
20151001,57
20150226,88
20140521,151
20150519,83
20140124,299
20151108,81
20150801,101
20150729,121
20140211,166
20150819,88
20140320,72
20140622,89
20140830,193
20150609,90
20140125,180
20150205,62
20140522,243
20141110,138
20140422,160
20140813,77
20150822,59
20140721,167
20151201,500
20140925,163
20150630,155
20150107,116
20140403,153
20151104,260
20150409,237
20140910,93
20150126,259
20140329,193
20141128,137
20140831,194
20151203,47
20140509,124
20150425,133
20141224,159
20150613,63
20140506,118
20150718,88
20140301,142
20150507,99
20151208,280
20140503,0
20140430,145
20140902,143
20150812,157
20141102,103
20151031,86
20150709,161
20151202,469
20150820,84
20151027,91
20140302,185
20141212,57
20150608,82
20140314,84
20150404,96
20140912,141
20140528,102
20140117,431
20150701,58
20141026,443
20140416,123
20150911,45
20141221,54
20150303,93
20150111,329
20150518,202
20151118,93
20150204,154
20140723,103
20151207,243
20140113,186
20140907,203
20150824,58
20140803,225
20140226,471
20141121,451
20150213,199
20140921,209
20140225,436
20151013,83
20140418,259
20150103,274
20151016,278
20150131,58
20150517,178
20150716,75
20140927,190
20140601,265
20151010,59
20140517,97
20140919,134
20150702,56
20150617,150
20140728,166
20150901,59
20140905,130
20140815,83
20150413,86
20150123,285
20150814,174
20150405,135
20150913,72
20140611,135
20140127,144
20150120,118
20150523,134
20140202,179
20140714,93
20151231,96
20140417,174
20140724,126
20140712,67
20150308,293
20140731,253
20151125,136
20150627,152
20150106,120
20151219,206
20151221,340
20150208,60
20150516,91
20140826,96
20151028,86
20150902,53
20151206,216
20150915,140
20140108,122
20150707,88
20140420,140
20141213,89
20140811,89
20150607,69
20140924,91
20141226,235
20150403,66
20150828,73
20141208,104
20140703,258
20150712,155
20150604,92
20150411,226
20150708,163
20140510,97
20150829,65
20141118,87
20140401,0
20140501,194
20150322,81
20140317,190
20150909,101
20150121,119
20141007,205
20151130,498
20150406,81
20141104,183
20140827,105
20150419,212
20140213,245
20150227,40
20150521,85
20150324,117
20140404,79
20140204,52
20150910,67
20150302,104
20150920,138
20140210,59
20150506,85
20140208,120
20140613,101
20150214,321
20141103,77
20141016,96
20141216,101
20141012,242
20140505,59
20141107,72
20140911,130
20141223,206
20141211,198
20150810,107
20140128,105
20140727,148
20140619,197
20151109,162
20140324,289
20151021,109
20150330,274
20141215,187
20140823,183
20150715,81
20150522,85
20150515,75
20140807,109
20140402,180
20151211,130
20141004,202
20150921,136
20151213,319
20150305,191
20151129,377
20140702,148
20140715,111
20150917,204
20150727,147
20141120,414
20150418,214
20140330,88
20140629,115
20150918,213
20141116,268
20140716,156
20151022,86
20151218,171
20141101,260
20151121,95
20150215,390
20140915,87
20141209,356
20151215,262
20140519,150
20140201,192
20151205,104
20150314,135
20140129,158
20150108,215
20151117,101
20150221,303
20150512,110
20151114,340
20141029,168
20141206,119
20151029,53
20150703,83
20140602,88
20151015,164
20150331,222
20141019,396
20141123,176
20140327,388
20151216,14
20141217,130
20140612,88
20140514,96
20151025,85
20140604,107
20151017,364
20141126,372
20140708,266
20150720,126
20140903,62
20150815,108
20150105,268
20140818,93
20150602,141
20151103,229
20150313,125
20141219,224
20140423,247
20141031,256
20140628,83
20150210,223
20151008,303
20150301,0
20141013,58
20150321,139
20140319,81
20141210,401
20141231,0
20141204,60
20150912,42
20140227,65
20150420,114
20150117,129
20151226,500
20140814,77
20140126,78
20150723,86
20140615,169
20140429,130
20151014,161
20150827,71
20140710,88
20150618,72
20141220,60
20140918,106
20151227,328
20140820,137
20140115,257
20150802,113
20150414,112
20140516,134
20141005,109
20150525,171
20141112,74
20140116,461
20151011,44
20141014,87
20150605,92
20140414,295
20140812,101
20150426,174
20140322,90
20140704,275
20140610,130
20151002,89
20141125,240
20140819,124
20140304,270
20150930,66
20150311,91
20150412,203
20140508,124
20140221,330
20141105,229
20140203,93
20141111,158
20140922,144
20150307,311
20150806,120
20141115,209
20140616,189
20150219,282
20150113,217
20151030,77
20140908,197
20150714,92
20150116,451
20150922,205
20141009,420
20140131,191
20151126,93
20140105,209
20140706,255
20141021,295
20141003,200
20140224,330
20140603,100
20151119,116
20140303,264
20150421,140
20150112,143
20151222,405
20140405,62
20151102,140
20150616,159
20140118,306
20150124,287
20141023,206
20150620,68
20140103,191
20150318,269
20150114,294
20150415,185
20140218,106
20140219,108
20150725,132
20141122,364
20141020,340
20150611,117
20140410,184
20140705,251
20141018,272
20150530,94
20140308,200
20150502,169
20150531,95
20140413,225
20140809,130
20140315,150
20150304,56
20150724,84
20150728,101
20150625,146
20151214,337
20140609,86
20150907,68
20140624,99
20150601,137
20150115,426
20140720,185
20141117,156
20140804,181
20150504,105
20150928,84
20150821,75
20150401,164
20150102,111
20151111,211
20141127,376
20150225,235
20150326,172
20140520,194
20141025,438
20140901,150
20151020,130
20150927,90
20140223,315
20140104,187
20140618,125
20150513,112
20140111,244
20140205,128
20140627,185
20140114,199
20140810,121
20150924,157
20140806,83
20141129,355
20150520,80
20150831,64
20151023,82
20150127,150
20151026,75
20150624,230
20141130,356
20150706,101
20140130,185
20150615,122
20141228,381
20150903,54
20140923,137
20140515,119
20140222,324
20140311,251
20150811,158
20151229,411
20150610,111
20140524,125
20140801,253
20150424,120
20140123,299
20140216,458
20150312,107
20150626,163
20140707,252
20150726,165
20140530,154
20150309,153
20140306,52
20150224,226
20140906,193
20150603,93
20140718,209
20150731,79
20151018,364
20141030,238
20150202,217
20141028,88
20151024,102
20140829,117
20150129,129
20150410,271
20140122,192
20151019,94
20150212,71
20140406,146
20140504,48
20150721,188
20151209,323
20150315,186
20150804,108
20140821,202
20151101,120
20150510,120
20150929,85
20140805,75
20151107,37
20140730,162
20150808,142
20141015,136
20150926,76
20150407,55
20141203,112
20140214,341
20150207,156
20140527,104
20140711,94
20140325,298
20150612,57
20150417,130
20141108,114
20151113,265
20150529,134
20150408,136
20140312,222
20140421,151
20140608,75
20140106,198
20150524,175
20140729,158
20150908,92
20140825,73
20140607,88
20140220,291
20150416,201
20140412,190
20140920,191
20141222,188
20151106,156
20140625,139
20140526,113
20140623,88
20140725,135
20141024,332
20141010,424
20150317,378
20140109,47
20140318,142
20150823,68
20150614,63
20140328,292
20150118,189
20150316,286
20150220,268
20150130,91
20150825,60
20150711,141
20140316,178
20150206,154
20140112,239
20150209,191
20140512,74
20151228,167
20150430,173
20140309,192
20141225,64
20141119,352
20150109,239
20140917,91
20140323,183
20150423,117
20141113,64
20140525,159
20140722,63
20150818,119
20150327,144
