Date,AQI
20141212,56
20150126,241
20140403,143
20141019,382
20140502,146
20141116,267
20150429,157
20151104,259
20140226,492
20140920,160
20150628,203
20140127,139
20150601,133
20150124,291
20151217,71
20151222,385
20151105,285
20140205,114
20150609,125
20150807,135
20150910,50
20150110,264
20151215,190
20151219,194
20151020,129
20151213,279
20141217,113
20140527,102
20150320,140
20151008,308
20140924,73
20140421,80
20140630,174
20140218,100
20150117,132
20150506,70
20140701,138
20150926,65
20150614,63
20140320,71
20150525,145
20141012,233
20141206,116
20140217,337
20141203,82
20140330,76
20150611,112
20140520,190
20140728,141
20141101,229
20140115,228
20150222,401
20141129,348
20151024,97
20150820,102
20151121,92
20150417,124
20151201,500
20150705,133
20150813,183
20150823,49
20151218,127
20150130,85
20140316,171
20140716,142
20150709,157
20141118,111
20150907,81
20141030,250
20140729,135
20150419,181
20150622,130
20150329,166
20140607,73
20140317,173
20150618,63
20150710,119
20140907,187
20140206,170
20150423,91
20140504,105
20141016,83
20150206,108
20140328,266
20140104,181
20141223,150
20150723,110
20140405,93
20150809,155
20150911,37
20140429,117
20141004,148
20140708,229
20151107,23
20140126,65
20140904,103
20150102,84
20150814,154
20140714,141
20150121,117
20140613,112
20151119,110
20150819,106
20150822,41
20150930,65
20150510,51
20140928,97
20151113,266
20140129,163
20140312,218
20150217,150
20150924,156
20140519,150
20140422,134
20141218,202
20150405,132
20150323,80
20140507,142
20141230,190
20151212,207
20151128,364
20140202,186
20141018,260
20141221,41
20140805,123
20140402,162
20141119,354
20150414,88
20140522,222
20150303,97
20141008,336
20150713,162
20140720,106
20150701,50
20151017,388
20140629,141
20140712,69
20150420,101
20140916,76
20150223,146
20140614,154
20140208,118
20141103,53
20140112,192
20150105,256
20151226,500
20150805,102
20141102,68
20150904,66
20150818,102
20140305,62
20150107,101
20141013,57
20150410,268
20150213,180
20141130,351
20140723,66
20140228,108
20140413,208
20140915,68
20150917,208
20141027,93
20140526,106
20140404,94
20150825,37
20140624,132
20140713,62
20150422,86
20150404,90
20150501,208
20150317,355
20150308,295
20150921,133
20140418,222
20140603,119
20151118,76
20140106,180
20140818,117
20140725,111
20140623,114
20141225,48
20151223,400
20150227,26
20140726,139
20141105,218
20140209,62
20140711,75
20150511,57
20150322,79
20151022,77
20150502,161
20140210,36
20150812,141
20150726,166
20150516,105
20140905,131
20140204,38
20141110,108
20151125,86
20150929,88
20140722,34
20150208,45
20150623,245
20141005,98
20150612,50
20140318,133
20140820,128
20150728,127
20140727,139
20141031,248
20140910,114
20140804,135
20140825,43
20140423,223
20150221,257
20151206,211
20141219,207
20140626,188
20151229,373
20140121,54
20140225,444
20140113,141
20140116,466
20140518,142
20150903,50
20140131,198
20150829,113
20140803,167
20150523,136
20141202,66
20150215,399
20140313,57
20140608,102
20140111,196
20140416,111
20150302,105
20151103,222
20150811,160
20151002,56
20151004,150
20150108,217
20140609,104
20140902,122
20140510,87
20141003,148
20150816,175
20150210,207
20140930,73
20151005,277
20151025,76
20150815,73
20150617,153
20140606,103
20151123,70
20151204,49
20140323,191
20140412,143
20140103,199
20150913,51
20151214,292
20140621,91
20150313,122
20150109,261
20150905,64
20150615,137
20141231,0
20141026,401
20140430,132
20151117,89
20150517,169
20150408,136
20150330,225
20140213,231
20150224,223
20140815,151
20140901,130
20140703,227
20140219,117
20140620,161
20140801,228
20150919,115
20140329,190
20150401,166
20151130,442
20150530,125
20151102,122
20140401,211
20150304,48
20140114,183
20140207,166
20140919,114
20150129,122
20150827,48
20140321,53
20140617,196
20150319,128
20150808,127
20151126,67
20150716,60
20141002,104
20151220,284
20150218,70
20150518,202
20140810,117
20151007,354
20140201,199
20141020,331
20151202,478
20141229,232
20150327,212
20150412,207
20150711,140
20140216,449
20151112,223
20141214,136
20150828,50
20150324,110
20141126,347
20151026,65
20140827,120
20150225,231
20150925,146
20151216,30
20140710,134
20140516,145
20150902,43
20141006,60
20150424,111
20140715,112
20151001,44
20151006,362
20141112,64
20140821,166
20150704,59
20150718,68
20141029,171
20150627,134
20140110,96
20141209,389
20150826,43
20140513,93
20151011,56
20140307,72
20140327,385
20140306,35
20140911,117
20150527,124
20150505,80
20140107,213
20150118,183
20150616,155
20141226,185
20150205,43
20150312,104
20150715,56
20150325,170
20140822,155
20140619,171
20140718,195
20140610,100
20140310,141
20150226,89
20141111,127
20141227,280
20151109,189
20150906,49
20141017,146
20140929,97
20140817,107
20150920,136
20150706,129
20140415,262
20151013,78
20140501,157
20150915,141
20150119,115
20150504,74
20141124,204
20151009,0
20140616,180
20140724,97
20140123,290
20151203,16
20140926,162
20140517,120
20151129,344
20141115,216
20141117,142
20140721,79
20141022,117
20150114,304
20150326,174
20140411,228
20150112,132
20140628,52
20140707,237
20150321,120
20141025,405
20151221,308
20150602,135
20140314,71
20150316,266
20151027,55
20140917,75
20141222,116
20140808,138
20140509,114
20140221,341
20140417,150
20150311,82
20141108,101
20150801,88
20140109,51
20150613,46
20150529,143
20140705,241
20140529,142
20140814,113
20151127,292
20151003,57
20151018,385
20151210,328
20140322,90
20140122,174
20150629,227
20150512,79
20151015,165
20140730,151
20150123,286
20150624,245
20140625,122
20140108,134
20140903,54
20141010,404
20150810,116
20141213,64
20141125,216
20150315,175
20140409,219
20150402,75
20150204,138
20140220,271
20140505,119
20140826,75
20151021,106
20150101,59
20150128,59
20140829,102
20140604,118
20150127,134
20141109,114
20151014,159
20140120,149
20150908,87
20141023,188
20151209,334
20140831,173
20150515,57
20151101,107
20150418,199
20150817,134
20140212,187
20141122,268
20141207,104
20141028,90
20141201,178
20141114,59
20150605,110
20151114,307
20150426,145
20141014,75
20140512,70
20150425,111
20141228,312
20140506,51
20150125,162
20150901,36
20151205,74
20140601,146
20151211,133
20150625,151
20150803,121
20140419,102
20150721,169
20140702,136
20140622,91
20140223,301
20140706,239
20150122,161
20150103,229
20151207,257
20140819,124
20141127,364
20140525,130
20140921,178
20140511,72
20150714,134
20151029,22
20150928,71
20150927,78
20140324,275
20151122,85
20140119,185
20151225,500
20150603,73
20150606,92
20140325,280
20140906,165
20140811,70
20150526,142
20150328,197
20140125,170
20150531,121
20140923,127
20150207,108
20140304,278
20141007,177
20140503,105
20141001,104
20150508,84
20151228,139
20140922,122
20140420,148
20150712,167
20140406,96
20140627,159
20150220,247
20150909,82
20140311,252
20150725,131
20150507,88
20140719,153
20140331,206
20140830,175
20150916,180
20140524,106
20140222,305
20140828,105
20151224,301
20140308,203
20141009,393
20150309,157
20150619,48
20150607,50
20150703,113
20150211,199
20151231,125
20140717,173
20150421,107
20150310,53
20140326,332
20151115,328
20140813,62
20141224,119
20150831,41
20140105,222
20150306,251
20140602,85
20140807,142
20151106,147
20151208,317
20141104,166
20141215,191
20151010,62
20150522,122
20150202,214
20141211,183
20150428,113
20140908,180
20140709,106
20151030,39
20150214,335
20150131,50
20151230,401
20140731,229
20150301,0
20151227,322
20140101,105
20151031,65
20140521,150
20150521,68
20140618,133
20150111,244
20150406,79
20141128,118
20141204,58
20150212,78
20141210,401
20140514,91
20140523,180
20150519,81
20150503,86
20150413,42
20150630,144
20150824,44
20140410,294
20150203,216
20150520,51
20150923,180
20150104,254
20140102,189
20141220,60
20140611,113
20151110,196
20140816,143
20151108,75
20140130,190
20150113,237
20150411,218
20140315,139
20150509,86
20140215,470
20150912,36
20140615,157
20151023,76
20141208,82
20151111,197
20140211,144
20140531,165
20150407,48
20150708,161
20150717,48
20150120,119
20150830,49
20150729,132
20140530,184
20140802,167
20150403,55
20140414,273
20140214,318
20140912,128
20150918,217
20141216,115
20140909,111
20140124,291
20150707,117
20140508,114
20150802,124
20151012,49
20150513,110
20150731,67
20150806,122
20150821,66
20150626,155
20141106,100
20141107,73
20140925,139
20140118,200
20150427,135
20150415,174
20150719,90
20140927,167
20141123,162
20150331,221
20140824,151
20141121,462
20150804,111
20150610,108
20151028,37
20151120,106
20150608,59
20141120,424
20140128,111
20150314,127
20141113,47
20140823,155
20150724,111
20141205,54
20140918,120
20140302,187
20150416,200
20140515,126
20140914,92
20150318,262
20150201,122
20150305,146
20150307,310
20140309,204
20150914,88
20150720,108
20150620,106
20151116,264
20151016,289
20150116,427
20140319,89
20151019,82
20140224,328
20141011,358
20140809,124
20140203,90
20150730,129
20150219,251
20150528,150
20141024,314
20140117,442
20140303,273
20140301,145
20150216,355
20150430,157
20150106,122
20140408,221
20150209,168
20140612,75
20150727,150
20150604,71
20141021,262
20150621,119
20150514,116
20140227,50
20150722,153
20140812,122
20150409,221
20140605,147
20140913,90
20141015,118
20140704,271
20150524,150
20150115,394
20140806,61
20140528,109
20150702,48
20151124,40
20150922,203
