Date,AQI
20140528,114
20140826,55
20151019,125
20140509,116
20150330,195
20140301,129
20150327,137
20150224,203
20140720,109
20140325,284
20151126,95
20140319,111
20140923,133
20150502,131
20140112,390
20140823,168
20140123,376
20151107,39
20150104,419
20151127,290
20151017,333
20140807,109
20150907,61
20140430,121
20150804,113
20141108,127
20150216,317
20150725,115
20140626,194
20141007,188
20141117,135
20141210,385
20140126,157
20150324,125
20141029,180
20141218,270
20140522,133
20140117,439
20141017,166
20141119,426
20140216,500
20140901,137
20140410,284
20150408,134
20150425,135
20150428,140
20140605,139
20150521,63
20140209,80
20140508,121
20140303,232
20150208,55
20141126,349
20140911,136
20151208,319
20151206,255
20150724,131
20140803,197
20150621,98
20150821,107
20150629,205
20140310,151
20150719,132
20150605,94
20150906,57
20150126,268
20141213,104
20150116,387
20150513,102
20140502,150
20140701,145
20150303,144
20150524,156
20150118,239
20150416,219
20151031,95
20150920,111
20141208,119
20140615,229
20150701,45
20140207,133
20141020,277
20140510,96
20140307,81
20151201,500
20140201,225
20150526,117
20151207,283
20150314,127
20150721,122
20140226,500
20151110,211
20150320,189
20150708,143
20141222,134
20150529,151
20140724,86
20140531,159
20151018,349
20150714,136
20140530,167
20150710,107
20150827,59
20150601,151
20140921,196
20140113,248
20150618,95
20150528,174
20151101,183
20140809,122
20150227,54
20150718,91
20150818,129
20151016,303
20150507,80
20150711,141
20150809,129
20141124,215
20150523,130
20150412,220
20140919,103
20140411,224
20141009,355
20150826,51
20150922,184
20150910,90
20151012,52
20150426,155
20151212,316
20140202,197
20140129,226
20141109,148
20140401,241
20140929,96
20150223,87
20150422,104
20150519,76
20140905,115
20151209,397
20150626,175
20150603,75
20151204,66
20150925,156
20140309,254
20140403,163
20150912,34
20140927,196
20151230,500
20150505,110
20150220,287
20151219,247
20141016,89
20140729,160
20141221,47
20151006,358
20140108,190
20150903,49
20140825,38
20151123,71
20150407,66
20140824,167
20150123,388
20141228,478
20141115,250
20140526,119
20141224,329
20150325,188
20150310,95
20140618,109
20150124,478
20151013,75
20151030,55
20150705,113
20140802,156
20141014,85
20141026,342
20150117,123
20151103,221
20140602,74
20141207,225
20150427,162
20150221,201
20150723,104
20140904,54
20150226,120
20140725,116
20150606,75
20151226,380
20140727,157
20151116,223
20140318,162
20150212,149
20140406,88
20151203,63
20141024,334
20150113,273
20150901,57
20150329,141
20151007,304
20140402,178
20140320,86
20150509,134
20151229,466
20151218,208
20141005,71
20140119,286
20140422,179
20140302,200
20151128,363
20141001,115
20151112,234
20150604,90
20140713,56
20150704,55
20150504,75
20151217,99
20150527,147
20141013,41
20150210,324
20151120,116
20140118,351
20140304,241
20140218,127
20151225,454
20140215,500
20141028,81
20140317,181
20150306,260
20141230,353
20150205,51
20151228,227
20140804,188
20150114,403
20140109,70
20150215,409
20140710,121
20140918,88
20150731,95
20141216,169
20150610,117
20140227,120
20140610,97
20150831,57
20140917,89
20140706,223
20140529,132
20150211,315
20141130,282
20141008,347
20150204,181
20141110,209
20140423,215
20140829,211
20141202,79
20140831,165
20140624,116
20150707,125
20140718,160
20150516,86
20150302,156
20150413,47
20140507,182
20140909,78
20151011,42
20140818,120
20141030,301
20151102,210
20150531,113
20140420,142
20151223,482
20140712,62
20140730,205
20150501,215
20141127,377
20150706,96
20150406,118
20140726,131
20150812,136
20140413,212
20151211,222
20150803,139
20150120,168
20140330,123
20150121,190
20150317,356
20140707,211
20150209,214
20151001,54
20140203,94
20140322,97
20151122,84
20150203,314
20140331,236
20140417,151
20150817,119
20150119,187
20140105,256
20150802,126
20150411,244
20150709,139
20141002,114
20140306,62
20140611,107
20140103,234
20140206,142
20141116,252
20141121,500
20150914,104
20141225,112
20140205,109
20150311,122
20150616,140
20140620,155
20140408,217
20150328,148
20140513,135
20140822,184
20141227,494
20140219,126
20140617,190
20150726,149
20140928,87
20150815,90
20150409,197
20140110,202
20141112,128
20140922,127
20151005,312
20140813,71
20141120,500
20150424,129
20141022,132
20150109,362
20150813,167
20150620,73
20150321,151
20140717,143
20140515,108
20151221,500
20140130,306
20140708,234
20150201,267
20140827,89
20140405,105
20150820,129
20140604,131
20150814,162
20151214,395
20150522,70
20150122,230
20140523,123
20141203,113
20150730,157
20151222,498
20140516,128
20150405,225
20140503,118
20150602,150
20140101,146
20150625,166
20141113,63
20151020,137
20150619,51
20150305,150
20150829,80
20151106,157
20140315,141
20140806,71
20141103,58
20140501,159
20141114,103
20141125,222
20140519,139
20151205,129
20140622,88
20140704,268
20150108,271
20140920,173
20140930,66
20140916,83
20140217,417
20140812,73
20150414,96
20150810,148
20150307,259
20141101,281
20150525,137
20140630,123
20140327,312
20150823,62
20140128,137
20150419,178
20150128,123
20141204,73
20141012,202
20140104,187
20141219,308
20140705,222
20140214,327
20140910,101
20140313,65
20150404,123
20150510,62
20150222,79
20140512,79
20150225,247
20150811,146
20151121,101
20151029,52
20150313,154
20140616,224
20150506,96
20140711,71
20140211,197
20150902,34
20150816,134
20150716,102
20150309,225
20140603,115
20150712,183
20140505,66
20140324,261
20140820,112
20140220,237
20140914,101
20150613,38
20150103,241
20140321,70
20150807,123
20150403,81
20141006,61
20140629,114
20151125,124
20140607,77
20140728,159
20140912,148
20140305,92
20140521,152
20150312,124
20151025,87
20150715,95
20151210,426
20140115,371
20140328,231
20150530,125
20151014,223
20140102,218
20150202,331
20140627,162
20140524,102
20151010,58
20140120,193
20140814,56
20141128,176
20150722,113
20141004,24
20140329,221
20151111,223
20150102,132
20151113,265
20140107,266
20150929,92
20150825,50
20150608,54
20151003,68
20150909,109
20150916,171
20140623,84
20151002,61
20140908,185
20150107,178
20140709,130
20140703,238
20140506,133
20141118,212
20150518,137
20150609,108
20151015,253
20150919,123
20140114,348
20150402,86
20150921,130
20150703,70
20141102,112
20151227,230
20150131,59
20141025,356
20150430,197
20140326,306
20150401,138
20150805,108
20140731,203
20150713,173
20140815,73
20141212,60
20141104,195
20150111,328
20150801,127
20140913,82
20150301,0
20151231,271
20140221,325
20150511,66
20151213,439
20140907,202
20150101,83
20141015,122
20151021,120
20140805,65
20151024,96
20150720,137
20151026,70
20141217,157
20141129,274
20151202,338
20150503,112
20140504,118
20141019,354
20151023,73
20140926,175
20150917,187
20150905,75
20150614,67
20140609,112
20141226,325
20150207,219
20140106,216
20140131,218
20150911,39
20150628,187
20151104,270
20140213,258
20140821,194
20150308,278
20141010,316
20140415,227
20141106,161
20151022,77
20140810,110
20140518,149
20150624,213
20150105,411
20150918,198
20140527,117
20150512,49
20140903,51
20140228,95
20150927,97
20140621,109
20140404,101
20150615,133
20141011,312
20141111,246
20150318,256
20150206,209
20140222,383
20150729,169
20140613,105
20141031,322
20150612,43
20150908,101
20151119,116
20140208,119
20150517,134
20140323,219
20151109,173
20150415,185
20140702,141
20140619,168
20151004,132
20140606,104
20141214,283
20140116,476
20140418,252
20140801,196
20150217,193
20150218,124
20140122,240
20141123,192
20150130,96
20151008,232
20140416,108
20140811,78
20150514,112
20140625,127
20141105,267
20151105,312
20140225,476
20150926,84
20150728,86
20140223,358
20141003,167
20141229,371
20150420,96
20141209,386
20140414,252
20151129,353
20140511,69
20140517,106
20140520,145
20150508,134
20150213,213
20141018,298
20151009,60
20141231,0
20140429,112
20151117,124
20140817,189
20140312,291
20150928,100
20140819,118
20150110,328
20140125,318
20150819,110
20140924,89
20150125,293
20140314,88
20150924,161
20151216,35
20141220,122
20150930,69
20140316,172
20150828,94
20151027,62
20140311,322
20140828,213
20150630,113
20150913,52
20140212,258
20140210,45
20140224,329
20140925,103
20151118,119
20150622,142
20141223,340
20140409,208
20151114,278
20150112,128
20150607,70
20151130,500
20150923,172
20150808,114
20151115,295
20140714,164
20140612,89
20140308,217
20141027,70
20140906,153
20150106,143
20140716,124
20151124,91
20151108,98
20140121,70
20151028,56
20150515,67
20150331,207
20140514,137
20150304,59
20140628,48
20140111,385
20150421,127
20150717,82
20150319,182
20140419,102
20151224,478
20140816,171
20141107,78
20140614,141
20140608,121
20140915,78
20141021,199
20150702,44
20150316,268
20150214,399
20141211,172
20150219,305
20140127,155
20150326,164
20150822,55
20140412,134
20140124,411
20150410,221
20150115,389
20150429,154
20150904,77
20150423,129
20150617,137
20140421,127
20150127,202
20140601,157
20140723,56
20150830,56
20150627,170
20150727,112
20151220,399
20140902,134
20150418,203
20150315,204
20140715,109
20140204,43
20141215,319
20151215,284
20150323,99
20150623,225
20150824,46
20150417,122
20140808,93
20141205,81
20141201,218
20150611,121
20140721,88
20141023,184
20140830,164
20141206,239
20150322,92
20140722,54
20150129,155
20150806,110
20140525,148
20141122,500
20150915,163
20150520,60
20140719,147
