date,CO,O3,SO2,NO2,PM10,PM2.5
20140101,0.0,0.0,0.0,0.0,98.8,27.7
20140102,0.0,0.0,0.0,0.0,69.9,41.0
20140103,0.0,0.0,0.0,0.0,97.4,28.1
20140104,0.0,0.0,0.0,0.0,102.4,85.1
20140105,0.0,0.0,0.0,0.0,45.9,33.6
20140106,0.0,0.0,0.0,0.0,132.8,129.3
20140107,0.0,0.0,0.0,0.0,75.9,62.2
20140108,0.0,0.0,0.0,0.0,24.5,17.5
20140109,0.0,0.0,0.0,0.0,34.7,18.0
20140110,0.0,0.0,0.0,0.0,52.5,34.0
20140111,0.0,0.0,0.0,0.0,63.2,38.8
20140112,0.0,0.0,0.0,0.0,31.2,13.9
20140113,0.0,0.0,0.0,0.0,45.9,35.0
20140114,0.0,0.0,0.0,0.0,26.1,17.5
20140115,0.0,0.0,0.0,0.0,66.0,53.4
20140116,0.0,0.0,0.0,0.0,159.4,132.0
20140117,0.0,0.0,0.0,0.0,140.1,115.1
20140118,0.0,0.0,0.0,0.0,53.7,44.1
20140119,0.0,0.0,0.0,0.0,163.2,75.0
20140120,0.0,0.0,0.0,0.0,48.0,7.5
20140121,0.0,0.0,0.0,0.0,27.8,23.6
20140122,0.0,0.0,0.0,0.0,92.3,81.0
20140123,0.0,0.0,0.0,0.0,197.5,159.4
20140124,0.0,0.0,0.0,0.0,91.6,69.7
20140125,0.0,0.0,0.0,0.0,20.1,13.6
20140126,0.0,0.0,0.0,0.0,61.5,57.5
20140127,0.0,0.0,0.0,0.0,96.7,70.4
20140128,0.0,0.0,0.0,0.0,65.2,36.2
20140129,0.0,0.0,0.0,0.0,127.0,103.5
20140130,0.0,0.0,0.0,0.0,58.7,36.2
20140131,0.0,0.0,0.0,0.0,147.2,125.8
20140201,0.0,0.0,0.0,0.0,136.7,136.1
20140202,0.0,0.0,0.0,0.0,137.2,69.8
20140203,0.0,0.0,0.0,0.0,32.0,5.8
20140204,0.0,0.0,0.0,0.0,20.8,10.5
20140205,0.0,0.0,0.0,0.0,82.9,73.5
20140206,0.0,0.0,0.0,0.0,87.4,94.4
20140207,0.0,0.0,0.0,0.0,78.4,98.7
20140208,0.0,0.0,0.0,0.0,30.0,35.4
20140209,0.0,0.0,0.0,0.0,18.0,12.6
20140210,0.0,0.0,0.0,0.0,17.8,19.1
20140211,0.0,0.0,0.0,0.0,68.7,67.7
20140212,0.0,0.0,0.0,0.0,54.2,47.0
20140213,0.0,0.0,0.0,0.0,161.5,176.5
20140214,0.0,0.0,0.0,0.0,191.6,214.8
20140215,0.0,0.0,0.0,0.0,269.2,301.0
20140216,0.0,0.0,0.0,0.0,160.6,185.6
20140217,0.0,0.0,0.0,0.0,88.8,107.8
20140218,0.0,0.0,0.0,0.0,65.3,69.2
20140219,0.0,0.0,0.0,0.0,21.3,16.2
20140220,0.0,0.0,0.0,0.0,136.4,127.2
20140221,0.0,0.0,0.0,0.0,262.0,219.0
20140222,0.0,0.0,0.0,0.0,257.7,219.8
20140223,0.0,0.0,0.0,0.0,225.8,199.9
20140224,0.0,0.0,0.0,0.0,223.8,199.7
20140225,0.0,0.0,0.0,0.0,330.1,313.3
20140226,0.0,0.0,0.0,0.0,196.3,225.2
20140227,0.0,0.0,0.0,0.0,5.0,17.3
20140228,0.0,0.0,0.0,0.0,60.0,69.9
20140301,0.0,0.0,0.0,0.0,30.9,30.6
20140302,0.0,0.0,0.0,0.0,32.7,18.4
20140303,0.0,0.0,0.0,0.0,196.2,189.7
20140304,0.0,0.0,0.0,0.0,29.8,25.7
20140305,0.0,0.0,0.0,0.0,14.6,7.3
20140306,0.0,0.0,0.0,0.0,24.3,14.1
20140307,0.0,0.0,0.0,0.0,38.0,22.7
20140308,0.0,0.0,0.0,0.0,64.0,41.2
20140309,0.0,0.0,0.0,0.0,77.4,62.0
20140310,0.0,0.0,0.0,0.0,102.6,78.5
20140311,0.0,0.0,0.0,0.0,123.3,103.2
20140312,0.0,0.0,0.0,0.0,21.8,10.6
20140313,0.0,0.0,0.0,0.0,87.8,18.7
20140314,0.0,0.0,0.0,0.0,59.2,15.9
20140315,0.0,0.0,0.0,0.0,97.2,51.9
20140316,0.0,0.0,0.0,0.0,160.1,99.5
20140317,0.0,0.0,0.0,0.0,296.6,72.9
20140318,0.0,0.0,0.0,0.0,90.7,31.8
20140319,0.0,0.0,0.0,0.0,61.7,31.9
20140320,0.0,0.0,0.0,0.0,28.4,11.0
20140321,0.0,0.0,0.0,0.0,30.0,17.0
20140322,0.0,0.0,0.0,0.0,56.9,28.0
20140323,0.0,0.0,0.0,0.0,149.5,107.2
20140324,0.0,0.0,0.0,0.0,180.4,162.5
20140325,0.0,0.0,0.0,0.0,135.8,120.9
20140326,0.0,0.0,0.0,0.0,219.5,204.4
20140327,0.0,0.0,0.0,0.0,250.4,241.6
20140328,0.0,0.0,0.0,0.0,118.1,95.6
20140329,0.0,0.0,0.0,0.0,46.9,20.9
20140330,0.0,0.0,0.0,0.0,39.0,21.7
20140331,0.0,0.0,0.0,0.0,70.1,45.3
20140401,0.0,0.0,0.0,0.0,54.6,44.0
20140402,1.3,94.0,19.3,61.6,98.7,58.5
20140403,1.0,75.9,5.9,30.9,48.5,12.2
20140404,1.0,85.1,11.0,24.6,62.8,13.5
20140405,1.0,68.9,5.9,44.1,40.3,11.3
20140406,0.7,49.6,16.6,30.7,26.1,12.3
20140408,1.1,76.5,19.8,52.3,120.8,102.7
20140409,1.4,80.5,21.2,54.2,222.9,86.6
20140410,1.4,38.6,18.7,73.3,337.2,61.9
20140411,1.2,37.9,10.3,84.5,101.1,45.2
20140412,1.3,77.7,12.6,76.1,94.2,74.8
20140413,2.0,88.6,21.2,104.5,151.9,114.9
20140414,2.1,118.3,21.9,90.2,211.0,166.3
20140415,2.0,36.5,14.7,138.0,228.3,144.2
20140416,1.0,38.6,12.1,95.2,83.3,42.6
20140417,1.7,45.0,8.5,81.0,84.5,75.3
20140418,1.9,28.8,7.9,67.5,85.8,93.1
20140419,1.0,49.1,7.3,82.8,48.0,50.4
20140420,1.0,37.6,10.7,54.6,30.1,46.0
20140421,0.0,0.0,0.0,0.0,0.0,0.0
20140422,0.9,68.4,10.7,56.5,46.9,42.2
20140423,1.0,85.2,13.7,41.7,87.7,74.7
20140429,0.7,130.0,9.6,69.1,0.0,0.0
20140430,1.0,157.0,16.9,63.3,147.7,104.9
20140501,0.9,92.6,14.5,64.9,191.5,120.0
20140502,0.4,73.3,5.7,32.9,47.8,25.1
20140503,0.3,75.0,3.1,31.6,114.7,22.6
20140504,0.3,72.2,5.5,29.4,46.8,19.7
20140505,0.5,64.6,4.8,51.3,36.0,14.1
20140506,1.2,67.1,20.1,82.5,96.0,67.7
20140507,0.7,69.5,11.0,47.9,91.2,47.9
20140508,0.7,110.8,10.6,47.1,0,55.2
20140509,1.3,69.6,30.8,87.2,96.2,58.0
20140510,1.0,61.8,22.1,82.7,72.4,47.3
20140511,0.7,90.1,4.8,35.2,49.1,19.3
20140512,0.5,84.3,13.0,44.1,42.5,16.3
20140513,0.4,83.6,8.6,44.6,82.0,24.0
20140514,0.3,64.6,8.3,39.4,66.6,16.6
20140515,0.5,66.5,13.2,56.2,199.0,62.9
20140516,0.4,70.1,6.3,70.1,66.7,32.4
20140517,0.9,101.4,17.5,76.7,105.3,51.7
20140518,0.8,129.3,18.4,50.2,38.0,63.2
20140519,0.8,123.1,6.4,72.8,0,93.9
20140520,0.6,84.7,11.3,71.4,0,43.4
20140521,1.5,140.5,17.3,76.2,154.3,114.1
20140522,1.3,153.5,15.7,67.3,170.8,138.9
20140523,0.7,137.2,11.1,51.8,105.3,58.3
20140524,0.9,73.6,2.9,52.5,112.5,66.1
20140525,0.4,76.9,3.0,29.8,0,61.8
20140526,0.3,80.4,16.2,45.8,62.9,19.2
20140527,0.3,97.5,7.0,29.6,175.2,34.9
20140528,0.4,107.7,18.0,79.3,55.2,19.5
20140529,0.1,103.5,2.1,42.2,0,22.5
20140530,1.1,219.7,34.8,65.7,0,77.6
20140531,1.5,158.8,32.1,104.5,179.3,95.6
20140601,0.7,118.1,2.1,39.0,0,40.2
20140602,0.6,98.9,2.0,39.4,0,18.7
20140603,0.6,107.4,11.1,62.6,86.2,31.0
20140604,0.9,128.2,11.0,51.8,66.6,50.6
20140605,0.8,137.1,18.5,42.3,63.3,56.9
20140606,0.6,50.8,7.3,50.6,0,29.1
20140607,0.4,62.3,6.5,42.7,0,9.8
20140608,0.4,68.3,6.4,42.4,22.3,9.8
20140609,0.4,44.7,13.0,58.3,29.1,15.7
20140610,0.7,47.9,5.8,56.1,31.2,41.7
20140611,0.7,58.5,2.3,43.2,10.2,27.3
20140612,0.5,61.9,13.2,39.9,15.3,19.1
20140613,0.8,120.8,7.1,48.2,49.6,48.5
20140614,0.7,115.4,2.1,45.8,0,27.6
20140615,1.0,118.8,7.3,63.1,0,89.2
20140616,0.8,119.5,5.1,45.5,0,76.2
20140617,0.9,106.2,2.1,48.1,0,75.2
20140618,0.7,62.7,9.7,58.5,0,45.5
20140619,0.9,101.3,12.9,50.8,0,79.3
20140620,0.8,86.0,2.4,45.4,0,28.0
20140621,1.0,67.7,3.8,53.0,0,75.9
20140622,0.5,59.9,2.3,33.9,0,19.4
20140623,0.5,76.2,3.2,33.7,0,21.8
20140624,0.6,160.1,3.3,41.6,61.6,39.3
20140625,1.0,71.4,6.0,64.6,80.3,79.3
20140626,0.9,80.4,11.6,29.0,0,68.5
20140627,0.4,62.3,7.1,38.1,0,12.0
20140628,0.5,63.0,19.7,48.8,34.3,18.6
20140629,0.7,147.7,7.7,38.6,38.9,33.7
20140630,1.0,160.5,7.5,49.6,93.1,53.4
20140701,1.0,154.0,11.0,40.3,130.9,87.5
20140702,0.9,89.5,1.9,48.0,0,54.1
20140703,1.2,72.3,1.9,52.2,0,127.1
20140704,1.0,87.1,2.2,45.9,0,108.0
20140705,1.2,101.6,2.5,54.6,0,135.2
20140706,1.2,110.7,4.5,63.8,0,171.1
20140707,1.4,90.6,4.7,54.9,0,197.0
20140708,0.7,66.9,7.2,45.0,0,90.7
20140709,0.5,29.7,23.2,50.5,37.8,24.6
20140710,0.5,83.9,12.4,36.5,52.0,23.7
20140711,0.5,59.2,13.5,39.8,31.6,18.7
20140712,0.4,79.4,3.3,29.9,17.1,11.7
20140713,0.4,58.3,7.8,38.7,32.8,13.9
20140714,0.5,80.4,10.5,50.9,45.9,22.0
20140715,0.6,105.9,7.2,54.0,87.8,44.8
20140716,0.7,110.4,2.9,38.0,0,66.2
20140717,1.4,86.5,2.4,52.1,0,128.3
20140718,1.7,118.1,3.7,63.6,0,169.3
20140719,1.1,119.0,2.2,49.4,0,121.3
20140720,0.9,102.3,3.1,45.8,0,83.4
20140721,0.6,57.0,8.2,43.2,0,32.8
20140722,0.6,43.3,17.5,23.6,0,20.4
20140723,0.5,76.1,11.4,14.0,0,23.4
20140724,0.7,84.6,14.2,33.9,0,42.4
20140725,0.7,87.4,3.4,53.8,0.0,55.9
20140726,1.2,182.6,8.7,52.9,0,73.8
20140727,1.2,169.0,13.1,66.1,128.5,107.3
20140728,1.1,151.5,7.8,64.9,141.3,131.5
20140729,0.2,11.6,0.6,19.4,0.0,21.5
20140730,1.0,108.4,2.0,35.8,0.0,89.9
20140731,1.7,115.7,2.1,53.4,0,197.2
20140801,1.4,104.2,2.2,59.8,0,187.5
20140802,1.2,126.8,2.0,57.1,0,125.6
20140803,1.0,106.9,2.1,36.0,0,73.0
20140804,0.6,41.0,14.0,37.9,18.9,9.5
20140805,0.7,64.3,24.7,42.1,0,34.3
20140806,0.6,63.1,12.0,38.8,13.4,19.4
20140807,0.8,120.5,5.8,42.7,49.6,30.9
20140808,1.1,125.3,5.4,55.1,75.8,61.7
20140809,1.0,124.1,8.9,56.1,96.5,75.8
20140810,0.6,70.3,9.2,37.3,7.5,19.2
20140811,0.5,52.8,12.7,49.3,33.0,15.6
20140812,0.5,98.0,2.3,31.4,30.9,14.3
20140813,0.5,37.7,3.4,36.7,0.0,15.1
20140814,0.7,68.5,9.8,36.9,0,16.8
20140815,0.7,69.1,9.9,50.7,40.6,21.2
20140816,0.8,96.1,12.8,53.4,57.4,30.8
20140817,0.9,119.1,2.8,62.7,94.2,68.1
20140818,0.9,123.4,10.8,49.0,0,55.9
20140819,0.8,108.6,3.3,64.8,0.0,69.0
20140820,1.2,146.7,15.9,63.1,154.5,99.9
20140821,1.3,140.8,10.5,59.5,139.5,123.6
20140822,0.6,80.2,4.7,48.0,0,28.9
20140823,0.8,87.0,17.0,40.1,0,54.2
20140824,0.5,57.4,16.3,36.6,31.8,11.7
20140825,0.4,50.4,16.1,44.8,25.9,10.8
20140826,0.5,69.2,19.4,34.9,33.2,14.6
20140827,0.5,122.2,9.3,39.9,60.1,31.8
20140828,0.8,93.6,5.5,47.4,68.5,60.1
20140829,0.9,84.8,3.1,57.3,0,60.4
20140830,1.5,48.2,4.9,59.6,0,135.1
20140831,0.8,100.7,5.7,30.7,0,37.3
20140901,1.3,67.0,3.1,47.4,0,76.5
20140902,0.6,52.7,1.9,28.1,0,14.4
20140903,0.6,47.9,14.0,35.0,0,16.1
20140904,0.4,97.5,18.3,29.1,42.2,16.7
20140905,0.8,140.1,8.3,39.4,88.6,66.4
20140906,1.3,106.0,12.2,61.8,0,145.6
20140907,1.0,77.3,7.0,58.7,0,117.7
20140908,0.4,54.9,14.2,34.5,0,11.1
20140909,0.5,83.1,6.2,42.5,79.6,24.1
20140910,0.9,101.6,8.6,61.7,86.6,67.2
20140911,1.2,61.6,13.5,71.6,89.7,78.1
20140912,0.9,34.7,2.9,62.2,0,64.4
20140913,0.8,64.0,7.6,63.5,0,75.8
20140914,0.5,38.4,16.4,42.5,0,26.0
20140915,0.4,33.1,20.1,41.3,0,17.5
20140916,0.4,19.3,6.9,59.5,0,22.4
20140917,0.8,25.0,7.7,77.6,94.2,78.0
20140918,0.5,65.3,3.9,49.5,0,50.2
20140919,0.7,80.7,5.3,62.3,135.8,72.9
20140920,1.0,80.2,13.8,59.6,0,91.9
20140921,1.7,43.8,12.6,72.8,0,124.6
20140922,1.4,20.3,8.9,52.4,0,94.9
20140923,0.8,28.2,14.1,36.9,0,32.5
20140924,0.6,26.0,7.1,43.3,0,27.0
20140925,0.9,35.3,3.5,42.0,0,79.7
20140926,1.2,21.5,5.5,54.0,0,88.3
20140927,0.5,34.1,17.4,43.9,0,19.2
20140928,1.0,17.7,8.5,79.8,80.8,66.7
20140929,0.7,33.6,6.4,31.0,0,45.9
20140930,0.6,12.2,6.2,50.3,42.2,23.7
20141001,0.8,4.2,5.3,51.3,56.6,46.9
20141002,0.9,19.8,26.7,36.8,0,38.5
20141003,1.1,19.6,6.4,46.3,0,71.7
20141004,1.1,34.0,3.7,48.1,0,48.1
20141005,0.4,45.1,8.4,32.8,0,10.7
20141006,0.4,35.1,4.9,47.5,57.9,20.8
20141007,0.8,41.1,8.5,66.7,67.6,86.5
20141008,1.5,52.5,18.6,78.0,0,260.2
20141009,2.2,46.7,11.2,85.5,0.0,0.0
20141010,1.6,47.4,15.5,69.3,0.0,247.2
20141011,1.8,79.9,21.7,43.0,0,216.8
20141012,0.3,43.5,4.3,25.0,0,0
20141013,0.5,28.0,20.6,39.3,28.9,16.9
20141014,0.5,30.1,22.1,60.1,56.7,31.7
20141015,0.4,52.2,12.7,30.4,70.1,23.2
20141016,0.4,33.9,17.4,49.5,41.3,19.8
20141017,0.6,36.0,17.8,57.9,87.3,44.6
20141018,1.0,43.0,33.7,79.5,118.1,77.8
20141019,2.4,23.3,27.3,130.1,295.4,317.8
20141020,1.8,58.3,23.6,72.3,0,273.9
20141021,1.0,10.2,17.1,68.0,0.0,54.8
20141022,1.3,11.9,12.3,82.8,114.6,82.3
20141023,1.2,17.6,8.0,76.6,132.9,153.8
20141024,1.6,38.7,16.5,85.0,0,207.8
20141025,1.9,26.5,19.6,97.4,0,251.6
20141026,0.5,39.6,17.1,40.9,0,22.1
20141027,0.5,36.4,9.5,47.2,0,26.8
20141028,0.9,11.9,12.2,79.6,88.2,69.7
20141029,0.9,19.6,17.7,82.4,96.6,103.1
20141030,1.5,14.8,27.7,92.3,0,151.8
20141031,1.7,17.4,28.4,88.4,0,150.6
20141101,0.5,38.2,16.3,32.8,31.5,15.8
20141102,0.2,51.3,11.0,22.0,19.4,7.9
20141103,0.4,52.3,22.9,19.2,32.3,18.5
20141104,0.8,41.3,23.7,43.8,86.3,68.1
20141105,0.6,51.6,20.6,27.2,47.4,34.2
20141106,0.4,47.8,23.6,22.7,20.0,12.0
20141107,1.0,21.2,16.5,38.0,56.0,38.3
20141108,1.0,33.4,32.4,30.3,54.5,45.6
20141109,0.6,43.2,32.2,28.5,42.9,32.7
20141110,0.7,41.8,39.5,32.6,67.5,53.1
20141111,0.3,56.1,12.7,12.7,72.9,23.8
20141112,0.1,71.4,4.6,5.4,56.6,7.1
20141113,0.4,48.6,22.5,19.9,30.0,15.7
20141114,0.8,23.3,40.5,33.5,42.6,24.2
20141115,0.9,7.7,27.3,65.2,82.9,63.2
20141116,0.5,41.3,20.2,28.0,37.6,20.6
20141117,0.5,42.1,32.2,25.8,32.0,21.2
20141118,1.1,11.9,57.0,65.0,81.7,56.4
20141119,1.8,6.0,45.9,106.2,175.9,170.1
20141120,1.6,22.2,39.9,81.3,120.5,172.4
20141121,0.7,26.4,43.8,46.7,69.8,33.3
20141122,0.7,16.1,33.1,54.2,58.5,38.3
20141123,1.3,13.9,55.4,73.0,120.8,99.1
20141124,0.7,20.4,39.8,51.2,47.8,33.1
20141125,1.7,8.3,24.7,91.6,136.0,121.3
20141126,2.3,11.4,43.4,89.2,235.3,206.1
20141127,0.4,42.7,11.1,26.6,58.3,20.2
20141128,0.9,14.2,34.8,57.2,113.4,60.7
20141129,1.8,3.3,15.7,84.1,203.2,179.9
20141130,0.8,48.0,31.5,24.7,289.5,52.4
20141201,0.2,41.2,6.8,15.3,94.1,13.1
20141202,0.2,23.8,27.4,31.0,34.1,17.4
20141203,0.2,53.0,9.0,10.8,58.5,10.0
20141204,0.3,62.5,9.5,9.1,42.3,8.3
20141205,0.3,50.7,18.0,20.2,33.0,10.1
20141206,0.7,19.3,48.5,51.1,50.9,34.1
20141207,1.0,31.0,25.5,42.6,71.3,52.1
20141208,1.0,30.8,47.4,40.2,64.8,49.2
20141209,2.1,6.7,52.1,90.7,154.8,157.8
20141210,0.9,41.0,31.9,32.5,173.3,78.7
20141211,0.4,48.3,28.2,19.7,42.4,14.4
20141212,0.2,55.6,7.3,9.1,49.5,8.5
20141213,0.4,34.3,26.2,25.9,44.4,17.7
20141214,0.9,23.4,56.5,47.9,69.1,43.2
20141215,0.6,42.7,20.6,28.2,76.5,27.4
20141216,0.4,57.6,8.1,5.6,36.6,7.9
20141217,0.6,41.4,26.8,33.9,59.7,26.9
20141218,2.2,7.7,67.7,78.4,123.5,97.9
20141219,0.3,58.2,12.7,13.1,43.9,14.5
20141220,0.5,41.9,27.5,17.0,22.8,12.0
20141221,0.4,41.7,28.5,18.9,62.6,13.5
20141222,0.5,43.5,41.4,28.5,55.2,20.8
20141223,1.1,18.5,90.3,47.0,86.9,56.7
20141224,0.4,45.8,48.5,21.7,42.8,15.2
20141225,0.5,44.8,51.8,28.1,31.3,21.0
20141226,1.4,9.6,38.1,72.4,85.7,81.5
20141227,1.5,21.9,86.9,63.1,115.8,106.2
20141228,1.9,56.4,58.5,26.1,117.4,37.0
20141229,0.9,46.8,38.7,28.6,95.1,29.9
20141230,0.7,25.2,80.9,36.4,67.9,36.0
20141231,0.3,49.9,9.6,10.1,0.0,0.0
20150101,0.5,37.9,35.8,26.8,60.8,19.8
20150102,0.6,40.4,38.9,35.0,79.8,36.5
20150103,1.3,26.1,78.4,53.8,120.5,88.4
20150104,1.7,22.2,111.8,65.5,124.3,89.3
20150105,2.1,35.9,64.5,59.8,150.8,93.3
20150106,0.4,46.1,33.4,21.2,38.4,17.1
20150107,0.8,21.6,63.6,44.3,44.3,30.7
20150108,1.1,22.3,67.3,51.4,98.8,59.5
20150109,0.4,48.1,38.3,23.7,46.9,19.8
20150110,0.4,53.5,29.4,26.4,75.1,22.1
20150111,0.7,30.1,43.1,40.2,46.8,33.4
20150112,1.9,7.0,31.3,82.6,123.2,137.3
20150113,1.6,10.0,37.0,84.1,0,115.5
20150114,2.3,5.3,47.4,94.3,175.7,193.6
20150115,1.6,17.0,80.3,52.4,0,112.8
20150116,0.4,53.4,10.1,17.5,76.0,20.2
20150117,0.9,33.8,45.7,35.0,50.2,35.2
20150118,0.7,46.0,33.4,26.9,69.7,42.4
20150119,0.7,38.5,21.1,39.2,68.1,30.7
20150120,1.5,16.6,75.0,65.0,116.7,83.0
20150121,0.6,45.2,39.4,27.5,33.0,20.5
20150122,1.2,11.8,69.0,67.3,75.5,62.3
20150123,1.4,18.1,79.8,64.1,106.5,84.5
20150124,0.9,20.4,19.7,56.7,89.0,58.8
20150125,1.3,19.5,34.1,52.3,0,112.2
20150126,0.8,39.7,41.3,29.3,39.0,63.7
20150127,0.5,52.9,21.8,12.2,26.2,12.0
20150128,0.8,21.4,36.4,43.7,37.5,34.5
20150129,0.8,34.7,29.3,36.2,57.7,33.1
20150130,0.4,48.6,28.7,18.7,30.1,12.2
20150131,0.5,43.2,35.4,25.1,25.3,17.9
20150201,0.9,12.0,44.8,57.6,52.7,47.7
20150202,1.7,7.6,48.7,88.8,117.0,123.3
20150203,1.1,38.7,55.0,47.3,61.6,90.8
20150204,0.4,69.3,15.6,11.6,39.0,9.9
20150205,0.4,61.4,30.0,18.8,27.5,14.3
20150206,0.5,50.3,45.8,26.4,40.6,31.5
20150207,0.4,62.2,24.4,17.1,27.4,14.0
20150208,0.5,43.5,23.3,32.1,25.2,17.0
20150209,0.8,33.3,62.8,40.7,65.4,43.5
20150210,0.5,62.4,37.0,26.9,62.5,35.3
20150211,0.6,61.9,41.3,19.9,61.7,20.9
20150212,0.8,50.9,39.0,36.7,37.3,25.5
20150213,1.0,35.7,43.5,61.0,71.5,66.4
20150214,1.5,38.6,71.3,84.5,138.9,143.3
20150215,2.9,49.4,70.8,82.4,327.9,275.9
20150216,0.6,74.0,21.1,21.5,104.3,43.1
20150217,0.2,12.3,15.3,6.2,21.6,8.5
20150218,0.4,44.9,30.9,16.5,29.4,22.0
20150219,0.8,19.1,42.0,34.2,223.3,191.2
20150220,0.8,3.2,8.2,35.1,0,110.1
20150221,0.4,24.4,11.9,22.6,661.1,97.0
20150222,0.1,61.1,8.4,4.0,424.8,57.0
20150223,0.2,34.7,23.7,20.0,93.6,36.4
20150224,0.9,19.6,25.5,44.9,168.6,110.4
20150225,0.4,54.2,11.0,18.9,68.2,35.0
20150226,0.2,76.7,16.7,12.5,35.6,14.7
20150227,0.0,18.5,2.8,6.0,4.4,3.2
20150301,0.0,4.6,0.9,2.2,2.1,0.7
20150302,0.2,70.7,14.4,18.9,56.3,23.1
20150303,0.1,72.0,2.6,6.6,49.3,7.9
20150304,0.4,48.1,25.7,30.6,34.8,19.2
20150305,0.6,49.3,29.1,41.7,86.3,63.6
20150306,1.2,43.5,52.0,72.9,181.9,145.9
20150307,1.4,57.6,41.7,72.4,206.9,166.9
20150308,0.7,59.0,13.3,37.3,90.2,93.9
20150309,0.1,86.9,4.9,10.0,32.6,7.3
20150310,0.2,70.7,20.0,27.4,20.4,11.4
20150311,0.2,36.2,31.5,22.7,27.8,12.9
20150312,0.6,17.4,25.0,47.4,48.5,36.6
20150313,0.2,9.3,18.4,44.8,48.8,23.0
20150314,0.9,3.9,17.3,64.6,105.6,85.3
20150315,0.3,14.8,12.1,54.3,196.9,52.0
20150316,0.7,10.2,24.1,87.0,220.7,189.1
20150317,1.0,60.8,20.9,51.9,264.7,90.4
20150318,0.6,48.5,12.9,58.4,117.8,50.7
20150319,0.6,55.8,19.0,45.6,181.1,50.5
20150320,0.4,72.6,14.2,28.0,184.3,31.6
20150321,0.3,67.6,12.3,27.2,143.7,22.0
20150322,0.3,71.7,8.7,27.4,85.4,17.8
20150323,0.5,66.5,20.8,25.9,30.5,12.3
20150324,1.2,48.2,32.5,64.5,88.8,55.2
20150325,1.5,64.0,35.2,80.3,159.1,134.2
20150326,0.9,91.0,16.0,46.1,140.1,107.7
20150327,0.8,90.3,17.5,47.0,144.3,98.1
20150328,0.5,79.5,8.9,32.8,359.1,68.1
20150329,0.6,74.3,14.2,46.5,267.9,85.7
20150330,1.2,65.3,22.1,73.1,334.3,150.8
20150331,1.6,35.9,14.5,92.8,251.2,166.5
20150401,0.6,34.6,2.3,51.5,73.6,61.4
20150402,0.7,52.9,4.7,39.0,24.5,29.4
20150403,0.5,99.3,4.2,28.3,25.6,29.5
20150404,0.6,61.2,3.5,45.8,48.8,45.5
20150405,0.4,75.6,4.0,23.5,86.5,30.5
20150406,0.3,88.3,2.8,14.2,23.3,16.1
20150407,0.3,73.5,4.9,28.7,23.7,13.5
20150408,0.6,73.4,7.4,40.9,77.4,68.9
20150409,0.9,62.5,8.9,58.0,136.8,137.3
20150410,0.5,83.3,10.1,37.6,70.2,59.2
20150411,0.8,102.3,9.2,32.1,48.7,67.4
20150412,0.3,84.4,3.7,16.0,50.1,12.1
20150413,0.4,104.9,5.9,25.5,29.2,20.5
20150414,0.5,97.1,18.8,36.0,61.5,30.8
20150415,0.5,81.2,12.8,38.3,257.4,62.8
20150416,0.2,83.7,2.9,22.2,110.3,13.5
20150417,0.4,72.4,10.9,45.5,81.0,26.1
20150418,0.8,69.5,17.4,64.6,168.2,79.2
20150419,0.4,79.3,6.1,27.4,68.4,33.1
20150420,0.4,72.8,8.2,40.3,50.4,24.6
20150421,0.3,88.0,6.2,25.6,119.9,28.3
20150422,0.4,86.7,9.1,34.3,59.1,24.0
20150423,0.3,90.2,7.6,28.6,81.3,61.3
20150424,0.4,83.0,11.0,39.0,70.2,27.9
20150425,0.5,80.2,17.1,51.0,69.6,28.8
20150426,0.7,126.7,23.4,60.4,112.0,60.7
20150427,0.7,88.0,14.7,62.3,115.8,85.1
20150428,0.6,76.8,3.6,55.2,52.4,43.3
20150429,1.1,112.2,6.8,61.3,111.4,114.7
20150430,1.0,125.6,8.9,60.8,113.0,119.5
20150501,1.0,71.7,7.0,41.9,142.3,121.1
20150502,0.6,81.6,5.3,34.5,77.1,61.0
20150503,0.2,88.4,3.5,23.8,127.0,43.8
20150504,0.3,75.3,5.7,34.3,52.2,30.8
20150505,0.3,71.2,5.2,42.8,91.2,39.8
20150506,0.3,87.1,2.6,24.2,60.9,34.8
20150507,0.4,67.5,7.6,38.1,101.8,43.0
20150508,0.5,86.9,5.0,28.1,69.3,24.2
20150509,0.7,43.1,2.0,38.0,34.8,21.8
20150510,1.1,22.1,5.4,55.5,49.1,28.0
20150511,0.5,78.3,7.9,24.7,26.0,15.2
20150512,0.3,96.1,5.6,24.4,54.5,19.6
20150513,0.5,64.8,13.9,47.8,99.3,31.3
20150514,0.4,82.1,11.3,32.2,61.3,32.4
20150515,0.4,74.5,8.5,33.9,31.2,23.6
20150516,0.5,99.4,11.3,36.7,69.4,25.9
20150517,1.1,119.7,12.1,61.5,138.7,114.7
20150518,0.4,82.6,5.8,25.8,90.8,52.8
20150519,0.3,86.6,4.7,23.0,39.0,13.8
20150520,0.4,73.8,9.7,39.0,25.1,22.9
20150521,0.4,89.3,9.0,52.0,67.7,26.4
20150522,0.6,109.7,7.8,64.1,63.9,49.9
20150523,0.9,184.0,8.9,52.0,91.3,67.0
20150524,1.1,171.7,12.5,45.2,117.4,103.4
20150525,1.1,209.6,15.6,35.0,123.3,83.6
20150526,1.0,182.0,12.9,53.8,153.4,84.8
20150527,0.7,133.5,5.9,56.3,118.3,74.7
20150528,4.5,107.9,13.7,63.9,153.3,125.0
20150529,0.5,69.6,6.9,33.1,49.6,31.1
20150530,0.3,120.0,3.5,24.5,53.1,24.9
20150531,0.8,133.7,7.9,0,94.0,59.3
20150601,0.6,152.4,7.4,0,141.0,52.3
20150602,0.2,143.3,2.2,18.1,46.5,13.5
20150603,0.3,88.5,13.5,38.9,51.2,15.9
20150604,0.4,99.5,6.1,27.8,39.6,19.5
20150605,0.5,108.0,9.4,33.9,56.9,23.6
20150606,0.4,84.9,6.5,31.9,30.7,13.7
20150607,0.4,54.4,6.8,31.3,23.7,8.8
20150608,0.4,81.9,13.0,32.0,24.9,15.8
20150609,0.8,147.2,14.5,44.7,62.5,41.2
20150610,1.1,83.1,3.4,53.5,68.5,75.4
20150611,0.4,67.3,8.7,30.8,17.0,9.5
20150612,0.4,79.6,10.6,26.4,20.5,6.8
20150613,0.5,84.0,6.5,25.4,18.2,9.5
20150614,0.5,85.8,7.2,44.2,29.3,16.6
20150615,1.1,156.1,11.5,59.1,97.6,70.9
20150616,1.0,169.8,9.9,42.6,104.4,66.1
20150617,0.7,116.8,12.1,36.8,43.7,38.5
20150618,0.3,67.1,4.8,33.4,17.2,7.9
20150619,0.4,58.3,7.9,21.8,26.7,8.9
20150620,0.4,91.0,2.8,34.2,19.7,13.0
20150621,0.5,164.7,2.8,32.3,42.2,22.7
20150622,0.8,160.8,12.4,47.0,84.7,65.9
20150623,1.3,182.6,13.8,50.5,154.8,142.0
20150624,1.1,53.3,7.0,79.4,159.9,138.8
20150625,1.1,70.7,2.9,60.3,0,134.3
20150626,0.8,102.9,2.9,49.8,0,101.8
20150627,0.9,94.3,2.6,61.1,106.5,83.4
20150628,1.2,130.8,6.8,51.1,171.6,145.1
20150629,1.1,43.3,6.2,56.4,0,116.2
20150630,0.3,56.2,2.7,31.4,12.3,8.8
20150701,0.5,48.5,15.6,33.3,25.3,11.2
20150702,0.4,63.7,13.8,25.1,16.5,9.3
20150703,0.7,95.4,6.9,41.3,44.5,20.9
20150704,0.7,53.4,6.2,57.6,48.5,32.3
20150705,0.8,128.3,6.1,43.8,69.8,57.9
20150706,1.1,115.8,7.2,56.8,104.0,74.6
20150707,1.0,125.1,7.1,61.1,90.3,75.5
20150708,1.1,142.8,8.0,64.4,110.9,113.3
20150709,0.9,130.5,10.4,62.4,93.8,83.3
20150710,0.8,111.2,8.0,54.4,77.4,54.3
20150711,0.9,112.5,5.0,56.9,132.9,94.3
20150712,0.8,140.0,3.9,40.7,105.2,87.8
20150713,0.6,139.7,5.7,51.8,62.2,44.2
20150714,0.6,127.9,4.9,39.8,65.2,38.3
20150715,0.7,59.1,23.7,44.6,68.5,49.5
20150716,0.7,51.3,3.4,40.3,38.0,40.1
20150717,0.8,30.6,2.0,45.0,51.5,48.8
20150718,0.8,29.0,1.9,53.3,0,63.1
20150719,0,0,0.0,0,0,0
20150720,0.9,74.0,2.0,48.6,74.0,83.7
20150721,1.0,74.5,2.2,46.7,0,124.1
20150722,0.6,86.5,11.9,33.9,81.5,50.0
20150723,0.6,53.2,12.5,39.2,26.8,42.4
20150724,0.6,51.9,7.3,44.2,28.5,52.4
20150725,0.8,98.8,3.0,56.6,92.4,74.9
20150726,0.8,87.1,16.8,47.4,58.5,53.9
20150727,1.2,95.1,2.7,49.7,130.0,103.5
20150728,0.7,63.5,4.8,49.1,54.2,43.2
20150729,0.6,63.4,3.0,47.5,46.3,42.1
20150730,0.8,42.9,2.0,44.1,48.7,48.6
20150731,0.6,58.8,2.0,39.0,27.0,25.5
20150801,1.1,39.0,2.1,52.9,57.0,58.7
20150802,1.0,59.4,15.1,32.0,50.0,42.0
20150803,0.7,36.6,22.8,21.7,38.5,59.7
20150804,0.5,100.7,12.1,18.8,58.2,34.9
20150805,0.8,91.0,8.6,24.9,151.7,72.7
20150806,0.7,83.2,2.4,29.7,67.2,54.1
20150807,1.1,87.6,1.9,29.4,121.0,107.6
20150808,0.9,65.4,8.7,25.8,57.2,42.8
20150809,1.0,91.8,9.5,24.2,73.2,53.4
20150810,0.8,87.6,4.1,22.9,54.3,41.9
20150811,1.1,115.7,4.8,26.0,78.5,60.2
20150812,1.1,204.2,7.0,23.3,78.0,52.5
20150813,1.4,238.9,3.5,98.5,136.4,115.8
20150814,0.9,151.0,11.5,67.0,59.0,40.5
20150815,0.8,105.2,19.4,65.7,39.3,19.1
20150816,0.8,214.2,8.9,53.2,45.7,20.6
20150817,1.3,159.7,8.2,83.5,315.3,86.8
20150818,1.3,139.1,4.1,69.7,117.4,92.2
20150819,1.0,146.2,6.1,49.3,0,49.3
20150820,0.7,111.5,4.0,40.8,26.1,32.9
20150821,0.6,98.0,4.1,35.9,25.7,9.5
20150822,0.7,88.1,6.0,26.1,24.2,12.0
20150823,1.3,75.0,4.3,30.2,37.7,34.8
20150824,0.7,50.6,2.3,20.1,18.0,11.4
20150825,0.6,47.3,3.5,19.3,20.8,12.2
20150826,0.4,46.9,4.8,12.5,24.4,12.2
20150827,0.3,53.2,3.9,16.3,14.4,8.2
20150828,0.6,57.5,10.0,13.2,29.5,16.6
20150829,0.6,97.4,4.5,19.0,53.0,30.3
20150830,0.8,57.7,4.8,22.5,52.8,39.9
20150831,0.6,55.0,3.3,16.6,21.2,21.3
20150901,0.6,65.8,2.0,12.1,9.5,6.9
20150902,0.7,61.2,4.7,10.6,17.2,12.9
20150903,0.6,84.8,2.7,8.8,22.0,13.6
20150904,0.9,63.8,3.2,33.8,50.4,37.7
20150905,0.6,125.7,3.2,18.2,15.9,9.7
20150906,0.5,87.8,3.7,10.2,23.2,14.2
20150907,0.7,62.4,7.4,39.7,55.5,24.7
20150908,0.8,117.5,6.1,46.2,82.8,47.3
20150909,0.6,0,9.0,13.8,23.5,13.2
20150910,0.3,0,5.1,16.2,9.7,7.1
20150911,0.4,0,4.0,22.9,18.1,11.0
20150912,0.4,0,3.7,18.3,20.0,7.1
20150913,0.5,0,9.0,22.5,30.0,10.3
20150914,0.6,119.8,7.0,40.7,70.3,47.5
20150915,1.0,108.2,10.8,43.8,132.9,87.6
20150916,1.0,105.1,10.9,41.0,196.5,101.1
20150917,1.0,99.8,10.8,52.0,235.9,131.3
20150918,0.7,58.8,5.8,40.1,86.6,47.0
20150919,0.3,43.6,3.3,28.6,44.3,12.1
20150920,1.1,57.6,4.1,62.8,135.3,75.9
20150921,1.1,89.5,7.7,56.2,134.9,108.7
20150922,1.1,35.3,2.3,53.1,142.3,108.3
20150923,0.6,44.0,2.2,36.7,57.9,36.1
20150924,0.7,44.3,2.1,39.8,90.0,62.8
20150925,0.3,43.8,4.5,41.2,15.5,24.4
20150926,0,0,0.0,0,0,0
20150927,0,0,0,0,0,0.0
20150928,0.7,31.6,1.8,44.9,26.8,3.0
20150929,0.7,16.7,1.9,48.0,22.7,3.0
20150930,0.4,19.9,2.0,50.0,16.0,3.0
20151001,0.3,59.4,2.2,16.8,21.6,4.8
20151002,0.5,50.9,12.5,39.7,0,2.8
20151003,0.5,41.4,9.2,47.7,0,2.8
20151004,0.7,61.0,3.5,51.6,0,3.0
20151005,1.1,95.2,6.5,58.9,0,3.0
20151006,1.2,90.6,10.2,76.8,0,0.0
20151007,1.2,73.5,8.9,62.7,0,0.0
20151008,0.4,38.9,11.1,31.7,0,0
20151009,0.2,58.9,4.0,16.0,24.0,7.8
20151010,0.2,45.9,2.5,16.3,36.0,9.7
20151011,0.3,60.8,5.4,19.9,34.1,9.6
20151012,0.5,51.6,12.9,48.8,82.8,17.0
20151013,0.5,45.4,18.8,51.1,46.5,17.7
20151014,0.7,38.6,11.0,67.9,71.0,36.5
20151015,0.8,62.9,16.2,69.0,95.1,55.0
20151016,1.0,87.5,9.7,71.0,122.0,82.1
20151017,1.3,69.7,10.8,71.2,145.1,155.0
20151018,0.7,27.2,8.3,42.4,74.2,26.3
20151019,0.6,18.1,5.7,56.2,90.4,46.5
20151020,1.2,9.4,5.2,60.6,99.6,65.2
20151021,0.7,5.5,2.2,39.5,37.0,25.2
20151022,0.2,25.9,2.0,31.1,18.8,14.4
20151023,0.7,29.6,13.0,42.7,47.2,37.1
20151024,0.8,23.8,15.0,63.2,55.8,43.3
20151025,0.7,8.7,6.2,66.7,60.7,33.2
20151026,0.5,34.6,2.8,32.5,95.6,28.6
20151027,0.3,45.6,8.3,26.1,51.7,16.0
20151028,0.3,34.1,6.1,31.9,38.4,13.0
20151029,0.3,40.5,6.1,28.5,41.7,15.0
20151030,1.0,35.9,8.3,30.1,35.0,12.7
20151031,0.6,30.5,14.9,44.5,42.3,21.8
20151101,0.5,34.8,15.7,42.3,68.5,28.5
20151102,0.6,33.2,24.5,63.2,71.0,47.7
20151103,1.0,31.8,18.0,84.1,122.8,106.6
20151104,1.2,14.9,11.0,99.5,183.0,160.5
20151105,1.1,15.0,11.7,44.7,56.4,55.0
20151106,0.5,50.1,2.0,21.2,13.0,17.9
20151107,0.5,46.2,2.4,35.0,25.4,20.7
20151108,0.9,18.1,8.7,48.2,70.9,54.7
20151109,1.0,21.6,13.2,57.5,48.4,48.8
20151110,1.6,9.5,2.0,52.3,36.3,28.0
20151111,1.7,16.9,2.8,43.0,51.4,48.1
20151112,2.9,2.9,1.9,59.9,55.3,42.9
20151113,3.8,2.1,2.8,68.6,79.2,58.9
20151114,4.1,4.8,3.4,77.2,108.6,103.3
20151115,3.8,10.5,17.7,74.2,141.2,123.4
20151116,1.7,6.3,4.1,52.5,67.3,53.6
20151117,0.8,9.9,6.4,47.5,75.8,47.8
20151118,0.9,4.1,2.2,46.0,63.6,53.6
20151119,2.2,2.0,2.0,43.9,21.5,49.1
20151120,2.8,2.8,6.6,47.9,0,34.2
20151121,2.0,2.7,7.2,47.5,0,37.3
20151122,0.9,17.6,6.8,39.0,0,37.0
20151123,0.7,49.7,12.0,21.7,20.1,27.3
20151124,1.6,42.2,19.5,24.5,35.5,33.0
20151125,2.2,41.3,22.6,19.1,41.4,32.3
20151126,1.1,59.1,17.5,15.0,18.0,14.7
20151127,0.9,20.3,44.1,52.7,67.4,64.0
20151128,2.0,9.7,40.8,80.0,206.0,121.3
20151129,2.1,22.5,35.2,65.9,184.3,97.7
20151130,2.1,16.3,17.2,70.7,216.2,116.2
20151201,4.7,23.0,31.9,100.8,336.0,250.6
20151202,1.4,51.3,4.3,10.2,30.8,7.5
20151203,2.3,41.4,3.6,12.6,47.1,7.2
20151204,1.2,44.5,12.2,21.8,28.0,9.0
20151205,0.4,36.6,13.5,33.6,48.7,17.4
20151206,1.3,7.1,15.9,71.3,77.7,68.3
20151207,2.2,5.5,24.5,101.6,164.0,161.8
20151208,2.4,7.5,19.7,89.0,185.5,165.2
20151209,2.4,7.6,27.5,78.8,201.0,152.4
20151210,1.0,33.0,21.0,40.6,23.9,58.1
20151211,0.9,9.8,12.8,60.0,54.4,38.0
20151212,1.5,8.2,34.1,71.8,92.7,78.0
20151213,1.6,7.2,33.5,80.9,106.6,95.0
20151214,0.7,43.7,9.5,30.2,57.1,38.2
20151215,1.4,60.4,2.0,5.1,32.6,7.5
20151216,1.8,39.5,7.5,14.2,34.8,9.7
20151217,1.8,41.8,20.5,23.2,103.0,19.8
20151218,0.4,34.4,18.6,34.3,48.9,25.5
20151219,1.0,7.4,17.9,68.0,88.3,69.5
20151220,1.8,3.9,21.2,67.8,131.4,111.4
20151221,2.0,6.9,50.0,71.1,151.3,126.3
20151222,1.8,7.4,34.1,68.3,158.5,131.8
20151223,1.4,27.7,43.7,55.4,121.1,102.4
20151224,0.7,34.5,21.8,43.3,58.5,40.2
20151225,0.5,42.5,14.2,30.6,100.2,29.6
20151226,2.1,23.4,9.9,62.6,191.9,95.0
20151227,1.1,7.4,6.1,56.9,118.5,57.5
20151228,1.0,11.2,28.8,54.4,73.8,51.1
20151229,1.3,7.0,35.1,65.9,109.2,81.0
20151230,0.3,47.5,5.7,23.8,35.4,9.4
20151231,1.1,12.9,25.1,57.2,57.9,44.6
