date,CO,O3,SO2,NO2,PM10,PM2.5
20140101,0.0,0.0,0.0,0.0,96.2,37.3
20140102,0.0,0.0,0.0,0.0,155.1,112.6
20140103,0.0,0.0,0.0,0.0,82.3,30.7
20140104,0.0,0.0,0.0,0.0,129.9,103.8
20140105,0.0,0.0,0.0,0.0,68.6,57.2
20140106,0.0,0.0,0.0,0.0,166.7,152.6
20140107,0.0,0.0,0.0,0.0,87.6,81.1
20140108,0.0,0.0,0.0,0.0,22.8,18.1
20140109,0.0,0.0,0.0,0.0,44.3,28.3
20140110,0.0,0.0,0.0,0.0,95.5,71.0
20140111,0.0,0.0,0.0,0.0,109.9,88.4
20140112,0.0,0.0,0.0,0.0,32.6,21.5
20140113,0.0,0.0,0.0,0.0,77.1,66.6
20140114,0.0,0.0,0.0,0.0,114.4,68.3
20140115,0.0,0.0,0.0,0.0,166.9,132.2
20140116,0.0,0.0,0.0,0.0,264.7,242.0
20140117,0.0,0.0,0.0,0.0,119.3,111.5
20140118,0.0,0.0,0.0,0.0,68.5,56.4
20140119,0.0,0.0,0.0,0.0,181.7,106.0
20140120,0.0,0.0,0.0,0.0,36.7,10.7
20140121,0.0,0.0,0.0,0.0,46.2,36.6
20140122,0.0,0.0,0.0,0.0,120.2,103.8
20140123,0.0,0.0,0.0,0.0,345.1,194.3
20140124,0.0,0.0,0.0,0.0,199.5,176.1
20140125,0.0,0.0,0.0,0.0,25.5,13.2
20140126,0.0,0.0,0.0,0.0,82.0,58.0
20140127,0.0,0.0,0.0,0.0,117.4,94.2
20140128,0.0,0.0,0.0,0.0,69.1,44.9
20140129,0.0,0.0,0.0,0.0,133.8,103.2
20140130,0.0,0.0,0.0,0.0,92.0,55.8
20140131,0.0,0.0,0.0,0.0,166.5,119.5
20140201,0.0,0.0,0.0,0.0,146.4,138.2
20140202,0.0,0.0,0.0,0.0,91.8,52.2
20140203,0.0,0.0,0.0,0.0,33.5,7.1
20140204,0.0,0.0,0.0,0.0,27.7,16.6
20140205,0.0,0.0,0.0,0.0,92.2,76.0
20140206,0.0,0.0,0.0,0.0,117.6,112.6
20140207,0.0,0.0,0.0,0.0,88.8,99.5
20140208,0.0,0.0,0.0,0.0,47.5,57.4
20140209,0.0,0.0,0.0,0.0,13.6,12.0
20140210,0.0,0.0,0.0,0.0,25.4,24.4
20140211,0.0,0.0,0.0,0.0,75.7,74.2
20140212,0.0,0.0,0.0,0.0,106.4,99.3
20140213,0.0,0.0,0.0,0.0,184.9,177.0
20140214,0.0,0.0,0.0,0.0,228.9,224.1
20140215,0.0,0.0,0.0,0.0,320.4,322.6
20140216,0.0,0.0,0.0,0.0,237.0,248.1
20140217,0.0,0.0,0.0,0.0,122.0,120.4
20140218,0.0,0.0,0.0,0.0,94.8,75.5
20140219,0.0,0.0,0.0,0.0,44.3,40.1
20140220,0.0,0.0,0.0,0.0,184.1,167.3
20140221,0.0,0.0,0.0,0.0,297.2,270.7
20140222,0.0,0.0,0.0,0.0,304.7,257.6
20140223,0.0,0.0,0.0,0.0,249.4,202.0
20140224,0.0,0.0,0.0,0.0,278.1,235.9
20140225,0.0,0.0,0.0,0.0,367.1,290.4
20140226,0.0,0.0,0.0,0.0,283.9,271.6
20140227,0.0,0.0,0.0,0.0,26.9,17.4
20140228,0.0,0.0,0.0,0.0,107.0,93.5
20140301,0.0,0.0,0.0,0.0,70.9,53.6
20140302,0.0,0.0,0.0,0.0,150.8,119.2
20140303,0.0,0.0,0.0,0.0,252.5,224.7
20140304,0.0,0.0,0.0,0.0,55.6,35.8
20140305,0.0,0.0,0.0,0.0,29.8,15.6
20140306,0.0,0.0,0.0,0.0,32.9,20.8
20140307,0.0,0.0,0.0,0.0,54.5,32.7
20140308,0.0,0.0,0.0,0.0,128.6,100.2
20140309,0.0,0.0,0.0,0.0,123.8,94.4
20140310,0.0,0.0,0.0,0.0,99.0,80.3
20140311,0.0,0.0,0.0,0.0,157.5,135.1
20140312,0.0,0.0,0.0,0.0,22.2,10.7
20140313,0.0,0.0,0.0,0.0,80.0,17.5
20140314,0.0,0.0,0.0,0.0,87.6,24.3
20140315,0.0,0.0,0.0,0.0,161.4,86.8
20140316,0.0,0.0,0.0,0.0,214.1,77.5
20140317,0.0,0.0,0.0,0.0,237.1,33.6
20140318,0.0,0.0,0.0,0.0,117.2,34.3
20140319,0.0,0.0,0.0,0.0,92.9,40.7
20140320,0.0,0.0,0.0,0.0,28.4,9.5
20140321,0.0,0.0,0.0,0.0,52.1,19.8
20140322,0.0,0.0,0.0,0.0,82.5,30.0
20140323,0.0,0.0,0.0,0.0,200.2,129.1
20140324,0.0,0.0,0.0,0.0,231.8,200.3
20140325,0.0,0.0,0.0,0.0,187.0,147.7
20140326,0.0,0.0,0.0,0.0,281.7,238.9
20140327,0.0,0.0,0.0,0.0,272.2,246.1
20140328,0.0,0.0,0.0,0.0,135.9,100.5
20140329,0.0,0.0,0.0,0.0,50.5,20.7
20140330,0.0,0.0,0.0,0.0,51.7,22.4
20140331,0.0,0.0,0.0,0.0,146.1,92.6
20140401,0.0,0.0,0.0,0.0,94.1,88.7
20140402,1.3,108.2,17.2,32.9,135.8,75.2
20140403,1.0,64.6,5.3,26.0,67.4,17.1
20140404,1.1,55.0,7.6,33.9,121.2,28.5
20140405,1.0,84.2,4.8,15.8,59.6,15.4
20140406,0.8,35.0,8.0,40.4,71.3,26.0
20140408,1.2,80.2,25.7,38.0,145.2,172.8
20140409,1.5,89.5,17.9,41.7,247.5,158.8
20140410,1.7,54.0,25.3,50.0,386.6,113.6
20140411,1.3,60.1,11.6,50.5,115.5,69.4
20140412,1.4,84.1,19.1,51.6,122.0,99.7
20140413,2.0,102.1,25.9,64.9,185.5,158.5
20140414,2.1,121.5,28.7,61.2,254.3,218.6
20140415,2.0,63.2,12.0,74.2,243.3,183.5
20140416,1.0,40.9,11.9,73.6,125.6,115.2
20140417,1.8,56.2,14.0,51.7,100.9,95.5
20140418,2.0,30.2,11.6,55.7,121.4,139.9
20140419,1.0,68.0,11.6,48.0,79.9,100.8
20140420,1.0,49.0,8.1,37.7,60.1,54.0
20140421,0.0,0.0,0.0,0.0,0.0,0.0
20140422,0.9,86.5,8.7,40.4,74.7,49.1
20140423,1.1,75.2,15.7,35.1,118.8,98.2
20140429,0.8,125.8,14.7,53.9,0.0,0.0
20140430,1.0,130.7,20.3,62.1,169.0,102.7
20140501,0.9,93.2,16.3,46.2,201.8,111.7
20140502,0.3,81.5,3.3,26.3,48.3,18.9
20140503,0.4,61.1,4.7,47.7,110.4,28.6
20140504,0.3,75.9,4.2,22.0,63.5,22.0
20140505,0.3,72.4,3.7,31.8,42.9,18.1
20140506,0.9,68.1,25.7,62.1,100.4,66.7
20140507,0.7,69.9,8.7,35.9,70.4,40.1
20140508,0.7,97.3,12.8,32.9,80.9,53.2
20140509,1.4,81.0,34.7,45.5,91.4,56.4
20140510,1.2,75.3,25.2,45.1,75.2,45.5
20140511,0.9,56.5,2.3,27.9,60.0,22.9
20140512,0.6,65.8,4.5,33.0,0,32.4
20140513,0.7,46.0,6.3,52.2,119.5,42.5
20140514,0.2,62.4,5.5,23.0,54.2,16.4
20140515,0.4,62.5,6.5,41.1,162.7,55.9
20140516,0.4,95.9,5.5,28.7,104.4,37.7
20140517,0.8,112.6,19.7,38.7,106.1,50.7
20140518,0.7,150.6,19.2,29.9,108.4,66.4
20140519,0.9,156.4,9.1,29.2,139.3,98.6
20140520,0.7,114.2,7.1,32.4,68.1,56.8
20140521,1.3,148.5,23.1,36.8,166.9,111.6
20140522,1.5,144.6,22.6,39.5,189.2,140.0
20140523,0.8,128.4,16.5,45.9,138.1,77.0
20140524,1.0,63.2,4.8,33.7,121.3,62.7
20140525,0.7,62.9,2.1,25.3,0,59.4
20140526,0.3,78.1,6.8,32.9,55.5,17.8
20140527,0.3,82.1,4.9,26.9,139.5,31.2
20140528,0.5,104.5,10.0,43.5,70.6,25.2
20140529,0.4,104.8,6.6,35.2,64.5,25.3
20140530,1.2,185.6,31.4,46.1,142.1,72.9
20140531,1.7,178.0,32.5,43.8,173.2,94.9
20140601,0.6,127.9,2.5,21.5,0,34.9
20140602,0.5,99.6,2.2,27.6,0,22.7
20140603,0.6,130.2,8.8,29.9,0,29.5
20140604,0.9,124.0,9.6,36.7,81.4,51.8
20140605,0.7,145.2,13.5,25.9,79.0,51.8
20140606,0.8,69.8,9.3,30.9,109.8,49.3
20140607,0.3,79.5,2.4,15.1,0,7.8
20140608,0.4,67.7,3.6,31.5,50.4,16.0
20140609,0.5,71.3,7.2,31.2,0,20.9
20140610,1.0,93.2,4.9,32.0,87.3,57.6
20140611,0.8,87.5,2.4,19.9,0,36.3
20140612,0.4,86.8,7.4,21.4,0.0,14.8
20140613,0.7,125.2,6.3,28.8,0,33.4
20140614,0.5,110.5,2.6,23.6,0,21.8
20140615,0.9,157.5,9.4,41.4,141.7,75.4
20140616,0.8,144.1,4.2,38.4,0,83.6
20140617,0.8,128.5,2.9,24.0,0,58.7
20140618,0.7,92.4,6.0,37.8,0,50.0
20140619,1.1,119.8,5.1,39.4,151.6,98.5
20140620,0.8,49.3,2.0,35.3,0,41.6
20140621,1.0,103.4,3.7,38.2,0,70.7
20140622,0.5,94.6,2.0,24.3,28.9,22.2
20140623,0.4,91.5,2.2,29.6,34.7,18.4
20140624,0.6,150.0,5.1,35.3,79.3,41.3
20140625,1.2,107.4,9.6,41.4,113.8,99.0
20140626,1.0,106.6,4.9,30.9,0,100.1
20140627,0.3,88.4,2.1,24.2,0,9.8
20140628,0.3,88.7,6.8,30.3,31.2,14.9
20140629,0.7,138.1,6.4,38.3,67.5,32.8
20140630,1.2,172.8,10.9,52.0,107.5,66.3
20140701,1.1,154.3,20.0,41.3,141.4,99.5
20140702,0.8,112.3,1.9,26.6,0,55.7
20140703,1.2,95.8,6.6,29.3,0,183.9
20140704,1.1,121.9,2.1,31.9,0,160.4
20140705,1.1,130.7,2.5,28.9,0,133.2
20140706,1.5,142.2,3.5,33.6,0,217.9
20140707,1.2,130.4,8.4,34.6,0,161.6
20140708,0.7,91.9,4.5,31.7,0,81.6
20140709,0.4,52.8,5.7,33.3,38.1,22.0
20140710,0.5,106.4,11.0,35.7,61.8,24.6
20140711,0.3,81.4,5.1,35.3,41.4,15.3
20140712,0.2,107.2,2.0,21.7,23.3,8.6
20140713,0.3,79.6,2.3,26.2,31.0,10.2
20140714,0.4,119.1,2.9,35.1,48.0,21.0
20140715,0.5,139.1,4.6,32.7,98.9,38.6
20140716,0.8,109.4,4.1,36.1,103.4,85.3
20140717,1.4,86.2,4.0,40.1,0,115.0
20140718,1.8,158.2,7.6,29.1,0,150.7
20140719,1.0,126.3,2.6,34.5,0,110.4
20140720,0.7,120.0,4.1,24.4,0,70.2
20140721,0.5,70.9,4.9,24.7,79.3,23.3
20140722,0.5,45.5,10.4,36.0,26.1,9.5
20140723,0.5,63.3,8.2,40.1,17.4,16.7
20140724,0.7,63.3,4.3,53.0,86.0,50.9
20140725,0.8,115.6,3.1,30.1,34.8,45.4
20140726,1.1,187.4,6.9,35.4,120.6,0.0
20140727,1.1,183.4,14.4,36.7,149.1,0
20140728,1.0,153.3,6.9,37.4,156.9,0.0
20140729,0.0,0.0,0.0,0.0,0.0,0.0
20140730,1.1,119.2,1.9,24.2,0.0,114.8
20140731,1.7,129.1,2.4,34.0,0,205.3
20140801,1.4,118.2,2.9,36.0,0,162.6
20140802,1.1,140.0,2.5,33.6,0,131.5
20140803,0.9,108.5,1.9,39.7,0,108.9
20140804,0.5,44.5,4.1,29.7,25.5,20.7
20140805,0.7,71.6,8.8,34.1,56.2,29.2
20140806,0.4,82.2,3.0,34.3,41.3,20.1
20140807,0.9,144.2,9.6,34.3,73.7,40.2
20140808,1.0,132.9,6.4,39.8,96.4,61.4
20140809,1.0,137.5,7.7,37.4,118.1,75.5
20140810,0.5,109.0,3.1,33.4,0,23.4
20140811,0.3,96.1,3.0,28.5,0,10.6
20140812,0.4,107.3,2.7,35.8,41.6,18.5
20140813,0.6,55.2,1.8,35.5,28.1,31.1
20140814,0.5,76.2,5.0,35.6,0,27.4
20140815,0.5,98.7,7.3,41.0,56.1,25.1
20140816,0.7,143.1,3.9,38.1,72.0,39.6
20140817,0.9,152.9,3.9,28.4,93.2,70.6
20140818,0.8,152.0,4.6,34.6,82.1,57.8
20140819,0.8,144.1,2.9,32.1,103.8,78.9
20140820,1.1,163.5,11.7,39.2,146.8,108.0
20140821,1.2,134.2,6.3,50.3,156.7,121.1
20140822,0.6,65.6,2.7,53.2,92.9,35.1
20140823,0.7,114.5,6.9,39.4,76.0,65.1
20140824,0.4,72.2,3.3,28.9,0,10.1
20140825,0.3,76.7,4.0,30.8,0,12.5
20140826,0.4,79.5,11.9,39.9,29.7,15.8
20140827,0.5,139.1,6.3,41.6,80.3,39.0
20140828,0.7,120.7,4.4,38.1,89.4,68.8
20140829,0.9,125.9,2.9,30.3,0,63.0
20140830,1.5,63.2,7.0,48.9,0,116.2
20140831,0.8,102.0,2.6,22.9,0,34.7
20140901,1.4,79.5,4.4,28.8,0,74.5
20140902,0.7,42.1,1.9,35.8,0,17.0
20140903,0.5,70.3,7.6,36.2,0,14.9
20140904,0.8,66.9,3.9,61.8,95.7,41.4
20140905,1.0,141.8,8.3,29.2,124.2,80.3
20140906,1.3,130.8,12.4,21.3,158.9,139.3
20140907,1.2,105.7,5.5,27.0,0,145.1
20140908,0.3,78.1,3.7,16.3,33.6,8.4
20140909,0.5,111.3,3.2,25.4,62.2,26.9
20140910,1.0,114.3,8.7,34.5,105.9,60.8
20140911,1.3,88.0,15.9,36.9,105.5,67.3
20140912,1.1,53.9,3.2,34.4,0,87.6
20140913,0.8,74.4,5.8,37.3,0,75.3
20140914,0.4,52.1,2.4,25.3,0,23.6
20140915,0.4,45.7,7.4,29.5,0,12.2
20140916,0.5,38.1,3.5,40.9,81.0,23.1
20140917,0.9,37.8,3.4,58.8,118.3,79.7
20140918,0.7,70.3,2.7,44.9,0,62.2
20140919,0.8,73.2,4.8,50.7,109.6,74.3
20140920,1.0,103.9,3.3,27.0,0,91.9
20140921,1.6,77.3,12.2,35.1,123.4,92.1
20140922,1.8,36.5,9.6,37.9,100.9,87.5
20140923,0.8,16.9,2.2,31.8,0,32.1
20140924,0.8,45.3,2.0,23.8,0,24.4
20140925,1.0,41.2,2.8,36.4,0,88.6
20140926,1.6,21.7,5.8,55.8,0,108.8
20140927,0.4,64.6,6.1,21.9,0,14.8
20140928,1.3,21.8,7.4,60.7,102.7,59.4
20140929,0.7,36.8,2.4,24.3,89.7,45.6
20140930,0.6,22.6,4.7,40.8,52.1,24.1
20141001,0.8,5.7,2.4,51.0,64.6,57.4
20141002,0.9,18.1,4.1,33.0,0,40.8
20141003,1.3,15.4,3.7,40.8,120.4,75.9
20141004,1.2,38.7,1.9,31.0,0,80.9
20141005,0.5,46.4,1.9,20.7,0,23.6
20141006,0.4,43.3,2.3,38.0,78.2,25.0
20141007,0.9,57.9,6.8,48.6,109.8,92.7
20141008,1.6,64.4,10.7,55.3,0,247.0
20141009,1.8,45.5,4.1,59.2,0.0,343.3
20141010,1.6,47.9,7.3,43.7,0.0,237.4
20141011,1.8,43.9,6.0,38.6,0,199.1
20141012,0.3,47.3,3.2,18.1,0,6.0
20141013,0.3,41.2,5.8,25.7,0,12.7
20141014,0.6,30.7,5.4,49.2,86.2,35.6
20141015,0.5,44.8,2.8,29.0,81.6,24.1
20141016,0.6,37.2,7.0,43.0,74.4,26.5
20141017,1.1,28.7,9.0,87.1,151.5,80.0
20141018,1.3,50.3,12.1,82.1,168.3,105.2
20141019,2.7,16.1,12.7,121.2,321.5,245.5
20141020,2.4,2.9,6.3,92.2,0,228.5
20141021,1.0,14.9,8.7,57.3,0.0,42.8
20141022,1.3,7.7,8.7,73.4,129.8,75.0
20141023,1.4,20.6,6.0,64.6,171.2,135.1
20141024,1.8,44.8,7.9,64.7,0,205.9
20141025,2.2,38.1,5.6,66.4,0,280.3
20141026,0.7,25.5,2.4,34.7,0,49.1
20141027,0.8,10.1,8.7,56.7,85.6,30.1
20141028,1.2,5.2,7.4,76.7,117.3,68.7
20141029,1.1,19.8,8.1,73.9,131.9,90.3
20141030,1.7,7.3,7.2,82.3,166.9,150.2
20141031,2.4,8.1,9.9,78.4,180.3,144.6
20141101,0.7,25.0,8.3,41.2,52.4,26.8
20141102,0.3,41.4,3.6,26.4,38.6,10.2
20141103,0.6,42.0,7.2,29.3,45.5,18.4
20141104,1.2,42.5,14.4,59.1,128.6,92.2
20141105,0.9,39.9,8.1,32.1,78.4,45.5
20141106,0.3,58.7,3.2,9.6,16.9,8.9
20141107,1.1,17.2,13.2,37.8,56.5,33.6
20141108,1.5,30.9,15.1,45.7,90.9,68.2
20141109,1.6,33.0,7.1,50.3,89.1,66.4
20141110,1.8,21.7,10.5,57.8,95.9,74.6
20141111,0.7,42.7,5.2,20.6,81.8,27.6
20141112,0.3,63.6,3.0,7.2,41.3,7.8
20141113,0.7,36.7,13.7,33.8,39.8,19.2
20141114,0.9,25.9,19.2,45.1,51.4,26.2
20141115,1.9,7.8,34.6,79.4,139.8,90.8
20141116,1.0,30.6,16.6,46.5,67.1,42.9
20141117,0.8,38.4,22.3,35.8,39.1,22.8
20141118,2.6,8.7,38.4,81.0,146.4,86.2
20141119,2.9,6.1,42.9,106.1,243.0,182.5
20141120,3.2,9.8,26.0,119.8,350.2,259.8
20141121,2.5,20.6,23.5,87.1,183.1,122.4
20141122,0.8,26.2,22.6,53.7,70.8,33.1
20141123,2.5,3.0,30.1,90.5,180.3,117.9
20141124,1.2,21.5,22.1,57.6,85.1,48.6
20141125,2.5,4.1,25.7,90.0,159.0,115.2
20141126,3.6,8.0,37.9,115.6,276.7,221.3
20141127,1.3,33.8,11.8,49.7,98.0,52.6
20141128,1.6,8.4,25.4,72.2,145.9,73.1
20141129,2.9,2.0,21.4,90.5,248.3,174.8
20141130,1.2,44.7,9.6,36.5,284.7,69.9
20141201,0.5,45.7,2.8,20.6,82.6,14.2
20141202,1.0,26.4,25.0,42.1,64.0,34.6
20141203,0.4,44.2,7.8,23.2,48.4,13.9
20141204,0.4,48.8,7.6,20.6,35.5,10.8
20141205,0.6,41.6,13.9,31.9,42.3,18.7
20141206,2.9,14.5,42.2,69.6,122.0,83.3
20141207,1.4,21.3,29.2,51.6,83.1,54.1
20141208,1.1,25.9,35.0,54.5,72.2,52.3
20141209,3.8,3.8,64.5,94.1,206.1,167.2
20141210,2.1,37.3,12.8,56.8,206.7,118.9
20141211,0.6,52.7,13.4,27.7,42.0,17.1
20141212,0.6,41.8,10.1,27.0,54.7,15.1
20141213,1.0,26.3,21.9,45.3,67.8,35.9
20141214,1.6,18.9,45.7,65.5,107.6,68.3
20141215,1.0,36.7,20.2,42.6,107.2,44.3
20141216,0.4,41.8,9.3,20.7,35.4,9.9
20141217,1.6,15.9,38.1,66.8,112.7,67.4
20141218,3.5,9.6,61.2,92.3,172.1,124.8
20141219,0.6,48.3,11.9,29.3,51.9,23.9
20141220,0.6,26.0,17.0,32.5,25.9,14.8
20141221,0.7,28.2,22.1,35.7,53.9,19.2
20141222,0.9,31.6,31.2,45.6,66.6,30.2
20141223,2.8,20.6,60.4,61.0,120.5,83.8
20141224,0.6,36.4,24.7,29.5,43.5,15.7
20141225,0.7,36.4,24.8,32.4,34.1,18.9
20141226,2.4,5.5,54.1,76.7,117.1,90.4
20141227,4.2,3.6,65.5,119.0,226.1,182.0
20141228,2.1,22.7,48.6,72.8,138.4,68.6
20141229,2.3,22.8,34.9,59.7,137.5,62.1
20141230,0.6,38.0,23.4,33.3,53.8,15.0
20141231,0.4,42.2,5.0,17.8,0.0,0.0
20150101,0.8,37.1,22.8,36.4,53.7,29.3
20150102,1.2,35.2,37.3,48.9,88.0,41.1
20150103,2.6,13.4,58.8,87.1,162.9,107.8
20150104,4.6,10.0,85.1,112.7,244.0,211.1
20150105,3.0,40.1,58.4,63.8,179.4,107.4
20150106,0.9,47.5,16.9,38.7,48.0,30.9
20150107,2.5,21.8,49.2,65.2,116.5,78.5
20150108,3.4,13.8,66.8,97.3,173.9,136.7
20150109,1.2,34.3,19.7,47.2,56.2,41.9
20150110,2.1,27.1,33.7,57.1,110.5,72.3
20150111,1.1,24.4,21.9,54.6,52.6,36.3
20150112,2.9,5.2,44.3,86.9,171.1,148.2
20150113,2.5,11.4,46.7,83.3,158.3,151.5
20150114,3.7,6.2,52.1,106.1,297.3,242.7
20150115,5.5,7.3,37.7,112.1,384.6,331.3
20150116,1.0,45.9,7.0,35.7,64.5,58.2
20150117,1.4,21.3,43.8,64.1,76.9,53.9
20150118,1.8,37.5,34.1,50.5,117.1,75.9
20150119,1.3,28.8,30.0,55.8,77.7,45.7
20150120,2.0,13.2,43.2,69.2,107.5,81.3
20150121,0.6,43.7,21.1,29.8,24.4,18.6
20150122,2.0,13.9,38.5,70.3,96.6,71.8
20150123,3.8,6.3,74.2,119.5,237.9,213.4
20150124,4.2,7.4,58.4,93.4,235.6,181.6
20150125,2.1,10.1,15.2,70.9,0,137.6
20150126,1.2,34.8,6.7,33.5,20.9,77.8
20150127,0.5,35.7,18.1,24.8,26.2,19.2
20150128,1.1,17.1,31.0,49.8,64.7,44.9
20150129,1.6,32.1,28.6,48.5,78.0,58.0
20150130,0.5,52.2,11.6,21.4,24.2,13.6
20150131,0.6,43.8,25.8,30.1,27.5,24.2
20150201,1.8,17.9,50.2,59.8,88.2,68.6
20150202,2.2,9.6,55.8,88.4,155.8,137.8
20150203,2.6,32.2,37.6,62.3,64.9,139.8
20150204,0.4,56.4,11.2,20.1,41.8,13.9
20150205,0.7,54.6,17.4,29.6,27.0,23.3
20150206,1.1,42.0,34.5,45.5,49.2,45.6
20150207,0.4,70.0,10.2,19.1,24.8,11.0
20150208,0.6,48.1,15.3,28.9,30.3,22.4
20150209,1.8,14.5,55.0,74.2,100.7,93.5
20150210,3.2,7.7,56.3,91.0,141.1,138.1
20150211,0.6,55.5,19.1,24.4,41.3,22.7
20150212,0.9,46.8,23.9,44.4,43.8,38.8
20150213,2.2,16.2,42.2,86.4,116.6,108.7
20150214,3.0,42.0,51.4,83.9,227.1,206.3
20150215,3.9,24.2,74.6,99.2,286.0,264.1
20150216,2.2,41.9,24.5,49.5,101.9,116.2
20150217,0.1,25.5,2.9,4.5,18.7,6.2
20150218,0.6,64.5,22.2,21.1,77.9,38.3
20150219,1.7,33.4,61.2,43.4,302.7,228.9
20150220,1.5,22.1,6.9,36.7,0,130.4
20150221,1.6,29.0,7.1,34.7,591.3,115.0
20150222,0.4,56.3,7.3,10.4,364.7,50.0
20150223,0.6,50.8,21.8,21.3,102.3,41.3
20150224,2.0,40.3,32.7,46.7,190.7,123.2
20150225,1.0,53.1,9.4,24.3,92.5,52.5
20150226,0.4,62.2,7.4,14.9,25.7,13.7
20150227,0.4,18.2,6.7,13.0,13.6,8.8
20150301,0.2,0.5,2.8,6.7,10.1,3.4
20150302,2.0,42.4,17.7,39.5,82.7,48.3
20150303,0.3,75.8,2.0,10.4,49.4,9.3
20150304,0.6,52.0,14.4,25.3,42.2,21.6
20150305,1.3,37.1,41.9,52.3,120.3,84.8
20150306,2.1,25.7,79.0,85.7,216.4,173.4
20150307,2.5,53.1,45.3,70.9,245.5,208.4
20150308,1.1,48.7,14.4,41.2,100.8,94.8
20150309,0.3,70.4,2.3,16.5,29.4,7.2
20150310,0.7,57.6,16.0,30.3,38.2,23.3
20150311,0.7,49.2,14.8,31.0,38.5,20.3
20150312,1.3,35.3,25.3,55.5,82.0,57.3
20150313,1.3,45.1,22.5,51.5,83.9,58.9
20150314,1.9,16.5,38.8,80.7,118.4,87.5
20150315,1.4,48.9,27.1,61.5,186.6,78.5
20150316,2.0,22.4,33.3,80.4,298.3,193.3
20150317,1.3,59.3,11.9,46.0,171.3,125.6
20150318,0.8,48.8,15.0,48.0,92.1,48.8
20150319,1.1,43.0,14.3,57.0,196.2,67.4
20150320,0.5,56.4,6.8,38.6,201.3,35.6
20150321,0.4,57.3,6.5,30.6,114.8,19.3
20150322,0.3,76.4,3.7,15.5,88.4,17.1
20150323,0.6,51.1,7.2,33.9,63.0,21.3
20150324,1.7,46.9,25.5,62.8,122.9,66.3
20150325,1.6,55.0,31.9,71.1,159.3,118.3
20150326,1.0,81.8,16.3,47.2,166.3,104.6
20150327,1.0,80.9,18.8,55.4,168.1,104.0
20150328,0.6,69.1,7.6,32.1,305.9,73.3
20150329,0.8,59.2,18.4,54.0,276.3,71.8
20150330,1.5,72.6,27.5,59.1,342.3,141.1
20150331,2.2,45.3,16.6,60.1,214.2,152.7
20150401,0.8,33.9,2.9,51.5,83.3,63.8
20150402,0.7,50.1,2.7,36.1,30.0,32.4
20150403,0.6,92.8,2.6,24.6,43.3,26.5
20150404,0.7,75.0,3.5,40.4,71.4,53.8
20150405,0.4,70.9,1.9,19.0,85.6,34.5
20150406,0.3,78.8,1.9,14.3,31.4,19.7
20150407,0.4,73.1,3.8,21.2,38.1,17.1
20150408,0.8,60.4,9.8,43.2,100.3,79.8
20150409,1.1,56.8,9.1,55.9,175.4,147.1
20150410,0.9,74.1,6.4,50.7,119.9,110.5
20150411,1.4,75.3,9.0,46.3,116.3,118.7
20150412,0.3,73.9,1.9,13.7,19.8,11.9
20150413,0.4,97.7,2.8,20.6,45.6,24.1
20150414,0.7,65.7,5.5,47.0,83.4,42.3
20150415,0.8,59.9,9.6,55.7,271.3,93.4
20150416,0.3,81.0,2.4,16.0,135.6,18.8
20150417,0.6,63.9,8.3,41.7,138.8,45.9
20150418,1.2,60.1,20.2,57.1,205.6,109.0
20150419,0.5,64.2,3.8,30.4,115.3,48.9
20150420,0.5,71.8,3.6,34.1,90.2,42.3
20150421,0.5,79.8,3.9,25.5,126.7,55.8
20150422,0.5,79.2,4.6,34.9,83.8,41.1
20150423,0.5,66.5,6.2,36.3,95.7,35.8
20150424,0.5,77.8,5.2,36.4,97.2,42.7
20150425,0.7,92.1,6.7,47.9,120.4,57.6
20150426,0.9,129.6,16.4,44.6,138.2,80.5
20150427,0.8,80.9,9.1,38.8,117.3,63.9
20150428,0.6,76.2,2.5,27.4,64.3,37.9
20150429,1.1,103.2,5.6,40.1,133.9,112.3
20150430,1.1,124.8,8.1,31.5,152.3,116.1
20150501,1.1,63.3,10.3,34.5,188.7,133.1
20150502,0.6,64.3,2.4,30.5,89.1,50.3
20150503,0.3,69.8,2.1,21.3,105.3,29.5
20150504,0.3,83.5,3.5,18.2,57.0,22.8
20150505,0.4,73.8,3.3,26.2,88.2,38.8
20150506,0.3,81.4,2.6,19.3,53.6,17.0
20150507,0.5,62.6,5.6,38.3,111.1,35.5
20150508,0.7,79.0,5.4,22.1,68.1,28.7
20150509,0.9,38.6,2.4,25.2,57.1,39.1
20150510,1.1,22.5,2.6,42.6,41.9,29.2
20150511,0.6,50.8,2.0,24.5,25.1,16.0
20150512,0.3,80.4,1.9,21.6,61.5,29.2
20150513,0.5,68.8,3.6,43.7,106.6,46.2
20150514,0.3,78.4,4.9,20.6,69.0,24.1
20150515,0.3,84.6,2.2,16.2,35.1,21.1
20150516,0.6,90.2,7.3,33.8,77.2,40.0
20150517,1.1,106.4,8.0,34.4,170.3,126.7
20150518,0.3,71.3,2.1,16.7,97.1,49.4
20150519,0.2,68.2,2.4,18.0,52.5,16.3
20150520,0.3,76.7,2.3,19.6,31.3,14.5
20150521,0.5,83.6,4.1,36.5,73.1,30.2
20150522,0.7,115.5,6.6,31.7,83.6,70.4
20150523,0.9,145.0,10.4,38.2,120.0,97.6
20150524,1.1,154.8,12.9,37.1,146.1,112.7
20150525,1.1,175.1,17.8,34.5,150.4,101.6
20150526,1.0,169.6,14.0,30.1,142.1,85.4
20150527,0.8,149.7,7.8,26.9,127.7,85.0
20150528,4.5,140.7,16.6,27.6,157.8,115.1
20150529,0.6,69.6,3.1,32.4,82.5,51.3
20150530,0.4,101.7,3.8,25.9,69.0,32.9
20150531,0.8,110.7,8.2,33.9,100.8,55.3
20150601,0.8,146.8,7.8,32.4,147.3,77.8
20150602,0.4,75.2,2.5,11.5,55.5,23.0
20150603,0.4,74.4,4.6,26.8,78.1,27.5
20150604,0.5,78.6,5.1,25.5,50.1,25.5
20150605,0.6,110.2,2.5,27.0,63.4,43.2
20150606,0.4,67.2,2.7,18.9,39.7,23.5
20150607,0.3,59.1,4.0,15.4,27.1,18.2
20150608,0.4,68.0,5.9,23.1,38.2,60.8
20150609,0.8,89.6,5.8,46.3,73.8,45.0
20150610,1.0,66.9,1.9,33.2,80.0,83.0
20150611,0.3,60.3,2.3,19.3,18.4,9.7
20150612,0.4,66.4,3.9,26.9,26.6,7.0
20150613,0.4,78.7,2.1,16.2,21.2,7.8
20150614,0.4,91.5,3.4,26.1,35.9,17.4
20150615,0.9,95.1,8.5,31.7,96.4,69.0
20150616,1.0,153.5,7.9,27.1,135.6,77.0
20150617,0.5,118.0,2.5,10.8,77.2,27.0
20150618,0.3,67.4,1.9,10.7,16.9,7.9
20150619,0.5,49.4,2.6,15.5,30.4,11.8
20150620,0.4,81.2,2.0,21.9,32.1,15.5
20150621,0.5,129.6,2.4,22.4,54.3,29.3
20150622,0.9,138.6,11.3,24.0,103.1,78.7
20150623,1.5,162.9,13.1,21.0,143.6,169.7
20150624,1.1,70.1,4.8,37.9,169.8,139.1
20150625,1.1,78.6,3.0,39.4,0,144.0
20150626,0.7,134.5,1.9,15.3,0,99.0
20150627,0.7,85.9,2.8,32.4,82.5,83.4
20150628,1.1,134.3,6.5,22.4,104.5,149.9
20150629,1.0,51.6,3.3,33.7,0,112.1
20150630,0.2,46.9,2.0,25.6,23.8,13.6
20150701,0.3,47.4,3.3,17.3,29.1,14.3
20150702,0.3,59.6,5.2,13.5,14.8,8.5
20150703,0.7,88.7,7.1,30.6,54.0,21.5
20150704,0.8,55.9,5.2,47.5,60.6,36.1
20150705,0.9,115.7,8.4,31.3,84.3,62.8
20150706,1.1,128.9,10.3,27.7,84.7,76.0
20150707,0.8,134.6,6.0,24.8,86.2,69.8
20150708,0.9,141.9,5.7,26.8,122.2,126.3
20150709,0.7,143.0,9.5,24.5,84.0,77.8
20150710,0.5,123.2,6.8,26.0,80.8,53.2
20150711,0.8,154.7,7.5,20.1,133.4,95.4
20150712,0.7,144.9,3.7,36.4,122.5,89.1
20150713,0.5,145.5,2.2,30.9,91.1,53.5
20150714,0.4,131.5,2.8,18.6,61.0,30.6
20150715,0.4,84.8,2.7,30.0,50.6,30.7
20150716,0.5,65.4,2.0,26.2,40.1,34.1
20150717,0.7,61.7,2.6,23.2,56.3,37.2
20150718,0.5,103.5,1.9,12.2,30.0,36.1
20150719,0.7,65.6,1.9,20.9,0,65.9
20150720,0.7,122.6,2.0,14.6,0,87.7
20150721,0.9,92.4,1.9,21.1,0,144.8
20150722,0.4,96.0,3.9,11.4,85.0,52.4
20150723,0.4,68.0,2.0,24.5,32.8,23.9
20150724,0.5,95.4,4.0,21.7,52.6,41.2
20150725,0.7,125.7,1.9,21.6,83.9,70.5
20150726,0.5,119.2,5.1,18.1,80.8,62.9
20150727,0.9,119.6,1.9,24.9,105.1,89.2
20150728,0.5,88.0,4.9,15.8,45.3,39.1
20150729,0.3,103.7,1.9,19.6,52.4,38.2
20150730,0.5,85.9,2.9,16.8,45.3,36.0
20150731,0.4,81.7,2.8,21.5,46.6,29.3
20150801,1.0,59.5,2.0,24.8,66.3,64.1
20150802,0.9,91.2,2.0,19.5,74.0,63.8
20150803,0.5,41.3,5.8,26.9,29.8,43.7
20150804,0.4,103.2,6.0,22.1,37.4,16.7
20150805,0.5,99.5,2.7,27.8,47.8,35.1
20150806,0.6,81.1,1.9,30.1,65.8,44.5
20150807,0.7,103.0,1.9,17.4,73.0,91.1
20150808,0.4,81.8,1.9,22.9,45.1,29.4
20150809,0.5,119.0,3.3,22.3,66.3,41.2
20150810,0.4,107.9,1.9,18.2,52.2,29.9
20150811,0.9,134.7,2.2,21.0,94.8,65.8
20150812,0.7,142.1,3.0,22.9,90.5,59.2
20150813,1.0,162.0,2.3,26.2,147.4,108.0
20150814,0.5,106.9,3.0,18.8,64.6,46.8
20150815,0.4,81.4,3.9,22.5,33.4,15.3
20150816,0.5,151.7,2.4,21.0,54.7,22.8
20150817,0.8,118.3,4.6,38.1,249.7,79.9
20150818,0.6,99.0,2.2,29.6,87.0,52.5
20150819,0.6,78.5,2.0,32.9,62.8,45.4
20150820,0.5,65.5,2.5,26.8,35.1,35.0
20150821,0.3,79.7,2.4,14.9,24.9,10.8
20150822,0.3,68.5,2.4,11.3,21.0,9.2
20150823,0.6,63.2,3.0,16.4,39.4,25.8
20150824,0.2,57.6,2.0,18.1,19.8,10.0
20150825,0.2,54.3,1.9,19.3,22.7,12.0
20150826,0.2,55.3,1.9,17.1,23.2,9.5
20150827,0.2,56.0,2.0,16.8,19.1,7.5
20150828,0.2,62.9,4.8,24.6,27.6,12.5
20150829,0.3,107.9,2.0,26.2,45.3,28.6
20150830,0.5,80.8,1.9,18.9,30.5,23.3
20150831,0.3,52.3,1.9,21.1,26.8,19.8
20150901,0.2,35.1,2.0,23.2,12.3,7.0
20150902,0.2,54.3,2.2,16.0,14.3,8.6
20150903,0.2,71.2,2.0,20.0,22.7,12.9
20150904,1.2,66.5,4.4,22.3,47.6,35.6
20150905,0.3,68.2,1.9,30.1,16.8,14.9
20150906,0.2,52.9,2.3,35.9,26.7,14.1
20150907,0.6,64.7,2.8,37.0,33.0,19.9
20150908,0.9,90.8,4.3,38.2,56.0,38.7
20150909,0.7,54.0,3.1,29.7,29.7,19.3
20150910,0.5,17.6,2.0,37.6,14.2,7.9
20150911,0.5,35.5,2.2,33.2,12.3,6.9
20150912,0.6,39.3,3.3,34.8,18.4,8.6
20150913,0.7,61.4,4.0,37.8,35.2,13.4
20150914,0.8,80.3,7.5,45.3,76.6,53.3
20150915,1.1,114.5,12.0,43.2,108.3,95.8
20150916,1.1,122.9,6.3,40.4,116.6,107.2
20150917,1.2,110.5,5.8,50.2,154.6,136.9
20150918,0.7,67.4,3.5,34.7,46.0,51.3
20150919,0.5,51.7,2.6,38.6,20.7,12.3
20150920,1.0,65.2,5.6,54.2,76.1,78.1
20150921,1.1,81.7,11.0,60.2,123.5,99.7
20150922,1.3,38.4,7.1,61.5,129.0,127.2
20150923,0.7,40.0,2.5,41.6,45.9,27.5
20150924,1.0,56.1,4.4,41.9,93.3,78.5
20150925,0.6,32.4,3.0,42.0,28.9,20.9
20150926,0.7,53.6,4.4,44.1,48.8,25.4
20150927,0.7,59.8,3.3,45.9,61.2,34.3
20150928,0.8,37.8,2.3,34.6,56.4,38.3
20150929,1.2,12.8,2.3,37.1,0,41.4
20150930,0.7,17.2,2.1,36.3,0,31.9
20151001,0.4,38.5,2.2,31.2,22.4,20.3
20151002,0.7,36.3,7.1,48.1,64.2,54.8
20151003,0.7,42.6,5.2,42.3,42.3,18.4
20151004,1.0,51.0,6.9,52.4,53.0,0
20151005,1.4,98.8,8.2,50.2,0,0
20151006,1.5,98.8,5.8,60.8,0,0.0
20151007,1.8,66.7,5.2,68.1,0,0.0
20151008,0,0,0.0,0,0,0
20151009,0,0,0.0,0,0,0
20151010,0.3,37.5,2.5,29.0,31.2,24.8
20151011,0.2,50.9,3.4,25.7,28.1,21.9
20151012,0.4,34.0,5.1,47.2,97.4,21.2
20151013,0.4,43.7,7.6,45.5,42.7,18.8
20151014,1.0,41.0,8.2,68.9,95.5,63.3
20151015,1.0,57.6,7.5,68.8,109.9,75.8
20151016,1.4,88.5,7.4,68.5,159.1,133.9
20151017,2.0,73.3,8.9,76.8,247.2,232.2
20151018,0.6,35.2,3.2,35.5,68.8,22.0
20151019,0.8,22.3,2.6,54.4,79.4,37.1
20151020,1.2,12.8,5.3,52.7,99.0,61.2
20151021,1.0,5.6,2.1,40.5,60.0,47.9
20151022,0.5,11.0,1.9,37.5,34.8,21.0
20151023,0.8,14.8,2.6,47.6,53.9,41.5
20151024,1.0,14.9,3.3,52.4,74.9,47.8
20151025,1.2,6.8,8.6,65.9,69.5,37.8
20151026,0.6,23.4,2.0,38.4,105.3,29.0
20151027,0.5,28.4,3.8,37.9,50.8,14.0
20151028,0.4,34.9,3.3,28.3,26.3,8.6
20151029,0.3,42.5,3.5,21.3,27.0,8.6
20151030,0.4,25.9,2.7,36.0,34.8,13.9
20151031,0.9,12.7,4.4,58.5,74.5,38.4
20151101,0.7,23.9,5.8,58.5,70.6,41.4
20151102,0.9,25.7,9.2,58.4,74.2,42.0
20151103,1.5,17.3,12.8,88.4,162.4,130.3
20151104,1.8,9.2,8.6,91.8,189.2,181.4
20151105,1.4,7.8,4.0,54.0,196.7,110.3
20151106,1.0,12.9,2.0,40.0,0,41.4
20151107,1.2,9.5,2.0,50.3,0,45.5
20151108,1.2,13.0,2.2,49.3,95.5,61.2
20151109,1.8,3.4,2.1,61.0,109.8,99.8
20151110,1.6,2.5,2.0,58.7,83.7,80.0
20151111,1.5,10.0,2.1,46.9,67.5,60.8
20151112,2.3,2.0,2.0,61.7,130.8,101.0
20151113,3.0,2.1,7.3,70.3,186.8,163.9
20151114,4.0,5.9,11.5,91.6,250.7,198.6
20151115,2.9,11.0,9.3,76.6,177.4,148.5
20151116,1.6,5.0,6.4,58.3,80.9,59.9
20151117,2.0,6.2,4.6,50.8,108.4,63.1
20151118,1.3,3.5,4.4,53.1,81.4,62.0
20151119,1.6,2.0,2.2,49.1,111.5,61.5
20151120,2.5,2.0,3.7,45.9,0,58.4
20151121,2.2,2.1,3.9,47.0,0,47.4
20151122,1.2,15.4,4.1,42.5,0,49.1
20151123,0.8,35.5,8.4,29.0,0,32.0
20151124,1.1,28.2,7.8,41.0,34.4,38.7
20151125,1.3,22.3,6.5,42.5,28.3,49.6
20151126,0.8,43.5,7.2,26.6,25.7,17.4
20151127,1.8,11.2,13.3,73.1,125.7,100.0
20151128,3.0,9.3,25.3,89.4,207.7,174.9
20151129,3.9,15.8,25.1,89.5,263.1,159.3
20151130,4.1,9.3,18.4,87.9,291.1,158.5
20151201,7.5,5.5,27.5,145.4,443.1,369.5
20151202,0.6,35.2,2.6,29.2,127.3,11.4
20151203,0.5,28.3,5.4,26.6,41.5,13.4
20151204,0.5,33.8,9.4,31.4,26.2,13.2
20151205,0.8,27.5,11.2,42.1,38.0,24.5
20151206,2.1,6.9,17.3,74.3,109.0,87.9
20151207,3.3,5.6,23.2,91.2,191.2,165.9
20151208,4.1,3.9,17.7,94.1,243.3,207.5
20151209,3.4,5.2,13.0,85.2,238.0,190.9
20151210,1.7,24.9,12.7,55.5,0,71.6
20151211,1.5,9.4,13.4,72.0,78.1,51.2
20151212,2.6,3.1,16.5,87.5,117.7,96.9
20151213,3.0,4.3,18.3,96.9,153.8,132.6
20151214,2.5,19.6,9.9,77.7,85.2,99.5
20151215,0.5,36.9,3.5,30.2,19.5,10.0
20151216,0.7,29.0,4.3,26.5,19.3,11.2
20151217,1.8,11.1,18.8,67.0,93.7,56.2
20151218,1.0,21.3,18.4,45.0,56.2,33.7
20151219,2.2,4.2,17.1,78.2,133.5,89.8
20151220,2.9,3.4,16.4,100.0,170.0,153.0
20151221,4.0,3.5,14.9,98.6,224.3,191.2
20151222,5.2,3.8,21.2,98.7,305.1,236.8
20151223,4.9,13.4,17.5,87.4,381.4,196.9
20151224,2.3,15.4,21.9,75.2,115.9,79.7
20151225,5.3,2.8,7.3,130.4,437.7,290.0
20151226,6.8,2.3,9.0,135.1,494.8,312.0
20151227,1.0,15.5,6.8,55.3,69.5,47.9
20151228,2.7,2.8,13.7,84.3,156.4,110.0
20151229,3.7,2.7,18.7,112.9,286.7,181.2
20151230,1.5,21.7,9.5,64.5,112.9,52.2
20151231,1.8,9.4,13.6,81.7,108.5,55.8
