date,CO,O3,SO2,NO2,PM10,PM2.5
20140101,0.0,0.0,0.0,0.0,81.3,31.7
20140102,0.0,0.0,0.0,0.0,105.0,88.6
20140103,0.0,0.0,0.0,0.0,66.0,32.3
20140104,0.0,0.0,0.0,0.0,102.1,97.7
20140105,0.0,0.0,0.0,0.0,61.8,54.0
20140106,0.0,0.0,0.0,0.0,177.2,145.0
20140107,0.0,0.0,0.0,0.0,84.3,63.9
20140108,0.0,0.0,0.0,0.0,19.6,14.1
20140109,0.0,0.0,0.0,0.0,40.4,22.5
20140110,0.0,0.0,0.0,0.0,71.4,37.9
20140111,0.0,0.0,0.0,0.0,92.5,55.8
20140112,0.0,0.0,0.0,0.0,31.1,16.5
20140113,0.0,0.0,0.0,0.0,94.2,59.4
20140114,0.0,0.0,0.0,0.0,64.6,38.8
20140115,0.0,0.0,0.0,0.0,127.5,84.5
20140116,0.0,0.0,0.0,0.0,203.6,152.8
20140117,0.0,0.0,0.0,0.0,137.3,112.4
20140118,0.0,0.0,0.0,0.0,66.5,47.1
20140119,0.0,0.0,0.0,0.0,189.8,104.0
20140120,0.0,0.0,0.0,0.0,23.9,4.8
20140121,0.0,0.0,0.0,0.0,43.5,32.9
20140122,0.0,0.0,0.0,0.0,120.8,79.2
20140123,0.0,0.0,0.0,0.0,281.1,217.2
20140124,0.0,0.0,0.0,0.0,149.5,107.6
20140125,0.0,0.0,0.0,0.0,23.7,9.2
20140126,0.0,0.0,0.0,0.0,86.5,52.1
20140127,0.0,0.0,0.0,0.0,117.8,86.4
20140128,0.0,0.0,0.0,0.0,76.5,40.9
20140129,0.0,0.0,0.0,0.0,148.6,98.8
20140130,0.0,0.0,0.0,0.0,71.0,36.7
20140131,0.0,0.0,0.0,0.0,172.3,135.0
20140201,0.0,0.0,0.0,0.0,148.7,149.4
20140202,0.0,0.0,0.0,0.0,94.0,56.8
20140203,0.0,0.0,0.0,0.0,23.8,5.5
20140204,0.0,0.0,0.0,0.0,23.4,13.5
20140205,0.0,0.0,0.0,0.0,92.2,83.5
20140206,0.0,0.0,0.0,0.0,116.0,118.8
20140207,0.0,0.0,0.0,0.0,82.3,114.2
20140208,0.0,0.0,0.0,0.0,43.8,58.8
20140209,0.0,0.0,0.0,0.0,10.8,10.2
20140210,0.0,0.0,0.0,0.0,21.2,24.0
20140211,0.0,0.0,0.0,0.0,71.4,80.2
20140212,0.0,0.0,0.0,0.0,84.9,87.0
20140213,0.0,0.0,0.0,0.0,171.6,190.1
20140214,0.0,0.0,0.0,0.0,215.3,246.3
20140215,0.0,0.0,0.0,0.0,315.8,356.5
20140216,0.0,0.0,0.0,0.0,185.8,222.7
20140217,0.0,0.0,0.0,0.0,139.7,136.2
20140218,0.0,0.0,0.0,0.0,97.4,83.9
20140219,0.0,0.0,0.0,0.0,33.8,33.7
20140220,0.0,0.0,0.0,0.0,167.8,156.6
20140221,0.0,0.0,0.0,0.0,310.6,308.0
20140222,0.0,0.0,0.0,0.0,308.0,310.5
20140223,0.0,0.0,0.0,0.0,292.4,276.5
20140224,0.0,0.0,0.0,0.0,290.3,281.6
20140225,0.0,0.0,0.0,0.0,368.7,350.5
20140226,0.0,0.0,0.0,0.0,138.0,173.0
20140227,0.0,0.0,0.0,0.0,5.0,12.4
20140228,0.0,0.0,0.0,0.0,76.1,72.0
20140301,0.0,0.0,0.0,0.0,41.5,42.9
20140302,0.0,0.0,0.0,0.0,109.2,87.9
20140303,0.0,0.0,0.0,0.0,240.8,219.5
20140304,0.0,0.0,0.0,0.0,43.8,29.0
20140305,0.0,0.0,0.0,0.0,33.0,13.4
20140306,0.0,0.0,0.0,0.0,24.0,13.2
20140307,0.0,0.0,0.0,0.0,42.2,25.5
20140308,0.0,0.0,0.0,0.0,107.2,86.2
20140309,0.0,0.0,0.0,0.0,100.6,84.8
20140310,0.0,0.0,0.0,0.0,101.5,81.5
20140311,0.0,0.0,0.0,0.0,148.4,130.8
20140312,0.0,0.0,0.0,0.0,13.4,6.2
20140313,0.0,0.0,0.0,0.0,68.0,13.2
20140314,0.0,0.0,0.0,0.0,71.5,23.0
20140315,0.0,0.0,0.0,0.0,132.8,79.3
20140316,0.0,0.0,0.0,0.0,185.9,114.5
20140317,0.0,0.0,0.0,0.0,264.0,81.7
20140318,0.0,0.0,0.0,0.0,111.2,31.4
20140319,0.0,0.0,0.0,0.0,59.9,35.0
20140320,0.0,0.0,0.0,0.0,12.2,6.9
20140321,0.0,0.0,0.0,0.0,41.0,17.7
20140322,0.0,0.0,0.0,0.0,48.3,22.5
20140323,0.0,0.0,0.0,0.0,161.5,118.9
20140324,0.0,0.0,0.0,0.0,217.0,194.2
20140325,0.0,0.0,0.0,0.0,157.3,133.8
20140326,0.0,0.0,0.0,0.0,246.0,230.8
20140327,0.0,0.0,0.0,0.0,284.3,270.5
20140328,0.0,0.0,0.0,0.0,127.9,98.2
20140329,0.0,0.0,0.0,0.0,57.8,19.6
20140330,0.0,0.0,0.0,0.0,45.4,19.2
20140331,0.0,0.0,0.0,0.0,108.3,72.5
20140401,0.0,0.0,0.0,0.0,94.5,87.4
20140402,1.3,123.8,12.6,14.5,137.6,73.7
20140403,1.0,82.5,3.3,8.3,51.6,15.5
20140404,1.0,68.3,4.9,16.5,106.9,26.1
20140405,1.0,93.2,3.1,7.0,52.7,13.0
20140406,0.7,56.0,7.3,16.6,47.3,17.2
20140408,1.0,96.9,22.2,31.1,139.3,118.5
20140409,1.0,109.5,15.6,25.0,231.7,124.2
20140410,1.7,58.2,20.5,44.2,366.2,79.1
20140411,1.3,69.1,9.3,44.9,107.3,53.8
20140412,1.2,101.0,13.1,39.8,101.3,84.4
20140413,1.8,131.7,18.8,48.0,159.0,147.8
20140414,2.0,159.1,20.4,45.0,227.3,255.7
20140415,2.0,116.2,13.2,33.2,228.0,223.7
20140416,1.0,58.1,9.0,51.2,90.8,62.9
20140417,1.5,72.5,9.0,35.7,85.8,86.5
20140418,1.5,47.8,5.8,34.4,92.5,134.3
20140419,1.0,84.8,6.8,39.5,62.1,54.8
20140420,1.0,66.0,4.6,19.2,33.6,32.1
20140421,0.0,0.0,0.0,0.0,0.0,0.0
20140422,0.9,103.2,5.9,16.6,63.1,38.8
20140423,1.0,82.8,11.7,24.2,94.0,89.0
20140429,0.4,54.2,3.3,22.6,59.6,65.0
20140430,0.8,198.9,19.1,29.3,0,0.0
20140501,0.7,109.0,12.7,24.7,130.5,109.9
20140502,0.2,91.4,2.2,5.1,35.9,17.8
20140503,0.2,73.2,3.2,14.7,49.6,21.4
20140504,0.2,82.8,2.4,3.3,33.9,19.0
20140505,0.1,85.3,2.2,9.0,27.2,14.5
20140506,0.6,87.5,19.9,32.3,78.5,55.8
20140507,0.4,88.4,5.9,13.8,49.8,38.1
20140508,0.3,109.8,9.9,22.8,72.6,48.0
20140509,0.8,98.8,28.3,35.8,74.8,50.9
20140510,0.7,78.2,16.6,30.6,76.4,51.0
20140511,0.2,80.9,2.2,11.6,24.0,19.6
20140512,0.2,72.4,3.5,19.6,44.3,28.5
20140513,0.2,72.4,3.6,23.6,72.3,35.8
20140514,0.1,76.6,2.7,11.6,33.7,13.0
20140515,0.2,75.5,4.8,24.7,135.9,57.6
20140516,1.3,100.1,2.5,15.8,79.0,34.0
20140517,0.8,120.7,15.5,23.9,83.3,46.4
20140518,0.7,152.2,14.1,17.4,84.7,61.7
20140519,0.8,163.6,7.5,20.0,94.9,91.9
20140520,0.4,120.6,6.8,16.3,60.3,48.0
20140521,1.1,160.0,20.0,26.2,127.3,99.5
20140522,1.1,159.8,15.4,21.2,122.8,111.2
20140523,0.4,137.5,10.9,22.9,92.8,61.4
20140524,0.5,77.5,3.6,17.4,45.7,52.3
20140525,0.3,69.4,2.0,8.8,92.5,56.5
20140526,0.1,90.0,5.4,10.0,32.9,16.1
20140527,0.1,94.5,3.2,6.9,81.2,24.6
20140528,0.1,123.2,7.8,18.2,49.2,23.5
20140529,0.1,117.7,4.6,10.5,43.1,21.0
20140530,0.8,207.7,24.3,19.1,106.0,60.5
20140531,1.3,202.0,27.3,24.6,127.4,83.9
20140601,0.3,150.5,2.2,8.7,36.4,30.9
20140602,0.2,109.1,2.1,8.1,22.9,18.1
20140603,0.3,134.3,7.8,13.9,41.0,28.4
20140604,0.6,140.8,7.3,20.3,63.6,47.9
20140605,0.4,155.9,11.8,14.7,54.5,47.8
20140606,0.4,80.5,4.4,14.4,46.3,40.2
20140607,0.1,82.0,1.9,4.8,11.3,4.9
20140608,0.1,73.1,2.1,14.2,19.8,11.2
20140609,0.2,101.1,6.2,12.5,23.6,14.0
20140610,0.5,81.7,2.6,15.1,37.6,42.8
20140611,0.4,74.7,2.0,7.7,20.3,28.5
20140612,0.3,86.5,5.8,7.3,16.7,12.8
20140613,0.4,125.9,5.5,11.4,34.1,28.4
20140614,0.3,129.2,2.1,9.5,26.2,20.8
20140615,0.6,160.1,7.1,17.7,60.4,66.7
20140616,1.3,154.9,2.6,17.7,68.4,73.2
20140617,0.5,121.4,2.1,16.2,43.9,59.6
20140618,0.4,94.8,3.5,17.0,33.2,42.4
20140619,0.7,127.2,4.6,19.0,64.9,81.6
20140620,0.4,101.9,2.2,12.8,23.9,32.2
20140621,1.5,87.9,3.9,18.8,47.4,68.1
20140622,0.3,94.2,2.0,8.6,19.0,19.9
20140623,0.2,93.4,2.0,8.9,15.0,12.6
20140624,0.5,152.4,2.8,17.3,46.8,31.4
20140625,1.0,109.2,6.9,28.2,105.9,98.0
20140626,0.7,110.7,4.5,16.5,76.2,85.4
20140627,0.2,82.9,2.0,7.1,16.0,6.8
20140628,0.3,89.6,3.6,9.4,25.0,11.2
20140629,0.7,137.1,5.0,21.0,68.0,31.5
20140630,1.1,183.5,7.9,19.1,108.2,64.3
20140701,0.9,155.6,16.3,26.1,132.8,97.6
20140702,0.7,103.2,1.9,16.1,40.5,48.7
20140703,1.0,88.4,2.2,21.0,122.5,160.3
20140704,1.0,120.1,2.1,14.8,129.9,145.3
20140705,1.1,111.4,2.4,21.1,117.4,129.8
20140706,1.2,134.6,4.0,23.9,168.7,183.0
20140707,1.2,122.0,8.1,23.5,143.7,164.2
20140708,0.6,95.1,5.3,14.4,65.3,79.3
20140709,0.3,57.8,4.4,13.9,25.9,9.0
20140710,0.4,108.6,9.5,13.8,45.5,18.2
20140711,0.3,85.4,3.7,10.0,27.9,9.3
20140712,0.2,103.5,2.0,8.9,19.0,7.4
20140713,0.2,80.4,2.2,6.7,29.4,8.5
20140714,0.4,121.0,2.5,10.5,38.0,15.0
20140715,0.5,163.8,4.1,13.4,100.4,39.9
20140716,0.7,154.3,3.6,12.4,80.1,77.5
20140717,1.4,113.8,3.5,17.9,109.0,111.3
20140718,1.8,156.2,5.7,18.7,150.1,145.8
20140719,0.9,151.4,2.5,17.6,108.4,100.6
20140720,0.7,131.4,4.1,17.1,93.1,71.4
20140721,0.4,88.1,4.5,12.4,30.0,20.9
20140722,0.4,64.6,8.8,17.5,17.5,8.3
20140723,0.4,85.3,11.3,8.0,22.3,12.8
20140724,0.7,0,4.5,25.2,68.6,36.6
20140725,0.7,0.0,3.3,15.0,83.2,38.9
20140726,1.0,263.0,6.4,23.1,110.7,69.6
20140727,1.0,186.8,11.7,23.7,145.0,101.7
20140728,0.9,171.2,7.0,19.7,145.7,118.2
20140729,0.2,18.2,0.4,4.1,22.7,17.4
20140730,1.1,124.0,2.0,14.8,84.5,96.9
20140731,1.6,128.1,2.1,22.1,156.9,190.1
20140801,1.3,124.6,2.7,23.4,0,152.9
20140802,1.1,147.5,2.6,25.0,0,137.9
20140803,0.9,124.9,2.0,19.1,0,110.7
20140804,0.4,53.7,4.9,13.4,0,11.8
20140805,0.6,79.4,10.4,20.1,0,24.3
20140806,0.3,85.2,2.2,13.3,17.7,11.9
20140807,0.8,141.8,7.8,19.9,62.1,36.8
20140808,1.0,143.4,5.3,21.4,85.3,59.7
20140809,1.0,140.7,5.9,22.1,102.8,74.3
20140810,0.5,112.0,2.9,17.4,0,20.4
20140811,0.3,84.3,2.8,13.2,26.1,7.4
20140812,0.4,111.5,6.0,16.2,37.7,16.4
20140813,0.5,57.9,1.8,22.8,32.2,22.4
20140814,0.5,78.7,4.2,21.9,0,23.7
20140815,0.4,100.9,6.2,21.4,42.2,19.3
20140816,0.6,146.9,3.6,17.5,60.8,35.6
20140817,0.7,155.2,3.3,18.5,79.2,47.1
20140818,0.7,153.0,5.0,18.2,79.6,53.9
20140819,0.7,141.3,3.2,17.1,95.9,71.6
20140820,1.0,169.1,10.3,22.6,140.0,102.8
20140821,1.1,140.9,6.8,27.7,147.0,118.6
20140822,0.5,70.4,2.0,28.9,0,32.5
20140823,0.7,118.2,7.5,20.3,0,60.7
20140824,0.2,75.1,3.1,10.0,0,8.7
20140825,0.3,77.5,3.7,14.3,17.1,9.0
20140826,0.3,82.1,12.5,17.7,34.3,11.8
20140827,0.4,137.8,5.4,16.5,71.3,33.1
20140828,0.6,125.1,5.0,19.5,102.1,69.5
20140829,0.7,123.6,3.4,13.2,0,53.5
20140830,1.3,55.0,5.0,26.8,135.2,106.0
20140831,0.7,103.2,2.0,10.1,0,27.2
20140901,1.2,75.7,3.5,15.3,0,65.3
20140902,0.5,54.2,1.9,12.6,0,10.2
20140903,0.4,66.0,8.7,13.5,0,12.5
20140904,0.4,90.2,6.7,18.6,68.5,19.2
20140905,0.7,141.8,7.2,19.6,128.5,69.1
20140906,1.2,117.3,10.1,18.6,170.9,133.2
20140907,1.0,111.4,4.9,16.4,179.8,126.9
20140908,0.2,76.1,4.0,13.1,0,6.8
20140909,0.4,110.0,3.2,16.0,70.9,25.7
20140910,0.8,107.5,6.5,15.8,106.9,54.8
20140911,1.0,91.1,14.1,19.3,103.0,60.6
20140912,0.9,60.0,2.6,16.9,0,69.5
20140913,0.7,79.3,5.6,25.6,0,65.0
20140914,0.3,59.7,2.8,15.0,36.8,20.7
20140915,0.2,49.6,6.3,8.6,0,8.4
20140916,0.3,43.8,2.6,15.7,43.2,13.4
20140917,0.7,52.8,4.4,50.9,119.8,90.2
20140918,0.5,76.0,2.6,23.2,0,52.9
20140919,0.6,88.0,5.1,29.2,90.4,71.1
20140920,0.8,109.4,5.1,10.7,0,86.8
20140921,1.3,83.4,12.2,27.9,112.8,90.9
20140922,1.2,38.7,8.4,28.8,0,85.0
20140923,0.7,28.7,3.3,19.3,0,25.8
20140924,0.5,45.6,2.0,13.7,0,18.0
20140925,0.9,41.0,2.7,21.5,0,86.5
20140926,1.3,26.4,6.3,35.3,0,97.6
20140927,0.3,73.3,3.3,7.2,0,12.0
20140928,0.9,27.0,6.5,35.7,88.9,55.1
20140929,0.6,44.5,2.4,12.7,0,38.2
20140930,0.7,22.1,4.5,32.0,50.5,21.8
20141001,0.9,5.4,2.0,38.6,0,57.1
20141002,0.7,19.6,4.6,23.3,0,29.0
20141003,1.1,21.4,5.0,26.4,72.0,76.7
20141004,1.0,45.5,2.5,24.0,0,81.6
20141005,0.4,53.6,1.9,9.8,0,20.1
20141006,0.3,55.9,2.1,15.1,39.1,17.1
20141007,0.7,64.3,5.5,27.5,92.4,85.8
20141008,1.4,74.9,9.6,29.7,0,240.2
20141009,1.6,59.1,4.6,28.3,0.0,330.3
20141010,1.5,61.4,9.7,19.7,0.0,229.2
20141011,1.4,45.1,6.2,26.1,0,175.9
20141012,0.2,61.5,1.9,8.0,0,5.2
20141013,0.3,48.1,6.0,10.3,0,9.3
20141014,0.5,36.0,6.1,28.5,66.1,30.1
20141015,0.3,57.3,2.5,8.5,63.7,20.3
20141016,0.3,51.4,6.4,13.9,86.6,22.2
20141017,0.7,39.1,7.5,55.8,123.9,74.5
20141018,0.9,71.2,10.1,44.1,127.2,90.1
20141019,2.2,35.7,11.7,81.4,234.2,293.0
20141020,1.5,49.2,6.8,55.8,0,263.5
20141021,1.1,19.4,12.7,44.1,34.5,50.1
20141022,1.2,9.6,7.2,63.3,115.2,79.4
20141023,1.1,29.5,8.9,49.7,157.4,146.4
20141024,1.4,56.8,9.5,46.7,0,217.0
20141025,1.8,65.4,6.1,42.0,0,304.4
20141026,0.4,64.5,2.1,14.9,0,32.4
20141027,0.5,36.8,8.0,28.8,65.4,23.9
20141028,1.0,13.7,8.2,57.2,96.9,70.2
20141029,0.9,29.9,10.5,50.6,94.0,98.8
20141030,1.4,16.6,10.2,57.3,139.4,159.4
20141031,1.9,14.6,10.0,57.4,161.2,132.3
20141101,0.5,42.3,8.3,18.7,23.2,17.8
20141102,0.2,62.9,2.5,3.2,12.2,5.7
20141103,0.4,48.3,8.5,11.1,32.1,15.5
20141104,0.8,47.5,10.4,35.2,91.7,74.4
20141105,0.6,53.0,8.6,18.9,32.3,40.1
20141106,0.2,62.1,2.7,3.4,12.2,5.8
20141107,1.0,19.8,12.6,26.8,53.7,36.4
20141108,1.2,30.0,18.3,36.3,80.7,70.1
20141109,0.6,50.1,15.2,23.3,49.0,35.4
20141110,0.7,41.0,20.0,28.8,62.2,52.5
20141111,0.3,53.8,5.8,7.5,47.6,19.6
20141112,0.1,71.9,2.0,2.0,30.3,6.1
20141113,0.3,55.9,7.1,8.8,22.7,11.8
20141114,0.5,38.4,14.3,23.1,35.6,21.6
20141115,1.1,9.0,21.5,59.8,99.5,79.3
20141116,0.6,43.6,10.9,27.2,30.2,36.1
20141117,0.4,51.1,15.4,16.4,25.7,17.0
20141118,1.2,17.9,37.9,57.3,85.2,65.7
20141119,2.2,4.1,37.2,102.7,186.9,186.3
20141120,2.6,5.9,27.5,108.6,379.9,285.1
20141121,1.1,36.8,22.7,49.9,98.5,75.9
20141122,0.5,44.0,11.2,26.9,39.5,25.2
20141123,1.8,4.4,22.6,76.7,148.4,122.0
20141124,0.5,42.7,22.5,27.1,43.4,27.8
20141125,1.8,6.9,22.9,80.0,131.2,113.9
20141126,2.9,3.4,35.1,103.1,242.3,228.0
20141127,0.6,51.4,8.7,21.5,57.6,38.6
20141128,2.0,13.7,22.3,55.2,132.7,76.4
20141129,2.5,2.0,15.2,84.4,228.1,205.6
20141130,1.9,49.6,7.9,21.9,216.9,71.6
20141201,1.2,62.7,5.7,2.2,76.5,10.9
20141202,0.7,39.1,18.1,12.3,34.7,29.0
20141203,0.2,61.1,4.4,2.0,28.6,7.7
20141204,0.2,67.0,3.7,2.0,22.5,6.1
20141205,0.4,51.7,9.6,10.3,18.9,15.5
20141206,0.9,28.4,21.6,35.8,55.3,43.5
20141207,1.1,31.5,14.4,28.4,47.4,53.5
20141208,0.9,32.4,27.8,35.9,51.3,74.2
20141209,2.9,2.0,45.2,82.1,227.9,190.3
20141210,1.6,39.7,13.1,38.6,118.9,119.2
20141211,0.3,61.7,11.0,6.6,30.9,11.8
20141212,0.3,51.2,4.1,7.1,44.6,11.5
20141213,0.9,30.3,16.2,27.0,52.5,33.8
20141214,1.1,22.2,35.4,45.6,81.8,63.2
20141215,0.9,39.9,16.0,30.8,78.7,50.1
20141216,0.3,54.0,4.3,4.0,21.2,7.1
20141217,1.3,23.8,22.6,44.3,75.8,59.4
20141218,2.8,4.9,47.5,82.4,144.5,130.1
20141219,0.5,52.4,13.5,14.5,34.5,20.0
20141220,0.4,43.7,11.4,9.1,19.1,11.4
20141221,0.5,45.7,15.6,9.9,37.4,18.2
20141222,0.6,51.4,15.3,16.8,34.7,21.8
20141223,0.8,29.9,41.7,25.4,61.4,41.3
20141224,0.3,43.7,16.2,9.5,33.0,12.7
20141225,0.3,54.7,26.6,18.5,21.0,19.0
20141226,1.9,9.9,37.1,62.0,116.0,94.8
20141227,2.9,6.7,50.6,96.4,0,169.6
20141228,1.0,42.7,34.6,35.8,80.7,60.3
20141229,0.7,42.1,18.4,22.4,73.4,37.2
20141230,0.4,59.2,20.6,14.9,39.7,16.2
20141231,0.3,67.4,3.2,2.1,0.0,0.0
20150101,0.9,36.6,24.0,33.5,59.8,48.5
20150102,0.9,43.1,29.8,28.5,57.9,46.2
20150103,2.4,8.7,44.3,74.2,169.4,160.0
20150104,2.6,10.3,63.3,86.3,159.1,146.7
20150105,2.2,42.1,37.4,45.7,91.9,94.5
20150106,0.6,49.0,17.1,18.2,26.9,21.8
20150107,1.2,23.1,28.8,40.1,49.7,44.3
20150108,2.5,3.9,47.7,83.8,143.7,109.0
20150109,0.6,47.7,18.0,20.7,35.4,27.7
20150110,0.8,44.1,22.0,23.9,52.2,32.5
20150111,1.0,33.2,18.6,35.0,37.0,39.2
20150112,2.4,7.5,30.6,72.4,158.3,152.7
20150113,1.8,10.8,34.5,67.0,0,131.3
20150114,2.8,8.5,44.2,90.0,0,216.8
20150115,4.1,6.5,37.5,104.5,0,315.6
20150116,1.0,58.2,5.7,23.2,23.5,71.1
20150117,1.0,29.1,33.2,43.6,59.2,45.6
20150118,1.3,40.2,19.2,34.0,54.0,70.8
20150119,1.0,37.0,19.4,39.9,61.6,42.1
20150120,1.4,20.4,28.6,53.2,93.3,80.1
20150121,0.4,62.8,17.8,9.3,15.7,12.3
20150122,1.4,22.6,33.9,52.1,56.7,63.6
20150123,2.9,5.7,62.7,103.0,241.9,208.2
20150124,1.9,15.5,27.7,58.9,110.9,102.1
20150125,2.1,11.0,14.3,60.1,0,145.7
20150126,1.0,42.7,8.0,24.5,5.1,72.0
20150127,0.4,54.4,18.5,8.6,18.0,13.9
20150128,0.9,34.4,21.4,28.9,45.4,34.7
20150129,1.1,42.3,18.8,28.5,38.2,43.9
20150130,0.3,67.5,11.1,5.8,15.3,8.2
20150131,0.7,55.7,21.5,11.0,14.5,12.9
20150201,2.6,22.5,46.0,34.5,0,52.8
20150202,2.8,7.1,50.3,74.6,0,129.4
20150203,1.7,50.3,41.3,38.6,18.0,102.3
20150204,0.2,74.0,7.0,4.2,20.7,8.2
20150205,0.4,73.2,21.0,7.2,13.3,15.1
20150206,0.5,63.5,32.8,13.6,30.2,24.0
20150207,0.2,88.6,2.5,2.0,17.2,4.9
20150208,0.4,65.7,12.8,11.1,16.0,16.9
20150209,1.5,20.4,50.4,56.7,93.6,77.1
20150210,1.1,47.5,32.6,43.8,53.6,64.2
20150211,0.4,81.7,17.7,6.4,35.6,15.6
20150212,0.7,64.5,19.8,27.7,30.6,30.2
20150213,1.7,27.7,28.3,68.7,119.5,102.4
20150214,2.3,57.2,41.6,60.4,0,212.8
20150215,3.6,41.3,58.9,71.6,0,311.0
20150216,1.5,52.1,16.4,31.1,81.6,101.4
20150217,0.1,29.8,1.6,0.8,0.0,5.3
20150218,0.5,80.8,16.5,7.5,0,25.8
20150219,1.6,44.3,40.3,32.3,0,212.3
20150220,1.5,28.6,12.4,34.8,0,149.3
20150221,2.1,35.6,8.8,31.8,0,122.1
20150222,1.0,71.2,3.4,2.3,0,55.8
20150223,0.6,59.8,17.9,10.2,0,37.1
20150224,1.9,49.9,26.5,34.0,0,137.0
20150225,0.8,71.5,5.7,10.0,0,47.0
20150226,0.3,80.2,5.5,2.8,0,10.8
20150227,0.2,28.6,2.7,2.2,0.0,3.6
20150301,0.1,4.0,1.0,1.5,0.0,1.3
20150302,0.5,70.4,9.5,9.8,0,25.9
20150303,0.3,85.6,1.9,2.0,0,7.6
20150304,0.5,65.7,16.5,10.2,0,18.3
20150305,1.3,54.0,31.3,33.4,0,80.1
20150306,1.8,38.2,47.5,64.6,0,173.3
20150307,2.0,69.4,34.2,49.8,206.1,210.4
20150308,1.0,64.1,10.4,19.9,43.4,96.0
20150309,0.4,83.7,2.1,2.1,18.5,5.3
20150310,1.2,74.6,11.7,9.1,18.8,16.8
20150311,0.3,70.5,6.8,7.6,21.9,13.7
20150312,0.8,53.6,14.7,25.8,61.7,47.8
20150313,0.7,66.3,9.2,18.3,41.8,34.2
20150314,1.6,22.9,29.0,63.9,100.0,93.6
20150315,0.9,71.6,15.5,31.9,178.5,68.7
20150316,1.7,41.5,21.8,53.9,270.8,207.2
20150317,1.1,79.9,8.7,27.2,121.4,112.6
20150318,0.7,65.9,10.7,29.4,84.6,47.9
20150319,0.6,70.2,9.6,21.7,173.9,58.6
20150320,0.4,85.4,6.1,10.6,187.4,35.4
20150321,0.3,91.4,4.5,4.4,113.0,14.4
20150322,0.3,91.8,4.7,7.8,80.6,15.5
20150323,0.4,71.0,7.2,11.0,41.6,17.9
20150324,1.5,64.0,17.7,42.3,99.8,58.5
20150325,1.5,74.7,23.5,49.5,141.6,121.1
20150326,0.9,109.6,14.6,28.7,138.2,112.5
20150327,0.9,111.1,17.4,33.7,137.8,102.5
20150328,0.5,90.0,7.2,14.0,278.9,73.7
20150329,0.7,80.4,15.5,33.6,267.1,69.8
20150330,1.2,92.0,22.9,39.0,326.2,143.1
20150331,1.9,39.3,12.9,57.1,224.7,169.5
20150401,0.8,41.8,5.8,45.1,93.6,65.2
20150402,0.6,86.8,12.2,14.9,25.7,29.2
20150403,0.5,119.6,2.6,13.5,83.2,24.2
20150404,0.5,86.9,3.2,24.3,55.9,49.7
20150405,0.3,76.7,2.1,9.2,70.6,33.4
20150406,0.2,82.8,2.3,5.7,26.7,17.3
20150407,0.2,85.8,2.6,6.1,29.6,15.3
20150408,0.6,72.2,7.4,28.0,80.8,77.4
20150409,0.9,68.9,8.0,36.2,138.5,155.9
20150410,0.6,94.1,6.6,26.5,91.9,105.1
20150411,1.0,96.7,7.9,25.1,70.1,102.3
20150412,0.2,85.6,1.9,3.1,32.6,9.8
20150413,0.3,108.7,3.3,8.9,36.1,22.6
20150414,0.4,90.8,6.1,17.5,56.8,29.0
20150415,0.5,74.9,7.8,37.0,249.1,84.8
20150416,0.1,92.2,2.1,5.8,122.5,15.0
20150417,0.4,75.4,5.7,26.8,116.2,41.2
20150418,0.8,81.7,13.9,33.7,174.3,83.4
20150419,0.3,84.9,3.0,9.6,72.3,30.3
20150420,0.3,84.7,3.6,14.6,66.5,31.0
20150421,0.4,95.8,6.1,12.3,115.6,46.7
20150422,0.4,95.5,17.2,17.9,80.7,31.6
20150423,0.4,83.5,6.7,20.1,95.9,42.5
20150424,0.3,91.5,6.4,18.7,105.8,37.9
20150425,0.5,112.2,6.6,29.1,124.9,53.8
20150426,0.7,148.6,15.5,31.4,167.1,81.3
20150427,0.7,96.8,8.2,21.8,120.4,61.3
20150428,0.5,89.7,3.0,20.5,60.3,38.2
20150429,1.0,127.7,6.2,28.8,122.1,109.8
20150430,1.0,142.5,8.1,22.6,144.4,119.5
20150501,0.9,91.3,12.0,20.6,184.6,130.6
20150502,0.5,80.2,4.1,19.5,94.5,55.6
20150503,0.2,87.3,2.1,6.5,123.5,29.8
20150504,0.3,89.6,5.8,7.0,51.0,15.7
20150505,0.3,98.7,4.1,9.2,94.7,33.4
20150506,0.2,93.7,2.7,12.1,65.2,16.2
20150507,0.4,73.7,4.4,18.2,120.2,29.7
20150508,0.6,97.1,5.2,10.8,144.3,24.0
20150509,0.8,48.7,2.4,17.8,62.1,36.1
20150510,1.1,32.5,4.0,27.2,41.5,27.7
20150511,0.4,62.0,2.2,11.5,13.2,11.4
20150512,0.2,87.6,1.9,8.0,44.3,14.4
20150513,0.3,87.0,3.3,25.5,121.2,25.0
20150514,0.2,105.3,3.1,8.1,55.5,11.1
20150515,0.2,99.1,2.3,7.5,32.1,13.0
20150516,0.4,100.5,5.6,15.8,75.9,32.2
20150517,1.0,134.8,9.9,21.5,173.1,123.8
20150518,0.2,92.4,2.5,10.0,64.3,19.0
20150519,0.2,91.2,2.0,3.9,46.4,9.3
20150520,0.2,94.1,2.8,3.6,23.3,12.8
20150521,0.3,100.4,5.1,17.7,72.8,24.9
20150522,0.6,130.8,7.9,20.6,79.3,41.6
20150523,0.8,175.2,10.0,22.6,115.2,71.9
20150524,1.0,181.5,12.8,20.9,143.5,102.0
20150525,1.1,199.4,18.9,21.3,155.1,97.5
20150526,0.9,187.1,14.6,20.1,147.4,94.0
20150527,0.7,158.7,7.5,20.2,120.8,83.3
20150528,4.5,152.9,19.1,24.2,155.3,113.8
20150529,0.5,79.7,3.2,20.4,76.0,31.7
20150530,0.4,108.1,4.7,21.4,67.7,29.0
20150531,0.7,124.5,13.1,22.8,92.3,46.5
20150601,0.5,172.6,29.6,18.0,142.3,65.7
20150602,0.2,80.4,3.4,6.4,44.7,19.9
20150603,0.4,66.0,5.1,21.0,86.6,21.1
20150604,0.4,74.0,4.6,15.0,43.7,20.3
20150605,0.4,81.5,4.3,19.4,48.7,24.9
20150606,0.3,69.3,3.4,12.8,25.9,11.0
20150607,0.3,54.5,4.2,12.9,21.4,6.8
20150608,0.3,85.0,8.1,12.7,82.0,12.3
20150609,0.7,136.8,11.8,19.4,83.3,35.8
20150610,1.0,94.4,3.1,18.0,63.0,67.5
20150611,0.3,80.2,3.5,12.0,14.7,6.8
20150612,0.2,83.9,4.7,12.7,25.6,5.5
20150613,0.2,99.6,2.2,8.4,21.0,4.9
20150614,0.2,108.9,4.5,13.6,30.7,11.3
20150615,0.8,158.4,11.2,22.5,101.1,69.8
20150616,0.8,146.6,11.0,20.4,134.6,82.5
20150617,0.3,141.1,4.1,5.7,35.0,23.4
20150618,0.1,92.2,2.0,6.5,19.1,5.3
20150619,0.1,62.2,3.0,10.6,31.6,8.7
20150620,0.1,107.8,2.1,12.4,27.1,12.9
20150621,0.2,145.4,3.8,17.8,55.5,27.4
20150622,0.6,162.4,14.2,18.7,108.2,75.5
20150623,1.1,177.0,16.3,21.5,172.4,148.9
20150624,0.8,78.6,8.8,28.6,200.0,153.1
20150625,0.7,83.2,4.7,18.8,146.0,136.4
20150626,0.5,131.0,2.2,15.8,0,94.4
20150627,0.4,115.0,3.8,17.7,80.7,74.5
20150628,0.9,145.7,9.1,21.1,115.9,148.8
20150629,0.6,75.2,5.4,17.4,0,104.9
20150630,0.1,68.3,2.0,11.1,16.7,8.8
20150701,0.1,62.2,2.5,8.4,20.7,5.9
20150702,0.1,84.2,7.8,9.7,12.9,4.6
20150703,0.4,107.6,7.0,25.7,61.7,19.9
20150704,0.5,82.3,6.5,32.2,61.8,31.4
20150705,0.6,141.6,8.4,20.3,79.8,56.5
20150706,1.0,159.1,12.5,23.6,79.3,75.1
20150707,0.6,166.1,6.3,22.7,87.6,65.0
20150708,0.7,178.4,8.0,23.8,123.5,107.8
20150709,0.6,168.0,11.2,21.0,96.0,72.1
20150710,0.3,145.5,8.2,24.5,85.9,48.3
20150711,0.6,168.8,9.2,18.7,126.8,92.1
20150712,0.4,182.0,5.4,18.4,136.3,86.9
20150713,0.2,139.7,3.1,16.0,95.9,43.7
20150714,0.2,112.2,3.4,13.7,47.6,26.9
20150715,0.2,87.8,6.0,19.5,40.7,28.7
20150716,0.3,79.5,2.0,11.1,30.5,22.8
20150717,0.3,57.0,3.5,15.4,38.2,26.7
20150718,0.4,83.0,2.0,11.9,19.0,36.1
20150719,0.5,65.0,2.2,18.2,46.0,57.0
20150720,0.4,67.0,2.0,12.9,39.0,64.5
20150721,0.7,68.7,2.6,21.4,0,136.9
20150722,0.3,75.2,3.2,10.8,39.6,38.2
20150723,0.5,72.1,3.5,12.0,37.1,22.1
20150724,0.6,76.0,4.0,14.1,58.2,37.3
20150725,0.8,96.3,1.9,16.5,80.7,62.0
20150726,0.7,88.7,5.7,15.3,72.3,56.8
20150727,1.0,91.0,2.5,18.8,104.2,86.5
20150728,0.6,67.2,2.4,17.8,39.5,32.0
20150729,0.5,85.5,1.9,13.1,47.1,33.8
20150730,0.7,70.1,2.3,14.7,45.4,32.6
20150731,0.4,71.7,2.0,15.3,27.6,17.2
20150801,0.6,68.2,3.4,21.2,57.6,51.0
20150802,0.5,105.0,3.0,21.0,56.5,46.8
20150803,0.4,74.8,8.8,14.8,27.9,32.2
20150804,0.5,136.5,10.8,17.7,34.9,12.7
20150805,0.7,135.7,4.8,18.1,64.3,41.6
20150806,0.6,90.3,3.0,15.2,59.7,38.5
20150807,0.9,114.4,4.5,22.5,119.5,93.5
20150808,0.5,101.5,3.7,16.4,39.1,26.2
20150809,0.7,137.7,7.1,19.0,63.5,39.0
20150810,0.5,108.5,3.5,14.0,42.0,23.6
20150811,1.0,138.8,5.2,15.6,97.4,64.9
20150812,0.9,156.7,9.2,16.5,91.3,55.2
20150813,1.1,180.3,7.0,18.6,153.0,110.2
20150814,0.6,127.5,7.5,12.1,57.9,40.6
20150815,0.4,101.9,6.0,13.6,31.9,13.0
20150816,0.5,161.2,5.0,17.8,55.5,19.3
20150817,0.8,129.9,9.4,21.2,280.2,75.1
20150818,0.8,108.7,5.6,23.7,112.9,60.4
20150819,0.6,98.8,4.5,18.2,62.5,39.8
20150820,0.6,88.0,5.5,10.3,40.9,31.1
20150821,0.4,90.0,5.6,10.0,22.9,8.0
20150822,0.4,72.8,3.9,6.8,16.2,4.4
20150823,0.9,62.8,6.3,9.3,51.9,25.5
20150824,0.4,62.6,4.1,6.2,37.9,9.2
20150825,0.4,63.6,4.0,5.5,20.3,10.5
20150826,0.4,67.3,4.0,5.9,10.2,6.9
20150827,0.4,67.6,4.1,6.7,10.2,5.7
20150828,0.5,70.2,9.9,7.6,19.5,11.0
20150829,0.6,113.0,4.8,10.2,43.0,26.2
20150830,0.8,84.4,6.0,10.0,30.4,22.8
20150831,0.5,66.2,4.3,6.4,22.8,18.2
20150901,0.2,60.1,4.1,6.4,10.7,8.6
20150902,0.4,71.5,3.7,6.1,12.0,6.6
20150903,0.4,87.9,1.9,6.0,19.8,10.3
20150904,1.3,78.4,3.8,12.1,42.9,30.4
20150905,0.6,91.4,1.9,9.4,11.9,10.0
20150906,0.4,84.6,2.1,8.5,23.2,11.9
20150907,0.5,79.8,2.9,14.1,30.2,16.5
20150908,0.7,108.4,4.8,18.1,54.8,35.8
20150909,0.5,75.4,4.2,11.2,26.5,15.5
20150910,0.3,38.3,2.0,12.3,13.0,6.0
20150911,0.3,62.3,2.1,12.9,10.8,7.8
20150912,0.3,62.3,1.9,12.9,13.7,5.8
20150913,0.4,84.2,3.5,19.1,28.8,9.6
20150914,0.6,88.6,6.6,24.6,75.3,47.1
20150915,0.9,109.9,11.4,20.0,100.5,85.9
20150916,0.9,136.1,5.0,21.7,117.2,102.4
20150917,1.0,133.5,5.0,21.2,143.4,126.7
20150918,0.6,91.6,2.6,14.1,38.6,42.0
20150919,0.3,77.2,1.9,20.0,27.8,11.0
20150920,0.8,85.5,5.2,32.0,95.3,79.3
20150921,1.0,92.4,8.9,36.7,130.4,95.9
20150922,1.1,52.5,5.8,34.5,143.0,111.0
20150923,0.5,54.2,2.0,21.6,36.0,22.7
20150924,0.8,77.4,4.1,21.0,52.7,75.9
20150925,0.3,54.9,2.8,17.9,18.5,9.6
20150926,0.3,74.7,3.0,21.8,39.4,18.5
20150927,0.4,89.8,2.5,16.9,49.2,27.8
20150928,0.7,52.5,2.7,15.8,47.6,33.8
20150929,0.7,28.5,1.9,14.6,27.1,35.0
20150930,0.5,40.3,2.8,19.1,8.0,22.7
20151001,0.3,61.0,6.2,12.9,0,6.4
20151002,0.4,64.1,9.7,16.3,0,14.6
20151003,0.4,67.3,9.8,22.3,0,13.1
20151004,0.9,79.8,11.2,28.1,0,64.0
20151005,1.4,122.7,13.0,27.5,0,175.0
20151006,1.5,146.2,10.9,25.0,0,188.0
20151007,1.5,106.5,9.6,28.3,0,230.6
20151008,0.3,55.9,7.0,12.3,44.8,6.0
20151009,0.3,68.0,7.2,9.2,28.0,5.9
20151010,0.3,60.9,6.5,5.2,13.6,3.7
20151011,0.4,80.6,7.7,5.8,15.1,5.8
20151012,0.5,64.1,11.4,17.5,32.1,9.8
20151013,0.6,70.5,14.6,22.9,45.6,14.3
20151014,0.9,66.0,9.7,38.0,99.6,54.7
20151015,1.1,83.1,12.7,41.7,99.5,65.6
20151016,1.4,127.1,9.2,37.4,130.8,128.5
20151017,2.0,108.1,11.8,43.0,0,242.3
20151018,0.7,57.1,4.8,25.5,51.3,18.5
20151019,0.8,36.3,4.3,39.8,81.8,35.9
20151020,1.3,20.6,8.2,41.1,99.8,68.0
20151021,1.2,9.4,3.6,33.2,80.0,44.8
20151022,0.6,24.8,1.9,18.2,15.5,14.1
20151023,0.9,20.7,3.8,34.0,52.6,37.6
20151024,1.1,30.7,4.7,33.9,61.4,44.5
20151025,1.2,15.7,8.6,47.4,57.0,31.5
20151026,0.9,41.0,2.0,24.7,89.4,28.3
20151027,0.5,51.0,3.8,12.7,32.1,11.4
20151028,0.5,64.3,3.1,7.3,11.6,5.0
20151029,0.5,66.5,3.1,5.5,16.3,6.1
20151030,0.8,44.5,7.7,21.6,32.4,12.7
20151031,1.0,36.0,13.3,39.5,51.1,23.5
20151101,1.0,42.8,13.9,37.8,58.8,30.1
20151102,1.1,50.7,19.2,36.3,74.0,31.1
20151103,1.7,38.4,22.4,61.3,140.4,119.0
20151104,1.7,30.4,17.7,58.9,186.2,172.2
20151105,1.5,16.5,13.2,36.9,162.9,86.5
20151106,1.3,25.0,8.7,30.2,0,31.4
20151107,1.7,16.2,10.2,42.5,0,43.0
20151108,1.7,10.2,11.7,45.1,55.0,66.1
20151109,1.7,4.5,6.0,59.4,142.0,107.2
20151110,1.6,5.8,3.8,54.0,0,88.9
20151111,1.4,8.3,4.8,31.2,60.0,58.4
20151112,2.1,2.0,5.2,49.9,121.0,101.7
20151113,3.0,2.0,13.3,58.6,175.9,176.7
20151114,3.4,3.2,14.6,69.0,209.2,185.9
20151115,2.6,10.4,10.5,57.2,0,159.2
20151116,1.4,2.0,7.3,44.6,77.5,63.3
20151117,1.2,3.1,9.2,41.8,78.0,55.5
20151118,1.1,4.8,9.7,48.2,81.2,64.7
20151119,1.5,2.3,3.1,41.8,72.0,47.5
20151120,2.7,3.0,14.5,44.8,0,58.7
20151121,2.5,2.0,13.2,44.5,0,52.4
20151122,1.4,7.8,11.4,37.5,0,55.3
20151123,0.8,38.1,12.0,20.2,13.0,35.7
20151124,0.9,39.7,12.0,26.2,47.2,36.0
20151125,0.8,26.8,4.9,20.2,26.1,33.8
20151126,0.5,41.2,9.4,11.0,11.9,15.1
20151127,2.0,4.9,18.3,61.7,122.5,100.5
20151128,2.9,6.2,31.1,74.9,225.0,168.0
20151129,2.9,20.2,25.8,55.9,214.0,126.4
20151130,2.1,10.8,16.6,48.6,177.4,97.2
20151201,6.8,2.3,35.0,118.8,455.6,409.0
20151202,0.2,37.9,2.1,5.2,46.6,5.9
20151203,0.3,50.8,3.4,3.0,25.8,8.1
20151204,0.5,52.0,9.0,11.0,14.4,12.1
20151205,0.6,42.0,11.0,22.1,28.6,18.8
20151206,1.6,8.9,15.3,58.7,87.2,81.4
20151207,2.8,5.2,24.4,75.2,154.5,166.5
20151208,4.1,2.1,26.2,80.9,232.2,225.2
20151209,3.0,7.0,16.2,60.4,0,190.8
20151210,1.1,41.6,20.0,34.7,0,63.9
20151211,0.9,25.0,10.7,44.2,57.3,37.7
20151212,1.9,3.4,16.7,69.2,117.7,86.1
20151213,2.4,4.2,17.5,77.2,138.7,126.5
20151214,2.2,32.9,11.7,52.6,45.7,99.5
20151215,0.2,65.0,2.3,2.7,8.6,4.7
20151216,0.2,50.5,2.9,3.1,15.2,5.0
20151217,1.0,25.2,16.2,37.0,59.3,36.3
20151218,0.7,39.1,19.3,23.3,59.3,27.5
20151219,1.6,11.3,16.2,51.7,104.3,84.2
20151220,2.6,4.5,19.8,77.2,179.5,162.8
20151221,3.1,6.8,24.4,75.7,260.3,193.5
20151222,3.2,12.9,23.7,64.9,297.0,208.8
20151223,2.6,37.9,21.4,45.2,189.0,153.6
20151224,0.9,48.1,21.5,32.2,63.6,49.5
20151225,4.8,9.4,9.1,99.3,444.4,330.8
20151226,6.6,2.4,9.3,114.6,441.6,391.5
20151227,1.2,17.1,8.5,43.6,64.0,58.4
20151228,1.9,5.3,12.5,60.5,150.0,109.6
20151229,2.6,5.2,18.6,78.9,256.7,183.6
20151230,0.7,58.2,7.3,23.1,10.9,27.8
20151231,1.4,23.7,16.0,46.1,70.4,45.5
