date,CO,O3,SO2,NO2,PM10,PM2.5
20140101,0.0,0.0,0.0,0.0,100.1,54.8
20140102,0.0,0.0,0.0,0.0,169.8,125.9
20140103,0.0,0.0,0.0,0.0,90.7,42.9
20140104,0.0,0.0,0.0,0.0,137.6,127.2
20140105,0.0,0.0,0.0,0.0,78.5,84.0
20140106,0.0,0.0,0.0,0.0,109.9,128.7
20140107,0.0,0.0,0.0,0.0,82.2,95.7
20140108,0.0,0.0,0.0,0.0,9.5,16.8
20140109,0.0,0.0,0.0,0.0,33.0,24.7
20140110,0.0,0.0,0.0,0.0,38.8,64.3
20140111,0.0,0.0,0.0,0.0,16.7,130.5
20140112,0.0,0.0,0.0,0.0,8.0,23.4
20140113,0.0,0.0,0.0,0.0,94.0,101.2
20140114,0.0,0.0,0.0,0.0,118.0,93.3
20140115,0.0,0.0,0.0,0.0,199.5,175.1
20140116,0.0,0.0,0.0,0.0,403.7,378.3
20140117,0.0,0.0,0.0,0.0,150.8,160.4
20140118,0.0,0.0,0.0,0.0,78.2,71.2
20140119,0.0,0.0,0.0,0.0,199.9,118.5
20140120,0.0,0.0,0.0,0.0,37.1,7.2
20140121,0.0,0.0,0.0,0.0,49.8,42.1
20140122,0.0,0.0,0.0,0.0,141.9,124.8
20140123,0.0,0.0,0.0,0.0,272.7,234.1
20140124,0.0,0.0,0.0,0.0,174.0,130.1
20140125,0.0,0.0,0.0,0.0,31.0,17.1
20140126,0.0,0.0,0.0,0.0,69.7,48.3
20140127,0.0,0.0,0.0,0.0,116.7,77.4
20140128,0.0,0.0,0.0,0.0,71.8,37.8
20140129,0.0,0.0,0.0,0.0,137.5,119.5
20140130,0.0,0.0,0.0,0.0,87.2,59.6
20140131,0.0,0.0,0.0,0.0,176.9,138.8
20140201,0.0,0.0,0.0,0.0,130.7,131.5
20140202,0.0,0.0,0.0,0.0,99.0,66.3
20140203,0.0,0.0,0.0,0.0,32.3,5.6
20140204,0.0,0.0,0.0,0.0,44.2,26.7
20140205,0.0,0.0,0.0,0.0,98.1,84.5
20140206,0.0,0.0,0.0,0.0,115.4,116.7
20140207,0.0,0.0,0.0,0.0,64.7,84.2
20140208,0.0,0.0,0.0,0.0,36.5,49.4
20140209,0.0,0.0,0.0,0.0,12.7,9.7
20140210,0.0,0.0,0.0,0.0,21.4,23.3
20140211,0.0,0.0,0.0,0.0,102.3,116.0
20140212,0.0,0.0,0.0,0.0,114.8,120.7
20140213,0.0,0.0,0.0,0.0,172.0,182.5
20140214,0.0,0.0,0.0,0.0,280.3,279.2
20140215,0.0,0.0,0.0,0.0,394.9,398.0
20140216,0.0,0.0,0.0,0.0,257.6,290.5
20140217,0.0,0.0,0.0,0.0,60.7,70.8
20140218,0.0,0.0,0.0,0.0,59.7,64.6
20140219,0.0,0.0,0.0,0.0,66.5,60.4
20140220,0.0,0.0,0.0,0.0,219.6,204.7
20140221,0.0,0.0,0.0,0.0,268.9,241.8
20140222,0.0,0.0,0.0,0.0,278.2,241.3
20140223,0.0,0.0,0.0,0.0,281.2,192.8
20140224,0.0,0.0,0.0,0.0,326.5,253.8
20140225,0.0,0.0,0.0,0.0,395.4,359.4
20140226,0.0,0.0,0.0,0.0,296.6,335.1
20140227,0.0,0.0,0.0,0.0,6.3,17.2
20140228,0.0,0.0,0.0,0.0,60.3,76.8
20140301,0.0,0.0,0.0,0.0,64.5,64.8
20140302,0.0,0.0,0.0,0.0,150.8,128.6
20140303,0.0,0.0,0.0,0.0,228.5,211.4
20140304,0.0,0.0,0.0,0.0,54.8,47.0
20140305,0.0,0.0,0.0,0.0,23.0,22.3
20140306,0.0,0.0,0.0,0.0,17.5,16.8
20140307,0.0,0.0,0.0,0.0,65.8,51.9
20140308,0.0,0.0,0.0,0.0,162.2,140.3
20140309,0.0,0.0,0.0,0.0,99.7,95.3
20140310,0.0,0.0,0.0,0.0,91.2,77.3
20140311,0.0,0.0,0.0,0.0,186.3,171.4
20140312,0.0,0.0,0.0,0.0,14.5,12.4
20140313,0.0,0.0,0.0,0.0,62.8,21.3
20140314,0.0,0.0,0.0,0.0,70.6,20.8
20140315,0.0,0.0,0.0,0.0,174.0,100.7
20140316,0.0,0.0,0.0,0.0,176.5,107.7
20140317,0.0,0.0,0.0,0.0,203.2,81.6
20140318,0.0,0.0,0.0,0.0,87.9,35.9
20140319,0.0,0.0,0.0,0.0,75.0,46.3
20140320,0.0,0.0,0.0,0.0,14.4,10.1
20140321,0.0,0.0,0.0,0.0,44.7,24.5
20140322,0.0,0.0,0.0,0.0,135.4,57.0
20140323,0.0,0.0,0.0,0.0,176.8,137.1
20140324,0.0,0.0,0.0,0.0,248.0,212.2
20140325,0.0,0.0,0.0,0.0,160.0,119.2
20140326,0.0,0.0,0.0,0.0,335.4,286.1
20140327,0.0,0.0,0.0,0.0,313.3,244.0
20140328,0.0,0.0,0.0,0.0,160.9,124.4
20140329,0.0,0.0,0.0,0.0,83.1,33.2
20140330,0.0,0.0,0.0,0.0,78.2,30.7
20140331,0.0,0.0,0.0,0.0,196.3,146.9
20140401,0.0,0.0,0.0,0.0,124.3,117.7
20140402,1.3,116.2,25.6,39.2,175.8,106.1
20140403,1.0,65.0,7.1,29.7,79.2,17.8
20140404,1.0,62.1,9.2,35.6,135.7,31.2
20140405,1.0,77.5,7.3,27.0,89.6,24.4
20140406,0.8,38.6,8.6,42.9,104.8,39.7
20140408,1.3,81.3,28.2,34.7,132.4,99.7
20140409,1.5,82.2,26.8,47.1,235.0,109.2
20140410,1.8,50.0,31.0,46.1,407.3,68.8
20140411,1.5,55.0,19.7,59.5,101.5,56.0
20140412,2.0,60.5,31.4,77.1,142.5,107.6
20140413,2.0,92.5,31.3,68.6,194.6,160.5
20140414,2.5,84.9,41.1,84.5,290.2,220.2
20140415,1.0,48.2,16.0,55.6,104.5,43.2
20140416,1.1,63.2,15.1,67.2,116.5,53.0
20140417,2.0,49.4,28.5,80.6,123.2,94.2
20140418,2.2,17.1,22.8,75.5,153.2,124.9
20140419,1.0,73.0,10.6,44.2,67.7,57.0
20140420,1.2,52.9,9.8,59.0,80.4,65.5
20140421,0.0,0.0,0.0,0.0,0.0,0.0
20140422,0.9,77.1,12.3,51.6,89.8,66.6
20140423,1.2,71.5,23.9,31.0,122.5,99.3
20140429,1.0,83.7,20.2,57.7,140.3,72.3
20140430,1.0,102.1,28.1,51.6,0,90.9
20140501,1.0,93.9,26.2,32.5,195.3,109.8
20140502,0.4,71.3,4.5,21.0,48.2,15.4
20140503,0.5,48.8,7.7,40.6,164.3,36.8
20140504,0.3,66.1,2.4,14.6,68.3,30.7
20140505,0.4,55.9,3.6,31.6,57.5,15.1
20140506,1.0,59.8,33.8,59.5,146.4,78.5
20140507,1.1,63.1,18.9,47.1,126.4,67.3
20140508,1.1,95.7,21.5,42.2,116.2,90.0
20140509,1.4,74.0,36.5,52.7,117.0,63.4
20140510,1.3,71.6,29.5,49.8,96.2,49.7
20140511,0.9,72.3,2.6,26.1,47.3,20.1
20140512,0.8,71.8,7.2,42.2,87.3,48.7
20140513,0.7,69.3,11.9,55.5,140.3,69.3
20140514,0.3,70.1,5.4,26.1,72.3,20.0
20140515,0.6,52.6,9.0,63.4,198.7,50.1
20140516,0.7,77.9,12.6,59.4,160.7,45.3
20140517,1.2,98.1,29.6,68.3,121.8,54.9
20140518,1.1,116.6,29.7,67.7,164.7,82.2
20140519,1.0,146.9,19.2,51.0,182.5,115.3
20140520,1.0,120.2,14.9,54.0,257.5,94.8
20140521,1.5,127.4,31.1,60.6,258.7,112.4
20140522,1.6,105.0,21.0,68.1,227.3,146.5
20140523,0.8,146.4,21.6,42.6,154.0,73.0
20140524,1.2,54.5,9.1,45.6,207.5,87.0
20140525,0.7,64.0,2.3,27.8,0,66.4
20140526,0.5,71.3,4.5,57.6,84.3,14.3
20140527,0.5,62.3,3.1,49.9,170.7,29.8
20140528,0.8,92.7,8.4,58.7,105.8,24.5
20140529,0.9,110.9,12.5,62.1,156.4,58.3
20140530,1.9,144.2,48.6,0,0,99.1
20140531,2.4,133.0,59.8,0,0,105.7
20140601,0.8,112.4,3.3,0,0,42.2
20140602,0.6,94.3,3.7,0,0,24.1
20140603,0.8,108.7,7.8,30.8,0,32.4
20140604,1.0,112.4,14.0,53.1,110.9,53.0
20140605,1.0,120.8,13.1,52.0,131.7,67.2
20140606,1.3,53.2,14.5,51.5,102.7,55.7
20140607,0.5,68.3,2.3,34.7,31.4,7.4
20140608,1.0,48.2,10.8,70.4,77.1,29.6
20140609,0.8,73.9,7.3,52.4,66.7,25.8
20140610,1.5,73.6,9.0,51.3,105.9,70.3
20140611,0.8,75.9,3.9,36.3,85.0,34.2
20140612,0.6,69.5,5.7,41.6,57.5,20.5
20140613,1.1,92.7,10.9,50.8,126.7,59.6
20140614,0.7,123.0,3.9,45.0,106.1,36.4
20140615,1.5,128.4,24.1,59.6,178.9,113.4
20140616,1.2,113.8,5.4,43.5,0,135.4
20140617,1.1,99.8,4.3,43.5,0,82.0
20140618,0.9,94.8,4.9,42.6,0,65.1
20140619,1.4,80.3,8.9,52.3,0,127.1
20140620,0.9,86.2,3.1,31.7,0,32.4
20140621,1.0,86.7,6.5,38.9,0,55.3
20140622,0.8,82.8,2.6,39.5,0,29.7
20140623,0.6,92.4,2.1,43.0,82.2,20.7
20140624,1.0,111.2,9.2,65.1,187.7,57.2
20140625,1.3,83.4,20.6,52.7,0,104.6
20140626,1.2,121.9,6.0,39.0,0,143.3
20140627,0.4,80.7,3.0,38.3,0,18.6
20140628,0.5,79.9,3.7,43.6,0,21.5
20140629,1.4,112.3,18.9,57.5,0,57.0
20140630,1.2,137.8,21.5,57.3,0,74.4
20140701,1.2,136.2,36.6,46.9,0,121.8
20140702,1.0,94.9,2.0,34.7,0,65.1
20140703,1.4,82.5,8.7,48.2,0,215.9
20140704,1.6,102.7,5.8,55.8,0,216.2
20140705,1.2,101.6,5.9,42.6,0,126.4
20140706,1.6,125.3,18.2,41.2,0,213.7
20140707,1.3,103.1,16.4,48.5,0,181.8
20140708,1.0,69.6,11.4,49.3,0,107.1
20140709,0.5,45.1,4.5,54.2,0.0,21.5
20140710,0.6,85.6,7.5,50.3,0,28.8
20140711,0.5,80.6,6.2,46.1,0,27.1
20140712,0.4,80.3,2.5,37.7,0,8.4
20140713,0.5,67.6,3.5,47.5,0,16.1
20140714,0.6,98.6,6.7,53.0,0,27.8
20140715,0.6,126.2,7.1,26.6,0,49.2
20140716,1.1,80.2,6.9,54.1,0,130.0
20140717,2.3,68.7,9.5,52.0,0,157.6
20140718,1.7,107.9,12.8,46.4,0,134.3
20140719,0.7,94.4,5.7,33.5,0,71.2
20140720,0.8,100.1,8.1,28.4,0,65.7
20140721,0.5,67.1,6.1,24.8,0,24.0
20140722,0.5,35.8,8.7,42.7,0,11.3
20140723,0.8,36.6,6.4,70.9,0,25.9
20140724,1.2,48.2,10.8,80.0,0,71.8
20140725,1.5,86.0,10.8,44.4,0.0,78.4
20140726,1.4,144.1,13.7,34.9,0,108.6
20140727,1.0,142.8,24.5,32.4,0,111.1
20140728,1.0,123.6,12.4,26.3,0,117.6
20140729,0.2,16.8,1.8,6.0,0.0,19.4
20140730,1.6,88.9,3.2,31.4,0.0,136.3
20140731,1.7,104.4,6.4,38.5,0,213.0
20140801,1.6,92.6,6.4,40.5,0,152.7
20140802,1.2,87.4,4.3,43.9,0,117.3
20140803,1.2,98.6,2.1,50.4,0,131.3
20140804,0.7,32.2,3.0,46.5,0,38.9
20140805,0.7,60.6,6.1,39.2,0,24.6
20140806,0.6,60.6,3.2,55.3,0,34.4
20140807,1.4,106.0,14.4,53.1,0,70.7
20140808,1.2,107.5,12.5,46.5,0,61.3
20140809,1.2,117.7,15.2,43.2,0,82.6
20140810,0.7,102.3,3.0,34.2,0,38.7
20140811,0.6,76.9,3.0,45.2,0,19.3
20140812,1.2,105.6,17.0,51.2,0,25.7
20140813,0.7,59.0,1.8,32.6,0.0,26.2
20140814,0.8,77.7,5.1,40.3,0,32.9
20140815,0.8,87.6,7.1,54.9,0,42.8
20140816,1.1,126.0,10.3,57.3,0,68.5
20140817,0.8,134.2,7.5,33.4,0,47.4
20140818,1.0,109.8,8.4,40.8,0,64.7
20140819,1.0,117.2,9.0,39.5,0.0,82.9
20140820,1.2,127.3,22.5,36.5,148.6,103.4
20140821,1.3,118.4,16.7,51.9,176.4,141.2
20140822,1.0,59.0,4.9,66.6,98.3,59.6
20140823,1.4,110.7,8.3,69.4,175.3,134.6
20140824,0.5,71.8,5.7,31.7,0,17.7
20140825,0.5,66.3,4.6,43.5,78.9,14.6
20140826,0.6,62.4,6.4,64.1,81.3,22.4
20140827,0.9,96.8,11.7,72.0,131.2,51.3
20140828,1.0,97.8,12.0,59.8,131.6,88.0
20140829,1.1,110.6,6.4,40.9,95.0,81.4
20140830,1.9,49.7,8.7,71.2,0,156.1
20140831,1.2,89.1,2.6,34.9,0,80.5
20140901,1.9,53.6,5.5,61.8,0,110.7
20140902,1.0,62.4,1.9,37.7,0,20.1
20140903,0.6,61.4,6.5,39.5,60.3,8.1
20140904,1.0,77.7,8.7,68.4,110.0,41.1
20140905,1.2,106.3,15.0,63.1,161.0,96.7
20140906,1.7,119.6,21.9,43.2,0,143.6
20140907,1.4,97.9,20.3,48.9,181.5,149.5
20140908,0.4,75.3,3.7,26.7,43.9,9.4
20140909,0.7,76.0,7.0,56.6,94.8,30.7
20140910,1.3,93.9,18.9,62.0,113.4,66.0
20140911,1.8,63.2,29.9,71.2,145.3,93.0
20140912,1.0,49.0,6.2,56.2,0,71.2
20140913,0.9,76.0,11.2,52.7,85.1,58.3
20140914,0.7,33.7,5.4,59.1,84.0,44.3
20140915,0.5,42.4,5.3,40.5,51.7,14.0
20140916,0.7,21.3,6.4,76.2,101.0,38.4
20140917,0.7,34.4,5.1,58.4,71.3,35.2
20140918,0.9,62.0,5.5,67.3,96.1,67.5
20140919,1.0,61.9,9.6,61.8,142.0,94.0
20140920,1.3,81.2,8.0,68.5,0,132.0
20140921,1.9,64.0,25.0,53.2,0,94.5
20140922,2.6,17.5,19.1,76.4,0,97.4
20140923,1.4,11.2,3.4,53.6,0,49.4
20140924,1.3,36.4,4.0,41.6,0,25.0
20140925,1.5,29.8,4.5,63.4,144.7,108.2
20140926,1.7,34.6,17.5,67.0,0,130.0
20140927,0.7,43.2,2.2,49.8,128.2,18.4
20140928,1.4,22.0,15.6,71.6,116.8,58.2
20140929,1.0,30.3,5.4,48.8,98.3,52.7
20140930,0.7,26.2,7.0,42.9,49.3,21.3
20141001,1.1,4.4,5.5,63.8,121.1,66.8
20141002,1.2,17.4,4.8,56.1,0,60.9
20141003,2.2,9.0,6.0,69.8,167.8,116.7
20141004,1.3,36.5,2.5,44.0,0,68.9
20141005,0.9,30.1,2.7,41.7,0,32.4
20141006,0.6,33.2,4.8,55.2,68.1,25.3
20141007,1.5,33.7,18.8,96.4,186.3,126.9
20141008,2.7,15.4,14.3,133.6,315.6,260.0
20141009,2.6,23.1,8.4,123.1,346.6,304.5
20141010,1.8,49.7,16.8,68.1,158.5,180.2
20141011,1.6,39.0,8.1,61.9,0,143.9
20141012,0.3,42.0,3.1,25.4,7.5,3.0
20141013,0.4,37.6,4.3,32.4,39.4,11.3
20141014,0.8,27.0,9.6,62.4,91.4,39.5
20141015,0.7,32.9,6.3,48.5,121.0,42.9
20141016,0.7,34.9,7.7,54.4,92.6,29.1
20141017,1.4,26.3,13.5,113.7,199.0,100.6
20141018,2.4,41.8,29.2,139.0,273.1,164.3
20141019,2.6,33.4,16.6,124.8,328.9,226.9
20141020,1.7,25.7,5.5,81.8,250.7,185.3
20141021,1.3,18.5,21.3,54.8,102.2,20.8
20141022,1.4,5.2,12.8,71.6,142.1,60.5
20141023,1.8,6.3,17.1,93.6,187.3,115.0
20141024,2.6,20.6,15.0,107.3,292.6,208.8
20141025,2.8,26.8,9.4,109.5,341.0,322.8
20141026,1.0,36.8,2.5,49.1,0,95.0
20141027,0.7,24.4,12.0,53.6,64.7,21.5
20141028,1.0,19.5,15.0,61.3,90.9,56.6
20141029,1.4,15.9,22.0,95.3,170.7,96.5
20141030,1.9,10.0,33.2,112.1,204.8,137.6
20141031,2.2,9.9,16.7,92.8,188.2,152.2
20141101,1.1,26.7,7.9,48.4,93.4,59.9
20141102,0.3,46.8,5.9,20.1,22.7,3.7
20141103,0.9,26.4,6.5,48.3,63.2,22.0
20141104,1.6,17.1,28.2,82.2,166.4,101.2
20141105,1.2,36.9,12.0,49.7,97.6,50.9
20141106,0.4,44.8,3.4,24.5,25.6,7.6
20141107,1.2,18.1,13.8,38.9,66.1,32.1
20141108,1.4,24.3,13.2,54.8,92.0,58.7
20141109,1.0,32.5,6.9,54.0,76.6,48.7
20141110,1.3,19.3,10.0,71.2,94.3,62.8
20141111,0.9,39.7,4.6,34.0,78.9,31.4
20141112,0.3,64.5,2.8,9.4,55.9,4.0
20141113,1.1,29.6,8.0,44.6,51.2,20.1
20141114,1.2,16.8,15.4,58.6,62.9,27.6
20141115,2.7,4.6,42.7,100.2,194.1,108.9
20141116,1.7,29.1,18.5,55.5,142.3,73.2
20141117,0.7,36.6,13.1,46.2,41.3,17.9
20141118,1.7,9.7,33.6,78.1,110.2,59.1
20141119,4.0,4.2,58.3,127.4,344.0,224.3
20141120,3.9,5.8,46.1,139.2,374.5,258.7
20141121,3.1,13.6,27.8,109.2,242.6,161.2
20141122,0.9,26.2,15.7,51.7,48.1,23.2
20141123,2.6,2.8,28.6,84.1,148.5,94.7
20141124,1.7,15.7,14.1,70.6,93.3,57.6
20141125,2.7,9.4,33.7,87.7,193.3,131.7
20141126,4.0,4.9,41.0,115.7,311.4,212.4
20141127,1.3,22.5,10.4,56.6,98.1,44.4
20141128,1.8,15.7,26.4,65.1,143.3,66.9
20141129,4.0,2.8,25.2,89.3,346.8,233.0
20141130,1.3,39.8,11.1,39.1,238.1,61.1
20141201,0.4,50.7,5.9,17.7,80.5,6.1
20141202,1.1,17.8,17.2,45.7,65.2,34.0
20141203,0.7,38.8,10.1,25.7,68.8,16.7
20141204,0.3,53.8,10.2,16.6,38.2,5.0
20141205,0.8,35.2,21.2,40.2,54.7,25.8
20141206,1.5,14.2,29.7,65.2,85.8,41.4
20141207,1.4,26.2,26.9,45.5,69.4,36.2
20141208,1.3,23.4,26.8,54.7,76.3,45.0
20141209,6.1,4.5,61.3,108.7,347.1,237.8
20141210,2.8,29.7,37.5,64.5,237.7,104.1
20141211,0.7,41.6,17.1,34.2,58.0,16.7
20141212,0.4,46.0,10.6,19.0,41.3,4.8
20141213,1.3,26.8,23.9,45.1,78.2,33.7
20141214,2.0,11.5,36.3,74.6,119.7,65.5
20141215,1.6,40.0,27.0,44.6,125.2,53.6
20141216,0.3,51.7,5.4,12.4,40.4,3.6
20141217,1.6,15.8,27.6,56.2,119.0,61.7
20141218,3.8,6.8,80.5,79.1,188.6,118.2
20141219,1.2,45.6,20.4,34.9,62.2,29.1
20141220,0.5,33.8,10.4,26.0,13.8,3.8
20141221,0.7,35.7,10.3,28.0,39.4,10.0
20141222,2.5,11.1,45.6,73.9,132.7,68.5
20141223,2.6,12.9,47.2,77.3,120.9,67.4
20141224,0.5,42.6,18.4,30.4,29.8,7.4
20141225,0.9,28.9,22.3,51.2,40.4,21.0
20141226,3.7,4.6,69.4,97.7,183.9,160.7
20141227,4.1,5.3,72.3,107.2,180.9,179.3
20141228,1.8,33.9,48.2,71.0,173.2,79.6
20141229,3.3,18.0,47.8,92.0,200.9,115.1
20141230,1.3,24.6,24.4,60.6,70.8,20.1
20141231,0.3,57.1,8.8,14.5,0.0,0.0
20150101,1.0,34.4,18.6,39.7,61.2,29.7
20150102,1.5,20.9,27.4,57.3,83.4,41.2
20150103,3.8,7.7,71.0,97.5,226.9,201.5
20150104,3.8,7.8,70.7,106.0,239.0,182.5
20150105,2.4,40.3,50.5,56.7,151.3,75.1
20150106,0.8,42.8,24.1,38.4,56.8,31.7
20150107,1.8,13.3,41.7,65.3,89.3,57.9
20150108,3.4,8.7,50.2,95.3,170.1,142.0
20150109,1.8,28.3,37.0,70.1,118.7,88.2
20150110,3.6,15.6,71.0,106.3,218.3,194.1
20150111,0.8,34.5,12.9,42.0,53.5,30.7
20150112,1.9,15.7,36.7,62.7,115.5,98.3
20150113,2.9,7.1,54.8,88.6,174.8,162.2
20150114,3.3,4.4,60.2,97.1,271.5,231.2
20150115,4.7,5.3,42.1,106.4,439.8,309.3
20150116,1.5,46.6,12.9,37.9,105.5,93.4
20150117,1.1,25.3,31.8,54.3,104.4,61.9
20150118,1.6,32.2,32.9,56.2,118.8,74.2
20150119,1.3,22.9,28.6,61.6,71.2,39.2
20150120,2.1,8.1,50.1,81.3,106.3,82.5
20150121,0.6,38.4,17.4,37.1,31.9,13.3
20150122,2.1,9.9,44.1,84.1,101.3,111.0
20150123,3.5,5.6,68.1,117.1,247.1,231.8
20150124,1.5,18.3,23.1,62.8,102.9,87.5
20150125,1.5,13.0,18.4,52.2,0,136.7
20150126,1.5,35.5,14.0,41.1,17.6,106.3
20150127,0.6,42.0,15.8,30.4,46.1,18.0
20150128,1.0,25.1,17.6,47.2,53.3,29.4
20150129,1.9,30.7,20.0,33.9,33.9,62.0
20150130,0.9,47.9,12.7,26.4,26.5,11.8
20150131,0.8,27.5,16.8,42.9,41.9,34.3
20150201,1.9,11.8,41.4,69.5,67.4,87.4
20150202,2.4,15.6,57.9,84.6,85.8,171.5
20150203,1.8,37.1,27.6,55.3,51.3,118.7
20150204,0.4,53.9,9.9,18.5,46.1,10.9
20150205,0.7,45.0,14.2,38.0,41.8,30.2
20150206,1.8,18.7,32.3,78.5,109.9,84.3
20150207,0.4,56.1,13.1,24.2,37.3,10.7
20150208,0.5,43.0,16.4,25.6,47.5,26.7
20150209,1.9,17.5,45.4,71.8,114.3,137.0
20150210,2.6,20.2,48.5,98.5,0,156.6
20150211,1.3,40.8,29.2,49.6,32.0,51.2
20150212,0.8,44.5,14.7,44.5,43.3,28.3
20150213,2.5,24.7,35.2,82.7,104.9,149.1
20150214,3.3,28.2,63.2,116.0,0,299.6
20150215,5.2,14.0,85.6,124.7,0,347.4
20150216,2.3,35.0,32.0,52.1,40.4,135.1
20150217,0.2,16.9,3.6,12.6,9.2,9.3
20150218,0.9,48.8,15.7,34.0,110.2,59.5
20150219,1.5,40.5,48.3,37.5,251.1,210.3
20150220,1.8,19.5,12.4,40.5,0,149.7
20150221,1.5,34.0,14.0,26.2,420.3,169.8
20150222,0.4,47.7,6.2,16.5,264.3,42.7
20150223,0.9,34.9,24.3,32.3,108.4,58.1
20150224,2.3,25.3,40.6,57.7,213.5,173.9
20150225,0.9,45.1,14.1,30.1,101.9,66.6
20150226,0.4,52.3,6.5,21.2,25.8,13.7
20150227,0.2,18.6,2.0,12.4,6.0,3.3
20150301,0.2,1.1,2.6,6.5,8.0,3.1
20150302,1.6,38.1,25.4,50.0,109.6,69.3
20150303,0.3,65.7,3.5,11.4,61.1,9.4
20150304,0.8,36.2,13.4,34.2,47.0,27.3
20150305,1.9,28.6,54.3,54.9,147.8,129.8
20150306,2.4,30.3,64.0,74.2,185.7,218.7
20150307,2.8,38.2,47.5,82.6,0,255.7
20150308,1.5,39.9,30.9,53.3,63.5,128.6
20150309,0.3,67.0,2.9,13.9,32.7,8.1
20150310,0.8,45.1,10.7,33.9,61.2,35.8
20150311,1.2,36.2,15.2,50.2,67.6,48.6
20150312,1.7,27.6,25.4,63.3,100.5,73.3
20150313,1.6,34.9,23.2,60.3,76.0,67.6
20150314,2.0,16.1,44.2,78.6,119.4,97.8
20150315,2.1,41.4,28.9,71.1,205.6,96.2
20150316,2.3,17.5,33.2,84.1,347.1,220.8
20150317,2.0,46.8,18.8,58.7,309.4,214.6
20150318,0.9,53.3,11.8,40.9,109.1,44.9
20150319,1.3,33.4,12.7,75.2,285.8,86.6
20150320,0.7,51.3,8.2,47.6,233.3,43.4
20150321,0.4,59.8,6.6,29.0,108.3,21.7
20150322,0.4,60.3,4.1,16.7,122.2,19.1
20150323,0.7,41.6,8.3,36.4,101.7,33.8
20150324,1.9,47.4,34.0,60.2,123.8,83.5
20150325,2.1,49.4,52.0,75.2,159.4,123.7
20150326,1.0,76.0,25.7,47.2,197.1,101.7
20150327,1.0,83.6,34.1,45.1,184.7,99.2
20150328,0.6,64.9,8.2,30.3,362.6,60.5
20150329,1.3,44.3,19.5,74.5,411.8,77.1
20150330,1.5,71.1,33.2,67.6,408.2,144.1
20150331,2.2,41.2,16.7,51.7,183.6,148.6
20150401,0.7,39.8,6.8,46.2,71.8,52.5
20150402,0.8,63.0,4.5,24.9,38.9,36.9
20150403,0.6,78.8,6.3,28.8,44.3,30.9
20150404,0.7,90.5,7.5,32.7,94.9,67.2
20150405,0.5,63.5,3.2,32.0,130.7,59.0
20150406,0.3,70.2,2.2,16.9,46.1,22.9
20150407,0.4,63.2,2.9,24.4,53.5,24.0
20150408,0.9,53.1,12.2,44.4,154.4,104.8
20150409,1.4,56.0,23.2,60.2,221.0,172.4
20150410,1.3,57.4,12.1,71.1,214.9,177.5
20150411,2.0,70.6,22.1,49.6,204.4,155.0
20150412,0.2,68.9,2.7,14.8,33.1,12.8
20150413,0.4,89.7,2.6,19.6,51.2,28.6
20150414,0.8,59.0,5.4,56.0,107.1,58.6
20150415,1.0,52.7,15.8,78.3,340.2,107.8
20150416,0.2,87.6,3.3,14.5,129.8,22.1
20150417,0.8,57.7,20.3,55.4,186.0,101.4
20150418,1.7,44.8,31.9,104.3,282.4,148.1
20150419,0.7,62.9,6.8,34.1,124.6,67.7
20150420,0.9,64.4,9.7,44.1,122.9,74.9
20150421,0.7,65.4,11.3,44.0,134.4,60.1
20150422,0.8,73.7,10.7,49.5,64.9,45.5
20150423,0.7,53.5,16.4,57.3,78.0,60.1
20150424,0.7,79.9,11.1,45.3,125.9,52.8
20150425,0.9,92.9,20.5,73.1,165.7,73.2
20150426,1.0,119.6,29.2,51.8,186.3,100.2
20150427,0.9,99.9,15.4,49.3,134.9,84.3
20150428,0.8,87.4,8.2,43.9,68.3,43.9
20150429,1.6,95.7,18.1,50.9,137.8,121.7
20150430,1.1,119.3,17.1,44.1,135.6,105.5
20150501,1.2,57.2,15.4,52.9,190.7,131.4
20150502,0.6,78.5,2.3,31.2,69.6,41.2
20150503,0.5,75.1,3.5,25.3,110.1,41.3
20150504,0.4,86.7,6.0,22.1,63.7,20.2
20150505,0.5,69.4,9.3,41.8,106.8,50.9
20150506,0.4,72.8,4.1,30.3,76.1,22.9
20150507,0.6,80.5,8.3,34.0,126.9,49.3
20150508,0.9,73.8,13.4,41.3,98.7,51.2
20150509,0.9,46.7,7.7,33.7,46.5,32.7
20150510,1.2,31.9,6.7,47.9,45.5,35.0
20150511,0.8,46.0,2.6,33.1,27.2,27.0
20150512,0.6,70.2,3.2,50.3,49.3,19.8
20150513,1.0,81.9,6.7,80.6,146.5,75.4
20150514,0.4,82.3,3.9,33.2,73.1,19.0
20150515,0.4,84.1,3.4,27.6,47.9,25.9
20150516,0.8,99.5,11.1,45.5,96.7,65.1
20150517,1.2,109.7,21.4,45.2,174.2,148.4
20150518,0.6,71.9,2.8,33.9,75.0,83.3
20150519,0.3,79.0,2.0,12.5,51.2,10.2
20150520,0.4,85.1,3.9,18.0,40.1,34.7
20150521,0.5,83.5,6.1,43.2,82.4,32.3
20150522,0.8,92.9,11.8,49.5,83.1,51.8
20150523,1.0,126.9,18.3,57.3,125.7,95.1
20150524,1.2,125.9,20.7,60.8,136.5,116.9
20150525,1.1,156.3,31.9,45.7,139.7,101.7
20150526,0.9,160.0,31.3,33.7,124.2,93.7
20150527,0.9,153.3,16.3,31.7,116.3,89.0
20150528,4.2,145.9,27.7,35.2,124.4,93.8
20150529,0.9,94.2,7.9,48.9,77.0,65.4
20150530,0.9,104.7,8.9,44.2,78.0,62.2
20150531,0.9,114.9,19.6,45.9,86.0,55.7
20150601,1.1,140.7,18.7,51.2,154.3,103.3
20150602,0.6,76.1,5.6,30.2,61.1,30.8
20150603,0.6,86.7,6.0,39.3,85.7,32.6
20150604,0.9,55.2,8.8,54.9,84.1,54.7
20150605,1.0,88.1,6.9,51.2,76.0,54.3
20150606,0.5,91.6,2.2,31.4,64.3,32.8
20150607,0.5,53.7,1.9,36.3,29.1,17.6
20150608,0.4,73.5,2.5,32.4,33.0,26.7
20150609,1.2,98.4,18.3,60.1,81.0,62.0
20150610,1.2,80.0,2.4,41.1,72.8,81.3
20150611,0.6,64.1,4.5,30.6,32.1,24.7
20150612,0.3,74.5,4.7,24.2,20.5,8.2
20150613,0.4,92.6,4.8,21.1,24.7,12.7
20150614,0.5,97.8,4.4,33.1,36.9,22.2
20150615,1.4,154.9,22.5,40.7,120.3,95.5
20150616,1.3,111.3,21.1,61.3,174.4,119.2
20150617,0.9,115.5,4.6,41.2,55.9,42.7
20150618,0.6,75.8,3.7,26.3,35.8,21.9
20150619,0.8,57.4,5.0,29.3,34.7,23.2
20150620,0.7,96.9,4.2,32.9,42.8,23.6
20150621,0.9,129.2,8.9,41.0,86.1,46.7
20150622,1.3,138.2,23.7,36.4,120.2,98.1
20150623,1.9,138.5,20.9,41.3,157.0,200.1
20150624,1.2,71.6,12.4,45.8,128.1,113.6
20150625,1.1,58.6,8.6,64.9,146.4,115.3
20150626,1.0,127.6,1.9,27.8,0,114.1
20150627,1.0,97.1,4.6,34.6,131.3,95.1
20150628,1.3,104.3,6.4,38.9,0,156.1
20150629,1.1,42.3,6.2,50.9,224.8,119.4
20150630,0.5,54.2,2.0,28.2,31.0,14.8
20150701,0.5,47.0,2.5,38.6,41.4,20.0
20150702,0.4,53.8,3.8,32.0,23.7,9.3
20150703,1.2,86.8,13.2,36.9,64.4,24.7
20150704,0.8,56.8,8.0,47.8,55.9,32.3
20150705,1.1,104.0,12.4,43.6,77.0,64.4
20150706,1.2,118.3,13.2,35.2,77.8,70.1
20150707,1.0,113.0,9.3,38.3,87.1,67.5
20150708,1.3,120.0,9.7,38.5,124.5,132.0
20150709,0.9,111.0,12.2,41.8,87.9,76.1
20150710,0.7,107.7,9.1,30.1,81.7,52.0
20150711,1.3,113.7,11.0,38.1,127.2,114.2
20150712,1.1,133.3,6.3,48.1,189.2,120.5
20150713,0.7,152.4,3.0,44.3,93.4,53.2
20150714,0.7,142.3,6.2,32.8,85.8,37.7
20150715,0.8,86.8,4.8,48.6,67.3,38.9
20150716,0.8,81.4,2.0,31.6,57.2,41.8
20150717,1.0,54.8,2.6,39.6,78.9,40.9
20150718,0.9,78.7,1.9,31.3,102.0,56.2
20150719,1.1,60.8,1.9,39.4,98.0,85.5
20150720,1.1,64.1,2.0,36.8,87.5,95.9
20150721,1.2,86.0,1.9,33.4,107.5,143.0
20150722,0.8,91.6,2.0,37.2,60.8,65.6
20150723,1.0,68.2,2.0,54.2,70.9,52.5
20150724,1.1,81.4,2.7,54.9,84.8,64.5
20150725,1.3,111.8,1.9,44.5,116.2,104.5
20150726,1.2,134.8,2.6,30.9,136.9,126.5
20150727,1.0,121.7,1.9,34.3,102.4,75.2
20150728,0.9,103.6,1.9,29.1,82.2,59.7
20150729,1.1,101.8,1.9,39.3,121.0,111.6
20150730,0.9,76.6,3.3,25.2,52.0,50.3
20150731,0.6,100.0,2.0,17.0,43.8,25.2
20150801,1.5,58.2,3.4,41.9,89.7,73.4
20150802,1.2,74.3,2.0,15.7,96.0,75.7
20150803,1.2,42.6,6.9,30.3,43.8,72.0
20150804,0.4,90.6,3.7,36.9,39.5,20.0
20150805,1.1,86.7,3.6,46.5,112.7,79.5
20150806,0.8,113.1,1.9,30.5,87.2,59.5
20150807,1.2,86.2,2.6,35.8,110.1,100.2
20150808,0.7,99.0,1.9,36.2,74.0,48.3
20150809,0.8,121.9,2.3,38.8,91.3,57.8
20150810,0.8,98.3,1.9,44.5,80.0,47.5
20150811,1.7,128.1,7.8,35.1,135.5,101.8
20150812,1.0,134.6,3.5,34.7,136.1,87.8
20150813,1.2,137.1,11.6,41.3,170.5,120.2
20150814,0.8,87.7,4.5,35.0,95.6,60.6
20150815,0.6,86.2,3.2,39.7,62.0,24.0
20150816,0.8,138.4,7.4,44.4,96.8,39.4
20150817,1.0,124.9,11.0,38.6,131.8,78.3
20150818,0.8,96.5,2.5,35.2,85.8,50.5
20150819,0.8,86.6,2.4,40.8,68.9,56.1
20150820,0.6,102.1,2.3,27.4,59.1,32.4
20150821,0.4,100.5,1.9,26.1,36.1,14.4
20150822,0.6,71.5,3.5,24.3,40.5,17.0
20150823,0.9,68.5,4.8,25.7,30.4,24.7
20150824,0.5,64.0,2.0,23.8,27.2,12.9
20150825,0.5,56.5,2.0,28.7,27.4,16.0
20150826,0.5,66.8,1.9,27.1,21.2,11.9
20150827,0.5,71.0,2.0,26.6,23.6,10.8
20150828,0.5,77.1,2.5,28.6,41.3,15.8
20150829,0.6,110.2,2.2,24.0,48.3,28.2
20150830,1.1,62.8,3.2,29.2,44.5,29.6
20150831,0.8,55.8,1.9,31.3,33.6,31.6
20150901,0.6,46.0,2.0,23.3,24.3,11.5
20150902,0.4,53.2,1.9,20.9,16.6,8.9
20150903,0.5,74.0,1.9,22.9,33.2,15.0
20150904,1.8,58.5,3.5,30.8,76.8,53.7
20150905,0.8,72.5,2.0,24.1,22.7,19.7
20150906,0.6,70.3,2.3,30.0,38.8,19.2
20150907,0.8,66.6,2.5,45.4,45.4,28.3
20150908,1.0,88.0,8.8,59.3,92.5,59.2
20150909,0.8,48.3,3.4,51.3,67.5,38.2
20150910,0.5,25.2,2.0,31.9,14.7,10.5
20150911,0.4,45.1,2.0,26.4,20.9,10.5
20150912,0.3,47.5,2.3,25.5,21.9,8.0
20150913,0.6,51.8,4.0,44.2,51.0,21.1
20150914,1.0,69.9,14.7,62.7,125.6,72.1
20150915,1.2,97.5,19.6,72.2,137.1,108.6
20150916,1.3,67.3,10.5,88.1,155.4,138.1
20150917,1.5,52.1,12.1,92.7,181.2,154.7
20150918,1.0,61.9,3.4,60.9,116.9,93.0
20150919,0.6,54.6,2.8,51.5,46.2,22.6
20150920,1.1,76.8,11.6,52.0,125.2,96.5
20150921,1.2,86.4,23.0,70.0,136.7,92.1
20150922,1.5,55.3,18.8,65.5,174.0,138.0
20150923,0.7,51.0,2.0,49.5,53.4,31.1
20150924,1.3,48.4,4.9,67.6,155.6,116.8
20150925,0.6,44.5,2.5,44.8,35.8,25.1
20150926,0.7,62.2,7.0,50.3,73.1,33.9
20150927,0.9,57.9,6.0,64.0,100.0,54.7
20150928,1.4,37.0,6.6,49.0,67.8,50.0
20150929,1.5,8.0,3.1,51.0,67.0,48.5
20150930,0.7,26.6,2.8,41.2,41.8,27.8
20151001,0.2,45.4,2.0,25.5,34.1,12.3
20151002,0.6,37.1,2.6,54.3,78.0,28.1
20151003,0.6,46.1,3.8,48.8,69.6,23.2
20151004,1.5,52.5,13.8,86.5,178.3,124.2
20151005,1.8,76.1,13.6,90.3,242.8,225.4
20151006,2.0,99.2,12.3,92.6,334.2,296.3
20151007,2.1,52.2,11.4,99.4,275.0,274.4
20151008,0.3,39.2,2.0,20.6,28.3,8.1
20151009,0.4,33.4,2.1,33.0,47.3,15.8
20151010,0.2,40.5,2.1,11.8,18.8,4.8
20151011,0.3,57.8,2.0,16.0,23.3,7.8
20151012,0.4,42.8,3.9,39.8,39.1,13.4
20151013,0.8,28.6,7.6,76.8,81.3,36.8
20151014,2.5,22.4,20.1,113.4,192.5,119.6
20151015,1.7,48.7,12.7,98.9,151.9,122.7
20151016,2.4,51.0,22.7,134.4,271.4,227.2
20151017,2.8,18.9,19.4,149.0,375.5,327.4
20151018,0.9,16.7,9.1,46.7,69.1,55.7
20151019,0.8,14.8,8.0,54.6,104.8,57.0
20151020,1.5,5.8,13.7,72.4,129.2,70.7
20151021,0.9,17.2,2.7,43.7,80.2,49.0
20151022,0.8,14.7,2.0,49.0,63.2,33.7
20151023,0.9,19.7,2.0,55.1,68.6,54.8
20151024,1.1,24.1,7.5,54.1,79.8,58.7
20151025,0.7,15.2,9.9,54.8,63.1,28.4
20151026,0.5,34.0,1.9,26.4,88.0,34.1
20151027,0.5,30.8,1.9,37.6,55.2,18.3
20151028,0.3,43.3,2.3,22.0,25.1,8.0
20151029,0.3,45.2,1.9,20.0,27.0,7.8
20151030,0.5,21.0,4.6,44.6,53.4,24.1
20151031,0.8,17.3,6.4,56.4,75.2,42.4
20151101,1.0,19.6,8.4,74.9,114.3,78.4
20151102,1.5,15.9,11.0,86.1,124.4,81.7
20151103,2.3,26.7,21.5,97.2,204.7,153.4
20151104,2.2,9.0,20.5,120.4,238.9,211.6
20151105,1.1,10.8,12.0,65.4,0,110.0
20151106,0.4,35.2,2.3,27.8,0,15.4
20151107,0.4,37.8,2.1,28.1,19.9,12.9
20151108,0.8,22.7,3.1,45.0,94.0,54.2
20151109,1.6,4.0,3.0,54.8,155.7,124.4
20151110,1.7,4.7,6.9,53.4,158.6,133.8
20151111,1.8,4.5,5.2,55.9,119.8,105.4
20151112,2.6,2.6,9.5,56.2,194.0,162.9
20151113,3.0,4.0,25.4,67.8,236.0,199.2
20151114,3.2,6.3,26.3,75.4,0,258.7
20151115,3.2,16.2,22.0,71.1,263.7,210.9
20151116,1.4,9.2,13.1,46.6,76.6,53.8
20151117,1.3,9.6,11.4,46.8,90.8,53.2
20151118,1.1,6.5,9.3,42.5,68.8,62.2
20151119,1.5,2.1,6.2,42.4,0,71.1
20151120,2.3,2.2,19.0,41.7,0,64.4
20151121,2.1,2.2,11.6,40.7,0,42.4
20151122,1.1,19.6,10.7,34.0,0,45.1
20151123,0.6,33.7,12.4,31.9,0,26.5
20151124,0.7,19.2,7.1,50.4,37.5,30.7
20151125,1.0,27.7,9.9,40.0,16.0,46.1
20151126,0.7,46.3,8.9,26.5,51.8,31.8
20151127,3.1,6.4,37.2,90.8,250.4,234.2
20151128,4.2,5.8,52.2,100.5,388.8,281.6
20151129,5.0,9.1,52.7,108.0,385.8,260.3
20151130,6.7,4.7,27.2,134.5,580.1,435.6
20151201,8.1,3.9,45.1,123.1,0,485.6
20151202,0.4,42.8,2.2,17.4,5.0,9.9
20151203,0.4,38.2,3.8,15.7,12.9,10.0
20151204,0.9,24.6,11.8,40.2,90.4,30.3
20151205,1.4,17.4,16.6,58.1,88.5,53.7
20151206,3.0,3.9,39.5,89.2,187.5,155.5
20151207,3.2,4.9,48.8,89.8,197.6,169.5
20151208,3.9,3.9,26.9,89.6,294.3,237.7
20151209,3.6,4.3,52.5,96.7,0,273.2
20151210,1.8,24.3,20.5,53.3,0,100.2
20151211,1.1,16.5,13.9,54.4,79.6,44.2
20151212,2.8,6.2,26.8,82.4,205.9,147.1
20151213,3.9,7.0,45.0,93.6,247.9,191.8
20151214,2.1,24.6,16.8,59.6,0,126.0
20151215,0.3,46.7,3.0,14.7,11.1,5.8
20151216,0.4,35.1,2.8,16.3,14.9,6.2
20151217,1.2,11.5,13.8,50.8,73.7,55.8
20151218,1.8,11.5,19.0,63.0,82.2,59.5
20151219,3.1,5.6,35.9,84.4,160.2,132.4
20151220,3.9,4.1,34.3,99.7,255.8,219.3
20151221,3.8,4.7,29.6,102.8,330.3,229.0
20151222,5.7,3.4,43.1,107.1,441.9,316.9
20151223,4.6,12.8,22.1,103.3,352.8,285.1
20151224,1.7,19.4,15.1,69.1,208.1,101.7
20151225,7.6,3.9,16.7,133.6,557.0,567.4
20151226,4.6,4.6,9.4,93.2,450.2,279.6
20151227,1.0,8.1,13.2,50.8,109.3,50.0
20151228,1.9,5.1,20.5,71.4,141.5,109.9
20151229,4.4,4.5,41.0,115.9,356.5,303.6
20151230,1.4,29.9,11.9,51.4,204.0,50.2
20151231,1.4,9.2,13.2,67.2,103.2,62.7
