date,CO,O3,SO2,NO2,PM10,PM2.5
20140101,0.0,0.0,0.0,0.0,62.7,22.0
20140102,0.0,0.0,0.0,0.0,94.4,58.7
20140103,0.0,0.0,0.0,0.0,36.9,24.6
20140104,0.0,0.0,0.0,0.0,91.4,81.3
20140105,0.0,0.0,0.0,0.0,74.1,78.3
20140106,0.0,0.0,0.0,0.0,141.1,143.4
20140107,0.0,0.0,0.0,0.0,66.8,66.7
20140108,0.0,0.0,0.0,0.0,8.7,10.9
20140109,0.0,0.0,0.0,0.0,16.8,15.6
20140110,0.0,0.0,0.0,0.0,28.1,21.0
20140111,0.0,0.0,0.0,0.0,34.4,28.1
20140112,0.0,0.0,0.0,0.0,11.7,7.0
20140113,0.0,0.0,0.0,0.0,27.7,25.8
20140114,0.0,0.0,0.0,0.0,17.2,13.4
20140115,0.0,0.0,0.0,0.0,35.0,27.6
20140116,0.0,0.0,0.0,0.0,165.5,152.7
20140117,0.0,0.0,0.0,0.0,146.9,158.2
20140118,0.0,0.0,0.0,0.0,39.5,36.5
20140119,0.0,0.0,0.0,0.0,121.4,95.6
20140120,0.0,0.0,0.0,0.0,12.8,3.3
20140121,0.0,0.0,0.0,0.0,10.7,8.6
20140122,0.0,0.0,0.0,0.0,80.7,60.0
20140123,0.0,0.0,0.0,0.0,231.0,162.7
20140124,0.0,0.0,0.0,0.0,18.0,102.5
20140125,0.0,0.0,0.0,0.0,9.0,6.7
20140126,0.0,0.0,0.0,0.0,40.2,39.5
20140127,0.0,0.0,0.0,0.0,73.7,60.8
20140128,0.0,0.0,0.0,0.0,48.6,27.4
20140129,0.0,0.0,0.0,0.0,102.3,94.0
20140130,0.0,0.0,0.0,0.0,62.2,47.6
20140131,0.0,0.0,0.0,0.0,154.0,127.1
20140201,0.0,0.0,0.0,0.0,115.9,109.2
20140202,0.0,0.0,0.0,0.0,69.6,51.9
20140203,0.0,0.0,0.0,0.0,15.7,3.8
20140204,0.0,0.0,0.0,0.0,16.4,11.3
20140205,0.0,0.0,0.0,0.0,59.4,51.0
20140206,0.0,0.0,0.0,0.0,93.4,91.1
20140207,0.0,0.0,0.0,0.0,83.3,99.3
20140208,0.0,0.0,0.0,0.0,45.6,71.9
20140209,0.0,0.0,0.0,0.0,6.1,5.0
20140210,0.0,0.0,0.0,0.0,12.9,21.3
20140211,0.0,0.0,0.0,0.0,51.4,46.8
20140212,0.0,0.0,0.0,0.0,48.5,46.0
20140213,0.0,0.0,0.0,0.0,157.1,162.2
20140214,0.0,0.0,0.0,0.0,177.2,177.2
20140215,0.0,0.0,0.0,0.0,268.0,283.9
20140216,0.0,0.0,0.0,0.0,171.3,192.0
20140217,0.0,0.0,0.0,0.0,121.7,147.2
20140218,0.0,0.0,0.0,0.0,84.6,69.0
20140219,0.0,0.0,0.0,0.0,56.0,62.5
20140220,0.0,0.0,0.0,0.0,150.2,159.4
20140221,0.0,0.0,0.0,0.0,204.9,199.5
20140222,0.0,0.0,0.0,0.0,185.2,161.2
20140223,0.0,0.0,0.0,0.0,259.4,211.0
20140224,0.0,0.0,0.0,0.0,266.4,211.9
20140225,0.0,0.0,0.0,0.0,361.5,263.1
20140226,0.0,0.0,0.0,0.0,251.7,266.6
20140227,0.0,0.0,0.0,0.0,5.0,13.3
20140228,0.0,0.0,0.0,0.0,28.9,37.5
20140301,0.0,0.0,0.0,0.0,52.6,58.9
20140302,0.0,0.0,0.0,0.0,91.1,81.5
20140303,0.0,0.0,0.0,0.0,54.9,52.2
20140304,0.0,0.0,0.0,0.0,32.2,25.6
20140305,0.0,0.0,0.0,0.0,17.7,10.0
20140306,0.0,0.0,0.0,0.0,16.3,10.8
20140307,0.0,0.0,0.0,0.0,36.5,25.2
20140308,0.0,0.0,0.0,0.0,75.3,64.5
20140309,0.0,0.0,0.0,0.0,59.4,45.6
20140310,0.0,0.0,0.0,0.0,74.4,64.3
20140311,0.0,0.0,0.0,0.0,98.9,86.4
20140312,0.0,0.0,0.0,0.0,10.2,5.7
20140313,0.0,0.0,0.0,0.0,24.5,12.5
20140314,0.0,0.0,0.0,0.0,53.2,16.3
20140315,0.0,0.0,0.0,0.0,98.2,57.3
20140316,0.0,0.0,0.0,0.0,165.9,101.0
20140317,0.0,0.0,0.0,0.0,182.4,77.8
20140318,0.0,0.0,0.0,0.0,115.9,36.1
20140319,0.0,0.0,0.0,0.0,70.4,42.6
20140320,0.0,0.0,0.0,0.0,9.5,6.6
20140321,0.0,0.0,0.0,0.0,28.1,15.1
20140322,0.0,0.0,0.0,0.0,44.4,23.0
20140323,0.0,0.0,0.0,0.0,136.6,99.1
20140324,0.0,0.0,0.0,0.0,175.0,160.8
20140325,0.0,0.0,0.0,0.0,143.7,120.5
20140326,0.0,0.0,0.0,0.0,225.5,221.4
20140327,0.0,0.0,0.0,0.0,214.5,213.5
20140328,0.0,0.0,0.0,0.0,130.0,117.5
20140329,0.0,0.0,0.0,0.0,42.2,33.9
20140330,0.0,0.0,0.0,0.0,26.2,12.1
20140331,0.0,0.0,0.0,0.0,125.4,92.9
20140401,0.0,0.0,0.0,0.0,68.3,86.6
20140402,1.1,129.5,16.8,11.9,95.8,64.3
20140403,1.0,92.5,3.0,4.4,34.9,9.2
20140404,1.0,77.8,8.0,15.3,105.9,22.5
20140405,1.0,95.5,2.5,4.2,42.5,8.7
20140406,0.7,51.6,2.5,8.8,32.0,13.0
20140408,0.9,113.6,22.8,10.2,104.0,86.8
20140409,1.2,126.2,19.0,11.3,211.8,101.6
20140410,1.3,79.8,18.6,18.3,327.1,62.1
20140411,1.1,80.5,13.3,21.8,94.8,45.0
20140412,1.5,102.4,0.0,23.8,92.7,78.1
20140413,1.5,139.5,0.0,23.0,145.8,122.8
20140414,2.0,167.1,35.6,18.1,201.1,190.3
20140415,2.0,135.3,15.2,13.4,215.2,201.3
20140416,1.0,69.4,12.9,22.9,87.9,33.8
20140417,1.1,76.8,11.9,14.8,66.8,61.9
20140418,2.5,47.9,16.0,23.6,121.4,130.2
20140419,1.0,87.8,15.2,25.4,55.3,56.6
20140420,1.0,70.6,3.0,11.9,32.5,39.0
20140421,0.0,0.0,0.0,0.0,0.0,0.0
20140422,0.9,109.5,5.1,7.1,57.2,33.2
20140423,1.0,89.9,15.3,10.2,101.8,81.4
20140429,0.6,138.6,7.4,10.7,80.8,59.1
20140430,0.8,162.8,14.1,12.7,108.4,88.0
20140501,0.8,137.8,12.5,8.3,132.7,100.2
20140502,0.2,93.4,2.0,3.2,0,18.0
20140503,0.3,76.9,5.0,7.7,0,22.6
20140504,0.2,89.6,2.0,2.0,70.1,18.3
20140505,0.2,85.5,2.4,6.4,29.4,13.9
20140506,0.7,101.7,19.7,15.5,82.4,56.9
20140507,0.7,93.6,5.6,7.0,68.8,41.4
20140508,0.6,118.1,7.8,9.7,84.0,40.8
20140509,0.8,116.4,16.7,13.6,63.4,44.9
20140510,0.8,111.9,15.2,10.7,60.9,40.0
20140511,0.8,93.6,2.8,5.8,0,23.4
20140512,0.5,100.9,3.4,8.4,0,27.7
20140513,0.4,90.1,3.5,9.3,91.0,44.9
20140514,0.2,85.1,1.9,3.4,0,18.1
20140515,0.3,97.4,2.9,8.5,0,38.8
20140516,0.4,114.1,2.9,5.3,57.4,37.6
20140517,0.7,142.9,11.7,9.6,90.4,47.5
20140518,0.7,157.7,14.6,9.6,44.4,56.3
20140519,0.5,178.1,13.1,7.9,0,92.6
20140520,0.4,125.9,4.5,6.6,0,63.6
20140521,1.3,171.0,15.4,8.2,0,94.0
20140522,1.3,176.6,19.7,8.9,156.8,114.8
20140523,0.8,172.5,18.9,10.6,134.7,69.4
20140524,1.0,67.5,5.1,8.4,111.1,44.4
20140525,1.1,54.6,2.8,11.2,0,49.4
20140526,0.3,101.3,6.2,7.8,79.3,15.7
20140527,0.3,90.3,2.2,5.1,55.4,13.6
20140528,0.3,126.8,5.1,9.9,33.5,14.2
20140529,0.4,129.3,4.8,6.6,71.5,22.4
20140530,0.9,189.3,20.9,6.8,160.1,47.9
20140531,1.4,205.0,22.1,8.2,165.2,87.5
20140601,0.2,158.8,3.5,2.0,77.8,42.6
20140602,0,0,0,0,0,0.0
20140603,0,0,0,0,0,0.0
20140604,0.7,220.3,19.6,2.0,0,0.0
20140605,0,0,0.0,0,0,0
20140606,0,0,0.0,0,0,0
20140607,0,0,0.0,0,0,0
20140608,0,0,0.0,0,0,0
20140609,0,0,0,0,0,0.0
20140610,0,0,0.0,0,0,0
20140611,0.4,124.0,2.8,2.1,0,6.4
20140612,0.3,76.1,2.4,2.0,0.0,9.1
20140613,0.4,97.8,9.3,2.3,32.4,15.5
20140614,0.3,115.8,4.7,2.4,17.3,19.6
20140615,0.8,181.4,9.5,5.0,112.8,63.7
20140616,0.9,171.1,3.7,5.8,0,101.0
20140617,0.8,155.0,2.3,2.6,0,50.6
20140618,0.5,118.4,2.2,3.2,0,22.3
20140619,1.1,132.5,9.5,7.0,0,80.6
20140620,0.9,114.4,3.0,3.9,0,25.4
20140621,1.2,99.4,6.1,4.8,0,71.3
20140622,0.6,92.7,2.9,2.1,0,24.4
20140623,0.5,90.3,3.5,2.7,0,15.6
20140624,0.7,157.5,6.6,2.6,62.4,38.0
20140625,1.2,131.2,12.3,8.1,85.5,87.4
20140626,0.9,109.1,3.3,4.3,0,106.0
20140627,0.3,85.2,2.0,2.2,0,7.4
20140628,0.3,78.1,1.9,2.7,31.9,11.5
20140629,0.6,113.9,5.8,2.9,66.3,21.6
20140630,1.0,159.5,8.3,3.8,81.3,48.8
20140701,1.2,171.2,22.1,4.0,105.3,76.6
20140702,0.2,129.8,1.9,2.1,0,42.3
20140703,1.2,112.4,4.9,4.1,0,182.4
20140704,1.2,123.3,2.6,2.5,0,129.6
20140705,1.6,130.8,5.4,5.1,0,169.3
20140706,1.6,144.1,12.1,6.5,0,190.1
20140707,1.3,131.6,13.1,6.2,0,157.1
20140708,0.8,94.1,6.8,4.2,0,66.7
20140709,0.3,47.2,1.9,3.5,0.0,6.5
20140710,0.4,92.2,2.1,2.8,0,11.8
20140711,0.4,87.9,2.0,2.7,0,9.8
20140712,0.3,93.4,2.0,2.3,0,6.5
20140713,0.4,79.2,3.4,2.3,0,7.6
20140714,0.4,94.9,3.1,2.2,0,10.9
20140715,0.7,166.5,5.7,2.2,78.1,39.9
20140716,1.0,139.5,8.6,2.4,92.1,93.2
20140717,1.5,123.1,6.5,4.0,0,102.4
20140718,2.1,139.8,6.0,3.9,0,154.0
20140719,1.2,150.2,2.6,2.5,0,96.0
20140720,1.0,147.5,3.3,3.2,0,79.4
20140721,0.5,85.6,2.5,3.4,0,20.6
20140722,0.4,48.3,2.0,4.9,29.4,6.8
20140723,0.4,73.2,2.7,4.1,13.7,14.0
20140724,0.6,89.4,7.1,6.1,0,29.1
20140725,1.1,103.6,7.2,5.9,47.7,49.2
20140726,1.1,192.2,8.6,5.9,117.7,65.7
20140727,1.0,207.9,15.1,5.9,126.1,91.3
20140728,0.9,184.2,8.4,4.4,128.5,98.1
20140729,0.2,25.9,2.0,1.9,0.0,19.6
20140730,1.2,145.0,2.0,3.4,0.0,106.7
20140731,1.6,118.2,3.8,6.3,0,164.9
20140801,1.2,123.7,4.4,4.8,0,120.5
20140802,1.1,137.5,3.4,4.5,0,102.6
20140803,0.8,125.4,1.9,2.8,0,69.5
20140804,0.4,69.7,2.0,2.5,0,15.2
20140805,0.1,81.2,2.2,4.1,0,11.3
20140806,0.3,90.2,2.3,3.0,0,16.5
20140807,0.8,141.7,8.6,2.6,0,32.4
20140808,1.1,166.6,9.5,4.3,85.7,54.0
20140809,1.2,169.0,9.7,4.5,0,67.0
20140810,0.6,142.0,3.6,2.4,0,26.8
20140811,0.4,81.1,2.0,2.2,0,9.1
20140812,0.3,89.0,2.1,2.8,0,9.9
20140813,0.5,63.8,2.2,1.9,9.7,10.0
20140814,0.6,107.2,2.9,2.1,0,19.5
20140815,0.6,120.2,2.3,2.6,122.2,28.2
20140816,0.7,134.0,5.9,2.8,65.7,28.9
20140817,0.9,153.2,6.6,2.3,81.1,39.1
20140818,0.7,146.1,5.0,2.0,0,35.5
20140819,0.8,153.4,4.8,2.4,0.0,61.7
20140820,0.9,180.4,12.2,3.6,140.8,82.8
20140821,0.9,162.6,9.6,3.1,196.4,81.1
20140822,0.6,96.7,4.7,3.4,0,39.1
20140823,0.9,99.7,4.0,2.6,0,68.9
20140824,0.5,81.1,2.0,2.0,0,11.9
20140825,0.4,67.5,2.9,2.7,0,8.5
20140826,0.3,88.0,2.0,4.2,12.5,8.7
20140827,0.5,155.0,5.2,4.2,66.2,23.7
20140828,0.9,157.4,8.7,4.7,84.0,57.3
20140829,0.9,136.5,2.5,2.1,0,52.5
20140830,1.1,90.5,6.8,2.1,0,72.4
20140831,1.1,130.6,3.8,2.0,0,40.2
20140901,1.4,93.3,8.4,2.1,0,60.7
20140902,0.8,97.3,2.2,2.0,0,8.9
20140903,0.4,90.7,3.3,2.8,0,17.1
20140904,0.5,135.1,5.7,3.4,50.8,29.5
20140905,1.0,163.0,11.6,3.4,85.3,62.0
20140906,1.3,167.2,18.0,3.3,119.8,115.0
20140907,1.3,145.2,11.4,3.1,0,142.8
20140908,0.3,90.2,2.1,2.5,0,20.9
20140909,0.5,132.2,4.9,3.5,93.0,26.5
20140910,1.1,162.8,12.3,3.7,74.1,52.6
20140911,1.1,120.6,13.0,2.8,56.1,45.8
20140912,1.2,77.8,4.8,2.4,0,76.0
20140913,0.7,114.3,7.2,3.9,0,78.9
20140914,0.4,74.9,2.4,2.8,0,70.8
20140915,0.3,60.7,2.2,3.5,0,50.6
20140916,0.5,55.9,5.6,8.7,77.7,0.0
20140917,0.7,58.6,3.9,15.5,80.4,64.8
20140918,0.5,92.2,2.4,7.8,0,43.3
20140919,0.6,117.7,5.5,4.4,77.3,55.0
20140920,0.8,102.0,3.0,2.6,0,61.8
20140921,1.0,89.4,11.6,4.3,120.3,62.4
20140922,1.4,64.3,13.7,5.3,100.8,81.5
20140923,0.6,37.1,2.6,2.5,0,30.8
20140924,0.6,56.7,3.3,2.8,0,13.7
20140925,0.9,68.4,3.2,3.8,0,64.3
20140926,1.9,50.0,12.8,10.0,0,123.1
20140927,0.5,65.3,2.1,2.3,0,25.4
20140928,0.9,58.1,10.9,5.4,0,35.4
20140929,0.8,54.6,3.9,4.2,0,30.8
20140930,0.4,40.2,8.7,10.7,0,31.3
20141001,0.7,21.7,3.1,12.3,48.6,41.4
20141002,0.6,39.7,2.0,4.4,0,26.2
20141003,0.8,32.2,5.9,5.7,0,46.0
20141004,0.9,60.7,3.0,4.9,0,49.3
20141005,0.7,60.1,2.2,4.9,0,25.1
20141006,0.3,60.4,2.0,5.6,0,13.4
20141007,0.7,90.8,10.5,10.1,164.2,84.7
20141008,1.4,93.6,9.5,11.5,0,234.7
20141009,1.6,84.0,5.9,8.9,0.0,288.7
20141010,1.6,86.6,16.5,6.9,0.0,191.1
20141011,1.8,95.0,15.6,5.2,0,179.8
20141012,0.2,71.0,1.9,2.2,0,5.3
20141013,0.2,64.2,2.2,3.7,0,7.7
20141014,0.4,51.7,6.9,16.1,68.0,28.8
20141015,0.4,57.6,3.3,9.0,53.6,30.9
20141016,0.3,68.4,5.9,12.1,54.3,24.1
20141017,0.6,76.0,11.1,17.8,114.5,67.6
20141018,1.1,113.4,15.6,17.8,156.2,115.6
20141019,1.9,78.1,20.3,19.9,252.1,218.5
20141020,1.4,82.7,7.7,14.0,0,217.0
20141021,1.4,19.5,22.7,29.5,60.2,49.4
20141022,1.0,14.6,9.4,24.6,80.1,52.1
20141023,1.1,29.7,16.0,25.5,134.7,118.7
20141024,1.6,63.2,16.0,15.8,0,224.6
20141025,1.9,88.2,9.8,12.9,0,300.2
20141026,0.5,85.0,2.4,5.0,0,61.1
20141027,0.8,51.0,15.2,20.9,0,28.1
20141028,1.0,33.5,16.5,27.9,0,66.5
20141029,0.8,62.3,15.4,18.7,81.4,85.5
20141030,1.1,62.4,16.6,15.6,0,124.6
20141031,1.9,30.0,20.0,25.4,177.2,139.3
20141101,1.1,40.0,3.2,12.9,42.2,69.6
20141102,0.2,73.2,1.9,3.6,10.6,12.2
20141103,0.3,58.4,4.6,9.3,45.1,13.9
20141104,1.0,52.6,28.0,21.7,115.0,90.6
20141105,0.9,57.7,6.6,12.7,40.0,78.5
20141106,0.2,69.4,2.1,3.3,11.2,5.4
20141107,0.6,35.7,10.1,13.0,38.2,22.5
20141108,0.8,47.6,7.0,13.5,48.1,34.2
20141109,0.4,62.1,2.1,6.8,23.7,19.1
20141110,0.4,57.2,6.9,10.5,36.2,25.7
20141111,0.3,54.7,4.2,7.2,42.1,23.3
20141112,0.2,78.5,17.6,2.0,24.2,4.8
20141113,0.3,59.5,4.2,9.2,21.7,10.8
20141114,0.3,53.2,2.1,9.4,19.6,13.0
20141115,0.9,29.1,20.0,32.2,89.1,68.6
20141116,1.0,35.7,17.8,31.1,129.9,81.8
20141117,0.3,66.0,2.1,5.0,15.7,8.0
20141118,0.4,49.7,8.0,14.4,33.4,21.4
20141119,1.4,15.9,28.5,43.7,162.3,139.9
20141120,2.1,14.2,22.5,50.5,336.6,254.5
20141121,0.9,48.2,5.3,23.4,7.6,85.6
20141122,0.4,53.4,9.0,17.1,41.4,21.9
20141123,1.0,17.6,14.2,28.0,96.0,77.0
20141124,0.6,47.7,8.2,15.4,60.2,42.6
20141125,1.4,18.0,25.7,36.0,119.5,93.3
20141126,1.8,7.7,43.4,46.1,192.7,164.4
20141127,0.4,63.7,5.6,8.6,32.0,18.5
20141128,0.6,46.2,12.5,16.6,76.6,32.9
20141129,1.3,4.3,9.2,33.3,177.6,111.7
20141130,0.9,44.2,7.2,12.1,328.6,76.3
20141201,0.3,67.2,1.9,2.0,62.0,6.7
20141202,0.2,49.6,5.2,6.7,16.0,14.9
20141203,0.2,63.6,3.1,4.4,37.4,8.9
20141204,0.2,67.5,2.4,3.8,22.3,6.9
20141205,0.3,64.0,2.7,4.8,14.4,9.4
20141206,0.7,48.0,14.6,21.1,54.4,38.9
20141207,1.4,35.2,31.4,29.9,90.0,80.4
20141208,0.3,56.3,5.5,8.1,24.9,15.5
20141209,2.0,16.4,46.0,39.4,135.4,106.2
20141210,2.4,44.1,18.1,29.6,159.2,156.7
20141211,0.3,71.7,4.1,4.1,16.1,8.1
20141212,0.2,64.5,2.0,2.8,20.3,6.7
20141213,0.5,37.6,7.5,14.0,33.1,19.1
20141214,0.8,31.3,14.4,24.2,58.8,41.3
20141215,0.7,40.0,8.2,17.4,64.5,34.7
20141216,0.2,57.0,2.1,3.6,15.6,5.6
20141217,0.6,42.6,7.5,12.8,33.9,19.1
20141218,1.6,14.2,30.6,38.5,100.8,79.0
20141219,1.2,47.5,15.4,21.0,81.3,63.8
20141220,0.2,47.1,3.7,5.2,11.9,7.7
20141221,0.3,50.8,6.9,7.3,18.5,11.1
20141222,0.4,45.6,5.9,10.3,27.0,14.5
20141223,0.4,41.4,12.5,16.2,40.1,28.8
20141224,0.2,73.5,2.3,3.9,16.0,6.7
20141225,0.4,61.3,2.6,7.4,17.5,9.1
20141226,1.0,28.1,18.2,24.2,63.8,47.1
20141227,2.2,17.6,43.0,53.0,180.6,160.9
20141228,0.9,42.0,17.6,23.8,104.8,60.0
20141229,0.5,51.2,10.6,12.8,74.3,19.0
20141230,0.2,67.4,5.3,4.9,22.5,3.9
20141231,0.3,64.6,3.1,2.2,0.0,0.0
20150101,0.4,47.2,9.5,14.3,32.3,16.1
20150102,0.5,46.7,15.7,18.0,48.1,25.2
20150103,1.4,24.7,30.6,38.9,135.6,101.6
20150104,1.8,32.1,43.6,37.4,144.2,102.0
20150105,2.2,43.6,46.4,33.2,182.8,92.8
20150106,0.2,65.7,3.0,4.4,15.0,8.1
20150107,0.3,48.4,10.1,12.9,27.7,16.2
20150108,1.0,23.8,18.7,28.6,74.3,54.7
20150109,0.4,48.6,8.1,11.4,36.2,23.2
20150110,0.6,39.7,15.9,17.9,53.6,32.8
20150111,0.3,64.0,6.0,5.7,22.6,9.4
20150112,1.1,24.3,23.5,29.3,88.4,68.2
20150113,1.4,23.3,25.9,33.3,121.0,107.0
20150114,1.4,18.8,23.8,30.0,141.9,135.4
20150115,2.1,17.3,24.3,36.0,411.6,220.0
20150116,1.1,46.7,5.2,22.3,191.4,104.9
20150117,0.3,60.1,4.6,5.3,22.2,11.3
20150118,0.5,43.2,10.9,15.1,70.2,37.0
20150119,0.4,55.1,11.0,17.4,59.7,24.7
20150120,1.1,25.9,31.4,31.2,94.9,69.6
20150121,0.3,67.4,7.1,4.9,20.5,9.2
20150122,1.1,38.8,26.9,31.5,126.5,63.5
20150123,1.6,33.2,29.5,37.1,153.2,131.6
20150124,0.9,51.5,20.4,17.7,72.3,42.8
20150125,2.0,20.6,13.6,27.3,126.6,121.6
20150126,1.0,42.1,3.6,12.4,27.4,55.6
20150127,0.2,66.4,4.4,3.6,10.5,6.0
20150128,0.5,52.9,15.0,11.6,36.5,19.0
20150129,1.2,38.2,21.1,22.8,81.1,58.6
20150130,0.3,70.6,2.0,2.7,8.6,4.8
20150131,0.2,60.1,3.1,5.2,11.8,8.2
20150201,0.5,45.6,11.6,12.9,32.6,22.4
20150202,1.1,34.7,32.1,31.7,113.0,89.4
20150203,1.3,62.1,22.2,26.5,103.0,112.3
20150204,0.2,76.0,2.0,2.8,14.3,7.6
20150205,0.2,76.9,4.0,4.8,14.8,10.9
20150206,0.3,65.1,6.5,7.9,20.9,15.2
20150207,0.2,83.4,2.4,2.4,18.6,5.9
20150208,0.2,71.4,3.7,4.3,12.4,7.7
20150209,0.6,52.5,18.3,17.6,55.6,42.7
20150210,0.7,56.2,16.4,21.6,59.1,48.3
20150211,0.3,73.2,7.5,5.4,40.6,15.7
20150212,0.4,80.9,7.9,2.0,30.2,18.1
20150213,1.2,61.9,20.2,2.7,100.3,77.9
20150214,1.8,94.2,31.2,2.6,198.0,173.3
20150215,2.4,70.6,53.3,25.9,235.1,198.0
20150216,3.7,16.3,44.0,52.5,280.1,230.2
20150217,0.1,29.6,2.0,0.8,10.8,4.4
20150218,0.3,81.4,5.8,2.7,38.3,20.4
20150219,1.3,55.4,36.1,10.5,206.5,154.3
20150220,1.3,37.3,11.9,12.5,135.8,125.7
20150221,1.9,30.3,7.0,16.8,394.8,122.6
20150222,0.2,70.0,1.9,2.0,453.7,66.4
20150223,0.3,57.8,5.5,4.6,68.7,21.8
20150224,1.2,54.9,16.7,9.7,184.4,95.9
20150225,0.8,66.7,4.4,5.3,139.5,56.1
20150226,0.3,71.3,1.9,2.0,20.4,8.0
20150227,0.1,30.0,0.9,0.9,6.6,3.3
20150301,0.0,4.5,1.0,1.0,6.7,1.5
20150302,0.5,62.2,6.7,5.4,71.2,26.3
20150303,0.3,79.8,1.9,2.0,52.3,6.7
20150304,0.3,60.5,3.5,5.5,26.7,11.5
20150305,0.7,57.6,20.2,18.8,82.3,56.9
20150306,1.3,58.0,39.2,33.1,191.8,139.3
20150307,1.5,78.4,22.9,29.8,238.0,180.6
20150308,0.8,68.5,6.4,16.2,154.3,103.7
20150309,0.2,84.3,2.0,2.0,28.1,4.0
20150310,0.3,69.6,3.9,7.6,27.1,11.9
20150311,0.3,74.2,3.8,8.5,25.1,14.7
20150312,0.5,68.9,9.4,12.0,46.0,23.0
20150313,0.6,71.8,11.0,17.0,60.5,36.4
20150314,1.4,39.2,34.9,48.1,130.5,81.9
20150315,1.1,66.1,14.3,28.6,174.9,78.7
20150316,1.5,56.0,21.0,43.0,320.5,181.0
20150317,0.9,92.3,6.6,21.2,224.9,136.8
20150318,0.8,72.3,13.2,32.4,85.6,48.1
20150319,0.7,71.6,5.1,25.8,176.3,57.9
20150320,0.4,79.3,3.1,13.2,196.2,42.1
20150321,0.2,91.0,2.0,2.7,91.1,9.1
20150322,0.3,92.0,3.1,6.6,101.6,14.1
20150323,0.5,70.3,4.5,15.8,76.2,22.3
20150324,1.4,77.8,21.8,31.1,114.0,57.2
20150325,1.5,100.8,25.5,37.2,160.0,111.0
20150326,0.9,121.5,14.8,27.4,149.6,101.7
20150327,0.9,130.9,22.9,26.2,136.6,91.1
20150328,0.5,106.3,6.5,11.6,273.7,61.9
20150329,0.7,110.0,11.5,20.1,223.9,57.0
20150330,1.3,134.5,30.8,30.7,373.5,128.5
20150331,1.3,118.4,12.0,21.2,247.8,117.1
20150401,0.5,77.5,4.8,21.0,60.5,43.3
20150402,0.5,75.7,2.0,13.0,58.1,26.9
20150403,0.5,111.8,3.7,11.0,31.5,20.0
20150404,0.8,113.0,5.8,24.5,85.5,65.8
20150405,0.4,93.0,2.0,9.9,87.7,44.2
20150406,0.3,93.9,1.9,4.0,28.6,15.2
20150407,0.2,90.0,2.3,7.0,29.5,12.3
20150408,0.6,95.5,10.0,23.9,90.3,75.0
20150409,1.0,114.4,15.0,28.4,154.3,141.5
20150410,0.8,131.5,5.9,18.7,97.2,133.4
20150411,0.9,122.5,6.7,17.4,85.9,106.1
20150412,0.4,95.4,3.3,2.0,0,10.7
20150413,0.3,115.9,2.1,7.9,31.6,18.3
20150414,0.5,105.2,3.7,18.7,57.2,33.3
20150415,0.7,108.6,11.8,24.1,192.1,79.2
20150416,0.2,99.9,2.0,5.4,92.5,11.3
20150417,0.5,81.9,8.9,24.6,99.9,44.0
20150418,0.6,110.8,10.3,15.9,105.6,63.3
20150419,0.6,96.5,5.9,11.9,85.8,36.6
20150420,0.6,92.9,3.8,16.4,65.7,40.9
20150421,0.6,104.4,6.6,12.9,71.7,51.5
20150422,0.4,108.4,4.0,11.9,47.7,23.7
20150423,0.4,100.9,6.3,10.8,63.9,28.9
20150424,0.4,105.8,4.9,14.0,71.2,27.5
20150425,0.5,139.6,6.7,17.5,87.1,45.1
20150426,0.8,180.5,15.6,17.3,109.9,71.6
20150427,0.8,154.2,14.0,15.7,101.0,66.8
20150428,0.6,102.0,6.2,10.4,37.4,29.5
20150429,1.0,140.9,7.7,18.3,80.7,95.8
20150430,1.1,179.0,13.6,16.9,0,121.2
20150501,1.0,124.6,15.2,13.2,0,118.6
20150502,0.5,106.6,6.7,9.7,63.3,43.4
20150503,0.4,100.3,2.1,4.4,64.1,31.1
20150504,0.3,101.8,3.3,7.5,46.0,15.4
20150505,0.4,109.8,5.7,9.1,66.8,32.0
20150506,0.3,102.3,3.5,5.5,48.0,15.3
20150507,0.3,92.4,6.0,13.4,76.8,30.9
20150508,0.2,94.8,2.6,4.7,25.7,12.7
20150509,0.4,70.8,3.4,11.4,34.0,19.2
20150510,1.0,45.4,3.7,20.3,0,25.3
20150511,0.8,59.0,2.1,10.4,23.8,14.9
20150512,0.3,100.5,1.9,9.0,18.7,11.4
20150513,0.4,120.8,3.8,16.4,94.5,54.6
20150514,0.3,110.7,2.0,2.4,58.1,22.7
20150515,0.3,120.4,1.9,7.2,37.1,25.7
20150516,0.4,129.0,4.4,11.9,48.3,30.3
20150517,1.0,157.6,10.9,16.7,95.8,116.6
20150518,0.4,110.8,2.0,4.6,135.6,57.4
20150519,0.2,102.6,2.0,2.3,79.7,8.4
20150520,0.3,100.9,2.0,6.7,0,10.7
20150521,0.4,126.1,5.1,13.2,86.6,28.4
20150522,0.7,169.8,11.0,13.8,55.5,44.2
20150523,0.6,215.6,9.0,13.3,78.4,67.3
20150524,0.3,196.3,9.7,13.6,75.6,70.9
20150525,1.0,217.9,16.2,13.1,96.4,79.8
20150526,0.9,209.5,13.1,14.1,99.2,74.6
20150527,0.8,199.5,9.3,11.7,85.3,76.5
20150528,4.4,209.5,22.6,14.7,89.8,115.4
20150529,0.8,137.4,11.5,14.9,90.4,63.9
20150530,0.7,138.5,7.6,11.0,41.3,35.9
20150531,0.8,161.6,14.1,14.8,61.0,49.2
20150601,0.8,148.9,8.3,10.6,79.0,54.1
20150602,0.4,92.2,1.9,5.5,35.1,22.0
20150603,0.8,102.1,2.8,9.8,52.1,23.8
20150604,0.6,66.6,2.1,18.9,46.2,38.2
20150605,0.4,105.2,2.4,9.8,66.2,42.6
20150606,0.4,105.7,1.9,6.1,21.3,15.8
20150607,0.3,76.5,1.9,6.0,14.2,8.0
20150608,0.4,79.3,2.0,7.4,20.0,10.2
20150609,0.5,103.0,7.4,7.8,29.9,18.4
20150610,0.8,99.4,2.0,7.3,52.4,41.0
20150611,0.4,86.8,2.0,5.0,16.9,13.5
20150612,0.3,73.8,3.1,6.8,13.2,6.3
20150613,0.5,92.7,3.5,3.8,16.5,7.7
20150614,0.5,104.5,2.1,5.6,25.2,12.1
20150615,0.9,176.5,11.1,12.6,78.0,55.0
20150616,1.0,180.6,11.6,10.2,107.9,78.0
20150617,0.5,128.8,3.2,4.8,32.0,22.1
20150618,0.3,92.7,2.0,3.7,7.6,7.1
20150619,0.4,79.5,3.5,4.8,13.3,8.0
20150620,0.4,103.9,2.1,6.9,23.5,12.2
20150621,0.4,152.8,2.9,9.7,37.2,25.3
20150622,0.7,182.5,10.6,11.0,77.1,61.1
20150623,1.0,193.3,14.7,13.4,127.4,119.9
20150624,1.1,115.0,10.9,19.5,106.2,128.6
20150625,1.0,93.0,5.6,12.7,0,97.9
20150626,0.9,125.2,2.3,8.2,0,69.2
20150627,0.9,134.1,4.7,8.7,56.1,62.2
20150628,1.2,164.5,7.9,10.4,0,112.5
20150629,0.8,103.9,4.4,7.5,5.0,66.6
20150630,0.2,82.6,2.5,9.7,33.3,9.3
20150701,0.5,78.4,2.1,6.5,20.6,10.0
20150702,0.5,66.8,1.9,5.5,14.3,5.0
20150703,0.9,91.8,2.8,6.8,20.9,8.9
20150704,0.7,91.8,6.0,13.2,39.3,27.4
20150705,0.8,143.8,7.8,8.5,57.4,34.8
20150706,0.9,164.6,6.9,9.5,63.1,44.7
20150707,0.9,168.2,5.5,9.5,74.5,53.6
20150708,1.0,176.6,6.9,11.4,97.8,89.4
20150709,0.9,151.4,11.4,11.2,67.9,54.7
20150710,0.7,114.1,10.0,11.4,54.0,31.8
20150711,0.9,152.2,11.3,9.9,100.3,75.2
20150712,0.9,138.7,3.8,10.0,101.2,71.5
20150713,0.5,132.2,1.9,10.2,49.3,30.9
20150714,0.7,150.3,4.5,8.6,58.2,24.1
20150715,0.7,123.1,4.1,7.5,47.2,27.8
20150716,0.7,93.5,2.2,5.4,29.7,21.5
20150717,0.5,65.0,2.0,6.4,31.1,18.3
20150718,0.8,78.2,1.9,7.4,43.7,33.6
20150719,0.8,97.5,2.5,4.7,44.4,32.2
20150720,0.7,82.7,2.0,5.1,53.6,39.3
20150721,1.0,87.7,2.1,6.8,84.0,96.8
20150722,0.8,99.9,1.9,5.3,80.6,53.4
20150723,0.7,80.4,2.5,4.6,50.9,19.2
20150724,0.7,82.5,2.5,4.3,33.8,12.3
20150725,0.8,120.5,3.1,7.1,59.3,49.8
20150726,0.9,106.8,2.0,5.0,69.7,65.8
20150727,0.9,110.5,2.0,4.9,62.7,49.2
20150728,0.7,92.4,2.1,4.5,29.9,22.7
20150729,0.9,100.8,2.1,6.3,65.9,53.0
20150730,0.7,98.5,3.7,4.7,23.6,18.0
20150731,0.6,81.7,2.8,6.0,27.6,17.0
20150801,0.9,69.9,2.7,7.3,57.6,51.0
20150802,1.0,85.6,2.0,5.7,53.0,37.8
20150803,0.6,54.5,2.1,4.7,21.7,29.9
20150804,0.2,102.9,2.3,7.1,29.0,13.7
20150805,0.8,112.8,2.1,8.0,49.4,38.0
20150806,0.6,91.0,1.9,4.8,51.2,42.1
20150807,0.8,92.5,2.4,5.7,65.3,67.9
20150808,0.7,76.5,1.9,4.7,29.0,17.0
20150809,0.6,74.2,2.0,5.9,31.5,20.5
20150810,0.5,61.4,1.9,5.0,26.2,16.0
20150811,0.9,100.8,2.5,6.4,58.0,36.2
20150812,1.1,139.7,2.4,7.2,84.2,64.0
20150813,1.2,148.7,4.7,8.2,130.1,100.9
20150814,0.9,82.5,2.5,5.2,85.2,60.8
20150815,0.5,61.8,2.0,5.6,26.1,12.8
20150816,0.6,119.6,2.4,8.2,45.9,20.0
20150817,0.9,128.2,3.9,7.2,116.7,65.3
20150818,0.6,109.0,2.7,6.0,44.6,36.1
20150819,0.6,79.2,2.1,5.9,44.0,31.4
20150820,0.5,77.0,2.1,3.9,26.5,22.2
20150821,0.4,63.4,1.9,3.8,15.9,8.8
20150822,0.4,51.7,2.3,4.5,16.2,9.1
20150823,0.5,51.0,3.3,3.2,13.0,8.3
20150824,0.5,45.7,2.4,3.5,17.8,9.7
20150825,0.4,54.2,2.0,3.9,18.6,10.4
20150826,0.4,57.5,1.9,4.0,14.5,7.9
20150827,0.4,54.4,2.0,3.6,16.7,6.5
20150828,0.4,56.6,2.0,3.8,21.7,9.0
20150829,0.6,86.0,2.0,3.7,23.4,12.5
20150830,0.6,58.9,3.1,4.0,20.8,14.7
20150831,0.5,43.9,3.2,3.3,15.8,11.7
20150901,0.4,38.2,3.8,2.5,9.9,6.0
20150902,0.4,38.6,2.0,2.6,12.4,6.3
20150903,0.5,52.4,1.9,3.2,19.5,9.0
20150904,0.7,55.0,2.0,3.3,25.1,16.5
20150905,0.7,58.5,1.9,3.0,17.9,14.0
20150906,0.5,45.5,1.9,3.2,22.7,14.3
20150907,0.5,71.8,1.9,6.4,31.7,18.3
20150908,0.6,98.7,4.1,7.7,51.9,33.2
20150909,0.5,58.1,2.8,4.8,27.7,19.9
20150910,0.3,31.4,2.1,3.7,10.1,5.5
20150911,0.2,49.1,1.9,2.8,5.3,5.6
20150912,0.2,49.2,1.9,3.3,8.6,5.3
20150913,0.4,52.5,2.4,8.1,19.7,9.3
20150914,0.6,85.1,7.2,8.0,51.7,34.1
20150915,0.9,110.1,13.0,7.6,82.1,67.0
20150916,1.1,124.2,7.8,9.5,119.9,100.8
20150917,1.0,118.2,8.1,11.9,148.5,130.1
20150918,0.6,78.1,2.1,5.1,17.8,47.5
20150919,0.3,49.5,1.9,7.2,11.6,5.8
20150920,0.6,71.1,4.0,8.0,57.2,48.7
20150921,0.9,104.4,13.7,9.6,87.5,62.8
20150922,1.2,87.9,8.6,10.3,106.9,89.6
20150923,0.4,58.4,2.2,5.5,31.1,12.0
20150924,0.7,58.8,2.9,6.8,59.7,38.2
20150925,0.2,44.9,1.9,3.8,10.4,8.8
20150926,0.4,55.9,3.5,11.4,42.6,19.7
20150927,0.4,65.5,2.1,6.1,42.0,27.1
20150928,1.0,41.7,4.1,11.6,32.0,39.5
20150929,0.9,26.2,1.9,5.5,0,36.8
20150930,0.6,24.6,2.1,11.9,16.0,26.2
20151001,0.3,42.4,2.0,4.3,8.8,8.8
20151002,0.3,37.8,2.8,6.5,37.5,12.9
20151003,0.5,55.5,3.1,9.2,44.0,15.8
20151004,0.8,74.0,9.6,11.9,86.1,67.4
20151005,1.4,106.7,9.1,13.1,273.3,180.1
20151006,1.7,117.0,7.0,13.0,269.9,241.5
20151007,1.5,88.9,6.5,12.2,128.5,191.8
20151008,0.2,42.7,1.9,2.8,16.4,6.3
20151009,0.2,35.8,2.0,4.8,8.9,4.6
20151010,0.1,40.5,2.0,2.9,8.8,4.0
20151011,0.2,53.2,1.9,3.2,11.6,5.9
20151012,0.2,47.7,2.3,5.7,18.1,8.0
20151013,0.2,45.0,2.0,8.8,20.9,10.3
20151014,0.4,55.4,4.9,10.3,46.6,32.5
20151015,0.8,79.2,8.8,11.8,82.2,67.4
20151016,1.2,104.4,10.2,14.7,147.8,134.5
20151017,1.7,94.5,12.9,14.6,238.3,203.5
20151018,0.5,43.8,4.8,9.0,52.9,24.5
20151019,0.6,21.6,5.2,28.3,86.0,40.5
20151020,0.8,19.8,3.5,18.2,73.0,59.3
20151021,0.6,18.6,3.1,11.8,0,33.7
20151022,0.5,16.3,1.9,11.3,0,23.9
20151023,0.5,19.5,1.9,12.2,57.8,29.2
20151024,0.8,25.0,7.4,21.1,76.6,42.8
20151025,1.6,8.8,25.0,37.5,72.7,47.9
20151026,0.5,25.1,2.1,14.9,188.7,33.1
20151027,0.2,38.0,2.6,5.8,61.1,11.4
20151028,0.2,48.5,2.0,2.9,9.3,3.5
20151029,0.2,46.8,2.0,2.0,13.1,4.7
20151030,0.2,34.4,2.0,5.8,15.6,6.3
20151031,0.3,33.1,2.5,11.7,25.7,11.5
20151101,0.4,31.8,4.6,17.1,40.4,21.1
20151102,0.4,28.0,6.5,23.5,52.0,30.6
20151103,0.8,45.7,12.3,24.5,112.0,86.7
20151104,1.1,48.5,12.0,21.9,170.2,156.7
20151105,0.7,33.8,7.5,12.4,66.0,72.9
20151106,0.3,44.2,3.2,4.0,12.4,7.6
20151107,0.2,49.4,2.1,2.7,17.2,10.0
20151108,0.5,51.0,4.1,8.2,62.5,52.8
20151109,0.9,14.3,3.1,30.7,123.4,83.2
20151110,1.2,3.0,3.5,39.8,93.6,79.2
20151111,1.1,13.4,3.3,20.8,56.4,49.0
20151112,1.5,3.1,6.4,33.2,77.8,84.5
20151113,1.9,2.9,8.7,39.3,178.8,117.7
20151114,3.0,5.9,19.6,62.9,240.7,197.1
20151115,2.3,24.7,12.1,36.2,252.3,148.9
20151116,0.8,12.9,3.5,12.0,56.0,42.1
20151117,0.7,16.1,4.2,19.1,70.0,40.2
20151118,1.2,4.5,11.2,36.8,80.2,61.2
20151119,1.7,2.5,3.5,33.7,82.0,54.2
20151120,2.6,3.4,7.7,29.6,0,45.4
20151121,0.9,21.4,9.0,13.0,0,28.0
20151122,0.4,40.6,10.8,5.5,27.6,19.6
20151123,0.3,45.2,13.0,4.3,18.1,15.3
20151124,0.4,46.4,5.7,3.4,9.9,11.8
20151125,0.3,38.2,4.0,5.8,15.1,14.2
20151126,0.2,48.0,2.5,5.0,10.9,8.0
20151127,0.9,23.7,16.0,35.7,141.8,96.7
20151128,1.7,16.2,30.3,40.1,208.7,125.1
20151129,2.2,26.9,35.5,36.0,179.8,127.8
20151130,1.9,25.8,20.1,37.3,258.7,106.8
20151201,5.8,2.2,42.7,89.7,404.3,356.3
20151202,0.6,38.3,3.1,9.6,6.4,29.7
20151203,0.2,47.2,4.9,2.0,24.9,8.7
20151204,0.2,46.7,6.3,6.6,18.2,14.1
20151205,0.3,32.5,4.2,12.1,18.2,14.2
20151206,0.8,17.2,10.6,23.2,46.9,43.4
20151207,1.5,5.8,16.4,40.4,114.0,105.5
20151208,2.0,2.0,22.1,51.5,160.5,140.8
20151209,2.2,5.0,16.7,45.7,0,172.5
20151210,1.1,34.9,5.5,12.2,20.5,63.2
20151211,0.9,40.2,6.6,7.8,19.9,16.1
20151212,1.9,22.3,8.6,16.9,56.8,32.8
20151213,3.2,16.6,17.2,35.6,140.1,79.8
20151214,4.6,13.8,20.2,59.4,192.5,157.4
20151215,1.0,46.8,2.5,2.0,8.2,4.0
20151216,0.3,36.5,2.3,2.0,5.9,3.7
20151217,0.4,25.5,3.5,8.7,18.8,12.9
20151218,0.6,26.3,4.5,15.4,27.5,19.5
20151219,1.2,13.2,13.8,32.7,90.9,61.1
20151220,1.8,8.2,13.0,43.1,113.5,117.1
20151221,1.3,19.8,11.1,23.1,0,102.3
20151222,1.6,21.8,16.8,24.3,188.7,90.9
20151223,1.5,30.9,9.5,22.0,0,114.3
20151224,0.4,47.0,4.4,6.5,38.1,22.6
20151225,3.8,10.4,5.0,67.9,410.4,241.8
20151226,3.6,11.5,9.6,58.9,261.3,191.1
20151227,0.7,31.2,6.7,18.5,33.7,23.1
20151228,0.8,20.9,6.7,21.1,66.6,37.3
20151229,1.6,6.3,21.4,48.2,177.2,122.6
20151230,1.1,27.2,10.5,23.6,147.3,74.2
20151231,0.6,31.5,6.7,17.2,82.3,27.4
