date,CO,O3,SO2,NO2,PM10,PM2.5
20140101,0.0,0.0,0.0,0.0,143.1,82.7
20140102,0.0,0.0,0.0,0.0,172.6,136.2
20140103,0.0,0.0,0.0,0.0,88.3,51.9
20140104,0.0,0.0,0.0,0.0,145.0,136.6
20140105,0.0,0.0,0.0,0.0,85.5,82.3
20140106,0.0,0.0,0.0,0.0,120.9,142.2
20140107,0.0,0.0,0.0,0.0,75.5,92.3
20140108,0.0,0.0,0.0,0.0,16.2,17.9
20140109,0.0,0.0,0.0,0.0,37.7,32.3
20140110,0.0,0.0,0.0,0.0,89.0,87.0
20140111,0.0,0.0,0.0,0.0,180.5,187.8
20140112,0.0,0.0,0.0,0.0,31.2,28.0
20140113,0.0,0.0,0.0,0.0,140.7,136.3
20140114,0.0,0.0,0.0,0.0,104.5,110.8
20140115,0.0,0.0,0.0,0.0,185.5,201.0
20140116,0.0,0.0,0.0,0.0,335.0,380.0
20140117,0.0,0.0,0.0,0.0,166.4,212.5
20140118,0.0,0.0,0.0,0.0,138.3,172.4
20140119,0.0,0.0,0.0,0.0,121.5,131.2
20140120,0.0,0.0,0.0,0.0,26.9,9.2
20140121,0.0,0.0,0.0,0.0,57.9,46.1
20140122,0.0,0.0,0.0,0.0,157.6,138.0
20140123,0.0,0.0,0.0,0.0,260.3,239.6
20140124,0.0,0.0,0.0,0.0,80.8,130.8
20140125,0.0,0.0,0.0,0.0,46.4,25.8
20140126,0.0,0.0,0.0,0.0,75.2,54.8
20140127,0.0,0.0,0.0,0.0,106.4,78.5
20140128,0.0,0.0,0.0,0.0,68.8,42.7
20140129,0.0,0.0,0.0,0.0,126.4,117.7
20140130,0.0,0.0,0.0,0.0,88.7,68.2
20140131,0.0,0.0,0.0,0.0,164.5,136.9
20140201,0.0,0.0,0.0,0.0,119.6,130.8
20140202,0.0,0.0,0.0,0.0,81.6,69.2
20140203,0.0,0.0,0.0,0.0,25.2,5.6
20140204,0.0,0.0,0.0,0.0,45.2,36.5
20140205,0.0,0.0,0.0,0.0,92.9,91.9
20140206,0.0,0.0,0.0,0.0,102.6,116.0
20140207,0.0,0.0,0.0,0.0,59.5,87.6
20140208,0.0,0.0,0.0,0.0,37.2,49.6
20140209,0.0,0.0,0.0,0.0,19.6,14.1
20140210,0.0,0.0,0.0,0.0,34.4,25.8
20140211,0.0,0.0,0.0,0.0,117.9,124.6
20140212,0.0,0.0,0.0,0.0,116.2,124.3
20140213,0.0,0.0,0.0,0.0,169.1,187.5
20140214,0.0,0.0,0.0,0.0,254.0,281.8
20140215,0.0,0.0,0.0,0.0,374.8,417.6
20140216,0.0,0.0,0.0,0.0,240.5,294.0
20140217,0.0,0.0,0.0,0.0,68.0,78.6
20140218,0.0,0.0,0.0,0.0,66.2,70.5
20140219,0.0,0.0,0.0,0.0,57.8,58.6
20140220,0.0,0.0,0.0,0.0,135.3,235.6
20140221,0.0,0.0,0.0,0.0,233.5,233.0
20140222,0.0,0.0,0.0,0.0,286.5,255.7
20140223,0.0,0.0,0.0,0.0,252.0,198.8
20140224,0.0,0.0,0.0,0.0,305.7,261.4
20140225,0.0,0.0,0.0,0.0,415.0,357.4
20140226,0.0,0.0,0.0,0.0,248.2,297.8
20140227,0.0,0.0,0.0,0.0,9.6,21.1
20140228,0.0,0.0,0.0,0.0,57.0,82.8
20140301,0.0,0.0,0.0,0.0,54.9,67.9
20140302,0.0,0.0,0.0,0.0,133.5,135.1
20140303,0.0,0.0,0.0,0.0,187.1,204.2
20140304,0.0,0.0,0.0,0.0,62.3,46.1
20140305,0.0,0.0,0.0,0.0,38.2,26.8
20140306,0.0,0.0,0.0,0.0,41.7,18.2
20140307,0.0,0.0,0.0,0.0,88.6,56.0
20140308,0.0,0.0,0.0,0.0,175.1,143.5
20140309,0.0,0.0,0.0,0.0,125.4,100.9
20140310,0.0,0.0,0.0,0.0,116.9,88.0
20140311,0.0,0.0,0.0,0.0,212.1,172.5
20140312,0.0,0.0,0.0,0.0,37.3,13.9
20140313,0.0,0.0,0.0,0.0,94.2,23.8
20140314,0.0,0.0,0.0,0.0,91.4,25.8
20140315,0.0,0.0,0.0,0.0,206.6,112.0
20140316,0.0,0.0,0.0,0.0,201.8,114.7
20140317,0.0,0.0,0.0,0.0,238.1,86.8
20140318,0.0,0.0,0.0,0.0,103.9,38.8
20140319,0.0,0.0,0.0,0.0,70.7,52.5
20140320,0.0,0.0,0.0,0.0,41.9,19.2
20140321,0.0,0.0,0.0,0.0,89.3,42.6
20140322,0.0,0.0,0.0,0.0,128.8,63.5
20140323,0.0,0.0,0.0,0.0,150.6,132.8
20140324,0.0,0.0,0.0,0.0,191.9,217.5
20140325,0.0,0.0,0.0,0.0,114.1,137.8
20140326,0.0,0.0,0.0,0.0,198.7,276.8
20140327,0.0,0.0,0.0,0.0,275.8,236.0
20140328,0.0,0.0,0.0,0.0,81.6,131.0
20140329,0.0,0.0,0.0,0.0,82.6,42.9
20140330,0.0,0.0,0.0,0.0,125.4,47.9
20140331,0.0,0.0,0.0,0.0,0,152.9
20140401,0.0,0.0,0.0,0.0,0,0.0
20140402,1.8,41.4,30.0,145.9,0,102.8
20140403,1.1,22.3,10.2,102.6,0,24.2
20140404,1.2,25.0,13.4,93.4,0,40.8
20140405,1.1,30.3,12.6,94.8,0,48.8
20140406,0.9,16.2,11.3,77.0,0.0,53.7
20140408,1.1,30.6,27.2,71.4,0.0,100.4
20140409,1.8,30.2,15.6,108.9,0,120.5
20140410,2.2,7.9,24.2,119.7,291.2,126.4
20140411,1.8,8.4,21.2,142.4,154.4,134.2
20140412,2.4,28.0,28.1,148.4,188.2,137.7
20140413,2.3,25.5,27.1,150.9,210.6,179.8
20140414,2.9,26.2,40.4,151.6,272.2,220.4
20140415,1.0,11.6,20.0,112.8,74.8,51.2
20140416,1.6,11.1,23.3,150.7,141.0,77.3
20140417,2.1,7.8,21.2,135.9,142.0,111.4
20140418,2.7,3.0,17.6,113.5,183.5,150.6
20140419,1.4,18.6,12.5,120.4,88.5,59.2
20140420,1.2,15.0,14.3,119.5,106.9,72.8
20140421,0.0,0.0,0.0,0.0,0.0,0.0
20140422,1.1,28.4,18.2,119.6,91.1,64.5
20140423,1.3,21.6,24.1,83.4,106.4,102.6
20140429,1.2,32.0,21.8,133.4,97.8,88.5
20140430,1.2,46.6,28.5,128.6,106.8,101.7
20140501,1.1,44.1,22.3,103.2,142.1,139.0
20140502,0.3,54.5,4.0,57.3,0,49.9
20140503,0,0,0.0,0,0,0
20140504,0.6,25.8,3.7,68.4,0,16.6
20140505,0.6,24.8,7.3,82.5,59.7,31.6
20140506,1.3,22.6,30.0,100.9,138.9,89.4
20140507,1.1,25.0,12.5,86.0,111.4,66.4
20140508,1.2,28.9,18.8,103.9,121.2,94.0
20140509,1.6,20.4,33.3,107.6,121.8,69.7
20140510,1.5,22.1,28.5,113.0,87.5,51.1
20140511,1.0,26.9,5.1,74.8,38.8,25.5
20140512,0.9,31.8,13.8,93.4,104.4,38.7
20140513,1.0,29.1,16.3,109.0,135.3,54.2
20140514,0.5,34.8,7.0,78.6,69.5,20.7
20140515,0.9,14.9,14.1,124.4,186.6,67.9
20140516,1.0,27.8,11.5,126.8,129.0,63.0
20140517,1.4,42.2,28.7,127.4,106.8,67.5
20140518,1.3,57.7,29.3,123.9,127.3,83.9
20140519,1.3,47.2,19.6,132.1,150.0,112.3
20140520,1.4,38.6,13.2,120.7,236.1,104.2
20140521,1.9,50.9,33.3,129.2,172.6,115.5
20140522,1.7,45.1,18.0,135.8,270.2,174.3
20140523,1.0,54.5,24.2,133.2,116.5,86.7
20140524,1.4,7.7,10.0,106.3,156.2,89.6
20140525,0.7,27.6,4.8,95.6,0,88.5
20140526,0.7,28.4,11.8,138.9,92.6,45.9
20140527,0.6,27.7,10.5,119.1,184.3,62.1
20140528,1.1,52.0,16.7,143.1,154.1,44.5
20140529,1.0,54.9,14.8,143.5,165.8,53.7
20140530,2.2,83.9,40.9,166.4,256.5,111.3
20140531,2.6,64.0,48.9,158.9,379.0,127.6
20140601,0.8,59.7,6.1,101.4,82.6,47.3
20140602,0.8,36.9,5.5,121.6,156.1,36.6
20140603,1.0,37.7,10.7,150.1,110.5,46.5
20140604,1.3,34.5,13.1,144.0,162.4,70.4
20140605,1.2,52.8,15.0,140.8,187.0,106.4
20140606,1.4,15.8,9.0,103.8,173.2,68.8
20140607,0.5,30.2,3.8,89.5,0,13.9
20140608,1.0,21.2,11.4,122.1,100.3,38.1
20140609,0.9,33.2,9.2,127.9,116.8,44.9
20140610,1.6,23.7,6.5,116.9,208.4,93.4
20140611,1.0,30.9,5.3,100.3,147.6,56.8
20140612,0.7,27.3,8.2,107.1,75.9,30.0
20140613,1.4,38.7,10.8,122.4,130.8,70.9
20140614,0.9,58.6,7.4,123.1,97.0,47.7
20140615,1.6,60.2,17.9,138.9,197.1,121.9
20140616,1.3,44.8,5.9,107.0,0,133.3
20140617,1.3,3.8,5.7,107.4,0,99.8
20140618,1.1,16.2,6.2,105.0,0,86.3
20140619,1.6,2.0,7.0,121.6,0,139.8
20140620,1.2,13.8,6.6,93.1,0,48.9
20140621,1.2,23.7,5.5,114.3,101.8,64.6
20140622,0.8,28.9,3.3,105.8,0,42.1
20140623,0.7,29.7,4.5,121.2,84.7,30.4
20140624,1.0,53.0,7.8,135.2,146.9,60.2
20140625,1.5,29.3,8.9,110.0,175.7,103.4
20140626,1.3,52.7,6.8,108.9,193.2,142.3
20140627,0.6,33.4,5.8,114.3,0,26.4
20140628,0.6,30.3,8.6,111.5,101.0,29.6
20140629,1.7,50.5,14.3,124.4,178.5,67.2
20140630,1.4,95.6,22.6,131.3,141.8,75.0
20140701,1.6,49.3,24.5,139.3,0,118.2
20140702,1.2,28.0,5.9,110.4,0,73.9
20140703,1.7,19.7,8.7,126.2,285.6,205.3
20140704,1.7,36.8,4.5,112.1,0,190.9
20140705,1.3,46.4,4.6,100.2,0,110.2
20140706,1.5,58.5,9.2,107.8,0,190.8
20140707,1.5,53.4,11.7,116.5,287.2,179.3
20140708,1.1,32.5,10.5,106.1,254.2,115.0
20140709,0.7,13.5,8.2,113.1,61.0,29.3
20140710,0.8,23.8,8.0,108.2,139.5,41.8
20140711,0.8,31.6,10.2,119.5,168.9,42.9
20140712,0.5,37.8,6.0,97.4,68.1,17.7
20140713,0.6,28.0,6.6,101.2,109.4,22.7
20140714,0.8,39.3,8.5,129.9,113.8,39.8
20140715,0.7,74.2,7.8,102.9,172.0,54.2
20140716,1.2,34.5,7.1,113.9,191.0,124.7
20140717,2.6,39.8,14.9,121.5,217.5,143.7
20140718,2.1,160.1,25.1,140.2,210.9,128.1
20140719,0.9,328.4,40.1,104.1,124.3,73.3
20140720,1.0,319.0,46.3,85.4,129.2,64.7
20140721,0.8,200.5,33.5,88.9,0,17.1
20140722,0.9,7.1,8.4,111.3,58.2,20.7
20140723,1.3,6.1,7.8,131.0,151.6,43.4
20140724,1.5,10.9,6.7,143.1,209.8,94.7
20140725,1.5,41.4,8.0,109.2,120.5,75.3
20140726,0,0,0,0,0,0.0
20140727,1.0,140.6,16.6,92.1,161.3,103.5
20140728,1.1,74.1,11.7,97.3,193.3,115.8
20140729,0.2,13.9,1.3,16.5,0.0,18.9
20140730,1.7,37.4,3.3,98.6,0.0,120.0
20140731,1.8,53.8,5.0,118.3,0,202.6
20140801,1.7,54.2,6.3,121.2,0,151.6
20140802,1.3,201.0,6.7,107.2,133.5,116.8
20140803,1.4,402.6,4.1,128.5,0,138.4
20140804,0.9,2.0,3.0,90.8,0,47.5
20140805,0.9,26.2,7.6,104.6,93.3,33.6
20140806,0.8,25.0,7.0,118.9,109.5,46.5
20140807,1.5,54.7,11.6,123.1,140.0,78.0
20140808,1.2,56.2,9.2,118.9,127.0,64.1
20140809,1.3,65.1,12.7,116.2,145.8,90.1
20140810,0.8,57.7,5.4,103.7,88.7,42.4
20140811,0.7,39.1,4.8,110.7,74.6,27.0
20140812,1.0,32.4,7.3,149.4,105.2,39.1
20140813,0.9,19.1,4.5,99.0,50.9,34.4
20140814,1.0,35.1,6.9,110.3,82.7,43.9
20140815,0.9,39.8,8.1,126.6,111.2,45.9
20140816,1.3,64.7,10.9,129.8,148.0,78.1
20140817,1.0,69.8,7.0,112.7,103.4,48.4
20140818,1.1,47.9,8.3,121.4,113.6,69.4
20140819,1.1,64.5,7.9,105.2,140.7,85.5
20140820,1.3,68.5,19.1,109.4,155.9,104.5
20140821,1.4,52.1,13.7,129.2,207.2,145.4
20140822,1.2,12.9,9.1,147.2,131.2,65.0
20140823,1.6,45.9,7.1,138.7,195.6,138.0
20140824,0.7,34.4,7.7,91.7,35.5,27.2
20140825,0.7,24.2,6.4,108.4,72.7,26.3
20140826,0.8,17.4,7.1,140.6,110.0,38.2
20140827,1.0,38.9,11.2,151.7,159.2,61.3
20140828,1.2,29.6,9.5,134.3,158.8,90.5
20140829,1.2,43.0,5.9,122.2,91.2,80.6
20140830,1.7,20.5,6.8,122.4,203.0,144.6
20140831,1.3,34.4,6.1,100.9,0,80.8
20140901,1.9,21.2,7.6,111.6,0,107.5
20140902,1.2,21.6,4.1,104.1,0,33.4
20140903,0.7,27.7,6.6,93.2,0,20.1
20140904,1.1,36.9,9.2,133.0,135.8,54.4
20140905,1.3,43.3,10.3,126.7,167.5,96.8
20140906,1.7,47.5,13.1,117.4,188.2,143.9
20140907,1.3,42.6,15.2,115.4,0,143.1
20140908,0.5,46.0,5.9,90.9,0,18.4
20140909,0.9,36.1,8.0,136.2,0,46.4
20140910,1.4,44.5,14.1,136.2,125.8,67.9
20140911,1.8,24.1,23.4,142.1,169.2,95.4
20140912,1.2,11.0,7.8,129.9,141.6,74.3
20140913,1.1,41.8,11.0,119.1,128.1,65.3
20140914,0.8,12.7,7.3,124.0,128.7,53.0
20140915,0.6,17.6,7.6,120.8,80.2,24.8
20140916,0.9,4.6,8.6,143.7,134.9,49.2
20140917,0.9,27.8,6.4,118.1,100.8,41.9
20140918,1.1,92.1,6.9,164.8,140.0,79.1
20140919,1.3,115.0,9.8,143.9,162.6,101.9
20140920,1.6,128.3,6.4,150.4,143.1,138.2
20140921,2.2,108.7,13.5,147.0,150.7,105.8
20140922,2.6,82.3,10.5,160.2,176.5,102.4
20140923,1.7,71.8,6.1,149.5,104.5,60.7
20140924,1.5,53.4,6.1,109.8,0,39.7
20140925,1.7,2.8,8.8,89.0,172.7,119.2
20140926,1.8,5.0,12.3,94.2,152.1,134.3
20140927,0.9,9.7,6.8,89.2,0,33.8
20140928,1.6,3.6,12.8,96.2,145.9,77.2
20140929,1.3,6.9,10.7,68.8,116.7,62.3
20140930,0.9,4.4,10.9,66.0,69.2,30.2
20141001,1.3,2.0,11.8,71.4,137.6,81.0
20141002,1.3,3.2,8.3,78.6,0,78.5
20141003,2.3,2.0,7.2,80.3,184.6,149.6
20141004,1.3,5.9,6.0,73.6,0,83.4
20141005,0.9,9.6,4.8,67.5,0,41.4
20141006,0.8,8.9,7.9,113.0,79.3,40.0
20141007,1.7,7.4,15.7,162.0,207.2,150.4
20141008,2.9,2.1,12.8,150.6,326.2,301.0
20141009,2.8,3.4,14.3,126.1,0.0,362.7
20141010,1.9,4.7,14.8,106.1,0.0,220.1
20141011,2.1,8.2,20.9,99.9,0,190.7
20141012,0.5,11.1,6.4,57.2,0,10.3
20141013,0.6,7.5,12.1,76.1,0,20.2
20141014,1.0,5.2,13.1,93.6,122.9,60.2
20141015,1.0,9.1,10.9,74.0,125.5,69.8
20141016,0.9,9.2,9.3,86.6,118.9,60.1
20141017,1.6,3.5,8.9,126.2,239.9,140.8
20141018,2.6,7.0,19.0,166.2,273.9,213.5
20141019,2.7,2.6,18.1,150.1,400.8,282.2
20141020,1.8,2.0,8.7,89.1,0,249.4
20141021,1.5,2.1,12.3,67.3,132.2,51.5
20141022,1.5,2.0,13.5,81.7,158.0,91.1
20141023,2.0,2.0,16.6,95.0,194.3,155.2
20141024,2.8,2.0,13.4,129.3,253.7,272.7
20141025,3.1,2.0,10.3,138.6,0,406.6
20141026,1.2,3.1,3.7,100.1,0,108.0
20141027,0.8,2.5,4.9,103.9,106.5,34.8
20141028,1.1,2.1,10.6,95.9,110.0,65.2
20141029,1.6,2.0,14.9,121.2,189.9,122.0
20141030,2.0,2.0,14.3,133.5,223.2,181.0
20141031,2.5,2.0,11.6,116.2,0,208.2
20141101,1.1,2.3,6.9,85.5,47.0,87.0
20141102,0.4,6.1,2.5,74.5,30.9,11.1
20141103,1.2,8.4,10.1,113.9,103.4,51.2
20141104,1.8,4.5,28.5,123.0,183.8,139.5
20141105,1.6,12.6,16.1,97.8,114.2,82.6
20141106,0.5,25.2,2.7,57.5,42.0,15.0
20141107,1.4,2.7,25.4,67.2,79.1,48.7
20141108,1.6,6.4,21.1,83.0,107.8,83.9
20141109,1.2,8.3,14.9,90.9,97.9,75.1
20141110,1.7,2.4,19.4,103.4,131.9,104.7
20141111,1.0,16.3,10.8,65.7,80.8,60.1
20141112,0.3,41.6,6.6,42.3,57.0,6.8
20141113,1.2,8.9,19.9,79.7,76.7,40.9
20141114,1.4,4.0,25.6,77.8,80.3,44.8
20141115,3.0,2.0,55.8,117.1,209.9,152.4
20141116,1.9,10.4,25.6,69.3,190.0,118.4
20141117,1.0,8.7,24.3,72.7,68.3,35.0
20141118,1.8,2.0,33.0,82.2,125.0,77.4
20141119,3.9,2.0,70.1,143.3,359.1,298.1
20141120,4.6,2.0,58.0,159.7,422.1,354.5
20141121,4.7,2.0,45.9,183.3,424.2,312.8
20141122,1.5,9.2,22.1,81.6,107.7,50.0
20141123,2.8,2.0,39.4,108.5,173.9,127.6
20141124,2.3,4.1,27.7,104.0,140.0,97.2
20141125,3.1,2.9,49.5,121.2,185.2,184.8
20141126,4.5,2.0,58.0,156.1,357.9,304.5
20141127,1.3,9.5,18.5,74.8,75.2,77.5
20141128,1.9,4.0,36.4,73.6,172.6,102.5
20141129,4.4,2.0,38.0,36.9,359.4,304.1
20141130,1.4,25.8,16.9,32.7,267.3,86.1
20141201,0.5,28.0,11.1,14.3,79.8,16.0
20141202,1.4,7.8,34.0,95.0,86.4,58.6
20141203,0.8,26.8,17.1,96.7,77.3,33.5
20141204,0.4,35.8,10.0,50.9,45.5,10.6
20141205,1.5,8.2,38.4,80.0,88.0,52.0
20141206,2.3,2.7,50.9,86.9,111.9,69.3
20141207,1.6,11.9,31.3,68.1,83.6,49.6
20141208,2.0,6.1,44.2,91.6,102.9,76.9
20141209,6.5,2.0,89.6,149.4,319.0,305.5
20141210,3.2,18.7,38.2,92.7,235.9,163.0
20141211,1.0,16.6,25.1,66.5,60.3,30.8
20141212,0.8,20.5,15.4,52.7,51.8,19.2
20141213,1.7,11.4,38.9,78.6,102.5,66.2
20141214,3.1,2.2,59.3,108.0,142.5,108.3
20141215,1.9,22.1,38.3,70.3,122.7,75.4
20141216,0.4,36.9,11.1,32.7,41.3,9.0
20141217,2.6,4.3,51.2,93.2,137.7,98.3
20141218,5.0,2.0,99.8,102.0,192.9,165.8
20141219,1.4,22.5,21.9,67.9,55.9,44.1
20141220,0.6,17.1,12.0,60.9,32.4,11.6
20141221,1.0,15.2,25.1,60.3,56.8,28.5
20141222,4.1,2.0,89.3,117.3,189.0,135.3
20141223,3.8,2.1,73.2,124.4,168.9,127.7
20141224,0.8,17.3,23.5,60.6,32.4,14.1
20141225,2.0,5.6,41.5,97.1,71.0,44.1
20141226,5.0,2.0,88.1,130.2,204.7,184.6
20141227,5.5,2.0,103.9,165.2,253.4,249.9
20141228,4.7,5.2,87.5,143.2,270.1,231.3
20141229,5.4,5.6,73.7,161.7,236.8,213.1
20141230,2.2,8.4,37.4,90.8,133.9,45.8
20141231,0.5,34.2,13.5,35.8,0.0,0.0
20150101,1.5,14.6,34.5,74.7,75.1,58.6
20150102,1.9,4.2,45.0,95.5,95.3,72.3
20150103,4.9,2.0,103.9,148.1,245.9,223.5
20150104,4.9,2.0,94.2,147.0,267.3,208.9
20150105,2.8,17.7,61.5,79.6,144.3,90.1
20150106,1.2,15.3,36.0,67.5,60.8,40.3
20150107,3.0,2.7,64.3,91.2,124.6,81.5
20150108,4.3,2.0,66.6,79.7,195.9,164.8
20150109,2.4,7.6,50.5,90.9,126.4,96.7
20150110,5.4,2.9,118.2,182.2,298.7,276.6
20150111,1.5,12.8,26.0,81.6,63.3,42.2
20150112,3.1,4.0,59.4,103.9,118.3,108.5
20150113,3.8,2.0,72.5,133.2,181.6,166.6
20150114,4.0,2.0,72.8,140.3,252.9,243.6
20150115,6.9,2.0,51.6,160.5,392.5,376.2
20150116,1.7,27.9,14.9,70.4,27.5,118.3
20150117,1.6,12.6,42.6,98.6,114.9,73.6
20150118,2.1,21.4,49.5,93.0,146.9,93.4
20150119,2.2,12.0,46.1,99.4,110.2,56.6
20150120,2.6,2.7,55.9,101.6,121.7,89.4
20150121,0.9,19.3,24.5,67.1,32.5,17.7
20150122,3.1,3.4,66.6,112.6,158.0,127.8
20150123,4.7,2.0,89.6,160.1,298.4,234.5
20150124,2.2,5.0,36.1,91.4,117.7,83.2
20150125,1.9,4.0,26.4,75.9,152.9,132.9
20150126,2.3,16.4,23.0,78.0,34.8,124.0
20150127,0.9,23.6,22.1,68.6,39.1,20.6
20150128,1.7,8.7,33.3,82.8,65.7,42.7
20150129,1.5,15.2,34.0,63.7,77.9,67.1
20150130,0.7,23.5,19.2,58.7,26.0,12.5
20150131,1.1,9.9,26.8,78.5,54.5,41.2
20150201,2.9,3.2,63.6,107.2,121.4,98.5
20150202,3.3,2.3,80.8,119.3,139.5,160.6
20150203,2.4,12.7,35.1,102.6,107.2,122.2
20150204,0.5,36.5,15.1,48.7,32.7,11.5
20150205,1.1,17.3,28.9,86.8,54.3,36.4
20150206,3.6,3.0,59.6,125.5,146.8,113.9
20150207,0.6,38.6,15.8,53.9,31.6,10.6
20150208,0.8,26.1,23.0,73.2,43.4,29.8
20150209,2.5,3.8,69.5,117.1,160.3,143.5
20150210,3.6,5.6,73.8,147.7,190.1,163.6
20150211,1.6,17.6,34.0,90.9,58.4,49.8
20150212,1.2,16.4,21.6,96.5,46.8,36.3
20150213,3.4,5.9,51.3,125.9,161.7,145.7
20150214,3.9,5.2,75.4,164.9,306.1,270.2
20150215,6.2,2.0,113.5,122.6,347.0,309.2
20150216,3.0,14.1,46.4,63.6,129.6,148.3
20150217,0.3,9.5,7.3,19.8,11.5,6.5
20150218,1.3,30.1,27.7,66.0,140.2,66.7
20150219,1.9,22.7,72.2,68.5,303.2,211.9
20150220,2.2,11.3,21.0,59.7,0,143.7
20150221,1.9,19.7,21.5,47.3,354.1,196.3
20150222,0.5,37.6,8.0,46.6,260.9,50.5
20150223,1.2,19.5,32.3,69.9,133.2,74.2
20150224,2.9,6.9,49.3,91.0,224.1,162.2
20150225,1.0,26.1,16.8,55.6,99.4,64.2
20150226,0.5,36.9,9.3,46.5,24.9,16.0
20150227,0.3,14.0,4.6,21.7,8.4,3.9
20150301,0.2,0.2,3.1,9.0,9.5,3.7
20150302,2.0,21.8,34.9,83.9,106.2,68.6
20150303,0.4,49.5,3.9,35.9,51.7,9.8
20150304,1.0,19.5,13.6,74.2,54.5,28.5
20150305,2.3,14.1,68.8,92.9,169.2,139.0
20150306,3.2,8.2,78.9,118.4,233.3,205.1
20150307,2.9,11.1,55.1,136.2,253.1,231.8
20150308,1.7,23.3,32.6,94.3,86.7,116.3
20150309,0.5,49.0,7.4,45.0,36.8,9.1
20150310,1.3,19.5,24.9,87.8,71.9,45.0
20150311,1.6,12.8,21.2,97.6,74.5,44.6
20150312,2.2,7.9,31.4,97.0,108.8,76.0
20150313,2.1,14.0,31.6,112.5,103.3,79.1
20150314,2.2,5.3,50.3,114.5,131.1,98.1
20150315,2.4,20.1,41.9,135.0,219.7,118.8
20150316,2.6,4.3,50.9,121.4,300.0,235.4
20150317,2.6,21.7,27.2,117.4,248.4,230.6
20150318,1.2,21.9,17.0,120.0,110.0,53.1
20150319,1.8,10.0,22.7,126.9,236.2,102.3
20150320,1.2,17.3,15.2,100.2,230.0,60.8
20150321,0.6,43.7,6.2,60.4,109.0,18.7
20150322,0.6,40.2,6.3,57.8,110.4,27.0
20150323,1.2,17.9,14.3,87.8,112.9,62.5
20150324,2.3,16.0,37.5,116.1,138.0,85.6
20150325,2.4,21.8,55.4,137.3,168.4,132.5
20150326,1.3,44.9,33.0,114.5,150.3,110.6
20150327,1.2,44.7,43.9,114.4,151.3,107.0
20150328,0.7,40.0,11.1,75.8,278.0,66.9
20150329,1.6,22.4,29.7,125.6,322.7,92.5
20150330,1.4,21.9,39.1,94.6,366.9,116.5
20150331,2.6,2.0,14.5,123.8,156.5,121.7
20150401,1.0,7.4,10.6,119.7,86.8,56.9
20150402,1.0,27.7,8.9,86.1,49.2,38.7
20150403,0.8,36.1,7.9,94.5,56.3,35.6
20150404,0.9,43.9,9.9,102.2,91.5,70.3
20150405,0.7,40.3,6.0,72.8,114.7,61.5
20150406,0.5,47.2,4.3,57.6,43.5,26.6
20150407,0.6,35.3,8.1,79.2,55.7,28.6
20150408,1.1,32.5,22.5,90.6,127.1,108.6
20150409,1.6,48.1,31.7,117.1,206.4,186.5
20150410,1.5,24.1,18.4,132.7,172.8,182.1
20150411,2.3,27.5,25.9,117.4,165.8,155.9
20150412,0.4,47.2,3.4,51.6,39.1,16.7
20150413,0.5,53.7,5.6,90.3,59.0,65.5
20150414,1.1,16.0,11.0,123.9,109.1,71.4
20150415,1.4,31.8,27.4,129.9,374.8,167.0
20150416,0.4,59.7,4.9,49.4,129.8,37.7
20150417,1.0,24.9,29.0,88.1,209.6,92.1
20150418,1.9,12.6,32.1,96.5,309.4,161.8
20150419,0.9,24.3,9.5,56.5,132.2,65.7
20150420,1.0,31.4,14.7,101.6,145.0,85.6
20150421,0.8,27.0,16.3,107.6,160.2,92.0
20150422,1.0,40.1,16.3,112.7,147.1,72.2
20150423,1.0,20.2,21.2,105.4,132.7,79.1
20150424,0.9,40.1,14.9,104.4,188.2,71.0
20150425,1.3,49.2,25.5,134.1,204.9,98.6
20150426,1.2,72.8,31.0,93.2,209.5,121.1
20150427,1.2,40.8,21.2,137.2,164.4,92.6
20150428,1.2,35.8,13.9,123.2,95.2,55.1
20150429,1.8,54.0,19.7,161.9,152.6,129.8
20150430,1.3,54.6,17.9,251.2,150.8,108.3
20150501,1.3,21.9,15.5,230.9,178.6,131.2
20150502,0.8,40.3,6.2,134.6,86.5,74.2
20150503,0.6,46.8,3.8,48.3,105.9,55.6
20150504,0.5,48.7,7.3,83.1,84.6,35.3
20150505,0.9,30.9,12.3,165.7,116.9,62.9
20150506,0.6,34.9,7.0,0,87.9,27.9
20150507,0.9,38.0,11.7,94.4,144.0,55.3
20150508,1.1,30.8,14.9,97.6,127.8,76.8
20150509,1.2,12.6,12.6,76.0,71.2,67.8
20150510,1.3,3.4,9.8,87.3,72.2,81.4
20150511,1.0,15.9,6.1,73.1,52.0,29.7
20150512,0.9,22.4,9.8,177.9,85.4,28.9
20150513,1.2,26.4,14.0,137.8,173.0,69.5
20150514,0.6,33.7,7.8,91.2,99.8,26.4
20150515,0.6,39.6,6.6,85.4,69.2,30.4
20150516,1.0,60.6,14.5,109.5,131.0,60.5
20150517,1.4,56.9,24.9,107.1,203.9,134.0
20150518,0.7,34.7,5.1,77.7,112.6,68.0
20150519,0.3,52.6,2.4,59.0,54.8,12.6
20150520,0.4,52.4,5.2,69.5,46.9,16.2
20150521,0.8,48.5,13.3,93.9,119.0,41.0
20150522,1.2,55.2,18.3,119.4,109.9,58.2
20150523,1.3,69.4,22.2,124.8,171.9,102.0
20150524,1.4,72.0,22.9,130.8,193.7,130.6
20150525,1.3,100.5,31.7,117.7,184.7,118.9
20150526,1.0,98.3,29.0,109.6,164.8,115.9
20150527,1.1,79.9,18.4,125.6,170.3,122.9
20150528,5.2,68.3,31.2,122.9,173.6,105.8
20150529,1.4,34.2,13.8,120.6,122.5,40.5
20150530,1.1,57.2,12.0,110.6,123.0,66.9
20150531,1.1,70.6,21.4,109.3,121.3,67.8
20150601,1.4,64.2,20.2,145.1,217.9,104.2
20150602,0.8,42.8,6.1,76.8,81.7,36.0
20150603,0.8,37.8,11.8,106.0,134.7,41.1
20150604,1.1,15.3,14.3,107.2,126.2,57.0
20150605,1.0,36.7,10.3,115.8,95.8,51.2
20150606,0.6,44.8,5.7,87.0,91.6,31.0
20150607,0.7,15.9,6.1,88.7,54.9,21.2
20150608,0.7,27.0,7.4,105.5,73.7,25.8
20150609,1.7,48.8,24.1,134.6,129.1,64.7
20150610,1.5,23.5,8.1,108.8,119.8,83.4
20150611,0.8,28.0,6.2,78.8,55.5,28.8
20150612,0.5,35.3,5.6,75.7,39.1,13.7
20150613,0.7,44.6,5.1,76.2,51.7,17.9
20150614,0.8,39.4,5.1,93.3,62.4,27.8
20150615,1.6,72.7,20.2,121.5,153.2,92.6
20150616,1.4,65.9,19.0,142.4,183.6,111.9
20150617,1.0,54.7,6.6,120.8,81.6,48.0
20150618,0.6,31.6,5.6,91.9,49.3,25.7
20150619,0.8,20.5,4.7,72.4,54.8,22.7
20150620,0.8,45.0,5.3,91.5,71.8,29.1
20150621,0.8,72.5,8.6,106.8,97.5,46.9
20150622,1.3,64.8,20.6,127.2,136.1,92.0
20150623,1.9,72.6,20.2,126.1,178.7,179.5
20150624,1.3,33.0,14.6,104.0,132.1,100.3
20150625,1.5,26.0,12.7,120.0,141.6,107.9
20150626,1.3,53.4,4.5,111.6,170.6,119.5
20150627,1.2,36.2,6.7,113.9,133.9,93.7
20150628,1.5,52.9,13.3,114.8,160.5,145.5
20150629,1.4,16.1,9.6,104.5,188.8,117.2
20150630,0.6,24.8,4.4,86.3,39.3,17.0
20150701,0.6,16.5,8.7,89.6,64.0,23.9
20150702,0.5,20.2,8.3,82.3,39.9,14.9
20150703,1.5,45.0,19.8,104.0,82.5,33.6
20150704,1.0,19.4,11.2,105.3,76.6,32.9
20150705,1.2,53.3,12.9,117.7,91.3,63.0
20150706,1.3,53.0,13.8,125.7,89.5,66.6
20150707,1.2,65.2,14.2,97.2,111.0,62.1
20150708,1.5,62.4,13.5,126.0,154.2,123.4
20150709,1.0,56.5,14.3,152.8,118.1,75.5
20150710,0.9,51.6,12.8,110.7,103.3,56.5
20150711,1.4,61.9,13.4,113.5,145.2,105.9
20150712,1.3,76.5,10.7,127.7,184.7,113.5
20150713,1.0,71.8,7.4,139.5,107.2,58.3
20150714,0.9,74.5,9.4,116.8,91.9,41.3
20150715,0.9,33.4,8.6,124.5,86.2,41.4
20150716,0.9,33.1,3.9,96.1,66.7,42.5
20150717,1.1,21.2,4.9,92.8,76.6,42.5
20150718,1.1,30.1,3.9,97.1,67.8,58.4
20150719,1.2,26.8,4.0,97.0,96.6,81.7
20150720,1.2,20.4,4.8,94.6,121.9,91.9
20150721,1.5,35.4,5.9,99.8,166.4,132.3
20150722,1.0,42.8,6.4,119.7,93.3,65.3
20150723,1.2,25.0,5.2,113.2,91.6,48.6
20150724,1.2,33.5,6.8,114.5,105.5,61.7
20150725,1.4,58.4,5.2,119.2,138.5,99.9
20150726,1.3,72.2,5.9,123.0,149.0,113.8
20150727,1.0,60.8,4.4,115.2,123.6,73.9
20150728,1.1,45.4,4.6,45.4,125.7,59.7
20150729,1.2,33.2,4.6,44.8,160.4,92.2
20150730,1.5,31.7,4.9,110.1,98.4,58.0
20150731,0.9,41.5,3.9,99.4,67.3,30.2
20150801,1.8,12.2,7.8,111.9,138.0,73.7
20150802,1.4,33.8,4.3,96.7,123.6,81.6
20150803,1.6,17.9,5.8,92.4,116.3,80.5
20150804,0.8,40.8,6.7,114.0,84.8,29.0
20150805,1.2,37.1,6.8,156.5,159.7,87.6
20150806,1.0,58.8,4.5,114.6,127.3,68.9
20150807,1.5,46.3,6.4,98.3,149.8,110.3
20150808,0.9,44.5,3.8,100.8,110.2,57.0
20150809,1.0,51.9,4.9,126.6,128.5,73.5
20150810,0.9,45.2,5.3,129.7,136.6,65.3
20150811,1.9,68.5,11.1,109.6,182.2,116.1
20150812,1.2,76.9,6.4,114.2,167.6,103.3
20150813,1.3,85.4,11.3,115.5,190.7,126.0
20150814,1.0,34.0,7.0,119.2,162.3,70.8
20150815,0.7,46.2,6.0,100.3,104.6,35.2
20150816,0.8,80.3,48.0,119.6,124.0,52.3
20150817,1.2,56.4,5.8,122.6,165.6,83.4
20150818,0.9,47.8,6.1,103.4,126.8,62.4
20150819,1.1,44.7,5.2,115.7,98.2,60.0
20150820,0.9,57.4,5.0,94.8,96.7,39.5
20150821,0.6,53.2,4.8,85.9,62.0,16.2
20150822,0.7,43.5,4.8,67.4,56.2,21.7
20150823,1.1,32.7,6.7,73.6,62.9,33.8
20150824,0.7,29.6,3.8,71.5,45.3,17.4
20150825,0.7,27.4,4.2,76.5,59.2,20.2
20150826,0.6,19.5,4.2,78.2,63.3,19.6
20150827,0.4,40.6,4.1,76.9,45.3,14.2
20150828,0.5,44.3,6.2,84.6,64.0,21.2
20150829,0.6,69.4,4.0,89.2,79.4,30.9
20150830,1.2,26.7,5.2,78.1,65.9,31.5
20150831,1.0,17.5,3.9,71.8,67.3,40.6
20150901,0.7,21.7,3.8,57.7,44.4,14.1
20150902,0.5,25.5,3.1,58.2,40.9,14.0
20150903,0.4,44.3,2.8,59.5,56.9,18.8
20150904,1.7,27.5,2.0,75.3,97.4,63.3
20150905,0.8,30.5,31.9,76.9,48.9,24.2
20150906,0.7,18.0,3.0,79.0,55.9,22.1
20150907,0.8,19.0,4.9,94.2,71.5,31.5
20150908,1.2,63.6,10.1,127.0,131.2,68.3
20150909,0.9,21.9,6.0,94.2,89.4,44.3
20150910,0.6,13.4,4.2,58.2,28.3,12.9
20150911,0.6,18.7,4.8,64.4,37.7,14.9
20150912,0.5,28.5,4.4,53.5,38.9,12.2
20150913,0.7,24.0,8.1,82.7,93.5,27.7
20150914,1.1,32.0,17.9,109.3,160.4,79.5
20150915,1.3,42.0,19.8,132.1,160.4,102.8
20150916,1.5,38.8,14.0,137.8,192.5,132.1
20150917,1.5,31.4,15.3,140.3,205.6,153.5
20150918,1.1,23.2,7.1,104.5,115.3,92.2
20150919,0.6,26.8,5.1,86.1,57.2,21.9
20150920,1.3,42.9,14.1,94.8,147.0,104.6
20150921,1.3,39.9,23.1,122.6,159.6,89.8
20150922,1.7,27.6,19.5,102.4,190.8,134.4
20150923,0.9,19.3,5.2,91.0,73.9,34.8
20150924,1.4,22.4,7.9,107.2,166.0,117.2
20150925,0.8,19.8,6.1,74.0,82.4,26.3
20150926,0.9,30.2,10.3,91.9,100.2,35.8
20150927,0.9,27.3,8.0,103.9,119.3,52.8
20150928,1.3,21.3,6.8,80.2,71.3,49.0
20150929,1.5,2.7,6.7,71.8,78.8,49.5
20150930,0.9,8.6,6.0,70.4,59.4,30.1
20151001,0.4,27.8,3.9,46.1,50.7,15.1
20151002,0.9,18.1,10.0,75.6,127.6,32.8
20151003,0.8,23.4,7.9,78.8,113.7,29.0
20151004,1.6,23.1,13.2,131.7,217.6,126.3
20151005,1.8,38.0,12.3,140.9,266.8,221.2
20151006,2.3,43.3,14.3,154.9,356.6,297.3
20151007,2.0,39.0,18.0,120.2,331.4,249.3
20151008,0.6,65.7,14.4,49.0,40.5,13.9
20151009,0.6,44.1,7.9,52.0,71.3,25.7
20151010,0.4,22.6,5.0,24.2,32.8,7.8
20151011,0.4,33.1,4.2,47.5,39.4,11.1
20151012,0.8,15.3,9.2,80.6,75.5,21.2
20151013,1.1,10.2,11.6,106.7,107.1,40.1
20151014,2.8,10.4,28.6,141.7,191.5,116.8
20151015,1.8,21.3,14.5,148.8,165.9,120.2
20151016,2.7,23.4,22.5,195.2,276.1,218.7
20151017,2.8,13.6,15.8,185.0,362.5,313.5
20151018,1.1,20.5,14.7,77.2,83.7,61.5
20151019,1.0,7.9,12.5,85.6,136.0,62.6
20151020,1.9,2.0,13.1,89.8,151.1,79.2
20151021,1.1,6.6,7.7,56.7,105.9,57.3
20151022,0.9,3.6,7.3,66.1,67.2,38.1
20151023,1.0,7.7,7.5,72.2,85.5,60.0
20151024,1.4,7.9,11.0,77.1,103.4,60.1
20151025,0.9,5.4,12.0,72.7,91.5,36.4
20151026,0.6,18.7,5.6,48.3,77.4,32.2
20151027,0.8,11.9,9.1,68.2,123.5,26.5
20151028,0.6,19.1,6.1,53.5,46.3,11.7
20151029,0.5,22.5,5.9,50.3,50.5,11.7
20151030,1.0,8.6,11.6,73.6,103.8,33.0
20151031,1.1,8.5,11.1,83.1,113.2,50.2
20151101,1.3,9.1,14.8,103.8,169.1,95.2
20151102,1.9,7.6,17.7,119.4,184.7,99.0
20151103,2.4,11.5,27.7,133.6,258.7,168.3
20151104,2.1,6.6,22.1,141.6,267.2,209.5
20151105,1.2,6.6,10.6,80.8,245.0,118.1
20151106,0.5,20.2,3.7,46.8,22.0,17.6
20151107,0.6,23.1,3.5,48.7,30.7,17.2
20151108,1.0,10.7,5.7,67.7,87.4,58.4
20151109,1.4,3.1,7.9,65.8,164.3,119.2
20151110,1.8,2.7,10.7,73.1,188.1,150.4
20151111,2.0,2.5,11.6,72.0,173.8,121.0
20151112,2.5,3.0,15.5,71.5,222.2,185.4
20151113,3.2,3.5,27.5,91.9,228.6,209.9
20151114,3.5,3.6,29.5,97.7,316.4,280.0
20151115,3.5,4.7,23.1,98.2,284.1,214.2
20151116,1.5,4.0,15.7,65.8,97.7,57.0
20151117,1.5,3.8,13.7,66.2,104.5,66.5
20151118,1.2,3.9,12.7,56.2,82.8,68.7
20151119,1.5,2.0,10.2,48.8,100.0,75.0
20151120,2.4,2.5,12.8,52.8,105.0,71.9
20151121,2.4,2.2,11.0,54.0,0,50.6
20151122,1.3,6.1,9.2,60.6,41.0,54.4
20151123,0.8,21.8,8.5,50.3,24.0,30.8
20151124,1.2,14.9,10.9,65.6,49.9,46.0
20151125,1.6,20.1,14.1,54.9,21.5,68.4
20151126,1.1,25.9,12.4,61.0,65.2,42.3
20151127,3.6,9.4,51.5,126.2,340.8,287.5
20151128,5.0,10.9,48.5,138.8,375.3,314.2
20151129,5.9,9.5,48.9,151.5,345.4,301.8
20151130,7.0,9.5,27.6,168.1,597.0,460.0
20151201,8.2,8.8,32.1,120.1,403.8,441.8
20151202,0.8,20.9,9.1,30.4,49.4,20.1
20151203,0.6,30.0,5.9,26.4,44.8,10.6
20151204,1.4,11.5,22.7,47.5,105.0,48.7
20151205,2.0,9.0,29.1,48.0,128.6,68.2
20151206,3.3,8.8,38.9,77.2,223.1,162.5
20151207,3.4,7.0,44.7,81.5,222.5,173.3
20151208,3.6,3.7,27.9,77.0,275.4,221.0
20151209,3.9,4.3,37.9,93.7,338.6,272.2
20151210,1.9,12.1,20.8,64.6,54.2,97.5
20151211,1.5,6.1,22.5,70.7,93.8,53.1
20151212,4.1,6.8,36.8,99.2,309.2,212.4
20151213,4.6,6.4,49.2,105.3,303.7,230.1
20151214,3.2,6.1,20.6,98.0,161.5,208.8
20151215,0.5,28.5,8.4,37.2,33.5,9.1
20151216,0.5,33.0,5.8,21.0,24.7,5.2
20151217,2.1,11.6,30.4,75.0,167.4,112.1
20151218,2.1,13.2,28.6,75.5,150.2,70.3
20151219,3.8,10.0,40.8,98.5,215.7,150.6
20151220,4.5,7.8,29.3,111.5,282.0,242.0
20151221,5.1,7.0,29.1,124.9,354.3,274.8
20151222,6.0,8.8,28.0,112.8,418.1,341.1
20151223,8.0,8.3,28.5,149.6,513.9,442.1
20151224,4.3,6.8,26.0,109.9,392.9,239.8
20151225,8.1,8.4,18.9,140.9,598.3,554.3
20151226,5.2,7.3,12.2,100.5,399.6,295.5
20151227,1.2,6.4,11.0,59.2,94.5,57.2
20151228,2.5,7.2,22.2,83.2,163.6,126.2
20151229,5.4,8.1,38.9,133.3,442.4,352.8
20151230,1.7,8.6,20.4,71.5,146.5,62.9
20151231,2.0,7.2,21.1,82.8,112.3,71.0
