date,CO,O3,SO2,NO2,PM10,PM2.5
20140101,0.0,0.0,0.0,0.0,154.7,74.3
20140102,0.0,0.0,0.0,0.0,181.7,130.7
20140103,0.0,0.0,0.0,0.0,99.2,56.1
20140104,0.0,0.0,0.0,0.0,145.7,136.8
20140105,0.0,0.0,0.0,0.0,92.0,85.5
20140106,0.0,0.0,0.0,0.0,128.2,144.2
20140107,0.0,0.0,0.0,0.0,87.3,92.7
20140108,0.0,0.0,0.0,0.0,19.0,14.5
20140109,0.0,0.0,0.0,0.0,45.8,32.1
20140110,0.0,0.0,0.0,0.0,93.8,76.9
20140111,0.0,0.0,0.0,0.0,155.7,145.6
20140112,0.0,0.0,0.0,0.0,41.8,26.8
20140113,0.0,0.0,0.0,0.0,115.1,105.5
20140114,0.0,0.0,0.0,0.0,101.5,98.6
20140115,0.0,0.0,0.0,0.0,186.4,190.1
20140116,0.0,0.0,0.0,0.0,370.9,404.5
20140117,0.0,0.0,0.0,0.0,157.5,196.1
20140118,0.0,0.0,0.0,0.0,101.7,117.7
20140119,0.0,0.0,0.0,0.0,154.9,135.2
20140120,0.0,0.0,0.0,0.0,17.8,9.4
20140121,0.0,0.0,0.0,0.0,35.9,45.2
20140122,0.0,0.0,0.0,0.0,0,134.9
20140123,0.0,0.0,0.0,0.0,221.0,246.7
20140124,0.0,0.0,0.0,0.0,0,141.1
20140125,0.0,0.0,0.0,0.0,20.2,20.9
20140126,0.0,0.0,0.0,0.0,60.2,56.1
20140127,0.0,0.0,0.0,0.0,98.5,88.4
20140128,0.0,0.0,0.0,0.0,61.2,43.8
20140129,0.0,0.0,0.0,0.0,121.3,126.3
20140130,0.0,0.0,0.0,0.0,86.9,75.0
20140131,0.0,0.0,0.0,0.0,154.5,142.6
20140201,0.0,0.0,0.0,0.0,122.4,144.2
20140202,0.0,0.0,0.0,0.0,89.5,75.7
20140203,0.0,0.0,0.0,0.0,23.0,8.8
20140204,0.0,0.0,0.0,0.0,41.4,33.3
20140205,0.0,0.0,0.0,0.0,96.0,95.6
20140206,0.0,0.0,0.0,0.0,107.5,124.0
20140207,0.0,0.0,0.0,0.0,63.5,95.7
20140208,0.0,0.0,0.0,0.0,37.1,62.0
20140209,0.0,0.0,0.0,0.0,9.8,10.5
20140210,0.0,0.0,0.0,0.0,20.5,28.0
20140211,0.0,0.0,0.0,0.0,105.3,123.3
20140212,0.0,0.0,0.0,0.0,114.3,130.6
20140213,0.0,0.0,0.0,0.0,172.4,192.4
20140214,0.0,0.0,0.0,0.0,246.6,271.9
20140215,0.0,0.0,0.0,0.0,377.4,415.8
20140216,0.0,0.0,0.0,0.0,258.0,311.9
20140217,0.0,0.0,0.0,0.0,85.6,78.6
20140218,0.0,0.0,0.0,0.0,56.3,82.2
20140219,0.0,0.0,0.0,0.0,62.8,61.5
20140220,0.0,0.0,0.0,0.0,170.8,226.3
20140221,0.0,0.0,0.0,0.0,305.3,237.7
20140222,0.0,0.0,0.0,0.0,294.2,257.6
20140223,0.0,0.0,0.0,0.0,265.0,199.4
20140224,0.0,0.0,0.0,0.0,314.4,253.9
20140225,0.0,0.0,0.0,0.0,388.0,350.8
20140226,0.0,0.0,0.0,0.0,251.6,284.8
20140227,0.0,0.0,0.0,0.0,7.8,19.1
20140228,0.0,0.0,0.0,0.0,60.6,71.1
20140301,0.0,0.0,0.0,0.0,67.3,64.8
20140302,0.0,0.0,0.0,0.0,150.0,130.5
20140303,0.0,0.0,0.0,0.0,219.3,203.8
20140304,0.0,0.0,0.0,0.0,54.5,43.9
20140305,0.0,0.0,0.0,0.0,27.4,18.6
20140306,0.0,0.0,0.0,0.0,20.2,12.8
20140307,0.0,0.0,0.0,0.0,65.6,46.8
20140308,0.0,0.0,0.0,0.0,161.8,141.2
20140309,0.0,0.0,0.0,0.0,99.9,94.0
20140310,0.0,0.0,0.0,0.0,92.2,75.8
20140311,0.0,0.0,0.0,0.0,166.2,155.9
20140312,0.0,0.0,0.0,0.0,13.8,9.4
20140313,0.0,0.0,0.0,0.0,51.4,19.6
20140314,0.0,0.0,0.0,0.0,60.2,22.6
20140315,0.0,0.0,0.0,0.0,157.9,100.8
20140316,0.0,0.0,0.0,0.0,158.1,105.2
20140317,0.0,0.0,0.0,0.0,226.0,82.2
20140318,0.0,0.0,0.0,0.0,94.8,36.8
20140319,0.0,0.0,0.0,0.0,72.2,46.7
20140320,0.0,0.0,0.0,0.0,22.8,12.5
20140321,0.0,0.0,0.0,0.0,56.5,29.6
20140322,0.0,0.0,0.0,0.0,106.8,102.3
20140323,0.0,0.0,0.0,0.0,162.3,82.3
20140324,0.0,0.0,0.0,0.0,225.3,71.6
20140325,0.0,0.0,0.0,0.0,0.0,0.0
20140326,0.0,0.0,0.0,0.0,0,0.0
20140327,0.0,0.0,0.0,0.0,0,0.0
20140328,0.0,0.0,0.0,0.0,0,0.0
20140329,0.0,0.0,0.0,0.0,0,0.0
20140330,0.0,0.0,0.0,0.0,0,27.2
20140331,0.0,0.0,0.0,0.0,97.1,140.9
20140401,0.0,0.0,0.0,0.0,112.6,125.8
20140402,0.9,34.5,44.6,84.5,145.1,105.7
20140403,1.0,32.4,6.2,58.0,65.6,22.7
20140404,1.0,51.8,8.6,49.7,124.3,41.2
20140405,1.0,68.4,8.3,46.8,104.5,28.2
20140406,0.8,31.7,9.2,60.9,119.1,45.5
20140408,0.6,75.4,26.5,41.1,111.7,89.7
20140409,1.2,72.7,29.5,70.3,229.9,120.9
20140410,1.6,37.2,35.2,71.0,397.2,81.8
20140411,1.4,42.2,20.8,87.8,109.1,65.6
20140412,1.8,48.7,30.3,108.7,141.7,104.7
20140413,1.0,68.5,29.5,107.9,192.0,162.6
20140414,1.6,68.5,37.7,107.2,252.2,210.4
20140415,1.0,29.2,15.2,87.0,105.3,50.3
20140416,1.0,37.7,15.0,85.8,121.7,53.6
20140417,1.3,32.7,18.6,88.7,126.6,94.4
20140418,1.9,11.1,16.2,77.3,154.8,130.4
20140419,1.0,43.8,10.0,82.4,74.5,59.5
20140420,1.0,33.9,9.0,78.5,81.7,67.7
20140421,0.0,0.0,0.0,0.0,0.0,0.0
20140422,0.9,50.1,13.1,79.4,85.8,54.0
20140423,0.8,44.8,20.0,54.5,145.4,96.9
20140429,0.4,44.9,16.8,99.4,131.5,79.1
20140430,0.3,57.9,23.3,121.7,148.7,100.1
20140501,0.3,51.0,18.0,92.1,178.5,143.6
20140502,0.1,50.7,3.7,52.9,0,29.8
20140503,0.1,35.0,7.2,71.2,152.1,94.5
20140504,0.3,69.0,2.2,25.2,72.6,27.3
20140505,0.7,57.0,3.4,48.7,47.7,27.5
20140506,1.3,51.8,32.8,74.2,116.6,86.3
20140507,1.2,63.4,18.1,49.1,90.3,57.0
20140508,1.3,76.0,21.5,76.9,108.2,83.4
20140509,1.6,51.9,38.0,93.2,94.8,64.7
20140510,1.4,58.3,31.2,77.0,80.5,54.2
20140511,1.0,71.3,1.9,40.2,47.1,25.9
20140512,0.9,65.8,7.5,68.1,0,39.1
20140513,0.8,69.9,13.5,67.9,112.7,56.4
20140514,0.5,71.3,5.1,36.2,63.5,19.0
20140515,0.9,40.2,8.5,85.0,178.5,63.6
20140516,0.8,66.0,11.6,76.0,125.6,59.8
20140517,1.3,78.9,33.7,98.7,107.5,61.9
20140518,1.3,98.5,30.5,90.2,146.7,86.0
20140519,1.2,115.4,17.8,85.3,147.0,116.1
20140520,1.2,98.3,12.6,72.4,0,93.4
20140521,1.8,100.6,33.3,95.5,223.1,116.9
20140522,1.7,73.0,19.2,95.6,254.7,150.0
20140523,1.0,87.8,22.5,91.2,125.7,85.7
20140524,1.2,39.4,6.8,65.4,175.3,86.9
20140525,0.7,65.4,3.0,33.6,0,74.2
20140526,0.7,52.3,6.6,77.9,100.9,26.8
20140527,0.6,61.0,5.1,51.1,169.9,39.7
20140528,1.0,81.0,11.9,73.7,123.2,38.4
20140529,0.8,94.2,16.3,101.6,145.3,50.0
20140530,2.0,146.3,51.6,97.3,194.2,100.9
20140531,2.5,124.7,60.4,96.5,211.8,112.5
20140601,0.7,127.0,2.8,33.2,0,44.5
20140602,0.6,96.1,4.2,50.5,0,29.3
20140603,0.8,90.1,8.3,67.9,86.6,36.2
20140604,1.2,78.5,14.1,82.3,102.2,53.8
20140605,1.1,105.8,14.1,73.5,128.6,71.5
20140606,1.3,46.9,15.1,58.6,64.4,53.8
20140607,0.5,60.8,2.0,43.5,15.3,12.8
20140608,1.0,41.9,11.8,77.1,61.7,34.7
20140609,0.8,64.3,7.5,68.5,52.5,34.6
20140610,1.5,54.7,7.9,76.4,76.1,78.4
20140611,0.9,68.1,2.9,50.8,12.1,46.0
20140612,0.6,55.0,6.0,59.7,40.7,26.0
20140613,1.1,82.3,10.7,72.2,90.2,65.0
20140614,0.7,115.1,3.8,59.8,62.7,41.4
20140615,1.6,113.3,24.6,85.2,151.5,116.9
20140616,1.1,102.6,4.4,68.6,0,138.1
20140617,1.0,94.9,4.0,57.8,0,91.9
20140618,0.9,89.5,4.7,55.4,0,75.2
20140619,1.3,68.0,7.1,72.6,0,134.7
20140620,0.9,78.3,2.4,45.8,0,42.6
20140621,0.9,76.2,5.8,57.4,0,61.3
20140622,0.6,76.5,2.3,51.3,0,36.5
20140623,0.5,81.5,2.1,61.2,73.9,29.3
20140624,0.8,97.0,8.1,91.2,91.6,58.9
20140625,1.1,67.3,15.8,78.3,99.4,67.9
20140626,1.2,111.0,4.8,56.4,0,81.5
20140627,0.4,65.6,2.5,57.8,0,22.8
20140628,0.4,60.2,3.3,66.9,60.8,29.1
20140629,1.2,85.9,15.5,78.8,115.8,61.6
20140630,1.0,96.8,17.9,83.7,134.8,81.8
20140701,0.8,87.2,25.0,75.9,161.9,113.1
20140702,1.1,59.5,1.9,54.1,0,68.4
20140703,1.4,63.1,5.2,69.9,0,209.8
20140704,1.5,89.2,2.9,71.2,0,206.3
20140705,1.2,82.1,2.8,65.3,0,116.1
20140706,1.5,98.7,7.5,66.7,0,201.0
20140707,1.3,81.5,6.5,71.6,0,173.6
20140708,0.9,62.0,4.3,55.0,0,125.7
20140709,0.6,30.8,3.8,68.5,0.0,59.4
20140710,0.6,64.8,7.3,75.0,0,80.1
20140711,0.7,49.3,5.3,85.5,0,70.3
20140712,0.5,56.4,3.2,63.3,0,36.0
20140713,0.6,40.1,2.2,72.9,0,51.6
20140714,0.6,68.3,3.8,79.6,0,66.9
20140715,0.6,93.9,4.3,61.2,0,127.6
20140716,1.0,56.4,3.0,68.6,107.2,0
20140717,2.3,49.4,2.4,64.0,116.3,0.0
20140718,1.6,75.4,5.7,71.7,0,118.4
20140719,0.8,61.7,3.8,61.7,99.8,75.1
20140720,0.8,68.4,5.3,57.6,0,64.3
20140721,0.5,53.2,4.8,33.7,84.6,27.3
20140722,0.6,28.2,6.1,46.4,39.9,13.5
20140723,0.9,16.3,3.7,84.1,92.9,32.6
20140724,1.2,26.1,2.9,96.9,132.4,79.5
20140725,1.5,49.1,6.7,67.9,36.3,79.4
20140726,1.5,89.1,9.7,75.5,113.9,112.6
20140727,1.1,87.2,14.2,76.4,151.2,113.5
20140728,1.0,69.6,7.6,66.1,169.3,120.1
20140729,0.2,9.7,0.4,11.3,0.0,20.1
20140730,1.6,39.9,2.3,57.8,0.0,127.4
20140731,1.7,59.6,2.8,68.0,0,210.4
20140801,1.6,54.0,2.9,67.2,0,150.9
20140802,1.1,47.9,3.5,71.5,0,116.7
20140803,1.2,56.2,2.3,75.4,0,135.8
20140804,0.7,16.1,2.0,47.3,0,43.7
20140805,0.6,25.7,3.6,57.0,0,31.1
20140806,0.7,22.1,2.5,73.3,83.0,40.5
20140807,1.5,51.1,7.4,83.4,0,81.2
20140808,1.2,40.7,4.9,88.4,108.6,68.9
20140809,1.3,36.4,6.2,85.5,156.1,92.5
20140810,0.8,36.1,2.0,71.4,0,42.6
20140811,0.7,23.5,2.0,71.5,0,28.9
20140812,0.8,23.9,4.4,83.2,0,33.1
20140813,0.7,11.7,1.8,48.5,0.0,30.4
20140814,0.8,19.9,3.2,65.9,0,39.2
20140815,0.8,70.6,5.6,73.2,95.9,48.3
20140816,1.2,101.4,9.7,86.4,121.3,77.8
20140817,0.9,116.2,7.9,55.2,96.6,53.0
20140818,1.0,94.8,6.5,63.0,0,72.1
20140819,1.1,97.9,7.0,63.2,69.1,91.6
20140820,0.7,102.4,17.9,65.6,132.4,110.5
20140821,1.0,90.8,13.2,75.7,182.8,149.1
20140822,0.9,42.7,2.6,84.6,0,64.1
20140823,1.2,84.1,4.0,91.0,168.4,142.7
20140824,0.6,64.2,5.4,41.3,0,27.8
20140825,0.6,54.3,4.0,56.3,0,28.1
20140826,0.8,48.4,6.7,88.4,0,34.7
20140827,1.0,69.5,10.8,93.1,115.3,55.5
20140828,1.1,70.6,9.3,85.0,117.6,94.1
20140829,1.1,94.3,4.6,57.2,0,85.8
20140830,1.8,34.2,6.1,86.7,0,154.3
20140831,1.2,76.3,2.6,42.9,0,79.9
20140901,1.9,46.7,4.1,67.9,0,111.5
20140902,1.1,59.4,1.9,43.1,0,30.8
20140903,0.6,50.5,6.2,48.7,0,19.4
20140904,1.2,59.1,6.6,87.8,106.1,53.5
20140905,1.2,85.1,11.2,80.3,137.6,100.7
20140906,1.7,89.4,18.1,69.0,0,149.3
20140907,1.4,68.2,15.4,74.7,0,155.9
20140908,0.5,65.7,3.2,42.4,8.2,19.1
20140909,0.8,60.4,6.5,80.5,89.0,46.4
20140910,1.6,26.2,13.2,92.1,115.2,79.8
20140911,2.1,59.1,34.2,88.5,151.9,111.5
20140912,1.0,30.4,3.1,74.2,0,79.5
20140913,0.9,61.1,10.9,69.7,95.9,69.2
20140914,0.7,31.4,6.5,61.8,95.4,52.3
20140915,0.5,34.6,5.0,51.5,69.6,23.0
20140916,0.8,13.3,6.8,85.9,102.4,48.2
20140917,0.9,22.4,5.1,73.9,80.9,44.9
20140918,1.1,45.0,4.5,84.3,106.1,76.1
20140919,1.4,45.0,7.6,78.9,0,103.9
20140920,1.8,63.4,5.2,85.8,0,144.7
20140921,2.5,43.1,18.0,75.6,0,106.9
20140922,2.9,9.8,9.0,82.3,0,99.8
20140923,1.4,8.1,2.0,54.8,0,58.1
20140924,1.3,25.8,2.1,52.0,0,35.8
20140925,1.6,15.2,3.7,74.8,0,124.3
20140926,1.7,23.4,14.0,74.5,0,140.2
20140927,0.8,31.7,3.1,65.4,0,37.3
20140928,1.5,11.9,11.0,84.1,119.9,76.1
20140929,1.2,24.5,4.1,54.6,97.3,63.2
20140930,0.9,17.6,7.7,54.8,53.0,30.6
20141001,1.1,2.7,3.4,64.8,115.9,80.7
20141002,1.2,7.9,3.6,67.6,0,80.9
20141003,2.3,5.8,4.3,73.0,0,147.9
20141004,1.3,21.2,2.3,60.7,0,90.5
20141005,0.9,30.4,2.1,41.6,0,44.5
20141006,0.7,19.8,2.4,72.3,84.8,40.7
20141007,1.6,18.8,9.5,108.9,169.0,150.9
20141008,2.6,7.2,4.3,133.1,294.7,318.5
20141009,2.5,15.8,1.9,126.7,0.0,374.9
20141010,1.8,28.0,6.4,89.0,0.0,253.8
20141011,1.7,32.9,3.4,68.5,0,240.5
20141012,0.3,39.6,2.0,29.8,0,16.5
20141013,0.5,27.7,3.8,43.4,0,16.4
20141014,0.8,16.3,7.9,69.2,118.5,72.4
20141015,0.7,30.9,5.2,49.4,104.4,60.3
20141016,1.0,22.6,10.8,65.0,110.7,50.1
20141017,1.6,12.3,13.5,122.1,186.8,133.1
20141018,2.7,23.2,20.1,151.2,258.0,219.2
20141019,2.7,14.0,8.3,137.9,419.1,287.4
20141020,1.7,8.5,2.8,96.0,0,248.9
20141021,1.5,8.1,17.1,64.0,0.0,55.0
20141022,1.4,2.3,5.2,73.7,129.1,90.7
20141023,1.9,2.9,3.9,92.0,178.8,161.4
20141024,2.6,7.4,5.3,109.9,251.3,276.9
20141025,2.9,9.1,4.4,119.9,0,408.8
20141026,1.1,15.8,3.1,62.3,0,112.3
20141027,0.8,11.1,8.3,63.7,72.1,37.2
20141028,1.1,6.4,6.2,71.7,88.5,69.6
20141029,1.5,3.4,9.0,102.0,160.7,127.0
20141030,1.8,2.6,5.4,109.0,192.6,179.3
20141031,2.3,2.1,2.0,96.0,0,203.1
20141101,1.2,9.9,4.9,49.3,35.2,87.4
20141102,0.3,24.5,4.5,25.9,23.8,8.7
20141103,1.1,3.9,5.4,53.3,72.1,40.2
20141104,1.7,2.0,11.4,86.3,165.3,136.7
20141105,1.4,2.5,5.5,53.2,53.9,72.3
20141106,0.5,6.2,3.3,35.5,31.3,15.0
20141107,1.4,8.0,9.7,49.3,68.5,47.6
20141108,1.6,17.0,13.0,69.3,96.4,86.4
20141109,1.1,21.8,6.8,69.0,104.8,74.3
20141110,1.5,12.0,10.2,80.5,125.2,94.6
20141111,0.9,38.8,3.8,34.2,69.2,49.1
20141112,0.4,65.4,3.3,9.9,40.0,7.8
20141113,1.0,22.2,10.1,53.0,58.5,34.9
20141114,1.2,12.6,17.7,61.7,68.2,42.0
20141115,2.7,3.1,49.9,101.5,179.5,144.5
20141116,1.7,28.4,19.0,52.2,170.8,102.5
20141117,0.9,28.8,15.2,53.1,67.9,30.3
20141118,1.6,2.1,15.7,71.9,103.7,66.2
20141119,3.7,2.4,65.7,129.2,337.5,307.2
20141120,5.6,3.5,47.1,144.6,422.3,348.0
20141121,2.9,7.7,28.9,125.4,290.1,257.4
20141122,0.9,23.3,13.6,56.0,81.3,42.8
20141123,2.4,2.5,28.4,83.5,153.1,128.5
20141124,2.0,10.2,17.3,73.4,114.0,99.0
20141125,2.8,5.9,47.3,92.8,146.7,183.0
20141126,3.9,3.1,48.7,118.2,317.4,289.3
20141127,1.2,21.2,13.8,62.3,69.4,74.5
20141128,1.7,12.1,29.1,75.4,152.7,105.3
20141129,4.0,2.0,29.9,92.7,346.7,333.9
20141130,1.3,39.5,9.7,41.5,253.8,93.0
20141201,0.4,68.3,3.0,15.6,99.0,17.4
20141202,1.0,17.5,20.8,52.3,83.2,48.7
20141203,0.7,42.2,12.5,30.4,62.4,31.8
20141204,0.3,59.2,7.5,18.5,27.4,11.1
20141205,1.3,46.7,32.7,52.9,119.3,68.8
20141206,1.7,17.6,34.7,73.0,93.3,62.7
20141207,1.4,26.8,26.9,47.8,66.8,47.6
20141208,1.4,20.2,32.5,64.2,87.3,70.5
20141209,5.9,2.3,73.8,119.6,330.8,313.5
20141210,2.5,35.3,31.4,63.9,217.6,152.8
20141211,0.3,43.0,14.3,39.6,54.0,27.5
20141212,0.4,52.6,9.1,19.5,38.6,13.0
20141213,1.2,31.5,26.0,50.1,86.1,57.2
20141214,2.1,9.9,41.0,84.6,123.2,98.9
20141215,1.7,41.0,31.6,47.9,121.2,76.3
20141216,0.3,62.1,8.1,10.8,30.1,8.2
20141217,2.0,16.2,35.6,70.3,126.3,94.3
20141218,4.1,4.5,92.6,89.6,189.7,164.8
20141219,1.0,46.6,19.2,35.9,49.5,40.6
20141220,0.5,43.7,8.8,21.7,14.1,8.8
20141221,0.7,35.1,12.8,33.4,41.1,23.2
20141222,3.2,7.2,60.9,91.6,168.7,117.1
20141223,2.8,10.0,51.7,92.8,131.9,106.1
20141224,0.5,45.4,17.3,31.2,30.0,13.2
20141225,1.2,20.9,26.8,65.6,46.8,33.3
20141226,3.7,3.5,75.0,108.2,184.2,171.7
20141227,4.5,3.2,85.4,138.4,258.8,245.4
20141228,3.3,17.7,62.5,109.5,162.9,194.7
20141229,3.6,12.5,57.3,110.7,154.7,204.8
20141230,1.4,25.2,22.3,63.9,84.0,42.1
20141231,0.2,63.2,6.0,12.1,0.0,0.0
20150101,1.1,31.7,23.2,48.9,64.7,53.3
20150102,1.5,18.3,33.5,66.2,88.6,69.9
20150103,4.2,6.0,84.7,112.2,255.3,217.3
20150104,3.9,5.6,74.4,118.8,261.5,203.7
20150105,2.5,34.8,53.3,62.2,127.1,92.8
20150106,0.8,37.0,26.8,46.2,62.0,36.9
20150107,3.0,10.6,41.4,72.8,92.7,64.3
20150108,5.0,5.0,53.3,101.6,171.0,154.8
20150109,3.8,25.1,36.2,76.3,126.0,103.1
20150110,2.9,8.4,88.1,131.3,238.8,237.0
20150111,0.2,34.2,18.2,49.4,62.9,40.1
20150112,0.8,11.0,49.3,75.4,125.5,108.7
20150113,2.6,4.8,64.2,97.4,158.3,165.9
20150114,3.2,2.2,64.0,104.2,0,232.8
20150115,5.1,2.6,38.8,120.8,0,336.6
20150116,1.5,44.0,14.0,43.0,28.9,110.4
20150117,1.3,25.5,33.4,62.5,128.8,69.6
20150118,1.8,35.0,35.1,57.6,105.5,84.2
20150119,1.5,26.3,27.6,62.9,74.7,48.0
20150120,2.1,8.3,47.1,79.1,101.0,89.0
20150121,0.6,41.1,17.5,38.6,20.0,17.0
20150122,2.4,9.8,51.1,86.8,141.2,122.1
20150123,3.7,5.9,71.4,128.8,244.4,224.1
20150124,1.6,20.7,24.6,64.3,100.3,79.2
20150125,1.6,11.6,22.9,58.3,0,132.5
20150126,1.6,35.4,14.0,44.0,7.2,102.5
20150127,0.7,45.8,15.6,34.5,39.4,17.7
20150128,1.0,29.5,18.4,52.1,47.2,34.7
20150129,1.1,38.6,24.2,41.5,51.9,63.3
20150130,0.5,59.4,13.7,25.6,19.7,11.4
20150131,0.9,34.8,19.9,49.8,46.7,35.1
20150201,2.0,10.6,48.5,78.4,104.0,85.8
20150202,2.5,9.5,61.7,91.8,86.9,151.8
20150203,1.6,50.6,23.5,49.0,49.6,94.1
20150204,0.4,71.3,9.2,17.6,31.5,11.0
20150205,0.8,49.2,16.3,48.9,42.0,30.2
20150206,2.2,15.5,38.9,90.1,110.7,86.6
20150207,0.5,77.3,14.3,24.0,22.6,10.9
20150208,0.6,62.5,19.7,34.7,36.8,27.4
20150209,2.1,15.0,56.7,86.9,151.0,130.3
20150210,2.9,16.2,51.0,110.7,162.2,146.9
20150211,1.3,54.2,24.6,47.6,54.0,45.4
20150212,0.8,54.3,13.8,55.2,40.9,30.9
20150213,2.5,22.4,38.2,94.2,140.9,134.2
20150214,3.4,17.9,61.0,130.5,0,261.3
20150215,5.2,4.1,93.6,133.0,332.6,308.4
20150216,2.1,35.5,33.1,53.0,66.2,118.0
20150217,0.2,18.3,3.4,14.1,10.2,6.2
20150218,0.9,54.6,17.9,42.2,112.4,51.1
20150219,1.5,39.5,58.5,49.2,289.9,198.0
20150220,1.7,21.1,10.1,47.0,0,136.0
20150221,1.6,43.6,16.2,33.2,372.1,163.7
20150222,0.5,73.5,3.6,16.5,253.0,49.2
20150223,0.9,36.9,26.8,45.0,125.7,72.0
20150224,2.5,21.5,39.5,70.5,222.4,165.0
20150225,1.0,60.9,12.5,33.7,104.6,64.4
20150226,0.5,78.1,5.2,21.4,24.1,14.7
20150227,0.2,32.0,3.3,11.1,8.9,3.3
20150301,0.2,0.2,2.5,7.9,8.2,3.3
20150302,1.8,45.0,25.3,53.8,95.0,67.9
20150303,0.3,91.6,2.6,11.4,43.8,9.1
20150304,0.7,54.7,10.1,41.7,46.9,24.6
20150305,1.8,29.6,57.3,70.9,150.7,121.5
20150306,2.3,24.5,65.8,93.7,222.3,188.9
20150307,2.5,34.3,48.1,97.7,241.3,215.0
20150308,1.4,47.2,32.2,58.0,75.7,109.0
20150309,0.4,93.6,3.4,15.1,26.0,6.9
20150310,0.9,51.5,15.7,51.2,59.3,36.5
20150311,1.2,35.6,17.5,64.3,61.6,40.9
20150312,1.6,25.9,28.0,76.2,92.6,70.7
20150313,1.5,20.6,29.1,74.0,73.2,64.5
20150314,1.9,19.1,42.7,87.0,112.0,94.1
20150315,1.8,48.2,28.9,85.9,200.2,96.3
20150316,2.1,15.5,35.7,91.6,261.1,250.9
20150317,2.0,27.1,19.9,75.2,201.4,230.0
20150318,0.8,43.7,14.1,62.1,93.1,47.3
20150319,1.3,25.6,14.7,87.9,205.3,91.1
20150320,0.7,43.4,6.4,60.9,185.5,54.9
20150321,0.3,70.6,3.6,25.4,87.8,22.6
20150322,0.3,61.9,4.6,28.7,102.9,27.2
20150323,0.6,38.3,9.4,53.8,99.2,44.2
20150324,1.9,38.4,31.5,79.0,118.2,90.9
20150325,2.1,39.9,50.7,92.9,148.9,160.8
20150326,1.0,68.1,25.2,65.3,138.8,119.6
20150327,0.9,70.1,34.2,65.7,146.4,113.5
20150328,0.5,66.2,9.1,34.5,341.3,100.6
20150329,1.3,33.6,22.5,85.3,423.0,458.8
20150330,1.5,55.2,33.3,82.9,334.2,0.0
20150331,2.3,24.4,17.9,72.1,180.8,71.8
20150401,0.8,32.3,4.2,60.9,69.2,43.5
20150402,0.8,64.1,2.5,30.0,29.4,34.6
20150403,0.6,73.0,3.3,45.8,39.9,32.4
20150404,0.7,75.5,5.4,58.9,85.1,67.8
20150405,0.5,62.8,4.3,39.8,101.4,60.9
20150406,0.3,69.5,2.4,25.2,37.4,23.4
20150407,0.4,60.7,4.2,38.7,48.8,24.8
20150408,0.9,41.4,17.1,66.0,124.9,103.4
20150409,1.4,46.4,25.3,77.5,175.4,172.1
20150410,1.3,47.4,13.9,85.5,137.7,173.3
20150411,2.1,52.5,21.2,70.6,114.2,170.3
20150412,0.4,70.1,2.2,18.7,24.8,11.9
20150413,0.5,86.2,2.6,33.3,44.8,28.4
20150414,0.9,47.7,5.8,80.2,91.9,63.7
20150415,1.1,41.1,15.6,90.7,284.3,129.2
20150416,0.3,83.5,3.9,21.1,145.6,57.2
20150417,0.8,44.7,23.3,75.8,185.9,109.4
20150418,1.7,29.4,29.2,116.2,306.1,207.0
20150419,0.7,47.8,8.4,52.7,132.1,100.7
20150420,0.9,55.6,11.6,60.0,130.0,66.5
20150421,0.7,56.9,11.7,59.4,152.1,52.7
20150422,0.9,57.9,10.7,72.5,127.6,49.2
20150423,0.8,34.8,16.1,71.4,128.3,63.7
20150424,0.9,60.3,9.4,72.0,204.8,55.2
20150425,1.1,75.6,14.2,97.2,195.6,88.6
20150426,1.1,104.1,23.5,71.1,212.9,148.1
20150427,1.0,79.7,13.3,70.4,136.7,99.6
20150428,0.9,73.9,6.9,60.1,76.2,39.9
20150429,1.7,76.4,16.5,72.5,150.8,124.3
20150430,1.2,90.0,13.4,75.8,150.0,106.9
20150501,1.2,47.9,13.4,62.9,207.2,127.7
20150502,0.7,64.0,3.6,48.5,81.7,43.9
20150503,0.5,74.3,2.1,30.2,106.0,41.1
20150504,0.4,80.4,4.1,34.7,71.4,29.5
20150505,0.6,60.8,10.8,57.6,113.1,55.4
20150506,0.4,64.7,5.3,41.0,80.3,22.1
20150507,0.6,65.9,7.9,59.2,144.5,74.0
20150508,0.9,63.1,10.9,53.3,117.5,40.1
20150509,1.0,31.5,9.4,53.0,53.9,39.2
20150510,1.2,21.5,6.5,58.0,67.7,34.9
20150511,0.8,41.2,2.4,41.6,28.4,29.6
20150512,0.8,58.2,3.1,64.1,66.8,26.6
20150513,1.0,68.9,6.6,93.3,162.9,67.3
20150514,0.5,68.7,4.3,50.3,99.3,22.3
20150515,0.5,73.0,2.9,46.4,60.1,29.7
20150516,0.9,88.7,9.5,67.7,123.8,54.5
20150517,1.3,93.1,20.2,71.5,217.1,138.7
20150518,0.6,67.9,3.0,42.7,99.4,71.8
20150519,0.2,79.4,2.0,16.7,49.7,10.0
20150520,0,0,0,0,0,0.0
20150521,0,0,0.0,0,0,0
20150522,0,0,0.0,0,0,0
20150523,0,0,0.0,0,0,0
20150524,0,0,0.0,0,0,0
20150525,0,0,0.0,0,0,0
20150526,0,0,0.0,0,0,0
20150527,0,0,0,0,0,0.0
20150528,10.8,115.3,25.7,454.7,0,55.3
20150529,0,0,0,0,0,0.0
20150530,0,0,0,0,0,0.0
20150531,0,0,0.0,0,0,0
20150601,0,0,0.0,0,0,0
20150602,0.2,97.0,1.3,24.5,5.0,6.0
20150603,0,0,0.0,0,0,0
20150604,0,0,0,0,0,0.0
20150605,0,0,0.0,0,0,0
20150606,0,0,0.0,0,0,0
20150607,0,0,0.0,0,0,0
20150608,0,0,0,0,0,0.0
20150609,1.9,131.8,23.1,77.5,155.4,80.9
20150610,1.3,55.5,2.4,71.1,117.9,94.4
20150611,0.8,51.2,2.0,50.8,44.9,37.3
20150612,0.5,69.8,2.0,30.3,38.8,9.0
20150613,0.6,71.1,2.1,38.4,47.7,17.5
20150614,0.6,73.8,2.2,48.1,47.1,22.1
20150615,1.6,122.7,17.3,71.0,129.4,92.2
20150616,1.3,111.0,15.6,85.0,199.2,112.3
20150617,0.9,93.2,3.0,61.1,105.8,45.6
20150618,0.6,62.8,2.0,41.6,43.6,23.3
20150619,0.7,42.1,1.9,46.1,63.2,21.6
20150620,0.7,75.4,2.2,59.1,55.5,24.3
20150621,0.8,99.1,5.4,75.3,94.8,44.0
20150622,1.3,104.3,17.2,69.0,138.8,92.5
20150623,1.9,85.4,15.5,70.2,192.4,185.6
20150624,1.2,48.7,8.7,68.2,134.9,105.2
20150625,1.2,48.4,4.7,83.3,142.9,102.4
20150626,1.0,102.6,1.9,56.3,160.1,115.0
20150627,0.9,85.4,3.6,49.9,149.1,91.4
20150628,1.3,88.7,6.1,67.0,179.0,144.0
20150629,1.3,33.6,4.2,66.7,220.2,114.9
20150630,0.6,43.9,2.0,43.7,45.6,15.9
20150701,0.6,39.4,4.7,45.8,57.5,18.1
20150702,0.4,51.1,3.6,44.7,42.1,13.1
20150703,1.3,70.6,14.7,58.9,83.7,27.1
20150704,0.7,41.5,7.3,70.0,76.6,30.8
20150705,1.1,91.8,8.7,64.6,88.8,60.1
20150706,1.1,102.1,8.2,62.9,91.6,65.2
20150707,0.9,107.8,7.5,58.4,95.3,59.8
20150708,1.2,113.4,8.3,63.2,152.3,121.9
20150709,0.9,94.8,10.2,71.1,111.4,73.4
20150710,0.7,97.8,8.2,59.4,112.1,51.6
20150711,1.3,97.8,12.5,77.2,147.4,108.2
20150712,1.1,123.1,8.4,82.4,200.6,117.1
20150713,0.7,128.0,3.4,80.5,123.7,55.9
20150714,0.7,132.5,5.7,61.3,107.1,36.2
20150715,0.6,76.2,4.3,70.7,76.5,35.0
20150716,0.8,68.5,2.0,50.4,88.1,41.2
20150717,0.9,44.9,2.2,54.5,88.8,40.9
20150718,0.9,68.6,1.9,51.0,85.3,54.3
20150719,1.0,52.4,2.0,58.0,116.8,79.4
20150720,1.1,43.4,2.1,60.0,109.7,91.1
20150721,1.2,64.3,2.0,52.2,130.0,135.5
20150722,0.9,77.2,2.1,61.0,83.9,64.2
20150723,0.9,57.0,2.0,65.0,59.8,46.7
20150724,1.0,72.8,2.9,67.7,97.4,62.3
20150725,1.2,97.9,2.2,68.5,130.1,100.6
20150726,1.2,128.8,3.4,57.3,151.9,116.4
20150727,0.9,101.4,2.2,64.2,111.1,72.1
20150728,0.9,97.2,1.9,51.4,83.0,58.5
20150729,1.1,95.7,2.0,66.8,105.7,99.3
20150730,1.1,64.7,2.1,49.6,87.3,51.0
20150731,0.7,82.4,2.1,45.6,45.7,26.6
20150801,1.7,33.6,5.0,84.8,93.3,78.2
20150802,1.2,62.4,2.0,52.5,0,81.1
20150803,1.4,44.0,2.7,44.5,26.3,77.8
20150804,0.6,73.3,3.1,56.6,49.2,22.3
20150805,1.1,73.6,4.1,64.8,119.0,85.9
20150806,0.8,102.7,1.9,45.1,91.6,63.9
20150807,1.3,75.7,2.5,51.8,127.0,106.1
20150808,0.7,77.7,1.9,54.5,86.2,51.5
20150809,0.9,99.5,2.0,64.2,106.7,64.7
20150810,0.8,80.7,1.9,66.5,94.0,52.8
20150811,1.8,108.9,7.0,65.0,144.9,111.8
20150812,1.1,118.2,3.2,63.5,138.1,100.2
20150813,1.2,125.5,8.2,65.4,158.3,126.9
20150814,0.8,77.6,3.6,53.3,106.5,65.4
20150815,0.6,80.9,3.4,60.2,61.1,26.1
20150816,0.8,129.2,7.8,68.0,94.8,43.6
20150817,1.0,106.5,12.2,62.9,139.8,86.3
20150818,0.7,82.6,2.5,56.0,96.3,59.8
20150819,0.7,76.2,2.0,60.1,77.2,62.3
20150820,0.6,102.3,2.0,41.3,66.1,33.9
20150821,0.4,86.6,1.9,46.3,38.6,15.2
20150822,0.6,59.1,2.1,38.2,38.7,18.0
20150823,1.0,57.3,3.1,38.7,47.0,26.8
20150824,0.5,56.1,2.1,33.9,26.4,13.5
20150825,0.5,50.0,2.0,38.5,32.0,16.2
20150826,0.4,60.0,1.9,33.4,24.9,13.1
20150827,0.5,65.5,2.0,37.8,27.3,11.4
20150828,0.5,70.3,3.7,40.7,50.1,18.5
20150829,0.6,104.8,2.8,39.4,55.5,30.2
20150830,1.1,46.1,3.4,47.4,53.2,32.7
20150831,0.8,51.9,1.9,35.9,38.5,33.5
20150901,0.5,42.3,2.0,23.3,20.1,11.7
20150902,0.4,39.6,2.0,32.5,24.1,11.4
20150903,0.5,58.4,1.9,41.0,36.7,16.6
20150904,1.7,39.2,2.0,52.8,76.4,59.8
20150905,0.7,55.0,1.9,39.5,27.0,21.8
20150906,0.6,54.3,1.9,46.7,47.5,20.1
20150907,0.7,54.1,1.9,62.9,47.7,28.3
20150908,1.0,59.0,4.5,98.2,105.4,65.7
20150909,0.8,41.5,2.4,62.1,71.9,39.1
20150910,0.4,24.0,1.9,36.7,20.0,10.2
20150911,0.4,37.2,2.0,35.1,29.7,11.9
20150912,0.4,41.7,2.2,35.7,25.8,11.3
20150913,0.6,34.6,2.9,66.0,61.0,21.0
20150914,0.9,53.0,10.7,82.9,123.3,70.2
20150915,1.3,68.6,14.0,100.5,144.4,104.9
20150916,1.4,60.5,7.9,102.7,165.9,134.2
20150917,1.4,56.4,8.5,105.8,184.8,157.5
20150918,1.0,47.7,2.0,71.3,143.8,87.1
20150919,0.5,45.2,2.7,63.9,54.4,22.7
20150920,1.1,76.3,11.9,73.4,133.4,98.4
20150921,1.3,66.0,21.8,90.4,145.4,92.9
20150922,1.6,42.7,19.6,77.7,193.3,138.2
20150923,0.8,35.8,2.0,64.5,67.8,35.2
20150924,1.3,42.1,4.6,77.5,170.3,117.2
20150925,0.6,41.0,3.1,41.4,68.5,26.9
20150926,0.8,43.6,8.5,69.9,100.7,37.7
20150927,0.9,38.8,6.2,88.2,118.5,54.0
20150928,1.4,31.7,5.8,61.5,75.8,48.3
20150929,1.2,3.8,3.2,60.3,71.8,52.2
20150930,0.8,14.8,2.3,55.9,36.6,30.6
20151001,0.4,38.8,2.0,31.5,44.3,17.8
20151002,0.8,21.5,3.0,70.9,94.4,33.5
20151003,0.7,29.9,4.5,67.3,79.7,29.0
20151004,1.5,33.0,13.1,115.1,177.7,122.8
20151005,1.8,56.7,11.7,117.4,253.9,227.4
20151006,2.2,69.3,10.6,120.1,319.8,301.3
20151007,1.9,32.7,10.3,110.7,162.5,311.6
20151008,0.3,28.5,1.9,29.2,37.8,0
20151009,0.4,30.8,3.0,38.1,67.6,8.1
20151010,0.2,45.3,2.0,13.4,32.8,7.8
20151011,0.2,57.5,2.3,18.2,36.5,9.7
20151012,0.5,22.4,4.4,58.3,63.5,19.3
20151013,0.9,19.7,7.0,85.6,97.7,40.0
20151014,2.4,14.7,22.0,117.0,170.7,103.2
20151015,1.7,32.9,10.9,127.2,160.8,117.9
20151016,2.4,34.7,18.3,159.6,264.8,208.7
20151017,2.3,23.2,14.7,152.0,342.5,303.4
20151018,0.8,19.2,8.9,54.7,85.6,61.1
20151019,0.9,14.0,7.1,68.7,117.3,59.0
20151020,1.5,2.8,9.6,71.0,139.9,75.9
20151021,1.0,12.7,2.6,41.9,88.5,50.7
20151022,0.7,9.8,2.2,50.6,62.1,33.0
20151023,0.9,13.5,3.1,62.3,67.4,53.7
20151024,1.1,12.7,7.5,65.3,82.9,53.9
20151025,0.7,6.9,7.6,61.3,63.7,29.6
20151026,0.4,28.0,2.0,34.0,68.6,35.9
20151027,0.5,22.2,2.8,46.5,55.7,17.6
20151028,0.3,40.4,2.2,21.2,26.1,10.2
20151029,0.2,41.7,1.9,18.2,25.7,10.2
20151030,0.6,12.9,3.2,52.5,57.6,23.5
20151031,0.9,12.2,5.6,67.0,82.6,43.8
20151101,1.1,11.4,9.1,87.1,120.5,78.8
20151102,1.6,9.7,8.8,98.1,137.2,82.5
20151103,2.1,14.7,18.5,114.5,212.7,162.9
20151104,1.7,2.0,11.2,111.9,194.6,173.5
20151105,0,0,0,0,0,0.0
20151106,0,32.2,17.4,25.8,0,15.3
20151107,0,39.1,15.9,22.0,0,11.3
20151108,0,0,0,0,0,0.0
20151109,0,0,0,0,0,0.0
20151110,0,0,0,0,0,0.0
20151111,0,0,0,0,0,0.0
20151112,3.1,2.0,17.5,500.0,0,3.0
20151113,0,0,0.0,0,0,0
20151114,3.5,2.0,25.5,84.5,0,264.7
20151115,3.7,8.5,17.1,78.3,272.3,219.4
20151116,1.7,5.1,13.6,54.5,88.9,59.5
20151117,1.5,5.9,10.5,52.0,91.0,59.0
20151118,0.9,3.5,9.5,49.0,77.1,68.8
20151119,1.4,2.0,5.3,44.8,92.0,78.3
20151120,2.1,2.0,8.8,45.9,0,69.6
20151121,2.1,2.0,7.4,47.4,0,50.3
20151122,1.0,8.7,8.2,48.6,0,53.1
20151123,0.5,32.8,9.8,33.9,29.3,30.7
20151124,0.9,19.6,7.4,50.3,55.8,42.8
20151125,1.1,23.8,10.5,42.4,39.6,57.9
20151126,0.7,34.7,11.9,40.0,69.1,38.6
20151127,3.2,2.0,47.9,107.6,286.7,254.4
20151128,4.3,2.7,47.2,121.0,375.5,296.6
20151129,5.0,6.4,49.2,123.1,323.1,270.1
20151130,6.2,2.7,24.4,151.6,571.0,349.9
20151201,8.2,2.0,34.6,147.4,363.5,469.8
20151202,0.3,46.1,2.0,19.0,6.2,15.9
20151203,0.3,41.5,2.0,21.6,22.4,11.4
20151204,0.9,22.4,13.1,50.2,69.2,37.7
20151205,1.5,11.2,18.8,70.2,86.9,62.4
20151206,3.0,2.7,35.5,97.8,173.5,151.2
20151207,3.1,2.0,46.2,99.2,204.1,169.9
20151208,3.4,2.0,25.5,94.0,257.2,216.3
20151209,3.7,3.0,39.1,104.9,0,266.0
20151210,1.6,20.6,14.9,59.7,0,98.7
20151211,1.1,12.5,12.9,71.7,89.5,53.1
20151212,2.8,16.8,27.3,100.7,207.1,171.1
20151213,3.9,17.9,47.6,106.7,234.1,196.7
20151214,3.3,16.4,20.4,108.4,0,232.1
20151215,0,0,0,0,0,0.0
20151216,0.5,30.9,5.2,18.6,5.0,9.6
20151217,1.5,16.2,16.4,65.0,107.1,67.6
20151218,1.7,16.1,19.9,73.5,102.4,67.0
20151219,3.2,3.0,38.9,98.7,163.2,136.6
20151220,3.9,2.2,33.9,115.8,254.3,225.7
20151221,4.4,2.0,29.2,123.7,286.8,251.5
20151222,5.6,2.0,30.3,118.1,476.6,321.1
20151223,5.2,9.6,21.1,127.5,411.0,309.2
20151224,3.1,8.7,18.7,98.6,422.3,191.3
20151225,7.9,2.0,19.0,153.7,572.1,539.0
20151226,4.7,3.5,6.6,104.5,385.4,261.5
20151227,1.1,8.5,7.5,55.7,95.7,51.4
20151228,2.2,4.1,20.5,83.5,144.3,114.5
20151229,4.8,2.0,41.2,137.2,365.1,320.1
20151230,1.4,26.9,11.5,59.8,158.6,54.0
20151231,1.6,5.2,15.6,83.1,100.4,70.1
