date,CO,O3,SO2,NO2,PM10,PM2.5
20140101,0.0,0.0,0.0,0.0,107.1,36.0
20140102,0.0,0.0,0.0,0.0,163.5,97.8
20140103,0.0,0.0,0.0,0.0,88.2,49.5
20140104,0.0,0.0,0.0,0.0,144.9,114.9
20140105,0.0,0.0,0.0,0.0,114.2,95.1
20140106,0.0,0.0,0.0,0.0,158.8,148.4
20140107,0.0,0.0,0.0,0.0,86.7,87.5
20140108,0.0,0.0,0.0,0.0,20.3,17.8
20140109,0.0,0.0,0.0,0.0,45.6,32.4
20140110,0.0,0.0,0.0,0.0,80.0,55.4
20140111,0.0,0.0,0.0,0.0,119.0,90.5
20140112,0.0,0.0,0.0,0.0,30.5,19.6
20140113,0.0,0.0,0.0,0.0,91.4,76.2
20140114,0.0,0.0,0.0,0.0,93.7,71.9
20140115,0.0,0.0,0.0,0.0,153.9,121.9
20140116,0.0,0.0,0.0,0.0,362.8,320.8
20140117,0.0,0.0,0.0,0.0,100.5,105.1
20140118,0.0,0.0,0.0,0.0,68.5,63.1
20140119,0.0,0.0,0.0,0.0,144.8,101.3
20140120,0.0,0.0,0.0,0.0,47.4,8.4
20140121,0.0,0.0,0.0,0.0,44.8,36.2
20140122,0.0,0.0,0.0,0.0,142.6,110.5
20140123,0.0,0.0,0.0,0.0,259.1,212.4
20140124,0.0,0.0,0.0,0.0,115.9,125.5
20140125,0.0,0.0,0.0,0.0,30.3,12.7
20140126,0.0,0.0,0.0,0.0,90.4,55.9
20140127,0.0,0.0,0.0,0.0,117.3,93.2
20140128,0.0,0.0,0.0,0.0,71.2,37.7
20140129,0.0,0.0,0.0,0.0,153.3,136.0
20140130,0.0,0.0,0.0,0.0,79.3,65.0
20140131,0.0,0.0,0.0,0.0,186.3,149.5
20140201,0.0,0.0,0.0,0.0,147.6,145.3
20140202,0.0,0.0,0.0,0.0,79.8,61.3
20140203,0.0,0.0,0.0,0.0,25.3,4.8
20140204,0.0,0.0,0.0,0.0,32.8,21.1
20140205,0.0,0.0,0.0,0.0,100.1,92.9
20140206,0.0,0.0,0.0,0.0,116.5,119.5
20140207,0.0,0.0,0.0,0.0,77.7,97.6
20140208,0.0,0.0,0.0,0.0,61.8,82.2
20140209,0.0,0.0,0.0,0.0,11.3,12.0
20140210,0.0,0.0,0.0,0.0,17.6,21.0
20140211,0.0,0.0,0.0,0.0,102.1,110.3
20140212,0.0,0.0,0.0,0.0,101.0,100.2
20140213,0.0,0.0,0.0,0.0,172.0,172.3
20140214,0.0,0.0,0.0,0.0,252.0,262.3
20140215,0.0,0.0,0.0,0.0,351.7,368.2
20140216,0.0,0.0,0.0,0.0,226.0,257.7
20140217,0.0,0.0,0.0,0.0,107.2,108.6
20140218,0.0,0.0,0.0,0.0,78.9,71.1
20140219,0.0,0.0,0.0,0.0,74.8,76.0
20140220,0.0,0.0,0.0,0.0,183.6,187.2
20140221,0.0,0.0,0.0,0.0,304.0,276.3
20140222,0.0,0.0,0.0,0.0,294.1,242.8
20140223,0.0,0.0,0.0,0.0,265.2,217.6
20140224,0.0,0.0,0.0,0.0,321.4,267.1
20140225,0.0,0.0,0.0,0.0,390.3,352.1
20140226,0.0,0.0,0.0,0.0,400.3,426.6
20140227,0.0,0.0,0.0,0.0,5.0,13.1
20140228,0.0,0.0,0.0,0.0,63.6,71.9
20140301,0.0,0.0,0.0,0.0,90.2,77.1
20140302,0.0,0.0,0.0,0.0,163.9,137.5
20140303,0.0,0.0,0.0,0.0,216.5,190.5
20140304,0.0,0.0,0.0,0.0,69.2,56.0
20140305,0.0,0.0,0.0,0.0,35.2,21.6
20140306,0.0,0.0,0.0,0.0,29.0,16.5
20140307,0.0,0.0,0.0,0.0,68.5,45.0
20140308,0.0,0.0,0.0,0.0,169.8,142.9
20140309,0.0,0.0,0.0,0.0,117.0,95.3
20140310,0.0,0.0,0.0,0.0,96.2,79.2
20140311,0.0,0.0,0.0,0.0,178.3,143.0
20140312,0.0,0.0,0.0,0.0,17.4,10.7
20140313,0.0,0.0,0.0,0.0,48.2,20.7
20140314,0.0,0.0,0.0,0.0,61.3,16.4
20140315,0.0,0.0,0.0,0.0,159.6,91.8
20140316,0.0,0.0,0.0,0.0,221.7,113.8
20140317,0.0,0.0,0.0,0.0,216.3,78.0
20140318,0.0,0.0,0.0,0.0,127.2,38.5
20140319,0.0,0.0,0.0,0.0,97.1,56.2
20140320,0.0,0.0,0.0,0.0,21.2,10.5
20140321,0.0,0.0,0.0,0.0,92.1,24.7
20140322,0.0,0.0,0.0,0.0,113.4,43.8
20140323,0.0,0.0,0.0,0.0,192.3,148.6
20140324,0.0,0.0,0.0,0.0,223.4,190.0
20140325,0.0,0.0,0.0,0.0,159.9,133.8
20140326,0.0,0.0,0.0,0.0,303.4,256.3
20140327,0.0,0.0,0.0,0.0,254.2,208.6
20140328,0.0,0.0,0.0,0.0,164.7,132.2
20140329,0.0,0.0,0.0,0.0,80.0,53.2
20140330,0.0,0.0,0.0,0.0,58.0,24.9
20140331,0.0,0.0,0.0,0.0,186.8,155.1
20140401,0.0,0.0,0.0,0.0,105.1,114.3
20140402,1.1,96.3,21.0,50.0,161.3,104.6
20140403,1.0,57.6,6.4,37.4,66.2,20.4
20140404,1.0,52.4,8.5,42.0,132.0,31.8
20140405,1.0,63.9,5.5,41.1,75.0,24.2
20140406,0.7,29.3,5.5,49.0,86.4,30.1
20140408,1.1,79.1,22.1,35.3,123.2,92.1
20140409,1.4,77.0,16.4,55.6,244.3,109.4
20140410,1.8,46.9,23.8,49.5,390.5,86.6
20140411,1.6,58.2,14.8,35.9,115.4,56.2
20140412,2.2,61.2,27.5,76.5,141.9,131.2
20140413,1.7,101.5,27.7,65.0,210.0,164.5
20140414,2.0,93.0,39.9,76.2,265.3,220.3
20140415,1.3,27.7,18.5,82.2,149.2,95.2
20140416,1.1,40.6,10.8,73.7,115.7,59.2
20140417,1.9,52.1,21.6,66.5,122.5,90.0
20140418,1.9,67.3,18.4,48.3,120.2,123.3
20140419,1.0,49.4,17.3,58.3,73.8,55.4
20140420,1.0,47.1,5.4,46.9,60.7,47.5
20140421,0.0,0.0,0.0,0.0,0.0,0.0
20140422,0.9,78.6,10.8,49.2,77.6,43.5
20140423,1.2,71.5,19.8,37.7,136.2,102.4
20140429,0.8,91.9,14.4,55.7,127.1,76.8
20140430,1.0,98.9,17.2,73.9,156.9,103.2
20140501,0.9,90.6,15.6,48.4,197.3,119.7
20140502,0.2,79.4,2.2,19.6,74.3,17.9
20140503,0.4,51.0,6.7,42.8,114.2,37.7
20140504,0.3,70.6,2.4,15.0,64.9,20.5
20140505,0.4,70.3,2.9,28.0,41.2,19.5
20140506,1.1,61.9,25.2,58.5,133.9,74.6
20140507,1.1,64.2,6.1,34.6,137.7,73.3
20140508,1.3,95.2,12.4,35.8,102.6,88.8
20140509,1.4,94.8,28.2,30.9,107.6,55.8
20140510,1.1,94.4,24.5,27.3,79.3,43.1
20140511,0.9,74.7,2.1,22.2,51.2,22.7
20140512,0.7,66.6,4.7,44.2,0,40.1
20140513,0.6,66.8,8.0,45.2,110.6,61.9
20140514,0.3,71.5,2.1,24.1,53.7,18.3
20140515,0.4,67.8,6.3,40.2,152.0,64.0
20140516,0.5,77.9,7.6,38.6,117.3,44.2
20140517,0.8,109.8,21.9,0,101.1,54.7
20140518,0.9,126.5,23.5,0,136.5,85.2
20140519,1.1,145.7,10.5,0,115.9,109.2
20140520,0.9,95.9,4.3,0,0,76.0
20140521,1.4,140.2,13.0,0,192.8,101.6
20140522,1.9,113.2,21.3,0,221.4,176.1
20140523,0.9,122.9,15.5,0,157.7,96.4
20140524,1.0,55.6,6.1,0,117.3,55.7
20140525,1.0,43.0,2.0,0,0,80.5
20140526,0.4,59.9,5.2,0,82.4,29.1
20140527,0.4,56.7,4.5,0,138.3,39.2
20140528,0.4,92.1,6.9,0,83.9,32.2
20140529,0.8,117.6,8.7,0,107.1,47.4
20140530,1.6,171.8,24.6,0,136.0,74.3
20140531,2.3,147.3,36.1,0,222.9,126.3
20140601,0.7,146.2,2.2,0,66.2,49.6
20140602,0.5,117.2,2.0,0,0,27.2
20140603,0.7,121.8,6.6,26.5,88.0,40.3
20140604,0.9,130.6,7.2,46.0,101.6,67.8
20140605,0.9,112.8,6.9,53.6,104.0,64.6
20140606,0.7,63.0,5.2,28.8,140.0,58.2
20140607,0.2,76.5,1.9,18.2,0,8.5
20140608,0.5,64.5,4.6,34.2,45.9,20.4
20140609,0.6,85.8,4.9,28.2,36.2,27.1
20140610,1.3,89.5,7.4,34.0,95.8,71.6
20140611,0.6,78.8,2.6,31.5,57.0,28.5
20140612,0.4,70.2,2.3,27.1,0.0,24.2
20140613,0.7,92.4,4.4,31.8,0,45.0
20140614,0.6,127.1,2.2,25.3,0,41.3
20140615,1.0,160.2,8.9,37.2,194.0,111.0
20140616,1.1,132.8,2.0,43.3,243.9,145.6
20140617,0.8,132.4,3.2,24.0,316.5,70.8
20140618,0.3,111.7,3.8,31.1,0,44.2
20140619,1.2,111.5,7.3,31.6,0,122.6
20140620,0.6,100.3,2.4,16.8,0,37.2
20140621,0.9,100.0,5.7,30.7,0,70.2
20140622,0.5,94.4,2.1,23.8,0,33.1
20140623,0.4,102.1,2.4,26.8,43.8,19.7
20140624,0.6,115.6,7.7,53.0,93.0,54.2
20140625,1.1,88.8,10.5,43.1,0,98.6
20140626,1.0,124.9,2.0,27.4,0,120.2
20140627,0.3,75.0,2.6,26.2,0,14.6
20140628,0.3,74.9,2.9,28.7,0,19.7
20140629,0.8,139.8,9.2,24.9,97.3,33.3
20140630,1.0,125.8,12.4,41.2,126.8,69.8
20140701,1.6,146.8,27.3,35.4,183.8,120.6
20140702,0.8,104.0,4.2,15.5,0,51.1
20140703,1.5,91.2,7.4,29.5,0,229.9
20140704,1.2,128.2,3.8,20.3,0,184.7
20140705,1.8,123.2,7.8,29.1,0,183.7
20140706,1.4,122.6,7.3,32.2,0,198.1
20140707,1.1,128.5,17.9,31.4,0,146.4
20140708,0.7,88.5,5.2,25.6,0,67.4
20140709,0.3,42.3,2.5,25.4,0.0,12.4
20140710,0.4,95.2,3.9,28.8,69.7,23.1
20140711,0.4,74.8,3.3,24.4,52.4,21.5
20140712,0.3,89.3,2.4,18.2,18.1,10.2
20140713,0.3,73.9,2.7,21.4,0,14.1
20140714,0.4,121.8,4.7,25.5,55.4,24.2
20140715,0.6,145.1,5.9,22.4,110.6,47.8
20140716,1.1,110.0,7.4,27.5,122.0,113.6
20140717,1.9,98.3,7.3,22.8,0,127.5
20140718,1.8,141.6,9.6,24.2,0,145.4
20140719,0.8,107.5,2.9,31.8,0,97.6
20140720,0.8,121.1,4.5,22.8,0,76.4
20140721,0.4,76.5,2.8,16.0,0,25.2
20140722,0.5,44.3,2.8,25.6,36.8,11.0
20140723,0.6,30.8,5.2,50.5,72.5,25.3
20140724,0.8,53.7,5.4,47.2,106.9,56.6
20140725,1.1,88.1,5.7,29.4,0.0,64.1
20140726,1.2,146.1,9.5,45.7,131.8,102.0
20140727,1.0,163.2,13.5,32.0,161.0,125.7
20140728,0.9,133.1,6.4,32.6,150.7,117.4
20140729,0.1,10.6,0.5,6.1,0.0,21.8
20140730,1.4,111.8,3.1,17.2,0.0,128.1
20140731,1.4,107.4,3.1,25.2,0,191.6
20140801,1.1,102.4,3.6,26.0,0,136.8
20140802,1.0,103.0,4.7,28.0,0,102.1
20140803,0.9,134.3,2.1,18.7,0,112.9
20140804,0.5,54.2,2.2,10.1,0,25.5
20140805,0.5,78.3,2.6,22.7,0,23.1
20140806,0.6,78.9,3.5,25.0,0,36.5
20140807,1.0,131.9,6.9,25.7,0,49.7
20140808,1.1,116.6,8.4,37.3,115.7,70.5
20140809,1.2,139.1,7.5,30.0,177.9,93.3
20140810,0.6,111.8,3.3,28.6,0,34.9
20140811,0.4,79.5,2.6,23.1,0,17.9
20140812,0.5,96.5,4.7,23.5,0,21.2
20140813,0.6,61.8,1.8,18.0,36.0,18.4
20140814,0.6,87.2,4.3,27.6,0,27.5
20140815,0.6,82.9,4.3,41.0,137.5,48.7
20140816,0.8,132.5,7.1,25.1,105.9,55.6
20140817,0.8,135.6,4.4,19.4,109.9,59.2
20140818,0.7,125.6,5.0,21.3,103.5,53.8
20140819,1.0,120.2,5.3,40.4,113.3,88.1
20140820,0.9,112.7,9.2,42.6,147.5,104.4
20140821,1.0,119.2,7.2,39.3,188.9,132.5
20140822,0.8,53.5,4.3,51.7,0,50.0
20140823,1.1,109.7,3.3,44.8,148.7,110.3
20140824,0.4,83.3,2.1,20.6,0,20.6
20140825,0.4,64.7,2.0,22.6,0,13.1
20140826,0.4,64.3,3.0,40.4,0,19.6
20140827,0.5,116.0,9.1,41.7,105.9,40.6
20140828,1.3,104.0,6.2,45.5,154.0,90.8
20140829,1.2,116.3,7.1,21.5,0,83.1
20140830,1.3,59.3,2.6,28.0,0,102.7
20140831,1.1,92.5,2.3,19.4,0,63.1
20140901,1.6,62.7,3.6,28.6,0,84.5
20140902,0.8,77.7,1.9,11.7,5.6,0
20140903,0.5,58.1,4.0,25.8,27.2,0
20140904,0.7,72.1,4.8,41.2,81.5,0
20140905,1.1,112.8,5.7,24.0,146.7,108.8
20140906,1.5,119.6,6.7,22.6,161.6,128.4
20140907,1.3,82.2,4.4,32.4,203.2,157.3
20140908,0.4,70.4,2.0,19.7,0,20.9
20140909,0.6,94.5,5.5,33.0,81.5,38.2
20140910,1.2,99.7,7.6,40.7,112.3,68.3
20140911,1.3,64.1,6.3,37.6,95.6,64.7
20140912,1.2,51.6,3.7,43.8,0,92.2
20140913,0.8,63.8,5.7,44.0,0,65.8
20140914,0.5,32.7,2.6,36.9,84.9,38.1
20140915,0.3,34.9,3.7,35.4,0,15.0
20140916,0.7,25.5,6.6,56.1,140.3,46.7
20140917,0.8,17.5,4.0,64.7,97.7,52.8
20140918,0.6,64.9,3.1,48.0,0,61.2
20140919,0.7,38.5,4.0,52.4,142.3,91.0
20140920,0.9,56.6,3.6,39.1,0,107.9
20140921,1.2,51.4,8.3,36.0,113.8,72.9
20140922,1.6,21.5,6.3,40.0,99.6,86.9
20140923,0.9,17.3,2.0,22.3,0,43.9
20140924,0.7,38.8,2.2,22.8,0,19.5
20140925,1.3,29.3,2.3,40.9,163.6,93.3
20140926,1.8,19.4,5.5,52.6,0,124.1
20140927,0.7,42.6,2.4,25.1,0,38.1
20140928,1.6,16.2,8.8,43.9,111.7,45.6
20140929,0.8,32.9,2.5,23.2,62.6,36.7
20140930,0.4,25.4,8.0,34.4,48.7,24.0
20141001,1.0,5.7,5.5,42.4,97.1,55.3
20141002,0.9,19.5,3.0,37.0,0,47.3
20141003,1.2,5.7,3.9,36.4,97.8,63.3
20141004,1.1,29.1,1.9,34.6,0,60.2
20141005,0.7,37.8,2.0,24.5,0,26.8
20141006,0.4,34.6,2.3,38.9,0,20.2
20141007,1.0,34.1,10.8,64.7,146.4,100.9
20141008,1.8,37.1,10.4,74.7,192.0,240.0
20141009,1.8,34.8,5.2,66.2,0.0,275.0
20141010,1.9,48.3,9.0,44.9,0.0,178.4
20141011,1.5,51.4,5.5,44.8,0,149.6
20141012,0.1,55.4,1.9,14.4,0,6.8
20141013,0.3,34.1,2.5,30.2,0,11.9
20141014,0.6,20.0,6.7,64.5,120.6,37.4
20141015,0.5,35.2,2.9,36.6,80.6,37.7
20141016,0.4,28.5,6.1,57.0,76.0,32.0
20141017,0.9,22.9,9.5,88.0,161.5,93.9
20141018,1.9,49.7,14.7,96.4,217.5,148.1
20141019,2.0,20.3,10.9,91.1,272.4,212.4
20141020,1.5,24.6,3.1,72.1,188.7,193.7
20141021,1.1,10.7,13.6,56.9,76.0,39.7
20141022,1.3,3.4,9.1,63.3,139.6,72.4
20141023,1.5,9.5,13.0,63.2,164.6,105.0
20141024,2.0,24.3,7.8,51.6,240.9,200.7
20141025,2.2,26.7,6.2,57.7,279.4,268.3
20141026,0.6,53.2,2.5,18.3,304.5,61.8
20141027,0.7,26.0,12.7,40.1,0,29.6
20141028,1.1,13.1,11.4,63.0,107.2,63.3
20141029,1.3,19.0,10.9,71.1,135.7,92.1
20141030,1.5,7.9,12.4,87.4,169.2,134.5
20141031,2.4,6.7,9.8,80.1,175.0,152.2
20141101,1.4,11.1,6.1,56.5,92.0,64.8
20141102,0.7,33.9,3.4,23.3,31.1,9.0
20141103,1.1,16.9,4.9,39.0,52.5,22.9
20141104,1.5,15.8,19.2,64.6,155.9,107.9
20141105,1.1,25.0,5.3,51.8,108.3,76.0
20141106,0.3,41.9,2.2,20.1,36.0,12.8
20141107,1.1,10.9,8.8,38.3,67.4,39.5
20141108,1.5,16.0,9.2,59.5,97.0,65.2
20141109,1.0,25.7,4.3,55.7,90.1,49.4
20141110,0.8,21.0,7.5,53.0,87.2,43.8
20141111,0.8,24.8,3.4,42.1,68.1,43.8
20141112,0.2,52.8,2.4,11.6,53.1,6.3
20141113,0.6,22.8,7.9,56.2,59.5,23.2
20141114,0.7,21.7,19.3,50.8,72.4,31.6
20141115,2.4,6.9,44.1,75.5,161.3,99.1
20141116,2.8,28.0,15.5,49.2,140.7,94.3
20141117,1.2,33.9,7.1,40.5,46.8,17.5
20141118,1.1,15.1,23.1,66.5,92.4,50.8
20141119,2.6,8.2,28.2,102.8,249.5,176.5
20141120,3.4,11.1,12.8,111.9,335.7,270.5
20141121,2.1,15.1,11.4,89.1,184.0,138.9
20141122,0.7,26.8,10.2,47.6,95.9,34.3
20141123,2.3,7.8,10.5,81.5,160.4,115.8
20141124,1.1,25.5,11.6,49.1,114.2,61.3
20141125,2.1,9.5,23.9,84.6,156.1,108.1
20141126,2.8,7.4,22.4,94.6,275.4,203.9
20141127,0.8,42.1,7.5,33.5,66.8,39.6
20141128,1.2,12.2,18.4,65.7,133.5,59.0
20141129,3.3,6.1,8.1,75.6,308.4,199.4
20141130,1.1,34.4,5.5,35.7,255.6,85.7
20141201,0.4,50.2,2.3,13.6,123.3,12.5
20141202,0.7,19.6,16.0,36.9,47.8,23.2
20141203,0.8,31.8,6.1,30.0,47.5,25.3
20141204,0.3,37.4,5.3,25.5,38.5,9.5
20141205,0.8,35.8,15.6,30.5,35.5,18.2
20141206,1.1,23.6,30.1,39.2,72.7,45.0
20141207,1.3,23.2,20.7,37.4,86.0,58.8
20141208,1.2,24.8,28.3,54.3,76.4,50.7
20141209,4.6,8.4,67.2,88.4,219.7,164.7
20141210,2.6,31.0,7.0,59.8,235.9,156.7
20141211,0.5,41.1,9.5,30.6,46.5,15.7
20141212,0.5,28.3,5.1,30.5,37.3,12.6
20141213,1.4,10.3,20.4,65.8,80.2,48.2
20141214,1.6,32.2,34.4,63.8,125.7,81.8
20141215,2.1,36.4,40.5,51.8,143.5,66.3
20141216,0.4,26.6,7.4,23.1,24.7,7.8
20141217,1.2,11.1,19.5,48.9,113.0,57.6
20141218,3.1,10.1,41.4,74.5,149.9,102.1
20141219,1.2,40.6,10.9,34.7,58.6,38.7
20141220,0.5,27.8,8.6,26.5,17.9,10.6
20141221,0.7,29.4,11.4,34.8,38.2,13.5
20141222,1.7,11.7,32.0,70.4,94.9,52.1
20141223,1.6,15.7,40.5,64.5,77.8,53.5
20141224,0.4,42.7,13.0,27.7,25.6,10.5
20141225,0.8,43.7,16.2,38.4,41.5,23.0
20141226,2.5,9.1,43.0,78.5,131.8,89.4
20141227,4.1,15.3,58.6,118.8,224.9,166.8
20141228,1.7,23.1,41.2,72.5,125.4,70.5
20141229,1.7,23.3,30.0,68.1,111.2,49.9
20141230,0.8,41.4,17.6,34.2,44.9,16.4
20141231,0.3,56.9,3.8,9.0,0.0,0.0
20150101,0.8,31.9,13.8,35.4,53.4,26.5
20150102,0.9,27.6,18.9,44.3,61.2,26.7
20150103,3.0,13.6,57.5,90.6,170.2,141.9
20150104,3.1,17.2,79.7,87.6,190.6,137.9
20150105,2.4,35.3,49.5,60.0,142.3,108.2
20150106,1.0,41.1,18.4,46.4,68.2,63.8
20150107,1.3,23.8,31.6,50.2,68.3,46.8
20150108,2.6,13.9,49.2,81.6,142.5,132.6
20150109,1.4,27.3,24.0,56.4,48.1,78.6
20150110,1.5,27.1,35.0,61.1,92.4,70.5
20150111,0.7,46.5,12.8,36.0,51.1,31.1
20150112,2.3,20.5,38.4,72.7,137.9,114.1
20150113,2.4,16.5,38.5,75.7,182.2,162.7
20150114,2.2,12.4,46.3,73.4,0,168.3
20150115,3.9,16.4,32.1,96.7,0,337.2
20150116,2.6,45.5,2.1,56.4,17.7,191.7
20150117,0.9,35.7,12.9,43.5,0,48.1
20150118,1.4,30.8,21.2,55.6,84.3,75.2
20150119,0.7,36.3,10.6,42.8,50.4,35.6
20150120,2.0,20.7,30.9,70.9,105.9,95.3
20150121,0.9,39.8,14.2,40.3,36.0,36.5
20150122,2.2,20.2,25.1,84.6,176.5,128.7
20150123,2.8,19.5,35.8,95.3,227.9,203.9
20150124,2.2,31.0,35.2,64.0,167.8,108.5
20150125,2.1,14.2,5.8,64.8,0,155.5
20150126,1.9,34.7,2.1,42.1,0,114.4
20150127,0.6,41.4,5.9,25.0,0,19.8
20150128,1.1,35.4,24.0,36.6,75.7,39.8
20150129,1.3,31.8,19.0,45.0,117.4,76.1
20150130,0.5,51.7,5.3,26.1,20.0,18.4
20150131,0.7,37.1,12.0,33.2,54.1,26.2
20150201,1.6,21.0,28.8,57.2,96.2,66.3
20150202,2.2,19.5,47.1,74.6,71.6,146.2
20150203,1.6,35.9,14.0,64.1,0,128.2
20150204,0.3,55.7,3.3,19.4,23.1,13.7
20150205,0.6,48.0,7.4,41.7,48.5,24.8
20150206,1.2,23.8,24.3,66.2,86.7,58.7
20150207,0.6,58.3,7.1,27.1,13.6,17.3
20150208,0.6,44.3,8.0,28.0,42.1,22.4
20150209,2.0,14.7,39.5,79.8,135.2,111.6
20150210,1.4,22.7,38.0,76.3,0,94.9
20150211,0.6,66.3,15.1,32.9,83.4,34.6
20150212,0.6,58.3,14.3,30.1,69.2,29.8
20150213,2.2,25.6,29.4,76.5,95.9,121.5
20150214,2.7,39.6,44.3,87.4,279.0,242.8
20150215,3.8,23.1,68.0,103.5,250.7,261.2
20150216,2.1,43.4,20.2,53.5,125.5,120.3
20150217,0.1,29.3,3.8,4.0,11.6,5.2
20150218,0.5,64.5,13.3,18.5,61.6,40.2
20150219,1.8,40.6,58.0,41.9,353.4,220.0
20150220,1.5,24.1,4.7,34.4,0,126.8
20150221,2.1,23.8,2.6,38.8,811.1,164.9
20150222,0.3,48.8,2.9,14.1,364.7,53.7
20150223,0.5,47.1,15.4,22.7,86.2,42.5
20150224,1.8,34.9,24.2,42.5,194.5,127.3
20150225,1.1,47.3,4.1,30.9,150.2,80.0
20150226,0.3,54.3,4.8,16.9,24.9,13.5
20150227,0.1,29.0,1.2,3.9,8.2,2.8
20150301,0.1,1.3,1.8,6.6,6.1,2.2
20150302,0.9,39.9,9.7,39.8,79.7,51.7
20150303,0.3,69.1,1.9,9.9,49.9,8.6
20150304,0.5,39.4,9.0,31.9,42.5,23.7
20150305,1.5,25.4,35.6,62.0,137.9,110.1
20150306,1.4,16.9,27.7,55.1,187.6,160.5
20150307,2.0,42.3,24.9,66.6,231.3,215.5
20150308,1.2,51.1,7.1,41.7,79.7,133.6
20150309,0.4,73.5,2.0,10.1,24.0,6.4
20150310,0.5,41.6,13.0,38.4,41.1,25.0
20150311,0.5,52.4,13.3,38.7,63.0,34.5
20150312,1.2,24.8,19.3,55.9,92.4,65.8
20150313,1.1,33.3,9.3,47.4,59.8,57.3
20150314,1.8,21.5,37.8,67.6,110.9,84.6
20150315,1.7,37.4,23.6,70.8,193.7,106.9
20150316,1.7,10.3,30.6,75.5,269.1,186.5
20150317,1.4,52.9,12.1,48.5,223.8,179.8
20150318,1.0,28.9,16.2,65.5,93.5,59.9
20150319,0.9,31.8,9.9,70.4,191.2,72.2
20150320,0.6,41.2,5.9,59.9,212.3,57.5
20150321,0.3,49.0,3.3,42.4,108.5,23.3
20150322,0.3,64.2,3.7,21.6,99.6,18.8
20150323,0.7,39.0,6.3,49.2,95.7,38.2
20150324,1.8,49.7,30.7,58.1,133.1,81.0
20150325,1.8,47.4,31.7,76.5,152.0,124.1
20150326,1.0,62.5,21.0,68.2,155.0,111.7
20150327,0.9,72.8,32.0,63.4,139.1,106.0
20150328,0.5,57.4,7.0,36.2,323.4,74.6
20150329,1.1,57.4,22.0,56.9,257.3,92.0
20150330,1.5,75.3,40.9,57.6,313.5,142.4
20150331,3.3,43.1,19.9,53.6,178.3,139.4
20150401,0.5,35.2,6.9,49.6,64.4,54.3
20150402,0.6,51.4,2.4,31.6,52.5,36.7
20150403,0.5,83.0,4.7,21.5,62.2,27.3
20150404,0.7,81.4,5.6,43.3,100.8,68.6
20150405,0.5,51.1,3.0,30.1,74.6,73.7
20150406,0.2,19.3,2.0,10.3,38.8,20.9
20150407,0.3,63.0,3.7,21.6,43.8,17.7
20150408,1.0,48.4,15.7,52.4,120.1,106.2
20150409,1.1,54.0,19.7,58.6,162.2,157.9
20150410,1.1,50.9,8.1,62.3,120.6,159.3
20150411,1.6,72.8,12.0,32.6,74.6,141.7
20150412,0.2,70.0,1.9,9.7,23.5,10.5
20150413,0.3,85.2,2.8,25.9,33.3,25.9
20150414,0.6,54.5,5.5,61.0,74.5,49.8
20150415,1.0,56.5,20.4,60.4,293.8,120.0
20150416,0.2,75.4,3.0,17.5,162.4,21.8
20150417,0.7,38.2,17.2,68.3,172.3,79.9
20150418,1.8,42.9,31.4,87.2,232.3,127.1
20150419,0.5,55.8,5.5,36.9,104.1,46.3
20150420,0.7,59.0,9.6,50.3,112.3,66.1
20150421,0.6,53.5,9.8,50.2,120.8,73.0
20150422,0.7,64.4,9.0,52.9,93.1,60.4
20150423,0.4,56.6,8.8,38.7,93.1,45.6
20150424,0.8,59.8,7.5,63.5,172.8,55.9
20150425,0.6,93.0,15.0,55.6,131.1,57.8
20150426,0.9,119.5,24.2,56.0,172.1,98.9
20150427,0.9,96.7,17.5,39.7,148.6,85.8
20150428,0.6,76.7,5.7,30.3,66.1,37.8
20150429,1.0,90.4,10.7,45.2,134.6,120.4
20150430,1.3,107.2,21.1,52.9,168.7,130.1
20150501,0.9,52.0,14.5,37.0,118.1,109.8
20150502,0.6,77.3,5.0,22.5,81.2,48.6
20150503,0.4,65.8,2.1,17.0,51.8,38.5
20150504,0.2,73.7,4.0,24.5,64.9,22.1
20150505,0.4,67.7,7.4,30.7,80.8,42.5
20150506,0.2,72.7,4.2,17.9,62.0,18.0
20150507,0.4,61.5,7.4,36.0,106.3,77.1
20150508,0.7,68.3,8.5,24.7,67.5,34.0
20150509,0.8,27.6,8.4,35.8,57.0,39.8
20150510,1.1,14.9,4.0,49.2,54.4,35.0
20150511,0.8,32.3,3.5,36.6,23.6,29.4
20150512,0.4,74.9,3.0,35.1,36.7,16.9
20150513,0.5,41.3,5.4,52.9,128.2,73.9
20150514,0.2,61.4,8.7,24.7,58.7,19.2
20150515,0.3,77.6,3.4,24.7,45.0,26.9
20150516,0.5,85.0,7.5,45.5,76.8,44.1
20150517,1.1,95.1,11.2,41.3,154.1,126.3
20150518,0.5,56.6,1.9,29.6,73.0,59.1
20150519,0.2,62.6,2.1,15.3,46.6,11.6
20150520,0.4,69.6,2.5,29.1,40.1,19.4
20150521,0.5,78.4,7.6,40.7,67.9,35.9
20150522,0.8,101.6,15.5,54.2,87.5,59.4
20150523,0.9,136.9,16.3,45.4,126.2,99.6
20150524,1.0,128.9,17.6,46.4,144.2,119.0
20150525,1.1,141.2,21.7,46.7,146.7,110.5
20150526,0.9,140.9,17.2,45.4,119.3,83.4
20150527,0.9,161.6,10.9,32.7,127.8,96.8
20150528,4.6,129.6,21.7,42.5,128.1,111.6
20150529,0.7,83.5,8.2,43.8,86.5,72.3
20150530,0.8,101.5,7.3,34.5,83.8,54.9
20150531,0.8,109.1,15.7,37.9,87.1,56.8
20150601,1.1,124.0,12.9,44.9,153.2,104.3
20150602,0.6,65.0,4.4,25.7,66.8,33.2
20150603,0.5,76.4,5.1,36.0,79.4,43.4
20150604,0.8,20.1,6.7,65.4,114.1,67.6
20150605,0.7,81.4,3.8,33.2,90.8,67.3
20150606,0.3,87.0,2.9,17.8,58.1,22.0
20150607,0.3,51.5,2.0,23.9,22.1,12.9
20150608,0.4,62.9,6.4,37.0,34.7,16.7
20150609,1.0,109.1,16.5,32.8,76.5,48.3
20150610,1.2,64.5,2.4,23.6,45.7,76.4
20150611,0.5,47.7,2.0,27.9,21.0,15.0
20150612,0.5,33.8,3.7,28.0,26.5,10.4
20150613,0.6,74.3,2.0,14.6,27.6,10.7
20150614,0.6,86.3,2.1,17.2,33.3,18.6
20150615,1.4,132.4,7.2,38.5,133.4,97.5
20150616,1.2,134.6,6.8,38.6,144.8,106.9
20150617,0.7,110.8,4.5,27.2,79.8,37.4
20150618,0.4,56.0,2.2,27.0,40.6,24.6
20150619,0.6,47.0,2.0,24.8,34.9,19.1
20150620,0.5,80.2,2.3,27.2,32.4,19.5
20150621,0.7,108.6,2.9,46.8,77.5,48.2
20150622,1.0,125.6,6.5,36.0,128.9,107.9
20150623,2.0,133.0,3.6,36.8,175.1,209.5
20150624,1.1,52.4,2.3,46.0,127.5,120.9
20150625,1.0,56.2,4.3,43.6,122.5,121.9
20150626,0.8,117.6,2.1,22.4,87.8,103.8
20150627,0.7,92.3,2.0,24.0,96.9,87.7
20150628,1.5,113.3,1.9,29.6,0,153.7
20150629,1.1,45.0,2.0,34.6,16.9,88.0
20150630,0.4,39.3,2.0,34.9,38.4,17.7
20150701,0.4,46.9,2.2,34.0,34.4,17.9
20150702,0.3,49.7,2.7,24.6,18.7,9.3
20150703,0.4,71.8,6.1,30.7,49.9,17.3
20150704,0.6,56.1,2.7,34.3,59.5,33.3
20150705,0.9,103.9,4.9,27.7,70.6,51.0
20150706,1.0,109.6,6.2,27.1,75.3,69.3
20150707,0.9,119.1,4.3,29.7,92.2,74.3
20150708,0.9,126.4,4.6,28.8,112.6,133.0
20150709,1.0,107.2,9.6,33.8,85.4,71.8
20150710,0.6,95.7,3.3,25.0,67.8,44.2
20150711,1.1,134.5,2.4,28.7,133.1,107.2
20150712,0.9,116.0,2.4,37.8,152.1,111.0
20150713,0.6,130.2,2.1,35.7,79.2,49.7
20150714,0.6,132.7,3.7,28.5,79.6,35.7
20150715,0.7,84.5,2.0,47.2,64.8,40.4
20150716,0.7,83.8,2.2,16.5,48.4,31.5
20150717,0.8,49.4,2.0,20.9,53.7,29.7
20150718,0.8,82.7,2.0,23.4,81.0,45.6
20150719,0.9,79.8,1.9,20.5,56.0,50.8
20150720,0.8,64.8,2.0,21.7,73.5,68.9
20150721,0.9,69.8,1.9,30.0,0,127.0
20150722,0.7,94.1,2.0,27.9,0,75.8
20150723,0.8,78.4,2.0,37.0,46.0,65.8
20150724,0.8,88.2,2.2,27.6,68.8,64.8
20150725,0.9,111.8,1.9,36.8,86.7,77.5
20150726,1.1,108.3,1.9,32.0,136.8,125.7
20150727,1.0,114.5,3.3,27.8,103.2,76.9
20150728,0.7,92.6,2.0,25.8,65.8,38.4
20150729,1.0,103.6,1.9,28.1,105.2,103.9
20150730,0.8,87.9,4.3,20.0,26.6,32.6
20150731,0.7,89.2,2.0,20.9,38.6,22.2
20150801,1.1,52.2,2.0,35.1,97.6,82.2
20150802,1.8,77.5,2.0,17.6,79.0,57.8
20150803,1.1,37.1,2.1,28.5,60.7,61.8
20150804,0.5,95.0,2.3,26.0,38.4,17.4
20150805,1.7,101.6,2.0,29.1,103.3,75.2
20150806,1.2,18.6,3.1,10.0,86.1,56.2
20150807,0.8,102.0,5.6,24.0,110.0,77.0
20150808,0.6,84.5,14.1,20.2,39.2,29.0
20150809,0.6,107.0,3.7,23.7,53.3,36.0
20150810,0.6,87.8,2.7,23.0,51.6,35.5
20150811,1.2,119.4,2.7,28.2,103.5,77.5
20150812,1.1,122.0,2.8,39.2,125.3,87.3
20150813,1.3,133.5,2.8,33.8,165.1,127.6
20150814,0.9,60.8,1.9,40.3,94.8,66.2
20150815,0.5,50.0,2.3,31.3,40.4,17.2
20150816,0.7,126.0,3.9,34.7,77.1,37.5
20150817,0.9,95.1,2.9,38.3,241.2,88.5
20150818,0.7,104.1,1.9,25.0,65.8,41.2
20150819,0.7,67.7,2.1,25.8,68.8,47.7
20150820,0.5,88.6,2.1,13.6,42.1,23.3
20150821,0.4,88.8,2.8,16.1,32.8,13.4
20150822,0.5,65.9,2.8,7.8,28.1,13.3
20150823,0.6,50.1,2.2,11.1,25.7,14.4
20150824,0.5,48.8,2.0,11.6,30.2,12.4
20150825,0.5,44.7,2.0,12.9,27.3,16.3
20150826,0.3,54.3,1.9,11.0,20.6,11.7
20150827,0.3,51.9,2.1,17.5,22.3,10.3
20150828,0.4,64.8,2.0,15.8,37.1,13.7
20150829,0.5,98.3,2.1,12.1,33.3,18.5
20150830,0.7,60.7,1.9,15.0,32.7,25.2
20150831,0.6,38.2,2.0,23.0,32.9,26.1
20150901,0.4,38.2,2.0,12.3,14.9,9.6
20150902,0.4,37.6,2.0,16.0,17.3,9.2
20150903,0.4,61.8,1.9,10.0,26.6,14.0
20150904,1.4,50.8,2.4,14.2,40.9,31.7
20150905,0.7,56.1,1.9,18.8,21.9,21.4
20150906,0.5,45.2,2.0,28.2,34.3,20.7
20150907,0.6,60.8,2.0,38.1,46.9,28.3
20150908,0.8,57.3,4.5,55.7,77.5,50.4
20150909,0.5,55.1,2.0,17.5,37.1,25.7
20150910,0.3,17.9,2.0,21.6,15.3,9.2
20150911,0.3,32.4,1.9,26.4,11.0,6.9
20150912,0.3,30.7,2.1,30.8,20.7,8.1
20150913,0.5,39.1,2.0,42.1,43.0,18.2
20150914,0.7,4.5,3.6,50.0,115.3,71.8
20150915,1.0,97.5,5.8,60.4,130.5,103.4
20150916,1.2,80.5,5.8,57.0,158.6,132.9
20150917,1.1,63.7,4.3,72.3,174.9,161.5
20150918,0.7,62.9,2.1,32.0,55.8,80.4
20150919,0.3,52.5,1.9,38.9,38.8,15.4
20150920,0.7,53.8,4.1,49.3,86.7,62.5
20150921,1.1,73.0,11.4,64.0,122.1,89.8
20150922,1.2,57.5,3.3,41.8,120.0,133.3
20150923,0.5,58.2,2.0,32.2,53.1,27.8
20150924,1.0,57.0,2.3,35.8,92.8,83.3
20150925,0.5,35.7,2.1,40.1,49.6,20.7
20150926,0.4,40.5,4.1,47.9,58.1,29.5
20150927,13.4,46.0,2.1,51.0,78.1,43.6
20150928,1.8,20.3,2.4,50.5,54.9,50.5
20150929,0.8,11.6,1.9,36.3,72.0,44.6
20150930,0.7,15.6,2.6,42.1,45.0,33.3
20151001,0.4,29.3,2.0,29.0,22.6,10.7
20151002,0.6,27.5,3.1,46.6,68.5,29.8
20151003,0.7,38.7,3.2,45.4,69.2,25.9
20151004,1.1,37.7,7.3,64.3,123.1,99.7
20151005,1.7,73.3,4.4,66.0,292.3,240.7
20151006,1.8,89.7,4.2,56.2,335.0,288.0
20151007,1.7,54.7,3.8,69.4,343.0,254.2
20151008,0.3,28.6,2.0,26.9,23.6,10.2
20151009,0.4,28.0,2.0,26.1,35.9,17.7
20151010,0.2,27.7,2.2,16.1,14.3,5.0
20151011,0.3,38.4,2.0,28.4,23.6,8.9
20151012,0.5,18.3,3.2,56.7,46.5,16.2
20151013,0.5,22.6,2.2,55.9,58.1,24.8
20151014,1.1,24.1,4.3,72.4,101.8,68.8
20151015,1.2,42.1,5.2,82.0,128.8,98.1
20151016,1.7,59.1,7.5,88.4,201.8,210.2
20151017,2.4,35.0,6.7,105.3,0,299.7
20151018,0.7,32.1,6.0,34.5,68.2,44.8
20151019,0.9,8.8,5.3,72.2,98.5,60.3
20151020,1.1,7.5,3.6,52.6,97.2,74.4
20151021,0.8,13.4,2.0,35.0,0,52.2
20151022,0.6,5.0,2.3,43.9,39.5,36.2
20151023,1.0,9.2,2.8,56.7,73.5,53.2
20151024,1.0,14.9,6.1,52.2,82.9,55.7
20151025,1.6,5.0,19.3,61.5,80.4,53.0
20151026,0.6,12.4,2.3,43.3,67.4,34.4
20151027,0.5,15.0,3.7,49.9,50.1,16.7
20151028,0.4,31.5,2.0,24.7,21.5,9.8
20151029,0.3,46.5,1.9,12.2,18.6,7.5
20151030,0.6,17.2,2.8,37.3,44.5,24.7
20151031,0.7,14.9,3.0,48.8,55.5,32.8
20151101,1.0,14.4,5.7,67.2,86.7,66.1
20151102,0.9,14.0,5.6,64.5,84.2,55.5
20151103,1.5,24.7,11.4,75.8,150.2,132.0
20151104,1.9,17.5,13.2,93.1,206.8,224.4
20151105,0.9,26.8,3.3,32.5,0,108.7
20151106,0.3,48.0,2.0,10.2,0,11.9
20151107,0.3,50.2,2.3,9.8,12.5,11.3
20151108,0.8,39.5,3.8,28.0,0,63.8
20151109,1.4,2.6,3.6,49.9,151.0,122.4
20151110,1.1,2.0,3.6,33.0,0,135.5
20151111,1.6,8.5,3.6,42.7,0,101.4
20151112,2.4,2.0,3.9,58.3,0,157.1
20151113,3.0,2.1,8.2,57.6,0,225.5
20151114,4.1,2.2,12.3,84.7,0,283.3
20151115,3.7,22.3,12.5,59.8,0,176.4
20151116,2.1,6.7,6.6,54.7,89.5,71.7
20151117,1.3,11.3,5.6,39.6,89.0,68.8
20151118,1.1,2.5,6.4,48.1,81.8,70.8
20151119,1.7,2.0,2.4,42.3,74.5,86.9
20151120,2.6,2.0,5.0,40.8,0,76.7
20151121,1.9,4.2,6.6,36.5,0,55.7
20151122,1.0,18.3,12.7,38.3,0,53.2
20151123,0.5,47.1,10.0,13.1,21.0,18.6
20151124,0.5,49.0,5.2,18.2,16.4,18.6
20151125,0.8,29.0,6.6,28.1,17.5,39.2
20151126,0.8,44.2,5.5,27.1,24.1,23.8
20151127,2.7,12.6,26.8,79.2,120.5,213.2
20151128,3.5,8.9,44.5,85.6,0,248.1
20151129,3.8,16.5,27.6,79.3,0,211.6
20151130,6.2,5.9,24.7,106.9,0,266.6
20151201,9.5,6.8,29.6,123.6,522.0,497.5
20151202,1.0,24.6,3.1,27.8,19.6,53.1
20151203,0.3,40.0,2.9,12.8,27.6,11.1
20151204,0.6,26.4,10.1,41.5,28.8,16.2
20151205,1.4,21.0,11.5,50.6,49.2,50.3
20151206,2.4,4.7,24.0,71.2,114.5,122.7
20151207,3.6,5.1,24.1,70.1,176.0,169.7
20151208,4.8,4.4,19.3,71.7,0,241.2
20151209,3.2,4.0,17.2,74.8,0,255.6
20151210,1.9,31.7,7.1,37.7,0,101.9
20151211,0.9,31.0,10.5,43.1,89.2,41.3
20151212,2.3,4.4,13.7,74.5,181.7,121.2
20151213,3.8,6.1,35.2,85.2,239.5,181.9
20151214,3.8,12.2,15.0,82.4,45.5,194.2
20151215,0.4,38.1,3.6,23.3,12.2,10.9
20151216,0.3,37.9,2.6,13.4,7.3,7.2
20151217,1.2,11.9,14.4,55.1,68.2,46.7
20151218,1.4,9.6,13.0,50.6,62.6,47.0
20151219,2.3,8.5,18.1,66.1,0,118.8
20151220,3.2,6.9,12.9,80.3,0,193.0
20151221,2.5,9.9,10.5,63.0,0,174.2
20151222,4.0,4.1,15.4,78.4,378.0,220.7
20151223,3.5,22.0,13.1,69.4,0,224.6
20151224,3.1,21.5,10.9,67.9,310.5,198.7
20151225,6.5,5.8,3.0,127.2,508.0,439.0
20151226,4.7,6.6,6.8,94.3,355.9,262.7
20151227,1.1,21.4,11.0,41.1,60.6,44.7
20151228,2.0,11.1,17.8,67.1,176.0,87.2
20151229,3.4,9.2,22.8,93.8,174.0,239.3
20151230,2.9,26.5,10.4,69.1,0,183.6
20151231,1.1,24.0,12.8,48.8,118.0,55.8
