date,CO,O3,SO2,NO2,PM10,PM2.5
20140101,0.0,0.0,0.0,0.0,152.2,80.4
20140102,0.0,0.0,0.0,0.0,228.8,168.3
20140103,0.0,0.0,0.0,0.0,109.7,62.5
20140104,0.0,0.0,0.0,0.0,163.0,139.9
20140105,0.0,0.0,0.0,0.0,121.3,106.5
20140106,0.0,0.0,0.0,0.0,165.3,131.5
20140107,0.0,0.0,0.0,0.0,113.8,99.5
20140108,0.0,0.0,0.0,0.0,44.0,37.0
20140109,0.0,0.0,0.0,0.0,62.6,40.2
20140110,0.0,0.0,0.0,0.0,153.0,114.3
20140111,0.0,0.0,0.0,0.0,263.8,227.1
20140112,0.0,0.0,0.0,0.0,39.3,32.2
20140113,0.0,0.0,0.0,0.0,199.2,176.9
20140114,0.0,0.0,0.0,0.0,207.2,178.7
20140115,0.0,0.0,0.0,0.0,275.5,257.1
20140116,0.0,0.0,0.0,0.0,411.8,407.7
20140117,0.0,0.0,0.0,0.0,146.4,154.0
20140118,0.0,0.0,0.0,0.0,139.1,123.9
20140119,0.0,0.0,0.0,0.0,172.1,118.5
20140120,0.0,0.0,0.0,0.0,60.0,9.7
20140121,0.0,0.0,0.0,0.0,54.4,44.9
20140122,0.0,0.0,0.0,0.0,198.6,182.4
20140123,0.0,0.0,0.0,0.0,301.9,279.9
20140124,0.0,0.0,0.0,0.0,28.2,141.0
20140125,0.0,0.0,0.0,0.0,72.7,44.7
20140126,0.0,0.0,0.0,0.0,78.7,62.8
20140127,0.0,0.0,0.0,0.0,103.7,97.0
20140128,0.0,0.0,0.0,0.0,58.7,40.0
20140129,0.0,0.0,0.0,0.0,155.1,149.7
20140130,0.0,0.0,0.0,0.0,85.7,77.5
20140131,0.0,0.0,0.0,0.0,177.2,153.4
20140201,0.0,0.0,0.0,0.0,133.0,145.7
20140202,0.0,0.0,0.0,0.0,72.0,62.5
20140203,0.0,0.0,0.0,0.0,37.8,10.2
20140204,0.0,0.0,0.0,0.0,30.9,23.8
20140205,0.0,0.0,0.0,0.0,101.5,100.0
20140206,0.0,0.0,0.0,0.0,120.2,130.9
20140207,0.0,0.0,0.0,0.0,64.0,83.5
20140208,0.0,0.0,0.0,0.0,44.6,62.4
20140209,0.0,0.0,0.0,0.0,11.1,10.8
20140210,0.0,0.0,0.0,0.0,18.7,18.6
20140211,0.0,0.0,0.0,0.0,135.6,151.2
20140212,0.0,0.0,0.0,0.0,142.8,157.2
20140213,0.0,0.0,0.0,0.0,174.5,174.9
20140214,0.0,0.0,0.0,0.0,308.1,295.4
20140215,0.0,0.0,0.0,0.0,451.1,444.7
20140216,0.0,0.0,0.0,0.0,313.3,326.3
20140217,0.0,0.0,0.0,0.0,90.6,97.0
20140218,0.0,0.0,0.0,0.0,72.2,74.1
20140219,0.0,0.0,0.0,0.0,88.7,85.2
20140220,0.0,0.0,0.0,0.0,211.0,200.3
20140221,0.0,0.0,0.0,0.0,334.2,295.6
20140222,0.0,0.0,0.0,0.0,333.5,275.3
20140223,0.0,0.0,0.0,0.0,293.4,210.0
20140224,0.0,0.0,0.0,0.0,388.9,284.6
20140225,0.0,0.0,0.0,0.0,486.8,440.1
20140226,0.0,0.0,0.0,0.0,364.6,370.5
20140227,0.0,0.0,0.0,0.0,21.3,24.1
20140228,0.0,0.0,0.0,0.0,88.4,80.3
20140301,0.0,0.0,0.0,0.0,114.2,89.7
20140302,0.0,0.0,0.0,0.0,171.3,143.2
20140303,0.0,0.0,0.0,0.0,231.1,200.3
20140304,0.0,0.0,0.0,0.0,83.3,62.1
20140305,0.0,0.0,0.0,0.0,55.9,35.8
20140306,0.0,0.0,0.0,0.0,41.0,18.3
20140307,0.0,0.0,0.0,0.0,81.7,54.9
20140308,0.0,0.0,0.0,0.0,195.7,161.9
20140309,0.0,0.0,0.0,0.0,138.9,110.3
20140310,0.0,0.0,0.0,0.0,125.5,102.2
20140311,0.0,0.0,0.0,0.0,263.2,210.4
20140312,0.0,0.0,0.0,0.0,36.8,20.9
20140313,0.0,0.0,0.0,0.0,56.6,23.0
20140314,0.0,0.0,0.0,0.0,84.6,19.1
20140315,0.0,0.0,0.0,0.0,201.0,121.7
20140316,0.0,0.0,0.0,0.0,187.0,110.4
20140317,0.0,0.0,0.0,0.0,240.1,75.7
20140318,0.0,0.0,0.0,0.0,141.0,25.7
20140319,0.0,0.0,0.0,0.0,110.6,38.0
20140320,0.0,0.0,0.0,0.0,57.5,10.2
20140321,0.0,0.0,0.0,0.0,82.2,23.5
20140322,0.0,0.0,0.0,0.0,145.9,41.6
20140323,0.0,0.0,0.0,0.0,202.4,117.1
20140324,0.0,0.0,0.0,0.0,232.6,156.5
20140325,0.0,0.0,0.0,0.0,168.4,99.2
20140326,0.0,0.0,0.0,0.0,323.8,231.5
20140327,0.0,0.0,0.0,0.0,263.1,191.6
20140328,0.0,0.0,0.0,0.0,176.5,147.0
20140329,0.0,0.0,0.0,0.0,95.5,62.9
20140330,0.0,0.0,0.0,0.0,95.4,45.8
20140331,0.0,0.0,0.0,0.0,209.0,178.6
20140401,0.0,0.0,0.0,0.0,129.5,127.7
20140402,1.4,85.8,18.7,56.3,181.2,126.4
20140403,1.0,55.3,3.0,41.3,84.3,22.0
20140404,1.0,51.6,5.0,52.3,134.9,38.0
20140405,1.0,66.9,2.8,39.6,91.7,27.6
20140406,0.8,38.3,3.7,48.1,109.5,42.9
20140408,0.9,76.8,20.1,34.9,123.5,98.2
20140409,1.3,68.0,17.0,52.4,221.2,111.9
20140410,1.8,33.3,21.7,57.8,363.7,85.7
20140411,1.8,37.4,22.4,70.0,109.2,66.8
20140412,2.5,54.4,25.5,82.4,167.4,116.6
20140413,1.8,81.9,27.6,82.2,197.4,166.2
20140414,2.0,79.3,37.0,66.8,221.2,200.6
20140415,1.0,45.4,7.4,52.2,70.5,47.2
20140416,1.2,33.9,14.8,78.1,173.8,80.6
20140417,1.8,38.1,23.1,80.5,127.2,102.0
20140418,1.6,9.2,10.2,67.3,177.2,151.5
20140419,1.2,57.4,8.0,66.0,84.6,61.8
20140420,1.2,41.1,5.0,69.9,99.8,71.8
20140421,0.0,0.0,0.0,0.0,0.0,0.0
20140422,1.1,76.4,8.3,55.3,143.9,81.5
20140423,0.9,71.9,17.5,27.8,133.0,105.8
20140429,0.8,83.4,17.7,53.7,143.0,99.4
20140430,0.7,105.6,13.8,62.9,150.0,110.3
20140501,0.7,101.6,16.7,44.3,187.7,154.1
20140502,0.2,76.8,2.2,19.3,36.4,34.8
20140503,0.4,57.5,10.0,44.6,153.7,92.4
20140504,0.2,70.1,3.5,19.5,68.0,33.1
20140505,0.4,55.3,4.3,46.9,66.6,39.1
20140506,1.1,55.0,28.1,65.9,144.8,105.8
20140507,1.6,49.8,11.1,55.4,124.9,88.1
20140508,1.1,77.2,11.1,64.2,107.7,96.1
20140509,1.8,61.3,48.7,58.0,102.6,75.4
20140510,0,0,0,0,0,0.0
20140511,0,0,0.0,0,0,0
20140512,0,0,0.0,0,0,0
20140513,0,0,0,0,0,0.0
20140514,0.2,62.3,4.1,44.0,0,0
20140515,0.5,55.8,13.3,63.4,218.3,75.0
20140516,0.8,32.2,21.5,74.5,171.8,74.8
20140517,1.0,84.3,37.4,75.9,104.0,40.5
20140518,1.0,119.9,40.2,65.5,165.2,107.4
20140519,1.0,142.2,26.6,46.9,181.9,127.6
20140520,1.0,90.6,16.2,45.5,247.2,105.2
20140521,1.5,115.2,36.4,60.6,208.6,103.6
20140522,1.4,102.9,26.3,59.1,197.9,150.1
20140523,0.9,131.1,28.6,66.3,164.7,84.0
20140524,0.9,40.8,9.2,54.8,133.8,66.0
20140525,0.9,47.1,3.4,41.6,0,76.6
20140526,0.5,69.3,6.7,66.7,123.1,31.6
20140527,0.3,63.5,2.7,46.5,160.8,35.4
20140528,0.6,96.8,7.3,72.5,142.9,44.8
20140529,0.6,119.0,9.0,69.5,133.0,64.1
20140530,2.0,173.2,45.7,61.1,190.8,0
20140531,2.6,132.1,54.4,77.3,228.0,0.0
20140601,0.7,140.0,4.0,28.6,66.3,0.0
20140602,0.4,107.3,7.4,33.4,46.1,0.0
20140603,0.7,96.9,12.0,60.5,109.2,0.0
20140604,0.8,107.0,15.5,60.3,123.4,63.7
20140605,0.8,116.0,9.5,52.7,115.7,66.2
20140606,1.3,49.7,17.8,43.0,125.4,57.0
20140607,0.1,70.7,3.5,32.2,0,10.9
20140608,0.9,52.5,18.1,47.9,84.4,47.9
20140609,0.8,79.0,15.5,28.2,65.8,43.2
20140610,1.4,73.3,12.9,24.4,82.6,83.1
20140611,0.8,84.6,14.2,31.4,44.9,42.2
20140612,0.6,62.9,22.3,44.6,43.6,33.1
20140613,1.0,98.5,18.8,34.2,96.6,62.4
20140614,0.6,126.9,4.0,45.5,79.0,58.2
20140615,1.3,132.7,17.5,52.5,203.7,149.3
20140616,1.0,103.2,3.8,42.6,0,142.3
20140617,0.7,115.7,6.5,27.6,0,88.0
20140618,0.4,99.8,7.5,31.8,0,56.4
20140619,1.0,68.1,9.8,42.7,0,116.4
20140620,0.5,81.8,6.4,25.8,0,38.9
20140621,0.8,99.7,12.1,31.6,0,64.9
20140622,0.4,88.7,6.3,35.3,0,54.4
20140623,0.3,94.6,5.3,37.1,0,26.6
20140624,0.7,122.5,12.5,50.1,85.9,64.1
20140625,0.9,66.7,13.9,47.1,115.1,95.7
20140626,1.1,98.8,4.0,47.7,0,141.9
20140627,0.2,67.3,3.7,37.9,0,14.7
20140628,0.3,67.9,3.4,50.8,73.9,22.2
20140629,1.8,109.7,27.7,60.1,158.2,84.8
20140630,1.2,119.5,26.8,64.4,144.6,91.9
20140701,1.2,120.7,33.3,44.4,168.4,119.5
20140702,0.7,90.9,2.8,26.1,0,49.8
20140703,1.4,81.7,6.8,39.4,0,198.1
20140704,1.4,78.9,14.7,48.3,0,197.1
20140705,1.4,98.9,4.8,33.8,0,149.4
20140706,1.2,112.5,21.1,34.2,0,177.0
20140707,1.0,110.5,21.3,36.4,182.8,145.2
20140708,0.8,56.2,12.7,50.6,124.2,87.4
20140709,0.4,37.3,3.2,42.9,54.5,21.4
20140710,0.5,89.6,12.5,40.6,85.0,25.8
20140711,0.5,73.7,5.7,43.2,76.9,40.7
20140712,0.3,68.0,3.5,39.2,65.2,17.9
20140713,0.4,60.1,4.9,47.2,79.8,19.1
20140714,0.6,107.2,8.9,57.1,123.2,46.9
20140715,0.5,144.6,5.5,23.2,113.5,45.4
20140716,1.0,70.3,7.5,35.3,130.3,113.9
20140717,1.6,97.4,3.7,67.2,0,0.0
20140718,1.5,88.7,7.0,57.1,0,122.6
20140719,0.6,80.5,5.1,55.4,101.4,76.4
20140720,0.6,89.3,2.2,34.9,95.8,68.9
20140721,0.3,61.8,2.1,31.9,56.7,28.0
20140722,0.3,24.3,2.0,49.1,45.5,13.6
20140723,0.6,24.9,2.1,79.5,127.4,38.5
20140724,0.9,39.2,9.1,80.7,139.5,78.8
20140725,1.5,73.2,10.7,64.0,127.1,81.4
20140726,1.1,144.0,11.0,47.6,129.8,101.4
20140727,0.8,144.8,13.2,54.0,175.1,117.7
20140728,0.7,111.2,6.4,47.3,151.5,107.7
20140729,0.2,16.9,1.4,11.9,41.7,26.6
20140730,1.5,61.2,3.2,42.7,0.0,133.1
20140731,1.3,81.9,3.3,50.2,0,166.1
20140801,0.9,69.5,2.5,44.7,0,129.0
20140802,0.7,70.0,2.0,46.1,152.0,99.5
20140803,1.0,74.5,2.3,60.0,225.3,162.8
20140804,0.4,22.4,2.0,42.3,0,36.1
20140805,0.4,55.2,1.9,52.8,77.4,27.8
20140806,0.7,61.1,2.6,56.1,79.9,50.8
20140807,1.0,103.9,9.3,62.8,98.5,65.7
20140808,1.3,103.1,12.4,72.8,125.1,81.2
20140809,1.0,108.5,6.7,67.2,176.2,96.1
20140810,0.6,107.8,2.7,55.4,0,48.5
20140811,0.2,60.0,2.6,60.8,23.1,28.9
20140812,0.4,77.0,9.2,76.1,90.9,37.9
20140813,0.1,44.5,1.8,46.5,48.4,29.0
20140814,0.3,72.4,3.3,64.7,0,37.1
20140815,0.2,83.4,5.6,75.0,171.1,66.9
20140816,1.2,99.8,15.9,86.3,164.3,113.0
20140817,0.4,112.4,5.4,54.5,84.2,56.4
20140818,0.6,88.7,7.1,63.6,121.9,89.7
20140819,0.5,100.0,5.4,67.3,115.9,84.2
20140820,0.7,100.8,10.4,65.4,128.3,87.2
20140821,1.8,93.4,9.2,81.5,189.1,151.2
20140822,1.6,61.7,5.9,94.4,109.5,60.6
20140823,1.0,83.2,5.7,94.2,163.2,124.2
20140824,0.2,78.3,3.0,44.8,0,21.7
20140825,0.5,56.5,3.3,56.1,0,16.1
20140826,0.9,58.7,5.2,96.9,90.5,39.5
20140827,0.7,86.1,13.7,95.1,145.0,66.4
20140828,2.0,66.9,24.2,99.3,215.2,151.0
20140829,1.2,82.4,8.0,66.9,0,83.4
20140830,1.4,55.1,7.1,3.9,0,139.7
20140831,0.8,57.3,4.1,2.0,0,88.0
20140901,1.5,56.7,11.6,28.6,0,110.1
20140902,0.7,46.5,2.0,47.0,0,29.1
20140903,0.2,61.6,4.4,48.6,0,11.3
20140904,0.4,76.6,12.7,59.0,94.5,46.4
20140905,0.7,90.8,16.5,65.3,144.3,98.7
20140906,0.5,85.0,23.1,53.4,123.4,130.8
20140907,0.1,65.1,14.3,58.3,204.3,154.0
20140908,0.1,59.9,2.4,36.6,225.7,26.5
20140909,0.2,69.5,13.2,60.0,141.2,58.7
20140910,0.7,78.8,19.2,64.4,130.2,80.0
20140911,1.3,38.0,28.8,68.4,143.3,93.1
20140912,0.4,42.0,5.7,55.1,0,77.4
20140913,0.5,66.4,12.4,54.8,112.6,71.1
20140914,0.4,17.3,5.9,58.9,102.3,50.7
20140915,0.2,36.4,5.8,40.5,67.7,19.9
20140916,0.3,18.5,13.1,74.1,119.5,61.9
20140917,0.2,34.6,4.6,53.8,56.6,26.2
20140918,0.3,58.4,6.1,65.9,104.8,64.6
20140919,0.6,48.3,10.9,63.7,132.6,89.1
20140920,1.0,59.9,12.7,59.6,0,155.1
20140921,1.6,51.6,20.8,49.7,97.9,78.9
20140922,2.6,16.8,23.1,61.7,126.9,97.5
20140923,0.9,6.3,2.6,36.3,0,49.5
20140924,1.0,25.8,4.8,33.2,0,28.9
20140925,1.4,24.4,6.2,54.4,0,92.8
20140926,1.1,22.4,16.9,68.4,0,127.5
20140927,0.3,30.6,5.3,51.2,0,48.2
20140928,1.1,15.3,19.8,67.5,109.9,74.4
20140929,0.8,24.9,8.4,38.3,105.5,56.2
20140930,0.3,18.7,10.4,41.7,60.5,23.6
20141001,0.9,5.4,13.9,59.2,117.7,69.3
20141002,0.5,12.6,8.1,53.5,0,62.9
20141003,2.2,11.6,11.9,55.9,172.3,115.5
20141004,0.6,24.8,6.4,40.9,0,60.5
20141005,0,3.3,4.8,42.7,0,52.0
20141006,1.3,67.6,11.8,61.5,0,0.0
20141007,2.2,2.0,22.9,84.5,0,95.0
20141008,2.4,15.3,22.1,152.0,0,0
20141009,2.4,16.9,18.9,123.8,359.1,0.0
20141010,1.5,40.4,14.7,68.7,58.1,150.8
20141011,1.8,32.4,2.4,47.9,0,119.0
20141012,0,0,0.0,0,0,9.6
20141013,0.3,30.3,4.0,52.0,0,21.1
20141014,0.8,27.2,13.0,71.4,115.8,71.1
20141015,0.7,34.4,8.8,36.3,164.3,68.3
20141016,0.6,36.0,14.2,57.8,135.7,60.0
20141017,1.2,22.1,23.8,103.4,245.3,158.6
20141018,2.6,38.2,38.5,130.5,327.1,239.1
20141019,1.9,27.1,22.2,89.1,348.8,259.5
20141020,1.3,9.6,5.9,79.1,0,202.8
20141021,1.2,15.0,20.7,66.3,178.6,54.6
20141022,1.6,4.2,18.3,80.9,172.6,117.5
20141023,2.0,5.5,26.5,90.3,219.4,156.1
20141024,2.3,14.9,19.5,108.3,320.4,274.1
20141025,2.4,22.7,14.1,111.3,312.4,348.7
20141026,0.7,33.7,2.9,42.6,0,68.3
20141027,1.2,13.1,24.1,62.8,115.5,57.5
20141028,1.0,19.9,19.3,63.0,139.8,79.9
20141029,1.7,14.5,25.0,103.6,231.1,145.8
20141030,2.3,2.5,32.6,127.6,303.5,232.6
20141031,2.4,11.3,21.8,90.2,264.7,213.9
20141101,0.8,20.4,8.5,55.4,35.7,78.5
20141102,0.2,43.7,3.7,32.7,44.8,10.0
20141103,0.7,25.7,12.4,54.7,106.6,48.7
20141104,1.9,18.5,38.4,67.1,204.3,166.8
20141105,1.2,29.4,14.9,49.8,82.3,91.8
20141106,0.4,47.3,6.8,25.9,43.0,20.6
20141107,1.6,14.1,23.8,41.8,84.6,63.9
20141108,1.5,24.0,19.8,55.6,95.3,90.8
20141109,1.3,29.1,11.9,58.5,98.2,92.6
20141110,1.9,22.1,15.3,65.6,93.9,130.9
20141111,1.5,31.8,7.2,40.9,91.8,94.8
20141112,0.3,57.3,3.0,18.3,42.1,12.7
20141113,0.7,26.2,11.4,51.2,73.9,38.5
20141114,1.2,14.7,31.6,61.5,101.4,60.6
20141115,3.4,2.0,76.2,140.2,317.8,227.4
20141116,1.0,23.1,21.9,61.8,98.5,93.1
20141117,0.7,31.5,17.8,49.4,70.2,30.3
20141118,3.1,7.9,54.6,93.5,206.6,159.1
20141119,5.0,2.5,78.4,135.6,438.3,378.0
20141120,5.4,2.0,55.9,147.5,493.4,431.7
20141121,3.5,7.2,36.6,121.0,397.5,261.7
20141122,1.0,12.7,21.7,64.3,85.7,50.1
20141123,2.5,2.0,36.6,77.3,161.1,138.9
20141124,1.9,16.0,26.3,65.4,156.7,104.2
20141125,3.5,9.8,52.1,79.9,224.6,186.1
20141126,4.3,2.0,45.0,99.4,378.3,316.8
20141127,2.1,20.0,20.9,60.0,145.9,105.9
20141128,1.7,13.9,36.8,78.8,165.3,97.0
20141129,3.4,4.5,32.3,70.2,320.0,264.7
20141130,1.4,44.9,15.8,37.7,281.9,100.9
20141201,0.4,52.3,7.1,19.8,110.1,18.8
20141202,1.0,24.7,29.2,52.0,84.4,54.1
20141203,0.9,45.6,16.4,35.8,91.1,40.0
20141204,0.3,66.9,11.1,20.8,45.3,11.0
20141205,1.0,36.9,30.6,48.4,85.6,53.6
20141206,3.0,7.9,58.2,79.3,160.2,132.3
20141207,1.5,19.8,30.6,47.5,83.7,61.1
20141208,2.3,14.0,46.1,73.7,159.3,108.5
20141209,6.8,2.0,86.3,108.5,375.2,345.5
20141210,3.2,27.1,34.8,64.3,244.7,176.4
20141211,0.6,41.0,18.9,34.7,55.5,27.0
20141212,1.0,34.5,28.9,34.5,93.2,30.9
20141213,2.0,11.2,41.1,69.9,132.4,86.1
20141214,4.2,7.1,66.5,82.8,236.9,190.5
20141215,2.5,29.2,49.6,51.0,170.1,88.7
20141216,0.3,34.0,9.2,23.1,27.4,9.4
20141217,2.3,19.7,54.6,71.0,161.3,118.5
20141218,4.9,8.1,96.4,81.9,238.5,197.1
20141219,1.5,39.1,22.1,40.3,102.7,61.2
20141220,0.6,25.6,17.8,32.9,26.1,15.4
20141221,0.7,24.8,22.4,35.4,50.2,24.1
20141222,3.0,11.3,76.0,75.4,195.5,132.5
20141223,5.5,14.4,74.0,94.2,301.8,223.8
20141224,0.5,29.9,16.2,36.9,33.0,16.6
20141225,1.2,20.6,36.6,57.9,66.5,43.2
20141226,5.5,12.9,106.5,101.5,301.1,258.8
20141227,5.3,12.9,104.3,132.1,323.1,285.5
20141228,4.9,23.6,79.4,103.9,332.5,253.2
20141229,4.8,20.7,63.0,106.9,311.1,249.5
20141230,2.4,18.3,48.6,73.8,143.6,80.8
20141231,0.4,42.3,7.8,18.0,0.0,0.0
20150101,1.5,25.0,35.5,50.0,74.1,68.7
20150102,1.8,23.3,34.4,59.2,124.2,69.4
20150103,5.1,14.2,102.9,94.8,265.1,233.1
20150104,5.3,15.6,105.1,117.6,303.2,254.1
20150105,3.1,29.7,68.3,65.0,147.4,98.7
20150106,0.9,29.5,30.0,45.0,81.8,41.3
20150107,3.1,9.4,76.8,70.1,154.2,109.3
20150108,5.1,7.2,76.2,104.9,288.7,234.0
20150109,2.6,17.2,46.5,74.5,173.9,122.0
20150110,5.3,15.0,106.0,125.9,321.0,268.9
20150111,1.2,24.2,27.5,53.5,94.0,48.8
20150112,2.5,13.2,58.7,69.5,156.7,106.3
20150113,4.2,6.6,72.9,94.4,261.1,223.9
20150114,3.9,4.5,74.1,96.2,304.9,250.8
20150115,8.0,9.7,39.6,119.8,482.9,450.2
20150116,1.6,35.7,11.3,46.8,176.4,108.5
20150117,1.4,33.2,33.8,55.5,137.1,72.5
20150118,3.0,37.9,55.5,65.2,202.9,149.6
20150119,2.0,26.8,45.0,63.8,107.3,78.1
20150120,2.6,7.7,58.7,76.7,132.8,104.4
20150121,1.0,31.7,26.5,47.0,47.4,30.9
20150122,3.9,13.1,73.7,91.9,235.2,201.2
20150123,5.8,11.6,92.7,117.8,340.7,303.0
20150124,3.2,10.7,54.9,79.2,223.1,159.8
20150125,1.6,9.7,21.6,52.6,0,123.9
20150126,2.3,30.6,14.7,45.5,16.9,120.2
20150127,0.8,45.0,15.6,29.8,45.8,23.2
20150128,1.8,23.8,46.9,99.0,82.8,62.8
20150129,1.3,37.6,37.0,79.8,72.3,66.2
20150130,0.8,39.4,17.3,38.0,36.9,22.4
20150131,0.9,32.9,23.7,45.0,55.6,35.9
20150201,4.4,15.1,76.9,84.4,187.5,174.9
20150202,5.3,11.8,101.6,100.1,264.0,266.1
20150203,1.9,36.7,36.6,61.0,47.9,115.2
20150204,0.4,64.8,8.9,18.9,31.6,10.3
20150205,0.9,45.4,24.5,44.0,61.1,34.1
20150206,2.4,13.0,67.0,85.1,156.8,110.0
20150207,0.7,59.1,14.6,31.1,46.0,18.8
20150208,0.7,51.7,12.8,32.0,47.0,28.1
20150209,2.6,20.4,60.2,81.2,172.4,153.8
20150210,3.7,16.9,75.4,104.5,205.7,195.1
20150211,2.4,37.0,48.9,59.9,153.6,78.4
20150212,1.0,41.6,26.7,46.9,62.8,40.3
20150213,2.8,24.7,58.6,82.5,161.7,168.9
20150214,4.8,26.7,95.0,109.3,338.2,351.1
20150215,5.4,7.0,115.5,122.4,353.2,344.2
20150216,2.2,39.6,43.0,53.4,95.2,135.7
20150217,0.1,25.6,4.8,4.9,4.7,6.0
20150218,0.5,67.2,24.1,22.2,127.1,55.8
20150219,1.5,42.3,69.5,34.6,354.2,213.9
20150220,1.5,23.2,15.2,32.9,108.0,139.0
20150221,1.4,25.6,17.9,31.9,412.5,195.4
20150222,0.1,60.6,5.8,12.4,307.4,43.3
20150223,0.8,43.0,24.6,30.4,118.1,63.0
20150224,2.5,19.7,46.9,52.5,237.2,161.6
20150225,0.9,44.4,15.9,32.6,161.1,83.0
20150226,0.2,54.5,9.7,24.6,32.0,18.2
20150227,0.1,17.9,6.0,12.6,9.8,8.0
20150301,0.1,2.7,3.3,4.5,8.4,2.9
20150302,1.6,33.3,47.5,53.0,127.3,100.7
20150303,0.2,75.1,2.2,7.4,52.8,6.8
20150304,0.6,52.3,12.7,28.9,44.6,21.8
20150305,1.5,40.2,57.0,58.5,164.7,119.2
20150306,2.0,34.0,77.2,70.5,241.3,202.0
20150307,2.0,36.8,53.3,82.0,269.1,230.2
20150308,1.5,33.4,47.9,72.6,215.6,170.9
20150309,0.2,62.0,6.3,20.2,37.6,13.5
20150310,0.9,38.5,23.5,51.1,80.8,45.6
20150311,0.8,40.1,26.6,54.7,99.5,55.1
20150312,1.6,26.4,47.7,73.1,127.8,91.0
20150313,1.0,36.9,24.7,63.3,96.0,82.7
20150314,1.2,16.8,56.1,78.7,120.8,93.7
20150315,1.6,41.6,43.6,87.9,249.5,133.1
20150316,1.0,9.5,46.3,82.1,291.1,202.4
20150317,1.2,49.2,31.0,66.5,282.8,227.9
20150318,0.8,40.5,27.0,65.8,129.9,81.4
20150319,1.7,29.1,23.9,90.6,300.4,121.5
20150320,0.9,45.4,13.8,64.4,261.7,75.5
20150321,0.5,57.3,8.4,38.5,149.6,23.2
20150322,0.4,65.3,6.4,25.9,144.9,23.6
20150323,0.9,41.6,13.1,48.2,109.2,41.9
20150324,2.0,42.4,42.3,70.8,150.9,85.4
20150325,2.2,54.1,51.2,75.8,182.3,124.9
20150326,0.9,82.1,33.5,59.6,171.2,104.0
20150327,0.9,86.2,40.9,54.3,158.4,102.2
20150328,0.5,64.2,12.0,39.8,331.3,70.1
20150329,1.4,51.5,30.1,74.1,335.1,107.6
20150330,1.5,81.1,39.4,63.1,326.4,138.8
20150331,1.9,28.6,16.3,62.3,185.3,129.5
20150401,0.9,36.5,7.7,65.1,111.5,69.3
20150402,0.7,50.4,7.0,42.4,57.8,41.9
20150403,0.6,65.9,9.8,46.4,58.7,34.6
20150404,0.6,87.7,10.1,50.1,95.0,73.9
20150405,0.5,53.7,6.1,50.2,128.5,72.2
20150406,0.3,71.3,4.9,22.5,52.9,23.9
20150407,0.4,58.3,5.0,37.3,60.4,28.6
20150408,0.7,54.5,19.0,51.4,137.0,106.4
20150409,0.9,59.2,28.6,60.6,200.4,160.7
20150410,1.1,56.5,17.8,71.9,206.7,174.0
20150411,2.2,65.3,25.7,53.4,180.7,165.7
20150412,0.3,63.9,2.8,22.3,36.1,12.3
20150413,0.3,96.5,3.6,25.5,51.6,29.0
20150414,0.8,59.7,11.2,69.4,105.5,67.3
20150415,1.1,53.1,28.9,70.9,303.4,122.1
20150416,0.2,87.6,3.1,15.5,155.0,22.4
20150417,0.6,55.8,25.1,57.0,209.6,80.2
20150418,1.7,39.6,39.2,102.1,326.6,158.4
20150419,0.7,53.7,11.1,50.9,169.3,61.7
20150420,0.8,69.8,13.6,51.4,154.2,75.2
20150421,0.6,62.1,17.4,54.0,153.5,59.0
20150422,0.9,68.4,13.1,58.4,133.0,54.2
20150423,0.9,50.5,15.5,64.2,170.5,72.8
20150424,0.8,69.7,10.1,64.8,208.0,67.6
20150425,0.9,107.0,21.5,80.7,283.8,95.4
20150426,0.8,133.9,31.1,41.8,205.9,109.7
20150427,1.0,99.9,24.3,56.1,179.6,102.2
20150428,0.6,85.3,10.9,45.4,98.3,49.9
20150429,1.1,96.6,14.2,60.1,151.1,116.4
20150430,1.3,111.0,22.0,64.7,182.7,136.0
20150501,0.9,60.2,15.5,45.0,172.5,109.7
20150502,0.5,83.5,4.7,28.7,108.3,48.6
20150503,0.6,67.6,3.0,34.2,81.6,49.4
20150504,0.3,89.1,6.1,24.4,94.0,25.2
20150505,0.5,65.1,12.9,50.1,108.2,54.9
20150506,0.3,65.3,4.7,34.5,103.7,26.3
20150507,0.5,78.6,7.5,46.3,123.5,47.1
20150508,1.1,52.7,18.4,66.4,168.0,72.9
20150509,1.0,28.3,12.7,53.4,84.5,39.6
20150510,1.1,14.3,7.3,56.8,109.4,43.9
20150511,0.7,45.3,5.5,35.7,38.1,32.1
20150512,0.3,81.2,5.0,42.3,79.0,19.1
20150513,0.6,79.6,14.5,85.3,182.5,78.3
20150514,0.3,77.8,2.6,41.4,148.2,21.7
20150515,0.3,91.8,2.8,34.1,65.2,31.2
20150516,0.7,105.0,12.8,56.3,120.9,59.2
20150517,1.0,115.2,22.8,51.3,184.3,111.9
20150518,0.5,60.3,3.9,48.0,139.8,63.5
20150519,0.2,66.1,3.4,39.0,126.3,16.1
20150520,0.2,77.9,4.9,39.2,0,16.8
20150521,0.4,93.2,10.9,49.3,129.5,39.4
20150522,0.7,118.2,19.0,51.8,90.8,50.7
20150523,0.9,130.5,16.7,60.0,140.9,89.6
20150524,1.2,130.3,21.2,60.5,159.2,108.3
20150525,1.1,164.1,29.4,45.5,165.1,97.6
20150526,0.9,160.4,24.7,35.9,146.3,83.9
20150527,0.9,164.0,14.9,33.1,137.1,92.2
20150528,4.0,148.8,27.3,38.1,145.0,106.8
20150529,1.0,88.1,7.8,54.0,88.8,61.6
20150530,1.1,105.4,8.0,53.7,105.1,69.5
20150531,1.0,130.7,16.9,43.2,101.5,59.7
20150601,1.1,140.1,15.7,51.1,189.5,105.6
20150602,0.7,74.3,5.2,41.9,103.8,37.7
20150603,0.6,87.4,8.1,45.0,103.0,36.9
20150604,0.8,63.1,11.0,48.7,106.5,56.1
20150605,0.7,94.2,5.0,45.3,85.7,51.1
20150606,0.5,93.6,3.0,38.7,56.8,27.9
20150607,0.5,50.6,2.5,43.9,42.7,18.8
20150608,0.5,69.8,2.8,44.9,50.2,22.3
20150609,1.5,107.7,21.9,65.1,127.7,64.3
20150610,1.3,81.1,5.9,43.0,92.0,83.6
20150611,0.7,63.0,2.2,32.5,24.8,23.3
20150612,0.4,74.9,2.7,29.8,23.8,7.5
20150613,0.5,92.3,3.8,23.8,29.0,13.2
20150614,0.6,101.4,3.2,41.1,51.8,26.6
20150615,1.4,152.9,24.0,41.3,112.0,90.2
20150616,1.0,134.2,26.0,51.0,0,97.8
20150617,0.6,118.6,7.2,41.6,0,42.1
20150618,0.5,81.7,5.0,29.1,0,28.9
20150619,0.5,53.4,5.3,32.8,0,64.6
20150620,0.6,93.4,4.8,44.5,0,0.0
20150621,0.8,137.0,11.6,43.3,0,0.0
20150622,1.1,133.8,22.8,39.9,0,0
20150623,1.8,133.7,26.9,45.6,0,0
20150624,0.8,79.0,13.7,45.1,99.2,66.4
20150625,0.9,67.9,12.9,53.0,133.3,111.6
20150626,0.9,140.2,5.8,29.4,155.3,115.4
20150627,0.8,101.4,10.9,37.6,143.3,88.3
20150628,1.2,125.9,17.5,34.9,0,136.8
20150629,1.1,51.4,9.8,44.9,139.9,90.1
20150630,0.3,55.6,3.9,36.5,28.7,12.4
20150701,0.3,53.0,4.5,48.8,49.9,19.3
20150702,0.3,54.6,4.8,38.9,32.7,10.3
20150703,1.2,83.6,22.8,42.0,74.7,25.0
20150704,0.5,72.0,12.4,40.8,61.0,31.3
20150705,0.9,112.9,20.0,42.0,75.3,53.1
20150706,1.0,123.9,18.7,33.5,77.8,62.8
20150707,0.7,127.0,14.3,32.8,78.0,57.9
20150708,0.9,133.2,14.5,33.6,111.8,113.2
20150709,0.7,121.3,16.5,32.9,88.4,63.2
20150710,0.5,112.7,14.6,33.1,72.5,46.1
20150711,1.3,131.2,19.4,37.5,121.0,101.9
20150712,0.9,149.8,17.0,51.5,179.8,113.4
20150713,0.5,151.5,7.7,56.0,96.3,49.9
20150714,0.5,166.3,9.8,38.2,89.2,31.9
20150715,0.6,65.2,10.5,78.7,105.0,37.4
20150716,0.5,88.0,5.2,36.4,57.9,36.7
20150717,0.7,53.9,5.9,47.4,69.9,41.5
20150718,0.7,84.1,2.8,38.2,71.5,54.7
20150719,0.8,66.4,3.8,36.0,107.0,80.8
20150720,0.6,81.5,4.2,26.7,98.5,74.2
20150721,0.8,87.2,5.0,28.4,82.0,107.0
20150722,0.6,113.2,5.3,32.4,98.8,62.1
20150723,0.7,92.3,4.1,39.0,97.0,65.8
20150724,0.9,87.9,6.7,57.4,91.5,70.7
20150725,0.9,121.1,8.0,45.0,119.5,85.5
20150726,0.9,160.2,9.4,39.8,179.4,101.7
20150727,0.6,140.8,5.2,24.8,118.6,59.7
20150728,0.5,122.3,2.8,30.9,88.3,42.8
20150729,0.9,117.2,5.6,40.9,138.3,98.7
20150730,0.7,106.7,3.1,24.8,64.2,33.0
20150731,0.7,100.8,3.4,32.2,61.6,31.2
20150801,1.2,59.9,6.8,69.5,130.1,87.8
20150802,0.9,81.2,4.0,30.2,117.8,69.3
20150803,1.3,50.5,5.0,41.3,104.0,74.9
20150804,0.4,97.5,6.9,40.8,57.8,18.5
20150805,1.0,111.5,8.9,42.6,128.9,75.1
20150806,0.6,120.5,5.5,35.0,102.0,55.8
20150807,0.7,103.2,4.5,28.6,118.2,83.0
20150808,0.5,111.5,4.5,41.3,97.2,47.2
20150809,0.6,123.0,7.4,51.5,129.8,66.2
20150810,0.7,112.2,5.7,51.7,152.6,68.1
20150811,1.6,139.7,17.5,38.9,146.4,82.0
20150812,1.0,147.1,9.1,47.6,193.5,95.4
20150813,1.0,145.5,16.6,46.1,202.5,112.1
20150814,0.6,88.6,7.6,46.8,127.4,64.8
20150815,0.5,78.8,5.3,56.8,89.0,26.2
20150816,0.7,144.6,16.1,63.6,163.8,54.7
20150817,0.8,131.0,17.7,42.4,155.8,75.4
20150818,0.7,87.1,5.2,45.9,127.3,64.3
20150819,0.7,98.3,4.5,42.1,89.4,62.2
20150820,0.6,105.3,6.5,37.7,78.3,39.9
20150821,0.3,109.7,5.9,32.0,48.0,15.4
20150822,0.5,74.3,5.6,30.2,55.8,19.8
20150823,0.6,70.7,3.4,23.8,40.9,21.1
20150824,0.4,60.7,3.5,30.3,32.5,15.2
20150825,0.4,59.0,4.4,32.8,45.7,19.9
20150826,0.4,68.8,3.7,28.9,35.4,15.0
20150827,0.4,78.4,4.2,31.6,45.9,17.4
20150828,0.4,84.8,4.5,34.6,63.3,21.0
20150829,0.4,120.2,4.3,20.6,53.7,21.4
20150830,0.9,77.0,3.2,25.3,37.1,25.3
20150831,0.6,59.5,2.1,33.8,55.8,31.0
20150901,0.4,40.5,2.1,22.5,18.4,10.5
20150902,0.3,50.9,2.8,25.0,20.1,9.4
20150903,0.4,77.0,2.8,24.7,42.9,18.3
20150904,1.7,52.7,4.0,28.9,71.6,44.9
20150905,0.4,78.9,2.0,23.8,39.0,20.3
20150906,0.3,74.3,3.5,42.1,50.3,22.2
20150907,0.4,70.0,5.4,61.1,79.4,36.8
20150908,0.6,94.5,12.7,73.6,118.2,61.9
20150909,0.2,46.5,5.0,61.2,91.3,45.1
20150910,0.1,20.3,2.3,36.5,22.2,9.9
20150911,0.2,42.8,2.5,35.2,24.6,8.6
20150912,0.2,47.9,3.3,30.7,27.7,7.8
20150913,0.2,53.2,7.6,55.9,75.0,21.5
20150914,0.5,85.7,19.1,61.7,144.2,74.8
20150915,0.5,103.7,23.0,78.7,181.0,117.8
20150916,0.5,83.0,15.3,90.4,204.7,141.1
20150917,0.3,76.7,16.0,91.2,219.5,147.5
20150918,0.5,60.4,7.3,79.2,168.5,89.5
20150919,0.2,62.8,6.9,58.5,65.9,25.9
20150920,0.4,82.6,12.7,50.1,131.9,85.9
20150921,0.7,89.7,27.7,75.2,142.2,80.8
20150922,1.1,58.5,10.8,61.1,182.1,118.7
20150923,0.5,58.1,5.2,58.6,61.9,30.0
20150924,1.2,52.5,8.5,64.9,199.4,111.4
20150925,0.5,42.7,5.2,51.0,80.1,23.4
20150926,0.6,57.8,11.5,68.8,100.0,37.6
20150927,0.8,52.7,10.0,83.7,136.5,53.5
20150928,1.4,30.5,6.2,60.6,74.4,51.5
20150929,1.1,2.5,3.7,59.0,108.1,50.8
20150930,0.7,25.2,6.2,47.1,40.8,29.4
20151001,0.2,46.1,2.9,28.3,38.0,11.1
20151002,0.5,35.5,7.0,74.3,93.8,31.8
20151003,0.6,47.3,8.7,55.8,81.0,27.7
20151004,1.3,56.9,17.7,89.8,165.2,105.5
20151005,1.6,78.8,13.4,103.0,281.3,242.6
20151006,2.0,83.6,16.6,112.1,341.2,298.5
20151007,1.5,65.8,15.6,85.0,233.4,200.0
20151008,0.2,41.5,2.8,31.4,43.8,9.3
20151009,0.3,35.8,6.1,42.1,67.1,19.0
20151010,0.2,40.5,2.6,19.5,28.2,5.3
20151011,0.3,54.7,3.2,25.2,30.6,8.0
20151012,0.5,31.5,6.3,61.4,52.6,18.6
20151013,0.7,30.1,12.4,83.3,81.7,36.8
20151014,2.6,20.4,27.6,110.7,198.0,123.2
20151015,1.4,58.0,16.8,110.3,163.6,135.6
20151016,2.1,58.5,28.2,149.7,306.4,247.5
20151017,2.4,39.4,22.2,145.5,351.8,322.7
20151018,0.8,29.6,10.9,61.6,65.4,58.0
20151019,0.8,23.2,16.4,68.9,116.5,60.9
20151020,1.3,2.7,15.5,75.5,136.0,77.4
20151021,0.7,14.2,2.5,40.5,0,47.1
20151022,0.6,4.7,3.0,58.8,58.6,29.7
20151023,0.8,19.7,5.9,66.8,66.2,50.7
20151024,1.2,18.6,11.7,64.8,88.3,57.7
20151025,0.8,11.4,16.1,60.8,63.9,26.5
20151026,0.4,23.7,4.6,39.9,69.3,31.0
20151027,0.5,18.0,5.9,56.0,62.2,16.2
20151028,0.4,32.0,4.0,49.5,24.9,7.7
20151029,0.3,34.7,2.7,39.3,35.2,9.1
20151030,0.5,20.3,6.2,37.0,67.0,27.8
20151031,0.8,16.3,9.3,50.4,94.9,50.2
20151101,1.1,15.6,13.7,59.9,151.2,92.1
20151102,1.3,16.7,17.8,69.4,147.1,90.5
20151103,1.8,30.2,23.5,79.1,212.9,152.7
20151104,1.7,22.4,23.9,97.4,245.6,202.2
20151105,1.1,7.7,6.2,62.6,235.7,119.2
20151106,0.3,32.8,2.0,10.3,20.0,13.3
20151107,0.4,43.5,2.0,13.6,22.4,12.0
20151108,0.9,30.4,3.1,38.7,108.2,62.7
20151109,1.7,2.4,3.2,52.9,156.9,140.2
20151110,1.4,2.4,3.8,55.2,163.7,148.2
20151111,2.0,2.0,5.0,55.9,152.7,131.3
20151112,2.2,2.0,9.1,60.8,178.7,172.5
20151113,2.9,2.8,20.2,72.4,236.2,206.7
20151114,3.6,2.8,20.8,85.4,312.9,261.6
20151115,3.1,11.7,18.2,75.0,296.2,216.0
20151116,1.4,6.2,12.5,53.9,80.5,58.9
20151117,1.5,6.0,9.7,51.2,100.6,65.9
20151118,0.8,4.7,5.2,45.0,62.4,49.8
20151119,1.4,2.0,2.8,38.5,90.0,79.9
20151120,2.3,2.0,7.9,29.2,0,61.8
20151121,1.8,2.4,4.1,24.0,0,42.3
20151122,0.8,25.3,5.4,9.0,0,39.3
20151123,0.7,30.0,6.8,18.5,0,35.4
20151124,0.6,34.2,2.6,32.5,34.3,21.9
20151125,0.9,25.9,3.8,38.6,24.8,40.2
20151126,0.9,38.0,9.2,42.4,54.4,30.0
20151127,2.7,4.6,47.8,129.0,234.0,239.3
20151128,4.1,4.1,48.5,225.2,284.5,283.1
20151129,4.7,6.5,55.6,257.2,359.0,251.2
20151130,7.8,2.0,29.9,213.8,534.6,461.2
20151201,7.2,2.0,28.2,111.0,315.6,382.4
20151202,0.4,38.9,5.0,20.3,10.2,13.9
20151203,0.3,37.7,3.3,16.6,20.7,7.0
20151204,0.9,26.0,16.0,39.3,57.8,32.0
20151205,1.4,15.8,22.3,58.2,79.0,50.0
20151206,3.3,4.6,44.2,86.6,192.8,172.5
20151207,3.3,2.0,46.9,78.5,195.2,169.1
20151208,3.8,2.0,23.6,76.6,247.3,217.8
20151209,3.6,2.0,37.7,91.3,279.0,275.2
20151210,1.9,16.0,21.8,53.7,0,115.8
20151211,1.2,17.1,20.5,62.5,100.5,44.7
20151212,3.7,2.8,37.1,92.3,210.4,179.5
20151213,5.1,2.2,55.0,95.4,280.4,246.2
20151214,2.3,20.1,18.6,69.1,112.5,150.8
20151215,0.2,46.1,3.3,22.4,7.5,4.4
20151216,0.4,30.5,3.1,27.8,16.8,6.6
20151217,1.4,8.0,22.5,75.5,95.6,56.8
20151218,1.9,16.5,32.5,82.5,106.6,74.0
20151219,3.3,3.9,40.5,103.5,173.8,139.5
20151220,4.7,2.3,34.2,114.3,307.0,275.2
20151221,4.3,3.4,37.8,122.9,275.3,247.1
20151222,5.9,2.0,34.6,122.4,373.0,313.5
20151223,5.4,10.5,33.9,136.6,192.0,303.2
20151224,3.4,4.7,29.0,109.5,0,231.2
20151225,7.0,2.7,12.2,160.2,381.0,421.8
20151226,4.1,10.3,15.9,110.7,417.5,204.4
20151227,1.0,12.8,19.4,42.7,60.0,44.2
20151228,2.1,5.8,25.5,63.6,104.3,112.2
20151229,5.3,2.0,53.8,139.8,291.0,349.8
20151230,2.7,21.3,28.2,85.8,5.0,155.4
20151231,1.7,7.5,25.5,79.9,130.0,74.0
