date,CO,O3,SO2,NO2,PM10,PM2.5
20140101,0.0,0.0,0.0,0.0,162.8,68.5
20140102,0.0,0.0,0.0,0.0,215.7,119.5
20140103,0.0,0.0,0.0,0.0,110.2,49.4
20140104,0.0,0.0,0.0,0.0,188.9,128.0
20140105,0.0,0.0,0.0,0.0,100.5,73.9
20140106,0.0,0.0,0.0,0.0,157.1,130.6
20140107,0.0,0.0,0.0,0.0,187.4,87.1
20140108,0.0,0.0,0.0,0.0,38.9,20.8
20140109,0.0,0.0,0.0,0.0,64.9,41.3
20140110,0.0,0.0,0.0,0.0,133.7,106.1
20140111,0.0,0.0,0.0,0.0,221.8,213.6
20140112,0.0,0.0,0.0,0.0,57.3,33.3
20140113,0.0,0.0,0.0,0.0,176.9,148.6
20140114,0.0,0.0,0.0,0.0,155.1,120.8
20140115,0.0,0.0,0.0,0.0,258.2,195.2
20140116,0.0,0.0,0.0,0.0,486.2,381.0
20140117,0.0,0.0,0.0,0.0,189.1,176.4
20140118,0.0,0.0,0.0,0.0,143.1,110.2
20140119,0.0,0.0,0.0,0.0,198.0,128.3
20140120,0.0,0.0,0.0,0.0,25.4,7.1
20140121,0.0,0.0,0.0,0.0,59.5,45.4
20140122,0.0,0.0,0.0,0.0,193.5,131.2
20140123,0.0,0.0,0.0,0.0,317.4,238.0
20140124,0.0,0.0,0.0,0.0,176.2,127.0
20140125,0.0,0.0,0.0,0.0,56.4,22.9
20140126,0.0,0.0,0.0,0.0,101.3,54.2
20140127,0.0,0.0,0.0,0.0,126.5,77.8
20140128,0.0,0.0,0.0,0.0,96.3,40.5
20140129,0.0,0.0,0.0,0.0,163.1,117.5
20140130,0.0,0.0,0.0,0.0,108.0,64.5
20140131,0.0,0.0,0.0,0.0,235.5,146.6
20140201,0.0,0.0,0.0,0.0,151.0,127.9
20140202,0.0,0.0,0.0,0.0,91.3,65.4
20140203,0.0,0.0,0.0,0.0,30.8,5.2
20140204,0.0,0.0,0.0,0.0,66.4,33.4
20140205,0.0,0.0,0.0,0.0,129.2,90.2
20140206,0.0,0.0,0.0,0.0,137.3,114.5
20140207,0.0,0.0,0.0,0.0,81.0,86.4
20140208,0.0,0.0,0.0,0.0,46.4,46.7
20140209,0.0,0.0,0.0,0.0,35.6,8.1
20140210,0.0,0.0,0.0,0.0,31.4,22.8
20140211,0.0,0.0,0.0,0.0,134.3,118.0
20140212,0.0,0.0,0.0,0.0,129.4,124.7
20140213,0.0,0.0,0.0,0.0,191.5,187.7
20140214,0.0,0.0,0.0,0.0,319.2,279.4
20140215,0.0,0.0,0.0,0.0,480.4,411.9
20140216,0.0,0.0,0.0,0.0,337.4,321.2
20140217,0.0,0.0,0.0,0.0,0,71.4
20140218,0.0,0.0,0.0,0.0,0,68.7
20140219,0.0,0.0,0.0,0.0,0,59.1
20140220,0.0,0.0,0.0,0.0,390.2,239.1
20140221,0.0,0.0,0.0,0.0,270.8,232.5
20140222,0.0,0.0,0.0,0.0,320.8,248.8
20140223,0.0,0.0,0.0,0.0,254.9,185.9
20140224,0.0,0.0,0.0,0.0,361.7,269.9
20140225,0.0,0.0,0.0,0.0,424.5,360.9
20140226,0.0,0.0,0.0,0.0,362.2,326.1
20140227,0.0,0.0,0.0,0.0,11.3,18.4
20140228,0.0,0.0,0.0,0.0,97.7,82.2
20140301,0.0,0.0,0.0,0.0,86.1,65.2
20140302,0.0,0.0,0.0,0.0,200.2,142.5
20140303,0.0,0.0,0.0,0.0,281.4,215.8
20140304,0.0,0.0,0.0,0.0,68.0,46.3
20140305,0.0,0.0,0.0,0.0,39.2,20.6
20140306,0.0,0.0,0.0,0.0,29.2,16.2
20140307,0.0,0.0,0.0,0.0,87.6,51.2
20140308,0.0,0.0,0.0,0.0,198.8,144.9
20140309,0.0,0.0,0.0,0.0,134.2,100.5
20140310,0.0,0.0,0.0,0.0,119.8,85.0
20140311,0.0,0.0,0.0,0.0,204.4,161.9
20140312,0.0,0.0,0.0,0.0,20.2,11.9
20140313,0.0,0.0,0.0,0.0,95.0,19.2
20140314,0.0,0.0,0.0,0.0,98.0,19.7
20140315,0.0,0.0,0.0,0.0,232.6,98.8
20140316,0.0,0.0,0.0,0.0,234.2,104.9
20140317,0.0,0.0,0.0,0.0,281.3,72.5
20140318,0.0,0.0,0.0,0.0,133.2,32.0
20140319,0.0,0.0,0.0,0.0,101.1,46.2
20140320,0.0,0.0,0.0,0.0,41.3,11.4
20140321,0.0,0.0,0.0,0.0,89.7,28.2
20140322,0.0,0.0,0.0,0.0,153.0,51.5
20140323,0.0,0.0,0.0,0.0,215.2,127.5
20140324,0.0,0.0,0.0,0.0,292.2,209.7
20140325,0.0,0.0,0.0,0.0,196.8,134.0
20140326,0.0,0.0,0.0,0.0,381.9,272.1
20140327,0.0,0.0,0.0,0.0,292.9,226.4
20140328,0.0,0.0,0.0,0.0,192.0,117.7
20140329,0.0,0.0,0.0,0.0,71.0,32.4
20140330,0.0,0.0,0.0,0.0,79.7,34.8
20140331,0.0,0.0,0.0,0.0,172.0,136.0
20140401,0.0,0.0,0.0,0.0,118.9,127.5
20140402,2.7,120.9,27.0,35.1,149.7,100.6
20140403,1.4,62.4,8.4,30.2,87.1,19.0
20140404,1.1,60.0,11.5,38.6,132.8,33.8
20140405,1.0,75.5,8.5,29.6,95.2,26.2
20140406,0.8,36.8,8.2,46.8,104.0,39.0
20140408,1.3,84.2,28.7,38.2,139.8,102.8
20140409,1.7,82.9,24.7,38.3,215.0,103.3
20140410,1.7,49.5,33.3,46.2,383.8,68.2
20140411,1.6,56.5,19.3,59.5,106.6,58.6
20140412,2.0,62.1,24.5,75.9,141.0,98.1
20140413,2.0,85.6,25.1,71.8,197.6,153.0
20140414,2.5,81.7,35.0,78.2,248.7,218.7
20140415,1.0,41.0,12.5,47.0,54.3,37.0
20140416,1.2,58.4,15.5,60.8,120.4,46.7
20140417,2.0,46.2,19.6,71.0,120.4,92.4
20140418,2.4,15.5,18.0,75.7,155.2,128.8
20140419,1.0,66.2,8.2,46.0,65.1,52.7
20140420,1.1,53.5,9.2,52.0,80.5,58.2
20140421,0.0,0.0,0.0,0.0,0.0,0.0
20140422,1.1,67.8,13.3,51.6,96.1,53.7
20140423,1.1,67.9,20.7,27.2,124.7,99.0
20140429,1.0,78.7,18.8,62.5,131.4,79.3
20140430,1.0,104.3,23.3,60.1,151.9,96.1
20140501,0.9,104.9,21.2,34.9,183.8,114.5
20140502,0.4,81.7,3.1,18.8,41.1,18.7
20140503,0.5,55.3,7.7,41.0,131.8,45.4
20140504,0.3,74.9,2.1,20.1,53.2,27.6
20140505,0.4,63.0,3.6,44.2,60.5,32.5
20140506,0.9,27.4,21.7,74.4,94.7,80.7
20140507,0.4,75.2,2.0,33.2,0,0.0
20140508,1.2,93.1,13.9,52.7,97.2,74.5
20140509,1.5,83.6,35.8,53.1,109.3,61.3
20140510,1.3,77.8,29.5,51.0,88.2,49.7
20140511,0.9,76.4,1.9,28.0,29.4,23.5
20140512,0.7,73.2,4.5,45.6,117.2,32.9
20140513,0.8,68.7,10.0,59.8,118.9,46.6
20140514,0.3,71.8,5.6,28.7,66.3,16.0
20140515,0.7,49.2,7.8,66.1,179.3,55.7
20140516,0.8,81.1,11.0,56.0,123.3,42.1
20140517,1.2,100.6,30.0,60.5,109.9,54.3
20140518,1.2,118.4,26.3,62.7,145.8,75.2
20140519,1.1,145.7,16.1,45.9,173.1,105.8
20140520,1.1,119.7,10.2,44.1,195.6,91.0
20140521,1.7,131.2,33.2,53.2,189.1,109.7
20140522,1.7,68.9,13.2,80.7,269.1,204.5
20140523,0.9,134.1,23.0,50.7,129.7,58.9
20140524,1.2,54.8,7.3,49.4,173.7,80.5
20140525,0.6,67.4,1.9,25.4,0,68.8
20140526,0.7,62.9,4.0,61.8,95.0,24.4
20140527,0.5,60.7,3.2,47.3,142.2,31.7
20140528,0.8,92.8,9.7,57.6,106.5,29.8
20140529,0.8,109.0,9.5,66.7,125.5,41.3
20140530,1.9,190.6,43.4,63.1,190.9,94.8
20140531,2.3,156.9,49.9,62.9,207.7,105.7
20140601,0.7,132.4,2.1,28.7,73.9,40.6
20140602,0.6,111.1,2.1,32.8,0,28.2
20140603,0.9,81.4,17.5,59.0,74.7,36.4
20140604,1.2,146.5,11.1,60.0,98.2,51.7
20140605,1.1,127.7,12.3,58.3,129.7,74.6
20140606,1.3,55.0,11.2,51.8,139.5,60.9
20140607,0.4,72.5,2.1,29.7,0,10.2
20140608,0.9,53.1,9.8,69.5,73.4,32.0
20140609,0.7,83.9,6.3,53.8,58.2,32.3
20140610,1.4,79.9,6.1,48.7,65.2,72.3
20140611,0.9,83.2,2.3,36.1,83.7,43.6
20140612,0.6,70.1,4.9,43.5,0.0,24.0
20140613,1.1,106.4,8.2,46.1,83.4,63.1
20140614,0.8,135.4,3.7,43.0,122.4,37.9
20140615,1.5,145.2,19.3,57.7,156.3,108.7
20140616,1.2,119.2,3.3,47.1,0,124.4
20140617,1.0,115.0,3.3,42.8,0,86.8
20140618,0.9,101.7,4.3,43.6,0,69.5
20140619,1.4,91.3,5.5,53.6,0,127.4
20140620,1.0,98.9,2.4,30.7,0,38.1
20140621,1.2,96.1,3.9,38.1,0,54.5
20140622,0.8,86.5,2.1,37.6,0,32.5
20140623,0.6,98.5,2.1,43.6,0,24.1
20140624,1.0,122.1,5.2,59.1,83.4,51.2
20140625,1.4,81.5,9.2,56.5,113.6,93.8
20140626,1.2,130.5,2.8,36.3,0,127.1
20140627,0.6,84.6,6.4,43.5,0,18.4
20140628,0.5,81.9,4.4,45.6,52.3,21.3
20140629,1.5,121.4,15.8,54.2,109.1,55.6
20140630,1.3,145.0,16.8,56.0,129.7,69.4
20140701,1.1,153.7,24.8,42.8,151.9,100.1
20140702,0.8,107.0,1.9,31.5,33.5,58.1
20140703,1.3,91.3,3.7,41.2,0,184.1
20140704,1.2,116.5,2.2,41.7,0,183.1
20140705,0.8,112.8,2.7,31.8,0,99.3
20140706,1.1,142.5,6.7,27.8,0,180.0
20140707,1.0,112.3,6.8,35.2,0,159.0
20140708,0.7,82.0,5.3,37.1,0,100.7
20140709,0.4,49.1,3.9,51.5,53.0,21.0
20140710,0.5,93.2,7.0,51.9,86.2,28.2
20140711,0.4,90.5,4.1,48.1,79.4,33.2
20140712,0.2,87.7,2.1,37.6,38.2,11.5
20140713,0.3,66.2,2.5,47.9,55.3,16.6
20140714,0.5,110.3,3.5,51.0,63.8,24.6
20140715,0.4,147.3,4.5,30.2,115.3,44.2
20140716,0.8,97.8,2.5,42.8,89.8,101.4
20140717,0,78.4,2.1,39.5,0,134.9
20140718,1.2,123.8,4.2,35.6,0,104.7
20140719,0.8,107.2,1.9,32.7,93.4,62.1
20140720,0.9,112.2,3.1,31.3,100.8,56.5
20140721,0.5,76.4,4.0,26.4,62.0,21.3
20140722,0.5,38.4,6.6,40.0,37.8,11.4
20140723,1.0,33.2,3.2,65.5,91.5,28.5
20140724,1.3,50.2,6.1,81.4,129.0,73.3
20140725,1.4,101.5,6.9,47.8,86.0,65.6
20140726,1.4,161.7,11.0,39.1,121.6,97.5
20140727,1.1,165.2,19.8,37.4,151.8,102.1
20140728,1.0,138.2,6.8,34.0,143.8,105.9
20140729,0.2,21.9,0.7,6.8,20.2,17.2
20140730,1.6,100.3,2.1,34.2,0.0,108.0
20140731,1.7,125.9,3.2,37.7,0,181.9
20140801,1.6,112.6,2.4,41.0,0,133.9
20140802,1.2,100.2,2.0,35.5,0,103.7
20140803,1.2,121.0,2.0,28.1,0,116.2
20140804,0.7,41.9,2.4,32.4,0,34.0
20140805,0.7,65.9,4.8,41.7,0,21.3
20140806,0.7,65.4,2.6,54.2,71.4,33.1
20140807,1.4,124.8,9.0,56.2,0,67.3
20140808,1.2,117.8,5.7,52.9,119.3,53.5
20140809,1.2,129.1,8.6,49.9,133.6,77.2
20140810,0.8,109.3,2.4,46.6,0,31.0
20140811,0.6,86.0,2.0,42.8,23.5,18.3
20140812,0.8,97.5,4.8,55.0,90.2,26.3
20140813,0.7,59.2,1.8,38.5,52.1,22.8
20140814,0.9,74.5,2.0,52.7,0,31.5
20140815,0.8,85.0,4.1,62.0,87.3,33.2
20140816,1.1,125.2,7.0,59.0,100.0,62.3
20140817,0.9,132.2,3.1,40.9,68.7,39.5
20140818,1.0,117.8,4.2,43.8,0,56.8
20140819,1.1,114.9,4.5,45.4,111.0,76.2
20140820,1.3,127.5,13.7,42.0,130.8,95.5
20140821,1.3,116.2,7.7,54.2,176.8,129.1
20140822,1.0,59.2,2.3,65.4,0,57.8
20140823,1.4,107.5,2.1,63.1,168.0,136.1
20140824,0.6,74.6,4.3,31.8,0,20.2
20140825,0.5,66.7,3.3,44.4,47.7,19.3
20140826,0.8,59.5,5.4,73.0,75.7,28.4
20140827,1.0,93.5,5.6,70.9,141.2,56.2
20140828,1.1,89.9,3.1,62.9,131.7,86.4
20140829,1.1,117.1,2.5,40.9,0,77.6
20140830,1.7,46.4,2.3,74.8,184.5,148.3
20140831,1.1,88.7,2.0,35.0,0,74.8
20140901,1.8,58.3,2.1,53.1,0,100.1
20140902,1.0,72.2,1.9,35.6,0,24.6
20140903,0.7,57.2,5.2,44.2,0,16.8
20140904,1.2,70.2,5.1,78.3,135.2,51.6
20140905,1.2,101.3,7.2,65.9,137.0,94.4
20140906,1.6,110.6,9.9,45.5,0,139.9
20140907,1.5,90.1,9.4,50.3,203.2,143.8
20140908,0.4,74.3,6.0,31.0,59.5,15.9
20140909,0.7,74.8,8.4,60.2,100.8,41.1
20140910,1.2,89.9,10.9,63.7,111.1,65.3
20140911,1.7,62.8,19.0,76.0,153.6,95.5
20140912,1.0,38.0,2.4,64.6,0,69.6
20140913,0.9,79.7,6.3,54.1,97.4,62.1
20140914,0.6,34.5,2.4,56.3,95.2,46.8
20140915,0.5,40.1,5.1,45.8,67.4,20.4
20140916,0.7,20.0,3.7,78.8,107.4,47.2
20140917,0.7,27.8,2.4,66.3,83.8,0.0
20140918,0.9,59.8,3.2,74.8,100.0,69.6
20140919,1.1,59.0,5.4,63.9,126.7,96.4
20140920,1.4,84.7,4.0,75.0,0,132.0
20140921,2.0,66.8,13.7,58.5,0,99.9
20140922,2.5,14.2,6.7,80.3,0,101.7
20140923,1.4,9.3,2.0,58.1,0,54.4
20140924,1.2,35.3,2.0,46.9,0,34.7
20140925,1.5,26.0,2.0,63.9,0,119.7
20140926,1.6,30.9,6.8,71.3,0,127.9
20140927,0.7,47.3,2.1,54.2,0,25.7
20140928,1.4,21.7,8.0,80.3,109.7,65.1
20140929,1.1,32.2,4.7,50.6,118.0,53.4
20140930,0.7,30.8,8.8,41.8,77.3,25.2
20141001,1.1,3.8,5.9,71.4,117.7,71.1
20141002,1.1,15.5,3.1,63.8,0,68.2
20141003,2.2,7.4,2.7,75.4,0,128.7
20141004,1.2,41.9,1.9,43.2,0,74.4
20141005,0.8,32.7,2.1,40.9,0,33.3
20141006,0.6,32.9,2.4,58.4,0,29.4
20141007,1.5,33.3,9.2,97.9,200.8,134.9
20141008,2.5,14.3,5.9,132.5,248.4,258.6
20141009,2.5,24.8,3.3,114.5,0.0,297.3
20141010,1.7,43.8,7.0,70.9,0.0,184.7
20141011,1.6,47.9,5.2,61.7,0,138.1
20141012,0.2,44.9,3.9,25.8,21.2,4.9
20141013,0.2,34.5,8.2,43.0,56.5,12.7
20141014,0.7,26.8,6.7,71.4,104.6,41.5
20141015,0.7,35.2,3.8,49.7,114.0,47.9
20141016,0.7,34.1,7.1,58.0,108.9,34.6
20141017,1.4,25.5,8.7,114.4,182.3,97.3
20141018,2.5,42.3,15.4,144.3,251.4,157.2
20141019,2.6,35.1,7.4,128.6,298.9,213.4
20141020,1.6,23.4,2.3,87.3,219.1,183.8
20141021,1.3,19.3,17.6,61.1,103.0,36.2
20141022,1.2,4.6,10.6,80.7,140.1,65.1
20141023,1.9,5.6,10.2,94.9,176.7,97.2
20141024,2.3,2.0,2.9,94.2,179.4,88.0
20141025,0,0,0.0,0,0,0
20141026,0,0,0.0,0,0,3.2
20141027,0.9,31.4,13.2,63.2,0,21.6
20141028,0.8,18.8,8.8,69.9,112.7,54.8
20141029,1.4,10.9,9.9,106.5,170.3,111.3
20141030,1.7,7.7,18.7,121.1,203.9,161.2
20141031,2.2,7.1,6.2,103.0,216.3,178.0
20141101,1.0,27.1,4.1,48.9,57.7,71.4
20141102,0.3,51.3,5.4,22.0,24.2,6.0
20141103,0.9,26.7,3.7,53.7,62.0,29.7
20141104,2.0,21.8,23.1,103.1,197.7,147.4
20141105,1.4,33.6,4.8,56.3,90.0,62.9
20141106,0.4,50.2,3.5,26.9,25.4,10.7
20141107,1.2,13.7,14.7,51.9,69.4,43.1
20141108,1.5,22.4,9.9,64.7,93.8,73.5
20141109,1.1,27.6,7.6,63.6,77.0,63.8
20141110,1.6,14.2,8.3,82.3,109.8,88.2
20141111,0.9,37.2,3.9,39.4,70.9,48.1
20141112,0.2,67.2,4.9,9.9,41.8,4.0
20141113,0.9,27.0,9.1,54.9,59.3,30.4
20141114,1.1,12.7,15.3,67.5,64.5,34.7
20141115,2.5,6.7,34.3,115.5,185.3,126.6
20141116,1.9,28.3,11.5,65.5,215.1,102.9
20141117,0.7,28.1,11.9,56.2,49.0,25.7
20141118,1.7,7.4,28.3,90.7,138.9,79.8
20141119,3.8,5.5,38.8,141.5,324.8,244.5
20141120,4.2,5.1,27.5,161.8,385.2,304.7
20141121,4.1,7.3,21.7,163.8,396.9,263.6
20141122,1.1,24.3,12.8,63.5,68.9,36.6
20141123,2.5,2.8,15.9,100.6,154.3,113.1
20141124,1.8,13.9,10.3,81.3,102.9,76.4
20141125,2.6,7.9,23.1,107.1,202.0,162.9
20141126,3.9,4.6,30.6,137.2,330.9,264.5
20141127,1.2,22.9,10.5,66.7,109.0,63.1
20141128,1.9,16.0,22.6,78.8,161.3,93.5
20141129,4.1,3.7,13.6,106.7,362.3,274.6
20141130,1.4,36.7,8.5,45.4,232.6,68.2
20141201,0.5,47.8,6.8,15.6,67.3,7.5
20141202,1.3,20.5,24.2,50.3,74.7,46.8
20141203,0.9,42.9,14.1,29.2,72.9,23.4
20141204,0.5,60.5,9.5,15.8,38.8,6.6
20141205,1.1,36.3,20.6,49.7,64.5,35.7
20141206,1.8,13.0,36.1,80.3,91.7,54.8
20141207,1.6,26.6,22.5,52.3,68.9,40.4
20141208,1.7,21.4,31.0,67.9,91.8,60.8
20141209,5.7,10.8,59.3,130.2,345.9,272.5
20141210,2.8,35.5,23.3,66.5,235.7,135.0
20141211,0.6,42.1,18.6,37.8,54.6,24.2
20141212,0.6,43.1,10.2,28.5,41.2,13.6
20141213,1.1,32.8,25.8,52.6,85.5,46.5
20141214,1.9,14.7,40.1,97.8,128.3,86.0
20141215,1.5,43.8,29.0,51.5,117.2,61.5
20141216,0.3,59.3,7.2,13.7,33.8,5.9
20141217,1.9,18.4,37.4,75.9,130.0,83.2
20141218,4.1,6.6,84.3,97.4,198.6,146.8
20141219,1.0,44.4,18.9,38.5,52.1,35.9
20141220,0.5,42.8,8.2,23.1,11.3,5.1
20141221,0.7,37.1,13.9,34.8,36.7,18.7
20141222,3.1,12.5,60.4,97.6,165.6,110.1
20141223,2.8,12.7,49.7,98.9,132.8,98.1
20141224,0.5,45.9,16.8,36.4,26.9,10.4
20141225,1.2,21.7,25.0,71.6,49.3,33.1
20141226,3.6,7.0,67.9,115.0,190.9,156.1
20141227,4.4,8.3,82.9,147.8,267.8,205.2
20141228,3.6,18.9,67.7,119.0,235.1,118.2
20141229,4.6,17.6,52.6,122.3,253.1,114.0
20141230,1.4,26.5,28.8,67.1,83.1,21.7
20141231,0.4,56.4,10.3,14.9,0.0,0.0
20150101,1.2,35.5,26.1,57.1,73.3,36.6
20150102,1.6,18.6,36.8,79.0,98.2,49.1
20150103,3.8,11.4,84.6,124.7,245.1,154.0
20150104,3.8,8.8,77.0,132.0,229.7,140.0
20150105,2.5,30.1,54.6,68.5,153.0,67.9
20150106,0.8,35.8,25.4,46.8,63.9,37.5
20150107,1.7,14.7,40.7,74.4,100.5,64.3
20150108,3.5,8.8,45.2,111.8,185.9,157.9
20150109,1.9,27.2,33.0,79.9,127.6,89.2
20150110,4.2,17.9,88.3,136.5,287.7,244.2
20150111,0.9,36.2,18.1,50.6,77.5,40.4
20150112,1.7,15.7,54.1,76.8,140.9,100.1
20150113,2.8,7.2,56.9,107.7,179.1,156.9
20150114,3.2,5.8,57.6,118.5,244.8,234.8
20150115,5.7,7.3,26.0,138.7,441.5,353.1
20150116,1.5,46.4,9.2,44.8,214.0,107.6
20150117,1.1,29.6,32.6,65.4,130.3,67.4
20150118,1.7,36.5,39.8,67.2,127.5,85.9
20150119,1.5,31.7,29.2,64.2,86.5,45.7
20150120,2.1,10.7,48.0,84.6,109.6,84.8
20150121,0.6,43.9,21.4,37.0,23.9,13.4
20150122,2.2,15.1,45.5,89.5,144.6,112.6
20150123,3.5,9.7,72.2,135.8,239.5,220.3
20150124,1.4,21.7,27.7,70.7,106.2,78.3
20150125,1.7,13.6,17.2,63.9,195.0,137.0
20150126,1.7,32.7,12.9,48.4,62.6,112.0
20150127,0.7,42.4,16.9,36.3,34.3,18.7
20150128,0.9,27.4,21.2,55.4,51.6,36.0
20150129,1.1,32.3,22.5,43.8,81.0,65.8
20150130,0.4,50.0,13.5,25.7,22.1,11.5
20150131,0.9,30.6,18.5,50.8,48.0,34.7
20150201,2.0,15.0,44.8,81.3,118.6,88.4
20150202,2.6,13.4,62.3,97.0,156.5,152.5
20150203,2.0,35.4,22.9,64.4,83.6,115.7
20150204,0.3,61.3,9.2,20.5,31.4,10.0
20150205,0.7,42.6,17.9,52.8,43.8,33.2
20150206,2.4,13.8,34.5,97.3,115.3,91.9
20150207,0.4,62.5,11.7,25.4,29.2,10.7
20150208,0.6,51.3,5.2,34.0,38.8,27.4
20150209,2.1,20.9,46.4,87.4,138.1,136.8
20150210,2.9,26.8,50.6,107.9,166.5,146.7
20150211,1.2,51.2,25.0,52.6,65.8,42.3
20150212,0.8,58.7,15.0,48.5,45.2,31.7
20150213,2.4,25.9,34.4,97.8,154.7,135.3
20150214,3.4,23.9,58.3,135.1,261.3,261.9
20150215,5.0,8.8,92.2,134.1,332.1,306.3
20150216,2.3,36.6,34.1,62.1,142.4,134.9
20150217,0.2,17.6,4.8,15.8,12.6,6.8
20150218,0.8,60.6,19.9,36.5,116.7,58.4
20150219,1.4,43.1,58.2,46.5,287.3,209.6
20150220,1.5,25.1,5.3,45.7,0,132.9
20150221,1.6,33.9,7.3,35.1,392.2,170.7
20150222,0.4,60.5,3.8,22.8,266.7,46.2
20150223,0.8,43.6,22.2,42.3,145.5,67.8
20150224,2.3,26.1,38.4,70.5,251.1,163.0
20150225,0.9,51.0,11.3,35.4,104.5,59.6
20150226,0.4,66.2,6.8,20.7,28.3,12.4
20150227,0.2,25.4,2.8,11.5,7.7,3.2
20150301,0.1,0.7,1.8,7.3,7.0,2.7
20150302,1.7,40.0,20.7,57.7,89.5,59.1
20150303,0.2,76.2,2.7,11.4,38.3,5.9
20150304,0.6,57.2,10.0,33.0,56.6,27.7
20150305,1.6,34.1,56.1,67.2,160.1,130.5
20150306,2.3,31.2,63.6,94.3,228.3,194.8
20150307,2.4,40.1,45.5,99.9,254.0,219.8
20150308,1.5,46.1,30.1,60.5,98.4,107.2
20150309,0.3,80.4,3.7,12.8,29.9,5.5
20150310,0.8,52.0,16.3,48.0,54.3,37.1
20150311,1.1,39.3,14.7,62.8,61.8,38.3
20150312,1.5,31.2,25.3,71.5,98.2,69.8
20150313,1.4,41.3,24.8,68.9,73.9,67.0
20150314,1.8,17.8,42.8,94.2,123.2,91.2
20150315,1.8,48.6,31.1,84.7,208.9,100.6
20150316,2.1,22.7,32.8,92.4,302.7,216.1
20150317,2.0,54.2,20.2,69.2,253.9,209.0
20150318,0.7,61.1,10.9,53.2,108.6,43.1
20150319,1.2,37.3,11.7,87.9,233.2,85.8
20150320,0.5,63.7,4.4,45.5,205.1,42.0
20150321,0.3,77.9,3.4,24.7,103.2,13.1
20150322,0.4,76.0,4.5,21.8,118.1,19.7
20150323,0.7,49.3,7.6,50.3,98.2,35.7
20150324,1.8,54.3,31.1,71.7,126.8,74.5
20150325,2.0,54.4,48.8,86.4,168.9,121.4
20150326,1.1,85.9,23.7,56.6,158.9,99.7
20150327,1.0,91.7,32.4,54.7,151.2,100.0
20150328,0.5,77.0,6.3,31.9,294.3,57.5
20150329,1.1,51.0,18.6,73.3,324.2,71.0
20150330,1.3,81.9,29.0,62.2,352.3,137.8
20150331,2.3,60.3,29.0,60.9,190.6,137.3
20150401,0.7,49.4,5.1,51.4,67.6,48.7
20150402,0.7,74.9,2.4,28.9,41.6,32.8
20150403,0.6,89.2,2.7,33.2,41.8,28.3
20150404,0.6,99.0,4.9,40.3,89.7,61.6
20150405,0.5,73.3,3.6,33.0,102.3,57.1
20150406,0.3,84.3,2.5,16.9,35.1,20.8
20150407,0.4,76.7,4.5,29.2,56.1,23.3
20150408,0.8,59.4,16.6,53.8,126.3,102.7
20150409,1.3,63.1,20.0,69.1,199.6,168.1
20150410,1.2,61.6,10.1,73.5,187.9,166.7
20150411,2.0,76.0,17.5,52.0,154.7,144.9
20150412,0.3,79.3,2.0,12.8,22.7,10.5
20150413,0.3,97.9,3.1,26.5,50.7,25.7
20150414,0.8,64.2,5.5,69.1,98.6,58.4
20150415,1.2,52.8,14.3,85.8,281.8,118.7
20150416,0.3,97.4,3.7,15.0,191.6,44.2
20150417,0.7,60.7,19.6,62.4,185.8,65.8
20150418,1.6,47.9,22.9,99.9,269.4,134.2
20150419,0.8,65.1,5.5,44.3,133.0,55.5
20150420,0.8,63.8,7.6,50.7,117.8,67.0
20150421,0.6,65.1,9.1,49.2,130.9,47.5
20150422,0.7,73.5,6.8,53.8,103.2,37.6
20150423,0.7,54.8,12.4,64.2,116.5,62.2
20150424,0.7,80.7,7.3,50.9,169.1,45.4
20150425,0.9,95.8,14.2,77.4,164.4,81.7
20150426,1.1,123.6,21.6,54.2,189.0,97.2
20150427,1.0,102.1,11.6,55.0,131.3,76.0
20150428,0.9,95.1,7.0,42.4,83.8,44.3
20150429,1.6,101.4,11.4,48.7,136.2,108.9
20150430,1.1,110.3,10.2,47.3,129.9,96.7
20150501,1.1,60.6,9.7,53.4,187.3,114.6
20150502,0.6,79.7,2.2,32.0,68.6,36.8
20150503,0.4,82.2,2.2,23.8,85.5,33.0
20150504,0.3,96.3,4.5,21.5,69.2,30.7
20150505,0.5,77.3,8.7,45.7,93.6,44.9
20150506,0.3,86.7,3.7,24.5,68.6,15.2
20150507,0.6,91.1,7.4,40.6,125.8,35.8
20150508,0.9,81.6,10.1,43.6,104.3,58.1
20150509,1.0,53.8,7.7,36.3,44.8,40.1
20150510,1.2,30.6,5.6,55.2,54.0,32.9
20150511,0.8,45.9,2.1,37.1,27.4,22.3
20150512,0.6,69.9,2.1,49.1,47.5,18.1
20150513,0.8,82.3,4.1,75.6,126.3,51.5
20150514,0.4,85.2,3.2,32.1,74.1,15.9
20150515,0.4,90.9,2.8,30.8,49.4,23.4
20150516,0.8,105.4,7.8,51.1,102.9,46.8
20150517,1.2,132.2,17.2,45.0,178.0,118.7
20150518,0.6,83.5,2.3,35.5,83.3,56.0
20150519,0.3,92.2,2.1,15.8,41.1,7.7
20150520,0.3,99.4,2.7,22.3,33.3,11.8
20150521,0.6,90.3,7.0,49.9,86.9,30.7
20150522,0.9,112.2,11.3,54.2,86.6,48.0
20150523,1.0,133.6,16.4,57.0,140.8,93.2
20150524,1.3,121.8,15.3,66.6,164.9,107.6
20150525,1.2,151.5,23.1,51.9,156.2,91.9
20150526,1.0,150.6,26.7,39.4,146.8,95.7
20150527,0.9,189.9,9.2,27.5,154.6,46.7
20150528,4.2,140.2,25.7,39.2,143.7,84.1
20150529,1.0,95.8,5.0,49.9,83.0,60.8
20150530,0.9,107.1,8.4,43.4,85.4,55.5
20150531,1.0,118.0,16.9,46.2,103.7,53.7
20150601,1.1,132.5,12.9,49.1,171.3,86.6
20150602,0.6,82.4,4.5,24.4,63.5,28.3
20150603,0.6,86.1,5.9,37.9,100.9,27.5
20150604,0.7,46.7,6.3,57.7,91.3,47.6
20150605,0.3,83.3,3.6,51.3,69.2,45.5
20150606,0.2,87.3,2.6,30.9,52.5,26.0
20150607,0.4,47.8,2.3,34.0,34.1,14.6
20150608,0.5,67.4,2.6,37.5,36.5,16.5
20150609,1.3,90.7,20.2,59.3,99.4,54.0
20150610,1.0,83.2,5.2,37.0,91.0,79.0
20150611,0.5,64.9,2.3,29.3,28.0,24.7
20150612,0.1,75.6,2.4,22.7,21.6,6.8
20150613,0.2,92.7,3.6,20.5,30.1,11.9
20150614,0.3,95.1,3.1,31.7,40.3,19.1
20150615,1.1,138.4,19.0,41.5,124.5,87.1
20150616,1.0,113.6,14.2,59.7,160.9,104.5
20150617,0.6,101.5,3.1,39.5,61.3,42.1
20150618,0.3,80.5,2.0,23.2,36.5,16.3
20150619,0.4,59.1,2.9,26.5,39.1,15.7
20150620,0.4,95.7,2.6,35.3,42.8,20.9
20150621,0.5,123.3,6.1,40.4,84.4,41.8
20150622,1.0,132.0,16.8,37.7,120.1,87.2
20150623,1.6,143.1,15.6,38.1,160.2,182.1
20150624,0.9,80.6,9.9,41.0,127.5,98.1
20150625,0.9,77.0,7.6,54.0,129.5,99.6
20150626,0.8,135.2,2.3,26.3,142.4,114.8
20150627,0.7,106.2,5.0,32.9,80.0,85.4
20150628,1.1,124.0,7.9,36.4,175.1,138.7
20150629,1.1,56.7,5.7,47.1,170.2,116.4
20150630,0.2,60.0,2.2,28.4,34.0,11.6
20150701,0.4,52.5,3.1,35.1,43.7,17.6
20150702,0.4,53.3,3.0,31.5,21.8,7.7
20150703,1.3,88.3,15.0,37.0,59.4,26.0
20150704,0.8,54.2,6.4,46.2,49.5,27.8
20150705,1.2,102.1,10.6,45.2,73.0,59.4
20150706,1.1,120.5,9.2,33.1,69.9,61.2
20150707,1.0,120.9,8.1,34.5,80.3,58.0
20150708,1.3,124.2,8.7,40.6,118.9,117.0
20150709,0.9,117.4,10.4,39.8,87.9,66.0
20150710,0.8,109.5,9.2,34.6,83.7,51.7
20150711,1.2,117.4,11.0,42.0,124.5,99.7
20150712,1.1,140.0,5.6,48.2,156.5,109.5
20150713,0.8,142.8,4.1,45.0,84.0,49.7
20150714,0.7,148.2,6.4,32.0,65.5,30.9
20150715,0.8,92.9,3.7,45.7,66.8,35.1
20150716,0.9,85.7,2.0,31.6,45.1,41.4
20150717,1.0,56.6,2.5,35.7,53.5,35.6
20150718,1.0,73.6,1.9,32.2,39.3,50.4
20150719,1.1,62.8,1.9,38.2,45.5,78.8
20150720,1.1,46.1,2.0,36.5,88.8,88.6
20150721,1.3,62.9,1.9,33.7,74.0,129.7
20150722,0.9,73.9,2.1,41.3,58.5,55.2
20150723,0.9,50.0,2.0,51.3,51.5,40.3
20150724,1.0,61.4,3.2,56.1,79.6,57.5
20150725,1.3,88.2,2.5,46.2,106.2,89.5
20150726,1.2,106.7,3.3,32.6,116.3,109.7
20150727,1.0,129.5,2.0,34.2,98.9,70.2
20150728,1.0,125.1,1.9,29.2,87.3,58.5
20150729,1.1,136.8,1.9,37.8,104.9,95.8
20150730,1.1,95.4,2.0,29.8,58.6,58.8
20150731,0.8,105.6,2.0,29.0,34.1,22.4
20150801,1.6,49.2,3.1,64.2,81.7,60.4
20150802,1.3,80.7,2.0,42.1,107.0,69.2
20150803,1.5,49.5,3.2,36.0,31.2,69.0
20150804,0.6,97.3,3.0,38.2,52.5,17.0
20150805,1.2,94.6,3.4,49.3,116.1,70.0
20150806,0.8,129.1,2.0,30.5,95.2,56.8
20150807,1.3,109.5,2.8,31.6,98.9,93.3
20150808,0.8,101.3,1.9,35.9,71.7,42.0
20150809,0.9,122.2,2.0,39.8,95.2,55.3
20150810,0.8,110.2,1.9,45.3,95.2,45.5
20150811,1.8,146.8,6.5,36.2,139.4,96.0
20150812,1.1,146.9,3.0,36.6,129.2,85.0
20150813,1.2,155.7,6.7,41.6,156.0,105.4
20150814,0.9,88.6,2.7,41.8,114.4,61.0
20150815,0.6,96.1,3.0,40.3,60.4,23.1
20150816,0.8,150.8,5.3,46.3,95.7,35.4
20150817,1.1,131.6,8.5,39.8,129.5,70.4
20150818,0.8,106.0,2.8,35.0,95.0,52.1
20150819,0.8,101.6,2.2,38.2,68.1,49.3
20150820,0.7,120.2,2.0,28.2,65.0,33.5
20150821,0.5,109.6,2.1,25.7,41.3,14.1
20150822,0.7,81.5,2.8,24.6,50.8,19.0
20150823,1.0,71.1,3.3,27.9,32.7,26.8
20150824,0.5,72.9,2.0,22.6,19.6,11.8
20150825,0.6,67.4,1.9,29.5,24.5,14.2
20150826,0.5,74.6,1.9,27.0,22.7,12.7
20150827,0.5,83.3,2.0,28.0,20.7,12.7
20150828,0.5,89.4,3.4,30.6,35.5,15.8
20150829,0.6,127.5,2.1,24.9,51.2,27.4
20150830,1.2,70.4,2.7,31.1,30.4,26.0
20150831,0.9,59.3,1.9,31.8,32.3,26.6
20150901,0.9,49.9,2.0,22.1,15.7,19.3
20150902,0.8,52.4,2.0,23.6,61.5,10.7
20150903,0.6,74.0,1.9,24.4,27.4,15.2
20150904,1.7,66.5,2.2,28.7,65.7,54.9
20150905,0.8,74.3,1.9,24.7,22.2,18.3
20150906,0.7,65.7,2.0,34.7,34.1,17.2
20150907,0.7,68.4,2.0,41.0,42.0,23.3
20150908,1.0,85.1,5.7,52.3,87.2,57.6
20150909,0.9,51.2,2.6,47.3,57.4,35.4
20150910,0.5,33.0,1.9,28.9,14.1,7.9
20150911,0.5,47.1,2.0,26.1,19.8,9.4
20150912,0.4,49.3,2.0,23.9,21.1,8.4
20150913,0.7,48.0,3.0,40.0,51.0,19.6
20150914,1.0,69.1,11.1,51.1,110.5,71.9
20150915,1.3,84.8,12.3,51.8,120.8,97.3
20150916,1.4,74.6,6.7,52.0,139.4,128.6
20150917,1.4,77.2,8.5,73.0,162.9,155.5
20150918,1.1,60.0,2.3,55.7,100.4,90.2
20150919,0.5,49.8,2.2,49.2,30.1,15.8
20150920,1.2,81.6,10.1,50.7,121.2,100.9
20150921,1.2,84.3,17.3,65.2,122.4,90.5
20150922,1.7,58.1,12.9,62.0,184.8,139.0
20150923,0.8,55.0,2.0,46.4,59.9,31.9
20150924,1.4,52.0,4.4,63.1,120.1,119.1
20150925,0.7,43.7,2.5,31.3,48.9,23.0
20150926,0.8,58.9,7.7,45.0,79.3,33.2
20150927,0.9,54.9,4.5,56.0,87.9,49.2
20150928,1.2,46.2,3.6,41.3,57.8,46.6
20150929,1.3,8.7,2.5,50.0,83.0,47.3
20150930,0.8,27.0,2.5,38.9,52.3,27.3
20151001,0.4,45.0,2.0,24.0,29.6,14.1
20151002,0.7,35.6,3.1,49.8,76.3,27.3
20151003,0.7,48.0,4.3,45.0,79.6,25.8
20151004,1.5,49.8,9.8,84.2,159.5,122.6
20151005,1.8,72.5,8.8,88.8,231.2,224.9
20151006,2.3,93.8,7.8,81.6,340.3,304.7
20151007,2.0,58.0,9.3,87.3,0,265.0
20151008,0.3,42.0,2.8,25.8,27.9,12.2
20151009,0.4,35.5,2.7,33.6,46.7,20.9
20151010,0.3,44.5,2.2,14.6,18.4,7.0
20151011,0.3,58.5,1.9,18.0,23.1,11.4
20151012,0.5,32.0,2.2,43.7,49.7,19.2
20151013,0.8,25.9,3.5,69.3,76.3,37.5
20151014,2.6,24.8,17.3,97.5,162.8,118.0
20151015,1.6,55.5,7.7,89.7,147.4,125.2
20151016,2.4,65.1,12.2,116.2,220.4,160.6
20151017,2.7,33.2,10.1,134.7,0,310.8
20151018,0.9,31.3,7.5,49.8,68.2,52.7
20151019,0.8,23.8,7.5,55.7,100.1,55.7
20151020,1.6,5.2,10.7,69.1,120.2,72.2
20151021,1.0,16.2,2.4,40.5,81.9,51.4
20151022,0.8,13.0,1.9,43.6,34.6,30.7
20151023,0.8,18.8,2.0,50.8,66.2,52.2
20151024,1.1,21.2,5.9,49.2,68.6,49.0
20151025,0.8,13.2,7.2,57.9,56.5,30.7
20151026,0.5,35.2,2.0,29.3,63.2,32.4
20151027,0.5,26.4,2.0,36.5,49.0,15.8
20151028,0.3,38.8,2.1,24.0,20.8,7.0
20151029,0.3,45.9,1.9,17.6,21.0,5.5
20151030,0.6,16.8,2.9,45.4,54.8,24.0
20151031,0.8,17.9,2.8,56.1,71.8,38.3
20151101,1.1,18.5,5.4,76.1,106.8,74.9
20151102,1.6,15.0,6.4,81.9,120.2,87.6
20151103,2.4,23.6,13.4,82.8,182.5,152.2
20151104,1.9,11.0,10.8,112.0,232.2,204.2
20151105,1.1,11.9,4.6,61.9,0,112.5
20151106,0.5,33.5,2.0,24.9,24.0,15.0
20151107,0.5,38.2,2.0,26.0,21.2,13.5
20151108,0.9,20.2,2.0,47.6,74.5,52.0
20151109,1.2,5.2,2.0,49.2,158.3,110.1
20151110,1.6,4.9,4.3,54.8,164.0,138.3
20151111,1.8,4.5,5.2,55.5,131.0,107.9
20151112,2.4,3.0,8.8,56.2,179.7,171.2
20151113,2.9,4.2,23.2,71.5,0,196.5
20151114,3.6,6.0,27.0,81.0,0,271.2
20151115,3.5,13.0,16.3,72.6,204.4,193.8
20151116,1.5,9.7,10.9,48.1,106.9,44.6
20151117,1.4,10.0,6.4,36.0,78.8,54.0
20151118,1.2,6.2,6.5,24.6,68.4,63.8
20151119,1.5,2.2,3.8,29.4,0,68.0
20151120,2.2,2.3,8.2,34.3,0,63.4
20151121,2.2,2.2,7.8,39.0,0,43.3
20151122,1.0,17.4,9.5,39.4,0,46.2
20151123,0.7,36.1,11.7,32.3,21.2,27.1
20151124,1.0,21.8,8.5,45.5,29.3,38.1
20151125,1.3,26.0,11.9,36.9,20.0,56.4
20151126,1.0,38.3,13.6,35.9,49.6,34.5
20151127,3.4,8.5,58.0,95.7,276.5,251.6
20151128,4.7,11.8,58.7,108.1,413.2,285.8
20151129,5.8,12.8,55.8,114.8,376.0,278.2
20151130,6.6,10.7,28.6,135.7,598.6,413.3
20151201,8.7,9.5,41.8,125.8,636.0,458.7
20151202,0.6,40.4,3.3,19.6,5.0,16.6
20151203,0.5,44.2,3.2,14.2,41.1,7.2
20151204,1.0,25.1,16.5,44.6,58.3,37.5
20151205,1.7,15.7,19.9,60.5,77.2,54.5
20151206,3.3,9.6,40.5,85.0,167.6,148.3
20151207,3.4,7.5,49.5,87.2,198.5,169.5
20151208,3.7,4.1,23.3,84.8,253.5,214.3
20151209,3.9,6.2,46.5,93.9,0,257.7
20151210,1.7,24.7,21.1,51.5,0,92.2
20151211,1.3,17.1,17.3,57.8,70.9,45.2
20151212,3.3,9.2,30.2,89.2,247.5,186.0
20151213,4.1,8.2,54.3,94.6,256.2,201.4
20151214,3.2,14.5,26.8,90.8,290.0,204.6
20151215,0.4,53.2,3.0,15.0,5.0,6.7
20151216,0.3,36.1,3.5,13.6,7.4,5.8
20151217,1.5,11.5,19.8,53.8,103.7,56.0
20151218,1.8,17.5,18.3,59.8,79.1,58.5
20151219,3.1,10.1,36.8,82.7,158.8,129.8
20151220,4.2,9.1,32.0,103.8,247.7,226.0
20151221,4.8,8.7,24.8,114.2,344.5,256.8
20151222,5.5,9.6,31.1,102.4,446.4,309.6
20151223,6.5,16.9,20.4,106.1,414.9,341.9
20151224,5.5,22.8,19.6,106.2,449.5,353.0
20151225,7.7,14.2,16.7,124.1,529.8,536.6
20151226,5.0,11.0,10.2,88.2,464.5,274.3
20151227,1.1,15.5,14.8,47.2,0,49.3
20151228,2.2,10.8,23.8,73.1,179.6,117.0
20151229,4.7,11.4,41.7,117.7,361.0,314.2
20151230,1.4,38.5,10.9,47.0,496.0,54.0
20151231,1.7,15.6,16.0,69.1,143.0,59.3
