date,hour,type,dongsi,tiantan,guanyuan,wanshouxigong,aotizhongxing,nongzhanguan,wanliu,beibuxingqu,zhiwuyuan,fentaihuayuan,yungang,gucheng,fangshan,daxing,yizhuang,tongzhou,shunyi,changping,mengtougou,pinggu,huairou,miyun,yanqing,dingling,badaling,miyunshuiku,donggaocun,yongledian,yufa,liulihe,qianmeng,yongdingmengxi,xizhimengbei,nansanhuan,dongsihuan
20140315,0,PM2.5,63,64,62,62,52,65,70,51,63,73,67,72,66,64,60,56,65,49,71,48,59,50,49,42,30,44,55,54,53,71,67,58,57,71,57
20140315,0,PM10,152,141,168,212,177,146,187,122,132,218,210,224,205,126,123,120,132,103,195,83,99,148,95,84,64,83,93,136,146,211,139,146,132,143,172
20140315,0,AQI,58,61,62,73,68,61,67,62,61,68,70,72,74,63,59,65,55,66,68,58,60,66,55,58,53,51,52,74,71,82,54,65,58,69,69
20140315,1,PM2.5,62,60,67,66,64,60,66,61,58,71,65,71,58,66,62,56,67,49,53,50,44,61,66,40,31,45,59,54,56,73,67,60,58,70,58
20140315,1,PM10,141,129,163,207,190,140,195,121,104,186,190,217,190,127,119,122,131,98,120,81,79,100,115,81,57,92,100,142,166,224,125,144,134,146,165
20140315,1,AQI,58,60,62,74,68,60,68,63,61,69,71,74,75,62,58,63,55,65,68,58,58,66,56,57,51,51,52,69,69,83,54,65,58,68,67
20140315,2,PM2.5,66,64,68,73,64,69,65,51,55,85,69,76,69,63,63,68,70,58,45,53,44,59,95,46,29,43,55,54,61,81,69,65,60,73,62
20140315,2,PM10,144,125,155,210,170,141,172,119,109,201,194,233,182,127,122,121,129,127,115,80,78,114,127,86,54,88,101,136,172,211,127,148,126,159,166
20140315,2,AQI,59,61,64,76,69,61,70,63,62,71,73,76,76,63,58,62,56,65,69,58,58,66,57,57,49,51,53,67,69,86,55,66,59,69,68
20140315,3,PM2.5,69,63,63,73,73,70,59,48,49,91,69,65,73,68,67,63,69,44,37,47,41,46,82,44,42,42,56,60,62,82,75,69,63,79,69
20140315,3,PM10,141,126,139,207,187,137,145,110,110,222,187,170,201,123,127,122,129,87,85,75,70,98,130,76,78,81,108,130,180,207,131,150,119,163,180
20140315,3,AQI,61,62,65,79,72,62,71,65,63,74,76,78,78,63,60,62,57,65,69,58,59,66,59,58,67,51,54,66,71,87,57,67,60,71,69
20140315,4,PM2.5,80,70,76,74,83,73,60,55,52,97,60,63,83,70,70,81,74,41,35,48,40,51,81,41,41,42,60,64,61,94,68,70,70,91,79
20140315,4,PM10,118,115,155,195,188,144,163,127,100,236,173,153,232,129,130,144,130,84,69,79,71,117,121,73,78,78,111,147,174,243,96,143,139,197,207
20140315,4,AQI,62,64,67,82,75,64,74,66,64,79,78,80,82,64,61,64,59,65,70,58,59,67,60,59,50,51,54,67,73,90,59,69,62,74,72
20140315,5,PM2.5,78,66,71,69,72,78,56,54,58,90,50,58,81,76,73,109,69,45,40,50,42,59,76,41,46,41,56,61,65,93,76,74,69,87,85
20140315,5,PM10,158,114,150,137,158,151,152,119,103,209,151,149,236,131,131,158,127,129,86,89,76,117,130,76,79,76,105,137,169,275,110,147,129,167,253
20140315,5,AQI,65,65,70,84,77,66,76,68,66,82,81,83,86,66,63,66,62,67,71,58,60,67,62,60,57,51,55,68,75,95,60,71,64,77,76
20140315,6,PM2.5,77,72,71,80,71,75,65,59,51,83,51,55,83,74,78,128,66,46,39,54,44,54,63,43,42,47,60,66,61,117,80,70,70,100,87
20140315,6,PM10,147,124,140,184,149,135,161,134,95,179,138,132,202,139,138,162,115,94,80,92,80,87,98,79,83,75,105,141,159,459,124,152,120,189,269
20140315,6,AQI,67,67,72,87,80,68,78,69,67,85,83,85,89,68,65,69,63,68,72,59,61,67,64,60,56,52,56,70,78,104,63,74,66,80,81
20140315,7,PM2.5,76,68,74,70,73,80,70,71,58,90,56,55,68,74,86,135,63,60,65,56,42,47,57,46,45,51,63,70,65,103,73,70,74,85,88
20140315,7,PM10,135,118,140,186,151,143,187,162,98,169,121,133,162,151,155,207,107,142,127,114,82,110,90,89,83,90,106,164,168,371,124,157,123,176,237
20140315,7,AQI,70,68,74,90,82,71,81,72,69,88,85,87,92,70,68,72,65,70,75,60,63,67,65,62,53,53,57,72,81,110,65,76,67,82,85
20140315,8,PM2.5,84,74,77,73,79,96,64,83,54,75,56,62,66,100,102,112,76,63,46,73,61,67,84,72,44,45,62,75,69,100,78,71,71,84,102
20140315,8,PM10,167,148,156,193,170,179,168,207,103,168,133,137,173,203,197,209,131,149,102,164,107,129,126,120,89,84,107,181,190,371,136,168,135,187,267
20140315,8,AQI,73,70,76,92,85,73,84,75,70,90,87,89,94,73,71,75,67,72,77,61,64,68,66,63,54,54,58,75,84,115,67,78,69,84,90
20140315,9,PM2.5,88,91,86,89,86,101,77,95,65,86,69,73,83,120,107,155,72,81,60,86,64,65,167,110,42,60,71,98,75,100,90,77,76,90,94
20140315,9,PM10,163,150,164,233,177,183,203,218,125,206,172,166,201,284,246,274,135,167,171,222,115,138,215,170,90,85,113,205,201,262,165,185,135,195,233
20140315,9,AQI,75,73,78,96,88,77,87,78,72,94,90,92,97,77,75,80,70,75,80,65,66,67,70,66,55,55,60,77,87,118,70,81,71,87,93
20140315,10,PM2.5,86,92,92,92,74,102,92,107,70,99,87,78,89,102,123,147,77,109,60,100,84,71,134,80,60,57,87,114,89,95,93,91,72,102,104
20140315,10,PM10,153,160,163,238,153,160,218,203,139,203,195,168,221,224,264,260,142,213,195,215,159,133,175,150,120,84,137,226,235,256,151,180,125,204,218
20140315,10,AQI,78,76,81,100,90,79,90,82,74,97,92,95,100,81,80,85,72,79,83,68,67,69,72,69,57,56,62,81,91,122,72,84,73,90,97
20140315,11,PM2.5,89,95,77,92,94,91,87,96,92,105,95,87,100,110,117,139,90,100,57,100,57,66,62,79,50,61,109,107,99,99,94,88,74,105,91
20140315,11,PM10,147,143,139,201,194,149,179,187,168,194,197,183,234,242,231,234,153,207,119,197,141,128,96,149,97,99,173,225,236,241,128,161,125,185,213
20140315,11,AQI,81,78,83,104,92,82,93,85,76,100,96,98,104,86,84,89,75,82,86,71,70,71,74,71,58,58,65,85,95,125,75,86,75,93,100
20140315,12,PM2.5,99,101,88,93,94,104,92,83,104,103,106,93,107,119,128,116,95,97,62,100,68,67,72,88,32,59,116,117,105,116,97,89,87,104,105
20140315,12,PM10,141,152,149,192,178,162,172,170,175,181,208,183,225,242,237,220,145,186,160,192,150,121,111,158,77,104,200,236,228,273,140,161,138,179,216
20140315,12,AQI,83,81,86,107,95,85,96,88,80,103,99,100,107,90,89,93,78,85,88,75,73,74,77,74,59,60,69,89,99,129,80,89,77,95,104
20140315,13,PM2.5,98,108,94,107,93,102,94,88,96,98,111,94,113,124,135,131,83,106,85,96,75,55,52,111,32,60,106,110,102,142,106,98,88,115,110
20140315,13,PM10,140,158,148,207,165,162,153,176,164,172,197,164,222,254,229,205,128,197,173,162,128,96,92,200,72,92,168,208,214,321,145,164,133,177,200
20140315,13,AQI,85,83,88,110,98,87,98,91,82,106,102,102,111,94,93,99,80,89,90,78,75,76,79,78,60,62,72,93,103,135,84,91,79,98,108
20140315,14,PM2.5,113,127,104,114,110,118,93,95,86,114,111,95,111,132,116,114,90,97,81,82,67,52,21,108,30,46,76,110,103,136,118,109,95,128,112
20140315,14,PM10,170,181,148,200,189,182,160,180,127,175,200,147,204,222,190,201,122,158,141,140,110,80,74,175,71,66,95,195,206,263,164,187,134,219,215
20140315,14,AQI,88,86,90,113,101,90,101,93,84,108,104,104,114,98,96,104,82,91,91,80,77,77,79,81,61,63,74,96,106,139,89,94,81,101,111
20140315,15,PM2.5,129,131,122,130,117,141,100,94,93,133,119,92,118,126,123,122,89,98,93,88,72,45,26,88,26,26,50,134,89,129,124,126,107,150,133
20140315,15,PM10,213,213,174,259,183,214,148,172,155,223,223,145,225,192,189,187,138,165,179,135,117,62,88,140,76,48,67,239,159,229,185,229,138,259,255
20140315,15,AQI,92,92,92,117,103,95,103,95,85,112,107,105,117,101,100,110,84,92,93,83,78,78,80,83,62,64,75,100,108,143,95,98,83,106,115
20140315,16,PM2.5,142,143,126,133,132,151,111,98,89,141,115,120,131,83,104,87,95,96,120,85,75,51,24,94,25,26,48,117,77,117,138,126,114,149,139
20140315,16,PM10,229,223,202,272,222,225,180,167,142,252,219,210,221,118,159,166,154,173,228,133,147,119,75,157,74,44,61,195,133,187,199,219,162,233,278
20140315,16,AQI,99,98,96,121,106,102,105,97,87,115,110,108,120,102,104,114,88,94,96,85,80,79,80,86,63,64,77,103,109,145,101,101,88,112,120
20140315,17,PM2.5,129,128,133,119,135,128,136,91,120,131,113,131,94,82,103,138,101,101,113,75,86,71,28,96,27,27,50,107,78,103,122,111,125,132,124
20140315,17,PM10,204,179,199,250,234,188,262,176,219,210,191,227,146,115,141,209,183,196,232,109,147,123,75,163,70,64,87,206,158,180,182,185,178,198,267
20140315,17,AQI,104,104,101,124,109,108,109,99,90,118,113,111,121,104,109,120,92,96,99,88,82,80,81,90,64,64,79,106,110,148,106,103,94,117,124
20140315,18,PM2.5,112,93,105,89,121,113,119,122,129,92,91,118,98,94,95,130,110,121,123,78,100,77,27,101,40,54,76,132,69,98,101,88,109,110,115
20140315,18,PM10,137,151,137,148,216,160,206,238,218,152,150,189,180,139,153,205,190,197,234,162,157,164,82,173,92,107,152,220,124,191,111,149,133,180,219
20140315,18,AQI,109,108,105,125,111,113,111,101,93,119,114,112,123,108,112,126,97,98,102,91,84,82,81,88,64,65,82,109,110,149,110,105,98,121,126
20140315,19,PM2.5,106,99,93,99,118,107,94,124,110,107,112,118,108,92,103,144,125,127,128,96,119,102,32,108,98,71,99,142,99,101,105,107,92,127,113
20140315,19,PM10,163,148,142,231,241,147,175,256,159,201,245,225,221,150,167,246,223,220,249,160,190,223,76,164,164,134,189,234,172,203,140,195,129,225,236
20140315,19,AQI,113,112,108,127,114,117,113,104,98,122,116,114,125,111,116,132,102,100,105,94,88,85,82,92,80,67,86,112,111,150,114,107,101,126,129
20140315,20,PM2.5,127,99,108,116,137,115,103,151,101,140,131,155,148,107,134,171,145,135,153,120,130,112,82,113,104,88,116,163,80,142,134,138,124,137,134
20140315,20,PM10,206,154,168,285,278,206,206,283,149,278,273,284,282,174,233,241,229,206,343,197,190,311,158,153,158,153,168,241,162,359,187,268,177,250,329
20140315,20,AQI,117,114,112,129,117,121,114,108,101,126,119,117,128,115,121,139,107,105,109,99,92,93,84,96,90,68,91,119,112,154,118,112,106,130,134
20140315,21,PM2.5,154,129,134,147,162,153,118,152,110,144,143,159,188,148,164,176,138,125,163,128,129,175,132,109,115,108,113,187,84,176,153,148,138,162,163
20140315,21,PM10,278,200,218,344,302,232,227,282,135,291,249,295,340,260,242,232,218,189,333,199,166,338,215,147,166,168,182,313,154,385,267,257,194,290,352
20140315,21,AQI,123,119,116,133,121,126,116,112,104,130,121,119,131,120,127,146,112,108,112,102,95,94,89,100,95,70,96,126,113,158,123,116,111,135,139
20140315,22,PM2.5,173,178,165,183,162,175,153,140,120,170,170,185,193,225,185,195,147,137,152,135,113,149,129,120,121,156,178,204,135,165,178,196,149,198,186
20140315,22,PM10,271,272,263,399,266,248,295,275,172,312,310,331,390,381,277,286,232,181,281,219,155,338,188,161,169,206,311,316,281,376,269,279,201,314,385
20140315,22,AQI,129,125,122,138,127,133,119,116,107,136,124,123,136,130,134,153,117,112,114,105,96,99,94,104,93,76,103,134,115,161,129,124,116,142,144
20140315,23,PM2.5,180,190,182,190,170,188,178,176,152,203,189,162,201,197,184,204,193,147,157,159,117,171,124,125,124,120,179,185,170,199,181,186,158,211,175
20140315,23,PM10,259,267,273,393,271,247,290,311,230,351,335,271,417,326,265,293,308,205,310,296,170,264,174,162,173,156,289,287,337,447,245,294,210,324,336
20140315,23,AQI,135,132,128,142,133,139,122,123,112,143,127,128,140,137,141,163,124,117,115,111,98,101,98,107,77,80,110,141,120,166,136,130,121,150,148
