date,hour,type,dongsi,tiantan,guanyuan,wanshouxigong,aotizhongxing,nongzhanguan,wanliu,beibuxingqu,zhiwuyuan,fentaihuayuan,yungang,gucheng,fangshan,daxing,yizhuang,tongzhou,shunyi,changping,mengtougou,pinggu,huairou,miyun,yanqing,dingling,badaling,miyunshuiku,donggaocun,yongledian,yufa,liulihe,qianmeng,yongdingmengxi,xizhimengbei,nansanhuan,dongsihuan
20141006,0,PM2.5,27.3,33.6,23.7,31.1,27.8,26,26.5,18.2,17.5,15.5,3,27,40.7,51.4,41.1,,28.2,10.7,15.2,28.2,10.3,30.1,31.2,12.6,11,12.3,7,85.9,44.3,60.7,26.3,62.2,35.6,32.3,60.8
20141006,0,PM10,,,,,,,,,,,,,,,,,,,,,,,,,,,,,,,,,,,
20141006,0,AQI,43,43,54,44,45,42,47,36,29,49,35,46,53,55,50,,37,30,34,35,37,42,32,25,19,33,22,44,46,48,60,81,60,55,52
20141006,1,PM2.5,30.3,31.9,20.9,35.1,28,34,19.1,15.9,3,41.1,20.5,25.6,34.2,54.3,46.1,,25.5,10.4,12.5,19.7,9.5,23.2,31.6,8.5,11.7,9.2,11.3,74.4,42.9,49.8,38.2,73.6,20.8,39.1,66.2
20141006,1,PM10,,,,,,,,,,,,,,,,,,,,,,,,,,,,,,,,,,,
20141006,1,AQI,41,41,50,42,43,41,46,34,26,47,33,42,51,55,48,,35,27,31,33,34,39,33,21,24,29,20,45,46,48,57,80,56,53,52
20141006,2,PM2.5,20.7,30.4,16.1,24.6,25,21.6,15.7,17.9,5.5,39.5,13.4,9.3,31.1,65.4,69.8,,17.4,16.9,11.4,22.1,16.3,26,30.2,9.6,8.4,14.5,12.1,48.7,42.7,49.5,25.8,63.1,14.7,44.8,65.4
20141006,2,PM10,,,,,,,,,,,,,,,,,,,,,,,,,,,,,,,,,,,
20141006,2,AQI,38,39,46,39,40,39,45,32,24,45,30,38,48,54,49,,32,25,27,31,31,37,34,18,20,26,18,45,47,47,54,78,52,52,52
20141006,3,PM2.5,15.5,23.1,18.3,13.3,21.6,36.1,15,16.9,12.4,40.2,12.6,10.1,21.6,78.5,60.5,,14.2,15.5,13.1,16.7,12.2,22.9,26.8,13.8,9.9,16.8,12.7,48.8,49.9,48.2,22.2,56.3,20.2,44.9,56.3
20141006,3,PM10,,,,,,,,,,,,,,,,,,,,,,,,,,,,,,,,,,,121.9
20141006,3,AQI,35,37,42,36,37,39,42,29,22,42,27,35,45,55,49,,30,21,26,29,27,34,30,17,28,23,17,45,48,47,50,76,48,51,68
20141006,4,PM2.5,7.9,13.1,22.5,25.2,24.6,18.3,18.1,14,17.7,36.4,3,9.6,15.3,63.8,37.6,,12,11.7,11.5,14.5,24,19.8,26.2,13,20.1,3.9,12.2,49.8,50.4,40.3,20.9,48.2,16.7,22.8,44.2
20141006,4,PM10,,,,,,,,,,,,,,,,,,,,,,,,,,,,,,,,,,,96.5
20141006,4,AQI,35,34,39,34,36,37,41,26,28,40,24,32,41,55,47,,28,19,26,27,25,31,28,15,34,18,16,47,49,47,47,74,44,47,68
20141006,5,PM2.5,3.7,17.2,19,16.7,20.3,24.9,25,12.2,16.4,42.7,4.8,14.5,27.6,56.4,26.2,,16.6,12.1,11,12.5,16.6,16.2,15.9,8.1,15.2,16.1,8.1,45.7,47,32.7,25.2,55.2,20.1,18,44
20141006,5,PM10,,,,,,,,,,,,,,,,,,,,,,24,,,,,,,,,,,,36.5,123.5
20141006,5,AQI,33,32,36,32,34,32,39,24,22,39,26,32,39,54,45,,26,18,26,25,22,47,23,16,27,16,17,48,49,47,43,72,41,55,69
20141006,6,PM2.5,6.5,17.2,25.6,14,16,21.7,21.3,15.4,17.1,60.6,5.7,23,25.4,51.8,29.3,,14.5,18.7,10.8,13.9,16.9,15.8,8.5,6.8,16.2,18.6,7.8,44.1,47.6,39.2,24.3,52.3,20.5,21,38
20141006,6,PM10,,,,,,,,,,,,,,,,,,,,,,27.4,,,,,,,,,,,,46.4,96.9
20141006,6,AQI,31,30,34,32,30,32,37,23,19,42,19,31,38,53,44,,24,21,26,23,20,46,23,15,27,16,17,49,50,46,39,71,38,55,70
20141006,7,PM2.5,10,19.2,26.8,14.4,18.5,19.1,20.7,18.8,7.7,32.7,13.5,19.2,32,71,27.3,,17.3,22.8,18.5,11.6,18.3,16.4,16.8,11.3,15.3,13.4,8.8,55.8,40.4,39.5,17.6,45,24.4,22.9,35.8
20141006,7,PM10,,,,,29.9,,,,,,21.4,,,,,,,,,,,40.9,,,,,,,,,,,,55.5,93.6
20141006,7,AQI,29,28,32,30,42,30,37,23,18,37,27,31,37,53,42,,22,30,25,22,19,45,23,14,23,16,19,50,50,45,35,68,36,55,70
20141006,8,PM2.5,11.6,15.3,30.3,19.4,17.4,17.7,25.5,18.3,13.7,28.4,16.8,16.2,33.6,62.6,36.4,,13.5,26.2,23.4,16.9,17,21.5,19.2,19.7,13.6,15.5,6.6,59.7,47,65.9,21.5,46.3,21.3,27.9,29.5
20141006,8,PM10,,,,,36.1,,,,,,27.8,,,,,,,,,,,45.1,,,,,,,,,,,,69.8,60.1
20141006,8,AQI,25,27,32,29,41,28,26,21,18,36,26,31,35,53,40,,22,28,29,22,19,47,24,15,17,17,16,51,49,46,33,67,34,62,69
20141006,9,PM2.5,14.4,17.1,22.6,11.1,19.6,13.6,19.4,22.9,13,26.4,16.8,20.9,17.5,31.5,29.6,,11.6,18.9,24.9,27.4,16.6,19.2,20.6,20,17.5,13.7,5.4,47.7,48.5,56.4,16.3,37.2,19.7,26.9,26.4
20141006,9,PM10,36.1,,,,52.1,28,,,,,51.2,,48.9,,,,,,,,,41.3,,,,,,,,,,,,53.5,45.5
20141006,9,AQI,40,30,30,24,42,37,25,21,21,35,27,28,59,51,40,,21,25,26,23,20,48,25,15,18,17,13,52,49,46,32,66,34,59,68
20141006,10,PM2.5,11.5,14.6,21.7,15.6,24,13.2,22.4,31.1,19.2,27.4,15.9,20.7,23,41.8,22.7,,11.2,26.3,18.8,36.2,16.1,13.4,14.9,14.3,27.1,13.2,20.7,27.5,34.1,36.7,25.1,44.1,22.1,26.8,22.1
20141006,10,PM10,48.6,,,,56,34.9,,,,,58.7,,45.3,80.1,,,,,,,,19.8,,,,,,,,,,,,60.9,
20141006,10,AQI,43,29,30,24,42,39,39,23,28,36,28,27,59,67,40,,21,24,25,25,20,47,25,16,19,18,12,53,48,45,32,66,33,54,68
20141006,11,PM2.5,12.1,21,28.5,16.1,20.9,24,28,27,24,32.3,19.2,23.7,29.1,37.1,26.4,,6.8,34.4,22.8,24.9,13.9,7.7,27.3,7.9,22.9,9.8,23.9,19.6,32.1,28.1,28.7,40.9,32.3,20.6,22.3
20141006,11,PM10,44.9,,,,44.2,26.9,,,,43.4,57.6,,56.4,58.7,,,,,,,,13.1,,,,,,,,,31.3,,,63.2,42.6
20141006,11,AQI,44,31,31,25,43,38,38,23,23,62,30,30,59,66,41,,21,22,25,26,21,47,26,15,19,22,16,53,49,45,37,67,35,55,69
20141006,12,PM2.5,15.4,26.2,28.2,16.1,21.5,23.3,19.7,21.1,24,31.4,22.5,20.1,19.2,28.6,22.2,,5.9,22.2,24.9,21.9,11.5,11.6,21.7,18.6,16.2,14.4,17,22,13.1,23.2,28.2,33.7,21.6,24.3,19.2
20141006,12,PM10,22.9,,,,38.3,28.8,,,,49.8,35.6,,35.6,67,35.3,,,,,,,17.6,,22.6,,,,,,,,,,49.2,24.5
20141006,12,AQI,45,30,32,26,43,39,40,26,25,62,31,26,58,68,53,13,22,23,24,27,21,47,27,19,20,25,23,54,49,45,37,67,35,57,69
20141006,13,PM2.5,14.7,13.2,19.9,14.5,19.4,27.4,28.2,21.4,15.3,21,6.7,16,12,20.6,21.9,,10.2,21,16.4,13.1,10.7,11.7,15.2,4.1,11.3,7.8,7.2,12.9,15.4,26.8,41.1,39.3,24.6,31.5,18.5
20141006,13,PM10,15.9,,,,48.8,,,,,,18.2,,,,,,,,,,,,,23.2,,,,,,,,,,49.5,
20141006,13,AQI,45,27,32,26,44,41,40,24,22,63,30,26,59,69,43,18,23,24,25,27,24,49,27,23,23,28,25,54,49,47,37,67,36,60,69
20141006,14,PM2.5,14,18.9,21.2,21.2,20.1,20.3,14.8,14,23.4,13.7,10.1,13.7,17.2,12.7,17.8,,9.2,14.6,18.3,13.6,9.4,12.6,12.8,8.2,15.3,9.8,6.7,15.6,26.9,14.2,44.2,39.1,18.3,25.4,22.2
20141006,14,PM10,29.3,,,,27.3,29.8,,,,16.4,21,,35.5,,,,,,,,,,,19.1,,,,,,,,,,41,
20141006,14,AQI,45,28,33,27,45,42,28,25,29,63,31,27,60,56,43,27,27,24,25,27,27,51,27,25,21,31,26,55,50,47,37,68,36,58,69
20141006,15,PM2.5,14.7,15.9,18.3,6.3,25.3,22.6,14.7,20.1,13.7,21,15.9,22.4,23.6,14.2,23.3,,14.3,23.4,24.3,12.1,9.1,15.6,13.1,25.5,19.6,8.9,13.1,12.3,17.9,26.1,19.5,27.2,11.3,25.4,18.5
20141006,15,PM10,18.9,,,,43.1,35.2,40.9,,,29.2,33.7,62.7,50.5,33.1,,,,,,,,,20.9,38,,,,,,58.4,30.2,,,47.7,27.1
20141006,15,AQI,44,29,33,29,46,42,50,25,31,62,32,54,60,69,44,29,26,27,27,28,26,51,38,23,21,32,26,55,50,78,38,68,36,56,69
20141006,16,PM2.5,15.1,7,29,18.3,23.3,20,20.5,19,27.5,25.5,25.3,25.4,24.5,20.5,21.7,,17.1,19.7,23.8,17.6,9.7,13.4,22.9,18.8,22.7,3,11.8,15.1,31.4,37,29.2,43.5,21.9,28.2,22.7
20141006,16,PM10,,,,,49.5,37.6,50.2,,,44.6,39.7,70.5,54.7,43.7,35.8,,,,,,,19.6,34.6,30.3,,,,,,53.5,38.7,,,55.9,37
20141006,16,AQI,44,31,34,30,46,42,50,26,32,61,34,54,61,68,54,17,26,32,30,31,27,51,38,31,25,32,29,56,51,79,38,68,36,57,70
20141006,17,PM2.5,20.5,26.9,36.2,27.8,28.1,18.8,26.8,22.1,22.4,30.3,29.7,28.9,37.3,28.4,29.9,,16,21.9,30.6,18.8,13.1,16.1,21,22.7,21.3,18.5,18.2,20,34.6,45.7,35.6,47.8,23.7,34.9,25.3
20141006,17,PM10,56.6,,,,67.4,53.3,80.9,,,57.2,48,95.1,69.7,44.6,43.7,,,55.9,,,,30.3,31.1,45.9,,,,,,83.6,58.9,,,80.1,67
20141006,17,AQI,46,31,36,32,48,42,51,27,35,61,35,56,61,67,55,23,27,37,31,30,24,51,39,31,23,32,29,57,53,80,40,69,37,60,71
20141006,18,PM2.5,29.4,21.3,40.7,34.8,34.5,19.3,37.4,29.4,37.1,42.5,40.2,47.2,45.7,42.7,38,,20,30.7,43.5,21.5,19.2,19.4,19.1,20.3,25.4,12.4,16.4,22.1,45.9,61.3,42.6,58.5,38.2,42.1,28.9
20141006,18,PM10,90.1,,,,84.6,81,70.6,,,71.1,67.2,108.2,95.7,67.3,58.8,,,69.8,,,,43.4,42.6,61,,,,,,98.6,67.2,,,94.4,77.2
20141006,18,AQI,48,31,37,30,51,45,52,28,32,62,37,58,63,68,56,41,24,40,29,30,22,52,40,25,24,31,31,57,54,81,42,70,38,67,73
20141006,19,PM2.5,43.6,40.6,57.8,50.4,50.3,51.9,50.8,43,49.6,57,48.8,54.2,59.7,70.1,53,,33.8,37.5,49.2,33,29.1,34.4,27.1,26.5,30.9,26.8,19.1,39.1,60.2,79,56.1,73,48.9,60.5,43.5
20141006,19,PM10,76.6,,,,96.2,72.9,95.5,,,96.5,79.8,154.6,120.3,107.2,62.6,,,93.5,,,,71.8,50.3,48.6,,,,,,193.3,82.9,,,125.6,81.7
20141006,19,AQI,50,30,40,32,52,47,53,30,26,64,38,60,64,70,56,52,33,44,31,31,31,51,41,26,41,30,29,58,56,83,50,72,48,62,72
20141006,20,PM2.5,58.4,55.4,68,66,69.2,54.9,62.9,52.5,50.1,66.5,56.4,72.6,66.2,81.8,67.2,,39,46.6,61.5,47.1,37.8,46.9,37.4,32.4,30.9,20.5,28.2,62.5,70.8,78.9,73.1,95.9,66.5,75.9,62.3
20141006,20,PM10,126.2,,,,111.3,95.8,115.6,,,99.2,102.1,153.2,116.7,118.9,75.8,,,96.1,,,,104.5,71.2,42.3,,,,,,158.7,110.2,,,135.2,130.7
20141006,20,AQI,51,38,42,43,53,49,64,32,28,64,40,62,64,71,57,50,41,47,34,32,34,49,54,27,47,26,26,60,58,85,56,75,50,65,71
20141006,21,PM2.5,70.8,68.8,80.6,82.5,83.1,70.4,76,56,67.6,86,71.6,76,74.5,81.5,74.3,,44.1,50.4,69.3,34.7,34.6,48.2,37.5,27.8,41.8,26.7,40.8,58.5,84.4,82.3,99.9,102.8,72.9,96.7,81
20141006,21,PM10,126.6,,,,132.5,105.4,118.1,,,143.5,122.7,192.6,133.4,119.2,79.1,,,93.3,,,,156.7,66.4,43.7,,,,,,132.1,133.3,,,146.4,151.3
20141006,21,AQI,52,42,45,53,54,51,63,34,40,66,44,62,65,72,58,,43,50,47,32,25,50,45,28,48,21,22,61,59,87,64,77,54,66,73
20141006,22,PM2.5,78.6,84.3,85.4,84.1,92.9,76.4,87.3,53.4,74.4,92.2,76.1,80.9,94.4,85.9,77.4,,50.6,52.2,72.8,26.6,31,43,37.1,32.7,41,22.8,34.9,69.4,85.3,110,116.1,122.2,81.3,103.6,91.6
20141006,22,PM10,125.2,,,,139.9,110.5,146.3,,,148.7,123,195.7,160.8,111,79.5,,,83,,,,126.2,56.9,43.6,58.1,,,,,172.4,146,,,154.2,181.8
20141006,22,AQI,54,44,48,57,60,52,71,36,35,68,48,66,66,72,58,58,42,52,43,32,25,51,45,29,43,21,22,61,61,89,61,79,52,66,76
20141006,23,PM2.5,88.5,95.4,92.9,78.6,88.9,76.8,94.3,45.5,87.8,98.4,104.9,90.9,122.6,91.7,73.7,,63.2,44.7,103.4,23.1,26,41.2,43.4,39.4,45,5.6,30.4,81,88,133,126.1,126.9,91.1,95.8,85.5
20141006,23,PM10,135.4,,109,,134.5,121,150.8,,,129.1,140.1,167.5,182.3,127.4,88.5,,,56,,,,83.7,56.1,50.3,57.6,,,,,183,149.3,,,140.9,165.7
20141006,23,AQI,56,57,51,48,58,60,72,38,40,70,51,68,67,73,57,53,38,53,44,32,26,52,45,31,35,20,23,61,64,92,59,81,47,67,76
20141006,0,SO2,2.7,2,2,2.5,2,2.6,7,2.8,2,2,2,2,2.7,2,2,,2,2,2,2,2,8.5,2,2,2,2,2,10,2,6.6,2,17.4,2,5.2,2
20141006,0,NO2,75.6,53.7,73.9,72.4,72.9,83.2,93.6,35.3,8.8,76.9,14.8,62.2,58.8,82.7,68.4,,55.8,10.1,42.7,22.8,14.3,43.8,62.2,6.3,8.9,5.5,8.1,48.4,17,50.3,75.2,113.6,80.5,98.6,28.7
20141006,0,O3,4.1,2,2,2,2,2,2,2.4,69.3,2,61.4,18.1,2,2,2,,2,57.8,16.5,13.7,43.4,2,2,42.8,59.9,40.1,30.3,2.9,2,2,2,2,2,2,2
20141006,0,CO,0.9,0.8,0.6,1.2,0.4,1,0.6,0.4,0.2,0.5,0.2,0.9,0.9,1.4,1,,0.6,0.2,0.3,0.7,0.3,0.6,1.1,0.2,0.2,0.4,0.3,0.8,0.7,0.6,0.8,1.8,0.7,1,1.7
20141006,1,SO2,2.8,2,2,2.4,2,2.5,5.3,2.7,2,2.7,2,2.3,2.3,2,2.5,,2,2,2,2,2,2.7,2,2,2,2,2,10.7,2,5,2,18.5,2,8.1,2
20141006,1,NO2,73.8,52.7,71.8,70.8,77.3,81.2,91.6,36.5,8.6,77.1,52.7,47.3,55.9,75.5,63.2,,48.5,12.8,23.1,18.8,9.7,36.6,65.2,6.3,47.7,6.4,5.4,46,9.7,40.8,69.9,117,72.9,99.1,21.9
20141006,1,O3,2,2,2,2,2,2,2,2,72.2,2,13.5,26.1,2,2,2,,2,54.1,34.9,11.4,46.8,2,2,42,13.8,35.2,38.2,2.2,2,2,2,2,3.1,2,2
20141006,1,CO,0.9,0.8,0.5,0.9,0.6,1.3,0.4,0.4,0.3,0.9,0.4,0.7,0.9,1.4,1.1,,0.6,0.2,0.3,0.6,0.3,0.6,1,0.2,0.2,0.3,0.3,0.7,0.7,0.6,1,1.7,0.5,1.1,1.8
20141006,2,SO2,2.5,2,2,2,5.6,2,5.3,2.1,2,6,2,2.7,2,2,5,,2,2,3.1,2,2,6.2,2,2,2,2,2,9.9,2,6,2,11.5,3.2,10.4,3.3
20141006,2,NO2,69.2,55.4,68.1,68.4,68.4,76.9,89.9,36.6,7.4,72.1,38.4,20.6,54,71.3,70.4,,31.8,49.3,12.6,23,17.2,33.9,66.6,5.6,39,7.1,4.6,49,14,39.1,69.3,97.9,62.9,104,22.5
20141006,2,O3,2,2,2,2,2,2,2,2,73.6,2,32.6,40.8,2,2,2,,22.1,17.5,33.8,7.1,30.4,2,2,44.8,19,30,39.6,2.2,2,2,2,2,8.8,2,2
20141006,2,CO,0.8,0.7,0.4,0.7,0.4,1.1,0.4,0.3,0.2,0.8,0.2,0.4,0.9,1.3,1.5,,0.4,0.3,0.2,0.7,0.3,0.6,1,0.2,0.2,0.3,0.3,0.7,0.8,0.6,0.7,1.5,0.4,1.1,1.8
20141006,3,SO2,2.5,2,2,2,3,2,5.3,2.9,2,4.7,2,2,2,2,3.7,,2.2,2,2,2,2,5.2,2,2,2.4,2,2,10.4,2.4,6.8,2,10.2,4.4,11.2,2
20141006,3,NO2,69.6,50.1,64.7,64.8,67.8,78,83.5,39.3,11.3,68,46.5,19.8,51.2,68.1,59.9,,25.1,17,12.2,26,30.3,32.4,58.5,5.9,54.5,7,5.1,49.3,19.2,42.6,70,93.8,64.7,101.9,13.9
20141006,3,O3,2,2,2.6,2,2,2,2,2,69.3,2,16.2,39.5,2,2,2,,27.3,48.4,2,2.6,12.7,2,2,51.9,7.5,29.7,36.3,2.2,2,2,2,2,5.7,2,2
20141006,3,CO,0.7,0.6,0.3,0.7,0.4,0.9,0.3,0.3,0.3,0.7,0.3,0.2,0.6,1.1,1.2,,0.3,0.2,0.1,0.5,0.3,0.5,0.9,0.2,0.2,0.3,0.3,0.6,0.8,0.5,0.6,1.1,0.9,1,1.5
20141006,4,SO2,2.4,2,2,2,4.6,2,4.8,2.6,2,4.6,2,2,2,2,2.9,,2,2,2,2,2,2.3,2,2,11.1,2,2,11.7,2.1,6.4,2,9.3,4.7,6.4,2
20141006,4,NO2,69.3,48.1,66.9,63.5,70.2,73.8,81.7,33.2,55.2,65,26.7,13.6,46.3,63.4,65.3,,35.8,26.1,12.1,13,29.3,31.3,55.5,7.8,67.6,5.6,4,48,17.9,35.1,68.9,96.1,70.5,90.8,16.5
20141006,4,O3,2,2,2,2,2,2,2,2,6.6,2,38.9,52.2,4.5,2,2,,9.1,38.1,42.5,16.7,13.7,2,2,46.8,2,39.2,48.2,2.2,2,2,2,2,2.9,2,2
20141006,4,CO,0.4,0.5,0.4,0.6,0.3,0.6,0.3,0.3,0.3,0.7,0.2,0.2,0.3,1.1,0.8,,0.4,0.2,0.1,0.5,0.4,0.5,0.9,0.2,0.4,0.2,0.2,0.6,0.8,0.5,0.6,1.1,1.1,0.7,1.3
20141006,5,SO2,2.2,2,2,2,3.9,2,5.4,2,2,6,2,2,2,2,2.3,,2,2,2,2,2,2,2,2,4.1,2,2,12,2,5.5,2,9.8,4.8,4.6,3
20141006,5,NO2,64.9,48,61.7,60.7,66.7,63,77.1,30,43.6,67.2,51.7,63.7,49.3,57.1,64.8,,27.7,32,,11.1,16.9,29.7,33.6,7,53.1,8.5,2.9,47.3,13.2,31.2,65,82,64,93.4,10.8
20141006,5,O3,3.1,2,2,2,2,2,2,2,15.6,2,7.3,5,2,2,2,,17.7,34.6,44.6,18.6,20.9,2,4.9,49.7,2,22.7,52.6,2.1,2,2,2,2,2.1,2,2
20141006,5,CO,0.4,0.5,0.4,0.5,0.3,0.5,0.3,0.3,0.4,0.9,0.3,0.4,0.6,1,0.7,,0.3,0.2,0.1,0.4,0.3,0.4,0.8,0.2,0.3,0.3,0.2,0.7,0.7,0.5,0.6,1.1,0.7,0.5,1.4
20141006,6,SO2,2.5,2,2,2,2.9,2,3.5,3.2,2,9.3,2,2,2,2,2.6,,2,2,2,2,2,2,2,2,6,2,2,13.1,2,5.6,2,11.2,4.8,4.4,2
20141006,6,NO2,61.8,41.2,63.6,62.1,57.1,63.2,73.5,25.2,23.2,83.7,29,61.7,50.1,54,60.1,,26.3,41.8,11.8,14.3,22.9,29.6,41.4,9.6,52.4,5,2.9,50.3,14.1,38.5,65,95.1,65.5,95.8,22.2
20141006,6,O3,2.5,2,2,2,2,2,2,2,29.8,2,27.2,3.1,2,2,2,,21.7,21.8,48,20,14.7,2,2,46.2,5.9,30.8,54.4,2.1,2,2,2,2,2,2,2
20141006,6,CO,0.4,0.5,0.5,0.4,0.3,0.5,0.3,0.4,0.3,1.5,0.3,0.6,0.6,1,0.8,,0.3,0.3,0.1,0.4,0.3,0.4,0.8,0.2,0.4,0.2,0.2,0.7,0.7,0.5,0.6,1,0.8,0.5,1.1
20141006,7,SO2,2.3,2,2.3,2,2.3,2,5.8,3.3,2,5.2,2,2,2.1,2.8,2,,2,2,2,2,2,2,2,2,7,2,2,13.2,2,6.1,2,12.9,5.2,6.5,3.5
20141006,7,NO2,57.9,44.1,61.5,58.9,55.8,59.1,73.5,23.7,32.5,71.4,25.7,61.3,56.8,51.2,52,,38.7,58.6,44.2,19.3,26.5,30.6,37.9,9,44.2,3.9,2.9,48.8,9.6,35.6,58.7,92.7,63.2,109,28.8
20141006,7,O3,2,2,2,2,2,2,2,2,19.7,2,31.8,2.5,2,2,2,,3.9,2,19,22.9,11.7,2,2,40.5,15.5,35.8,58.6,2,2,2,3.8,2,2,2,2
20141006,7,CO,0.5,0.5,0.7,0.4,0.3,0.4,0.5,0.4,0.4,1.3,0.2,1,0.8,1.5,0.8,,0.4,0.5,0.3,0.4,0.4,0.5,0.9,0.3,0.4,0.2,0.2,0.8,0.7,0.6,0.6,0.9,1.2,0.6,1
20141006,8,SO2,2.6,2,3,2,2.9,2,8.1,3.6,2,4.4,2,2,6.5,4.8,3.7,,2,2.9,2.9,2,2,3.4,2,2,8.9,2,2,12.6,2,10.5,2,5.8,5.6,8.8,3.1
20141006,8,NO2,48.9,53.2,62.4,56.6,47.7,54.2,,26.8,29.2,68.6,30.6,61.4,65.6,68.4,54.7,,35.6,54.5,56.1,26,27.8,30.3,37.9,20.7,28.3,3.6,3.3,60.6,9.5,47.6,51.4,71.2,63.2,123,42.1
20141006,8,O3,6.5,2,2,4.5,2.9,2,2,2,23.1,2,25.6,4.3,2,2,2,,9.9,4.8,4.7,17.7,13.5,7,4.2,25.9,32.8,37.7,51.2,2,2,2,7,2,2,2,2
20141006,8,CO,0.6,0.5,0.8,0.5,0.3,0.5,0.6,0.5,0.4,1.1,0.3,0.7,0.9,1.5,0.9,,0.4,0.6,0.6,0.5,0.4,0.4,0.9,0.3,0.4,0.2,0.1,0.8,0.7,0.7,0.6,0.6,0.9,0.7,0.8
20141006,9,SO2,3.3,2.3,3.1,2,2.6,2,8.8,2.1,2,3.4,2.1,2,2.8,5.9,4.5,,2.3,4.4,4,4.4,4.9,4.1,2,2.1,12.1,2,2,11.8,2,8,2,4,5,8.4,3.5
20141006,9,NO2,42,58.9,54.1,44.1,45.3,52.3,,41.9,41.8,67.3,46.6,54.2,52,67.6,51.2,,25.6,48.4,51.6,37.7,21.5,22.9,39.8,19.8,34,3.2,7.4,70,38.7,71.3,46.9,63.7,58.6,117.4,44.7
20141006,9,O3,17.2,10.3,9.5,22.1,4.5,8.3,2,6.6,18.3,2,16.3,11.1,7.6,4.5,2,,27.5,15.8,11.4,19.9,26,17.8,8.9,33.7,24.9,40.6,41.2,3.6,2,3.7,13.5,7.5,7.6,2,4.7
20141006,9,CO,0.4,0.5,0.5,0.4,0.3,0.5,0.6,0.4,0.4,0.6,0.4,0.5,0.5,0.8,0.7,,0.3,0.5,0.4,0.6,0.4,0.4,0.9,0.3,0.4,0.3,0.1,0.7,0.7,0.6,0.6,0.5,0.6,0.7,0.7
20141006,10,SO2,3.9,2,2.9,2,2.8,2.4,7,2,2,3.8,2.5,2,3.9,7.1,4.9,,2,4.1,3.5,7.8,3.4,3.3,2,3.3,11.3,2,3.6,10.1,2,7,2,2.9,6.1,7.6,3.6
20141006,10,NO2,37.3,57.1,47.8,47.2,46.9,41.2,77.2,44.1,54.1,63.3,44.6,52.1,44.9,64.3,37.1,,19.3,47.3,49,48.8,14.3,14.9,43.7,19.8,36.3,2.6,14.4,61.8,52.4,55.6,45.3,55.4,47.2,105.4,40.8
20141006,10,O3,23.5,17.5,16.5,23.3,8.6,25,2,13.1,13.1,4.4,26.4,16.5,19.2,11,10.5,,42,16.6,21.2,25.8,39.3,41.7,16.3,42.3,25.7,52.8,24.2,12.4,4.8,22.3,18.2,16.3,19.8,3.9,19.3
20141006,10,CO,0.4,0.5,0.5,0.4,0.4,0.4,0.5,0.5,0.6,0.6,0.4,0.5,0.4,0.7,0.5,,0.3,0.6,0.6,0.7,0.3,0.3,0.8,0.3,0.5,0.3,0.3,0.5,0.5,0.3,0.5,0.4,0.5,0.7,0.3
20141006,11,SO2,4.3,2.5,2.7,2.1,5.1,2.3,7.4,3.3,2,5.7,6.1,2.8,3.5,3.7,5.2,,2,2.8,3.7,3.7,2.9,2.4,2,3.4,9.6,2,4.4,9.7,2,5.9,2,3.5,5.6,9.9,3.9
20141006,11,NO2,37.4,61.1,44.4,44.6,39,31.3,74.5,42.8,45.2,62.2,37.3,58.2,48.4,67.4,38.3,,15.2,37.2,49,23.1,12.4,14.2,39.3,20.8,32.9,2,9.7,53.6,40,47,47.5,55.6,49.8,109,39.6
20141006,11,O3,32.4,21.3,24.9,33.8,21.2,43.1,11,25.2,28.4,13.6,47.7,19.5,30,16.7,18,,55.6,27,27.3,53.9,52.6,57.4,31.6,44.5,34.2,67.8,50.5,22.1,20.3,35.1,23.2,24.2,22.4,5.7,26.1
20141006,11,CO,0.4,0.5,0.5,0.4,0.4,0.3,0.5,0.4,0.5,0.6,0.4,0.5,0.4,0.6,0.5,,0.2,0.5,0.5,0.3,0.3,0.3,0.8,0.3,0.5,0.3,0.2,0.4,0.4,0.2,0.6,0.5,0.5,0.7,0.4
20141006,12,SO2,3.5,2.3,2,2.6,2.9,2,7.1,4.6,2,4.6,3.9,3.3,2.1,3,4.3,9.7,2,2,2.7,3.6,2,2,2,2.1,4.7,2,2.9,9.2,2,5.6,2,3,5.6,9.9,4.8
20141006,12,NO2,38.1,59.6,44.8,47.7,38.1,31.9,79.9,50.5,48.6,65.4,30,49,35.4,69.2,40.1,17.9,11.9,21.7,35,15.9,10.5,14.2,34.4,14.4,21,2,5.8,49.7,36.9,35.1,55.2,57.7,56.3,113.2,38.3
20141006,12,O3,42.7,31.7,36,40.9,31.8,52.2,17,26.4,36.8,23.1,69.8,41.4,43.3,22.2,31.1,40.8,69.5,51.4,43.6,66.3,64.1,65.4,44.5,59.9,56.9,77,70.8,30,28,57,29.7,33,28.5,10.3,36.6
20141006,12,CO,0.4,0.4,0.5,0.4,0.4,0.4,,0.4,0.6,0.5,0.3,0.4,0.3,0.5,0.4,0.1,0.2,0.4,0.3,0.3,0.3,0.3,0.7,0.3,0.4,0.3,0.2,0.3,0.4,0.2,0.6,0.5,0.5,0.8,0.3
20141006,13,SO2,3.1,3.1,2,2.7,3,2.8,7,4.6,2,2.9,2,2,2,2,3.9,9,2,2,2.4,2,2,2.5,2,2,2,2,2.1,9.3,2,4.5,2,3.8,5.9,8.8,4.9
20141006,13,NO2,36.8,44.5,37.8,45,38.4,39.9,79.3,46.7,29.9,36.5,16.1,27,18.1,39.9,35.1,34.9,16,19.2,18.7,8.5,9.6,17.4,31.8,13.5,14.5,2,5.3,43.1,16.3,21.1,61.5,56.2,51.3,118.5,46.5
20141006,13,O3,54,59.3,51.8,53.8,41.6,57,29.1,41.7,69,58.1,79.2,77,62.6,58.5,48.9,55.1,72.8,67.6,72.2,85.1,76,76.9,50.4,71,73.2,88.8,78.1,41.6,58.8,81.4,35.1,47.1,41.9,14.6,38.8
20141006,13,CO,0.4,0.4,0.4,0.4,0.3,0.4,0.4,0.4,0.4,0.3,0.2,0.3,0.2,0.3,0.3,0.4,0.2,0.4,0.2,0.2,0.2,0.3,0.7,0.3,0.3,0.3,0.1,0.3,0.3,0.2,0.7,0.4,0.4,0.7,0.4
20141006,14,SO2,3.8,2,2,2,3.7,2,4.8,4.7,2,2,2,2,2,2,3.9,8.9,2,2,2,2,2,4.1,2,2,2.1,2,2.6,8.9,2,4.9,2,2,4.3,8.4,4.6
20141006,14,NO2,37.6,42,30.9,31.3,37.1,38.8,50.2,31.2,14.7,16.8,13.2,18.3,24.3,17.2,22.3,20.1,13.8,24.9,15.8,9,8.1,15.7,15.3,14.8,24.4,2,6,40.3,5.7,16.2,59.8,48.6,48.3,114.4,50.4
20141006,14,O3,63.3,69.8,66.4,72.7,52.6,72.2,54.1,68.7,90.6,83.2,87,84.9,64.6,87.1,74.3,84.9,83.5,68.2,73.1,86.1,85.3,86.4,77.2,79,66.5,98.5,80.5,45.5,75,94.6,44.8,60.1,50.6,20.1,46.6
20141006,14,CO,0.4,0.3,0.3,0.3,0.3,0.4,0.3,0.3,0.4,0.2,0.2,0.3,0.3,0.2,0.3,0.4,0.2,0.4,0.2,0.2,0.2,0.2,0.5,0.3,0.3,0.3,0.1,0.2,0.3,0.2,0.5,0.3,0.4,0.6,0.3
20141006,15,SO2,3,2,2,2,3.3,2,6.1,5,2,2,2.6,2,2,2,2.3,11.2,2,2,2,2,2,2,2,2,2.4,2,3,8.5,2,5.9,2,2,5.1,7.4,2.6
20141006,15,NO2,20.8,23.8,14.3,16.2,27.9,38.9,46,25.8,14.2,15.1,15.6,20.7,29.1,19.7,17.6,22.2,19.8,24.4,13.7,9.6,15.1,18.2,18.2,30.8,32.8,3.1,7.1,37.8,2.8,15.6,49.7,32.2,37.3,104.2,50.4
20141006,15,O3,81.2,90.8,85.9,92.8,68.4,81.8,61.7,72.4,96.5,92.7,93.1,91.2,71.4,95.2,85.2,89.7,83,85.8,84.8,88.5,82.8,88.5,79.1,72.6,64.3,99.5,82.5,50.7,88.4,109.4,59.9,76.2,70.4,27.3,56.1
20141006,15,CO,0.3,0.2,0.2,0.3,0.3,0.4,0.3,0.3,0.4,0.2,0.3,0.3,0.3,0.2,0.3,0.7,0.2,0.3,0.2,0.3,0.2,0.2,0.5,0.3,0.4,0.3,0.1,0.2,0.3,0.2,0.5,0.2,0.3,0.6,0.3
20141006,16,SO2,3.2,2,2.2,2.1,2.8,2,5.4,5.3,2,3.4,3.4,2.5,2.5,2,3,12.1,2,2,2.3,2,2,2,2,2,2.6,2,3.9,8.7,2,6.8,2,2,5.9,8.6,4.3
20141006,16,NO2,18.5,23.2,17,19.9,22.6,25.9,50,27.4,18.6,17.1,14.9,23.1,29.8,22.5,15,32.8,24.9,14.4,11.5,10.3,18.3,19.3,31.2,21.9,40.7,4,6.6,34.7,3.9,19.1,52.4,36.2,45.1,113.6,43.3
20141006,16,O3,87.9,97.4,87.1,95.1,75.2,97.8,62.9,75.5,100.1,98.8,106.7,97.2,84.4,102.9,95,,81.6,99.7,95.8,96.7,83.4,93.1,75.7,97.7,77.1,101.3,92.2,53.7,105.2,115,63.5,78.8,66,25.2,66.3
20141006,16,CO,0.3,0.2,0.3,0.3,0.2,0.3,0.3,0.3,0.4,0.3,0.4,0.3,0.4,0.3,0.3,1.4,0.2,0.3,0.2,0.3,0.2,0.2,0.6,0.3,0.4,0.3,0.2,0.2,0.4,0.2,0.5,0.3,0.3,0.6,0.3
20141006,17,SO2,4.4,2.9,3.4,2.6,2,2.4,6.5,5.5,2.2,4,4,2.6,3.5,3.6,3.3,10.3,2.3,2,3.1,2,2,2.7,2,2,2.1,2,3,9.6,2.6,6.8,2,3.7,7.7,9.4,4.4
20141006,17,NO2,23.5,27.5,20,26.9,26.1,31.2,56.9,30.6,19.2,25.2,19.3,29.3,38.4,26.7,18.6,45.4,28.9,21.1,20.5,15.6,33.7,25.9,30.7,18.8,43.5,4.9,7,33.7,10,19.4,67.3,40.7,61.1,118.7,57.3
20141006,17,O3,88.8,99,95.5,100.7,75.6,95.1,67.1,76.7,111,107.2,106.5,104.5,84.4,112.1,95.5,,83.8,94.2,96.9,95.3,74.6,88.9,94.8,97.3,72.7,101.9,91.5,51.9,97.3,124.1,58.6,86.1,56.4,29.4,53.4
20141006,17,CO,0.3,0.3,0.3,0.4,0.3,0.3,0.3,0.3,0.5,0.4,0.4,0.4,0.4,0.4,0.3,1.8,0.3,0.3,0.3,0.3,0.3,0.3,0.6,0.3,0.4,0.3,0.2,0.2,0.4,0.2,0.6,0.3,0.4,0.6,0.4
20141006,18,SO2,5,3.2,3.7,3.2,3,3.2,7.8,4.3,3,5.2,4.8,3.3,4.3,4.1,4.6,10.3,2.1,2,4,2,2,2.4,2,2,2.9,2,2.4,12.8,2,7.2,2,4.4,7.9,9.3,2
20141006,18,NO2,30.6,36.4,30.1,39.5,29.5,41.4,74.9,34.8,30.9,40.1,25.6,45.4,51.2,46.1,25.6,81.2,44,39.2,31.2,23.2,40.4,46.9,41.3,24.4,47.1,6.9,10.8,37.1,18.3,25.7,81,58.3,68.5,133.4,54.5
20141006,18,O3,91.5,97.1,92.2,94.7,84.7,94.8,58.9,77.9,101.8,91.4,107.1,93.8,78.5,86.9,96.4,,61.2,76.9,90.9,87.1,68.9,68.6,77.1,79.1,66.6,96.2,98.2,41,82.1,110.7,52.9,71.8,61.5,22.1,62.9
20141006,18,CO,0.4,0.4,0.5,0.5,0.3,0.4,0.4,0.4,0.5,0.4,0.4,0.5,0.5,0.5,0.5,1.9,0.3,0.4,0.4,0.3,0.4,0.4,0.7,0.3,0.4,0.3,0.2,0.2,0.5,0.3,0.7,0.5,0.5,0.8,0.3
20141006,19,SO2,6.1,3.7,4.8,2.9,4.3,4.4,9.2,5.2,2,5.1,3.1,3.4,4.4,6.9,6.3,9.9,2.8,2,4.1,2.4,2,2.6,2,2,3,2,2.1,9.9,2,4.5,2,6,9.4,7.2,2
20141006,19,NO2,52.6,54.5,46.2,62.4,52.2,56.2,102.6,39.9,49.1,55.3,35.9,69.3,59.6,85.6,35.8,102.8,64.9,63.7,48.7,52.4,61.2,72.6,61.6,19.6,80.9,9.8,14.4,49.4,19.8,34,99.4,112.5,95.2,122.9,70
20141006,19,O3,68.7,70.3,78.1,63.7,58.3,78.6,41.8,73.8,66.9,71.4,74.6,63.2,62.2,41.5,80.9,,35,41.6,73,51.6,46.2,40.3,52.8,53.9,29,94.2,90,21,60.8,65.3,28.4,13.5,32.8,16.7,49.4
20141006,19,CO,0.6,0.5,0.6,0.7,0.4,0.5,0.5,0.4,0.6,0.6,0.5,0.7,0.6,0.7,0.5,1.9,0.5,0.5,0.4,0.6,0.6,0.5,0.8,0.4,0.4,0.3,0.2,0.3,0.5,0.4,0.9,0.8,0.7,0.8,0.6
20141006,20,SO2,10,3.2,7.8,4.4,6.7,6.7,8.5,4.7,2,9.2,3.5,3.4,5.3,8.2,10.8,10.6,3.8,2,4,3.9,2,3.4,2,2,3.8,2,2.2,9.8,2,3,2,11.8,11,6.9,2
20141006,20,NO2,77.9,74.4,75.8,84.9,87.4,63.2,127.8,53.1,43.4,65.8,51.8,89.8,62.8,96.9,35.1,99.1,80.5,84.6,66.2,54.1,66.5,90.2,106.3,16.8,92.7,11.2,18,65.5,29.8,46.2,111,126.2,99.6,128.9,106.8
20141006,20,O3,44.9,39.6,49.1,41.4,28.7,67.7,24.7,47.8,61.3,56.5,56.5,34.4,50,21.9,73.5,,14.1,17.3,47.7,31.7,18.2,11.5,9.8,56.5,16.8,82,82.1,8.1,46.8,22.5,15.6,3.4,24.8,8.5,4.2
20141006,20,CO,0.8,0.7,0.7,0.8,0.6,0.6,0.6,0.5,0.7,0.7,0.6,0.7,0.6,0.8,0.6,1.9,0.5,0.7,0.5,0.8,0.7,0.8,0.8,0.4,0.5,0.3,0.2,0.4,0.6,0.4,1,1,0.8,0.9,1
20141006,21,SO2,13.8,3.8,10.5,3.1,9.9,10.6,11.3,3.9,2,10.8,4.5,3.7,5.3,7.4,12,,2.6,2,2.9,2,2,2.5,2,2,4.5,2,2.4,10.2,2,2.9,5.6,16.5,14.8,7.2,2
20141006,21,NO2,84.6,82.3,85.2,105.9,97,69.7,125.1,47.7,78.3,105.6,75.6,111.6,84.1,103.4,43.1,,85.9,72.8,92.9,27.4,37.7,75.8,87.3,17,95.4,11.5,17.2,70.7,39.8,64.6,126.3,124.1,106.4,131.3,103.8
20141006,21,O3,36.4,25.6,36.4,14.3,18.3,59,21.6,21.1,25.8,15.1,25.5,7.3,23,10.9,55.8,,2,22.7,10.6,44.3,34.3,3,23.9,55.4,16.2,51.6,70.2,8.3,27,16.2,3.9,2.3,17.9,4.7,2.8
20141006,21,CO,0.8,0.8,0.7,1,0.7,0.7,0.7,0.6,0.7,0.8,0.7,0.9,0.7,0.8,0.6,,0.6,0.7,0.7,0.5,0.6,0.7,0.7,0.4,0.5,0.4,0.3,0.5,0.7,0.5,1.2,1,0.8,1,1.1
20141006,22,SO2,12.7,3.2,8.6,2.5,8.8,10.1,11.9,3.4,2,9.1,4.3,3.9,5,5.5,12.4,17.4,3.5,2,2,2,2,2,2,2,4.3,2,5.1,10.5,2,3.1,6.6,15.5,12,7,2
20141006,22,NO2,85.9,87.6,82.7,114,119.5,82.4,140.4,54.9,64.3,106.8,71.9,105.8,97.2,100.9,43.1,114.5,82.2,57.4,84.5,20.4,34,60.5,62.8,15.4,85.8,9.9,17.8,79.5,44.2,55.2,120.9,117.7,102.4,131.5,102.3
20141006,22,O3,30.4,17,33.1,2,2,44,10.1,19.5,28.4,2,26.6,5.2,9.1,9.1,44.3,,2,28.2,2.4,51.1,31.5,3.9,32.6,55.7,20.5,47.4,54.1,4.8,13.5,31.9,2,4.5,15.6,2,2
20141006,22,CO,0.8,0.8,0.7,1.1,0.8,0.8,0.7,0.6,0.7,0.7,0.7,0.8,0.8,0.8,0.6,1.7,0.6,0.7,0.8,0.4,0.5,0.6,0.3,0.4,0.5,0.3,0.3,0.6,0.7,0.6,1.3,1,0.8,1.1,1.1
20141006,23,SO2,11.9,3,8.7,3.1,8.6,8.9,9.8,3.5,2,8.1,5.6,4.7,6.8,3.9,11.9,20.7,3.5,2,2,2,2,2,2,2,4,2,12.3,13.5,2,3.1,3.8,12.3,13.1,7.4,2
20141006,23,NO2,110.9,113.6,70.3,94.4,105.2,119.5,143.5,57.5,72.7,85.8,89.6,101.3,86.5,82.7,49.5,105.7,74.6,33.1,73.3,15.7,26.1,52,57,15.2,62.2,7.3,25.8,84.4,40,47,117.7,117.3,71.5,132.9,97.9
20141006,23,O3,8.1,3.7,37.3,17.7,8.7,6.6,4.2,9.7,17,13.9,13.1,6.7,23.9,13.1,26.5,,2,46.3,2.1,53,35.2,2,32.3,52,39.1,48.5,40.6,9,9.5,31.9,2,2,38.7,2,2
20141006,23,CO,0.9,1,0.7,0.8,0.7,0.9,0.7,0.5,0.7,0.7,0.8,0.8,0.9,0.7,0.6,1.8,0.7,0.5,0.8,0.4,0.4,0.5,0.5,0.4,0.5,0.3,1,0.9,0.7,0.7,1.4,1.4,0.6,0.9,1
