date,hour,type,dongsi,tiantan,guanyuan,wanshouxigong,aotizhongxing,nongzhanguan,wanliu,beibuxingqu,zhiwuyuan,fentaihuayuan,yungang,gucheng,fangshan,daxing,yizhuang,tongzhou,shunyi,changping,mengtougou,pinggu,huairou,miyun,yanqing,dingling,badaling,miyunshuiku,donggaocun,yongledian,yufa,liulihe,qianmeng,yongdingmengxi,xizhimengbei,nansanhuan,dongsihuan
20140709,0,PM2.5,48.3,48.1,34.4,45,52.4,29.6,28.8,36,13.6,37.9,43.7,51,53.5,48.8,33.1,53.8,17.4,12.6,19.5,5.4,,11.7,3,4,38.8,10.1,3,32.4,31.1,53,93.2,48.4,45,55.1,57.4
20140709,0,PM10,,,,,,,,,,,,,237.9,96.5,,,,,,,,,,12.8,,,,,,82.3,,,,,
20140709,0,AQI,129,130,117,122,115,106,118,117,100,117,126,125,133,140,146,112,86,99,115,68,,80,110,89,109,82,79,130,168,157,152,132,113,139,121
20140709,1,PM2.5,53,41.5,40.4,34,55,31.1,33.1,38.3,9.6,42.6,29.5,44.8,37.4,39.3,34.8,41.2,15.2,8,14.8,8.9,,4,11.1,3,29,3.9,7.7,37.9,35.9,40.8,96.9,43.9,51.4,61.6,63.1
20140709,1,PM10,,,,,,,,,,,,,193.5,87.3,,,,,,,,,,23.8,,,,,,82.3,,,,,
20140709,1,AQI,118,119,106,111,105,98,108,108,91,109,117,116,127,131,137,108,81,90,105,65,,72,98,79,98,74,76,125,157,147,142,121,102,129,115
20140709,2,PM2.5,55.4,37.4,43.2,37.8,51.3,43.2,34,40.9,9.1,44.4,20.7,17.8,29.5,52,40,54.4,13.4,86.4,8.8,6.9,,15.3,3,3,23.6,4.2,7.9,48.2,32,54.7,96.9,49.9,50.2,79.1,79.4
20140709,2,PM10,,,,,,,,,,,,,175,103,,,,,,,,,,12,,,,,,171.2,,,,,
20140709,2,AQI,108,109,96,100,95,91,97,100,82,101,108,106,123,121,128,104,77,84,95,62,,65,85,70,86,67,73,121,147,140,132,110,92,119,109
20140709,3,PM2.5,43.5,51.5,37.1,38.5,27.2,60.7,29.3,31.7,20.1,40.6,14.9,26.1,28.5,63.1,40.7,39.3,9.9,114.5,12.1,6.1,,4.9,3,9.6,58.8,7.1,8.3,47,31.7,46.2,118.9,50.2,44,62.2,69.9
20140709,3,PM10,,,,,,,,,,,,,195.7,127.9,,,,,,,,,,5.7,,,,,53.1,142.2,,,,,
20140709,3,AQI,97,99,86,90,87,83,86,92,73,92,98,95,120,112,118,100,72,80,84,59,,59,72,61,77,60,69,115,137,132,124,99,82,109,103
20140709,4,PM2.5,24.8,29,22.5,28.3,29.4,23.9,25.1,36.4,18.1,19.2,11.6,31.5,26.3,48.9,55.5,28.2,11.1,37.2,11.1,3.9,,3,3,11,40.9,4.3,3,50.7,30.9,43.4,71.8,30.4,28.7,36.3,35.6
20140709,4,PM10,,,,,,,,,,,,,139.8,102.5,,,,,,,,,,8,,,,,42.8,116.1,,,,,
20140709,4,AQI,86,88,76,79,80,76,77,84,64,82,88,84,114,103,107,95,67,73,75,55,,53,60,53,66,54,63,108,127,124,113,88,74,99,96
20140709,5,PM2.5,23.2,27.1,21,19.7,25.2,15.8,23.6,41.5,38,16.2,11.4,20.7,23.8,60.8,40.7,28.2,9.4,12.1,6.3,6.8,,19.2,3,8.5,38.5,8.7,8.1,40.2,34.2,44.7,50.1,23.9,25.4,26.4,25.7
20140709,5,PM10,,,,,,,,,,,,,131,113.5,,,,,,,,,,13.5,,,,,40.7,123.2,,,,,
20140709,5,AQI,78,79,69,70,73,69,70,76,57,74,77,74,108,95,96,90,62,64,65,51,,47,47,43,58,47,57,101,119,116,105,79,68,89,89
20140709,6,PM2.5,19.4,21.2,19.5,20.1,13.3,12.7,21.1,32.6,20.9,25.7,10.1,30.4,36.4,32.4,29.4,24.4,7.8,9,11.7,11.4,,15.5,3,8.8,30.1,3.3,6.6,42.8,38.1,40.6,51.7,20.7,25.4,27.7,24.5
20140709,6,PM10,,,,,,,,,,,,,205.9,84.9,,,,,,,,,,11.3,,,,,53.8,133.5,,,,,
20140709,6,AQI,70,71,62,62,67,62,63,68,50,66,67,67,105,85,84,84,56,54,56,47,,40,35,33,47,40,52,94,111,108,97,71,63,81,83
20140709,7,PM2.5,13.1,12.1,20.2,25.8,15.1,10.6,21.4,27.4,8.9,22.3,20.2,30.5,45.1,45.7,27.3,20.5,6.6,13.7,4.9,12.5,,7.8,15.5,4.5,26.9,10.5,5.6,45.5,44.4,66.8,48.7,19.7,20.2,27.3,22.2
20140709,7,PM10,,,,,,,,,,,,,161.3,162.9,,,,,,,,,,24.3,,,,,105.4,254.6,,,,,
20140709,7,AQI,62,63,56,56,60,56,56,59,42,59,58,60,101,80,74,78,50,45,45,42,,33,23,22,33,33,45,87,104,101,90,63,57,73,77
20140709,8,PM2.5,20.7,17.8,21,24.6,22,16.4,15.4,33.1,3,15.1,40.2,32.3,27.1,49.9,25.2,21.4,7,9.9,9.9,13.1,,9.3,32.9,7.8,30.8,7.7,3,44.1,46.6,65.8,64.3,20.8,25.7,27.1,22.1
20140709,8,PM10,,,,,,,,,,,,,150.5,134.9,,,,,,,,,,28.7,62.8,,,,47.6,229.5,,,,,
20140709,8,AQI,55,56,50,51,54,50,50,49,31,52,52,53,99,78,67,70,43,34,35,37,,27,22,20,55,25,38,79,95,92,85,57,51,67,70
20140709,9,PM2.5,16.2,19.9,16.3,26.3,33.1,16,14.5,34.2,10.2,17.3,32.5,24.1,37.7,16.1,16.8,22.4,6.7,15.1,11.4,19.7,,6,111.8,9.1,37.9,7.6,12.8,33.8,36.1,62.4,84.6,23.2,24,33.1,21.4
20140709,9,PM10,,,,,,,,81.3,35.2,,,,217.4,83.7,,,,,38.8,,,,,30,81.9,,,,77.4,169.5,,,,,
20140709,9,AQI,47,48,42,43,47,43,38,62,29,44,42,42,98,75,59,63,34,32,41,31,,20,29,21,55,17,32,71,85,88,80,49,45,65,63
20140709,10,PM2.5,19,17.4,30.4,24,26.7,11.3,24,37.2,12.9,18.7,20.9,22.1,41.2,11.3,17.3,13,11.6,10.3,12.9,14,,8,3,,38.1,5,7.5,23.9,35.6,46.6,66.1,21.9,30.4,32,20.8
20140709,10,PM10,,,,80.8,,,121.6,85.1,51.9,,,,240.4,86.3,,,,,34.4,,,,,,65.7,,,,43.6,106.4,,,,,
20140709,10,AQI,40,40,35,59,40,35,61,63,30,37,35,36,99,74,51,55,26,32,41,23,,16,27,,55,15,24,63,74,85,81,42,39,64,56
20140709,11,PM2.5,16.5,14.1,22.8,13.8,21.8,12.3,19.3,22.7,17.4,17.9,22.8,13.5,30.6,22.3,13.5,8.8,10.2,5.8,13,7.7,,5.8,12.7,5.8,25.7,12.8,15.8,14.5,31.2,50.4,48,15.2,27.9,24,21
20140709,11,PM10,,,,,,33.5,45,,40.3,,,20.2,,74.6,23.2,37.6,,,18.1,,,,,5.7,41.6,,,,117.6,77.8,,,,,
20140709,11,AQI,35,35,33,59,37,58,61,63,30,32,31,72,99,73,54,71,20,31,40,19,13,18,26,21,55,16,18,53,65,84,80,38,39,60,50
20140709,12,PM2.5,4.9,11.3,6.1,7,14.7,3.7,22.4,9.2,9.2,14.5,14.6,14.5,,3.9,19.6,10.6,7.9,9.8,11.8,4.5,,13.2,29.8,11.1,34.9,11,6.8,12.5,25.8,55.2,32.2,12.2,12.7,17.7,20.2
20140709,12,PM10,,,,15.4,,15,35.7,20.9,12.5,,,27.2,,42.5,40.6,32.5,,,17,,,,,5,46.3,,,,,152.2,,18.5,,,
20140709,12,AQI,33,33,32,58,37,57,60,61,30,31,30,70,100,72,53,69,23,31,39,22,15,20,25,22,56,19,23,47,61,85,79,60,39,49,48
20140709,13,PM2.5,8.3,6.7,14.3,8.4,14.3,3.8,13.5,11.3,5.5,16.4,11,16,5.2,3,16.2,8.6,11.4,8.6,8.5,5.9,,3,6.5,6,20.2,10.4,6,9.8,14.2,25.3,33.8,13.6,7,16.4,16.7
20140709,13,PM10,,,,24,,18,17,13.8,17.9,,27.2,29.3,145.2,52.8,,18.7,,22.9,30.6,,,,,42.3,29.1,,,,74.8,,,20.8,,,
20140709,13,AQI,33,32,32,57,36,56,59,60,30,31,58,69,102,71,53,68,27,40,40,26,23,23,24,23,56,24,25,43,61,85,80,59,38,54,47
20140709,14,PM2.5,11.8,9.3,16,12.4,11.7,12.4,25.8,14.1,12.9,13.9,4.5,8,10.9,19.4,16.1,3,5,6.3,8,3,,7.1,3,19.2,26.7,9.8,3.4,4.1,,16.1,19,8.8,,20,14.8
20140709,14,PM10,,,,,,,27.1,,,,17.4,25.8,101.1,47.2,,18.4,,,10.7,,,,5,5,,,,9.3,,23.2,,16.9,,,
20140709,14,AQI,32,31,32,58,36,57,58,61,30,31,57,68,104,71,53,66,30,40,38,27,30,28,37,25,56,29,26,55,,84,81,58,37,51,47
20140709,15,PM2.5,3.2,12.9,14,15,13.3,13.7,14,5.6,12.2,14.6,6,8.1,14.2,3,6.8,9.5,9.4,8.1,8.2,6.1,,8.2,3,3,21.8,6.4,7,11.4,9.8,22.1,34,8,,18.3,15.2
20140709,15,PM10,,,,20.8,,,,13.9,,,20.9,,110.9,35.7,,19.5,,23,16.7,,,,14,12.3,28.8,,,20.6,79.8,91.7,,17.5,,,
20140709,15,AQI,33,31,32,57,36,57,58,60,32,31,56,68,103,71,54,66,32,40,37,27,30,28,36,28,55,29,27,54,60,85,80,57,36,50,47
20140709,18,PM2.5,19.1,17.5,18.2,23.8,16.4,14.5,28.8,19.7,15.7,29.2,38.1,40.1,27.3,,25.2,18.6,20.5,23.3,26,3,,14.7,3,14.4,16.7,9,8.9,11.8,28.8,25.1,82.9,21.9,24.7,34.7,26.4
20140709,18,PM10,,,,93.6,,49.8,78,98.7,71.3,,120.9,190.7,222.9,,54.6,48.1,,58.6,97,,,,15.3,28.2,27.3,,,55.2,105.8,,,83.9,,183.1,
20140709,18,AQI,41,48,42,60,37,58,60,64,47,44,72,85,112,,54,65,31,46,48,28,35,30,36,28,55,26,22,53,58,87,82,99,44,89,50
20140709,19,PM2.5,34.6,25.3,45.6,39.2,37.9,29.1,45.2,28.5,33.2,37.9,31,44.4,21.1,26.9,27.1,24.2,17.7,25.4,37.2,16.2,,17.2,3,24.3,20.2,11.4,7.1,16.6,34.4,23.4,112.1,39.2,47.7,,31.4
20140709,19,PM10,,,,120.6,,139.6,156.3,35.6,109,,60.5,113,160.3,86.9,106.9,119.4,,67.3,126.2,,,,34.7,160,22.7,,,42.4,46.6,,,122,,,
20140709,19,AQI,48,70,50,62,41,60,63,64,66,44,59,74,113,72,55,66,26,48,60,27,33,27,37,29,54,25,26,53,58,87,86,105,59,,48
20140709,20,PM2.5,43.1,38.4,41.4,34.6,44.3,37.2,41.2,40.5,36.8,29.5,30.2,51.7,13.1,31.4,31.6,39,22.9,27.2,34.8,17.3,,21.9,115,22.3,15.3,6.1,11.8,26.2,20.5,16.7,97.3,32.6,48.2,40.4,41.5
20140709,20,PM10,,,,74.5,,84.4,99.1,128.3,98.9,,76.6,145.4,156.8,48.5,44.6,145.1,,65.9,106.5,,,,,80.9,26.7,,,58.8,,25.2,,75,,,
20140709,20,AQI,44,44,36,62,44,61,64,67,47,36,59,76,113,71,55,68,38,48,49,17,30,24,37,29,54,22,26,53,57,87,89,60,42,66,50
20140709,21,PM2.5,30.8,24.2,34.6,25.1,46.7,29.8,35.7,44.9,27.4,26.9,29.3,46,17.8,19,28.3,36.5,26.2,39.8,38.2,22.2,,26.9,74.8,9.8,15.6,8.5,5,29.4,23.3,23.6,72.4,26.3,47.2,30.5,32
20140709,21,PM10,,,,75.3,,64.3,117.2,153,60,,68,150.6,184.7,49.4,29.3,87,,66.3,116.4,,,,,28.7,35,,,45,62,82.1,,54,,,
20140709,21,AQI,37,35,36,62,50,61,65,68,43,36,57,76,113,70,54,67,27,46,48,23,20,33,38,28,55,18,29,52,57,87,91,60,51,55,48
20140709,22,PM2.5,27.9,26.2,29.9,24.5,44.1,28.9,38.3,48.2,32.9,27,30.8,54,21,28.1,23,30.4,26,29.7,34,19.5,,24.2,40.4,10.9,21.8,3,19.7,23.7,24.2,26.1,72.1,25.6,37.1,,29
20140709,22,PM10,,,,59.1,,64.8,120.2,150.2,37.5,,74.5,171.7,211.9,64.5,38.5,86.2,,41.7,77.1,,,,,34.1,43.7,,,36.9,75.3,80.1,,45,,,
20140709,22,AQI,36,35,38,59,62,59,66,70,45,36,58,76,113,69,54,65,30,45,49,20,19,21,37,28,55,16,32,52,57,85,90,59,49,,47
20140709,23,PM2.5,27.4,26.3,31.3,20.4,60.5,26.2,44.7,64.3,13.4,28.6,35.3,59.1,28.8,22.9,25.5,30.3,41.7,28.8,25.1,17.5,,15.5,12.1,15.9,17.1,5.1,34.4,26.3,25.9,27,70.7,24.9,36.7,,27.3
20140709,23,PM10,,,,72.3,,60.5,131.7,224.6,14.6,,92.9,243.5,243.5,82.6,75.2,95.9,,34.9,47.6,,,,97.6,23.7,55,,,56.8,76.3,79.5,,52.1,,,
20140709,23,AQI,35,34,43,58,60,58,66,73,44,46,57,77,115,69,54,62,39,45,49,15,17,23,42,28,55,16,30,52,58,83,89,58,48,,46
20140709,0,SO2,7.7,3.7,2.9,2.5,4.4,5.4,9.4,71.3,2,2,6.4,12.1,10.2,4.9,2,2,5.5,3.7,7.1,2,,15.4,6.1,3.9,6.8,2,3,8.2,2,13.7,2.9,6.2,2,6.6,2.2
20140709,0,NO2,107.9,85,59.5,84,128.7,116.4,119.5,84.2,49.3,61.4,106.3,122.8,96.6,70.4,100.2,79.8,33.9,25.3,62.8,16.1,,53.2,56.4,17.7,73.9,5.3,14.5,80.3,26.6,81.2,117.6,138.7,85.4,131.7,156.4
20140709,0,O3,11.3,6.5,50.3,21.1,2,7,2,10.8,30.3,45.5,5.5,5.1,2,45.1,9.2,2,32.4,57.8,8.4,42.1,,2,13.8,49.2,5,39.5,69.3,2,6,2,2.4,24.6,32.1,2,2
20140709,0,CO,1,0.9,0.7,0.6,0.6,0.8,0.6,0.6,1.7,0.6,0.8,0.9,1.1,0.7,0.7,0.6,0.4,0.3,0.6,0.3,,0.3,0.5,0.3,0.4,0.4,0.1,0.3,0.6,0.4,1.1,1.5,0.6,1.1,1.5
20140709,1,SO2,6.7,3.3,2.2,2.2,5.6,4.5,11.8,70.8,2,2,8.8,13,9,4.3,2,5.1,3.4,3.8,7.6,5.1,,6.5,4.8,3.6,4.2,2.9,3.2,9,2,13.7,2.7,4.9,2,8,2.9
20140709,1,NO2,114.1,80.6,63.8,91.4,121.9,118.2,108.8,84.1,45.4,91.8,82.5,95.3,72.7,57.6,96.1,65.6,33.7,23.9,31.4,18.6,,48,56.5,15.8,45.9,9.8,19.3,73.7,19.8,76.3,117,125.7,108.5,174.9,154.7
20140709,1,O3,3.5,4.7,29.6,11.9,2,2,2,11.3,28.4,7.2,18.6,13.7,2,49.8,6,2,9.7,55.9,33.7,41.7,,2,4.2,45.6,36.6,34.7,61.3,2,13.9,2,2,25,8,2,2
20140709,1,CO,1.1,0.9,0.8,0.8,0.8,1.2,0.8,0.6,1.9,0.7,0.7,0.8,0.7,0.7,0.8,0.7,0.6,0.3,0.5,0.4,,0.3,0.4,0.3,0.4,0.4,0.1,0.4,0.6,0.4,1.1,1.5,1.1,1.2,1.3
20140709,2,SO2,6.6,2.8,4.6,2,7.1,5.6,,27.9,5.5,2.3,11.2,11,8.6,7.1,2,7.7,7.7,11.1,7.6,2.9,,2,5.9,4,8.6,2,3.3,3.5,2,13.8,4.7,4.8,2,10.3,2
20140709,2,NO2,109.8,77.2,91.5,92.8,100.6,118.1,98.4,80.2,41.1,113.2,68.7,54.9,59.6,98.2,80.7,68.2,14.8,56.3,22,17.7,,34.9,37.9,16,86.5,8.1,19.6,66.9,18.4,82.3,113,123.3,92.7,181.6,127.1
20140709,2,O3,3,3.4,2,6.5,2,2,2,11.1,35.4,2,15.3,30.8,8.3,11.6,15.8,2,18.7,41.6,46.1,35.9,,11.5,17.4,44.8,5.3,35.2,57.1,2,6.8,2,2,25.5,4.9,2,2
20140709,2,CO,1.2,1,1,0.7,0.6,1.4,0.6,0.6,1.5,0.8,0.6,0.4,0.5,0.9,0.8,0.8,0.2,0.8,0.5,0.3,,0.2,0.4,0.3,0.4,0.4,0.1,0.4,0.6,0.3,1.1,1.5,0.8,1.3,1.4
20140709,3,SO2,6.4,5,5.3,4.7,5.8,6.9,12.7,28.8,5.1,4.6,10.2,9.9,9.3,8.2,2.1,13.6,2.7,6.2,7.9,2,,2,5.8,5.1,5,2,3,2,2,15,4.4,4.4,2,7.5,5.4
20140709,3,NO2,86.6,89.7,78,91,82.4,103.8,87.8,75.7,29.7,94.4,54,81.5,73.1,103.9,69.2,56.4,14.8,29.1,22.1,20.9,,22,33.2,14.6,74.5,9,16.1,68.4,21.1,79.4,91.7,111.1,81.7,150.2,118.9
20140709,3,O3,2,2,2,2,2,2,2,9.4,45.8,2,25.6,2,2,2,22.7,2,28.2,42.1,44.7,29.9,,21.3,17.9,49.9,9.4,31,65.8,2,2,2,2,34.4,5,2,2
20140709,3,CO,0.5,1,0.8,0.8,0.3,1.4,0.4,0.5,0.4,0.9,0.5,0.6,0.7,1.1,0.7,0.6,,0.7,0.5,0.4,,0.3,0.4,0.3,0.4,0.3,0.1,0.5,0.6,0.4,0.9,1.1,0.6,1.1,1.1
20140709,4,SO2,5.4,3.3,6.3,4.2,5.9,3.3,13.3,28.8,4.1,4.5,10.7,9.4,9.8,7,6.6,5.5,2,7.2,5.9,2,,2,4.8,4.1,14.8,2,2.7,2.7,2,15.8,3.5,3.8,7.8,6.8,2
20140709,4,NO2,77.8,73.8,73,77.1,81.8,76.4,86,74.4,27.2,78.9,50.8,71,66.9,95.5,91.8,56.8,18.3,38.1,19.2,14.1,,32.6,36.5,17.1,94,5.9,13.8,67.7,27.1,82.2,80.5,89.2,74.2,107.6,101.6
20140709,4,O3,2,3.2,2,2,2,2,,,41.5,2,31.7,9.7,2,2,2,2,19.8,18.3,49,37.4,,14.2,9.4,44.1,2,37.1,63.7,,2,,2.3,41.4,8.2,2,2
20140709,4,CO,0.4,0.6,0.7,0.4,0.4,0.5,0.5,0.5,0.4,0.6,0.5,0.6,0.6,0.9,1.1,0.4,0.2,0.6,0.4,0.3,,0.3,0.4,0.3,0.5,0.3,0.1,0.6,0.6,0.4,0.6,0.7,0.4,0.6,0.5
20140709,5,SO2,6.6,3.5,5.8,3,5.1,2.6,11.9,29.8,4,4.2,7.2,8.6,9.1,9.5,3,2,2,7.1,6.6,2,,2,4.5,3.7,13.8,2,2.2,3.3,2,15.4,3.2,3.9,5.4,6.2,2
20140709,5,NO2,73.8,66.2,70.7,72.1,72.4,69.1,77.8,57.7,60.7,75.6,28.7,66.8,,96,77.6,59.4,16.9,47.3,15.3,14.4,,42.5,43.2,12,80.8,,12.4,65.4,36,68.1,72.1,84.1,73.3,102.9,92.2
20140709,5,O3,2,2.3,2,2,2,2,2,2.9,8.5,2,38.4,12.4,2,2,2,2,26.5,21.3,54,35.4,,6.7,2,57,2,30,68.9,2,2,2,2,42.7,7.7,2,2
20140709,5,CO,0.6,0.6,0.8,0.4,0.7,0.4,0.5,0.5,0.5,0.6,0.5,0.5,0.6,1,0.8,0.4,0.2,0.4,0.4,0.3,,0.4,0.4,0.2,0.5,0.3,0.1,0.5,0.6,0.5,0.6,0.7,0.4,0.6,0.3
20140709,6,SO2,5.4,2.8,5.2,4.1,3.8,2.3,13.2,27.6,3.8,4.7,7.7,10.4,10.1,7.2,2,2,2,6,10,2,,2,5.4,3.5,20.5,2,2.2,4.1,2,15.1,3.7,5.1,5.4,6.7,7
20140709,6,NO2,62.5,57.4,68.6,69.7,55.6,62.9,78.5,57.2,47,76.7,30.4,77.6,67.9,84.4,65.3,54.4,18.2,35.6,15.7,27.6,,42.3,45.5,7.9,74,6.4,13.6,65,34.2,65.9,68.1,83.3,69.8,106.5,75.9
20140709,6,O3,7.8,2,2,2,2,2,2,3.5,19.9,2,39.4,2,2,2,2,2,34.9,36.3,53.5,18.2,,4.5,2,59.2,4.1,25.8,59.3,2,2,2,3.2,42,9,2,2
20140709,6,CO,0.5,0.6,0.7,0.4,0.6,0.4,0.5,0.4,1,0.7,0.5,0.7,0.9,0.7,0.6,0.5,0.3,0.3,0.5,0.4,,0.4,0.5,0.2,0.6,0.4,0.1,0.6,0.6,0.5,0.5,0.7,0.4,0.6,0.3
20140709,7,SO2,4,3.9,5,3.8,3.7,2,13.9,27.6,5.3,4.8,6.9,11.1,9.9,10.8,2,2,2,6.3,10.4,2,,2,4.9,4.8,32.7,2,2.6,6.6,2,15.2,4.1,7.1,2,10.1,5.5
20140709,7,NO2,57.3,58.1,63.1,65,54.1,56.2,75.6,44.1,14.1,75.2,58.2,76.2,66.4,91.1,59.8,49.5,20.7,38.3,19,30.6,,33,40.7,10,57.8,5,22.4,67.4,35.5,67.6,59.6,88.9,63.5,116.2,74.6
20140709,7,O3,11.8,12.3,2.3,3.6,2,4.3,2,9,75.2,2,13.3,2,2,2,6.5,2,33.3,36.3,50.7,18,,15.6,2.4,55.2,8.3,30.1,41.5,2,2,2,7.8,35.4,11.7,2,2
20140709,7,CO,0.5,0.6,0.7,0.4,0.7,0.4,0.5,0.4,0.3,0.8,0.7,0.8,0.9,1.3,0.5,0.4,0.3,0.3,0.5,0.4,,0.4,0.5,0.2,0.8,0.3,0.1,0.5,0.6,0.5,0.5,0.7,0.4,0.8,0.5
20140709,8,SO2,4.4,4.8,7,6.4,5.3,2,13.8,30.5,15,6.7,6.8,11.5,10.2,9.9,2,2.9,2,11.8,13.3,3.6,,2,5.9,8.1,53.6,2,2.5,2.7,2,13.7,4.2,7.1,2,13.1,7.8
20140709,8,NO2,59.2,65.8,62.1,64.5,64.6,50,63.4,52.9,18.8,64.6,74.7,78.7,66.2,83.2,54,42.7,20.7,37.1,23.6,37.5,,23.3,42.9,16.5,43,3.8,17.1,75.4,46.9,88.2,60.2,86.4,69,132.9,75.4
20140709,8,O3,10.4,2.2,5,9.2,2,8.2,5.2,7.1,65,6.3,3.8,2,2,2.5,15.6,9.2,31,38.1,45.9,17.8,,29.2,5.1,48.3,25,35.9,39.8,3.7,2,8.6,8.3,37.8,8.9,2,4.1
20140709,8,CO,0.6,0.7,0.7,0.5,0.6,0.5,0.4,0.5,0.4,0.6,0.9,0.9,0.9,1.1,0.6,0.3,0.3,0.4,0.6,0.5,,0.4,0.5,0.3,0.9,0.3,0.1,0.5,0.7,0.6,0.6,0.7,0.6,1.1,0.6
20140709,9,SO2,4.1,5,8.1,7.6,7.1,2,15.7,35.4,24.4,11.8,10.9,16.9,11.3,10.3,2,2.1,2,17.5,16.5,2.9,,2,9.8,6,65.5,2,9.6,4.4,2,13.4,5.5,8,6.9,11.4,4
20140709,9,NO2,57.1,66.5,56.8,68.7,64.5,49.3,54.1,55.7,18.9,60.6,67.7,63.9,77.2,71.4,45.3,39.1,17.9,38.7,26.5,40.9,,12.8,52.5,11.4,43.4,2.4,20.4,70.8,48,81.1,63.9,90.4,74.2,130,76.2
20140709,9,O3,15,8,15.1,10.8,2.7,16.7,13.8,16.4,63.5,9.2,8.7,20.6,2.6,9.5,27.2,18.5,33.9,37.1,43.3,16.6,,49.4,8.6,50.8,24.7,37.9,44.2,15.9,2,29.1,7.4,39.2,9.6,2,6
20140709,9,CO,0.6,0.7,0.7,0.6,1.1,0.5,0.4,0.6,0.5,0.7,0.9,0.7,1,0.9,0.5,0.3,0.3,0.5,0.6,0.6,,0.3,0.7,0.3,1,0.3,0.1,0.4,0.7,0.6,0.7,0.9,0.7,1.1,0.7
20140709,10,SO2,3.5,5,11,7.4,5.8,2,22.8,45.4,31.8,20.6,15.8,21,11.7,14.6,2,2.3,2,6.3,17.3,3.1,,2,10.7,,57.6,2,6,10.8,2,16,5.5,6.9,2,12.6,5.4
20140709,10,NO2,52.6,54.9,63.1,61.7,52.7,41.6,65.3,49.9,27.2,57.9,41.5,53.4,68.4,72.9,37.7,29.2,17.3,32.4,26.6,23.2,,14,46.3,,49.9,2,25.9,47.7,56.5,81.9,55.2,74.4,68.2,127.7,70.4
20140709,10,O3,22.1,22.1,14.1,20.7,15.2,27,10.9,28.6,60.5,18.2,30.7,36.3,8.3,14.4,40.4,32,41,42.7,45.1,38.6,,50.9,15.9,,19.6,42.7,49.6,38.8,21,42.1,17.4,55.7,17.6,2,9.6
20140709,10,CO,0.6,0.6,1,0.5,0.9,0.5,0.6,0.6,0.6,0.8,0.7,0.7,0.9,0.9,0.5,0.2,0.3,0.3,0.6,0.4,,0.3,0.6,,1,0.4,0.2,0.3,0.7,0.6,0.6,0.7,0.6,0.9,0.6
20140709,11,SO2,2.7,3.2,4.3,5.4,5.1,2,23.6,64.7,37.3,17.2,16.8,25.4,17.6,12.3,2,3.2,2.2,2.4,13.9,2,2,2,8.5,2,59.3,2,6.4,6.1,2,20.4,5.4,6,2,13.9,2.9
20140709,11,NO2,38.8,50.1,39.9,39.6,39.9,45.2,54.1,26.8,25,45,38.1,23.2,,62.7,29.1,21.7,13.9,22.2,18.6,14.2,24.3,12.5,37,4.7,42.7,2,28.1,27.3,55.2,80.2,42.4,66.8,58.8,119.7,65.8
20140709,11,O3,43.8,39.5,36.8,48.3,40.9,37,30.1,47.6,65.5,35.9,53.2,70.2,31.8,33.7,59.1,50.9,56.2,62.4,61.2,57.8,38.3,56.3,30.4,64.6,33.5,51,57.6,70.1,32.2,71.7,33.8,74.4,33.5,5.6,26.2
20140709,11,CO,0.5,0.6,0.6,0.4,0.3,0.5,0.4,0.5,0.6,0.7,0.7,0.5,0.6,0.8,0.5,0.1,0.3,0.2,0.5,0.3,1,0.3,0.5,0.2,0.9,0.4,0.2,0.1,0.6,0.6,0.5,0.5,0.5,0.8,0.5
20140709,12,SO2,2,2,2,2,2.6,2,13.8,46.1,13.4,4.9,12.4,18.1,17.2,2.6,2,2,2,2,7.4,2,10.3,2,25.1,2,49.9,2,4.2,3.6,2.4,23.9,2,2.8,2,9.4,8.5
20140709,12,NO2,20.9,26.1,23.6,20.2,21.3,23.9,39.4,19.7,14.6,36.8,12.7,19.2,,35.9,33.9,18.6,9.5,20.3,9.6,12,22.6,9.5,34,3.1,40.5,2,17.9,17.9,38.8,87.9,28.7,45,41.5,96.5,49
20140709,12,O3,65.3,76,62.8,76.6,69.3,73.3,55.1,57,81.2,56.3,78.4,82.8,52.2,69.5,67.9,61.1,73,71.9,74.4,68.6,46.4,63.7,36.8,70.3,40.3,59.9,73.1,88.5,64.1,83.6,56.8,104.6,60.1,19.2,49.1
20140709,12,CO,0.3,0.4,0.4,0.1,0.2,0.3,0.3,0.3,0.3,0.5,0.5,0.4,0.5,0.4,0.5,0.1,0.3,0.2,0.5,0.3,0.9,0.3,0.7,0.2,0.9,0.4,0.1,0.1,0.6,0.6,0.4,0.3,0.3,0.6,0.2
20140709,13,SO2,2,2,2,2,2,2,10.3,44.5,7.3,2.7,7.1,10.4,11.7,2,2,2,2,3.3,6.7,2,2,2,29.3,2.8,32.3,2,4,2,2,25.2,2,2,3.8,8,2
20140709,13,NO2,21.7,27.2,24,18.2,26.2,16.3,31.3,18.3,15.8,35.4,11.7,19.9,,40.9,26.3,16.3,9,24.8,14.1,5.6,,9.2,24.5,8.9,36.2,2,16.1,14.1,15.4,42.4,39,41.4,48.9,107.2,61.4
20140709,13,O3,75,76.7,81.2,92.3,78.9,90.2,76.8,63.7,84.2,72.8,78,82.1,54.6,78.2,86.5,72,83.6,69.5,72.7,80.5,70.5,72.3,54.3,71.6,52,75.1,77.9,95.6,89.9,103.8,59.1,124.4,70.5,22.4,50.8
20140709,13,CO,0.3,0.4,0.4,0.1,0.4,0.3,0.2,0.3,0.3,0.4,0.4,0.3,0.4,0.4,0.4,0.2,0.2,0.3,0.5,0.2,0.8,0.3,0.7,0.2,0.7,0.4,0.1,0.1,0.3,0.4,0.4,0.3,0.4,0.6,0.3
20140709,14,SO2,2,2,2,2,2.7,2,10.2,45,7.8,2,4.6,8.3,8.7,2,2,2,2,7.3,6,2,2,2,19.2,7.6,11.8,2,3.8,2,,19.5,2,2,4.8,7.2,6.9
20140709,14,NO2,20.2,31.3,20.5,14.1,20.1,18.6,28.7,14.5,11.6,21,10.4,17.1,,37.6,21.7,12.1,7.4,20.3,8.8,4.7,9.9,6.5,10.4,9.6,27.8,2,15.2,10.5,,17.9,29.6,39.7,51.6,100.1,60.6
20140709,14,O3,92.1,96,99.4,108.9,96.9,112.5,100.7,74.9,96,92,92.7,104.6,65.5,99.6,103.3,82.7,95.1,80.4,83.3,85.8,94.5,88.6,84.2,79.1,70.8,91.1,82.4,100,,107.2,76.1,139.2,82,36.9,68.7
20140709,14,CO,0.3,0.4,0.4,0.1,0.2,0.3,0.2,0.3,0.3,0.4,0.4,0.3,0.4,0.4,0.4,0.2,0.2,0.3,0.4,0.2,0.7,0.2,0.4,0.3,0.4,0.3,0.1,0.1,,0.2,0.3,0.3,0.4,0.5,0.3
20140709,15,SO2,2,2,2,2,2.7,2,12.4,38.8,6.1,2,4.9,8.4,7.5,2,2,2.1,2,5.9,5.8,2,2,2,28.3,2.8,18.9,2,3.8,2,2,17.8,2,2,4.5,7,7.8
20140709,15,NO2,20.3,31.3,21.5,17.8,16.7,19.8,18.1,12.4,8,25.8,9.4,14.4,,33.5,18.4,14,6.8,26.6,12.7,9,14.2,8.3,10.4,5.6,51.7,2,15,11.4,8.4,22.1,28.2,47.8,51.9,98.8,52.6
20140709,15,O3,104,97.3,101.6,119.3,105.6,109,78.5,77.1,101.8,89.4,99.5,100.9,81.1,103.7,106.6,87.8,101.7,77.7,87.7,85.6,95.2,88.2,90.8,88.2,53.8,91.7,85.7,116.1,115.7,121.2,92.2,141.1,83.4,45.4,74.1
20140709,15,CO,0.3,0.4,0.4,0.1,0.3,0.3,0.2,0.2,0.2,0.3,0.4,0.3,0.4,0.4,0.3,0.2,0.2,0.3,0.4,0.2,0.7,0.3,0.5,0.2,0.5,0.3,0.1,0.1,0.3,0.2,0.3,0.3,0.3,0.5,0.3
20140709,18,SO2,3.4,3.6,3.5,4.2,4.7,2.5,15.5,38.4,6.7,4.7,6.7,12,7.1,,2,2,2,3.1,6.5,2,2,2.4,23.5,17,17.4,2,4.9,2,2,15.5,4.3,3.3,2,9,7.8
20140709,18,NO2,50.2,33.9,49.4,44.5,44.5,47.9,66.7,34.9,30.8,57.4,36.5,43.7,,,35.8,40.4,28,39.3,38.4,11.9,25.8,18.2,12.8,11.1,44.2,2,18.8,18.4,18.4,14.5,100.8,51,87.9,152.3,98.1
20140709,18,O3,129.3,150.5,134.2,152,92,133.1,107.6,87.5,150.1,140.3,177.2,187.9,106.6,,151.6,98.1,96.2,114,152.2,88.4,110.4,93,87.9,87,61.4,82,68.2,99.9,114,85.4,88.3,198.7,75.8,52.4,75.6
20140709,18,CO,0.6,0.5,0.6,0.5,0.3,0.5,0.5,0.3,0.4,0.6,0.7,0.6,0.7,,0.5,0.3,0.5,0.4,0.7,0.2,0.7,0.3,0.4,0.3,0.4,0.3,0.1,0.1,0.5,0.2,0.6,0.5,0.6,0.8,0.7
20140709,19,SO2,7.7,7.5,5.7,6.3,6.8,6.2,14.5,41.2,9.3,5.5,6,12.6,7.4,6.5,2,2,2.8,3.4,6.2,2,2,2.5,15.8,6.4,21.6,2,5,2,2,14.2,6.6,4.2,2,,9.5
20140709,19,NO2,53.2,39.1,57,49.5,74.5,68.3,64,45.6,35.6,55.4,34.6,47.1,,36.9,39.7,59.9,46.5,49.5,40.8,15.3,26.3,23.5,14.7,38.2,53.3,2,16.9,35.6,21.9,14.9,118.4,56.6,117.6,,56.4
20140709,19,O3,150.5,175.3,159,163.4,130.3,149.9,152.7,62.4,172.3,140.3,123.6,167.6,59,126.8,152.1,114.8,82.1,96.6,167.6,83.3,104.8,85.4,83.7,92.3,55.3,78.3,81.3,126,93.2,81.5,96.8,209.3,99,,141
20140709,19,CO,0.7,0.6,0.8,0.6,0.5,0.7,0.6,0.4,0.6,0.7,0.6,0.6,0.6,0.6,0.6,0.3,0.4,0.5,0.8,0.3,0.8,0.4,0.3,0.4,0.4,0.3,0.1,0.2,0.5,0.2,0.8,0.6,0.8,,0.5
20140709,20,SO2,8.5,7.2,5.4,6.9,8.1,7.7,13.7,39.8,7.2,4.7,5.2,15.4,8,4.9,2,2,4.4,4.4,6.8,2,2,3.7,10.8,2.5,16.6,2,3.6,2.8,2,16.3,7.6,6.5,2,10.2,5.8
20140709,20,NO2,44,38.8,58.6,46.7,56.2,51.4,72,75.7,37.7,60.4,44.9,62.9,,32.5,36.6,68,74.3,59.5,42.1,30.3,23.7,46.6,18.9,33,50,2,15.4,43.8,20.4,17.1,100.2,56.5,81.1,130.7,53.3
20140709,20,O3,140.1,139.6,111.4,126.1,137.8,165.9,105.8,43,147.5,80.3,79.3,111.9,55.8,92.7,104.2,106.8,47.7,81,148.4,53.7,95.6,59.6,73.8,91.8,54.6,69.9,83.2,124.7,77.1,77.4,76.9,167.7,104,44.3,154.9
20140709,20,CO,0.7,0.6,0.7,0.5,0.5,0.7,0.6,0.5,1.2,0.6,0.6,0.8,0.5,0.5,0.6,0.5,0.6,0.5,0.8,0.4,0.8,0.5,0.3,0.4,0.4,0.4,0.1,0.3,0.5,0.2,0.7,0.6,0.6,0.7,0.5
20140709,21,SO2,6.2,5.4,4.7,5.5,8.7,6.2,14.3,41.5,5.9,4,5.1,17.6,9,3.5,2,2,2.1,5.7,5.9,3.1,2,2.1,7.4,3.2,17.7,2,5.5,2,2,15.6,5.9,6,2,8.6,11
20140709,21,NO2,45.8,39.4,68.2,46.5,99,48.9,81.2,67.5,27.7,59.3,55.8,80.7,,33.3,40.7,48,52.1,58.1,41.5,45.4,28.7,65.1,32.3,28.1,70.4,2,20.9,38.7,28.2,23.4,91.7,49.6,101.5,108.5,41.6
20140709,21,O3,83.3,81.5,59.3,78.5,55.1,104.3,63.2,57.3,137.1,53.2,56.8,70.6,43.3,78.5,75.7,78.6,46.2,71.9,122.4,24.1,62.7,8.5,52.7,69.1,36.2,54.9,90.5,95,53.2,66.2,37.1,133,47,34.6,109.2
20140709,21,CO,0.6,0.5,0.7,0.5,0.6,0.6,0.6,0.6,1.2,0.6,0.6,0.8,0.6,0.4,0.5,0.5,0.5,0.6,0.8,0.5,0.8,0.6,0.3,0.4,0.4,0.4,0.1,0.3,0.4,0.3,0.7,0.5,0.7,0.6,0.4
20140709,22,SO2,5.2,4.3,4.4,5.1,7.1,4.6,13.6,42.7,5.2,4.3,5.4,16.1,10.5,4.5,2,7.1,2.4,5.5,6.8,2.3,2,10.5,8.8,3.6,19.5,2,8.5,2,2,15.4,5.1,5.4,2,,9.2
20140709,22,NO2,60.3,35.4,75.4,45.4,123.5,57.2,98.9,77.5,23.7,70.9,53.8,73.5,,39.2,48.9,57.6,58.5,43.2,52.2,39.2,37.3,40.6,37.7,21.3,30.4,2,37.4,37.2,33.5,22.5,84.2,51.2,96.8,,48.2
20140709,22,O3,56.3,71.2,37.8,69.7,13.3,67.6,25.9,32.2,117.4,34.1,50.3,55.6,28.4,67.8,57.2,49.2,22.6,58.1,63.4,17.8,48.5,26.5,42.4,59.7,59.7,48.1,102,63.4,38.3,56.4,33.8,122.3,30.8,,69.6
20140709,22,CO,0.6,0.5,0.7,0.4,0.6,0.6,0.7,0.6,1.1,0.6,0.6,0.8,0.6,0.5,0.5,0.4,0.6,0.5,0.8,0.4,0.9,0.4,0.4,0.4,0.4,0.4,0.3,0.3,0.5,0.3,0.6,0.5,0.7,,0.4
20140709,23,SO2,5.4,3.3,4.4,4.8,6.3,4.6,13.1,45.1,4,4.8,5.8,14.8,10.3,5.1,2,3.2,3.7,7.5,7,2,2,4.9,10.6,4.7,9.5,2,11,2.4,2,15.6,5.1,4.6,2,,6
20140709,23,NO2,65.6,36.6,85.8,54.5,119.4,58.1,121.4,96,17.1,90.8,81.2,107.9,,43.6,47.7,71.8,76.7,33.4,32.9,26.1,25.9,45.4,41.6,16.2,41.7,2,47.9,51.3,29.3,25.5,82,60,94.9,,51.5
20140709,23,O3,50.7,58.5,28.3,52.3,8.2,65.5,8.8,2.6,98,6.1,19.7,24.1,21.4,53.5,53,17.5,2,56.7,65.9,24.2,52,18,32.3,52.4,52,50.6,94.9,37.4,28.4,47.2,31.8,106.7,34.8,,63.2
20140709,23,CO,0.7,0.5,0.8,0.7,0.6,0.6,0.8,0.7,1.2,0.6,0.7,0.9,0.6,0.6,0.5,0.5,0.7,0.4,0.6,0.4,0.8,0.4,0.5,0.4,0.4,0.3,0.4,0.3,0.5,0.3,0.6,0.5,0.6,,0.4
