date,hour,type,dongsi,tiantan,guanyuan,wanshouxigong,aotizhongxing,nongzhanguan,wanliu,beibuxingqu,zhiwuyuan,fentaihuayuan,yungang,gucheng,fangshan,daxing,yizhuang,tongzhou,shunyi,changping,mengtougou,pinggu,huairou,miyun,yanqing,dingling,badaling,miyunshuiku,donggaocun,yongledian,yufa,liulihe,qianmeng,yongdingmengxi,xizhimengbei,nansanhuan,dongsihuan
20140720,0,PM2.5,45.5,37.6,36,34.5,39.2,46.3,36.2,23.6,29.2,40.8,39.2,37.5,32.4,45.5,41.2,96.2,120,42.3,21.3,116.1,106.4,80.1,64.1,51.5,58.6,88.6,123.5,110.2,16.3,37.6,44.1,31.6,41.7,,49
20140720,0,PM10,,,,,,,,,,,,,,,,122.6,,,,,,,,87.4,,,148.9,,,,,,,,
20140720,0,AQI,93,86,85,82,89,80,103,141,123,83,108,135,78,116,85,102,127,138,115,119,143,115,144,127,153,122,98,107,71,90,96,85,89,,86
20140720,1,PM2.5,47.5,35.7,43.2,38.9,44.7,35.6,36,20.3,25.1,46,31.5,28.9,25.9,52.6,44.7,61.5,115,22.6,20.8,123,89.1,90.1,41.9,50.1,36,108,127.8,88.4,25.5,40.4,46.8,39.2,45.8,,47.4
20140720,1,PM10,,44.4,,,,,,,,,,,31.5,,,,,,,,,,,50.1,,,128.3,,,,,,,,
20140720,1,AQI,91,84,83,80,87,78,100,133,119,81,104,122,75,115,84,100,127,130,110,118,139,112,137,122,145,120,99,107,70,86,94,83,87,,84
20140720,2,PM2.5,56,49,43,47.7,49.4,45.6,42.7,18.7,34.8,49.9,29.7,47.6,27.1,57.5,45.5,74.5,69,28.5,26.3,142.5,58.6,115.1,31.8,47.6,48,123.3,139.7,115.6,29.4,41.6,48.7,43.6,42.9,,69.6
20140720,2,PM10,,,,,,,,,,,,,37.2,,,76.6,,,,,,,,19.8,,,145,,,,,,,,
20140720,2,AQI,90,83,82,79,85,77,98,125,115,80,99,117,72,114,83,99,123,123,105,118,132,111,129,118,139,118,102,108,69,83,93,82,85,,85
20140720,3,PM2.5,58.4,50,46.4,43.8,57.3,48.3,44.1,26.3,32.9,48.9,33.4,42.5,42.5,51.6,58.9,95.5,69.9,35.8,30,149.9,71.7,94.8,25.2,41.4,44.8,86,144.1,113,27.8,45.4,57.4,51.3,44.3,,67.9
20140720,3,PM10,,51.1,,,,,,,,,,,61.7,,,104,,,,,,,,32.7,,,,,,,,,,,
20140720,3,AQI,89,82,80,77,84,77,94,118,110,78,94,111,70,114,83,100,120,116,100,119,126,108,121,113,133,115,104,109,68,81,91,81,83,,85
20140720,4,PM2.5,64.8,52.1,47.2,50.8,68.8,52.9,46.3,28.1,29.3,52.6,27.5,37.6,49.9,60.8,65.8,97.3,112.3,39.2,32.7,149.9,103.7,98.8,31.4,35.8,48.3,86.4,125.2,66,38.6,50.4,59.2,55.8,49.1,,57.8
20140720,4,PM10,,56.1,,,,,,,,,,,53.6,,,111.4,,,,,,,,27.5,,,,,,,,,,,
20140720,4,AQI,88,81,78,76,83,76,91,111,105,76,87,102,69,113,82,100,119,110,94,119,122,106,114,108,127,112,106,107,68,79,90,80,81,,84
20140720,5,PM2.5,67.6,58.9,52.4,56.8,60.5,54.8,58.6,29.9,42.5,60.7,51.7,47.9,42.3,54.2,62.1,90.1,115.4,52,31.5,128,115.8,130.7,42.8,37.3,44.2,119.2,111.4,62.1,46.8,46.8,66.7,61.3,51.5,,60.3
20140720,5,PM10,,,,,,,,,,,,,64,,,92.9,,,,,,,,18.6,,,120.6,,,,,,,,
20140720,5,AQI,88,81,77,76,83,75,88,105,100,75,83,96,67,113,82,100,119,103,89,119,120,106,108,102,120,111,107,106,68,77,90,80,79,,83
20140720,6,PM2.5,70.2,55.9,56,50.3,59.4,56.6,58.4,31.9,49.4,57.7,60,63.4,57,52.5,59.4,75.3,107.3,56,37.5,102.1,150.9,118.5,56,42,60.1,132.4,89.6,80.2,46.9,52.6,72.2,58.8,54,,59
20140720,6,PM10,,62.5,,,,,,,,,,,65.2,,,79.8,,,,,,,,50.1,,,,,,,,,,,
20140720,6,AQI,87,80,76,75,82,75,87,99,95,74,79,92,66,112,82,100,118,98,83,118,119,105,102,97,115,111,106,105,68,76,89,79,78,,82
20140720,7,PM2.5,60.3,52.3,55.6,50.2,54.5,50.8,62,41.3,59.3,56.5,59.4,64,46,54.3,58.7,73.8,89.6,57.2,51.6,73.1,159.6,100.3,73.4,51.7,62.9,113.4,78.1,81.2,44.9,50.8,55.1,46.5,55.3,,54.9
20140720,7,PM10,,57.6,,,,,,,,,,,60.4,,,96.9,,,,,,,,85.9,,,,,,,,,,,
20140720,7,AQI,86,79,75,74,81,74,85,94,90,73,75,87,65,110,81,99,116,93,78,116,120,103,97,92,110,110,106,104,66,75,88,77,78,,81
20140720,8,PM2.5,59.7,49.5,55.4,54.6,60.7,49.5,63.1,44.9,64.5,59.1,65.1,72.2,51.7,61.1,62.3,70.1,79.9,67.4,57.8,67.8,118.4,78.8,66.6,56.7,69.6,85.2,62.8,57.8,50.4,54.9,57.2,48.3,61.2,,52.3
20140720,8,PM10,,64.9,,,,,,,,,,,73.1,,,93.9,,,,,,,,70.1,,,,,,,,,,,
20140720,8,AQI,84,78,74,73,80,73,83,87,86,72,72,82,64,108,79,99,112,89,73,114,119,101,92,88,105,107,105,101,63,74,86,76,77,,81
20140720,9,PM2.5,61,61.4,59.3,48.4,59.2,53.9,69.7,52.6,71.4,57.5,60.6,71.2,47.2,63.4,57.3,67.5,78,83.1,62.3,59.9,100.4,68.3,70.9,79,77.3,79.2,47.4,44.3,63.6,,59.2,53.8,60.8,57.1,62.5
20140720,9,PM10,,76.6,,,,,,,,,,,80.6,,,88.5,,,,,,,,100.6,,,,,,,,,,116,
20140720,9,AQI,83,77,73,71,79,72,80,80,79,70,69,79,62,107,78,98,110,86,68,112,118,100,87,84,100,106,104,99,62,72,84,75,75,122,80
20140720,10,PM2.5,69.7,52.8,64.8,51.8,63.9,64.1,70.1,62.7,82.9,64.4,64.7,71.3,56.4,67,56,59.9,79.4,93.4,70.3,59.1,91.6,65.3,79.3,90.5,89.6,75.6,52.9,57,54.7,,,54,61.1,64.8,63.6
20140720,10,PM10,,85.3,,,,,,,,,,,84.4,,,68.1,,,,,,,,114.3,,,,,,,,,,99.2,
20140720,10,AQI,83,76,73,70,78,72,76,72,73,70,68,76,62,106,76,97,108,83,65,111,116,100,84,81,97,105,104,98,62,72,,74,74,140,80
20140720,11,PM2.5,69.8,64.7,64.6,49.9,69.8,59,74.7,83.1,81.1,68.2,69.2,69.9,52.7,71.4,50.7,58.5,69.4,91.9,71.2,62.9,96.4,64.9,79.3,94.2,103.6,76.4,36.4,69.6,58.1,41.4,67.9,56.8,63.3,62.7,61.7
20140720,11,PM10,,77.9,,,,,,,,,,,67.5,,,72.9,,,,,,,,129.9,,,,,,,,,,92,
20140720,11,AQI,84,75,73,70,79,72,75,66,69,71,68,75,62,107,75,96,108,81,64,111,115,100,82,79,95,104,103,98,62,71,84,74,75,152,80
20140720,12,PM2.5,62,60,63.8,53.3,69.1,54.4,71,84.5,72.7,56.7,61.9,66.7,56.4,89,63.8,76.8,60,94.5,83.8,48.5,88.9,49.3,89.1,96.5,119.5,55.1,44.3,65.8,84.2,71.3,,57.3,65.3,64,54.2
20140720,12,PM10,,87.7,,,,,,,,,,,77.7,,,95.9,,,,,,,,119.2,,,,,,,,,,138.3,
20140720,12,AQI,83,76,73,70,79,72,76,64,69,71,69,76,62,106,75,97,107,80,65,111,116,100,82,80,94,104,103,97,64,72,,104,75,163,80
20140720,13,PM2.5,80.8,75.3,62.6,62.1,73.1,69,69.6,77.4,70.4,62.3,72,82.2,59.8,140.5,82.5,89.5,66.4,90.3,90.8,54.3,69.4,56.9,98.4,92.1,123.1,50.7,54.6,65.7,87.5,94.5,76.8,72.2,65.7,73,73
20140720,13,PM10,,98.1,,,,,,,,,,,96.4,,,109.6,,,,,,,,104.8,,,,,,,,,,153.9,
20140720,13,AQI,83,103,74,70,79,77,76,65,70,72,70,78,63,108,77,98,107,80,68,111,116,100,82,81,94,105,103,97,66,73,84,104,75,171,81
20140720,14,PM2.5,100.8,107.1,83.8,90.9,81,82.3,84.8,78.5,78.6,81.7,85.4,88.5,96.9,161.5,91.6,98.8,90.7,75,85.7,72.5,66.9,62,108.3,90.2,122.2,58.1,71.7,73.9,87.2,117.5,104.5,97.2,82,101.5,91
20140720,14,PM10,,120.8,,,,,85.5,,,,,,143.8,,,116.4,,,,,,,,102.2,,,94.1,,,,,,,150.1,
20140720,14,AQI,86,94,75,80,81,91,77,67,78,73,72,79,66,112,79,99,108,103,69,112,116,102,83,108,94,106,108,99,69,77,86,112,77,185,83
20140720,15,PM2.5,112.7,108.3,113.6,102.8,105.4,93.6,110.4,88.5,96.9,129.7,117.9,117.9,111.8,164.6,93.1,95.8,101,78.4,89.7,81.7,93.8,73.2,106.1,85.6,106.7,74.8,81,69.4,89.3,98.8,,101.5,110.6,,98.5
20140720,15,PM10,,128,123.5,,,,131.8,,,136.4,140.6,177,150.7,,,121.1,,,,,,,,98.2,,,106.5,,,,,106,,,
20140720,15,AQI,89,107,87,101,83,105,80,69,94,81,100,85,70,115,102,101,110,93,72,113,117,111,92,106,96,107,115,101,85,80,,122,80,,85
20140720,16,PM2.5,92.4,90.5,101,89.6,97.5,85.6,125.4,117.3,121.6,102.7,99.3,115,90.8,153.3,78.3,88.5,99.4,95.1,91.2,86.5,101,75.8,91.1,91.6,106.4,85.4,88.4,62.6,79.2,93.2,103.5,85,100.7,,88.8
20140720,16,PM10,,106,101.9,100.8,,,143.1,,,109.8,120.4,155.8,111.4,,,104.2,,,,,,,,110.7,,,113.7,,,,,86.5,,,
20140720,16,AQI,91,117,92,103,87,106,84,73,106,94,101,97,72,117,100,103,111,104,74,114,119,116,87,101,99,108,119,102,89,82,92,125,83,,87
20140720,17,PM2.5,76.8,69.3,84.9,77.2,77.3,58.4,97.8,87.9,89.2,97.8,77.7,78.9,79.2,135.5,73,76.6,83.6,105.5,73.4,79.3,103.9,81.8,101.5,110.8,116.9,84,68.8,53.3,56.7,87.3,81.9,69.7,86.3,80,65.5
20140720,17,PM10,,83.4,,,,,,,,,92.7,,103.8,,,98.9,,,,,,,,137.3,,,78,,,,,,,,
20140720,17,AQI,93,99,84,96,88,80,87,76,95,85,88,89,74,118,86,105,113,105,76,116,121,117,89,106,101,115,109,102,73,88,94,117,85,172,88
20140720,18,PM2.5,77.6,71.8,79,75.5,79.4,62.4,86.8,75.2,63,87.1,83.5,75.9,80.9,115.5,53.7,65.5,71.4,90.2,68,67.3,80.6,77.1,119.1,91.4,120.9,88.3,59.2,44.1,41.8,89.9,79.4,72.3,81.9,79,70.3
20140720,18,PM10,,100.2,91.3,,,,102.8,,,89.7,108.6,,111.8,,,100.8,,,,,,,,132.2,,,78.2,,,,,80.4,,154.6,
20140720,18,AQI,94,105,85,93,89,82,89,77,86,87,91,90,76,117,86,106,114,89,77,116,122,112,93,111,105,117,109,102,72,86,95,111,87,174,90
20140720,19,PM2.5,65.2,59.8,68.7,62.4,71.1,51.3,82.1,79.4,79.5,69.7,79,96.8,63.9,,44.2,58.4,58.7,78.2,72.4,64.4,67.3,72.9,105.4,80.1,98.2,79,61.6,36.3,37.5,73.9,70.5,58.4,78.6,,55.2
20140720,19,PM10,,86.3,79.6,,,,103.2,,,84.7,104.6,,93,,,87.1,,,,,,,,119.1,,,75.2,,,,,82.1,,,
20140720,19,AQI,95,91,86,82,90,82,90,79,93,88,83,92,77,116,86,106,115,91,79,116,123,106,97,93,108,112,109,100,71,87,95,85,88,,90
20140720,20,PM2.5,55.7,51.7,53.3,51.5,54.9,45,63.6,87,79.2,58.3,67.9,91.4,49.4,32.5,43.9,52.4,49.4,95.5,81.6,63.3,67.6,60.3,92,91.9,94.8,69.2,45.8,35.2,32.2,65.2,64.2,52.1,58.5,,48.5
20140720,20,PM10,,82.8,67.4,,,,83.7,,,77.3,97.4,,87.3,,,95.9,,,,,,,,140.8,,,66.3,,,,,71,,,
20140720,20,AQI,95,86,86,81,90,81,91,80,88,88,83,93,77,112,85,106,114,93,80,115,123,106,99,95,109,113,109,98,69,87,95,100,88,,89
20140720,21,PM2.5,56.1,61.3,52.9,51.9,54.7,45.8,58.8,79.4,81.1,58.7,63.8,87.6,60.6,87.3,45.4,40.3,53.1,87.7,70.4,47,55.4,53.1,94.8,91.4,97.6,67.1,46.6,37.3,32.7,55.4,61.6,54.6,55.6,,50.4
20140720,21,PM10,,93.8,72.9,,,,86.5,,,115.8,97.5,,102.1,,,94.2,,,,,,,,148.1,,,91.9,,,,,84,,,
20140720,21,AQI,94,86,85,80,89,80,91,81,86,88,85,94,78,111,83,104,113,94,81,114,123,106,101,96,111,113,108,96,67,87,94,83,87,,88
20140720,22,PM2.5,55.4,58.4,55,50.1,59.7,48,56,68.4,89.1,62.6,59,82.4,57.1,67,42.7,38.8,60.5,86.4,72,37.2,56.3,45.1,102.6,86.7,102.9,55.7,39.6,48.5,32.6,54.8,61.9,57,56.6,,47.4
20140720,22,PM10,,98,100.2,,,,82.1,,,110.2,91.8,,125.1,,,82.3,,,,,,,,118.8,,,106.2,,,,,98.8,,,
20140720,22,AQI,92,85,84,79,89,79,90,82,89,88,85,95,78,109,81,101,111,96,82,112,122,105,103,98,112,112,106,93,69,87,93,82,86,,86
20140720,23,PM2.5,55.5,50.9,61.3,44.7,52.3,45.6,52.2,66.7,75.6,54.7,55.2,65.8,50.6,57,48,48.3,55.3,80.1,75,54.2,76.8,41.8,112.1,79.7,109.1,52.3,67.8,54.6,48.8,54.1,55.4,53.1,58.1,,49.5
20140720,23,PM10,,89.5,116.5,,,,120.7,,,112,90.3,,119.7,,,89.1,,,,,,,,114.8,,,134.9,,,,,82.5,,,
20140720,23,AQI,91,84,85,79,88,77,91,82,90,89,86,95,79,110,81,98,109,97,83,110,121,103,105,118,114,111,104,90,70,87,92,81,86,,85
20140720,0,SO2,2,2,2,2,2,2,7.3,6,2,2,2,2,2,2,2,5.4,5.9,2,2,2,2,6.3,2.6,2,2,3.8,13.6,3.7,2,19.1,2,2,14.3,,12.3
20140720,0,NO2,24.6,17.1,20.5,19.8,29.7,31.2,26.1,6.1,5.7,31.8,9.3,20,19,27.8,32.3,55.5,27,19.8,8.1,,31.6,12.9,11,11.6,28.9,5.3,24.6,19.5,2.4,22.2,51,47.1,34.2,,50.4
20140720,0,O3,88,81.7,96.3,96.4,86.2,95.4,77.4,92.8,127.5,60.1,84.7,103.8,70.5,53.2,78.4,62.2,108.3,103.9,89.4,116.3,99.4,164.1,116.9,246.4,107.9,155.7,138.4,105.3,7.7,39.3,57.4,139.3,86.4,,64.3
20140720,0,CO,0.6,0.6,0.7,0.7,0.3,0.7,0.4,0.4,0.6,0.5,0.6,0.6,0.6,0.5,0.6,0.7,0.9,0.5,0.5,1.1,1,0.8,0.6,0.6,0.7,1,1,0.6,0.5,0.1,0.6,0.7,0.5,,0.5
20140720,1,SO2,2,2,2,2,2,2,4.5,5.2,2,2,2,2,2,2,2,2.5,5.1,2,2,2,2,8.7,2,2,2,5.6,15.9,8.3,2,19,2,2,15.8,,15.8
20140720,1,NO2,31.2,20,27.6,43.2,45.1,48.5,38.4,8.3,12.4,37,9.2,17.7,24.1,26.6,43.9,26.4,31.8,12.8,17.4,,20,15.1,7.1,10.3,73.4,5.7,23.8,16.3,9,24.3,53.1,61.4,35.7,,111.4
20140720,1,O3,73.4,71.5,80.7,60.5,63.4,53.7,60.6,84.9,109,42.3,78.8,91.5,49,45.5,51.1,75.6,87.6,82.6,62.6,120.5,99.5,139.1,107.9,87.5,40.4,146,127,93.6,2,34.7,47.6,107.2,76.2,,2
20140720,1,CO,0.7,0.6,0.7,0.8,0.3,0.7,0.4,0.3,0.7,0.6,0.6,0.5,0.6,0.6,0.7,0.5,0.9,0.5,0.5,1.3,0.8,0.9,0.5,0.6,0.7,1,0.9,0.6,0.5,0.1,0.6,0.9,0.6,,0.9
20140720,2,SO2,2,2,23.8,2,3.1,2.5,5.4,4.8,2,15,2,2,2,2.1,3.2,2,2,2,2.8,5.8,16.5,5.4,2.6,2,3.3,3.3,14.9,4.8,18.7,19.5,2,2,3,,16.9
20140720,2,NO2,37.9,28.7,35.6,59.1,60.3,54.6,39.2,11.3,20.9,46.3,8.9,63.6,31.1,34.7,44.8,32.6,25.9,13.8,22.6,,11.6,11.4,6.2,8.6,85.2,4.4,24,29.4,13.5,31.6,53.3,45,39.9,,118.6
20140720,2,O3,61.4,26.2,65,32.5,39.8,53.8,54,63.5,57.7,24.7,63.6,26.2,39.3,32.3,44.8,44.4,52.5,69.1,38.1,104,93.9,117.7,99.8,69.8,16.3,126.8,104.4,55.7,2,20.9,45.7,117.7,66.5,,2
20140720,2,CO,0.7,0.7,0.7,0.9,0.4,0.7,0.4,0.3,1.1,0.6,0.6,0.5,0.6,0.6,0.7,0.5,0.8,0.6,0.5,1.4,0.6,1,0.5,0.5,0.7,1.1,0.9,0.9,0.5,0.1,0.6,0.7,0.6,,1.3
20140720,3,SO2,2,2,4.8,2,2.3,2,4.6,4.5,2,2,2,2,2,2,2,2,2,2,2,2,2.3,2,2,2,2,2,11.8,4.6,2,19,2,2,4.1,,14.9
20140720,3,NO2,46.6,34.1,28.2,38.4,43.5,51.3,38.4,20.2,25.2,54.4,20.6,48.1,40.1,43.7,39.6,52.9,25.5,13.8,18.6,,30.3,10.1,5.6,8.1,50.8,2,24.5,37.1,13.9,27.1,61.2,40.9,46.4,,131.4
20140720,3,O3,48.8,25,69.7,55.1,46.8,44.7,51.7,43.3,46.8,14.5,52.7,32.7,28.8,30.1,48.7,32.4,46.2,63.7,2,82.8,65,92.3,92,48,59.5,121.1,90.4,37.1,2,20.7,29.8,104.9,59.8,,3.6
20140720,3,CO,0.7,0.7,0.7,0.8,0.3,0.8,0.4,0.4,1.4,0.6,0.6,0.4,0.7,0.6,0.6,0.5,0.8,0.6,0.1,1,0.7,0.8,0.5,0.5,0.6,0.8,0.8,0.8,0.5,0.1,0.7,0.7,0.6,,0.7
20140720,4,SO2,2,2,2,2,4.1,2,5.5,4.2,2,2,2,2,2,2,2,2,2,2,2,2,2,2,2.1,2,2.7,2,9.9,4.8,2,19,2,2,5.6,,12.5
20140720,4,NO2,41.7,32,22,43.8,50.2,43.9,36.6,17.5,20.6,48.3,17.1,43.6,33,52.1,19,46.9,27.3,14,21.3,,25.2,14,4.7,9.9,85.7,2,22.7,33.2,10.5,26,53.2,39.8,29.6,,103.6
20140720,4,O3,50.1,38.6,68.1,52,43.5,54.2,46.2,33.2,40.2,27.4,54.5,42.6,36.4,31.9,57.2,26.4,72.1,51.6,24.3,102.9,57.4,77.8,79.5,45.2,2,105.2,90.7,42.6,3.1,13.5,33.1,93.9,67.7,,9.4
20140720,4,CO,0.7,0.7,0.6,0.8,0.3,0.7,0.4,0.4,1.1,0.7,0.6,0.4,0.7,0.6,0.6,0.5,0.8,0.6,0.3,0.8,0.8,1,0.5,0.5,0.6,0.9,0.7,0.6,0.6,0.1,0.7,0.8,0.6,,0.4
20140720,5,SO2,3.4,2,2,2,4,2,6.8,3.7,2,2,2,2,2,2.2,2,2,2,2,2,2,2,2,2,2,2,2,8.5,4.9,2,18.3,2,2,3.4,,10.8
20140720,5,NO2,38.3,23.5,21.4,57.8,50.1,34.7,30.4,23.9,24.8,48.7,31.7,33.8,32.9,47.9,17.5,41.1,20.4,24.5,,,2,14.8,20.5,9.5,87.1,2.6,28.3,28.9,8.5,33.4,73.7,35.1,28,,72.8
20140720,5,O3,47.5,33.3,66.2,34.8,34.9,57.1,45.8,17.9,54.3,15.5,32.7,43.7,29.1,30.9,53.8,17.1,66,59.1,14.1,69.2,58.8,71,78.9,34,6.7,74.7,72.2,38.2,11.7,10.2,14.6,96.9,61.8,,18.8
20140720,5,CO,0.7,0.7,0.6,0.8,0.4,0.7,0.4,0.4,0.6,0.7,0.7,0.5,0.7,0.6,0.6,0.6,0.8,0.6,0.5,0.8,0.9,1.3,0.5,0.5,0.6,1.2,0.7,0.4,0.6,0.1,0.8,0.7,0.6,,0.3
20140720,6,SO2,3.6,2,2,2,2.1,2,7.2,3.6,2,2,2,2,2,2.6,2,2,2,2,2,2,2,2,2,2,2,2,7.2,3.7,2,18.7,2,2,2,,10.7
20140720,6,NO2,44.7,29.3,22,37.2,34.7,40,47.9,27.1,17.9,37.7,35.4,36.5,37,33.1,24.7,48.3,30.9,28.7,35,,2,19.3,11.1,11.8,37.6,4.2,23,37.2,9.1,27.2,64.8,38.9,39,,65.1
20140720,6,O3,34.4,34.4,55.9,43.9,48.2,41.7,20.2,14.1,58.5,21.1,16.8,31.5,17.5,35.4,44.2,16,39.7,54,13.5,64.8,57,64.2,74.7,61.7,52.3,59.6,72.1,25.4,5.5,25.3,14.3,91.9,49.8,,15.1
20140720,6,CO,0.7,0.7,0.7,0.8,0.3,0.8,0.4,0.4,0.6,0.6,0.7,0.6,0.7,0.6,0.6,0.8,0.8,0.6,0.5,0.8,1.1,1.1,0.6,0.5,0.7,1.3,0.7,0.6,0.7,0.1,0.8,0.7,0.6,,0.4
20140720,7,SO2,5.8,2,2,2,2.5,2,7.2,4.2,2,2,2,2,2,4,2,2,2,2,2,2,2,3.2,2,2,2,2,10.4,4.5,2,18.7,2,2,2.1,,10.8
20140720,7,NO2,38.4,26.8,25.6,37,29.9,40.2,40.5,21.8,36.4,34,29.7,37.6,37,31.9,24.9,46.6,34.5,30.7,35.5,,2,20.9,15.9,17.7,30.2,3.9,23.8,37.4,8.8,21.6,59.9,34,43.6,,51.7
20140720,7,O3,36.4,37.6,46.1,37.1,44.6,38.5,24,27.8,33.1,18.1,26.1,25.3,17.1,34,39.1,18.2,35.5,46.6,22,58.7,42.1,67.9,64,23.7,58,55.8,64.5,24.6,4.2,28.1,16.8,100.3,39.4,,17.3
20140720,7,CO,0.7,0.6,0.7,0.8,0.3,0.7,0.4,0.4,0.6,0.7,0.7,0.7,0.7,0.6,0.7,0.8,0.8,0.7,0.6,0.7,1.2,0.9,0.6,0.6,0.7,1.1,0.8,0.9,0.7,0.1,0.7,0.6,0.6,,0.3
20140720,8,SO2,9.8,2,2,2,2,3.1,6.7,4.7,2,2,2,2,2,7.2,2,2,2,2,2,2,2,7.3,2,2,2,2,15.2,8.7,2,17.4,2,2,2,,11.5
20140720,8,NO2,32.2,26.1,28.4,35,34.8,36.2,40.9,21.4,27.9,27.3,24.7,29.1,38,24.8,22.8,36.1,34.1,36.9,32.2,,2,22.5,18.3,21.4,41.4,4.6,26.5,23.7,8.8,18.4,59.7,33.7,48.8,,49.1
20140720,8,O3,42,42,47.2,43.7,41.4,45.8,27.2,29.1,46.3,28.6,40.9,43.1,21.7,45.6,45.9,32.6,48.4,45.2,36.5,66.2,49.9,68.4,58.9,43.5,43.9,71.6,65.9,43.7,23.9,35.2,14.4,104.2,39.2,,24.9
20140720,8,CO,0.7,0.6,0.7,0.7,0.4,0.7,0.5,0.4,0.6,0.7,0.8,0.7,0.7,0.5,0.7,0.7,0.9,0.7,0.6,0.8,1,0.9,0.6,0.6,0.7,1,0.8,0.5,0.7,0.1,0.8,0.6,0.7,,0.4
20140720,9,SO2,9.7,2,2,2.6,3.3,4.1,10.3,3.9,2,2,2,2,2,9.4,2,2,3,2.4,2,2,2,9.4,2,3.4,2,2,17.1,13.6,2,19,3,2,5.7,44.9,9.5
20140720,9,NO2,33.5,25.2,28.5,32.5,34.7,35.9,47.1,20,28.8,23,24.9,30.1,30.4,26.7,20.8,33.7,27.6,38.9,22.8,,2,17.6,12.5,26.2,29,4.7,22.4,18.4,7.5,18,61.7,34.2,47.9,93.1,69.3
20140720,9,O3,53.8,89.7,61.7,60.4,52.3,62.4,33.1,50.3,54.3,47.3,51.1,52.5,36.7,58.2,60.3,50.7,69.6,52.9,55.7,80.4,71.6,91.2,80.2,60.3,56.2,91.4,86.4,61.3,39.4,45,24.4,114.5,47,242.6,24.5
20140720,9,CO,0.7,0.6,0.7,0.7,0.4,0.8,0.5,0.4,0.6,0.7,0.8,0.7,0.7,0.6,0.6,0.6,0.9,0.7,0.6,0.7,1,0.7,0.6,0.6,0.8,1,0.6,0.4,0.7,0.1,0.7,0.7,0.7,0.9,0.6
20140720,10,SO2,10.2,2,2,3.8,3.4,6.9,9.5,5.5,2,2,2,2,2,10.9,2,2,4.1,2.8,2,2,2,10.2,2,3,2,2.1,18.3,15.1,2,24.4,,2,2.3,45.6,9.2
20140720,10,NO2,31.3,26.3,28.3,32.3,36.1,35.3,41,19.5,27.2,19,22.4,30.2,29.7,24.8,17.7,27.7,22.1,42,21.1,,2,12.3,11.6,26.7,29.9,2.2,22.5,20.6,4.2,17.3,,37,57,98.6,57.5
20140720,10,O3,79.6,112.5,85.2,85.9,76.2,92,54.5,61.4,74.5,79,73.4,75,54.8,80.7,88.2,81.4,106.9,63.5,73.1,109.4,103.7,113.3,89.9,75.1,69.5,116,107.6,87.5,60.5,68.7,,137.6,60.6,279.7,50.4
20140720,10,CO,0.8,0.7,0.7,0.7,0.4,0.8,0.5,0.5,0.7,0.7,0.8,0.7,0.7,0.6,0.6,0.5,0.8,0.8,0.6,0.9,0.9,0.7,0.7,0.7,0.9,0.9,0.7,0.5,0.7,0.1,,0.7,0.8,0.9,0.4
20140720,11,SO2,10.7,2,2,4.3,3,8.1,7.4,6.3,2,2,2,2,2,14.3,2,2,5.7,3.4,2,2,2,10.2,2,3,2,5.8,11.7,13.1,2,24.4,11.4,2,2,44.3,11.4
20140720,11,NO2,26,19.6,30.3,22.4,33.3,26.3,40.3,,23.3,15.6,16.7,25.2,26.7,21.6,14.9,29.6,16.2,30.5,25.2,,2,10.1,10.3,27.4,29.9,2,19.1,19.7,3.5,18.2,49.9,39.3,49.4,99.2,56.6
20140720,11,O3,113,138.8,115.5,129.5,115.6,129.2,81.5,77.4,107.9,115.3,104.6,110.6,80.3,114,120.4,105.7,146.2,102.2,88.5,127.3,126.7,138.4,101.3,96.1,79.4,131,123.7,125.3,89.5,95.7,79.4,160.1,93.7,303.1,75.6
20140720,11,CO,0.7,0.6,0.8,0.7,0.4,0.7,0.5,0.5,0.6,0.7,0.8,0.6,0.7,0.6,0.7,0.5,0.7,0.7,0.6,1,0.9,0.7,0.7,0.7,0.9,0.9,0.5,0.6,0.7,0.1,0.8,0.7,0.8,0.9,0.4
20140720,12,SO2,11.6,2,2,4.6,3.5,9,6.5,7.7,2,2,2,2,2,17,2,2.4,5.8,4.3,2,2,2,7.5,2,4.2,2,6.9,11.3,10.8,2,24.7,,2,2,43.5,12
20140720,12,NO2,21.3,16,25.9,23.3,26,22,27.3,20.3,15.7,13.3,12.3,18.6,28,18.1,15,27.5,14.3,27.5,21.9,,2,7.6,13,28.3,31.4,2,19.4,15.1,4.5,15.1,,22.9,56.4,98.8,53.2
20140720,12,O3,140.1,180.2,151.5,162.5,151.1,163.1,120.2,110.8,148.1,136,136.1,139.4,102.5,148.6,146,134.1,172.8,135.3,116.7,143.2,164.4,146.5,112.8,130.2,101.9,150.1,150,153.9,117.3,126.3,,207.2,121.9,325,104.7
20140720,12,CO,0.8,0.7,0.8,0.8,0.4,0.8,0.5,0.5,0.6,0.8,0.8,0.7,0.7,0.7,0.7,0.6,0.6,0.7,0.7,0.8,0.8,0.6,0.7,0.7,0.9,0.9,0.5,0.6,0.8,0.1,,0.7,0.8,0.9,0.5
20140720,13,SO2,12.5,2,2,4.6,2.7,9.7,6.5,8.4,2,2,2,2,2,22.7,2,2,5.8,4.2,2,2,2,5.3,2,5.1,2,4,15.3,8.8,2,24.9,8.8,2,2,45.7,2
20140720,13,NO2,18.4,11.7,14.9,19.7,23.1,19,21.4,14.7,12.5,13.4,11.9,18.4,27.7,16.2,12.4,25.4,12.6,24.3,17.5,,2,7,11.1,22.6,34.2,2,20.6,13.9,6,13.5,52,33.3,49,81.7,39.7
20140720,13,O3,150.8,204.7,164.4,172.8,168.7,180.9,124.3,130.7,165.6,144.7,156.7,160.6,120,171.7,164.6,152.9,188.3,176.1,143.3,182.2,181.7,181.3,140.8,179.9,138.3,160.2,183,173.3,151.2,150.9,116.7,206.3,128.4,341.9,132.9
20140720,13,CO,0.8,0.8,0.8,0.9,0.5,0.9,0.5,0.5,0.7,0.9,0.8,0.7,0.8,1,0.9,0.6,0.6,0.7,0.8,0.9,0.8,0.7,0.7,0.7,1.1,0.9,0.6,0.6,1.2,0.5,0.8,0.9,0.8,1,0.5
20140720,14,SO2,14.5,2,2,3.2,2.5,9.5,8.7,8.9,2,2,2,2,2,22.8,2,2,6.4,3.2,2,2,2,5,2,4.5,2,2.3,17.5,7.5,2,20.1,12.1,2,2,47.9,12.4
20140720,14,NO2,17.2,10.5,12.9,18.3,21.1,17.7,20.6,13.7,12,13.2,10.9,18.2,29.8,17.2,10.8,20.4,12.3,16.7,15.1,,2,8.8,10.8,19.6,27.8,2.3,22.3,13.4,9.2,13.4,48.5,21.8,45.1,64.9,31.2
20140720,14,O3,157.6,195.1,170.3,183.9,166.7,192.2,128.3,139.6,182.3,163.6,172.1,167.3,143.8,196.8,179.9,165.9,200.9,204.5,156.1,193.2,196.3,202.4,173.9,215.6,191.3,188.5,215.3,189.3,173.2,169.2,128.5,222.8,135.5,369.3,149.8
20140720,14,CO,1.1,1.1,1.1,1.3,0.6,1.1,0.6,0.6,0.7,1.1,1.1,0.8,1.4,1.1,1,0.7,0.7,0.7,0.9,0.9,0.7,0.6,0.7,0.7,1,1,0.7,0.7,1.3,0.7,1.2,1.1,1,1.2,0.6
20140720,15,SO2,14.6,2,2,3.5,2.7,11.1,10,8.8,2,2,3.2,2,2,22.5,2,2,5.6,3.6,2,2,2,6.5,2,3.3,2,2,15,8.2,9.5,25.4,,2,3.2,,12.6
20140720,15,NO2,16.4,9.8,13.6,18.4,20.6,17.4,22.3,13.9,11.9,12,13,19.6,31,17.4,11.8,20.3,13.6,14.3,14.9,,2,12.2,9.7,15.2,22.6,2,22.7,11.5,5,11,,20.9,45.8,,32.5
20140720,15,O3,169.2,213.1,189,200.2,179.9,209,146.7,147.5,194.9,184.7,199.7,188,158.1,216.7,202.5,181.4,208.9,193.8,167.6,216.3,218.2,220.5,193.6,211.5,194.8,205.9,229.3,186.1,187.9,174.5,,243.2,152.6,,165.3
20140720,15,CO,1.1,1.1,1.3,1.3,0.9,1.2,0.9,0.6,0.9,1.4,1.4,1.2,1.4,1,1.1,0.7,0.8,0.7,1,0.9,0.8,0.7,0.7,0.7,1,0.9,0.8,0.6,1,0.3,,1.1,1.3,,0.8
20140720,16,SO2,14.7,2,2,4.1,5.1,10.6,11,13.7,2,2,10.1,2,2,21.1,2,2,6.4,4.2,2,2,2,6.6,2,3.4,2,2,13,9.9,16.7,25.6,13.7,2,3.2,,13.8
20140720,16,NO2,15.8,9.5,14,18.6,21.3,17.7,22.5,15.6,13.1,11.9,13.4,19.5,30.5,17.4,11.3,19,14.7,14.8,15.3,,2,12.4,7.4,14.9,25.2,2,21.5,10.6,2,9.4,49.8,20.7,43.4,,33.7
20140720,16,O3,172.1,232.3,193,205.5,185.1,211.4,158.4,162.2,211.7,194.7,202,197.4,158.2,214.6,199.7,178.8,221.8,206.2,175.5,226.8,221.2,231.2,182.1,201,193.6,214.1,237.4,176.7,190.7,182.8,140.8,249.6,158.7,,169.3
20140720,16,CO,1,1,1.1,1.2,0.8,1.1,0.9,1,1.2,1.2,1.1,1.2,1.2,0.9,1.1,0.8,0.9,0.9,1,1,0.9,0.7,0.8,0.8,1.1,1,0.9,0.6,0.8,0.3,1,1,1.2,,0.7
20140720,17,SO2,13.3,2,2,5.4,5.3,8.5,11.4,12.4,2,2,9.7,2,2,18.9,2,2,8.6,7.5,2,2,2,7.3,2,6.8,2,2.3,10.8,9.7,9,27.2,12.4,2,10.5,49.9,13.3
20140720,17,NO2,14.2,10.7,15,18.5,23.8,15.6,23,17.4,11.3,10.8,19.1,17.7,29,18.1,10.8,18.5,15.6,16.5,15.5,,2,14.4,8.9,14,26.6,2,21.2,9.8,2,8.2,53.6,24.7,43.8,71.1,18.7
20140720,17,O3,156.9,198.9,184.8,196.4,168.8,179.6,152.9,140,195.7,187.7,190,186.2,157.2,208.9,185.1,164.3,209.9,209.2,169.7,209.1,225.5,232.8,184.2,210.7,200.8,228.8,214.5,166.5,173.7,190,127.1,232.3,150.4,342.8,159.9
20140720,17,CO,0.9,0.8,1,1,0.6,0.9,0.8,0.7,0.9,1.1,1,0.9,1.1,0.8,0.9,0.8,0.9,1.1,0.8,0.9,1,0.8,0.8,1,1.2,1,0.6,0.4,0.5,0.3,0.9,0.9,1.1,1.1,0.5
20140720,18,SO2,11.9,2,2,5.3,2,8.1,10.7,11.7,2,2,10.7,2,2,12.5,2,2,6.6,6.8,2,2,2,8.6,2,8,6.8,3.5,10.3,10,4.9,26,10.6,2,4.9,49,14.5
20140720,18,NO2,15.1,9.4,14.5,20.5,19.7,21.3,19.7,23.2,8.4,12.1,28.1,19.1,27.1,20.2,9.7,24.9,13.7,18.7,18.2,,2,16.4,10.2,13.6,25,2,20.2,10.1,2,9.1,57.3,29.7,45.7,75.7,31.3
20140720,18,O3,159,209.9,182.5,194.2,169.1,180.9,157.4,134,188.2,183.9,192.2,191.7,160.9,201.4,171.8,151.4,178.7,186.7,176,190.4,186.4,222.5,189.6,221,198.4,232.9,194.6,158.9,156.1,181.8,126.2,222,148.6,347.9,149.1
20140720,18,CO,0.9,0.8,1,1,0.6,0.9,0.8,0.7,0.7,1,1,0.9,1,0.6,0.6,0.6,0.8,0.9,0.8,0.7,0.8,0.8,1,0.9,1.3,1,0.5,0.3,0.4,0.3,0.9,0.8,1,1,0.6
20140720,19,SO2,8.3,2,2,3.5,3.2,4.6,12.4,12.5,2,2,9.3,2.1,2,10.3,2,2,5.1,7.3,2,2,2,9.7,2,7.9,6,4.4,11.8,9.3,3.8,26.6,5.8,2,2,,11.7
20140720,19,NO2,17.1,10.7,19.7,25.3,22.1,22.9,23.7,29.3,13.9,14.2,17.5,22.6,29.4,24.4,11.6,26.2,14.4,20,19.3,,2,19.9,10.6,15,32.4,2.4,21.4,13.2,2.8,10.2,60.5,42.2,61.3,,25.4
20140720,19,O3,151.2,192.5,169.5,173.8,162.5,169.3,151.7,132.4,194,167.4,179.6,190.8,139.7,177.6,162.7,142.9,168.9,183.3,174.8,173.6,170.2,193.1,180.2,183.5,172.4,215.4,205.1,146,137.6,166.8,116,187.8,123.8,,144.8
20140720,19,CO,0.7,0.6,0.8,0.8,0.5,0.7,0.6,0.7,0.9,0.8,0.8,1,0.8,0.5,0.5,0.4,0.6,0.9,0.8,0.8,0.9,0.8,0.9,0.9,1.1,1,0.7,0.3,0.3,0.2,0.7,0.7,0.9,,0.3
20140720,20,SO2,7.4,2.4,2,3.3,3.8,4,11.7,13.4,2,2,6.1,2.2,2,8.4,2,2,5.3,8.1,2,2,3.5,7.6,2,9.4,6.6,5.3,10.4,7.9,2.4,25,4.1,2,2,,13.2
20140720,20,NO2,21.9,16.5,19.3,27,29.4,27.9,27.8,20.6,15.4,20.2,19,29.5,40.7,29.9,22.1,39.4,18.2,23.9,22.4,,2,19.8,10,17.1,45.4,3,21.6,16.4,5.1,14,60.2,26.5,53.3,,29.9
20140720,20,O3,138.7,169.1,153.4,155.4,140.4,155.2,130.4,144.8,190,136.3,164.2,169,106.6,147.7,132.1,112.2,160.7,178.4,177.4,160.5,156.4,179.8,178.5,187.6,155.1,205.9,180.6,116.1,115.2,119.4,104.1,199.9,119.6,,133.4
20140720,20,CO,0.7,0.6,0.7,0.7,0.4,0.7,0.5,0.8,0.9,0.7,0.8,0.9,0.8,0.5,0.5,0.5,0.5,1,1,0.9,0.7,0.7,0.9,1,1,0.9,0.6,0.4,0.4,0.1,0.7,0.6,0.7,,0.3
20140720,21,SO2,9.4,3.9,2,3.6,2.9,4.8,12.5,13.3,2,2,3.8,2,2,8.1,2,2,5.2,8.1,2,2,5.8,6.5,2,7.8,6.4,5.4,9.1,7.9,2,23,4.8,2,2,,11.3
20140720,21,NO2,30.9,25.5,26.3,32.9,32.6,37.6,32.6,14.3,23.7,33,31.5,55.5,51,33.1,26.7,47.1,26.5,26.2,22.7,,2,17.2,11.2,18.4,52.1,3.7,30.5,23.8,8.8,16.1,61.9,38,69.8,,37.4
20140720,21,O3,114.8,147.5,130.9,129.7,123.4,128.6,108.2,143.9,168.6,99.8,126.5,117.9,80.5,118.9,108.4,79,135.7,165.9,162.9,130.1,139.4,176,159.4,162.6,141.9,187.4,132.1,92,80.2,88.4,87.9,171.7,92.3,,109.7
20140720,21,CO,0.7,0.6,0.8,0.7,0.4,0.8,0.5,0.7,0.9,0.8,0.9,1,0.9,0.6,0.5,0.5,0.6,0.9,0.9,0.7,0.7,0.7,0.9,0.9,1.1,0.8,0.4,0.5,0.4,0.1,0.7,0.7,0.8,,0.3
20140720,22,SO2,8.2,3.1,2,3.1,2,4.1,12.7,12.9,2.4,2,2,2,2,5.9,2,2,5.2,7.4,2,2,4.5,6.3,2,5.2,5.7,4.2,8.7,5,2,21.9,4.1,2,4.9,,13
20140720,22,NO2,34.3,31.4,29.6,37.1,33.8,43.5,46.2,15.4,31.2,57.8,31.4,61,41.5,28.3,21.2,45.8,33.6,33.8,31,,2,20.6,14.4,17.6,74.7,4.5,35.4,28.7,14.1,19.4,68.3,47.8,61.6,,56.9
20140720,22,O3,90.6,121.5,112.7,103.3,108.8,93.5,86.7,123.8,142.8,80.3,90.1,84,77.9,97.6,90.6,63.4,103.2,138.5,132.1,108.2,118.8,150.7,126.7,123.7,103.6,166.3,102.1,80.6,65.3,56.7,58,138.4,87.6,,68.8
20140720,22,CO,0.7,0.7,0.8,0.8,0.4,0.8,0.5,0.7,0.9,0.8,0.8,0.9,0.9,0.5,0.5,0.4,0.7,0.9,0.9,0.7,0.7,0.7,1,0.9,1.2,0.9,0.3,0.5,0.4,0.1,0.7,0.7,0.7,,0.3
20140720,23,SO2,5.8,2,2,2,2.6,3.3,10.3,13.5,2.6,2,2,2,2,5.7,2,2,5.4,6.2,2,2,2.7,5,2,5.3,5.6,3.1,13.3,4.4,2,22.6,3.2,2,8.3,,12.4
20140720,23,NO2,33.8,29.2,31.8,32.4,35.4,44.5,39.5,19.4,33,58.2,26.9,48.4,42.6,24.1,27.6,45.9,34.5,41.9,33.2,,6.5,18.1,17.5,26,93,5.7,31.7,31.2,16,24,55.5,39.4,47.2,,55.8
20140720,23,O3,72,97.7,85,82.9,78.8,74.8,78.8,102.7,113.1,59.1,80.9,82.2,53,95.6,76.1,55.2,78.7,107.1,103.5,98.2,92.6,122,97,235.2,72.2,130.5,121.5,66.1,51.7,42,52.9,134.2,79,,57.6
20140720,23,CO,0.7,0.6,0.8,0.7,0.4,0.8,0.4,0.7,0.8,0.7,0.8,0.7,0.8,0.5,0.6,0.5,0.6,0.9,0.8,0.7,0.8,0.5,1,0.8,1.2,0.9,0.6,0.6,0.5,0.1,0.6,0.6,0.7,,0.4
