date,hour,type,dongsi,tiantan,guanyuan,wanshouxigong,aotizhongxing,nongzhanguan,wanliu,beibuxingqu,zhiwuyuan,fentaihuayuan,yungang,gucheng,fangshan,daxing,yizhuang,tongzhou,shunyi,changping,mengtougou,pinggu,huairou,miyun,yanqing,dingling,badaling,miyunshuiku,donggaocun,yongledian,yufa,liulihe,qianmeng,yongdingmengxi,xizhimengbei,nansanhuan,dongsihuan
20140915,0,PM2.5,45.5,41.4,51.3,50.4,39.3,38.8,55.8,34.6,27.3,45.1,43.4,57.1,36,38.4,49.2,48.1,46.1,15.8,17.1,24.5,11.5,3,24.6,7,15,42.4,21.7,33.7,23.8,29.4,55.7,64.7,43.9,47.1,41.4
20140915,0,PM10,116,83.5,,100.2,134.9,100.3,151.6,,71.5,117.4,88,207.7,86.6,77.2,94.4,135.1,,,30.1,35.8,22.7,,,,,,,,43.2,42,123.4,,135.7,128.9,114.7
20140915,0,AQI,67,63,67,73,76,67,69,51,50,71,65,81,74,77,86,75,57,35,55,51,43,35,41,30,39,97,53,78,76,78,75,82,75,87,74
20140915,1,PM2.5,45.9,46.2,50.5,49,44.6,38,45.4,34.6,22.4,44.4,47.4,66.1,34.7,36.6,42.4,46.2,35.3,13.5,17,24.3,16.1,10.4,20,13.9,18.4,3,24.1,30.2,25.7,22.5,60.4,60.2,42.6,48.5,48.7
20140915,1,PM10,115.5,76.8,,104.4,106,113.6,142,,69.1,106.7,106.8,205.6,88.2,71.1,85.8,136.3,,,28.2,34.7,21.3,,,,,,,,43.2,39.5,130.6,,54.3,142.6,121.4
20140915,1,AQI,68,63,66,73,76,68,69,50,50,70,65,82,73,74,82,75,54,32,54,50,41,32,38,28,36,91,51,75,73,76,74,80,74,87,75
20140915,2,PM2.5,34.8,39.7,35.9,48.2,41.6,42.1,36.1,28.9,24.2,50,40.8,23,38.8,36.7,48.1,55.4,23.1,19.4,13.1,22.7,15.3,10.2,16,8.2,16.7,14.2,22.2,31.2,28.4,22.9,53,64.3,23.7,54.3,69.9
20140915,2,PM10,92.4,76.4,,83.4,65.9,92.6,89.4,,55.1,119.5,75.6,31.7,83.1,84.2,91.2,101.7,,,18.3,29.7,,,,,,,,,47.7,55,,,33.9,166.8,197.3
20140915,2,AQI,68,62,63,72,76,68,69,47,49,70,64,79,72,70,79,74,51,30,53,49,38,30,35,25,33,83,49,71,69,75,72,79,72,87,77
20140915,3,PM2.5,32.4,39.2,21.7,28,28,32.2,27.8,25.3,19.1,53.2,20,19,39.8,38.6,43.5,63.5,20.5,13.8,7.8,25.1,13,3,20.2,14.5,18,117.6,19.4,30.4,28.7,30.4,40.2,41.9,20.8,44,40.5
20140915,3,PM10,85.6,,,,66.2,71.3,71.8,,41.5,137.8,21.5,,86.5,101.2,93.2,155.9,,,15.5,,,,,,,,,31.9,39.4,50.4,,,83.3,,96.7
20140915,3,AQI,67,62,60,61,74,67,68,45,47,70,62,55,72,69,75,74,47,28,52,48,36,27,31,23,30,84,45,67,66,73,69,75,71,86,76
20140915,4,PM2.5,20.5,17,33.2,29.8,19.8,25.8,27.2,22.5,16.8,39.3,13.4,28.3,39.7,48.1,45.6,65.8,14.2,11.2,12,19,10.4,8.1,15.9,3,24.4,84.2,18.4,30.1,31.4,37.3,29.2,41.9,25.3,33,38
20140915,4,PM10,50.5,41.6,,,35.2,70.3,75.2,,39.7,82.3,36.4,,133.7,115.3,90.6,139.2,,,13.6,,10.9,,26.3,,,,,46.1,,100.9,,,65.8,64.4,84.5
20140915,4,AQI,66,61,57,59,72,66,67,42,44,70,61,54,72,69,70,74,42,25,51,47,34,24,38,19,29,85,42,64,64,72,66,72,70,84,75
20140915,5,PM2.5,12,10.9,27.2,20.8,18.5,17.8,27.9,24.3,12.8,24.1,21.3,26.3,27.2,40.2,48.5,36.4,13.4,14.9,10.9,15.5,10.9,9.9,21,11.1,32.2,43,10,30.5,29.1,36,19.9,31.9,22.1,26.7,23.1
20140915,5,PM10,27.6,27.3,,,,33.4,68.9,,,66.3,79,,78.6,93.4,86.9,68.5,,,19.1,16.3,,,26.4,,,,,42.3,31.8,94.3,,,40.9,56.3,38.2
20140915,5,AQI,63,59,53,55,51,63,66,40,43,69,61,52,70,68,65,73,38,22,49,44,32,21,37,17,31,84,37,59,63,71,62,68,68,80,71
20140915,6,PM2.5,6.8,9.2,22.3,21,14.8,15,22.7,26.7,6.6,30.2,16.4,11.1,24.4,29.6,25.9,19.6,19.1,7.7,13.2,18,10,16.8,19.3,7.1,24.9,118.3,11.3,43,29.3,42.5,14.5,32,21.7,21,27.4
20140915,6,PM10,31.1,37,,,,30.9,53.7,,12.5,87.9,36.1,,81,61.1,42.8,28.7,,,21.6,,,,,,,,,78.7,38,123.5,,,37.4,51.4,69.1
20140915,6,AQI,61,57,50,51,46,60,64,37,37,68,60,48,69,66,64,71,35,22,47,31,25,19,37,15,29,79,33,56,61,70,57,64,65,77,68
20140915,7,PM2.5,9.2,12.5,24.3,19.3,17.5,15.1,19.3,27.1,8,29.3,14.8,12.3,25.9,33.2,19.5,11.3,16,15.3,11.5,16.4,12.9,11.9,19.9,8,19,32.9,7.6,45.4,30.6,40.5,12.9,46,18.9,24.7,30.3
20140915,7,PM10,70.4,39.5,,,,29.7,38,,,86.7,42.7,,87.3,88.9,35.7,31.8,,,28.8,,,,26.2,,,,,121.6,58.1,114.3,,,44,94.1,86.7
20140915,7,AQI,58,54,44,46,41,57,62,34,37,67,57,43,68,65,61,68,31,22,44,29,22,17,37,15,27,77,29,54,59,69,52,60,62,76,67
20140915,8,PM2.5,12.4,19.5,23.2,21,21.8,20.4,24.1,22,5.9,18.3,14.8,17.3,20.7,34.9,21.4,19.6,14.9,21.7,11.7,21,18.6,10.4,26.8,10.7,18.5,3,7.8,25.5,23.7,36.5,26.6,31.5,17.9,30.9,26
20140915,8,PM10,39.1,23.5,,,,,68.8,,11.1,37.5,50.1,,48.7,86.3,61.5,52.6,,,33,,,,39.3,,,,,,125.5,165.6,,,,51.1,
20140915,8,AQI,56,52,40,42,37,56,60,32,36,65,56,39,66,62,59,66,29,21,43,27,18,16,37,15,28,71,25,52,57,68,48,56,38,73,67
20140915,9,PM2.5,11,19.2,25.1,16.4,16.3,,20.3,24.6,8.8,14.2,18.1,12.6,19.5,25.7,19.5,11,14.3,15.5,7.3,25.6,18.1,14.4,26.4,3,19.3,3,4.3,16.5,31.7,36.1,20.9,20.8,7,23.3,20
20140915,9,PM10,30.6,23.8,,,,,43.9,,,47.2,49.1,,40.2,70.1,31,49.1,,,20.7,,,,34.1,,,,,,,,,,32.5,,
20140915,9,AQI,55,50,38,39,34,,59,33,36,65,56,39,65,62,58,65,26,21,40,25,17,16,39,15,28,67,22,48,43,66,44,53,60,73,42
20140915,10,PM2.5,6.3,10.6,18.1,15.3,10.4,,15.1,,10.1,14,3,12.2,11.1,20.3,14.1,15.6,15.5,7.2,6.7,17.9,13.2,8.4,25.9,19.5,17.1,76.8,11.9,16.2,19.7,26.2,14,17.5,10.9,11.8,7.4
20140915,10,PM10,36.2,18.5,,17.4,51.3,,47.3,43.7,14.8,23,5,,38.2,60.1,32.5,47.8,,,13.9,,,37.2,,,,,,27.6,,,,,38.6,33.3,23.3
20140915,10,AQI,54,49,37,62,62,,60,58,36,64,56,39,64,61,58,65,25,20,39,26,17,33,40,16,28,66,20,47,36,42,41,51,60,72,65
20140915,11,PM2.5,6,6.4,10.3,3,45.9,,14.3,,6.4,6.7,8.9,10.3,4.7,16.5,6.9,4.4,12.6,7.2,3,16.8,14.8,4.5,12.7,,10.9,78.5,14.3,16.3,19.3,16.5,12.4,18.3,12.8,3,10.1
20140915,11,PM10,21.4,24.5,,5,,,,5,,,,,27.1,25.8,13.4,48,,,5,,,5,24.2,,,,,,,,,,17.7,5,
20140915,11,AQI,53,47,37,60,62,,61,56,37,65,56,39,63,61,57,65,26,20,37,27,18,31,40,17,28,70,19,47,33,41,40,50,60,70,65
20140915,12,PM2.5,3,4.4,8.2,6.1,11.6,,8.4,5.1,5.1,12,16.1,9.3,9.6,8.2,8.2,11.6,7.6,4.8,3.2,,9.3,3,14.5,3,15.1,83.8,3.2,7.1,19.2,12.8,3,20.4,,15.6,4.3
20140915,12,PM10,5,5,,20.9,24.8,,,,,,,,15.1,24.3,14,28.5,,,5,,,5,,,,,,,,,5,,5,40.5,5
20140915,12,AQI,53,45,37,60,61,,62,57,25,66,57,39,63,60,56,65,25,20,37,28,20,31,39,16,29,73,21,49,32,41,56,50,58,70,64
20140915,13,PM2.5,3,6,10.7,5,10.2,,7.8,7.3,5,6.1,6,5.3,7.7,9.1,11.4,5.8,3.5,11.4,4.9,,9,24.4,12.4,6.4,15.2,110.4,3,10.3,19.6,14.7,8.3,,5.5,4.6,11.4
20140915,13,PM10,5,11.8,,11.7,,,,,,,8.6,,20.9,23.9,,7.5,,,5,,,,15.9,,,,,,,19.6,13.5,,19.3,17.6,
20140915,13,AQI,53,45,37,59,62,,63,33,28,67,56,39,62,59,57,65,25,23,35,29,24,31,38,22,28,79,24,35,32,64,56,50,57,70,65
20140915,14,PM2.5,3,6,9.7,3,10.9,,6.3,5.9,7.5,3.9,8.4,4.7,5.2,7.5,13.4,3,8,,4,3.6,17.7,3,7.9,4.4,18.5,85.9,8.5,12.9,3,18,26.5,,11.3,3,19.9
20140915,14,PM10,6.1,12.5,,20.5,,,,,,15.1,16.4,,26,16.7,,19.7,,,5,,,6.3,25.8,,,,,,,24.6,,,20.8,32.2,
20140915,14,AQI,53,45,36,58,34,,65,33,30,67,56,38,62,59,58,64,26,19,35,29,27,31,39,24,28,83,26,36,32,64,56,51,57,69,38
20140915,15,PM2.5,3.9,10.2,6.2,6,3.1,,13.3,6.1,5.4,10.7,10.2,15.3,12,6.8,12.7,3,9.3,3,3.2,5.5,13.5,15.3,9.4,5.1,20.3,21.8,3,7.4,6.1,29,3,5.5,13.6,16.2,9.7
20140915,15,PM10,9.7,15,,36,,,,,,28.8,25.1,,38.9,32.3,20.5,6.8,,,14.9,,,,13.4,,,,,,,37.5,18.5,,,43.6,
20140915,15,AQI,53,44,35,58,34,,34,32,32,67,56,38,62,58,58,63,27,24,35,29,29,32,37,25,28,77,26,36,31,62,56,51,57,69,39
20140915,16,PM2.5,6.3,11.5,12.8,14.1,8.6,,12.2,5.2,9.9,14.7,12.6,19,11.1,9.2,9.9,3,7,9.1,14.2,5.6,15.1,14.4,10.6,5.2,17.6,4.7,8.7,7.9,14.9,9.7,9.9,10.2,14.7,20.6,3
20140915,16,PM10,29.5,39,,67,,,,,,37.6,31.8,,37.2,46.8,27.7,27.1,,,42.8,,,,27.9,,,,,,,29.1,32.5,,44,55.3,
20140915,16,AQI,53,45,35,59,33,,34,31,37,67,56,41,62,59,58,63,27,26,39,31,29,31,37,26,27,73,28,36,32,61,56,50,58,69,38
20140915,17,PM2.5,8.8,12.1,13.5,19.2,12.4,,12.6,11.7,13.9,12.6,9.7,19.8,13.1,16.1,11.6,3,13.2,5.1,11.9,10.1,14.8,10.3,7.9,4.4,18.6,30.2,3,10.3,19.5,16.9,17.2,9,10.2,20.7,15.4
20140915,17,PM10,41.5,39.9,,117.9,,,,,,42.3,33.3,,48.7,42.9,35.9,46.9,,,38.4,,,,27,,,,,,,,53.9,,64.5,60.3,
20140915,17,AQI,53,46,35,60,33,,34,31,47,67,56,41,61,59,58,63,27,27,37,33,31,30,37,27,36,70,30,35,34,41,56,50,58,69,38
20140915,18,PM2.5,9.6,8,21.6,24.5,17.2,15.3,17.9,15.3,10.8,17.9,7.5,21.7,14.1,16.6,15.2,3,11,8.5,10.4,12.3,14.3,8.1,10,8.1,19.4,,5.5,16.4,14.1,10.6,24.9,17.3,23.5,26.3,11.7
20140915,18,PM10,60.1,64.2,,127.9,,60.3,,,,57.6,24,,24.3,59.6,59.1,66.8,,,39.3,,,,15.5,,,,,,,,83.5,,99.9,132.6,
20140915,18,AQI,54,47,36,61,33,51,35,31,39,68,55,39,59,59,58,64,26,29,37,32,27,29,36,26,39,69,32,35,32,40,57,50,59,71,38
20140915,19,PM2.5,17.1,15.2,14.9,18.1,18.6,20.8,9.6,14,12.7,17.1,12.7,21.9,15,20.5,23.4,5.8,16.3,18.7,10.2,20.7,,3,15.3,8.2,15.7,,8,27.9,15.8,9.9,31.7,21.6,23,27.6,24
20140915,19,PM10,61.7,52.5,,80.6,,71.5,,,,51.3,32.6,,47.5,53.6,84,100.5,,,54.4,,,,57.9,,,,,,,,74.1,,56.5,97.3,
20140915,19,AQI,54,46,35,60,33,52,35,31,30,65,53,38,58,58,58,65,40,31,37,29,,39,38,19,34,70,32,36,31,38,58,50,59,73,38
20140915,20,PM2.5,17.9,19.6,20.8,25.7,16.4,23.8,15.5,18.8,16.7,20.9,14,25.9,16.6,13.2,30.2,18,19.7,21.5,15.9,31,29.1,16.9,23.3,13.5,21.3,,12,30.2,18.3,19.3,27.8,17.2,15.9,30.2,16.8
20140915,20,PM10,65.7,56.4,,78,,60.4,,,,85.2,54.3,,60.5,50.4,87.2,102.2,,,52.7,,,,83.7,,,,,,,,76.2,,61.5,103.7,
20140915,20,AQI,54,45,35,58,32,52,34,30,23,64,52,36,57,57,58,63,38,27,35,29,32,43,40,17,27,69,32,35,32,37,56,48,58,70,36
20140915,21,PM2.5,22.4,18.8,23,34.7,21.6,27.2,18.1,17.6,16,26.5,20.4,29.1,26.6,20.3,28.7,25.6,14.8,25.2,19.9,37,33.4,37.6,22.4,13.7,14.4,,22.9,56.1,17.1,23.9,32.4,20.6,22.4,30,17.1
20140915,21,PM10,73.7,58.8,,84.3,,73.2,,,,104.7,74.3,,91.6,52.2,68.5,77,,,70,,,,72.4,,,,,,,,87.1,,81.5,93.1,
20140915,21,AQI,53,44,34,58,32,52,33,29,20,63,51,35,56,56,57,62,34,33,35,36,24,41,39,18,27,70,29,36,31,37,55,46,56,69,35
20140915,22,PM2.5,20.5,36.3,26.5,26.9,24,26.9,22.7,19.2,10,35,22.5,28.1,24,25.8,32.1,25.2,20.5,14.6,22.8,31.5,39.3,23.7,36,12.4,13,,21.9,46.2,26.5,35,29.7,21.5,29.1,39.8,17.3
20140915,22,PM10,76.2,76.2,,86.6,,81.9,,,,112,79.6,,90.3,67,76.6,72.5,,,72.9,,,,64.3,,,,,,49.4,,97.8,,111.6,140.5,
20140915,22,AQI,52,43,33,56,31,51,35,28,18,62,49,36,56,56,56,61,43,19,33,28,32,40,39,17,26,20,25,37,46,36,54,44,55,69,34
20140915,23,PM2.5,23.9,28,29.4,33.5,23.6,30.4,29.2,18.9,8.3,39.4,30.4,36.6,35.4,30.3,31.8,22.1,30.4,11.7,19.4,19.3,26.4,19.8,28.4,10.7,10.7,,18.7,22.7,30.1,36.2,33.1,36.8,27.3,39,23.4
20140915,23,PM10,90.6,99.9,,104.6,,105.8,,,,130,89.3,,102.1,75.6,77.8,74.7,,,64.3,,,,,,,,,,68.8,,108.4,,115.1,152.8,
20140915,23,AQI,51,44,33,56,30,51,41,27,18,63,49,43,56,56,55,59,41,19,36,28,25,32,38,15,26,19,22,36,48,37,54,43,54,66,34
20140915,0,SO2,4.1,2,2.6,2,5.6,2.7,9,4.1,2,5.9,2,4.5,2.6,2,7.7,7.3,2.6,2,8.5,3.1,2,2.2,3.5,2,3.2,2,2.3,10.8,2,2,4.7,5.6,13.1,5.9,2
20140915,0,NO2,66.2,53.2,67.3,65.7,77.7,,76.1,58.8,2,59,51.4,67.4,54.2,46.2,61.4,63.9,46.9,18.7,33,19.4,13.1,34.9,45.7,16.9,45.6,6.6,47.8,59.1,30.4,34.7,63.5,73.1,73.1,115.9,73.5
20140915,0,O3,2,2,2,2,2,2,2,2,2,2,2,2,2,2,15.4,2,2,30.4,20.4,17.3,28.2,2.4,2,25.2,10.8,30.6,13.3,2,2,2,2,2,2,2.1,2
20140915,0,CO,0.9,0.7,0.8,0.8,0.8,0.9,0.8,0.6,0.6,0.7,0.7,0.9,0.8,0.6,0.7,0.5,0.6,0.3,0.4,0.4,0.3,0.4,0.5,0.3,0.3,0.3,0.2,0.4,0.4,0.4,1,0.7,0.9,0.8,0.8
20140915,1,SO2,3.9,2,2.3,2,5.9,2.6,10.4,4.5,2,6.1,2,5.7,2.4,2,7.4,7.3,4.1,2,7.4,3.2,2,2,3.2,2,3.2,2,2,8.3,2,2,4.9,6.1,10.9,6.7,2
20140915,1,NO2,62.6,46.6,64,63.6,74.2,,76,55.2,2,54.8,54.3,68.2,50.6,44.7,59.4,60.5,35,16.5,31.4,20.3,20.6,30.7,44.3,14.9,42.4,4.7,51.2,55.4,33.4,30.1,57.9,73.6,72.5,120.8,73.8
20140915,1,O3,2.3,2,2,2,2,2,2,2,2,2,2,2.4,2,2,15.6,2,2,32.7,20,15.4,16.7,5.3,2,26.9,7.2,32.6,7.6,2,2,2,2,2,2,2,2
20140915,1,CO,1,0.7,0.9,0.9,0.8,0.9,0.8,0.6,0.6,0.7,0.7,1.2,0.8,0.6,0.7,0.6,0.7,0.3,0.4,0.4,0.4,0.3,0.5,0.3,0.3,0.3,0.3,0.4,0.4,0.4,1.1,0.8,1,0.8,1.2
20140915,2,SO2,3.8,2,3.4,2,6.7,2.7,,4,2,5.7,2,5.3,2,2,7,5.3,8.8,3.2,5.9,2.8,2,2.3,3.2,2,4.7,2,2,7.2,2,2.4,2.1,5.8,2,8.2,8
20140915,2,NO2,64.4,47,63.5,59.7,68.2,,72.6,48.8,2,54.3,52.8,55.7,48.2,42.5,58.1,55.4,23.8,31.2,18.9,19.3,16.4,36.4,39.5,13.3,48.4,2.4,48.6,50.7,28.9,30.2,61.7,71.8,65.4,128.1,61.5
20140915,2,O3,2,2,2,2,2,2,2,2,2.3,2,2,4.8,2,2,14.7,2,2,20.5,33.8,13.6,20.3,2,2,28.1,2,35.1,6,2,2,2,2,2,2,2,2
20140915,2,CO,1,0.8,0.6,0.9,0.7,1,0.7,0.5,0.5,0.8,0.6,0.7,0.9,0.6,0.7,0.6,0.2,0.3,0.4,0.4,0.3,0.3,0.5,0.3,0.3,0.3,0.3,0.4,0.4,0.4,0.9,0.8,0.6,0.8,1.5
20140915,3,SO2,3.7,2.3,3,2.1,4.4,2.8,8.7,2.6,2,6.7,3.1,5.1,2,2,5.7,10.8,2.5,2,5,2.6,2,2.1,2.5,2,10.7,2,2,7.4,2,2.6,2,8,8.8,4.8,3
20140915,3,NO2,59.4,56.4,60.5,63.9,59.1,,66.4,42.7,2,57,50.5,32.5,48,40.4,57,51.6,22,42.1,20.2,16.1,11.5,36.6,35.6,12.2,55.9,4.7,37.5,48.3,23.8,26.7,59.1,73.3,64.4,127.1,55.2
20140915,3,O3,2,2,2,2,2,2,2,2,9.4,2,2.8,26.4,2,2,14.3,2,2,12.2,34.5,18,25.7,2,2,29.7,2,24.3,19.4,2,2,2,2,2,2,2,2
20140915,3,CO,0.6,0.7,0.5,0.6,0.4,0.6,0.5,0.4,0.3,0.9,0.4,0.5,0.7,0.7,0.8,0.9,,0.4,0.3,0.4,0.3,0.3,0.5,0.2,0.4,0.3,0.2,0.4,0.5,0.4,0.6,0.6,0.6,0.7,0.6
20140915,4,SO2,2.5,2.8,2.2,2.5,3,2.4,7.2,2.6,2,6.4,2.9,3.4,3,2,7.3,8.9,2,3.2,5.1,2.5,2,2,3.2,2,26.4,2,2,7.3,2,4.8,2,6,3.1,5.1,4
20140915,4,NO2,51.6,53.6,57.3,62.6,50.3,,64.2,41.3,2,57.5,45.4,59,47.9,37.1,60.3,43.8,25.8,38,16.1,12.4,9.8,36.9,35.5,10.6,56.8,2,23.2,46,13.9,35.9,53.7,67.7,61,115.8,55.6
20140915,4,O3,2.6,2,2,2,2,2,,2,13.1,2,7.5,2.6,2,2,10.2,2,2.8,16.7,38.3,23.3,25.5,2,2,41.1,2,33.1,38.4,,2,,2.1,2,2,2,2
20140915,4,CO,0.4,0.5,0.6,0.6,0.3,0.5,0.5,0.4,0.3,0.8,0.3,0.6,0.8,0.8,0.8,0.7,0.2,0.3,0.4,0.3,0.2,0.3,0.4,0.2,0.6,0.3,0.2,0.4,0.5,0.5,0.4,0.5,0.6,0.5,0.6
20140915,5,SO2,2.9,2,2,2,3.6,2.4,8.9,2.1,2.9,6,2,2.7,2,2,7.8,5.2,2,3.1,8,2.4,2,2,2.5,2,42.9,2,2,7.8,2,5,2,4.6,2,4.1,2
20140915,5,NO2,49.2,48.6,55.1,58.1,49.7,,59.4,32.6,2,56.8,57.8,57.9,,46.4,60.6,47.2,27.4,33.7,19.7,11,13.7,35.5,33.4,7.3,60.1,,20.5,46,6,26.7,48.1,61.6,57.9,103.9,49.7
20140915,5,O3,3.1,2,2,2,2,2,2,2,39.1,2,2,2,2,2,6.8,2,8.3,19.9,35,28.2,21.4,2,2,36.6,2,27.3,44.5,2,2,2,2.8,2,2,3.3,2
20140915,5,CO,0.4,0.4,0.5,0.4,0.3,0.3,0.5,0.5,0.2,0.6,0.4,0.6,0.5,0.8,0.8,0.4,0.2,0.3,0.4,0.3,0.2,0.3,0.4,0.2,0.7,0.2,0.2,0.4,0.5,0.5,0.3,0.4,0.5,0.5,0.4
20140915,6,SO2,2.4,2,2.6,2,3.5,2,7.2,2.4,6.1,5.9,5.7,8.2,2,2,6.3,3.7,2,4.4,11.8,2.8,2,2,2.7,2.7,52.6,2,2,7.8,2,5.4,2,6.1,2,4.6,2.4
20140915,6,NO2,50.4,49.2,54.8,53.8,50,,56.8,28,2,57,48.5,34.1,55.3,52.4,55,46.2,29.9,43.3,25.8,20.2,11.2,34,30.4,9.6,56.1,3.4,21,43.6,6,26.1,53.2,62.5,55.6,101.9,69.7
20140915,6,O3,3.1,2,2,2,2,2,2,2,50.5,2,9.5,26.6,2,2,10.3,2,11.3,11.2,27.8,19.3,20,2,2,33.1,2,30.5,41.6,2,2,2,2,2,2,3.5,2
20140915,6,CO,0.4,0.4,0.5,0.4,0.2,0.3,0.5,0.5,0.2,0.7,0.4,0.4,0.6,0.7,0.5,0.2,0.3,0.4,0.4,0.4,0.3,0.3,0.4,0.2,0.8,0.3,0.2,0.5,0.5,0.5,0.4,0.5,0.5,0.4,0.7
20140915,7,SO2,2.7,2,3.4,2,3.8,2.1,6.9,3.3,12.4,5.8,8.9,9.7,6.5,2,6,2.7,2,24.1,11.7,2.5,2,2.7,3.5,4,55.8,2,2,8.8,2,4.9,2,10.7,4.3,6.3,2
20140915,7,NO2,51.3,36.1,54,55.2,51.2,,57.1,35.2,2,54.8,31,37.5,60.3,55.6,53.1,44.4,27.9,42.8,31.6,22.3,21.7,32,28,16.1,42.9,3.6,19.4,49.9,17.8,25.2,52.6,77.3,57.6,107.9,64.3
20140915,7,O3,3.7,2,2,2,2,2,2,2,54.1,2,24.3,23.8,2,2,13.2,2,12.7,13.7,19.6,17.5,12.8,2.6,2,24.9,13,29.7,43.4,2,2,2,2.4,2,2,2,2
20140915,7,CO,0.5,0.4,0.5,0.5,0.3,0.3,0.4,0.6,0.2,0.8,0.4,0.4,1,1,0.4,0.1,0.3,0.5,0.4,0.3,0.3,0.3,0.5,0.2,0.6,0.3,0.1,0.6,0.6,0.5,0.5,0.9,0.6,0.5,0.9
20140915,8,SO2,13,10.4,14.9,8.1,11.6,9.9,12.1,5.6,11.3,9.9,7.5,9.1,12.8,5.6,10.3,4.8,2.2,32.7,10.9,3.9,4.6,6.6,20.5,10.3,53.5,2,2,10.2,2,3.9,10.8,14.7,26.1,11.7,2
20140915,8,NO2,48.8,54.3,52.1,56.5,49.1,,52.5,45.3,2,48.6,39.8,50.7,55.2,54.8,52.1,42.9,26.8,37.6,26.3,29.3,32,27.6,31.8,16.9,28.8,3.7,21.8,52,35.6,37.4,51.4,71,59.5,128.5,59.4
20140915,8,O3,9.5,4.7,5.7,6.1,2,3.8,2,2,53.9,2,14.3,14,3.8,2.9,19,2.2,18.7,18.4,28.5,17.1,11.6,8.1,6.4,24.9,30.8,27.3,38.4,3.6,2,2,6,2,2,2,2
20140915,8,CO,0.7,0.7,0.6,0.6,0.4,0.4,0.5,0.6,0.3,0.6,0.4,0.6,0.8,0.9,0.6,0.2,0.4,0.6,0.4,0.5,0.4,0.4,0.7,0.3,0.5,0.3,0.2,0.4,0.6,0.5,0.6,0.8,0.8,1,0.7
20140915,9,SO2,22.1,23,19.1,17.8,21.5,,14.7,9.6,6.6,12.8,6.4,7.8,8,8.6,21.3,4.8,2.4,32.3,6.4,5.8,11,4.6,41.5,30.4,40.9,2,2,8.3,4.3,4.8,19.2,22.8,36,16.3,17.1
20140915,9,NO2,44.3,54.5,43.8,44.5,46.8,,50.4,35.7,2,52.6,52.2,32.6,46.8,48.8,49.6,41,21,25.7,14.5,33.5,27.4,22.2,32,8.8,22.6,2.8,24.7,47.8,38.5,47.3,43.4,64.3,56.1,123.3,57
20140915,9,O3,20.3,13.9,16.7,22.7,8.6,,2,13.1,61.8,2,17.3,35.2,13.9,6.5,36.6,8.9,29.9,30.6,46.7,27.9,22.2,16.2,16.8,39.2,39.5,38.9,40.9,10.6,6.9,7.5,18.4,9.3,8.5,3.6,7.1
20140915,9,CO,0.6,0.7,0.5,0.5,0.4,,0.5,0.5,0.2,0.7,0.5,0.4,0.5,0.6,0.6,0.2,0.3,0.5,0.3,0.5,0.4,0.4,0.7,0.4,0.4,0.3,0.2,0.3,0.6,0.5,0.5,0.6,0.7,0.7,0.5
20140915,10,SO2,15.4,13.6,12.5,12.1,17.6,,12.7,8.8,4.9,9.8,4.1,,3,7.3,16.7,7.1,2.3,20.7,4.1,4.3,8.5,3.7,31.5,24.4,36.1,2,3.1,7.5,6.1,9.5,12.2,15.7,9.1,13.4,19.7
20140915,10,NO2,36.4,45.2,35.7,32.4,38.1,,44.6,33.6,2,43.4,18.8,23.9,36.8,46.6,42.6,50.8,21.8,14.8,9.5,18.3,23.1,20,29.4,2,22.7,2.7,32.2,45,32.3,45.7,29.8,55.2,54.8,117.8,44.3
20140915,10,O3,32.1,26.9,28.5,39.7,18.2,,11.2,23.6,65.4,16,53.3,46.6,24.3,15.6,53.3,12.7,43,45.2,54.1,47.2,35.4,25.6,25.7,47.7,41.7,47.8,41.9,16.3,19.1,23.8,38,19.4,14.3,10,19.6
20140915,10,CO,0.5,0.4,0.4,0.4,0.4,,0.4,0.5,0.2,0.5,0.2,0.3,0.4,0.6,0.4,0.2,0.3,0.5,0.3,0.3,0.3,0.3,0.5,0.3,0.5,0.3,0.2,0.3,0.4,0.4,0.4,0.5,0.6,0.6,0.4
20140915,11,SO2,10,8.8,8.1,7.1,13.4,,12.5,5.9,3.2,6.4,2.2,,2,3.7,10,6.9,2.9,6.3,2.4,3.2,9.9,3.1,28.6,13.7,30.1,2,2.1,8.4,5.4,5.6,9.5,9.9,2,7.7,14.5
20140915,11,NO2,27.8,48.4,29.5,24.1,28.3,,39.4,21.4,2,26.4,14,17.7,29.6,31,27.8,43.5,23.2,10.4,7.8,9.4,23,18,28.8,2,22.3,2.2,27.4,45,35.3,15.9,33.3,46.3,48.5,103,36
20140915,11,O3,45.7,31.9,40.5,52.3,33.5,,24.4,37.6,71.5,38.6,59,45.3,34.3,38.2,76.9,22.4,44.1,56.1,59.1,64.6,49.4,39.3,30.8,54.4,48.5,62.2,53.5,22.5,29.5,58.3,42.8,35.4,29,21,33.9
20140915,11,CO,0.4,0.4,0.3,0.3,0.3,,0.3,0.3,0.3,0.3,0.2,0.3,0.4,0.4,0.3,0.1,0.3,0.4,0.3,0.3,0.3,0.3,0.4,0.2,0.5,0.3,0.2,0.3,0.4,0.2,0.4,0.4,0.4,0.5,0.3
20140915,12,SO2,3.7,3.7,2.8,4.4,5.1,,7.7,4.6,2,4.4,2.6,2,2,2,7.8,7.8,3.6,5.9,2,,6.1,2.5,34.1,7.1,19,2,2,8,4.6,3.9,3.8,5.2,33.2,6.5,5.8
20140915,12,NO2,17.1,33.4,17.4,16,15.2,,24.3,12.7,2,17.2,11.5,13.5,23.1,19.5,24.7,31.4,17.6,9.7,6.4,10.2,17.1,13.5,16.4,3.3,24.1,2,26.5,43,24.7,15.5,21.3,35.1,36.5,109.9,28.8
20140915,12,O3,60.6,49.5,56.7,63.1,53.6,,42.5,54.8,79.8,54.4,65.3,70.5,43.7,56.7,88.8,41.4,61.3,62,63,74.1,62.9,62.5,54,49.1,48.6,75.5,66.9,30.9,48.6,69,58.3,50.4,39.2,22.9,47.7
20140915,12,CO,0.3,0.3,0.2,0.3,0.2,,0.2,0.3,0.3,0.3,0.2,0.2,0.3,0.3,0.3,0.1,0.3,0.4,0.3,0.3,0.3,0.2,0.4,0.2,0.4,0.2,0.1,0.3,0.4,0.2,0.3,0.3,0.1,0.5,0.3
20140915,13,SO2,2.8,2.9,2.4,3.7,5.2,,5.9,4,2,4.7,2.7,2,2,2,6.1,5.3,6.3,4.8,2,,5.2,4.4,21.4,5.7,18.4,2,2,7.5,3.4,4.1,3,4.1,172.7,6,5.7
20140915,13,NO2,13.4,23.2,12.8,11.5,13.5,,19.8,11.4,2,15.9,9.6,11,20.7,17.3,18.3,14.2,14.8,5.9,5.9,6.3,10.8,13.5,13.1,2.5,28.6,2,23.3,34.9,11.7,15.3,16.8,28,31.1,112.4,29.3
20140915,13,O3,73.5,69.7,69.4,77.7,64.1,,52.6,61.9,88.9,71.4,75.6,77.4,52.6,70.2,105.1,65.1,66.5,71.3,68.8,,74.7,74.8,64.2,67.8,48.1,82.3,74.8,40.3,70.2,82.7,74.4,66.5,45.9,30.8,55.3
20140915,13,CO,0.2,0.3,0.2,0.2,0.2,,0.2,0.3,0.2,0.3,0.2,0.2,0.3,0.3,0.3,0.1,0.3,0.3,0.3,0.2,0.2,0.2,0.3,0.2,0.4,0.2,0.1,0.2,0.3,0.2,0.3,0.2,0.1,0.4,0.3
20140915,14,SO2,2,3,2,3.7,4.7,,5.4,3.6,2,4.4,3,2,2,2,5.8,5.8,6.8,3.2,2,2,5.2,3.8,15.6,4.4,12.6,2,2.1,8.2,2,5.1,2,4.5,171.1,6.8,3.3
20140915,14,NO2,12.1,20.6,13.2,13,10.9,,19.5,9.4,2,16.9,11.9,12.4,19,15.3,14.8,12.3,14.2,5.8,5.9,5.9,13.8,13.2,10.5,2.6,29.8,2.5,22.6,32.8,6.7,13.2,25.9,30.4,26,121.3,20.7
20140915,14,O3,85.2,83.6,80.5,86.5,71.7,,61.6,64.5,95,76.5,82.7,80.4,63.5,87.3,122,72.4,72.9,,75.7,88.5,83.3,87.8,72.7,74.2,59.8,88,80.5,50.5,79.9,109.9,77.5,73.2,58.4,35.3,69.9
20140915,14,CO,0.2,0.2,0.2,0.3,0.2,,0.2,0.2,0.2,0.3,0.3,0.3,0.3,0.2,0.2,0.1,0.2,0.3,0.3,0.2,0.2,0.2,0.3,0.2,0.4,0.2,0.1,0.2,0.3,0.2,0.3,0.3,0.1,0.5,0.3
20140915,15,SO2,2,2.3,2,3.5,4.1,,6.2,3.2,2,4.5,3.1,2,2,2,5.6,4.5,5,,2.2,2,5.2,4.9,15,4.9,9.2,2,2,7.8,2.4,3.9,2,2,166.3,6.1,2
20140915,15,NO2,13.7,21.1,18.7,18,12,,26.4,10.1,2,19.7,14.6,20.5,20.5,18.6,15.9,10.1,12.7,8.4,12.9,7.1,14,14.8,10.3,2,35.9,2.7,20.8,24.9,11.9,11,29.3,29.4,33,121.7,16.6
20140915,15,O3,89.4,88.5,80.2,88.9,78.1,,62.1,67.1,100.1,86.8,102.8,92.2,85.2,97,132.5,82.6,84.4,73.7,87.6,90.6,89.9,96.4,79.6,76.9,59.3,95.2,83,55.8,89.1,121.5,79.5,80.8,58.7,38.2,81.3
20140915,15,CO,0.2,0.2,0.2,0.3,0.3,,0.2,0.2,0.2,0.3,0.3,0.3,0.3,0.2,0.3,0.1,0.2,,0.4,0.2,0.2,0.2,0.3,0.2,0.4,0.3,0.1,0.2,0.3,0.2,0.3,0.2,0.1,0.5,0.3
20140915,16,SO2,2,2.2,2,3.7,4.8,,7.3,2.9,2,4.6,3.6,2,2,2,5.6,2.7,2.9,2.9,2.7,2,5.9,4.8,13.4,4.3,9.8,2.5,2,8,2.4,3.1,2.3,2.9,174.5,5.3,2
20140915,16,NO2,19.1,19.1,24.7,21.8,18.5,,36.1,10.8,2,22.4,16.4,24.5,26.1,18.8,18.3,14.8,13.7,,20.5,7.1,18.5,14.3,9.9,2,36.1,3.3,19.6,23.6,10.5,10.2,49.2,37.6,47.1,109.2,19.7
20140915,16,O3,94.2,103.4,86.3,95.9,78.7,,65.9,68.1,117.1,105.6,129.1,131.1,100.5,109.6,138.3,89.4,85.3,81.5,122,98.6,92.5,98.6,87,81,65.9,108.5,86.8,59.2,95.7,105.6,76.3,86.6,55.2,54.2,83.9
20140915,16,CO,0.3,0.3,0.2,0.3,0.2,,0.2,0.2,0.2,0.3,0.4,0.4,0.3,0.2,0.3,0.1,0.2,0.2,0.5,0.2,0.2,0.2,0.3,0.2,0.4,0.3,0.1,0.2,0.3,0.2,0.4,0.3,0.1,0.4,0.3
20140915,17,SO2,2,2,2.2,4,3.7,,7.2,3.6,2,4.8,2.5,2,2,2,5.2,3.2,2,2.6,2,2.5,6.5,7.5,13.7,5.3,12.8,2.6,3.1,8.3,2.4,2.5,2.1,3.5,173.7,5.2,2
20140915,17,NO2,22.5,19.2,26.4,30.2,34.9,,42.2,19.5,2,22.5,20.4,26.9,28.8,21.4,18.9,22.5,15.3,,19,9.8,22.9,22,10.5,2,70.8,3.2,20.2,25.3,6.7,9.4,64.8,35,67.5,110.2,28.2
20140915,17,O3,104,113.4,109.7,107.8,81.2,,87.3,98.1,148.1,128.6,109.7,129.4,81.7,131.5,148.1,96.9,86.3,86.1,106,105.1,96.9,93.5,87.6,85.2,35.9,110.2,93.2,63.5,108.6,95.8,75.1,100.2,52.1,63.6,87.5
20140915,17,CO,0.3,0.2,0.3,0.3,0.3,,0.3,0.3,0.3,0.3,0.4,0.4,0.3,0.2,0.3,0.1,0.2,0.3,0.4,0.2,0.2,0.3,0.3,0.2,0.5,0.2,0.1,0.2,0.3,0.2,0.4,0.3,0.1,0.4,0.3
20140915,18,SO2,2,2.7,2.6,5,5.5,2.7,6.6,3.3,2,5.2,2,2,2,2,5.4,3,2.4,3,2,3.4,6.4,6.7,12.4,5.5,14.9,3,3.9,8.1,2,2.5,2.4,3.9,,7.8,2
20140915,18,NO2,26.3,23.3,31.9,32.9,40.4,36.6,50.1,30.2,2,34.5,22.8,29.5,34.9,29.8,23.3,35.8,40.1,29.2,23.6,18.9,34.4,28,13.4,4.5,77.1,3.4,20.3,30.8,7.8,11.3,68.3,41.4,86.9,140.9,35.2
20140915,18,O3,119.2,132.7,114.9,121.4,101.2,120.3,78.3,89.8,121.7,110.1,90.1,95.7,61.9,121.6,151.8,86.8,70.6,90.7,80.9,99.6,84.5,89.9,85.1,80.1,30.3,105.3,99.3,57.3,92.9,87.2,91.7,116.4,52.9,43.6,99.4
20140915,18,CO,0.3,0.3,0.4,0.4,0.3,0.1,0.3,0.3,0.2,0.3,0.3,0.4,0.3,0.3,0.3,0.1,0.3,0.4,0.4,0.3,0.3,0.3,0.3,0.2,0.4,0.2,0.2,0.2,0.3,0.1,0.5,0.3,0.1,0.5,0.4
20140915,19,SO2,2,2.7,2,4.6,3.4,3.5,4.7,4,2,4.3,2,2,2,2,7.5,2.9,4.6,2.2,2,3.7,,6.3,11.4,4.1,9,2.9,4.9,8.6,2,2,3.3,3.8,,7.8,2
20140915,19,NO2,32.4,30,41.3,44.3,44.6,40.9,52.4,34.1,2,57,28.3,36.3,57.3,35,50.4,40.8,79.3,61.7,32,40.3,,77.9,25.7,11.4,66.3,3.8,26.2,44.5,24.9,15.4,60.7,48.2,81.6,144.1,33.9
20140915,19,O3,89.3,99.5,69.6,75,68.8,104.5,46,58,93.4,43.1,75,74.2,36.2,82.4,118.6,86.8,41.8,80.5,65,75.3,,35.1,66.9,57.8,27.7,95.5,101.2,42.7,63.5,77.7,68,79.6,26.1,26.5,100.1
20140915,19,CO,0.4,0.3,0.4,0.4,0.3,0.2,0.3,0.3,0.3,0.4,0.4,0.4,0.4,0.3,0.4,0.1,0.4,0.4,0.4,0.4,,0.5,0.4,0.3,0.4,0.2,0.2,0.3,0.3,0.2,0.5,0.4,0.1,0.7,0.4
20140915,20,SO2,2,2.2,2,4.7,2.5,3,4.8,3.5,5.8,5.2,2.6,2,2,2,8.2,4.2,5,2.4,3.8,3.7,3.9,5.6,6.7,3,5.1,3.1,5.2,9.6,2,2.6,3.4,3.8,,8,2
20140915,20,NO2,40.9,41.3,51.5,53.8,47.8,50.1,53.9,53.1,2,73.9,43.4,43.7,55.3,38,54.3,53.2,75.3,54,42,53.9,62.3,84.9,38.9,10.2,46.3,6.7,34.4,51.4,28.1,22.1,63.4,58.6,78.4,139.7,37.5
20140915,20,O3,59.8,62.7,45.7,48.4,42.6,61.4,35.4,31.8,71,16.9,63.2,57,35.7,61.7,95.7,65.6,50.3,56.3,47.7,51.7,43,22.1,43.6,51.4,42.2,80.9,101.6,33,48.7,60.3,42.4,47,11.9,16,67.1
20140915,20,CO,0.4,0.4,0.4,0.5,0.3,0.2,0.3,0.4,0.3,0.4,0.4,0.4,0.4,0.3,0.5,0.1,0.5,0.5,0.5,0.6,0.6,0.5,0.5,0.3,0.3,0.3,0.2,0.3,0.3,0.3,0.5,0.4,0.1,0.6,0.3
20140915,21,SO2,4.2,3.3,2.8,6,3.3,4.4,5.5,2,6.7,6.7,3.6,2,2,3.7,8.6,4.7,4.5,2.5,3.6,4.4,3.6,4.7,4,3.3,4.3,2,5.2,9.4,3.2,2,4.3,4.7,,8.7,2
20140915,21,NO2,51.3,49.1,57.4,69.9,50.1,58.7,60.7,51.3,2,85.8,54.1,66.8,52.3,32,50.4,50,67.6,65.8,68.2,72,46.8,81.7,56.6,12.9,29.9,4,39.5,57.4,30.6,26.9,72.6,64.1,84.5,136.5,47
20140915,21,O3,43.8,48,37.1,25.4,38.5,44,29.3,20,49.5,2,43.7,29.8,31,61.2,79.5,48.8,28.7,31,13.9,19.9,43.4,7.5,16.5,55.1,57.2,73,90.3,23.6,36.6,33.4,26.9,35.1,6.2,12.3,49.8
20140915,21,CO,0.5,0.4,0.4,0.5,0.3,0.3,0.3,0.4,0.3,0.5,0.5,0.5,0.6,0.3,0.4,0.1,0.4,0.5,0.5,0.7,0.5,0.7,0.6,0.3,0.3,0.3,0.3,0.3,0.3,0.3,0.6,0.4,0.1,0.5,0.3
20140915,22,SO2,8.1,9.5,5.1,9,5,9.1,6.8,2,2,8.7,4.4,2,2,9,15.5,7.4,5.7,2.9,3.4,2,3.2,5.3,4.1,2.8,3.7,2,5.4,7.5,7.3,2.6,10.1,12.9,,11,5.2
20140915,22,NO2,54.1,62.9,51.9,70.7,50.1,64,68.2,44.8,2,80.1,61.7,71,58.9,40.8,52.2,46.8,84.6,30.1,65.4,31.8,63.2,78.3,66.8,10.7,24.4,4,37.3,58,28.2,38.7,76.8,76.9,78,137.1,54.6
20140915,22,O3,37.1,30.7,38.4,20.4,35.6,35.6,18,19.4,36.2,2,30.5,19.8,21.1,46.3,72.7,40.5,7.7,54.8,10,34.5,17.3,2,2,51.9,61.1,62.6,77.7,21.1,39.6,33.1,21.5,19.2,8.3,6.6,42.6
20140915,22,CO,0.5,0.4,0.4,0.5,0.3,0.3,0.4,0.4,0.3,0.5,0.5,0.5,0.6,0.4,0.4,0.1,0.5,0.4,0.5,0.6,0.7,0.6,0.7,0.3,0.2,0.3,0.3,0.3,0.4,0.4,0.6,0.5,0.1,0.6,0.3
20140915,23,SO2,7.4,9,4.7,8,5.3,9.9,7.1,2.2,2,9.3,3.9,2,3.7,8.7,13.1,13.4,4.3,2.9,3.7,2,2.5,4.2,4.3,2.9,2.9,2,4.6,8.8,6.6,2.6,8.9,12.8,,8.8,5.5
20140915,23,NO2,57.9,66.6,59.2,76,56.9,65.3,81.2,49.8,2,83.8,67.2,84.5,68.8,41.4,57.1,49.9,81.8,24,70.5,23,27.1,63.9,63.2,12,18.5,4.5,36.1,58.2,28.9,40,78.8,75.3,75.7,123.3,59.9
20140915,23,O3,32,25.3,26.1,15.2,22.8,31.4,2,6.4,43.1,2,16.6,4.1,9.4,44.1,59.9,36,2,56,2,44.2,43.9,5.8,2,47.2,57.4,59.2,67.6,18.8,38.5,29.6,15.8,19.5,2.6,16.9,37.5
20140915,23,CO,0.5,0.5,0.4,0.5,0.3,0.4,0.4,0.4,0.3,0.5,0.5,0.6,0.6,0.4,0.4,0.2,0.6,0.3,0.5,0.4,0.4,0.4,0.6,0.3,0.2,0.3,0.2,0.3,0.4,0.4,0.6,0.5,0.1,0.5,0.3
