date,hour,type,dongsi,tiantan,guanyuan,wanshouxigong,aotizhongxing,nongzhanguan,wanliu,beibuxingqu,zhiwuyuan,fentaihuayuan,yungang,gucheng,fangshan,daxing,yizhuang,tongzhou,shunyi,changping,mengtougou,pinggu,huairou,miyun,yanqing,dingling,badaling,miyunshuiku,donggaocun,yongledian,yufa,liulihe,qianmeng,yongdingmengxi,xizhimengbei,nansanhuan,dongsihuan
20140706,0,PM2.5,213.3,199,173.7,177.6,190.3,172.3,165,95.9,87.2,153.4,104.3,115.1,106.2,192.3,209.8,228.8,224.9,116.2,96.7,163.3,218.5,165.1,103.7,81.6,94.3,167.1,160.1,208.7,,101.7,204.8,198.2,182.7,195.7,187.6
20140706,0,PM10,,,,,,,,,,,,,,,,,,,,,,,,82.8,,,,,143,,,,,,
20140706,0,AQI,180,159,149,140,163,150,145,148,127,134,116,138,117,137,156,209,244,183,128,232,271,215,190,180,185,227,260,184,62,105,164,151,154,156,169
20140706,1,PM2.5,230.4,213.1,189.8,191.2,207.2,190,193.1,107.2,97.9,179,105.7,134.1,125.5,204.7,228.9,274.8,238.2,150.2,111.7,158.4,226.7,166.1,110.5,97.3,102.5,182.6,163.5,210.2,,111,,211.6,197.1,208.7,204.3
20140706,1,PM10,,,,,,,,,,,,,,,,,,,,,,,,99.3,,,,,160.6,,,,,,
20140706,1,AQI,183,162,151,143,166,153,148,146,126,137,118,140,119,141,162,217,249,181,127,234,275,217,183,173,179,228,262,191,65,108,,155,158,159,172
20140706,2,PM2.5,244.8,229.9,203.4,211.1,221.5,212.4,202.6,110.1,106.1,197,130,158,136.9,216.9,229.7,261.9,246.3,202.9,115.2,171.1,234.4,183.7,118.3,105.2,109.8,189.9,193.1,202.2,,108.3,235.7,218.6,210.1,,229.3
20140706,2,PM10,,,,,,,,,,,,,,,,,,,,,,,,107.8,,,,,155.6,,,,,,
20140706,2,AQI,188,167,154,147,170,157,153,145,127,139,120,143,122,146,167,223,254,185,127,237,279,218,177,168,175,230,264,198,67,110,173,160,162,,176
20140706,3,PM2.5,237.3,229.2,202.2,200.6,280.7,196,218.5,98.2,128.2,199.5,140.2,167.4,147,202.8,225.5,236.7,249.3,238.2,124.8,209.4,238,187.7,138.6,133.8,114.6,198.7,210.6,206.3,,125.1,234.7,218,208.7,,212
20140706,3,PM10,,,,,,,,,,,,,,,,,,,,,,,,122.1,,,,,139.7,,,,,,
20140706,3,AQI,192,172,158,151,177,161,158,142,129,143,122,146,125,151,174,228,258,191,128,241,283,220,172,166,170,233,267,203,70,113,178,165,166,,181
20140706,4,PM2.5,227.1,207.2,173.3,175.7,242.9,189,197.3,95.8,136.9,175.2,157.3,196.9,162.9,190.8,219.2,219,233.6,247.9,125.5,196.1,242.1,186.9,147,137.7,113.3,207.8,198,202.6,,126.1,221.1,209.7,181,210.9,205
20140706,4,PM10,,,,,,,,,,,,,,,,,,,,,,,,120.9,,,,,138.3,,,,,,
20140706,4,AQI,197,177,160,154,183,164,162,140,130,146,126,151,130,157,181,233,263,198,130,244,288,222,168,165,166,236,266,208,72,116,183,170,169,176,184
20140706,5,PM2.5,220.8,222,166.5,183.6,202.8,202.4,185.5,98.8,146.2,169.3,156.4,198.5,167,209.1,222.6,195.4,214.9,256.5,107.3,187.9,227.9,174.5,164.6,151,122.5,204.8,150.4,183.2,,130.3,218,210.4,174.1,209.8,217.9
20140706,5,PM10,,,,,,,,,,,,,,,,,,,,,,,,128,,,,,118.5,,,,,,
20140706,5,AQI,201,183,162,158,187,169,166,138,133,150,130,157,134,164,188,236,266,203,129,246,291,223,167,165,163,239,261,212,73,120,188,176,171,181,189
20140706,6,PM2.5,236.9,228.5,179.7,211.5,203.2,213.5,189.8,99.5,143.8,189.7,148.7,202.2,186.7,211.4,227.4,181.1,220.7,266,94.8,178.7,231,165.7,166.2,157.2,129.6,208,156.2,164.3,,128.2,227.9,215.4,195.1,224.8,226.4
20140706,6,PM10,,,,,,,,,,,,,,,,,,,,,,,,128.7,,,,,125.8,,,,,,
20140706,6,AQI,205,190,165,164,191,175,170,137,136,155,134,163,139,171,196,239,269,209,128,247,292,225,165,165,160,242,256,216,74,124,193,181,175,187,194
20140706,7,PM2.5,246.8,229.3,181.2,204.2,214.5,201.9,195.6,111,137.3,187.1,152.8,189.7,170.6,230.9,226.1,173.6,240.6,257.6,88.5,152.3,226.9,161.7,170.1,179.5,151.3,202.4,136.2,144.5,,138.9,237.1,223,198.4,229.6,212.5
20140706,7,PM10,,,,,,,,,,,,,,,,,,,,,,,,175.1,,,,,200.4,,,,,,
20140706,7,AQI,209,196,167,169,195,179,175,136,136,159,137,167,142,179,202,240,270,213,126,245,288,225,164,166,159,244,250,217,76,127,198,186,178,192,199
20140706,8,PM2.5,251.5,243,213,216.6,233.4,210.1,193.9,134.3,171.6,223.8,184.2,200,177.6,245.5,226.2,157.3,195.7,243,90.9,150.7,209.9,167.9,173.7,252.7,198.1,201.1,122.7,144.8,,178.9,245.2,226.5,229.9,238.3,220
20140706,8,PM10,,,,,,,,,,,,,,,,,,,,,,,,233.2,,,,,232.8,,,,,,
20140706,8,AQI,213,201,171,173,200,184,176,135,137,164,140,170,145,186,205,240,264,217,124,244,284,226,163,172,161,245,240,218,78,131,203,191,181,198,203
20140706,9,PM2.5,245.7,232.7,209.7,216.2,231.1,215.9,227.8,215.5,194,221,201.8,202.3,182.7,226.4,222.7,158.6,193.9,250.3,137.6,150.1,211,154.9,167.5,247.6,194.5,203.3,127.2,138,,190.3,228.7,231,226.4,,222.9
20140706,9,PM10,,,,,,,,,,,,,,,,,,,,,,,,191.5,,,,,160.9,,,,,,
20140706,9,AQI,217,206,174,178,205,190,179,138,138,169,143,172,148,191,209,237,261,220,123,239,278,226,162,178,163,245,229,217,81,135,206,197,186,,206
20140706,10,PM2.5,238.9,229.4,218.5,217.7,226.5,205.4,243.5,250.1,190.4,207.5,200.6,206.4,176.9,225.2,204,156.9,193.1,245,152.2,149.4,222.7,161.6,147.4,239.5,159.2,194.6,142.7,150.8,,195.6,239,224.6,221,237.4,226.1
20140706,10,PM10,,,,,,,,,,,,,,,,,,,,,,,,191.9,,,,,200.3,,,,,,
20140706,10,AQI,221,210,180,185,209,195,183,143,140,174,147,173,150,197,213,232,258,221,122,232,274,224,164,183,164,243,221,215,84,139,212,203,191,208,210
20140706,11,PM2.5,237.2,232.1,207.3,204.7,228.4,197.2,234.7,231.9,185.8,182.7,193,211.9,178.5,204.6,202.3,163.9,207.7,240.9,165.8,145.5,236,155.7,119.4,,149.9,197.5,135.2,156.6,,180,223.6,218.1,227.2,230.6,221.3
20140706,11,PM10,,,,,,,,,,,,,,,,,,,,,,,,,,,,,193.9,,,,,,
20140706,11,AQI,226,215,186,192,213,199,189,147,142,178,150,176,153,202,217,229,253,223,124,224,268,221,165,,165,241,212,214,86,143,216,208,197,213,213
20140706,12,PM2.5,230.1,215.6,203.4,199.1,229.4,200.3,218.9,246.5,207.5,190.2,183,200.7,172.6,194.6,204.1,173.1,212.5,248.4,175,148.6,242.3,151.9,112.8,220.2,174.9,201.1,144.7,158.7,,176.7,215.1,205.1,228.7,209,217.9
20140706,12,PM10,,,,,,,,,,,,,,,,,,,,,,,,204.8,,,,,192.1,,,,,,
20140706,12,AQI,230,220,192,199,216,203,195,153,146,183,155,181,159,207,222,228,250,224,127,216,262,217,165,188,167,240,208,213,88,147,221,212,204,217,216
20140706,13,PM2.5,216.2,202.9,190.3,187.9,221.7,191.7,195.9,256.1,204.7,172.3,170.3,188.1,170.8,173.5,188,174.2,214.8,247.8,166.1,140.1,236.5,166.9,110.2,230.5,197.1,205.1,149.6,163.7,,165.4,195.5,204.2,206.4,204.3,215.8
20140706,13,PM10,,,,,,,,,,,,,,,,,,,,,,,,183.9,,,,,140.4,,,,,,
20140706,13,AQI,235,225,197,203,222,207,201,159,152,189,161,187,165,211,227,228,249,226,131,209,258,214,165,193,169,238,203,214,90,152,225,217,208,222,221
20140706,14,PM2.5,222.1,202.3,174.3,172.5,201.9,180.9,174.5,236.9,163.8,149.3,167.6,182.4,166.4,141.7,186.5,178.7,208.9,262.9,160.5,149.8,245,173.3,143.7,219.9,200.6,204.2,174.9,164.8,,158.9,204.9,197.4,200.8,186.6,199.6
20140706,14,PM10,,,,,,,,,,,,,,,,,,,,,,,,196.9,,,,,138.3,,,,,,
20140706,14,AQI,241,230,202,208,226,212,205,166,158,194,167,194,171,214,231,228,249,229,137,205,258,213,165,196,171,237,200,215,91,158,231,222,213,227,226
20140706,15,PM2.5,204.6,185.2,153.4,148.7,191,171.6,166.5,206.6,164.3,151.9,159.2,178.4,149.5,134.4,186.2,182.1,200.8,244.8,163.8,162.2,245.6,179.2,176.2,,192.6,203.7,193.8,165.2,,166.1,189,165.7,173.7,160.2,195
20140706,15,PM10,,,,,,,,,,,,,,,,,,,,,,,,,,,,,119.7,,,,,,
20140706,15,AQI,246,234,206,212,231,216,210,174,164,200,173,200,176,217,236,230,250,232,142,205,259,214,167,,172,237,201,216,94,164,235,226,217,230,230
20140706,16,PM2.5,193,165.9,144.9,139.5,173.9,165.8,171.8,189.4,159.1,146.5,147,165.9,148.3,133.8,183.3,188.4,196,224.3,145.7,164,233.3,180.3,210.1,226,228.4,188.8,187.3,165.9,,161,168.7,174.4,162.6,157.3,186.7
20140706,16,PM10,,,,,,,,,,,,,,,,,,,,,,,,219.1,,,,,149.8,,,,,,
20140706,16,AQI,250,238,209,215,235,219,214,181,170,204,178,204,181,220,240,234,251,237,147,204,261,215,171,205,177,237,202,218,95,170,239,231,221,234,234
20140706,17,PM2.5,190.5,178.5,153.1,161.5,175,165.4,158.1,187.8,143.6,145.3,150.4,164.7,149.9,140.4,169.1,178.4,187.2,210.5,147.3,162,217.4,178,225.6,215.4,241.8,206.9,171.1,168.3,,156.5,173.3,175.1,173.1,176.5,183.4
20140706,17,PM10,,,,,,,,,,,,,,,,,,,,,,,,205.9,,,,,143.6,,,,,,
20140706,17,AQI,254,242,213,219,239,223,218,189,176,207,183,208,186,224,243,236,253,242,152,206,263,216,178,210,185,238,204,219,97,176,242,235,225,238,238
20140706,18,PM2.5,185.5,165.7,161.7,150.1,174.6,165.7,158.3,156.8,151,145.8,149.5,169.7,145.4,144.3,160.5,186.3,187,199.8,148.3,164.8,206.3,173.8,223.2,207.9,234.2,188.4,166.4,177.6,,149.4,165.6,160.5,175.7,165.2,187.9
20140706,18,PM10,,,,,,,,,,,,,,,,,,,,,,,,186.1,,,,,176,,,,,,
20140706,18,AQI,258,245,218,224,243,227,222,194,181,211,189,213,191,227,246,238,256,248,158,208,265,217,185,215,194,239,207,221,99,181,247,239,230,243,242
20140706,19,PM2.5,189.6,160.4,154,146.8,180.4,165.2,166.2,169.1,151.9,147.6,143,173.8,139.4,158.3,170.8,191.8,194.1,197.1,149.1,159.9,200.3,174.3,209.2,205.3,216.7,186,156.4,165.8,,144.3,158.9,154.7,167.7,159.8,188.7
20140706,19,PM10,,,,,,,,,,,,,,,,,,,,,,,,191,,,,,185.4,,,,,,
20140706,19,AQI,262,248,222,227,247,230,227,201,187,215,193,217,195,231,249,241,258,254,164,210,268,218,192,220,202,240,209,223,101,185,250,243,235,247,246
20140706,20,PM2.5,213.5,182.3,162.1,167.5,189.8,178.8,165.7,196.2,144,157.6,142.5,165.9,147.5,189,192.5,190.2,193.1,195.7,146.1,157.4,203.2,177.9,219.6,203.5,211.3,192.8,150.9,157.4,,141,,189.9,176.6,,195.1
20140706,20,PM10,,,,,,,,,,,,,,,,,,,,,,,,190.5,,,,,186.2,,,,,,
20140706,20,AQI,266,252,226,231,252,234,231,206,192,218,197,220,199,235,252,243,260,259,168,212,271,219,200,225,208,242,210,223,103,188,,247,239,,250
20140706,21,PM2.5,229.7,209.6,191.2,201.3,211.7,191.1,191.5,203.7,137.4,192.3,171.7,196.2,176.9,203.8,210.2,171.9,195.7,196.6,153.1,150.9,196.7,178.8,221.9,198.9,218.3,199.8,138.9,132.6,,139.6,206.2,207.9,206.7,,193.9
20140706,21,PM10,,,,,,,,,,,,,,,,,,,,,,,,191.4,,,,,171.8,,,,,,
20140706,21,AQI,271,255,229,234,256,238,235,212,196,222,202,225,203,238,254,244,261,264,172,213,273,220,206,230,214,244,210,222,105,192,257,250,242,,254
20140706,22,PM2.5,232.6,220.1,205.1,208.1,214.7,177,217,216.3,142.6,209.3,197.2,223.3,192.8,220.2,196.6,134.2,180.5,197.7,174.2,136.4,200,175,223.8,199.1,218.8,199.5,108,114,,146.8,228,214.4,218.2,224.9,179.3
20140706,22,PM10,,,,,,,,,,,,,,,,,,,,,,,,168.2,,,,,171.3,,,,,,
20140706,22,AQI,273,257,232,236,260,239,240,217,199,227,207,230,208,240,255,241,261,269,178,212,273,221,212,235,220,246,209,219,106,195,259,252,246,255,255
20140706,23,PM2.5,202.9,188.4,211.9,204.2,185.4,149.9,236.7,215.2,165,229.2,209.9,238.3,214.6,207.7,168.1,119.3,150.8,205.9,173.3,153.3,195.8,150.5,220.6,198.5,226,194.9,93.9,111.5,,169,205.5,193.2,221.9,,155.9
20140706,23,PM10,,,,,,,,,,,,,,,,,,,,,,,,191.3,,,,,187.2,,,,,,
20140706,23,AQI,273,258,235,238,260,238,245,222,203,231,212,235,213,242,253,237,258,273,183,211,273,221,218,240,225,247,206,215,107,200,260,252,249,,254
20140706,0,SO2,17.2,11.4,2,4.4,3.7,11,13.2,16.8,2.7,2,2,2,4.8,7.1,2,6.6,3.2,2,2,2,2,5,3.6,2,3,2.9,7.3,3.5,2,10.4,3.1,2,5,2.6,36.4
20140706,0,NO2,42.2,32.8,37.6,28.1,42.1,34.5,68.4,19.3,38.5,54.1,44.3,56.1,33.6,41.2,41.3,69,38.1,37.9,76.8,26.2,30.9,16.7,16.6,18,120.4,6.3,24.2,43.8,2.2,58.9,53.6,55.2,51.3,89.2,138.2
20140706,0,O3,122,131.1,134.1,139.5,136.3,163.6,79.8,97,77.4,82.9,62,73.1,84,113.2,120.5,65,128.6,97.8,53.8,141.1,109.9,177.6,135.5,81.3,19.9,149.8,142.4,66.5,,33.7,111.1,144.7,120.4,60.6,51.5
20140706,0,CO,2.1,2,2,1.7,1.7,1.7,1.3,0.7,0.9,1.4,1,1,1,1.6,1.8,1.8,1.9,1,1,1.3,1.7,1.7,0.7,0.7,0.8,1.4,1,1.4,0.8,0.6,2,2,2.1,1.9,1.7
20140706,1,SO2,18.8,11.8,2,4.2,4,11.3,13.1,16.5,2.9,2,2,2,4.7,6.5,2,12.5,2.2,2,2,2,2,7.3,3,2,2.9,3.2,8.8,4.1,2,10.6,,2,7.5,3.3,40.5
20140706,1,NO2,43.7,32.1,47,29.2,48.6,34.8,57.8,22.5,33.2,40.7,22.4,37.5,48.4,35.2,52.2,49.9,43.5,39.2,58.2,20.2,29,15.6,20.5,17.8,112.9,6.7,22,37.4,5,29,,47.6,52.2,85.2,138.5
20140706,1,O3,102.1,114.2,96.8,110.1,101.9,133.6,85.2,82.4,74.1,90.1,85.7,88.3,52.7,101.2,83.4,66.1,97.2,87.4,53.8,120.8,103.3,177.2,114.4,72.4,13.9,160.6,136.9,69.2,,56.4,,125.7,95.5,43.3,28.3
20140706,1,CO,1.8,1.7,2,1.5,1.6,1.6,1.5,0.8,1.2,1.6,1,1,1,1.6,1.9,1.6,1.8,1.4,1,1.3,1.8,1.5,0.8,0.8,0.8,1.6,1,1.2,0.9,0.6,,1.9,1.9,1.9,1.6
20140706,2,SO2,21.6,11.2,199,5.6,3.9,12.7,12.9,16.4,2.9,2,2,2.9,2,5.3,2,218.1,3.5,2,3,8.5,7.1,17.2,3.9,2,2.7,5.5,200.6,4.1,4.4,10.2,3.2,2.1,2,,47.5
20140706,2,NO2,37.2,27.2,39.4,29.1,40.6,37.9,46.1,20.1,32.9,43.1,34.9,58.6,37.7,39.3,26.2,40.5,32.2,42.1,68.4,17.5,22.8,15.9,29.6,20,89.7,6.5,24.7,30.3,7,24.4,53.3,46.1,45.5,,126
20140706,2,O3,91.4,97.3,82.6,95.4,87.6,108,79.1,63.9,82.2,72.8,71.9,38.7,51.2,73.4,91.2,63.8,93.6,81.4,25.5,109.2,102,143.7,96.2,61.8,19.2,168.3,100.2,70.3,,39.2,74.2,103.5,88.2,,18.5
20140706,2,CO,1.6,1.5,1.4,1.5,1.3,1.7,1.3,0.8,1,1.6,1.1,1,0.9,1.5,1.7,1.5,1.7,2,1,1.2,1.5,1.7,0.8,0.8,0.8,1.6,1.1,1.1,0.8,0.6,1.6,1.6,1.4,,1.7
20140706,3,SO2,17.7,9.4,5.1,4.4,4,9.4,13.4,17,2.6,2,2,2,2,5.7,2,2,3.4,2,2,9.3,2,21.4,3.2,2,2.7,12.3,11.3,3.4,2,10.9,2.5,2,2,,44.8
20140706,3,NO2,37.5,31.5,29.4,29.7,48.7,37.4,48.4,18.9,43.4,40.5,32.3,52.2,31.3,42.7,28.2,44,36.1,43.5,57.9,22.6,26.1,17,24.9,20.9,99.4,6.4,27.7,33.1,7.3,35.9,52.6,43.8,35.9,,113.3
20140706,3,O3,78.2,76.6,88.1,86.1,65,92.9,66.7,54.1,49,62.3,59.5,39.1,48,62.1,80.6,51.7,75.5,71.8,2,89.3,82.1,120.3,98.7,62,2,139.7,82.7,53.1,,29.8,60.9,97.4,89.5,,20.1
20140706,3,CO,1.5,1.5,1.3,1.3,1,1.4,1.1,0.7,1.1,1.3,1.1,0.8,1.1,1.3,1.6,1.3,1.7,2.1,0.1,1.6,1.5,1.7,1,1.1,0.9,1.6,1.1,1.1,0.8,0.7,1.5,1.4,1.1,,1.3
20140706,4,SO2,15.8,5.8,3.8,3.9,4.6,8.6,13.9,17.2,2.1,2,2,2,2,7.1,2,6.5,3.1,2,2,12.2,2,18.6,3.3,2,2.7,14.6,8.5,3.6,2,11.2,2,2,5.7,4.8,47.3
20140706,4,NO2,38.6,29.3,22.4,26,42.2,32.1,41.6,19,30.5,29.4,25.7,58.6,31,42.9,31.2,46.2,48.5,39.5,66.1,20.9,26,14,23.3,20.2,85.7,7.7,26.5,55.6,2.3,46.8,62.4,49,31.8,78.7,126.8
20140706,4,O3,81.5,68.4,101.2,96.3,73.1,99,70.4,54.7,46.3,86.9,52.8,25.8,38,69.1,74.4,22.1,40.2,71.5,14.6,94.6,70,121.6,85,48.6,3,110.8,66,17,,13.8,48.6,90.3,98.8,24.4,10.5
20140706,4,CO,1.4,1.4,1.2,1.1,0.9,1.4,1,0.6,1.4,1.1,1.1,0.9,1.1,1.3,1.5,1.6,1.6,2,0.7,1.6,1.6,1.7,1,1.1,0.9,1.8,0.9,1.4,0.8,0.8,1.5,1.4,1,1.3,1.4
20140706,5,SO2,15.1,7.4,3.7,3,2.2,8.3,12.8,17,2,2,2,2,2,6.7,2,6.9,2.2,2,2,8.9,2,17.9,2.7,2,2.5,14.2,7.5,3.1,2,11.1,2,2,3.7,5.3,48.3
20140706,5,NO2,40,31.4,26.9,35,38.1,44.8,44.8,15,26.1,24.8,25.8,71.1,35.3,44.3,42.5,31.1,54.3,36,,20.8,22.5,13.1,36.7,18.5,57.1,7.2,25.6,55.1,3.7,51.4,73.2,46.5,37.3,76.5,105.6
20140706,5,O3,73.6,70.3,89.6,70.8,68.4,73.6,61.6,43.1,35.2,85.5,36.6,15.7,34.1,46.9,57.8,25.8,30.2,62.7,28.1,66.7,68.5,118.9,77.9,44.2,24.9,105.3,67.8,12.5,,12.3,35.6,90.2,84.4,24.6,13.7
20140706,5,CO,1.5,1.4,1.2,1.1,1,1.6,0.9,0.6,1.3,1.1,1.1,1.2,1.2,1.4,1.5,1.4,1.5,1.9,0.8,1.4,1.7,1.7,1.1,1.2,0.9,1.7,0.9,1.6,0.8,0.7,1.5,1.5,0.9,1.4,1.6
20140706,6,SO2,14.7,9.1,3.3,3.1,2,7.3,11.3,17.3,2,2,2,2,2,5.4,2,2,2,2,2,5.4,2,19,2.7,2,3.2,15.3,8.1,3.2,2,11.1,2.2,2,4.5,6.1,53.8
20140706,6,NO2,54.5,41.9,33.2,34.1,42.8,47.4,48.4,21.6,19.7,45.2,37.4,74.3,30.8,45.6,48.2,35.4,51,36.5,22.3,26.3,24.7,15,33.9,30.9,79,7.1,35.1,26.7,4.8,52.7,68.7,51.9,51.4,83.8,94.9
20140706,6,O3,49.1,53.6,71.2,56.8,62.8,47.2,40.6,30.9,47.7,52,16,9,37.9,37.7,34.3,23.3,24.2,51.6,49.7,50.7,62.8,108.8,65,34.1,2,98.1,55.8,26.8,,5.8,30.1,90,55.8,15,7.6
20140706,6,CO,1.7,1.6,1.3,1.2,1.1,1.7,1,0.7,1.2,1.3,1.2,1.2,1.3,1.4,1.7,1.2,1.4,1.8,0.7,1.3,1.7,1.9,1.2,1.3,1,1.6,1.2,1,0.8,0.8,1.6,1.6,1.1,1.5,1.7
20140706,7,SO2,15.2,10.5,4.1,3.8,2,8.2,11.6,17.3,2,2,2,2,2,7.6,2,2,2,2.3,2,6.5,2,17.6,3.2,2,2.8,13.8,9.7,3.1,2,12.2,2.5,2,4,7,54.9
20140706,7,NO2,59.3,54.5,30.8,34,52.1,49.5,53.2,31.5,17.2,46.4,40.7,44.7,47.2,42,47.7,34.7,36.8,38.3,22.9,30.2,28.7,21.9,33.5,49.1,64.1,7.1,38.6,23.5,13.8,66.1,85.7,84.3,54.1,111,80.4
20140706,7,O3,36.8,33.5,73.9,57.6,45.4,36.7,39.2,23.5,40,54.3,16.4,37.4,19.9,36.9,32.4,25.5,34.5,46.1,47,56.9,52.3,86.9,60.4,16.6,16.2,82.4,67.6,30.4,,2.4,12.9,60.2,56.9,7.7,6.7
20140706,7,CO,1.8,1.7,1.4,1.2,1.3,1.8,1,0.8,1.1,1.3,1.2,1.1,1.3,1.6,1.8,1.1,1.3,1.8,0.7,1.3,1.4,1.9,1.2,1.4,1.1,1.7,1.1,0.8,0.8,0.8,1.8,1.9,1.2,1.6,1.8
20140706,8,SO2,17.9,14.5,4.8,5.9,2,10.3,14,17.6,3.5,2,2,2,2,15.3,2,4.7,2.9,2.7,2,7.5,2,14.9,3.6,5.3,3.4,12.6,12.6,4.2,2,11.4,3.8,2,5.1,7.1,54.7
20140706,8,NO2,60.1,47.8,44.9,34.6,65.1,51.9,63.9,26.3,39.2,50.1,39.3,41.3,42.3,48.1,55.3,29.8,35.3,39.8,22.6,32,29.8,24,29.1,36.2,66.8,8,31.7,23.7,16.7,59.4,86.3,79.1,66.2,117.8,67.5
20140706,8,O3,41,54.3,55.7,64.8,34,43.1,48.2,39.1,47.7,46.6,46,49.7,33.7,43.1,33,39.3,45.8,44.2,59,60.4,51.3,78.2,79,48.3,30.9,72.8,82.2,47.8,,26.9,18.3,71.1,42.9,9.2,17.2
20140706,8,CO,1.8,1.7,1.6,1.3,1.4,1.9,1.1,0.9,1.1,1.6,1.3,1.1,1.3,1.6,1.9,1.1,1.1,1.8,0.8,1.3,1.2,1.6,1.2,1.6,1.3,1.8,1,0.7,1,0.8,1.8,1.9,1.5,1.9,1.8
20140706,9,SO2,24.7,18.1,6.9,9,2.6,14.1,19.8,19.8,5.1,2,3.1,2,2,23.7,2,9.6,5.5,2.7,2,8.6,2,17,3.7,5.6,3,12.8,16,8.1,2,11.1,7.9,2.3,4.1,,54.1
20140706,9,NO2,54.2,35,36.4,34.5,60.3,54.7,64.3,28.3,35.2,41.5,32.1,38.2,40.6,39.1,46,28.2,27.6,41,39.7,28,26.2,22.5,19.6,29,37.2,8.3,29.7,22.1,8.6,41.7,84.8,77.5,59,,81.3
20140706,9,O3,67.2,90.5,77.5,85.4,57.4,65,53,51.9,78.6,67.4,78.5,71.4,47.4,75.7,60.8,55.4,75.8,52.6,60.7,70,59.7,81.2,106.7,74.2,78.5,68.1,85.9,64.8,,64.1,41,87.7,61,,23.9
20140706,9,CO,1.8,1.7,1.6,1.3,1.3,1.9,1.3,1.3,1.1,1.5,1.3,1.1,1.2,1.5,2.5,1.1,1.2,1.7,1,1.3,1.3,1.6,1.1,1.4,1.2,1.7,1,0.9,1,0.9,1.9,1.9,1.5,,1.8
20140706,10,SO2,26.8,18.4,3.6,11.3,3.2,16.7,21.6,20.1,5.3,2,5.4,2,2,27.5,2,13.1,9.2,4.5,2,11.6,2,22.5,3.5,5.6,2.3,13.8,20.4,13.1,2,16.4,11.7,2.2,4.5,8.4,52.4
20140706,10,NO2,48.4,37.8,38.7,34.5,50.7,55.6,61.7,22.9,32.5,40,30.6,29.2,38.4,30.1,33.2,26.5,33.2,37.6,33.1,21.3,26.8,21.5,17.5,28.1,34.6,9.2,34.6,25.6,7.7,33.5,83.8,66.7,62.8,133.3,91.1
20140706,10,O3,92.9,105.7,94.1,109.4,88.4,82.3,69,82.1,97.7,99.1,93.9,102,70.6,109.7,99.6,81.7,73.4,81.9,98.2,92.4,70.6,90.6,130.6,95.1,97.3,71,86.9,87.9,,97.5,61.4,116.1,76.8,26.2,33
20140706,10,CO,1.7,1.6,1.6,1.3,1.3,1.8,1.3,1.4,1.1,1.3,1.3,1.1,1.2,1.3,1.7,1.1,1.4,1.5,1,1.4,1.5,1.9,1,1.3,1.2,1.5,1.3,1,0.9,0.9,1.7,1.6,1.4,1.9,1.8
20140706,11,SO2,28.4,21.1,2,13.4,2,21.8,22.2,20.8,9.8,2,5.2,2,2,26.8,2,10.3,10.8,6.1,2,15.1,2,26,2.8,,2,24.6,24.2,14.4,6.7,22.7,18.4,2.7,8,10.1,51.3
20140706,11,NO2,48,35.1,32.3,33.4,50.2,47.7,55.4,21.8,25.5,28.7,27.9,37.7,29.5,29.5,30.2,26.8,31.5,32.9,29,20.5,26.7,18.2,11.8,,28.4,7.2,31.6,27,9.6,17.7,75,81.6,65.6,128.7,95.6
20140706,11,O3,116.5,137.2,130.3,139.4,113,120.7,99.3,104.9,143.9,139.6,119.7,119.4,93.5,131.1,125.4,99.2,94.8,121.3,134.1,111.4,94.2,117.9,151.9,,119.3,116.5,105.1,118.7,,152.9,88,132.6,98.7,47.2,50.8
20140706,11,CO,1.7,1.5,1.5,1.2,1.3,1.7,1.3,1.3,1.1,1.2,1.3,1.2,1.2,1.2,1.5,1.1,1.5,1.4,1.1,1.5,1.6,1.7,1.1,,1.2,2,1.3,1.3,0.8,0.8,1.7,1.6,1.5,1.7,1.8
20140706,12,SO2,28.6,20.1,2,14.7,2.1,23.1,21.5,21.5,9.7,2,5.8,2,2,23.9,2,14.6,10.2,5.6,2,19.8,2,25.8,2.7,5.1,2,20.6,25.2,15.4,7,24.4,23.3,3.8,7.5,13.9,51.1
20140706,12,NO2,38.7,26.2,27.1,28.9,51.7,45.6,42.1,26.5,31.1,23.3,16.9,29,21.7,24.3,34.2,24.1,27.1,29.5,26,18.7,23.8,16,10.7,22.8,29.1,7,30.2,22.5,4.2,13.1,59.8,63.9,58.6,112,97.6
20140706,12,O3,150.8,174.4,159.6,181.1,127.6,150.4,142.3,106.2,174.8,174.8,158.3,157.1,121.8,165.5,145.1,128.2,122.8,161.1,171,130.9,128.6,146.3,173.3,163.7,135.6,122.2,120.1,152.6,,170.4,133.7,170.9,136,83.2,76
20140706,12,CO,1.6,1.5,1.4,1.1,1.4,1.7,1.1,1.4,1.3,1.2,1.2,1.1,1.1,1.1,1.6,1.1,1.6,1.4,1.1,1.6,1.5,1.5,0.9,1.2,1.4,1.8,1.4,1.2,0.8,0.8,1.6,1.5,1.4,1.5,1.7
20140706,13,SO2,23.7,15.6,2,12.8,2.2,18.8,24,23.5,10,2,6.3,2,2,20.4,2,18.8,11.1,4.8,2,22.8,2.9,19.3,3,4.3,2.6,18.5,28.1,18.5,4.6,27.3,19.8,3.7,3.5,15.9,49.4
20140706,13,NO2,29,18.5,18,23.6,45.3,34.2,32.4,25.7,27.6,17.6,10.8,16.6,19.1,17.6,27.9,17.6,24.9,31.4,19.5,14.7,22.9,13.4,9.2,22.8,31.4,6.2,30.1,18.6,2,11.7,58.7,59.4,70.3,121.7,91.2
20140706,13,O3,180.4,204.2,194.5,208.6,157.7,199.1,168.1,132.2,207.5,197,177.2,184.2,136.2,184.6,175.1,173.1,163,199.7,193,159,169.8,179.1,179.9,186.1,177.2,151.9,139.9,196.7,,192.3,156.2,194.8,148.7,88.6,118.7
20140706,13,CO,1.3,1.2,1.2,1,1.3,1.4,0.9,1.5,1.3,1,1.2,1,1.1,1,1.4,1,1.7,1.4,1,1.4,1.5,1.4,0.8,1.2,1.4,1.7,1.4,1.1,0.8,0.7,1.4,1.3,1.2,1.5,1.4
20140706,14,SO2,19.3,12.8,4,10.8,3.5,15.4,23.8,24.5,10.5,2,5.9,2,2,14.9,2,18.1,11.3,6.2,2,13.4,4.9,15.7,3.3,4.2,2.2,16.2,30.5,18.2,3.3,23.6,14.2,3.1,4.4,14.9,41.5
20140706,14,NO2,27,15.7,15,19.8,32.7,22.7,24.6,23,14.4,14.5,9.3,16.2,19.5,13.5,19,16.6,21.9,32.6,17,15.1,23.4,12.8,12.4,22.6,28,5.3,32.7,16.2,2,11.3,52.6,54.6,58.3,96,70.8
20140706,14,O3,192.4,212.2,205.5,211.7,206.8,224.4,174.7,159.2,228.7,189.6,182.9,200.4,153.7,188,187.5,204.8,194.2,234.2,209.9,180.1,204.5,212.2,189.4,223.1,210.7,179.3,158.3,223.5,,199.5,168.8,203.3,168.9,120.2,148.8
20140706,14,CO,1.3,1.2,1.2,0.9,1,1.3,0.7,1.4,1,1,1.1,1,1.1,0.9,1.2,1.1,1.5,1.5,1,1.5,1.5,1.4,1,1.2,1.4,1.5,1.7,1,0.6,0.7,1.3,1.2,1.1,1.3,1.3
20140706,15,SO2,14.9,10.7,6.6,8.7,3.2,11.6,21.3,24.9,8.7,2,6.2,2,2,10.3,2,18,12,7.3,2,14.7,4.9,13.4,3.1,,2.5,13,21.8,17.3,2.3,23.5,12.4,2.9,2,14.7,39.4
20140706,15,NO2,23.1,13.6,8.9,16.5,28.6,18.6,27.8,18.3,13.2,15.1,8.6,16.2,20.3,12.6,18.9,18.7,20.1,29.2,14.4,17.6,23,15.2,14.1,,34.9,4.7,32.2,14.8,2,9.1,52,53.9,43,98,74.7
20140706,15,O3,190.4,210,193.5,203.2,204.6,223.8,173.4,185.2,233.7,203.7,196.4,197.7,155.8,197.6,193.3,225.1,213.2,269.5,206.7,185.3,230.8,228,206.9,,220.9,206.6,168.5,234.4,,212.5,161.8,204.8,167.8,104.1,150.1
20140706,15,CO,1.2,1.1,1,0.7,0.9,1.2,0.8,1.2,0.9,1,1,1,1,0.9,1.1,1.2,1.5,1.5,1,1.6,1.5,1.5,1.1,,1.4,1.4,1.6,1.1,0.6,0.7,1.1,1.1,0.9,1.2,1.2
20140706,16,SO2,12.4,9.3,6.5,6.6,3.4,10.3,18.2,24.5,7.4,2,4.6,2,2,9.5,2,19.1,11,6.2,2,13,5.1,11.5,3.8,6.7,4.3,13.5,17.9,15.5,2,21.9,9.2,2.8,2,13.8,41.4
20140706,16,NO2,24,12.7,10.8,17,27.7,22.5,31.2,13.8,12.9,14.2,9.2,17.7,19.5,13.1,20.7,20.8,17.6,28.6,14.1,19.7,21,15.6,17.3,23.4,41,4.4,31,17.7,2,9.2,51.7,80.2,45.5,118,100.2
20140706,16,O3,189.2,213.5,199.6,209.3,194.6,214.6,178.4,185.7,231.6,210.3,190.2,200.8,156.7,201.1,197.3,216.9,211.1,273.8,202.3,178.3,229.4,232.9,222.6,270.8,259.9,204.3,166.9,233.8,,219.3,165.1,180.2,164.5,83.3,126.8
20140706,16,CO,1.1,1,1,0.7,0.8,1.1,0.8,1,0.9,0.9,1,0.9,0.9,0.8,1,1.1,1.4,1.4,0.9,1.7,1.6,1.5,1.1,1.3,1.5,1.5,1.6,1.1,0.5,0.7,1.1,1.1,0.9,1.3,1.4
20140706,17,SO2,10.6,8.3,4.2,5.9,2,8.9,16.8,25.1,7.2,2,3.2,2,2,9.3,2,20.6,11.2,4.7,2,4,4.9,11.4,6.1,6,7.1,11,14.9,14.9,2,19.6,7,2.6,4.7,11.4,45.7
20140706,17,NO2,23.3,12.5,15.8,20.6,35,25.3,29,15.3,13.2,19.5,8.5,22.4,20.5,17.2,20.3,21.5,19.2,29,19,13.5,20.7,18.9,21.2,23.6,44.4,4.9,25.2,18.6,2,8.8,56.7,68.4,51.2,119.2,90.1
20140706,17,O3,192.9,217.4,200,206.9,187.4,212.9,181,178,231.3,205.6,188.6,196.2,159.9,201.5,198.7,197.6,211,258.2,195.7,200.9,219.8,222.6,258.9,262.9,274.4,217.6,183.4,226.1,,223.3,159.5,187.5,165.1,85,141
20140706,17,CO,1.1,1,1,0.7,0.8,1.2,0.7,1.1,0.9,0.9,0.9,0.9,1,0.9,1,1.1,1.2,1.4,0.9,1.4,1.5,1.5,1.3,1.3,1.6,1.5,1,1,0.5,0.6,1.1,1.2,1,1.3,1.4
20140706,18,SO2,9.6,7.2,3,5.4,2,8.2,15.7,22.7,7,2,2.3,2,2,8,2,20.6,13.6,4.4,2,5.2,5.1,10.4,5.2,5.9,6.1,9.7,15.9,12.3,2,16.8,6.5,2.7,2,10.9,48.6
20140706,18,NO2,26.6,13.4,17.9,19.4,37.1,29.7,24.3,10.2,14.1,21.1,10.6,26.9,23.7,20.1,24.4,26.9,25.8,28.7,19.5,14.9,21.6,22.6,22,23.9,44.4,4.8,25,23.3,3.5,10.9,58.6,62.6,47.7,117.2,99.3
20140706,18,O3,186.1,213.8,195.8,206.8,186.9,208.4,184,179.1,223.1,205.7,183.4,189.2,155.4,202.4,194.2,204.2,213.1,231.4,191.2,201.5,216.9,206.9,258.8,247.9,262.5,202.7,182.6,253.6,,195.7,154.8,194.6,164.1,87.4,131.6
20140706,18,CO,1.1,1,1.1,0.6,0.8,1.3,0.7,0.8,0.8,0.9,1,0.9,1,0.9,1,1.1,1.1,1.4,0.9,1.1,1.4,1.5,1.2,1.3,1.5,1.5,0.9,1.2,0.6,0.7,1.1,1.1,1,1.3,1.4
20140706,19,SO2,10.2,5.9,2,3.7,2,10.8,15.7,23.2,7.2,2,2,2,2,10,2,22.2,12.2,3.4,2,2,5,10.4,5.2,5.6,5.4,11.8,12.3,13.2,2,15.2,3.9,2.3,2.3,10.8,53.3
20140706,19,NO2,35.9,16,20.3,22.6,40.2,34.4,29.5,15.4,13.9,26.4,12.6,31.7,27.5,26.4,25,35.2,28.3,28.7,21.9,19.3,22.9,24.5,24,24,53.9,5.7,24.5,26.7,2.9,14.6,75.4,82.8,49.2,146.6,112.8
20140706,19,O3,178.4,209.6,187,197.8,187.7,212.1,180,161.9,218.5,198.1,168.2,184.7,143.9,207.3,213,218.9,196.3,205.1,184.9,183.4,200.2,199.6,243.9,232.6,224,183.6,171.4,247.5,,170.4,134.4,172.1,153.4,67.1,124
20140706,19,CO,1.3,1,1.1,0.7,1.1,1.5,0.8,1.1,0.9,0.9,1,0.9,1,1.1,1.2,1.3,1.1,1.4,0.9,1.1,1.3,1.5,1.3,1.3,1.5,1.6,0.8,1.4,0.6,0.6,1.1,1.2,1,1.4,1.6
20140706,20,SO2,13.6,7.1,2,3.9,2,11.5,17.4,22.9,6.9,2,2,2,2,12.1,2,16,8.2,2.7,2,6.4,3.6,10.3,5.5,6,4.2,10.3,11.4,12,2,12.7,,2,5.8,,54.4
20140706,20,NO2,43.7,22.2,21.4,24.7,54.5,36.8,39.1,20.7,21.3,24.7,16.8,48.6,32.3,38.4,33,41.2,25,28.9,35,23,25.7,19.7,22.5,23.8,56.1,6.6,25.3,33.5,6.7,20.6,,83.5,48.4,,111
20140706,20,O3,180.8,218.2,188.9,209.1,171.3,215.1,163.6,153.3,182.8,206.8,150.7,152.6,142.9,183.6,205.3,181.2,173.5,188.1,159.3,163.5,180.4,206.8,231.6,213.1,192.4,177.6,175.5,206.6,,125.4,,194.9,159,,129.8
20140706,20,CO,1.7,1.3,1.3,0.9,1.4,1.7,0.9,1.2,1,1.2,1,1,1.1,1.3,1.3,1.3,1.1,1.3,1,1.1,1.3,1.3,1.3,1.3,1.5,1.6,0.7,1.4,0.5,0.6,,1.4,1.1,,1.7
20140706,21,SO2,15.6,10.4,2,5.5,2,14.8,15.8,22.7,4.7,2,2,2,2,14.1,2,14.4,6.9,2,2,6.7,2.4,10.2,4.6,4.6,4.5,7.2,10.3,17.7,2,11.2,3.4,2.6,2,,56.2
20140706,21,NO2,51.9,30.2,27.8,28.5,54.5,38.8,46.3,20.9,20.2,30.2,21.4,60,37.4,42.5,45.5,49.1,28.8,26.6,31.7,22.6,21,16.7,22.6,18.5,75.7,6.6,28.8,33.3,4.4,24.9,68.3,92.8,60.1,,128.2
20140706,21,O3,154.7,199.6,184.7,190.8,157.3,213.1,159.7,147.7,151.6,194.2,154.3,134.3,130.4,159.7,170.4,150.2,150.8,176.7,155.7,170.1,178.3,198.3,205,187.2,132.1,162.3,168.4,150,,106.1,151.7,171,157.4,,113.8
20140706,21,CO,1.8,1.4,1.5,1,1.4,1.6,1.1,1.3,1.6,1.3,1.2,1.2,1.1,1.3,1.6,1.3,1.1,1.3,1,1,1.1,1.2,1.4,1.3,1.5,1.6,0.7,1.2,0.5,0.6,1.5,1.5,1.3,,1.9
20140706,22,SO2,21.5,14.6,2,5.6,2,14,17,22.6,3.8,2,2,2,2,16,2,14.7,9,2.3,2,4.9,2,13.7,3.8,3.7,15,6.5,9.9,7.1,2,12,3.2,2.4,2,7,59.1
20140706,22,NO2,50.9,44.8,28.1,29.5,52.9,42.2,43.6,18.6,19.8,32.3,27.4,47.3,40.5,41.9,45.8,44.3,34,25.6,46.4,20.4,19.3,14.1,23.8,16.2,118.9,5.8,30.1,33,4.9,46.9,84.9,81.6,50.5,106.9,125.1
20140706,22,O3,148.6,163.6,163.8,160.5,154.1,173.9,151.5,131.3,139.9,173.2,143.4,128.5,112.1,148.7,132.9,106.2,150.1,171.2,133.9,148.3,172.5,199.7,182.3,173.4,59.2,159.1,132.2,107.2,,53.6,109.5,146.8,147,74.6,79.9
20140706,22,CO,1.8,1.7,1.5,1,1.5,1.9,1.1,1.3,1.5,1.3,1.2,1.3,1.2,1.3,1.9,1,1,1.3,1,1,1.1,1.2,1.4,1.3,1.5,1.5,0.7,1.4,0.6,0.7,1.8,1.8,1.3,1.6,1.9
20140706,23,SO2,23.6,16.8,2,4.7,2,13.4,20.4,23.2,3,2,2,2,2,11,2,14.3,8,3.1,2,4.3,2,15.2,3.3,3.9,18.3,6.8,9.4,4.9,2,12.4,3.9,2.9,6.2,7,61.8
20140706,23,NO2,51.1,41.9,35.2,33.7,49.4,45.4,56.1,18.6,19.5,39.4,29.5,51.4,35.5,40.6,47.3,42.3,31,22.8,53.7,20.5,21,15.2,33.4,15.4,98.2,5.7,26.3,39,5.3,122.1,69.1,74.2,46.2,,123.4
20140706,23,O3,110.7,125.2,131.3,122,120.7,116.2,131.9,100.2,123.5,144.4,121.5,104,110,118.7,93.2,73.8,128.9,173.1,92.3,110.2,155.3,191.3,148.6,161.8,81.2,148.3,112.6,75.8,,5,93.6,132.2,127.9,60.2,39.3
20140706,23,CO,1.9,1.9,1.8,1.4,1.5,1.8,1.1,1.3,1.6,1.3,1.2,1.3,1.2,1.3,1.9,0.9,0.9,1.3,1,1.1,1.1,1.2,1.4,1.3,1.5,1.5,0.6,1.5,0.6,0.8,1.9,2,1.7,,1.7
