date,hour,type,dongsi,tiantan,guanyuan,wanshouxigong,aotizhongxing,nongzhanguan,wanliu,beibuxingqu,zhiwuyuan,fentaihuayuan,yungang,gucheng,fangshan,daxing,yizhuang,tongzhou,shunyi,changping,mengtougou,pinggu,huairou,miyun,yanqing,dingling,badaling,miyunshuiku,donggaocun,yongledian,yufa,liulihe,qianmeng,yongdingmengxi,xizhimengbei,nansanhuan,dongsihuan
20140125,0,PM2.5,45,35,47,33,65,33,82,195,21,51,59,71,57,41,41,45,31,16,43,92,76,7,58,8,22,,53,265,102,205,43,38,53,37,41
20140125,0,PM10,,49,63,51,85,45,97,,29,,77,89,,50,,,38,,66,,84,9,,,26,,,,126,239,,48,71,41,84
20140125,0,AQI,174,159,194,169,188,170,227,302,176,204,206,203,228,210,199,190,167,227,214,221,176,129,243,141,94,122,185,318,264,280,190,173,177,180,165
20140125,1,PM2.5,45,35,47,33,65,33,82,195,21,51,59,71,57,41,41,45,31,16,43,92,76,7,58,8,22,8,53,265,102,205,43,38,53,37,41
20140125,1,PM10,,49,63,51,85,45,97,,29,,77,89,,50,,,38,,66,,84,9,,,26,6,,,126,239,,48,71,41,84
20140125,1,AQI,,,,,,,,,,,,,,,,,,,,,,,,,,,,,,,,,,,
20140125,2,PM2.5,31,36,45,35,56,37,73,138,21,57,58,59,92,88,39,42,22,28,40,133,64,10,132,8,18,,30,277,146,252,37,46,43,53,52
20140125,2,PM10,,,,42,66,47,85,,29,80,75,74,,108,41,112,24,,58,,,12,,13,22,,,283,187,264,,53,46,55,161
20140125,2,AQI,148,137,166,141,164,144,210,290,151,179,188,184,212,180,168,157,140,210,200,212,156,105,225,113,79,102,168,299,246,275,162,148,153,156,137
20140125,3,PM2.5,26,18,36,36,35,38,70,136,21,95,55,48,100,136,139,117,14,20,40,72,51,15,97,9,16,4,21,269,,290,33,48,36,48,47
20140125,3,PM10,,31,,67,,47,,,31,118,76,54,,176,168,124,,25,64,,,,,17,21,9,,272,,297,34,73,,65,125
20140125,3,AQI,136,126,151,129,151,132,202,284,140,169,178,174,205,170,161,148,128,200,190,205,147,94,217,101,71,92,159,291,,274,148,138,141,145,126
20140125,4,PM2.5,19,35,24,65,30,36,63,109,21,95,55,48,100,136,139,117,14,20,40,72,51,15,97,9,16,4,21,269,,290,33,48,36,48,47
20140125,4,PM10,22,,,93,,43,,,31,118,76,54,,176,168,124,,25,64,,,,,17,21,9,,272,,297,34,73,,65,125
20140125,4,AQI,125,116,138,119,139,122,190,276,129,160,169,163,197,160,156,144,117,186,181,203,137,85,209,89,63,82,150,286,229,271,137,128,129,136,115
20140125,5,PM2.5,19,35,24,65,30,36,63,32,22,110,55,49,66,161,193,179,34,12,42,264,43,10,30,7,17,,30,266,187,286,63,56,16,88,48
20140125,5,PM10,22,,,93,,43,,,27,128,66,55,,191,200,294,,22,103,287,,,33,9,19,,,,219,292,,82,19,101,113
20140125,5,AQI,115,107,125,109,128,112,175,265,117,152,160,153,187,154,153,140,108,172,171,202,128,75,198,78,56,,143,283,221,271,128,120,117,129,106
20140125,6,PM2.5,24,47,9,22,13,29,13,,,,,,,,,,,,,,,,,,,,,,,,,,,,
20140125,6,PM10,,,10,,13,36,17,,,,,,,,,,,,,,,,,,,,,,,,,,,,
20140125,6,AQI,106,99,112,97,117,103,160,254,107,142,150,143,178,150,150,138,97,158,163,204,118,66,185,67,51,64,134,281,213,270,119,111,106,120,98
20140125,7,PM2.5,9,15,11,25,6,21,15,16,15,13,55,27,88,177,164,118,8,10,52,289,22,7,32,8,15,,73,269,196,261,12,15,9,18,26
20140125,7,PM10,,,31,,32,,18,20,30,,67,,,206,,,11,20,124,300,,10,,10,24,,87,,218,276,,,40,23,46
20140125,7,AQI,95,90,98,87,106,94,146,242,96,130,141,134,170,146,146,133,87,143,154,206,109,57,174,59,47,55,128,277,204,269,108,101,94,110,89
20140125,8,PM2.5,9,15,10,12,8,9,20,14,13,11,28,18,97,161,43,31,10,11,36,247,28,3,69,5,16,9,86,270,217,252,10,9,11,15,13
20140125,8,PM10,,21,35,17,15,22,31,,27,23,44,25,,165,,,16,17,70,262,,13,,17,20,,90,,239,275,,19,36,35,44
20140125,8,AQI,85,80,86,76,95,84,133,231,84,117,132,125,161,142,137,124,78,128,144,205,101,47,164,57,42,47,122,272,196,267,97,91,83,99,84
20140125,9,PM2.5,,,,,,,,,,,,,,,,,,,,,,,,,,,,,,,,,,,
20140125,9,PM10,,,,,,,,,,,,,,,,,,,,,,,,,,,,,,,,,,,
20140125,9,AQI,,,,,,,,,,,,,,,,,,,,,,,,,,,,,,,,,,,
20140125,10,PM2.5,10,12,12,12,16,14,16,19,16,17,23,16,45,17,13,18,14,11,11,88,23,6,32,5,14,,69,97,,269,16,13,13,11,10
20140125,10,PM10,35,21,50,31,30,23,41,25,29,27,48,24,,,,,35,22,38,,26,22,43,18,19,,,,,296,,23,38,36,33
20140125,10,AQI,65,61,62,54,76,65,109,209,62,93,111,104,146,120,115,103,59,99,121,191,84,29,139,52,35,32,106,252,,265,76,70,64,78,77
20140125,11,PM2.5,6,10,14,8,9,14,16,19,16,17,23,16,45,17,13,18,14,11,11,88,23,6,32,5,14,10,69,97,,269,16,13,13,11,10
20140125,11,PM10,34,27,31,27,26,23,41,25,29,27,48,24,,,,,35,22,38,,26,22,43,18,19,11,,,,296,,23,38,36,33
20140125,11,AQI,56,53,52,52,66,56,97,195,60,82,99,92,133,107,104,92,51,85,109,176,75,24,124,47,32,,95,240,172,259,66,62,56,69,73
20140125,12,PM2.5,9,9,13,12,9,13,15,12,18,13,13,13,14,11,13,14,12,13,7,6,10,6,46,8,14,,8,23,95,159,7,10,9,14,9
20140125,12,PM10,14,12,25,27,26,28,31,,28,25,38,23,,24,,55,30,23,18,,32,39,51,33,28,,17,,,163,8,26,29,62,34
20140125,12,AQI,48,44,40,51,58,49,85,179,59,71,88,83,120,97,97,83,40,70,97,160,68,24,111,37,30,23,82,230,,252,57,53,56,61,72
20140125,13,PM2.5,9,9,13,12,5,23,14,9,10,16,17,15,13,8,21,9,9,17,9,8,11,14,30,10,17,9,6,15,,93,13,8,10,10,15
20140125,13,PM10,14,12,25,,18,25,24,,20,18,26,18,,9,22,15,39,21,,10,41,28,,29,21,16,10,,,,,15,25,30,38
20140125,13,AQI,,,,,,,,,,,,,,,,,,,,,,,,,,,,,,,,,,,
20140125,14,PM2.5,11,14,16,16,9,14,15,10,8,16,15,13,31,12,15,7,8,12,11,6,10,10,25,11,5,,5,8,10,16,14,14,16,18,9
20140125,14,PM10,32,37,42,36,42,28,,,13,,29,20,,,,12,36,,,11,63,38,43,16,12,,8,,,,30,36,32,36,37
20140125,14,AQI,38,37,39,43,46,38,66,156,49,59,71,66,105,88,89,74,29,56,76,131,57,26,95,28,28,,60,222,145,232,47,45,51,52,64
20140125,15,PM2.5,13,12,9,8,9,9,15,7,7,11,14,13,23,10,14,8,7,9,15,7,14,7,24,13,11,8,11,10,,20,15,12,14,18,9
20140125,15,PM10,23,33,38,42,32,21,44,9,35,48,24,36,,24,17,12,41,18,59,7,63,20,44,23,26,6,9,6,,8,13,28,30,38,36
20140125,15,AQI,33,34,38,40,42,34,59,147,42,56,66,60,100,85,85,72,29,56,73,124,56,26,87,26,26,24,56,220,143,225,43,41,47,49,61
20140125,16,PM2.5,12,11,12,13,8,11,12,12,12,11,14,13,23,10,14,8,7,9,15,7,14,7,24,13,11,8,11,10,9,20,15,12,14,18,9
20140125,16,PM10,20,22,30,28,29,30,30,61,42,48,24,36,,24,17,12,41,18,59,7,63,20,44,23,26,6,9,6,17,8,13,28,30,38,36
20140125,16,AQI,31,30,36,37,40,34,56,136,37,54,62,55,96,83,83,70,28,54,70,123,55,26,81,25,26,24,53,219,,219,38,38,43,47,60
20140125,17,PM2.5,11,12,15,3,11,11,14,14,11,7,18,10,17,13,12,16,6,13,17,7,12,9,20,19,13,,6,11,,18,14,13,12,16,13
20140125,17,PM10,22,36,30,44,24,24,27,35,37,25,35,33,,20,13,20,20,49,66,6,20,19,26,56,6,,6,6,,28,15,25,27,43,35
20140125,17,AQI,29,29,34,46,39,33,54,126,35,52,59,52,92,81,81,70,27,48,67,123,54,25,78,23,24,,51,218,,215,37,37,41,45,59
20140125,18,PM2.5,11,12,15,3,11,11,14,14,11,7,18,10,17,13,12,16,6,13,17,7,12,9,20,19,13,,6,11,,18,14,13,12,16,13
20140125,18,PM10,22,36,30,44,24,24,27,35,37,25,35,33,,20,13,20,20,49,66,6,20,19,26,56,6,,6,6,,28,15,25,27,43,35
20140125,18,AQI,,,,,,,,,,,,,,,,,,,,,,,,,,,,,,,,,,,
20140125,19,PM2.5,,,,,,,,,,,,,,,,,,,,,,,,,,,,,,,,,,,
20140125,19,PM10,,,,,,,,,,,,,,,,,,,,,,,,,,,,,,,,,,,
20140125,19,AQI,,,,,,,,,,,,,,,,,,,,,,,,,,,,,,,,,,,
20140125,20,PM2.5,,,,,,,,,,,,,,,,,,,,,,,,,,,,,,,,,,,
20140125,20,PM10,,,,,,,,,,,,,,,,,,,,,,,,,,,,,,,,,,,
20140125,20,AQI,,,,,,,,,,,,,,,,,,,,,,,,,,,,,,,,,,,
20140125,21,PM2.5,,,,,,,,,,,,,,,,,,,,,,,,,,,,,,,,,,,
20140125,21,PM10,,,,,,,,,,,,,,,,,,,,,,,,,,,,,,,,,,,
20140125,21,AQI,,,,,,,,,,,,,,,,,,,,,,,,,,,,,,,,,,,
20140125,22,PM2.5,,,,,,,,,,,,,,,,,,,,,,,,,,,,,,,,,,,
20140125,22,PM10,,,,,,,,,,,,,,,,,,,,,,,,,,,,,,,,,,,
20140125,22,AQI,,,,,,,,,,,,,,,,,,,,,,,,,,,,,,,,,,,
20140125,23,PM2.5,50,43,50,55,55,59,28,29,17,51,61,40,52,33,44,42,,,,,,,,,,,,,,,,,,,
20140125,23,PM10,112,102,163,210,140,116,127,38,23,145,102,117,,51,50,,,,,,,,,,,,,,,,,,,,
20140125,23,AQI,29,29,36,54,39,44,51,66,27,52,53,42,76,83,78,75,36,35,57,122,46,22,61,36,27,19,41,170,129,198,35,43,36,49,61
