date,hour,type,dongsi,tiantan,guanyuan,wanshouxigong,aotizhongxing,nongzhanguan,wanliu,beibuxingqu,zhiwuyuan,fentaihuayuan,yungang,gucheng,fangshan,daxing,yizhuang,tongzhou,shunyi,changping,mengtougou,pinggu,huairou,miyun,yanqing,dingling,badaling,miyunshuiku,donggaocun,yongledian,yufa,liulihe,qianmeng,yongdingmengxi,xizhimengbei,nansanhuan,dongsihuan
20140127,0,PM2.5,115,114,137,130,102,102,150,151,132,156,168,162,164,196,108,106,98,133,139,75,94,98,113,107,96,72,66,106,141,206,134,122,135,139,92
20140127,0,PM10,135,162,164,187,125,140,160,139,123,177,179,161,,211,109,101,120,134,161,79,99,113,107,122,81,66,64,103,148,245,124,135,148,134,131
20140127,0,AQI,73,70,78,81,65,68,87,106,87,99,104,100,106,86,81,91,82,86,103,70,80,62,93,76,83,59,57,104,102,127,85,78,74,83,66
20140127,1,PM2.5,101,97,150,115,106,101,149,159,116,200,151,140,187,172,109,109,91,154,120,78,87,97,135,108,102,72,65,111,152,218,116,108,127,128,92
20140127,1,PM10,122,133,169,181,123,124,171,146,116,219,155,137,,182,107,96,106,145,146,77,92,106,127,115,87,68,64,102,163,252,111,125,138,122,156
20140127,1,AQI,77,74,84,85,70,72,93,111,91,106,110,105,113,93,85,93,85,91,107,73,82,65,97,80,88,62,59,107,108,134,90,82,79,88,68
20140127,2,PM2.5,101,92,138,101,105,104,146,169,108,152,139,132,158,127,112,113,91,106,124,76,84,117,140,120,103,,69,116,146,204,107,96,112,103,102
20140127,2,PM10,120,120,158,173,126,128,166,152,115,157,145,131,,140,104,97,106,103,147,76,88,125,126,127,86,,67,101,159,235,101,105,121,102,164
20140127,2,AQI,81,78,89,88,74,77,98,116,95,110,116,110,120,98,89,95,88,94,112,74,84,69,102,84,91,66,61,109,113,142,94,86,83,91,73
20140127,3,PM2.5,107,85,111,113,96,95,127,162,99,126,133,126,133,100,119,109,97,101,116,80,85,119,153,114,107,73,75,105,,188,120,91,101,98,99
20140127,3,PM10,133,111,139,166,117,114,146,147,107,147,139,126,,109,107,95,114,92,140,75,92,120,151,120,104,74,77,97,,213,110,104,113,101,144
20140127,3,AQI,86,81,94,92,78,81,104,121,99,115,121,115,125,101,93,98,90,97,116,76,86,74,108,88,94,68,64,109,118,150,98,89,87,95,76
20140127,4,PM2.5,96,87,103,107,96,96,116,158,91,115,129,115,120,101,106,104,109,122,116,92,84,102,134,103,98,66,93,108,117,165,115,102,97,108,93
20140127,4,PM10,111,116,121,159,113,102,131,128,93,127,136,111,,103,97,88,122,110,124,83,87,101,109,108,86,61,104,98,129,198,101,105,103,105,137
20140127,4,AQI,90,84,98,96,82,85,108,126,101,119,126,119,130,105,96,101,93,101,120,79,88,78,113,91,97,71,68,109,122,157,103,93,91,99,80
20140127,5,PM2.5,94,95,95,95,97,91,114,155,89,111,133,101,104,94,104,102,111,103,112,98,84,90,145,98,104,80,89,103,109,145,106,93,96,99,91
20140127,5,PM10,105,115,114,152,109,101,128,132,89,119,133,104,,90,89,92,131,92,124,91,93,93,114,110,87,67,90,91,118,182,91,100,102,92,116
20140127,5,AQI,94,89,102,99,86,89,113,131,104,122,131,123,134,108,100,103,97,104,124,83,90,82,118,94,99,74,71,110,126,162,108,96,95,102,84
20140127,6,PM2.5,97,87,98,96,108,97,115,150,83,107,120,104,97,94,106,105,98,,115,104,87,82,141,107,101,81,87,100,111,119,99,92,93,93,98
20140127,6,PM10,114,109,111,138,118,108,133,121,88,111,122,100,,94,97,97,115,,119,95,85,89,130,123,88,69,81,93,112,137,88,95,105,93,159
20140127,6,AQI,98,93,106,103,90,93,118,136,108,126,136,127,137,111,103,106,100,107,128,87,93,85,123,97,102,78,75,111,128,166,112,100,99,105,88
20140127,7,PM2.5,97,85,93,89,120,93,120,137,88,97,133,118,92,98,104,123,100,148,115,111,91,87,145,113,106,,86,98,113,126,107,95,102,101,99
20140127,7,PM10,121,115,115,132,140,115,145,121,92,121,129,104,,104,102,124,114,156,124,108,92,95,128,130,95,,84,94,116,149,100,104,126,132,143
20140127,7,AQI,103,96,110,106,96,97,123,139,111,129,141,132,140,115,107,109,103,113,132,91,95,89,128,101,105,81,78,111,128,170,116,104,103,109,91
20140127,8,PM2.5,114,95,113,93,123,98,120,140,94,108,125,118,103,118,104,127,124,135,115,109,96,96,132,114,113,75,82,96,103,128,116,102,113,99,113
20140127,8,PM10,131,142,132,135,144,121,153,130,89,114,122,110,,131,105,127,139,130,125,113,100,107,116,128,116,72,85,87,115,149,109,119,128,151,166
20140127,8,AQI,108,100,115,109,101,101,128,144,115,132,146,137,144,120,110,112,107,117,136,95,98,94,132,104,108,84,82,112,131,174,121,107,108,112,95
20140127,9,PM2.5,115,102,113,111,121,123,118,146,94,119,132,115,126,110,118,105,125,132,112,127,97,110,150,123,121,80,83,108,,133,121,113,112,104,156
20140127,9,PM10,138,146,140,157,148,156,157,149,100,130,137,112,,121,128,115,136,135,137,142,112,122,149,149,120,80,91,114,,159,118,138,134,142,244
20140127,9,AQI,113,103,119,113,106,107,133,148,118,136,151,141,148,124,114,113,110,122,140,101,101,98,135,109,112,88,85,112,135,177,126,111,112,115,102
20140127,10,PM2.5,125,103,125,119,134,138,127,178,115,127,141,126,149,107,148,108,116,150,123,134,133,120,171,137,135,92,90,160,,154,134,117,127,114,142
20140127,10,PM10,150,167,145,152,155,185,155,172,122,136,144,133,,124,164,111,123,155,137,154,138,130,183,164,135,78,90,174,,181,129,132,142,123,189
20140127,10,AQI,119,106,124,118,112,113,138,153,122,140,157,145,153,128,120,113,113,128,144,105,105,104,139,115,116,91,88,115,,181,128,114,118,119,108
20140127,11,PM2.5,133,127,143,133,137,118,148,160,139,131,130,141,134,113,,132,115,167,131,152,132,119,180,153,148,99,99,165,132,162,141,127,143,132,103
20140127,11,PM10,152,125,169,140,163,144,159,150,141,152,132,148,,143,,137,121,175,138,155,131,123,192,193,157,87,100,182,155,181,133,139,162,132,140
20140127,11,AQI,125,112,130,124,118,118,143,159,127,145,162,150,158,132,123,117,116,135,148,112,109,109,144,120,121,96,91,120,143,187,130,119,124,125,112
20140127,12,PM2.5,114,135,152,135,133,118,154,143,136,150,141,136,131,,99,,124,176,129,148,133,105,188,151,154,106,126,140,128,159,141,137,145,134,110
20140127,12,PM10,131,114,166,116,149,148,159,136,133,150,140,133,,154,280,142,130,187,139,152,114,113,202,194,162,100,122,138,150,168,132,143,153,125,141
20140127,12,AQI,126,118,136,129,124,123,150,164,132,151,168,155,163,136,127,120,120,141,152,118,113,111,151,125,127,101,97,125,144,194,137,125,130,130,116
20140127,13,PM2.5,134,131,161,142,148,129,154,139,147,162,145,134,143,73,142,77,131,179,148,143,129,117,182,167,130,108,143,146,137,145,154,138,148,137,117
20140127,13,PM10,144,90,166,,159,155,176,120,138,168,143,134,,145,206,116,131,188,162,144,109,126,201,208,226,110,144,148,162,159,133,138,156,124,141
20140127,13,AQI,128,124,142,135,130,125,157,169,137,157,173,160,168,138,133,122,125,147,157,124,118,113,159,131,130,106,102,131,146,200,143,130,136,135,121
20140127,14,PM2.5,147,144,163,151,146,141,176,162,146,164,147,149,145,147,151,136,145,187,156,146,132,130,95,191,65,122,145,161,148,138,168,143,158,144,138
20140127,14,PM10,169,124,177,391,166,176,194,157,152,183,163,148,,157,197,125,145,195,179,149,133,140,95,232,317,126,143,166,169,164,149,150,167,145,167
20140127,14,AQI,134,127,149,140,135,127,164,175,141,164,178,166,172,144,139,127,131,154,162,129,122,115,160,138,130,111,107,137,152,203,149,135,142,140,126
20140127,15,PM2.5,127,134,,133,113,143,128,155,82,161,157,122,153,163,133,157,146,165,103,149,138,124,15,170,27,117,145,155,160,154,168,124,115,127,143
20140127,15,PM10,142,139,10,69,115,185,132,148,89,184,167,143,,168,170,149,151,173,123,153,140,143,76,224,122,132,144,156,184,181,148,116,113,117,181
20140127,15,AQI,138,129,152,144,139,133,168,180,142,170,183,169,177,149,143,133,136,160,164,134,127,120,157,144,128,112,112,142,158,206,155,139,145,144,131
20140127,16,PM2.5,46,62,27,60,75,148,55,28,17,90,27,23,166,154,100,146,142,58,16,147,128,119,12,49,16,,145,137,178,169,78,63,56,67,147
20140127,16,PM10,105,131,24,6,102,185,,86,100,114,114,113,,163,134,136,153,127,168,151,137,143,44,82,40,,139,138,210,201,104,85,83,80,189
20140127,16,AQI,137,130,149,144,139,138,167,177,139,170,180,165,182,155,145,139,141,160,159,140,131,124,154,143,126,114,118,146,165,209,155,139,144,144,136
20140127,17,PM2.5,38,20,15,10,61,85,11,13,10,14,15,16,160,155,36,141,153,17,14,142,85,122,8,9,3,81,131,127,,172,32,24,38,19,81
20140127,17,PM10,137,143,150,115,99,130,6,62,116,142,130,203,,179,110,154,173,123,170,157,73,155,53,52,45,107,129,140,,204,113,105,129,139,130
20140127,17,AQI,136,128,146,141,139,139,163,173,136,166,176,161,186,160,144,144,146,157,154,144,133,128,150,140,123,114,122,149,176,211,153,137,142,141,137
20140127,18,PM2.5,14,6,11,7,15,21,10,9,12,14,14,8,137,53,17,177,88,10,9,155,7,26,14,12,7,5,135,108,194,166,22,15,15,15,36
20140127,18,PM10,147,136,110,129,94,132,132,65,79,89,143,97,,127,136,186,150,79,108,170,51,114,44,93,40,80,136,134,235,201,91,112,91,150,126
20140127,18,AQI,133,125,142,137,136,137,159,169,132,163,170,156,187,159,141,150,147,153,148,149,130,129,147,137,119,111,125,151,183,213,150,134,139,138,136
20140127,19,PM2.5,13,11,9,9,15,22,9,7,11,11,13,9,18,15,10,111,9,12,8,91,10,15,15,10,12,3,118,152,87,205,19,12,13,12,46
20140127,19,PM10,109,78,75,72,95,106,57,25,62,39,107,86,,111,88,98,123,81,82,111,28,63,27,56,37,47,121,168,137,253,63,87,62,73,113
20140127,19,AQI,129,122,138,133,133,134,154,164,128,157,162,148,180,154,137,152,144,149,142,149,127,126,144,133,116,106,128,155,182,216,146,130,136,134,135
20140127,20,PM2.5,18,13,14,12,13,18,12,11,3,13,14,7,8,5,19,23,9,4,6,17,10,10,11,6,11,5,25,38,,151,18,15,11,12,11
20140127,20,PM10,77,99,69,59,54,72,33,38,37,42,61,50,,51,84,33,57,43,48,68,22,43,19,37,23,47,50,91,,167,49,62,58,59,62
20140127,20,AQI,125,118,133,128,129,131,147,159,122,149,154,141,171,148,132,148,139,144,134,144,122,124,140,130,112,102,125,152,,215,141,125,131,129,132
20140127,21,PM2.5,11,8,11,12,11,13,11,14,12,13,6,5,7,8,13,8,,10,7,12,9,11,10,6,10,3,16,15,,16,17,15,11,13,9
20140127,21,PM10,49,61,43,35,38,51,16,25,42,38,42,29,,47,54,38,,33,27,43,23,47,22,30,17,35,45,47,,58,32,39,45,50,48
20140127,21,AQI,120,113,127,122,125,127,141,153,115,143,145,133,161,142,127,143,,140,127,139,117,121,136,127,108,98,123,148,,209,136,120,125,124,128
20140127,22,PM2.5,8,9,6,12,7,9,10,16,11,9,7,11,9,4,9,9,7,17,6,16,11,11,5,6,10,5,22,25,,7,12,9,13,14,9
20140127,22,PM10,36,52,30,31,24,37,15,25,27,21,25,29,,19,38,15,19,25,26,37,16,35,16,17,22,27,38,41,,49,22,26,34,40,30
20140127,22,AQI,115,108,121,116,120,121,134,147,109,136,137,125,153,135,120,138,127,136,120,135,112,117,131,123,104,95,121,145,162,201,130,115,120,118,122
20140127,23,PM2.5,8,6,8,11,,7,13,12,9,11,24,5,8,6,13,8,13,14,5,12,6,8,10,7,6,3,19,15,11,10,10,8,11,10,10
20140127,23,PM10,23,49,25,14,,24,6,12,20,14,36,22,,19,34,16,18,19,15,24,17,21,11,13,27,15,30,21,19,79,14,15,25,22,21
20140127,23,AQI,109,102,115,110,115,116,126,140,102,129,128,117,144,126,114,133,123,131,113,132,108,112,126,120,99,91,118,141,155,190,124,108,115,112,117
