date,hour,type,dongsi,tiantan,guanyuan,wanshouxigong,aotizhongxing,nongzhanguan,wanliu,beibuxingqu,zhiwuyuan,fentaihuayuan,yungang,gucheng,fangshan,daxing,yizhuang,tongzhou,shunyi,changping,mengtougou,pinggu,huairou,miyun,yanqing,dingling,badaling,miyunshuiku,donggaocun,yongledian,yufa,liulihe,qianmeng,yongdingmengxi,xizhimengbei,nansanhuan,dongsihuan
20140731,0,SO2,3.1,3.4,2,2,2,4.1,5.9,4.4,2,2,2,2,2,4.2,2,2.5,2.7,2,4.9,2.7,3.1,6.5,2.3,2,2.5,2.4,9.7,11.5,2,21.2,2,3.3,2,4,44.5
20140731,0,NO2,35.5,36.8,32.5,49.8,44.8,34.7,40.6,45.4,29.7,33.1,48.1,84.3,51.6,64.5,42.1,59.7,36.9,37.7,26.3,20.3,35.9,26.1,9.7,21.4,45.7,9.5,32.4,47.4,7.6,53.2,52.9,59.2,39.5,107.8,87.4
20140731,0,O3,55.3,53.5,58.9,45.5,40.7,64.7,41.5,14.7,37.7,53.1,44,23.5,20,19.6,34.9,17.4,37.8,48.4,72.5,44.7,55.8,78.4,107.2,49.3,84.6,58.1,46,22.6,13.8,15.1,23.7,36.3,40.4,9.6,3
20140731,0,CO,2,2,2,2.1,1.7,2,1.7,1.8,3.5,2,2,2,2.1,2.1,2.1,1.7,2.1,2.1,1.6,1.8,2.2,2.1,1.6,1.7,1.8,1.9,1.9,1.8,1.6,1.3,2.1,2.2,2,2.3,2.1
20140731,1,SO2,3.1,3.1,2,2,2,4.5,5,4.3,2,2,2,2,2,4.1,2,2.6,2.6,2.2,5.2,2.2,3.2,6.7,2.1,2,2.2,3.9,10.7,9.4,2,22.1,2,3.1,2,2.7,44.4
20140731,1,NO2,46.1,41.5,36.1,40.6,35.9,34.3,36.9,39.1,30.6,36.1,58,59.4,43,62.4,41.9,66.4,24.3,37.4,38,19.4,28.5,36.8,7.8,17.5,52.4,10.3,37.2,34.7,6.3,69.2,53.8,58.9,30.8,91.2,91.3
20140731,1,O3,45.1,43.9,50.3,51,49,64.9,40.3,9.8,23.4,46.9,23.3,37.1,23.5,15.4,32.4,7.2,33.4,38.3,47.3,36.4,57.2,53.5,103.9,44.1,55,51.7,39.9,25.8,2,2,19.7,38,49.2,15.9,2
20140731,1,CO,1.9,1.9,1.9,1.8,1.5,1.8,1.6,1.8,2.7,1.9,1.9,1.9,2,2,2,1.7,1.9,2.1,1.8,1.8,2.1,2.2,1.6,1.7,1.9,2,1.9,1.5,1.5,1.3,1.8,2,1.8,1.9,2
20140731,2,SO2,5.3,4.3,2,2,2,4.9,8.1,6.1,2,2,2,2,2,3.1,2,2.6,6.2,3.9,5.3,2,3.5,9.4,2.5,2,2,5,10.8,13.3,2,12.4,2,2.8,2,3.2,17.7
20140731,2,NO2,58.1,51.8,43.6,48.8,38.4,43.6,36.9,41.3,28.5,41.7,56.5,66.7,41,67.6,47,65.6,24.2,35.5,49.7,22.1,34.4,51,8.2,18,75.3,11.3,34.9,23.7,3.5,72.4,56,68.3,29.4,94,61.8
20140731,2,O3,19.9,26.3,37.6,38.1,40.9,41.7,37.6,5.6,20,33.8,15.4,22.6,15.9,5.4,21.6,11.6,5.1,33.4,22.8,27.6,39.3,19.8,92.1,44.8,19.9,41.1,48.5,36.5,2,2,11.5,16.5,46.5,10.8,2
20140731,2,CO,2,2,1.9,1.8,1.5,2.1,1.4,1.9,2.6,1.8,1.8,1.8,1.9,2,2.2,1.4,1.5,2.1,1.8,1.9,2.2,2.2,1.7,1.7,1.9,1.9,1.4,1.4,1.5,1.3,1.7,2.1,1.7,1.9,1.9
20140731,3,SO2,6,4,2,2,2,6.1,6.8,4.7,2,2,2,2,2,4.4,2,2,2.3,2.6,5.3,2.9,3.7,10.2,2.2,2,2,5.3,10.7,13.2,2,12,2,3.6,2,2.4,19.2
20140731,3,NO2,61.3,60,51.4,53.9,48,54.7,41.8,38.2,25.7,46.9,38.4,78.5,37,54.9,47.5,49.6,27.1,32.4,48.3,24.2,37.6,48.7,17.2,17.6,77,13.6,34.1,20.8,7.5,61.9,64.8,55.1,37.6,84.6,67.1
20140731,3,O3,14.6,12.3,17.8,28.4,21.2,24.6,31.4,2.3,18.2,21.9,23.5,4.1,15.7,11,15.8,20.9,8.7,33.6,19.7,37.6,28.4,17.3,69.9,39.4,15.5,35.7,38.4,39.7,2,2,6.4,28.1,27.6,13.5,2
20140731,3,CO,1.5,2,2,1.8,1.7,2,1.6,1.8,1.8,1.8,1.6,1.8,1.6,1.7,2.1,1.3,,2,1.8,1.9,2.2,2.2,1.7,1.6,1.8,1.9,1.1,1.3,1.5,1.3,2.1,1.8,1.8,1.7,1.7
20140731,4,SO2,7,4.1,2,2.8,2,5.1,7.5,5.8,2,2,2,2,2,6,2,2,2.3,2.6,4.9,2.6,2.9,9.8,2.1,2,2.2,5.9,8.4,12.2,2,11.5,2,3.8,2,2.8,26.3
20140731,4,NO2,54.5,56.6,43.1,50,49.5,58.4,37.2,48.7,22.9,47.3,41,63.7,31.4,48.2,44.3,48.3,26.4,33.5,35.7,29.7,35.9,37,33.5,29.5,73.1,10.3,30.7,18.8,8.6,65.8,62.7,55.4,42.3,81.2,72.1
20140731,4,O3,21.2,15.6,27.7,26.8,17.8,14.3,,,24.6,12.4,14.6,11.5,15.4,15,13.9,24.7,15.9,31.7,26,18.9,18.2,33.3,44.3,19.6,10.7,40.3,26.5,,2,,5.5,22.2,17.3,15.6,2
20140731,4,CO,1.5,2,1.7,1.6,1.5,1.8,1.4,1.9,1.9,1.8,1.6,1.7,1.5,1.5,1.8,1.3,1.1,2,1.6,2,2,2.2,1.7,1.7,1.8,2,1,1.2,1.5,1.3,1.9,1.8,1.8,1.5,1.7
20140731,5,SO2,8.6,6.1,2,3.6,2,4.4,7.3,6.9,2,2,2,2,2,8.1,2,2,2,2.5,4.9,2.4,2.1,8,2.3,2,2.4,6.7,7.3,11.6,2,12.4,2,4.6,2,3.4,27
20140731,5,NO2,47.5,30.6,37.4,41.6,44.6,58.8,40.8,39.7,49.5,46.5,29.7,53.5,,42.2,33.6,50.4,42.8,40.3,41.5,27,35.3,33.8,44,18.7,79.9,,26.3,17.1,5.8,31.2,58.3,48,40.1,72.9,77.1
20140731,5,O3,24.9,31.1,35.4,33.8,23.8,12.3,17.9,2,20.5,19.3,21.6,18.8,22.6,24.5,23.3,16.7,2,24,12.9,16.8,13.6,31.5,29.8,23.5,2.4,45.3,19.7,27.4,2,17.7,10.5,27.1,24.1,19.9,2
20140731,5,CO,1.9,1.6,1.7,1.7,1.5,1.8,1.5,2,1.6,1.7,1.5,1.6,1.4,1.5,1.7,1.5,1.2,2,1.6,1.9,1.9,2.2,1.7,1.7,1.8,1.9,1,1.2,1.5,1.3,1.5,1.6,1.6,1.5,1.5
20140731,6,SO2,10.6,6.3,2,3.6,2,4.8,7.2,5.9,2,2,2,2,2,9.5,2.8,2,2,2.8,4.9,2.2,2,7.6,2.2,2,2,9.3,6.9,12.2,2,12.3,2,4.9,3.9,3.9,36.2
20140731,6,NO2,36.1,30.5,35.5,43.8,36.8,59.2,42.9,43.9,52.2,37.7,34.4,45.2,23.6,37.2,28.8,62.6,41.7,39.8,40.2,35.8,33.6,49.8,42.9,34.6,77.5,8.3,23.3,42.6,4.6,23.5,56.5,49.5,33,81.3,80.3
20140731,6,O3,38,25.6,44,34.1,27.7,9.5,21,2,18.2,28,22.7,28.7,36.2,26.3,28.9,2,2,21.4,11.6,5.4,11.3,12.4,27.1,3.4,2,40.5,29,8.2,2,14.4,8.8,27.8,34.8,13.9,2
20140731,6,CO,1.8,1.6,1.7,1.8,1.3,1.8,1.5,2,1.6,1.7,1.6,1.5,1.7,1.7,1.7,1.3,1.6,1.9,1.6,2,1.8,2.2,1.7,1.7,1.8,2.1,1.1,1.2,1.4,1.3,1.9,1.7,1.7,1.6,2
20140731,7,SO2,9.7,5.8,2,3.7,2.4,8.2,6.9,6,2,2,2,2,2,10.6,3.1,2.1,2,2.5,4.8,2.6,2,9.9,2.4,2,2.1,7.7,8.4,14.6,2,12.8,2,4.5,5.7,4.9,41.6
20140731,7,NO2,41.2,30.8,39.9,40.4,42.4,55.3,40.4,43.9,30.7,43,31.8,39.2,22.6,40.4,30.7,52.6,35.2,39.5,36.3,43.4,34.5,54.8,38.4,24.3,74,8.5,23.3,27.5,6.4,22.3,62.9,66.8,52.1,99.6,78.2
20140731,7,O3,34.6,31.5,45.9,52.1,25,20.9,33.5,2,58,32.4,46.9,50.8,51.6,27.2,24.9,3,8,21.4,17.9,9.7,11.6,9.6,24.2,12.9,2,32.3,40.9,14.6,2,20.4,9.6,23.7,21.3,17.9,2
20140731,7,CO,1.8,1.7,1.9,1.9,1.3,1.8,1.4,1.9,1.5,1.9,1.7,1.6,1.5,1.5,2,1.2,1.4,1.8,1.6,1.5,1.6,2.3,1.7,1.9,1.7,2.1,1.1,0.9,1.5,1.2,1.9,1.7,1.8,1.7,2.1
20140731,8,SO2,10,7,2,4.2,2.7,10.3,6.9,6.8,2,2,2,2,2,12.5,3.7,2.6,2,2,4.8,5.2,2,5.3,3.5,3,2.3,7.5,12.7,15.2,2,13.9,2,4.6,2,7.1,43.3
20140731,8,NO2,40.9,31.8,39.5,44.1,46.6,56.5,46.6,45.6,26.4,34.3,27,40.8,27.1,46.7,31,54.1,36.1,39.3,40.7,43.3,34.8,32.4,24.6,18.3,52.9,7.4,23.3,27.7,15.8,23.8,78.8,61,59,135.4,94.3
20140731,8,O3,52.2,55.1,71.3,69.2,36.3,36.9,38.2,5.8,70.3,59.2,66.5,57.9,47.1,46.9,34.2,2.3,20.2,22.7,31.8,21.4,11.5,37.1,50.3,32.9,33.9,33.1,45.8,14.3,4.7,34.7,15.3,47,32.1,8.5,3
20140731,8,CO,1.9,1.7,1.9,1.9,1.4,1.9,1.6,1.8,1.6,1.7,1.5,1.6,1.5,1.6,2.4,1.3,1.4,1.8,1.6,1.5,1.5,1.9,1.6,1.7,1.7,2.1,1.3,1,1.7,1.2,2,1.8,2.1,2.2,2.1
20140731,9,SO2,9.9,9.6,2,4.1,2,10.4,8.1,8.6,2.3,2,2.5,2,2,14.5,3.6,3.5,2.6,2,4.9,5,2,7.3,3.7,2.8,2,5.1,13.6,13.5,2,13.8,2,5.7,2,7.4,43.1
20140731,9,NO2,38.2,37.7,45.5,39.6,45.2,53,40.8,42.9,25.8,32.6,27.1,39.1,28.3,54.7,24.5,56.3,31.4,30,35.9,38.1,39.4,31.5,15.9,15.3,30.1,5.7,22.2,25.6,13.7,16.9,80.4,69.1,44,145.7,90.1
20140731,9,O3,73.5,68.4,82,99.3,61.9,58.8,60.9,12.6,83.3,89.8,78.7,78.4,51.4,43.8,63.3,17.2,30.2,38.6,51.7,21.6,14.2,33.6,72.4,53.7,85.4,42.9,56.5,23.7,27.5,68.7,20.2,51.4,65.1,9.1,6.1
20140731,9,CO,1.9,1.7,1.8,1.6,1.6,1.9,1.5,1.7,1.5,1.6,1.5,1.6,1.5,2.1,2,1.6,1.5,1.7,1.6,1.9,1.5,1.7,1.5,1.8,1.6,1.9,1.5,1.1,1.7,1.1,1.9,1.8,1.8,2.1,2.3
20140731,10,SO2,10.6,9.4,2,5.1,2.6,10,7.4,10.8,2,2,2.6,2,2,13.2,3.7,5.3,3.6,2.4,4.6,5.2,2,10,2.6,2,2,4,14.3,17.3,2,17.4,2.4,6.3,2,7.1,44.4
20140731,10,NO2,40.5,40.6,45.1,41.6,51,54.7,,37.7,33.6,25.1,27.6,41,35.1,49,31.1,51.6,25.8,25.8,23.1,29.9,29.3,25.9,7.9,19.9,25.6,4.9,20.2,22.6,15.7,16.2,69.9,71.5,53,159.6,97.8
20140731,10,O3,86.4,91.1,94.8,118.8,62.9,73,82.6,34.8,75.2,118.4,100.7,110.7,55.8,73.5,81.3,47.2,69.6,68.2,98.3,52.7,43.9,64.6,115.2,70.8,104.8,63.1,83.9,50.5,50.7,95.4,43.3,70.8,65.3,20.5,15.6
20140731,10,CO,1.8,1.7,1.8,1.7,1.7,1.9,1.4,1.6,1.8,1.6,1.6,1.5,1.4,2,1.9,1.9,1.6,1.8,1.5,1.7,1.5,2.5,1.3,1.8,1.5,1.9,1.5,1.2,1.6,1.2,1.9,1.8,1.8,2.2,2.6
20140731,11,SO2,11.1,8.3,2,5,2.7,13.4,7.3,10,2,2,2,2,2.5,11,4.9,7.9,3.3,2.5,4.5,6.4,2,9.4,2.3,2,2,3.2,13.4,18.3,4.7,18.1,8.2,7,12.6,7,39.4
20140731,11,NO2,49.7,34,46.1,46.6,48.7,47,43.3,30.7,25.3,27.7,17.8,34.3,28.1,29.8,26.7,44.9,19.5,29.5,23.1,20,19.7,23.2,5.3,19.9,30,3.7,25.2,17,12.6,9.2,70.5,78.6,66.9,138.4,92.6
20140731,11,O3,96.4,116.6,109.8,123.5,80.8,112.2,101.3,79.2,121.4,141.4,143.9,146.7,102,110.9,111.3,82,114.2,119.3,132.1,98.1,93,101.8,149.5,102.4,117.8,98.2,99.9,94.5,103.6,120.8,57,89.1,64.2,53.2,39.3
20140731,11,CO,1.9,1.6,1.7,1.7,1.6,1.9,1.4,1.6,1.5,1.7,1.5,1.5,1.5,1.5,2.3,1.7,1.5,1.6,1.4,1.6,1.4,1.6,1.2,1.7,1.6,1.8,1.3,1.3,1.8,1.3,1.9,1.9,1.9,1.9,2.2
20140731,12,SO2,10.5,8.2,2,5.2,2.8,13.7,7.3,9.5,2,2,2,2.9,2.9,8,3.2,6.5,4.1,2.3,4.4,6.2,2,6.3,2.5,2,2,2.6,14.5,16.3,9,18.7,5.1,5.9,,7.6,33.6
20140731,12,NO2,47.6,22.4,38.1,30.6,47,44.7,36.9,28.5,23.7,25.9,13.3,22.8,22,21,26,45.5,17.1,25.5,19.1,13.9,15.3,12.8,5.9,20.7,24.2,3.1,25.9,11.5,17.3,6,74.4,65.6,,129.1,84.3
20140731,12,O3,119.7,169.7,152.1,179.3,112.7,146.5,141.1,118.9,185.4,170.8,161,196.7,122.8,139.3,141.7,112.7,155.1,178.5,164,129.7,144.3,149.5,158.4,157.2,166,128.4,123.6,118.4,141.8,155,74.2,126.9,,80.8,78.5
20140731,12,CO,2,1.6,1.7,1.6,1.6,2,1.4,1.5,1.4,1.6,1.5,1.3,1.5,1.5,2.1,1.3,1.4,1.5,1.4,1.5,1.4,1.4,1.2,1.5,1.6,1.6,1.4,1.3,2,1.2,1.9,1.8,,1.9,2
20140731,13,SO2,11.7,8.1,2,5.3,2.5,16.3,6.7,9.5,2,2,2,2.7,2.8,7.4,2,5.6,5.7,2.5,4.2,5.8,2,4.4,2.2,2,2.2,3.7,12.5,18.3,7.5,17.1,5.2,7.8,,7.7,36.1
20140731,13,NO2,39.3,20.6,31.3,28,44.7,37.5,37,26.3,21.6,20.9,12.2,22.3,23.6,19.9,21.2,36.1,16.9,25.4,17.2,10.2,13.4,10.1,6.9,20.3,24.5,3.7,22.9,10.1,7.7,5.6,62.3,56.8,,119.6,85.5
20140731,13,O3,159,191.1,185.6,205,145,194.7,164.7,159.7,232.9,213.1,169.8,207.1,139.6,164,176.2,151.1,193,226.8,182.9,153.4,183.6,167.8,164.4,205,188.2,167.3,147.7,142.2,173.8,168.3,105.3,160.9,,106.3,105.6
20140731,13,CO,2.1,1.9,1.7,1.7,1.8,1.9,1.4,1.4,1.4,1.5,1.5,1.3,1.4,1.6,1.7,1.2,1.4,1.6,1.3,1.4,1.4,1.3,1.2,1.5,1.6,1.5,1.3,1.2,1.8,1.2,1.9,1.9,,1.9,1.9
20140731,14,SO2,8.3,5.9,2,4.5,3.9,12.7,6.7,9.3,2,2,2,2.4,2.3,7.5,2,4.8,4.7,2.9,4.3,4.7,2.8,2.9,2.6,2,2,3.2,10.7,13.8,6.5,16.7,6.8,7.2,5,6.9,35.3
20140731,14,NO2,31.9,17.7,30.2,27.1,37.3,36.2,29.8,27,20.8,17.4,11.2,21.8,24.8,17.5,27.9,30.3,14.8,26.7,16.9,9.8,14.1,9.6,8.4,21.7,26.1,3.2,22.4,10.4,4.2,5.3,67.5,61.3,55.2,114.8,69.9
20140731,14,O3,183.5,216.4,207.4,215.7,194.9,230.1,186.9,188.3,252.5,227.4,181.2,215.2,147.1,188.8,193.9,168.7,221.3,263.6,181.5,164.5,216.5,184.1,183.6,243.5,224.8,182.5,160.8,159.7,186.6,179.7,118.4,173.7,164.3,118.4,140.9
20140731,14,CO,2,1.8,1.8,1.9,1.7,1.8,1.3,1.4,1.3,1.5,1.4,1.3,1.4,1.7,1.5,1.2,1.4,1.6,1.3,1.4,1.4,1.3,1.3,1.5,1.6,1.4,1.2,1.1,1.6,1.1,2,2,1.8,2,1.7
20140731,15,SO2,4.6,4,2,3.1,2.7,7.2,6,9.3,2,2,2,2.3,2.1,5.5,2,4.1,3.5,3.8,4.3,3.5,2.7,2.8,2.4,2.3,2.1,2.3,9,12.5,5.7,15.8,4.5,5.6,9.5,6.5,32.6
20140731,15,NO2,23.9,17,27.5,26.2,33.3,27.9,34.1,23.5,20.3,18.2,11.5,22.4,27.4,17.8,25.6,34.1,16.8,30.2,17.7,10.4,16.6,9.8,11.5,22.3,28.7,2.9,22.4,10.5,11.7,5.1,71.6,69.3,56.2,123.3,82.1
20140731,15,O3,198.9,235.3,216.4,225.7,214.5,250.1,183.7,193.8,246.4,233.5,184.8,217.4,158.5,193.5,201.6,168.6,235.1,297.5,183.7,172.7,243.7,201,209.5,273.9,250.5,188.5,161.7,163.1,181.7,187.1,127.1,186.5,166.2,118.7,144.7
20140731,15,CO,1.7,1.5,1.8,1.7,1.5,1.5,1.4,1.3,1.3,1.7,1.4,1.3,1.4,1.4,1.3,1.2,1.3,1.7,1.3,1.3,1.4,1.2,1.3,1.5,1.6,1.4,1.1,1,1.4,1.1,1.7,1.7,1.8,1.8,1.6
20140731,16,SO2,2.9,2.9,2,2.5,2.9,5.8,6.2,8.5,2,2,2,2.2,2,4.2,2,3.6,3.1,3.6,4.3,3.2,2.7,2,2.3,3,2.6,2,7.8,13.3,5.3,16.3,2,5.4,11.6,5.9,32.3
20140731,16,NO2,21.6,15.4,26.6,24.1,27.2,29.9,33.1,20.6,19.7,17.9,11.6,40.1,28.1,15.6,20.5,35.9,16.5,31.4,19,10.5,17.1,11,14.1,25.8,43.4,3.2,21.8,10,5.5,5.3,67,68.2,64.2,120.8,81.2
20140731,16,O3,198.9,234.4,216.2,223.6,221.3,234.9,184.2,179.2,235.3,232,194.6,201,172,187.6,204.5,167.7,232.1,300.1,185,174.4,273,223.1,236.9,295.4,274,206.1,168.2,168.9,182,187.4,129.8,181.4,165,117,148.8
20140731,16,CO,1.4,1.3,1.5,1.4,1.2,1.4,1.4,1.3,1.3,1.5,1.4,1.4,1.5,1.2,1.2,1.1,1.3,1.7,1.3,1.3,1.5,1.2,1.4,1.7,1.7,1.3,1,0.9,1.2,1.2,1.4,1.6,1.7,1.6,1.4
20140731,17,SO2,2.8,2.8,2,2.3,2,4.6,6.8,8.5,2,2,2,2.3,2,4.1,2,3,3.6,2.4,4.3,2.7,2.5,2.6,2.7,2.8,2.9,2,7.5,10.8,4.5,16,2,4.1,2,5.6,31.4
20140731,17,NO2,22.4,14.3,25.4,21.8,30.4,25.3,31.8,20.8,20,16.9,12.3,25.7,29.7,16.8,16,36.7,16,29.9,21.1,11.4,17.2,15.9,16.9,25.7,43.9,3.4,20.6,10.4,11.8,6,81.3,64.6,33.1,120.6,91.8
20140731,17,O3,189.6,216.8,202.1,209.5,207.4,234.2,173,172.1,228.7,214,200.5,219.8,161.4,196.6,196.2,175.2,219.5,284.7,187.8,173.6,261.5,258.7,260.5,293.7,273.7,214.5,178,180.8,173.7,178.1,109.6,166.9,179.6,99.3,125.2
20140731,17,CO,1.3,1.2,1.3,1.3,1,1.3,1.2,1.3,1.4,1.3,1.5,1.4,1.5,1.2,1.1,1,1.3,1.7,1.3,1.2,1.4,1.3,1.4,1.7,1.7,1.3,0.9,0.8,1.1,1.2,1.4,1.5,1.3,1.4,1.5
20140731,18,SO2,2.3,2.1,2,2.1,2,3.8,7,13.2,2,2,2,2.6,2,6,2,2.8,3.4,2,4.3,2,2.5,3.1,3.2,2,2.3,2.2,7.9,12.9,4.3,15.9,2,4.5,2,6.1,34.5
20140731,18,NO2,23.8,14.3,28.5,23.7,30.1,25.2,27.5,22,18.5,26,13.1,25.6,27.2,21.5,13.6,37.5,16.1,32.3,20.8,12.1,18.3,20.4,20.6,25.3,43.8,5.5,20.8,14.4,15.3,7,69,79.6,45.8,135,111.9
20140731,18,O3,169.2,199.8,184,199.6,184.6,216,165.5,186.4,228.1,207.5,183.7,217.2,155,186,197.1,176.1,205.5,256.2,186.6,174.5,242,257.4,256,277.6,240.3,255.2,191.6,191.5,166,153.6,106.8,133.5,154.8,82.7,95.9
20140731,18,CO,1.3,1.2,1.4,1.3,1,1.2,1.2,1.4,1.4,1.5,1.5,1.5,1.5,1.2,1.1,1,1.2,1.5,1.3,1.1,1.4,1.3,1.6,1.6,1.7,1.3,0.9,0.9,1.3,1.2,1.3,1.5,1.3,1.5,1.6
20140731,19,SO2,2.3,2.5,2.6,2.6,2,3.6,6.3,9.5,2,2,2,2.3,2,4.3,2,2.7,3.3,2,4.4,2,2.3,3,2.6,2,2,2,7.4,14.3,2.9,15.8,2,4.3,6.9,5.9,31.3
20140731,19,NO2,27.1,17.1,31.4,29.2,31.5,29.3,41.2,22.8,21.4,29.3,11.8,28.5,31.3,22.5,20.1,44,20,34.5,24.6,16.9,18.7,23.8,21.8,26.8,56.5,5.4,18.7,16.4,22.7,16.3,75.2,87.3,54.2,151.2,105.7
20140731,19,O3,162.3,197.6,179.6,199.1,167.5,199,151,158.1,212.4,185.1,168.3,193.3,148.5,185.7,195.4,169.5,186.3,221.1,169.5,154.4,211.7,227.5,238.5,246,194.8,236.3,173.4,169.4,123.6,110,102,133.1,140.6,78.3,95.1
20140731,19,CO,1.4,1.2,1.4,1.4,1,1.2,1.4,1.3,1.4,1.5,1.5,1.6,1.6,1.2,1.1,1,1.2,1.4,1.4,1.1,1.3,1.4,1.6,1.4,1.6,1.3,0.9,1.1,1.5,1.2,1.3,1.5,1.5,1.6,1.5
20140731,20,SO2,3.4,2.5,3.4,2.7,2,3.5,7.7,5.1,2,2,2,2.2,2,4.3,2,2.8,2.8,2,4.5,2,2.1,2.2,2.4,2,2,2,7.1,12.3,2,14.6,2,5.2,6.2,4.9,34.6
20140731,20,NO2,28.3,20,34,31.3,36.2,37.5,42,22.5,20.5,41,15.1,41.5,34.5,29.1,22,58.3,24.4,44.5,31.6,22.9,22,19.2,22.1,26.8,55.6,5.8,20.6,19,10.3,18.6,71.4,92.8,50.8,153.5,138.7
20140731,20,O3,162,181.4,170.6,187.5,161.2,188.7,130.8,130.8,178.4,149.4,139.8,158.3,141.4,164.3,173.5,138.8,166.4,178.5,144.5,132.3,181.8,193.1,210.1,212,169.5,200.7,147.9,148.4,120.5,81.8,98.7,114.5,139.2,62.6,65.2
20140731,20,CO,1.4,1.2,1.4,1.4,1.1,1.2,1.4,1.3,2.5,1.6,1.6,1.7,1.7,1.3,1.2,1.1,1.2,1.4,1.4,1.2,1.3,1.3,1.5,1.3,1.6,1.3,1.1,1.6,1.6,1.2,1.4,1.6,1.3,1.5,1.6
20140731,21,SO2,3.2,2.1,3.8,2.6,2,4.3,7.5,7.9,2,2,2,2.3,2,5.6,2,2.7,2.9,2,4.5,2.1,2,2,2.3,2,2,2,6.1,12.8,2,14.4,2,4.4,11.1,4,42.4
20140731,21,NO2,29.7,20.8,34.1,36.9,33.5,37.6,47.5,38.7,26.3,46.8,21.4,53.9,47.6,44.1,36.5,59.3,23.3,38.3,30.4,25,25.1,20.2,21,22.8,43,5.5,31.3,19.3,14.4,19.6,72.4,102.1,60.3,135.4,155.4
20140731,21,O3,145.5,150.7,152.4,160.2,147.4,174.9,114.8,98.1,116.8,134,140.8,127.3,111.6,150.9,138.6,113.6,157.9,157.9,120.8,117.3,155,169.8,182.4,161.4,153.7,176.2,129,129.6,73.7,64.4,81.8,89,122.6,66.5,36.2
20140731,21,CO,1.5,1.3,1.5,1.6,1.1,1.4,1.5,1.3,6.7,1.7,1.7,1.8,1.8,1.6,1.4,1.4,1.2,1.5,1.4,1.4,1.3,1.3,1.4,1.3,1.6,1.3,1.4,1.4,1.6,1.1,1.5,1.7,1.4,1.8,1.8
20140731,22,SO2,3.3,2.5,3.7,2.5,2,5.1,7.3,7.2,2,2,2,2.6,2,8.3,2,2.4,3.4,2,4.6,3.5,2,2.1,2.2,2,2,2,7,15.9,2,16.1,2,4.5,13.8,3.7,45.4
20140731,22,NO2,38.3,29.7,32.6,43.8,40,42.7,55,51.6,22.7,24.3,28.3,70.8,46.6,63.8,33.6,58.7,26.8,40.1,53.7,29.1,29.1,22.4,29.9,19.7,93,4.5,34.1,22,7.4,21.4,82,91.5,61.3,136.8,144.5
20140731,22,O3,131.8,123.3,164,147.9,126.5,146,110.1,65.8,102.3,184.3,120.4,102.2,101.1,122.6,129.9,100.8,134.6,120.5,74.8,109.6,123.9,145.9,140.4,113.2,66.7,165,111.8,100.5,54.5,42.8,68.7,99.3,121.6,62.2,32.7
20140731,22,CO,1.7,1.5,1.6,1.8,1.2,1.9,1.4,1.4,5.7,1.6,1.7,1.8,1.7,1.8,1.7,1.3,1.4,1.4,1.5,1.7,1.3,1.3,1.4,1.3,1.5,1.2,1.5,0.9,1.5,1.2,1.7,1.9,1.5,2,2.3
20140731,23,SO2,5.4,2,3.8,2.8,2,4.8,6.9,7,2,2,2,2.8,2,7.3,2,2.5,4.1,2,4.8,4,2,2.1,2.4,2,2,2,7,13.5,2,16.4,2,4.8,10.1,2.9,51.3
20140731,23,NO2,40.6,29.3,37.8,40.9,44.9,54.5,40.9,34,23.9,37.8,30.9,71.8,36.8,65.1,43.1,66.6,25.3,36.9,73.8,25.8,23.2,16.2,32.2,16.8,106.1,5.4,26.1,20.2,7,65.8,69.3,71.7,51.8,108.3,145.7
20140731,23,O3,124,103.2,151.7,148,127.7,112.9,138,84.8,97.4,158.7,112,98.9,113.7,105.8,97.1,71.3,124.7,112.5,38.9,93.5,110.9,152.1,118.3,97.9,40.6,134.5,105.4,79.6,47,5.4,76.2,109.3,119.9,89.7,8.5
20140731,23,CO,1.9,1.7,2,2,1.5,2.1,1.6,1.5,5.4,1.8,1.7,1.7,1.7,2,2,1,1.5,1.4,1.6,1.6,1.4,1.3,1.4,1.2,1.5,1.2,1.2,0.7,1.5,1.3,1.9,2,1.9,2,2.5
20140731,0,PM2.5,214.2,203.6,192.1,185.6,212.7,176.5,217.9,168.4,,194.2,175.7,205.2,186,187.6,198.8,178.4,211.2,212.1,155.6,153.1,216.2,158.7,177.4,168.7,204.8,171.3,152.2,158.2,96.2,91.9,205,197.8,3,207.7,197.3
20140731,0,PM10,,,,,,,,,,,,,,,,,,,,,,,,140.9,,,,,,,,,,,
20140731,0,AQI,194,168,161,151,183,158,176,150,35,158,142,167,141,148,173,187,182,148,137,193,177,138,90,137,130,149,168,180,126,124,180,164,62,170,181
20140731,1,PM2.5,205.2,191.1,188.9,167.9,194.5,171.7,208.7,153.8,,188.4,188.9,204.5,176.8,193.1,199.9,175.8,199.7,222.3,180.2,133.7,219.9,159.6,182.8,173,212.1,175.6,138,127.7,86.2,96.5,203,178.9,47.9,194.1,188.2
20140731,1,PM10,,,,,,,,,,,,,,,,,,,,,,,,146.1,,,,,,,,,,,
20140731,1,AQI,202,176,170,158,191,165,185,155,27,167,150,176,149,157,182,192,188,155,144,193,184,141,98,142,138,151,169,181,128,128,188,172,62,178,188
20140731,2,PM2.5,207.9,201.8,180.1,171.8,197.7,173.4,202.4,152.6,,180.4,179.2,197.1,181.4,189.3,181.3,148.2,201.8,222.9,191.3,150.6,225,160.4,188.3,175.4,212,174.6,129.8,106.4,83.8,96.7,215.9,191.6,33.3,193.1,191
20140731,2,PM10,,,,,,,,,,,,,,,,,,,,,,,,144,,,,,,,,,,,
20140731,2,AQI,208,185,178,167,201,173,194,161,26,175,158,185,158,165,190,196,194,163,152,194,191,144,107,147,146,154,169,181,130,131,199,181,60,188,197
20140731,3,PM2.5,208.2,184.9,189.9,180.6,206.2,169.5,204.9,133.2,,194.7,175.7,203.2,180.4,181.7,165.9,126,194.3,216.6,188.9,145.4,206.6,159.1,186.4,178.8,201.2,177.1,127.1,95.2,89,95.1,205,177.6,68.3,195.7,172.7
20140731,3,PM10,,,,,,,,,,,,,,,,,,,,,,,,143.3,,,,,,,,,,,
20140731,3,AQI,215,194,188,176,208,180,203,165,18,184,167,194,167,174,197,199,200,172,160,194,198,148,115,153,154,160,170,181,133,135,206,189,56,198,203
20140731,4,PM2.5,208.1,182.1,193.5,182.6,204.1,161.4,216.5,126.8,,196.1,170.3,200.6,178.8,180,162.2,122.4,181,217.5,184.6,150.9,194.3,159.8,180.2,183.3,189.4,183.9,122.9,98.2,96.8,102.1,194.4,186,3,196.4,175.3
20140731,4,PM10,,,,,,,,,,,,,,,,,,,,,,,,153.4,,,,,,,,,,,
20140731,4,AQI,221,202,197,185,214,187,210,168,19,193,175,202,175,182,202,200,203,181,168,194,203,153,123,160,163,167,170,180,137,137,212,198,54,205,207
20140731,5,PM2.5,218.8,194.6,207.1,194.9,218.3,167,230.6,123.7,,201,153.2,211.4,177.1,204.5,180.3,124.6,166.3,216.7,176.6,157.7,195.9,163.3,163.2,184.1,193.1,182.3,114.3,91.9,97.1,109.2,230.8,202.9,4.5,207.1,178.7
20140731,5,PM10,,,,,,,,,,,,,,,,,,,,,,,,154.7,,,,,,,,,,,
20140731,5,AQI,226,207,204,194,219,192,217,172,25,201,181,209,182,191,205,201,207,191,176,196,207,159,131,168,172,173,169,177,140,140,219,205,51,212,211
20140731,6,PM2.5,246.8,206.3,217.7,212,236.8,162.1,236.4,122.8,,227.1,170.6,204.2,186.7,218.8,192.3,132.7,161.5,213,184.1,138.4,199.7,153.4,161.5,180.1,188.3,174.5,102.9,92.2,89,112.3,236.7,214.6,3,222.4,186.8
20140731,6,PM10,,,,,,,,,,,,,,,,,,,,,,,,154.6,,,,,,,,,,,
20140731,6,AQI,232,212,210,202,224,197,224,175,27,209,189,215,190,200,208,202,210,200,184,196,211,164,139,176,181,179,167,173,142,143,225,210,51,218,214
20140731,7,PM2.5,247.2,218.6,223,205.7,250,184,236.7,132.5,,212.1,182.5,204.1,180.3,220.7,197.8,141.7,171.5,210.3,180.6,146.4,189.3,160.6,163.2,191.6,188,169.3,117.1,109.6,87.7,119.1,237.8,219,37.9,235.7,195
20140731,7,PM10,,,,,,,,,,,,,,,,,,,,,,,,173.7,,,,,,,,,,,
20140731,7,AQI,236,217,215,207,230,201,229,178,19,215,197,220,197,205,211,202,213,206,193,196,216,169,146,185,190,184,166,171,141,146,231,214,52,223,218
20140731,8,PM2.5,247.4,210.1,198.9,205.2,256.8,219,233.3,170.6,,202.9,197.8,210.3,189.4,219.7,262.7,175.2,194.6,203.1,201.8,155.8,177.5,148.3,183.9,199.4,194.7,172.5,137.5,155.7,87.7,148.3,239.6,211.6,18.4,228,222.7
20140731,8,PM10,,,,,,,,,,,,,,,,,,,,,,,,167.6,,,,,,,,,,,
20140731,8,AQI,241,220,218,210,235,206,234,184,22,218,204,225,204,210,216,203,218,212,201,195,219,174,155,194,199,189,168,172,138,150,235,218,53,226,222
20140731,9,PM2.5,225.7,224.6,195.8,196.7,235.9,220.6,224.8,192,,195.6,204.3,212.6,193.8,235,259.3,197.7,216.7,208.6,205.4,154.9,193.2,147.9,175.8,213.4,183.2,185.1,149.4,208.4,154.8,193.9,239.5,224,,238.8,238.2
20140731,9,PM10,,,,,,,,,,,,,,,,,,,,,,,,190.7,,,,,,,,,,,357.7
20140731,9,AQI,243,223,221,213,239,209,239,191,27,221,208,229,207,215,220,205,222,219,207,195,223,178,164,202,205,194,170,175,138,157,239,221,51,230,226
20140731,10,PM2.5,232.1,231.4,189.5,190.4,233.5,210.2,212.5,210.8,236.7,192.8,200.7,195.7,195.1,228.9,242.4,221.8,239.4,215.1,169,170.9,214.5,198.4,154.5,219.3,175,190.6,145.2,227.6,233.6,199.8,236.5,213.5,,223.8,286.5
20140731,10,PM10,,,,,,,,,,,,,,,,,,,,,,,,,,,,,,,,,,,355.9
20140731,10,AQI,246,227,223,215,244,212,241,198,232,222,211,231,210,218,224,209,228,225,210,197,227,184,172,209,210,200,172,183,142,162,243,223,48,233,232
20140731,11,PM2.5,247.3,232.1,193.5,208.1,239.7,211.4,201.7,207,221.6,191,173.7,180.6,180.8,208.2,235.9,227.4,236.8,221.7,154.4,157.9,214.7,154.9,123.3,211.8,156.9,185,150,214.8,222.3,203.4,237.5,221.5,,224.3,224.1
20140731,11,PM10,,,,,,,,,,,,,,,,,,,,,,,,,,,,,,,,,,,
20140731,11,AQI,250,230,225,217,248,216,244,202,234,224,213,233,212,220,228,213,233,232,212,198,232,189,177,215,214,204,175,194,146,165,246,226,50,235,235
20140731,12,PM2.5,251.7,207.4,200.2,198.2,238.1,200.4,198.8,204.8,200.6,188.4,162.6,165.5,155.6,206.9,224.7,230,217.2,221.3,158.1,161.4,209.1,133.7,112.9,209.7,187,157.3,141.9,182.4,204.3,174.4,228.8,205.9,,224.9,216.3
20140731,12,PM10,,,,,,,,,,,,,,,,,,,,,,,,,,,,,,,,,,,
20140731,12,AQI,254,232,227,220,251,218,245,205,234,225,213,234,212,225,233,218,236,237,213,200,235,191,182,219,219,206,177,201,149,166,249,229,,238,238
20140731,13,PM2.5,247,220.8,205.5,204,245.8,199.5,209,184.8,193,192.3,160.3,153.5,155,209.9,211.4,208.1,215.5,213.1,142.2,137.7,193.3,142.1,123.5,195.4,172.2,141.8,143.8,165.4,173.1,161.9,229.7,215.5,,227.2,215.3
20140731,13,PM10,,,,,,,,,,,,,,,,,,,,,,,,,,,,,,,,,,,
20140731,13,AQI,258,236,230,223,255,221,247,207,239,227,214,234,213,229,238,222,239,241,213,201,238,194,187,223,222,208,178,203,153,168,253,233,,242,241
20140731,14,PM2.5,239.7,214.5,204.9,206.7,236.5,198.5,215.9,179.9,186.6,193.5,153.1,169.7,157.5,198.6,190.9,188.2,205.5,218.2,141,134,193.7,136.5,138.9,203.5,204.4,142.6,129.9,153.3,149.8,146.6,234.2,216.1,,231.6,209.1
20140731,14,PM10,,,,,,,,,,,,,,,,,,,,,,,,,,,,,,,,,,,
20140731,14,AQI,261,240,232,227,258,224,249,209,241,229,214,234,214,234,242,224,242,245,213,200,241,196,193,226,227,210,179,203,160,167,257,237,56,247,244
20140731,15,PM2.5,221.1,195.7,212.1,195.5,222.3,178.7,221.3,176.9,195.5,194.1,156.5,173.6,156.3,172.2,176.4,167,194.1,218.8,140.4,149.9,197.1,128.9,154.3,204.9,218.7,142.3,131.4,148.2,134.4,144.9,209.7,196.3,,203.1,194.2
20140731,15,PM10,,,,,,,,,,,,,,,,,,,,,,,,,,,,,,,,,,,
20140731,15,AQI,263,242,235,230,261,226,251,210,244,231,215,235,214,237,244,225,244,249,214,201,243,197,200,229,232,211,180,202,164,167,259,240,58,250,247
20140731,16,PM2.5,193.3,173.9,180.9,168.2,198.6,161.3,201.2,177.4,195.2,176,149,169.6,151.2,141.8,154.5,153,195.2,222.2,143.5,144.7,210.4,122.1,172.2,213.6,232.4,135.7,115.4,145,123.1,138.1,193.1,170.7,,176.3,173.7
20140731,16,PM10,,,,,,,,,,,,,,,,,,,,,,,,,,,,,,,,,,,
20140731,16,AQI,266,245,236,232,263,229,252,212,244,233,215,235,216,238,245,225,246,253,215,201,246,197,205,233,237,212,179,201,166,168,262,243,57,252,249
20140731,17,PM2.5,171.8,163.1,153,137.9,175.9,148.7,173.1,175.4,186.3,140.8,143,158.4,138.3,132.5,141.4,144,181.1,209.6,141,133.5,209.4,148.6,181.3,216.9,234.9,138.1,115.7,131.9,126.4,137.3,169.6,153.9,,152.5,162.2
20140731,17,PM10,,,,,,,,,,,,,,,,,,,,,,,,,,,,,,,,,,,
20140731,17,AQI,267,246,238,233,265,229,253,213,244,234,215,235,216,238,245,224,247,255,214,201,249,200,210,237,242,212,179,200,167,170,263,244,75,253,249
20140731,18,PM2.5,154.3,138.2,141.6,131.1,157.9,137,154.4,,161.2,135.2,132.1,153.7,128.1,135.4,135.7,145.3,163.4,188.6,136.4,129.7,197.7,162.4,207.1,204.9,226.2,165.1,111.3,150.1,130.3,131.6,156.1,143.1,,152.7,160.2
20140731,18,PM10,,,,,,,,,,,,,,,,,,,,,,,,,,,,,,,,,,,
20140731,18,AQI,266,246,238,233,265,229,254,214,246,234,215,235,216,238,244,223,247,257,214,200,251,202,214,239,245,214,177,199,169,172,263,244,49,253,249
20140731,19,PM2.5,162.6,150.9,146.6,145.4,160.5,127.4,149.4,85.3,156.7,133.3,121.2,143.8,133.8,140.2,152.6,150.1,154.2,171.8,127.5,134.3,182.5,156.8,217.4,188.5,206.5,171.7,107.7,162.7,141.3,131.9,163.7,154,,167.2,145.4
20140731,19,PM10,,,,,,,,,,,,,,,,,,,,,,,,,,,,,,,,,,,
20140731,19,AQI,266,246,238,233,264,228,254,211,246,234,215,235,217,237,243,222,246,257,213,199,252,203,218,240,247,216,175,198,170,173,263,244,44,253,248
20140731,20,PM2.5,176.3,162.6,155.6,155,168.3,136.6,141.5,142.9,143,132.9,123.5,155.4,145.5,151.9,159.3,163.4,159.1,169.1,126.9,146.6,166.3,143.5,209.5,174.8,191.3,163.1,117,168.2,151.6,128.2,183,161.2,,173.2,153.6
20140731,20,PM10,,,,,,,,,,,,,,,,,,,,,,,,,,,,,,,,,,,
20140731,20,AQI,265,246,239,233,264,227,253,211,247,234,215,235,217,237,243,221,245,258,213,199,251,203,221,241,248,217,173,198,171,174,263,244,44,253,246
20140731,21,PM2.5,180.4,160.9,163.4,161.8,174.9,157.7,149.7,138.9,133.2,148.8,148.8,160.8,154,164.5,170.1,169.8,166.4,161.6,134.2,144.8,167.7,131.6,198.6,165.5,191.3,156.1,134.9,155.9,157.2,123.3,186.9,166.4,,182.2,185
20140731,21,PM10,,,,,,,,,,,,,,,,,,,,,,,,,,,,,,,,,,,
20140731,21,AQI,265,245,238,233,263,227,252,210,245,233,215,235,218,237,242,220,244,257,212,197,250,202,221,241,249,216,173,198,173,175,262,243,39,253,246
20140731,22,PM2.5,192.6,163.2,166.8,175,185.7,179.1,162.4,140.1,144.6,169.3,158.8,178.9,164.3,177.4,192.2,161.9,183.5,167.7,139.4,166,174.4,134.4,202.4,158,186.3,149.5,143.1,143.9,144.5,122.6,200.4,184.4,,196.8,199
20140731,22,PM10,,,,,,,,,,,,,,,,,,,,,,,,,,,,,,,,,,,
20140731,22,AQI,264,244,238,232,262,227,251,210,245,232,215,234,218,237,242,219,243,256,211,198,249,201,223,241,248,216,172,198,174,177,261,243,38,253,245
20140731,23,PM2.5,211.5,186.5,180.6,184.3,202.1,193.6,192.7,150.2,160.7,180.1,174.8,189.9,169.6,187.7,212.7,132.9,188,185.8,150,166.7,180.3,123.5,207.4,147.6,183.5,152.2,135.9,117.8,135.8,120.9,213.6,199.2,,207.5,215.9
20140731,23,PM10,,,,,,,,,,,,,,,,,,,,,,,,,,,,,,,,,,,
20140731,23,AQI,263,243,237,232,261,227,250,209,244,232,215,234,218,237,242,217,242,256,211,198,247,200,224,241,248,215,172,195,176,178,261,242,38,253,246
