date,hour,type,dongsi,tiantan,guanyuan,wanshouxigong,aotizhongxing,nongzhanguan,wanliu,beibuxingqu,zhiwuyuan,fentaihuayuan,yungang,gucheng,fangshan,daxing,yizhuang,tongzhou,shunyi,changping,mengtougou,pinggu,huairou,miyun,yanqing,dingling,badaling,miyunshuiku,donggaocun,yongledian,yufa,liulihe,qianmeng,yongdingmengxi,xizhimengbei,nansanhuan,dongsihuan
20140107,0,PM2.5,176,162,177,166,168,168,194,211,162,206,207,168,198,214,160,196,233,189,,233,230,209,192,197,165,182,122,277,183,205,174,168,181,172,169
20140107,0,PM10,166,153,199,170,177,179,206,212,145,230,226,158,,229,6,194,231,176,,157,220,197,193,227,155,158,113,253,190,264,148,163,188,127,203
20140107,0,AQI,180,179,162,182,167,183,184,211,171,203,178,193,195,202,184,185,208,212,,211,224,198,187,203,180,206,144,219,175,204,202,173,170,199,181
20140107,1,PM2.5,185,160,184,170,163,175,200,226,164,206,180,168,211,230,180,186,215,218,,229,239,197,202,195,156,178,132,271,219,212,180,163,178,168,224
20140107,1,PM10,176,153,219,194,172,185,223,201,154,243,194,164,,255,6,188,199,213,,197,240,193,210,234,149,158,126,256,216,281,163,152,176,122,284
20140107,1,AQI,183,180,166,184,168,187,188,215,174,205,180,194,199,206,187,188,212,215,,215,229,201,193,208,184,208,145,223,181,207,202,173,174,200,188
20140107,2,PM2.5,184,156,195,175,174,185,203,215,171,216,178,166,210,219,189,216,180,234,,270,213,190,213,197,158,165,136,277,257,215,190,194,179,174,213
20140107,2,PM10,161,150,221,191,191,187,221,200,162,247,200,165,,247,6,209,174,232,,208,218,185,219,228,147,133,131,268,235,278,165,193,188,137,294
20140107,2,AQI,185,182,172,186,171,190,193,219,177,209,183,196,203,209,188,193,214,219,,220,232,204,198,212,186,210,146,227,188,210,203,175,178,201,193
20140107,3,PM2.5,174,157,210,180,194,179,225,215,158,210,175,175,212,247,224,194,179,222,,263,201,179,205,182,175,159,152,281,210,236,187,212,208,201,210
20140107,3,PM10,158,150,242,209,216,189,261,203,148,235,183,176,,296,6,191,166,220,,137,200,174,213,210,165,135,141,278,207,287,163,214,233,166,309
20140107,3,AQI,188,183,177,190,175,192,199,223,179,212,186,199,207,213,191,197,216,222,,224,234,206,203,214,189,211,148,233,191,214,205,179,183,204,198
20140107,4,PM2.5,190,170,212,190,206,217,244,218,152,205,172,164,218,236,209,220,171,229,,183,192,183,194,178,183,159,151,294,214,219,188,194,227,208,214
20140107,4,PM10,180,163,244,223,223,249,263,205,137,227,174,158,,265,6,223,162,228,,142,189,183,202,196,188,132,136,270,211,279,161,192,242,162,296
20140107,4,AQI,192,184,183,194,180,197,205,225,182,215,190,201,211,216,193,201,217,226,,225,237,208,206,216,193,212,150,239,195,216,206,183,189,208,202
20140107,5,PM2.5,188,183,219,186,185,203,243,225,201,216,175,178,197,227,203,211,207,207,,188,188,159,199,177,190,145,155,273,216,218,206,187,218,197,182
20140107,5,PM10,172,184,241,221,176,214,266,220,204,240,182,184,,258,6,208,200,187,,150,183,153,203,190,197,108,150,258,211,279,182,188,215,161,209
20140107,5,AQI,196,187,191,199,185,201,211,228,188,219,194,204,213,219,196,204,220,229,,227,239,209,210,218,197,213,152,243,199,219,209,186,196,210,205
20140107,6,PM2.5,172,175,193,199,175,191,230,219,207,228,172,200,193,234,227,173,190,189,,188,186,155,209,179,185,142,159,243,212,203,195,190,187,201,170
20140107,6,PM10,158,177,204,238,170,190,249,213,207,246,183,207,,268,6,167,191,192,,156,190,140,220,198,191,105,156,209,203,253,165,189,186,163,161
20140107,6,AQI,200,191,197,203,189,204,217,231,194,224,197,207,216,223,200,205,222,231,,229,241,210,213,220,201,213,154,247,203,222,212,191,201,214,207
20140107,7,PM2.5,177,170,178,187,188,186,227,215,205,227,181,211,199,236,214,180,162,195,,207,179,136,203,128,131,142,148,241,211,183,188,174,179,190,192
20140107,7,PM10,161,183,191,212,194,196,243,213,198,248,201,215,,267,6,183,138,192,,162,182,116,218,114,132,104,136,219,205,259,161,175,183,159,234
20140107,7,AQI,203,194,202,206,195,207,222,233,200,228,200,211,219,226,203,207,223,234,,231,242,210,217,220,201,213,156,251,205,223,215,194,205,216,210
20140107,8,PM2.5,181,167,174,183,175,185,227,207,158,212,209,202,212,244,204,181,142,139,,212,182,119,212,70,71,133,136,278,219,203,194,178,181,192,184
20140107,8,PM10,163,182,197,225,182,195,257,208,137,237,233,205,,278,6,186,121,107,,156,191,99,224,65,71,114,122,275,226,268,172,184,190,174,232
20140107,8,AQI,206,197,205,209,200,210,227,236,203,231,204,214,222,231,205,208,223,234,,234,243,210,220,218,198,214,157,257,208,226,218,197,208,219,213
20140107,9,PM2.5,163,158,172,174,163,175,239,203,79,204,211,197,218,236,201,172,138,52,,195,189,103,223,49,23,132,127,316,226,208,179,165,175,175,164
20140107,9,PM10,124,151,192,199,167,173,281,223,66,229,229,197,,269,6,174,123,46,,161,197,96,238,47,32,108,115,321,258,271,152,182,177,139,190
20140107,9,AQI,208,199,209,211,203,211,232,238,202,234,207,217,225,235,207,209,222,230,,236,244,209,224,215,193,214,157,264,211,229,219,198,212,220,213
20140107,10,PM2.5,147,131,104,149,154,168,180,134,43,147,229,195,232,271,186,142,133,26,,200,186,83,127,32,21,,121,222,273,288,152,130,146,150,160
20140107,10,PM10,101,108,125,128,146,166,152,90,40,156,242,174,,306,6,138,130,13,,184,182,75,144,22,29,,103,192,315,341,125,144,142,113,173
20140107,10,AQI,210,199,208,211,205,212,235,237,198,234,212,220,229,240,208,208,221,225,,238,245,207,224,211,187,,156,266,216,235,220,198,213,220,214
20140107,11,PM2.5,117,99,40,87,116,121,24,14,29,39,178,43,247,161,132,94,119,22,,221,137,51,148,30,23,3,107,113,235,275,117,101,76,111,134
20140107,11,PM10,68,80,79,157,67,94,32,6,30,68,149,6,,169,6,98,97,6,,195,79,28,150,24,34,,82,84,266,324,96,105,47,70,99
20140107,11,AQI,210,197,206,210,206,213,232,230,193,230,219,216,234,241,214,205,220,219,,240,243,204,225,206,181,208,155,264,226,242,219,196,212,218,214
20140107,12,PM2.5,58,48,24,3,18,90,19,17,12,24,26,18,202,46,88,85,55,24,,230,24,24,,26,29,3,101,46,169,196,3,35,3,31,75
20140107,12,PM10,6,20,42,,6,73,25,6,11,44,10,6,,49,9,91,22,8,,64,6,6,97,28,43,,79,29,179,209,17,40,24,6,51
20140107,12,AQI,207,192,203,205,202,211,227,225,187,225,220,212,237,238,217,208,215,213,,243,236,200,227,201,176,201,155,259,233,245,214,190,208,214,211
20140107,13,PM2.5,31,22,23,3,20,75,22,16,,24,17,20,33,21,65,48,25,23,14,65,31,13,,3,23,,18,25,59,170,3,17,3,21,60
20140107,13,PM10,31,14,34,999,10,57,23,6,,35,15,8,,38,55,44,6,43,,6,8,6,41,36,48,,6,16,65,155,11,23,27,10,31
20140107,13,AQI,203,187,198,200,197,209,222,220,,220,216,206,238,234,215,210,210,207,,239,229,193,230,192,170,,151,255,232,247,208,184,203,209,208
20140107,14,PM2.5,44,20,20,3,21,47,18,15,20,19,21,18,27,20,47,19,16,24,13,7,,14,3,3,19,15,6,18,54,94,16,16,9,17,3
20140107,14,PM10,24,20,28,6,12,25,16,6,16,23,21,6,,23,40,24,6,34,,6,,6,46,43,48,6,6,9,64,47,10,18,24,6,
20140107,14,AQI,198,180,192,192,191,205,216,215,173,214,211,201,235,230,212,207,205,200,,233,,185,224,182,162,183,147,252,229,245,203,185,196,204,203
20140107,15,PM2.5,46,41,20,18,104,32,22,16,17,26,17,19,21,16,37,19,14,22,11,9,23,10,7,13,10,11,8,18,42,21,28,27,,18,15
20140107,15,PM10,20,52,41,,47,22,20,10,21,33,8,17,,29,41,47,6,39,,6,20,6,47,41,48,6,6,7,51,6,44,40,,13,166
20140107,15,AQI,193,176,185,185,189,200,211,210,165,209,206,193,230,226,208,203,197,191,,228,222,178,218,173,154,173,143,248,225,240,197,186,,198,196
20140107,16,PM2.5,39,33,21,29,137,31,20,15,15,22,13,16,18,20,31,19,10,15,8,13,24,11,14,17,15,13,12,14,32,19,34,30,3,25,3
20140107,16,PM10,15,27,38,644,25,15,26,11,17,32,6,17,,39,38,36,6,31,,6,25,7,32,37,31,6,6,6,42,6,32,44,,15,
20140107,16,AQI,187,170,178,179,189,194,205,204,156,204,199,185,224,221,203,198,188,181,,222,215,170,212,164,146,164,139,244,221,235,190,183,188,191,188
20140107,17,PM2.5,32,26,21,26,40,24,19,13,15,20,10,13,11,26,31,20,14,20,7,9,22,11,16,14,17,13,13,32,27,29,34,28,14,17,3
20140107,17,PM10,21,32,32,53,32,14,16,11,10,22,10,14,,52,37,49,7,31,,6,35,6,19,29,34,6,8,25,47,23,35,45,29,14,
20140107,17,AQI,181,164,171,172,184,188,198,197,149,197,190,177,218,215,199,192,180,171,,217,208,162,206,155,139,154,135,240,216,229,183,176,181,183,180
20140107,18,PM2.5,30,25,14,24,21,29,16,20,13,18,13,11,16,50,42,34,35,26,12,,31,9,14,11,15,12,12,68,34,40,18,23,16,24,18
20140107,18,PM10,6,6,29,6,8,17,13,17,11,19,10,9,,83,67,59,37,39,,,46,6,6,15,22,9,10,79,45,74,11,34,23,7,91
20140107,18,AQI,174,157,163,164,177,181,189,188,141,188,181,168,211,210,193,187,173,162,,,201,153,199,146,131,145,130,236,212,224,175,168,173,175,173
20140107,19,PM2.5,32,21,21,22,27,35,19,30,13,18,21,13,15,28,47,30,41,15,20,28,45,14,15,7,15,13,15,76,38,60,20,18,23,21,24
20140107,19,PM10,18,17,30,6,40,35,16,28,19,26,26,15,,36,81,46,23,18,,30,81,23,9,8,24,15,14,73,43,79,16,28,34,9,82
20140107,19,AQI,167,150,156,156,170,174,181,179,134,179,172,158,204,204,187,177,166,153,,207,193,145,189,136,124,136,125,230,208,219,165,160,164,166,166
20140107,20,PM2.5,37,29,19,31,27,31,22,29,17,21,20,16,24,20,40,54,17,14,17,37,37,13,12,5,10,8,17,66,40,93,32,25,22,17,19
20140107,20,PM10,13,29,35,14,28,28,26,24,25,31,28,20,,27,48,69,9,8,,23,18,10,11,6,6,9,13,69,48,147,31,42,28,8,67
20140107,20,AQI,159,144,148,148,162,167,172,169,127,169,162,149,196,196,180,167,158,144,,201,183,135,179,126,116,126,120,225,204,215,157,152,155,156,159
20140107,21,PM2.5,26,17,16,23,22,29,23,17,11,22,23,10,29,14,26,34,15,10,13,32,25,6,4,3,9,8,18,78,82,95,28,27,16,23,23
20140107,21,PM10,9,13,23,6,15,14,32,7,17,27,34,18,,31,27,37,12,22,,14,35,6,16,10,14,6,14,79,84,163,18,33,33,18,63
20140107,21,AQI,151,137,141,140,154,159,163,158,120,160,153,140,186,186,173,157,148,136,,191,173,125,168,116,108,116,115,217,200,212,148,144,147,148,151
20140107,22,PM2.5,24,17,12,15,16,16,17,14,11,18,31,13,19,15,22,33,9,12,16,27,20,9,11,6,7,7,23,64,45,109,19,14,10,21,18
20140107,22,PM10,6,9,23,6,55,18,21,13,17,24,43,17,,21,22,45,6,8,,13,21,17,15,10,7,10,23,55,48,171,10,23,22,6,52
20140107,22,AQI,143,129,133,132,146,150,154,147,113,149,145,132,175,176,163,149,138,127,,181,161,115,156,106,101,106,110,210,192,208,139,136,138,139,144
20140107,23,PM2.5,19,10,14,13,7,10,17,9,10,11,21,12,18,13,26,24,14,8,22,14,22,5,16,8,9,7,11,63,32,81,13,8,9,14,16
20140107,23,PM10,15,15,20,15,19,6,24,7,15,28,30,20,,24,28,24,8,10,,11,23,9,8,6,6,7,33,61,29,82,8,11,26,6,42
20140107,23,AQI,135,121,125,124,137,142,145,137,105,139,136,123,163,167,154,141,128,117,,168,149,105,145,96,93,96,105,202,184,203,131,127,129,130,136
