date,hour,type,dongsi,tiantan,guanyuan,wanshouxigong,aotizhongxing,nongzhanguan,wanliu,beibuxingqu,zhiwuyuan,fentaihuayuan,yungang,gucheng,fangshan,daxing,yizhuang,tongzhou,shunyi,changping,mengtougou,pinggu,huairou,miyun,yanqing,dingling,badaling,miyunshuiku,donggaocun,yongledian,yufa,liulihe,qianmeng,yongdingmengxi,xizhimengbei,nansanhuan,dongsihuan
20140726,0,PM2.5,83,83.5,62.7,79.8,83.7,71.3,48.8,61.7,51.3,84.3,58.5,74.9,68,99.9,119.2,98,89.2,,60.8,57.4,75.1,52.8,60.5,50.8,60.5,50.7,66.2,133.2,104,74,76.5,76.8,65.7,,65
20140726,0,PM10,,,,,,174.2,,112.2,,,103.3,,167.2,172,,,,,,,,,,72.7,,,,,,,,,,,
20140726,0,AQI,106,97,90,92,99,92,86,76,72,92,77,90,82,107,116,112,91,41,68,91,62,69,69,69,79,70,100,118,107,90,108,97,93,,104
20140726,1,PM2.5,95.1,83,82.9,87.6,93.8,83.6,66.1,63.1,50.6,95.9,61,71.9,88.1,114.4,127.2,110.5,88.4,,50.7,55.6,69.3,60.4,56.7,51.7,55.1,50.5,77.7,157.7,135.3,104.3,102.1,86.4,76.5,,85.1
20140726,1,PM10,,,,,,161.7,,113.9,,,116.6,,177.6,140.2,,,,,,,,,,71.5,,,,,,,,,,,
20140726,1,AQI,105,97,91,93,98,91,86,76,72,93,77,90,84,109,118,112,91,42,68,89,63,68,69,69,79,68,98,123,111,92,108,97,93,,101
20140726,2,PM2.5,111.3,97.5,102.8,102.8,101.5,94.1,85.2,58.4,49.8,112.2,79.2,82.3,103.7,134.8,140.9,128.8,104.7,,45.3,57.1,66.5,57.6,58,53.4,61.3,45.3,77.7,173.9,126.9,125.5,116.6,101,97.2,,97.1
20140726,2,PM10,,,,,,140.5,,124.5,,,133.7,,163.9,163.8,,,,,,,90.6,,,73.2,,,,,,,,,,,
20140726,2,AQI,105,97,92,95,98,90,87,75,72,95,78,91,85,112,119,113,91,39,67,87,66,67,68,70,79,66,96,126,115,95,109,98,94,,100
20140726,3,PM2.5,128.3,122.5,111.9,125.2,113.8,106.2,109.8,63.2,58.3,126.3,108.4,100.7,121.7,143.4,150.9,146.4,107.9,,41.2,53.4,62.7,56,62.2,51.8,64.4,45.4,92.1,145.3,123.5,141.3,139.6,126.7,108.7,,106.8
20140726,3,PM10,,153.4,,,,150.3,,154.5,,,138.9,,156.3,160.1,,,,,,,89.8,,,67.7,,,,,,,,,,,
20140726,3,AQI,105,99,93,96,99,90,89,75,73,98,80,93,89,113,120,113,92,35,65,85,67,65,68,70,79,65,95,127,118,99,110,100,94,,98
20140726,4,PM2.5,149.7,148.6,128,148.2,127.8,133.8,127.9,61.2,57.8,143.7,124.3,115.8,130.7,144.2,146.2,145.7,100.8,,43.2,58.6,58.2,43.5,60.4,55.6,60.1,40,101.7,129.2,117.7,136.3,156.6,143.2,122.6,,130.4
20140726,4,PM10,,172.2,,,,175.2,,119.8,,,132.8,,147.2,,,,,,,,80.9,,,72.6,,,,,,,,,,,
20140726,4,AQI,105,101,94,99,99,90,91,76,72,101,83,94,92,114,120,113,92,35,64,83,67,63,68,71,79,63,94,127,120,103,111,101,95,,98
20140726,5,PM2.5,156.3,155.1,134,146.3,136.3,136,143,58.8,58.3,138.7,122.1,107.9,132.9,136.8,136.7,142.5,90.9,,46.9,57.2,64.2,45.8,60.8,56.8,62.7,52.7,113.9,132.3,112.8,135.8,157.7,143,136.2,,136.8
20140726,5,PM10,,162.1,,,,167.1,,86.2,,,128.7,,136.7,,,,,,,,87.7,55.2,,75.4,,,,,,,,,,,
20140726,5,AQI,105,102,94,100,101,91,95,76,71,103,85,96,94,115,120,112,91,28,62,81,67,62,68,71,77,62,94,129,122,106,112,102,97,,97
20140726,6,PM2.5,157.8,150.7,139.5,143.2,146.5,139.4,147.4,56,64.1,141.8,106.4,89.8,133.2,134.2,137.4,140.4,106.9,,46.4,63.5,64.4,40.9,71.8,56,63.3,50.3,136.4,121.6,99.9,,168.1,148.3,138.2,,145.8
20140726,6,PM10,,,,,,162.3,,120.3,,,143.9,,143.7,,,,,82.4,,,87.3,57.5,,75.2,,,,,,,,,,,
20140726,6,AQI,106,104,96,101,104,92,98,76,71,106,87,96,97,115,120,112,92,61,61,80,68,61,69,70,76,61,96,131,123,,113,104,99,,98
20140726,7,PM2.5,159.3,154.1,144.7,151.5,113.9,139.6,113.5,62.8,75.4,146,108.7,104.3,144.3,128.1,132.6,128.2,99.2,,46.8,69.8,64.8,48.8,67.6,59.2,61.6,41.1,147.3,99.4,98,,168,154.5,139.7,,143.5
20140726,7,PM10,,155.9,,,,166.4,,93.7,,,154.9,,151.9,,,,,88.5,75,,107.1,82.4,,78.3,,,,,,,,,,,
20140726,7,AQI,109,106,98,103,105,94,99,76,70,108,88,95,100,115,119,113,92,62,66,79,69,62,69,69,74,59,98,131,123,106,116,105,101,,101
20140726,8,PM2.5,160.9,159.3,141.9,151.8,116.4,141.7,95.1,69.7,72.6,157.6,125,102.3,149.9,134.7,141,135,110.5,,47.8,88.5,74.3,56.9,75.9,65,66.2,52.2,138.4,96.4,110.1,91,180.1,155.1,118.6,,150.3
20140726,8,PM10,,176.2,,,,173.2,,111.6,,,153.2,,158.4,,,,,97.5,74.2,,120.7,94.5,,90.9,,,,,,,,,,,
20140726,8,AQI,113,108,101,106,106,97,99,76,69,111,91,95,103,114,119,114,94,62,66,78,71,62,70,68,73,58,99,128,122,106,120,108,103,,104
20140726,9,PM2.5,164.7,155.1,118.5,143.5,121.8,142.2,110.6,79.2,94.1,152.8,118.8,100.1,144.2,135.3,145.3,146.5,134.5,,64.8,122.6,72.7,56.8,66.7,64,63.2,55.8,133.6,105.3,105.3,149.1,171.7,155.4,114.1,,148.4
20140726,9,PM10,,175.8,,,,175.5,,125.3,135.8,,133.3,,154.5,,,,,123.8,106.1,,126.9,93.7,,100.6,,,224.6,,,,,,,,
20140726,9,AQI,117,112,102,109,107,101,100,76,69,113,92,95,105,115,121,115,96,63,67,80,72,63,69,69,73,58,100,125,119,111,124,112,104,,107
20140726,10,PM2.5,159.1,161.8,118.4,147.2,129.9,142.7,124.9,94.5,99.7,147.1,112.7,115.4,129.9,134.6,134.1,148.5,159,,80.5,139.2,99.4,79.6,53.5,76.3,69,53.5,127,104.7,107.3,152.9,160.5,154,121.6,,151.4
20140726,10,PM10,,179.5,,192,,189.9,,152.9,141.9,177.6,150.4,159,144.8,,,,,132,148.8,,164.3,121.9,,127.8,,,171.3,,,,,,,,
20140726,10,AQI,121,116,105,113,110,105,102,77,76,116,94,101,108,118,124,119,102,65,69,83,75,65,68,68,75,59,102,122,115,113,128,117,106,,112
20140726,11,PM2.5,156.5,148.6,122.2,128.6,138.8,144.4,132.8,96.6,104.9,135.7,122.8,114.1,111.3,129.9,128.8,143.8,176.4,,94.4,141,132.7,93.5,56.5,81.5,63.7,59.4,101.5,111.1,106.4,123.9,149,150.6,119,,154.7
20140726,11,PM10,,158.8,,145.1,,199.2,,159.4,158,150.8,154.7,179.2,128,,,175.3,225.1,140,132.2,,198.5,136,,148.7,,,122.5,,,,,,,,
20140726,11,AQI,126,122,108,117,113,111,105,79,109,120,98,107,110,122,127,123,109,105,82,88,84,98,93,89,99,79,104,122,114,113,133,122,108,,117
20140726,12,PM2.5,146,122.2,133.5,113.5,145.2,145.9,122,95.5,90.2,120.5,98.8,126,100,100.4,122.3,129.9,180.3,,86.9,112,145.8,93.5,49.5,100.5,80.4,74.6,88.7,89.5,92.2,105.3,140.9,113.6,133.6,,155.9
20140726,12,PM10,,132.3,,144.7,,169.1,222.8,152.5,122.6,146.8,122.7,202.9,110.4,,,154.2,219.9,144.5,161.8,,175.2,143.3,63.8,159.3,,,105.4,,,,160.4,,,,
20140726,12,AQI,132,126,113,124,118,123,109,100,142,124,113,127,114,125,131,128,123,124,123,103,117,116,103,127,118,108,104,123,115,114,138,126,113,,123
20140726,13,PM2.5,109.1,90.3,95.3,79.8,128.5,97.7,137.3,95.7,112.2,83.7,88.1,100.1,78,88,86.6,106.1,158.3,,94,107.7,132.4,115,42,101.8,79.2,89.9,96.6,66.6,77.5,78.8,93.9,90.2,122.5,,105.7
20140726,13,PM10,,91.3,,,,,154.4,147.3,179.7,,,138.6,,,,119.4,,123.9,144.2,,151.7,150.7,44.5,141.8,,,111.3,,,,,,,,
20140726,13,AQI,136,129,123,124,136,136,125,119,160,126,111,140,115,127,134,132,153,143,130,113,135,134,97,140,140,129,113,124,116,117,141,129,118,,127
20140726,14,PM2.5,87.9,78.6,72.5,75.6,85.8,75.7,94,106.2,90.6,69.2,65.9,77.6,54.2,72.3,69.8,82.1,124.5,,71.4,103.9,128.9,100,60.6,87.2,83.5,116.7,90.8,62.9,73.8,61.6,91.3,77.6,80.4,,84
20140726,14,PM10,,95.5,,93.8,,99.1,,174.8,91.8,,76.8,84.3,62.1,,,,137.7,129.1,94.4,,148.3,125,88.9,125.4,,,,,,,98.5,,,,
20140726,14,AQI,138,131,118,126,126,135,117,129,145,128,112,129,117,128,135,134,167,171,119,120,164,151,122,161,150,142,118,124,117,120,143,131,120,,129
20140726,15,PM2.5,76.8,71.8,61.6,66.4,78,65.1,74.3,74.5,67.6,61.1,55.9,67.4,55.8,71.9,70,63.9,96.1,,69.1,94.2,139.4,102.9,64.7,94.5,95.9,109.1,66.8,59.3,80.5,72.6,83.7,67,71.5,,76.1
20140726,15,PM10,,81.8,,,,65.5,,104.6,74.3,,75.9,81,64.7,,,95.4,,161.7,87.3,,180.8,138.7,101,153.9,,,67.5,,,,,,,,
20140726,15,AQI,141,133,120,127,128,135,119,106,136,130,113,127,118,130,137,135,152,204,118,123,196,175,125,201,170,157,120,124,119,133,145,133,122,,131
20140726,16,PM2.5,74.5,77.1,64.5,73.2,74.4,66,68,71.4,68.8,68.4,64.4,67.6,66.6,75.9,78.1,72.1,80.5,,65.5,72.4,116.7,96.6,76.9,105.7,118.4,105.5,58,61.4,72.9,85.4,79.8,70.2,64,,74.9
20140726,16,PM10,,112.3,,106.6,,84.2,85.9,103,70.2,105.7,93.7,116.2,128.7,,,125.7,,91.1,93.6,,134,126.9,118.5,149.9,,,,,,,104.5,,,,
20140726,16,AQI,143,135,123,132,130,139,120,101,134,132,119,127,119,132,139,137,144,147,114,119,193,183,150,194,206,176,117,125,121,142,147,135,123,,132
20140726,17,PM2.5,83.3,80.3,84.2,81.3,85,73.6,83.4,72.3,75.6,82.3,74.9,81.6,72.9,82.7,75,75.1,83.6,,71.6,65.5,83,83.8,93.6,61.6,107,99.7,55.9,57.6,62.4,,91.9,79.4,85.1,,81.3
20140726,17,PM10,,130.5,128.7,154.2,,121,165.4,115.5,111.1,133.4,109.4,158.2,108.6,,,162,,99.9,133.9,,106.7,108.8,146.2,103.9,,117.7,88.6,,,,131.6,,,,
20140726,17,AQI,144,137,128,135,132,138,122,102,141,134,128,137,122,134,141,139,138,136,124,115,166,165,165,144,171,176,120,126,121,,149,134,125,,134
20140726,18,PM2.5,84.1,83.4,78.1,75.5,92.7,70.9,94,80.2,78.6,76.5,76.3,84,67.3,69,67.7,75,89,,77.9,68.6,85.7,63,83.4,66.5,83.8,83.2,61,51.7,54.3,,88,76.2,86.4,,83.8
20140726,18,PM10,,115.1,121.1,124.9,,110.2,152,150.4,110,116.8,112.5,161.4,117.6,,,132.8,112.3,129.5,135.7,,90.1,91.2,113.4,126.5,,,90.2,,,,110.9,,,,
20140726,18,AQI,146,139,126,133,134,134,124,104,142,136,123,134,123,135,142,140,137,138,120,115,149,147,140,140,133,153,124,126,121,127,151,136,127,,136
20140726,19,PM2.5,75.6,68.1,66.8,66.9,79.3,66.3,73.5,83.4,73.1,67.9,67.5,76.1,65.1,60.4,65.4,66.2,76.7,,71.3,71,88.1,67.3,70.4,79.7,82.1,71,59,50.4,51.5,,79.2,67.7,74.9,,73.3
20140726,19,PM10,,100.9,99.1,107.3,,101.9,122.7,146.1,110.3,104.1,109.7,149.7,118.4,,,115.5,100.2,142.3,110,,133.5,121.6,89.8,145.8,,,95.5,,,,99.8,,,,
20140726,19,AQI,147,140,127,134,135,131,126,96,132,137,114,121,124,136,143,141,138,136,111,106,134,135,124,143,118,133,121,127,121,110,153,137,128,,137
20140726,20,PM2.5,65,62.8,61,56.7,68.5,56.9,68.4,73.5,70.9,61.8,63.9,80.7,61.1,59,62.9,58.1,77.2,,65.8,71,92.7,72.4,84.6,81.3,90.3,75.2,55.2,51.4,58,,71.2,60.1,69.5,,60.6
20140726,20,PM10,,96.5,86.2,100.8,,90,108.5,128.1,106.9,104.8,107.7,151.7,114.7,,,121,107.4,130.5,118.4,,159.1,130.4,127.5,139.6,,,106.5,,,,96,,,,
20140726,20,AQI,148,140,127,134,136,131,126,97,119,137,115,119,125,136,143,141,139,122,106,107,116,122,118,135,105,125,117,127,120,84,153,137,129,,137
20140726,21,PM2.5,69.4,68.1,58.6,56.6,65.5,60.1,64.5,71.5,64.3,64.6,61,73,61.5,69.4,63.2,65.6,67.7,,65.4,75,87.2,70.2,88.4,77,92.1,75.6,65.4,53.2,62.9,,68.9,68.9,62.3,,65.4
20140726,21,PM10,,117.6,108.7,124,,114.7,130.3,147.9,115.7,127.7,110.1,151.8,152.6,,,110.9,95.1,129.1,117.4,,161,115.8,138.4,131.6,,,186.1,,,,123.5,,,,
20140726,21,AQI,148,140,127,134,136,131,127,99,97,137,115,119,125,136,142,141,140,100,86,107,117,109,109,113,99,117,118,127,120,41,153,137,129,,137
20140726,22,PM2.5,68.7,68,63.3,60.6,67.3,59.4,67,74.6,67.6,73.6,66.8,73.2,64.6,58.7,65.1,58.9,68,,69.3,83.9,84.2,62.3,84.7,73.9,81.9,70.7,64.4,66,63,,76.5,66.9,67.9,,66.9
20140726,22,PM10,,84.6,85.1,69.4,,76.6,120.9,199.2,123.4,142.3,119.6,167.4,118.5,,,122.2,114.3,112.2,162.4,,145.3,91.5,114.5,120,,,190.7,,,,,,,,
20140726,22,AQI,147,140,127,133,135,131,127,100,98,137,116,119,125,135,141,140,140,80,87,109,119,101,102,100,100,108,118,125,120,37,152,137,129,,137
20140726,23,PM2.5,66.7,67.9,62.3,59,69,58.9,69.9,85.3,61.4,68.9,63.2,73.7,61.3,64.1,66.2,65.1,66.3,,69.9,81.6,76.8,49.1,81.8,68.6,84.9,58.5,59.8,73.1,85.3,,67.3,59.4,68.4,,67.5
20140726,23,PM10,,99.7,91.4,96.6,,88.2,110.2,182.1,111.3,105,96.4,134.7,92,,,123.1,73.8,112.8,134.5,,124,87.5,105.7,105,,,170.3,,,,100.3,,,,
20140726,23,AQI,147,140,127,133,135,130,128,101,98,136,116,119,125,134,139,139,139,81,87,109,119,94,92,96,102,94,118,124,120,35,152,136,129,,137
20140726,0,SO2,12.8,11.2,11.8,8.2,9.5,13.4,13.4,6.1,3.3,5.9,4.4,5.5,7.6,12.5,7.4,13.6,7.3,3.6,4.7,4.8,9.2,17.5,6.2,2.4,4.7,13.7,18.4,9.3,4.4,14.1,3.9,8.4,22.1,,22.6
20140726,0,NO2,45.3,39.9,39.7,52,63.7,48.7,52.2,57.8,37.8,61.6,65.4,86,67.2,39.1,62.6,91.9,88.6,36.4,97.9,25.8,68.7,52.6,29.6,17.4,104.7,11.2,31.6,48.5,17,29.1,76.6,50.5,72.5,,42.5
20140726,0,O3,125.2,145.1,130.3,128.5,107.8,171.5,102.5,52.9,98,73,55.4,55.1,68.1,148.6,100.5,81,29.5,130.8,29.4,97.1,74.3,91.7,126.7,,62.5,152.8,195.2,136.2,141,101.6,86.5,149.5,101.6,,146.3
20140726,0,CO,1.5,1.5,1.2,1.5,1.1,1.6,0.8,0.8,1.5,1.2,1.2,1.1,1.3,1.6,1.9,1.4,1.4,1.1,1,0.8,1.2,1.1,1,0.9,0.9,1.1,1.3,2.1,2,0.4,1.5,1.4,1.1,,1.3
20140726,1,SO2,14.4,12,12.2,8.1,8,14.6,15.4,6.3,2,4.8,3.3,5.6,6.8,20.1,6.7,14.7,6.9,2.1,3.2,3.3,,25.1,6.4,2.3,4.5,3.7,15.5,7.6,7.3,14.7,2.7,8.3,14.5,,21.7
20140726,1,NO2,42.1,35.6,38.1,50.5,55.7,48.6,60.2,52.5,35.5,47.5,72.1,87.7,53.1,33.2,41.4,107,106.3,25.6,55.9,22.4,51.9,55.6,25.5,18.3,98.3,6.9,31.5,28.9,15.2,23.8,64,44.4,59.4,,45.6
20140726,1,O3,114.5,132.6,122.1,116.2,111.1,147.8,81.1,49.7,86.4,81.3,38.7,36.1,72,142.8,121.5,65.7,4.9,134.2,53.6,97.4,69.4,81,121.3,,62.3,113.2,166.8,161.7,144.5,118.6,81.9,131.4,101.4,,123.8
20140726,1,CO,1.4,1.4,1.3,1.4,1.1,1.5,0.9,0.9,2.7,1.4,1.1,1.1,1.3,1.7,1.9,1.6,1.3,1,0.9,0.8,1.2,1.1,0.9,0.9,1,0.9,1.4,2.4,1.9,0.7,1.5,1.3,1.1,,1.2
20140726,2,SO2,14.1,11.8,8.5,8.3,6.6,15.3,13.7,6.3,2,7.1,2.7,6.2,2,17.8,9.9,12,8.5,2,3.8,3.5,5.1,14.8,5.6,2,6.3,3.6,15.2,5.5,8.5,14.9,2.3,10,7,,18.8
20140726,2,NO2,35.7,31.5,39.3,44.2,35.7,47.3,63.6,51.4,37.9,48.8,56.9,65.6,51.7,31.1,23.4,75.3,94.4,28.4,30.1,21.8,32,40.3,18,16.7,91.9,6,28.5,32.1,11.9,24.4,56.4,38.6,51.6,,58.2
20140726,2,O3,112.9,132,100.8,115.2,116.7,139,68.1,32.2,76.2,66.6,50.2,39.6,63.3,126.2,138.4,89.5,13.7,121.7,70.6,94.1,76.7,95.4,116.5,,63,110.4,166.8,132.3,132.5,114.3,82.1,132.6,95.2,,103.9
20140726,2,CO,1.5,1.4,1.3,1.7,1.1,1.4,1,0.9,3.1,1.4,1.2,1,1.3,1.8,2,1.7,1.3,1,0.8,0.8,,1,0.9,0.9,0.9,0.8,1.5,2.2,1.5,0.9,1.5,1.4,1.1,,1.2
20140726,3,SO2,17.6,15.7,7.8,8.4,4.5,17.4,12,5.9,2,6.6,2,4.4,2,11.5,6.6,7.5,5.1,2,2,2.8,3.5,7.3,6.3,2,5.4,4.1,14.5,4.5,7.9,14.3,2.3,10.5,2,,12.6
20140726,3,NO2,32.7,32.8,41.2,41,31.7,41.8,50.6,72.6,43.7,42.5,39.7,78.4,47.5,24.7,26.5,59.5,69.3,29.8,37.6,21,28.3,35.2,13,16.4,38.2,6.9,29.4,25.2,11.3,22.7,53.7,35.3,45.9,,35.5
20140726,3,O3,103.5,120.7,88.9,111.8,100.7,135.5,72.6,6.7,55.8,71.3,63.4,25.1,74,125.9,119.9,87.1,27.2,112,2,98.1,,77.4,109.8,,130.6,104,154.8,129.2,128.5,109.3,71.6,126.2,88.4,,111.2
20140726,3,CO,1.7,1.7,1.5,1.9,1,1.6,1.1,0.9,3.6,1.6,1.4,0.8,1.6,1.8,1.9,1.7,1.3,1,0.1,0.8,,1,0.9,0.9,1,0.8,1.4,1.6,1.3,0.9,1.7,1.6,1.1,,1.3
20140726,4,SO2,14.6,12.6,7.2,6.1,5.7,14.1,11.8,4,2,5.6,2,4.3,2,7.6,5.1,5.1,4.4,2,2,2.5,2.6,2.5,5.7,2,3.3,3.4,14.7,4.4,6.5,14.2,2.1,8.4,7.1,,16.9
20140726,4,NO2,34.7,28.6,40.5,42.2,41.6,40.5,46.2,53.2,39.8,41.5,44.2,84.4,37.6,21.4,17.5,42.7,48.5,28.5,23.8,23,,24.6,11.4,19.6,63.4,6.2,28.5,20.8,10.8,16.9,52.4,30.3,52.1,,30.6
20140726,4,O3,87.2,112.9,68.7,93.9,62,104.1,66.9,12.4,56.4,61.4,49,30.8,81.3,105.2,109.8,98.5,40.8,111.5,81.2,89.2,,76.3,94.1,,64.9,105.9,147.7,130.4,112.8,115.5,60.8,108.1,63.5,,94.6
20140726,4,CO,1.8,1.8,1.6,2,1.1,1.7,1.2,0.8,3.1,1.8,1.5,0.9,1.7,1.7,1.7,1.6,1.2,1,0.6,0.8,1,1,0.9,0.9,1,0.9,1.4,1.2,1.2,0.8,1.9,1.8,1.3,,1.5
20140726,5,SO2,10.6,7.6,5.2,4.3,3.9,9.7,10.3,4.1,2,4.9,2,5.1,2,6.1,4.2,4.1,3,2,2,2.9,2.6,2,6,2,2.5,3.1,11.9,5.1,6.4,14,2,6.1,13.2,,21.6
20140726,5,NO2,33.1,30.3,44.5,37.9,52.8,33.4,44.6,54.5,36.7,35.3,39.3,55,30.1,22.9,15.5,34.3,55.4,41.3,,20.4,,19.7,24.3,19.1,15.6,6,30.1,24.9,15.5,16,74.1,30.4,40.5,,37.3
20140726,5,O3,79.1,90.3,63.5,87.5,48,96.2,55.2,12.7,49.7,66.2,47.2,40.7,80,99.2,102.3,89.9,27.9,89.2,87.4,85.8,78.8,70.6,77.4,,114.9,100.2,133.4,119.2,105.3,96.8,34.9,99.9,66,,67.9
20140726,5,CO,1.8,1.7,1.6,1.9,1.2,1.7,1.3,0.8,2.4,1.6,1.4,1.1,1.5,1.5,1.5,1.5,1.2,1.1,0.8,0.9,1.1,0.9,0.8,0.9,1,0.9,1.5,1.1,1.2,0.8,2,1.7,1.3,,1.5
20140726,6,SO2,8.9,5.1,4.3,3.3,2,7.6,10.4,5.1,2,4,2,4.8,2,5.4,4.1,3.2,2.8,2,2,2.7,2.3,2,6.9,2,2.8,2.5,12.4,7.7,10.1,,2.2,3.9,12,,22
20140726,6,NO2,39.8,32.1,47.5,53.1,45.7,37.6,55.1,54.5,39.5,41.6,49.4,51.5,36.2,23.6,21,41.5,60.2,37.6,21.1,23.4,28.8,28.4,21.7,17.9,14.8,6.8,42.1,30.4,13.3,,70,43.2,47.6,,35.5
20140726,6,O3,66.3,66.8,59.4,58.8,58.9,84.2,35.3,6.1,47.1,58.1,31.9,63.8,62.8,89.8,95.1,78.5,21.1,82.7,97.8,76.6,68.1,63.5,76.2,,114.9,85.9,102.1,109,102.4,,28.6,84.8,61.1,,59
20140726,6,CO,1.7,1.7,1.6,2.1,1.3,1.7,1.3,0.8,4.2,1.6,1.3,1.1,1.5,1.4,1.4,1.3,1.3,1.1,0.9,1,1.1,0.9,0.9,0.9,1.2,0.9,1.6,1.1,1.2,,2,1.7,1.3,,1.5
20140726,7,SO2,9.8,7.1,4.9,4,2,8,11.2,4.9,3.4,3.7,2,4.1,2,8.8,4.9,3.8,3.2,2.3,2.4,4.1,2.8,3.2,7,2.5,5.3,2.6,11.6,9.1,9.4,12.5,2,3.6,2,,19.9
20140726,7,NO2,36.4,38.9,56.6,61,90.2,48.4,90.7,49.4,44.3,50.3,49,90.2,44.2,31.2,30,39.6,53.3,31,28.1,27.7,40.6,59,39,16.5,22.1,7.9,60.1,31.1,20.3,21.6,77.5,53.3,71.2,,40.7
20140726,7,O3,69.6,60.2,48,53.1,9.7,68.6,17.5,9.8,63.5,48,40,14.5,53.4,87,80.4,80.8,25.3,97.3,89.6,82.9,58.3,39.8,48.9,,114.2,71,75.4,103.7,81.2,69.3,23.6,76,40.4,,50.7
20140726,7,CO,1.6,1.7,1.7,1.9,1.2,1.7,1.1,0.9,1.2,1.6,1.4,1.3,1.6,1.3,1.3,1.2,1.2,1.1,0.9,1.1,1.2,1,1,1,1.1,0.8,1.5,1,1.3,0.9,1.8,1.6,1.3,,1.5
20140726,8,SO2,11.2,11.7,8,6,2.4,9.7,13.6,6.9,9.9,5,3.5,6.4,2,13.3,6.6,6.2,4.4,3.5,2,6.8,4.4,4.4,8.6,3.4,11.9,3.6,14.1,15.9,11.8,17.9,2.2,5.4,2,,21.1
20140726,8,NO2,43.4,49.3,64.1,56,97.4,55.1,108.3,49.9,35.6,53,38.7,77.7,55.2,34.8,33.1,52.3,51.6,45,28.7,36.5,43.7,58.7,40.9,35.5,35.9,4.9,44.7,28.8,18.2,24.6,89.3,59.4,95.5,,57
20140726,8,O3,68.6,68.6,47.4,65.3,19.8,71.3,16.2,30.4,103.3,51,70.3,47,48.8,81.8,77.7,73.5,42.2,93,99.1,81.8,70.8,45.7,69.2,,141.3,99.6,99,103.6,91.5,78.1,19.7,77.6,27.1,,48.6
20140726,8,CO,1.6,1.6,1.7,1.8,1.2,1.7,1.2,1,1.1,1.6,1.5,1.3,1.6,1.4,1.4,1.2,1.3,1.2,1,1.3,1.2,1,1,1,1,1,1.3,1.6,1.3,0.8,1.9,1.6,1.3,,1.5
20140726,9,SO2,11.3,11.8,9.9,9.7,4.4,11.2,19.2,7.2,12.4,5.3,5.5,7.3,2,17.3,8.7,9.3,5.8,4.7,2.3,11.7,6.3,7.3,6.9,4.1,11.3,3.9,17.7,18.5,11.5,24.4,5.2,6.4,14.2,,22.2
20140726,9,NO2,54,54.6,82,57.4,93.7,49.3,103.5,48.8,30.8,50.7,44.2,67.7,53.6,31.4,32.3,49.9,50.8,93.6,36.6,33,29.9,24.9,29.5,35.4,33.2,4.2,43.7,20.6,12.7,25.5,80.9,73.3,99.4,,79.7
20140726,9,O3,74.7,84,60,89.7,44.3,93,44.2,64.3,139.4,75.2,93.9,85.4,66.3,96.2,96.6,95,66.7,57.8,113.5,107.9,108.2,110.2,104.7,,151.4,112.9,116.5,123,109.1,102,37.1,81.2,48.2,,52.5
20140726,9,CO,1.7,1.6,1.5,1.6,1.2,1.6,1.3,1,1.4,1.6,1.5,1.3,1.5,1.4,1.4,1.3,1.5,1.2,1.2,1.5,1.1,1,1,1.1,1,1,1.2,1,1.2,0.8,1.8,1.6,1.3,,1.5
20140726,10,SO2,11.5,13.1,9.9,10.6,3.7,12.9,20.3,6.3,11.4,6.8,8,8.7,2,20.4,9.4,11.6,7.4,5.7,6.2,13.7,10.5,11.9,5.6,6.4,7.7,5,21,20.4,14.2,28.1,16,8.9,16.7,,18.3
20140726,10,NO2,57.7,58.4,97.1,65.5,90.3,51.3,78.6,45.4,31,57.1,43,47.3,48.9,32,28.3,52.7,46.8,67,65.5,33,30.8,20.1,13.5,35.5,32.5,3.6,34.6,17.1,10.6,22.2,89.2,76.9,105.2,,116.1
20140726,10,O3,104.1,115.4,83.2,116.7,80,123.6,112,103,180.6,110.1,140.4,159.9,98.6,133.9,139.6,122.6,113.3,119.7,116,125.4,145.9,165.3,155,152.8,179.3,143.5,149.4,149,132.8,146.2,49.8,113.3,81.4,,67
20140726,10,CO,1.7,1.6,1.6,1.7,1.3,1.7,1.3,1.1,1.4,1.6,1.6,1.3,1.4,1.4,1.4,1.3,1.6,1.2,1.5,1.5,1.4,1.3,0.9,1.2,1.1,1,1.2,1,1.1,0.8,1.8,1.6,1.3,,1.6
20140726,11,SO2,11.4,13.5,8.8,10.8,3.6,18.1,15.6,9.4,9.6,7.2,9.4,8.5,2,22.8,9,10.9,7.9,7.9,6.9,14.9,13.1,12.8,6.8,6.6,7.5,8.5,16.3,24.3,15.8,26.6,17.7,10.6,18.9,,24.7
20140726,11,NO2,58.1,52.6,75.9,56.8,89.7,61.7,50.1,35.7,40,45,42.6,52.8,43.9,21.4,24.3,52.3,41.8,29.1,47.7,25.4,32.6,25,8.8,44.7,33.2,3.1,28.9,15.5,9.2,17.6,95.9,91.7,89.2,,84.9
20140726,11,O3,144.7,177.7,144.1,184,129.2,155.2,188.3,159.6,216.1,182.1,188.2,212.2,141.5,187.8,183.1,158.9,171.3,210,185.2,167.5,187.2,198,194,190.5,198.5,183.2,182.3,178.5,165.6,185.9,81.2,150.7,131.8,,124.5
20140726,11,CO,1.7,1.5,1.6,1.6,1.3,1.7,1.2,1.1,1.4,1.6,1.6,1.3,1.3,1.3,1.3,1.2,1.6,1.3,1.4,1.5,1.6,1.4,0.9,1.2,1.1,1.2,1,1,1.2,0.6,1.7,1.6,1.3,,1.5
20140726,12,SO2,11.5,12.9,9.1,10.6,5,18.2,12.2,9.8,7.5,6.1,8.1,6.4,2,21.4,9.2,13.4,8.4,8.6,3.2,12.4,12.4,12.9,7.9,8.3,7.5,10.3,14.6,22,16.9,27.7,15.7,9.6,13.3,,23.9
20140726,12,NO2,47.1,31.5,53,40.9,63,48.9,64.6,28.5,29.6,26,21.5,52,43.6,17.6,20.3,41,34.9,26,40.1,19.2,24.9,18.2,7.4,24.4,28.9,3.6,25.2,12.4,7.1,13.8,89.4,50.5,86,,94.6
20140726,12,O3,208.1,246.4,218.4,246.1,204.6,244.5,201.7,200,284,246.6,224.5,253,162.6,216.6,209.7,208.3,244.3,247.6,245.4,205.2,232.6,231.2,204.3,253.2,235.8,214.3,206.2,202.3,191.1,217.2,126.6,230.4,177.7,,172.2
20140726,12,CO,1.5,1.3,1.5,1.4,1.3,1.6,1.2,1.1,1.2,1.4,1.4,1.3,1.2,1.1,1.2,1.1,1.5,1.4,1.3,1.4,1.6,1.5,0.9,1.3,1.3,1.3,0.9,0.9,1.1,0.5,1.6,1.3,1.4,,1.4
20140726,13,SO2,11.8,14.2,9.4,12.5,5,14.1,13.2,10,6.1,7.3,12.7,5.4,2,22.4,10.4,14.2,8.2,7.2,2,12.5,9.7,11.3,8.4,7.4,7.4,11,15.3,17.8,20.2,28.8,14.8,11.3,13.5,,28.3
20140726,13,NO2,24.4,20.2,26.2,20.8,38.6,18.7,48.9,29.6,38.1,16.8,14.6,22.9,50.4,17.9,15.7,33.4,29,25.5,26.8,15.7,22.4,16.8,5.7,21.8,26.3,4.9,25.9,9.7,5,10.5,73.5,36,79.7,,52.4
20140726,13,O3,222.8,242.1,244.2,237.7,270.3,271.2,249.4,236.5,319,224.2,221.7,278.1,168,235.9,221.2,217.5,304.6,284.8,258.3,225.1,269,266.2,197.3,278.3,278.5,257.1,225.4,216.1,205.1,233.3,132.1,233.3,206.9,,225.6
20140726,13,CO,1.2,1.1,1.2,1.1,1.1,1.2,1.1,1.1,1.3,1.2,1.2,1.1,1.1,1.1,1,0.9,1.3,1.3,1.3,1.3,1.5,1.5,0.8,1.2,1.3,1.5,0.9,0.7,1.1,0.3,1.3,1,1.2,,1.1
20140726,14,SO2,15.9,17.5,13.4,16.4,8.7,17.5,20.3,10.1,7.4,10.2,15,10.2,2,17,9.7,13.5,9.5,5.9,2,13.1,7.5,9,9.1,5.8,8.1,10.3,18.2,14.7,33,25.3,17.1,15.3,14.2,,28.6
20140726,14,NO2,19.1,17.6,18.1,19.6,23.3,14.6,35.3,31.3,17.8,16.3,10.1,18.1,65,15.7,14.5,24.3,24.6,28.3,18.8,14.8,28.6,15.5,12.9,23,19.4,5.7,24.5,7.9,3.9,8.2,90.3,39.3,44,,38.5
20140726,14,O3,215.3,253.4,225.7,251.1,234.8,269.1,217,256.1,289.9,234.6,223.2,257.6,159,242.3,223.4,221,333.9,340.8,237.9,239.6,326.6,301.3,243.1,320.7,298.5,282.9,234.7,219.7,219.3,239.2,121.9,232.1,192.7,,222.2
20140726,14,CO,1.1,1,1,1.1,0.8,1,0.9,1.1,1,1.1,1,1,0.9,1,0.9,0.8,1.2,1.2,1.2,1.2,1.4,1.3,1,1.1,1.3,1.7,0.8,0.6,1.2,0.3,1.2,1,0.8,,0.8
20140726,15,SO2,14.8,15.1,12.3,14.6,12.8,16.4,23.6,13.2,9.9,11.1,13.1,10.3,2,23.2,10.4,12.3,12.5,6.2,2,14.2,6.8,8.1,8.4,5.4,7.9,8.5,16.8,19.9,33.5,31.6,16.7,15.4,14.3,,32.9
20140726,15,NO2,17.6,16.5,17,18.9,25.9,14.4,32.1,21.3,12.8,16,9.7,18.9,71.6,15.8,14.2,21.7,20.8,38.9,17.4,14.6,35.8,18.1,14.4,29.6,27.6,5.7,23.3,8.9,5.4,9.6,80.9,32.7,50.2,,46.9
20140726,15,O3,222.3,257.2,228.1,252.9,238.5,269.5,212,210.9,270.8,233.9,225.3,253.3,167.6,258.5,234.1,225.3,303.9,413.1,234.4,244.5,391.3,349.3,248.2,400.6,339.8,312.3,239.2,230.6,234.2,264.1,135.1,244.9,197.8,,215.8
20140726,15,CO,1,0.9,0.9,1,0.8,1,0.8,0.9,0.9,1,0.9,0.9,1,1.1,1,0.7,1,1.4,1.1,1.2,1.4,1.3,1.1,1.2,1.4,1.6,0.7,0.7,1.1,0.5,1.2,0.9,0.8,,0.9
20140726,16,SO2,18.2,22.6,15.2,20.2,12.9,19.4,22.6,14.3,9.3,15.3,14,12,2,29.9,16.4,20.8,13.2,9.2,2.9,12.2,7.4,8,7.9,7,7.9,7.3,13.4,21.2,20.3,40.1,19.1,18.6,9.4,,34.6
20140726,16,NO2,18.3,17.2,17.8,20,26.9,13.9,32,19.4,12.6,17,14.3,21.4,64.4,17.1,13.2,27.9,20.3,21.9,20.5,12.7,30.3,19.1,18.3,26.8,32.3,6.8,24,8.3,5.8,11.1,74.2,49.4,49.9,,42.7
20140726,16,O3,229.1,265.5,244.6,263,240.1,276.5,219.6,200.2,266.1,254.9,237.5,253.4,190,262.2,241.2,235.8,287.5,292.1,227,237,385.9,364.5,299.4,387.7,420.2,351.8,232.4,240.9,230.7,282.9,146.1,234.6,207.5,,229.7
20140726,16,CO,1.1,1.1,1.1,1.2,0.8,1.1,0.8,0.9,0.8,1.2,0.9,0.9,1.2,1.2,1.1,0.9,0.9,0.9,1,0.9,1.2,1.2,1.1,1.2,1.6,1.5,0.6,0.7,0.9,0.7,1.2,1.1,0.8,,1.1
20140726,17,SO2,26.7,29.9,24.4,26.9,21,28.6,29.8,16.1,14,20.8,20.4,16.6,2,29,14.8,26.7,15,10.2,5.5,11.5,9.5,11,7.1,8.6,9.1,8,14.8,15.9,12.7,,24.1,24.1,23.4,,39.9
20140726,17,NO2,19.9,17.6,19.5,20.6,31.2,16,36.9,19.9,13.6,20.3,20,24.6,67.8,19,13.6,23.7,22.6,21.2,23.1,13.7,23.1,20.3,25.5,16.5,42,6.2,20.8,8.7,6.9,,74.2,40,47.8,,29.9
20140726,17,O3,228.1,268.3,254.1,268.6,244.2,274.2,240.3,202.5,280.8,264,255.8,273.9,193.4,258.9,234.8,243,274.3,271.3,246.8,228.3,330.4,328.1,329.4,287.9,340.5,350.5,238.4,230,219.9,,155.3,251.6,222.9,,238.7
20140726,17,CO,1.3,1.2,1.3,1.3,1,1.2,1.1,0.9,0.9,1.4,1.2,1.2,1.3,1.2,1.1,1,1,0.9,1.2,0.8,1,1,1.2,0.8,1.4,1.4,0.6,0.6,0.7,,1.3,1.2,1,,1.3
20140726,18,SO2,23.9,22.5,21.9,20.6,20.6,26.6,30.5,20.5,19.8,17.2,17.2,18.1,2,20.9,12.6,18.1,23.8,15.9,8,15.3,12.1,12,8.8,11.1,12.7,10.2,16.1,10.5,7.1,,20.1,21.5,23.9,,39.3
20140726,18,NO2,20.5,19.5,24.6,24.8,36.3,18.2,35.6,22.9,15.3,25.1,23.5,27.9,67.3,22.7,14.2,27.1,24.6,25.2,27.8,15.7,26.4,20.8,18.7,16.9,44.1,4.8,21.2,10.4,8.3,,73.5,47.4,61.2,,32
20140726,18,O3,219.8,247.6,243.2,250.5,239.1,266.7,238,207.3,283.9,240.9,244.2,267,184,236.9,228.2,227.8,256.5,275.5,238.6,229.2,297.8,292.9,278.2,279.7,265,305.9,246.3,225.6,202.8,,149.2,228.5,199.8,,227.8
20140726,18,CO,1.3,1.1,1.3,1.3,1,1.2,1.1,1.1,1.1,1.2,1.1,1.2,1.1,1,1,0.9,1.1,1,1.2,0.9,1,1,1.1,0.9,1.2,1.2,0.6,0.5,0.5,,1.3,1.1,1.2,,1.3
20140726,19,SO2,18.3,19.1,15.6,16,14.1,20.3,23.1,20.7,14.4,14,12.4,12.8,2,15.2,11.2,12.4,20.3,20.9,8.4,15.2,21.3,21,11.1,17.8,14,14.1,15,7.5,5.2,346.4,13.5,17.5,20,,32.4
20140726,19,NO2,22.1,20.2,26.6,26.1,33.9,23.8,37.1,25.3,16.7,25,28,29.8,62.6,26.7,21,33.7,23.2,28,27.6,21.4,34.6,26.9,17.6,20.9,63,4.9,24.5,15.6,8.8,91.1,72,48.6,69.5,,43.1
20140726,19,O3,198.8,229.7,213.4,222.1,210.9,236.3,207.7,192.8,262.5,209.6,218.1,240.6,164.2,209.2,204.8,201.8,236.5,270.2,221,211.8,267.4,270,247.5,285.7,234.7,265,240.3,213.2,196.5,219.9,135.9,203.7,166.3,,199.5
20140726,19,CO,1.1,0.9,1.1,1.1,0.8,1,0.9,1.1,0.9,1,1,1,1.1,0.9,0.9,0.7,1,1.2,1.1,0.9,1.2,1.2,1,1.1,1.2,1.1,0.7,0.5,0.5,0.1,1.1,1,1,,0.9
20140726,20,SO2,11.8,12,10,10.4,11.6,13.7,20.3,17.6,12.3,10.1,10,11.3,2,10.6,9.5,7.7,18.1,15,9.5,11.9,21.2,22.7,15.5,17,17.3,22.4,13.1,9.5,5.4,2,9.8,12.1,6.6,,29.6
20140726,20,NO2,29,29.1,28.4,32.6,33.2,27.2,44.5,26.1,21.6,27.5,29.1,34.3,65.7,29.6,28.3,44.8,28.8,30,25.2,29.5,48,30,22.5,21.1,75.5,5.7,28.6,22.9,11.3,14.5,74.6,56.5,50.8,,37.1
20140726,20,O3,166.6,185.4,181.3,186.5,181.5,200.9,172.3,170.9,237.2,176.5,183,210.4,130.2,185.7,180.7,166.6,212.1,242.9,211.2,181.9,216,242.1,235,269.5,209.3,249.4,219,188.6,184.2,186.6,113,167.1,157.3,,180.3
20140726,20,CO,0.9,0.8,0.9,1,0.7,0.9,0.8,0.9,0.9,0.9,0.9,1,0.9,0.8,0.7,0.7,0.9,1.1,1,1,1.3,1.2,1.1,1.1,1.3,1.2,0.6,0.5,0.5,0.1,1,0.8,0.8,,0.7
20140726,21,SO2,8.4,9,8.2,8,8.7,9.8,16.3,17.6,9,9,6.6,9,2,8.4,8.2,5.9,12.3,11.9,9.8,9.4,16.3,14.7,18.6,12.7,17.1,20.7,10.6,9.2,13.7,2,6.8,9.3,2,,29.4
20140726,21,NO2,35.5,33.1,31.6,34.6,30.5,37.7,50.1,31,34,32.7,35.4,42.5,60.6,26.9,27.8,46.3,31.1,35.8,30.8,38.9,54.6,26,23.8,23,109.9,6.6,41.4,32,10.5,19,87.5,77.6,66.5,,54.4
20140726,21,O3,144.9,161.9,161.5,174.5,166.2,166.6,141.7,148,181.5,158.6,142.5,159.2,113,180.6,169.7,152.8,176.4,199.9,182.2,148.9,171.3,217.8,217.5,225.1,148.7,232.1,170.1,153.7,166.3,129.8,89.4,130.7,130,,146
20140726,21,CO,0.9,0.9,0.9,0.9,0.6,0.9,0.7,0.9,0.8,0.8,0.9,0.9,0.9,0.8,0.7,0.7,0.8,1.1,1,0.9,1.2,1.1,1.3,1,1.3,1.1,0.7,0.6,0.4,0.1,0.9,0.9,0.7,,0.8
20140726,22,SO2,8.2,9.3,7.7,8.2,7.2,10.1,18.9,11.1,6.1,7.7,7.4,7.5,2,10.3,9.8,6.5,9.4,8,8.2,9.4,12.4,8.2,15.2,10.1,14,16.8,8,8.4,8.9,2,6.1,9.1,5.5,,25.8
20140726,22,NO2,36.8,32.7,29.4,31.9,30.4,37.1,42.3,38.9,41.7,39.4,36.4,40.8,51,23.9,29.1,56.8,35.2,37.3,52.2,43.5,49.9,20.7,16,19.7,110.8,6.9,46.8,46.7,10.2,21.4,78.6,69.4,60.7,,56
20140726,22,O3,129.2,146.3,150,157.9,155.8,151.4,139.9,102.1,136.5,132,121.3,135.5,113.2,167.6,147,127.5,151.5,161.7,124.9,117.2,146.6,201.3,203.1,199.3,118.4,214.5,146.4,109.8,158.1,117.8,84.1,128.1,123.5,,130.7
20140726,22,CO,0.8,0.8,0.8,0.8,0.5,0.8,0.7,0.9,0.9,0.8,0.9,0.9,0.9,0.7,0.7,0.7,0.8,0.9,0.9,1,1.1,0.8,1.1,1,1.2,1.1,0.7,0.7,0.5,0.2,0.9,0.8,0.7,,0.8
20140726,23,SO2,10.4,11.1,12.2,10.9,10.3,11.8,19.1,9.3,7.3,8.3,8.2,10.3,2,13.9,9.6,9.9,9.6,6.5,5.9,6.6,8.2,6.1,13.4,5.4,11.6,9.3,10.4,9.3,13.8,3.9,8,10.6,17.7,,27.4
20140726,23,NO2,35.5,34.3,25.7,29.5,31.8,37.1,47.4,80.3,30.2,40.5,28.6,37.3,47.2,24,25.7,62.5,33.7,39.1,45.6,32.9,44.5,16.5,15.5,18.2,105.9,6.5,36.9,52.2,11.3,22.7,63.5,38.8,60.6,,45.5
20140726,23,O3,122,136.7,142.4,148.9,135.3,140.9,119.3,36.5,139.9,114.8,119,132.3,106.5,156.6,140.9,108.7,141.5,137.4,110.8,114.4,134.1,191.9,182.2,151.1,96,194.6,157,92.8,155.1,111,92.3,152.8,107.6,,127.7
20140726,23,CO,0.7,0.7,0.7,0.7,0.5,0.7,0.7,1,0.8,0.7,0.9,0.9,0.8,0.6,0.7,0.6,0.7,0.9,0.9,1,0.9,0.8,1,0.9,1.1,0.9,0.6,0.7,0.5,0.2,0.8,0.6,0.6,,0.8
