date,hour,type,dongsi,tiantan,guanyuan,wanshouxigong,aotizhongxing,nongzhanguan,wanliu,beibuxingqu,zhiwuyuan,fentaihuayuan,yungang,gucheng,fangshan,daxing,yizhuang,tongzhou,shunyi,changping,mengtougou,pinggu,huairou,miyun,yanqing,dingling,badaling,miyunshuiku,donggaocun,yongledian,yufa,liulihe,qianmeng,yongdingmengxi,xizhimengbei,nansanhuan,dongsihuan
20140511,0,SO2,6.7,2,3.3,2,9.6,2.4,8.4,14.7,2,4.7,3.4,14.9,2.9,5.4,2.2,,10.7,6.9,2,8.1,17.6,36.5,9.2,6.9,2.7,28.4,10.6,3.9,2,9.8,2.3,4,14.4,4.4,9.7
20140511,0,NO2,41.3,48.3,39.9,45.8,58.4,51.7,35.7,27.2,24.3,27.1,32.2,49.2,43.5,62.8,58,,25.7,46.3,47.5,64.4,30.2,39.8,40,33.1,82,35.4,,24.5,18.9,58.8,53.3,61.3,56.3,73.4,94
20140511,0,O3,50.6,33.4,64.4,41.6,32.8,37.3,62.6,69.9,69.9,55.2,49,70.8,39.3,22.7,23.8,,69.6,36.1,31.1,56.7,83.8,77.1,71,65.6,18,61.7,77.9,48,46.3,33,44.7,26,35.9,15.8,2.2
20140511,0,CO,1.2,0.8,1,0.9,1.2,1.2,0.9,0.8,0.1,0.6,0.9,0.7,0.7,0.7,0.6,,1.4,1.4,0.7,1.6,1.6,1.7,1.2,0.7,1.1,1.5,1.4,0.6,0.7,0.5,1,0.8,1.2,0.8,1.5
20140511,1,SO2,5,2,2.1,2,6.6,2,5.9,12.8,2,3.1,2,13.6,2,5.5,2.1,,4,3.3,2,2.6,5.2,14.1,7.2,2.2,2.4,18,3.9,3.8,2,9.3,2,2.6,13.3,4.1,8.5
20140511,1,NO2,55.7,58.8,62.4,41.6,64.7,58.5,60.1,17.2,18.7,38.5,32,53.4,44.1,71,56.5,,28,35.9,29,61.2,26.3,31.3,38.4,26.8,34.8,18.3,,21.7,13.9,40,56.7,51.1,61.4,72,82
20140511,1,O3,32.7,41.8,28.8,46.2,22.6,37.9,19.5,51.3,71,26.7,45,47,29.8,17.7,25.1,,48.9,27.9,43.2,58.1,68.8,77,57,41.5,63.4,93.5,73.3,53.3,55.2,47.8,34.7,28.1,20.9,14.4,6.4
20140511,1,CO,1.4,1.2,1.4,1.2,1.2,1.1,1.1,0.6,0.1,0.9,0.8,0.8,0.8,0.8,0.8,,1.4,1.4,0.6,1.6,1.6,1.7,1.2,0.9,1.1,1.5,1.6,0.9,0.6,0.5,1.3,1,1.4,1,1.2
20140511,2,SO2,5,2,2,2,4.9,2,4.6,12,2,3,2,13.6,2,2,2,,3,2.8,2,8.4,2.3,2.6,6.6,2.5,2,5.5,4.1,,2,9.7,2,,10,3.5,
20140511,2,NO2,40.7,45,49.7,43.8,53.4,43.4,45.7,26.9,25,35.9,25.1,47.4,28.8,55.8,52.9,,21.6,21.4,25.2,60.5,20.4,23.1,18.4,20.1,40.2,14.5,,17.2,26.2,38.8,50.6,40,48.4,65.1,62.9
20140511,2,O3,46.6,19.9,38.4,46,33.3,48.4,33.9,41.1,71.1,27.4,57.4,31.7,43.8,30.9,24.3,,54.5,41.9,52,45.8,61,60,75.2,57.2,53.4,78.3,88.1,60.2,41.1,47.7,44,39.6,29.4,21.3,5.5
20140511,2,CO,1.4,1.3,1.4,1.4,1.2,1.3,1.3,1,0.1,1.2,1,1,0.7,1,1.3,,1.6,1.3,0.7,1.6,1.6,1.7,1.1,0.9,1.1,1.5,1.4,1.2,0.6,0.5,1.4,1.1,1.3,1.2,1.4
20140511,3,SO2,6.3,2.9,2,2,5.5,2.3,5.1,12.1,2,3.1,2,12,2,2,2.1,,2.6,2.3,2,2,2,2,5.6,2,2,3.9,2,4.1,,9.3,2,5.4,13.9,3.3,10.9
20140511,3,NO2,30.1,34.5,36.3,27.7,36.9,33.1,36,33.8,20.1,24.7,27.7,40.9,33.6,41.7,43,,19.7,18,22.6,59.2,17.7,18.2,13.1,14.8,47,11.8,,18.2,,36.4,39.7,31.9,33.2,49.5,45.3
20140511,3,O3,54.7,28.3,52,64.2,44.7,56.7,38.9,22.9,76.9,44.2,48.2,31.7,34.9,45.7,29.5,,60.9,49.4,47.9,43,62.1,68.4,75.4,59,55.4,75.8,73.5,59.3,,61.6,53.2,42.9,42.8,33.6,9.8
20140511,3,CO,1.6,1.5,1.4,1.4,1.3,1.5,1.3,1.2,0.2,1.3,1.4,0.8,1.2,1.2,1.5,,1.6,1.3,0.9,1.6,1.4,1.5,1.1,0.1,1,1.4,1.3,,,0.5,1.6,,1.3,1.3,
20140511,4,SO2,5.4,2.6,2,2,4.8,2,5.3,12.4,2,3.2,2,12,2,2,2,,2,2,2,2.8,2,2,4.6,2,2,2.7,2,4,2,9.8,2,5.1,17,3.1,10.4
20140511,4,NO2,17.8,22.4,36.9,23.2,28.9,25.4,41.3,30.4,,22.9,25.9,,,,32.6,,13.7,19.7,16,55,18.5,9.3,10.7,11.9,16.5,7.3,,23.7,,40.1,29,24.5,35.1,36.4,56.2
20140511,4,O3,69,68.8,43.3,61.6,46.4,66.2,27.3,19.6,53.6,41.7,43.9,38.2,17,52.5,37.2,,68.1,38.4,65.7,47.5,63.3,85.1,74.8,73.5,102,85.3,77.8,,30.9,42.3,66.9,,33.1,43.8,
20140511,4,CO,1.4,1.4,1.4,1.3,1.1,1.3,1.3,1.2,0.1,1.3,1.4,0.7,1,1.2,1.4,,1.3,1.2,1,1.4,1.3,1.1,1,0.1,0.9,1.2,1.1,1.4,1,0.7,1.4,1.2,1.3,1.3,1.4
20140511,5,SO2,4,2.1,2,2,4,2,4.7,12.3,2,2.6,2,11.7,2,2,2,,2,2,2,2,2,2,4.3,2,2,2,2,3.5,2,9.7,2,4.1,18.5,3.2,7.1
20140511,5,NO2,15.1,17.5,28,7.5,23.8,17.7,46.8,25.5,,19.3,21.3,34.9,25.7,24.2,29.3,,10.2,,11.2,52.1,13.5,7.7,8.9,,13.8,6.6,,,18,31.9,25.7,,27.6,31.3,
20140511,5,O3,69.7,82.6,62.5,77.7,60.2,77.3,21.8,25.5,99.2,53.2,56.7,54.3,47.6,68.9,39.2,,76.9,13,72.8,51,70.4,79.8,72.3,70.2,102,78.1,95.2,53.3,50.4,42.9,71.3,51.3,49.7,48.6,12.8
20140511,5,CO,1.2,1.2,1.2,1.1,1,1.1,1.2,1.2,0.1,1.1,1.2,1,1.1,1.1,1.3,,1.1,1.1,0.8,1.4,1.1,1.1,1.1,0.1,0.8,1.2,0.7,1.2,1.4,1,1.2,1,1.1,1.1,1.2
20140511,6,SO2,2.7,2,2,2,3.6,2,4.3,12,2,2.3,2,11.5,2,2,2,,2,2,2,2,2,2,4.1,2,2,2,2,3.1,2,9.1,2,3.3,16.7,3.5,10.7
20140511,6,NO2,13.2,16.7,22.5,15,19.2,15,35.8,18.9,16.6,12.9,21.3,40.7,25.4,24.6,34.8,,7.8,16.4,13.1,54.5,12.2,8.6,8.5,6.9,18.3,4.3,,15.3,14.5,21.4,24.7,23.1,21.2,33.7,61.4
20140511,6,O3,77.4,89.6,70.7,84.4,64.4,87,41,34.7,97.2,75.4,58.6,47.2,55.2,71.4,35.8,,79.1,60.2,71.8,42.5,68.5,74.7,77.3,83.9,106.7,78.3,106.6,61.2,55.6,74.8,76.1,69.8,57.8,48.4,32.8
20140511,6,CO,1,0.9,1.1,1,0.9,0.8,1.1,1.1,0.1,1,1.1,1,1,1,1.1,,0.9,0.8,0.7,1.3,1,1,1,0.1,0.7,1,0.6,1,1.3,0.8,1,0.9,1,1,1
20140511,7,SO2,2.1,2,2,2,3.9,2,5.6,11.9,2,2,2,11.6,2,2,2,,2,2,2,2,2,2,4,2,2,2,2,3.5,2,9.9,2,3.2,12.4,4.3,9.1
20140511,7,NO2,14.8,22.8,28.3,17.3,20.4,19.9,24,17.3,14.9,14.8,19.6,37.9,25.3,31.4,34.7,,7.8,14,16.6,54.8,17.5,8.8,10.8,4.9,10.4,2.5,,7.6,13.9,28.6,19.3,38.4,28.8,53.1,61.1
20140511,7,O3,76.8,84.6,67.7,80.8,65,80.9,57.3,33.3,93,72.7,65.2,54.6,58.9,68.8,41.9,,82.7,71,65,40.2,61.8,81.7,78.6,92.4,122.5,88,101.2,68.4,56.7,72,82.2,57.1,54.1,33.9,33.7
20140511,7,CO,0.9,0.9,1,0.9,0.8,0.8,0.9,1.1,0.1,0.9,1.1,0.9,1,0.9,0.9,,0.8,0.8,0.6,1.3,1,0.9,1,0.1,0.6,0.9,0.6,0.9,1.1,0.7,1,0.8,0.9,1,1
20140511,8,SO2,2,2,2,2,3,2,5.1,12.2,2,2,2,11.5,2,2,2,,2,2,2,2,2,2,4,2,2,2,2,3.3,2,9.9,2,3.8,11.5,6.1,8.2
20140511,8,NO2,20.2,34.3,32.3,22.5,24.1,25,31.6,18.7,13.5,20.9,15.7,31.6,23.2,38.5,25.9,,9.7,15.1,19.5,57.2,18.5,7.3,18.8,4.9,12.1,2.5,,4.1,9.3,28.9,36.8,51.2,31.3,70.4,59.7
20140511,8,O3,71.5,78.5,67.5,79,62.3,78.7,50.2,27.8,98.9,66.9,75.6,65.7,66.3,68.1,67.9,,76.7,69.4,69.2,40.9,67.5,82.4,77.6,94.7,120.4,79.9,102,90.1,75.3,73.1,70,52.3,55.2,20.3,36.4
20140511,8,CO,0.9,0.8,0.9,0.8,0.7,0.7,0.9,1,0.1,0.9,1,0.9,0.9,0.8,0.7,,0.9,0.9,0.6,1.2,1,0.9,0.9,0.1,0.6,0.9,0.5,0.8,0.9,0.7,0.9,0.7,0.9,1,1.1
20140511,9,SO2,2,2,2,2,2.4,2,4.9,12,2,2,2,11.4,2,2,2,,2,2,2,2,2,2,4,2,2,2,2,3.5,,10,2,3.7,11.7,5.3,8.6
20140511,9,NO2,25.2,50.8,33.8,24.8,27.7,23.7,37.1,13.5,10.9,24.6,16.2,34.7,27.3,36.8,28.6,,9.9,20.9,22.3,54,23.4,6.1,20.1,5.4,24.7,2,,3.4,,26.4,35.4,56,40.9,78.9,59.5
20140511,9,O3,66.8,62.9,63.8,76.7,54.5,81.2,46.1,54.4,103,59.4,76.5,64.8,61.5,79.3,69.5,,82.4,58,62.5,40.3,58,88.9,95.1,96.2,105.7,88.4,113.7,108.8,,80.6,71.8,45.9,40.2,20.1,34
20140511,9,CO,0.9,0.8,0.9,0.8,0.8,0.7,0.9,0.8,0.1,0.9,1,0.9,0.9,0.7,0.7,,0.8,0.9,0.7,1.1,1,0.8,0.7,0.1,0.6,0.8,0.5,0.8,,0.7,0.9,0.7,1,1,1
20140511,10,SO2,2,2,2,2,3.8,2,4.9,11.5,2,2,2,11.2,2,2,2,,2,2,2,2,2,2,4.2,2,2,2,2,3.4,2,10,2,3.7,16.3,4.9,10.3
20140511,10,NO2,27.2,45.8,41.1,25.1,32,26.7,44.2,8.1,9.6,25.5,19.7,43.8,32.5,40.3,30.3,,9.7,20.2,12.7,48.5,18.4,2,12.7,3.5,23.8,2,,5.7,4.3,22.5,30.5,52.7,42.2,79.3,61.9
20140511,10,O3,59.6,59.7,57,72.8,54.7,71,41.9,80.7,113.9,59.4,73.2,60.7,56.9,72.3,61.8,,87.7,67.9,87.9,39.8,62.6,113.2,106.5,104.3,111.7,118.6,112.8,107.5,90.7,86.3,66.9,38,40.9,19.9,29
20140511,10,CO,1,1,1,0.9,0.8,0.8,0.9,0.6,0.1,0.9,1,0.9,0.9,0.8,0.8,,0.8,0.8,0.6,0.9,0.9,0.6,0.7,0.1,0.6,0.6,0.5,0.7,0.9,0.7,1,0.8,1,1,1.1
20140511,11,SO2,2,2,2,2,3.4,2,5.1,11.5,2,2,2,11.3,2,2,2,,2,2,2,2,2,2,4.3,2,2,2,2,3.1,2,10.2,2,3.3,13.4,5.4,10.2
20140511,11,NO2,20.1,40,39.6,25.8,28.9,20.2,39.5,7.4,9.4,26.4,18.8,27.3,26.7,45.5,31.3,,12.5,18.1,6.6,51.4,13.3,2,11.3,3,23.2,2,,4.6,3.7,29.8,27.8,49.3,52.8,78.5,49.3
20140511,11,O3,78.4,73.8,67.3,79.7,65.9,92.7,52.4,82.3,117,66.8,78.5,87,64.2,57.4,65.5,,93.9,81.5,102.8,39.8,77.3,116.9,107.2,108.8,120.9,120.8,94.7,104.6,101,75.3,78.6,52.3,37.1,21.4,47.3
20140511,11,CO,0.9,0.9,0.9,0.9,1,0.6,0.8,0.6,0.1,0.9,0.9,0.7,0.9,0.9,0.8,,0.8,0.7,0.5,0.9,0.8,0.6,0.7,0.1,0.5,0.5,0.5,0.6,0.8,0.7,0.9,0.8,1,1.1,1
20140511,12,SO2,2,2,2,2,4,2,4.9,11.8,2,2,2,11.1,2,2,2,,2,2,2,2,2,2,4.5,2,2,2,2,3.8,2,12.6,2,2.9,11.9,5.6,9.5
20140511,12,NO2,22.4,37.4,43.6,26.8,25,23.6,28.1,6.4,9.6,23.1,10.4,22.4,20.6,37.4,24.3,,13.5,18.8,10.7,43.4,18.9,3.2,10.4,2.9,24.7,2,,7,8.6,26.1,29.1,49.7,56.1,84.8,40.8
20140511,12,O3,77.3,80.1,66.5,85.2,77.1,88,72.5,83.2,120.6,74.2,100.2,100.8,75.8,76.6,73.3,,104,82.9,95.5,49.4,88.2,111.9,105.4,110.9,117.5,120.6,92.4,98,97,94.1,83.1,54.1,39.5,20.2,57.9
20140511,12,CO,0.9,0.9,0.8,0.8,1,0.7,0.6,0.6,0.1,0.8,0.7,0.6,0.7,0.9,0.8,,0.7,0.7,0.5,0.7,0.7,0.6,0.7,0.1,0.5,0.5,0.5,0.5,0.8,0.5,0.9,0.8,0.8,1.1,0.8
20140511,13,SO2,2,2,2,2,3.3,2,4.6,12.2,2,2,2,11.1,2,2,2,,2,2,2,2,2,2,4.9,2,2,2,2,3.8,2,14.5,2,3,13.7,5.2,10.5
20140511,13,NO2,19.4,51.4,40.6,25.4,22.9,23.1,25.9,5.6,8.9,18.3,6.6,19.9,16.6,34.4,20.2,,16.8,20.2,10,39.9,9.9,2,7.3,2.9,38,2,,5.6,13.1,13.5,29.3,49.4,52.3,85.9,32
20140511,13,O3,85.7,73.7,77.5,94.8,90.6,94.4,76.6,90.5,122.3,91.9,111.5,109.6,87.8,78.6,79.6,,101,78.3,94.6,57.9,106,113.2,107.2,112.5,99.8,118.6,98.5,96,86.1,115.2,90.4,61,52.1,27.2,67.4
20140511,13,CO,0.7,0.9,0.7,0.7,0.9,0.6,0.5,0.5,0.1,0.6,0.7,0.6,0.6,0.8,0.7,,0.7,0.7,0.5,0.7,0.6,0.5,0.7,0.1,0.6,0.5,0.4,0.5,0.7,0.4,0.8,0.6,0.7,1,0.6
20140511,14,SO2,2,2,2,2,3.5,2,4.4,12.6,2,2,2,11.1,2,2,2,,2,2,2,2,2,2,4.5,2,2,2,2,4,2,15.6,2,3.2,17.6,6.1,4.1
20140511,14,NO2,16,51.9,39,23.9,22,22,24.3,5,7.4,16.8,6.5,25.5,15.4,31.6,25.5,,11.3,17.9,9.1,41.1,11.1,3.4,5.3,2.9,33.5,2,,2,20.1,12.2,27,48.5,60.7,92.4,27.8
20140511,14,O3,95.9,79.1,83.3,99.9,92.6,102.2,78.4,96,121.6,94.9,105.3,102.3,87.6,88.6,75.5,,112.2,78.6,97.1,56.5,105.5,109.7,121,114.7,108.3,120.1,104,108.1,80.7,119.7,96.8,67.3,39.8,22.2,80.4
20140511,14,CO,0.7,0.8,0.7,0.7,0.8,0.6,0.6,0.5,0.1,0.6,0.7,0.6,0.6,0.7,0.7,,0.6,0.7,0.5,0.6,0.6,0.5,0.6,0.1,0.5,0.5,0.4,0.4,0.7,0.4,0.7,0.6,0.8,1.1,0.6
20140511,15,SO2,2,2,2,2,2.8,2,5.6,13.2,2,2,2,11,2,2,2,,2,2,2,2,2,2,5.8,2,8.7,2,2,3.6,2,13,2,3.5,14.1,6.1,10.9
20140511,15,NO2,14.2,47.9,29.2,19.6,20.4,19.5,20.9,3.7,7,14.5,7.8,22,15.1,25.4,24.5,,13.5,24.2,8.2,46.6,5,3.3,7.1,4.1,54.3,2,,3.2,18.4,18.7,25.8,43.4,51.5,88.7,22.9
20140511,15,O3,99.9,85.6,97.9,109.4,99.8,112.7,89.3,99.1,122.7,102.5,103.3,105.5,87.6,95.3,78.9,,107.1,73.1,92.2,53.7,107.1,107.3,121.4,116.4,90.5,121.8,110.1,108.9,87.4,104.8,101.6,76.8,59.9,35.9,89.5
20140511,15,CO,0.7,0.8,0.7,0.6,0.7,0.5,0.5,0.5,0.1,0.6,0.7,0.6,0.6,0.6,0.6,,0.6,0.7,0.5,0.6,0.6,0.5,0.6,0.1,0.7,0.5,0.4,0.4,0.6,0.4,0.7,0.6,0.7,1,0.6
20140511,16,SO2,2.1,2,2,2,5.8,2,6.5,13.3,2,2,2,11.3,2,2,2,,2,2,2,2,2,2,8.9,3.2,9.2,2,2,4.3,2,14.6,2,3.8,18.4,7.1,11.7
20140511,16,NO2,11.5,43.2,29.6,18.5,17.6,16,25.9,4,7.9,14.4,9.1,24.1,24.9,27.2,23,,9.5,18.6,8.1,43.7,3.4,2,9,7.9,51.6,2,,7.5,24.1,19.1,23.3,39.7,49.5,94.8,23.4
20140511,16,O3,108,92.6,98.9,109.8,105.4,120.3,84.1,102,121.6,102.4,91.9,100.8,73.1,89.4,82.5,,105.2,76.8,96.1,57.6,110.3,112.2,117.2,116.2,95.1,122.6,104.4,111,79.6,107.9,108.1,84,68.5,27.7,96.1
20140511,16,CO,0.6,0.7,0.7,0.6,0.5,0.5,0.5,0.4,0.1,0.6,0.7,0.6,0.6,0.6,0.6,,0.6,0.6,0.5,0.6,0.5,0.5,0.7,0.1,0.7,0.5,0.4,0.4,0.6,0.4,0.7,0.5,0.7,1,0.5
20140511,17,SO2,2.2,2,2,2,5.5,2,6.8,13.9,2,2,2,11.6,2,2,2,,2,4.7,2,2,2,2,10.6,3.9,7.3,2,2,5.7,2,15.8,2,4.3,20.6,8.2,10.4
20140511,17,NO2,16.4,44.1,39.2,19.8,22.3,23.5,28,5.8,5.8,23.4,10.7,25.4,21.7,29.5,23.9,,10.2,27.2,11.4,48,3.9,3.3,12.7,9.2,55.2,2,,8.8,16.7,16,28.8,36.7,47.8,102.7,17.2
20140511,17,O3,101.5,90.6,88,105.5,97.7,108.2,81.9,96.9,118.4,77.7,93.2,100.1,77.8,81.7,78.8,,108.1,84.3,93.2,50.9,113.7,110.3,109.9,111.8,87.5,120.6,104.2,109.8,86.6,114.4,103.8,83,63,20.3,102.4
20140511,17,CO,0.6,0.7,0.8,0.6,0.5,0.5,0.5,0.5,0.1,0.7,0.8,0.6,0.6,0.6,0.7,,0.6,0.7,0.5,0.6,0.5,0.5,0.8,0.1,0.7,0.5,0.4,0.4,0.6,0.4,0.7,0.5,0.7,1,0.4
20140511,18,SO2,2.4,2,2,2,5.2,2,7.4,12.9,2,2,2,12,2,2,2,,2,4.9,2,2,2,2,9.1,3.7,8.8,2,2,6,2,12.6,2,3.4,18.5,8.1,11.2
20140511,18,NO2,24.6,40.2,40.5,27.1,31.2,36.8,27.4,7.6,2,28.8,13.9,43.4,36.2,26.7,29.6,,16.7,31,23.5,52.5,6.4,5.5,14.5,12.2,48.8,2,,11.1,11.2,16.1,38.8,35.1,58.6,105.7,26.5
20140511,18,O3,89.9,80.1,81.2,86.1,85.1,91.7,76.7,88.5,101.9,69.1,90,83.2,75.5,68,73.4,,96.2,76.1,76.1,45.2,102.8,104.8,99.2,104.7,80.9,105,106.8,99,91.4,101.6,92.7,75.4,50.2,16.9,72.2
20140511,18,CO,0.7,0.7,0.8,0.7,0.5,0.6,0.5,0.5,0.1,0.7,0.7,0.7,0.6,0.6,0.6,,0.6,0.8,0.6,0.6,0.5,0.5,0.9,0.1,0.8,0.5,0.4,0.5,0.6,0.4,0.8,0.5,0.8,1,0.4
20140511,19,SO2,2.4,2,2,2,4.5,2,6.1,12.4,2,2,2,11.6,2,2,2,,2,3.1,2,2,2,2,14.8,2.3,13.6,2,2,4.4,2,11.3,2,3.9,14.8,6.8,6.5
20140511,19,NO2,33.7,38.8,51.5,36.9,37.9,43.1,53.2,12.7,2,32,20.6,57.9,37,26.2,33.4,,24.8,56,35,47.2,10.3,14.7,19.3,14.2,43.5,2,,22.8,6.6,13.2,80.6,49,71.4,100.7,36.1
20140511,19,O3,77.7,72.3,72.1,79.4,73.2,84.7,56.1,76.3,84.2,74.3,90.3,76,75.7,77.9,67.6,,75.4,36.9,66.9,49.9,89.3,90.8,87.7,86.9,79.1,95.3,96.9,69.1,90.9,103.2,53.4,65.4,30.9,26.1,60.9
20140511,19,CO,0.8,0.7,0.9,0.7,0.6,0.6,0.7,0.6,0.1,0.7,0.8,0.8,0.7,0.6,0.7,,0.7,0.9,0.7,0.6,0.6,0.7,1,0.1,0.8,0.5,0.4,0.5,0.6,0.4,0.9,0.6,0.9,0.9,0.5
20140511,20,SO2,2,2,2,2,3.8,2,6.1,12.9,2,2,2,11.7,2,2,2,,2,2.5,2,2,2,2,11.7,2,12.6,2,2,3.6,2,10.8,2,3.5,11.9,5.6,5.8
20140511,20,NO2,35.5,32.7,46.2,31.9,44.4,50.7,50.2,26.7,2,31.8,22.3,57.5,39.3,23.5,28.5,,38.9,48.7,44,49.9,8.9,34.4,19.7,13.5,52.4,2,,24,6.5,16.2,60.6,40.9,71.3,81,38.1
20140511,20,O3,72.3,78.2,76.3,84.7,65.2,77.7,59.8,59.3,77.1,68,80.3,66.3,67.1,80.7,70.8,,47.7,50.5,47.1,41.3,86.3,65.6,79.3,49.8,66.9,83.8,89.4,67.3,80.6,98.3,71.3,72.3,33.8,38.5,62.2
20140511,20,CO,0.8,0.6,0.8,0.7,0.6,0.7,0.6,0.7,0.1,0.7,0.8,0.7,0.7,0.6,0.7,,0.8,0.8,0.6,0.6,0.6,0.7,1,0.1,0.7,0.5,0.4,0.5,0.5,0.5,0.9,0.5,0.8,0.8,0.6
20140511,21,SO2,2,2,2,2,3.7,2,5.8,13.1,2,2,2,11.3,2,2,2,,2,2,2,2,2,2,11,2,9.5,2,2,4.4,2,11.1,2,2.9,17.6,5.8,9.6
20140511,21,NO2,31.1,31.9,46.8,38,39.3,47.2,54.2,36.8,2,33,23.5,64.2,35.2,27.6,25.5,,70.3,44.6,50.5,55.4,9.7,30.6,17.9,16.4,36.4,2.1,,14.6,10,15.5,62.9,39.7,70,81.1,38.6
20140511,21,O3,71.4,72.6,67.8,69.8,60.8,74.6,46.2,41.6,40.3,58.4,71.9,52.2,64.1,76.1,68.9,,15.7,41.5,24.7,35.4,74.4,59.2,76,35.6,79.2,74.8,69.3,76.3,73.9,90.5,59.8,68.1,25.5,27.1,59.5
20140511,21,CO,0.7,0.6,0.7,0.7,0.5,0.6,0.7,0.8,0.1,0.7,0.8,0.7,0.7,0.6,0.7,,0.9,0.8,0.6,0.6,0.6,0.7,0.8,0.1,0.5,0.5,0.4,0.5,0.6,0.5,0.9,0.5,0.8,0.8,0.6
20140511,22,SO2,2,2,2,2,3.1,2,6.7,12.7,2,2,2,11.4,2,2,2,,2,2,2,2.1,2,2,15.7,2,8.2,2,2,3.8,2,11.7,2,2.6,17.8,5.6,8.2
20140511,22,NO2,36.6,34.7,51.5,43.2,44.7,51.5,56,28.6,2,41.7,24.8,76.1,32.9,28.4,30.2,,68.9,42.7,43.4,60.5,8.8,32.2,16.8,22.7,30.8,4,,5.1,11.5,25.4,67.2,39.5,66.7,78.7,35.8
20140511,22,O3,58.7,72.8,54.4,55.2,45.4,64.1,38.9,24.2,23.8,39.6,55.9,34.6,57,74,54.9,,19.1,37.5,12.9,31.2,69.5,51.5,75.9,21.1,85.3,65.9,61.6,85.2,69.8,68.8,49.1,62.6,28.6,25.2,58
20140511,22,CO,0.8,0.7,0.8,0.8,0.6,0.7,0.7,0.8,0.1,0.8,0.8,0.8,0.7,0.6,0.7,,1,0.9,0.7,0.6,0.6,0.8,0.7,0.1,0.4,0.6,0.5,0.4,0.6,0.6,0.9,0.6,0.8,0.9,0.5
20140511,23,SO2,2,2,2,2,3.4,2,5.1,12.5,2,2,2,11.6,2,2,2,,2,2,2,6.4,2,2,13.6,2,9.9,2,2,4.1,2,11.3,2,3.1,2,5.9,10.9
20140511,23,NO2,44.7,35.3,53.2,41.3,46.3,44.8,58.8,26.9,2,33.6,26.1,59.4,35.7,29.8,27,,60.9,45.5,53.7,61.6,7.9,25.8,14.1,23.2,28.8,5.2,,5.3,10.5,33.6,62.8,44.6,65.3,76.3,43.3
20140511,23,O3,42.9,48.3,41.6,43.7,37.7,56.3,26.8,15.2,14.4,35.5,33.9,34,43.2,58.1,49.5,,19.9,25.3,8,28.8,62.2,58,79.4,13.9,89.8,51,42.1,79.4,62.8,60.7,40.8,45.4,20.2,16,38.1
20140511,23,CO,0.8,0.7,0.8,0.8,0.6,0.7,0.7,0.8,0.1,0.7,0.9,0.8,0.7,0.7,0.7,,0.9,0.9,0.8,0.6,0.6,0.7,0.6,0.1,0.4,0.6,0.6,0.5,0.7,0.6,0.9,0.6,0.8,0.9,0.7
20140511,0,PM2.5,32.4,34.1,25.8,28.1,42.5,40.6,27.8,41.2,25.1,29.7,34.6,25.5,35.4,41.9,38.9,,37.1,38.4,31.5,46.8,41.5,42.7,39.7,33.2,47.4,53.2,43.9,39.9,43,43.1,36.2,27.1,40.8,33.5,38
20140511,0,PM10,58.5,48.9,26.2,33.8,79.4,63.7,43.2,52,55.6,60.9,49.1,46.3,36,,46.7,,73.1,74.9,50.4,121,81.3,92.3,58.1,160.8,49.1,,96.8,,,49,47.1,27.2,41.1,44,52
20140511,0,AQI,73,72,71,70,77,70,73,85,63,79,75,73,76,65,71,,65,65,87,58,65,62,65,72,68,59,64,69,67,80,76,68,74,72,62
20140511,1,PM2.5,34.6,29.6,35.1,21.8,40.2,39.5,34.6,35.3,28.7,37.3,35.8,28.6,42.4,43.1,52.9,,41.2,39.2,39.3,45.9,41.8,32.2,39.4,39.1,44.6,41.9,52.2,46.5,38.9,32.8,36.6,38.7,42.8,26.3,39.8
20140511,1,PM10,43.2,32.6,40,25.1,47,,49.1,,,39.8,,42.8,,,,,42.9,45.1,,,61.3,79.7,56.2,66.8,,,,,,35.8,,,,33.6,
20140511,1,AQI,72,71,70,69,77,71,72,84,63,78,74,72,75,64,71,,65,65,87,58,65,61,65,71,68,59,65,68,65,79,75,67,74,71,62
20140511,2,PM2.5,44.3,48.2,47.6,45.1,33.1,55.2,47,38.3,38.6,45.4,40.6,38.4,39.8,44.8,50.5,,35.7,40.2,41.9,44.5,56.2,41.6,29.6,37.6,49.7,46.8,45.6,50.6,44.8,31.6,48.6,45.2,43.5,44.6,41.3
20140511,2,PM10,,,,,35,,,,,,,,,,,,37.7,,,,,60.4,30.7,5,,,,,,34.6,,,,,
20140511,2,AQI,72,71,70,69,76,71,72,83,63,78,74,72,75,64,71,,64,64,87,59,65,62,64,70,68,60,65,68,65,77,75,67,73,71,63
20140511,3,PM2.5,49.8,54,50.6,48.6,36.5,46.5,50.4,45.8,37.9,53.4,51.6,47.1,46.6,47.5,53.6,,55,41.1,44.1,39.2,46.4,37.9,39.3,29.8,42.2,52.2,31.2,57.9,,36.8,51.9,50.6,47.6,46.7,43.9
20140511,3,PM10,,,,,36.9,,,,,,,,,,,,,,,44.7,,,,40.5,,,31.5,,,,,,,,
20140511,3,AQI,73,71,70,69,76,71,73,82,64,78,74,72,75,65,72,,64,64,86,59,65,62,63,68,67,60,65,68,,76,74,68,74,71,63
20140511,4,PM2.5,44.4,46.6,51.5,45.7,48.3,51.4,53,44.2,35.8,55.3,43.1,45.2,49,47.4,56,,51.9,38.5,45.5,34.8,47.4,37.5,36.7,32.6,27.3,45.6,40.7,49.4,50.8,48.5,45.5,48.8,50.3,44.4,47.8
20140511,4,PM10,,,,,,,,,,,,,,,,,,,,,,,,18.6,,,,,,,,,,,
20140511,4,AQI,73,72,71,69,77,72,73,81,64,79,73,73,75,65,72,,65,65,84,59,66,62,63,66,66,61,66,68,64,76,74,68,75,71,64
20140511,5,PM2.5,32.8,40.8,48.5,42.2,45.9,44.1,50.9,49.6,29.8,52.9,46,40.4,49.5,46.1,58.4,,38.8,48.2,34.7,28.4,43.7,31.7,41.3,23.4,27.5,41.4,30.8,48,54.2,51,41.6,41.9,45.3,40.2,37.8
20140511,5,PM10,40.1,,,,,,,,,,,,,,,,,,,35.6,,,,8.7,,,,,,,,,,,
20140511,5,AQI,72,72,72,70,77,70,74,81,61,79,74,73,75,65,73,,65,65,74,59,67,61,63,64,66,61,66,67,65,76,74,68,75,71,64
20140511,6,PM2.5,30.5,37.2,43.3,39,39.4,37.7,48.4,55.3,24.8,43.6,42.8,47.9,47.6,40.6,48.4,,33.5,26.7,34,38,40.9,33.3,35.7,21.4,22.4,39.3,22.1,42.8,46.5,41.7,40.6,36.2,37.6,38.5,33.1
20140511,6,PM10,,,,,,,,,,,,,,,,,,,,,,,,25.2,,,,,,,,,,,
20140511,6,AQI,73,72,72,69,76,70,71,81,60,79,74,72,76,65,73,,65,65,72,59,67,61,65,63,64,61,65,66,65,76,74,68,74,71,63
20140511,7,PM2.5,25.8,30.9,34.5,37.2,32.8,33.7,41.2,47.3,20.5,40,41.5,42.6,40.9,35,38.4,,30.3,22.5,20.4,40.4,34.9,26.5,30.3,18.7,20.4,30.4,18.6,35.4,43.4,41.5,38.8,34.5,30.6,31.6,30.6
20140511,7,PM10,,,,,,,,,,,,,,,,,,,,,,,,5,,,,,,,,,,,
20140511,7,AQI,70,71,71,69,76,69,71,80,59,79,74,72,75,65,72,,65,64,70,60,67,61,66,62,63,61,64,65,64,76,74,67,74,71,63
20140511,8,PM2.5,19.7,31.1,26.5,29.4,26.8,20.9,37.9,47,21.7,33.6,31.4,30.7,31.4,28.2,33.1,,30.9,13.2,31.6,29.5,31.5,22.4,24.8,17.9,15.5,30.1,19.2,30.4,30.7,32.7,35.2,25.7,30.3,30.9,26.1
20140511,8,PM10,,,,,,,,,,,,,,,,,,,,,,,,5,,,,,,,,,,,
20140511,8,AQI,68,70,70,68,74,68,71,80,59,78,73,72,74,64,71,,64,62,70,59,67,60,65,60,62,60,64,64,63,75,73,66,73,70,62
20140511,9,PM2.5,16.2,26.3,27.3,21.8,27.3,20.2,33.6,29.7,18.9,26.1,30.9,31.2,28.3,25,30.1,,22.4,7.5,20.7,19.3,25.4,21.1,15.3,9.1,17.8,22.5,8.6,27.8,,30.8,25.1,25.6,24.6,22.1,23.3
20140511,9,PM10,,,,,,,,,,,,,,,,,,,,,,,,13.9,,,,,,,,,,,
20140511,9,AQI,67,69,69,67,73,67,70,78,58,76,72,71,73,63,70,,62,60,68,58,66,59,63,55,61,59,62,62,,73,71,65,72,68,61
20140511,10,PM2.5,18.3,30.8,21.6,23,25.8,25.9,29.1,14.2,6.7,29.5,22,27.5,26,20.9,26.1,,18.9,15.9,12.7,17.8,28.6,10.1,10.4,6.4,12.6,11.7,15.7,22.3,23.1,24,23,27.1,25.7,25.8,22.3
20140511,10,PM10,,,,,,,,,,,,,,,,,,,,,,,,5,,,,,,,,,,,
20140511,10,AQI,65,68,68,66,71,65,69,75,56,75,71,69,71,61,68,,61,59,67,57,65,58,61,53,59,58,60,59,60,72,69,64,71,66,60
20140511,11,PM2.5,13,22.8,17.7,19.9,21,15.9,23.5,12.5,8.8,19.9,23.8,7.7,24.5,21.4,23.5,,15,14.4,9.5,17.5,24.4,3,4.4,5.4,7.9,11.6,10,20.8,17.8,18.6,19.3,18.3,22.9,25.4,16.7
20140511,11,PM10,,,,,,,,,,,,,,,,,,,,,,,,5,,,,,,,,,,,
20140511,11,AQI,63,66,65,64,69,63,68,73,54,73,69,67,70,59,66,,59,57,64,56,64,56,59,52,57,57,58,57,57,70,67,62,69,65,58
20140511,12,PM2.5,11.8,21.8,14.1,16.6,19.1,7.2,11.5,4.1,4.8,16.7,9.8,6.5,14.4,17.8,20.3,,13.5,10.6,9,7.8,10.2,3,7,6.7,3,12.6,16.8,15.4,19.6,12.4,12,21.2,17.9,21.5,12.9
20140511,12,PM10,,,,,,,,,,,,,,,,,,,,,,,,12.3,,,,,,,,,,,
20140511,12,AQI,61,64,63,62,67,60,66,70,51,70,66,65,67,56,63,,58,55,62,54,63,54,56,50,55,55,56,54,55,67,65,60,67,63,57
20140511,13,PM2.5,4.4,17.3,14.2,11.3,12.9,14.8,11.8,10.2,3,14.3,8.4,6.5,10.7,18.8,16.9,,3,3,5.7,9.5,10.7,6.1,6.2,3,3,10.6,15.5,14.2,17.8,7.1,10.2,15.2,13.6,15.1,12
20140511,13,PM10,,,,,,,,,,,,,,,,,,,,,,,,5,,,,,,,,,,,
20140511,13,AQI,58,62,61,59,64,58,63,67,49,67,63,62,65,54,61,,55,53,59,52,61,52,54,47,52,53,53,52,53,64,61,58,64,60,54
20140511,14,PM2.5,3,10.6,13.4,13.2,9.3,12.9,11.2,9.9,3,17.1,3,3,4.9,13.6,3,,3,11.6,3,9.5,3,3,7.8,3,3,8.6,15.4,9.7,15.2,5.7,3,10.2,13.1,5.6,11.9
20140511,14,PM10,,,,,,,,,,,,,,,,,,,,,,,,5,,,,,,,,,,,
20140511,14,AQI,55,59,59,56,61,55,61,65,46,65,60,60,62,52,58,,52,52,56,51,59,50,52,45,50,51,51,50,51,61,58,55,62,57,52
20140511,15,PM2.5,3,14.2,9.2,8.1,10,7.6,11.5,7,3,13.8,3,8.9,3,17.4,15.7,,3,8.9,3,6.2,8.3,3,9,4.5,3.6,13.9,5.2,10,11.7,3,8,8.6,11.2,13.6,7.4
20140511,15,PM10,,,,,,,,,,,,,,,,,,,,,,,,5,,,,,,,,,,,
20140511,15,AQI,52,56,56,54,58,53,58,62,43,62,57,57,59,50,55,,50,49,53,48,57,48,49,42,47,50,48,49,49,58,55,53,59,54,49
20140511,16,PM2.5,3.4,10.5,8.9,8.1,9.9,9.4,8.6,7,7,10.2,3,6.3,3,16.8,13.4,,3,3,3,3,6.5,5.7,13.6,8.8,18.5,5.1,3,3,3.4,4.4,6.5,12.1,12.1,14.9,3
20140511,16,PM10,,,,,,,,,,,,,,,,,,,,,,,,5,,,,,,,,,,,
20140511,16,AQI,48,53,54,51,55,50,55,59,40,59,53,54,56,47,54,,46,46,50,45,54,46,47,40,44,47,45,48,47,55,53,51,56,51,47
20140511,17,PM2.5,3.8,3,3,3,9,3,7.4,11.1,3,10.9,7.8,10.2,8.6,5.2,3,,7.4,20.7,6.4,9.3,3.7,4.8,11.1,13.2,13.3,6.9,11.3,9.5,9.9,4.8,12.2,10.5,3.2,13.7,10.8
20140511,17,PM10,,,,,,,,,,,,,,,,,,,,,,,,5,,,,,,,,,,,
20140511,17,AQI,45,50,51,47,52,47,53,57,37,56,51,52,53,45,51,,44,45,47,43,52,43,44,38,42,45,42,46,46,51,50,48,53,52,44
20140511,18,PM2.5,5.4,13,8.2,3.9,10.3,3,5.1,12.1,3,4.3,3,13.2,3,13.9,9.1,,3,14.6,13.2,3,5.7,3,24.8,16.9,13.5,8.6,11.2,7.8,9.7,3,4.3,14.5,3.4,8.2,10.1
20140511,18,PM10,,,,,,,,,,,,,,,,,,,,,,,,29.7,,,,,,,,,,,
20140511,18,AQI,41,47,48,44,49,44,50,54,34,52,47,49,49,44,49,,40,43,44,40,49,40,43,36,40,43,40,44,45,48,47,45,50,53,42
20140511,19,PM2.5,9.6,10.6,20.5,16,13.2,16.5,17.8,14,8.8,18.8,5,34,5.8,12.5,23.6,,3,23.1,18.6,11.8,6.4,3,18.7,21.1,16.4,3.5,4.1,15,9.3,3.6,21.2,9.1,21.5,12.1,10.1
20140511,19,PM10,,,,,,,,,,,,,,,,,,,,,,,,35.2,,,,,,,,,,,
20140511,19,AQI,38,43,45,41,45,41,48,52,32,49,43,47,46,43,48,,37,41,42,38,45,37,41,34,38,41,37,43,44,44,44,42,47,51,39
20140511,20,PM2.5,17.2,11.7,18.1,18.1,20,22.4,18.6,22.5,16.2,22.3,10.2,29,7.8,13.1,16.1,,8.3,25,18.4,12.5,5.5,17.9,19,24.3,23.7,7.2,8.8,17.2,3.9,3.8,17.3,13.1,25,20.4,10.7
20140511,20,PM10,,,,,,,,,,,,,,,,,,,,,,,,43.3,,,,,,,,,,,
20140511,20,AQI,34,41,42,39,42,39,45,49,29,46,40,45,42,42,47,,35,39,39,36,41,35,38,33,36,38,35,41,41,39,42,40,45,41,37
20140511,21,PM2.5,16.7,17.4,17.5,23,24.8,20,25.2,29.6,17.4,26.7,19.4,34.8,16.1,24.5,20.7,,23.8,24.9,24.7,9.8,10.7,23.2,18.1,34,14.5,14.5,19.2,16.5,3,8.3,19,21.4,26.2,23.9,18.6
20140511,21,PM10,,,,,,,,,,,,,,,,,,,,,,,,22.4,,,,,,,,,,,
20140511,21,AQI,31,39,39,36,39,37,42,46,28,43,37,42,38,41,45,,36,37,37,34,38,33,36,31,33,36,34,39,39,35,39,38,41,41,35
20140511,22,PM2.5,18.4,22.3,20,23.9,25.7,20,29.1,23.9,17.7,27.7,17.3,33.6,14.1,24.9,15.7,,23.3,29.9,27.8,20.1,7.3,19.1,16.5,34.3,5.6,18.1,23.3,14.1,6.7,28.5,33.5,16,28.9,21.5,21.8
20140511,22,PM10,,,,,,,,,,,,,,,,,,,,,,,,18.5,,,,,,,,,,,
20140511,22,AQI,30,38,37,35,38,36,40,42,26,41,35,39,35,40,43,,35,34,34,33,35,29,33,29,30,35,33,38,37,34,38,36,40,40,34
20140511,23,PM2.5,24.1,18,21.3,17.6,20.1,17.9,33.7,33.1,14.9,23.5,31.3,36.2,19.5,25.3,17.4,,40.6,28.2,37.1,23.8,10.8,19.8,12.2,25.8,9.1,24.4,22.9,16.9,15.7,29.9,31.6,32.2,32,31.1,25.3
20140511,23,PM10,,,,,,,,,,,,,,,,,,,,,,,,30.1,,,,,,,,,,,
20140511,23,AQI,29,36,36,34,36,35,40,39,24,40,34,38,34,39,41,,33,33,32,32,33,27,31,29,29,34,30,37,35,33,37,36,39,39,33
