date,hour,type,dongsi,tiantan,guanyuan,wanshouxigong,aotizhongxing,nongzhanguan,wanliu,beibuxingqu,zhiwuyuan,fentaihuayuan,yungang,gucheng,fangshan,daxing,yizhuang,tongzhou,shunyi,changping,mengtougou,pinggu,huairou,miyun,yanqing,dingling,badaling,miyunshuiku,donggaocun,yongledian,yufa,liulihe,qianmeng,yongdingmengxi,xizhimengbei,nansanhuan,dongsihuan
20140828,0,SO2,19.7,5.3,16.4,3,6.5,20,10.4,3.9,8.6,19,6.6,12.9,4.1,20.1,18.1,37,30,7.9,5.1,4.1,5.5,7.5,6.8,4.2,14.4,5.4,17.2,14.5,2,2,13.1,20,20.6,9.4,13.5
20140828,0,NO2,100.2,92,90,90.7,128.4,109.3,159.4,35.1,63.3,152,137,163.4,80.2,87.4,77.9,142.2,68.8,58,71.8,18,31.9,38.6,72.7,20.3,117.8,4.8,28.4,58.8,14,46.1,156,139.2,105.2,135.9,173.5
20140828,0,O3,75.3,16.8,72.4,54.5,22.6,68.8,9.8,40.8,59.7,2,8.9,4.5,62.3,82.4,91.5,35.6,81.1,88.7,58,136.7,63.7,109,65.7,93.2,61.8,167,202.1,24.3,33.2,21.1,17.1,30.6,45.3,32.5,2
20140828,0,CO,1.2,1.2,1.1,1.2,1,1.3,1.1,0.7,4.9,1.5,1.4,1.3,1,1,1.2,1.3,1.3,1,0.8,0.6,0.9,0.7,0.7,0.6,1,0.6,0.7,1,0.6,0.7,1.5,1.4,1,1.2,2.2
20140828,1,SO2,21.2,4.9,16.6,4.3,6.5,19.4,10.4,5,9.1,15.5,6.5,13.2,3.8,19.5,17.6,25.2,,6.5,5.5,5,4.9,4.1,7.5,5.3,10.8,4.5,15.6,17.8,2,2,18.1,24.1,27.3,13.2,9.3
20140828,1,NO2,97,75.9,85.3,93.4,147.2,125.3,139.8,43.5,61.1,160,88.4,131.3,63.9,86.3,64.8,131.7,70.8,37,113.2,15.9,14.5,25.5,27.4,16.5,85.5,5.4,28.4,81.7,16.2,65.7,133,137.5,104.8,138.9,145.5
20140828,1,O3,69.9,29,83.7,53.5,13,48.8,14.3,32.7,59.2,2,42.4,22.3,70.1,77,90.1,31.1,32,104.4,8.7,140.5,71,123.7,108,103.8,79.4,145.8,180.7,6.3,48.7,2.4,30.2,27.4,52.9,25.3,2
20140828,1,CO,1.3,1.2,1.1,2,1,1.3,1.1,0.7,3.3,1.3,1,1.2,1,0.9,1.2,1.3,1.1,0.8,0.9,0.6,0.8,0.7,0.6,0.6,1,0.6,0.7,1.1,0.7,0.7,1.4,1.4,0.9,1.5,2
20140828,2,SO2,23.2,10.7,18.3,2.3,6.8,21.5,,5.7,13,16.1,4.8,11.6,2.5,24.5,15.6,19.5,,7.2,6.8,4.7,5.4,2.3,8.1,5.7,11.8,4.5,17.8,21.7,2,2.4,17.6,22.7,16.3,10.7,9.4
20140828,2,NO2,80.5,93.3,66.6,126.7,124.6,70.1,141.6,57.5,39.4,162.2,67,81.7,83.6,60.1,63.2,128,36,58.3,47.7,14.2,21.6,44.1,18.4,41.5,54,5.9,30.3,82.2,22.6,67.2,143.9,152.1,76.8,149.2,121.4
20140828,2,O3,62.7,33.7,103.4,19.3,40.5,105.7,14.6,24.8,94.4,2,62.5,70.3,31.3,102.1,79.2,22.7,40.8,86.1,97.5,139.3,67.2,84.2,114.8,71.4,108.8,136.3,165.6,2.8,27.8,2,17,9.8,86.7,15,2
20140828,2,CO,1.2,1.3,1,1.7,0.8,1.1,1,0.7,2.2,1.1,1,1.1,1.1,0.9,1.1,1.2,,0.8,0.8,0.6,0.8,0.6,0.6,0.6,1,0.6,0.7,1.2,0.7,0.7,1.5,1.5,0.8,1.3,1.8
20140828,3,SO2,25.8,8,18,5.3,7.7,25.6,12.8,6.4,13.6,13.5,3.4,7.4,2,20.9,16,19.8,4.5,2.9,3.6,5.3,4.2,2,6,5.2,10.3,3.9,26,16.6,2,2.3,19.5,23.4,20.9,12.5,8.1
20140828,3,NO2,89.9,84.2,69.4,95.6,111.8,59.9,124.7,40.2,8.5,102.7,75.2,10.5,43,56.1,51.8,148,27.6,23.6,8.7,15.2,15.2,27.4,18.8,62.4,23.4,5.4,33.6,75.8,17.4,65.3,124.2,116.3,76,126.4,146.3
20140828,3,O3,46.6,28.4,81.1,52.2,37.5,109.5,10.3,46.3,175.6,40.4,53,167.9,91.4,78.9,88,2,,151.8,155.9,132.7,94.4,97.1,123.5,41.7,156,134.4,154.5,2,16.2,2,29.6,34.1,68.5,33.1,2
20140828,3,CO,0.9,1.1,1,1.2,0.8,1,0.8,0.6,0.5,0.9,0.9,0.6,0.8,0.9,1,1.3,,0.6,0.6,0.6,0.7,0.6,0.6,0.6,0.8,0.5,0.8,1.1,0.7,0.8,1.1,1.1,0.8,1,1.5
20140828,4,SO2,19.5,6.7,12.1,2.8,7.5,16.5,13.9,5.1,9.6,7.7,2.3,4.7,2,11.3,15,21.2,5,2.1,2,9,4,2,2,3.1,3.1,3.6,23.8,50.6,2,2.4,17.6,21.1,22.2,11.8,7.5
20140828,4,NO2,123.1,75.7,111.1,54.1,128.6,130.8,106.1,32.5,6.3,59.8,47.1,10,14.9,68.1,67.3,116.3,,30.9,5.9,15.3,17.9,21.1,3.2,20.3,20.2,2.9,32.6,76.7,33.6,64,109.6,86.7,114.8,128.4,143
20140828,4,O3,17.9,19.8,29.3,94.2,6,20.2,,,151.1,92.4,74.4,157.6,119.2,48,52.8,3.4,,122.8,151.1,145.5,80.5,105.1,136,127.1,150.6,145.8,151.6,,8.7,,22.1,45.1,13.3,32.5,2
20140828,4,CO,1,1,1.1,0.9,1.3,1.3,0.8,0.7,0.6,0.7,0.7,0.6,0.7,1,1.1,1.3,0.5,0.6,0.6,0.7,0.7,0.6,0.5,0.5,0.6,0.5,0.8,1.2,0.8,0.8,1,0.9,0.9,0.8,1.5
20140828,5,SO2,20,18.1,13.5,4.7,7.1,13.5,12.9,5.4,7.1,10.5,2,5,2,9.7,8.6,16.9,2.9,2,2,9.8,3.8,5.8,2,2.3,3.6,2.9,26.1,23.3,2,2.1,16.4,20.1,17.7,9.3,9.4
20140828,5,NO2,99.9,120.5,87.1,122.8,67.9,115,40.3,22.1,27,92.5,18.2,17,,56.5,96.5,108.4,,32.8,10.6,13.8,22.4,37.1,6.3,20,35,,33.9,74.7,24.4,48,122.7,136.5,76.2,122.4,126.6
20140828,5,O3,30.4,6.5,51.7,16.2,66.2,15.8,91.9,69.4,99.4,36.5,111.8,144.5,99.7,75.1,13.9,2,36.3,117.5,141.8,153.4,64.1,86.4,124.3,104.4,120,124.5,141.7,2,2,2.1,10.4,3.2,49.7,24.5,2.3
20140828,5,CO,1.2,1.3,1,1.2,1.2,1.1,0.6,0.6,1.9,0.9,0.6,0.6,0.7,0.9,1.2,1.5,0.5,0.6,0.6,0.7,0.8,0.7,0.4,0.5,0.6,0.6,0.9,1.3,0.8,0.7,1.2,1.3,0.8,1.1,1.2
20140828,6,SO2,11,16.2,6.6,4.3,3.5,10.2,9.7,4.4,6.9,13,2,5.5,2,10,9.4,12.6,3.1,2,3.2,11.6,4.1,2.7,2,2.6,2.5,3.2,23.6,23.7,2,2.3,11.5,20.9,12.8,10.9,8.6
20140828,6,NO2,45.2,68.7,57,60.3,50.5,109.8,48.1,24,25.9,72.3,25.5,13,36.2,99.4,118,101.9,36.1,40.6,8.5,16.1,17.1,35.9,9,22,10.5,4.9,35.6,71.9,23.6,45,56.1,94,44.8,111.7,128.4
20140828,6,O3,91.8,57,78.6,80.7,87.4,10.9,73.4,86.3,95.4,56.3,106.3,150.5,91.3,29.2,2,5.9,64.5,105.1,145.7,151.1,67.3,79.5,106.8,84.5,145.5,110.3,136.3,2,2,8,80.8,35.4,82.5,34.2,2
20140828,6,CO,0.8,1,0.8,0.9,0.9,1,0.6,0.5,1.1,0.9,0.6,0.6,0.7,1,1.5,1.3,0.7,0.6,0.6,0.9,0.8,0.6,0.4,0.6,0.5,0.5,1.1,1.4,0.8,0.7,0.9,1.1,0.6,1.1,1.2
20140828,7,SO2,7.1,7.8,3.2,2,3,8.5,7.7,4.4,6.7,6.1,2.5,4.5,2,10.7,11.7,10.9,2.3,2,2.5,12.5,3.5,2.7,2,2.5,2,3.6,22.7,17.9,2,3,5.4,10.6,2,11.8,8.6
20140828,7,NO2,44.4,56.9,59.5,47.1,45.2,82.2,71.8,23.2,20.3,57,30.4,13.2,29.1,115.8,104.4,101,38.9,36.4,8.9,20.7,26.2,81.4,4.8,13.2,24,7.1,31.4,66.9,38.2,57.9,45.5,88.3,72.6,128.2,100.3
20140828,7,O3,93,78.9,71.1,91.9,84.1,43.1,44.8,84.5,110.8,89.3,105.8,151.3,113.3,14.5,3.2,5.2,62.5,113.4,142.5,143.1,46.2,32.6,115.6,127.4,107.2,97.4,132.8,2,2,2,90,46.1,50.7,20.6,21.9
20140828,7,CO,0.8,0.8,0.8,0.8,0.4,0.9,0.6,0.5,0.6,0.7,0.8,0.6,0.8,1.2,1.6,1.3,0.7,0.6,0.6,1.1,0.9,0.7,0.5,0.4,0.6,0.5,1.5,1.4,0.8,0.7,0.7,0.8,0.6,1,1.2
20140828,8,SO2,5.9,5.9,3.3,2,3.1,5.6,6.8,3.5,11.1,7.3,2.4,5.5,2.1,7.6,12,10.4,4.5,2,4,14.9,4.7,2.8,2,2,2,3.9,46.2,16,2.8,2.6,2.9,7.5,2,11.3,5
20140828,8,NO2,49,73.6,84.4,58.6,49,45.7,100.6,28.2,13.8,57,21.4,18.2,19.3,55.3,105.8,83,79.7,39.6,10.3,28.2,18.4,68.7,22.2,8.7,32.1,6.9,40.5,61.8,50.6,44,56,102.1,82.4,146.7,81.8
20140828,8,O3,92.4,58.5,49.5,80.9,93.6,99.4,18.8,56.2,149.9,102.9,106.2,152.4,130.2,89.7,8.9,20.2,29.2,97.2,139.9,125.8,75.4,42,89.3,146.4,107,95.3,116.6,4.9,22.5,2,78.1,27.8,46.9,6.2,50.9
20140828,8,CO,0.8,0.8,0.9,0.8,0.5,0.7,0.7,0.5,0.6,0.8,0.7,0.6,0.7,0.8,1.5,1.5,0.9,0.6,0.6,1.5,0.8,0.7,0.5,0.5,0.6,0.6,2.8,1.3,0.8,0.8,0.7,0.9,0.7,1.1,0.8
20140828,9,SO2,6.7,7,4.5,2,4,5.4,7.4,3.7,14.1,12.3,2.2,7.5,4.7,8.1,7.4,20.1,8.2,2,4.3,13.6,4.8,3.9,2,2,2.3,3.6,37.7,17,2.9,2.5,5,7.7,10,10.7,6
20140828,9,NO2,45.5,67.1,69,71.9,37.6,40.9,56.5,22.1,12,66.9,26,23.3,25.3,56.9,78.3,91.6,77.2,55.2,17.1,49.4,11.9,69,24.8,10.9,50,4.8,52.2,64.4,61.6,46.9,50.8,99.3,75.2,153.6,56.2
20140828,9,O3,104.6,78.6,76.4,73.2,119.1,117.3,80.5,70.4,157.9,95.2,98.6,140.7,128.5,96.6,63.6,25.2,42.9,81,125.4,86.7,120.1,49.5,95.4,126.1,91.8,95.6,89.6,10.7,15,3.3,93.9,42.3,72.3,6.8,91.1
20140828,9,CO,0.8,0.8,0.9,0.9,0.5,0.7,0.6,0.6,0.5,0.9,0.7,0.6,0.7,0.8,0.9,2.3,1.3,0.7,0.6,1.5,0.6,0.8,0.6,0.5,0.7,0.7,2.3,1.3,0.8,0.8,0.7,0.9,0.8,1.3,0.7
20140828,10,SO2,8.7,7.4,5.8,2,4.1,7,7.6,3.3,7.8,11,6,5.1,4.7,12.3,5.6,37,7.7,2,2,11.7,5.8,6.3,2,2.7,2,5,13,20.3,3.1,2.2,5.4,8.2,9.3,9,2.8
20140828,10,NO2,37.8,72.5,57.7,55.6,38.8,31.7,60.9,27.7,15.3,68.1,12.2,31.5,25,73,87.2,90.4,66.9,43.7,31.9,51.1,,67.6,23.9,11.2,52.2,4.4,46,62,77.8,43.1,56.2,99.5,70.2,154.9,50.2
20140828,10,O3,117.5,77.6,93.6,105.6,115.4,136.7,74.3,52.6,125.2,85.9,134.2,118.8,123.3,90,57.6,42.9,55.3,85.4,91.5,87.8,144.5,48.6,91.7,123.3,76.7,118.8,97.6,21.4,2.1,28.7,94.6,48.7,75.4,18.9,94.3
20140828,10,CO,0.8,1,0.9,0.9,0.5,0.7,0.6,0.7,0.6,0.8,0.7,0.7,0.7,0.8,1,3.4,1.4,0.7,0.6,1.1,0.6,0.9,0.6,0.5,0.7,0.7,0.9,1.5,1.1,0.8,0.8,0.9,0.7,1.2,0.7
20140828,11,SO2,9.8,10.1,,2.7,,8.3,9,4.4,7.1,12.9,6.3,7.7,4.6,12.4,5.1,52.1,7.9,2,4.9,14.2,,5.3,2.1,3.6,,6.8,21,32.1,5.5,3.2,7.8,10.1,14.7,8.5,2
20140828,11,NO2,39.7,60.7,57.7,53.5,44,40.1,59.6,43,30.2,40,22.9,28.9,24.5,56.4,73,94.9,64.1,47,27.4,46.5,,48.7,27.5,11.6,35.6,4.6,43.7,64.8,24.5,28.5,49.3,85.9,75.5,151.1,49.5
20140828,11,O3,112.3,91.2,89.4,111.4,101,121.5,73.3,48.1,91.4,121.1,114,126.5,114.6,94.7,82.3,55.5,63.6,86.9,108,107.1,,78.4,82.9,114.4,81.1,129.6,115,29.3,96,66.4,99.7,59.5,70.4,26.5,93.9
20140828,11,CO,0.8,0.9,0.9,0.9,0.5,0.7,0.6,0.6,0.7,0.8,0.8,0.7,0.7,0.7,0.9,4.8,2.5,0.7,0.6,1.1,,0.8,0.6,0.5,0.6,0.7,1.2,2.7,0.6,0.7,0.8,0.9,0.8,1.2,0.7
20140828,12,SO2,13.1,12.1,8.6,5.1,,9.9,13.9,7.8,11.8,15.9,9,12.1,6.5,14.6,6.8,60.9,6.2,4.9,9.1,14.5,,6.1,2,4.8,,5.5,22.9,47.3,6.7,9.1,10.9,13.8,12.8,10.8,2
20140828,12,NO2,45,47.9,53.5,52.8,58.3,44.2,61.1,25.2,33.6,33.5,26.8,32,30.5,62.1,67.8,99.1,56.7,55.6,21.5,52.1,,53.1,20.4,14.5,38.7,5.9,40.8,64.9,19.9,11,59.4,75.5,75.3,132,47.9
20140828,12,O3,115.8,110.2,113.2,116.4,92.4,116.3,80.9,83.3,124.1,139.9,122.9,136.2,114.8,96.5,89.1,65.2,86.6,85.9,128.3,93.9,,80.6,75.8,107.7,62.8,129.2,125,41.3,107.4,124.5,99.6,81.6,82.1,40.7,104.6
20140828,12,CO,0.9,0.9,1,0.9,0.7,0.8,0.7,0.5,0.6,0.8,0.8,0.7,0.8,0.8,0.9,4.7,1.3,0.7,0.6,1.2,,0.8,0.6,0.5,0.6,0.8,1.3,3.9,0.6,0.5,1,0.8,0.8,1.1,0.6
20140828,13,SO2,16.4,15.5,11.3,9,9.9,15.9,18.3,10.5,15.5,14.9,10.1,14.4,6.5,15.4,11.5,33.1,5.3,6.2,10.8,15.4,,12.8,2.8,8.7,12,8.1,19.9,51,8.5,6.7,14.8,17.2,14.7,17.1,9.4
20140828,13,NO2,35.7,33,45.2,40.3,31.8,31.1,53.5,25.9,31.3,26.2,22.2,28.2,30.2,32.5,42,78.2,44,36,26,49.8,,34.4,19.9,7.9,27.7,5.4,42.2,61.6,10.3,9.9,71.8,65,73.9,131.1,43
20140828,13,O3,138.9,141.8,130.6,143.5,108.5,158.7,106.1,101.4,144.6,159.2,148.6,163.5,134.4,146.2,141.9,101.6,131.9,107,151.9,107.9,,119.6,89.2,135.1,95.2,140.6,121.4,58.7,134.7,122.7,104.8,99.9,92.4,54.8,132.3
20140828,13,CO,0.9,0.8,0.9,1,,0.8,0.7,0.6,0.6,0.8,0.8,0.7,0.8,0.8,0.8,1.5,1.1,0.7,0.7,1.5,,0.8,0.6,0.5,,0.7,1.3,4.4,0.6,0.6,1,0.8,0.9,1.2,0.6
20140828,14,SO2,15.1,14.8,10.8,7.3,7.3,15,20.4,11.9,16.3,11,3.7,9.1,4.4,11.5,10.9,41.6,7.2,9.1,7.2,37.2,,15,4.9,12.2,13.3,7.4,23.8,49.7,7.3,5.7,14.6,16.3,14.5,15.4,5.2
20140828,14,NO2,34.3,32.5,29,26,16.6,36.2,46.1,24.5,23.6,25.1,14,24.7,25.2,19.2,40.5,72.9,32.6,23.2,21.5,31.2,,27.3,13.5,7.9,27.8,3,47.2,56.6,5.8,12.3,73.1,50.9,60.2,114.4,46.1
20140828,14,O3,146.3,145.4,156.3,164.1,136.3,161.4,127.8,119.3,180.7,158.8,123.4,160.9,123.4,158.1,153.8,144.9,166.1,141.3,162.3,162.3,,147.2,97.4,151,118.6,158.6,129.8,83.5,146.6,114.7,113.5,124.9,120.8,79.5,136.8
20140828,14,CO,0.9,0.8,0.8,1,,0.9,0.6,0.6,0.6,0.8,0.7,0.7,0.8,0.7,0.8,1.8,1,0.6,0.7,2.5,,0.9,0.5,0.5,,0.7,1.4,4.4,0.7,0.5,0.9,0.8,0.8,1.1,0.5
20140828,15,SO2,14.2,12.8,7.9,3.5,7.7,13.5,14.7,10.1,14.3,7.3,2.6,7.1,2,7.2,9.9,32.2,11.5,9.5,6.3,38.9,,18.9,8.2,11.9,12.1,12,33.9,47.6,8.4,5.2,12.5,13.8,12.6,11.8,6.2
20140828,15,NO2,23,17,35,38.9,21.5,34.9,39.3,28.1,17.6,28.3,13.3,23,25.5,21.7,33.1,63.7,29.9,32.3,16,29.5,,27.9,12.4,17.8,33,2.1,44.7,48.7,19.2,14.7,56.7,37.4,59.9,122.2,47.9
20140828,15,O3,162.3,158.5,148.4,137.4,,165.6,126.1,113.7,182.6,135.6,127.8,155.4,107.4,132.8,170.6,161.5,177.6,157,151.9,197.2,,175.9,114,163.3,,190,163.3,109,146.6,107.5,125.4,127,110.4,59.8,135.9
20140828,15,CO,0.8,0.9,0.9,1,0.3,0.9,0.6,0.6,0.5,0.7,0.8,0.7,0.8,0.7,0.8,1.4,0.9,0.7,0.7,2.4,,1.2,0.5,0.6,0.8,0.8,1.9,4.1,0.7,0.5,0.9,0.8,0.8,1.2,0.6
20140828,16,SO2,12.1,6.7,7.8,2,11.8,9.6,14.2,11.4,14.1,5.6,2,7,2,7.1,6.6,24.8,13.3,11.1,5,35.6,,32.7,7.2,11.9,9.4,19,30.3,43.4,6.4,5.4,7.5,8.8,8.2,6.8,4.9
20140828,16,NO2,31.6,23.6,38.8,47.4,,32.5,50,30.8,12.5,47.5,13.6,23.1,27.8,40.9,33.3,56.6,29.5,34.9,16.7,34,,25.7,17.3,23.7,,3.1,43.9,43.4,10.1,15.3,72.8,80.2,94.6,117.2,59.3
20140828,16,O3,144.9,119.1,132.4,105.8,,152.9,113.1,123.8,173.3,108.8,102,146.2,105.6,113.9,151.4,162.7,183.3,180.9,142.1,207.5,,207.1,126.1,185.5,,214.1,179.3,123.8,149.6,106.1,89.1,66.9,71.5,40.2,116.5
20140828,16,CO,0.9,0.9,0.9,1,0.5,0.9,0.7,0.6,0.5,0.9,0.7,0.7,0.8,0.8,0.8,1,0.9,0.8,0.6,2.3,,2,0.6,0.7,0.8,1,1.9,3.8,0.7,0.5,1,0.9,1.1,1.2,0.8
20140828,17,SO2,9.5,4.7,4.5,2,10.1,7,13,10.7,12.2,4.8,2,4.5,2,7.6,5.7,28,14.2,8.9,4.5,32.3,,30.2,5.7,9.6,6.9,26,25.3,37.5,3.4,3.8,7,7.1,2,7.3,2
20140828,17,NO2,43.3,34.9,56.5,50.9,,39.1,47.1,26,15.6,31.2,13,20.1,23.9,31.1,48.5,85.3,40.1,33.7,18.5,34.6,,32.1,25,24.6,,6,42.2,42,12.5,13.6,76.7,75.2,71.3,138.4,153.3
20140828,17,O3,125.9,86.9,107.6,104.3,123.5,139.4,104.5,125.5,165.3,116,87.6,138.1,107,122.8,121.3,136.4,177.1,183.2,137.1,201.9,,206.7,127.5,180.2,82.3,233.1,174.2,119.7,107.5,96.6,82.7,62.9,88.1,25.3,43.1
20140828,17,CO,1,1,1,1,0.7,0.9,0.6,0.6,0.4,0.8,0.7,0.7,0.7,0.8,0.9,1.4,1.6,0.8,0.6,2.3,,2,0.6,0.7,0.8,1.4,2.1,3.5,0.6,0.5,1.1,1,0.9,1.3,1.6
20140828,18,SO2,9.3,4.4,3.7,2,5.7,7.6,9.3,15.1,13.7,4,2,4.9,2,7.4,7.1,36.9,13.1,8.1,4.3,31.1,,32.1,2.9,8,6.9,30.7,20,32.3,2,3.2,6.9,7.7,11.6,7.5,2
20140828,18,NO2,44.8,43,73.1,41.9,40.7,63.3,71.7,22.4,15.5,55.9,15,44.5,52.3,39.2,71.1,77.9,45.4,46.2,45.2,38.6,,32.6,30.8,31.8,109.3,6.9,40.6,40.8,27.9,13.3,78.4,86.8,82.3,139.7,153.3
20140828,18,O3,120.7,71.7,84.5,117.6,126.8,122.6,61.8,131.3,166.2,82.9,94.8,112.8,81.3,114.1,114.8,146.1,164.9,162.5,109.4,189.4,,211,105.8,166.2,32.8,233,145.2,109,54.4,79.3,84.8,60.6,72.9,28.3,41.6
20140828,18,CO,1,0.9,1.1,0.9,0.6,1.1,0.8,0.6,0.5,0.8,0.7,0.8,0.8,0.8,1,2.1,2.3,0.8,0.7,2.2,,2.2,0.6,0.7,0.9,1.8,2.2,3.5,0.7,0.4,1.1,1,1.2,1.3,1.8
20140828,19,SO2,9.5,3.7,3.5,2,2.9,8.6,4.7,13.1,9.4,4.5,2,5,2,5.8,7.2,30.4,10.7,6,4.3,25.4,,27.1,2,2,2.9,29.8,20,27.4,2,2.2,7.1,7.9,13,10,5.6
20140828,19,NO2,69.1,39.1,88.5,49.9,87,72,117.6,24.6,20,66.8,29.6,41.3,59,67.6,88.4,91.6,64.3,43.6,49.1,38.4,,41.4,10.9,27.3,70.5,7.2,38.1,41,29.8,17.2,93.4,82.1,102.9,157.3,161.2
20140828,19,O3,100.7,63.6,67.5,102.5,64,113.4,16,116.5,136.5,69.4,105.3,115.5,75.2,75.1,89.9,107.5,133.2,129.4,102.5,167.2,,182.1,125.8,121.1,63.7,234.3,163.4,91.7,29.6,41.4,74.3,61.7,51.6,12.1,31.4
20140828,19,CO,1.3,0.9,1.2,1,0.9,1.2,1,0.6,0.6,0.9,0.7,0.9,0.9,0.9,1.1,2.7,2.6,0.9,0.8,2,,2.2,0.6,0.8,0.9,1.8,1.8,3.5,0.8,0.4,1.1,1.1,1.2,1.3,1.8
20140828,20,SO2,7.2,2,2,2,2,7.8,5.1,6,6.8,4.3,2,3.6,2,6.9,6.6,25.3,3.3,2,4.4,11.9,,15,2,2,2,19.5,13.4,21,2,2,5,7.2,12.9,8.2,4.7
20140828,20,NO2,80.5,63.9,83.6,61.5,114,86.7,121.6,31.1,25.1,105.2,30.2,56,74.4,91.7,106.9,173.1,50,34.9,62.8,15.1,,39.8,16.6,23,29.6,5.8,24,40.5,31.4,24.5,106.6,90.4,103.9,154.3,127.7
20140828,20,O3,82.6,39,44,80.4,35.2,84.9,7.3,82.3,103.4,25.8,88.8,82.5,49.9,52,53.7,24.4,112.2,113.2,81.8,164.1,,146.5,118.5,104.9,110.9,201.7,170.6,68.8,24.7,26.1,51.9,48.6,37.9,3.7,31.9
20140828,20,CO,1.4,1,1.3,1.1,1.1,1.3,1,0.6,0.8,1.1,0.8,0.9,1,1,1.2,2.8,1.8,0.8,0.8,1.1,,1.9,0.6,0.7,0.8,1.9,0.8,3.4,0.8,0.4,1.5,1.1,1.1,1.4,1.4
20140828,21,SO2,6.5,2,2,2,2.5,2,6.4,4,6.7,4,2,3.8,2,2,2,14.4,2,2,3.7,8.4,,3.6,2,2,2,2,8.4,16.5,2,2,2,5.6,16.3,6.2,3.7
20140828,21,NO2,91.8,90.5,86.3,74.3,105.3,91.3,109.5,35.5,29.9,90.9,36.6,80,74.9,74.3,40.6,119.3,14.1,31.7,57.3,13.8,,13,12.9,14.2,53,2,21.3,35,30.5,30,118.5,124.4,111,157.3,124.1
20140828,21,O3,68.2,19.4,33,45.1,52.4,57.1,15.9,72.1,92.3,27.3,69.6,48.8,31.4,32,119.5,66.7,164.9,108.1,77.1,160.1,,170.7,114.1,119.2,80.2,184.4,154.3,69.9,12.6,22.3,31.1,6.8,28.9,2,33.6
20140828,21,CO,1.7,1.4,1.4,1.2,1.3,1.5,1,0.7,0.9,1,0.8,0.9,1,1.1,1.2,1.9,1,0.8,0.8,1,,0.4,0.6,0.7,0.8,1.1,0.6,2.4,0.7,0.5,1.5,1.6,1.2,1.6,1.6
20140828,22,SO2,8.9,5.5,2,2,2.7,3.3,7.1,7.4,10.4,4.6,2,4.4,2,2.3,2,4.7,2,3.4,3.6,4.8,,2,2,5.8,2,2,3.8,10.5,2,2,4.9,6.5,13,3.4,2.7
20140828,22,NO2,40.5,52.4,55.7,61.8,43.2,36.2,53.2,28.2,32.6,84.9,65,78.3,87.9,114.2,43.3,64.2,15.1,21.2,53.9,13.9,,13.8,20,9.4,31.6,2,24.1,26.2,22.8,35,68.4,77.4,55.3,124,106.3
20140828,22,O3,116.4,93.7,92.5,89.8,121.9,123.5,86.1,111.6,125.7,41.7,31.6,63.7,13.1,11.7,102.7,128.1,150.1,146.7,78,153.3,,154.2,88.9,155.9,89.5,182,147.5,89.8,20,5.8,87.3,49.4,94,32.1,59.9
20140828,22,CO,1.3,1.2,1.3,1.3,1,1.2,0.9,0.8,0.8,1.2,1,1.1,1.2,1.3,1.2,,1,0.8,0.8,1.2,,0.2,0.6,0.7,0.8,1,0.9,1.6,0.7,0.5,1.3,1.3,1.1,1.4,1.2
20140828,23,SO2,8.2,4.4,2.5,2,2.6,3.4,7.2,7.2,8.3,2,2,5.1,2,4.1,2.1,3.9,2,2.1,4.3,2.9,,2,2,4.3,2,2,2,9.1,2,2.7,3.6,7.2,15.2,2.9,2
20140828,23,NO2,42.7,31.5,40.1,33,48.6,37.2,39.5,20.9,17.8,43.3,33,32.5,76.3,42.3,24.7,62.8,12.2,17.4,25.7,14,,6,22.7,8.3,80.8,2,21.8,17,14.8,56.2,61.6,51.1,56.3,88.6,89.1
20140828,23,O3,108.9,108.6,103.4,118.3,108.1,118.6,101.3,114.4,151.9,79.2,90.9,117.4,30,97.5,135.2,107.9,132.4,140.5,123.3,139.9,,149.3,85.9,147.8,37.4,176.5,143.2,78.5,74,3.5,85.8,70.9,85.5,55,60.1
20140828,23,CO,1.4,1.3,1.3,1.3,1.4,1.2,0.9,0.8,0.8,1.3,1.1,1,1.3,1.2,1.2,,1.1,0.8,0.9,1.1,,0.2,0.6,0.7,0.9,1,0.7,1.3,1,0.6,1.4,1.4,1.2,1.6,0.9
20140828,0,PM2.5,99.2,106.8,103.6,107,104.8,83.6,102.1,78.2,84.6,125.7,123.9,119.5,97.4,95.4,95.1,106.7,92,95.8,79.3,52.3,83.4,54.3,82.4,76.4,77.2,39.6,48.7,78.7,88.4,96.5,115.5,101.8,,112.6,95.2
20140828,0,PM10,175.9,146.7,159.2,154.5,244.4,182.2,210,121.9,142.7,266.1,220.1,280.3,180.6,142.5,155.4,197.9,156,144.8,200.3,71.1,147.5,110.1,124.6,121.9,110.6,65,77.2,93.3,131.6,176.7,179,143.1,194.8,192,214.7
20140828,0,AQI,93,76,81,97,90,85,93,71,66,91,73,101,89,88,94,98,67,68,71,59,68,56,63,63,59,59,102,90,86,90,82,87,92,106,103
20140828,1,PM2.5,103.3,97.9,104.5,113.3,113.4,86.2,104.5,84.6,101.1,121.7,116.1,129.6,113.6,99.6,110.5,110.9,97.6,83.9,88.8,48.3,82.8,49.2,77.6,72.9,78,42.2,44.3,92.4,103.2,113.9,114.1,114.3,,120.8,99.4
20140828,1,PM10,189.4,118.6,174.3,169.4,316.9,173.2,198.6,109.4,156.6,189.4,167.5,284.6,178.4,168.8,162.2,203.5,197.6,115.6,268.4,62.3,131,65.5,80.8,117.5,102.7,64.9,83.3,136.3,140.3,275.7,168.2,178.4,182.8,226.9,212.2
20140828,1,AQI,93,79,82,98,94,86,93,72,70,92,75,107,92,89,95,99,68,69,76,59,70,57,64,65,59,49,76,92,88,94,85,88,93,106,103
20140828,2,PM2.5,113,111.5,108.6,116.6,113.7,86.7,106.1,88.8,103.6,129.1,109,117.6,94.8,103.7,121.8,115.5,87.7,80.5,76.2,47.2,80.8,45,76,79.1,73.1,38.3,51.9,97.4,112.3,117.8,122.4,126.1,,114.9,105.2
20140828,2,PM10,189.6,138.7,164,183.6,308.2,151.9,228.4,116.5,142,227.7,158.5,199.9,203.2,134.7,178.1,215.2,196.8,127.8,157.4,58.5,114.4,63.1,97.2,122.8,107.2,57.9,85.2,118.4,153.6,224.3,174.5,175.2,174.6,191.9,199.7
20140828,2,AQI,94,83,84,98,97,86,96,73,74,93,77,109,95,90,98,100,71,72,78,60,72,57,65,67,61,51,61,95,90,96,89,89,93,105,101
20140828,3,PM2.5,120.7,116.9,111.3,113.3,113.6,91.7,115.5,91.2,77.5,114.9,96.6,58.8,77.4,117.4,123.9,123.9,67.8,51.7,48.4,50.5,65.3,38.8,81.7,82.1,69.4,34.6,55,99.9,112.2,118,128.3,121,,118.6,115.3
20140828,3,PM10,201.1,175.1,179.9,176.4,244,146.1,161.1,129.2,,156.6,162,,157.3,182,158,184.5,74.9,69,72,60.7,99.9,41.1,100,131.5,70.4,55.9,92,127.3,137.2,203.1,178.9,171.1,195,214.8,259.1
20140828,3,AQI,95,86,88,97,98,86,97,75,77,94,81,109,97,92,100,101,72,72,79,61,72,58,66,69,62,51,62,97,93,99,92,91,94,104,100
20140828,4,PM2.5,115.7,104.1,106.9,97.1,104.9,97.1,93.5,90.7,72.1,61.4,81.7,46.4,66.6,125.6,143.9,122.1,70.9,51.8,43.2,47.8,71.4,33.9,57.2,64.4,41,39,56.4,110.9,116.9,120.1,130.5,118.2,,109,115.7
20140828,4,PM10,197.8,138,132,130.3,196.9,203.5,106.4,136.1,73.8,63.2,113.3,,78.3,208.5,183.5,162,109.2,51.9,50.8,62.6,116.2,39.7,,91.6,64.6,62.1,97.7,147.4,145.8,211.1,192.5,172.2,191.2,221.3,254
20140828,4,AQI,95,89,91,97,100,85,97,77,81,92,84,111,98,94,103,103,73,73,80,62,74,57,66,71,63,52,62,100,97,102,96,95,94,105,100
20140828,5,PM2.5,102.7,102.5,94.3,97.7,85.8,87.5,70.3,74,76.1,73,53.2,51.1,48.3,90.8,152.6,121.6,73.9,50.8,42.3,48.2,78.3,36,52.3,65.4,52.3,45.3,65.8,123.1,120.3,115.8,110,106.2,,93.1,101.3
20140828,5,PM10,169.7,158.7,121.3,168.4,145.9,168.9,106.2,76,79.9,101.3,56.6,52.7,84.4,,211.4,179.6,98.1,64.1,47.7,64.5,120.2,52,,77.8,,67.6,108.1,152.1,152.3,197.2,165.2,143.8,159.3,180.4,184.1
20140828,5,AQI,95,92,93,97,100,85,96,80,83,93,87,108,97,97,107,104,75,74,80,63,76,58,67,72,65,53,64,103,102,103,99,97,94,105,98
20140828,6,PM2.5,71.2,85.1,80.2,79.1,68.5,86.3,63.9,46.5,78.6,77.4,56.2,48.8,56.8,82.6,133.7,132,61.6,55.3,41.9,53,78.9,38.3,43,71,26.9,38.2,95,137.4,118.6,109,86.1,90.5,,93,94.1
20140828,6,PM10,90.4,122.6,109.6,122.3,106.9,150.9,122.7,,,130.7,78.3,,92.9,148.2,189.9,205.1,80.6,60.6,50.2,74.3,100,59,58.7,97.2,39.5,53.7,149.7,168.6,143.8,167.6,98.5,109.9,118.4,153.8,179
20140828,6,AQI,96,94,95,98,101,86,96,81,86,95,88,110,96,100,110,109,77,75,81,64,77,58,68,74,65,54,65,107,107,103,101,99,95,106,99
20140828,7,PM2.5,62.8,66.2,68.6,63.8,59.4,78.7,63,43.3,82.5,56.7,73.1,42.2,48.2,101.3,123.2,157.7,57.5,49.4,44.3,47.7,76.7,42.4,46,53.4,39.9,37.4,117.7,135.3,128.2,111.5,68,70.1,,78.3,85.6
20140828,7,PM10,102.5,95,88.9,115.8,78.2,122.9,121.2,70,,71.3,107.9,69.4,86.5,146.8,193.7,230.5,61.1,55.5,58.8,91,139.6,75.5,,,45.3,52.8,136.1,172.2,169,177.8,81.5,97.6,91.3,151.5,146.6
20140828,7,AQI,96,96,96,99,101,87,96,82,89,95,91,111,95,102,114,114,80,77,81,65,79,59,69,75,66,54,67,110,111,106,104,101,94,107,99
20140828,8,PM2.5,57,61.5,70.1,69.4,56.2,54.2,73.8,55.3,62.6,56.7,68.2,53.5,43.7,62.8,125.4,193,65.8,48.4,46.2,61.5,75.3,38.8,44.2,56.9,39.3,39.4,111.4,150.8,112.4,110.9,64.5,66.9,,73.5,61.3
20140828,8,PM10,74.7,80.2,98.2,102.5,82.5,74.3,145.4,91.7,63.1,73.8,91.5,54,75,74.2,187.3,274.2,68.3,82.4,57.7,110.9,82.1,83,,89.3,41.1,64.9,,188.1,124.7,178.1,81,87.3,112.1,155.5,81.2
20140828,8,AQI,96,98,98,101,101,87,97,83,91,97,94,109,93,103,118,121,82,79,82,66,81,60,70,76,67,55,67,113,114,110,106,103,94,108,99
20140828,9,PM2.5,54.9,64.9,70.1,71.8,62.3,57.1,69.4,64.8,59.2,61.6,63.4,50.1,41,59.1,79.2,204.9,92.3,57.8,50.3,73.6,60.4,47.1,54.3,56.5,41.9,45.3,91.9,166.5,94.9,122.7,61.9,65,,73.4,63.4
20140828,9,PM10,97.4,79.6,84.1,102.6,95.2,99.1,80.6,,,,78.3,60.8,77.6,89.7,94.1,284.8,232.1,70.1,61.8,143.3,70.7,122.8,,,50.8,68.2,137.1,208.7,174,199.9,82.2,79.6,102.4,154.3,93.4
20140828,9,AQI,98,100,100,104,101,88,98,85,93,98,96,108,92,104,120,128,86,81,82,68,83,62,72,78,69,55,69,115,115,113,108,105,95,110,99
20140828,10,PM2.5,63,64.4,,70.3,62.2,55.5,66.7,56.1,57.1,55.8,55.9,52.3,33.7,61.4,78.2,217,109.2,52.5,50.7,81,55.2,54.4,49.4,55.5,56.7,45.7,70.9,204.9,116.9,118.5,70.5,68.9,,72.5,60.9
20140828,10,PM10,77.1,93.8,74.3,95.1,83.7,73.1,121.5,85.3,128.9,79.1,59.6,101.8,74.3,,135.3,273.6,160,62.8,66.4,121.7,65.7,110.9,,69,,71.4,91.8,222.5,219.3,153.5,89.8,85.8,93.5,129.1,79.1
20140828,10,AQI,100,103,103,106,101,89,100,87,94,100,98,108,91,105,121,136,90,82,83,70,85,63,73,80,71,56,71,121,117,117,110,106,95,112,100
20140828,11,PM2.5,58.5,71.2,33.7,68.3,63.2,60.6,68.9,64.3,66.3,59.2,63.9,56.6,37.9,59.8,70.3,224.4,143.3,65.2,48.1,79.8,,49.3,52.9,55.7,46.3,47.8,84.8,224.2,70.6,96.6,67.3,73.2,,69.9,56.9
20140828,11,PM10,91.6,78.2,73.2,96.7,93.7,84.8,90.5,,75.2,74.5,88.2,,62.6,99.9,109.3,264,257.9,,61.9,135.3,,82.3,,,53,75.7,123.2,251.1,,107.2,79.9,,108,124.6,70.7
20140828,11,AQI,102,105,103,108,102,91,102,88,96,101,99,110,90,105,122,144,96,84,82,72,,64,75,82,73,57,75,128,117,120,112,108,95,113,102
20140828,12,PM2.5,70.5,56.4,66.2,71,68.1,62.9,69.6,67.4,77,63.5,61,64.2,46.8,61.6,73.4,223.7,107.6,65,51.8,94.3,,51.6,53.7,54.1,61.6,44.4,94.5,221.3,61.6,67.7,75.1,69.5,76.1,71.3,57
20140828,12,PM10,74.9,81.8,,99.5,94.1,87,109.9,,,81.5,78.9,74.1,79,110.7,107.9,272.4,,,61.5,143.5,,98.2,,,,68.9,125.1,239.2,101.4,71.9,85.1,,102,103.2,70.6
20140828,12,AQI,103,105,104,109,103,92,103,90,98,102,101,109,89,105,123,153,100,85,82,75,,66,77,84,75,58,78,135,117,121,113,109,110,114,103
20140828,13,PM2.5,73.6,70.2,74.2,71.6,75,57,70.6,61.5,75,65.5,61.4,68.1,52.1,67.7,69.9,122.8,98.8,63.1,57.9,98.6,,56.3,64.5,57,55.3,46.9,98.3,206.4,68.4,66.1,84.5,74.4,79.1,78.1,59.6
20140828,13,PM10,86.4,73.8,75.3,94.8,95.1,72,,,,85.7,85.8,91.3,95,90.1,77,,137.5,64.2,73.2,140.1,,80.1,,,,76.6,135.7,227.9,84.9,,84.8,80.7,95.9,101.6,75.6
20140828,13,AQI,105,106,106,110,104,93,104,91,99,103,102,108,89,106,124,156,104,87,82,79,,66,79,85,76,59,83,143,117,122,114,110,109,116,104
20140828,14,PM2.5,73.1,75.3,74.3,70.5,79.1,66.7,66,59.6,70.6,68.8,57.6,75.5,49.1,66.3,73.8,143.1,102.7,59.8,59,101.6,,63.7,62.8,66.5,60.9,52.3,103,207.5,81,48,85.2,77.4,76.7,76.5,68.7
20140828,14,PM10,97.1,84.7,88.5,108,,86.5,109.1,,,102.4,88.6,139.1,74.4,101,87.2,162.1,,,66.9,138.8,,114.5,,,,70.8,135.2,212.9,112.5,65.2,95.9,,105.1,129.8,74.2
20140828,14,AQI,106,107,107,111,106,94,105,92,100,104,102,107,88,107,125,161,107,88,81,83,,68,81,86,78,60,87,152,119,121,116,112,109,117,105
20140828,15,PM2.5,71.2,76.3,77.7,71,79,71.2,76.8,67.1,88.7,60.5,62.3,76.4,44.3,54.3,81.9,135.3,89.6,71.5,53.7,96.5,,77.2,61.3,72.9,59.8,55.8,114,198.7,89.1,54.1,84.1,72.5,81.4,84.9,76.8
20140828,15,PM10,98.8,114.3,109.3,159.7,108.8,100.6,139.4,,,89.1,,135.6,91.2,80.8,83.2,,,82.2,54.7,145.8,,142.8,,,,82.2,151.4,,132.1,65.1,91.2,86.8,108.9,168.6,89
20140828,15,AQI,107,108,109,112,107,96,105,92,101,105,102,106,87,107,126,166,108,89,81,97,,70,82,88,79,88,91,161,121,120,118,113,109,119,106
20140828,16,PM2.5,84.7,76,71.4,77.9,78.3,74.5,71.5,73.9,74.4,70.3,46.9,70.7,46,64.8,78.1,110.2,88,76.7,43.1,107.8,,123.2,65.8,72.4,63.1,68.2,113.7,181.9,76,52.5,84.4,81.4,83.4,78.8,74.8
20140828,16,PM10,114.1,135.2,,133.1,112.2,117.2,81.4,,,140.1,87.5,137,48.5,79.9,118.3,,91.5,90.4,46.8,167,,180.8,,,,108.4,154.7,184.5,116.7,80.3,103.4,133.9,121.6,146.3,107.3
20140828,16,AQI,109,108,109,113,108,97,105,92,101,105,100,105,85,107,127,169,110,90,80,104,,104,83,89,79,108,95,170,122,119,119,114,109,119,107
20140828,17,PM2.5,88,88.1,78.9,82.7,81.3,73.4,66.2,65.4,57.2,68.8,45.7,50.7,30.3,66.1,80.2,133.2,112.8,75.9,36.5,116.9,,124.6,62,71.5,67.9,99.8,116.9,177,60.7,45.7,91.4,85,77.5,86.1,93.1
20140828,17,PM10,143.2,155,128.1,118,126,113.9,88.3,,,,,79.7,62.4,77.2,113.5,196.1,209,98.4,46.4,167.2,,161.2,,,,146.8,155.9,193,88.9,64.8,102.5,99.1,119.6,136.9,144.9
20140828,17,AQI,110,110,109,113,109,98,105,92,100,105,99,102,84,107,129,174,113,90,78,101,,104,84,90,80,117,99,178,122,118,121,115,110,120,109
20140828,18,PM2.5,85.5,85.8,74.3,77.2,79.7,84.3,71.3,68.2,62.6,63.5,44.6,56.9,31.5,75.1,88.2,169.2,147.2,77,39.7,117.4,,133.3,71,76.4,75.5,125.4,120.3,190,65.8,41.4,89.9,82.5,75.2,82.7,116.1
20140828,18,PM10,93.3,,103.4,140.3,124.2,105.6,273.2,,,,,91.8,65.5,89.6,112.1,249.3,229.2,124.3,70.6,167.5,,166.2,,,,167.1,148.5,216,143.9,74.1,99.1,,108.5,120.6,167.9
20140828,18,AQI,111,110,109,113,109,100,105,93,100,105,98,100,83,108,130,181,118,91,77,95,,106,84,90,81,117,103,186,122,117,122,116,110,120,112
20140828,19,PM2.5,97.7,78.4,90,82,94.2,93.4,81.7,68.6,61.2,64.8,50.6,64,47.4,64.8,95.4,206,171.9,79,46.8,125,,135.4,66.5,85.8,75.8,135.5,105.3,205.6,72.1,41.3,92.9,78.8,91.4,82.7,107.3
20140828,19,PM10,133.9,,91.4,185.4,145.4,108.2,131.2,,,81.9,69.7,130.3,78.5,102.4,140.8,281.1,237.4,136.3,81.7,,,149.5,,,,175.6,,259.1,105.1,76.5,107.7,,121.1,135.5,153.4
20140828,19,AQI,112,111,110,114,110,101,106,93,100,105,97,99,82,108,131,189,124,92,76,99,,86,84,92,82,118,107,194,122,115,122,116,111,120,114
20140828,20,PM2.5,119.9,88.9,101.1,84.1,98.6,99.6,83.9,70.1,53.7,73.7,52.2,66.3,44.4,68,97.9,217.1,154.1,90.1,49.4,56.5,,119.8,63,84.9,64.9,119.3,52.3,206.4,73.6,49.2,107.5,86,91.8,86.8,117.5
20140828,20,PM10,229.5,119.4,214.3,138.8,116.4,164,132.5,,,110.7,70.7,140.3,122.1,167.5,122.1,279.8,175.4,108.7,106.5,,,154,,,,151.2,64.6,207.8,110.9,84.8,128.4,,158.9,272.4,177.7
20140828,20,AQI,114,112,112,113,111,103,106,93,99,104,96,97,81,108,132,198,129,93,76,99,,90,84,93,82,101,107,202,121,114,124,117,112,120,117
20140828,21,PM2.5,152.7,112,106,101.4,106.4,116.3,78,84.7,55.1,62.9,48,70.6,37.1,71.9,98,,29.9,97.3,51.5,56.4,,33.4,60.6,81.2,72.7,,39,163.3,78.2,52.5,131.3,113.7,117.5,97.8,118.8
20140828,21,PM10,167.4,117.7,,102.7,138.4,117.2,,,,69.4,73.2,129.9,103.9,123.9,161.3,182.8,,,98.1,98.5,,,,,,,62.5,,93.5,83.1,,,145.2,110.1,134.8
20140828,21,AQI,118,114,113,114,113,105,106,94,98,103,94,96,80,107,131,201,126,94,75,99,,89,84,93,82,81,107,206,120,113,126,119,113,120,119
20140828,22,PM2.5,98.8,117.1,109.4,123.2,91.6,78,113,95.8,115.4,90.3,69.9,102.1,52.5,88.2,112.6,,26.5,79,66.6,62.4,,28.3,57.5,83.5,70.1,30.6,42.3,,80.6,58.3,115.7,120.5,111.4,114.1,78.9
20140828,22,PM10,,,,,,,178.9,,,162.5,125.5,176.3,127.7,116.9,,5,,,118.2,75.7,,,,,,40.1,76.8,29.4,103.6,104.5,,,,,97.4
20140828,22,AQI,118,115,114,115,113,105,108,95,100,103,93,96,78,107,132,204,123,94,74,99,,87,84,94,82,79,107,209,121,112,127,120,114,121,118
20140828,23,PM2.5,73.4,68.8,94.2,93.4,78.5,54.3,66.5,53.6,73.2,112.5,102.6,98.3,72.4,91.3,47.9,31.1,29.8,73.5,88.5,58.3,,38.5,67.2,72.5,72.7,46.6,47.6,,92.2,65.5,77.9,84.8,90.1,102.3,54.6
20140828,23,PM10,,,,,83,,,,,151,108.2,104.5,136.6,,,,,,92.3,,,39.2,,,,,,,103.6,161.3,,,,131.2,73.3
20140828,23,AQI,117,113,114,115,112,103,106,94,100,103,93,95,76,106,129,201,120,93,75,100,,85,83,94,82,78,108,213,121,111,124,119,114,120,115
