date,hour,type,dongsi,tiantan,guanyuan,wanshouxigong,aotizhongxing,nongzhanguan,wanliu,beibuxingqu,zhiwuyuan,fentaihuayuan,yungang,gucheng,fangshan,daxing,yizhuang,tongzhou,shunyi,changping,mengtougou,pinggu,huairou,miyun,yanqing,dingling,badaling,miyunshuiku,donggaocun,yongledian,yufa,liulihe,qianmeng,yongdingmengxi,xizhimengbei,nansanhuan,dongsihuan
20140729,0,PM2.5,109.4,99.1,98,88.9,100.5,94.6,98.1,98,98.8,104.9,99.9,112.3,98.4,97,106.7,106.2,115.6,,101.2,111.6,121.5,83.8,125.1,100.5,124.2,96.3,113.7,141.8,109.6,,113.9,103.6,95.8,110.2,104.6
20140729,0,PM10,,,,109.3,,141.5,,145.6,,,126.7,185.1,153.9,,,159.8,,,157.8,,,108.2,,107.6,,,,,,,,,,,
20140729,0,AQI,161,147,148,144,163,135,161,162,150,148,155,167,152,149,148,147,161,,142,142,166,125,167,161,181,134,133,142,141,29,164,146,152,158,143
20140729,1,PM2.5,111.4,106.5,95.7,90,99.9,90.1,106.1,98.3,101.2,104,102.5,112.5,106.3,88.8,125.7,132.7,113.4,,100.9,124.5,118.1,82.2,128.7,100,129.2,101.8,142.9,167.6,130.9,,112.9,105.3,93.7,102.9,96.7
20140729,1,PM10,,,,113.7,,126.6,,175.4,,,135.1,193.1,144.7,,,199.1,,,135.7,,,115.1,,104.8,,,,,,,,,,,
20140729,1,AQI,160,147,147,143,162,134,160,159,150,148,154,166,152,147,149,149,161,,141,144,166,125,166,160,180,135,136,145,143,28,164,146,152,157,143
20140729,2,PM2.5,107.8,96.7,101.8,97.3,104.9,93.1,109.5,76.6,115.2,107.9,107.6,116.3,111.9,96.7,140.7,154.7,121.1,,107.6,127.9,124.6,90.8,128.1,102.8,128.4,104.7,161.2,188.5,143.2,,114.4,95.4,101.7,107,99.1
20140729,2,PM10,,,,118.5,,128.1,,194.1,,,132.3,190.2,139.1,,,208.1,,,182.7,,,129.6,,107,,,,,,,,,,,
20140729,2,AQI,160,146,147,142,161,134,160,155,150,148,153,166,151,146,150,152,161,,141,145,166,125,165,159,180,135,140,149,145,25,163,146,151,156,142
20140729,3,PM2.5,119.2,112.4,110.2,108.7,114.1,96.1,116.8,107,116.1,122.9,115.3,121.5,118.2,107.2,151.3,165,126.4,,116.6,123.9,136.2,99.8,122.2,104.1,130,125.6,154.3,206.6,168.6,,122.6,106.5,108.8,118.3,102.1
20140729,3,PM10,,,,122.4,,129.6,,138.4,,,124.6,181.8,133,,,210.5,,,195.8,,,123.9,,108.6,,,,,,,,,,,
20140729,3,AQI,159,146,146,141,160,133,159,153,149,147,152,164,151,145,153,155,162,,141,147,166,126,164,157,178,137,142,154,148,23,163,145,150,155,142
20140729,4,PM2.5,126.2,118.1,114.5,116.8,130.3,102.1,122.6,115.8,117.4,129.7,118.2,129.5,118.5,117,172.7,187.2,162.4,,121.5,124.3,158.5,110.3,123.5,110.4,128.5,138.3,163.1,224.2,191.8,,131.4,118.3,114.2,125.9,113.3
20140729,4,PM10,,,,,,120.9,,130.4,,,124,179,137.2,,,222.9,,,177.1,,,129.1,,116.1,,,,,,,,,,,
20140729,4,AQI,158,145,146,141,160,132,159,152,149,147,151,163,151,145,156,159,164,,142,148,168,127,163,156,177,139,146,160,153,8,161,145,149,155,141
20140729,0,SO2,5.1,4.5,5.4,2,4.8,4.8,12.1,8.2,2.5,2.8,3,2,8.4,8.1,2,7.6,4.8,,2.1,10.9,3.2,4.8,5.2,2.3,3.6,9.1,13.1,17.6,2.4,13,2,3,20.8,6.3,19.1
20140729,0,NO2,34.6,33.5,30.4,39.2,40.6,45.8,43.1,60.8,,44.5,28.3,51.2,38.8,48.8,24.6,67,37.3,,42.8,31.5,45.3,19,18.4,18.8,78.4,9.3,42.3,44.2,20.8,21.2,67.8,63.7,42.6,101,102.9
20140729,0,O3,90.9,100,116.2,114.2,102.3,102.5,97.7,79.4,105.4,85.3,95.4,90.6,71.7,83.5,117.5,71.1,89.1,,93.1,127.2,86.2,153.8,133.2,105.4,96.9,143.3,120.8,95.1,75.1,91.2,47.3,113.3,109.2,43.7,36.1
20140729,0,CO,0.8,0.8,0.8,0.8,0.5,0.8,0.6,0.6,1.4,0.8,0.9,0.9,0.8,0.7,0.8,0.7,0.8,,0.8,1,0.9,0.7,0.8,0.7,0.9,1,0.8,1.1,0.8,0.1,0.9,0.8,0.7,0.9,0.8
20140729,1,SO2,7.4,5.9,7.7,3,2,6.9,11.8,7.3,2.2,2.1,2.8,2.3,8.3,9.1,2,8.9,,,2,12.6,3.6,6.7,4.6,2,3.7,10,17.4,15.1,2.3,14.4,2,4.2,18.4,5.8,19.4
20140729,1,NO2,38.9,38.9,21.8,33,28.4,40.5,42.1,59.8,,35.7,30.9,64.3,36,39.7,25.4,63.2,34.2,,44.2,29.5,39.4,19.5,18.9,19.7,118.5,9.3,35.9,54.6,17,18.9,58.3,52.7,33.9,89.1,43.5
20140729,1,O3,76.8,81.8,112.9,107,106.9,97.5,81.9,50.4,107.3,80.1,74,59,62.5,85.5,112.2,83.2,57.3,,80.3,122.9,70.3,134.1,124.7,88.9,35.6,128.1,142.8,76.6,71,89.6,43.7,119.6,106.7,58.2,62.5
20140729,1,CO,0.8,0.8,0.8,0.8,0.5,0.8,0.6,0.6,0.9,0.8,0.9,1,0.9,0.7,0.8,0.8,0.9,,0.8,1.1,1,0.8,0.8,0.7,0.9,1,1,1.2,0.9,0.1,0.7,0.7,0.6,0.8,0.6
20140729,2,SO2,9.6,8.9,8.3,3,2.6,7.4,,5.5,4.1,2.8,4,2,8.3,9.8,2,6.5,,,2,8.5,4,9,3.8,2,2.4,8.7,18.9,11.2,3.2,16.1,2.1,4.7,20.6,6.6,13
20140729,2,NO2,24.7,23.8,22.5,33.6,41.9,36.6,39.6,70.5,,36.4,28.7,47,31.3,28.5,24.1,51,18.8,,55.7,28.4,52.2,17.2,15.6,19.3,74.4,8.2,31.9,48.2,11.5,19.3,47.2,27.1,29.7,82.3,25
20140729,2,O3,68.9,105.2,99.5,92.5,77.3,101.5,74.1,21.1,92,68,67,65.3,55.1,86,103.7,89.9,54.3,,55,95.7,53.6,131.6,119.2,90.4,74.7,123.9,144.3,78.3,101.5,79.4,43,146.8,99.2,60.7,52.1
20140729,2,CO,0.8,0.7,0.8,0.9,0.5,0.8,0.6,0.7,0.8,0.8,0.9,0.9,0.9,0.7,0.9,0.9,,,0.8,1,1,0.8,0.8,0.8,0.9,0.9,1.2,1.2,0.9,0.1,0.6,0.6,0.7,0.8,0.4
20140729,3,SO2,10.5,10.2,7.2,4.5,4,9.4,13.3,5,2.2,2.7,2,2,8,9.9,2,5.7,2.7,,2,6.2,3.9,8.7,3.3,2,2.2,10.1,17.2,10.6,6.3,17.2,2,5.7,36.6,6.2,11.8
20140729,3,NO2,23.7,21.5,24.1,31.2,39.2,25.8,35.2,59.4,,36.3,25.8,52.4,28.9,24.8,20.7,51.7,21,,59.9,25.4,50.9,16.7,8,18.9,101.9,9.3,29.3,44.3,7.2,20.1,48.1,27.9,32.1,61.8,34.6
20140729,3,O3,62.6,107.5,97.2,98.1,79.8,118.3,71,24,75.6,64.6,65.4,53.8,53.4,87,100.5,82.8,,,36,91.6,49.5,124,115.4,82.5,36,118.5,145.5,76.7,135.2,73.2,49,148.6,100.6,84.1,64.2
20140729,3,CO,0.6,0.7,0.8,1,0.5,0.7,0.6,0.6,1.7,0.9,0.9,0.8,0.9,0.7,0.9,0.9,,,0.8,1,1.1,0.8,0.8,0.7,0.9,1,1,1.3,0.9,0.6,0.8,0.7,0.7,0.8,0.6
20140729,4,SO2,10,9.4,6.4,3.3,3.8,8.3,12.6,5.2,2,2.3,2.6,2,8.8,10.6,2,5.7,2.5,,2,5.6,3.3,8.1,2.7,2,2,11,18.4,9.5,5.8,16.9,2.2,5.7,31.5,6.8,12.8
20140729,4,NO2,21.1,19.7,27.2,27.3,30.1,28.2,37.9,52.9,,35.6,23.6,45.2,28.9,24.4,23.3,52.7,34.6,,63.8,20.8,34.3,16.7,6.6,21.4,91.8,9,29.2,43.2,8.7,16,48.8,32.9,32.8,62.2,58.2
20140729,4,O3,103.9,113.8,91,113,91.3,124.2,,43.3,71.1,65.7,60.5,54.7,42.4,91.6,96.4,78.1,43.5,,26.4,95.1,65.2,122.4,110.6,70.3,36.1,107.7,144.9,,114.3,,50.1,148.4,94.9,87.7,47.2
20140729,4,CO,0.6,0.8,0.8,0.9,0.5,0.8,0.6,0.7,1.1,0.9,0.9,0.9,0.9,0.8,0.9,0.9,0.7,,0.8,1,1.2,0.8,0.7,0.7,0.9,1.1,0.9,1.5,1,0.6,0.8,0.7,0.7,0.8,0.7
