date,hour,type,dongsi,tiantan,guanyuan,wanshouxigong,aotizhongxing,nongzhanguan,wanliu,beibuxingqu,zhiwuyuan,fentaihuayuan,yungang,gucheng,fangshan,daxing,yizhuang,tongzhou,shunyi,changping,mengtougou,pinggu,huairou,miyun,yanqing,dingling,badaling,miyunshuiku,donggaocun,yongledian,yufa,liulihe,qianmeng,yongdingmengxi,xizhimengbei,nansanhuan,dongsihuan
20140820,0,SO2,20.8,15,10.7,10,3.3,17.2,19.2,3.8,2.4,17.8,3.2,5.5,2,9.7,7.5,6.8,9.7,2.7,2,2.3,2,11.7,2.7,3.4,4.3,10,11.1,62.5,2,15,19,19.9,30.3,12.3,9.2
20140820,0,NO2,32.8,38.4,35.5,37.6,42.1,47,59.1,41.2,23.5,34.1,40.7,53,43,25.7,32.1,73.6,55.3,34.4,65.3,19.5,65.4,39.9,16.3,15.9,91.6,3.8,25,61.7,11.7,25.4,52.1,63.1,63.3,85.4,86.6
20140820,0,O3,109.8,105.1,114.8,110,110.9,109.5,81.6,58.2,92.7,96.9,85.8,91.8,77.5,119.4,114.9,82.5,75.4,129.1,63.8,103.6,39.8,116.3,128.8,127.6,73.7,155.6,170.7,19,82.1,82.4,94.5,84,95.1,77.3,63.9
20140820,0,CO,0.9,0.9,1,1,0.7,1,0.8,0.8,1.2,0.9,1.1,1.1,1,0.7,0.9,0.4,1,0.9,0.9,0.7,1,1,0.7,0.7,0.8,0.8,0.5,0.7,0.7,0.8,,0.9,1,0.9,1.1
20140820,1,SO2,16.3,9.2,11.7,7.9,2.8,12.9,19,2,3,15.8,2.9,4.9,2,8.9,5,5.7,7.5,2.5,2,2.8,4.9,8.4,3.4,2.8,3.5,12.5,12.7,63.4,2,16.4,16.7,13.8,36.5,10.5,7.5
20140820,1,NO2,33.6,36.3,33.4,36.9,44.5,34.4,50.2,34.1,24.4,33.7,40.7,64.9,35.7,30.2,33.6,66.7,48.5,34.9,63.3,18,57.6,42.1,15,14.7,33.4,5.1,22.4,67.4,8,29.1,40.2,40.9,52.1,70.3,36
20140820,1,O3,98.6,96.1,98.7,98.3,94.5,113.9,78.1,44.8,92.6,81.9,65,61.8,69.4,101.5,96.1,73.4,46.7,112.3,45.1,97.9,62.2,88.8,120.8,118.2,133.6,142.3,155.6,11.9,87.9,72.8,98.4,100.9,84.4,86.8,87.2
20140820,1,CO,0.9,0.8,0.9,1.1,0.6,0.8,0.8,0.8,1.5,0.8,1.1,1.1,0.9,0.7,0.9,0.3,1,1,0.9,0.7,1,0.9,0.7,0.7,0.8,0.8,0.5,0.7,0.7,0.8,,0.8,0.9,0.8,0.8
20140820,2,SO2,18.7,11.5,13.2,6.8,2.8,12.7,,6.5,2,14.8,4.6,4.5,2,10.4,4.3,5.5,7.9,3.7,2,2.3,4.1,11.1,2.2,2.4,3,8.9,10.9,70.4,2.7,15.4,17,17.6,30.2,8.9,14
20140820,2,NO2,24.3,26.8,29.2,35.7,41.5,27.1,44.4,34.4,26.6,33.6,52,66,44.2,33.4,34.7,72.1,30.6,23.7,45.5,16.3,44.3,34.6,19.5,14.6,44.9,4.2,21.6,60.4,9.6,29.9,34.1,37.2,46.5,62.6,26.5
20140820,2,O3,75.7,101.2,92.7,87.1,85.4,113.8,64.9,41.1,87.2,66.4,40.1,46,54.2,81.1,83,56.3,34.3,123,47.3,93,68.9,88.5,95.9,107.9,101.4,129.1,141.9,21.8,81.6,62.5,90.7,93.7,76.9,79.2,73.4
20140820,2,CO,0.8,0.8,0.9,1.2,0.6,0.8,0.7,0.8,3.1,0.8,1.1,1.1,1,0.7,0.9,0.3,0.6,0.8,0.9,0.7,1,1,0.7,0.7,0.9,0.8,0.4,0.6,0.7,0.8,,0.8,0.8,0.8,0.7
20140820,3,SO2,22.3,15.5,11.2,8,3.2,16.7,15.7,5.7,2,15.9,3,4.4,2,12.1,4.9,4.9,2,2.4,2,2.1,3.4,7.2,3.7,2.1,3.7,3.1,9.1,74.3,6.5,16.3,20.4,27.1,29.2,11.9,12.3
20140820,3,NO2,27.6,33.6,31.7,40.7,38.7,30,48,36.4,25.3,39.3,47.5,65,54.6,39.7,28.3,75.9,44.8,22.4,30.3,15,46.6,28.4,13,15.3,125,2.9,22.2,42.1,9.6,28.6,44.6,42.5,50.4,65.3,27.1
20140820,3,O3,57.7,81.3,76.1,68.6,73.5,91.8,50.5,37.1,67.5,47.1,39,37.2,35,61.1,82.8,46.8,18.8,121.8,68.7,92.2,61.8,78.2,106.3,102.1,11.1,99.6,126.9,40.8,74.6,56,70.6,74.2,59,65.6,73.4
20140820,3,CO,0.7,0.9,0.9,1.3,0.6,0.9,0.8,0.7,1.5,0.9,1,1,1.1,0.8,0.9,0.3,,0.8,0.8,0.7,0.9,0.9,0.7,0.6,0.9,0.8,0.4,0.6,0.8,0.8,,0.9,0.8,0.8,0.7
20140820,4,SO2,23.4,15.8,8.9,7.3,2.6,17.8,19,7.1,2,17.1,2.4,3.5,2.3,12.4,5.4,4.2,2.1,2.6,2,2,2,8.5,2.6,2.1,3,2.2,7.9,70.3,6.8,16.3,18.6,30.2,15.7,12.2,15.8
20140820,4,NO2,32.7,34,37.9,42.7,43,33.5,53.3,36.8,27.6,47,50.7,53.8,52.5,37.6,31.9,72.6,46.9,39.8,24.8,15.5,30.3,26.1,13.4,17.7,102.8,2,29.9,38.9,9,25.6,42.9,33.7,55.8,56.3,36
20140820,4,O3,68.3,63.5,59.2,54.6,57.8,75.5,,20.5,52,29.6,26.4,36.5,26.6,55.6,66.1,38.8,15.4,56.4,62.7,92.8,56.2,86,98.6,94.5,36.1,85.5,103.5,,63.3,,57.2,71.2,45.1,64.4,48.1
20140820,4,CO,0.8,1,1,1.5,0.7,1,0.9,0.8,2.5,1,1,1,1.2,0.9,0.9,0.3,0.6,0.9,0.8,0.7,0.9,0.9,0.7,0.7,0.9,0.7,0.4,0.6,0.8,0.8,,1,0.8,0.9,0.9
20140820,5,SO2,21.4,13.4,7.1,5.8,2,15.6,13.8,7,2,14.2,2,2.9,2.6,10.4,5.6,4.4,2,2,2,2,2,7.6,2,2,3,3.7,9.6,67.9,4.1,15.6,15.1,27.3,13,12.1,15.6
20140820,5,NO2,34.5,32.3,47.2,43.2,45,34,60.5,44.4,28.3,57.9,45.8,70.8,,30.9,37.1,81.7,,31.2,21.6,13.7,21.2,27.8,15.3,17,96.2,,34.7,53.4,9.3,22.6,78.9,36.6,63.1,56,38.2
20140820,5,O3,62.9,56.8,42.6,42.9,42,66.4,22.8,9.2,44.8,7.5,16,13.8,25.4,52.9,51.8,22.6,12.6,73.3,61.4,81.8,69.8,72.4,83.6,83,32.6,105.1,96.9,8.5,52.4,46.1,25.1,59.5,33.1,50.6,43.9
20140820,5,CO,1.1,1,1.1,1.4,0.7,1.1,0.9,0.8,2.6,1.1,0.9,1,1.2,0.9,1,0.3,0.7,0.9,0.8,0.7,0.8,0.8,0.7,0.7,0.9,0.7,0.5,0.7,0.8,0.8,,1.1,0.9,0.9,0.9
20140820,6,SO2,18.7,7.1,6.6,4.4,2.2,12.2,9.3,6.6,2,9.4,2,2.6,2,10.3,6.5,4.5,3,2,2,2,2,4.3,2,2,2,4.8,11.8,62.9,5.6,15.6,13,17.8,20.1,10.6,14.3
20140820,6,NO2,42.3,46.1,51.5,51.2,54.9,40.5,66.2,56.6,30.8,63.3,55.2,53.7,52.7,39.1,34.8,74.9,62.9,29.6,23.5,15,19.3,18,20.5,16.4,79.5,2.8,34.6,52.4,8.2,19.7,76.4,59.3,70.6,79.4,108.4
20140820,6,O3,50.2,27.2,34.2,27.6,24.3,52.3,10.3,6.7,38.5,2,10.2,21.8,19.3,39,49.4,24.7,7.1,83.1,57.8,75.7,65,69.2,71.6,73.4,26.8,106,90.7,5.4,62.3,36.1,13.4,28.2,21.2,26.5,4.3
20140820,6,CO,1.2,1.1,1.1,1.6,0.8,1.1,0.9,0.8,2.8,1.1,1.1,1,1.2,0.9,1,0.3,0.9,0.9,0.8,0.7,0.8,0.8,0.7,0.7,0.9,0.8,0.5,0.8,0.9,0.8,,1.1,1.4,1,1.2
20140820,7,SO2,19.2,6.3,6.5,4.7,2,11.7,7.4,5.9,2,12.3,2,2.9,2,10.7,6.6,4.4,3.6,2,2,2.4,2,3.8,2,2.2,2,5,15.5,70.4,9.6,16.1,9.4,16,19.8,13,13.8
20140820,7,NO2,57.2,46.5,61.8,65.3,64.9,52.7,87.5,54.3,41.2,55.9,38.1,67.2,56.7,41.1,37.9,79.9,63.3,48.9,28.8,24,24.2,25.9,48.4,20.4,31.2,2.9,33.9,49,14,43.9,82.4,69.8,85.6,103.1,72.2
20140820,7,O3,36.9,21.6,25.8,16.1,13.5,34.5,2,4.3,27,2,19.6,10.9,14.5,32.3,43.3,17.6,5.6,58.4,52.5,63.7,53.8,57.8,37.7,64.1,51.7,100.7,91.8,12.9,65.2,5.3,6.9,19.2,11.4,7.7,16.4
20140820,7,CO,1.3,1.1,1.2,1.3,0.9,1.2,0.9,1.1,2.7,1.2,1.1,1.1,1.2,1,1,0.4,1,1,0.8,0.7,0.9,0.9,0.8,0.8,1,0.7,0.6,0.8,1,0.8,,1.2,1.3,1.4,1
20140820,8,SO2,19.1,11,9.8,6.3,2,13.7,8.5,6.3,3.2,14.7,3.3,3.3,2,14.4,11.4,8,5.1,4.1,2,4.1,3.2,7.4,2.7,3.7,8.1,5.2,16.9,42.8,15.3,18.6,8.7,18.4,25.3,15.3,15.7
20140820,8,NO2,62.2,58.7,69.4,70.3,87.7,64,84.4,59.3,41.9,57.2,50.6,75.4,57,43.4,39.7,77.8,61.4,68.3,33.6,30.4,35,41.1,68.1,24.8,50.8,2.3,27.1,40.9,27,35,85.3,74.5,104.4,127.9,91
20140820,8,O3,38.9,27.1,26.6,19.4,8.3,31.3,10.6,14.7,44.8,7.1,24.1,10.7,20.1,35,45,27.9,14,45,59.4,59.6,57.7,55.7,21.8,62.7,86.4,90.4,88.3,29.5,45.5,25,10.4,21.7,8.6,2,11.7
20140820,8,CO,1.3,1.1,1.3,1.6,1,1.2,0.9,2.7,1.4,1.3,1.3,1.2,1.2,1,1.1,0.5,1.1,1.1,0.9,0.8,0.9,0.9,0.9,0.8,1,0.8,0.6,0.8,1,0.8,,1.2,1.3,1.5,1
20140820,9,SO2,19.6,13.8,7.7,8.9,2,15.1,13.7,8.1,6.8,16,4.4,3.2,2,20.9,15.9,14.9,6.8,7.7,2.7,12.9,8.3,13.8,6.8,6.1,11.2,6.1,22.4,57.2,18.4,26.6,12.2,21.5,20.4,18,28.3
20140820,9,NO2,71.7,69.2,96.5,64.9,97.4,70.2,84.9,57.1,40.5,66.2,57.6,77.1,45.4,40.2,47,76.4,63,100.8,44.4,28,32.8,24.4,45,39.2,31.8,2,26.3,36.4,33.1,25.4,88.9,81.8,117.3,145.6,84.2
20140820,9,O3,46.8,32.3,30.9,43,20.3,37.3,28.2,43,78.1,20.1,38.1,33.7,25.6,54.5,52.5,41.8,31.4,28.8,66.4,84.7,82.8,101.5,62,73.3,117.8,99.1,107,47.4,48.1,56.6,20.9,28.3,16.1,2,29.6
20140820,9,CO,1.4,1.2,1.3,1.3,1,1.4,0.9,0.9,0.9,1.4,1.3,1.2,1.3,1.1,1.3,0.5,1.1,1.1,0.9,0.9,0.9,0.9,0.9,0.8,1,0.9,0.6,0.8,1.1,0.9,,1.4,1.3,1.8,1.1
20140820,10,SO2,18.9,14.2,8.2,11.6,2.5,16.8,13.7,7.9,7.9,16.4,7.6,3.6,2,24.7,18.8,18.4,7.7,8.7,3.1,20.9,12.1,16.4,5.6,8.7,6.6,10.3,27.9,21.7,16.5,30.5,13.4,22.3,26.3,18.9,26.8
20140820,10,NO2,77.3,62.6,92.7,72.2,109.7,75.9,83.4,46.6,39.9,60.9,56.2,56,52.5,34.8,39.9,71.7,60.8,83.8,67.2,29.4,28.1,25.8,33.3,26.2,37.2,2,36.5,33.2,22.3,19.5,96.2,101.5,129.5,161.6,92.5
20140820,10,O3,68.6,71.5,62.6,65.1,35,63.8,56.7,81.6,110.7,58.6,77.2,101.3,64,102.7,93.6,75,67.5,66.5,64.6,111.1,112.1,119.5,84.3,123.6,124,122.8,112.5,65.1,73.7,97.4,41.4,43.6,32.3,7.3,49.6
20140820,10,CO,1.5,1.2,1.4,1.4,1.1,1.4,0.9,0.9,1,1.4,1.3,1.1,1.3,1.1,1.2,0.6,1.1,1.1,1.2,0.9,1,0.9,0.8,0.8,0.9,0.9,0.6,0.7,1.1,0.9,,1.4,1.5,1.8,1.2
20140820,11,SO2,19.6,17,12.4,13.1,2.9,18,10.9,7.3,8.5,16.3,9.5,3.7,,29.5,25.7,24.1,8.4,9.8,4,22.3,14,18,6.1,8.8,7.3,14.7,29.8,5.7,21.5,32.3,15.3,19,17.2,21.7,25.8
20140820,11,NO2,53,40.1,72.6,48.8,91.3,55.3,90.9,38.1,46.5,32,40.6,56.4,36.4,28.3,31,61.4,54.5,39.3,46.9,22.1,25.9,20.6,11.7,51.8,26.9,2.2,41.3,25.4,13.6,19.2,81.3,74.4,133.3,137.9,83.7
20140820,11,O3,129.1,140.1,115.3,136.9,92.2,139.4,91.2,128,146.5,148.2,141.6,149.4,125.6,140.8,137.5,120.3,110.2,157,145.2,149.9,137.3,145.2,150.8,125.2,159,168.5,122.9,92.5,117,126.6,98.5,106.6,60.3,62.1,100.6
20140820,11,CO,1.3,1.1,1.4,1.2,1.1,1.3,1,0.9,1,1.2,1.2,1.1,1.2,1.1,1.2,0.5,1.1,1,1.1,0.9,1,0.9,0.8,0.9,0.9,1.1,0.7,0.7,1.1,0.9,,1.2,1.5,1.5,1
20140820,12,SO2,20.5,19.1,13.8,15.6,4.8,19.7,12.8,7.2,9.8,18.4,12.2,4.1,,30.3,,23.7,9.5,9.6,2.9,26.7,13.6,18.3,6.2,9,51.9,15.4,25.8,3.1,22.5,39.6,15.9,20.9,25.4,25.3,26.1
20140820,12,NO2,29.8,21.2,39.6,29.4,46.1,29.7,63.3,41.6,39.6,17.8,23.4,36.8,32.4,24.2,,44.6,49.6,29.5,37.7,28.6,27.1,14.7,9.4,25.8,13.3,3.9,32.5,20.9,8.1,24.5,62.2,44.3,101.5,121.5,58.7
20140820,12,O3,174.3,191.7,178,180.3,171.9,196.3,152.4,158.1,218.8,192.8,177.6,199.4,160.8,176.5,,170.6,166.6,210,200.2,177.6,183.9,199.1,171.5,198.2,151.3,201.3,164.8,112.4,151.7,156,143,168.9,120.6,95.9,158.2
20140820,12,CO,1.1,1,1.2,1.1,0.9,1.1,1,0.9,1.1,1.1,1.1,1.1,1.2,1.1,,0.5,1.1,0.9,1.2,1,1.1,1,0.8,0.8,1.4,1.1,0.6,0.6,1,1.1,,1,1.3,1.3,0.8
20140820,13,SO2,20.7,20.2,14.2,17.6,9.9,20.7,16.5,7.5,11.3,21.1,19.6,8.1,,34.3,16.8,18.8,11.9,9.6,2,23.6,13.2,19.2,7.5,9.5,6.7,15.7,21.4,12.5,21.9,45.3,17.7,22.1,23.4,25.3,26.7
20140820,13,NO2,22.9,15.9,25.7,25.9,26.3,21.8,40,45.5,20,15.1,19.3,23.8,27.6,17,21.1,46.2,30.2,28.5,25.4,19.3,41.8,18.7,9,20.8,33.6,3.5,20.6,17.9,2.3,21.9,59.2,43.5,71.7,110.7,54
20140820,13,O3,188.6,204.1,188.8,197.1,191.4,219.6,175.9,194.8,242,207.9,205.2,214.3,183.7,204.9,195.8,185.4,228.8,246,215.7,217.5,239.5,257.4,177.5,229.5,211,236.5,201.7,123.4,176.1,195.3,157.8,173.5,143.7,101.7,176.8
20140820,13,CO,1,0.9,1,1.1,0.7,1.1,0.8,1,1,1.1,1.2,1,1.4,1.1,1,0.3,1,1,1,1,1.2,1.1,0.8,0.8,1.1,1.2,0.5,0.6,1,1.4,0.8,1,1.1,1.3,0.8
20140820,14,SO2,27.8,28.3,24.6,27.4,15.9,24.3,22.9,7.5,17.4,38.4,33.9,12.1,,40.6,13.5,13.4,14.8,11,2.3,14.3,14.7,20.1,16.4,10.2,7.3,17.1,13.2,17,19.7,52.5,23.9,31.3,28.2,30.9,30.7
20140820,14,NO2,19.7,13.6,21,22.5,24.4,17.5,35.4,28.4,17.4,12.5,16.7,23.4,28,16.4,17,38.1,23.2,36.3,20,13.8,45,17.7,8.2,29.3,32.5,6,17.5,18,2,18.8,55.3,52.8,70.8,102.8,33.8
20140820,14,O3,196.2,219.5,208.9,215,201,218.9,190.4,198.6,257.8,239,229.3,246.7,216.5,230.7,207.7,184.3,237.7,292.2,226.4,214.2,277.8,298.3,191.6,296.7,238.5,291.3,204.9,137.8,183.6,223.4,169.2,179.8,156.8,124.2,186.3
20140820,14,CO,1.1,1,1.2,1.2,0.8,1,0.9,0.9,,1.6,1.6,1.2,2,1.2,0.9,0.2,0.9,1.2,1.1,0.7,1.3,1.1,0.8,1,1.1,1.3,0.4,0.6,0.9,1.7,0.8,1.1,1.2,1.3,0.8
20140820,15,SO2,37,33.8,42.8,33.7,24.6,30.5,47,8,34.5,50.7,32.9,14.4,,39.2,15.5,10.5,15.3,13.7,2,9.5,11.3,22.2,18.6,11.3,8.1,18.2,11.5,20.8,17.5,49.2,33,35.6,55.1,34.4,35.2
20140820,15,NO2,19.2,11.4,22.4,24.3,26,16.4,38.8,27.8,14.6,12.1,15.8,24.2,31.5,16.2,16.4,36.4,19.6,23.5,21.8,11.9,17.1,14.1,10.1,28.1,39.6,4.7,21.3,17,2,15.7,52.5,37.7,61.5,100.2,59.5
20140820,15,O3,220.4,245.7,244,240.2,229.4,249.6,221.8,207.9,283.7,273.4,247,259.2,224.7,244.7,218.1,192.7,232.3,275.7,239.1,208.5,281.2,294.2,209.2,303.2,295.3,307.3,222.5,142.2,193.3,236.6,195.4,214.2,192.4,149.8,188.5
20140820,15,CO,1.3,1.2,1.6,1.4,1.1,1.1,1.5,1,1,1.8,1.7,1.5,1.9,1.2,0.9,0.9,0.7,1,1.3,0.7,1,1,0.8,1,1.1,1.2,0.5,0.6,0.8,1.5,0.9,1.2,1.6,1.4,1.1
20140820,16,SO2,38.6,36.4,43.6,33.8,24.2,33.3,49.1,7.9,30.7,47.9,26.7,12.5,,39.3,15.3,9,14.2,26.1,2,9.1,15.4,19.2,10.5,14.3,9.1,17.4,12.5,22,12.8,45.9,36,36.2,50.9,35.1,36.3
20140820,16,NO2,18.6,11.9,24,22.5,30.3,19.3,39.6,27.8,14.5,13.7,16.2,23.8,32.9,17.6,18,29.6,19.5,23.1,25.8,13.9,19.3,12.9,17,18.2,42.4,3.7,20.5,16.6,2,13.3,50.2,35.4,58.6,104.4,42.4
20140820,16,O3,225.7,253.6,254.1,251.3,241.6,255.4,235.8,207.8,292.2,279.1,252.7,268.9,224.4,249.1,236.4,194.3,234,289.1,251.8,227.4,280.8,277.1,245,280.3,321.8,302.1,216.3,146.1,188.4,235.7,205.4,227.8,207.4,147.2,219.1
20140820,16,CO,1.4,1.3,1.7,1.6,1.3,1.3,1.6,1.2,1,1.8,1.6,1.5,1.7,1.3,1,1,0.7,1.2,1.6,0.7,0.9,0.8,0.9,0.9,1.2,1.1,0.4,0.6,0.9,1.4,1,1.3,1.7,1.5,1.3
20140820,17,SO2,44.1,40.1,41.5,35.6,20.4,38,39.3,6.9,28.3,44.3,26.3,12.8,,40.5,14.3,8.8,16.7,37.9,2,14.5,18.2,17.5,9.8,31.6,15.3,15.5,20,27.2,11.4,51.2,41.6,43.5,58.7,39.7,37
20140820,17,NO2,20.7,14.2,25.9,24.3,33.3,22.2,44.6,30.2,16.4,14.6,16.7,23.8,36.3,19.5,18.4,36.6,21,26.9,25.9,14.5,17.5,14.2,21.1,19.4,47.6,3,19.9,16.9,2.1,13.6,58.3,42,74.8,118.6,50.7
20140820,17,O3,231.5,253,250.7,250.4,243.3,255.9,225.1,214,298.2,271.8,248.2,270.8,223.3,247,231.2,191.1,232.3,295.7,257.1,232.6,281,259,265.8,291.1,298.1,277.6,224.1,155.6,190.8,251.5,200.2,222.1,195,129.8,213
20140820,17,CO,1.5,1.4,1.7,1.6,1.3,1.4,1.5,1.3,1,1.7,1.5,1.5,1.6,1.3,1,1.1,0.9,1.6,1.5,0.7,0.9,0.7,1,1.4,1.3,1,0.6,0.8,0.7,1.6,1.1,1.5,1.8,1.6,1.4
20140820,18,SO2,40.2,34.8,36.2,28.3,17.9,38.8,34,6.4,28.2,35.1,30.1,19.3,,26,10.3,9.5,17.7,24.2,2.2,21.6,20.6,14.2,16.1,31.5,26.4,13.1,26.2,20.5,8,43.7,32.9,39.3,63.6,34.3,36.3
20140820,18,NO2,23.4,16.9,30.7,29,39.5,25.8,45.3,39.1,19.2,21.3,18.7,31.1,40.1,25.7,19.2,35.4,22.3,26.9,28.1,18,26.2,21.7,22.5,22.6,59.2,2.6,20.2,18.8,2,15.2,68.9,63.3,69.6,135.3,26.8
20140820,18,O3,217.6,238.9,233.8,229.1,227.6,248.5,213.8,197.7,283.6,239.4,248.7,259,212.5,224.9,220.4,183,226,275.3,246.4,225.2,261.3,243,262.3,284.8,278.2,254.5,219.7,141.7,179,217.1,180,188.5,192.9,103.2,226.6
20140820,18,CO,1.5,1.3,1.6,1.5,1.3,1.5,1.4,1.5,0.9,1.5,1.6,1.6,1.7,1.1,1,1.1,0.9,1.5,1.4,0.8,1.1,0.7,1.2,1.5,1.5,0.8,0.6,0.7,0.8,1.2,0.9,1.4,1.7,1.6,1.4
20140820,19,SO2,27.5,23.1,24,15.9,10,27.4,31.1,6.2,35.5,22.5,21.1,20.3,,22.7,9.8,9.8,17.3,22.4,4.6,23.8,20.4,12.4,22,24,25.5,13.1,21,12.1,6.5,31.1,19.6,27.2,46.9,23,31
20140820,19,NO2,24.1,19.6,33.4,31.6,44.9,35.7,55.3,37.6,19.4,24.9,25.4,32.7,34.9,30.4,25.7,51.9,30.8,32.1,33.5,27.6,33.8,31.4,25.2,23.3,71.7,3.1,19.1,,5,18.5,73.5,43.5,87.6,146.5,40.2
20140820,19,O3,201.2,221.9,209.1,204.5,198.3,219.6,184,187.2,282.1,212.1,203.7,244.4,179,206.1,209.1,158,195.6,257.8,230.8,194.9,228,205.1,249.8,261.2,245.7,238.2,193.1,114,158.8,193.1,159.8,194.9,157.7,79.7,201.5
20140820,19,CO,1.3,1.1,1.4,1.2,1.1,1.3,1.3,1.5,1,1.2,1.4,1.7,1.2,1,1,1.2,0.9,1.5,1.6,0.9,1.1,0.7,1.5,1.4,1.6,0.7,0.6,0.6,0.8,1.1,0.7,1.2,1.5,1.5,1.1
20140820,20,SO2,23,17.4,16,12.2,6.6,21.7,23.4,6.5,25,17.1,10,12.4,,13.2,7.8,10,14.8,26.1,4.4,19,16.9,12,18.6,21.5,20,19.4,17.5,13.5,5,24,16.8,21.5,39,19.2,25.9
20140820,20,NO2,29.9,26.1,30.3,37.8,48.9,41.1,47.9,34.6,22.7,20.6,29,47.1,35.1,37.7,26.3,71.9,39.9,39,39.6,29.8,41.1,30.4,19.6,23.5,58.8,3.6,21.7,32.9,15.3,28.2,76.1,79.8,72.2,144.2,69.7
20140820,20,O3,176.5,184.6,186.1,173,173.8,188.5,162.4,163.6,228.4,189,152.8,172.9,151.5,159.4,184.6,125,165.3,230.5,184.7,158.6,177.7,187.9,241,237.3,232.3,232.7,174.4,91.1,118.4,128,134.8,129.2,142.6,64.7,151.4
20140820,20,CO,1.1,1,1.1,1.1,0.9,1.2,1,1.5,1.8,1,1.2,1.2,1.1,0.8,0.9,1.2,1,1.6,1.4,0.9,1.1,0.7,1.5,1.4,1.6,0.8,0.5,0.6,0.8,1,0.5,1,1.2,1.3,1.1
20140820,21,SO2,15.2,12.3,10.7,9.1,5.1,14.5,20.2,7.1,13.4,12.2,6.4,6.9,,13.8,7.5,11.2,13.5,23.3,4.5,16.6,12.6,14.1,16.7,14.6,27.7,24.4,17.2,12.4,3.6,19.3,11.6,15.5,28.9,14.7,17.2
20140820,21,NO2,37.5,32.9,28.1,47.8,55.1,42.1,50.3,32.4,36.2,22.2,26.2,48,33.8,60.4,23.5,80,39,40.1,42.4,32.9,43.7,27.8,18.7,21,77.1,5.1,24.3,33.2,9.9,31.7,78.6,94.9,62.3,138.1,97
20140820,21,O3,135.9,143.2,158,127.2,133.1,150.5,131.8,134.5,163,154.2,128.1,138.1,124.7,113.1,169.5,104.8,146.8,193.4,156.1,137.5,145.2,179.3,225,184.4,173.1,212.8,170.7,67.2,101.4,91.4,98.2,87,121.2,42.7,97.8
20140820,21,CO,1,0.9,0.9,1.1,0.7,1,0.8,1.5,1.3,0.9,1,1,1,0.9,0.9,1.3,0.9,1.5,1.3,0.9,1.1,0.8,1.5,1.4,1.6,0.8,0.5,0.6,0.8,1,0.4,1.1,1,1.3,1.1
20140820,22,SO2,14.8,11.4,10.1,8,3.7,13.6,15.3,7.4,9.5,11.9,5.4,5.7,,12.1,7.3,10.2,11.3,16.3,4.1,12.1,9.8,15.5,17.3,13.7,74.8,28.7,15.8,12.5,2.7,19,11.1,14.1,27.4,12,12.9
20140820,22,NO2,36.4,38.4,30.7,55,62.5,40.4,51.6,32.3,28,35.1,19.7,36.2,36.2,44,26.2,96.8,38.3,38.8,85.5,23.6,46.7,33.5,18.2,19.5,128.3,6.7,26.5,59.4,16,28.9,69.8,79.5,61.8,129.3,100.3
20140820,22,O3,127.5,122.2,142.9,109.6,103.2,137.3,110.9,103.1,146.5,125.2,124.7,129.3,108.3,131.4,160.8,67.3,125,162.7,83.7,135.1,111.5,153.9,203.7,171.9,89.1,192.1,161.3,34,83.4,57.2,95.8,86.9,109.3,36.9,84.8
20140820,22,CO,1,1,0.9,1.1,0.7,1,0.8,1.4,1.1,0.9,0.9,0.9,1,0.9,1,1.3,0.9,1.4,1.2,0.9,1,0.9,1.5,1.4,1.6,0.9,0.5,0.7,0.9,0.9,0.4,1.1,1,1.3,1.2
20140820,23,SO2,14.3,11.1,9.9,7.4,3.8,13,14.1,6.3,5.8,11.6,4.4,4.8,,12.3,7.4,15,8.8,13.5,2.7,10.9,10.4,25.3,17.7,12.9,55.3,19.4,19.1,16,2.9,19.7,8.5,14.6,18.6,10.8,13.2
20140820,23,NO2,43.8,38.5,33.3,48.3,66.4,40.1,51.9,32.9,27.3,24,26.1,51.9,38.8,51.6,39.8,116.2,54.4,39.9,60,17,43.4,48,18.7,17.1,158.9,4.3,27.9,56,14.5,33.1,66.3,88.6,57.1,122,116.9
20140820,23,O3,116.2,119.9,132.7,112.6,93.4,133.8,97.3,78.4,115.2,132,99.3,93.2,94.3,117.2,129.5,35.9,75.4,140,82.2,149,101.2,116.9,183.3,163.5,31.4,178.3,161.2,36.3,75.1,49.6,89.1,76.6,104.5,37.3,68.7
20140820,23,CO,1.1,1,1,1.1,0.8,1,0.8,1.4,1.8,1,0.9,1,1,0.9,1,1.4,0.9,1.3,0.9,0.9,0.9,1,1.5,1.3,1.6,0.8,0.6,0.8,0.9,0.9,0.5,1.1,0.9,1.3,1.1
20140820,0,PM2.5,78.2,75.4,92.2,75.3,85.7,69.1,99.2,84.9,86.5,84.9,91.3,103.7,90.7,68.8,77.2,80.7,103.1,91.6,82.1,66.6,84.4,93.9,62.9,72.5,61,66.7,71.5,92,57.5,97.1,86.5,77.8,124,78.4,81.9
20140820,0,PM10,,98.9,127.8,92.8,141.5,117.6,177.8,,,127.8,146.2,208.2,142.9,80.5,,116.5,,131.2,,,147.5,,,91.6,,,,,74.7,156,94.6,,,111.7,
20140820,0,AQI,117,110,120,108,122,104,120,106,116,114,101,114,107,107,118,119,124,111,92,103,120,98,107,101,96,88,91,106,93,110,128,112,154,120,113
20140820,1,PM2.5,73.9,74.4,86.5,68.7,85.1,66.2,99.7,79.9,93.1,79.9,96.3,112.9,90.2,66.1,77.7,74.9,104,91.7,88.5,63.4,108.6,86.9,58.7,66.1,69.2,78,56.7,79.1,54.8,106.3,82.6,72.2,122.1,70.1,67.1
20140820,1,PM10,,87.4,108.4,79.9,115.1,98,144,,,109.7,135.7,208.2,119.4,90.8,,99.1,,133.3,,,161.4,,,89.1,,,,,68.4,150.6,,,,101.7,
20140820,1,AQI,117,110,120,108,123,103,122,106,117,114,103,116,108,106,117,119,126,112,92,102,119,98,105,100,95,88,91,105,93,112,128,111,156,119,113
20140820,2,PM2.5,78.6,77.9,91.9,73.6,87.5,64.3,97.1,83.1,102.8,87.7,100.5,109.7,91,72.2,78.8,75.1,96.5,80.2,87.8,69.4,111.7,81.5,73.9,71.5,81.2,78.4,54.7,72.3,65.4,105.7,84.5,70,122.7,82.8,63.1
20140820,2,PM10,,85.1,108.1,100,134.8,91.9,153,,,110.6,134.6,183.1,123.8,95.6,,100.7,,96.6,,,151.2,,,93.5,,,,,83.6,151.2,,,,111.7,
20140820,2,AQI,118,111,121,108,124,103,122,105,118,115,103,116,109,106,116,118,127,112,93,101,119,97,103,99,95,88,90,104,92,113,128,111,158,119,113
20140820,3,PM2.5,91,82.4,96.5,87.8,99.3,78.4,107.7,87.6,107,102.7,107.5,121.9,92.7,82.5,78.5,79,101.3,84.4,71.7,71,112.2,86.2,75.6,74.8,87.2,71.5,58.9,71,74.6,107.8,101.3,88.2,123.8,92.8,74.1
20140820,3,PM10,,108.1,117.1,121.1,146.2,111.2,161,,,129.5,133,198.8,137.2,96.9,,106.7,,107.8,,,137.8,,,96.5,,,,,81.9,143.7,,,,138.8,
20140820,3,AQI,118,111,122,108,125,104,123,106,119,116,104,118,109,106,115,117,127,112,93,101,119,97,102,98,95,88,90,103,93,115,129,111,159,119,112
20140820,4,PM2.5,105,94.6,105.3,100.3,103.3,87.1,115.3,84.8,102.9,105.4,112.2,122.4,105.2,85.1,85.4,83.7,105.3,82.6,69.1,62.4,95.5,81.5,75.3,80.2,92.8,74.7,66.1,75.4,74.9,102.9,114.3,97.2,126.2,104.3,88.7
20140820,4,PM10,,123.8,129.3,124.7,146,127.6,177,103.9,,133,131.1,194.7,138.6,92.3,,103.1,,111.5,,,101.4,,,105.3,,,,,89.6,125.1,,,,144.6,
20140820,4,AQI,119,111,122,109,125,104,124,106,120,116,105,120,110,106,115,117,126,111,93,100,118,97,100,98,96,88,90,102,93,116,129,112,160,120,113
20140820,5,PM2.5,111.2,94.3,111.4,100.1,108.1,90.3,115.9,79.2,111.6,111.6,113.3,134.4,103.1,92.2,99.2,92,103.1,86.4,67.4,69.5,86.3,79.8,70.3,80.9,99.6,76.9,66.7,79.9,81.5,102.4,117.8,105.1,143.1,100.5,93.3
20140820,5,PM10,,119.8,138.3,118.2,140.8,131.6,171.8,89.8,,146.9,124.5,208.2,129.8,104,,119,,110.8,,,,,,98.1,,,136.3,87.9,92.6,120.3,,,,149.8,
20140820,5,AQI,119,112,123,109,125,105,126,105,120,116,107,123,111,107,115,116,126,111,93,100,117,98,99,98,97,89,90,101,94,117,130,112,161,120,113
20140820,6,PM2.5,112.3,101.8,117.5,98.1,112.4,97,120.7,82,112.8,111.4,111.9,128.6,102.5,101.4,94.4,89.3,105.5,91.2,67.4,64.2,82.2,91.3,78.5,86.6,99.8,73.8,71.7,90.6,93.2,100.1,124.8,108.7,150.3,109.2,101.9
20140820,6,PM10,,114.7,145.4,120.1,131.9,133.3,188.8,95.2,,144.5,123,177.2,129.4,104.2,,113.2,145.5,109.1,,,100.2,,,97.2,,,136.4,,111.6,,,,,160.8,
20140820,6,AQI,119,112,123,109,125,105,127,105,121,117,108,126,111,108,115,116,125,111,93,99,116,98,98,98,98,89,90,102,96,118,131,113,162,121,113
20140820,7,PM2.5,116.8,101.8,126.4,104.8,117.5,101.2,129.4,87.6,120.2,112.2,112.5,131.9,100,102.4,105.9,100.2,116.7,95.5,73.8,70.1,91.9,79.9,85.3,94.9,97.4,70.3,76,95.3,109.4,96.3,121.7,108.9,161.2,116.2,103.8
20140820,7,PM10,150.5,122.8,157.6,128.5,154.6,140.5,208.8,135.1,,139.4,114.5,205.8,127.1,118.7,,135.9,161.8,124.5,,,102.1,,,124.6,,,132.9,107,124.1,165.2,,,,175.4,
20140820,7,AQI,120,112,125,110,125,105,128,105,121,117,109,128,112,108,116,116,125,111,93,99,116,99,97,98,98,89,91,102,99,120,131,113,163,121,114
20140820,8,PM2.5,121.3,119.3,129.9,110.3,126.2,103.5,131.5,112.8,128.6,120.2,135.3,131.7,105.3,117.1,121.2,115,125.4,104.8,82.8,70,100.3,73.6,105.2,105.1,98.3,71.4,78.6,113.2,125.4,102.8,132.8,114.2,164,125.3,110.8
20140820,8,PM10,171,133.5,166.3,156.2,184.4,146.5,165.3,132.4,,170,138.1,236.9,141.3,138.1,,151.6,160.5,140.1,,,126.8,,,147.6,,,131.4,114.6,141.3,139.6,,,,200.5,
20140820,8,AQI,120,113,125,110,125,106,128,107,122,118,112,131,112,109,117,116,125,111,94,99,116,98,97,99,99,89,91,103,100,120,131,113,164,121,113
20140820,9,PM2.5,132.3,125.1,135.5,116.8,140.7,112.3,138.9,122.7,138.4,131.5,135.9,139,115.6,128.1,133,124.3,145.4,123.4,114.1,87.4,104.7,92.1,113.2,111.9,89.8,74.3,89.8,116.6,135,123,137,123.7,181.4,129.4,119
20140820,9,PM10,183.7,158.6,182,167.6,202.7,162.4,185.4,148.2,,193.2,164.9,222.7,171,174.2,,165.9,189.6,174.1,,,135,,,145.2,,,99,,148.5,174.2,,,,227.6,
20140820,9,AQI,120,113,125,110,124,105,128,108,123,119,115,132,113,109,116,117,127,112,97,99,116,99,97,100,99,89,91,103,101,121,131,113,163,121,113
20140820,10,PM2.5,140.1,138.4,143.5,123.5,148.9,122.4,153.6,122,144,134.3,135.4,144.2,122.6,120.1,128.4,130.7,151.7,129.3,127.2,103.9,113.4,95.2,121.6,117.6,88.8,83.1,92.1,103.9,123.7,122.7,144,130.5,201.8,139.9,127.2
20140820,10,PM10,186.3,174.4,198.2,185.5,216.1,179.9,233.6,165.8,165.5,192.6,160.7,186,171.2,203.4,,168.4,196.9,187.3,206.8,127.4,133.3,,,155.2,,,125.1,,153.3,171.3,,,,231.7,
20140820,10,AQI,120,113,125,111,125,106,128,108,124,119,118,133,115,109,116,117,129,113,100,100,117,100,97,102,98,90,91,102,102,122,132,114,166,121,113
20140820,11,PM2.5,133.4,130.2,142.1,113.8,149.9,113.6,158.8,126.5,152.6,118.4,130.2,151.4,107.1,118.3,121.7,125.9,152.4,127.5,125.5,99.1,124.4,95.1,101.9,127.8,76.6,90,99.2,99,113.3,112.8,140.3,125.7,,121.6,122.2
20140820,11,PM10,138.9,,161.8,141.7,192.3,158.3,244.1,162.3,185.3,162.2,152.6,205.7,146.7,153,,144.8,193.4,167,153,116.7,159.1,,,182.7,81.9,,126.3,,133.6,164.5,,,,165.9,
20140820,11,AQI,120,114,126,111,127,106,130,109,126,120,121,135,115,111,116,117,132,114,102,100,118,101,97,104,98,90,92,102,104,123,132,114,164,121,112
20140820,12,PM2.5,104.2,101.8,119.9,94.1,123.2,91.5,131.6,130.5,160.1,102.5,102.2,128.4,114.9,112.7,,121.9,146.9,119.2,119.1,118.5,132.3,96.7,87.6,123.6,77.7,100,,77.3,102.4,127.2,109.4,97.8,,107,99.5
20140820,12,PM10,,,121.8,,,115.7,,182.3,162,105.2,123.5,169.8,163.8,142.4,,,163.5,146.4,156.3,141,180.3,133.6,,159.8,344.5,,,,111.1,213.2,,,137.4,113.1,
20140820,12,AQI,120,115,127,112,127,106,132,111,129,122,121,138,118,113,,116,134,116,104,102,120,102,98,106,99,101,93,102,106,125,133,115,164,122,112
20140820,13,PM2.5,87.1,94.5,92.7,85,85,88.8,99.5,140,119.3,94.5,99.5,96.3,114.2,91.9,94.2,94.5,114.1,120.7,100,107.8,152.3,117.4,77.3,112.7,100.7,106.2,41.8,61.1,73.1,139.5,88,92.3,,102.2,90.4
20140820,13,PM10,,,,90.5,,95.1,,170.7,,,114.3,100.8,143.5,,,,,158.5,,,201,140.9,,143.1,121.2,,143.2,,77.2,197.1,,,44.9,116.7,
20140820,13,AQI,120,116,128,113,126,110,133,113,131,123,125,139,120,115,118,116,135,123,108,109,123,129,99,115,106,119,101,101,107,128,133,116,165,123,112
20140820,14,PM2.5,87.3,83.2,88.9,86.4,82.7,70.1,93.4,94.9,95.6,97.3,112,104.5,126.9,83.4,68.3,67.5,90.5,136.8,82.7,79.9,147.5,104.8,56.7,126,94.9,120.9,59.2,68.8,69.7,151.4,98.8,84.8,,93.4,68.5
20140820,14,PM10,105.5,96.7,125.3,,128.1,88.3,158.1,,118.1,147.1,149.8,188.6,181.9,98.8,,,,157.7,120.8,,162.3,113.6,,182.5,104.3,140.8,87.1,,89.4,228.3,,,136.4,114.8,
20140820,14,AQI,122,117,129,114,127,110,134,115,132,125,127,141,124,116,118,115,134,147,114,108,139,150,99,149,120,146,103,103,107,133,134,117,167,124,112
20140820,15,PM2.5,93.9,82,118.3,91.8,101.4,72.6,132.4,92,127.6,124.9,121.2,122.4,135.2,90.7,58.7,56.2,75.6,91.6,103.7,68.2,90.2,83.3,59.3,117.4,104.5,106.9,61.3,76.7,69.4,134.7,104.9,88.8,,94.7,73.7
20140820,15,PM10,143.2,126.3,175.8,194.1,164.9,119.1,231.6,153.2,148,171.2,152.7,206.9,183.9,131.2,,,,105.1,170.8,77.4,,86.4,,135.6,146.5,,92.9,,111.4,174.5,,,200.5,151.7,
20140820,15,AQI,123,123,132,121,129,125,138,116,142,137,131,144,128,123,118,115,134,138,120,105,141,148,105,152,148,154,112,105,108,137,136,118,102,126,112
20140820,16,PM2.5,101.4,104.5,134.1,106.9,113.4,82.2,143.3,105.5,126,126.7,118.7,132.1,115.2,89.7,74.2,51.8,71.9,106.9,117.4,71.3,84.8,71,76.9,80.1,114.4,88.2,56.1,75.6,65.3,112,106.8,97.6,,112,85.1
20140820,16,PM10,153.9,142.3,177,194.5,206,136.9,227.2,167.9,170.7,164.8,152.1,258.6,144.9,97.7,,74.1,75.7,156.9,172.8,87.8,106,,,108.7,130.4,,82,,111.5,122.8,170.3,147.2,204.5,173.7,
20140820,16,AQI,126,127,136,126,132,128,143,119,147,140,134,148,131,125,120,115,134,145,126,114,141,139,123,141,161,152,109,107,108,139,137,121,104,129,114
20140820,17,PM2.5,117.2,99.7,128.4,106.8,126.2,83.2,132.6,111.7,135.4,107,104.4,128.3,101.3,89.6,78.5,48.3,74,133.6,114.6,74.1,81.4,62.5,92.6,115,100.6,72,66.2,83.3,73.6,111.8,121.4,101.3,,110.1,92.8
20140820,17,PM10,150.5,123.4,141.2,110.8,171.7,143,155,193.2,163.9,110.2,128.5,186.2,125.2,139.5,,92.1,106.7,201.2,155.1,103.1,113.3,71.4,,195.8,136.6,,97.4,,107.7,142.6,,,166.2,139.6,
20140820,17,AQI,130,127,140,126,135,128,146,122,150,136,137,152,133,124,121,115,135,148,129,117,141,130,133,146,150,139,113,109,108,141,140,123,105,131,116
20140820,18,PM2.5,102.7,100.1,109.1,97.5,114.9,93.8,112.9,121.2,122.3,95.4,102.5,117.3,97.6,80.5,78.5,58.5,76.7,124.8,100.7,85.4,84.7,54.2,111.6,129.6,117.6,64.6,78.8,81.6,69.9,103.1,117.2,96.4,,102.4,94.5
20140820,18,PM10,135.7,130.8,129.8,133,126.4,136.4,114.1,179.4,125.2,133.1,139.4,187.1,152.3,151.8,,101.1,111.5,177.9,130.6,122.6,148.9,74.3,,204,165.3,,109.5,,106.8,158.4,,,133.8,162.6,
20140820,18,AQI,132,124,142,123,139,125,149,126,147,136,140,155,135,121,122,115,136,138,124,113,131,122,132,143,140,128,110,110,108,142,142,125,105,133,118
20140820,19,PM2.5,97.9,92.1,99.1,92.9,102.3,81.7,104.1,111,119.7,90.7,104.1,122,91.9,86.5,82.7,66,83.9,116,101.3,92.2,92.6,57.4,134.9,120.4,124.9,72.8,75.3,66.6,75.9,100.8,101.7,91.2,,103.6,82.2
20140820,19,PM10,161,131.5,145.4,148,170.1,139.4,158.8,171.9,138,146,146.5,218,158.3,128.1,,138.4,134,169.1,155.9,128.7,152,77.8,,171.2,173.6,,100.2,,183.4,171.3,,,164.6,171.6,
20140820,19,AQI,133,125,143,124,140,114,151,128,150,136,141,157,136,122,122,115,137,135,121,104,131,108,125,131,123,120,92,111,109,143,143,125,105,134,119
20140820,20,PM2.5,98.3,90.8,93.5,89.7,98.6,88.3,100.7,109,121.6,85,95.2,115,91.7,77.2,79.6,76.3,89.5,112.1,98.9,97.5,92,56.7,137,117.8,130.2,79.1,69.1,74.5,79.2,95.5,106.3,88.9,,99.5,89.6
20140820,20,PM10,119.8,114,119.7,101.6,144,134.6,163.5,174.2,155.1,118.1,127,219.5,147.1,116,,162.9,132.5,157.6,166.6,135.6,163.6,90.3,,176,164.4,,111.2,,146.6,216.6,,,150.3,144.5,
20140820,20,AQI,133,126,143,125,141,115,152,131,152,137,142,158,136,121,121,115,138,137,123,106,133,108,121,128,120,117,93,111,110,143,143,126,105,134,119
20140820,21,PM2.5,91.3,89.2,82.8,80.8,92.6,76.3,90,114.2,117.5,80.6,90,98.9,86.1,87.3,86.8,86.9,88.8,117.5,99.7,95,92.8,62.8,140.1,110.4,127,89.4,78.2,66.9,91.6,99.8,92.7,95.1,,98.6,77.9
20140820,21,PM10,139.9,128.6,105.3,121.1,123.7,128.6,129.4,191.6,157.5,125.4,118.6,170.7,127.8,152,,152.3,142.1,180,172.5,150.2,168.3,107.9,,160,154.2,,128.9,,133.3,160.1,,,118.5,177.1,
20140820,21,AQI,133,127,143,125,141,115,152,133,154,137,142,159,136,121,121,115,138,139,124,107,133,109,117,130,124,107,94,110,111,144,143,127,105,134,119
20140820,22,PM2.5,100.3,98.9,90.7,90.3,94.1,76.8,89.2,110.8,110.5,90.3,84.6,91.9,84.7,97.1,97.5,90,89.5,116.4,100.4,107.2,100.3,73.4,132.8,114.3,134.2,89.7,75.2,92,97,104.1,109.4,99.5,,105.6,91.9
20140820,22,PM10,140.5,136.3,114.3,118.6,142,130.5,143.2,149.9,132.3,151,114.3,152.3,134.3,134.7,,157.6,128.8,163,197,141.5,152.3,120.2,,152,146.1,,125,,141.4,163.7,,,126.9,179.3,120.3
20140820,22,AQI,134,128,143,125,141,115,152,135,155,136,142,158,136,122,120,115,138,141,125,109,134,109,121,133,128,109,94,111,112,145,144,128,104,136,120
20140820,23,PM2.5,105.2,97.4,100.7,95.7,99.6,88.5,93.6,109.6,99.9,99.2,89.7,102.4,93.8,102.1,102,105.1,94.6,108.2,95.5,94.8,91.2,85.5,132.7,109.8,129.6,89,85.2,112.6,97,99.8,108.7,107.9,,108.5,99.9
20140820,23,PM10,148.7,131.3,127,129.7,141.8,134.8,147.1,159.6,120.5,144.4,115.2,166.2,142.2,133.6,,162.7,169.9,156.2,165.6,114.7,137,131.1,,145.8,139.8,,131.1,,138.4,140.6,,,133.9,176.9,130.3
20140820,23,AQI,136,129,144,126,142,116,152,137,156,137,142,158,136,124,121,116,137,142,126,110,135,109,124,135,132,110,95,112,115,145,145,130,104,137,121
