date,hour,type,dongsi,tiantan,guanyuan,wanshouxigong,aotizhongxing,nongzhanguan,wanliu,beibuxingqu,zhiwuyuan,fentaihuayuan,yungang,gucheng,fangshan,daxing,yizhuang,tongzhou,shunyi,changping,mengtougou,pinggu,huairou,miyun,yanqing,dingling,badaling,miyunshuiku,donggaocun,yongledian,yufa,liulihe,qianmeng,yongdingmengxi,xizhimengbei,nansanhuan,dongsihuan
20140301,0,PM2.5,158,95,185,130,195,142,165,195,146,169,175,148,184,140,109,186,154,166,161,118,134,113,175,132,119,104,57,130,84,198,149,139,158,129,143
20140301,0,PM10,163,114,208,199,221,156,200,203,129,222,192,159,224,142,132,212,161,166,192,127,144,121,149,133,102,106,72,107,96,274,165,173,186,142,203
20140301,0,AQI,110,92,118,116,126,113,146,138,128,146,149,143,149,112,96,44,105,132,141,84,101,95,122,107,100,72,70,97,100,175,103,106,118,116,111
20140301,1,PM2.5,150,147,178,169,210,145,159,178,141,181,179,168,167,144,127,249,154,150,157,107,138,109,152,156,108,111,62,135,67,193,140,141,179,164,170
20140301,1,PM10,180,152,201,243,240,163,182,182,115,215,193,168,205,146,161,261,167,164,185,116,149,125,156,127,88,98,68,109,77,263,160,159,155,132,259
20140301,1,AQI,116,98,125,121,135,119,151,144,134,151,155,148,153,115,99,51,108,138,147,88,107,98,125,113,105,77,71,97,97,178,108,111,125,122,118
20140301,2,PM2.5,159,151,165,172,177,189,161,174,136,178,171,168,172,160,109,230,140,150,154,111,150,123,218,130,97,114,65,122,67,185,146,148,155,168,198
20140301,2,PM10,171,157,179,223,193,226,189,178,106,204,179,170,190,179,122,243,146,141,172,121,140,111,180,106,97,96,73,101,72,266,163,166,134,133,303
20140301,2,AQI,122,103,131,127,140,124,157,149,139,156,160,152,158,119,101,48,111,144,153,91,114,103,133,119,108,83,72,97,95,180,112,116,130,127,122
20140301,3,PM2.5,167,165,155,168,176,215,171,172,131,173,165,151,174,157,96,178,154,126,146,106,135,107,195,108,126,107,65,110,74,192,155,157,132,170,208
20140301,3,PM10,139,169,162,191,191,255,202,177,91,203,165,169,206,167,106,197,164,115,166,119,146,94,161,72,88,84,73,112,93,254,160,172,142,135,297
20140301,3,AQI,124,108,135,131,144,128,163,156,143,160,166,157,164,124,100,42,117,148,161,94,121,107,139,123,113,88,74,95,93,181,117,120,133,132,127
20140301,4,PM2.5,140,143,132,131,175,178,165,178,86,162,167,147,193,137,133,166,146,101,141,99,153,107,194,113,100,97,68,130,134,191,173,163,136,163,201
20140301,4,PM10,142,157,149,138,193,204,182,187,25,181,180,157,219,141,162,191,138,88,158,90,172,79,161,86,69,79,85,132,145,242,144,140,141,131,318
20140301,4,AQI,126,111,136,133,149,133,167,163,144,162,173,161,172,125,103,39,123,150,167,97,128,111,147,128,117,93,75,99,95,185,121,124,136,135,135
20140301,5,PM2.5,121,125,121,122,156,177,124,175,62,124,115,146,195,140,185,133,154,95,115,105,157,99,188,89,60,87,69,137,145,186,132,126,124,128,172
20140301,5,PM10,56,104,99,92,168,206,129,180,24,138,53,158,249,152,245,158,154,82,133,107,144,85,163,30,5,88,85,122,121,286,83,67,57,60,241
20140301,5,AQI,130,115,139,137,156,140,170,169,144,164,175,165,177,126,110,27,129,153,171,100,134,115,155,131,118,98,77,104,99,188,126,128,139,139,142
20140301,6,PM2.5,89,83,79,80,134,114,88,173,56,100,42,133,138,182,179,134,130,72,90,108,150,101,187,59,55,104,79,120,114,191,85,83,85,96,139
20140301,6,PM10,38,60,56,18,137,87,76,159,11,112,5,92,158,191,226,148,114,63,91,112,138,78,148,29,27,85,87,127,95,232,34,25,5,20,160
20140301,6,AQI,132,117,141,139,161,144,171,175,143,166,171,168,179,131,117,40,134,155,171,103,140,119,163,132,118,103,80,109,99,193,128,130,141,141,147
20140301,7,PM2.5,73,59,54,62,114,56,80,154,40,78,,99,11,133,165,153,111,54,59,122,144,101,171,46,40,98,85,141,87,183,66,73,76,65,151
20140301,7,PM10,37,67,56,17,120,57,82,159,7,79,,36,36,135,213,156,118,49,84,124,130,86,135,31,21,77,86,121,79,214,37,37,14,27,222
20140301,7,AQI,133,118,141,139,165,145,172,181,140,167,,170,174,134,123,40,138,155,170,108,146,123,170,132,117,106,82,114,99,197,129,131,142,142,153
20140301,8,PM2.5,73,74,53,39,90,52,67,152,39,57,,60,39,73,120,140,120,40,18,129,123,90,142,56,19,107,92,151,93,180,52,69,59,62,130
20140301,8,PM10,38,74,56,49,90,62,85,158,15,68,,21,62,51,130,141,110,48,22,186,125,100,149,56,24,82,94,160,98,219,53,36,7,15,151
20140301,8,AQI,134,119,141,138,168,145,172,185,138,166,,169,172,135,127,38,142,155,166,112,151,125,174,133,115,108,86,120,100,201,129,132,143,142,158
20140301,9,PM2.5,55,59,39,38,67,41,51,153,22,44,,46,38,31,51,125,125,37,16,137,137,122,167,36,12,104,109,158,119,178,56,56,41,52,64
20140301,9,PM10,7,41,34,5,53,29,55,139,5,58,,54,59,40,54,138,126,50,28,187,140,122,185,33,17,77,93,137,84,193,26,16,5,5,43
20140301,9,AQI,133,120,139,137,168,144,170,190,135,164,,166,169,132,128,38,146,154,162,117,158,129,180,129,112,113,89,125,101,204,128,132,141,140,158
20140301,10,PM2.5,27,27,21,28,32,30,29,148,7,41,,20,25,21,29,92,129,26,11,113,115,111,124,21,11,106,106,114,49,158,44,37,41,30,27
20140301,10,PM10,5,22,36,5,33,31,45,97,8,52,,5,45,25,27,97,120,32,22,142,119,92,75,6,27,75,89,67,5,158,7,5,10,5,19
20140301,10,AQI,131,117,136,134,166,143,166,194,131,160,,162,164,128,126,34,150,152,157,121,162,132,183,126,109,115,93,129,100,206,127,129,140,137,156
20140301,11,PM2.5,23,15,16,25,10,15,23,19,12,25,,11,17,13,21,44,65,12,8,40,105,57,66,20,27,103,49,42,15,94,20,15,24,24,14
20140301,11,PM10,5,5,6,5,16,18,24,5,13,28,,5,33,16,21,41,54,18,12,49,114,30,25,5,8,65,30,5,5,21,5,5,5,5,5
20140301,11,AQI,128,115,132,130,162,139,161,191,126,155,,157,157,123,123,19,151,149,152,122,167,132,182,124,107,121,95,128,97,206,124,126,138,134,152
20140301,12,PM2.5,19,3,3,17,6,15,12,15,17,20,,11,7,3,6,10,38,13,7,26,68,23,37,3,3,50,17,23,6,44,3,13,15,23,3
20140301,12,PM10,5,10,10,5,15,18,18,5,5,24,,5,26,15,11,18,35,17,8,31,70,5,5,10,5,23,22,5,5,5,5,5,5,5,5
20140301,12,AQI,125,111,128,125,157,135,155,188,123,149,,152,150,118,119,166,148,145,146,121,167,130,179,121,103,119,93,126,95,203,120,121,135,130,147
20140301,13,PM2.5,17,15,3,17,3,3,6,8,5,17,,14,20,3,14,6,19,14,5,11,31,21,19,19,3,25,21,12,13,39,15,13,21,19,10
20140301,13,PM10,5,5,9,5,10,8,8,5,5,22,,5,51,5,15,12,21,14,6,18,11,5,5,5,5,5,13,5,5,5,5,5,5,5,5
20140301,13,AQI,121,107,122,121,151,131,148,183,118,143,,146,144,115,116,158,146,140,140,119,163,128,175,119,98,120,92,124,94,197,116,116,132,125,144
20140301,14,PM2.5,8,3,15,16,3,3,3,5,23,13,,9,28,3,6,4,15,14,3,11,31,6,3,3,3,21,15,15,3,37,8,14,6,10,6
20140301,14,PM10,5,11,5,5,5,5,8,5,5,17,,5,40,6,10,7,5,17,9,7,15,5,5,5,6,5,5,5,5,5,5,5,5,5,5
20140301,14,AQI,117,103,116,115,147,126,142,177,114,136,,140,138,110,114,150,144,133,133,117,157,125,170,114,95,119,90,121,90,190,112,111,126,119,140
20140301,15,PM2.5,10,12,3,9,3,4,11,3,8,14,,12,27,3,7,,6,14,9,3,24,11,7,3,3,20,3,12,9,39,23,13,7,17,3
20140301,15,PM10,5,5,5,5,11,7,15,5,5,18,,5,41,15,9,,9,29,20,6,25,5,5,5,6,8,9,5,24,9,5,5,5,5,5
20140301,15,AQI,112,98,111,110,142,122,136,169,107,130,,134,132,106,111,,138,126,125,115,151,122,166,108,91,117,88,119,87,184,107,107,119,115,136
20140301,16,PM2.5,12,3,14,3,3,3,9,3,3,22,,25,34,24,11,8,17,18,26,,22,16,3,3,14,,3,21,16,24,3,6,3,5,8
20140301,16,PM10,5,15,18,5,10,12,23,11,15,47,,67,68,26,15,18,19,62,71,,24,5,5,5,18,,11,5,23,5,5,5,5,7,11
20140301,16,AQI,107,94,106,106,137,119,131,160,102,126,,129,129,105,109,139,133,120,120,,148,120,162,101,87,114,85,117,85,178,103,103,115,111,132
20140301,17,PM2.5,20,18,25,23,20,7,30,18,34,35,,44,35,23,22,15,14,18,45,14,,17,3,18,16,3,12,17,21,14,15,22,20,30,16
20140301,17,PM10,34,40,45,51,34,34,63,8,58,57,,81,61,34,41,32,38,53,79,30,,5,9,21,26,8,18,5,30,21,31,35,32,31,25
20140301,17,AQI,104,91,104,104,134,116,128,154,97,123,,127,124,103,106,138,132,113,116,110,144,117,159,94,83,110,82,115,83,171,100,100,111,108,130
20140301,18,PM2.5,36,32,38,43,35,26,43,10,41,41,,44,41,43,31,23,18,25,40,18,27,8,20,25,11,10,12,10,32,46,37,36,41,39,26
20140301,18,PM10,63,60,56,84,63,57,73,11,41,71,,62,61,46,49,55,43,44,69,6,35,12,21,36,22,11,19,14,34,58,53,47,43,50,44
20140301,18,AQI,102,89,100,101,131,112,122,147,91,119,,123,120,101,104,135,129,106,111,107,139,112,154,88,78,106,79,113,82,168,98,98,108,104,127
20140301,19,PM2.5,51,41,43,53,42,52,46,44,42,55,,61,55,43,45,46,32,40,48,20,48,31,33,22,7,22,27,16,38,79,47,32,102,38,36
20140301,19,PM10,53,56,59,97,68,69,78,77,44,94,,110,96,52,72,73,56,72,84,25,84,45,36,41,21,36,38,19,38,97,60,37,35,41,60
20140301,19,AQI,100,87,96,98,126,110,116,142,86,114,25,119,116,100,103,133,126,100,106,103,135,107,150,82,72,102,76,111,81,166,96,94,109,100,124
20140301,20,PM2.5,38,45,52,58,48,48,64,67,34,65,66,83,86,49,54,65,47,74,54,65,58,46,42,28,7,15,39,43,50,101,54,34,72,59,41
20140301,20,PM10,52,60,79,108,75,65,100,93,48,122,144,185,127,77,79,106,84,110,88,96,72,120,43,46,16,22,62,52,67,122,57,43,52,63,53
20140301,20,AQI,97,85,94,97,120,107,111,138,82,111,24,115,114,100,101,132,122,95,100,101,131,102,145,83,67,97,73,110,81,164,94,91,106,99,120
20140301,21,PM2.5,72,61,75,88,65,67,94,96,40,89,119,110,106,77,69,73,57,88,86,85,60,81,31,29,4,15,43,67,59,124,77,69,88,81,56
20140301,21,PM10,98,83,103,165,109,100,131,119,56,156,169,235,146,105,100,104,75,125,152,106,84,107,48,32,14,26,58,69,70,157,106,104,89,95,85
20140301,21,AQI,96,84,93,95,115,104,108,135,77,109,31,113,114,99,99,130,118,92,96,99,127,98,138,79,61,92,70,108,81,163,94,90,103,98,116
20140301,22,PM2.5,90,78,98,89,85,80,103,73,51,116,133,124,131,82,83,81,63,67,74,73,93,67,53,22,5,18,80,77,67,126,96,90,94,93,69
20140301,22,PM10,113,105,126,166,124,115,138,77,68,187,185,220,179,106,112,107,86,92,133,65,127,71,112,31,15,25,136,99,89,189,116,101,96,94,99
20140301,22,AQI,96,85,95,94,112,100,104,130,74,108,35,110,114,100,98,129,113,87,91,96,124,94,131,74,55,87,71,107,81,162,95,91,101,99,112
20140301,23,PM2.5,106,113,112,116,101,98,117,66,60,142,143,133,147,106,100,88,96,38,70,86,115,70,114,21,4,18,131,72,92,150,107,110,95,93,87
20140301,23,PM10,130,132,147,185,138,139,158,68,69,234,207,266,195,128,129,112,121,50,108,142,124,80,126,46,14,29,156,55,108,222,130,132,117,107,122
20140301,23,AQI,95,88,94,94,108,98,101,125,70,108,39,109,114,99,98,124,111,82,86,96,123,91,128,67,51,83,74,104,82,161,95,92,99,98,109
