date,hour,type,dongsi,tiantan,guanyuan,wanshouxigong,aotizhongxing,nongzhanguan,wanliu,beibuxingqu,zhiwuyuan,fentaihuayuan,yungang,gucheng,fangshan,daxing,yizhuang,tongzhou,shunyi,changping,mengtougou,pinggu,huairou,miyun,yanqing,dingling,badaling,miyunshuiku,donggaocun,yongledian,yufa,liulihe,qianmeng,yongdingmengxi,xizhimengbei,nansanhuan,dongsihuan
20141019,0,PM2.5,303.5,268.9,266,275.3,322.3,383.4,249.9,156.5,262.1,309.4,276.3,261.3,277.4,368,345.7,425.5,283.5,175.7,185.6,,151.8,267.2,159.5,184.5,283.9,190.4,238.2,325.1,301.3,287.4,437.1,411.6,357.7,415.6,
20141019,0,PM10,428.8,329.7,318.3,366,448.2,482.9,365.5,204.6,335.6,380.5,364,428,370.4,384.6,362.1,470.8,370.3,245.3,224.1,,208.4,296.5,167.3,209.2,296.6,219.4,268.8,,,377.4,463.8,,440.4,444.5,
20141019,0,AQI,227,220,218,219,240,268,215,148,203,246,207,217,213,281,287,307,210,147,156,,122,190,107,129,119,163,229,302,293,235,288,299,261,281,
20141019,1,PM2.5,306.6,298.7,287.7,301.7,320.7,395.2,248.1,169.8,270.4,321,292.5,247.3,271.3,355.7,365,378.7,286.9,193.1,171.6,,152.4,252.1,193.4,202.6,292,182.9,249.3,303.3,307.4,285.3,434,418.4,342.4,419.3,
20141019,1,PM10,441.5,385.4,363.3,398,427.3,465.3,360.9,207.3,324.4,408.1,368,395.6,348.8,,382,380.6,362.7,242,210,,218.3,273.8,193.6,225.1,294.1,214.9,264.4,,,382.5,444.4,,436.2,435.2,
20141019,1,AQI,233,226,223,225,246,276,220,151,209,253,216,221,219,286,293,314,218,153,163,,127,199,112,134,133,168,234,306,299,240,297,307,267,290,
20141019,2,PM2.5,305,306.3,252.7,306.5,302.3,395.7,229.1,178,259.8,342.9,244.8,238.5,240.3,351.1,381.9,362.1,276.1,198.1,173.7,,162.7,248.9,200.3,224.3,301.1,197,228.9,313.9,318.2,294.8,422.6,430,284.6,402.3,
20141019,2,PM10,437.6,378.4,321.4,386.8,441.1,452.9,339.5,193.4,296.5,438.5,274.7,358.8,327.1,362.2,397.1,370.9,353.2,263.3,198.6,,228.7,276,,239.5,,215.9,242.7,,345,447,,,365.3,409.3,
20141019,2,AQI,238,232,228,231,251,285,224,155,215,260,222,225,224,291,300,321,224,160,171,,132,206,118,141,147,174,237,310,305,246,306,316,271,299,
20141019,3,PM2.5,294.5,291.7,236.9,302.2,323.4,402,247.3,168.2,253.1,344.1,225.2,235.7,250,348.9,412.4,355.8,269.4,213,160.4,,167.9,245.1,209.7,237.2,313.2,220.3,227.3,303.4,317.6,296,393.1,410.7,273.7,398.6,
20141019,3,PM10,446.8,339.3,304.8,378.6,447.2,471.6,370.9,189.2,285.7,430.4,283.2,352.3,366.8,358.7,460.3,361.5,326,268.4,178,,237.4,260.3,,245.6,,241.1,245,,,412.7,,,367.3,,
20141019,3,AQI,244,238,231,238,259,294,229,159,221,268,228,230,230,297,309,328,231,168,178,,138,213,126,148,163,180,241,314,309,253,314,324,276,307,
20141019,4,PM2.5,308.6,293.7,246.9,295.9,319.7,414.2,240.7,168.6,249.5,346.2,235.8,237.5,274.5,361.1,405.9,352.5,268.4,207.8,157.7,,186.8,232.9,214.3,248.1,315.1,219.7,230,298.5,305.3,287.6,348.8,396.1,289.3,390.5,
20141019,4,PM10,444.1,323.8,323.8,362.6,432.7,488.7,338.6,201.5,280.3,450.7,332.6,346,378.5,364.5,433.1,,320.5,269.8,185.2,,257.7,249.1,,251.5,,234.3,251,,,380.8,360.3,,396.7,,
20141019,4,AQI,252,245,236,244,267,304,234,164,226,275,236,237,238,304,319,336,238,175,183,,144,219,134,158,180,187,245,319,313,260,320,332,282,316,
20141019,5,PM2.5,331.3,307.6,263.5,257.4,321.3,398.4,230.3,172.9,296.5,311.4,243.5,221.7,279.3,402.3,385.2,353.8,230.3,212.5,163.2,,199,229.4,217.8,254.4,312.8,221.2,224.2,291.3,277.2,295.4,362.5,438.1,313.1,382.1,
20141019,5,PM10,508.5,352.8,353.1,340.4,433.6,448.8,347.5,202.4,309.4,363.6,315.8,321.5,398.4,416.2,396.2,,250.4,278.6,205.6,,265.4,248.5,,,,235.1,257.6,,,432.2,387.2,,447.3,,
20141019,5,AQI,261,252,242,250,275,313,239,169,233,281,244,241,247,313,329,345,244,182,190,,152,225,143,168,196,194,248,324,316,268,329,343,290,325,
20141019,6,PM2.5,331,301.1,291.9,288.1,327.7,380.1,258.4,181.1,262.5,288.4,254.1,231.1,274.7,407.8,360.7,335,220.6,224.6,198.2,,197.9,229.6,243.7,260.6,318.3,217.6,235,286.8,264.3,283.5,404.8,453.7,341.5,384.4,
20141019,6,PM10,492.5,352,391.7,430.5,406.7,407.2,369,210.6,286.7,363.9,343.3,352.9,452.9,,363.1,,233.8,271.1,255,,251.6,237.5,,,,225.8,255.3,,,391,429.9,,464.7,406.7,
20141019,6,AQI,271,260,250,258,284,323,246,175,239,287,253,246,256,323,338,353,250,190,199,,159,231,154,181,210,201,252,330,319,275,340,355,299,336,
20141019,7,PM2.5,322.2,277.7,304.7,305.2,307.4,366.9,271.8,183.1,252.6,308.6,271.8,241.9,256.5,400.6,360.5,320.6,221.8,226.7,258,,198.8,242.4,242.9,260.3,320.6,220.1,228.2,292.7,245.7,282.4,417,489.1,339.6,390,
20141019,7,PM10,450.4,318.8,397.1,453,382.6,396.4,385.1,212.8,299.6,388.4,387.3,359.1,407.8,415.6,395.5,327.4,269.7,291.7,310.6,,257.3,255.3,,,,225.6,251.6,,,431.2,449.6,,432.7,443.9,
20141019,7,AQI,281,267,259,267,292,333,253,180,244,294,263,252,265,334,348,359,255,199,208,,167,238,165,193,222,206,256,336,321,282,352,370,308,347,
20141019,8,PM2.5,301.4,272.2,294.2,304,307.1,349.9,275.2,190.3,268.5,324.4,307.5,250.7,269,394.6,348.9,316.6,224.6,251.5,228.6,,195.1,252.5,233.5,270.4,319.9,221.6,212.4,295.2,257.6,264.8,386.4,549.3,334.5,405.1,
20141019,8,PM10,441.4,337.2,378.2,442.3,380.5,379.6,372.7,239.3,314.7,407.4,407.7,361.2,450.6,407,381.5,329.8,289.5,331.5,297,,272.3,304.8,,,,228.5,234,,,417.2,399,,417.6,482.4,
20141019,8,AQI,290,275,267,276,301,343,260,187,250,302,274,258,273,345,357,366,261,207,216,,174,245,175,205,233,211,260,342,324,288,363,387,317,358,
20141019,9,PM2.5,301.4,300.3,297.2,306.7,318.4,344.9,269.9,220.6,272.4,334.8,322.1,267.2,288.6,377.8,346.3,336.5,238,267.9,225.6,,206.2,265.7,256.4,267.8,331.8,224,194.9,314.7,268.7,277,397.6,551,334.9,411.6,
20141019,9,PM10,426.3,395.1,385,427.6,378.8,395.4,393.4,257.4,310.5,419,402.5,386.7,497.2,426.3,373.8,378.4,298.5,363,284.4,,283.6,345.4,,,,226.1,212.3,,,437.1,409.8,,421.2,509,
20141019,9,AQI,299,283,275,285,309,352,267,192,256,311,285,265,282,355,366,374,268,214,224,,182,252,186,214,245,217,262,348,327,295,374,403,326,370,
20141019,10,PM2.5,310.9,309.8,309.6,314.3,325.2,374.5,294.9,284.5,284.7,363.8,350.1,286.1,306.7,363,342.8,343.5,267.3,290.4,215.1,,213.2,283.4,292.2,300.8,330.9,229.2,188.9,300.6,231.1,315.2,405.6,583.6,353.4,400.8,
20141019,10,PM10,439.7,410.4,401.5,462.3,397.5,441.9,413,337.5,349.5,478.7,420.3,409.9,497.5,,345.1,384.6,350.2,361,298.6,,277.4,365.3,,,,,211.6,,,471.6,427.8,,434.1,483,
20141019,10,AQI,309,292,284,294,318,363,273,202,263,321,295,272,290,365,374,382,275,221,231,45,191,260,200,224,256,223,264,354,328,305,386,416,335,381,
20141019,11,PM2.5,324.3,279.7,325.1,273.8,343.5,388.3,304.5,309.9,302,356.8,376.2,301.3,341.8,271,266.6,305.7,,295.1,318.3,,235.8,285.5,296.3,328.5,323,252.2,188.8,217.9,193.9,353.2,378.4,500.5,360.7,352.6,
20141019,11,PM10,454.3,357.8,422,385.8,499.7,481.1,417.1,355.8,370.5,426.1,444.7,421.2,469.9,279.4,287.6,321.5,,373.5,407.1,,345.2,351.6,,,,271,218.1,,,506.5,,,449.6,412,
20141019,11,AQI,318,300,292,301,328,374,281,211,270,330,305,280,299,368,376,387,,228,240,37,201,269,210,234,268,230,266,353,325,314,397,426,345,390,
20141019,12,PM2.5,248.5,218.2,293.2,211.6,367.9,320.6,322.4,327.3,331.2,276.7,411.7,323.6,269.9,216.5,213.7,245.3,271.8,309.4,335.8,,248.9,262.5,285.3,340.7,322.1,249.6,189,193.2,213.2,290.5,294.1,404.7,364.5,264.3,
20141019,12,PM10,301.9,273.9,346.7,292.7,414.6,369.9,442.6,394.3,397.4,,457.4,465,316.8,,217.3,271.5,316.4,375,410.6,,338.8,263.8,,,,293.5,215.2,,,380.4,,,411.9,276.9,
20141019,12,AQI,323,303,300,305,338,380,289,220,280,335,316,288,304,368,374,387,289,237,247,33,209,276,219,243,278,237,267,350,322,319,402,432,354,394,
20141019,13,PM2.5,187,195.5,212.7,188.8,231.6,225.5,306.3,345.6,369.6,245.1,302,310.4,225.7,222.2,217.9,215.7,242.1,319.3,336.4,,241.1,219,287.7,351,324,262.1,212.1,199.8,201.5,250.2,256.8,351.6,255.1,244.3,
20141019,13,PM10,240.6,240.6,260.4,272,241.5,268.7,363.4,413.7,454.5,280.3,,388.6,288.6,249,224.4,240.2,291.3,388.9,387,,329.2,264.9,,,,301.8,241.8,,,317.2,,,298.1,260.9,
20141019,13,AQI,324,305,303,307,342,382,296,230,292,339,322,297,307,367,371,386,293,247,258,33,216,280,229,253,289,244,269,346,319,321,403,436,358,396,
20141019,14,PM2.5,185.6,189.5,212.8,191,224,226.4,235.2,374.6,321.9,228.1,284.8,232.6,213.5,210.8,200.6,211.1,,331.2,273.5,,241.5,236.2,298.6,376.4,358.3,228.3,202.2,185.2,173,267.7,245.9,342.3,250,236.5,
20141019,14,PM10,233.7,233,255.4,255.9,272.4,250.3,286.6,442.8,360.9,265.6,,287.2,297,,,,,403.6,296.2,,325.7,278.8,,,,267.4,206.7,,,327.2,,,280.3,245.6,
20141019,14,AQI,325,305,305,308,344,381,300,242,303,342,328,302,310,365,367,385,,257,266,29,222,283,238,264,301,250,270,341,316,325,404,439,361,396,
20141019,15,PM2.5,165.5,157.6,196.7,159,214,197.8,222.9,386.1,315.9,198.7,280.5,219.5,207.3,161,169.3,181.3,185.7,335.5,244.5,,230,238.1,336.3,385.2,370.5,241.4,193.4,134.7,145.1,245.1,215.5,288.6,241.3,203.1,
20141019,15,PM10,180.3,179.5,220.2,197.6,240.6,203,271.6,435.4,363.7,,,267.5,240.5,,,,212.7,396.8,263.2,,327.3,279.9,,,,280.8,209.9,,,291,,,256.5,,
20141019,15,AQI,323,303,306,307,345,380,303,255,312,342,332,305,312,362,363,382,295,268,272,33,227,287,250,277,315,255,271,335,312,327,402,439,363,393,
20141019,16,PM2.5,138,138.5,165.7,131.9,173.4,172,219.9,378.2,363.4,167.5,241.9,198.2,171.2,151.5,156.1,179.7,163.6,297.7,236.8,,229.1,213.5,355.6,380.1,378.1,246.6,195.1,126.9,130,215,188.6,256.9,195,177,
20141019,16,PM10,168,149.6,175.2,155.3,185.8,,284.1,400.9,416.2,,,228,184,,,,182,341.2,248.9,,347.8,214.6,,,,286.5,212.6,,,254.8,,,,,
20141019,16,AQI,320,299,304,304,343,377,304,267,321,340,334,307,310,359,358,378,295,277,275,34,233,291,263,290,328,261,271,328,307,327,399,438,361,388,
20141019,17,PM2.5,134.3,131,139.2,127.4,164.6,160.6,320.7,384.3,347.5,150.3,211.6,166.6,148.2,148.2,148.2,193.7,,,201.3,,228.2,207.3,360.4,379.4,382.7,240.4,191.6,121,175.6,186.9,176.5,258,171.6,174.7,
20141019,17,PM10,154.6,153.2,151,157,193.2,,455.2,408.6,375.6,,,190,162.8,,,,,,212.8,,346.4,226.5,,,,268.4,207.3,,,235.5,,,,,
20141019,17,AQI,316,296,300,300,339,373,308,277,327,337,333,305,308,355,354,374,,283,276,32,238,293,276,303,341,268,268,321,304,325,395,437,357,384,
20141019,18,PM2.5,131.3,132.1,136.8,133.7,156.1,161.2,338.9,373.3,305.6,152.2,205.6,160.1,141.8,149.3,140.3,225.8,162,,182.1,,215.3,222.1,364.6,359.7,379,231.2,185.2,140.6,169.6,188.6,184.6,275.8,172.4,185.5,
20141019,18,PM10,167.1,155.9,158.6,163.9,201.5,168.6,456.7,393.3,312.8,165.4,,219.8,161.7,,,,181.7,,206.3,,329,253.7,,,,255.2,,,,225.8,,,183.8,,
20141019,18,AQI,313,293,297,298,335,369,313,286,331,334,332,303,305,352,348,371,292,288,274,49,241,294,289,314,354,271,265,315,300,323,391,436,353,381,
20141019,19,PM2.5,138.5,131.4,203.8,138.5,329.3,175.4,340.4,378,225.5,168,227.2,172,165.4,177.8,173.5,208.1,170.9,,200.7,,228.1,292.9,352,346,358.4,249.3,138,182.3,176.5,209.8,202.1,319.4,346.1,187.9,
20141019,19,PM10,198.1,152.3,279.7,177.2,469.9,184.6,445.3,407.1,,173,,252.2,198.5,,,,209.4,,274.2,,350.1,430.2,,,,279,,,,267.3,,,465.5,,
20141019,19,AQI,308,290,297,294,338,366,318,296,331,330,331,300,301,348,343,366,289,291,273,59,244,296,300,323,364,274,260,309,296,320,386,436,357,377,
20141019,20,PM2.5,229.9,146,321.3,155.2,360.4,191.6,,379.8,183.3,188.8,235.5,186.3,181.3,196.6,191.4,204.9,188.1,,237.6,,220.6,306.4,338.3,312.7,337.4,254.6,143.5,185.3,148.5,197.2,211.4,293.2,406.7,206.4,
20141019,20,PM10,345.5,170.2,410,205.9,478,214.2,,382.6,,198.2,,249.4,187.8,,,,218.9,,288.6,,298.7,409.2,,,,278.2,148.5,,,223.1,,,502.1,,
20141019,20,AQI,307,287,300,291,342,362,319,306,330,327,329,295,297,344,339,357,286,292,273,49,247,299,309,332,371,276,255,303,289,318,379,434,360,371,
20141019,21,PM2.5,168.4,167,202.6,163.2,352.9,193.8,,385.9,271,207,253.8,190.3,179.7,173.2,192.9,216.3,193,,271.4,,226.4,274,324.3,319.3,325.4,239.5,163.8,191.7,120.2,177.4,211.7,302.5,300.2,215.1,
20141019,21,PM10,187.6,185.4,,190.2,447.3,,,386.3,299.8,208.2,,237.7,190.5,,,,216.1,,328.8,,305,301,,,,246.2,,,,,,,305.6,,
20141019,21,AQI,302,285,299,286,344,356,320,317,332,323,328,291,293,337,334,347,282,,275,38,251,301,318,339,376,275,253,296,282,313,373,431,357,365,
20141019,22,PM2.5,157.1,159.5,151.3,135.2,172.8,178.1,,372.2,259.1,186.3,274.7,213.5,170.1,154.1,154.4,207.1,193.3,,297.9,,200.6,187.7,308,310.1,314,202,180.1,199.7,130.9,162,192.3,265.3,195.7,176.8,
20141019,22,PM10,166.7,170.9,,140.6,,,,,285.9,,,247.1,,,,,194.7,,324.6,,258.5,188.4,,,,,,,,174.8,,,,,
20141019,22,AQI,297,281,295,281,338,350,321,327,332,318,326,287,287,330,326,338,279,,278,29,255,299,323,345,379,276,253,290,275,309,365,428,350,358,
20141019,23,PM2.5,125.1,145.9,146.3,129.6,149.8,163.6,,358.9,187.3,159.9,212.2,182.5,144.8,160.1,154.2,178,185.7,,266.1,,175.2,195.6,321.3,316,297.9,193.7,191.9,189.5,178.6,164.1,167,222.8,173.5,164.8,
20141019,23,PM10,137.3,,,131.8,,,,,,,,195.9,,,,,,,273.6,,240.3,,,,,,,,,176.7,,,,,
20141019,23,AQI,290,276,290,275,331,340,322,335,330,312,323,283,282,322,319,328,275,,281,25,257,296,329,351,380,277,252,284,269,304,356,423,342,350,
20141019,0,SO2,31.1,11.3,10.9,5.1,16.4,9.5,16,6.5,13.4,8.9,21.5,9.2,8.5,18.5,12.4,23.4,10.7,8.8,12.4,,9.7,6.1,7.6,9.3,29.9,12.5,46.3,11,2,3.7,9.7,26.3,,15.9,
20141019,0,NO2,221.3,129.5,214,208,253.5,218.1,188.8,115.2,107.3,193.5,111,171.1,155.2,186.8,184.4,150.3,131.5,116.2,88.8,,39.8,87,54.5,37.1,128.2,15.7,60.4,84.6,115.2,82.3,206.5,219.9,,199.5,
20141019,0,O3,3.2,5.2,2,2.3,2,2,2,2,46.8,2,38.5,3.1,2,2,12.8,2,2,23.7,44,,97.2,6.8,69.2,84.2,36.3,112.2,98.3,2,2,2,2,2,,2,
20141019,0,CO,3.6,3.8,3.6,4.2,4.2,4.5,3.9,1.8,2.4,3.1,2.4,4,3.9,3,3,3.8,3.4,2.4,1.9,,1.7,3.3,1.8,1.9,2.6,2.1,1.8,3.2,2.2,1.8,4.5,6.1,,3.8,
20141019,1,SO2,29.7,12.1,15.6,5.3,17.9,10.8,17.5,7,15,12,16.8,9.1,8.3,16.2,12.7,17.5,11.9,9.2,10.8,,7.3,4.6,8.6,7.9,26,7.2,49.7,10.3,2,4.4,9,20.4,,16.1,
20141019,1,NO2,197.5,143.9,224.3,201.4,253.5,203.9,170.4,103.9,104.6,189.5,153.5,166.6,146,164.6,177.1,118.1,102.7,69.7,77.9,,35,71.8,56.9,35.2,140.6,14.7,64.3,87.2,90,73.9,195,208.5,,184.4,
20141019,1,O3,2.9,5.7,2,2,2,2,2,2,42.6,2,2.4,3.3,2,2,12,2,2,55.6,43.8,,86.7,9.5,71.6,74.2,5,89.6,84.8,2,2,2,2,2,,2,
20141019,1,CO,3.4,3.8,3.9,3.9,4.2,4.3,3.5,1.9,2.3,3,2.7,3.4,2.8,2.4,3.4,3,2.8,2.4,1.7,,1.8,3.2,2,2,2.6,2,1.8,2.8,2.3,1.7,3.7,5.1,,3.4,
20141019,2,SO2,21.1,12.2,11.5,4.7,16.3,11.4,,6.3,11.7,12.7,21.8,7.6,8.1,17.6,13.9,16.7,10.5,7.9,11.3,,7.3,3.9,7,9.1,27.5,7.3,49.2,13.4,4.7,10.8,7.1,16.9,,16,
20141019,2,NO2,194,152.3,201.7,191.2,235.6,202.1,164.1,97.7,100.3,185.7,138.3,154.2,135.5,161.6,165.2,105.6,69.1,115.4,69.2,,32.8,78.5,56.2,35.7,134.6,17.3,59.9,99.8,139.1,73.6,181.5,201.8,,173,
20141019,2,O3,2,5.5,2,2,2,2,2,2,29.2,2,14.7,3.2,2,2,10.5,2,2,9.6,46.1,,83.3,2,62.8,73.5,4,70,86.7,2,2,2,2,2,,2,
20141019,2,CO,3.9,3.7,3.5,3.5,3.9,4,2.9,1.9,2.4,2.8,2.2,3.5,2.2,2.4,3.3,2.6,2.2,2.7,1.7,,2,3.1,2.1,2.1,2.6,2.1,1.7,2.6,2.2,1.7,3.2,4.3,,3.1,
20141019,3,SO2,16.6,11.8,12,4.2,14.5,9.8,13.3,6.6,9.5,11.9,16.6,7.8,6.4,13,13.8,14.2,3.2,7.2,11.7,,7.2,5.1,5.1,6.8,27.6,9.3,47.3,12.5,11.6,8.4,6.2,16.4,,15.5,
20141019,3,NO2,204,119.9,187,184.5,216.6,194.3,162.5,91.4,100.2,175.8,137.4,163.9,131,156.2,167,91.4,64.4,108.9,63.8,,33,91.1,48.4,36.5,128.6,17.6,62.2,95.9,143.6,75.8,179.2,185,,168,
20141019,3,O3,3.6,4.6,2,2,2,2,2,2,21.4,2,4.2,2,2,2,8.6,2,2,15,46.9,,77.7,2,63.3,61.3,2,74,79.8,2,2,2,2,2,,2,
20141019,3,CO,3.3,3.3,3.1,3.5,3.7,4.1,2.9,1.6,2.3,2.7,2.1,3.2,3,2.6,3.7,2.5,,2.6,1.5,,2,3.2,2.1,,2.6,2.3,1.7,2.3,2.1,1.5,3.6,4,,3.1,
20141019,4,SO2,15.7,11,12.1,4.1,14.7,9.4,12.8,6.7,7.7,11.7,14.4,9.9,6,13.1,12.8,13,3.3,6.8,9.8,,7.4,4.8,3,5.4,29,7.8,49.7,14.2,13.6,9.4,6.4,13.2,,14.7,
20141019,4,NO2,188.5,112.2,191,178.4,203.8,171.5,154.9,93.7,101.9,181.3,166.8,162.8,128.7,161.1,153,84.8,74.8,116.1,68.2,,33.6,85.3,40.5,37.7,117.4,16.2,70.9,93.8,118,67.1,178.7,174.9,,164.9,
20141019,4,O3,4.1,4.5,2,2,2,2,,,11.9,2,2,2,2,2,8.4,2,2,2.2,32.6,,72.1,2,63.3,45.6,8.5,67.6,64.1,,2,,3.1,2,,2,
20141019,4,CO,3.4,3.3,3.4,3.6,3.7,3.9,2.9,1.7,2.3,2.8,2.5,3,2.7,2.8,3.6,2.5,1.7,2.7,1.6,,2.1,3.1,2.1,2.1,2.6,2.3,2,2.3,1.8,1.5,3.9,3.9,,3.1,
20141019,5,SO2,14.4,12.2,12.8,4.5,14.4,8.1,11.9,7,9,11.8,13.6,10.8,5.3,13.5,13.9,12.1,3.1,5.1,9.8,,6.7,4.8,3.4,4.5,26.1,6.9,49.4,21.3,14.6,9.8,5.8,16.3,,16.6,
20141019,5,NO2,174.4,124.7,193.6,186.3,191.9,152.7,151.8,85.3,129.3,182.4,146.2,154.9,142.2,160.2,131.1,78.9,90.5,110.9,75,,40.4,79.4,49.4,35.9,114.2,,67,110.2,101,87.4,162.8,185.4,,168.2,
20141019,5,O3,2.2,4.5,2,2,2,2,2,2,2,2,2,2,2,2,9.8,2,2,2,26.3,,55.2,2,53.5,39.7,3.9,62.8,70.1,3.2,15,2,2,2,,2,
20141019,5,CO,4.6,3.4,3.7,3.7,3.8,3.6,2.6,1.8,2.5,3.3,2.5,2.6,2.7,3.2,3.3,2.4,1.8,2.8,1.7,,2.2,3,2.1,2.1,2.5,2.2,2,2.2,1.6,1.7,3.9,4.1,,3.5,
20141019,6,SO2,13.6,13.1,14.2,5.6,13.3,7.3,11.6,6.7,8,13.2,13.7,11.1,7.9,16.8,11.5,12,4.3,5.4,10,,5.7,4.3,6.5,4.2,26.1,5.4,51.6,22.6,9,9.3,6.7,15.3,,18.1,
20141019,6,NO2,164.7,122.5,185.9,193.1,172.5,126,149.2,84.2,130.9,172.7,146.9,153.8,150.5,149.3,119.5,77.5,91.6,110.1,96.5,,42.2,71.8,58.6,36.1,110.5,14.1,66.7,107.9,86,79,160.5,157.4,,158.4,
20141019,6,O3,2,4,2,2,2,2,2,2,2,2,2,2,2,2,10.2,2,2.2,2,8.3,,42.6,2,60.4,31.8,2.9,50.4,68.3,2.4,7.1,2,2,2,,2,
20141019,6,CO,4.3,3.4,3.8,4.2,3.5,3.1,2.7,1.9,2.6,3.5,2.6,2.8,3.1,3.2,3.1,2.4,2.4,2.9,2,,2.1,2.9,2.2,2.2,2.6,2.4,2.2,2.1,1.6,1.6,4.6,3.8,,3.7,
20141019,7,SO2,12.1,11.9,11.9,5.2,12.2,6.8,12.1,6.7,8.9,14.3,12.1,10.9,9,16.5,10.4,12.4,3.5,5.8,13.7,,5.4,4.3,4,4.2,27,4.6,54.6,16.6,4.9,8.9,6.5,20.3,,22.5,
20141019,7,NO2,149,100.5,166.4,177.1,150.7,113.6,144.1,78.6,139,159.8,150.8,146.8,157.5,148.6,112,82.5,91.4,104.7,105.2,,46.4,63.6,62.2,38.5,104.7,13.2,69,102.3,73.1,97.9,150.8,155.1,,156.5,
20141019,7,O3,2,3.3,2,2,2,2,2,2,2,2,2,2,2,2,8.5,2,2,2.1,6.9,,31.3,2,38.7,26.6,6.6,42.5,69.9,2.3,2,2,2,2,,2,
20141019,7,CO,4.1,3.2,3.8,4.2,3.1,3,2.7,1.9,2.6,3.5,2.9,2.9,3.2,3.6,3.1,2.5,2.5,3,2.4,,2.2,2.6,2.2,2.3,2.6,2.4,2.1,2.2,1.5,1.8,4.5,4.2,,4,
20141019,8,SO2,11.5,11.7,11.6,4.7,11.5,7,13.1,6.1,10.3,15.1,12.1,11.8,12.2,18.1,9.8,14.9,3.9,8.2,9.8,,4.6,7.3,2,3.8,28,5.6,54.4,16.2,3.7,8.4,5.4,19.2,,25.6,
20141019,8,NO2,129.1,97,151.8,164.1,146.7,108.9,138.8,80.3,136.8,161.3,144.7,141.2,159.4,144.3,111.6,90.9,90.6,112.8,105.8,,48.7,69.5,64.9,40.9,100.1,13.3,68.9,100.5,62.2,88,135.5,165.4,,159.3,
20141019,8,O3,2.2,3.2,2,2,2,2,2,2,2,2,2,2,2,2,7.9,2,2,2,4.1,,22.5,2,24.2,19.7,10.3,44.8,67.7,2.6,2,2,2,2,,2,
20141019,8,CO,3.7,3.1,3.6,4.1,3.1,2.7,2.7,2,2.7,3.6,3,2.9,3.4,3.5,2.9,2.5,2.7,2.9,2.3,,2.2,2.9,2.2,2.3,2.6,2.4,2,2.2,1.5,1.8,3.9,4.5,,4.5,
20141019,9,SO2,11.1,14.5,11.9,5.2,13.2,7.2,14.2,6.1,10.7,17.1,16.3,13.6,17.7,25,12.9,22.6,10.4,10.4,12.1,,7,11.6,5.6,4.6,31.8,6.8,82.4,23.3,9.6,7.8,6.4,16.3,,26.4,
20141019,9,NO2,134,134.1,158.2,165.4,152.9,105.9,135.1,77.6,129.5,162.8,144.7,143.2,166.5,148.3,124.7,96,97.7,109.2,106.4,,56.5,79,104,45.9,104.7,11.9,70.1,102.3,78.8,118.8,140.1,172.3,,159.2,
20141019,9,O3,2.7,3.4,2,2,2,2,2,2,4.5,2,2,2,2,2,10.8,2,2,2.7,8.4,,17.1,2,5.1,13.3,6.4,40,68.9,3.9,2.3,2,2,2,,2,
20141019,9,CO,3.8,3.7,3.7,4.1,3.1,2.7,2.6,2.2,2.8,3.7,3.1,3,3.5,3.3,2.8,2.6,2.9,3.2,2.2,,2.3,3.4,2.3,2.2,2.7,2.4,1.8,2.2,1.6,2,3.9,4,,4.7,
20141019,10,SO2,13.6,20,13.7,8.6,16.8,9.9,17.6,7.4,13.3,20.8,21.1,18.1,18.5,31.9,19.9,26.8,19.5,17.2,17.4,37.6,15.2,19.8,15.6,9.1,37,13.5,86.4,35,42.1,9.5,7.2,22.4,,27.2,
20141019,10,NO2,153.2,159,180.7,189.5,169.6,137,141.4,102.4,144.9,199,151.9,152.1,191.2,155,126.9,107.8,110.1,123.2,112.5,88.9,56.8,96.1,103.1,73.2,98.3,13.5,75.1,103.9,87.2,159.2,154.8,184.1,,171.2,
20141019,10,O3,3.6,4.2,2,2.6,2,2,2,2,4.9,2,2,3.5,2,2.9,18.8,2,3.1,5.1,12.8,29.5,28.3,5.5,22.1,14.9,29.5,45,71.2,9.4,29.8,2,2,2,,2,
20141019,10,CO,3.7,3.5,3.9,4,3.1,3.1,2.7,2.4,2.9,4.1,3.1,3.1,3.5,2.8,2.4,2.5,2.8,3,2.2,2.5,2.4,3.1,2.2,2.5,2.5,2.3,1.7,2.1,1.4,2.2,3.7,3.8,,4.5,
20141019,11,SO2,14.7,28.6,15.9,14.3,17.9,12.3,18.6,8.7,16.2,25.7,24.4,21.7,26.3,40.4,35.8,55,,22.3,31.6,64.4,37.7,27,24.5,18.7,44.6,35.7,69.6,36.3,38.8,15,8.9,30.1,,25.2,
20141019,11,NO2,167.5,157.3,204,168.7,187.4,154.5,148.7,113.7,154.5,186.2,172.5,167.6,170.7,96.2,86.1,104,,118,147.5,73.9,88.1,83,88,87.9,80.7,22,75,92.3,75.1,143.9,162.9,170.2,,166.6,
20141019,11,O3,3.9,5.7,2,4.3,2,2,2,2,5.5,2,2,5.3,4.1,31.4,50,20.7,,17.6,7.7,62.8,35.1,34.3,58.2,33,81.1,87.6,74.6,24.7,41.5,17,2,2,,2,
20141019,11,CO,3.7,2.4,3.9,2.5,3.3,3,2.7,2.6,2.8,3.2,3.1,3.1,2.5,1.6,1.7,1.8,,2.8,2.5,1.8,2.5,2.5,2.1,2.5,2.2,2.1,1.6,1.7,1.2,1.7,2.9,2.5,,3.5,
20141019,12,SO2,32.2,40,28.6,23.9,20.4,24.5,26.8,15,26.1,37.2,33.4,25.3,32.7,38.3,31.2,53.5,38.7,19.7,28.4,60,41.8,51.4,27.1,22.2,43.5,40.9,55.8,33.3,29.7,24.2,18.5,40.3,,25.5,
20141019,12,NO2,123.6,103.5,157.8,106.2,201.7,141.5,169.2,131.3,159,89.7,176.5,196.4,104,62.1,60.5,77.9,107.5,116.7,167.2,65.1,94,91.1,70.4,89.9,76.6,27.4,69.9,81.9,70.7,81.7,134.5,118.6,,144.2,
20141019,12,O3,31.4,43.3,21.8,34.5,2,16.3,2,4.9,22.1,44.1,5,6.7,36.1,60.9,68.6,48.4,28.7,22.8,20.1,75.6,34.2,47.3,89.8,48.5,113.7,83.6,82.6,34.7,54,52.2,10.9,22.2,,2,
20141019,12,CO,2.1,1.6,2.5,1.7,3,2.3,2.8,2.6,2.8,1.8,2.7,3.1,1.7,1.3,1.3,1.3,2.4,2.7,2.7,1.6,2.5,2.2,2,2.5,2.2,2.2,1.4,1.5,1.2,1.1,2,1.7,,2.4,
20141019,13,SO2,34.5,38.7,33.9,23.3,29.2,33.5,31.2,14.8,30.8,34.1,37.4,33.9,29.7,35.8,26.4,41.1,43,21.3,35.6,44.5,54,61.1,26.7,23.6,40.4,52.9,45.2,32,25,28.5,24,38.7,,25.3,
20141019,13,NO2,69.3,67.5,81.6,76.7,101.6,83.8,156.5,146,190.5,73.1,83.8,146.6,85.1,62,48.8,53.6,100.5,143.8,157.6,65.4,80.4,63.4,68.8,110.4,96.6,33.6,70.2,77.3,60.7,53.5,104.4,86.4,,130.9,
20141019,13,O3,65,70.7,66.3,59.3,40.3,57.9,13.3,6.8,21.9,60,56.6,33.7,50.4,66.4,84.3,74.5,49.1,20,35.7,81.7,54.9,88,112.8,46.1,106.2,77.2,88.5,37.9,77.7,80.2,23.5,45.7,,2,
20141019,13,CO,1.6,1.4,1.6,1.5,1.5,1.4,2.2,2.7,2.9,1.6,1.6,2.2,1.5,1.4,1.3,1.1,1.8,2.8,2.3,1.6,2.3,1.7,2,2.5,2.2,2.2,1.4,1.4,1.1,0.8,1.6,1.5,,2,
20141019,14,SO2,26.1,29.3,25.7,19,25.7,25,28.7,16.4,37.5,30,30.3,30,24.8,30.8,18.6,32.6,,19.8,33.1,36.5,49.4,47.1,24.6,28.8,31.8,56,34.2,26.9,18.1,26.9,19.9,30.2,,22.8,
20141019,14,NO2,59.7,60.4,71.4,71.3,80.1,67.9,106.9,172.1,123.5,61.3,59.8,75.3,66.1,43.1,41.4,53.1,,168.4,83,56.2,91.1,65,84.5,136,137,24.4,58,71.3,46.3,42.3,102.4,79.3,,134,
20141019,14,O3,83.1,90.2,82.9,83.6,65.1,83.2,41.3,3.3,81.7,84.6,80.5,84.5,85.4,110,107.9,90.3,,21.4,83.1,92.5,59.2,89.5,104.9,57.9,46.6,115,116.7,53.4,114.2,109.7,35.8,60.5,,5,
20141019,14,CO,1.5,1.3,1.5,1.5,1.4,1.3,1.5,2.9,1.9,1.5,1.5,1.5,1.4,1.2,1.1,1,,2.9,1.7,1.5,2.2,1.7,2.2,2.4,2.5,1.7,1.1,1.3,1,0.8,1.5,1.4,,1.8,
20141019,15,SO2,20.3,23.3,16.4,12.9,19.1,19.6,23.6,15.8,25.6,19.9,20.9,22.4,16.7,22.7,16,27.4,21.8,20.4,25.3,27,42,36,24.9,27.8,34.8,42.8,31.5,18.6,14.3,21.2,16,23.6,,20.6,
20141019,15,NO2,47.9,45,58.6,53.5,73.4,60.3,98.8,193.5,122.4,41.8,44.5,63.8,52.4,34.1,37.7,45.4,64.9,180.7,62.3,51.4,91.1,68.1,102,159,156.4,27.9,57,53.7,38.5,34.9,100.3,73.1,,133.4,
20141019,15,O3,102.4,119.2,106.2,114.9,83.7,100.9,56.5,2,70.6,125.1,111.7,116.2,115.4,134.1,126.3,109.8,91.4,23.3,100.2,104.4,57.4,77,95.3,44.1,40,103.4,119.7,82.1,130.8,135.2,46.5,89.6,,9.5,
20141019,15,CO,1.3,1.1,1.4,1.2,1.2,1.1,1.4,2.9,2.1,1.3,1.4,1.4,1.2,1,1,0.9,1.3,2.7,1.6,1.3,2.1,1.6,2.4,2.5,2.5,1.7,1.1,1,0.9,0.7,1.3,1.2,,1.6,
20141019,16,SO2,15.9,18.3,13.9,8.6,16.6,15.3,17.4,14.1,19,18.2,16.5,15.7,14.9,17.5,12,26.7,15.7,19.6,19.1,24.7,39.7,25.3,22.2,22,32,36.8,27.1,17.2,7.9,17.6,11.9,18.8,,19.2,
20141019,16,NO2,47.2,42.6,55.6,46.3,69.2,55.8,116.9,190,168.5,36.3,38,63.6,46.8,35.6,38.8,47.2,59.7,135,51.2,54.2,102.2,72.7,122.7,174.3,180.6,28.6,57.9,48.1,30.1,33.2,85.7,96.5,,141.1,
20141019,16,O3,106.9,125.4,111.8,127.2,90,108.6,47.1,2,30.3,131.9,115.7,122.9,115.3,140.9,128.6,112.5,99.5,46.6,120.7,106.3,48.2,81.8,85.7,26.8,20.2,93.9,108.9,86.1,140.7,129.6,59.8,74.4,,6.1,
20141019,16,CO,1.2,1,1.2,1.1,1,1,1.6,2.8,2.6,1.1,1.2,1.3,1.1,1,1,1,1.1,2.2,1.4,1.3,2,1.4,2.4,2.5,2.6,1.7,1.1,1,0.8,0.6,1.2,1.2,,1.5,
20141019,17,SO2,13.9,15.8,8.3,5.2,11.4,12.9,11.1,12.3,15.6,11.5,14.1,12.5,10.1,16.9,8,25.9,,,13.8,18.5,30.8,22.2,17.2,17,26.8,29.2,22,14.9,5.7,14.5,6.8,18.9,,17.2,
20141019,17,NO2,53.8,52.2,56,51.3,86.4,61.8,183,188.5,162.8,38.3,37.1,57.6,53.5,45.3,41.1,70.1,,,60.8,62.5,115.7,75.6,151,149.9,196.4,24.5,61,49.2,32.2,36.2,100.5,124.6,,144,
20141019,17,O3,102,115.6,111.6,117.7,72.2,104.2,2,2,32.2,127.7,104.5,122.5,104.8,136.6,120.8,74.6,,,104,88.8,32.2,74.5,53.6,26.3,12.8,95.1,91,77.2,126.9,112.7,48.2,51.2,,2,
20141019,17,CO,1.2,1,1.1,1.1,1,1,2.5,2.9,2.4,1.1,1.1,1.1,1,1,1,1.2,,,1.2,1.3,2,1.4,2.5,2.4,2.7,1.5,1.1,1,0.9,0.5,1.3,1.3,,1.5,
20141019,18,SO2,12.1,10.1,6.2,2.4,10.2,9.2,13.1,9.7,10.6,7.4,8.5,9.4,6.2,13.7,5.5,25.5,7.6,,11.3,15.8,16.8,14.3,9.7,10.1,19.6,23.2,17.7,12.6,5.2,8.3,4.5,16.9,,13.2,
20141019,18,NO2,73.7,76.5,74.2,78,92.9,77.9,191.9,176.5,132.3,99.8,48,83.3,65.8,64.9,59.8,102.4,74.9,,82.8,97.9,117.7,92.4,180.1,135.1,202.8,23.1,63.8,58.5,46,40.6,136.7,159.8,,136.6,
20141019,18,O3,78.4,61.6,87.5,70.7,64.6,76.7,2,2,38.7,44.5,80.9,87.4,87.9,99.7,104.3,36.5,65.5,,71.4,54.6,19.1,46.7,16.2,14.3,2,91.8,89.8,55.9,94.8,74.8,16.8,8.4,,2,
20141019,18,CO,1.3,1.1,1.3,1.3,1.1,1.1,2.7,2.9,2.1,1.3,1.1,1.3,1.1,1.1,1.1,1.4,1.3,,1.2,1.7,2.1,1.7,2.5,2.4,2.6,1.5,1.2,0.9,0.9,0.5,1.5,1.7,,1.6,
20141019,19,SO2,11.3,6.2,6.8,2,12.2,6.9,12.7,9.3,8.5,5.2,5.8,6.6,3.8,10.6,3.5,17.7,3.7,,7.4,12.6,9.6,11.3,5.1,8.9,15.5,24.8,13.4,12.9,3.8,6,3.9,16.5,,11.6,
20141019,19,NO2,88.3,77,161.2,104.1,225.9,91.8,196.2,166.3,73,127.7,60.5,118.3,68.3,65.1,48.6,110.2,110.7,,131.5,116.7,109.3,130.1,156.9,116.1,186.4,25.7,53.9,60.4,56.2,45.9,149.7,163.6,,140.4,
20141019,19,O3,60,17.1,18.8,32.1,2,48.7,2,2,80.5,3.4,60.6,39.5,68.4,80.9,107.6,27.6,13.3,,18.4,25.7,13.9,2,13.5,11.5,2,85.7,100.9,44.1,63.3,64.7,2.5,2,,2,
20141019,19,CO,1.4,1.1,2.4,1.5,3.2,1.3,2.9,3.1,1.4,1.4,1.2,1.6,1.1,1.2,1.1,1.2,1.5,,1.5,1.8,2.2,2.2,2.4,2.2,2.4,1.6,0.9,1.1,0.9,0.6,1.8,2.2,,1.8,
20141019,20,SO2,9.8,7.9,9,2,12.2,6.5,,8.1,7.4,4.6,4.1,4.9,2.5,8.9,2.6,12.7,4.9,,5.4,9.6,7.4,11.9,2,11.2,13.7,17.9,10.2,11.4,3.4,4.8,2.7,7.9,,11.7,
20141019,20,NO2,153.2,84.7,207.1,96.2,221.2,125.6,,144.3,60.7,99.8,59.8,116,74.1,63.8,56.8,90.3,116.3,,131.9,97.9,86.6,122.6,152.2,78.8,159.9,23.5,55.9,61.2,43.6,39.3,119.5,113.9,,136.3,
20141019,20,O3,16.1,40.2,2,43.9,2,23.6,,2,75.5,25.1,47.7,30.6,44.3,64.3,85,26.6,5.6,,2.6,35.9,20.7,4.1,2,34.4,2,74.4,80.5,31.1,59.5,44.9,17.2,34.9,,2,
20141019,20,CO,2.5,1.3,3.3,1.4,3.2,1.4,,3.1,1.2,1.4,1.2,1.5,1.2,1.2,1.2,1.2,1.5,,1.8,1.6,2.1,2.2,2.5,1.9,2.1,1.6,0.9,1.1,0.9,0.6,1.5,1.3,,1.7,
20141019,21,SO2,5.1,7.7,3.5,2,11.5,4.4,,8.8,10.1,4.1,4.7,4.7,2,8.2,3.3,11.1,3.6,,5.9,7.5,5.6,10.8,2,9.2,12.9,16.4,10.1,9.4,3.2,4.2,2.1,5.8,,10.9,
20141019,21,NO2,67.5,91.5,87.7,85.3,195.5,80.1,,140.5,153.1,101.4,78,110.9,71.7,94.3,49.5,102.8,102.2,,142.5,75.7,90.4,100.2,127.9,75.8,128.1,18.3,63.7,69.7,37.7,31.5,108.1,111,,125.6,
20141019,21,O3,52.5,34.4,45.3,39.5,2,51.8,,2,2,11.5,18.4,19.4,31.3,19.7,74.4,3.9,14.4,,2,39.9,6.7,24.1,2,22.9,8,86.9,51.3,13,50.3,33.7,15.2,22.7,,2,
20141019,21,CO,1.3,1.3,1.5,1.3,2.9,1.1,,3.2,2.2,1.4,1.3,1.3,1.2,1.1,1.2,1.3,1.5,,2.1,1.5,2.1,2.1,2.5,1.9,1.9,1.4,1,1.2,0.9,0.5,1.4,1.3,,1.6,
20141019,22,SO2,4.8,7.2,2,2,6.6,4.2,,9.8,8.4,4.1,5.4,4.3,2.9,9.5,5,9.6,3,,9,6.6,6.3,10.1,2,6.2,12.7,12.5,9,7.7,3.1,4,2,7.1,,9.7,
20141019,22,NO2,86.4,96,61.5,56.6,69.3,75.2,,114.8,137.3,77.2,83.4,91.2,77.3,68.9,45.4,101.1,80.8,,129.5,56.7,90.8,53.9,115.7,86.3,117.3,15.9,68.7,70.5,46.3,34.5,91.9,97.8,,112.5,
20141019,22,O3,24.8,15.8,48.9,51.5,40.8,39.4,,2,2,19.3,7.9,23.7,20.5,29.2,66.8,2,25,,2.5,43.6,12.5,66.1,2,5.2,7.4,95.5,30,3.8,29.5,29.2,14.3,18.6,,2,
20141019,22,CO,1.3,1.2,1.2,1.1,1,1.1,,3.3,1.7,1.2,1.3,1.2,1.1,1.1,1.2,1.3,1.4,,2.1,1.5,1.7,1.3,2.3,1.9,1.8,1.2,1.2,1.2,1,0.4,1.2,1.2,,1.5,
20141019,23,SO2,6.1,6.9,2,2,6.8,4.8,,9.8,5.4,3.8,4.1,3.2,2.5,10.7,4,8.6,2.9,,7.4,5.7,4,6.9,2,5.1,11.2,10.1,12.9,6.3,6,4.3,2,7.3,,8.1,
20141019,23,NO2,47.6,84.2,59.9,53,59.5,79.3,,102.4,63.5,54.6,56,82.5,56.8,58.1,44.4,95.9,81.4,,108.1,49.2,69.6,49.3,98.5,100.3,122.8,15.4,70.6,64.3,52.7,32.5,67.9,68.9,,93.8,
20141019,23,O3,44.4,16.9,37.6,41.3,36,27.5,,2,46.6,28.6,23.4,20.5,30.3,28.1,55.6,2,9.7,,2,36.5,17.3,54.2,2,2,2,86.3,20.1,2.7,24.7,35.9,20,31.2,,2,
20141019,23,CO,1.1,1.2,1.1,1.1,0.9,1,,3.2,1,1.1,1.1,1.1,1,1.1,1.2,1.2,1.4,,1.8,1.6,1.5,1.3,2.3,2,1.7,1.2,1.4,1.2,1.2,0.4,1.1,1.1,,1.3,
