date,hour,type,dongsi,tiantan,guanyuan,wanshouxigong,aotizhongxing,nongzhanguan,wanliu,beibuxingqu,zhiwuyuan,fentaihuayuan,yungang,gucheng,fangshan,daxing,yizhuang,tongzhou,shunyi,changping,mengtougou,pinggu,huairou,miyun,yanqing,dingling,badaling,miyunshuiku,donggaocun,yongledian,yufa,liulihe,qianmeng,yongdingmengxi,xizhimengbei,nansanhuan,dongsihuan
20140824,0,PM2.5,10.9,15.3,20.8,26.3,18.2,26,18.2,16.6,19.8,17.5,15,17.4,18.1,42.4,71.9,67.9,35,11,12.5,95.6,63.3,46.7,22.5,5,17.9,39.5,94.2,114.1,123.3,62.9,30.6,31.8,,17.5,17.9
20140824,0,PM10,,,,,,,,,,,,,21,,,,,,23.1,,,,,,,,,,,,,,31.1,37.6,
20140824,0,AQI,172,157,155,175,151,151,136,97,126,153,118,140,117,150,171,159,141,85,106,112,114,103,77,79,73,89,117,167,130,122,184,170,104,177,165
20140824,1,PM2.5,24.3,23.7,21.9,15.1,18.2,15.6,17.8,18.4,18.3,11.8,7.6,25.2,3.5,17,20.7,32.9,25.7,8.4,15.6,5.2,32,16.4,18.2,9,19.6,11.1,28,53.7,56,26.8,32.5,25,,20.3,22
20140824,1,PM10,,,,,,,,,,,,,5.5,,,,,,,,,,,,,,,,,,,,12.4,33.3,
20140824,1,AQI,166,152,150,169,147,146,132,94,122,147,112,136,111,145,164,152,137,82,103,107,111,99,74,77,72,85,113,164,129,119,178,163,101,171,159
20140824,2,PM2.5,30.1,23.8,27,22.4,28.2,21.6,25.4,20.5,16.8,19,16.5,23.2,3,17.8,26.9,21.5,17.5,13.3,15.6,9.9,33,7.8,15.5,6.9,8.4,13.7,16.2,29.6,24.9,11.6,38.5,30.1,,26.9,21.1
20140824,2,PM10,,,,,,,,,,,,,16.4,,,,,,,,,,,,,,,,,,,,8.9,,
20140824,2,AQI,160,146,145,163,142,140,129,92,117,142,108,132,110,140,157,144,132,80,100,103,108,94,72,74,69,80,108,158,127,116,171,157,98,165,151
20140824,3,PM2.5,30.9,25.1,33.4,30.7,29.3,26.2,29.5,22.2,26,25,17.6,39.2,15.4,24.2,31.6,20.1,24.3,20.2,11.1,19.8,37.5,12.2,7.9,3,4.8,26.7,21.4,21.9,16.5,17.7,48.9,34,,29.6,26.9
20140824,3,PM10,,,,,,,,,,,,,23.4,,,,,,,,,,,,,,,,,32.8,,,28.1,,
20140824,3,AQI,154,142,142,158,137,136,127,90,113,137,107,128,109,138,153,138,126,78,96,98,106,90,69,71,67,77,104,151,123,114,166,153,95,160,145
20140824,4,PM2.5,36.2,30.3,33.1,29.6,32.1,31.3,27.2,13.8,9.2,32.3,30.7,21.4,23.2,42.4,33.8,27,29.2,14.7,11,22.9,37.1,19.4,9.2,3,11.2,33.9,20,18.7,32.3,21.9,28.8,34.2,,35.3,38.8
20140824,4,PM10,,,,,,,,,,,,,51.9,,,,,,,,,,,,,,,,,59.9,,,14.7,,
20140824,4,AQI,148,139,139,154,134,132,123,87,108,133,104,124,107,137,150,133,122,75,93,96,104,86,67,69,65,75,102,145,120,112,160,149,92,155,141
20140824,5,PM2.5,32.9,35.8,18.8,27.5,28.7,34.7,14.1,10.6,4,17.9,37.1,5.1,20.6,28.1,30.3,25.6,27.8,7.4,10.4,31.5,31.6,11.6,6.8,3.8,12.1,18.4,21,20.1,39.2,27.7,39.3,34.4,,37.3,43
20140824,5,PM10,,,,,,,,,,,,,40.6,,,,,,,,,,,,,,,,,70.1,,,5,,
20140824,5,AQI,143,136,135,150,130,128,119,85,103,129,101,119,105,135,148,129,118,73,90,95,102,81,64,66,62,72,100,139,118,111,155,146,89,151,136
20140824,6,PM2.5,44.9,39.4,11.9,36.3,23.3,38.5,11.1,11,4.2,16.4,25.1,9.8,23.6,27.3,27.2,29.5,38.4,4.2,9.7,30.5,34.6,16.5,14.2,14.2,17.3,20.1,19.3,26.9,43.9,36.7,47.3,38.4,,33.3,43.5
20140824,6,PM10,,,,,,,,,,,,,34.2,,,,,,,,,,,,,,,,,40.5,,,13.1,,
20140824,6,AQI,139,133,131,147,126,124,115,83,99,125,98,114,103,132,145,125,114,70,88,95,101,78,61,64,60,69,97,132,116,110,152,142,86,148,132
20140824,7,PM2.5,23.6,27,10.8,31.5,14,31.7,4.1,11.3,7.8,32.5,30.7,13.3,34.4,30.8,32.5,36,51.2,5.8,12.8,33.6,43,24.9,20.8,7.4,18.3,20.4,23.6,38.4,51.8,36.8,33,40.2,,46.1,49.3
20140824,7,PM10,,,,,,,,,,,,,50.6,,,,,,,,,,,,,,,,,71.7,,,10.5,,
20140824,7,AQI,135,130,127,143,122,120,112,80,95,123,95,110,101,130,142,123,112,67,86,94,99,75,58,61,57,65,94,127,116,109,148,139,82,144,129
20140824,8,PM2.5,8.4,11.5,9,19.4,11.7,20.1,4.7,12,8.7,20.7,37.5,8.5,34.5,33,37.1,44.7,49.3,6.4,7.9,37.3,47.9,22.5,24.3,3,13.7,12.7,28.3,40.6,45,35.5,19.4,37.9,,44.9,27.7
20140824,8,PM10,,,,,,,,,,,,,67.3,,,,,,,,,,,,,,33.7,,,86.3,,,38.3,,
20140824,8,AQI,128,125,122,138,117,115,109,78,92,119,93,106,98,126,136,121,109,64,83,94,98,72,56,57,54,61,92,123,113,108,142,134,79,140,124
20140824,9,PM2.5,3,12.5,9.9,10.2,12,3.7,8.2,11,13,7.2,34.5,6.6,31.3,34.3,17.3,29.9,41,3,5,45,47,16.4,21.9,8.4,15.3,10,32.8,40.7,44.6,43.4,17.4,20.9,,16.2,11.4
20140824,9,PM10,,,,,,,,,,,,,64.3,,,,,,,,,,,,,,40.9,,,91.6,,,33.6,,
20140824,9,AQI,121,118,116,131,110,109,104,73,89,114,91,102,96,121,128,119,105,60,81,94,96,69,53,54,51,57,90,119,111,105,136,128,76,132,116
20140824,10,PM2.5,4.3,5.9,15.6,9,11.2,7.6,6.6,5.2,4.8,11.1,7.6,6.7,24.3,8,10.6,10.6,20.1,7.1,3,36.7,8,4.6,8.9,3,16.8,9.4,29,29.1,42,54.9,14,14.6,,16,8.7
20140824,10,PM10,,,,,,,,,,,,,,,,,,,,,,,,,,,44.9,,,86.9,,,37.3,,
20140824,10,AQI,113,110,110,123,103,101,98,69,84,108,86,98,93,114,120,115,101,57,77,93,91,65,49,52,46,54,88,114,108,102,128,121,73,125,109
20140824,11,PM2.5,6.2,5.6,10.5,12.5,14.5,13.1,9.2,7.9,5,6.9,4.8,7.5,3.4,9.2,14.6,12.5,13.8,16.2,3.9,15.2,15.7,5.7,10.2,3.6,8.5,9.3,25.1,16,30.5,45.2,11.7,14.4,,18.4,10.3
20140824,11,PM10,,,,,,,,,,,,,9.9,,,,,,,,,,,,,,,,,,,,27.4,,
20140824,11,AQI,104,101,102,115,97,94,91,66,80,101,80,92,86,106,113,109,96,54,74,90,87,60,45,49,42,49,85,108,106,98,119,113,69,117,101
20140824,12,PM2.5,3,10.4,10.9,14.4,9.7,7.5,5.8,7.8,3.6,9.7,4.2,4.3,3,6.9,12.2,8.4,15.1,6.4,4.7,10.9,12.7,8.5,10.1,4.5,9.8,7.4,14.5,12.8,6.1,35.1,29.7,15.3,,11.2,12.9
20140824,12,PM10,,,,,,,,,,,,,18.9,,,,,,,,,,,,,,,,,,,,31,,
20140824,12,AQI,96,93,95,107,91,87,85,63,76,94,73,86,80,98,107,103,89,52,70,85,82,56,40,45,39,44,80,102,102,94,112,105,67,107,93
20140824,13,PM2.5,3,13.7,7,4.2,7.8,4.8,7.9,6.3,10.1,7.5,3,5.5,3,11.2,5.7,3,14.2,4.3,3.5,18.2,10.6,12.5,11.4,10,11.3,12.5,9.3,15,18.8,9,24.5,11.7,,12.5,9.7
20140824,13,PM10,,,,,,,,,,,,,11.9,,,,,,,,,,,,,,,,,,,,30.6,,
20140824,13,AQI,89,87,88,99,84,80,79,60,71,87,66,80,75,90,100,97,83,48,65,81,77,53,36,42,38,39,75,98,99,88,105,96,64,99,86
20140824,14,PM2.5,3,4.4,8.5,6.9,9.4,11.5,15.3,4.4,15.8,4.1,8.1,7.5,3,8.3,9.3,4.9,6.9,4.8,3.6,15.2,7.8,6.8,12,4.6,11.2,10.2,12.2,12.5,8.5,11.5,12.1,12.5,,17.5,3.6
20140824,14,PM10,,,,,,,,,,,,,6.9,,,,,,,,,,,,,,,,,,,,26,,
20140824,14,AQI,82,81,81,92,78,76,74,57,65,80,61,74,71,83,93,91,78,44,61,76,73,49,34,40,36,35,71,93,96,83,99,91,62,93,81
20140824,15,PM2.5,4.3,18.5,14,11.1,11.8,10.5,9.4,11.5,5.6,9,5.3,8.8,3,8.8,13.8,14.9,8.2,3,7.9,13.3,9.9,12.6,7.6,3,18.8,6.4,19.4,11.8,11.6,5.4,15.9,15.7,,15.4,15.8
20140824,15,PM10,,,,,,,,,,,11.7,,10.1,,,,,,,,,,,,26.7,,,,,,,,24.7,,
20140824,15,AQI,77,75,75,84,73,71,69,53,60,73,59,70,65,77,88,86,74,41,56,72,69,46,34,37,50,32,67,88,91,77,93,84,60,86,76
20140824,16,PM2.5,6.7,8.4,12.8,14,7.8,13.2,9.5,12.2,5.1,8.4,14.5,8.1,3,9.1,17.8,12.4,8.9,8.9,6.4,23.8,12.4,5.7,10.3,19.5,9.5,4.2,13.2,9.1,8.4,8.2,20.7,10.2,,15.5,15.9
20140824,16,PM10,,,,,,,,,,,,,22.7,,,,,,,,,,,,27.5,,,,,,,,26.3,,
20140824,16,AQI,70,69,68,75,67,66,62,49,54,67,57,64,61,72,84,82,70,37,52,70,65,43,36,34,50,33,64,82,84,71,85,78,56,79,72
20140824,17,PM2.5,3,8.1,7.7,16.9,13.9,5,9.6,7.1,9,4.2,11.3,7.7,3,8.2,12.5,4.8,9,6.9,4,27.7,8.1,8.3,10,5.1,13.8,7.1,15.2,8.1,12,20.3,12.1,15.5,,18.7,11.7
20140824,17,PM10,,,,,,,,,,,16.8,,22,,,,,,,,,,,,32.6,,,,,,,,27.2,,
20140824,17,AQI,64,64,62,69,61,62,58,45,51,62,55,59,56,66,79,77,66,33,47,67,61,40,36,34,49,34,60,75,78,66,79,73,54,74,68
20140824,18,PM2.5,7.2,7.9,9.4,20.5,9.2,8.6,9.5,4.9,12.9,7.9,8.3,12.2,3,13.3,9.3,13.5,5.5,5.5,8.5,20.8,15.4,8.9,8.3,7.1,14.5,7.3,16.4,18.9,10.8,14,21.4,15.6,,22.4,11.2
20140824,18,PM10,,,,,,,,,,,35.4,,45.6,,,,,,,,,,,,38.4,,,,,,,,29.4,,
20140824,18,AQI,58,59,57,64,55,57,52,40,45,56,49,53,54,59,73,70,62,32,42,62,57,36,34,34,42,29,55,68,72,60,73,68,52,68,63
20140824,19,PM2.5,7.2,3,13.6,8.2,16.7,9.7,9.8,11.2,12,14,3.2,28.1,4.4,15.1,16.7,19.8,16,13.9,13.6,17.2,12.8,5.8,11.5,30.2,10.3,6.7,15.2,35,20.1,23,22.3,14.8,,29.7,24.7
20140824,19,PM10,,,,,,,,,,,36.4,,62.1,,,,,,,,,,,,30.5,,,,,,,,43.5,,
20140824,19,AQI,52,52,51,57,50,52,45,35,39,50,44,47,52,54,65,63,58,25,38,57,53,33,30,28,36,28,50,63,66,56,66,61,49,62,58
20140824,20,PM2.5,18.1,11.8,23.5,21.3,26.9,19.7,23,15.1,6.4,24.8,14.9,41.5,11.9,20,17,32.7,24.6,14.8,19.9,10.4,12.6,13.4,14.6,19.9,9.8,9,12,36,42,26.8,23.3,29.1,,40.4,30.7
20140824,20,PM10,,,,,,,,,,,47.1,,110.8,,,,,,,,,,,,35.8,,,,,,,,94,,
20140824,20,AQI,44,45,44,50,44,46,38,29,33,42,35,40,51,48,58,56,53,29,33,52,48,30,23,24,33,25,45,57,62,52,59,56,45,72,57
20140824,21,PM2.5,30.1,33.3,28,30.1,32,35.7,22,23.8,15.4,24.6,32,45.7,16,21.5,36.3,46.7,20.5,28,25.5,14.4,10,12.4,20.7,14.4,10.3,5.6,8.9,36.7,28.7,35.2,51.4,36.3,,39.6,48.7
20140824,21,PM10,,,,,,,,,,,106.9,,108.9,,,,,,,,,,,,21,,,,,,,,129.3,,
20140824,21,AQI,36,39,36,43,37,40,35,26,30,35,33,47,46,42,51,49,47,35,41,46,43,28,34,22,28,24,40,52,56,48,53,50,42,67,48
20140824,22,PM2.5,44.5,47.2,48.2,44.6,44.2,41.5,37.3,34.1,23.6,32.2,36,32.7,23.3,40.7,46.8,51.7,14.5,21.1,26.5,19.1,11.8,12,14,11.8,8.2,8.1,8.5,42.4,23.1,27.6,45.7,51.1,,52.6,47.9
20140824,22,PM10,,,,,,,,,,,75.9,,93.9,,,,,,,,,,,,,,23.4,,,,,,124.5,,
20140824,22,AQI,33,34,32,36,32,36,26,26,26,28,35,39,43,43,44,43,39,30,47,40,39,23,20,20,29,22,35,48,51,44,46,43,39,67,51
20140824,23,PM2.5,50.6,52.6,50.3,47.5,46.3,39.2,44.5,30.5,27,42.8,39.5,42,26,46.8,52.5,18.3,12.5,17.1,31.1,17.8,14.4,7.1,8.9,14,7.9,14.2,14,28.3,27.3,29.7,57.9,52.5,,53.8,46.2
20140824,23,PM10,,,,,,43.7,,,,,107.7,,103.4,,,,,,,,,,,,42.1,,32.7,,,,,,89.3,,
20140824,23,AQI,27,29,30,31,29,37,27,21,27,30,37,28,44,32,36,36,32,24,40,36,34,23,21,22,29,20,32,43,46,40,42,38,39,62,48
20140824,0,SO2,2,2,2,2,2,2,8.9,2.5,2,2,2,2,2,2.9,2,3.9,2.1,2,2,3.8,2,2,2,2,3.4,2.1,8.3,21.6,2,19.8,2,2.2,2,4.1,7.7
20140824,0,NO2,17.9,12.7,23.1,16.1,29.8,20.3,20.2,32.5,11.7,26.4,8.6,16.9,15.4,22.2,27.9,41.9,26.6,25.6,16.8,15.2,12,11.3,20.3,14.2,65.3,2,27.7,33.5,18.1,50.4,26.5,22.8,44.3,54.4,13.5
20140824,0,O3,95.6,110.6,77,98.3,72.5,109.2,64.1,49.1,110.7,73.7,88.6,94.9,90.8,103.2,108.5,86.7,90.1,60.9,102.7,98.9,120.9,116.8,60.7,56.2,5.3,120.5,105.5,38.2,3.4,46.2,91.1,101.6,52,74.7,91.2
20140824,0,CO,0.6,0.6,0.6,0.5,0.2,0.5,0.4,0.5,0.2,0.4,0.4,0.5,0.5,0.5,0.7,0.3,0.4,0.4,0.4,1.1,0.7,0.6,0.4,0.3,0.6,0.9,0.7,1.1,1.1,0.6,0.4,0.5,0.6,0.6,0.5
20140824,1,SO2,2,2,2,2,2,2,6.8,2.4,2,2,2,2,2,2,2,2.4,2,2,2,2,2,2,2,2,12.9,2,3.2,17.3,2,14.9,2,2.2,2,4.3,5.8
20140824,1,NO2,38,34.1,33.7,27.2,48.8,43.5,26,34.6,8.6,54.5,9.8,25,19.6,19.8,22.7,44.7,15.5,47.7,25.1,5.3,11.1,5.2,27.6,10,84.6,2,21.2,27.1,10.6,26,35.7,42.4,39.8,76.9,82.9
20140824,1,O3,59.4,53.6,57.6,73,50.1,62,49,38.4,72.6,30.1,79,87.2,71.7,102.5,106.3,80.8,75.9,25.9,86.6,128.5,110.5,127.5,44.3,44.1,2,125.1,119.2,59,53.6,80.9,60.4,62.8,50,31.2,12.5
20140824,1,CO,0.7,0.6,0.7,0.6,0.5,0.7,0.4,0.5,0.9,0.5,0.5,0.6,0.5,0.3,0.5,0.2,0.6,0.4,0.5,0.4,0.6,0.5,0.3,0.3,0.6,0.6,0.4,0.7,0.6,0.3,0.3,0.6,0.6,0.6,0.5
20140824,2,SO2,2,2,2,2,2,2,,4.8,2,2,2,2,2,2,2,2,3.2,2,2,2,2,2,2,2,2.2,2,2,9.6,2,13.6,2,2,2,3,2.4
20140824,2,NO2,38.9,35.4,44.4,37.5,51.7,43.3,36.9,42.4,12.8,36.7,22.4,34.6,36,43.3,48.5,32.2,6,18.2,16.9,6,11.5,13,61.6,13.7,26.8,2,18.2,26.1,6.2,30.2,40.3,51.3,39.2,66.8,43.8
20140824,2,O3,39.7,58.1,49,58.8,42.3,53,37.9,30.3,103.6,46.6,45.9,66.4,45.2,68,66.6,97.3,73.4,55.6,89.4,115.6,106.2,111.3,6,28.8,53.5,117.4,125.9,54,66.3,60.9,51.2,52.6,45.4,36.8,19.9
20140824,2,CO,0.6,0.6,0.7,0.6,0.6,0.6,0.4,0.5,0.2,0.5,0.5,0.5,0.5,0.5,0.6,0.2,0.3,0.4,0.4,0.4,0.6,0.5,0.3,0.3,0.4,0.5,0.3,0.6,0.5,0.2,0.5,0.6,0.5,0.6,0.2
20140824,3,SO2,2,2,2,2,2,2,8.3,3.6,2,2,2,2,2,2,2,2,2,2,2,2,2,2,2,2,2,2,2,19.1,2,13.8,2,2,2,3.3,2
20140824,3,NO2,29.2,26.9,38.9,30.6,38.1,34.8,43.3,43,10.1,32.5,23.3,19.3,38.8,56.7,38.6,29.5,8.6,40.9,12.9,7.3,10.4,13,13.7,9,5.7,2,21.4,21.8,7.8,36.1,42.8,55,46.9,56.2,66
20140824,3,O3,46,62.4,47.2,62,44.5,61.4,24,17.8,96.7,46,51.2,83.9,38.8,49.1,74.6,93.9,81.2,29.7,85.3,94.3,90.7,99.2,64.6,40.4,88.7,105.2,102.8,66.6,54.1,52.5,41.3,41.5,32.9,46.7,14.3
20140824,3,CO,0.5,0.6,0.6,0.6,0.3,0.6,0.4,0.4,0.3,0.5,0.5,0.5,0.6,0.6,0.5,0.2,,0.4,0.4,0.4,0.7,0.5,0.2,0.2,0.3,0.6,0.3,0.5,0.5,0.3,0.7,0.6,0.5,0.5,0.5
20140824,4,SO2,2,2,2,2,2,2,9,2.3,2.3,2,2,2,2,2,2,2.9,2,2,2,2,2,2,2,2,9,2,2,18.9,2,13.1,2,2,2,2.6,2
20140824,4,NO2,34.3,26.4,39.6,32.4,42,29.6,34,34.4,8.3,30.8,25.9,22.8,36.2,47.8,43,58.5,8.1,51.5,16.2,8.9,16.8,21.2,2,3.9,40.1,2,18.7,20.1,10.4,36.6,30.5,39.8,45.4,51.2,75.8
20140824,4,O3,47.5,46.1,37.2,53.6,40.1,65,,32,80.3,38.7,25.5,64.4,35.3,52.6,66.1,49.7,72.7,39.3,66.7,88.4,73.6,76.8,83.1,72.1,39.7,72.4,78.9,,55.9,,49.2,53.5,28.2,48.3,5.9
20140824,4,CO,0.5,0.6,0.6,0.6,0.3,0.6,0.4,0.4,0.2,0.5,0.5,0.4,0.7,0.6,0.5,0.2,0.4,0.4,0.4,0.5,0.7,0.6,0.2,0.2,0.4,0.6,0.3,0.5,0.6,0.3,0.5,0.6,0.4,0.5,0.8
20140824,5,SO2,2,2,2,2,2,2,7.8,9.6,6.7,2,2,2,2,2,2,2,2,2,3.8,2,2,2,6.1,2,20,2,2,20.1,2,13.7,2,2,2,3.6,2
20140824,5,NO2,43.2,34.4,29.4,39.9,64.1,42.8,38.1,22.8,10,29.8,33.7,11.2,,30.8,29.7,41.7,11.6,10.8,24,10.4,15,14.1,26.8,4.2,36.3,,23.8,33.6,3.3,26.9,54,52.3,34.7,75.1,79.4
20140824,5,O3,37.4,33,31.5,27.9,4.3,42.8,15.3,38.2,76.8,33.8,20.8,76.7,36.7,69.2,75.1,59.4,62.1,76.1,48.6,74.4,83,69.1,38,79.1,33.3,71.1,63.4,33.6,38.8,52.2,23.8,40.5,32.6,25.8,2
20140824,5,CO,0.7,0.6,0.5,0.6,0.3,0.6,0.3,0.4,0.2,0.4,0.5,0.3,0.6,0.5,0.6,0.2,0.4,0.2,0.4,0.5,0.7,0.5,0.3,0.2,0.5,0.5,0.3,0.4,0.6,0.4,0.7,0.7,0.4,0.6,0.9
20140824,6,SO2,2,2,2,2,2,2,6,7,7.9,2,2,3,2,2,2,2,2,2,4.4,2,2,2,15.3,2,49.4,2,2,21.7,2,13.1,2,2,2,3.6,2
20140824,6,NO2,57.1,36.7,39,47.2,61.8,51.2,27,28.7,10.3,36.1,29,24.8,36.9,26.7,26.8,40.8,51.3,15.9,21.2,14.4,14.5,28.8,48.9,5.3,37.9,2,19.7,41.1,2.1,41.7,83.5,60.9,52.1,78.4,70.3
20140824,6,O3,24.2,22.7,20.3,18.6,2,22.8,19.7,27.8,72.8,25.1,21.6,55.6,44.3,62.9,56.5,46.9,33,70.6,45.3,62.4,70.6,40.9,17.5,74.7,34.3,57.9,74.7,16.8,32.1,27.4,4.2,36.6,8.7,18.6,2.4
20140824,6,CO,0.8,0.6,0.6,0.7,0.3,0.7,0.3,0.4,0.2,0.4,0.5,0.5,0.6,0.6,0.6,0.3,0.7,0.3,0.4,0.5,0.6,0.5,0.4,0.2,0.7,0.5,0.3,0.4,0.7,0.4,1,0.7,0.6,0.6,0.9
20140824,7,SO2,2.4,2,4.2,2,2,2,7.9,14.1,16.8,2,2,3.9,2,2,2,2,2,2,6.2,2,2,2,42.1,2,45.9,2,2,18.1,2,13.3,2,3.1,2,7.8,2
20140824,7,NO2,56.8,50.9,45.5,59.2,57.6,55,41.9,30.6,14.2,68.3,32.4,33.8,51.8,42.4,45.6,48.6,63.9,36.9,44.9,21.2,18.4,47.4,53.2,6.1,30.9,2,19.2,37.3,11.1,35.5,75.3,74.2,53.8,100.6,74.2
20140824,7,O3,18.7,8.7,24.9,8.8,13.4,13.8,15.1,31.5,69,2,9.1,37.6,22,35,31.8,20.5,15.7,46.9,24,43.7,54,12.7,16.9,68.7,46.2,50.6,49.1,17.8,23.8,20.4,3.7,12.5,12.5,2,2
20140824,7,CO,0.7,0.8,0.5,0.7,0.2,0.7,0.3,0.4,0.3,0.7,0.6,0.4,0.7,0.6,0.6,0.4,0.8,0.3,0.5,0.6,0.7,0.7,0.7,0.2,0.7,0.5,0.3,0.5,1,0.4,0.8,1.4,0.5,1.1,1.2
20140824,8,SO2,5.4,2,11.2,2,3.3,2,10.6,18.6,18.8,8.7,2,8.9,2,2,2,2,2,2,8.2,2,2,2,36.6,2,43.7,2,2,2,2,14.1,4.3,5.7,2,11.8,2
20140824,8,NO2,46.6,55,47,49.1,51.2,52.5,56.6,31.2,12.4,42,29.7,18.2,61.1,46.9,68.6,79,54.6,39,24.8,33,42.2,46.4,43.5,5.4,33.7,2,23.1,44.6,21.9,34.1,55.8,73.3,54.6,119,62.2
20140824,8,O3,29.2,7.3,30,24.7,23.8,24.2,5.1,32.9,72.7,24.6,11.1,66.1,11.6,39.5,13,2,23.8,43.2,51.2,37.5,31,8.6,21.6,79.3,41.9,44,36.4,10.6,11.3,16,16.6,10.7,14.7,2,10.6
20140824,8,CO,0.5,0.7,0.5,0.6,0.3,0.5,0.4,0.4,0.3,0.5,0.7,0.4,0.8,0.7,0.8,0.5,0.8,0.4,0.4,0.6,0.8,0.6,0.8,0.2,0.7,0.5,0.3,0.6,0.8,0.4,0.5,1,0.5,1.7,0.7
20140824,9,SO2,13.7,11,19.2,12,16.1,5.9,20.6,19.9,16.4,17.1,2,7,2,4.6,5.3,2.1,2,2,6.6,2,2.1,2,34.1,2,37.8,2,2,2,2,14.6,12.7,14.4,2,9.9,2.8
20140824,9,NO2,30.7,43,39.9,33.9,33.7,37.3,33.2,31.1,13,33.7,26.1,16.3,59,53.1,41.5,58.2,35.3,27.2,23.2,25.5,30.1,31.5,33.7,7.5,39.5,2,27.5,38.3,23.7,40.3,33.5,50.1,45.8,94.9,33.6
20140824,9,O3,46.8,36.5,37.5,46.9,42.8,44.9,30.5,36.7,73.7,39.1,21,75.6,14.5,28.3,50,25.4,44.8,57.2,57.2,48.1,44.3,22.7,34.6,74.6,34.9,37,43.4,23,19.3,15.5,44.7,33.4,27.9,9.8,42.8
20140824,9,CO,0.5,0.5,0.5,0.5,0.3,0.4,0.4,0.5,0.3,0.4,0.6,0.3,0.9,0.7,0.5,0.2,0.7,0.7,0.3,0.6,0.7,0.5,0.7,0.2,0.7,0.5,0.3,0.5,0.7,0.4,0.4,0.5,0.5,0.8,0.4
20140824,10,SO2,17.7,15.9,17.4,14.8,18.4,12.1,23.3,16.7,14,15.7,3.7,6.2,2,14.5,8.7,3.1,2,5.6,4.4,2.5,2,2,15.6,2,31.7,2,3.5,18.4,2,16.3,17.6,18.3,2,16,2
20140824,10,NO2,26.1,34.4,37.9,31.2,28.8,32.3,31,20,8.3,39.6,11.6,16.7,41,42.2,27.5,49.1,17.9,25.9,10.2,19.7,7,9.5,13.6,7.1,32.3,2,25.9,39.8,22,46.1,28.7,35.7,40.3,97,27.7
20140824,10,O3,53.7,47.8,42.2,53.2,48.9,53.2,36.7,54,83.6,38.9,64.1,79.9,31.2,46.1,69.3,36.2,72.8,63.7,76.3,44.4,73.6,57.7,62.9,74.8,45,48.5,56.6,23.8,25.4,29.4,52.2,49,35.1,14.9,50.8
20140824,10,CO,0.5,0.5,0.5,0.6,0.3,0.4,0.3,0.4,0.3,0.4,0.3,0.3,0.6,0.5,0.4,0.1,0.4,0.4,0.3,0.5,0.4,0.3,0.4,0.2,0.6,0.4,0.3,0.4,0.6,0.5,0.5,0.4,0.5,0.7,0.6
20140824,11,SO2,15.4,13.9,11.1,11.1,16.3,16.8,18.6,10.6,5.6,9.6,2.9,3.9,2,10.7,12.6,4.1,2,11.8,2,2.8,2,2,13.8,7,20.6,2,3.2,18.8,3.3,17.1,14.6,14,2,15.6,8.3
20140824,11,NO2,24.9,33.3,30.9,25.5,21.8,28.4,19.2,18.5,5.4,28.7,8.3,15,18.7,29.8,24.8,38.7,16.7,32.4,6.8,13.7,12.7,6.9,11.2,14,23.7,2,19.4,33.6,22.6,34.8,20.7,34.5,30.5,87,24
20140824,11,O3,61.6,56.4,56.5,66.7,61,62.7,55.1,59.3,92,61.3,77.7,86.6,57.1,61.7,76.5,53.2,79.7,58.4,82.9,48.7,90.4,77.1,66.4,70.5,59.2,64.5,62.3,35.1,47.6,55.2,65.9,56.9,52.7,27.2,56.4
20140824,11,CO,0.4,0.5,0.4,0.4,0.2,0.5,0.2,0.3,0.2,0.3,0.3,0.3,0.3,0.4,0.5,0.1,0.3,0.4,0.3,0.4,0.4,0.3,0.3,0.3,0.5,0.4,0.2,0.3,0.6,0.4,0.4,0.4,0.4,0.6,0.6
20140824,12,SO2,10,7.9,7.3,6.2,9.4,9.6,14.6,11.2,5.4,4.6,2.3,2,2,4.6,7.3,2.9,2,7.4,2,2,2,2,12.7,8.7,19.5,2,3.2,18.7,3.1,16.2,9.2,8.2,2,11.6,7.4
20140824,12,NO2,18.2,23.8,22,15,17.1,21.6,14.1,18.7,5.5,20.3,7.5,11.2,21,22,20.7,38.6,13.3,21,4.5,6.6,12.1,9.1,10.4,12.6,20.8,2,17.1,29,9.5,25.7,15.1,23.5,31.3,75.5,12.7
20140824,12,O3,74.9,75.8,74.2,86.9,70.4,80.4,66.9,65.7,99.4,81.5,83.7,99.1,61.6,83,88.1,77.5,108.3,76.8,88.4,72,94,87.3,69.7,75.1,73.4,76.5,77.2,54.6,77,118.3,78.9,76.1,58,44.1,75
20140824,12,CO,0.4,0.4,0.4,0.4,0.2,0.4,0.2,0.3,0.2,0.3,0.3,0.3,0.3,0.3,0.4,0.1,0.3,0.3,0.3,0.4,0.4,0.3,0.3,0.3,0.5,0.5,0.2,0.3,0.4,0.3,0.4,0.3,0.4,0.5,0.6
20140824,13,SO2,7.2,6.6,5.9,5.2,8.1,5.7,12.9,11.3,6.6,5.1,2.7,2.7,2,3.4,5.8,2,2,5.7,2,2,2,2,8.1,5.9,12.7,2,3.5,18.9,2.7,13.1,7.5,7,2,10.5,5.5
20140824,13,NO2,16.7,25.4,19.3,14.7,12.5,16.4,10.6,19.3,6.5,16.6,5,11.2,15.3,21.4,16,35.7,10.9,19.6,4,6.5,9.4,7.8,5.4,9.7,20.4,2,16.4,22.5,6.8,13.1,16.9,22.2,32.2,83.8,12
20140824,13,O3,86.6,83.1,82.9,96,84.4,96.1,79,71.2,107.8,94.4,92.3,104.1,76.8,97.4,105.2,103.7,125,87.3,94.2,96.2,107.2,98.2,88.5,86.4,86.6,93.9,97.6,77.1,96.7,136.2,86.3,87.1,66.9,42.1,85.4
20140824,13,CO,0.3,0.3,0.3,0.4,0.2,0.3,0.2,0.3,0.2,0.3,0.3,0.3,0.3,0.3,0.4,0.1,0.3,0.3,0.3,0.3,0.4,0.3,0.3,0.2,0.5,0.5,0.2,0.3,0.3,0.2,0.3,0.3,0.3,0.5,0.5
20140824,14,SO2,5.8,4.8,5.1,3.8,7.2,2.7,13.8,13.4,8.2,5.4,5,3.9,2,3.7,3.6,2.1,2,3.3,2,2,2,2,15.9,4.1,12.5,2,2.8,19.1,2,11.7,6.6,5.9,2,9,4.6
20140824,14,NO2,15.1,22,16.9,11.4,11.9,13.5,10.1,20.5,7.1,16.6,5.7,10.9,12.9,21,13.2,32.7,9.6,18.6,4.4,7.1,7.6,8,5.2,9.3,27.4,2,15.9,16.3,3.7,14.3,16.8,24.7,33,79.2,10
20140824,14,O3,95.9,94.9,89.8,104.3,91,109.1,82.9,75.8,114,98.4,100.1,109.6,90.1,106.5,120.5,125.6,118.9,92.8,97.1,105.1,110,102,101.5,94.8,89.6,100.4,109.6,86.6,116.9,149.4,93.8,92.4,70,53.1,95
20140824,14,CO,0.3,0.3,0.3,0.4,0.2,0.3,0.2,0.3,0.2,0.3,0.3,0.3,0.3,0.3,0.4,0.1,0.2,0.3,0.4,0.3,0.3,0.3,0.3,0.2,0.5,0.4,0.2,0.3,0.3,0.2,0.3,0.3,0.3,0.5,0.5
20140824,15,SO2,6.5,6,6.7,5,6.3,4.6,15.2,10.3,6.8,6.3,6.2,5,2,3.7,2.1,2.4,2,2,2.9,2,2,2,12.1,3.2,12.4,2,3.9,19.7,2,11.9,7,6.6,2,9.6,4.1
20140824,15,NO2,15.1,20.7,16.6,12.6,12,13.9,10.7,20.7,7.3,17.1,5,10.3,10.7,21.1,13.2,28.7,9.1,18.8,7.2,6.1,9.9,7.2,4.6,9,41.1,2,17.2,13.4,4.4,13.8,16.8,23.6,34.1,83.3,13.6
20140824,15,O3,102.9,103.3,97.5,109.9,99.1,119.6,90.1,80.2,118.9,103.7,103,116,96.2,114.6,133.1,141.8,120.4,95.9,102.5,107.3,111.7,107,107.1,101.4,73.7,101.9,124.1,89.5,124.9,147.3,100.1,97.9,80.6,52.5,100.9
20140824,15,CO,0.3,0.3,0.3,0.4,0.3,0.3,0.2,0.3,0.2,0.3,0.3,0.3,0.3,0.3,0.3,0.1,0.2,0.2,0.4,0.3,0.3,0.3,0.3,0.2,0.5,0.4,0.2,0.2,0.3,0.2,0.3,0.3,0.3,0.5,0.5
20140824,16,SO2,4.4,4,5.4,4.9,5.8,2.7,13.5,9.4,5.5,5.7,6,3.6,2,4.4,3.5,2,2,2.1,3.2,2,2,2,11.4,2.7,10.7,2,5.1,19.4,2,11.9,5.7,5.9,2,8.2,4.4
20140824,16,NO2,15.5,22.3,16.9,17.4,12.5,15.3,10.3,20.5,7,17,5.2,9.6,15.6,24.1,14.1,28.2,8.6,20.3,7.4,8,9.9,6.3,4.8,8.2,41,2,19,13.4,5.4,13.2,18.5,32.6,33.5,73.2,24.9
20140824,16,O3,109,110.4,103.7,115.7,101.1,129.7,96.8,82,122.9,108.7,105.2,118.7,97.2,116.5,140.4,152.7,125,100.9,105.1,120.6,111.3,108.8,112.4,102.1,83.8,102.7,121.6,85,130.9,154.8,104.9,96.6,86.6,67,107.3
20140824,16,CO,0.3,0.3,0.3,0.4,0.5,0.3,0.2,0.3,0.2,0.3,0.3,0.3,0.3,0.3,0.4,0.1,0.2,0.2,0.4,0.3,0.3,0.3,0.3,0.2,0.5,0.4,0.2,0.2,0.3,0.2,0.4,0.3,0.3,0.5,0.5
20140824,17,SO2,4.4,4.1,5,4.6,5.4,2,12.1,8.6,5.8,4.8,6,3.8,2,4.1,2,2,2,2.8,4.1,3.1,2,2,11.2,3.5,11.1,2,6.2,21.5,2.2,11.7,4.6,5.7,2,8.6,2.9
20140824,17,NO2,16.6,26,19.3,25.8,13.6,14.6,11.7,19.7,6.9,18.7,5.4,12.4,18,28.7,14.2,22.1,11,20.6,5.3,9.8,11.8,7.2,4.7,8.7,49.4,2,17.2,13.3,3.9,14.6,20.6,41.3,37.6,85.9,33.9
20140824,17,O3,106,108.1,103,112.7,103.1,126.4,97.5,82.5,125.2,110.6,117.6,120,96.2,124.1,150.7,116,124.4,103.5,108.3,121.4,118.3,103,113.5,106.1,80.9,107.3,127.2,87.7,158.4,158.7,103.4,94.2,89.8,56.3,88.5
20140824,17,CO,0.3,0.3,0.4,0.4,0.2,0.3,0.2,0.3,0.2,0.3,0.3,0.3,0.3,0.4,0.3,0.1,0.3,0.3,0.4,0.4,0.3,0.3,0.3,0.2,0.5,0.4,0.3,0.2,0.4,0.2,0.4,0.3,0.3,0.6,0.5
20140824,18,SO2,5,4.2,4.9,5.2,5,2,11.7,7.2,5,4.9,5.9,3.7,2,2.9,2.4,3,2,3.4,3.8,2,2,2,9.2,3.6,11.3,2,4.7,17.9,2,12.3,5.4,6.5,2,9.5,3.6
20140824,18,NO2,20.2,31.2,24.9,22.7,16.6,17.8,12.2,19.2,7.1,21.1,12.9,19.4,29.5,32.4,15.6,38.4,15.7,25.8,8.1,15,16,11.5,5.4,9.5,49.3,2,18.3,15,3.4,25,23.7,48,37.6,109.3,63.1
20140824,18,O3,106.7,97.5,97.8,107.4,96.3,124.4,96.1,84.2,124,104.9,130.8,124.1,114.8,128.3,156.8,105.1,108.9,101.2,107.5,106.3,127.5,99.2,108.6,106.1,73.7,91.3,131.6,96,159.6,140.7,102.8,86.9,80.4,32.5,75.3
20140824,18,CO,0.3,0.3,0.4,0.4,0.2,0.3,0.2,0.3,0.2,0.3,0.3,0.4,0.4,0.4,0.4,0.1,0.3,0.3,0.4,0.5,0.3,0.3,0.3,0.2,0.5,0.5,0.3,0.3,0.4,0.2,0.4,0.3,0.3,0.7,0.7
20140824,19,SO2,4.4,3.6,4.6,3.3,4.8,2,11.5,7.9,3.6,4.1,4.5,2.9,2,3.1,2,3.4,2,5.8,2.5,2,2,2,7.6,3.6,10,2,3.5,25.6,2,11,5,6,2,10,4.7
20140824,19,NO2,28.6,35.7,33.3,32.3,23.8,23.9,45.7,28.5,17.8,36.1,17.1,36.5,46.9,37.5,26.2,50.7,24.8,46.1,35.4,14.1,25.7,16.6,10.5,12.1,67.2,2,19.3,17,5.8,27.5,37.1,74.7,51.2,122,88.4
20140824,19,O3,94.4,83,84.2,86.9,84.5,116.8,61.3,63.9,91.1,104.7,138,141.2,100.4,153.5,147.8,103,98.9,77.2,118.9,103.8,98,89.1,94.1,88.9,48.3,89.3,127.8,97.6,126.8,133.4,85.9,51.1,64.9,21.1,56.6
20140824,19,CO,0.4,0.4,0.5,0.4,0.2,0.4,0.4,0.3,0.8,0.4,0.3,0.5,0.4,0.4,0.4,0.1,0.4,0.4,0.5,0.4,0.4,0.3,0.3,0.3,0.5,0.4,0.3,0.4,0.4,0.2,0.4,0.5,0.5,0.9,0.9
20140824,20,SO2,4.2,2.9,4,2.1,4.4,2,11.1,7.7,2.6,4.2,3.3,3.1,2,2.6,2,3.7,2,4.4,2.8,2,2,3.4,4.8,3.5,5.3,2,2,10.3,2,10.1,4.4,7,2,8.1,5
20140824,20,NO2,45.1,32.5,59.2,54.8,84.7,36.6,70,46.7,15.5,64.4,25.1,62.2,79.6,51.2,30.5,64.6,24.9,38.2,64.7,10.7,22,27.8,16.6,14.9,32.2,2,16.2,23.4,21.2,26.2,76.6,103.9,68.8,143.8,112.4
20140824,20,O3,102.9,128,85.7,88.4,34.6,119.1,65.3,35.4,86.6,89.2,108.2,105.8,68,117.4,122.6,87.6,102.8,90.5,79.6,82,71.2,69.2,71,76.5,67.8,76.4,110.3,82.1,55,95.3,83.5,67.3,59.6,30.4,35.4
20140824,20,CO,0.6,0.5,0.6,0.8,0.5,0.5,0.5,0.4,3.3,0.5,0.4,0.6,0.7,0.5,0.4,0.3,0.5,0.4,0.5,0.3,0.4,0.4,0.4,0.3,0.5,0.4,0.2,0.5,0.5,0.3,0.7,0.7,0.7,1,1.2
20140824,21,SO2,4.2,3.2,3.2,2,2,2,12,6.7,4.3,3.7,3.1,2.9,2,2.4,2,4.6,2,2,2.6,2,2,2,4.6,2,3.9,2,2,2,2,10.2,3.6,6.5,2,6,2
20140824,21,NO2,52.3,49.1,51.6,56.2,55.6,39.3,68.9,51.9,32.5,49.3,50.4,92.1,60.5,64.1,40.2,53.4,21.1,31.8,81,8.3,18.2,15.4,66.2,15.5,13.9,2,16,22.9,26.5,28.9,97.2,92.1,50.2,132.1,95.1
20140824,21,O3,95.7,97.6,96.3,86.7,80.7,113.4,71.5,53.7,94.3,93.7,50.9,54.1,70.9,90.4,101.6,86.1,94.6,109.9,29.8,77.5,68.1,75.6,18.8,70.2,78.3,69.7,93.8,61.5,28.3,90.5,58.9,63.5,90.5,33.8,51.3
20140824,21,CO,0.7,0.7,0.6,0.9,0.4,0.8,0.5,0.5,0.6,0.5,0.6,0.8,0.8,0.5,0.8,0.4,0.5,0.5,0.6,0.3,0.4,0.3,0.5,0.3,0.4,0.4,0.2,0.6,0.5,0.3,0.9,0.9,0.6,0.9,1.3
20140824,22,SO2,3.8,2.5,2.2,2,2,2,11.1,6.2,2.6,3,3.5,2,2,4.6,2,6,2,2,2.6,2,2,2,2.2,2,2,2,2,26.8,2,10.4,2,4,2,4.5,2
20140824,22,NO2,34.8,30,35,35.8,37.3,33.2,47.9,50.9,50.8,53.4,55.8,77.8,53.4,84.8,33.7,70,18,29.8,92.5,10.6,20.7,13.1,28.7,16.9,8.2,2,23,25.2,21.8,32.3,60.1,62.2,39,132.1,101
20140824,22,O3,103.6,108.8,100.5,104.5,101.7,114.5,83.2,51.4,63,82.4,48.9,64.5,63.8,50.7,106,69.3,75.1,94.4,23.9,68.5,45.6,73.5,52,63,92.7,64.4,71.3,49.2,26.5,72.3,76.1,79.4,93.2,25.4,47.6
20140824,22,CO,0.9,0.8,0.9,0.9,0.6,0.9,0.6,0.6,2.5,0.7,0.7,0.7,0.7,0.8,1,0.5,0.4,0.5,0.6,0.4,0.5,0.4,0.3,0.3,0.3,0.4,0.1,0.7,0.5,0.4,1,1,1,1.2,1.5
20140824,23,SO2,7.6,3.4,2.8,2,2.5,2,9.5,6.3,2.3,2.2,3.5,2,2,2.9,2,6.4,2,2,2,2,2,2,2,2,2.2,3,2,26.7,2,10.6,3,3.7,2,4.1,2
20140824,23,NO2,39.8,34.9,35.1,34.8,49.9,38,37.9,41.8,32.6,37.2,55.4,54.9,43,58.2,36.1,49.7,11.8,31.8,78.3,14.1,20.4,13.1,14.7,14.2,50.2,2,24.3,28.6,14.3,49,64.1,52.4,51.4,123.3,95.5
20140824,23,O3,85.4,88.5,94.4,97.6,71.8,86.7,84.9,51.8,83.6,93.4,47.7,82.8,74.5,65.1,82.9,59.2,72.1,75.1,38.8,58,43.5,71.5,65.1,67.5,44.9,59.4,53.3,41,46.1,35.6,61.6,78.4,72.2,28.2,27.6
20140824,23,CO,1,1,1,1,0.7,0.9,0.7,0.5,0.8,0.9,0.7,0.8,0.7,0.9,1,0.2,0.4,0.4,0.6,0.5,0.4,0.4,0.2,0.3,0.4,0.4,0.2,0.5,0.6,0.4,1.1,1.1,1.4,1.2,1.4
