date,hour,type,dongsi,tiantan,guanyuan,wanshouxigong,aotizhongxing,nongzhanguan,wanliu,beibuxingqu,zhiwuyuan,fentaihuayuan,yungang,gucheng,fangshan,daxing,yizhuang,tongzhou,shunyi,changping,mengtougou,pinggu,huairou,miyun,yanqing,dingling,badaling,miyunshuiku,donggaocun,yongledian,yufa,liulihe,qianmeng,yongdingmengxi,xizhimengbei,nansanhuan,dongsihuan
20140211,0,PM2.5,71,53,68,77,59,56,78,64,56,96,100,62,117,84,87,105,102,55,61,63,47,63,74,72,34,21,44,114,,131,78,67,67,80,53
20140211,0,PM10,63,59,77,96,53,58,83,42,39,98,89,52,,92,68,127,97,50,61,42,30,62,69,59,28,25,47,93,,126,59,61,63,68,54
20140211,0,AQI,37,37,45,53,33,38,57,53,42,46,52,49,54,46,43,49,43,38,46,45,40,31,53,38,29,31,31,49,,102,44,44,50,52,37
20140211,1,PM2.5,77,59,75,85,72,58,78,70,52,110,96,68,127,99,85,147,126,50,56,59,49,60,94,72,40,29,44,146,,132,79,79,82,99,56
20140211,1,PM10,66,62,85,98,83,56,88,46,34,107,86,52,,104,64,151,113,40,59,40,37,57,87,53,31,22,43,116,,133,66,71,72,80,68
20140211,1,AQI,41,35,40,50,43,37,55,56,44,51,56,51,59,50,48,52,43,40,48,48,40,29,56,42,31,32,33,60,,103,46,38,47,50,42
20140211,2,PM2.5,80,65,79,89,86,72,73,79,55,91,76,59,109,125,95,154,141,42,55,63,48,71,100,75,37,11,50,162,,166,94,93,74,99,69
20140211,2,PM10,69,72,85,98,93,66,66,57,34,89,63,40,,121,74,133,119,34,49,46,40,59,85,53,36,21,53,135,,174,73,85,63,83,112
20140211,2,AQI,45,33,44,50,40,41,54,57,46,55,59,54,64,53,52,49,52,42,50,51,42,33,59,46,32,33,35,63,76,106,50,43,46,55,46
20140211,3,PM2.5,84,85,69,83,109,93,68,88,56,86,70,54,111,123,97,166,97,39,43,55,45,51,100,51,45,30,51,175,,161,93,89,81,97,96
20140211,3,PM10,83,77,75,88,110,97,59,60,37,87,58,29,,120,82,147,74,30,40,35,51,34,86,33,41,17,58,135,,167,76,83,79,82,133
20140211,3,AQI,50,39,48,51,46,47,57,59,48,59,61,56,69,59,56,58,56,43,52,53,44,36,63,48,35,34,36,72,78,108,54,48,50,60,44
20140211,4,PM2.5,110,83,82,87,100,112,81,89,55,83,63,47,80,155,129,163,86,34,43,44,49,41,92,44,44,17,50,145,138,148,103,87,89,105,139
20140211,4,PM10,107,77,93,97,96,116,64,53,37,82,44,26,,148,100,143,68,27,33,23,41,25,80,27,38,20,41,110,115,150,85,83,75,88,168
20140211,4,AQI,55,44,52,54,51,52,60,62,51,63,64,58,72,66,62,66,61,44,53,55,47,38,67,50,36,35,39,79,81,110,59,52,54,63,61
20140211,5,PM2.5,109,88,79,103,100,120,73,82,51,79,50,53,65,168,132,212,69,42,37,45,48,37,93,42,46,39,46,150,146,133,114,106,88,106,130
20140211,5,PM10,92,89,87,117,90,114,70,46,36,71,37,49,,156,98,179,54,38,32,27,45,25,75,26,48,23,50,115,121,129,94,101,78,93,158
20140211,5,AQI,60,49,56,59,56,58,63,65,52,66,66,60,75,75,68,77,64,46,55,56,49,40,70,51,38,37,40,86,87,111,64,57,58,68,56
20140211,6,PM2.5,114,95,89,98,72,115,84,76,52,67,46,57,68,152,153,172,56,50,41,43,44,34,85,39,61,32,52,152,153,111,109,101,86,110,109
20140211,6,PM10,95,100,92,101,62,108,82,38,36,63,36,38,,142,133,133,47,44,37,28,38,21,72,30,70,25,48,122,123,107,88,87,74,99,117
20140211,6,AQI,66,55,60,64,59,63,67,67,55,69,67,62,77,82,75,85,67,48,56,57,52,42,73,53,41,39,43,94,94,113,69,62,62,73,61
20140211,7,PM2.5,94,97,83,93,58,101,86,84,49,77,54,51,67,114,171,177,44,45,38,47,44,32,79,39,63,43,54,151,,107,107,95,78,109,85
20140211,7,PM10,76,97,90,91,53,95,92,46,37,93,47,35,,115,157,144,38,47,38,40,30,30,66,35,71,22,47,124,,115,82,92,78,118,106
20140211,7,AQI,70,60,65,68,62,68,70,70,56,72,69,64,79,87,84,94,69,50,57,58,54,43,75,54,44,41,45,101,101,116,74,66,65,78,65
20140211,8,PM2.5,69,69,68,83,55,81,89,87,56,101,56,52,60,89,151,136,41,52,42,50,,38,85,49,61,32,64,150,154,112,81,80,64,93,69
20140211,8,PM10,53,89,81,62,61,84,109,52,42,116,52,46,,104,138,117,38,60,49,49,,40,84,44,74,29,87,138,140,122,67,81,72,119,81
20140211,8,AQI,73,64,68,72,64,72,74,73,59,76,71,65,81,91,91,101,71,52,58,59,,45,78,56,47,43,48,107,108,120,78,70,68,82,68
20140211,9,PM2.5,58,,62,59,49,72,81,102,58,90,56,62,59,97,134,124,44,53,48,81,59,50,95,62,67,17,65,214,168,121,52,62,61,76,64
20140211,9,PM10,52,,73,54,41,70,103,97,40,105,54,54,,124,121,114,40,60,53,91,58,51,110,60,78,32,86,194,159,142,45,50,68,99,77
20140211,9,AQI,75,,71,74,66,75,76,76,61,81,72,68,82,95,97,107,73,54,59,61,58,48,79,59,50,43,52,117,115,124,80,73,71,85,70
20140211,10,PM2.5,62,57,59,57,53,57,91,118,69,91,64,68,72,148,120,110,48,62,47,98,86,50,106,64,70,59,137,193,,157,65,61,59,71,59
20140211,10,PM10,53,68,67,91,46,55,97,102,48,91,62,56,,166,113,100,50,57,53,95,85,47,113,57,79,17,161,161,,170,57,61,67,76,74
20140211,10,AQI,78,69,74,77,68,77,79,80,64,84,75,70,84,103,103,112,75,56,61,63,61,50,82,62,52,44,58,126,124,131,83,75,73,88,73
20140211,11,PM2.5,,73,64,69,77,69,94,89,72,,78,71,76,204,110,126,57,79,53,116,70,41,103,72,78,62,100,219,,112,78,69,71,75,59
20140211,11,PM10,67,71,69,121,87,63,100,42,63,,75,60,,222,93,106,60,80,55,117,77,44,103,65,91,25,118,199,,77,60,64,85,84,71
20140211,11,AQI,78,73,76,80,72,80,83,84,66,87,78,73,87,113,108,117,78,60,63,68,62,52,85,65,55,47,61,136,,135,86,78,76,92,75
20140211,12,PM2.5,,,,,,,,,,,,,,,,,,,,,,,,,,,,,,,,,,,
20140211,12,PM10,,,,,,,,,,,,,,,,,,,,,,,,,,,,,,,,,,,
20140211,12,AQI,,,,,,,,,,,,,,,,,,,,,,,,,,,,,,,,,,,
20140211,13,PM2.5,63,93,81,94,84,,93,82,88,93,53,91,,154,122,127,87,72,81,121,74,66,101,96,88,86,139,190,,124,96,98,87,111,89
20140211,13,PM10,49,89,78,96,82,,49,54,63,66,85,79,,156,98,98,67,73,95,110,47,50,93,90,83,59,142,148,,107,80,95,83,113,80
20140211,13,AQI,80,83,83,87,79,85,90,91,72,93,79,79,89,125,118,130,85,65,68,79,66,58,92,72,63,53,73,155,147,137,94,85,82,101,82
20140211,14,PM2.5,108,147,100,132,87,75,96,97,89,135,115,115,79,144,134,121,96,72,,135,75,64,93,86,58,15,136,,,126,134,130,95,146,107
20140211,14,PM10,77,125,106,127,85,80,66,84,69,124,106,110,,131,108,99,78,65,,120,50,47,90,86,51,50,118,,,119,114,129,87,134,101
20140211,14,AQI,85,88,87,93,83,87,94,95,75,99,83,84,92,132,124,135,87,68,,86,69,61,95,75,65,52,80,161,,143,99,91,86,108,86
20140211,15,PM2.5,144,,141,133,125,122,131,93,118,128,125,,127,125,142,128,106,73,,143,77,67,84,90,43,49,145,48,,135,155,,130,137,118
20140211,15,PM10,124,147,142,94,137,123,133,71,96,120,109,105,,111,119,102,86,81,,127,61,62,66,82,45,53,127,220,,141,128,123,129,118,126
20140211,15,AQI,92,88,92,99,88,92,99,99,80,104,89,86,97,137,130,142,89,71,,93,72,64,98,79,67,55,87,162,164,148,106,94,92,114,92
20140211,16,PM2.5,126,,118,120,124,117,121,118,119,127,123,,142,131,151,130,120,88,,138,88,88,62,89,62,62,127,117,141,164,128,,123,124,121
20140211,16,PM10,98,105,114,92,117,117,111,99,95,114,108,66,,132,124,104,105,92,,117,74,85,58,83,82,73,117,148,130,177,101,,116,118,120
20140211,16,AQI,97,88,94,103,93,97,104,104,85,110,93,88,103,143,137,148,95,74,,99,75,69,100,82,69,58,93,168,171,155,111,96,97,116,97
20140211,17,PM2.5,119,70,125,135,111,114,128,114,110,144,136,79,156,194,199,123,135,110,,130,89,90,55,98,69,98,129,108,126,189,135,87,121,146,109
20140211,17,PM10,100,115,117,131,108,109,126,85,86,136,128,95,,202,178,103,115,116,,115,80,83,68,87,66,88,112,123,112,201,114,181,116,128,103
20140211,17,AQI,102,91,100,109,98,102,109,109,89,116,98,90,110,152,146,154,100,79,,105,79,72,102,86,72,62,99,172,176,164,117,100,102,119,101
20140211,18,PM2.5,177,190,142,192,123,164,145,110,119,195,201,146,195,183,195,168,132,122,,142,101,105,55,106,79,3,130,90,,140,205,190,138,203,152
20140211,18,PM10,170,188,152,235,127,179,155,91,96,199,207,142,,186,171,148,118,122,,126,91,104,63,98,74,90,116,106,,141,184,215,140,192,164
20140211,18,AQI,111,101,105,118,103,109,115,110,93,125,106,96,119,160,155,162,106,83,,112,82,77,103,89,74,59,104,176,,170,125,109,107,128,108
20140211,19,PM2.5,210,196,194,219,169,185,191,119,130,221,217,206,176,184,193,151,150,114,,166,140,134,73,137,95,102,134,102,,149,226,193,184,204,174
20140211,19,PM10,200,188,203,276,172,201,203,101,109,225,214,213,,187,170,137,134,119,,148,134,135,78,127,91,88,127,117,,153,195,210,194,176,182
20140211,19,AQI,120,111,114,127,110,118,122,112,98,134,115,104,126,169,164,169,112,87,,119,87,82,105,94,78,62,109,180,183,175,134,118,114,137,115
20140211,20,PM2.5,190,190,174,196,170,185,200,122,151,210,193,225,172,175,196,162,187,134,,182,150,146,109,135,111,83,135,105,106,175,196,174,177,186,175
20140211,20,PM10,171,174,174,230,155,192,198,100,131,211,187,220,,179,173,148,176,142,,162,132,143,118,116,107,107,128,116,96,181,163,182,172,160,182
20140211,20,AQI,128,121,120,135,117,126,130,117,103,143,122,113,132,177,172,176,120,91,,125,93,88,109,99,82,64,114,184,187,181,142,125,121,144,123
20140211,21,PM2.5,185,170,160,194,146,170,181,138,172,213,202,216,172,181,186,185,230,134,,216,128,166,118,137,120,95,132,132,113,187,190,179,163,180,162
20140211,21,PM10,170,161,157,229,131,175,177,115,149,220,192,208,,187,157,159,220,134,,197,115,160,121,114,114,115,120,135,103,194,162,182,158,160,169
20140211,21,AQI,135,128,126,142,122,132,136,121,109,151,128,121,138,184,179,184,129,95,,132,96,94,113,102,86,67,119,189,190,185,149,133,127,151,129
20140211,22,PM2.5,183,176,154,191,140,165,190,173,126,221,204,199,185,194,162,224,240,118,,208,126,169,128,127,120,57,136,144,,209,201,179,156,196,162
20140211,22,PM10,158,161,155,230,127,167,193,160,100,220,197,186,,190,131,190,224,114,,173,108,158,124,105,103,96,121,148,,219,162,176,147,164,171
20140211,22,AQI,142,136,131,149,127,139,143,127,113,160,135,127,144,192,184,194,138,98,,138,100,100,117,105,90,68,123,192,193,190,157,140,132,159,135
20140211,23,PM2.5,189,173,161,201,143,153,187,207,135,222,210,188,242,202,172,272,244,121,,199,124,160,141,135,100,55,129,168,157,204,195,178,161,193,148
20140211,23,PM10,159,161,159,234,142,156,184,185,107,225,197,165,,206,144,236,228,117,,164,108,150,129,113,79,85,109,163,151,240,166,182,157,160,166
20140211,23,AQI,149,144,136,156,131,144,149,135,116,167,141,134,151,200,189,205,147,102,,144,104,104,122,110,94,69,128,197,196,194,164,147,137,166,141
