date,hour,type,dongsi,tiantan,guanyuan,wanshouxigong,aotizhongxing,nongzhanguan,wanliu,beibuxingqu,zhiwuyuan,fentaihuayuan,yungang,gucheng,fangshan,daxing,yizhuang,tongzhou,shunyi,changping,mengtougou,pinggu,huairou,miyun,yanqing,dingling,badaling,miyunshuiku,donggaocun,yongledian,yufa,liulihe,qianmeng,yongdingmengxi,xizhimengbei,nansanhuan,dongsihuan
20140624,0,PM2.5,40.5,36.5,36.4,38.3,43.5,40.1,41.6,19.6,18,41.4,32,58.8,47,44.3,62.2,59.5,46.6,21.7,28.6,26,13,36.8,29.5,15.9,20.9,18,23.8,109.5,,,44,47.4,44.5,46.1,52.7
20140624,0,PM10,90.5,,82.8,,,77.8,107.6,,,100.8,84.5,,,61.1,,,120.2,35.7,59.1,35.5,,,,26.2,,,,,77.5,,77.6,,108.5,150.8,
20140624,0,AQI,47,39,42,45,42,50,68,33,31,55,42,57,54,52,68,42,51,36,47,37,32,28,34,32,44,28,36,55,51,,64,70,56,75,55
20140624,1,PM2.5,51.9,37.3,42,49,47.3,44.7,45.9,24.4,15.2,52.2,24.8,47.8,37.9,50.4,75.5,61,56.9,22.2,21.7,24.8,11.9,27.8,23.6,20.6,26.4,21.7,22.4,63,,,58.6,52.5,48.4,48.1,71.8
20140624,1,PM10,100.6,,72.4,,,88.2,115.1,,,126.7,68.2,,,61.2,,,115.4,38.7,27.1,29.2,,,,16.9,,,,,82.1,,93.3,,105.9,147,
20140624,1,AQI,49,39,42,39,40,51,69,32,27,57,44,48,43,52,69,43,47,37,47,36,31,25,34,32,45,28,35,56,52,,66,67,55,74,67
20140624,2,PM2.5,58.9,48.1,45.6,49.7,54.7,53.7,49.3,28.5,20.4,51.9,18.5,43.3,33.2,57,69.7,58.2,59.4,24.4,20.4,24.4,18.5,22.1,21.5,20.7,25.6,22.2,27.8,71.7,,,65.2,73.7,54.1,55.8,67.8
20140624,2,PM10,90,,71.6,,,103.9,127.5,,,98.5,51.3,,,81.3,,,142.1,38.7,31.4,32.6,,,,32.4,,,,,,,98.6,,117.6,138.4,
20140624,2,AQI,51,39,43,43,44,52,70,33,26,58,45,43,42,56,70,44,49,38,47,37,27,25,33,29,42,27,34,57,,,64,63,57,70,63
20140624,3,PM2.5,65.4,56.3,53.4,56.6,57.3,58.4,44,26.4,18.3,60.1,30.3,32.6,41.9,57.6,100.3,73.2,53.2,27.5,18.3,24.9,21.1,30.9,27.1,18.3,21.8,21,31.1,80.4,,,68.1,82.4,52.9,71.1,77
20140624,3,PM10,120.8,,103.2,,,109.9,142.6,,,135.9,63.4,,,67.9,,,107.2,37.6,26.1,34.3,,,,22.7,,,,,94.4,,109.4,,99.8,159,
20140624,3,AQI,53,40,46,45,46,53,71,33,26,60,46,43,45,55,72,47,52,38,47,38,23,26,33,29,38,25,31,58,54,,70,61,58,72,63
20140624,4,PM2.5,70,58.8,47.2,67.6,53.9,58.6,38.2,32.5,17.9,66.1,27.8,30.9,27.3,67.2,95.6,75.7,52.3,23.4,18.9,22.9,21.1,22.3,28.4,21.9,25.4,21.4,50.6,92.5,,,70.8,76.4,49.9,73,76.7
20140624,4,PM10,122.7,,94.3,,,105.4,78.9,,,137.7,66.2,,,73.8,,,80.7,38.4,32.4,36.4,,,,27.1,,,84.7,,,,101.5,,80.8,154.3,
20140624,4,AQI,60,41,47,47,56,54,71,34,26,61,48,44,42,48,74,50,53,39,48,38,24,26,33,26,36,26,44,60,,,65,59,59,74,52
20140624,5,PM2.5,65.9,68.8,42.7,64.6,55.3,63.3,37.8,25.5,24.3,50.7,43.2,28.8,26.8,68.2,92.5,76.9,53.4,25.6,19.2,25.2,19.4,20.5,25.1,23.1,27.9,25.9,44.1,97.1,,,71.8,80.9,44.4,90.7,65
20140624,5,PM10,125.3,,89.3,,,113.4,88.6,,,127.2,88.4,,,79.2,,,84.1,40.9,43.6,33.3,,,,29.8,,,50.4,,,,115,,117.7,180.6,
20140624,5,AQI,57,44,50,54,56,55,72,34,27,62,49,44,42,49,77,52,54,39,49,39,24,27,34,22,34,25,45,63,,,56,52,61,77,54
20140624,6,PM2.5,52.4,68.2,49.8,56,73.6,60,40.2,25.7,25.9,50.9,40.9,29.1,30.9,86.4,91.6,79,44.7,26.8,20.2,25.8,22.4,24.5,29.9,22.2,28.2,23.7,46,102.9,,,68.3,80.4,50.1,81.8,94
20140624,6,PM10,149.3,,92.2,,,115.5,103,,,164.8,84.4,,,96.8,,,64.7,43.1,46,36.1,,,,27.3,,,56.4,,119.5,,120.6,,135,243.6,
20140624,6,AQI,59,46,51,48,51,57,72,34,27,64,52,43,41,52,80,55,55,39,49,39,25,27,34,23,37,25,46,66,52,,58,55,63,82,57
20140624,7,PM2.5,55.3,74.5,53.8,51.6,55.5,63.6,44.3,29.2,33.5,54.4,33.5,35.4,45.7,92.1,93.5,94.7,40.5,25.4,20.2,30.7,28.2,27.6,32.5,27.4,32.6,23.3,45,102.7,,,60.3,72.2,51.2,69.7,85.5
20140624,7,PM10,166.8,,110,,,163.4,103.6,,,166.2,66.7,,,120.6,,,61.1,61.8,40,57.6,,,,43.9,,,59.7,,114.6,,117.7,,116.5,255.2,
20140624,7,AQI,63,49,53,49,51,60,74,35,28,67,50,44,42,56,83,59,56,39,50,40,25,28,35,24,33,25,48,69,51,,60,57,65,86,60
20140624,8,PM2.5,58.1,74.9,52.1,59.6,46,69.7,50.9,30.1,35.6,53.5,32.9,40.4,47.2,79.3,101.5,88.5,44.4,38.4,20.6,35.2,35,16.2,36.5,29.1,35.8,29.3,43.4,111.1,,,60.3,67,42.8,72,84.1
20140624,8,PM10,123.6,,86.5,,,178.2,111.7,,,121.5,70.9,,,,,,69.1,81.4,44.2,58.7,,,,59.5,,,55.8,,65.1,,100,153.9,102.4,252.2,
20140624,8,AQI,66,53,54,52,53,63,76,34,29,69,51,45,43,58,87,62,57,40,51,41,26,29,36,25,33,26,50,72,52,,62,73,67,91,63
20140624,9,PM2.5,69.9,71.9,58,59.7,61.4,75.9,58.3,38,30.3,55.5,41.2,45.7,55.9,49,103.4,94.3,54.4,43.2,21.8,47.3,33.3,20.3,36.9,31,30.3,30.3,45.7,93.2,,,66.7,70.8,63.1,71,98.5
20140624,9,PM10,121,,94.9,,,158.4,129.3,,,105.3,82.5,,,95.1,,,95.1,79.3,40.2,67.7,,,,34.5,,,54.5,,,,151.6,96.7,129.9,133.9,
20140624,9,AQI,67,55,55,53,55,66,77,35,35,71,52,46,44,59,90,66,58,42,50,42,31,32,36,32,42,29,50,76,,,64,75,69,93,67
20140624,10,PM2.5,70.8,67.2,63.7,59.6,72.2,84.4,59.8,52,41.8,56.7,49.7,49.7,53.3,52.5,115.4,86.5,72.9,45.1,38.2,55.2,42.4,26.7,33.2,37.5,28.2,27,57.8,79.3,,,76.3,68.4,61,73.2,98.7
20140624,10,PM10,,107,98.2,98.1,,156.4,117,,,91.3,84.8,90.3,,95.4,,,98.7,87.1,89.4,85,,,,45.2,,,89.5,,111.3,,102.3,97.2,114,141.3,
20140624,10,AQI,67,66,57,67,58,69,79,36,42,72,53,69,47,62,94,69,60,44,51,53,44,45,42,44,56,43,52,78,55,,65,75,70,93,71
20140624,11,PM2.5,,48.4,70.7,50.9,3,75.1,59.5,62.1,50.7,48.6,49,57.9,51.4,53.2,98.7,76.1,79.2,53.2,44.6,69.6,53.8,40.1,34.6,39.8,29.7,33,73,69.9,,,66.7,61.2,62.6,49.1,108.7
20140624,11,PM10,41.3,49.4,95.8,65.7,,123.8,98.6,,,80.1,86.4,110.9,71.9,58.4,,86.5,108.1,77.1,92.9,107.6,,,,56.3,,,117.9,,88.5,,82.1,62,87.4,99.8,
20140624,11,AQI,68,77,59,67,57,71,81,63,52,72,54,70,55,88,97,77,70,94,60,88,63,74,47,57,82,50,72,80,57,,67,75,71,95,76
20140624,12,PM2.5,,48.7,48,38.2,3,48.7,47.7,53.9,51.5,39.5,43.1,50.4,60.3,41.5,78.8,67,77,60.8,43.5,84.3,60.6,43.3,29.4,,44.4,42.5,67.5,61.7,,,46.4,50.9,45.6,50.3,73
20140624,12,PM10,1000,69.8,68.3,54.1,,86,64.1,,,54.8,70.4,69.5,,47.5,,73.7,121.6,88.6,87.4,128.2,,48.5,,67.1,,,88.6,,,,61.6,67.5,49.6,79.7,
20140624,12,AQI,91,103,104,101,82,113,80,74,90,82,88,94,56,105,106,109,110,112,101,113,34,115,48,90,107,89,107,84,,,68,75,72,95,79
20140624,13,PM2.5,,49.2,50.4,42.5,3,42.1,45.2,53.9,42.3,46,51.8,55,65.9,57.1,71.6,52.5,45.5,57.4,42.2,72.1,,49.7,38.3,,64.1,47.4,63.2,42.5,,,49.4,40.6,49.4,50.7,42.2
20140624,13,PM10,,84.9,61.9,71.1,,61,64.7,,66.4,63.6,77.4,75.9,,,,,61,82.5,55.8,80.3,,67.6,,,,,85.1,,41.1,,,56.4,97.4,68.8,
20140624,13,AQI,91,107,101,104,55,116,82,104,114,102,102,105,65,113,111,109,119,115,106,131,35,127,82,119,126,110,118,87,58,86,70,91,72,94,80
20140624,14,PM2.5,28.7,51,40.3,39.7,3,42.8,53,49.1,50.7,,43,55.1,35.4,44.2,73.5,42.3,46.1,48.8,45.9,50.2,39.5,69.6,55.8,,67.5,46.4,65.6,64.4,,,50.3,44.5,39.6,55.6,48.4
20140624,14,PM10,,75.1,48.2,67.4,,63.5,85.1,,112.1,31.1,53.3,89,,49.7,,,66.4,67,67.2,,,95.2,,,,,90.8,,,,68.4,76.5,51.9,149.1,
20140624,14,AQI,107,118,104,109,102,119,90,105,115,96,91,110,54,123,113,107,121,116,109,126,134,147,106,117,131,122,125,107,,101,83,104,71,96,82
20140624,15,PM2.5,57.1,59.9,44.9,47.8,3,50.5,44.3,51.9,40.1,,35.7,41.9,41.4,38.1,84.1,51.8,,,37.1,45.5,53.7,46.1,54.5,23.2,54.5,84.8,57.7,58,,,54.1,52.1,47.1,58.5,52.8
20140624,15,PM10,,74.8,58.4,72.8,,79.4,46.9,81.8,,38.9,50.8,,,,,60,,292.6,52.8,60.7,,,,42.3,,,66.4,,39,,72.9,71.8,71.2,98.9,
20140624,15,AQI,116,128,111,122,106,129,81,106,112,92,95,103,61,125,124,112,67,94,56,123,131,132,106,120,130,141,117,116,59,106,104,108,71,96,83
20140624,16,PM2.5,58.6,51,38.9,48.1,3,51.1,42.2,43.7,32.9,20.6,35.1,37.2,38.1,41.8,87.8,52.8,,33,43.9,39.4,43.3,31.5,49.9,55.3,49,47.6,43.8,62.7,,,57,,42.4,55.4,54.1
20140624,16,PM10,,51.8,49.3,,,82.9,47.1,55.7,54.1,39.7,41.8,66.4,,54.6,,57.8,,68.9,70.9,49.9,108.3,37.7,53.9,63.5,,,47,,64.9,,63,52.7,58.2,67.2,65.8
20140624,16,AQI,118,124,114,120,115,132,82,104,113,95,95,106,57,124,125,119,69,117,56,115,128,125,106,124,126,124,115,112,61,106,101,102,85,95,84
20140624,17,PM2.5,57.8,50.2,32.7,43.4,463.2,52.2,36.9,41.4,38.1,36.9,31.7,32.9,35.4,28.2,83.9,47.5,31.3,45.5,39.5,43.9,44.2,35.5,54.4,44.4,53.5,47.2,48.7,45.6,,,47.3,,,,
20140624,17,PM10,,63.1,64.4,47.5,,79.8,48.4,68.3,,604.5,46.3,56.4,,49.1,,53.5,,58.2,73.5,48.9,102.8,46.3,73.9,54.9,59.6,,67.3,,72,,55.6,63.2,48.4,98.3,64.3
20140624,17,AQI,117,123,113,120,114,129,84,107,113,94,91,100,60,123,116,119,129,115,112,122,123,126,106,117,125,124,129,105,62,104,91,75,71,95,86
20140624,18,PM2.5,51.6,48.3,35.4,45.3,,46.2,38.1,40.5,34.6,38.8,38.2,36,46.4,40.4,81.3,42.1,53.8,48.7,39.1,41.7,52.2,37.5,52.2,38.9,44.7,52.2,50.8,35.6,,,47.3,19.8,,17.3,18.9
20140624,18,PM10,,50.7,46.1,72.5,,75.8,65.2,45.2,58.6,,57.6,68.8,,43.9,,58.2,,66.6,65,90.1,119.5,59,58,54.8,51.6,,65.7,,76,,60.3,65.9,72,105.4,77.5
20140624,18,AQI,110,121,107,116,106,120,85,102,110,95,99,101,63,123,115,111,125,112,113,129,126,125,102,113,109,120,128,107,63,106,84,75,70,95,85
20140624,19,PM2.5,53.4,44,41.4,45,25.5,42.5,41.7,39.7,36.8,54.6,49.7,55.2,65.1,49.4,81.4,50.3,52.7,41.1,50.4,43.2,55.7,51.6,49.6,40.5,45.8,51.9,41.3,45.5,,,55.5,53.6,31.8,61.3,59
20140624,19,PM10,,69,81.6,80.3,,79,86.2,89.7,95.5,,81.7,115.3,,60.5,,80.2,,67.2,99,82.5,133.5,82.2,56.9,58.6,62.8,,59.3,,,,62.8,82.1,80.2,121.5,94.7
20140624,19,AQI,104,118,108,109,100,112,70,102,106,86,72,99,60,104,112,106,120,105,106,115,120,127,93,108,82,122,109,102,,99,76,76,71,97,87
20140624,20,PM2.5,55.5,51.6,50.1,54.8,57.3,47.3,52.9,47.3,46,57,61.3,68.7,67.8,56.5,86.2,58.6,58.6,52.3,63.8,48.1,68.7,50,49,,45,55.8,40.9,63.5,,,57.2,61.2,57.3,69.1,64.6
20140624,20,PM10,,124.7,82.7,115.3,,94.3,103.8,116.2,133.4,,86.8,151.4,,81.3,,97.7,,88.3,129.9,97.6,139.5,86.3,65.8,,55.2,,84.8,,83.9,,89.3,120.5,102.1,200.3,130.5
20140624,20,AQI,94,93,91,91,83,103,70,83,59,87,60,73,63,98,112,86,107,94,80,91,116,132,83,97,51,118,91,96,65,48,78,78,71,97,88
20140624,21,PM2.5,73.3,65.9,58.8,65,67.4,60,68.2,63.3,54.4,68.9,67.7,80.9,68.3,58.2,90.1,65.9,68.4,67.1,72.1,56.9,70.4,52.5,51,29.9,47.6,53,52.2,66.2,,,71.3,70.8,66.5,67.4,71.8
20140624,21,PM10,,130.9,105.2,148.3,,99.5,129.5,126.7,107.1,,110.6,176,,90.5,,154.8,,125.5,134.2,97.5,137.2,91.5,75.6,75.4,62.8,,107.6,,91,,101.7,121.9,103.5,168.8,157.5
20140624,21,AQI,76,75,65,69,79,76,72,66,61,88,61,75,65,74,114,88,73,62,60,58,100,123,54,77,71,111,64,98,66,42,80,81,72,97,90
20140624,22,PM2.5,74.6,70.1,65.7,71,74.6,60.8,77.3,73.1,59.4,74.5,79.2,82.9,72.3,71.8,91.4,67.1,67.5,68.4,67.2,66.2,69.9,42,58,52.6,55.3,53.6,58.4,71.6,,,74.2,71,73,75.9,78.4
20140624,22,PM10,,83.8,112.7,101.9,,108.1,140.4,246.3,114.9,,134.7,162.7,,98.4,,113.1,,126.7,127.9,112.9,139,95.9,102,73.6,65.7,,79.2,,64.2,,103.4,121.9,119.6,153.2,191.6
20140624,22,AQI,78,76,66,71,81,77,73,69,63,70,62,76,66,76,115,89,75,64,60,60,65,100,55,63,61,62,66,99,66,25,81,83,72,98,93
20140624,23,PM2.5,71.1,67.3,68.4,62.3,74.5,58.3,74.2,71.6,56.9,80.6,83.6,99.2,82.8,60.9,88.4,76.1,81,72.6,82.9,61.9,71.4,46.2,67.7,52.4,59,51.8,53.3,77.6,,,71.1,67.7,74.1,66.9,70
20140624,23,PM10,,118,109.7,89.2,,114.7,135.9,159.4,82.2,,134,259.8,,88.1,,109.1,,111.6,230.8,79.2,143.4,91.5,116.6,71.3,73.7,62.4,71.9,,79.6,,99.1,129.5,105.1,158.6,127
20140624,23,AQI,81,78,69,73,83,78,74,72,64,73,64,79,68,77,116,90,77,65,72,62,68,85,57,49,57,55,67,99,66,37,83,84,73,99,94
20140624,0,SO2,3.7,2,2.4,2,2,4,3,13.5,2,,2.3,2.1,2,5.9,4,9,3,2,2,2,2,15.1,5.3,2,2,2.2,4.5,32.9,2,,3.2,9.1,11.9,3.5,9.4
20140624,0,NO2,79.8,45.2,65.6,88.3,83.6,87.8,125.6,37,22.4,99.8,64.8,113.6,106.4,72.9,45.1,82.7,100.9,23.1,66.3,16,12.8,54.6,31.9,12.1,38.3,2.4,31.2,79.7,36.3,,126.3,139.6,111.9,150,108.8
20140624,0,O3,73.5,56.8,72.3,43.9,50.6,74.3,19,83.9,97.6,16,77.2,5.8,2.8,86.4,128.3,35.1,20,111.2,67,79.1,102,64.1,63,100.2,138.3,89.3,115.1,18.5,,,28.3,14.1,44.8,6,2
20140624,0,CO,0.8,0.7,0.8,1.2,0.5,0.8,0.6,0.3,0.4,0.8,0.7,1.1,0.9,0.8,0.7,0.5,0.7,0.4,0.5,0.4,0.3,0.5,0.2,0.3,0.4,0.4,0.2,0.3,0.6,,0.8,1.1,0.7,0.9,1
20140624,1,SO2,3.7,2,2.6,2.4,2,4.6,2.2,11.2,2,,,2,2,6.5,6.3,2,2.7,2,2,2,,3.5,5,2,2,2.5,4.3,32.1,2,,3.1,8.6,8.2,3.5,7.8
20140624,1,NO2,96.2,51,55.2,77.2,74.7,89,135.7,43.4,21.3,103.3,55.6,94.2,72.5,52.9,46.8,75.6,92.2,23.6,23.9,12.3,12.1,45.1,20.2,12.7,29.9,2.5,25.1,65.9,17.2,,130.9,132.1,96.2,147.4,132.5
20140624,1,O3,48,26.3,73.1,48.8,60.4,72.6,10,59.7,86.1,2,74.8,6.4,19.1,95.6,120.2,22.6,8.4,107.1,109.8,89.1,97.9,57.1,79.9,100.3,143,87.5,111.8,27.9,,,18.1,11.8,49.8,2,2
20140624,1,CO,1,0.8,0.8,1,0.6,0.9,0.7,0.3,0.3,0.8,0.6,0.9,0.6,0.8,0.7,0.5,0.6,0.4,0.5,0.4,0.3,0.4,0.2,0.3,0.4,0.4,0.2,0.3,0.6,,0.9,1.3,0.7,1,1.3
20140624,2,SO2,5.5,2,2.5,2,4.3,6.5,2.1,10,2,,2.2,2,2,5.1,7.4,2.3,2.9,2,2.2,2,,2,6.5,2,2,3,198.4,23.8,,,4.3,3.8,4.7,4.9,9.5
20140624,2,NO2,92.8,71.3,56.7,85.2,86.2,95.3,129.7,43.4,21,112.5,44.6,75.1,69.3,111.7,38.7,72.9,96,23.6,21.8,12.2,15.5,31.1,21.9,12.7,16.7,2.8,23.9,80.2,,,127.9,125.5,106.4,138.1,125.8
20140624,2,O3,42.6,12.1,53.1,34.2,31.3,53.6,5.5,39.5,77.6,2,70.8,24.2,18.8,28.1,119,44.3,2,107.7,79.5,88.2,85.6,56.7,84.5,91.4,131.6,86.3,107.2,23.6,,,14.2,13.4,24.5,2,2
20140624,2,CO,1,0.9,0.8,1.4,0.6,0.9,0.8,0.3,0.4,,,0.7,0.5,1,0.7,0.5,0.6,0.4,0.4,0.3,,0.4,0.1,0.3,0.4,0.4,0.2,0.4,,,0.9,1.2,0.9,1.1,1
20140624,3,SO2,7.3,2,3.2,2,2,7.1,3.5,11.7,2,,2,2,2,8,6.1,5,2.4,2,2,2,2,2,5.8,2,2,2.2,4.7,26.6,2,,4.8,5.1,2.1,3.9,9
20140624,3,NO2,103.9,76.8,85.7,89.2,90.7,95.3,115,51.4,24.1,112.5,81,58.9,88.4,109.5,49.5,72.7,79,20.4,19,12.2,11.9,32.8,15.7,12,10.8,2.1,38.4,105.1,18.6,,138.2,120.1,109.5,135.5,125
20140624,3,O3,26.7,9,20.7,25.4,2,41.6,3.5,20.6,71.9,2,24.4,40.3,2.1,29.5,91.7,46.1,8.4,105.4,2,82,,42.4,87.8,91.4,118.7,78.4,90.4,12.8,,,6.3,13.1,10.5,2,2
20140624,3,CO,1,1,0.9,0.9,0.6,0.9,0.6,0.3,0.4,0.8,0.6,0.7,0.7,0.9,0.8,0.6,0.6,0.4,0.1,0.4,,0.4,0.1,0.3,0.4,0.4,0.3,0.5,0.7,,1,1.1,0.9,1,1.1
20140624,4,SO2,8.3,2,2.5,2,6.3,9,3.7,11.3,2,,2,2,2,10.7,6.4,5.3,2.7,2,2,2,2,2,4.3,2,2,2.5,7.5,28.4,,,4.5,5.7,2,3.5,8.6
20140624,4,NO2,119.4,67.5,88.8,94,110.3,100.3,107.7,50.5,24.7,99,49.7,42.9,73.2,61.4,60.2,70.3,84.5,23.5,20.3,12.6,,35.6,13.7,12.6,10.5,2,34.7,99.9,,,129.6,117.5,109,131.5,102.3
20140624,4,O3,9.6,2,12.3,12.7,2,30,7.6,20.4,65,2,69.5,52.9,11.4,70.7,73.3,41.9,2.9,96.8,79.8,73.1,,39.7,75.2,82.5,114.6,82.2,109.8,17.1,,,12.1,7.5,13.2,2,2
20140624,4,CO,1.1,1,0.8,1,0.5,0.9,0.5,0.3,0.4,0.8,0.6,0.6,0.7,0.8,0.8,0.6,0.5,0.4,0.3,0.3,0.3,0.4,0.2,0.3,0.4,0.4,0.5,0.7,,,1,1.1,0.8,0.8,0.9
20140624,5,SO2,7.7,2,2.3,2,5.6,8.2,2.7,11,2,,2.1,2,2,8.7,7.5,7.6,2.9,2,2,2,2,2,4.6,2,2,2.4,9.1,35.2,,,5.4,4.8,2,3.9,7.9
20140624,5,NO2,94.1,68.1,99.8,106.4,110.3,108.7,97.2,53.8,38.2,,,41.5,56.2,41.2,55.4,56.1,77.4,25,,14,,36.2,40.9,13.9,44.5,2,24.7,76.6,,,110.7,82.6,104.7,112.6,81.7
20140624,5,O3,17,4.1,2,2,2,17.9,9.2,27.2,39.2,2,22.1,49.2,24.8,78,69.6,51.1,2.9,86.3,71.1,70,67.6,34.3,64,63.6,99.8,79.4,113.9,26,,,9.1,21.9,7.7,2,2.6
20140624,5,CO,1,1,0.8,1,0.6,1,0.5,0.3,0.5,0.8,0.6,0.6,0.5,0.8,0.8,0.6,0.4,0.4,0.4,0.4,0.4,0.4,0.2,0.3,0.4,0.4,0.4,0.6,,,0.8,0.8,0.7,0.8,0.8
20140624,6,SO2,5.2,2,2.6,2,2.5,7.6,2.9,12.2,2,,2.4,2,2,4.6,6.5,6.2,2.6,2,2,2,2,2,4.6,2,2,2.2,9.7,38.4,2,,5.4,5.2,2,4.9,3.5
20140624,6,NO2,92.2,49.8,94.5,95.7,101,88.1,93.3,54.1,37.9,102,103.2,56,57.1,58.7,62.6,48.2,61.7,26.8,24.2,17.3,19.5,28.6,20.8,14.3,22.8,2,32.6,67.8,32.4,,107.1,100.1,106.5,120.4,99.8
20140624,6,O3,19,5.3,3.3,5.1,2,31,9.3,18.1,35.3,2,17.4,34.8,23.1,47,54.3,51.7,11.8,79.3,74.6,76.1,55.9,43.9,62.9,64.5,116.4,72.1,101.9,25,,,9.8,7.8,6.6,2,2
20140624,6,CO,0.9,0.8,0.9,0.9,0.5,0.9,0.5,0.3,0.5,1,0.8,0.8,0.5,0.9,0.8,0.7,0.4,0.4,0.4,0.4,0.4,0.4,0.2,0.4,0.4,0.4,0.4,0.7,0.8,,1,1,0.8,0.9,1.3
20140624,7,SO2,4.9,2.2,5.4,2,4.8,5.9,2.5,10.2,2,,2,2,2,7.1,8.6,7.6,4.6,2,2.2,2,2,2,5,2,2,2.4,8.1,58.2,2,,4.5,7.7,2,9.2,6.6
20140624,7,NO2,97.6,85.6,87.3,91.9,83.1,106.9,84.9,44,31.9,100.8,61.3,53.3,76.4,63.8,77.1,70.5,46.3,37.2,24.6,24.4,23.8,36.4,21.8,14.5,30.7,2,26.4,73.6,23.2,,106.3,113.6,98.1,138,78
20140624,7,O3,9.1,16.5,11.6,12.1,8.7,4.3,17.6,48,41.4,2,39,51.5,12,32.8,41,16.7,26.2,64.3,72.8,77.9,56.5,40.1,70,63.1,103.4,67,75.6,28.5,,,11.2,5.7,9.6,2,2
20140624,7,CO,0.9,1,0.9,1,0.4,1,0.5,0.4,0.5,1.1,0.9,0.6,0.8,0.9,0.9,0.9,0.4,0.5,0.4,0.5,0.5,0.5,0.2,0.4,0.5,0.5,0.5,0.7,0.7,,0.8,1.1,0.8,1.2,0.8
20140624,8,SO2,6.7,4.2,6.3,4.1,3.6,8.1,5.3,10.5,2.4,,3.8,2,2,13.8,16.2,26.9,6.2,5.4,2,2,3.8,2,5.5,2,2,3,12.4,76.3,7.5,,4.4,8,2,9.1,8.9
20140624,8,NO2,86.9,105.1,66.7,103,62.7,106.6,91.2,51.8,33.6,87.5,64.9,58.1,76.6,75.6,68.4,84.7,42.8,77.3,22,27.2,34.3,23.8,26.8,23.1,39.3,2,32.8,62.1,25,,94.2,110.4,81.2,149.7,87.1
20140624,8,O3,28.2,12.4,39.9,26,33.8,10.7,24.6,58.9,67.7,17.1,49.8,54.2,19.6,49.4,63.8,34.3,35.7,46.5,80,84.1,69.2,75.6,73.4,72.3,103.1,69.1,89.5,51,,,28.7,14.9,36,2,4.8
20140624,8,CO,0.8,1,0.8,1,0.4,0.9,0.6,0.4,0.5,1,1,0.6,0.9,0.9,0.9,0.9,0.5,0.6,0.4,0.6,0.6,0.4,0.3,0.4,0.5,0.5,0.5,1.9,0.8,,0.7,0.9,0.8,1.3,0.9
20140624,9,SO2,8.3,8.8,6.9,6.5,4.3,,8.3,11.6,2.8,,4.1,2,2,16.6,19.8,18.9,7.5,6.1,6.2,5.9,7.2,2.3,5.8,2,2,3.6,26.4,57.9,,,8.7,7.6,3.3,6.8,9.3
20140624,9,NO2,105.9,108,71.1,85.7,80.5,106,83.2,47.7,24.6,75.5,71.8,51.4,67.4,58.5,61.2,70.5,48.9,73.8,25.4,30.2,24.7,20.4,25.2,22.4,34.2,2,32.3,51.7,,,97.3,101.8,92,151.9,95.6
20140624,9,O3,32.1,24.7,59.5,62.5,43,35.4,50.1,88.3,111.1,54.7,69.6,77,50.4,104.7,100.4,78.9,50,72.4,105.3,107.1,96.7,100.6,80.9,99.9,131.8,90.2,134.6,77.4,,,48.4,43.6,39.4,9.9,15.1
20140624,9,CO,1,1,0.9,0.9,0.6,0.9,0.6,0.4,0.5,1,1,0.7,0.8,0.8,0.9,0.8,0.6,0.6,0.5,0.7,0.7,0.4,0.3,0.5,0.5,0.5,0.5,1,,,0.7,0.8,0.9,1.1,1
20140624,10,SO2,11.3,10.9,7.5,9,7.3,14.9,8.2,12.1,3.7,,6.6,2,2.5,11.7,18.4,22.6,10.3,5.3,15.7,18.8,9,5.1,5.6,2,2,4,37,61.5,11.3,,13.3,12.2,,6.7,12.5
20140624,10,NO2,95.7,83,76.6,86.4,86.2,120.2,71.7,55.6,25.6,65,52.5,58.7,57.7,52.1,55.9,45.2,49,51.9,54.8,28.8,22.5,20.2,16.4,28.5,23.1,2,32,32.4,18.2,,115.3,96.7,102.3,164.5,90.6
20140624,10,O3,79.2,98.4,88.1,103.2,79.1,72.1,86.5,110.8,134.2,107.4,121.8,106.1,88.8,144.7,135.8,137.5,113.8,128.7,114.1,161.7,138.6,142.8,132.6,138.5,164.1,134.7,159.6,119.9,,,67.9,83.6,62.3,27.8,46.2
20140624,10,CO,1,0.9,1,1,0.6,1,0.6,0.5,0.5,1,0.9,0.8,0.7,0.8,0.9,0.7,0.7,0.6,0.7,0.8,0.8,0.5,0.3,0.5,0.5,0.5,0.6,0.8,0.8,,0.8,0.9,0.9,1.1,0.9
20140624,11,SO2,,9.7,7.9,8.5,10.1,12.9,9,13.6,6.2,,6.1,3.1,3,8.9,15.1,19.6,12.4,6,6.9,28.9,9.5,12.8,5.7,2.9,2,6.6,29.1,61.1,10.1,,12.8,13.4,9,10.8,12.6
20140624,11,NO2,52.6,31.3,61.4,56.2,72.2,75.2,77.4,39.9,31.8,35.6,,49.9,40.7,25.1,28.9,30.4,41.7,27.6,42.2,33.9,,21,12.9,31.8,17.8,2,35.4,18.8,10.9,,89.1,68.8,89.8,158.8,106.8
20140624,11,O3,124.7,181.2,146.6,163,131.4,157.4,121,169.7,161,169.6,148.5,149.5,132.5,190.1,195.5,181.2,175.6,194.8,167.7,189.8,169.9,178.6,150.3,165.3,185,159.5,177.1,157.8,,,123.9,144.5,108.4,61.9,73
20140624,11,CO,0.8,0.7,0.9,0.9,0.6,0.9,0.7,0.5,0.6,0.8,0.8,0.8,0.7,0.7,0.7,0.6,0.7,0.5,0.7,0.9,0.9,0.6,0.3,0.5,0.5,0.6,0.6,0.7,0.8,,0.7,0.7,0.9,1,1.1
20140624,12,SO2,,7.4,6.5,6.1,9.5,12,7.1,14.5,4.3,,5.4,3.2,2,7.7,8.8,21.8,12.5,7.9,5.8,19.5,,11.4,6.1,4,3.4,10.8,20.4,56,,,9.7,10.9,9.6,11,19.3
20140624,12,NO2,20.1,12.6,21.8,21.6,41.1,25.5,30.8,47.7,23.4,17.8,16,23.3,32,18.5,17.1,14.8,42.7,33.7,26.9,29.9,,14.9,11.1,17,21.6,2,26.2,16,,,60.5,50.4,59,125.1,48.2
20140624,12,O3,,204.8,207.3,200.2,185.6,224.2,170.1,178.6,192,184.8,190,195.2,164.6,209,211.8,216.8,218.7,223,200.3,225.6,,229,153.4,191.5,213.4,191,213.5,186.7,,,169.2,176.8,161.8,101.9,162.5
20140624,12,CO,,0.6,0.6,0.7,0.5,0.7,0.4,0.6,0.6,0.7,0.7,0.6,0.7,0.6,0.6,0.5,0.7,0.6,0.7,0.9,,0.6,0.2,0.5,0.6,0.7,0.6,0.6,,,0.6,0.6,0.7,0.8,0.6
20140624,13,SO2,8.6,6.2,6.7,6.5,6.9,8.8,4.6,15.5,4.7,21.2,6.7,3.8,2,5.4,4.7,9.1,8.6,6.8,5.2,13.7,,10.5,8.5,4.9,5.2,10.5,16.2,47.7,8.3,358.8,8.9,8.8,8.2,10.7,15.4
20140624,13,NO2,,10.4,17.9,19,18.6,17.4,23.1,23.3,10.9,14.8,14.9,19.6,26.1,17.4,16,10.4,19,36,17.1,18.2,,15.4,17,27.4,31.9,2,23.9,10.9,2,7.9,59.1,33.5,63.2,96.7,48.9
20140624,13,O3,,213.5,200.6,207.4,,230.3,184.9,208,226.4,203.5,202.9,209.6,171.8,224.4,220.6,217.7,237.3,229.2,210.6,261.8,,252.3,185.4,237.4,250.3,219.8,235.9,189.5,,188.6,169.6,192.1,143.3,126.3,155
20140624,13,CO,,0.6,0.7,0.7,0.3,0.6,0.4,0.5,0.5,,0.8,0.7,0.7,0.7,0.6,0.5,0.5,0.7,0.6,0.8,,0.6,0.3,0.6,0.7,0.8,0.6,0.6,0.6,0.3,0.6,0.5,0.7,0.8,0.6
20140624,14,SO2,6.7,5.4,5.9,5.6,7.5,6.9,6.8,16.1,7.7,5.1,5.9,4.9,2,6.8,5.3,6.3,7.6,5.8,5.4,8.9,4.7,13.4,10.6,3.4,4.9,11.4,14.4,48.6,,2,6.9,7.6,11.2,9.4,2
20140624,14,NO2,19,10.3,14.1,20.1,22.2,16.7,24.9,17.3,10.2,13.9,12.2,16.6,22.5,18.8,22,9.5,17.3,20.6,,13.6,31,23.2,23.8,15.2,31.1,3.1,23.9,11.4,,6.9,55,32.6,58.9,113,46.6
20140624,14,O3,212.9,234.5,207.5,217.9,202.7,236.3,191.7,209,229.7,196.3,192.7,219.4,158.4,244.9,224.9,213,240.4,231.6,217.2,251,267.2,292.5,210.5,232.3,260.3,243.5,248.7,213.8,,201.8,185.8,206.8,152.1,127.3,168.4
20140624,14,CO,0.8,0.7,0.7,0.8,0.4,0.6,0.5,0.4,0.5,0.8,0.8,0.7,0.7,0.8,0.6,0.5,0.5,0.5,0.8,0.8,0.8,0.7,0.4,0.5,0.8,0.8,0.6,1.1,,0.6,0.6,0.6,0.7,0.9,0.6
20140624,15,SO2,7.6,6.5,5.3,6.4,6.7,9.2,8.9,17.8,5.9,4,3.6,4.2,2,6.6,7.4,12.6,,8,5,7.4,3.2,9.2,8.8,4.2,4.5,13.8,13.7,54.5,8.1,2,7.8,7.7,9.1,10.3,17.2
20140624,15,NO2,20.7,11.6,14.5,20.9,22.7,19.7,24.9,17.3,9,,11,14.2,21.9,16.9,15.7,9.2,,,,14.2,20.8,16.7,19.7,12.5,20.7,4.7,21.6,11.4,2,7.6,55.6,43.5,52.9,116.5,51.6
20140624,15,O3,230.2,254.8,222,242.5,210.5,256.5,182.9,212,223.9,193.2,195.8,205.8,168.6,249,247.3,222.5,,195.1,,246,261,262.7,210.6,239.1,258.6,280.4,233.6,231.4,,210.4,206.9,214.8,170.9,133.7,175.6
20140624,15,CO,0.8,0.7,0.7,0.8,0.5,0.7,0.5,0.5,0.6,,0.8,0.7,0.7,0.7,0.8,0.6,,0.5,0.5,0.8,0.8,0.6,0.4,0.5,0.8,1,0.6,1.1,0.6,0.6,0.7,0.7,0.8,1,0.8
20140624,16,SO2,9.6,8.7,5.4,7.5,7.4,11.5,6.3,16,3.4,2.7,2.2,3.7,2,7.1,7.4,16.9,,9.2,5.7,6.8,2,6.7,9,6.8,5.9,9.8,13.3,51.1,6.4,2,9.5,9.2,9.3,11.9,15.7
20140624,16,NO2,22.5,11.6,17.6,20.2,29.6,19.3,25.7,16.5,8.4,,12.5,16,23.1,18.3,18.4,9.4,,22.7,18.7,11.6,21.8,13.3,15.2,13.4,22.1,2.3,18.9,9.8,2,8.1,57.2,51.1,47.9,121.4,57.3
20140624,16,O3,235.4,246.2,226.6,239.9,229.4,262.1,185,206.3,224.9,195.6,195.6,210.6,165.5,247.7,248.5,237.6,,232.1,,229.3,255.7,248.1,210.5,246.3,251.4,247,229.4,223.4,,211.4,200.7,203.9,187.7,128.1,181.4
20140624,16,CO,0.9,0.8,0.8,0.8,0.5,0.8,0.5,0.5,0.6,0.8,0.7,0.7,0.6,0.8,0.8,0.6,,0.6,0.5,0.8,0.8,0.5,0.4,0.6,0.8,0.8,0.6,0.9,0.6,0.7,0.7,0.8,0.8,1.1,0.9
20140624,17,SO2,10.8,9.2,5.7,7.3,8.6,11.8,7.2,15.8,3.1,,2,3,2,6.7,6.4,10.6,6.5,6.4,5.6,7.9,2,7.9,10.2,3.9,6.1,9.5,15.9,44.3,6.4,7.1,10.1,10.6,14.7,11.9,15.9
20140624,17,NO2,22.8,13.8,19.3,20.7,31.9,21.5,24.9,17.3,8.6,21.7,15.9,19,23.3,18,28,11.1,18.9,20.8,21.4,13.8,22.4,18.2,15.9,12.3,24.3,2.2,20.4,7.4,2.5,8.4,60.9,72.5,65.2,139.4,
20140624,17,O3,232.4,245.6,225.7,238.1,226.6,256.4,186.8,212.9,225.1,195,192.3,199.7,167.4,244.9,231.9,237.3,257.7,228.2,223.2,243.4,246,250.9,210.2,232.2,249.1,247.2,258,209.5,,207,192.7,179.1,173.7,103,104.5
20140624,17,CO,0.9,0.8,0.8,0.8,0.6,0.8,0.5,0.6,0.5,0.6,0.6,0.7,0.6,0.7,0.7,0.6,0.6,0.6,0.7,1,0.8,0.6,0.4,0.6,0.9,0.8,0.9,0.7,0.6,0.7,0.7,0.8,0.8,1,1
20140624,18,SO2,10,8.1,5.2,7.3,9.5,11.2,5.6,16.5,2.9,,2,2.3,2,6.8,6.8,17.8,8.9,6.2,4.4,9.6,3.4,9.5,9.8,3.4,4.5,10.7,14.7,41.9,5.5,9.4,9.6,10.5,9.5,11.7,15.3
20140624,18,NO2,27.8,14.7,23.5,24,35.5,27.6,30,24,11,23.8,18.4,20.8,27.4,22.1,22.9,16.1,21.5,24.3,24.1,18.3,24.7,25.3,18.8,14.3,41.2,2.3,21.7,9.3,2.9,10,61.3,76.5,63.4,144.6,96.2
20140624,18,O3,219.5,241.3,212.5,231.8,211.1,238.8,187.3,202.4,218.6,195.8,198.7,201.5,170.1,245.2,228.4,221.8,249.8,222.6,224.6,256.5,250.6,248.8,203.9,225.7,217.8,239.3,255.8,212.7,,210.6,187.2,163.9,168.9,96.4,161.1
20140624,18,CO,0.9,0.8,0.8,0.8,0.6,0.8,0.5,0.6,0.5,0.7,0.6,0.7,0.6,0.8,0.7,0.6,0.6,0.6,0.7,1.1,0.9,0.8,0.4,0.6,0.9,0.9,0.6,0.7,0.5,0.7,0.7,0.8,0.8,1.1,0.9
20140624,19,SO2,10.5,8.7,6.6,7.6,7.5,12.9,5.8,16.8,3.4,2.6,2.7,2,2.3,6.9,8,7.5,9.3,5.8,5.1,7.8,5.3,10.8,8.6,3,4.6,12,11.7,39.9,,9.9,8.8,10.3,11,11.3,18.6
20140624,19,NO2,32.5,17,28.3,29.3,37.2,33.4,48.8,22.3,13.8,31.9,24.2,24.8,34,35,26.3,25.6,22.4,30.5,33.6,25.7,26.8,29.5,22.9,16.9,66.7,3.3,21.1,9.4,,12.8,68.2,90.7,55,172.5,143.4
20140624,19,O3,207.1,235,215,217.1,199.5,222.6,173.1,203.3,210.9,183,177.2,199,162.7,207.6,222.5,210.7,239,208.9,210.3,229.5,240,253.9,194,214.2,185.4,242.7,217.6,202.1,,198.5,170,145.5,176.3,64.3,106.5
20140624,19,CO,0.9,0.8,0.9,0.9,0.6,0.8,0.6,0.5,0.5,0.7,0.7,0.8,0.7,0.7,0.7,0.7,0.6,0.6,0.7,0.9,1,1,0.4,0.6,0.9,1,0.5,0.7,,0.7,0.7,0.9,0.8,1.2,1.1
20140624,20,SO2,12.4,9.2,7,5.9,9.2,11.7,6.1,16.4,2.1,3.7,3,2,2,7.2,8.4,10.8,11.6,6,8.3,6,7.9,12.7,8.5,2.4,3.9,12.7,8.9,38.7,2,7.8,10.1,10.5,5.5,8.7,15.8
20140624,20,NO2,34.7,24.1,37.8,38.7,39.7,40.9,51,30,21.8,49.6,26.2,34,40.5,41.8,43,51.5,34.9,37.9,51.2,31.4,38.4,25.9,20.8,19.1,85.9,4.9,22.3,26,5.8,15.8,71.9,99.6,63.9,164.6,136.8
20140624,20,O3,194.5,194,192.1,192.3,185.8,205.3,167.7,186.2,162.1,153.2,163.9,173,144,197.8,190.5,171.5,212.7,194.5,183.4,192.1,231.3,262.9,185.9,197.1,146.9,235.8,192.1,156.7,,153.3,155.2,122.7,155.9,58.1,105
20140624,20,CO,1,0.9,1,1,0.6,0.8,0.6,0.5,0.6,0.8,0.7,0.9,0.8,0.9,0.8,0.9,0.7,0.6,0.9,0.8,1.3,1.3,0.5,0.4,0.8,1.1,0.5,0.9,0.6,0.7,0.8,1,0.9,1.2,1.2
20140624,21,SO2,12.8,6.7,6.7,3.7,9.1,11.8,6.8,14.8,2,3.6,3,2,2,6.4,8.2,11.8,13.8,6.7,7.2,12.6,8,12.7,8.9,2.2,3.9,10.4,8.5,39.3,2,7.2,9.6,10.1,8.4,6.1,14.7
20140624,21,NO2,55.8,35.4,45.2,48.9,58.5,46.9,69.2,36,19.9,60.5,37.8,49.2,40.4,59.8,39.7,117.6,55.2,51.3,49.6,39,42.4,23.1,31.6,19.3,140.1,3.6,26.4,30.1,3.1,20,95.3,123.9,72.5,126.1,155.6
20140624,21,O3,152.8,149.3,156.5,145.8,144.9,175,130.9,170.1,141.3,118.2,145.8,134.3,129.1,151.9,178.9,65.1,178.4,162.9,167.6,166.2,199.5,244.7,162.4,181.5,69.2,222,170.7,136.8,,132.8,110.7,79.1,125.1,71.4,61.9
20140624,21,CO,1.2,1,0.9,1.1,0.8,0.9,0.7,0.6,0.7,0.9,0.8,1,0.8,0.9,0.8,1,0.9,0.8,0.9,0.9,1.4,1.2,0.5,0.5,0.8,1.1,0.6,0.8,0.6,0.7,0.9,1.2,1,1.3,1.2
20140624,22,SO2,13,7,6.4,4.5,7.7,12.1,7,14.3,2.3,2.2,3.9,2.1,2,10.1,14.8,16.8,13.2,7.3,6,8.9,6.9,11.2,8.8,2,4.1,4.8,14.9,42.1,2,7.7,10,10.1,9.8,6.6,12.5
20140624,22,NO2,78.9,41.9,61.5,53.9,87.4,49.4,112.7,54.4,18.6,62.4,61.5,48.3,65,64.4,65,86.9,57.8,54.2,56.9,37,39.3,31.8,58,17.6,120.6,2.3,29.8,37,9.2,49.4,98.2,111.7,82.5,120.6,173.1
20140624,22,O3,115.1,109.9,118.5,119.3,92.6,152.9,70.9,120.2,135.7,90.8,98.5,122,94.2,133.2,133.1,90.9,135.7,138.5,142.5,147,163.5,200,117.3,169.7,78.8,169.6,145.1,113.8,,71.6,93.7,81.2,102.3,61.5,31
20140624,22,CO,1.2,1,1,1.1,0.9,1,0.9,0.6,0.7,1,0.9,1,0.9,1,1.2,0.9,0.9,0.9,0.9,1,1.4,1.1,0.5,0.5,0.7,1,0.7,0.7,0.6,0.8,0.9,1.1,1,1.2,1.5
20140624,23,SO2,28.5,26,11.8,11.6,11.8,26.6,8.1,16.2,3.3,6.9,3.3,2,2.2,16.3,20.9,24.1,16.7,7.1,4.4,9.2,12.1,17.6,5.3,2.1,3.9,4.2,18.3,43.3,3.8,8.1,20.1,14.4,6.1,7.2,16.4
20140624,23,NO2,45.9,37.5,49.7,42.6,73.1,51.7,115.4,57.1,16.7,79.6,71.6,107.3,63.4,43.1,80.3,60.5,57,46,143.4,26.5,45.4,22.7,22.8,19.9,73.2,3.1,30.9,47.2,10,73.1,73.7,80.6,71.6,104.8,137.9
20140624,23,O3,135.9,131.7,127.1,139.4,105.8,137.3,65.8,88.2,124.8,73.7,74.6,39.8,82.9,137.5,112,94.8,116.2,133.2,16.3,152.7,134.4,187.7,135.1,156.7,112.5,145.4,134.3,90.9,,44.7,107.7,97.7,104.8,78.7,58.3
20140624,23,CO,1.6,1.5,1.1,1.2,1,1.4,0.9,0.6,0.6,1.1,1,1.1,0.9,1.2,1.4,0.8,1,0.8,1,0.9,1.4,1.1,0.5,0.5,0.8,0.9,0.6,0.6,0.8,0.8,1.1,1.4,1,1.3,1.8
