date,hour,type,dongsi,tiantan,guanyuan,wanshouxigong,aotizhongxing,nongzhanguan,wanliu,beibuxingqu,zhiwuyuan,fentaihuayuan,yungang,gucheng,fangshan,daxing,yizhuang,tongzhou,shunyi,changping,mengtougou,pinggu,huairou,miyun,yanqing,dingling,badaling,miyunshuiku,donggaocun,yongledian,yufa,liulihe,qianmeng,yongdingmengxi,xizhimengbei,nansanhuan,dongsihuan
20140327,0,PM2.5,412,339,331,383,389,357,374,352,321,436,369,372,425,404,364,308,325,335,292,243,335,282,302,356,335,325,270,292,303,409,,420,353,419,382
20140327,0,PM10,442,359,389,444,486,387,442,374,380,482,367,442,506,440,396,405,365,292,312,277,303,327,251,296,301,282,240,339,323,650,,448,392,386,527
20140327,0,AQI,353,326,327,338,346,341,344,327,284,362,334,326,348,342,322,294,320,303,306,283,324,297,281,296,268,286,276,309,328,348,,331,325,345,343
20140327,1,PM2.5,420,386,388,376,410,378,393,305,351,421,302,322,412,409,307,321,328,342,286,237,323,271,297,367,333,312,271,267,261,426,,376,391,371,401
20140327,1,PM10,448,338,420,431,469,439,461,336,325,512,347,355,529,455,327,419,368,300,303,263,291,298,247,302,282,264,239,287,279,663,,425,415,401,596
20140327,1,AQI,362,336,335,346,356,350,352,329,291,369,338,329,356,351,328,301,323,310,309,287,328,301,284,302,275,289,280,312,331,356,,338,333,352,352
20140327,2,PM2.5,419,377,344,323,398,375,378,316,347,420,277,301,361,409,285,320,350,343,249,232,313,291,289,361,328,306,259,242,224,419,,361,359,403,417
20140327,2,PM10,459,317,416,404,438,434,433,369,323,521,307,326,479,492,305,409,324,315,304,258,282,273,245,286,278,245,231,267,240,621,,411,394,379,728
20140327,2,AQI,371,345,342,351,363,359,358,330,298,376,340,333,362,359,334,308,327,317,310,290,331,305,287,309,283,293,285,312,331,363,,345,339,359,361
20140327,3,PM2.5,402,369,343,394,335,375,363,312,342,415,263,282,360,423,287,293,330,342,251,228,318,295,287,360,,296,230,236,208,403,,358,389,402,390
20140327,3,PM10,438,323,382,450,397,396,451,344,313,469,289,303,440,542,314,362,297,303,299,257,290,252,243,291,,238,269,275,220,595,,407,357,363,617
20140327,3,AQI,378,353,349,358,367,367,363,332,306,383,342,335,367,369,339,314,330,323,311,293,335,310,289,316,,298,287,311,331,370,,351,345,366,368
20140327,4,PM2.5,330,371,322,382,316,332,365,322,324,405,263,283,344,395,293,264,285,339,250,227,316,266,284,357,281,296,296,239,177,386,,352,372,398,358
20140327,4,PM10,397,307,346,432,367,364,424,341,284,444,303,303,400,516,334,324,301,288,301,270,295,243,238,291,313,229,269,230,206,655,,388,328,338,551
20140327,4,AQI,383,360,353,365,370,372,367,335,312,389,344,339,371,377,344,318,332,330,312,296,340,313,292,323,295,302,291,309,329,379,,356,351,372,374
20140327,5,PM2.5,309,357,306,361,299,318,371,284,310,403,271,284,334,388,280,211,281,336,302,236,305,231,278,358,353,287,257,186,190,373,,377,357,377,349
20140327,5,PM10,380,307,329,388,349,355,412,313,270,437,311,317,365,517,310,252,298,297,326,280,286,250,233,293,308,241,282,205,202,794,,356,309,308,511
20140327,5,AQI,386,366,355,371,372,376,372,336,318,394,346,342,376,384,349,319,333,338,315,299,344,315,295,329,301,306,292,307,327,387,,362,355,378,379
20140327,6,PM2.5,360,351,293,299,289,311,361,279,316,351,317,294,332,379,258,234,267,326,250,277,314,225,265,351,350,291,276,188,174,332,,324,351,365,359
20140327,6,PM10,380,312,312,359,319,361,391,328,284,412,289,323,360,456,288,292,287,274,293,295,285,245,230,290,314,253,309,242,185,441,,357,292,302,503
20140327,6,AQI,390,372,358,375,373,377,377,336,324,397,351,344,380,391,352,320,335,343,316,302,348,317,299,336,307,310,294,303,326,384,,368,359,383,383
20140327,7,PM2.5,353,295,280,347,314,352,356,330,277,335,270,299,339,306,237,276,261,287,291,301,311,228,271,349,347,288,314,210,175,342,,311,329,315,325
20140327,7,PM10,400,312,316,418,347,373,395,354,298,400,325,334,361,351,267,377,281,316,306,338,288,260,220,291,310,225,286,233,227,481,,345,299,350,465
20140327,7,AQI,393,375,359,382,376,380,381,339,327,399,352,347,384,394,353,322,337,347,320,305,353,320,302,344,312,314,298,299,325,389,,370,362,385,386
20140327,8,PM2.5,318,270,316,342,306,343,347,341,278,378,345,330,358,296,248,299,250,364,309,281,280,227,222,361,349,282,246,226,186,377,,331,279,297,315
20140327,8,PM10,366,310,340,477,375,373,421,371,307,408,365,361,403,357,277,386,274,387,336,321,309,294,244,317,306,230,262,240,272,529,,350,323,335,463
20140327,8,AQI,395,375,361,385,377,382,385,343,330,402,356,352,387,396,352,326,337,353,325,308,357,323,303,352,319,318,298,298,324,395,,373,362,386,387
20140327,9,PM2.5,308,258,295,313,305,363,340,364,259,358,329,306,354,282,268,285,321,383,315,263,285,266,240,382,346,272,259,261,230,379,,320,307,331,321
20140327,9,PM10,364,303,338,475,369,460,430,395,287,415,372,346,407,351,306,363,346,436,371,333,315,297,314,346,308,203,274,306,307,548,,386,332,360,527
20140327,9,AQI,395,373,362,387,378,384,387,347,330,403,360,354,392,395,349,327,341,359,331,309,362,325,302,361,323,322,299,296,324,400,,374,363,388,388
20140327,10,PM2.5,320,269,307,302,312,376,337,373,251,347,320,302,320,277,285,307,343,356,294,276,328,267,309,380,309,250,261,302,278,379,,309,313,264,342
20140327,10,PM10,379,345,356,475,382,419,415,413,288,408,367,331,374,324,318,381,399,395,347,367,347,294,387,355,270,212,278,329,314,488,,334,340,294,552
20140327,10,AQI,395,371,363,387,378,385,389,352,330,405,362,355,394,394,347,329,344,364,334,311,366,328,304,369,327,324,300,294,323,403,,374,364,386,389
20140327,11,PM2.5,345,268,312,308,342,,354,399,240,347,302,263,313,284,315,365,341,333,298,185,303,190,268,330,309,252,166,272,295,331,,261,329,257,354
20140327,11,PM10,404,314,341,448,424,356,419,441,265,428,327,313,343,312,342,455,391,353,334,252,333,295,303,352,268,223,176,259,314,424,,313,358,290,513
20140327,11,AQI,395,368,364,387,379,383,392,357,328,407,365,353,394,393,345,332,347,367,336,307,367,328,304,374,332,326,296,293,322,404,,372,367,384,390
20140327,12,PM2.5,395,292,365,330,396,,376,382,248,341,328,326,331,300,312,,253,338,297,125,303,286,272,322,258,215,122,205,264,328,,276,372,264,405
20140327,12,PM10,459,364,409,449,477,,498,421,308,395,353,345,385,339,333,283,266,365,341,151,329,311,317,379,278,271,142,95,304,420,,352,404,293,551
20140327,12,AQI,399,366,366,388,382,384,396,362,328,409,367,360,396,392,343,332,346,370,338,299,368,331,307,377,335,324,289,289,320,405,,371,371,383,393
20140327,13,PM2.5,372,354,396,352,354,160,422,377,344,385,350,357,320,287,241,,146,347,335,105,189,165,281,318,278,238,99,,251,329,,346,346,300,301
20140327,13,PM10,401,302,445,488,382,304,525,407,364,437,410,402,348,305,204,65,158,378,449,118,221,195,337,362,343,279,115,,280,422,,321,421,336,316
20140327,13,AQI,402,368,371,389,384,377,401,368,333,412,369,365,397,390,341,331,339,372,341,291,363,328,310,380,339,328,281,288,318,406,,372,374,383,392
20140327,14,PM2.5,161,127,269,202,166,126,338,404,379,354,,392,345,208,126,54,108,254,412,99,148,132,374,280,313,198,86,30,236,326,,170,262,210,116
20140327,14,PM10,113,5,175,5,103,165,335,452,434,276,431,471,384,186,124,67,134,204,565,127,172,185,398,309,350,175,95,231,280,422,,86,194,115,58
20140327,14,AQI,395,361,372,384,379,369,402,375,339,414,371,370,400,387,341,321,331,372,347,282,358,322,317,381,344,329,274,278,317,408,,367,374,380,383
20140327,15,PM2.5,95,65,109,102,75,90,151,231,248,,,301,245,132,99,63,95,155,447,107,131,127,326,238,310,158,50,93,241,343,,100,115,81,84
20140327,15,PM10,105,73,84,5,85,148,104,175,232,97,,262,197,169,116,82,144,139,625,141,181,157,363,264,278,167,85,199,279,426,,111,103,110,129
20140327,15,AQI,387,352,364,376,369,358,397,374,340,416,374,372,399,382,334,314,322,368,354,274,350,315,325,380,349,326,266,274,316,409,,359,367,373,374
20140327,16,PM2.5,,58,68,95,81,80,111,118,136,,121,185,182,114,101,75,84,134,433,108,137,117,299,221,215,144,83,97,199,347,,95,56,,73
20140327,16,PM10,,84,92,52,97,157,77,135,144,,333,209,196,155,134,80,121,161,544,146,192,163,271,251,188,180,91,212,251,441,,116,100,118,136
20140327,16,AQI,,344,358,369,361,349,390,369,336,419,367,368,393,375,327,307,313,363,361,268,343,308,334,378,349,321,259,270,311,410,,354,359,378,366
20140327,17,PM2.5,77,81,62,81,86,75,93,117,130,55,199,189,138,105,90,82,81,88,323,117,141,144,226,198,158,153,55,99,158,260,,,85,,77
20140327,17,PM10,109,49,78,9,127,154,110,142,157,277,342,243,160,156,148,108,114,128,350,195,183,193,248,264,200,168,91,191,201,280,,99,112,,161
20140327,17,AQI,372,335,349,360,354,341,382,363,331,411,362,364,386,367,319,301,304,353,363,263,339,301,335,374,345,317,251,267,305,408,,357,353,382,359
20140327,18,PM2.5,81,84,89,39,85,83,84,121,131,91,167,168,129,93,86,103,97,110,179,96,136,146,225,184,192,141,85,113,133,182,,47,85,51,87
20140327,18,PM10,136,92,101,46,145,177,126,184,169,224,297,234,189,147,161,161,165,144,213,129,168,207,255,261,221,166,91,190,223,181,,101,133,5,173
20140327,18,AQI,362,325,340,349,345,333,372,356,324,404,356,358,377,357,309,295,298,344,358,259,330,295,334,370,343,312,246,262,297,404,,348,345,372,351
20140327,19,PM2.5,92,93,97,86,92,90,94,133,151,96,178,152,160,89,105,116,147,104,174,121,136,166,194,162,165,144,93,121,125,165,,94,90,88,85
20140327,19,PM10,168,141,125,103,160,187,170,211,199,223,350,220,255,148,196,214,204,130,249,139,188,217,258,227,189,174,116,182,216,241,,141,147,5,185
20140327,19,AQI,351,314,330,338,335,323,362,350,319,392,348,351,369,347,300,288,294,335,352,255,320,288,330,364,339,305,241,258,290,398,,339,337,359,342
20140327,20,PM2.5,101,87,101,89,113,97,107,134,125,104,171,132,164,88,115,141,164,151,175,126,149,158,206,137,115,147,103,129,114,205,,98,97,96,95
20140327,20,PM10,201,133,147,131,205,208,201,222,149,229,316,193,234,151,230,229,219,241,257,142,193,212,258,178,128,178,139,191,210,359,,161,170,5,209
20140327,20,AQI,339,305,320,326,325,313,351,343,313,381,339,341,361,335,291,280,291,328,346,248,310,279,326,358,334,299,237,253,280,391,,329,329,346,332
20140327,21,PM2.5,115,94,109,92,117,103,117,144,98,112,167,158,148,105,123,133,175,147,155,123,147,178,189,144,83,152,111,150,113,237,,105,111,101,99
20140327,21,PM10,225,107,171,167,171,218,225,218,104,240,308,257,203,176,241,206,212,208,219,156,185,248,223,181,92,186,151,237,205,378,,181,212,322,232
20140327,21,AQI,328,296,309,315,314,299,340,335,307,369,328,331,351,324,281,272,285,320,339,242,302,271,322,350,327,292,234,246,269,385,,319,319,332,320
20140327,22,PM2.5,119,98,118,108,111,110,139,164,106,118,214,189,181,110,121,129,146,174,148,121,134,222,161,165,78,150,121,149,114,247,,116,113,109,113
20140327,22,PM10,228,122,178,198,164,211,255,238,129,249,355,272,315,207,236,193,197,274,234,151,176,243,190,212,117,180,176,271,222,397,,194,185,176,225
20140327,22,AQI,317,286,300,304,303,288,331,327,300,355,320,323,342,312,271,264,279,316,332,237,292,266,315,343,317,284,231,241,259,380,,308,309,319,310
20140327,23,PM2.5,121,75,121,111,117,107,129,137,107,130,234,188,248,123,120,144,154,153,150,124,139,165,160,167,87,153,144,165,125,257,,113,128,112,115
20140327,23,PM10,203,97,210,175,199,203,237,218,120,268,360,254,388,212,226,201,235,206,235,162,180,236,174,226,117,180,180,246,224,429,,172,245,753,213
20140327,23,AQI,305,276,289,292,292,277,321,318,292,341,312,315,335,300,261,256,272,310,326,232,284,260,309,335,309,277,227,236,249,374,,296,300,305,299
