date,hour,type,dongsi,tiantan,guanyuan,wanshouxigong,aotizhongxing,nongzhanguan,wanliu,beibuxingqu,zhiwuyuan,fentaihuayuan,yungang,gucheng,fangshan,daxing,yizhuang,tongzhou,shunyi,changping,mengtougou,pinggu,huairou,miyun,yanqing,dingling,badaling,miyunshuiku,donggaocun,yongledian,yufa,liulihe,qianmeng,yongdingmengxi,xizhimengbei,nansanhuan,dongsihuan
20140225,0,PM2.5,326,309,357,350,284,326,377,312,318,430,329,369,423,353,316,546,376,329,326,356,359,334,368,368,268,258,312,395,299,323,336,337,304,359,334
20140225,0,PM10,,314,366,395,309,343,379,312,,475,350,,445,378,327,548,386,,337,375,,341,,,269,,315,399,307,431,,,317,,409
20140225,0,AQI,321,303,323,337,298,331,327,291,298,356,,313,332,311,337,363,339,305,315,378,328,315,290,353,266,278,325,334,299,308,329,326,324,336,320
20140225,1,PM2.5,333,281,359,368,377,326,377,312,318,430,329,369,423,353,316,546,376,329,326,356,359,334,368,368,268,258,312,395,299,323,336,337,304,359,334
20140225,1,PM10,,291,367,415,397,343,379,312,,475,350,,445,378,327,548,386,,337,375,,341,,,269,,315,399,307,431,,,317,,409
20140225,1,AQI,326,307,329,344,304,336,330,294,301,363,,317,339,316,340,371,345,307,319,378,332,319,297,355,270,278,327,341,304,312,336,330,328,342,324
20140225,2,PM2.5,309,310,360,364,412,414,352,294,314,426,348,344,380,384,318,454,389,315,318,332,323,342,370,357,280,236,320,408,282,291,342,318,317,359,419
20140225,2,PM10,323,317,362,397,429,446,392,,,453,362,,429,406,360,457,390,,321,363,,,,,285,,322,410,309,377,,318,347,,485
20140225,2,AQI,329,312,335,349,312,344,334,297,304,371,,322,346,324,343,378,350,310,322,377,335,322,304,356,273,279,329,345,307,316,341,336,331,348,332
20140225,3,PM2.5,337,294,378,360,427,428,371,286,314,428,349,310,385,495,359,430,376,306,311,333,329,321,384,339,289,265,350,410,290,328,314,359,337,368,425
20140225,3,PM10,341,322,387,398,442,444,406,298,,455,,328,394,513,,470,,,314,365,,,,,309,,,422,317,434,315,,371,,509
20140225,3,AQI,335,316,342,353,321,353,339,300,308,378,,326,353,337,350,386,355,313,325,376,336,324,311,356,277,281,332,348,311,321,343,342,335,353,339
20140225,4,PM2.5,383,313,390,383,422,445,376,290,322,424,319,337,345,430,325,457,376,302,311,327,335,312,361,340,306,284,343,458,292,330,382,360,351,375,432
20140225,4,PM10,,332,403,415,428,462,405,295,,440,322,344,361,,367,466,,,314,341,,,,,331,,302,,307,433,,,384,,489
20140225,4,AQI,342,321,349,358,329,361,345,303,312,385,,331,358,348,352,393,360,316,329,376,338,327,317,357,282,284,336,353,316,326,349,348,340,359,346
20140225,5,PM2.5,394,310,403,384,416,443,371,308,321,419,330,337,341,358,374,458,365,283,286,327,320,309,341,342,325,289,338,447,289,349,380,355,358,355,424
20140225,5,PM10,,312,409,432,418,463,392,309,,431,355,341,367,361,392,485,,288,309,359,,,,,342,,,,298,437,,,385,,472
20140225,5,AQI,350,325,357,364,338,370,351,307,316,393,,336,363,353,357,401,365,318,332,374,340,330,323,359,288,287,341,358,320,332,354,353,345,364,355
20140225,6,PM2.5,399,328,394,396,413,418,366,302,326,431,344,332,349,384,370,446,346,323,283,355,310,300,320,346,335,280,,404,318,347,402,337,350,365,405
20140225,6,PM10,,,407,434,415,435,396,,,444,353,335,387,391,386,466,,,305,365,,,,,350,,,404,320,416,,339,375,,446
20140225,6,AQI,358,330,365,370,346,379,357,311,321,401,359,340,369,362,361,406,369,322,334,374,342,333,327,362,294,290,346,362,324,338,360,358,351,369,361
20140225,7,PM2.5,375,313,387,401,394,407,404,304,325,437,344,332,392,431,373,441,357,318,282,344,307,299,322,336,337,260,339,418,294,348,393,390,372,389,356
20140225,7,PM10,,339,395,446,400,423,415,,,457,,350,398,437,391,461,,,303,365,,,,,352,,,447,316,416,,,377,,367
20140225,7,AQI,365,334,373,377,355,387,364,314,325,407,360,345,376,371,365,411,372,325,337,375,345,336,332,364,301,292,348,368,327,343,366,366,357,375,366
20140225,8,PM2.5,348,331,374,379,346,383,397,301,326,436,317,345,374,435,358,435,350,296,307,371,310,299,301,334,340,253,,443,328,344,352,366,358,380,326
20140225,8,PM10,,332,394,417,350,395,415,305,,482,330,378,379,453,381,448,,301,309,376,,,306,,352,,,479,332,410,,,369,,326
20140225,8,AQI,371,340,381,382,361,392,372,318,330,412,361,350,381,379,369,415,376,328,340,378,347,339,335,367,307,290,352,376,330,348,371,372,363,382,368
20140225,9,PM2.5,348,331,374,379,346,383,397,301,326,436,317,345,374,435,358,435,350,296,307,371,310,299,301,334,340,253,331,443,328,344,352,366,358,380,326
20140225,9,PM10,,332,394,417,350,395,415,305,,482,330,378,379,453,381,448,,301,309,376,,,306,,352,,285,479,332,410,,,369,,326
20140225,9,AQI,377,345,388,387,366,397,378,323,336,419,362,357,387,387,373,418,380,333,344,383,351,341,342,369,314,291,355,385,334,352,375,378,368,387,371
20140225,10,PM2.5,347,305,,355,293,343,381,345,366,469,400,360,401,440,412,427,336,326,341,429,337,337,366,336,347,301,357,515,371,375,341,315,306,350,317
20140225,10,PM10,,333,388,398,326,364,382,346,,509,400,378,428,466,433,440,,377,363,469,,,,350,360,,,525,412,436,,322,324,,360
20140225,10,AQI,383,349,388,391,369,400,385,327,342,426,372,363,395,395,376,422,382,338,349,388,355,343,349,372,321,296,357,398,337,358,380,377,372,391,373
20140225,11,PM2.5,354,345,,354,308,346,384,361,345,467,408,352,439,459,397,473,351,418,353,497,353,325,343,429,342,,327,469,394,401,348,313,299,345,335
20140225,11,PM10,,351,371,396,338,375,385,383,347,507,412,375,470,506,414,487,,428,378,564,,,349,,356,,336,483,395,477,,330,330,,370
20140225,11,AQI,384,354,388,394,369,402,392,333,347,432,375,369,403,403,380,427,385,346,354,396,357,345,354,380,328,,360,406,341,364,384,377,375,391,377
20140225,12,PM2.5,367,356,216,350,314,369,358,361,385,470,390,361,445,485,395,501,335,444,395,453,368,,367,416,367,,411,417,372,415,360,319,315,355,
20140225,12,PM10,,362,369,396,349,401,402,367,,513,420,397,478,517,401,522,338,450,440,499,,319,380,,,,,421,375,499,,328,345,,
20140225,12,AQI,385,357,391,397,378,403,398,338,354,438,384,375,405,409,383,435,387,357,362,402,360,346,359,387,335,,368,407,345,371,389,384,378,398,380
20140225,13,PM2.5,367,356,216,350,314,369,358,361,385,470,390,361,445,485,395,501,335,444,395,453,368,,367,416,367,,411,417,372,415,360,319,315,355,
20140225,13,PM10,,362,369,396,349,401,402,367,,513,420,397,478,517,401,522,338,450,440,499,,319,380,,,,,421,375,499,,328,345,,
20140225,13,AQI,,,,,,,,,,,,,,,,,,,,,,,,,,,,,,,,,,,
20140225,14,PM2.5,,,,,,,,,,,,,,,,,,,,,,,,,,,,,,,,,,,
20140225,14,PM10,,,,,,,,,,,,,,,,,,,,,,,,,,,,,,,,,,,
20140225,14,AQI,,,,,,,,,,,,,,,,,,,,,,,,,,,,,,,,,,,
20140225,15,PM2.5,,,,,,,,,,,,,,,,,,,,,,,,,,,,,,,,,,,
20140225,15,PM10,,,,,,,,,,,,,,,,,,,,,,,,,,,,,,,,,,,
20140225,15,AQI,,,,,,,,,,,,,,,,,,,,,,,,,,,,,,,,,,,
20140225,16,PM2.5,,,,,,,,,,,,,,,,,,,,,,,,,,,,,,,,,,,
20140225,16,PM10,,,,,,,,,,,,,,,,,,,,,,,,,,,,,,,,,,,
20140225,16,AQI,,,,,,,,,,,,,,,,,,,,,,,,,,,,,,,,,,,
20140225,17,PM2.5,,,,,,,,,,,,,,,,,,,,,,,,,,,,,,,,,,,
20140225,17,PM10,,,,,,,,,,,,,,,,,,,,,,,,,,,,,,,,,,,
20140225,17,AQI,,,,,,,,,,,,,,,,,,,,,,,,,,,,,,,,,,,
20140225,18,PM2.5,,,,,,,,,,,,,,,,,,,,,,,,,,,,,,,,,,,
20140225,18,PM10,,,,,,,,,,,,,,,,,,,,,,,,,,,,,,,,,,,
20140225,18,AQI,,,,,,,,,,,,,,,,,,,,,,,,,,,,,,,,,,,
20140225,19,PM2.5,,,,,,,,,,,,,,,,,,,,,,,,,,,,,,,,,,,
20140225,19,PM10,,,,,,,,,,,,,,,,,,,,,,,,,,,,,,,,,,,
20140225,19,AQI,,,,,,,,,,,,,,,,,,,,,,,,,,,,,,,,,,,
20140225,20,PM2.5,,,,,,,,,,,,,,,,,,,,,,,,,,,,,,,,,,,
20140225,20,PM10,,,,,,,,,,,,,,,,,,,,,,,,,,,,,,,,,,,
20140225,20,AQI,,,,500,,,,,500,500,500,,500,500,500,500,500,500,500,500,500,,500,500,500,500,,,500,,500,500,,,
20140225,21,PM2.5,479,422,,,,,,,,,,,,,,,,,,,,,,,,,,,,,,,,,
20140225,21,PM10,442,400,,,,,,,,,,,,,,,,,,,,,,,,,,,,,,,,,
20140225,21,AQI,414,392,422,430,413,434,,,400,475,429,423,448,451,420,467,417,403,416,444,403,399,408,422,383,349,,,406,,414,410,,427,
20140225,22,PM2.5,482,423,468,476,460,512,489,439,416,522,501,3,563,499,501,520,490,3,474,451,3,534,427,467,384,371,388,585,503,431,476,467,447,483,479
20140225,22,PM10,435,394,465,521,467,512,509,409,353,558,490,488,597,520,500,516,444,356,523,417,375,521,382,385,344,362,325,566,524,570,427,445,453,402,562
20140225,22,AQI,419,399,427,435,418,439,431,400,404,477,433,413,453,457,426,471,421,392,420,445,392,406,412,425,388,354,411,469,412,413,419,414,405,431,419
20140225,23,PM2.5,488,419,468,475,483,504,494,425,422,546,473,3,511,490,507,518,501,243,471,418,3,508,458,448,386,370,,617,523,416,475,465,461,501,487
20140225,23,PM10,436,407,473,519,479,506,509,401,363,582,466,469,542,512,498,505,450,353,515,368,352,470,412,371,351,361,,586,534,582,422,440,465,428,617
20140225,23,AQI,424,403,431,439,424,444,436,403,407,481,437,404,456,461,431,474,426,389,424,447,378,412,417,428,393,358,,476,419,414,423,418,409,436,424
