date,hour,type,dongsi,tiantan,guanyuan,wanshouxigong,aotizhongxing,nongzhanguan,wanliu,beibuxingqu,zhiwuyuan,fentaihuayuan,yungang,gucheng,fangshan,daxing,yizhuang,tongzhou,shunyi,changping,mengtougou,pinggu,huairou,miyun,yanqing,dingling,badaling,miyunshuiku,donggaocun,yongledian,yufa,liulihe,qianmeng,yongdingmengxi,xizhimengbei,nansanhuan,dongsihuan
20141023,0,SO2,19.2,19.5,18.1,12.4,17.3,15.6,14.7,9.4,11.2,15.3,9.3,11.9,8.5,16.4,19.7,19.4,4,7.5,7.1,8.1,4.7,9.4,2,5.1,7.3,10.6,26.4,17.5,2.9,7.6,4.3,21.9,21.6,13.4,18.5
20141023,0,NO2,83.1,85.8,92.6,92.8,106.5,89.8,99.4,85.6,91.8,86.4,87.3,93.3,89.8,83.4,82.2,72.6,71.4,92.4,84.9,32,73.4,67.6,89.8,81.4,90,38.8,65.6,86.3,41,69.7,84.3,93.4,84.9,89.2,93.9
20141023,0,O3,2,4.8,2.6,2.1,2,2,2,2,2,2,2,2,2,2.2,16.2,2,2,2,2,21.7,2,2,2,2,2,2,25.2,2,2,2,2,3.2,3.2,2,2
20141023,0,CO,1.9,1.6,1.8,1.7,1.6,1.8,1.5,1.4,1.6,1.7,1.5,1.6,1.7,1.8,1.6,1.7,1.3,1.5,1.3,0.9,1.3,1.5,1.3,1.3,1.2,1.1,0.9,1.5,0.8,1.1,1.8,1.7,1.7,1.8,2
20141023,1,SO2,19.6,17.1,18.3,11.9,18.9,16.4,14.5,9.3,12.6,14.3,9,11.7,7.3,15.5,19,18.9,4.2,6.6,6.8,8.6,4.8,9.2,2,5.2,5.1,9.6,27.2,17,2.5,7.5,4.2,20.3,21.7,13.4,19.3
20141023,1,NO2,81.5,86.6,91.9,92.1,102.3,87.5,98.5,87.8,90.6,84.9,86,92.5,86.2,83.6,81.5,71.1,59.7,86.7,78.9,26.7,72.4,69,84.4,73.7,81.3,33.7,73.6,84.4,40.5,61.2,82.7,91,83.1,87.3,74.9
20141023,1,O3,2,4.6,2.6,2,2,2,2,2,2,2,2,2,2,2.1,15.3,2,2,2,2,29.5,2,2,2,2,2,2,16.8,2,2,2,2,3.2,2.8,2,2
20141023,1,CO,1.9,1.7,1.8,1.7,1.5,1.6,1.4,1.4,1.5,1.7,1.4,1.6,1.5,1.7,1.7,1.8,1.1,1.5,1.3,0.8,1.3,1.3,1.2,1.3,1.1,1,1,1.5,0.8,1.1,1.8,1.7,1.6,1.7,1.5
20141023,2,SO2,18.7,21.8,16.4,13,17.2,13.7,,8.1,12.6,13.7,8,11.7,7.9,15.7,21.5,17,9,5.1,6.6,8.4,5,8.2,2,5.2,5.1,5.2,30.6,15.2,2,6.2,2,20.3,17.9,14.1,16.1
20141023,2,NO2,78.1,88.9,87.8,94,99.7,82.7,94.6,87.9,85.2,83.9,84.2,91.6,84.5,84,79.7,69.8,42.3,85.7,71,25.2,71.9,64.9,83.3,67.6,79.4,28.5,90,78.8,33.1,71.3,81.9,87.8,81.1,87.2,48
20141023,2,O3,2,4.3,2,2,2,2,2,2,2,2,2,2,2,2.3,14.5,2,2,2,2,28.8,2,2,2,2,2,2,3.5,2,2,2,2,2.4,2.8,2,2
20141023,2,CO,1.8,1.8,1.6,1.8,1.3,1.5,1.3,1.4,1.3,1.7,1.4,1.5,1.4,1.7,1.7,1.8,0.9,1.4,1.2,0.8,1.3,1.2,1.2,1.2,1.1,0.9,1.1,1.6,1,1.2,1.6,1.8,1.4,1.8,1
20141023,3,SO2,17.1,21,16.5,12.8,14.6,13.5,15.2,8.6,11.6,13.3,8.8,13,6.9,15.1,22.8,19,2.8,4.8,7.4,7.4,4.1,7.3,2,4.3,4.6,5.1,30.5,14.9,2,6.9,2,19.5,18.5,13.6,8.8
20141023,3,NO2,78.5,83.7,86,91.8,99.8,81.1,97.2,86.4,86.8,81.1,83.8,89.8,85.3,80.3,78.4,68.6,41,80.9,70.6,31.2,67.1,61.4,80.3,65.4,75.6,31.1,89.1,71.8,35.9,82,78.8,85.7,79.7,86.5,47.4
20141023,3,O3,2,3.7,2,2,2,2,2,2,2,2,2,2,2,2.2,13.6,2,2,2,2,18.2,2,2,2,2,2,2,2,2,2,2,2,2.6,3.3,2,2
20141023,3,CO,1.1,1.6,1.4,1.6,1.2,1.4,1.3,1.4,1.1,1.5,1.4,1.4,1.5,1.8,1.8,1.9,,1.4,1.1,0.9,1.3,1.3,1.2,1.1,1.1,0.9,1,1.5,1,1.2,1.6,1.7,1.2,1.8,1.1
20141023,4,SO2,16.3,21.4,13.6,11.9,12.1,13.8,15.4,8.1,12.6,13,9.1,12.1,6.6,15.2,20.7,19.4,3.3,5.4,8.2,8.8,4.1,7,2,3.8,4.1,5,34.2,14.8,2.6,8,2,23,16.4,13.2,7
20141023,4,NO2,78.9,84,86.9,91,103.1,79.9,96.4,82.1,88,80,83.8,86.8,84,78.2,77.8,66.2,53.4,81.8,69.2,37.2,66.4,60.7,75.6,64.9,72.7,32.5,85.5,69.2,49.5,86.1,77.8,87.8,81,85.7,59.3
20141023,4,O3,2.1,2.9,2,2,2,2,,2,2,2,2,2,2,2,13.6,2,2,2,2,13.8,2,2,2,2,2,2,5.1,,2,,2,2,3.3,2,2
20141023,4,CO,1.1,1.5,1.4,1.4,1.2,1.5,1.3,1.4,1.1,1.4,1.3,1.3,1.3,1.8,1.8,1.9,0.8,1.4,1,1,1.2,1.2,1.3,1.1,1.1,0.9,1,1.7,1.4,1.3,1.3,1.5,1.2,1.6,0.9
20141023,5,SO2,14.8,20.3,13.4,10.2,13.3,11.9,14.1,8.2,13.4,13.5,9.6,11.8,5.5,14.1,20.1,19.2,3.1,4.7,8,7.7,3.7,5.8,3.5,3.2,3.3,5.6,26.6,15.2,3.6,8.2,2,21.8,15.3,12.9,6.8
20141023,5,NO2,80.5,87.1,89.8,90,104.6,83.8,91.3,69.9,87.2,82.1,79.5,85.6,78.8,77.6,76.5,68,63.4,74,70.2,32.4,62.3,57.5,82.6,59.7,70.9,,78,70.8,55.6,82.7,77.7,84,82.9,84,84.9
20141023,5,O3,2,2.1,2,2,2,2,2,2,2,2,2,2,2,2,11.7,2,2,2,2,14.7,2,2,2,2,2,2,5.1,2,2,2,2,2,3.1,2,2
20141023,5,CO,1.5,1.4,1.4,1.3,1.2,1.4,1.2,1.3,1.1,1.3,1.3,1.3,1.1,1.8,1.7,2,0.9,1.4,1,0.9,1.3,1.1,1.4,1.1,1.1,0.9,1,1.7,1.5,1.4,1.2,1.4,1.2,1.4,1.1
20141023,6,SO2,12.9,16.6,13.7,10.1,13,12,14.3,8.4,12.1,14.3,10.2,11.1,7.3,15.4,21.5,17.7,4.9,3.2,7.6,6.8,3.6,5.2,2,3.3,3,4.2,22.7,15.4,5.7,8,2,20.2,15.1,13.1,8.6
20141023,6,NO2,86.6,89.6,89.5,92.3,105.3,90.2,89.1,70.2,83.1,82.2,80.8,84,82.3,80.8,76.8,64.8,65.2,68.7,68.3,34.1,59,56.3,85.1,60.3,74.5,31.8,66.3,69.3,62.2,80.4,83.5,88.7,82.4,86,89.5
20141023,6,O3,2,2,2,2,2,2,2,2,2,2,2,2,2,2,12,2,2,2,2,10.9,2,2,2,2,2,2,9.3,2,2,2,2,2,3.4,2,2
20141023,6,CO,1.4,1.4,1.4,1.3,1.2,1.3,1.2,1.3,1.1,1.3,1.2,1.3,1.3,1.5,1.7,1.9,1.3,1.3,1,0.9,1.4,1.1,1.3,1,1.1,0.9,1.1,1.8,1.6,1.3,1.4,1.3,1.3,1.4,1.4
20141023,7,SO2,12.8,17.5,11.9,10.9,12.1,11.6,13.4,8.6,9.9,13.8,9.5,11.3,7.2,15.2,21.2,17.5,5.6,3.1,8.4,6.7,3.8,5.1,2,3.3,3.8,4.5,23,15.6,7.2,8.8,2,22.2,14.1,15.6,8.2
20141023,7,NO2,86.7,92.2,83.9,90.9,99.5,91.4,84,66.9,76.4,79.6,75.9,82.5,81.2,81.4,79.8,66.9,65.3,65.7,67.8,44.9,60.7,55.3,77.2,57.4,72.1,30.8,66.2,68.3,65.2,76.9,83.5,90.1,78.4,83.9,83.5
20141023,7,O3,2,2.1,2,2,2,2,2,2,3.8,2,2,2,2,2,7.2,2,2,2,2,2.1,2,2,2,2,2,2,9.8,2,2,2,2,2,2.5,2,2
20141023,7,CO,1.4,1.4,1.4,1.3,1.2,1.3,1.2,1.3,1,1.3,1.2,1.3,1.3,1.4,1.7,1.7,1.4,1.3,0.9,1.1,1.6,1.2,1.3,1,1.1,0.9,1.1,1.9,1.7,1.2,1.4,1.4,1.2,1.5,1.3
20141023,8,SO2,9.6,15.7,7.4,9.1,10.9,10.7,12.8,8.4,12.4,11,11,10.6,7.7,15.5,19.7,21,6,2.7,6.2,6.3,4.1,5.7,2,4,2.9,5,22.7,,8.5,8.5,2,21.2,10.2,18.1,7.8
20141023,8,NO2,78.8,87,73,83.8,87.3,88.6,84.2,64.3,80.3,72.6,73.2,78.6,81.4,82.5,82.7,71.8,64.4,68.8,55.9,48.6,61.5,55.6,75.6,56.7,71.5,26.8,62,,71.4,67.2,77.6,85.1,68.2,79.6,88.9
20141023,8,O3,2,2.6,2.7,2,2,2,2,2,6.1,2,2,2.1,2,2,10.2,2,2,2,5.8,2,2,2,2,2,2,3.1,12.4,,2,2,2,2,3.3,2,2
20141023,8,CO,1.4,1.4,1.3,1.3,1.4,1.3,1.2,1.2,1.1,1.4,1.2,1.3,1.4,1.5,1.7,1.8,1.5,1.2,0.9,1.3,1.9,1.3,1.3,1.1,1.1,0.9,1.1,,1.8,1.2,1.3,1.4,1.2,1.6,1.3
20141023,9,SO2,6,11,6.6,6.5,7.8,8.1,12.1,9.1,9,10.1,8.6,7.6,8.8,16.9,20.1,24.1,7.5,2.6,6.2,9.8,5.2,8,2,4.1,2.2,5.3,19.1,22.8,11.1,13,2,17.3,8.8,17.2,8.7
20141023,9,NO2,69.3,80,67.4,70,79.4,78.9,75.5,62.1,55.6,68.6,60.6,65.6,82.1,79.8,84.8,76.8,67.4,66.8,46.8,60.3,62.8,57.4,72.2,50.8,67.8,23.6,62.4,71.7,77.8,72.3,70.5,78.4,64.4,76.6,82.4
20141023,9,O3,4.3,3.1,5.2,3,2,2,2,2.2,22.3,2.6,2,4.8,2,2.5,14,2.1,2,2.1,12.3,2,2,2,8.7,13.7,4,7,7.7,2,2,2,2,2,4.1,2,2
20141023,9,CO,1.2,1.3,1.2,1.2,1,1.2,1.1,1,1,1.3,1.1,1.2,1.4,1.5,1.7,1.6,1.5,1.2,0.9,1.4,2,1.4,1.2,0.9,,0.9,1.1,2,1.8,1.1,1.3,1.3,1.2,1.6,1.3
20141023,10,SO2,5.1,8.9,6.8,6.3,7.4,7.4,11.4,10.4,7.4,8.7,7.6,8.1,8.4,13.7,19.4,27.3,10.4,2.4,6.8,14.3,7.5,10.3,2,4.3,3.4,8.1,21,30.4,14.9,13.7,2,14.9,8.5,16.2,10.8
20141023,10,NO2,67,75.6,70.6,68.5,79.2,71.9,71.9,59.8,47,61.6,52,61.2,75.9,72.1,85.2,85,66.1,52.5,45.7,60.7,64.5,60.1,71.8,43.7,69.6,22.1,71.9,80.9,92.1,71.3,67.3,73.8,67,76.2,74.7
20141023,10,O3,7.3,4.7,6.7,6.4,2,,,8.5,31.8,5.5,5.4,10.2,3.1,3.7,15.6,2.9,2,14.1,16.7,3.4,2,2.7,13.7,24,10.7,15.3,2,2,2,4.7,2.3,3.5,5,2,2
20141023,10,CO,1.3,1.3,1.3,1.2,1,1.1,1,1,1,1.2,1,1.1,1.2,1.3,1.6,1.5,1.3,1.1,0.9,1.2,2,1.3,1.3,0.9,1.2,0.9,1.1,1.9,1.8,1.1,1.3,1.3,1.2,1.5,1.1
20141023,11,SO2,7,9.7,7.3,7.2,7,10,11.5,10.9,8,8.7,9.2,9.6,8.9,13.4,20.6,31.5,17.6,4,7.2,25.9,14.7,12.8,2,9.1,4.6,14.1,25.9,33.6,20.3,15.3,2,13.8,10,17.4,16.4
20141023,11,NO2,66.9,76.9,67.7,71.4,76.9,75.2,69.1,56.5,47.1,66,60.3,65,79.1,69.1,83.3,86.8,64.4,45.4,40,59,70.5,61.1,70.9,32.5,61,22,73,84,93,74.9,70.5,73.7,65.6,79.6,82.6
20141023,11,O3,12.6,7.9,12.9,9.5,16.8,7,,15.6,36.3,7.7,8.9,14.4,4.2,8.3,18.1,3.8,5.7,26.3,25.4,16.5,4.4,6.6,18.8,44,25.9,26.7,11.9,3.2,2,9.8,4.3,8.6,6.5,2,2
20141023,11,CO,1.3,1.3,1.2,1.3,1.3,1.2,1,1,1,1.3,1.1,1.2,1.3,1.3,1.5,1.3,1.2,1.1,0.9,1.2,1.5,1.2,1.3,1,1.1,0.9,1.1,1.8,1.7,1.1,1.2,1.2,1.1,1.6,1.4
20141023,12,SO2,9.7,12.4,9.2,7.9,9.1,14.3,12,12.2,9.4,9.6,10.1,10.7,9.6,17.3,26.4,43.1,26.9,7.9,9.8,30.7,26.7,19.1,2,17.3,5.4,23,22.5,30.8,29.7,18.3,2,15.2,12.2,17.4,20.4
20141023,12,NO2,71.3,83.6,74.2,72.6,76.3,81.9,70.6,55.6,44.8,69.6,60,59.1,76,84.8,86.9,98.7,56.9,34.4,50.4,57.5,53.8,55.5,68.6,30,62.7,18.2,72.7,87.1,94.9,83.1,75.9,79.1,69.8,84.5,84.5
20141023,12,O3,15.9,9.4,14,14.5,24.7,8.3,,21,46.4,11.1,15.7,25.6,8.5,8,23.3,4.5,21.7,44.2,24,27.8,26.3,19.5,29.4,59.6,32.5,42.8,20.7,5.7,5.3,14.2,5.4,10.7,11.2,2,3.3
20141023,12,CO,1.3,1.3,1.3,1.5,1.2,1.2,1,1,1,1.3,1.2,1.2,1.2,1.5,1.4,1.4,1.3,1.2,1,1.2,1.2,1.1,1.3,1.1,1.1,1,1.1,1.7,1.7,1.1,1.3,1.3,1.2,1.6,1.3
20141023,13,SO2,13,17.1,14,9.7,12.7,17.2,13.9,14.8,13,10.7,11,11.5,11.1,23.4,32.6,46.3,28.7,12.9,13.3,29.2,28.6,25.7,2,26.9,6.1,23.3,21.2,30,37.6,19.1,2.3,18.8,14.8,18.6,21.6
20141023,13,NO2,81.9,94.8,74.4,81.2,82.9,87.2,79.8,54.6,42.8,77.2,69.8,60.4,80.8,95.1,88.5,97.5,43.8,31.2,56.7,55.7,38.4,32.3,69.9,26.4,70.9,15.7,75.4,86.1,96,80.8,85.3,93.1,77.3,90.9,96.3
20141023,13,O3,13.9,9.4,22,16.2,30.4,11.4,,30.9,59.5,12.5,15.7,31.7,13.5,8.5,28.4,9,42,53.8,28.6,30.7,51,53.3,37.9,77.2,32.2,51.7,22.2,11.4,13,22.7,5.4,10.7,11,2,3.5
20141023,13,CO,1.4,1.4,1.3,1.6,1.1,1.2,1.1,1,1,1.4,1.2,1.1,1.2,1.5,1.5,1.4,1.4,1.2,1,1.2,1.3,1.2,1.3,1.1,1.2,1,1,1.8,2,1.1,1.5,1.4,1.3,1.7,1.4
20141023,14,SO2,17.2,25.2,17.6,13.8,17.9,,17.6,18.5,20.7,16.5,13.1,15.8,13,30.9,39.7,45.7,34.3,14.1,18.9,26.9,29.6,27.7,2,27.8,17.3,26.7,21.9,30.4,40.1,20.7,5.6,27.8,18.4,20.4,25.4
20141023,14,NO2,84.8,95.4,83.5,93.3,91.9,,78.5,59.4,48.6,77.9,77,74.1,85.5,97.6,103.3,93.8,45.7,38,55,56.2,34.2,33.8,72.5,26.6,52.1,12.2,76,90.6,101.2,78.3,97.3,98.8,79.2,99.5,103.6
20141023,14,O3,18.7,14.1,24,16.2,19.7,,,38.5,67.2,26,24.3,32.6,23.5,15.9,27.9,17.3,43.6,56.6,45.3,32.6,65.3,61.8,43.9,90.5,69.4,72.6,24.7,12.4,17.5,40.7,4.5,14.5,18,2,3.4
20141023,14,CO,1.4,1.5,1.4,1.7,1.1,,1.1,1,1,1.5,1.3,1.2,1.3,1.5,1.6,1.3,1.4,1.2,1,1.2,1.2,1.2,1.3,1.1,1.2,1.1,1,1.7,2,1,1.6,1.5,1.3,1.9,1.6
20141023,15,SO2,26.4,33.2,21,21,21.2,,20,19.1,20.4,,16.3,16.7,16.5,39.9,47.1,49.4,38.2,15.4,17.3,24.6,29.2,33.6,2,23.1,19,27.1,25.3,30.2,38.4,22.4,12.5,35.3,23.7,25.1,29.3
20141023,15,NO2,95.2,101.9,98.4,100.3,103.9,,91.1,69.1,56,99.9,88.9,92.5,99.2,100,104,85.9,46.7,44.9,71,67.6,35,41.7,78.3,38.7,70.3,13.2,87.2,101.9,113.2,84.5,102.6,108.4,91.5,105.5,116.7
20141023,15,O3,18.9,19.3,23.8,19.3,12.4,,,39.4,,18.8,31.8,32,24.3,22.3,30.7,24.7,46.6,61.3,44.7,24.8,70.6,62.9,43.8,80.2,51.3,79.6,23,11.3,17.4,50.2,6.8,17.5,18.9,2,3.4
20141023,15,CO,1.5,1.5,1.5,1.7,1.2,,1.2,1.1,0.8,1.8,1.3,1.5,1.3,1.5,1.7,1.4,1.5,1.3,1.1,1.2,1.2,1.2,1.3,1.1,1.3,1.1,1.1,1.7,2,1.1,1.6,1.6,1.4,2,1.7
20141023,16,SO2,31.9,38.7,25.2,25.4,26.8,34.6,19.3,18.6,18.7,19.9,20.3,15,19.8,44.4,45.2,48.1,39.2,15.9,14.9,28.7,31.9,37,2,20.9,16.6,26.8,45.5,28.6,33.4,22.8,16.9,42.4,28,24.8,36
20141023,16,NO2,110.9,120.9,109.5,116.4,120.1,115.1,108.9,76.6,72.5,,104.1,113.8,119.2,100.2,97.7,85.6,61.1,53.9,94.3,88.3,34.8,45,91.7,44.7,77.9,14.4,88.6,107.9,118.5,95.1,117.7,122.5,99.3,115.8,120.6
20141023,16,O3,17.6,13.3,20.8,14.6,8.5,16.4,4.2,38.3,,22.8,26.3,25.2,18,28.7,34.5,23.6,30.9,60.1,33,14.3,72.2,61.1,32.1,76.5,43.7,85.9,34.6,13.6,23,48.8,6.2,13.5,19.1,2,4.4
20141023,16,CO,1.7,1.8,1.6,1.9,1.4,1.6,1.4,1.1,1.3,,1.4,1.5,1.5,1.8,1.7,1.7,1.6,1.3,1.2,1.4,1.2,1.2,1.4,1.1,1.3,1.2,1.2,1.7,1.9,1.2,1.7,1.8,1.4,2.1,1.9
20141023,17,SO2,34.8,36.1,25.1,21.6,23,30.3,18.2,15,14.5,26.7,22.7,14.3,20.6,33,32.6,40.6,29.2,12.2,13.3,27.1,28.3,39.8,6.6,17.3,13.2,28.6,55,27.4,18.2,12.8,9.3,47.3,31.5,23.2,28.6
20141023,17,NO2,127.4,125.8,128.5,130.3,139.6,124.7,119.9,85.3,89.1,120.1,126.6,132.4,113.9,101.7,97.3,110.4,78.9,55.4,124.8,96.5,50.8,54.5,72.9,51.7,73,16.4,94.4,111.4,123.2,91.5,128.9,140.6,114.3,121,132.9
20141023,17,O3,8.6,9.1,11.1,5.2,2,3.2,2,26.9,,13,10.5,12.6,19.2,16.5,26.7,11.8,4.5,61.9,10.2,6.4,52.5,52,46.9,66.5,46.8,87.9,28.8,7.5,13.9,32.3,2.5,5,12.5,2,2
20141023,17,CO,1.8,1.8,1.7,2.1,1.6,1.7,1.4,1.2,1.4,1.1,1.5,1.5,1.6,2,1.9,1.8,1.7,1.3,1.3,1.5,1.4,1.3,1.4,1.1,1.2,1.1,1.2,1.7,1.9,1.3,1.9,2.2,1.5,2.3,2.4
20141023,18,SO2,32.7,12.8,24.5,11,20.9,21,15.9,9.4,8.5,31.4,24,17.9,19.6,19.2,24.7,25.8,17.8,7.2,14,30.1,16.6,33.7,4.1,9.3,12.4,27.1,52.2,19.6,8.2,7.8,3.2,38.9,32.5,19.7,21
20141023,18,NO2,134.2,107.3,140.1,122.9,148.7,130.1,129.1,95.6,83.1,122.2,131.7,146.8,125.8,110.8,110.9,121.9,83.8,78,138.4,102.8,70.6,82.4,85,51.2,81.9,20.1,122,109.1,126.5,98.6,125.5,141,127.1,115.5,127.2
20141023,18,O3,2.6,2.6,3.7,2,2,2,2,2.1,,3.2,2,3.2,2.7,2.4,16.7,2.4,2,32.1,2,2.9,28.9,20.7,30.4,41.5,36.3,73.3,2,2,2,13,2,2,5.5,2,2
20141023,18,CO,1.9,1.8,2,2.3,1.9,1.8,1.6,1.3,1.4,1.5,1.7,1.7,2,2.2,2.2,2,1.7,1.4,1.5,1.6,1.6,1.5,1.5,1.1,1.2,1.1,1.5,1.8,1.9,1.4,2.1,2.6,1.8,2.5,2.7
20141023,19,SO2,28.6,6.9,26.7,7,20.6,17.2,17.5,7.4,6.6,24.1,26.2,21.7,16.1,13.4,18.1,18.1,10,4.4,11.6,29.7,6.7,23.5,3.5,5.7,12.4,27.6,41.9,15.7,4.5,5.9,2.7,27,31.7,18.2,11.1
20141023,19,NO2,127.2,92,138.5,116,148.7,128.8,135.8,85.6,81.7,117.4,137.6,150.6,128.6,115.4,115.5,115.8,84,99.7,136.6,109.6,77.2,101.6,87.4,54.5,89.3,25.5,119.1,98,105,102.8,115.1,141.9,123.9,115.6,103
20141023,19,O3,2,2.4,2.4,2,2,2,2,2,,2,2,3.1,2,2,13.3,2.7,2,4.7,2.1,2,8.7,2,22.3,24.8,24.2,55,2,2,2,2,2,2,4.2,2,2
20141023,19,CO,2.3,1.9,2.2,2.6,2,2.1,2,1.3,1.6,1.7,2.2,2.2,2.2,2.4,2.4,2.4,1.8,1.8,1.8,1.7,1.9,1.6,1.5,1.1,1.2,1.2,1.5,1.8,1.7,1.5,2.6,3,2,2.6,2.5
20141023,20,SO2,23.5,5.7,23.1,5.8,17.3,11.9,19,6.9,7.7,10,25.2,20.2,13.3,12,13.1,16.1,5.3,3.8,7.4,25.7,4.6,19,3,5,11,29.4,36.8,13,2.1,7.3,3.6,26.6,26.8,17.2,8.4
20141023,20,NO2,123.1,73.7,131,112.3,155.2,122,130.6,84.4,83.6,109.8,134.4,149.9,125.1,113.7,113.2,113.9,84.6,93,119.3,107.4,66,94.1,89.8,42.9,89.5,30.8,105,87.7,79.1,97,113.5,146.1,117.9,109.7,100.7
20141023,20,O3,2,3.7,2.5,2,2,2,2,2,,2,2,3.8,2,2.2,12.6,3.1,2,3.2,2.4,2,10.2,2,14.9,26.5,16,34.5,21.6,2,2,2,2,2,4.2,2,2
20141023,20,CO,2.7,2.1,2.5,2.9,2.2,2.4,2.3,1.4,1.8,1.9,2.3,2.7,2.4,2.5,2.8,3,2,1.8,1.9,1.9,2.1,1.6,1.5,1.2,1.3,1.3,1.6,1.9,1.6,1.8,3.2,3.5,2.6,2.7,2.7
20141023,21,SO2,21.1,7,16.6,4.4,17.6,9.1,16.6,8,6.9,3.1,22.6,16.6,8.8,10,10.9,18.1,3.7,2.4,5.4,24.4,5,15.4,3.5,3.9,11.1,28.1,29,11.8,2,9.2,3.7,25.1,20.5,16.8,8.6
20141023,21,NO2,119.4,68.1,124.2,106.7,161.7,119.8,117.9,69.7,81.8,103.8,135.1,139,111.2,112.2,112.4,115.6,77.6,65.9,107.3,109.7,45.3,89.7,78.8,40.8,90.8,33.3,81.2,83.1,61.6,102.5,110.4,137.4,117.2,109.1,100.9
20141023,21,O3,2,3.6,2.1,2,2,2,2,2,,2,2,3.9,2,2,12.2,3,2,11.9,2,2,26.5,2,20.7,22.6,8,25,40.7,2,2,2,2,2,3.7,2,2
20141023,21,CO,2.8,2.6,2.6,3.1,2.4,2.9,2.3,1.5,1.8,2,2.3,3,2.8,2.6,3,3.7,2.2,1.5,1.9,2,1.7,1.9,1.4,1.2,1.3,1.4,1.7,1.9,1.6,1.9,3.5,3.7,3.2,2.9,3
20141023,22,SO2,18,9,12.5,4.2,18.7,7.6,14.5,8.2,8,2.2,21,12.6,8.1,9.6,,24.8,2.8,2,3.9,19.2,4.3,14.6,3.5,3.3,12.7,27.2,22.2,12,2,8.6,3.8,26.6,16.4,16.1,8.2
20141023,22,NO2,117.2,60.3,112.6,101.4,169.8,116.6,118,72.1,68.6,106,136.1,126.3,107.9,114.3,,120.5,65.1,49.4,91,84.7,36.3,81.1,82.9,37.1,95,36.8,78.1,74.3,57.9,76.7,105.8,131.9,113.1,106.5,100.5
20141023,22,O3,2.5,3.5,3.8,2,2,2,2,2,,2,2,3.5,2,2.1,,2.1,2,18.4,2,2.5,30.4,2.6,12.1,19.5,2,15.5,27.2,2,2,2,2,2,2.2,2,2
20141023,22,CO,3,2.9,3.1,3.4,2.7,3.2,2.1,1.5,1.9,2.1,2.4,3.1,3.4,2.8,,3.9,2.4,1.4,1.7,2,1.5,1.7,1.5,1.2,1.4,1.4,1.6,2,1.7,1.7,3.3,3.9,3.7,3.1,3.4
20141023,23,SO2,13.3,8.2,11.5,4,18.5,7.7,14.5,7.8,7.5,3.3,19.4,9.5,6.2,8.4,,27,2.4,2,3.4,12.8,4.1,11.1,2.6,3.3,13.7,17.7,20.3,12.4,2,8.2,4.4,30,14.9,16.1,9
20141023,23,NO2,117.4,57.1,115.3,95.2,159.1,125.6,115,62.7,66.5,117.9,133.9,117.9,106.6,103,,139.5,65.8,36.9,93.5,64,31.4,79.4,74.1,33.1,98.4,28.6,76.5,78.2,55.7,70.4,93.4,142.2,108.8,104.4,98.2
20141023,23,O3,3.8,3,3.8,2,2,2,2,2,,2,2,2.2,2,2.2,,2,2,26.2,2,2,32.4,2,13.1,22.1,2,21.3,26,2,2,2,2,2,2,2,2
20141023,23,CO,4.1,3,3.5,3.3,2.8,3.4,2.2,1.5,2,2.9,2.3,2.6,2.7,3.4,,3.6,2.4,1.3,1.6,1.6,1.4,1.7,1.5,1.1,1.5,1.3,1.7,2.2,1.8,1.6,3.4,4.1,4,3.2,3.7
20141023,0,PM2.5,89.8,102.4,101,99.5,112.8,132.6,99.8,110.7,117,108.3,112.9,102.1,118.8,127.6,128.1,116.2,86.8,116.1,109.3,67.8,88.9,103,122.3,114.5,111.4,90.8,68.6,108,91.6,148.8,130,127.1,114.6,125.8,143.3
20141023,0,PM10,173.1,166.5,148.8,164.5,201.9,219.2,188,152.4,178.2,124.4,214.7,179.1,193.9,199.6,176.7,169.5,163.8,195.6,156,101.4,137,155.1,128.6,148.2,126.2,114.8,100.5,133,,318.6,147.7,163.3,176.2,165.8,214.4
20141023,0,AQI,98,95,99,96,118,121,106,113,112,110,117,104,105,110,118,152,98,104,100,81,82,84,112,110,113,74,70,134,89,123,123,118,114,123,135
20141023,1,PM2.5,95,108,105.3,97.8,105.8,124.1,97.1,107.3,103,107.7,115.7,101.3,100.4,123.3,136,116.2,85.3,114.8,106.8,72.4,83.4,91.6,126.8,113,123.8,86.1,74.5,107.1,91,147.1,139,118.9,120.1,129.9,131.3
20141023,1,PM10,181.4,166.9,163.3,160.8,205.8,197.7,185.3,164.1,169.2,156.6,216.8,183.1,191.6,196,188.9,152.1,158.3,163.2,147.8,99.7,134.2,117.8,,150.8,136.7,120,101.7,132.2,94.8,293.8,157.7,160.9,199.6,175.2,191.6
20141023,1,AQI,100,98,102,98,121,125,106,115,113,112,118,105,107,113,122,150,99,108,103,81,85,87,116,113,117,77,72,136,91,127,127,121,116,127,139
20141023,2,PM2.5,86.7,109.7,94.6,99.7,93.9,113.7,89.4,104.9,93.8,106.6,119.3,98.1,101.2,127.5,127.2,111.3,86.4,108.9,103.2,74.1,84.5,91.8,120.1,106.8,123.9,82.7,72.6,108.1,87.8,143.4,134.6,123.2,102.9,126.5,121.5
20141023,2,PM10,167.6,182.8,159.1,177.7,164.7,176.2,167.2,148.7,141.1,157.7,209.1,172.9,180.6,196.3,191.3,153.3,158.4,159.4,136.2,108.4,132.8,123.2,,151.6,135.3,101.8,106.6,134,106.8,273.7,153.7,161.6,173.1,177.3,184.4
20141023,2,AQI,102,102,105,100,120,128,107,118,114,114,121,106,110,117,125,150,100,112,106,83,88,89,120,117,121,79,73,138,92,130,131,124,118,130,143
20141023,3,PM2.5,81.1,96.5,89.4,91.2,93.1,103.9,90.8,104,99,101.6,112.1,92,101.3,129.4,121.2,111,83.8,105.4,103.1,77.8,81.5,90.9,119.2,103.6,132.3,79.7,73.7,107.5,98.8,132.8,123.5,119.3,101.5,127.4,122.2
20141023,3,PM10,170.3,168.5,135.7,174.4,177.9,171,155.5,147.4,139,143.4,188.3,154.9,177.1,203,182.1,173.1,134.5,141.9,124.9,93.8,124.9,129.4,,133.7,136.3,99.9,98.2,128.4,105.9,236.5,153,156.1,150.3,168.6,189.3
20141023,3,AQI,104,104,107,101,120,131,108,120,116,117,123,106,112,120,128,149,102,115,109,85,91,92,123,120,125,82,74,139,94,133,135,127,120,134,146
20141023,4,PM2.5,75.7,91.4,87.6,83.5,103.5,108.3,91.6,107.4,99.6,96.2,107,92.1,96.2,122,121.6,116.2,82.2,104.8,100,79.3,81.7,86.7,125.2,98.6,131.9,82.5,69.6,111.8,116.9,127.4,107.3,110.3,94.8,115.1,124.9
20141023,4,PM10,152.4,162.8,139.2,154.4,187,177.9,156.9,136.3,136.9,134.4,186.2,145.5,163.8,189,207.3,161.8,130.6,179.6,121.8,106.2,121.4,107.4,,130.9,,98.1,93.2,132.3,121.5,221.5,135.9,156.8,170.8,149,188.1
20141023,4,AQI,105,107,109,103,120,134,109,123,118,119,125,107,114,124,131,149,103,118,112,87,94,94,127,122,128,84,76,141,98,136,137,130,122,137,148
20141023,5,PM2.5,78.3,91.5,89.9,79.5,104.2,106.6,88.7,100.6,96.7,97.8,106.9,91.5,87.5,128.6,120.7,114.7,85,119.9,99.1,76.8,82,86.1,123.9,99.8,128.4,93.1,71.6,111,124.5,123.7,111,107.6,99.9,109.4,124
20141023,5,PM10,134.6,171.5,146.4,153.9,203.6,166.4,148.4,129.5,136.8,129.2,171.9,142.7,148.8,199.5,198.6,159.5,139.2,186.7,126.5,99.6,127.7,101.1,,122.9,,113.5,98.9,138.6,142,213.7,138.3,152.2,175.9,149.6,171.9
20141023,5,AQI,105,109,110,104,121,135,111,125,120,121,127,109,116,128,134,148,104,122,114,90,96,97,131,125,132,87,78,142,102,139,139,132,123,139,149
20141023,6,PM2.5,76.9,95.5,88.8,84.6,98.9,111.3,84.8,99.1,104.3,98.6,106,92.1,91.8,119.4,116.9,114.4,80,102.9,100.5,77.5,85.6,85.8,124.2,108.1,131.4,89.2,68.5,108,126.2,112.7,115.5,110.5,101.1,113.3,117.3
20141023,6,PM10,151,187.8,138.6,153.4,186.8,174.3,147.3,129.5,144.3,134.4,161.9,144.3,150,177.1,187.4,173.3,134,144.4,128.3,93.3,140.3,95.1,,119.8,,99.2,85.5,135.7,152.5,194.5,135.6,156.4,167.2,161.7,152
20141023,6,AQI,104,111,111,104,122,136,112,127,122,123,129,111,117,131,136,147,105,125,117,91,99,99,135,128,135,90,80,143,106,142,140,134,124,142,149
20141023,7,PM2.5,78.4,90.1,94.8,83.9,102,108.5,94.5,99,117.2,97.9,103.5,90.4,90.6,118.8,112.7,114.9,85.9,110.9,104.3,93.6,83.8,89,119.4,107.2,126.8,82.8,72.8,103.3,129.2,110.2,115.7,107.9,115.9,118.8,117.8
20141023,7,PM10,173.3,169.4,146.5,148.1,189.4,178.7,162.2,129,147.6,144.8,160.9,143.1,152.4,182.9,189.1,157.1,159.6,156.6,132.7,120.2,134.1,102.5,,123.1,,111.8,94.1,144.5,168,186.8,138.8,160.7,186.1,177.6,153.5
20141023,7,AQI,104,112,112,106,123,136,113,129,125,124,132,113,118,134,137,147,106,129,120,94,102,102,138,130,139,92,82,143,110,144,142,135,126,143,149
20141023,8,PM2.5,83.1,96.2,105.8,90.2,114.2,109.4,100.6,111.1,107,112.9,104.9,98.8,91.3,115.3,115.5,112.4,91.3,121.8,112.3,99.7,81.8,91.5,129.2,111,125.9,87.5,72.7,,129,121.9,127,116,127.4,121.7,115.6
20141023,8,PM10,171.9,203,155.8,168.6,178.4,185.3,185.9,127.7,139.9,169.7,162.6,170.4,162.7,188.9,193,175.8,154.2,152.4,140.7,147.4,143.1,119.4,,129.9,129.8,104.6,98.1,,246,210.6,159.1,170.6,178.5,197.5,148.9
20141023,8,AQI,104,113,114,107,126,137,116,131,127,125,134,115,120,136,138,148,108,132,123,96,105,104,142,133,142,95,85,,113,147,144,136,128,145,150
20141023,9,PM2.5,98,110,111.3,106.5,123.5,128.6,109.5,127.5,122.2,114.6,121.6,104.2,96.6,119.1,113.2,115,95.9,125.1,120,105.9,85.5,92.9,131,137.5,138,86.3,78.9,,134.3,127.7,141.1,133.4,132.7,134.6,124.7
20141023,9,PM10,162.3,206.9,146.6,165.2,177.5,192.5,209.5,128,150.2,153,167.5,162.4,179.8,192.5,201,198.5,165.9,188.1,135.5,257.7,151,125.4,,144.3,,101,108.3,,319.6,215.5,159,175.7,182.5,189.5,165.6
20141023,9,AQI,104,115,117,109,129,140,118,134,130,128,136,117,121,138,140,148,111,135,127,99,108,107,145,138,146,97,88,143,116,150,146,139,131,147,152
20141023,10,PM2.5,104.5,117.6,118.5,107.7,127.4,132.6,118.6,131.9,135.3,128.9,136.8,109.5,108.7,132.6,123.5,122.6,96.5,129.8,127.9,110.5,90.7,100.3,138.1,138.5,139.6,96.1,100.8,46.6,125.8,131,145.4,139.8,134.1,142.5,142.5
20141023,10,PM10,169.1,206.6,152.8,165.4,186,185.9,165.4,140.4,147.6,157.1,164.1,147.4,188.5,191.3,205.3,190.9,150.3,157.1,142.1,196.8,162,150.8,,146.6,,103.3,146.3,175.3,221.7,207.9,155.6,172.4,178.8,176.5,157.8
20141023,10,AQI,106,118,119,111,133,142,121,137,133,130,139,120,123,140,142,149,113,139,131,102,110,109,149,141,150,100,89,139,119,153,150,141,135,149,155
20141023,11,PM2.5,111.3,125.1,122.8,103.8,134.7,139.5,124.1,138.5,145.4,137.3,137.6,118.1,117.2,140,129.4,120,96.1,129.4,129.4,104.3,101.7,107.7,149.2,154,146.7,98.9,95.1,122.3,130.6,142,162.1,153.2,144.6,153,145.6
20141023,11,PM10,162.6,179.8,151.6,175.5,177.9,181.7,161.1,143.3,154.9,165.1,173.8,161.8,189.1,185.3,201.1,179.2,147.2,157.1,139.4,143.6,180.8,152.6,,158.2,,107.7,117.2,176.9,204.1,213.7,,168.2,181.6,184.6,167.7
20141023,11,AQI,108,120,122,112,136,145,124,140,136,133,142,123,126,143,143,149,115,143,134,104,114,112,152,145,154,103,91,141,122,157,153,144,138,151,157
20141023,12,PM2.5,119.5,127.4,126.7,87.5,137.4,142.3,136.6,146.1,146.2,143.5,158.5,127.8,128.9,144.8,138.4,131.8,96.5,145,140.4,102,110.1,118.9,156.9,173.6,157.2,110,107.7,124.2,141.8,150.4,163.1,157.3,145.8,156.4,153.1
20141023,12,PM10,159.9,175.6,157.9,186.6,189.3,203.6,165.5,148.7,155.7,168.8,181.4,164.6,189.8,199.7,198.4,166.5,140.4,173.7,,158,170.7,158.4,,178.5,,117.9,151.3,162.8,219.6,234.1,165.9,170.6,182.9,184.1,194.7
20141023,12,AQI,110,123,125,113,139,147,127,144,140,137,146,126,130,147,146,149,116,147,137,105,115,116,157,150,159,107,94,142,126,162,158,147,141,155,163
20141023,13,PM2.5,119.4,135.2,131.5,85.8,140.7,158.9,138.3,156.6,154.5,149.2,148.5,131.6,127.7,147.1,135,129,92,150.4,144.9,103.7,128.2,144.4,162.6,187.4,159.6,125,111.4,118.6,142,156.8,158.5,155.4,155,162.7,165.2
20141023,13,PM10,181,187.3,153.2,184.9,183.4,198.1,168.7,174,166.5,158.3,181,154.2,189.2,211.7,173.4,152.3,110.4,174.1,148.3,157.3,179.8,165.9,,200.6,,141.3,153.3,138.5,198.4,226,161,164.9,196.7,183,185.2
20141023,13,AQI,113,126,127,115,142,150,130,148,143,141,150,128,133,151,149,150,116,150,141,107,118,120,161,156,164,111,97,144,131,167,162,152,144,160,166
20141023,14,PM2.5,125.5,137.7,137.9,84,142.7,,142.4,168.1,155.4,159.9,161.7,139.5,136.8,151.9,149.5,131.9,95.8,161.2,152.3,109.1,130.5,143,169.8,192.3,175.4,143.3,112.7,124.5,146.5,171.6,167.3,161.1,158.3,170.4,154.4
20141023,14,PM10,177.2,186.6,165,183.5,186.5,,184.4,182.1,168.9,190.6,191.6,169.4,209.7,218.2,186,150.4,123.6,186.4,153.8,146.6,175,153.4,,197.3,,154,150.2,140.1,202.6,224.9,176.7,173.3,195.3,204.9,166.4
20141023,14,AQI,116,130,131,116,144,,133,152,146,145,155,132,137,155,153,153,116,155,144,109,120,124,166,162,168,116,101,146,136,170,166,156,149,165,168
20141023,15,PM2.5,126.7,133.4,147.4,90,144.1,,157.6,165,170.7,163.7,173.2,150.2,153.8,161,161.2,132.8,104.7,155.7,159.2,112.1,132.8,145,165.9,190.4,186.9,135.1,116.4,143.1,171.5,183.7,179.3,164.4,167.6,178,161.8
20141023,15,PM10,183.6,195.2,189.6,190.6,190.6,,212.7,186.3,193.4,192.6,214.5,191.8,217.8,206.6,187.6,161.1,148.1,190.4,178.8,170.5,178.4,159.9,,192.7,,162.6,170.8,185,255,237.8,183.9,185,226.9,211,
20141023,15,AQI,119,133,135,117,147,,137,155,150,150,161,137,142,161,158,156,115,158,149,111,124,129,171,168,174,121,105,149,143,173,171,161,154,170,172
20141023,16,PM2.5,128.4,139,146.8,94.2,154.9,158.7,164.9,172.2,183.5,,179,156.8,149.4,173.1,164.9,155.7,123.8,149.5,167.7,132.2,122.3,138.1,170.8,188.9,190.9,161.5,130.1,159.4,204.2,188.5,185.8,167.2,166.7,179.8,170
20141023,16,PM10,200.5,207.8,192.3,204.5,206.4,208,218.4,199.2,208.5,,231.3,210.4,225.3,214.4,194.4,216.2,181.7,176.6,191.9,211.1,160.1,139.6,,194.6,,169.8,174.9,203,278.6,255.3,195.1,198.8,212.6,228.4,171.9
20141023,16,AQI,122,137,139,119,150,161,142,160,156,152,167,141,146,166,163,160,118,161,154,115,126,133,175,173,178,127,109,153,150,180,177,166,158,175,177
20141023,17,PM2.5,144.6,143.8,148.8,105,155.2,169.4,156.2,172.8,191.4,,176.1,162.2,152.7,165.4,167.6,162.9,127.1,154.2,172.8,137.4,123.8,143.3,184.7,181,189.7,158,141.2,177.7,242.8,187.1,188,179.9,170.6,185.9,186.2
20141023,17,PM10,213.8,207.1,199.8,210.7,214.1,222.4,218.4,198.5,206.1,,231.3,224.8,214.1,195.1,189.1,226.3,196.7,163.7,203.6,205.2,161.1,144.8,,188.9,,163.4,180.5,204,414.5,236.2,200.4,210.5,216.6,220.9,248.9
20141023,17,AQI,127,141,142,120,152,166,146,165,163,153,171,145,149,172,170,164,120,163,159,119,128,137,179,177,183,131,113,157,160,185,182,172,163,180,182
20141023,18,PM2.5,138.8,136.5,149.7,102.6,151.4,161.9,157.4,165.3,169.5,105.1,179.4,155.3,164.7,170.5,169.5,191.5,127.5,147.1,175.4,150,129.3,153.7,184.5,170.9,185.9,154.7,148.1,187.9,253.5,199.3,185.3,184.1,170.9,182.6,187.3
20141023,18,PM10,217.3,167.2,197.1,190.8,209.7,202.7,198.2,187,182.9,261.2,237.6,232.5,236.5,203.4,196,251.7,226.7,180.8,229.7,231.5,173.1,166.1,,,,162.7,216,,384,264.9,203.3,217.4,223.5,222.7,256.3
20141023,18,AQI,131,145,145,122,158,171,149,169,168,153,176,148,153,178,175,167,122,165,164,124,130,141,183,179,186,133,118,161,171,191,188,178,168,185,187
20141023,19,PM2.5,134.5,134.8,150,101.2,159.1,164.2,154.6,157,166.3,181.1,194.6,168.5,169.5,177.4,172.7,207.6,131.5,153.3,182.5,171.7,126.8,150.2,189.4,170.1,181.8,155.2,152.4,195,222.6,194.9,194.7,192.5,167.4,188.8,181.2
20141023,19,PM10,223.6,151.7,199.7,182.5,232.2,209.1,211.7,161.6,202,245.7,279.8,264.2,266.3,222.4,213.1,319.2,224,195.4,270.8,245.1,176.4,198.8,,178.4,,160.1,208.6,,346.4,297,217.5,237.4,223.4,225.7,237.8
20141023,19,AQI,135,148,149,124,161,175,152,172,172,158,180,152,157,183,178,171,125,167,168,130,132,144,188,183,190,139,122,165,179,195,194,184,173,191,190
20141023,20,PM2.5,150.6,133.5,156.7,109.7,170.5,168.8,156.2,149,155.9,181,197.1,189.1,182,189.5,170.5,253.2,136,165.4,189.2,174.2,158.3,164.3,186.4,171.6,182.5,154.2,184.7,201.7,194,198.4,230.5,209.7,187.9,199.2,184.7
20141023,20,PM10,230,148.2,197.7,184.5,286.8,219.7,224.7,156.2,177.6,239,278,352.5,273.4,229.9,221.6,366.3,204.9,182.3,270,240.8,190.1,211.8,,,,166.9,232.1,,,284.8,261.9,251.6,262.3,221.8,228.6
20141023,20,AQI,138,150,154,125,165,178,156,173,175,164,185,157,161,187,180,180,128,170,173,135,135,147,192,186,194,143,129,170,186,200,200,189,179,196,193
20141023,21,PM2.5,162.1,146.4,157.1,113.1,173.8,167.1,159.1,153.5,175.9,179.9,198.2,190.6,190.6,193,179.1,307.5,138.9,154.5,182.5,188.2,149.6,190.5,184.2,165.3,184.1,163.7,229.2,190.4,199,216.3,237.7,204.3,197.5,199.9,192.5
20141023,21,PM10,228.8,160.9,193.8,189.2,271.3,208.8,232.8,169.3,195.3,224.2,274.2,320.8,292.5,235.6,229.4,426.2,198,161.2,264.6,242.8,169.4,218.4,,,,178.3,241,,,316.1,259.3,248.2,290.8,231.6,227.9
20141023,21,AQI,141,152,157,126,169,180,160,175,179,169,189,163,165,190,184,190,131,173,177,140,138,153,195,189,199,147,137,174,193,205,204,194,184,199,197
20141023,22,PM2.5,162.9,149.6,164.3,117.7,176.9,183.1,163.2,154.1,173.1,180.3,197.7,187.6,202.3,205.5,,284.3,136.5,153.8,173.3,178.1,149.7,193.6,189.9,169,174.6,165.4,222.9,188.3,196.5,205.5,218.1,206.4,210.6,199.6,196.3
20141023,22,PM10,230.5,168.1,209,188.7,244.7,233.5,222.7,188.2,187,218.1,253.4,328.8,314.7,246.4,,416.7,191.9,,207.8,234.8,164.2,201.4,,,,182.8,,,203.2,326.6,230.5,248.2,299.8,225.1,257.7
20141023,22,AQI,145,156,160,127,173,184,164,178,183,173,193,168,170,195,,200,134,176,181,146,141,159,200,192,202,151,144,178,199,208,208,199,189,202,200
20141023,23,PM2.5,189.3,143.7,165.4,114.2,180.6,201,159.7,144,182.6,211,199,188.6,201.1,227.9,,273,154.3,161.8,160.8,157.6,145,183.7,193.7,161.6,163.1,167.8,232.9,206.4,199.4,192,212.3,213.6,208.9,204.4,223.1
20141023,23,PM10,278.8,155.5,203.6,182,281.7,273,219.1,188.9,,302,258.2,322.5,289.3,267.2,,369.2,207,,195.7,181,156.5,201.1,,,,196.6,,,240.8,346.3,221.9,263.8,287.5,230.6,310
20141023,23,AQI,150,158,164,128,177,188,167,179,186,179,197,173,174,201,,207,138,179,184,150,144,164,203,195,204,156,153,184,205,209,212,203,194,206,204
