date,hour,type,dongsi,tiantan,guanyuan,wanshouxigong,aotizhongxing,nongzhanguan,wanliu,beibuxingqu,zhiwuyuan,fentaihuayuan,yungang,gucheng,fangshan,daxing,yizhuang,tongzhou,shunyi,changping,mengtougou,pinggu,huairou,miyun,yanqing,dingling,badaling,miyunshuiku,donggaocun,yongledian,yufa,liulihe,qianmeng,yongdingmengxi,xizhimengbei,nansanhuan,dongsihuan
20140503,0,SO2,4.5,2,2.6,2.4,5.1,2.2,6.3,6.5,6.3,3.3,3.6,2.6,2,2,2,2.9,3.7,6.5,2,4.4,2,8.6,8.3,2.2,8.4,2,,6.6,2,5.7,2.9,9.4,6.4,,5.1
20140503,0,NO2,90.3,68.5,100.3,87.6,100,99.4,105.6,62.2,31.7,101.6,49.2,75.1,61,89.3,85.4,98.5,98,114.4,64.7,59.4,13.3,63.4,17.7,16.8,99.2,4.7,,64.6,21.3,38.8,111.2,109.6,110.9,,89.8
20140503,0,O3,3.5,4,2,2,2,2,2,6.6,59,2,34.2,13.7,15,2.9,2,2,2,4.3,2,10.4,52.2,3.5,73.1,54.1,26.2,62.4,,2,22,35.7,2,2,2,,2
20140503,0,CO,0.9,0.8,0.4,0.9,0.9,0.8,0.6,0.4,0.3,0.6,0.4,0.6,0.5,0.6,0.5,0.5,0.4,0.8,0.7,0.5,0.2,0.6,0.4,0.2,0.3,0.1,,0.5,0.3,0.3,0.4,1.1,1,,1
20140503,1,SO2,5.7,2,2.5,3.2,2.6,3.4,7.9,5.9,3,2.6,2.9,3.1,2,3.2,3.3,2,2.9,4.6,2,4.8,2,21.3,6.8,2,2.6,2,2,5.9,2,5.1,2.8,8.3,7.2,,4.7
20140503,1,NO2,89.4,66.3,98.1,89.4,99.4,100.4,107.9,51.9,33.8,95.5,62.6,89.2,76.7,88.9,74.7,98.8,90.4,62.3,48.1,53.9,12.8,61.5,37.6,15,56.7,5.8,17.7,62.9,31.5,39.9,110.2,100.1,103.2,,109.7
20140503,1,O3,2.3,4.7,2,2,2,2,2,10,48.4,2,11.6,3.4,2,2,2,2,2,41.3,21.8,25.8,48.6,2.9,37.6,51.7,38.7,51.3,62.6,2,12.5,18.7,2,2,2,,2
20140503,1,CO,0.8,0.8,0.3,0.9,0.8,0.8,0.6,0.4,0.3,0.6,0.5,0.6,0.6,0.5,0.5,0.6,0.5,0.4,0.5,0.7,0.2,0.5,0.5,0.2,0.3,0.2,0.1,0.4,0.3,0.3,0.4,1.4,0.8,,1.3
20140503,2,SO2,4.2,2,,2,5.8,2.9,7.5,,2,3.9,2,4,2,3.3,,,2,3.5,2,,2,18.2,6.7,2,2,2,,5.3,2,6.1,2.7,7,,,2.6
20140503,2,NO2,85.7,64,86.7,83.7,88.3,91.6,100.2,51.2,73.9,92.7,49.3,90,75.7,71.6,65.2,89.6,64.8,32.6,53.1,44.8,10.8,51.6,35.5,8.3,24.1,5.9,15.1,51.5,38.5,61.2,104.4,98.1,86.2,,124.4
20140503,2,O3,2,4.5,2.7,2,2,6,2,6.8,15,2,18.7,3.9,2,10.2,2,2,7.8,59.4,15.8,3.5,55.6,11.3,33.5,62.3,67.4,51,65.6,2,4,5.7,2,2,2,,2
20140503,2,CO,0.8,0.8,0.1,0.6,0.8,0.4,0.6,0.4,0.3,0.6,0.4,0.7,0.5,0.5,0.4,0.5,0.4,0.3,0.4,0.3,0.2,0.4,0.4,0.2,0.2,0.1,0.2,0.5,0.4,0.4,0.1,0.9,0.4,,1.2
20140503,3,SO2,3.7,2,3.8,2,3.3,3.6,5.9,8,2,5,2,4.2,2,2.9,3.3,9.4,2.2,2.4,2,2,2,4.1,6,2,2,2,2,5.1,2,8.1,2,3,9.2,,3.7
20140503,3,NO2,80,65,88.3,77.1,73.4,91.8,92.2,53.6,56.4,92.5,57.5,85.9,72.6,59.7,67.9,89.7,68.6,23.4,39.3,37.8,12.4,32,31,9.4,15.6,8,14.9,49,52.4,46.2,93.4,87.1,89,,110.9
20140503,3,O3,2,3.6,2,2,2,2,2,2,29,2,4.9,2.8,2,17.7,2,2,2,67.1,25.2,2.6,47.7,17.3,26.7,59.4,78.9,49.1,64.1,2,2,23.5,2,2,2,,2
20140503,3,CO,0.4,0.6,,0.5,0.4,0.5,0.5,,0.3,0.7,0.4,0.6,0.5,0.5,,,0.5,0.3,0.4,,0.2,0.3,0.4,0.2,0.2,0.2,,0.4,0.4,0.4,0.1,0.5,,,0.8
20140503,4,SO2,3.8,2,3.5,2,5.3,3.6,6.3,8.3,2,4.3,2,4.5,2,13.2,4.7,7.4,2.5,2.2,2,2,2,2.8,5,2,2,2,3.2,7.7,8.6,11.9,2,4.1,13,,3.5
20140503,4,NO2,,,86.8,65.1,70.3,86.9,92.1,58,35,86.3,,,68.5,61.4,65.9,89.1,62.8,28.5,21.4,49.9,45.4,27.2,28.6,9.2,17.2,7.3,25.6,42.2,38.4,46.6,95.3,84.9,96.3,,90.4
20140503,4,O3,3.9,3,,2,2,2,2,,40.4,2,33.4,3.4,2,15.5,,,2,61,44.5,,10.2,16.7,23.4,55.9,72.6,45.6,,2,15.4,27.3,2,2,,,2
20140503,4,CO,0.5,0.5,0.4,0.6,0.4,0.4,0.6,0.5,0.3,0.6,0.3,0.5,0.6,0.5,0.4,0.5,0.5,0.3,0.3,0.4,0.4,0.3,0.4,0.2,0.2,0.2,0.2,0.5,0.5,0.4,0.1,0.5,0.6,,0.6
20140503,5,SO2,5.7,2,4,2,6.5,3.5,9.1,8.2,2,4.3,2,4.6,2,17.9,10.6,9.1,2,2,2,2,2,2,4.5,2,2,2,6.9,5.7,14.8,14.5,2.3,4.7,14.8,,4.2
20140503,5,NO2,68.1,54.9,,52.6,,86.8,99.9,,47,83.6,58.8,79.5,70.1,55.6,,,59.1,23.4,30.3,,38.9,23.7,45.4,7.3,13.3,,,52.7,29.5,50.1,104.3,76.4,,,95.4
20140503,5,O3,4.4,3.6,2,2,2,2,2,2,28.7,2,4.5,2.9,2,19.8,7.9,2,2,63.5,35.4,6.5,10.4,16.9,5.6,54.6,76.3,43.9,38.5,2,35.7,30.4,2,2.2,2,,2
20140503,5,CO,0.6,0.4,0.4,0.5,0.5,0.5,0.6,0.4,0.3,0.6,0.4,0.6,0.6,0.5,0.4,0.4,0.4,0.3,0.3,0.2,0.3,0.3,0.4,0.2,0.2,0.2,0.3,0.5,0.5,0.4,0.1,0.4,0.8,,0.9
20140503,6,SO2,7.2,2,4.1,2,9.6,4.1,8.2,7.2,2,4.3,3.7,3.6,2,13.6,11.1,7.6,2,2.2,2,2,2,2,4.8,2,2,2,11.1,12.7,13.6,16.4,2.4,8.1,11.5,,3.7
20140503,6,NO2,67,57.1,82.9,69.8,82.6,82.4,92.5,46.5,74.1,83.6,60.3,77.7,64.3,53.4,58.8,74,57.8,42.9,23.4,47.6,12.5,32.5,45.9,9.6,18,6.9,34.3,47.5,21.5,50.1,100.9,61.4,104.2,,89.4
20140503,6,O3,5.3,4.3,2,2,2,2,2,2,11.5,2,7.6,2.4,2,16,9.5,2,2,44.3,36.6,31.1,37.4,10.1,2,50.2,72.7,40.8,50.9,21.3,47.3,29.4,2,10.3,2,,2
20140503,6,CO,0.6,0.4,0.5,0.6,0.9,0.8,0.6,0.4,0.4,0.7,0.4,0.7,0.6,0.5,0.5,0.7,0.4,0.4,0.3,0.4,0.2,0.4,0.5,0.2,0.2,0.2,0.4,0.4,0.4,0.4,0.1,0.4,0.8,,1.4
20140503,7,SO2,6.1,3,6.7,4.7,11.1,6,8.8,8.6,2,7.3,5.7,4,8.3,14.4,16.4,6.3,3.1,6,2,2,2,3.3,6,2,3,2,14.5,33.5,19.9,21.9,2.9,11.4,13.3,,6.8
20140503,7,NO2,73.4,44.8,80.7,63.9,80,82.7,85.5,45.9,54.2,82.1,47.4,77.9,64.8,58.2,52.7,82.5,52,87.3,26.8,47.4,14.1,36.9,46.4,15.2,19.7,5.5,37.4,31.8,26,51.9,95.5,73,104.1,,85.2
20140503,7,O3,4.7,8.6,2,5,2,2,2,2.4,23.6,2,20.4,3.2,2,13.5,16.4,2,3.4,5.9,29.2,26.5,38.1,4.5,2,42.2,70.8,42,52.1,40.1,44.1,29.2,2.4,5.7,2,,2
20140503,7,CO,1,0.5,0.8,0.7,0.7,1.1,0.6,0.4,0.4,0.9,0.5,0.6,0.8,0.6,0.5,1.1,0.4,0.8,0.4,0.4,0.2,0.5,0.6,0.2,0.3,0.2,0.4,0.4,0.5,0.4,0.1,0.6,0.9,,1.4
20140503,8,SO2,8,16.6,9.2,15.7,11.3,8.3,12.2,14.1,2.2,13.2,9.2,4.9,14.1,22.4,20.3,25.3,9.5,7.7,7.8,2,2.6,9.8,10.2,2.8,5.1,2,21.2,43.7,31,25.3,4.4,19.5,16.3,,7.3
20140503,8,NO2,79.9,54.1,82.4,62.7,74.7,92.1,82,40.6,60,76.4,49.2,78,63.4,46.4,45.9,73.2,52.2,81.3,31.2,53.2,25,36.8,45.4,11.1,41.1,4.3,32.8,21.1,27.1,43.2,93.7,56.8,105.8,,93.3
20140503,8,O3,5.9,24,2,16.6,2,2,2,19.7,24.8,3.9,26.1,6.6,8.5,33.7,30,14.6,8.5,11.8,37.6,32,33.8,13.5,18.8,55.3,61.8,47.9,67,55.7,41.5,42.1,4.9,22.1,2,,2
20140503,8,CO,1.1,0.5,0.8,0.6,0.6,1.1,0.6,0.4,0.4,0.7,0.6,0.6,0.7,0.6,0.5,0.6,0.5,0.5,0.4,0.4,0.4,0.5,0.6,0.2,0.3,0.3,0.4,0.4,0.6,0.5,0.1,0.5,0.9,,1.2
20140503,9,SO2,13.1,19.5,9.9,20.9,11.3,13.2,11.2,14.6,3.8,13.2,13.5,6.5,15.6,22.6,21.7,15.9,18.6,7,10.6,2,11.9,7.7,12.9,2.7,3.7,3.3,26.5,43.9,46,25.6,16,24.8,15.8,,14.2
20140503,9,NO2,61,53.8,82.1,55.2,77.8,96.8,83.2,37.7,62.4,75.9,47.7,82.3,50.1,34.9,31.5,52.2,65.1,75.1,52.1,53.5,44.5,23.5,37.3,25.5,32.8,7.5,34.9,20.1,28.1,37.5,87,63.6,95.9,,99.9
20140503,9,O3,21.6,36,12,34,5.3,7.3,6.6,34.8,32.2,14.4,39.1,12.6,28.2,54,54.2,40.9,17.4,26.4,26.1,39.5,38.2,46.5,42.7,53.8,71.3,56.4,67.4,61.4,43.8,55.6,12,27.7,2,,2.7
20140503,9,CO,0.8,0.6,0.7,0.6,0.6,0.9,0.6,0.4,0.4,0.7,0.6,0.7,0.6,0.6,0.5,0.5,0.7,0.5,0.5,0.5,0.5,0.4,0.6,0.3,0.3,0.3,0.5,0.5,0.7,0.5,0.1,0.6,0.7,,0.9
20140503,10,SO2,19.7,20.9,16.9,21.5,15.1,21.6,15.5,16.6,5.8,19.2,17.1,11,17,25.2,26.2,25.9,19.8,7.9,8.5,2,14.6,14.7,13.2,3.7,3.7,12.2,26.9,42.6,46.7,33,21.4,24.6,24.1,,25.7
20140503,10,NO2,44.3,46,60.1,49.9,78.6,55.4,93.6,49.2,73.5,49.1,38.5,63.3,43.4,33.2,33,42.1,72.4,63.6,54.7,54.7,51.6,27.3,47.5,29.2,32.2,16.3,37.8,21.1,26.7,36.6,88.4,57.6,87,,67.6
20140503,10,O3,44.1,56.1,44,54,21.7,49.5,14.6,34.9,39.9,52.4,58.2,39.3,45.3,67.2,61.2,60,34.4,45.8,39.2,39.1,38,58.5,40.1,55.3,72.5,70.1,69.5,70.4,57,72.4,19.8,42.3,17.2,,29.2
20140503,10,CO,0.7,0.6,0.6,0.6,0.7,0.5,0.7,0.4,0.5,0.6,0.6,0.6,0.6,0.6,0.6,0.5,0.7,0.5,0.6,0.5,0.6,0.4,0.6,0.3,0.4,0.5,0.5,0.6,0.8,0.5,0.1,0.6,0.7,,0.4
20140503,11,SO2,21.2,24,17.5,22.2,17.5,23.1,20.8,16.1,10.6,19.4,19,16.4,18.1,33.2,29.4,31.4,20.7,9.7,16.5,4.7,15.5,23.5,9.1,6.8,4.2,13.9,21.9,35.9,31,32.9,23.1,19.4,22.3,,27.7
20140503,11,NO2,34.3,33.3,42,38.3,50.7,45,63.5,52.7,62.9,36.1,29.5,41.8,40.9,29.4,29.9,36.4,49.7,63,31.6,56.2,57.5,41,27.2,32.4,32.9,19.8,38.4,19.8,23.4,33,82.5,64.1,72,,70.7
20140503,11,O3,64.9,81.6,79.8,78.4,60.2,75.9,45.5,44,64.5,80,86.6,71.6,62,86.2,77,77.7,70.2,65.2,70.6,45,49.4,69.6,78.5,66.3,75.5,74.9,79.5,87.9,70.7,94.1,32.1,52,43.3,,48.8
20140503,11,CO,0.6,0.5,0.5,0.6,0.5,0.4,0.6,0.5,0.5,0.6,0.6,0.6,0.6,0.7,0.6,0.5,0.6,0.5,0.6,0.6,0.6,0.5,0.5,0.4,0.4,0.5,0.6,0.5,0.7,0.5,0.1,0.6,0.7,,0.4
20140503,12,SO2,23.2,25.2,18.6,23.3,19.4,23.9,19,17.6,12.6,18.1,21.5,15.9,19.5,23,21.9,23.8,21.5,10.6,14.6,7.9,19.3,21.2,9.1,8.1,5.2,18.5,22.2,29,24.5,31.4,23.1,24.2,15.5,,24.3
20140503,12,NO2,25.1,23.8,30.3,27.3,31.1,32.5,42,70.3,24.7,31.7,24,28.1,39.9,24.2,24.8,33.1,35.4,86.8,27.5,47.5,54,36.4,32.9,50.5,54.4,28,31.5,12.3,17.9,30.9,73.7,43,51,,49.9
20140503,12,O3,83.6,104.5,105.3,101.2,93.8,104.4,72.2,49,113.1,98.4,106.8,100.7,72.9,104.1,96,93.2,100.1,61.4,92.6,56.2,75.4,94.7,70.9,75.4,65.5,88.8,97.6,107.8,90.4,105.9,47.6,81.1,71.5,,81.8
20140503,12,CO,0.6,0.5,0.5,0.6,0.5,0.3,0.5,0.6,0.4,0.6,0.6,0.5,0.6,0.6,0.5,0.5,0.6,0.6,0.6,0.6,0.6,0.6,0.5,0.5,0.4,0.6,0.6,0.4,0.6,0.5,0.1,0.5,0.5,,0.3
20140503,13,SO2,16.5,16.9,17.5,17.2,17.2,15.6,20,17.5,15.1,17.6,16,16.3,13.1,17.8,15.8,10.9,16,12,15.2,6.6,18.8,19.1,9.8,8.4,7.6,18.7,27.7,26.2,29.2,26.9,15.8,16.7,27.6,,18.6
20140503,13,NO2,19,16.4,29,22.3,23.1,25.5,39.4,73.7,24.3,32.2,20.7,28,36.7,21.2,19.2,22.1,25.2,111.2,28.1,38.5,31.9,26,39.9,66.4,72.7,17.2,28.8,7.1,18,27.7,65.9,31.6,49.8,,40
20140503,13,O3,96.5,120.5,116.6,112.8,108.9,120.7,81.4,52,126.4,107.4,118.4,112.7,81.4,116.4,117,115.7,114.4,46,105.5,73,114.3,123.2,75.9,58.8,65.6,118.5,114.3,122.2,92.9,111.3,64.7,98.9,78.3,,101.9
20140503,13,CO,0.5,0.4,0.5,0.5,0.4,0.2,0.5,0.6,0.5,0.6,0.5,0.5,0.5,0.5,0.4,0.4,0.5,0.7,0.6,0.7,0.5,0.5,0.5,0.5,0.5,0.6,0.6,0.4,0.6,0.4,0.1,0.4,0.5,,0.2
20140503,14,SO2,12.4,13.8,10,11.6,9.5,12.5,13.8,14.3,7.3,10.8,11.1,10.6,7.8,21.1,17.6,14.7,10.7,9,8.7,5.1,9.1,13.5,10.2,9,8,15.3,22.8,30.2,28.9,24.3,13,14.8,23.8,,15.9
20140503,14,NO2,17.3,24.9,28,21.9,24.1,24.3,37.1,27.7,10,33.9,17.1,26.5,29.1,28.6,22.5,22,26.5,69.6,21.2,39.5,20.5,23.3,16.6,23.2,45.6,15.3,25.8,7.7,15.7,21.8,69.7,26.2,42.8,,19.7
20140503,14,O3,98.1,109.2,113.9,108.5,105.2,120.7,79.9,84.9,123.9,100.6,116.1,107.7,83.1,107.2,112.7,114.1,107.5,67.3,102.8,76.9,117.4,122.2,101.3,94.1,79.2,120.8,124.1,118.5,104.3,120,60.1,100.9,82.8,,116.9
20140503,14,CO,0.4,0.4,0.4,0.4,0.4,0.1,0.4,0.3,0.4,0.5,0.4,0.4,0.4,0.5,0.4,0.4,0.4,0.5,0.5,0.6,0.3,0.4,0.4,0.3,0.4,0.5,0.5,0.4,0.6,0.4,0.1,0.4,0.4,,0.1
20140503,15,SO2,8.8,8.8,7.2,8,11.4,8,11.7,13.1,7.7,8.3,8.5,9.7,4.6,8.8,6.9,4.4,8.2,7.6,5.3,3.1,6,5.5,8.5,6.2,5.1,3.4,12.2,22.7,12.3,13.6,11.2,8.7,17.2,,12.3
20140503,15,NO2,20.4,25.6,36.6,25.1,29.9,28.4,25.4,4.9,9.4,35.6,15.8,22.1,31.1,23.7,15.3,20.2,35.1,25.3,12.2,31.5,21.8,13.9,7.1,5.6,23.1,5.6,22.7,7.7,10.9,15.9,65,34.6,37.1,,22.2
20140503,15,O3,88.4,103.7,90.5,99.9,83.4,104.1,73.4,93.6,109,88.3,106,91.6,77.1,107.5,119.6,108.8,84,91.8,91.8,86.5,106.8,122.2,110.1,103,98.4,118.7,111.6,116.8,108.2,115.6,56.6,87.9,70,,99.6
20140503,15,CO,0.4,0.4,0.4,0.4,0.5,0.2,0.3,0.2,0.3,0.4,0.4,0.3,0.4,0.7,0.3,0.3,0.4,0.3,0.3,0.4,0.3,0.3,0.4,0.2,0.3,0.4,0.3,0.4,0.4,0.2,0.1,0.4,0.5,,0.1
20140503,16,SO2,6.8,7.5,6,7,7.6,6.6,10.4,12.3,4.2,8.1,7.4,9.1,5.3,8.6,8,14.1,5.2,4.8,3,2,6.2,6,4.8,2.3,2.7,4.9,8.6,12.6,10.5,12.8,8.2,9,17.2,,10.6
20140503,16,NO2,13,31.6,27.2,17.4,15.4,21,19,2,4.2,27.9,10.9,15.2,18.2,25.3,20,18.4,19.5,22.3,7.7,35,16.4,13.9,4.5,3,27.2,4.5,26.1,2,11.9,12.6,43.6,34.9,37.4,,14
20140503,16,O3,83.2,81.3,87.4,93.3,93.1,97.4,73.1,102.1,113.6,82.4,101.3,93.5,73,97.3,106.8,99.6,89.8,100.7,97.4,78.1,104.6,121.1,116.3,109.7,97.6,111.4,102.5,121.6,101,116.9,60.9,74.5,62.8,,96.3
20140503,16,CO,0.3,0.4,0.3,0.4,0.5,0.1,0.3,0.2,0.3,0.4,0.3,0.3,0.3,0.4,0.4,0.3,0.3,0.3,0.3,0.4,0.3,0.3,0.3,0.2,0.3,0.4,0.3,0.3,0.4,0.2,0.1,0.3,0.3,,0.1
20140503,17,SO2,4.8,5.4,4.6,4.2,5.8,4.5,9.9,10.6,3.7,4.6,4.5,5.6,2.2,7,5.3,7,3,2,2.7,2,2,6,3.5,2,2,2.6,6.7,11.6,12.2,15.2,5,5.4,14.1,,5
20140503,17,NO2,10.1,20.9,21.6,10.7,11.8,16.2,18.2,2,3.2,28,8.4,11.4,16.8,26.9,14.4,14.2,17.5,22.3,7.4,25.5,10.8,12.9,4.3,2,24.6,2,14.4,5.1,11.6,20.5,37.9,15.7,28.9,,8.4
20140503,17,O3,90.3,97.1,97.5,101.5,98.4,106.9,75,100.3,115.4,85.3,107.5,99.4,75.7,87.6,105.1,96.4,92.7,97,99.3,79.6,108.8,116,105.7,105,88.1,109.6,105.3,110.8,103.7,109.6,71.4,93.1,77.2,,105.7
20140503,17,CO,0.3,0.3,0.3,0.3,0.3,0.1,0.3,0.2,0.3,0.4,0.3,0.3,0.3,0.4,0.3,0.2,0.3,0.2,0.3,0.3,0.1,0.3,0.3,0.1,0.3,0.3,0.2,0.3,0.4,0.2,0.1,0.2,0.3,,0.1
20140503,18,SO2,2,2,2,2,2,2,5.9,6.9,2,2.1,2.7,2.6,2,3.1,2.1,3.1,2,2,2,2,2,2,3.3,2,2,2,3.5,6.7,7.5,7.7,2,2.5,8.5,,3.4
20140503,18,NO2,8.9,21.5,22.9,10.5,10.1,16.8,14.1,2,2.8,27.2,8.6,8.3,15.7,15.7,12.1,13.5,15.9,17.9,7.4,20.7,9,7.8,4.6,2,17.9,2,11.1,2,18.9,11.7,35.9,13.8,22.2,,6.9
20140503,18,O3,83.4,88.3,85.7,91.6,87.6,95.8,67.7,90.1,103,75.2,98.2,89.7,70.4,91,103.9,91.5,86.5,91.8,87.6,80.9,99.4,102.2,104.8,100.1,91.4,101.3,104.9,102.9,85.7,119.9,67.7,84.6,71.7,,96.4
20140503,18,CO,0.2,0.2,0.3,0.3,0.3,0.1,0.2,0.2,0.2,0.4,0.2,0.2,0.3,0.3,0.2,0.2,0.2,0.2,0.3,0.3,0.1,0.2,0.3,0.1,0.3,0.3,0.2,0.2,0.3,0.2,0.1,0.2,0.3,,0.1
20140503,19,SO2,2,2,2,2,2,2,3.4,6.9,2,2,2,2.8,2,2,2,4.6,2,2,2,2,2,2,3.6,2,2,2,2,2.6,2.8,6.7,2,2,2,,2.9
20140503,19,NO2,8.6,19,23.4,10.2,9.7,15,12.6,2.4,3.5,28.8,7.2,9.9,14.2,16.4,9.6,13.4,13.2,17.9,6.2,18.5,8.5,6.9,4.7,2,15.8,2,8.9,2,6.9,10.5,33.7,14.2,19.8,,6.4
20140503,19,O3,80.1,81.8,79.8,85.3,84.2,92.6,64.7,89,98.9,66.7,91.5,84.9,60.3,80.5,96.8,83.1,81.7,88.7,85.3,76,94.6,99.7,96.6,93.8,88.9,91.6,96.6,95.3,77.7,97.6,65.1,77.5,69.2,,91.3
20140503,19,CO,0.2,0.2,0.3,0.2,0.3,0.1,0.2,0.2,0.2,0.4,0.2,0.3,0.2,0.3,0.2,0.2,0.2,0.2,0.3,0.2,0.1,0.2,0.3,0.1,0.3,0.3,0.2,0.2,0.2,0.2,0.1,0.2,0.2,,0.1
20140503,20,SO2,2,2,2,2,2,2,5.1,7.8,2,3.3,2,4.6,2,6.4,2,2,2,2,2,2,2,2,3.6,2,2,2,2,2.2,2,5.5,2,2,2,,2
20140503,20,NO2,9,15.9,22,10.3,7.9,15.2,13.1,3.9,4.2,26.8,6.5,10.7,11.4,16.4,10.3,11.5,12.9,19.9,5.6,17,9.4,5.5,4.8,2,15.3,2,8.7,2,3,9.1,32.5,11.6,21.1,,5.9
20140503,20,O3,77.4,81.3,79.3,84.4,81.6,88.1,62.7,84.3,96,67.7,90.6,82.4,59.5,79,93.9,83.1,77.3,82.6,84,74.3,88.6,93.2,91.8,89.4,86.6,88.1,90.6,94.5,76,89.5,63.8,78.7,64.6,,87.9
20140503,20,CO,0.2,0.2,0.3,0.2,0.2,0.1,0.2,0.2,0.2,0.3,0.2,0.3,0.2,0.3,0.2,0.2,0.2,0.2,0.3,0.2,0.1,0.2,0.3,0.1,0.2,0.3,0.2,0.2,0.2,0.2,0.1,0.2,0.2,,0.1
20140503,21,SO2,3.8,4.2,4.1,3.2,2.4,2.5,7.1,8.5,3.4,2,2,2.6,2,3.4,2,2,2,2,2,2,2,2,3.4,2,2,2,2,2.9,2,6.9,3.7,4,8.8,,3.4
20140503,21,NO2,10.2,17.6,20.6,11,9.4,15.8,14.3,3.8,5.4,24.8,4.9,9.2,8.5,14.6,10.8,9.8,14.3,15.6,4,17.2,7,4.3,4.2,2,18,2,9.7,2,2,9.1,29.6,10.5,21.2,,7.7
20140503,21,O3,73.3,77.1,78.5,81.5,77.1,83.7,60.4,82.8,93.3,68.5,90.7,84,69,79.9,89.7,77.6,74.1,82.6,85.8,69.8,88.4,90.7,96.2,90.2,86.4,87.3,84,89.8,77.1,90.7,63.7,78.8,60.9,,82.1
20140503,21,CO,0.2,0.2,0.3,0.3,0.3,0.1,0.3,0.2,0.3,0.3,0.2,0.3,0.2,0.3,0.2,0.2,0.2,0.2,0.2,0.2,0.1,0.2,0.3,0.1,0.3,0.2,0.2,0.2,0.2,0.2,0.1,0.2,0.3,,0.1
20140503,22,SO2,2,3.7,2.8,3.2,2.6,2,6.3,7.4,2,3.7,2,5.5,2,2,2.5,2,2,2,2,2,2,2,3.2,2,2,2,2,5,2,4.8,3,4.5,10.4,,2.4
20140503,22,NO2,8.9,14.5,18.9,11.1,9.5,14.7,13.8,3.9,4.1,24.7,5.2,9.9,6.4,13.3,11,11.2,9.5,17.4,4.7,16.9,6.6,3.7,4.4,2,19.1,2,9.1,2,2,9.8,28.3,9.3,20.2,,7.9
20140503,22,O3,76,80.2,81.5,82.9,79,86.5,62.4,86.7,98.5,71.4,93.7,85.4,72.6,82.9,89.5,76.1,82.3,82.5,87.2,69,89.8,91.4,93.8,90.7,84.9,88.7,82.6,87.3,78.6,92.1,65.4,80.6,65.8,,83
20140503,22,CO,0.2,0.2,0.3,0.3,0.3,0.1,0.3,0.2,0.3,0.3,0.2,0.3,0.2,0.3,0.3,0.2,0.2,0.2,0.3,0.2,0.1,0.2,0.3,0.1,0.3,0.3,0.2,0.2,0.2,0.2,0.1,0.2,0.2,,0.1
20140503,23,SO2,2,2.3,2,2.1,2,2,5.3,8.6,2,3.7,2,4.6,2,2,2,2,2,2,2,2,2,2,3.4,2,2,2,2,2.9,2,3.9,2,2.2,10.5,,2
20140503,23,NO2,9.8,12.5,18.4,11.5,8.2,13.7,10.9,4.6,4.7,23,5.3,10.3,5,18.3,10.5,10.9,9.3,20.5,4.3,16.5,6.2,2.5,4.6,2.8,21,2,9.1,2,2,7.5,26.8,10.6,18.4,,8.3
20140503,23,O3,75.1,81.8,81.7,83.1,79.7,86.2,64,83,96.5,71.5,91.8,84.2,76.9,76.6,91.9,76.9,78.8,78.7,87,70.3,86.4,91.9,91.7,85.7,81.6,86.5,81.8,89.6,81.3,95.7,66.6,80.5,66.3,,82.4
20140503,23,CO,0.2,0.2,0.3,0.3,0.3,0.1,0.3,0.3,0.3,0.4,0.2,0.3,0.2,0.3,0.3,0.2,0.2,0.2,0.3,0.2,0.2,0.2,0.4,0.2,0.3,0.3,0.2,0.3,0.2,0.2,0.1,0.2,0.2,,0.1
20140503,0,PM2.5,22.3,30.3,30.1,30,50.1,32,24.2,56.4,7.9,50.1,29.1,32.1,28.9,27.5,,40.8,17.2,30.8,34.7,27.2,13.6,28,14.8,17.2,16.3,10.4,,88.1,26,33.7,60.6,68,39.1,,49.5
20140503,0,PM10,58.1,,,55.3,,89,54.3,91.9,,96.4,120.6,103,,78.6,,79.9,,67.5,,50.5,,40.1,17.7,31.4,20.1,,,102.6,51.3,88.3,70.9,,,,89.8
20140503,0,AQI,49,35,51,45,56,50,53,51,28,55,52,60,33,57,43,54,49,58,33,52,35,36,32,37,50,27,,52,56,60,56,55,56,,45
20140503,1,PM2.5,22.2,27.3,24.6,37.9,43.6,32.8,24.6,49.4,14.1,57,29.8,31.8,39.8,27.8,,43.3,24.5,16.7,27.6,21,7.8,27.7,21.5,12.4,6.1,10.5,12.3,76.7,26.7,29.7,69,64.4,41.6,,46.2
20140503,1,PM10,57.9,36.7,46.5,83.4,,53.9,92.9,87,,92.5,151,148.9,,53.1,,87.2,,23.2,,42.6,,30.8,33,15.4,13,,17.7,,58.2,79.8,85.3,,,,97.5
20140503,1,AQI,50,52,50,47,56,51,54,52,27,56,55,63,39,56,38,55,46,49,28,51,33,35,32,38,46,26,40,52,56,59,56,51,52,,55
20140503,2,PM2.5,23.2,30.6,38.1,31.2,62.4,29.2,28.1,40.2,11.5,43.2,25.3,45.4,34.2,31.1,,60.9,22.1,10.2,20.7,20.4,12.2,15.3,9.4,11.2,4.4,9.8,9.8,68.4,28.6,33.9,84.3,61.5,29.9,,45.6
20140503,2,PM10,86.2,43,72.2,77.4,,50.3,69.6,41.6,,114.5,98.9,178.4,44.3,76.9,,67.1,39.7,18.4,,29.9,,28.2,13.2,5.4,7.8,,17.3,76.5,53,76.4,91.8,,,,87
20140503,2,AQI,51,52,50,49,57,49,51,52,37,58,56,65,52,57,33,56,54,49,27,51,32,36,31,38,45,25,38,53,56,59,54,50,44,,63
20140503,3,PM2.5,25.8,31,37.4,32.8,42.1,31.1,28.2,52.5,22.5,73.9,26.5,51.1,33.7,24.7,41.1,58.1,39.4,12.3,12.4,9.6,11.3,16.6,16.6,8.6,7.3,10.9,8.5,37.3,26,40.9,65.6,62.3,39.3,,42.4
20140503,3,PM10,95.9,33.2,78.7,90.1,,75.6,90.2,77.7,,172.7,72.8,174.9,39.5,53.5,87.3,95.1,70,15.2,28.7,32.6,,27.8,18.8,17.8,8.4,,16.3,49.6,35.7,73.4,90.7,,,,71
20140503,3,AQI,53,51,51,51,57,51,52,53,29,61,57,69,52,58,61,57,54,48,45,50,31,36,31,38,44,23,37,53,56,60,55,48,45,,56
20140503,4,PM2.5,23.5,28.6,33.7,33.7,36.1,33.9,28.6,62.6,8.3,50.2,22.1,49.4,37.8,34.8,41.4,53.2,31.6,11.7,16,9.4,20.5,14.8,7.2,6.3,9.9,12.1,16.1,39,40.2,37.9,70.2,58.8,41,,31.4
20140503,4,PM10,91,52.2,70.1,72.8,,81.1,121.5,94.5,,138.7,39.2,211.8,55.5,69.1,83.6,85.7,42.8,16.8,21.2,12.8,40.5,,12.5,12.6,12.8,,45.4,59.3,,79.6,77.6,,,,56.6
20140503,4,AQI,54,52,52,53,57,51,55,54,26,63,58,73,52,59,62,59,54,48,44,49,31,36,31,39,43,23,37,54,57,61,56,50,49,,52
20140503,5,PM2.5,20.5,29.8,27.5,30.5,33.6,27.4,33.2,54.1,10.1,56.1,25.1,43.7,41,39.2,44.4,49.7,26.6,14,27.8,11.5,17.2,10.9,11.8,9.3,10.2,5.2,21.6,44.7,35.5,40.7,85.9,53.7,40.6,,54.8
20140503,5,PM10,84.3,45.1,58.8,78.4,,85.6,145.6,65.7,,120.1,60,197.6,41.1,71.9,84,84.8,59.2,18.2,63.2,14.6,17.5,11.5,,5,14,,72.7,64.8,36.2,76.7,102.2,,,,105.6
20140503,5,AQI,56,53,53,54,57,52,57,55,26,65,58,77,52,59,62,60,54,48,45,46,32,36,32,39,42,22,39,54,56,61,58,52,36,,53
20140503,6,PM2.5,21.2,31.2,35.8,33.6,56.9,47,29.3,32.9,12.8,43.1,31.9,31.6,37.6,40.3,53.4,94.9,22.4,13.4,14.7,11.8,14.4,11.7,13.8,3.8,6.3,11.5,34.7,51.7,38.9,41.3,90.3,55.2,46.9,,67.8
20140503,6,PM10,99.5,37.6,88.8,79.5,141.1,143.6,77.2,37.3,46.4,141.5,69.3,146.8,47.8,97,98.1,126.1,45.9,44.6,40.8,20.8,,15.9,36.3,10.5,10.6,,72.3,91.5,48.9,84,113.7,,,,130.4
20140503,6,AQI,57,53,54,55,69,55,58,55,38,67,59,78,53,61,62,63,53,48,44,45,32,35,33,39,42,22,41,56,56,62,61,53,53,,56
20140503,7,PM2.5,47.1,37.2,55.7,40.8,55.8,66.1,38.8,38.2,16.7,53.1,28.3,34.6,53,53.8,62.8,114.6,22.8,33.9,14.2,17.8,15,25,22.5,11.1,9.7,5,44,52.3,45,52.8,118.4,69.8,56.4,,78.1
20140503,7,PM10,199.3,81.4,113.3,108.4,115.6,180.2,112.6,78.4,41.1,134.7,74.8,110.9,56.9,101.1,101.7,168.8,57.6,113.8,40.6,34.7,,32.9,78.5,27.5,14.3,,88,100.6,82.6,119.8,128.8,,,,129.6
20140503,7,AQI,60,54,56,57,71,58,59,56,36,69,60,80,53,62,63,68,54,50,45,46,32,36,37,40,41,22,43,57,58,63,67,56,53,,58
20140503,8,PM2.5,68.8,48.8,77.9,50.2,59.5,74.7,41.4,44.9,17.7,51.9,36,45.5,65.1,58.2,77,109.8,33.9,26.9,21.5,24.2,20.4,34.7,23.1,9.1,14.2,11.1,182.1,52.6,55.3,63,97.8,73.8,59.1,,76.3
20140503,8,PM10,186.7,,116.7,107.3,100,207,101.2,,49.7,109.8,88.3,116.2,76.8,111.7,106.1,,66.3,62.8,44.4,69.2,,41.7,40.9,14.9,27.5,,,99,114.1,134.1,123.8,,,,114.1
20140503,8,AQI,63,54,57,58,71,60,61,57,37,69,61,80,52,63,63,70,55,49,46,42,32,36,37,40,40,22,42,58,59,64,70,59,53,,59
20140503,9,PM2.5,59.3,53.7,69.5,56.4,76.9,86.4,40.1,55.9,27.9,60.9,49.7,55.4,96.5,47.2,66.8,98.3,57.6,29.4,31.1,45.9,44.7,21.6,31,22.4,16.4,17,77.5,55.8,70.8,64.8,95.1,80.5,47.3,,79.2
20140503,9,PM10,99,102.6,77.6,108.7,91.6,181.1,75.5,73.4,62.7,133.2,126.7,111.4,,92.5,107.8,106.1,109,58.7,94,103.3,,30.2,45.4,36.6,28.3,,90.2,94.5,130.3,117.3,97.6,,,,116
20140503,9,AQI,62,56,58,60,69,63,61,58,38,71,62,82,50,62,63,73,57,44,49,44,33,34,35,35,39,22,44,58,61,65,73,62,48,,59
20140503,10,PM2.5,55.8,59,68.1,56.1,91,60.8,34.6,70.8,38,69.9,57.9,66.8,60.4,58.9,84.9,98.8,95,32.4,42.3,52.7,55.5,35.8,30.5,25.1,22.2,36.7,75.5,62.2,76.6,68.1,111.1,76.2,63.5,,64.8
20140503,10,PM10,121.1,94.6,106.3,116.7,125.5,114.8,51.9,77.4,80.6,126.3,119.4,128.7,136.5,117.4,121.1,112.6,122.8,78.8,109,89.1,101.3,49.1,63.9,47.3,29.2,,106,108,135.9,140,128,,,,95.7
20140503,10,AQI,63,57,59,60,70,64,61,58,40,72,64,84,51,63,64,77,59,45,51,45,38,33,38,36,38,22,45,59,63,66,77,63,46,,60
20140503,11,PM2.5,58.1,54.7,77.1,70.9,99.6,62.2,51,74.4,45.2,65.8,54.5,72.1,75.2,57.1,91.3,95.2,69.2,42.1,66.4,57,60,57.2,14.6,34.6,31.4,45.3,74.6,63,67.8,80.2,93.7,90.5,78.3,,63.9
20140503,11,PM10,102.1,81.6,88.2,106.4,105.5,116.2,78.7,95,99.8,126,127.8,113.9,81.7,121.9,113.6,103.8,95.7,80.7,121.4,97.7,99.4,103.3,17.9,35.4,39.4,,110.9,113.6,129.6,157.3,107.8,,,,68.1
20140503,11,AQI,64,58,60,61,71,65,62,59,43,73,65,85,51,65,65,80,60,46,53,47,41,37,36,36,37,24,48,60,65,68,80,67,49,,60
20140503,12,PM2.5,57.5,49.9,62.9,55.8,87.7,56.3,58.5,105.8,42,74.5,61.4,70.8,63.2,50.3,83.7,96.7,64,59.9,56.1,61.6,72.3,64.3,34.2,48.2,45.4,61.4,73.3,58.1,60.5,83,98.1,89.9,51.8,,65.2
20140503,12,PM10,89.8,85.6,92.5,81.7,148.7,107.8,85.3,119.1,107,130.6,173.1,196.8,87.5,131.6,91.2,108.7,64.9,95.3,196.7,102,102.8,85.2,48.8,61.6,65,,109.8,99.8,120,181.5,103.8,,,,79.1
20140503,12,AQI,66,58,61,62,73,66,63,61,48,75,68,88,54,67,65,80,61,49,56,50,44,40,36,38,38,28,51,61,66,71,83,70,51,,61
20140503,13,PM2.5,50.1,51.5,62.3,53.3,98.7,53.8,64.1,107.8,46.2,69.1,52.4,90.2,72.5,77.7,76.1,79.7,46,64.5,61.9,63.7,67,45.1,30.4,60.4,52.6,54.1,,51,64.8,73.6,95.2,90.8,64.9,,43.5
20140503,13,PM10,131.2,109.3,158.1,176.2,228.4,132.7,154,117.6,174.1,175.7,183.2,262.9,115.2,240.1,133.5,98.2,49.1,111.1,212.6,118.8,68.4,72.9,78.4,60.6,104.5,,,109.4,110.4,208.6,161.5,,,,65.8
20140503,13,AQI,68,59,64,66,76,69,66,66,53,79,71,93,57,71,67,81,62,56,60,53,46,42,39,39,41,38,51,63,68,75,87,74,53,,62
20140503,14,PM2.5,49.2,35.2,45.9,52.2,65.4,46,43,56.4,19.7,57.2,42.1,53.9,46.8,81.4,69,103.1,49.4,42.1,40.9,52,40.5,36.6,37.5,32.6,48.3,47.4,60.1,53.8,57,64.8,90.7,95.3,64,,27.6
20140503,14,PM10,223.4,214.7,168.2,200.4,188.8,186.5,156.2,66.6,57,179.2,171,138.8,112,259.5,194.5,152.9,291.2,102.2,91.2,69.5,175.7,86.4,74.4,14.3,69.9,,121.6,114.1,180.4,202.4,216.3,,,,89.7
20140503,14,AQI,73,63,67,68,78,72,69,68,54,82,74,95,58,76,71,86,67,53,61,53,52,44,41,39,42,38,53,65,71,79,90,77,56,,63
20140503,15,PM2.5,20.9,35.6,28.2,35,43.4,30.6,9.5,55.2,16.5,35.2,31.2,40.4,36.4,53.2,45.2,161.3,40,27.3,33.6,44.7,28,26.7,28.4,23.1,36.8,15.7,39.2,54.2,40.1,31.7,64.9,60.5,46.5,,20.3
20140503,15,PM10,62.4,58.3,53.3,56.3,48.5,77.7,46.2,57.3,54.4,95.5,92.9,83.2,48.8,87,161.1,162.1,111.5,90.5,81,155.1,56.8,70.6,56.2,5,104.8,,159.1,149.9,149.1,97.6,,,,,33.1
20140503,15,AQI,73,64,67,68,76,73,68,70,54,81,74,94,59,76,73,92,67,53,61,55,53,46,40,33,44,38,57,68,73,80,93,79,58,,64
20140503,16,PM2.5,19.3,23,28.4,84.8,40.1,23.1,18.8,65,21.5,36.7,28.5,32.3,34.2,3,40.4,108.2,17.5,35.8,70.2,42.2,37.1,21.4,25,25.2,50,16.9,38,39.2,25.8,30.6,60.7,50.1,29.8,,38.3
20140503,16,PM10,63.6,28.5,37.9,,90.6,76.9,50.4,114.3,86.6,65.5,99.8,74,57,70.5,87.2,,30.7,145.1,91.6,96,,47.9,117.5,25.9,145.3,,97.3,98.7,129.4,78.8,78.1,,,,45.1
20140503,16,AQI,73,62,66,68,77,73,68,72,56,81,76,94,60,77,74,96,65,55,62,57,52,47,43,35,48,35,58,69,74,81,95,81,58,,64
20140503,17,PM2.5,21.4,23,62.3,32.3,49.9,30.6,32.1,100.9,116.3,49.1,27.8,58.8,37.6,23.3,47.6,89.5,33,26,24.8,32.6,44.7,16.2,40.2,21,18.7,14,71.6,37.2,38.6,32.8,117.2,66.6,14.3,,28.1
20140503,17,PM10,186.2,93.7,104.7,113,178.6,158.1,166.7,194.9,145.9,160.3,170.1,237.9,74.4,82.5,98.5,91.8,114.6,178.3,179.5,46.7,84.8,,343.4,58.2,361.4,,124,90.9,64.1,97.5,152.2,,,,99.8
20140503,17,AQI,75,62,66,69,80,75,69,76,59,81,78,95,61,76,74,99,66,58,64,57,52,44,52,33,52,35,60,70,75,80,99,83,58,,65
20140503,18,PM2.5,33.5,53.8,85.9,47,62.8,35.9,40.8,195.5,33,55.4,50,97.9,111.3,30,87.6,170.4,39.2,37.5,38.4,30.3,44.3,18.9,39.7,31.2,37.5,3,82.2,48.7,33.4,69.1,160.3,105,45.2,,36.7
20140503,18,PM10,471.4,362.3,353.5,282,404.9,372,466.9,442.9,359.6,381.8,389.3,697.7,358.1,306.3,240.8,236.4,205,432.9,428.9,154.9,416.7,177.1,313.9,232.1,598.2,,180.8,237.5,,228.9,384.9,,,,192.1
20140503,18,AQI,82,66,71,73,86,81,75,84,64,86,82,102,66,76,75,106,67,65,71,59,61,51,58,34,63,32,63,74,75,83,106,87,59,,67
20140503,19,PM2.5,62.2,62,126.8,95.7,78.6,49.9,49.3,136.9,34.2,76.8,71.5,95,105.7,51.5,130.4,184.6,47.5,31.8,41.8,48.2,58.1,32.6,21.9,26.2,21.6,24.6,50.9,99.3,72.3,77.8,205.3,229.2,46.2,,48.1
20140503,19,PM10,600.7,482.4,416.8,412.7,530,539.8,427.4,310.9,415.5,523.9,585.6,849.9,766.4,603.7,505,409.5,314.3,275.5,384.2,391.4,426.6,304.1,195,141.3,435.8,,401.7,636.5,489.1,427.7,456.1,,,,314.9
20140503,19,AQI,94,76,79,82,96,92,84,90,72,96,93,119,78,87,84,112,72,70,79,66,70,57,62,39,72,30,71,83,80,90,115,98,61,,74
20140503,20,PM2.5,46.4,46.7,66.4,52,58,30.7,33.6,87.4,24.9,57.8,44.2,47.1,79.1,55,100.9,114.9,30.6,24.9,29.5,47.4,28.4,22.4,24.1,18.6,12.4,36.5,62.9,93.3,79.1,102.2,127.4,132,33.1,,36
20140503,20,PM10,376.4,366.9,246.8,293.3,948.1,281.8,219.5,191.6,181,356,320.3,283.7,364.9,515,490.8,491.6,232.7,173.9,211.4,288.2,166.5,176.3,115.6,108,279,,345.5,637.5,578.6,466.6,320.6,,,,189.7
20140503,20,AQI,101,83,82,88,115,97,88,95,74,103,100,125,85,97,93,116,76,73,83,70,73,61,64,43,77,32,78,96,90,98,120,104,62,,77
20140503,21,PM2.5,21.6,23.7,51.4,23.5,42.5,20.2,18.3,64.2,56.6,34.3,26.2,28.2,34.1,40.5,64.9,77.1,24.6,15,17.2,27.8,18.2,21.6,20.8,11.3,21,23,32.8,112.5,80.1,,65.2,67.2,17.6,,21.6
20140503,21,PM10,175.9,192.1,231.1,123,178.7,194.7,155,132,111.9,172.6,179,145.9,141.1,402.2,282,249,126.3,146.8,107.2,180,132,115.3,121.2,61.8,157.8,,199.5,735.7,631.5,,155.2,,,,101.3
20140503,21,AQI,104,85,86,89,118,100,90,96,75,106,103,127,88,105,98,119,77,76,85,73,75,63,66,45,79,33,81,111,103,99,122,106,61,,78
20140503,22,PM2.5,27.9,41.7,47.9,24.3,43.5,27.6,32.1,77.6,40,38.4,28.8,42,27.1,14,41.9,58.2,24.1,22.9,24.8,22.2,26.8,19.6,29.2,20.1,23.1,30.7,20.9,37.4,38.4,28.9,66.9,57.4,27.5,,21.1
20140503,22,PM10,139.4,154.4,126.5,105.3,117.4,150.9,129.1,150.8,133.8,157.4,225.7,195.4,54.1,186.7,133.2,132.5,101.1,179.6,115.8,105.7,142.7,121,110.7,76.5,125.4,,146.3,217.1,346.5,135.4,131.4,,,,64.4
20140503,22,AQI,106,88,88,90,119,103,93,98,75,108,106,130,88,108,100,121,79,79,86,74,78,64,68,47,82,34,84,115,109,100,124,106,61,,78
20140503,23,PM2.5,25.2,31.4,42.3,30.1,44.9,29.5,23.4,61,35,41.8,31.4,31.5,33.9,31.8,48.9,55.5,27.3,25.8,25.7,29.5,24.8,21.4,20.4,23.9,21.2,29.5,30.8,45,32.7,43.5,73,60,30.3,,32.5
20140503,23,PM10,140.5,121.9,118.5,103.3,103.5,145.6,122,106.4,98.6,144.1,157.5,150.6,89.1,172.1,133.8,132.1,162.7,118.6,113.8,117.6,124.1,98.3,62.3,84.5,80.5,,151.5,150.8,158.5,153.3,119.2,,,,70.9
20140503,23,AQI,108,89,89,91,120,105,93,98,77,110,107,131,89,111,101,122,81,81,87,76,81,66,69,50,83,33,87,118,113,102,125,107,62,,78
