date,hour,type,dongsi,tiantan,guanyuan,wanshouxigong,aotizhongxing,nongzhanguan,wanliu,beibuxingqu,zhiwuyuan,fentaihuayuan,yungang,gucheng,fangshan,daxing,yizhuang,tongzhou,shunyi,changping,mengtougou,pinggu,huairou,miyun,yanqing,dingling,badaling,miyunshuiku,donggaocun,yongledian,yufa,liulihe,qianmeng,yongdingmengxi,xizhimengbei,nansanhuan,dongsihuan
20140804,0,PM2.5,98.8,,80.3,83.6,80.7,64.4,72.2,42.8,75,83.8,40.5,53.3,34.8,112.6,101.4,80.3,63.4,67.2,31.9,47.4,68.8,45,20.3,41.4,3,34.2,50.3,95.7,42.1,43.9,97,84.5,,93.5,87.4
20140804,0,PM10,,,,,,,,,,,,,,,,,,,,,,,,,,,,,,77.9,,,107.4,,
20140804,0,AQI,170,,147,150,153,135,166,131,160,149,130,139,124,166,199,210,142,139,111,134,113,96,145,140,92,89,122,188,163,136,177,165,95,181,153
20140804,1,PM2.5,100.4,,93.4,88.7,79.3,77.9,75.1,35.2,76.3,74.7,40.8,57.8,36.1,116.4,109.8,81.1,58.3,70.9,30.7,61.8,69,50,19.3,35.4,3,32.5,59.4,96.9,51.8,44.8,106.3,94.6,,108.2,99.4
20140804,1,PM10,,,,,,,,,,,,,,,,,,,,,,,,,,,,,,80.6,,,100.4,,
20140804,1,AQI,167,,145,147,149,132,162,126,154,145,125,134,119,163,197,205,136,135,107,131,109,92,137,134,87,84,120,185,160,131,174,162,93,179,149
20140804,2,PM2.5,97.7,,90.5,98.1,90.3,77.1,72.5,35.4,78.7,69.7,41.1,41.8,35.2,112.2,96.2,90.9,61.3,75.6,33.8,52.4,67.5,50,17.8,32.4,3,37.1,65.7,92,61.1,43.4,112,101.5,,113,97.2
20140804,2,PM10,,,,,,,,,,,,,,,,,,,,,,,,,,,,,,104.6,,,125.3,,
20140804,2,AQI,161,,141,145,143,128,155,120,148,141,120,129,114,160,193,201,129,130,102,127,105,89,129,129,81,80,118,182,157,127,171,159,90,176,146
20140804,3,PM2.5,95,,86,96,93.9,82,64.3,37.5,74.5,74.7,38.5,36.8,39.4,119.8,96.1,84.4,70.7,65.4,32.1,56.6,76.9,54.6,14.5,26.7,3,41.1,68,91.5,40.5,48.5,102.3,98.1,,118.3,96.5
20140804,3,PM10,,,,,,,,,,,,,,,,,,,,,,,,,,,,,,125.9,,,139.1,,
20140804,3,AQI,154,,136,143,138,125,149,115,144,136,114,123,109,157,189,195,125,126,98,124,102,85,119,123,76,75,115,180,152,123,166,156,88,173,142
20140804,4,PM2.5,104.3,,94.7,89.7,97.1,75.6,63.5,42.8,71.9,82,36,46.2,44.2,97.8,103,69.5,72.4,39.4,32,64.9,68.3,38,25.5,17,3,38.4,75.5,88.6,49.2,53.1,104.2,94.3,,101.1,79.2
20140804,4,PM10,,,,,,,,,,,,,,,,,,,,,,,,,,,,,,139.3,,,125.5,,
20140804,4,AQI,148,,131,139,134,121,142,111,140,131,109,117,105,153,186,187,120,120,93,120,98,81,110,116,72,72,112,178,149,121,160,150,87,168,137
20140804,5,PM2.5,104.2,,98.1,91.7,104.4,68.1,59.3,41,58.5,75.5,36.1,60.5,43.5,99.2,96.3,73.6,87,22.9,29,62.1,61.6,35.2,20.3,23.2,3,40.3,79.3,87.3,88.7,45.9,105.2,98.5,,101.7,72.1
20140804,5,PM10,,,,,,,,,,,,,,,,,,,,,,,,,5,,,,,88.6,,,118.2,,
20140804,5,AQI,143,,127,134,131,116,136,107,135,125,104,112,101,149,181,180,116,114,89,117,94,76,102,110,67,68,109,176,148,118,154,146,86,163,131
20140804,6,PM2.5,107.5,,96.1,95,108.9,71,66.6,40.9,54.2,79.4,37.3,40.3,54.7,113.4,97.1,80,83.9,16.4,27.7,63.8,56,35.6,17.6,16.4,3,47.3,72.1,88.3,3,42.8,103.9,99.2,,108,80.4
20140804,6,PM10,,,,,,,,,,,,,,,,,,,,,,,,,12.6,,,,,68.8,,,120.9,,
20140804,6,AQI,139,,124,130,128,111,130,104,130,120,99,107,98,145,175,174,112,107,84,114,90,74,94,104,62,67,107,173,143,115,148,142,86,157,126
20140804,7,PM2.5,84.8,,71.4,88.1,59.1,71.7,57.4,39.5,42,68.5,42.5,53,58.4,107.3,84,82.9,57.7,7.3,26.6,72.9,48.9,25.5,13.2,12.5,3,24.6,83.5,89.1,111,46.2,96.6,90.5,,105.5,99.2
20140804,7,PM10,,,,,,92.4,,,,,,,,,,,,,,,,,,,16.4,,,,,103.6,,,22,,
20140804,7,AQI,135,,121,126,124,107,123,99,125,114,94,102,95,142,168,167,108,101,79,111,88,71,86,98,57,66,105,168,143,111,144,138,83,151,122
20140804,8,PM2.5,57.3,,31.9,40.8,54.1,76.2,34.7,45.8,32.8,36.1,56.6,53.5,67.6,105.6,92,86,29.6,13.5,25.2,69.2,23,14.6,14.7,8.2,3,17.1,73.6,87,88.8,59.2,54,45.3,,53.8,97.8
20140804,8,PM10,,,,,,,,,,,,,,,,,,,,,,,,,32.4,,,,,126,,,49.5,,
20140804,8,AQI,132,,116,123,120,104,114,94,118,110,90,96,91,137,162,159,103,94,74,107,86,69,78,92,50,64,101,162,133,107,140,134,82,147,120
20140804,9,PM2.5,30.6,,39,31.3,28.7,21.7,35.6,35.6,33.6,29.1,36.7,38.3,40.6,54.1,52.5,54.8,10,27.5,21.2,79.3,14.1,7.4,16,11,3,3.2,83.1,87.4,114.2,66.5,,33.5,,45,24.8
20140804,9,PM10,,,,,,,,,,,,,,,,,,,,,,,,,37.8,,,,,130.4,,,50.3,,
20140804,9,AQI,127,,113,119,116,99,108,88,111,106,84,88,85,132,155,151,98,86,69,104,84,67,70,84,44,61,99,155,131,103,,130,80,143,114
20140804,10,PM2.5,13.9,,16.2,13.9,14.1,8,18.1,24.2,16.8,20.3,24.8,22.2,29.5,23.9,12,11.4,9.4,10.8,23.4,61.8,7.2,3,14,7.5,3,3,36.2,67.8,107.4,40,19.3,15.8,,28.2,12.9
20140804,10,PM10,,,,,,,,,,,,,,,,,,,,,,,,,40,,,,,,,,37.8,,
20140804,10,AQI,123,28,108,116,111,95,101,80,103,101,78,81,78,126,145,142,94,78,65,101,82,65,62,77,39,60,93,148,128,97,132,125,79,138,110
20140804,11,PM2.5,7.5,,12.3,4.4,11.6,7.6,16.5,13.7,16.4,18.1,18,17.2,15.9,,7.4,11.5,5.6,8.3,15.6,30.6,3,3,7.3,4.4,3,,16.1,55.7,22.3,32.7,12.6,12.4,,17.4,11.4
20140804,11,PM10,,,,,,,,,,,,,,,,,,,,,,,,,5,,,,,74.5,,,46.5,,
20140804,11,AQI,117,27,103,110,106,90,95,73,97,97,71,75,72,124,135,132,90,69,59,95,79,63,54,69,34,60,87,141,121,90,125,120,77,132,105
20140804,12,PM2.5,8.1,,12.7,10.7,8.2,5.1,11.6,6.6,6.8,14.6,13.8,12.5,14.9,,10.5,11.3,3.5,3,13.9,7.3,8.7,3.7,7,3.7,,,10.5,9.5,15.1,19.1,12.1,3,,11.4,
20140804,12,PM10,,,,,,,,,,,,,,,,,,,,,,,,,16.9,,,,,,,,37.4,,
20140804,12,AQI,110,18,98,104,101,86,90,66,90,91,65,68,66,120,126,122,84,61,53,87,77,60,46,61,30,59,82,133,113,82,118,112,75,125,103
20140804,13,PM2.5,10.1,,14.1,4.1,6.3,3,9.7,8.3,6.7,13.6,11.5,10.5,12.6,7.4,8.9,18.3,3,7.2,5.7,4.6,5.6,3,8.4,3.5,,3,6.2,11,4.8,12.1,9.2,10.3,,,
20140804,13,PM10,,,,,,5,,,,,,,,,,,,,,,,,,,5,,,,,53.9,,,15.8,,
20140804,13,AQI,104,18,92,97,96,81,84,59,83,85,60,62,60,111,117,113,78,54,47,80,74,56,41,53,25,56,78,125,105,76,111,105,72,121,102
20140804,14,PM2.5,9.7,,11.4,7.3,6.5,7.2,4.4,10,8.6,12.9,8.6,12.2,3.6,6.9,13.6,6.9,7.2,5.8,4.8,24.1,7.8,3,11.6,3,7.5,3,6,10.1,5.9,7.5,8.8,5.8,,,9.8
20140804,14,PM10,,,,,,12.8,,,,,,,,,,,,,,,,,,,,,,,,,,,16.2,,
20140804,14,AQI,98,16,86,90,92,77,78,53,76,78,54,58,54,103,107,103,72,50,42,75,71,52,37,45,20,51,73,118,97,66,103,96,70,116,97
20140804,15,PM2.5,3.7,,9.1,3,3.2,5.5,3,8.5,15.9,5.2,7.6,8.2,9.6,8,14.8,8,3,4.5,4.7,16.4,10.7,3,15.8,5.3,17.5,3.7,8.9,14,9,3,7.2,3,,5,3
20140804,15,PM10,,,,,,,,,,,,,,,,,,5,,,,,,,,,,,,,,,5,,
20140804,15,AQI,92,17,80,82,87,72,70,48,70,72,48,54,46,95,99,92,66,48,38,70,68,47,33,39,20,47,69,110,78,58,96,89,66,106,91
20140804,16,PM2.5,9,,5.7,3.3,3.4,4.5,3,11.4,3.7,4.3,6.1,8.1,3.1,4.4,9.7,9.2,3,13.2,5.3,11.3,5.5,3,25.6,3,18,4.9,9.6,10.9,,5.8,10.2,3,,10.9,10.4
20140804,16,PM10,,,,,,,,,,,,,,,,,,,,,,,,,,,,,,,,,5,,
20140804,16,AQI,85,17,75,77,80,67,65,45,64,68,45,51,44,89,92,82,62,48,35,67,64,41,31,35,22,41,66,102,73,55,90,83,64,100,86
20140804,17,PM2.5,15.9,,9,4.5,10.3,3,4.6,8.4,4.4,3.3,10.4,12.7,7.5,8.6,18.7,13.8,3,11.5,3.4,18.8,7.6,3,18.1,6.7,17.6,3,10.8,4.6,,7,15.3,5.6,,12,6.4
20140804,17,PM10,,,,,,5,,,,,,,,,,,,,,,,,,,,,,,,,,,11.3,,
20140804,17,AQI,82,24,72,74,75,63,62,42,62,64,44,49,43,88,88,77,57,44,32,65,59,38,29,33,22,37,63,95,70,53,86,79,64,95,81
20140804,18,PM2.5,17.8,,11.2,9.9,11.9,4.3,10.3,9.6,3,7.6,6.8,19.5,8,13.6,15.4,12.2,3,16.7,4.8,24.8,13.5,3,18.7,3,18.1,4.2,8.8,12.5,5.2,3,13.1,5,,17.6,12.2
20140804,18,PM10,,,,,,5,,,,,,,,,,,,32.1,,,,,,,19.5,,,,,,,,24.4,,
20140804,18,AQI,79,22,70,70,72,60,60,41,59,62,42,48,43,87,86,73,54,48,31,64,56,36,27,30,23,35,62,89,67,51,82,75,63,90,77
20140804,19,PM2.5,17.5,,11.1,6.2,10.8,9.9,14,17.7,11.1,14.6,12.3,21.8,15.4,15.9,11.5,13.5,3,11.8,11.6,21.1,10.6,3,19.9,9.6,15.6,4.2,7.7,11.6,11.5,6.8,,14.4,,19.4,15.1
20140804,19,PM10,,,,,,,,,,,,,,,,,,14.5,,,,,,,17.5,,,,,,,,24.9,,
20140804,19,AQI,76,22,68,68,68,57,58,39,57,61,41,48,42,85,81,70,52,46,30,62,54,34,26,29,20,33,60,84,64,49,,72,61,87,75
20140804,20,PM2.5,8.9,,14.8,7.9,14.7,7.3,11.4,20.4,12.8,11.6,13.3,23.9,14.2,15.7,16.9,7.7,4.7,18.7,12.6,19.1,11.1,8.5,21.7,12.7,22.4,6.8,8.7,17.5,11.7,13.8,17.4,9.4,,16,16.7
20140804,20,PM10,,,,,,,,,,,,,,,,,,50.3,,,,,,,,,,,,,,,27.8,,
20140804,20,AQI,71,27,65,65,64,55,56,38,55,59,40,46,41,84,77,66,50,45,29,60,51,32,25,27,17,31,58,79,62,47,75,68,58,84,72
20140804,21,PM2.5,11.5,,14.2,12.1,15.4,9.8,16.2,21.2,15,15.3,17.4,18.2,20,16.4,15.2,3.3,8.5,13,12.7,13,7.7,8.2,19.9,14.9,17.4,4.6,12.9,22.9,,14.3,20.3,14.7,,21.7,17.1
20140804,21,PM10,,,,,,,,,,,,,,,,,,,,,,,,,,,,,,,,,38.2,,
20140804,21,AQI,67,21,62,61,62,53,53,38,52,57,38,45,40,82,73,62,47,37,28,58,47,30,25,24,19,29,56,76,,45,72,64,56,80,69
20140804,22,PM2.5,11.1,,13.5,4.6,10.3,9.5,17,26,12.7,20,19.6,16.6,17.9,23,22,13.7,7.9,18.7,16.3,23.6,13.1,3,25.6,9.5,17.3,4.7,13.9,23.9,,15.8,17.5,11,,17.5,16.3
20140804,22,PM10,,,,,,,,,,,,,,,,,,,,,,,,,,,,,,,,,30.7,,
20140804,22,AQI,64,18,59,57,58,50,49,37,49,54,37,44,39,80,69,59,44,36,28,57,44,27,25,22,28,26,54,73,,43,69,60,54,76,66
20140804,23,PM2.5,7.8,,16.1,5.2,10.6,11.4,21.7,22.9,15.4,12.5,22.2,24.2,21.3,17.7,21.5,23,15.3,15.7,12.8,41,10.1,4.1,34.4,12.7,24.1,7.9,8.7,22.9,19.6,14.9,13.9,16.6,,13.1,21.6
20140804,23,PM10,,,,,,,,,,,,,,,,,,,,,,,,,,,,,,,,,32.6,,
20140804,23,AQI,60,16,56,54,55,47,46,36,45,51,36,43,39,75,65,56,41,34,26,56,41,25,26,20,35,24,52,69,57,42,65,57,53,71,63
20140804,0,SO2,2.7,,2,2,2.3,3.1,8.7,9.9,2,2,2,2,2,4.8,2,2,2.3,2,2.9,2,2,9,2,2,6.9,2,6.6,12.5,2,36.6,2,2,10.7,3.4,114.4
20140804,0,NO2,74.3,,63.3,31.6,66.5,106.2,105,43.4,39.9,69.8,55.8,43.1,47.3,69.8,39,49.9,21.4,36.5,13.1,10,21.2,41.8,10,14.8,93.3,3.5,19.5,38.7,23.4,48.3,66.2,71.7,70.4,107.1,129.8
20140804,0,O3,46.5,,56.8,71.5,48.2,8.9,11.4,11.7,44.3,43.5,20.7,61.6,16,10.5,70.2,30.6,64.8,56.8,62.5,41.5,74.3,49.1,71.9,49.7,6.5,77.7,106.9,32.5,2,2,37.3,52,51.6,2,2
20140804,0,CO,1.2,,1.2,1.1,0.8,1.3,0.9,0.7,1.8,1.1,0.7,0.8,0.8,1.2,1,0.8,0.8,0.8,0.6,0.7,0.9,0.8,0.4,0.6,0.6,0.7,0.8,0.7,0.8,0.7,1,1.2,1.2,1.2,3.3
20140804,1,SO2,2.6,,2,2,2,3.6,8.3,9.3,2,2,2,2,2,4.7,2,2,2,2,2.9,2,2,5.8,2,2,13.2,2,7.9,12.3,2,36,2,2,14.7,3.6,117.4
20140804,1,NO2,84,,75.9,29.3,100.9,96.4,113.7,31,53.5,104.6,53.7,33.3,42.4,62.7,47.1,45.5,15,29.5,12.3,12.2,15,66.1,6.9,12.1,49.6,4.7,20,44.6,30.8,54.9,72.1,57.9,56.6,99.1,113.8
20140804,1,O3,28.2,,35.6,68.4,4.8,13,2,19.7,22.4,2,18.4,66.1,17.3,14.8,54.2,24.5,47.9,61.2,55.3,43.1,75.6,15.8,66.8,51.7,34,64.8,86.5,23.5,2,2,23.2,55.3,52.8,2,2
20140804,1,CO,1.3,,1.3,1.1,0.9,1.1,1,0.6,2.1,1,0.7,0.8,0.7,1.1,1.1,0.8,1,0.9,0.6,0.8,0.8,0.8,0.4,0.5,0.8,0.6,0.8,0.7,0.9,0.7,1,1.2,1.2,1.2,2
20140804,2,SO2,4.6,,2,2,2,5,,5.6,2,2,2.5,2,2,3.9,2,2,5.5,2,2.9,2,2,11.5,2,2,11.8,2,7.6,14.4,2,33.4,2,2,13.1,3.2,47.6
20140804,2,NO2,93.1,,76,32.7,106.6,99,107.5,29.9,42.2,104.8,46.7,19,34.7,49.3,47.5,52,4.5,35.3,13.6,8.8,12.5,65.4,6.7,10.6,60.4,4.9,19,45.1,31,46.8,74.8,56.6,88,79,71.6
20140804,2,O3,4.6,,29.3,55.4,2,2,2,18,29.4,2,22.9,71.9,19.7,18.4,40.4,23.8,40.7,47.3,46.9,47.7,74.7,7.7,56.1,49,19.9,58,59.8,18.1,2,2,12.2,39.2,17.4,2,2
20140804,2,CO,1.3,,1.4,1.2,0.8,1.1,1,0.6,3.1,1,0.7,0.8,0.7,1.2,1.1,1,0.5,0.8,0.6,0.7,0.8,0.8,0.4,0.5,0.7,0.6,1,0.8,0.9,0.7,0.9,1.3,1.2,1.1,1.1
20140804,3,SO2,4.5,,2,2,2,3.6,7.2,4.9,2,2,2,2,2,4.3,2,2,2,2,2.7,2,2,16.7,2,2,10,2,7.3,13.4,2,38.3,2,2,9.3,2.9,55.8
20140804,3,NO2,75.8,,85.9,50.4,80.6,78.1,86.6,34.5,32.8,97.7,34.3,20,50.9,58.4,35,72.3,11,63.1,12.3,10.2,29.1,47.6,20.2,10,35,4.4,18.3,48.8,29.8,44.5,72,72.3,86.9,72.3,84.9
20140804,3,O3,10.8,,12.8,14.3,7.8,5.7,2,10.4,38.5,2,27.4,62.4,4.5,7.4,51,2,,10.4,43,37.9,33.4,23.4,31.8,48.1,40.6,52.9,54.5,15.6,2,2,8.4,16.5,8.3,2,2
20140804,3,CO,0.9,,1.3,1.3,0.9,1.1,0.8,0.5,1.3,1.2,0.7,0.6,0.8,1.2,1.3,0.8,,0.9,0.6,0.7,0.9,0.8,0.4,0.4,0.6,0.7,1.1,0.9,0.9,0.7,1.1,1.3,1.2,1.1,1.2
20140804,4,SO2,3.7,,2,2,2.2,2.7,7.2,5.4,2,2,2,2,2,3.6,2,2,2.3,2,2.7,2,2,2,4.4,2,25.6,2,7,12.9,2,40.4,2,2,7.8,3,65.9
20140804,4,NO2,66.2,,83.2,43.5,79.7,62.5,81,37.9,31.8,84.1,24.8,29.7,55.6,57.7,45.2,65.1,,39.7,11.2,17.5,27.3,19.7,22.8,8,23.9,3.7,17.6,41.4,27.8,48.2,57.9,69.3,76.8,88.9,90.9
20140804,4,O3,16.2,,7.1,13.6,8.9,14.1,,5.8,38.8,2,29.8,43.5,3,3.9,36.7,2,,36,39.2,23.1,25.7,35.5,27.7,55.2,53.2,51.4,51.6,,2,,9.6,14.3,9.7,2,2
20140804,4,CO,0.9,,1.3,1.2,0.9,1,0.7,0.6,0.8,1.1,0.6,0.7,0.8,1.2,1.4,0.7,0.6,0.6,0.6,1,0.8,0.6,0.5,0.4,0.7,0.7,1.2,1,1,0.6,1,1.3,1.2,1.1,1.2
20140804,5,SO2,2.6,,2,2,2.7,2,7,4.8,2,2,2,2,2,3.6,2,2,2,8.6,2.2,2,2,2,20.8,24.5,29.2,2,7.9,13.9,2,40.5,2,2.3,8.4,3,69.8
20140804,5,NO2,56.9,,66.4,41,81.1,49.6,72.5,26.8,18.3,78.6,23.4,44.9,,56.3,64.7,58.6,,25.5,10.8,11.6,10.9,27.4,19.4,21.6,18.4,,16.7,42.8,19.1,43.6,50.2,60.8,69.5,83.5,83.1
20140804,5,O3,15.2,,10.6,6.8,3,18.1,2,11.7,50.9,2,28.9,24.2,11.1,2,4.4,3.9,23.5,47.2,34.5,25.6,42.2,24.9,33.8,50.1,64.3,54.4,54.5,12.8,2,2.4,9.9,15.7,9.1,2,2
20140804,5,CO,1.3,,1.3,1.2,0.9,1.1,0.7,0.6,0.6,1,0.6,0.7,0.6,1.3,1.3,0.7,0.7,0.6,0.6,0.8,0.7,0.7,0.8,0.7,0.6,0.7,1.1,0.9,1.1,0.5,1,1.3,1.2,1.1,1.1
20140804,6,SO2,2.5,,2,2,2.1,2,6.6,4.5,2,2,2,2,2,4.6,2,2,2,31.2,2.5,2,2,2,18.2,33.7,26.7,2,7.8,14.5,2,38.2,2,2.4,14.8,3.3,102.5
20140804,6,NO2,70.9,,70,42.6,72.6,52.5,76.3,30,26.5,72.9,21.3,21.7,53.1,61.4,60.1,58.4,29,25.6,11.9,15.6,16.4,22.4,22.2,19.8,19.9,3.1,18.3,51.8,19.2,39.4,58.3,68.8,77.4,87.4,92.5
20140804,6,O3,8.1,,2.5,5.7,2.9,13,2,7.3,48.6,2,25.5,46,4,2,15,5.4,27.6,52.6,35.4,18.1,30.6,39.6,33.9,55.2,60.8,47,51.9,10.1,5.7,3.3,5.9,10.2,3.7,2,2
20140804,6,CO,1.3,,1.4,1.3,0.7,1.2,0.8,0.6,0.6,1,0.7,0.6,0.9,1.4,1.2,0.8,0.9,0.7,0.6,0.9,0.8,0.5,0.7,0.7,0.6,0.8,0.9,0.9,1.2,0.5,1.2,1.5,1.3,1.2,1.5
20140804,7,SO2,5.6,,2,2,2,2,6.9,3.8,2,2,2,2,2,4.7,2,2,2,14.6,3.5,2,2,2,16.2,13.4,22.4,2,8.3,15.7,2,39.8,2,3.6,8.7,5.4,112.6
20140804,7,NO2,67.7,,67.4,41.4,67.3,71,70.6,28.6,13.7,70.1,39.1,59.6,59.8,57.3,56.6,60.7,18.1,20.4,15.9,24.5,20.9,11.4,21.1,14.3,19.6,2,57.3,49.9,20.3,35.1,63.3,74.8,69.3,106.5,92.7
20140804,7,O3,9.6,,12.2,8.1,5.7,2.8,2,7.5,67.3,2,15.1,7.7,2.5,2.1,27.9,2,40.3,60.7,38.7,17.2,29.6,57.6,40.7,63,63,68.4,14.1,10.6,6.5,2.8,4.8,6.7,9.4,2,2
20140804,7,CO,1.2,,1.2,1.2,0.6,1.2,0.7,0.6,0.5,1,0.8,1,1,1.4,1,0.8,0.7,0.5,0.5,0.9,0.7,0.4,0.5,0.4,0.6,0.8,1.1,0.9,1.3,0.5,1.2,1.4,1,1.4,1.5
20140804,8,SO2,10.5,,2,8,2.8,3.1,7.2,5,8.9,8.3,2,2,2,6.5,2,2,2,5,4,2,2,2,16.7,4.9,24.4,2,10.4,15.3,2,43.4,2,10.6,18.6,5.7,108.9
20140804,8,NO2,61.9,,83.2,39,67.9,59.7,60.9,25.4,15.3,63,59.3,63,67.1,61.3,57.3,54.3,7.6,22.4,19.5,36.6,15.2,8.2,22.2,10.1,28.2,2,32.4,49.3,24.5,42.4,58.2,73.7,62.1,120.3,94.5
20140804,8,O3,15.8,,11.5,17.1,10.2,16.9,2,14.9,67,2.1,10.2,5,3.1,2.9,14.1,2,64,53.1,36.8,13.4,47.8,72.2,37,64.8,50.8,72.1,52.5,17,9.6,3.6,6.8,12.4,17.2,2,2.9
20140804,8,CO,1,,1,0.9,0.7,1,0.6,0.6,0.5,0.8,0.8,0.9,1.1,1.4,1,0.7,0.5,0.4,0.5,1.1,0.6,0.3,0.6,0.3,0.7,0.6,1.2,1,1.4,0.6,1,1.1,1.1,1.2,1.1
20140804,9,SO2,3.6,,2,4.7,2.6,2.7,10.1,8,7.2,9,2.6,2.3,2,8.6,2,2,2,2,4.3,2,2,2,11.3,2,26.4,2,10.9,15.9,2,43.5,,6.3,15.2,4.6,63.8
20140804,9,NO2,35.9,,56.4,21,35.9,20.9,40,30.8,29,49.7,49.4,47.9,61.6,43.9,37.4,57.6,7.8,23.1,25.6,22.9,17.7,5.6,21.5,7.6,35.5,2,28.3,45.3,30,43.7,,47.7,39.5,110.9,65.6
20140804,9,O3,39,,35.6,51.4,40.1,60.6,26.3,26.7,48.8,22.1,20.8,27.3,6.5,18.3,40.3,26.2,73.9,51,33.5,39.2,64.1,75.8,36.5,66.2,40.4,76.5,56.7,23.6,20.2,4.3,,39,41.5,2,21.4
20140804,9,CO,0.6,,0.8,0.6,0.3,0.5,0.6,0.6,0.6,0.7,0.8,0.7,1,0.8,0.7,0.4,0.4,0.5,0.5,1.6,0.6,0.3,0.5,0.3,0.8,0.5,1.5,1,1.5,0.7,,0.7,0.8,0.9,0.7
20140804,10,SO2,2,2.6,2,2.4,2.2,2,6.7,5.8,2,2,2.1,2,2,4.1,2,2,2,2,4,2,2,2,5.9,2,42,2,7.6,13.8,2,24.4,2,3.5,10.2,4.4,52.6
20140804,10,NO2,32.6,55.7,38.2,,29,19.7,24.1,20.1,15.6,29.7,24.8,28.3,51.5,29,21.4,27,7.5,15.2,27.6,19.1,11.5,4.1,16.2,6.6,42.5,2,22.9,33.8,35.1,42.5,39.6,47.1,38.1,94.4,56.3
20140804,10,O3,43.9,51.8,48.6,54.4,48.1,64.1,42.8,41.5,66.4,46.9,50.3,53.6,17.4,41.3,60.9,43.9,70.6,64.7,43,48.2,74.8,76.1,44.1,67.7,33.9,75.1,78.1,35.3,29.2,19.2,21.9,44.4,45.8,2,28.2
20140804,10,CO,0.5,0.5,0.6,0.5,0.2,0.4,0.3,0.4,0.4,0.4,0.5,0.4,0.8,0.5,0.4,0.2,0.4,0.4,0.5,1.3,0.5,0.3,0.4,0.3,1.2,0.5,1.3,0.8,1.2,0.6,0.6,0.5,0.7,0.7,0.8
20140804,11,SO2,2,2,2,2,2.2,2,5.6,12,2,2,2,2,2,2.2,2,2,2,2,3.1,2,2,2,2.5,2,10.6,2,5.1,12.4,2,21.8,2,2.9,6.4,3.5,48.6
20140804,11,NO2,21.7,52.9,32,14.6,27.2,15.7,32.9,18.5,15.2,32,22.7,32.3,31.1,20.5,24.8,32.2,5.2,11.5,31.2,12.2,5.4,3.9,8,5.8,18.7,2,22.3,20.1,10.3,32.8,34.7,47.3,35.7,89.1,58.9
20140804,11,O3,53.6,58.1,53.3,64,52.2,67.6,32.4,48.8,64.9,42,42.6,46.7,37.9,48.6,53.5,37.4,71.4,70.6,37.3,45.8,73.5,75.8,58.6,72.8,65,75,59.9,60.7,52.1,34.3,26.1,41.8,48.5,2,27.7
20140804,11,CO,0.5,0.5,0.6,0.5,0.2,0.4,0.3,0.4,0.3,0.4,0.5,0.5,0.5,0.5,0.5,0.2,0.4,0.3,0.5,0.6,0.4,0.3,0.3,0.3,0.5,0.2,0.5,0.9,0.4,0.5,0.5,0.6,0.7,0.6,0.9
20140804,12,SO2,2,2,2,2,2.3,2,3.6,5.1,2,2,2,2,2,2,2,2,2,2,2.5,2,2,2,2,2,2,2,4.7,6.8,2,19.1,2,2.1,9.8,2.5,
20140804,12,NO2,21.7,33.1,31.9,18.6,27,14.5,27.6,16.4,7.4,30.4,19,24.6,29.4,47.8,19.5,35,6.3,12.6,34.8,15.9,9.3,5.1,8.1,6,12.5,2,17.8,13.1,13,15.8,30,38.2,44.7,83.5,49.5
20140804,12,O3,51.8,55.5,50.6,59.8,49.2,65.2,32.3,49.8,75,40.1,42.5,50,36.3,51.2,59.1,28,70.6,68.6,24.6,38.5,69.4,72,62.1,74.3,69.6,74.5,65.5,46.2,43.9,45.8,25.4,49.4,35.5,2,15.1
20140804,12,CO,0.5,0.5,0.6,0.5,0.2,0.4,0.3,0.3,0.3,0.5,0.5,0.4,0.5,0.5,0.4,0.2,0.4,0.4,0.6,0.6,0.3,0.3,0.3,0.3,0.4,0.1,0.2,0.3,0.4,0.3,0.5,0.5,0.7,0.6,0.5
20140804,13,SO2,2,2,2,2,2.1,2,2.7,4,2,2,2,2,2,2,2,2,2,2,2.3,2,2,2,2.1,2,2,2,5.2,7,2,17.6,2,2,8.9,2,98.9
20140804,13,NO2,22.7,28.3,27.4,19.4,27.2,17.5,23.7,21.6,11.2,21.2,19.6,33.7,24.1,31.4,17.1,29.7,4.2,14.8,19.5,22.2,5,7.3,7.4,5.6,21.2,2,15.9,17.9,4.6,12.7,30.7,30.2,35.6,80.9,53
20140804,13,O3,47.9,56.4,51.8,65.9,44,59.2,37.7,35.2,68.7,55.9,45.6,45.9,44.8,54.8,59.1,25.6,63.9,51.2,44.5,49.4,74.6,67.4,62.9,70,59,76.2,64.8,38.5,46.7,47.1,23,54.5,40.3,2,20.8
20140804,13,CO,0.5,0.4,0.6,0.4,0.2,0.4,0.3,0.3,0.3,0.4,0.5,0.5,0.5,0.4,0.4,0.3,0.4,0.4,0.5,0.5,0.3,0.3,0.3,0.3,0.4,0.1,0.2,0.2,0.5,0.2,0.5,0.4,0.7,0.6,0.5
20140804,14,SO2,2,2,2,2,2,2,2.9,3,2,2,2,2,2,2,2,2,2,2,2,2,2,2,3,2,2,2,6.1,6.3,2,15.9,2,2,10.9,2,69.5
20140804,14,NO2,24.8,29.6,34.7,22.5,25.5,15.6,22.1,18.1,9.4,28.4,20.1,32.8,24.5,32.4,27.8,27.5,2.6,18.1,13.5,16.8,8.7,8.3,9.3,13.7,30.9,2,16.9,13.8,9.8,7.4,28.7,36.4,38.2,72.6,60.6
20140804,14,O3,43.6,49.7,40.2,58.2,44.7,55.4,39.2,41.8,64.6,41.2,44.3,42.1,39.6,46.1,38.3,35.4,55.2,47.8,51.1,45.3,63.5,63.6,49.4,53.1,46.6,79.2,61,40,41.8,57.4,18.3,42.3,35.8,2,14.5
20140804,14,CO,0.5,0.5,0.6,0.4,0.2,0.4,0.3,0.3,0.3,0.4,0.5,0.5,0.5,0.4,0.6,0.2,0.4,0.4,0.4,0.5,0.3,0.3,0.5,0.3,0.5,0.1,0.2,0.2,0.4,0.2,0.5,0.5,0.7,0.8,0.8
20140804,15,SO2,2,2,2,2,2,2,2.2,3.9,2,2,2,2,2,2,2,2,2,2,2.1,2,2,2,6.3,2,2,2,5.6,6.4,2,16.7,2,2,10.7,2,67.1
20140804,15,NO2,18.8,29,22.3,22.3,25.2,13.9,17.9,18.4,11.2,29.4,21.9,23.9,26.4,28.9,29.7,29.5,5.1,17.4,14.6,12.3,10.8,13.1,11.1,11.1,35.4,2,20.7,20.4,16.1,7.6,30.1,39,30.5,72.2,57.3
20140804,15,O3,49.5,51.4,55.5,59.9,46.5,61.1,45.3,46.2,65,41.5,45.8,54.6,37.5,51.6,37.2,33.9,59.8,56.9,42.3,44.5,51.8,61.9,50.6,55.4,39.8,83.2,45.1,38.2,42.9,56.2,17.6,43.3,43.6,2,20
20140804,15,CO,0.4,0.4,0.5,0.4,0.1,0.4,0.2,0.3,0.3,0.4,0.5,0.4,0.5,0.4,0.5,0.2,0.4,0.4,0.4,0.5,0.4,0.3,0.6,0.3,0.6,0.1,0.2,0.2,0.4,0.2,0.5,0.5,0.6,0.6,0.6
20140804,16,SO2,2,2,2,2,2,2,3.3,3.6,2,2,2,2,2,2,2,2,2,2,2,2,2,2,7.9,2,5.9,2,5.1,4.9,2,16.3,2,2,,2,
20140804,16,NO2,25.6,30.6,27,20.8,33.5,19.8,25.6,15.2,6,23.3,15.5,21.8,21.1,33.8,30.3,33.1,11.3,25.5,16.3,11.4,9.1,12.1,14.2,4.6,42.6,2,20.5,27.5,26.3,12.4,29.2,41.5,33,73.9,49.3
20140804,16,O3,44.1,51.4,51,63.3,33.8,54.3,37.1,47.5,72.9,51.8,53,60.9,45.5,47.8,40.8,30.7,56.5,47.8,41.9,45.2,66.8,62.9,47.4,69.6,34.6,82.7,44.1,38.8,39.3,53.2,19.6,41.4,41.4,2.7,20.7
20140804,16,CO,0.4,0.5,0.5,0.4,0.2,0.4,0.3,0.3,0.2,0.3,0.4,0.3,0.4,0.4,0.5,0.2,0.4,0.4,0.4,0.4,0.3,0.3,0.7,0.3,0.7,0.1,0.2,0.2,0.4,0.2,0.4,0.5,0.6,0.5,1
20140804,17,SO2,2,2,2,2,2,2,4,2.5,2,2,2,2,2,2,2,2,2,2,2,2,2,2,7.8,2,7,2,5.3,5.1,2,15.8,2,2,2,2,17.2
20140804,17,NO2,32.2,47.5,31.2,29.8,41,29.5,38.9,14,7.1,35.1,23,30.6,25.6,43.1,45.1,25.4,10.1,34.6,15.8,15.3,9.3,6.8,10.7,4.7,44,2,17.8,28,22.3,9.5,33.3,49.5,43.8,80.6,57.7
20140804,17,O3,38.7,34.6,49.5,52.1,31.3,43.3,24.8,46.2,75.9,36.3,39.8,48.9,37.7,33.9,28,30.9,54.8,38.3,46,40.1,72.9,72.1,52.2,72.9,34,80.5,49,39.8,43.7,55.3,17.6,30.5,31.1,2,21.6
20140804,17,CO,0.5,0.6,0.6,0.5,0.3,0.5,0.3,0.3,0.3,0.4,0.5,0.4,0.5,0.5,0.6,0.2,0.4,0.5,0.4,0.5,0.3,0.3,0.6,0.3,0.7,0.1,0.2,0.2,0.7,0.2,0.5,0.5,0.8,0.6,0.5
20140804,18,SO2,2,2,2,2,2,2,3.9,2.9,2,2,2,2,2,2,2,2,2,2,2,2,2,2,11.4,2,15.7,2,5.1,5.2,2,15.7,2,2.4,2,2.2,14.9
20140804,18,NO2,33.7,42.8,41.4,36,34.4,31.8,49.6,18.7,9.6,47.3,25.8,40.8,31.3,52.6,48.7,33.1,8.8,37.9,18.6,19.6,24.6,8.6,10.4,5,44.1,2,15.3,20.9,27.3,20.1,38.3,55,43.5,99.3,67.8
20140804,18,O3,39.2,39,37.2,42.7,37,43.4,14.8,29.1,67.1,21.5,30.9,33,30.5,22.3,19.4,21.9,61.4,27.6,41.8,35.6,55.6,70.8,56.5,73.9,38.6,81.1,46,40.5,34.1,40.8,15.7,27,32.4,2,14.7
20140804,18,CO,0.5,0.5,0.6,0.5,0.7,0.5,0.4,0.3,0.4,0.5,0.5,0.6,0.6,0.6,0.6,0.3,0.4,0.5,0.5,0.6,0.4,0.3,0.6,0.3,0.7,0.1,0.2,0.2,0.7,0.2,0.5,0.6,0.8,0.8,0.8
20140804,19,SO2,2,2,2,2,2,2,3.4,3.3,2,2,2,2,2,2,2,2,2,2,2.1,2,2,2,9.2,2,13.5,2,4.8,4.9,2,15.4,,2,2,2.4,14.3
20140804,19,NO2,37.1,43.3,51.2,35.7,35.1,33.5,67,29.9,16,49.1,32.5,49.7,46.8,54.8,43.8,30.8,13.7,37.9,22.8,21,19.1,9.3,8.4,23.2,39.2,2,13.6,25.2,27.9,35.4,,55.9,44.3,107.7,75
20140804,19,O3,36.4,31.7,28.5,40.1,35.8,41.1,3.3,19.4,43.2,17.4,19.2,23.8,16.7,22.9,23.9,25.7,56.1,36.3,34.1,32.1,58.2,70.4,63.7,47.5,46,80.2,43.1,32.6,25.9,25.4,,24.3,32.2,2,8.9
20140804,19,CO,0.5,0.5,0.7,0.5,0.4,0.5,0.6,0.4,1.1,0.5,0.6,0.6,0.6,0.6,0.5,0.3,0.4,0.5,0.5,0.6,0.4,0.3,0.5,0.4,0.6,0.1,0.2,0.3,0.6,0.3,,0.6,0.8,1,0.8
20140804,20,SO2,2,2,2,2,2.5,2,3.2,3.3,2,2,2,2,2,2,2,2,2,2,2.1,2,2,2,12.4,2,11.1,2,4.7,5.3,2,16.3,2,2.5,2,2,13.2
20140804,20,NO2,49.3,52.8,46.5,44.7,48.4,28,39.3,32.5,18.8,54.1,42.4,61.2,51.5,59.6,45.2,24.2,8.8,62.6,39.1,15.9,17.8,10.3,9.2,36.1,33.2,2,14.5,50.5,29,42,43.5,64.2,45.6,96.3,75.7
20140804,20,O3,26.3,22.7,32.8,26.1,21.9,43.6,22.9,18.7,29.9,11.3,11,12.2,11.6,20.3,22,30.1,54.7,7.1,18.4,34.4,61,71.1,64.9,27.1,43.9,78.5,32.2,8.6,17.5,10.8,13.6,16.4,32.2,2,6.5
20140804,20,CO,0.6,0.6,0.6,0.6,0.3,0.4,0.4,0.5,0.5,0.6,0.6,0.6,0.7,0.6,0.5,0.2,0.4,0.6,0.6,0.6,0.4,0.3,0.5,0.4,0.6,0.1,0.2,0.4,0.7,0.3,0.6,0.7,0.9,0.8,0.7
20140804,21,SO2,2,2,2,2,2,2,2.6,4.2,2,2,2,2,2,2,2,2,2,2,2.3,2,2,2,9.6,2,7.7,2,4.9,6.1,,15.9,2,2.1,2,2,12.2
20140804,21,NO2,37.3,41.4,49.1,45,43.5,30.7,55.1,37.9,18.2,60,55.8,55.9,49.9,67.4,46.8,25.5,8.2,40.7,40.7,26.8,23.9,10.4,11.8,29.7,36.4,2,20.8,48.8,,39.3,40.9,62.7,52.2,95,77.2
20140804,21,O3,35.7,37.7,29.5,27,28.4,43,8.5,7.5,12.1,6.3,2.7,16.3,10.9,9.4,21.6,33,50.4,24.2,7.6,20.4,46,71,52.2,15.5,27.8,72.1,23.8,7.1,,4.3,15.7,18.2,25,2,2.2
20140804,21,CO,0.5,0.5,0.7,0.6,0.3,0.4,0.5,0.5,0.7,0.6,0.8,0.6,0.7,0.6,0.6,0.2,0.4,0.5,0.6,0.8,0.4,0.3,0.5,0.4,0.6,0.1,0.2,0.3,,0.4,0.5,0.6,1,0.8,0.6
20140804,22,SO2,2,2,2,2,2,2,4,4,2,2,2,2,2,2,2,2,2,2,2.2,2,2,2,8,2,9.8,2,4.4,6.5,,15.7,2,2,2,2,14.7
20140804,22,NO2,32.5,35.6,50.8,31.8,36.7,29.3,62.9,33.4,24.2,63,56.5,58.9,59.3,69.8,46.8,30,5.5,34.1,26.3,31.8,23.3,8.6,15.1,21.9,55.8,2,16.8,50.2,,42.6,42.9,60.1,54,96.4,65
20140804,22,O3,38.6,42,26.4,43,34.3,44.1,2,2.7,18.1,2,3.3,12.6,2,8.1,20.9,30.8,49.7,26.8,11,9.9,33.1,71.3,40.3,19.7,8.4,58.8,25.4,2.9,,2,12.6,16.1,21.4,2,7.2
20140804,22,CO,0.5,0.5,0.7,0.5,0.3,0.4,0.7,0.5,1.1,0.6,0.7,0.6,0.8,0.6,0.6,0.2,0.4,0.5,0.5,0.9,0.4,0.3,0.6,0.4,0.6,0.1,0.2,0.3,,0.4,0.6,0.6,0.9,0.8,0.5
20140804,23,SO2,2,2,2,2,2,2,4.9,3.7,2,2,2,2,2,2,2,2,2,2,2.5,2,2,2,7.8,2,9.2,2,4.2,7.3,2,15.4,2,4.2,2,2,13.3
20140804,23,NO2,38.9,31,62.5,32.3,39.9,23.4,66.4,30.7,25.2,56.9,44.8,50.5,52.9,69.5,47.6,56.8,11.1,29,24.5,27.3,12.3,15.3,24.5,18.4,69.1,2,15,41.8,17,31.8,45.2,73.2,52.9,81.3,73.4
20140804,23,O3,30.6,21.7,12.5,36.3,27.7,47.5,2,2,18.6,5,2,16.1,2,7.6,15.4,7,34.4,23.8,12.5,9.1,36.8,56.8,22,16.3,3.2,52.7,24.5,2.2,2,2,8.3,2,18.7,2,2.5
20140804,23,CO,0.5,0.5,0.7,0.5,0.2,0.4,0.7,0.6,0.5,0.6,0.7,0.6,0.8,0.6,0.6,0.3,0.5,0.5,0.5,0.8,0.3,0.3,0.6,0.4,0.6,0.1,0.2,0.3,0.6,0.4,0.5,1,0.7,0.7,0.6
