date,hour,type,dongsi,tiantan,guanyuan,wanshouxigong,aotizhongxing,nongzhanguan,wanliu,beibuxingqu,zhiwuyuan,fentaihuayuan,yungang,gucheng,fangshan,daxing,yizhuang,tongzhou,shunyi,changping,mengtougou,pinggu,huairou,miyun,yanqing,dingling,badaling,miyunshuiku,donggaocun,yongledian,yufa,liulihe,qianmeng,yongdingmengxi,xizhimengbei,nansanhuan,dongsihuan
20141031,0,SO2,23.8,9.8,,9.2,14,,15.1,8.5,33.9,29.8,20.3,18,18.8,16.1,27.8,22.5,4.4,6.5,11.4,11.9,5.2,8.5,22.9,7.5,33.3,9.4,22.1,18.2,,11.8,3.3,23.8,,11.3,
20141031,0,NO2,124.4,120.9,,130.4,135.1,,119.6,62.1,38.4,118.6,118.9,104.6,113,143.1,140.9,121.3,95.8,46.7,74.9,84.6,27.3,58.7,73.1,27.6,96.9,14.1,48.9,103.3,,119.3,120,141.4,,139.1,
20141031,0,O3,2.4,3.6,,2,2,,2,2,53.7,2,2,3.4,2,2,4.9,2,2,17.8,2,3.4,38.3,8.5,21.3,22.2,3.3,44.4,60.7,2,,2,2,4.1,,2,
20141031,0,CO,2,2.1,,2,1.7,,2,2.1,1.5,1.7,1.7,1.9,1.8,3.2,2.2,1.7,2.1,1.7,1.5,2.3,1.7,1.5,1.9,1.5,1.4,1.3,1.2,1.8,,2,2.1,2.1,,2.3,
20141031,1,SO2,25.2,6.5,,9.3,16.7,,15.6,7.4,29.5,26.9,23,16.8,18.2,11.8,20.9,20.1,2.5,9,11.3,10.9,3.6,7.6,15.6,9.3,33,9.7,27.2,17.9,,10.8,3.4,21.7,,10.6,
20141031,1,NO2,120.4,98.6,,121.9,130.8,,113.9,56.7,34.2,115.4,100.2,98.4,107.2,133.8,139.1,117.9,72,45,68.5,82.3,31.2,71.9,55,23.3,91.6,13.1,51.2,101,,105.3,116.4,136.5,,135.5,
20141031,1,O3,2.5,2.9,,2,2,,2,2,51.5,2,2,2.4,2,2,5,2,2,22.9,4.2,4,27.5,2,23.3,27.9,7.1,46.8,58.9,2,,2,2,3.7,,2,
20141031,1,CO,2.1,1.9,,1.9,1.7,,1.8,2.2,1.5,1.8,1.6,1.9,1.6,2.9,2.2,1.9,1.8,1.6,1.5,2.1,1.7,1.3,2.2,1.6,1.4,1.2,1.4,1.9,,1.9,1.8,2,,2.1,
20141031,2,SO2,24.1,6.2,,8.6,18.1,,,11.2,28.1,26.8,26.5,14.3,14,9.7,14.5,19.9,12.9,9.6,9.4,10.7,4.8,7.2,16.4,8.4,39.2,13.8,28.6,17.2,,10.2,2,25.4,,10,
20141031,2,NO2,110.5,88.9,,116.1,132.9,,108.7,56.2,31.2,114.4,106.3,96.1,102.6,130.6,125,121.5,49.2,49.5,63.8,68.6,22.2,68.3,42.4,19.7,96.7,13,53.1,99.4,,95.2,110,128.6,,132.3,
20141031,2,O3,2,3.1,,2,2,,2,2,49.3,2,2,2.5,2,2,2.2,2,2,15.7,2.5,9.6,37.6,2,37.8,29.7,5.6,49.6,50.5,2,,2,2,3.9,,2,
20141031,2,CO,2,1.9,,1.9,1.8,,1.8,2.4,1.5,1.8,1.7,1.9,1.5,2.8,2.2,2,1.4,1.7,1.6,1.9,1.6,1.2,2,1.5,1.5,1.2,1.6,1.9,,1.8,1.4,1.9,,2,
20141031,3,SO2,26.9,7.2,,9.2,16,,12.6,9.8,32.2,25,20.6,15.1,12.4,11.3,17.4,17.9,3.5,10.2,9.9,7.8,5.1,7.6,18.2,7.9,42.4,10.8,19.2,18.3,,9.3,2,26.4,,8.6,
20141031,3,NO2,107.8,91.1,,112.9,129.6,,100,48,38.7,108.3,98.5,93.2,97.4,133.8,127.5,108.3,46,40.2,65.2,72.4,19.5,60.2,31.1,18,92.9,12.6,59,101.8,,82.3,108.3,120.2,,126.9,
20141031,3,O3,2.3,2.5,,2,2,,2,2,45.9,2,2,2,2,2,2,2,2,25.2,2.7,2,39.5,2,49.1,31,7.8,43.8,38.2,2,,2,2,4.3,,2,
20141031,3,CO,1.4,1.7,,1.8,1.8,,1.6,2.4,1.3,1.8,1.6,2,1.6,2.7,2.2,1.8,,1.4,1.6,2,1.5,1.1,1.8,1.3,1.4,1.1,1.7,1.8,,1.6,1.8,1.8,,2,
20141031,4,SO2,24.1,6.1,,8.6,14.1,,12.9,11.9,24.5,30.1,15.6,13.6,11.5,10.8,19.1,17.4,3.8,8.9,9.9,7.6,4.1,11.5,18.3,6.3,43.3,9.2,46.4,17.5,,9.4,2,24.1,,7.7,
20141031,4,NO2,103.1,84.8,,111.9,122.3,,101,41.6,44.3,103.3,87.9,101.8,95.4,125.7,119.3,102.8,,43.4,59.8,66,18.8,69.1,36.5,16.9,95.1,12.4,68.6,101.9,,85,105.8,116.9,,123,
20141031,4,O3,3.1,2,,2,2,,,2,20.7,2,2,2,2,2,4.8,2,,14.1,4.6,2,36.8,2,43.8,29,3.3,36.6,39.7,,,,2,7,,2,
20141031,4,CO,1.4,1.6,,1.8,1.8,,1.6,2.5,1.4,1.7,1.6,1.8,1.5,2.4,1.9,1.9,1,1.5,1.6,2.1,1.5,1.1,1.7,1.3,1.4,1.1,2.8,2,,1.6,1.6,1.9,,1.9,
20141031,5,SO2,21.3,5.2,,7.7,12.9,,14,12.1,25,26.4,17.6,15.6,7.5,13,18.7,19.9,3,4.9,8.8,7.9,4.3,10.5,19.2,5.7,45.9,11.2,39.4,16.9,,10.3,2,17.2,,7.2,
20141031,5,NO2,102.4,76,,109.6,114.1,,101.3,60.8,41.7,105.2,84.7,101.9,87.5,128,120.7,107,,56.9,62.1,63.1,26.3,66.5,46.3,26.9,100.5,,72.8,103.4,,85.5,98.7,116.4,,118.2,
20141031,5,O3,2.2,2.2,,2,2,,2,2,34.1,2,2,2,2,2,6.4,2.1,2,2.2,4.2,2,30.8,2,38,22.6,4.9,46,24.6,2,,2,2.2,6.9,,2,
20141031,5,CO,2,1.6,,1.9,1.7,,1.7,2.8,1.4,1.7,1.5,2,1.4,2.4,1.9,2.2,1.2,1.6,1.6,2,1.4,1,1.7,1.2,1.4,1,2.5,2,,1.6,1.6,2,,1.8,
20141031,6,SO2,21.5,4.4,,8,14.5,,12.9,11.6,19,28.8,17.1,13.8,11.3,12,18.8,18.2,4.2,4.8,9,14.5,3.9,8.4,20.4,5.9,46.1,12.9,52.4,16.7,,8.3,2,15.2,,8.3,
20141031,6,NO2,99.8,70.4,,111.4,103.3,,99.3,49,50,105.2,84.9,88.6,89.5,123.4,116.4,95.9,69.5,46.1,59.9,65.1,22.9,61.1,60.2,20,83.2,10.3,92.8,98.4,,79.1,101.2,116.3,,116.9,
20141031,6,O3,2,2,,2,2,,2,2,23.8,2,2,2,2,2,5.3,2,2,10.6,6.2,6.7,30.3,2,30.1,25.1,28.4,46.8,8.7,2,,2,2,4.9,,2,
20141031,6,CO,1.9,1.6,,2,1.6,,1.7,2.6,1.4,1.8,1.6,1.9,1.7,2.5,2,2.3,1.8,1.6,1.6,2.3,1.4,1,1.6,1.1,1.4,1.1,3,1.9,,1.6,2,2,,1.9,
20141031,7,SO2,26.5,12.3,,7.7,13.1,,14.8,11.5,22.9,26.1,13,15.4,14,12.8,22,19,4.3,5.3,8.9,24,4.2,11.3,19.9,5.6,45.7,13.5,51.3,16.3,,7.8,2,16.3,,10.8,
20141031,7,NO2,103.6,93,,108.6,105.1,,103.5,50.2,53.5,102.4,78.8,105.6,92,115.2,112,91,66.4,56.9,59.6,66.2,23.5,65.1,72.2,24.2,103.7,11,84.4,94.5,,76.6,99.2,118.5,,116.9,
20141031,7,O3,2.4,3.1,,2,2,,2,2,26.4,2,2,2.1,2,2,4.2,2,2,5,8.4,7.4,31.9,2,17.8,17.5,7.8,42.5,15.5,2,,2,2,3.2,,2,
20141031,7,CO,2.3,2,,2,1.8,,1.9,2.5,1.4,1.9,1.7,2,1.7,2.3,2.5,2.6,1.8,1.9,1.7,3,1.3,1.1,1.7,1.1,1.4,1.1,3,2.1,,1.6,2.4,2.2,,2.1,
20141031,8,SO2,26.6,16.9,,9.9,13.9,,15.6,11.8,32.9,28.1,17.1,18.1,13.1,15.9,17.3,21.4,4.5,6.9,9.9,25.8,5.1,12.1,30.9,6.9,42.7,18.2,43.7,17,,7.8,2,21.5,,14.3,
20141031,8,NO2,100.2,104.3,,113.9,104.5,,106.6,52,35.1,108.2,80.2,97.6,87.4,115.7,98,83.9,71.2,63,59.9,65.2,34.6,63.9,65.5,23.2,68,12.1,75.3,89.8,,82,98.9,125.8,,119.9,
20141031,8,O3,2.7,3,,2,2,,2,2,48.6,2,2,2,2,2,3.4,2,2,3.5,10.3,5.5,24.2,2,38.1,19.9,44.8,44.3,26.7,2,,2,2,2.8,,2,
20141031,8,CO,2.8,2.8,,2.8,2.2,,2,2.4,1.3,2.3,1.7,2.1,1.9,2.5,2.9,3.1,1.8,1.9,1.7,3.6,1.3,1.2,1.7,1.2,1.4,1.2,2.6,2.4,,1.6,3.2,3.2,,2.7,
20141031,9,SO2,23.5,19.5,,10.2,17.9,,18.4,12.2,27.2,30.8,19.1,20.6,14.3,17,16.4,31.6,8.3,8.6,16.2,28.7,7,13.7,31.8,7.4,38.3,14,39.3,23.2,,9.4,2,24,,16.8,
20141031,9,NO2,90.2,100.5,,107,106.9,,109.6,65.5,48.9,105.3,88.8,105.3,98.2,109.9,87.4,81.4,80.7,61.5,72.9,64.5,33.5,68.6,55.8,39.1,64.7,9.8,70.7,83.1,,75.4,92.9,120.1,,119.6,
20141031,9,O3,4,2.1,,2,2,,2,2,27.7,3,2,2,2,2,3.7,2,2,3.3,4.9,6.6,31.2,2,47,7.5,42.8,37.9,33.7,2,,2,2,3.2,,2,
20141031,9,CO,2.9,3.1,,2.9,2.7,,2.2,2.5,1.5,2.4,1.7,2.2,2,2.4,3.1,3.7,2.2,1.9,1.9,3.6,1.4,1.5,2,1.4,1.5,1.2,2.2,2.7,,1.6,3.2,3.3,,3.2,
20141031,10,SO2,21.8,17.6,,9.3,19,,19.6,13.2,28.7,25.5,21.5,23.8,17,15.8,15.8,35.8,12.8,12.7,23.6,,9.7,16.9,20.5,16.8,36.7,33.3,44,29.3,,19.8,2,22.1,,,
20141031,10,NO2,88.7,97.7,,104.6,102.9,,110.8,69.3,85.2,98.9,106.3,116.7,113.1,95.6,79.7,82.3,84.9,77.8,86.9,,51,77.4,75.4,53.9,75.6,19.5,66.3,77.6,,96.7,92.1,111.4,,,
20141031,10,O3,6.5,3,,2,2.6,,2,2,11.1,4.3,2,2.4,2,2,5.8,3.2,2,3.4,5.1,,16.2,2,19.8,10.9,25.1,36.5,41.5,6.4,,3.8,2,4.8,,,
20141031,10,CO,2.6,2.8,,2.7,2.4,,3,2.3,2,2.3,1.8,2.3,2,2.3,2.9,3.5,3,2.5,1.9,,2,1.5,2.6,1.9,2.3,1.5,2.5,2.9,,1.6,2.8,3.1,,,
20141031,11,SO2,20.1,15.2,,8.5,16.5,,24,18.5,24.7,22.2,19.7,20.5,17.6,15,15.1,35.7,21.7,15.7,21.6,,22.1,18.2,20.9,22.5,40.2,34.8,41.7,38.6,,27.9,2,19.5,,,
20141031,11,NO2,87.7,89.7,,95.4,95.3,,121.2,81.5,98,81.9,99.4,115.4,111.3,81.9,70.7,82.4,86.5,85.4,106.6,,70.2,77.3,76.9,72,89.9,20.2,65.6,82.9,,103,88.6,111.6,,,
20141031,11,O3,8.6,5.5,,4.8,7.9,,3,2,12.2,13.8,7.4,4.4,5.4,6.4,11.6,4.9,2,5.4,7.1,,14.7,3.7,20.5,9.6,20.6,42,37.7,11.4,,9.1,2,8.5,,,
20141031,11,CO,2.6,2.6,,2.5,2,,2.4,2,1.9,2.1,1.5,1.9,1.6,,2.7,3.6,3.5,3,1.8,,3.2,1.6,3,2.6,2.8,1.8,2.8,3.2,,1.6,2.7,2.8,,,
20141031,12,SO2,20,15.1,,8.2,17.7,,18.4,20.7,18,21,15.3,16.7,14,15.8,17.5,41.8,21.4,19.1,16.5,,23.4,,25.8,19.4,40.5,44.7,33.6,36,,25.4,2,19.3,,15,
20141031,12,NO2,74.1,86.9,,88,91.5,,100.9,102.8,96.9,69.6,93.1,107.2,107.8,73.8,52.8,73,97.7,93.7,104,,83.5,,74.7,84.9,74.7,28.5,69.7,78.5,,69.6,89.6,100.2,,108.7,
20141031,12,O3,22.1,13.2,,12.8,13.4,,7,2,14.2,27.3,14.1,8.5,8.6,,29.2,17.2,2,9.9,10.5,,10.6,,27.7,11.5,41.2,32.7,32.5,21.1,,34.7,2,16.4,,2,
20141031,12,CO,2.4,2.4,,2.3,2,,1.8,2.1,1.7,2.1,1.3,1.7,1.4,,2.5,3.6,3.2,2.9,1.5,,3.3,,2.9,2.5,2.3,2.7,2.9,3.2,,1.1,2.6,2.4,,3,
20141031,13,SO2,14.8,13,,6.6,13.8,,16,20.3,14.9,17.6,13.1,14.1,10.8,13.9,16,41.5,19.5,18,13.5,,24.8,37.5,32.4,18.9,29.1,42.2,36.8,24.6,,20,2,15.3,,15.5,
20141031,13,NO2,78.5,76.3,,82.4,95.8,,100,115.7,80.2,82.4,92.6,91.1,95.7,75.9,43.3,56.2,99.9,97.8,91.9,,79.8,83.5,58.9,91.5,68.7,38.1,65.7,70.3,,64,88.2,92.3,,104.4,
20141031,13,O3,21.3,24.8,,19.7,13.6,,9.2,2,26.1,20.7,16.8,18.2,16.9,24.6,46.4,42.5,2,14.5,19.4,,17.5,9,53.5,16.5,46.4,19.4,48.2,32.4,,44.8,2,22.1,,2,
20141031,13,CO,2.3,2,,2,2,,1.7,2.1,1.5,2.1,1.3,1.5,1.3,2.3,2.2,2.9,3.3,2.5,1.3,,3,3.1,2.5,2.3,1.7,3.3,2.4,2.6,,1,2.3,2.2,,2.8,
20141031,14,SO2,13.2,12.7,,6.7,11.7,,15.3,18.5,12.9,16.4,11.1,11.9,9.1,12,13.2,36.8,21.5,13.7,13.7,,21,,21.9,13.7,20.4,41.4,35.2,19.4,,19.6,2,16.4,,15.3,
20141031,14,NO2,73.7,63.6,,76,103.9,,97,111.5,77.6,77.8,89.9,90.6,75.5,78.7,45.5,60,91.8,104.6,85.1,,85.3,,55.2,91.4,86.6,43.2,67.6,67,,64.7,81.7,97.3,,108.1,
20141031,14,O3,26.5,37.3,,29.6,14.4,,15.3,2.1,28.2,28.7,20.9,19.9,31,20.2,48.5,46.7,5.1,10.4,28.3,,14.7,,57.4,16,27.7,12.1,49.5,34.2,,48.7,2.8,23.2,,2,
20141031,14,CO,2.2,1.9,,2,1.9,,1.7,1.9,1.4,1.9,1.2,1.4,1.2,2.1,2.1,2.8,3,2.4,1.3,,3,,2,2.1,1.5,3.3,2.3,2.2,,1.1,2.2,2.2,,2.7,
20141031,15,SO2,12.7,11.8,,6.1,10.8,,14.8,17.3,12,14.2,9.6,11.2,7.6,10.1,12.5,29.9,17.6,12.6,12.4,,14.5,,19.1,13.3,12.6,30.7,40.2,16.8,,20.9,2,13.7,,13.6,
20141031,15,NO2,61.2,63.5,,82.5,95.4,,98.1,129.1,75.1,75.1,70.4,97.2,65.3,70.2,44.8,60,71.6,105,92.8,,89.6,,63.6,96,96.7,38.1,78.5,67.2,,60.8,80,89.7,,110.8,
20141031,15,O3,37.5,39.7,,27.6,22,,16.9,2,33.7,35,32.5,20.2,37.2,30.5,54.6,47.9,22.9,10.1,23.4,,10.3,,49.5,14.3,17.4,19.6,47.6,33.5,,54.2,3.1,26.3,,2,
20141031,15,CO,1.9,1.9,,2,1.8,,1.6,2.3,1.3,1.8,1.1,1.5,1.1,1.9,2,2.5,2.7,2.6,1.3,,3,,2,2.1,1.6,3,2.4,1.9,,1.1,2,2.1,,2.6,
20141031,16,SO2,11.7,10.5,,4.7,8.2,,12.2,13.4,9.1,9.9,6.9,7.2,6.2,8.7,8.6,21.6,18.1,11,6.5,,14.2,,14,10.8,12.3,25.4,39.8,14,,16.4,2,13.2,,12.5,
20141031,16,NO2,66.1,68.9,,84.5,92.5,,107.4,115.1,84.6,89.2,64.7,89.8,72.3,67.4,51.2,60,60.3,105.4,103.6,,97.3,,78.2,104.2,107.1,34.4,76.7,66.2,,49,82.1,90.6,,108.8,
20141031,16,O3,34,35.9,,23,22.3,,8,2,22.3,17.6,26.9,19.7,27.9,29.3,46.8,47.6,37.7,5.5,6.9,,7.6,,35.7,4.8,8.5,26.1,53,35,,55.7,2.8,26.2,,2,
20141031,16,CO,1.9,1.9,,2.1,1.7,,1.6,2.4,1.3,2.1,1.1,1.3,1.2,1.8,1.9,2.1,2.5,2.8,1.4,,2.9,,1.9,2.3,1.7,2.6,2.5,1.7,,1.1,2,2.1,,2.5,
20141031,17,SO2,10.8,6.6,,3.1,5.6,,10.9,11.5,5,8.2,4.5,4.9,5,5.7,6.5,16.1,14.5,9.6,4.7,,9.9,,10.5,9.5,10.2,19.7,33.3,12.3,,13.7,2,10.2,,12.4,
20141031,17,NO2,79.9,70,,88.3,104,,109.8,105.1,85.4,89.7,74.9,103,82.6,72.1,62.8,78.6,60.2,101.9,99.1,,98.9,,96.9,104.3,110.9,35.7,72.9,68.7,,69.1,85.1,100.7,,106.5,
20141031,17,O3,23.4,24.2,,14.7,10.6,,4.2,2,8.9,15.6,9.9,6.7,15.3,15.7,36,26.4,41.3,2.8,3.3,,2,,20,2,6.6,20.5,57.3,25.8,,39.2,2.5,13.7,,2,
20141031,17,CO,2.1,1.9,,2.1,1.7,,1.7,2.6,1.3,2,1.4,1.5,1.4,1.7,1.9,1.9,2.4,3,1.4,,2.9,,2,2.5,1.8,2.5,2.6,1.5,,1.2,2.1,2.3,,2.7,
20141031,18,SO2,9.7,5.8,5.9,2.7,6.6,11.4,9.5,10.5,4.4,6.4,4.3,4.8,3.9,4.9,6.6,13.4,10.1,9.8,3.3,23.8,7.6,15.5,6.9,9.2,9.5,16.4,22.3,10.9,,7.8,2,11.3,,13.5,
20141031,18,NO2,87.8,80.6,104.5,96.3,119.3,103.2,111,100.5,91.9,94.5,92.6,111.7,92.1,81.3,93.6,99.9,82.8,105.2,100.3,82.4,102.8,78.1,110.4,102.4,114.9,35.3,70.8,76.3,,67.6,91.5,104.7,,107.3,
20141031,18,O3,12.7,11.1,3.5,6.2,3.5,10.7,2,2,2,3.2,2,2,3.2,5,14.5,3.5,10.8,2,2,6.5,2,11.4,5.2,2,3.1,18.6,45.6,16.9,,23.7,2,10.7,,2,
20141031,18,CO,2.2,1.9,2.2,2.1,2.4,2.1,1.9,2.8,1.4,2.3,1.5,1.9,1.6,1.9,2.2,1.9,2.5,3.1,1.5,2.6,3.1,2,2.1,2.5,2,2.4,2.6,1.5,,1.4,2.2,2.2,,2.7,
20141031,19,SO2,9.2,4.4,5.7,2.5,6.4,10.1,11,10.2,3.5,6.8,3.3,4.3,4,4.2,6.1,12.8,6.7,10.1,3.2,21,6.1,12.5,5.7,,8.9,15.3,18.8,9.4,,6.1,2,10.2,,13.9,
20141031,19,NO2,90,81.3,104.8,99.5,116,115.9,116.7,94.8,81.6,95.5,96.5,110.6,94.6,89.3,97.4,103,94.8,104.8,95.9,94.1,100.5,86.2,108.6,,115.6,34.6,67.4,68.9,,66,92.8,107.6,,107.7,
20141031,19,O3,7.3,3.5,2,2,2,2,2,2,2,2,2,2,2,2,12.3,2,2,2,2,2.2,2,2,2.5,,2.7,16.8,43.4,14,,12.5,2,6.6,,2,
20141031,19,CO,2.1,1.9,2.2,2.1,2.2,2.3,1.9,2.9,1.3,2.1,1.6,1.8,1.8,2.2,2.2,1.8,2.7,3.2,1.7,3.1,3.2,2.3,2.2,,2.1,2.3,2.7,1.5,,1.4,2.3,2.2,,2.8,
20141031,20,SO2,8.6,3.6,5.7,2.9,6.2,9.1,10.7,11.1,4.1,7,3.8,4.5,4.4,4.7,6.1,13.4,5.8,10.1,2.7,15.9,6.5,12.1,6.9,5.9,10.1,15.2,15.8,9.3,,6,2,9.2,,14,
20141031,20,NO2,89.7,70.7,100.8,102.1,108.9,120.1,114.8,89,76.6,98.7,93.5,106.4,91.4,91.8,102.1,102.4,93.8,103.6,84.2,90.6,98.8,88.4,111.3,73,112.3,35.6,59,80.2,,67.8,95.3,110.8,,110.6,
20141031,20,O3,4.6,2,2,2,2,2,2,2,5.4,2,2,2,2,2,9.1,2.3,2,2,2,2.8,2,2,2,2,3.2,12.7,55.4,4.1,,3.2,2,7,,2,
20141031,20,CO,2.1,2,2.1,2.2,1.9,2.4,1.9,3,1.3,2.3,1.6,1.7,1.9,2.4,2.2,1.7,2.8,3.2,1.7,3.4,3.3,2.6,2.6,2.5,2.1,2.4,2.2,1.6,,1.5,2.4,2.3,,2.8,
20141031,21,SO2,9.2,3.9,5.5,2.8,7.8,8.8,9.2,10.8,5.1,8.7,4.6,4.8,5,5.8,6.9,13.6,6.1,9.6,2.9,17.8,6.3,12.6,9.8,5.2,12.1,15.1,13.9,9.9,,9.5,2,9.6,,12.1,
20141031,21,NO2,95.5,80,102,106.5,117,112.2,109.5,85.4,86.9,103.3,93.7,100.7,87,92.9,81.8,93.3,95.8,95.7,94.8,85.7,95.6,89.7,89.1,75.6,93.9,36.2,55,88.9,,65.7,95.8,110.7,,109.6,
20141031,21,O3,3,2,2,2,2,2,2,2,2.6,2,2,2,2,2,11.5,2,2,2,2,3.5,2,2,14.4,2,8,9.5,54.3,2,,2,2,6.6,,2,
20141031,21,CO,2.3,2.1,2.1,2.4,2.1,2.2,1.8,3,2,2.3,1.7,1.7,2.1,2.3,1.7,1.7,2.4,3.1,2.2,3.4,3.1,2.8,2.3,2.6,1.9,2.4,1.9,1.5,,1.5,2.5,2.5,,2.8,
20141031,22,SO2,9.5,4.4,5.3,3,9.1,8.6,8.4,10.9,7.5,7.5,4.2,4.8,5.6,6.5,6.1,13.3,6.7,9,3.4,16.8,6.2,18,11.3,5.9,35.5,15.8,12.8,9.5,,6.2,2,11,,11.7,
20141031,22,NO2,93.7,83.9,100.3,109.3,125.6,107.7,111.1,76.5,104.1,92.4,85,94,86.6,88.4,80.3,92.3,102.7,98.9,96.3,82.8,94.2,89.5,59.1,78.7,47.5,39.5,63.1,88.5,,73.4,94.5,116.4,,113.4,
20141031,22,O3,2.1,2,2,2,2,2,2,2,2,2,2,2,2,2,7.8,2,2,2,2,2.7,2,2,23.2,2,26.3,4.8,33.3,2,,2,2,6.8,,2,
20141031,22,CO,2.3,2.2,2.1,2.6,2.4,2.1,2.1,3.3,2.8,2.2,1.7,1.7,2,2.3,1.9,1.7,2.7,3.3,2.1,3.2,3.1,2.8,2.1,2.5,1.4,2.5,1.8,1.4,,1.7,2.6,2.6,,2.9,
20141031,23,SO2,8.7,3.9,5.5,3.2,9.4,7.3,10.6,12,8.1,7.2,4,4.2,4.1,4.7,6.5,12.8,4.8,9.6,3.4,14.9,5,,8.3,15.4,26,15.6,13.2,9.5,,5.4,2,11.1,,11.6,
20141031,23,NO2,97.2,76.4,102,112.4,129.3,113.2,116.1,72.8,106.6,98.3,88,94.1,76.8,76.1,81.6,90,87.8,93.4,98,75.4,89.5,,57.9,53.2,34.5,36.1,83.2,90.2,,69.6,95.4,110.4,,111.7,
20141031,23,O3,2.4,2.3,2,2,2,2,2,2,2,2,2,2,2,2,7.1,2,2,2,2,2,2,,16.3,10,24.1,9.4,11.1,2,,2,2,6.3,,2,
20141031,23,CO,2.5,2.3,2.2,2.6,3,2.3,2.8,3.5,2.9,2.3,2,1.9,1.8,2.1,2.2,1.7,2.8,3.5,2.5,3,3,,2.1,1.7,0.9,2.4,1.7,1.4,,1.7,2.7,2.5,,2.7,
20141031,0,PM2.5,182.8,179.8,183.8,198.3,191.6,,184.3,192.9,164.2,196.3,185.9,159.8,196.5,243,234.1,227.6,191.7,153,157.2,,136.3,180.8,134.7,145.1,139.1,134.3,165.2,268.2,,276,232.3,219.7,211.8,218.9,
20141031,0,PM10,204.2,193.6,,,,,,,,,220.8,190.9,232.7,308.6,284.1,,198.3,,,,,,,,,,,,,393.7,,,,,
20141031,0,AQI,194,200,204,220,216,248,209,221,206,223,222,196,235,258,253,293,190,207,185,43,176,203,201,216,208,172,196,303,,275,239,240,227,241,
20141031,1,PM2.5,181.7,172.3,180.6,197.6,196.4,,181.6,191.3,161.3,195.5,179.6,156.3,198.9,237.4,229.2,239.5,178,132.4,153,,131.6,173.5,174.8,145.1,140.3,124.7,161.6,269.6,,263.4,222.2,224.7,197.2,220.5,
20141031,1,PM10,211.4,178.1,,,,,,,,209.2,198.5,174.7,243.8,283.2,299.1,266.9,,,,,,,,,,,,,,382.6,,,200.1,,
20141031,1,AQI,197,203,206,222,218,246,211,222,207,225,222,196,236,261,255,290,193,208,186,42,178,205,203,216,208,173,198,306,,278,242,243,229,243,
20141031,2,PM2.5,178.6,164.5,167.6,196.9,205.3,,175.4,196,150.9,196.9,183.1,154.3,197.8,227.1,227.3,240.9,170.1,128.1,150.2,,123.3,161.8,166.2,124.9,142.4,126.8,167.9,267.5,,254.9,225.4,219.6,204.4,222.9,
20141031,2,PM10,187.1,,,,,,,,,218.6,200.8,187.5,246.1,253.9,281.3,243.8,,,,,,,,,,,,,,384.9,,,204.9,,
20141031,2,AQI,201,205,208,224,219,,212,222,207,227,223,196,237,263,257,288,195,208,188,35,179,206,204,217,207,174,201,308,,281,245,245,229,246,
20141031,3,PM2.5,178.9,167.1,169.6,189.4,203.2,,167.6,189.1,159.2,190.5,181.7,152.2,211.8,225,232.3,232.3,169.5,115.3,148.5,,116.4,156.1,143.9,119.9,129.7,111.1,164.7,269.3,,236.5,231.9,217.5,201.2,212.4,
20141031,3,PM10,215.3,,,,,,,,,198.7,198,152.5,234.4,244.9,242.6,,,,,,,,,,,,,,,332,,,203.7,,
20141031,3,AQI,203,207,209,226,220,,213,224,208,228,224,197,238,265,260,286,197,208,189,37,180,208,203,216,206,175,203,311,,283,248,247,230,248,
20141031,4,PM2.5,177.3,164.9,170.4,190.6,198,,167.5,178.2,154.2,185.2,172.8,153.5,188.3,226.6,232,230.4,157.8,105,148.5,,108.4,154.2,130.7,109.4,136.8,117.3,177.3,275.7,,237.1,224.5,224.2,204,213,
20141031,4,PM10,198.7,,,,,,,,,,184.9,191.1,211.8,,243.4,,,,,,,,,,,,,,,368.4,,,,,
20141031,4,AQI,205,208,210,227,222,,214,225,209,228,224,198,238,266,262,284,199,206,191,33,180,208,202,216,206,175,206,314,,284,250,249,231,249,
20141031,5,PM2.5,175.3,163.5,170.9,196.9,186.2,,166.1,178.2,149.8,184.8,168.5,162.1,181.1,216.8,223.2,249.9,150.1,125.6,144.8,,98.8,147.6,125,105,137,121.7,167.3,273.1,,232.8,227.7,219.1,200.8,219.2,
20141031,5,PM10,183.1,,,,,,,,,195.6,,211.1,211.8,235,225.3,254.8,,,,,,,,,,,,,,367.3,,,219.6,,
20141031,5,AQI,205,209,211,229,223,,215,226,209,228,225,200,238,267,264,283,201,207,192,32,180,210,200,215,205,176,208,317,,286,251,251,233,250,
20141031,6,PM2.5,161.4,162.4,173.1,196,160.2,,160.4,166.8,153.2,186.3,174.6,153,189.2,223.9,229.1,261,152.5,111.7,152.5,,101,142.9,118.4,98.4,129,107.1,123.6,275.7,,227.5,221.7,211.6,193,216.9,
20141031,6,PM10,179,,,,,,,,,199.2,178.6,179,199.5,229.4,231.7,286.3,,,,,,,,,,,,294,,320.9,,,211.5,,
20141031,6,AQI,206,210,212,230,224,,216,227,209,229,227,201,238,269,266,284,202,206,193,33,181,211,197,214,204,175,208,320,,287,252,252,234,251,
20141031,7,PM2.5,175.8,171.1,167.2,189.8,164.1,,168.6,168,161.6,180.3,169.6,179,187.6,220.2,260.5,255.9,148.8,119.1,152.8,,92.3,137.9,118.9,97.5,136.7,106.2,86.6,270.8,,221.7,234,216.5,185.8,213.2,
20141031,7,PM10,246.7,,,,,,,,,189.3,192.9,210.8,190.7,226.6,313.1,288.6,,,,,,,,,,,,299.1,,291.9,,,199.4,,
20141031,7,AQI,208,211,214,231,226,,218,228,209,230,228,203,238,270,268,285,204,206,195,34,180,212,194,212,203,175,207,322,,288,255,254,236,252,
20141031,8,PM2.5,184.1,190.3,189.8,210.3,172.8,,164.9,165.3,160.9,186.9,173.3,154.9,190.9,241.8,237.6,223.4,137.6,118.9,148.4,,87.1,149.7,131.3,96.3,142,109,74.9,207.9,,219,250.2,246.7,199.2,242.8,
20141031,8,PM10,261.3,,,,,,233.7,,,238.6,191.9,185,221.4,290.9,299.5,263.1,,,,,,,,,,,,215.7,,272.8,,,282.2,,
20141031,8,AQI,210,213,217,234,227,,219,230,210,232,229,204,240,271,269,285,206,206,196,36,180,214,192,210,202,175,205,322,,288,259,256,239,255,
20141031,9,PM2.5,120.1,158.3,150.6,165.5,179.2,,171.8,172,164.1,177.5,174.6,162,183.2,213.8,193,184.1,148.6,115.8,157.3,,86.3,166.2,149.3,119.8,150.5,109.6,77.9,156.3,,219.5,184.1,183.2,,199.6,
20141031,9,PM10,144.3,,,,,,240.6,,,223,195.4,242.2,249.6,255,,238.9,,,,,,,,,,,,,,257.1,,,,,
20141031,9,AQI,210,214,218,235,229,,220,231,210,234,230,206,240,270,268,282,207,205,197,36,179,215,190,209,202,175,203,319,,288,259,257,,256,
20141031,10,PM2.5,108.9,136.5,112,137.5,141.4,,197.2,168.8,189.2,141.4,177.2,170.1,198.6,169.1,151.5,164.4,150.3,138.4,163.9,,98.3,166.4,189.5,133.9,191.4,134.6,92.7,129.7,,231.9,158.6,156.2,130.4,,
20141031,10,PM10,116.1,,,,,,302,,,,213.8,226.7,253.4,180.8,,,,,,,,,,,,,,,,268.4,,,,,
20141031,10,AQI,210,214,217,234,229,,222,232,211,234,231,207,244,268,266,280,208,204,199,,178,217,190,208,203,176,201,314,,287,259,257,240,,
20141031,11,PM2.5,111.4,129.9,107.1,128.9,109.7,,182.5,174.7,168.9,125.3,143,145.6,167.9,,154.2,165.1,142.4,154.8,162.1,,117.7,161.1,194.1,166.1,214.3,124.2,115.5,180,,209.8,147.3,140.1,112.2,,
20141031,11,PM10,134.5,,,,,,253,,,,163.9,203.8,192.4,,,,,,,,,,,,,,,,,248.9,,,,,
20141031,11,AQI,209,213,216,233,227,,224,232,212,233,230,207,245,268,264,278,209,205,200,,178,218,191,208,205,176,199,310,,287,258,256,239,,
20141031,12,PM2.5,117,126.9,109.5,132.9,112.8,,106.6,190.1,149.5,124.5,137.9,124,162.6,84.8,146.6,158.4,149.5,162.9,135,,132.1,,169.3,,205.3,122.1,134.4,201.8,,145.2,158,146.9,131.3,150,
20141031,12,PM10,,,,,,,120.1,,,,,148.7,183.4,126.8,,,,,,,,,,,,,,,,,,,,,
20141031,12,AQI,208,213,214,232,225,,222,233,211,231,229,206,244,264,262,274,210,205,199,,178,,192,207,207,176,197,306,,284,257,255,237,254,
20141031,13,PM2.5,122.7,119,116.4,140.5,128.9,142.6,119.2,193.9,133.9,137.5,144.5,113,166.8,148,137.5,149.5,156.9,157.1,122.6,124.3,122.2,163.1,187,92.5,138.7,144.4,129.4,184.6,147.3,149.7,154.4,148.3,130.5,153.7,180.6
20141031,13,PM10,,,,,,,127.1,,,,,117.4,,,,,188.5,169.9,,,138.1,177.2,,,,,,,,,,,,,
20141031,13,AQI,208,211,212,231,224,235,220,234,212,230,228,205,243,262,260,271,211,204,197,237,177,219,194,203,206,176,196,302,252,281,256,253,236,252,236
20141031,14,PM2.5,120.7,122.6,119.9,140,135.2,143.7,124.2,154.4,139.2,133.6,147,115.9,142.6,145,147,162.9,147.7,150.9,121.4,,131.8,,144.8,147.2,131.2,151.7,115.2,191.2,154.6,144.3,152.3,154.5,138,161.3,156.9
20141031,14,PM10,,,,,,,131,173.6,,,,,,,,,162.2,168.7,,,158.2,,,,,,,,,,,,,,
20141031,14,AQI,207,210,211,230,222,232,218,233,210,228,226,204,241,259,258,268,211,203,195,237,175,,194,201,206,177,195,299,244,278,254,252,234,251,231
20141031,15,PM2.5,113.2,119.7,119.1,142.1,133.9,144.7,117.2,189.2,140,124.9,134.8,123.7,121.5,153.8,153.8,167,124.8,157.1,136.7,,137.1,,146.9,153.4,135.2,159.9,128,206.2,175.1,134.7,154,154.3,140.6,161.4,162.1
20141031,15,PM10,,120,,,,,124.3,198.5,,,,,,,,,129.9,176.3,,,169.5,,,,,177.2,,,,,,,,,
20141031,15,AQI,206,207,209,228,221,228,216,233,209,226,225,203,240,257,256,266,210,202,194,237,174,,194,199,205,178,194,295,241,275,252,250,232,250,228
20141031,16,PM2.5,113.3,129,122.3,142.7,126.5,162.1,120.8,169,149.5,141.5,125,120,129.3,147.9,173,176.9,116.3,158.6,133.7,,151.7,,144.6,161.8,150.9,167.5,150.8,209.6,176,106.7,148.5,154.5,143.3,162.7,169.4
20141031,16,PM10,,,135,143,138.2,,133.1,207.3,,154.4,,138.1,,,,,,186.4,,,165.4,,,,,,,,,,,,,,
20141031,16,AQI,204,206,207,227,219,225,213,233,207,224,223,201,237,254,255,264,209,201,194,237,174,,195,196,205,178,193,292,239,270,250,247,230,248,227
20141031,17,PM2.5,127.6,132.1,127.5,147.7,136.3,165.8,122.6,170.5,145.7,143,131.6,119.3,140.6,146.4,192.5,199,116,159.3,129.6,,151,,165.3,178,173.6,167.1,169.8,219,178.7,143,166.1,166.4,147.6,171.6,190.9
20141031,17,PM10,,,,,137.4,,134.3,,,,,,,,,,,171.4,,,168.8,,,,,,,,,,,,,,
20141031,17,AQI,203,204,205,225,218,223,211,233,206,222,221,199,235,252,254,263,207,200,198,237,173,,198,195,206,179,192,290,238,267,248,245,229,246,229
20141031,18,PM2.5,144.8,139.8,129.9,157.6,151.4,183.6,136.1,175,154,148.6,,132.3,147.8,167.6,204.3,224,122.9,167.9,132.6,168.4,151.7,151.9,173.4,173.5,176.3,163.9,169.8,231.9,173.5,157,184.5,185.2,155.2,192,211.8
20141031,18,PM10,163.1,,,,,194.2,144.3,,,,97.6,,,,,,132.2,183.1,,,184.9,,,,,,,,,,,,,,
20141031,18,AQI,202,202,204,224,217,222,210,233,206,220,220,197,231,250,254,264,206,199,197,236,173,217,200,193,206,180,192,289,237,264,248,244,228,245,232
20141031,19,PM2.5,155.8,153.8,138.5,184.1,158.6,203.7,135.9,182,148.4,156.5,89.7,144.9,161.4,199.9,230.8,226.9,134.9,162,141.2,175.1,157.1,178.2,169.3,,176.1,159.1,182.4,257.2,175.6,163.4,212.3,207.7,158.9,221.2,233.6
20141031,19,PM10,183,155,,,178.6,215.9,152.7,,,,125.9,,172,,,,149.9,181.7,,,187.9,193.1,,,,,,,,,,,,,
20141031,19,AQI,202,202,203,224,216,222,208,233,206,219,215,197,229,249,255,264,205,197,196,238,171,217,201,,206,180,192,288,236,261,248,244,226,245,237
20141031,20,PM2.5,169.3,150.1,147.4,198.7,170.4,223.3,146.3,183.4,143.7,174.4,159.9,151,168.4,228.9,241.5,228.5,153.7,166.6,145.3,213.1,163.9,201.5,199.7,,186.4,162.7,179.9,247.6,191.2,174.2,222.4,229.4,180.3,238.2,252.8
20141031,20,PM10,180.7,153.5,,,177.8,242.7,177.3,189.6,,186.2,,157.9,180.4,,,,170.7,185.9,,276.2,181.3,204.1,,,,,,,,187.8,,,210.5,,
20141031,20,AQI,203,202,201,225,215,223,207,232,206,218,213,196,227,249,256,263,204,196,195,238,170,218,204,186,207,181,192,286,236,259,248,245,225,247,242
20141031,21,PM2.5,176,169.6,144.5,214.9,167.5,224.9,146.9,185.5,171.4,198.2,164.1,148.4,192.7,240.3,257.4,250.9,180.4,161.9,161.2,222.5,157.7,202.7,190.8,107.5,182.8,170.8,175.9,249.8,236.6,187.9,241.6,235.3,175.2,244.8,251.5
20141031,21,PM10,185.6,175.7,,228.2,169.9,229.1,181.5,,,215,,,,,,263.8,201.2,164.3,,277,172.8,205.3,,161.2,,,,,,250.3,,,,,
20141031,21,AQI,203,202,199,225,214,223,206,232,206,218,211,196,227,250,257,264,204,194,195,238,169,217,205,180,207,183,192,284,240,255,250,246,223,248,247
20141031,22,PM2.5,176.1,185,144.9,223,164.9,205,156.4,190.5,190.3,186.2,170.9,149.4,196.3,240.2,257.8,257.1,188,166.9,163.3,225.8,155.9,188,193.6,174.8,118.7,173.6,181.5,248.2,239.3,209.2,244.5,257.4,167.3,269.1,244.6
20141031,22,PM10,199.8,190,,232.3,172.8,,183.9,,,187.2,,152.7,,,,273.5,220.7,173.7,,265,175,,,,,,189,,,243.9,,,169.9,,
20141031,22,AQI,203,204,197,226,213,226,205,231,207,218,210,195,226,250,258,264,204,193,196,237,168,216,208,179,205,184,192,282,244,252,251,248,222,251,250
20141031,23,PM2.5,179.4,190.3,148.5,250.1,176.7,198.5,167.3,201.8,199,189.4,176.8,147,205.3,233.4,260.7,257.7,163.3,180.2,162.1,229,152.9,,191,127.5,49,172.7,207.5,250.8,236.7,226,275.3,278.7,195.3,275,268.8
20141031,23,PM10,193,193.5,,261.8,191.3,,203.3,,,195.7,,,,,,267.6,196.2,221.4,,249.7,,,,,,,222.6,,,,,,199.6,,
20141031,23,AQI,203,205,195,228,212,227,204,231,209,217,210,194,227,250,259,264,203,193,196,238,168,,211,175,201,185,194,281,247,249,254,250,221,254,255
