date,hour,type,dongsi,tiantan,guanyuan,wanshouxigong,aotizhongxing,nongzhanguan,wanliu,beibuxingqu,zhiwuyuan,fentaihuayuan,yungang,gucheng,fangshan,daxing,yizhuang,tongzhou,shunyi,changping,mengtougou,pinggu,huairou,miyun,yanqing,dingling,badaling,miyunshuiku,donggaocun,yongledian,yufa,liulihe,qianmeng,yongdingmengxi,xizhimengbei,nansanhuan,dongsihuan
20141015,0,PM2.5,130.7,107.7,140.8,121.3,135.6,143.3,112.5,65.8,,144.2,96.1,83.8,135.2,166.3,137.4,116.1,95,40.9,47.2,60.1,34.6,71.2,48.5,36.6,36,50.8,86.2,97.6,135.3,180.1,168.6,160.2,210.9,144.3,190
20141015,0,PM10,196.9,158.2,191.6,201.3,219.9,209.4,205.4,144.3,,244.4,161.3,195.4,233.7,185.7,185.8,177.2,187.8,59.3,89.3,,55.2,128.7,62.4,60.3,55.6,68.8,115.1,119,,,205.7,,,210.4,
20141015,0,AQI,73,69,78,79,79,77,86,68,25,99,70,78,93,119,99,102,67,64,69,59,53,65,55,57,54,53,66,87,121,108,86,108,121,89,147
20141015,1,PM2.5,131.6,123.5,136.9,123.2,130.8,156.2,107.7,59.1,,145.9,88.9,77.6,135.3,161,142.4,129.9,98.8,37.1,39.9,60,32.4,67.4,54.8,40.4,34.8,47.1,97.1,107.6,137.7,176.6,169.2,168.4,211.9,164.3,208.3
20141015,1,PM10,214.6,181.6,191.9,210.3,192.2,230,204.4,112,,223.1,143.1,181.6,236.3,179.1,173.9,223.4,161.3,61.4,81.3,78.9,57.5,110.9,66.1,54.1,49.8,67.2,156.9,133.2,,,206.6,,,218.3,
20141015,1,AQI,75,71,83,80,80,81,88,70,26,100,71,82,95,122,101,102,69,65,70,66,54,67,55,57,54,54,70,90,124,114,90,112,129,93,149
20141015,2,PM2.5,134.2,135.4,147.6,134.4,107.8,156.4,99.7,64.7,,150.6,100.9,63.7,133.9,165.1,145,143.8,86,38.1,40.2,71.3,35.5,59.8,55.3,40.5,37.6,39.5,109.4,118.4,142.9,173.9,177.3,188.2,225.6,172.9,209.7
20141015,2,PM10,211.1,187.4,189.9,206.8,152.7,224.4,196.4,116.6,,222.8,158.4,137.5,229.5,180.1,173.1,360,139.3,60.1,71,80.1,52.5,92.2,82,57.1,51,65.7,245.8,136.1,,,218.1,,,220.3,
20141015,2,AQI,78,72,88,81,83,86,90,71,24,101,73,83,96,125,104,103,72,65,71,66,55,68,56,58,54,55,74,93,125,119,97,116,136,96,150
20141015,3,PM2.5,133.1,127.6,148.6,139,81.3,162.2,71,57,,150.5,127.1,60.4,146.2,174.7,156.6,166.7,85.3,36,40.3,67.3,35.7,58.5,61.8,38.6,36.8,48.9,115,122.9,144.6,164.2,166.5,189.5,185.1,169.4,229
20141015,3,PM10,203.8,180.2,178.8,215.8,147.1,220.2,145.4,118.2,,250.6,187.8,134.9,224.9,191.9,176.2,333.4,130.3,62.5,86.3,85.3,59.3,83.2,92.7,51.8,56,69.6,206.5,130.8,,,204.3,,,224.2,
20141015,3,AQI,81,75,93,85,85,92,90,73,29,102,77,85,98,128,107,104,74,65,72,67,55,69,57,59,55,56,79,97,128,123,104,121,142,103,153
20141015,4,PM2.5,125.8,128.6,101.3,136,82.7,150.3,58.7,53.4,,128.7,98,56.9,138.1,184.4,161.5,178.1,82.5,38.7,47.5,75.2,38.6,55.2,60,35.5,37.5,49.1,118.8,125.3,145.6,151,176.5,162.6,150.6,179.4,254
20141015,4,PM10,190.5,164,106.2,209.3,140.2,206.2,126.5,98.9,,285.5,130.3,130.2,216.3,201.7,183.6,298.5,92.3,58.8,92.2,90.4,48.8,75.4,113.4,52.9,44.9,65.3,199.7,138.9,,,198.7,,,230.8,
20141015,4,AQI,84,80,96,88,88,98,90,74,31,103,82,86,100,132,110,108,74,65,73,70,56,71,59,59,55,56,83,100,130,126,111,126,147,109,159
20141015,5,PM2.5,79.5,128.2,79.5,131.7,86.3,115,61,57.3,41.3,108.5,50.9,62.3,98.6,186.5,167.2,178.5,74.4,40.2,44.7,77.4,37.2,62,49.6,38.2,41.1,55.6,116.3,122,147.6,135,137.6,181.4,162.2,168,233.5
20141015,5,PM10,169.2,170.6,119,197.7,130.1,169.4,123.1,106.3,,243.9,67.9,126.6,178.6,199.1,186.4,295.2,95.1,76.1,79.7,101.5,54.6,73.1,67.3,62,68.3,75.8,165.4,128.6,,,156.2,,,235.6,
20141015,5,AQI,86,85,98,90,91,102,90,76,58,106,83,88,102,135,114,113,74,66,74,73,57,73,61,59,56,58,87,103,133,129,116,132,154,116,167
20141015,6,PM2.5,73,82.8,78.2,85.1,85.3,115.6,64.6,57.2,47.9,80.9,38.5,59.9,80.5,183.8,163.3,189.8,76.8,42.2,40.3,79.3,40.1,68.2,49.1,39.7,50.1,63.2,111.8,113.6,145.7,118.7,100.1,114.2,154.7,148.6,180.8
20141015,6,PM10,149.9,133.4,110,143,117.8,165.8,124.1,85.1,79.3,107.5,61.1,118,139.3,196.8,176.7,267.3,90.2,75.2,78.5,102.7,58.4,84.2,68.2,59.2,69.3,74.8,147.6,125.7,146.9,,127.9,,,177.5,
20141015,6,AQI,89,88,101,92,95,106,91,76,68,107,84,90,103,138,119,119,77,66,74,76,56,75,62,60,56,59,91,105,136,132,120,135,162,122,173
20141015,7,PM2.5,72,73.5,82.7,82.9,83.1,106.6,62.8,41.7,49.8,80,33.3,46.1,64.3,184.7,169,165.8,62.3,47.6,45.5,74.7,39,86.3,38.1,39.7,54.7,61.5,114.3,132,136,108.4,89,120.4,145.7,108.3,165.1
20141015,7,PM10,158,126.3,122.2,132.1,127.9,150.1,125.3,73.1,79,143,52.1,120.4,133.9,229.8,193.1,218,93.2,84.9,92.9,104.8,65.2,112.1,84.4,59.3,102.6,78.7,182.7,,,,119.8,,,158.7,
20141015,7,AQI,92,90,104,96,97,111,92,77,67,109,84,91,104,142,125,125,79,66,74,79,57,79,63,61,57,60,95,109,138,133,124,139,167,126,178
20141015,8,PM2.5,72.5,79.5,93,74.6,92.7,97.9,62.2,43.2,48.8,84.5,36.8,62.5,73.5,210.2,171.4,158.6,70.5,71.2,34.9,85.3,46.5,77.4,51.8,52.4,60.9,68.7,110.3,134,143.3,109.6,92.9,109.2,164.1,108.9,175.4
20141015,8,PM10,176.3,155.9,130.1,142.5,150.3,158.2,165.2,88,104.5,156,90,160.5,177.8,337.4,235.1,232.7,121.7,163.8,83,140.2,98.8,122.2,83.2,86.7,143.4,80.5,190.4,141.3,183,,140.1,,,190.5,
20141015,8,AQI,95,94,107,99,100,115,92,77,68,111,85,93,105,147,132,130,82,68,74,82,59,81,65,62,59,62,100,112,140,135,127,142,175,130,185
20141015,9,PM2.5,69.6,81.1,89.2,75.9,79.5,91.4,67.6,43.4,60.3,84.6,55.3,86.1,73.5,189.9,133.6,115.8,74.1,60.1,38,103.3,62.5,70.4,47,39.6,43.6,79.6,116,162.1,177.5,108.9,111.1,114.7,175.7,116,161.6
20141015,9,PM10,160.4,180.8,120.9,164.9,99.4,162.2,160.8,80.5,145,168.2,151.8,229.6,203.7,383.8,263.4,185.5,114.3,144.6,141.1,167.7,146.1,110.3,88.8,74.6,193.7,83.6,218.8,187.3,223.3,247.4,158.7,,,185.5,
20141015,9,AQI,98,97,109,101,102,118,94,78,69,113,87,96,107,155,137,133,85,68,75,86,61,83,65,62,62,65,104,116,141,136,132,146,182,134,190
20141015,10,PM2.5,23.3,49.8,40.3,55.9,24.9,29.5,24.8,21.7,18.5,55.1,29.2,62.7,84.5,80.2,49.6,58.9,73.6,33.8,27.2,115.7,77.9,77.7,12,9.8,27.8,71.7,116.1,139,190.8,126.7,38.7,82.6,142.3,77.6,104.1
20141015,10,PM10,153.2,156.7,96.1,154.3,120.1,162.8,145.2,181.2,130.5,126.6,114.3,184.6,205.1,81.5,206.2,214.5,133.1,206.1,153.3,187.3,157.5,109.8,54.8,83.2,196,94.9,151.6,197.2,244.6,223.4,117,,,149.4,
20141015,10,AQI,98,99,109,103,102,118,96,80,70,114,87,99,110,157,138,134,87,71,76,89,64,86,63,62,64,68,106,120,144,139,132,148,187,136,193
20141015,11,PM2.5,13.8,15.6,24.9,20,20.4,18.9,14.3,14.6,3.6,29.2,20,23,40.6,21.5,32.4,25.2,34.7,19.3,27.7,106.6,67.6,84,12.7,,16.6,69.6,89.7,34.8,119.9,132.1,29.9,56,145.7,45.2,86.4
20141015,11,PM10,118.2,140.5,125.1,137.5,148.8,155.7,170.7,135.2,86.9,68.6,139.7,197,97.2,184.7,170.4,261.2,70.5,174.2,109.8,150.6,,123.6,46.9,,164.6,120.3,154.6,135.3,,227.8,109.2,,,165.6,
20141015,11,AQI,99,98,108,103,101,117,96,81,70,114,86,102,110,155,138,133,88,72,77,93,65,89,62,61,66,71,107,119,144,143,132,148,192,136,194
20141015,12,PM2.5,5,5.6,12.4,8.5,16.5,4.1,8.8,10.9,3,13,10.7,15.5,16,11,11.3,18.8,13.3,16.5,11.6,41.2,6.8,46.6,12.9,,9.5,19.4,49.6,,,24.8,22.6,30.4,93.1,17.4,
20141015,12,PM10,116.2,101,73.5,98.2,127,99,135.5,123,58.3,82,109.4,169.5,227.3,126.7,130.2,176,103.5,128.4,76.5,96.3,,49.5,34.2,,109.3,48.9,102.7,110.5,,61.7,76.6,,,123.9,
20141015,12,AQI,99,97,107,102,100,115,96,82,70,112,85,102,111,152,136,131,87,73,77,94,66,90,61,61,67,71,108,120,144,142,130,146,194,134,
20141015,13,PM2.5,11,11.3,20.3,7.2,13.7,9.5,12.5,10.9,3.7,16.6,7,14.3,3,11.8,11.4,10.5,3,19.2,10.3,21.9,3,11.8,4.4,,7.7,4.3,22.7,,12.4,10.4,13.5,30.5,85.2,18.9,46.9
20141015,13,PM10,71.2,85,54.7,60.8,105.8,79.8,75.9,88.6,49.7,54.6,72.4,126.9,47,38.9,88.8,128.5,91.7,87.5,49,67.9,5,101.5,31.4,,79,27.2,59.4,,88.1,68,47.6,,,50.2,
20141015,13,AQI,99,95,105,101,98,113,96,82,69,111,85,101,110,149,133,129,85,73,77,93,64,88,60,60,68,70,108,122,142,139,128,144,195,132,189
20141015,14,PM2.5,5.7,8.3,23.6,6,11.9,18.8,6.3,,17.6,12.1,13.5,13.1,5.5,12.6,9.8,10.7,11.4,11.6,12.7,9.5,3,7,3,4.3,5.4,6.5,6.7,4.5,20.9,7,6.4,23,,21,53.9
20141015,14,PM10,90.6,73.8,71,53.6,154.4,88.4,86.4,72.7,48.9,64,86.9,172.6,69.5,53.9,55.6,130.7,30.2,113.5,111.7,94.5,5,47.3,32.9,,49.6,15.7,51.4,74.8,116.3,113.7,56.1,,,54.2,
20141015,14,AQI,99,93,104,100,98,111,96,82,68,109,86,104,110,147,131,127,84,74,78,92,63,87,60,60,68,69,106,120,140,137,126,141,201,130,186
20141015,15,PM2.5,9,12.9,16.2,9,13.8,14.4,7.7,,3,10.6,10.6,13.4,6.3,5.5,11,10.8,7.2,3.9,13.1,6.5,3,3,3,3,3,10.4,9.2,12.9,18.4,9.2,4.4,27.4,,18.9,57.7
20141015,15,PM10,64.1,77.6,47.7,56.3,84.7,84.1,86.2,,48.4,38.7,89.2,83.4,244.4,43,90,92.8,44.2,52.3,95.4,31.1,6.9,44.7,34.4,,30.8,16.3,35.7,77,108,112.6,61.4,,,34.6,
20141015,15,AQI,99,92,102,99,97,110,96,83,68,107,86,103,113,144,129,125,83,74,78,89,61,85,59,49,67,67,104,118,138,135,123,138,204,128,180
20141015,16,PM2.5,8.1,5.9,18,5.7,11.1,3,5.9,3.3,16.1,8.8,11.1,13,16.4,14,6.8,11.9,9.4,5.6,20.7,9.4,3,3,4.2,8,6.9,4.3,15.3,13.9,14.2,7.6,15.4,29.2,,16.9,37.3
20141015,16,PM10,50.9,59.3,21.8,53.5,49.7,60.3,60.2,40.1,40.2,25,81.8,77.4,86.9,32.7,56,58.3,28,37.9,62.3,91.1,25.7,43.8,27.2,,38.8,25.1,35.5,57.6,130.3,82.4,38,,,25.7,
20141015,16,AQI,98,91,101,99,96,108,95,82,67,106,87,103,114,143,127,124,82,73,78,87,60,82,59,47,67,66,102,117,136,133,121,137,204,127,179
20141015,17,PM2.5,8.1,8,11,7.6,8.3,13.8,6,8.8,6.3,7.5,8.4,8.5,7.2,3,10.1,4.5,3.4,9.1,3.1,5.5,3,,10.4,6.4,8.8,5.1,9.6,9.6,14.6,5.4,15.5,23.1,,22.6,33.4
20141015,17,PM10,70.5,56,39.5,63.7,52.1,45.9,53.8,50.1,45.5,38.3,61,83.8,65.2,28.7,49.4,36.5,48.4,64,70.9,48.1,34.3,,18.3,,29.8,41.5,36.9,49.9,81.8,40.8,42.2,,,38.9,
20141015,17,AQI,98,90,99,98,95,107,95,81,67,104,86,102,113,140,126,122,81,72,78,84,59,,58,45,66,63,100,115,134,130,119,135,209,126,177
20141015,18,PM2.5,8.4,12.4,13.6,7.3,10.1,12.7,4.4,7.6,11.3,9.8,8.5,10.3,11.8,12.6,10.5,11.7,8.1,18.2,13.9,9,,8.7,9.4,4.2,7.8,10,6.6,11.9,7.6,7.9,12.1,25.6,,15.3,25.9
20141015,18,PM10,52.8,62,24.8,58.6,76,52.4,49.2,50,44.5,49.2,36.7,78.3,60.1,45.6,47.7,62.7,42.9,44.9,56.5,53.5,12.3,36.4,16.6,,32.2,29.4,30.8,52.2,69.3,39.7,41,,,40.9,
20141015,18,AQI,97,89,97,97,94,105,94,79,66,102,85,101,111,138,123,120,80,71,77,82,56,77,57,43,65,62,98,112,131,127,116,132,,124,175
20141015,19,PM2.5,6.4,6.5,15.9,3.6,9.5,9.2,9.4,10.5,3,10,7.9,8.4,8.6,11.6,10.9,14.2,10.3,3,3.8,9.8,3,8.7,3.2,7.3,6.2,4.3,9.8,17.9,16.8,5.6,15.9,22,,19.3,22.5
20141015,19,PM10,92.1,47.7,28.5,43.1,41.2,50,41,33.3,31.2,33.4,33.9,47,60.4,43.1,45.6,43,32.1,30.9,40.9,36.8,32.5,20.2,22.1,,22,29.9,41.2,52.7,55.1,48.8,40.3,,,51.1,
20141015,19,AQI,96,88,95,95,91,102,92,77,65,99,83,98,109,135,119,118,78,69,74,78,54,74,56,41,64,59,96,111,129,124,113,129,,121,170
20141015,20,PM2.5,6.1,13.7,16.5,7.4,14.5,14.1,9.8,4.4,3.8,13.7,6.6,12.7,10,10,11.6,14.8,3,3.6,9.3,4.5,3,6.6,7.6,3.2,9.1,11,5.5,20.9,4.8,11.1,5.6,21,,19.8,42
20141015,20,PM10,45.8,36,,35,37.1,47.9,33.1,48.7,25.3,35.7,28.7,32.9,47.8,33.4,33.9,42.9,27.2,21.8,29.4,28.1,15,50.5,15.8,,18.7,26.4,29.2,42.8,38,77.8,30.3,,,38.6,
20141015,20,AQI,94,87,92,93,88,99,89,75,64,95,80,95,106,131,116,116,76,68,70,74,52,71,54,39,63,56,93,108,125,121,109,125,,118,167
20141015,21,PM2.5,13,13.3,15.8,6.9,16.1,11.8,7.1,7.5,4.9,11.1,6.5,11,7.5,8.8,13.5,8.3,3.7,7.5,7.4,9.1,5.7,3,7.4,3,7.2,5.4,7.2,12.7,8.8,9.8,10.6,22.3,,7.6,50.3
20141015,21,PM10,55.3,31.1,,27.8,53.2,37.1,25.7,33.2,20,33.7,25,29.5,62.4,46.5,44.9,52.3,22.2,32.2,21,33.7,43.9,12.5,13.1,,21,23.9,27.9,32.7,38.3,53.3,27.9,,,27.1,
20141015,21,AQI,92,85,88,90,86,95,87,74,62,92,77,92,103,125,111,113,73,67,67,71,52,67,53,36,62,55,90,104,121,115,104,121,,113,162
20141015,22,PM2.5,10.7,10.4,16.6,6.9,14.3,14.5,14,6.6,7.3,5.8,6.8,7.8,20.6,9.9,17.1,3,4.6,6.4,11.4,3.9,10,4.4,6.1,3,15.8,4.5,9.3,9.8,15.1,16.3,13.6,29.1,,13.5,45.9
20141015,22,PM10,45.1,45.6,21.7,33.7,38.3,41.9,44.5,58.2,21.7,25.3,18.4,40.2,50.2,60,49.1,30.3,17,83.8,26.9,24.5,36.9,14.7,11.3,,22.1,25.8,26.6,28.2,65.3,51.9,39.7,,,65.5,
20141015,22,AQI,89,83,83,86,83,90,84,71,61,87,73,89,99,119,105,111,69,67,65,68,51,64,51,34,61,53,87,99,116,109,97,115,,107,155
20141015,23,PM2.5,10,14.1,8.5,14,6,5.9,15.7,26,4,6.8,10.3,22.9,19.4,13.9,16.7,8.4,7.3,8.3,5,5.1,4.5,10.1,8.5,8.6,27.6,3,3.4,7,16.5,9.7,23.3,52,,26.2,61.6
20141015,23,PM10,46.2,36.1,14.3,36.2,21.1,37.5,61.5,100,18.7,19.3,16.6,69.1,66.7,,48,22.5,16.8,35.3,28.5,36.2,32.6,59.4,20,,34.4,29.9,19.4,20.9,64.6,28,41,,,95.6,
20141015,23,AQI,86,81,77,82,79,87,81,70,59,83,70,86,96,113,99,108,66,66,64,67,51,62,50,32,61,52,83,94,111,102,91,110,,101,149
20141015,0,SO2,30,9.5,20.2,9.5,15.5,34.6,13.4,7.5,4.8,10.6,7.9,7.1,11.5,39.7,31.2,28.6,2,2.5,6.3,3.9,2.4,2.1,2,2.2,9,4.3,33.1,21.7,27.6,10.4,20.3,37.5,21,14,15.8
20141015,0,NO2,82.3,89.5,95.9,96.1,105.1,107.6,101.8,55.7,48.7,89.5,85,101.3,87.3,67.3,93.8,84.2,77.1,28.9,59,28.9,23.1,60.6,51.6,15.3,20,22.3,53.7,67.5,45.5,64.3,88.3,95.1,88.9,92.5,100.6
20141015,0,O3,10.4,3.3,3,3.4,2,6.1,2,2,34.4,2,2,4.9,2,20.2,38.9,9.2,2,52.9,13,51.7,44.5,2,20.6,48.3,77.3,30.9,71.4,24,51.2,16.2,3.2,6.9,4.4,2,7.5
20141015,0,CO,1.1,1,1.1,1.1,1,1,1.2,0.8,0.6,1.2,0.9,1.3,1.4,1.1,0.9,0.8,1.2,0.5,0.6,0.5,0.5,0.8,0.5,0.5,0.4,0.6,0.6,0.7,0.9,1,1.1,1,1.1,1.3,0.8
20141015,1,SO2,24.7,12.3,16.2,6.3,5.3,30.8,12.2,7.1,4.2,7.3,8,7,7.6,38.1,30.3,29,2,2.4,3.7,3.5,2.3,2.4,2,2.2,9.1,4,35.5,25.1,26.2,11.4,11.2,34.8,19,12.6,13.3
20141015,1,NO2,83.8,82,93.4,90.2,97.2,93.2,95.6,49.1,50.3,85.7,71.7,91.3,79,63.7,61.3,84.5,59,22.3,51.4,26.9,23.4,58.1,66.4,11.8,18.3,19.8,70.6,71.8,44,74.9,82.6,83.7,88.8,88.9,67.3
20141015,1,O3,2.7,6,2,2.8,2,5.8,2,2,31,2,2,4.3,2,20.7,50.9,2,2,53.8,13.9,45.5,39.1,2,2.1,51.4,78.4,29.8,52,19.8,51.5,6.9,2,7.4,3.6,2,8.2
20141015,1,CO,1.1,1,1.1,1.1,1,1,1.2,0.8,0.6,1.2,0.8,1.7,1.4,1.1,0.9,0.9,1.2,0.5,0.6,0.6,0.6,0.8,0.5,0.4,0.4,0.5,0.7,0.8,0.9,1,1.1,1,1.3,1.2,0.7
20141015,2,SO2,17.6,10.2,12.2,4.2,7.5,22.7,10.1,4.6,2,8,9.1,4.3,6.9,24.5,27.7,17.1,4.8,2.3,2.2,4.2,2,2,2,2,9,2,36.4,24.8,23.9,8.3,7.4,31.9,15.8,12.3,11.3
20141015,2,NO2,79.8,79,88.8,86.1,106,94.4,89.2,53.7,48,91.4,69.2,79.2,73.9,55.3,62.6,54.7,37.7,27.4,53,27.2,20.9,53.4,67.5,9.8,16,17.2,83.9,63.6,47.6,78.9,76.4,83.2,87.6,85.2,46.9
20141015,2,O3,2,4.8,2,2.7,2,2,2,2,29.5,2,2,3.2,2,21.9,43,2,2,45,9.9,41.6,38.9,2,2,47.3,77.7,30.1,42.1,25.6,41,2,2,4.7,3.1,2,2
20141015,2,CO,1.1,1,1.1,1.2,1,1,1.2,0.9,0.6,1.3,0.8,1.3,1.1,1.1,1,1.1,0.7,0.5,0.6,0.6,0.5,0.7,0.6,0.4,0.4,0.5,0.8,0.8,0.9,1,1.1,1.1,1.4,1.2,0.6
20141015,3,SO2,13.1,6.8,9.5,4.1,8.3,14.7,7.7,4.8,2,7.7,9.2,3.7,7.6,11.7,28,12.6,2,2,2,4.5,2,2.4,2,2,13.3,2,33.3,21,14,6,5.4,19,12.6,12,5.3
20141015,3,NO2,77,68.9,84.7,84.7,101.4,93.3,85.5,43.5,56.6,92.6,75.4,73.6,70.8,68.7,77.9,53.7,38,34.6,58.1,24.6,19.8,48.7,66.5,9.8,87.2,16,78.9,61.9,61,73.7,70,95.9,88.4,79.4,49.7
20141015,3,O3,2,3.3,2,2.5,2,2,2,2,20.1,2,2,3.5,2,5.4,29.7,2,2,35.3,2.2,42.7,39.1,2,2,41.9,2,29.1,44.5,24.9,15.9,2,2,2,2.1,2,2
20141015,3,CO,0.9,1,1.1,1.2,1,1.1,0.9,0.7,0.6,1.4,0.9,1.4,1.1,1.3,1,1.4,,0.5,0.7,0.6,0.5,0.7,0.6,0.4,0.5,0.5,0.8,0.8,0.9,0.7,1.2,1.2,1.3,1.2,1.1
20141015,4,SO2,8.4,4.9,6.2,3,7.7,6.5,8.3,6.1,2,7.6,6.5,3.4,5,8.6,16.5,13.6,2,2,2,5.4,2,2,2,2,11.2,2,36.5,10,6,5.4,4.9,11.2,3.5,14,5.8
20141015,4,NO2,73.7,59.4,87.3,81.1,92.3,86.1,79.8,39.3,60.6,88.8,68.1,73.1,66.3,68.3,78.7,52.8,46.6,24,49.6,23.3,19.5,41,70.5,11.9,57.4,15.5,81.4,76.4,66.7,61.7,65.8,91.5,86.3,81.4,70.8
20141015,4,O3,3,3.3,2,2.4,2,2,,2,11.1,2,2,3.4,2,4.3,21.4,2,2,42.4,4,42.5,36.3,2,2,41.4,16.8,25.6,38.1,,2,,2.6,2,2,2,2
20141015,4,CO,1,1,1,1.4,1,1.1,0.8,0.7,0.6,1.5,0.8,1.3,1.1,1.3,1.1,1.5,0.5,0.5,0.8,0.6,0.5,0.8,0.6,0.4,0.4,0.5,0.8,0.8,0.8,0.7,1.3,1.5,1,1.4,1.3
20141015,5,SO2,4.2,6.4,6.6,2.7,7.5,4.2,8.5,6.7,2,7.6,4.4,4.1,3.2,6.3,11,11.5,2,2.6,2,5.3,2,2,2,2,20,2,29.4,8,4.9,7.5,3.8,12.2,9.6,15.7,4.7
20141015,5,NO2,81,70.3,88.9,78.7,85.5,87.3,81.1,41.3,54.4,85.2,71.1,79.4,56.2,68.1,68.7,49.3,61.8,61.2,47.4,26.4,18,39.4,49,15.4,71.6,,72.4,77.1,71.1,48.2,74.9,86.2,84.2,81.5,75.4
20141015,5,O3,2,3.7,2,2.1,2,2,2,2,19.4,2,2,3.3,2,2.4,19.7,2,2,12.2,3.9,34,34.4,2,2,39,2,22.2,36.4,2,2,2,2,2,2.1,2,2
20141015,5,CO,1.4,1.1,1,1.3,0.8,1.2,0.7,0.8,0.5,1.3,0.6,1.1,0.9,1.3,1.2,1.5,0.5,0.6,0.7,0.7,0.5,0.7,0.5,0.4,0.5,0.5,0.8,0.8,0.9,0.7,1.2,1.4,1,1.5,1.1
20141015,6,SO2,3.3,8.6,7,3.3,6.1,4.6,7.7,6,2,5.5,4.1,3.6,3.4,4.8,7.7,12.6,2,2.2,2,2.7,2,2,2,2,23.2,2,19.1,7.3,2,7.8,3.9,12.8,12.4,15.5,5.9
20141015,6,NO2,75.3,77.7,83.7,88.5,80.1,88.1,76.2,39.6,43.3,81.4,63.7,83.5,64.5,68.8,59,43.6,62.7,63.2,45.3,37.1,18.5,41.3,49.6,13.9,70.2,16.2,69.7,73.8,55.8,42.7,77.2,90.7,77.9,83,76.9
20141015,6,O3,2,2.4,2,2,2,2,2,2,26.5,2,2,3.4,2,2.2,18.2,2,2,3.9,3.3,14.4,35,2,2,31.3,2,21.1,24.7,2,2,2,2,2,2.8,2,2
20141015,6,CO,1.2,1.2,0.9,1.1,0.7,1.1,0.7,0.8,0.5,0.9,0.6,1.1,0.9,1.4,1.2,1.6,0.7,0.7,0.8,0.8,0.5,0.7,0.5,0.4,0.5,0.5,0.8,0.9,0.9,0.6,1.2,1.4,0.9,1.4,1.2
20141015,7,SO2,4.8,6.3,6.5,3.6,7.2,4.5,7.6,5.3,2,5.6,4.2,3.4,4.1,3.9,7.5,11.6,2,2,2,2,2,3.7,2,2,62.5,2,15.1,6.6,2,7.1,3.4,15.4,10.4,17.8,4.7
20141015,7,NO2,73.5,71.1,82,85.1,81.5,82.2,71.8,41.4,43.4,80.7,44.3,77.3,72.7,68.4,60.2,43.4,57.7,58.2,50.8,46.6,23.3,44.4,55.5,15.7,67.5,15.3,82.7,65.6,49.5,39.2,76.3,91.6,76.9,84,72.4
20141015,7,O3,2,2,2,2,2,2,2,2,24.1,2,12.3,4.4,2,2.3,18.3,2,2,6.8,3.3,2,29.9,2,2,25.4,8.3,18,9.5,2,2,2,2,2,2.6,2,2
20141015,7,CO,1.2,1,1,1,0.8,1,0.8,0.7,0.5,1,0.5,1.2,0.9,1.8,1.3,1.6,0.8,0.7,0.9,0.9,0.5,0.8,0.6,0.4,0.8,0.6,0.8,0.8,0.9,0.7,1,1.4,1,1.5,1.4
20141015,8,SO2,5.1,9.8,8.9,4.2,9.9,6.3,10.7,5.6,2.1,7.6,4.8,4.7,6.6,8.3,10.1,12.3,2,4.8,5.5,3,2,3.3,2,3.2,54.5,2,13.4,7.8,2,6.4,4.4,16.7,11.8,21.2,3.8
20141015,8,NO2,74.4,78.5,84.8,83.7,80.6,82.9,70.9,46.1,45.6,84.8,52.4,83,74.6,78.8,71.1,61.7,58.8,56.9,38.1,51.5,38.9,42.8,47.6,21.1,56.8,13.7,79,66.4,47.2,36.3,77.3,91,77.8,82.8,76.1
20141015,8,O3,3.4,2.6,2,2.8,2,2,2,2,27.9,2,3.7,5,2,3.2,17.2,2,2,3.8,20.6,2.6,11.3,2,2,21.3,13.1,20.5,7.9,2,2,2,2.1,2,3,2,2
20141015,8,CO,1.4,1.1,1.3,1.2,0.8,1.2,1.1,0.8,0.6,1.3,0.6,1.4,1.3,2.3,1.7,1.5,1.3,1.3,0.5,1.2,0.9,0.9,0.7,0.5,1,0.6,0.8,0.9,0.9,0.7,1.1,1.4,1.4,1.8,1.4
20141015,9,SO2,10,16.7,15.2,8.7,16.1,12.9,15,6.5,4.5,10.9,6.4,6.7,10.1,11.5,17,21.5,8.8,5.5,4.5,5.4,6.1,5.8,2,6.7,28.9,6.7,21.5,15,13.3,7.1,9,22.3,18.4,21.7,11.6
20141015,9,NO2,70.7,92.7,86.9,90.9,79.2,83.6,79.1,41.7,48.9,91.2,53.7,95.3,87.6,85,95,78.9,62,53.2,23.4,53.6,57.2,42.1,34.4,24.8,34.8,14.5,75.4,79.5,70.8,67.6,84.7,95.1,78.2,88.8,74.6
20141015,9,O3,14,4.5,5.2,5.9,2.1,5.6,2,18.1,32,2,6.2,5.8,2,2.3,28.7,2,5.8,12.9,45.8,8.7,6.1,8,29.4,28.6,42.9,31.4,24.7,2,2,2.2,3.4,2,5.8,2,9.1
20141015,9,CO,1.2,1.3,1.4,1.2,0.8,1.1,1.1,0.6,0.6,1.4,0.7,1.5,1.3,2,1.6,1.1,1,1.2,0.4,1.1,1.1,0.8,0.5,0.6,0.6,0.6,0.8,1.1,1.1,0.8,1.3,1.3,1.3,1.9,0.9
20141015,10,SO2,4.5,10.8,6.1,10.5,7,8.3,8.1,4.3,2.4,11,2.6,6.5,12.3,7.6,10.2,11.2,11.7,3.9,2,14.5,15.4,10.7,2,3.8,5.8,10.6,30.1,16.1,25.1,18.1,14.5,12.3,10.3,32.6,7.7
20141015,10,NO2,32.8,57.6,41.9,78,33.3,38.5,40.2,19.3,6,81.2,16.6,78.5,103.4,50.1,51.9,42.7,67.8,15.3,8.1,54.2,63.9,43.9,8.4,5.4,17.2,15,67.4,87.5,76.3,81.5,42.4,64.8,51,93.7,27.3
20141015,10,O3,46.7,32.3,35.1,17.4,39,43.7,32.3,53.5,,2,64.9,17.7,2.1,35.3,65.9,34.4,10.2,59.6,67.1,27.9,17.8,19.9,74,71.8,63.8,50.7,54.9,3.3,20.6,16.6,34.5,25.1,28.3,2,51.4
20141015,10,CO,0.5,0.6,0.5,1,0.3,0.4,0.4,0.3,0.2,1,0.3,0.9,1.4,0.6,0.5,0.5,0.9,0.4,0.2,0.9,1,0.8,0.1,0.2,0.3,0.6,0.7,1,1.1,0.7,0.6,0.9,0.5,1.8,0.2
20141015,11,SO2,2.5,5.2,3.5,4.4,4.6,5.1,7.9,4.7,2,4.6,2,2.5,3,2,5.6,3.4,3.1,4.8,2,19.1,13.5,20.2,2,2.5,9.2,16.6,17.5,7.1,14.4,17.7,6.7,5.2,6.5,16.8,5.3
20141015,11,NO2,14.2,22.6,17,17.1,15.7,18.3,31.9,18.4,3.8,38.4,12,18.2,37,12.1,29.2,17.9,48.4,12.9,7.7,50.2,47.9,53,7.9,5.7,15,16.2,71.9,56.4,58.7,80.6,16.5,21.4,24.8,73,10
20141015,11,O3,64.1,63.2,56.1,62.2,54.4,64.5,40.1,54.8,102.3,30.6,69,66.9,42.1,70.2,94.2,60.3,37,59.8,66.9,48,44.8,34.6,71.4,69.8,63.3,78.4,46.3,28,39.6,30.4,59.1,60.8,51.4,9.7,68.4
20141015,11,CO,0.3,0.3,0.4,0.3,0.2,0.3,0.3,0.3,0.2,0.4,0.2,0.3,0.4,0.2,0.3,0.2,0.4,0.4,0.2,0.8,0.8,0.8,0.1,0.2,0.3,0.6,0.6,0.5,0.7,0.5,0.3,0.3,0.3,0.9,0.1
20141015,12,SO2,2,2.5,2,2,3.9,2.8,6.3,4.6,2,2,2,2,2,2,3.1,2.3,2,6.4,2,9.3,2,10.6,2,3.5,10.3,2,9.2,5.9,4.9,4,3.4,2,3.1,8.2,
20141015,12,NO2,9.6,17.5,13.1,8.4,13.3,12.2,26.1,16.3,2.5,20.5,12.3,12,,13.5,10.3,13.1,27.3,13,4.5,29.3,4.7,25,7.4,6.3,16.8,3.7,58.6,45.4,26.8,7.7,14.7,14.3,21.4,51.9,
20141015,12,O3,67.8,68,59.1,70.2,55.2,69,43.8,56.4,104,51.5,71.5,74.8,47.7,72.2,116.3,63.7,59.9,59.2,70.1,66.6,71.7,65.7,72,67.5,62.7,85.7,60.2,35.4,60.7,79.3,61.4,65.6,55.4,21.7,
20141015,12,CO,0.2,0.2,0.3,0.3,0.2,0.2,0.2,0.3,0.2,0.3,0.2,0.2,0.2,0.2,0.1,0.2,0.2,0.4,0.2,0.4,0.2,0.4,0.1,,0.3,0.3,0.3,0.3,0.3,0.1,0.3,0.2,0.3,0.5,
20141015,13,SO2,2,3.3,2,2,2.3,3.5,6.8,6.2,2,2,2,2,2,2,3.3,2.7,2,2.7,2,2.3,2,2,2,2,3.9,2,3.8,6,2,3,3.6,2.8,4.7,7.9,5.1
20141015,13,NO2,9.3,18.5,11.8,5.6,12,11.8,23.5,16.4,3.6,19.3,17.9,11.9,13.6,14.7,9,12.3,21.2,12.2,4.4,11.3,5.1,8.2,6.9,3,14.5,2,43,39.1,2,7.1,14.9,14.9,21,54.2,5.8
20141015,13,O3,68.9,68.7,62.3,72.8,58.7,71.8,47.7,58.7,104.9,55.6,74.9,78.2,58.9,73.8,124,64.4,62.8,64.4,71.1,78,71.5,76.9,75.5,69.7,69.6,83.5,75.5,38,74.4,81.4,63.6,67.9,57.6,22.9,70.5
20141015,13,CO,0.2,0.2,0.3,0.3,0.2,0.2,0.2,0.3,0.2,0.3,0.2,0.2,0.2,0.2,0.1,0.2,0.2,0.3,0.2,0.3,0.2,0.2,0.1,,0.3,0.3,0.2,0.3,0.1,0.1,0.3,0.2,0.3,0.4,0.1
20141015,14,SO2,2,4.3,2.6,3,3.7,3.6,6.9,6.4,2,3.2,2,2,2,2,3.9,2.3,2,2,2,2,2,2,2,2,2.9,2,2,4.9,2,2,4,3.6,,9.2,3.5
20141015,14,NO2,9.6,19.2,10.6,6.8,10.7,13.5,21.8,13.6,4,20.6,35.3,11.5,16.6,16.5,9.6,11.7,15.2,10.3,4,4.5,4.6,8.4,7,2,10.6,2,23.4,31.4,2,7.1,15.2,11.9,,56.1,6.7
20141015,14,O3,71.9,71.1,65.6,75.1,63.3,74.3,50.3,61,107.7,57.2,79,82.1,57.9,75.2,129.9,66.7,68,69.3,73.5,77.7,74.6,79,76.5,79,74.5,84.4,75.3,42.5,74.6,83.2,66.5,71.9,,22,74
20141015,14,CO,0.2,0.2,0.3,0.3,0.2,0.3,0.2,0.2,0.2,0.3,0.2,0.2,0.2,0.2,0.1,0.2,0.2,0.3,0.2,0.2,0.2,0.2,0.1,0.1,0.3,0.2,0.1,0.2,0.1,0.1,0.3,0.2,,0.4,0.1
20141015,15,SO2,2,3.3,2,2.5,2.4,2.6,4.9,2,2,3.1,2,2.3,2,2,3.9,2.1,2,2,2,2,2,2,2,2,2.7,2,2,4.5,2,2,3.2,3.8,,8.2,3.7
20141015,15,NO2,10.2,21.8,11.6,7.6,11.1,18.2,22.7,2,3.3,22.7,48.6,14.5,15.7,26.8,8.2,12.8,11.8,9.8,3,7.6,4.5,8.1,6.7,2,9.9,2,6.7,27.7,2,8.4,16.4,11.6,,56.5,7.4
20141015,15,O3,73,70.7,66.7,76.1,64.4,73.6,50.9,63.9,,56.2,79.5,81.6,58.8,71.2,137.1,67.5,71.2,71.3,75.9,75.6,76.9,82.2,79.5,81.1,75.9,89.5,75.3,44.2,73.9,83.1,68.6,73.4,,24.2,76.6
20141015,15,CO,0.2,0.2,0.3,0.3,0.2,0.2,0.2,0.2,0.2,0.3,0.2,0.3,0.2,0.2,0.1,0.2,0.1,0.3,0.2,0.2,0.2,0.2,0.1,0.1,0.3,0.2,0.1,0.2,0.1,0.1,0.4,0.2,,0.4,0.1
20141015,16,SO2,2,2.7,2,2.4,2.2,2,2.6,2,2,3.5,3,3.6,2,2,3.7,2,2,2,3,2,2,2,2,2,2.2,2,2,4.8,2,2,2.1,3.1,,7.2,2
20141015,16,NO2,11.1,23.8,13.2,8.2,12.8,20,23.1,11.2,3.5,25.5,52.7,14,,21,11.8,12.6,10.9,8.9,3.4,7.2,4.9,8.1,7,2,9.9,2,6,26.3,2,8,16.2,15.1,,59.3,9.5
20141015,16,O3,74.3,69.8,67.5,78,63.2,73.4,51.4,63.8,,56.2,79.1,83.9,37.3,73.7,140,68.6,73.4,71,75.3,78.4,77.2,80.6,79.6,83,78.7,89.9,76.4,43.9,74,83,70,72.1,,22.6,73.7
20141015,16,CO,0.2,0.3,0.3,0.3,0.2,0.2,0.2,0.2,0.2,0.3,0.2,0.2,0.2,0.2,0.1,0.2,0.1,0.2,0.2,0.2,0.2,0.2,0.1,0.1,0.3,0.2,0.1,0.2,0.1,0.1,0.3,0.2,,0.4,0.1
20141015,17,SO2,2,2,2,2,2,2,3.8,2,2,4.1,3.9,4.1,2,3.4,2.6,2,2,2,4,2,2,,2,2,2.1,2,2,4.1,2,2.2,2,2,,2,2
20141015,17,NO2,13.1,26.7,18,11,13.5,22.9,23.8,10.9,3.2,31.6,52.6,18.2,19.9,21.2,10.5,15.9,11.2,8.4,4.5,9.4,6.6,,8.5,2,3.4,2,6.3,26.6,2,9.6,19.6,16.9,,60.6,9
20141015,17,O3,72.2,65.8,62.5,73.9,60.7,68.7,49,62.6,111.8,48,77.8,78.8,59.2,70.6,148.5,64,72,72.2,74.3,74.8,74.9,,76.1,83,83.6,88,73.4,42.2,72.9,81.6,66.3,69.2,,21.5,73.8
20141015,17,CO,0.2,0.2,0.3,0.3,0.2,0.2,0.2,0.2,0.3,0.3,0.2,0.3,0.2,0.2,0.1,0.2,0.1,0.2,0.2,0.2,0.2,,0.1,0.1,0.3,0.2,0.2,0.1,0.1,0.1,0.3,0.2,,0.4,0.1
20141015,18,SO2,2,2.4,2,2,2,2,3,3.6,2,4.7,3.4,4.5,2,3.5,2.5,2,2,2,4.4,2,2,2,2,2,2.4,2,2,4.8,2,2.6,2,2,,2,2
20141015,18,NO2,20.2,26.3,24,14.2,17,27.7,25.1,10.6,4.4,39.6,38.2,22.8,19.3,24.8,18.4,20.6,14,11.8,6,11,8.1,6.5,12.3,2,8,2,5.6,29.5,4.3,13.2,19.8,21.8,,61.3,13.6
20141015,18,O3,64.5,65.4,56,69.9,55,63.1,46.2,60.1,108.2,38.3,75,72.6,58.1,65,136.4,55.8,66,69.2,70.9,74.2,73.2,77.9,73.1,82,77.5,84.5,73.5,37,65,76.6,64.7,63.1,,17.6,65.7
20141015,18,CO,0.2,0.3,0.3,0.3,0.2,0.2,0.2,0.2,0.3,0.4,0.2,0.3,0.3,0.3,0.2,0.2,0.1,0.2,0.2,0.2,0.2,0.2,0.1,0.1,0.3,0.2,0.2,0.2,0.1,0.1,0.3,0.2,,0.4,0.1
20141015,19,SO2,2,2,2,2,2.8,2,3.4,4.7,2,2.3,5.3,2.8,2.1,3.9,2.3,2,2,2,4.9,2,2,2,2,2,2.5,2,2,4.9,2,3,2,2.5,,2,2
20141015,19,NO2,26.9,32.7,30.7,22.1,24.1,39.5,26.6,9.7,4,49.2,27.5,22.8,25.6,29.9,22.2,25,18.6,20.6,6.3,11.6,8.4,7.4,14.9,2,10.7,2,7.2,38.8,4.8,22.1,28,22.9,,65.9,26.3
20141015,19,O3,55.7,55.1,47.7,59.6,46.9,49.2,42.1,59.2,105.8,24.4,66.3,70,49.3,55.6,130,48.1,60,58.8,68.6,72.3,72,75.2,69,78.4,73.5,83.9,68.5,24.9,60.1,64.2,55.3,60,,12.6,49.6
20141015,19,CO,0.3,0.3,0.4,0.3,0.3,0.3,0.2,0.2,0.3,0.4,0.2,0.3,0.3,0.3,0.2,0.2,0.1,0.3,0.2,0.3,0.2,0.2,0.2,0.1,0.3,0.2,0.2,0.2,0.1,0.1,0.4,0.2,,0.5,0.2
20141015,20,SO2,2,2,2,2,2,2,2.7,3.9,2,2.1,3.2,2,3.5,2,2.4,2,2,2,2,2,2,2,2,2,2.3,2,2,4.5,2.3,3.1,2,2,,2,2
20141015,20,NO2,34.2,41.6,31.5,21.9,41.3,56.3,31.7,16.2,5,61,23,22.8,35.6,30.6,27.7,23,19.5,20.1,9,8,8.6,32.7,10.6,2,11.6,2,7.8,46.8,5,42.3,30.2,29.5,,69.4,67.7
20141015,20,O3,48.1,44.2,45.5,58.1,29.7,29,36.7,49.6,103,9.4,61,68.3,37.1,52.1,119.9,51.1,58.3,57.5,62.8,74.8,70.1,41.7,72.4,76.6,71.5,81.8,66.2,16.2,56.7,39.6,51.6,51.9,,8.9,7
20141015,20,CO,0.3,0.3,0.4,0.3,0.4,0.3,0.2,0.3,0.3,0.4,0.2,0.3,0.3,0.3,0.2,0.2,0.2,0.3,0.2,0.2,0.2,0.3,0.2,0.1,0.2,0.2,0.2,0.2,0.2,0.1,0.4,0.2,,0.5,0.4
20141015,21,SO2,2,2,2,2,2,2,2.1,3.5,2,2,2,2,5,2,3,2,2,2,2,2,2,2,2,2,2.6,2,2,3.2,2.7,2.8,2,2,,2,3
20141015,21,NO2,57.6,59.1,29.9,21.3,59.6,50.1,30.9,15.7,6.6,54.3,18.1,23.8,62.3,44,59,13.2,15,22.7,15.5,8.6,11.3,12.2,9.3,2,14.5,2,8.2,42.3,11.9,41.3,38.8,44.6,,70.7,72
20141015,21,O3,24.1,23.1,46.5,58.4,12.1,31.9,35.7,50.6,99.7,14.3,62.4,65.2,11.9,35,82.6,60.8,63.6,51.6,52.5,70.7,64.4,63.5,71.8,74.9,69.5,80.3,63.4,25.8,46.1,37.1,40.4,36.3,,9.6,2
20141015,21,CO,0.5,0.4,0.3,0.3,0.4,0.3,0.2,0.3,0.3,0.4,0.2,0.3,0.5,0.3,0.4,0.2,0.1,0.3,0.2,0.2,0.3,0.2,0.1,0.1,0.2,0.2,0.2,0.2,0.2,0.1,0.4,0.3,,0.4,0.8
20141015,22,SO2,2,2.2,2,2,2,2,2.4,3.3,2,2,2,2,4.9,2,3.6,2,2,2,3.9,2,2,2,2,2.5,4.1,2,2,2.7,2,4.3,2,7.4,,2,2
20141015,22,NO2,67.7,77.6,50.1,35.5,66.6,50,58.7,25.6,9.9,56.2,17.1,47.5,65.7,74.3,76.2,17.6,16.1,46,25.8,11.6,33.5,4.4,8.5,9.9,36,2,9.5,40.6,25.2,63.4,63.9,79.9,,74.5,70.7
20141015,22,O3,11.4,4,27.1,39.2,4.6,29,7.7,35.4,89.4,10.8,54.7,39.5,7.4,3.9,58.2,52.9,61.9,26.3,42,65.5,37.2,73.3,71.3,42.4,45.1,77.9,57.8,26.2,27.7,14.8,15.4,7.4,,2,2
20141015,22,CO,0.5,0.5,0.3,0.4,0.5,0.3,0.3,0.3,0.3,0.3,0.2,0.3,0.7,0.5,0.4,0.2,0.1,0.4,0.2,0.2,0.5,0.2,0.1,0.2,0.3,0.2,0.2,0.2,0.3,0.1,0.6,0.7,,0.5,0.7
20141015,23,SO2,2,2.2,2,2,2,2,2.3,3.3,2,2,2.2,2,2,2,3.2,2,2,2,5.5,2,2,2.5,2,3.8,11.7,2,2,3.4,2,6,2.1,18.4,,2,2
20141015,23,NO2,74.8,69.1,56.8,69,59.9,49.2,69.8,48.6,14.1,56.9,21.5,82.6,68.5,69.1,78.1,26.6,19.3,53.3,39,12.7,29.6,33.5,17.3,9,51.3,2.2,8.5,50.9,16.9,29.6,75,98.7,,82,69.1
20141015,23,O3,3.6,2.6,19.4,4.8,10.1,27.2,2,8.9,72.6,8.5,48.9,7.7,2,6.7,49.4,40.8,56.8,17.1,26.9,61.3,38.1,35.6,59.5,41.2,23.3,65,61.9,10.9,14.9,44.6,2,2,,2,2
20141015,23,CO,0.7,0.4,0.3,0.6,0.4,0.4,0.5,0.4,0.3,0.3,0.2,1.4,0.6,0.4,0.4,0.2,0.2,0.4,0.3,0.2,0.4,0.4,0.2,0.2,0.4,0.2,0.2,0.2,0.2,0.1,0.8,1.2,,1.1,0.8
