date,hour,type,dongsi,tiantan,guanyuan,wanshouxigong,aotizhongxing,nongzhanguan,wanliu,beibuxingqu,zhiwuyuan,fentaihuayuan,yungang,gucheng,fangshan,daxing,yizhuang,tongzhou,shunyi,changping,mengtougou,pinggu,huairou,miyun,yanqing,dingling,badaling,miyunshuiku,donggaocun,yongledian,yufa,liulihe,qianmeng,yongdingmengxi,xizhimengbei,nansanhuan,dongsihuan
20141216,0,PM2.5,3,7.3,6.4,7.6,13.7,9,6,9.5,3,6.3,4.7,5.9,4,3,12.5,10.5,3,9.8,3,5.8,8.9,10.1,12.5,7.7,5.6,3,11.3,12.2,9.4,7.6,8.9,3,9.1,7.8,7.7
20141216,0,PM10,5,21.6,9.7,16.9,24.8,21,15.5,16.2,15.6,22.4,31.7,138.7,33,47.9,17.9,34.7,10.5,23.7,31.9,16.3,10.7,32.4,16.4,12.7,18.1,25.5,35.6,37.3,19.7,15.9,16.6,17.5,22.1,13.9,14.4
20141216,0,AQI,85,89,67,84,104,115,77,75,62,93,83,88,112,110,124,118,92,76,71,80,62,82,79,70,61,56,106,169,146,201,103,103,98,101,120
20141216,1,PM2.5,3,3,4.8,5.3,8.3,7.2,3.7,8.1,5.7,7.2,7.9,6.3,4.3,8.2,3.7,12,4.8,10.6,3.3,11.2,4.5,12.6,9.5,5.1,6.1,8.3,11.3,7.9,14,3,3.4,6.7,15.2,6.3,8.3
20141216,1,PM10,5,18.4,5,15.6,15,11.5,16.5,18.8,18,26.9,16.9,67.1,20.6,56.6,12.3,26.7,7.8,18.6,16.3,16.2,5,30.5,12.1,7.4,18.3,14.2,30.6,25.4,,5,13.1,16.9,17.5,22,14.9
20141216,1,AQI,81,85,64,77,92,102,72,69,53,88,78,82,106,101,110,101,86,73,68,77,59,74,70,61,58,54,95,147,134,171,93,94,92,92,105
20141216,2,PM2.5,3,,6,5.1,9.3,6.4,3,7.7,5.4,7.7,6.9,3.7,7.3,5.2,4.9,5.5,3,6.6,3,8.8,7.7,11.1,3,3.8,6.4,5.7,14,9.9,11,10,6.6,9.5,11,7.9,8.7
20141216,2,PM10,5,,11.9,20.5,17.1,10.8,27.1,21,22.1,19.4,12.1,15.4,26.4,17.5,12.7,13.2,5,16.5,8.2,19.2,,35.7,11.1,8.5,17.1,17.1,25.7,18.5,19.2,,17.4,22.3,20.4,20.9,13.9
20141216,2,AQI,75,,61,71,79,87,68,65,49,84,72,78,99,92,93,88,80,70,65,74,58,65,61,56,56,53,85,127,120,139,79,80,83,81,90
20141216,3,PM2.5,3,7.5,9.7,4.7,7.6,6.8,5,7.9,13,5.5,7.4,7.7,5.5,6.1,3.8,3,3.3,7.9,3.2,9.5,5,15.4,3.9,12.5,6.2,8.2,6.5,6.9,10.6,13.6,9.3,8.6,10.5,6.4,8.4
20141216,3,PM10,12.2,17.9,12.4,22.7,22,14.3,16.8,20.7,20.2,16.9,23.9,8.6,21.9,12.5,20.4,14.4,17.1,16,5,14.9,,37.2,12.4,20.5,27.4,18.9,30.4,14.5,,,21.1,25.8,24.7,19.3,16.4
20141216,3,AQI,69,74,56,65,72,72,62,60,47,78,67,74,92,85,77,81,74,67,61,70,57,60,53,52,54,52,76,108,105,116,66,68,77,68,74
20141216,4,PM2.5,3,9.9,7.7,7.3,7.2,3.7,3.1,7.9,9.6,5.4,6.1,7.7,3.5,8.1,9.2,4.9,7.5,4.2,3.2,5.2,5,24.4,3.1,4.1,11.3,6.7,11,7.7,9.8,25,12.6,6.6,13.1,5.5,8.2
20141216,4,PM10,13.8,14.4,,13.1,16.9,10.7,6.2,16.4,10.8,9.9,23.4,,18.9,8.2,15.4,11.8,24.7,22,5,11.6,,46.3,12.2,16.8,28.8,16.8,22,15.6,,,,10.9,17.6,7.5,10.7
20141216,4,AQI,62,67,52,59,64,65,57,55,39,72,63,72,85,78,70,74,69,64,59,66,55,56,48,47,52,50,68,90,92,96,61,62,71,62,62
20141216,5,PM2.5,3,,9.4,3,5.5,11.1,4.8,10.1,6.3,3.5,6,5.4,3.7,6,6.7,4.9,6.7,4.2,3,8.8,,23.1,9.8,10.4,6.7,5.7,7.6,6.8,5.7,5.4,10.1,6.3,6.6,6.2,4.6
20141216,5,PM10,5,,,9.2,18.3,11.3,6.1,15.4,11.6,8.2,22,,14.8,,10.5,14.7,12.2,24.8,5,19.8,,42.6,12,21.6,33.1,17.2,18.2,15.8,9.4,9,10.1,8,14.4,14.8,19.2
20141216,5,AQI,54,,43,54,57,57,52,50,38,67,59,69,81,73,63,69,64,61,57,63,,54,41,41,50,46,60,81,83,80,55,56,63,57,55
20141216,6,PM2.5,3,3.8,7.7,5.7,8.6,10.1,3,8.8,5.8,8.9,3,4.5,5.2,5.2,5.2,4.9,9.6,11.4,4.5,9.8,,26.3,3,9.1,8.9,7.7,4.7,14.1,23.5,17.9,7.9,3.5,7.1,3,8.8
20141216,6,PM10,12.3,14.6,,13.4,18.9,,5.7,16,11.9,,15.5,5,20.8,14.9,8.7,14.1,24.9,27.4,5,15.4,,54.4,13.4,27.7,25.3,17.7,12.8,22.5,,28.8,8.4,5.8,13.4,28.5,17.8
20141216,6,AQI,45,54,34,44,50,51,44,44,35,63,55,66,76,65,56,63,58,58,55,60,,51,35,35,47,42,55,74,77,66,45,48,57,52,46
20141216,7,PM2.5,4.1,3.2,8.6,3,8.7,7,7.1,7.7,11.9,5.6,8,7.4,3,9.1,8.1,6.6,9.8,8.6,5.6,7.9,3,20.2,5.6,14.2,8,5.4,5.2,14.3,44.7,26.6,3,4.9,6.9,7.7,7.6
20141216,7,PM10,19.5,17.3,,18.9,23.7,14.9,10.9,23.2,14.3,14.9,25.6,,14.1,17.6,13.1,16.9,29.9,27.6,,21.7,9.1,48.4,15.6,33.4,24.5,16.8,27.1,25.9,55.9,40.1,14.5,14.4,20.8,32.4,39.5
20141216,7,AQI,40,51,32,39,47,46,41,41,32,60,53,65,72,64,51,57,54,56,53,56,40,48,29,31,42,38,52,67,69,55,40,47,54,48,45
20141216,8,PM2.5,3.4,,4.7,3.8,10.1,9.1,3.6,7.3,6.4,7.5,4.7,8.1,3,12.8,5.3,5.4,12.2,11.4,9,15.7,3.6,22.6,4.5,9.5,7,7,10.9,10.6,80.2,23.2,13.5,6.7,8.4,8.1,7.8
20141216,8,PM10,30.3,,8.3,20.7,27.2,20.1,19.8,18.8,13.5,17,17.8,,22.3,19.5,18.2,21.1,24.3,29.3,,39.8,10.6,65.6,16.5,18.7,20.3,17,17.5,29.2,,33.2,19,22,29.4,25.7,31.5
20141216,8,AQI,38,,29,36,45,45,39,40,30,56,51,63,69,62,48,56,52,54,53,53,30,45,25,29,39,35,46,60,61,41,38,44,52,44,44
20141216,9,PM2.5,3,5.1,9.1,6.4,5.8,9.8,7.7,7.8,9,5.3,9.4,8.5,3.4,11.1,7.7,7.7,14.2,9.1,3,42.9,8.2,25.1,11.7,3.8,10,3.3,22.4,11.1,89.6,65.7,4.9,7.2,12,7,10.7
20141216,9,PM10,32.5,25.7,,25.6,29.6,26.6,17.8,22.3,12.7,14.8,14.3,,21,12.9,22.1,25.2,44.5,35.7,5,108.6,,58,22.2,17.2,19.9,12.5,45.4,35.9,99.5,94.4,17.2,38.8,27.6,27.2,26.5
20141216,9,AQI,36,46,28,34,42,43,37,39,28,51,48,60,67,57,45,54,51,51,52,50,26,39,22,27,36,32,38,58,62,34,36,43,51,41,44
20141216,10,PM2.5,3,6,5.6,7.3,12,7.8,6,11.1,3,6.4,6.3,8.8,3,10.1,11.1,6.1,23.8,15.7,3.6,35.4,7.3,13,7.5,6,10.5,5.4,,12,35,90.5,6.4,9.8,11.4,13,14.2
20141216,10,PM10,142.6,28.4,7.3,36.6,48.9,55.6,11.8,39.1,12.9,22.6,21.9,,20.3,25.4,44.7,28.7,45.1,54.7,6.3,68.1,11.6,,16.8,13.3,30.2,14.4,,44.7,69.4,97.8,22.6,37.7,28.8,53.5,115.2
20141216,10,AQI,39,45,27,34,42,42,36,38,28,50,47,61,65,57,45,52,50,44,51,44,26,38,21,25,35,31,,56,59,38,35,43,51,41,44
20141216,11,PM2.5,3,,10.8,7.6,6.5,8.9,3,10.1,3,8.3,6.4,4.5,4,6.4,4.9,8,10.9,14.6,3,8.6,3.1,3,5.1,6.6,11.7,3,15.8,11,,73.1,3.5,6.1,14,13.5,8.3
20141216,11,PM10,78.3,,,28.1,40.3,56.2,9.7,24.6,22,46.2,23.8,9.3,18.1,52.7,66.1,43,16.2,43.5,5.6,24.8,15.5,9.5,12.1,13.6,21,5,35.2,67.3,,82.1,22.5,49.3,51.4,45.5,34.8
20141216,11,AQI,36,,29,34,41,41,36,38,28,50,46,59,63,56,46,50,48,40,51,42,25,38,22,24,34,30,30,54,59,41,34,43,51,42,42
20141216,12,PM2.5,4.8,5.9,12.3,6.8,8.4,6.3,8.6,6.8,7.1,10.9,7.1,8,4.2,,10.3,13.1,7.3,12.4,,9,5.3,6.5,6.7,3,8.2,3,4.6,8.7,8.9,27.9,8,8.8,3.1,12.5,9.4
20141216,12,PM10,50.2,47,34.3,52.5,40.1,46.4,42.6,61.2,35.5,35,26.9,29.4,21.2,,49.5,30.7,,48,,15.8,,,21.5,11.4,24.7,6.4,22.1,63.1,87.1,,34.7,40.8,46.5,91.7,
20141216,12,AQI,37,43,29,35,40,41,37,39,29,49,41,58,55,55,45,48,46,37,51,38,25,39,22,24,34,29,30,53,56,41,34,42,49,43,42
20141216,13,PM2.5,4.8,9.5,5.9,7.1,11.4,10.3,8.7,13.4,8.3,9.6,10.7,7.1,8.3,9.9,12.1,,5.8,11.9,5.3,6.2,4.3,3,3,8.1,7.3,5.8,7.1,11.4,14.9,18.5,11.3,6.4,12.2,15.3,13.6
20141216,13,PM10,104.1,75.3,34.5,90.8,67.8,70.2,37.4,63.2,47.3,33.4,28.5,14.9,44.3,537.2,59.6,,35.2,40,,61.5,16.4,11,17.8,11.1,22.1,9.1,9.1,95.9,60.8,,51.6,47.4,104.9,117.7,110.5
20141216,13,AQI,40,43,28,37,41,42,36,39,30,48,38,56,51,64,44,,45,35,45,39,26,37,23,23,34,28,29,54,53,41,34,41,51,46,44
20141216,14,PM2.5,3.6,,11.8,3.2,,7.5,4.9,6.5,11.6,9.5,6.1,7.2,6.9,9.2,9.9,10.4,3.4,9.9,6.4,9,4,4.9,3.4,6.4,6.8,3,9.7,14.8,5.9,19.9,3,12,11,13.1,12.9
20141216,14,PM10,31.7,,41.3,47.9,,50.4,50.7,40.3,41.7,74.3,41.2,46.9,31.2,364.6,53.1,,9.9,25.3,58.2,104,15.8,25.3,14.5,12.3,26.8,10.6,26.6,119.5,52.7,,20,59.2,111.6,72.2,58.6
20141216,14,AQI,39,,28,36,,40,34,36,30,47,37,54,49,70,42,47,42,34,38,41,25,37,23,22,34,26,30,54,52,41,32,40,51,46,42
20141216,15,PM2.5,4.9,12.4,8.2,7.2,,12.1,7.9,10.5,9.8,8.6,8.8,11.5,6.1,6.7,6.3,9.2,3,6.8,5,5.2,3.5,7.7,4.8,5.1,4.1,3.4,6.2,10.4,4.4,10.8,13.8,9.6,6.6,5.8,9.6
20141216,15,PM10,33.7,142.3,44.1,43.7,,47.9,57,34.7,32.7,39.8,30.4,31.1,38.3,225.2,71.5,,29.5,29.3,5,109.8,14.9,32.2,18.6,17.1,32,17,60.9,81.4,67.7,13.5,49.2,52.9,56.8,40.2,45
20141216,15,AQI,38,48,27,36,,39,33,34,29,45,34,49,47,72,43,45,39,33,33,44,23,36,23,20,33,24,32,53,52,39,32,39,47,43,41
20141216,16,PM2.5,4.2,3.2,6.4,7.3,,3,3.4,10.4,12.3,9.8,5.8,10.9,3.7,8.3,11.2,6.3,4.6,10.3,7.9,9.3,4.7,6,6,3,4.6,9.9,5.3,5.8,6.6,7.2,13.4,5.4,11.6,7.7,6.6
20141216,16,PM10,24,48.8,22.5,41.6,,34.1,40.2,31.3,31.5,33.1,35,32.6,40.7,179,49.4,,20.2,27.6,32.8,73.4,17.7,19.7,21,15.5,50.8,16.1,23.9,52.7,63,19,31.5,37.3,41.5,36.6,27.6
20141216,16,AQI,37,47,25,35,,37,30,33,27,41,31,45,39,74,41,43,36,32,31,43,24,36,24,20,33,22,32,53,52,38,30,38,45,42,39
20141216,17,PM2.5,4.4,,5.9,6.2,,7.2,5.8,6.9,8.9,8.1,7.9,11.3,6.2,3,5.8,9,4.7,8.2,6,4.6,5.3,5.9,3,3.1,9.1,4.6,3,7,7.7,9.4,12.5,5.5,7.6,9.2,4.8
20141216,17,PM10,35.1,,28.1,41.4,,33,59.4,52.1,43,37.7,37.2,44.5,41.3,160.1,38.4,,19,34.1,35.9,43.4,17.1,22.3,40.9,12.8,63,10.9,26.3,43.8,53.1,26.1,40.3,49.2,50.4,48.3,31.8
20141216,17,AQI,36,,25,34,,35,29,33,27,38,30,41,37,75,39,40,30,32,28,42,23,34,25,20,33,22,31,52,51,38,29,36,44,41,37
20141216,18,PM2.5,3.4,14.6,11.7,9,,,7.9,14.9,9.8,14,3,7.5,11.8,14.5,8.1,11.6,3,10.1,7,7.2,4,4.6,7.8,5,8.7,5.1,11.4,15.5,11.5,29.9,15.9,6.8,9.9,10.4,9.9
20141216,18,PM10,57.2,58.4,36.2,53.5,,48.9,53.7,60.5,44.6,46.7,45.5,37.4,59.6,151.5,54,,29.7,53.5,35.7,31.3,20.7,20.2,61.6,28.3,76.9,14.8,28.1,58.9,68.5,71.6,52.7,59.7,62.3,58,47.5
20141216,18,AQI,35,45,24,34,,35,29,33,27,36,29,40,36,76,38,35,26,33,26,41,23,33,24,20,34,22,31,51,51,38,29,35,43,40,37
20141216,19,PM2.5,3,7.1,7.7,12.4,12.1,,4.9,9,4.4,5.5,7.9,6.7,11.8,14.4,6.2,14.6,6.7,10.8,10.9,14.2,5.9,5.9,8,4.8,6.7,3,10.5,36.6,40.8,11.2,10.2,10.4,10.5,10.5,11.7
20141216,19,PM10,62.2,59.3,36.7,46.1,52.9,57.3,54,54.9,47.9,72,62.2,67.8,116.1,138,52.1,33.9,22.8,56.5,59.3,24.3,22.2,27.6,60.7,35.7,67.8,18.1,34.1,76.3,70.5,58.7,52.8,52.1,66.8,46.2,57.2
20141216,19,AQI,35,45,24,33,33,35,29,33,27,35,29,38,37,76,37,30,24,33,26,40,23,33,24,20,35,22,30,50,51,39,29,35,43,40,37
20141216,20,PM2.5,4.1,,9.5,7.3,6.5,4.1,8.4,5.4,9.8,8.9,3,9.3,7.1,10.3,10.4,10.1,7.8,13.6,11.7,11.2,3.3,5.5,9.6,5.1,13.3,4,15.7,28.8,28,13.5,6.9,10.2,14,13.4,11.2
20141216,20,PM10,55.5,,39.5,47.3,,47.9,92.5,59.8,51.6,69.6,59.1,65.9,57.6,137.1,52.9,26.9,29.3,74.7,57.1,19.8,31.4,31.2,62.2,38.9,82.8,18.9,29.6,61.5,74.9,44.1,48.8,49.5,71.6,50.6,55.1
20141216,20,AQI,35,,24,34,33,35,31,34,27,36,30,39,38,77,37,27,24,35,25,39,23,34,24,20,37,22,30,49,51,40,29,35,43,40,38
20141216,21,PM2.5,5.8,6.8,8.6,5.2,7.3,8,11.3,10.2,5.4,11.5,9.9,11.1,9.5,11.4,9,14.2,7.2,11,9.3,8.4,6.3,6.5,9.3,11.3,10.5,4.6,21.2,32.1,17,40.1,10.8,9.6,10.5,11.3,11.7
20141216,21,PM10,70.5,62.6,36.2,49,60.7,49,68.2,45.5,41.9,54.3,65.4,36.9,64.2,126.9,52.6,31.9,29.8,53,35.1,21.4,25.4,28.4,59.2,40.3,56.4,20.1,37.6,52.5,69.8,86.3,54,56.2,71.5,50.3,51.2
20141216,21,AQI,38,46,25,34,34,35,33,34,27,36,31,40,36,79,37,28,24,36,25,39,23,34,26,20,37,21,30,48,53,44,30,35,44,41,39
20141216,22,PM2.5,5,5.4,10.6,6.3,8.9,7.8,7.6,7.9,3,9.6,3,3,5.7,8,4.4,20.5,12.1,13.9,6.4,10.3,7.6,8.4,3,12,8.2,8.9,19.6,30.7,14.5,84.8,3,8.7,13.9,10.8,8.6
20141216,22,PM10,48.3,42.7,21.2,33.5,49.9,52.8,45.3,34.8,24.2,34,67.7,27.2,45.6,111.4,39.7,46.7,33.1,35.2,30.9,23.5,25.2,26,33.1,38.8,38.9,20.2,38.7,48.7,68.3,136.2,35.2,38,52.8,39.5,45.5
20141216,22,AQI,40,46,25,34,34,36,33,35,27,36,33,39,36,81,37,31,24,36,24,39,23,34,26,21,36,18,31,48,54,50,30,35,45,41,40
20141216,23,PM2.5,5,,9.5,4,11.1,8.3,7.6,12.8,3.8,3,7.3,7.3,6.7,5.3,5.9,28.1,15,15.5,7.3,17.2,3,14.5,4.7,17.3,8.8,13.7,18.8,30.5,16.6,88.3,7.5,8.1,15.3,11.7,10.3
20141216,23,PM10,35,,36,22.2,26.1,29.2,41.4,29,21.9,39,40.9,18.2,28.5,86.3,27.3,59.4,46.5,31.4,10.6,30,17.7,37.4,32.5,34.3,51.4,18.8,31.3,60.7,65.5,131.8,38,36.9,51.5,27.8,31.7
20141216,23,AQI,41,,26,34,34,36,34,35,27,35,33,39,35,82,36,30,25,36,23,39,24,34,26,22,37,16,31,49,55,53,31,36,45,42,40
20141216,0,SO2,8.9,10,6.8,8.5,2,8.6,8.5,9.5,10.2,6.1,2,9.5,3,12.9,7.6,8.1,2,2,5.1,2.3,2,5.8,3.3,3.2,8.3,2,3,15.9,2.6,3.5,9.3,9.8,11.9,11.9,9
20141216,0,NO2,17.3,14.2,12.4,12.8,22.8,17,8.8,7.7,4.1,22.3,18.5,3.6,7.4,7.4,12.7,17.8,4.7,15.8,2,8.3,2,7.9,2.7,2,15.9,3.7,10.9,40.8,3,7.9,10.1,16.1,14.5,28.8,15
20141216,0,O3,52,47.6,50.6,57.3,39.3,53.8,39.9,42,63.7,38.7,52.7,64.5,45.2,61.6,65.7,35.6,56.4,49.6,60.9,56.4,68.2,48.2,66.2,56,44.7,55.5,46.9,26,44.8,64.4,59.6,49.2,53.9,36.6,48.4
20141216,0,CO,0.4,0.3,0.2,0.3,0.4,0.4,0.2,0.3,0.3,0.3,0.2,0.3,0.4,0.3,0.5,0.3,0.3,0.4,0.3,0.3,0.3,0.7,0.3,0.2,0.4,0.3,0.4,0.4,0.4,0.3,0.2,0.3,0.1,0.4,0.4
20141216,1,SO2,6.5,8,5.3,7.3,2,5,6.7,8,11.7,9.9,2,11.2,2,13.1,5.5,8.6,2,3.6,3.7,3.7,2,5.1,2,2.4,5.7,2,3.9,14.4,6.2,3.2,7.2,8.6,9.6,10.7,6.5
20141216,1,NO2,16.2,11.6,10.8,10.1,22.3,17.3,6.9,6.2,4.3,16.7,14.8,4,4.3,6.7,9.3,19.2,3.8,33.8,2,9.9,2,8.9,2,2,12.6,2.2,8.6,40,7.1,8,8.5,12.4,18.6,18.5,12.1
20141216,1,O3,52.8,48.7,51.8,59.9,39.1,53.7,41,42.5,63.3,45,49.1,63.8,39.7,61.5,70,33,47.4,29.3,61,53,69.2,46.5,71.7,56,46.9,57,47.8,25.3,38.1,63.5,60.5,52.3,51.9,42.4,37.1
20141216,1,CO,0.4,0.3,0.2,0.3,0.4,0.4,0.2,0.3,0.3,0.3,0.3,0.3,0.3,0.3,0.5,0.4,0.3,0.5,0.3,0.4,0.3,0.7,0.1,0.2,0.4,0.3,0.4,0.5,0.6,0.3,0.2,0.3,0.1,0.3,0.3
20141216,2,SO2,5.6,,11.5,11.7,2,4.1,,17.1,14.3,7.1,2,5.8,7.5,12.5,7.2,5.5,15.8,5.9,2,2.6,2,4.9,2,2.9,4.9,2.1,4,14.5,17.6,6,15,13,10.2,14.8,12
20141216,2,NO2,14.9,,9.3,9,23,15.6,6.9,7.3,5,15.9,12.3,3.2,2.5,6.8,8.1,20,3.2,34,2,9.2,2,29.1,2,3.3,6.4,4,11,40.4,9.2,13.5,6.8,12.3,6.8,17,9.5
20141216,2,O3,42.4,,52.7,60.9,38.6,54.5,40.6,41.2,62.2,46.2,45.5,64.6,25.5,61,70.8,33.3,27,27,61.8,52.2,68.3,25.4,70.4,52.9,52.7,54.1,43.7,23.3,34.1,56.7,60.9,51.9,61.4,45.2,24.3
20141216,2,CO,0.4,,0.2,0.3,0.4,0.4,0.3,0.4,0.4,0.3,0.2,0.3,0.3,0.3,0.5,0.3,0.2,0.5,0.3,0.4,0.4,0.8,0.1,0.2,0.4,0.3,0.5,0.5,0.8,0.4,0.2,0.3,0.1,0.3,0.3
20141216,3,SO2,8.8,16.7,13.7,14.4,2,8.5,16.8,19,11.7,2,2,2.4,3.6,8,10.9,3.9,6.7,4.5,2,4.7,2,6.3,2,4.2,12.6,2,2.3,14.3,22.1,15.8,15.8,16.1,14.8,16.3,7.6
20141216,3,NO2,13.8,10.9,9.8,10.1,21.5,14.6,6.6,9,5.2,15.6,12.7,2.9,4.3,7.4,7.4,16.7,15.2,17.4,2,10.5,2,36.1,2,11.6,5.1,4.8,7.7,37.9,8.1,15,8,15.5,5.7,20,10.5
20141216,3,O3,38.4,50.1,51.7,58.7,39,54.9,39.6,39.5,61.2,45.7,48.5,64.7,35.5,59.5,71.3,36.2,14,45.1,61.4,51.1,67.3,16.5,68.9,41.8,52,52.8,49.7,23.5,38.9,54,61,49,60.5,41.6,28.8
20141216,3,CO,0.3,0.3,0.2,0.3,0.4,0.5,0.3,0.3,0.3,0.3,0.2,0.3,0.3,0.3,0.5,0.2,,0.3,0.3,0.5,0.3,0.9,0.1,0.4,0.4,0.2,0.4,0.5,0.7,0.8,0.3,0.3,0.1,0.4,0.3
20141216,4,SO2,9.5,13.4,8.6,10.2,2.2,9.5,10.2,15.2,3,2,2,2,7,8.3,11.3,5.6,8.4,14.4,2,2.3,2,12.1,2,6.4,20.2,2,2.3,15,6.8,20.9,12.4,15.2,11,11.7,6.7
20141216,4,NO2,15.7,14,13.2,13,19.6,13.6,8,8.2,3.9,14.1,11.8,2.3,15,10.5,10.9,13.2,30.8,21.5,2,9.7,2,43.5,2,11.7,14.8,3.5,8.1,35.6,30.2,27.6,11.2,19.4,7.4,23.2,11.8
20141216,4,O3,47.5,44,48,54.8,40.5,55.4,,,58.6,48.8,28,66.2,26.4,54.2,65.6,39.6,4.2,30.6,61.8,53.7,67.7,6.3,67.9,44.1,38.6,52.4,48.5,,14.9,,57,44.9,59.8,40.3,30.3
20141216,4,CO,0.3,0.3,0.2,0.3,0.4,0.4,0.3,0.3,0.3,0.3,0.2,0.3,0.3,0.3,0.5,0.2,0.3,0.4,0.3,0.4,0.3,2,0.1,0.3,0.5,0.2,0.4,0.5,0.4,0.8,0.3,0.3,0.1,0.4,0.2
20141216,5,SO2,3.3,,2,3.6,2,8.1,6,12,2,2,2,2,2.3,9.4,4.7,9.9,5.6,21.5,2,4.5,,10.7,2,5.7,19.4,2,2,18.1,6.9,8.9,4.7,6.6,2,5.5,8.2
20141216,5,NO2,9.8,,13.5,10.5,18.4,13.3,14.8,8.8,2,17.8,6.8,2.3,4.7,17,13.4,14.6,39,22.3,2,16.7,,46.1,2,9.4,12.9,,8.3,35.8,20.3,13.7,6.3,23.7,2,17.5,12.6
20141216,5,O3,51.3,,48.4,59,41.9,55.8,33.7,42.5,63,43.9,32.2,66,34.1,47.3,63.3,36.6,10.2,33.1,62.9,45.6,,2.5,67.9,44.9,43.9,45.7,46.3,20.4,14.8,50,62.8,42.2,65.7,43.3,36.1
20141216,5,CO,0.4,,0.2,0.3,0.4,0.4,0.4,0.3,0.3,0.3,0.2,0.3,0.2,0.4,0.5,0.2,0.3,0.4,0.3,0.5,,1.7,0.1,0.3,0.5,0.2,0.4,0.5,0.7,0.4,0.2,0.3,0.1,0.3,0.2
20141216,6,SO2,2.3,4.6,2,3.2,2,4.9,5.5,13,2.4,2,2,2.1,3.5,11.7,2,12.6,13.5,18.6,2.6,7.4,,9.9,2,7,11,2,3.9,23.3,17.2,18,3.4,4.6,4.4,5.1,10.1
20141216,6,NO2,12.8,11.6,11.9,9.5,18.3,13.4,12.6,8.3,2,14.9,7.6,2.5,5.9,21,11.2,14.4,48.8,22,2.7,30.6,,48,2,10.1,15.6,5.5,9.8,47.1,33.8,32.1,7.7,14.3,3,17.3,13.1
20141216,6,O3,49.9,48.6,50.3,61.1,42.6,56.3,34.4,42.6,64.8,48,36.5,66.6,41.4,43.3,66.8,37.1,7.8,36.6,60.4,29,,2,68.4,39.1,42.9,44.4,43.3,14.5,6.9,27.2,63.5,51.1,65.8,43.5,50.4
20141216,6,CO,0.4,0.2,0.2,0.3,0.4,0.4,0.4,0.3,0.3,0.3,0.2,0.3,0.3,0.5,0.5,0.2,0.6,0.4,0.3,0.8,,1.4,0.1,0.5,0.4,0.3,0.4,0.7,2.2,0.8,0.3,0.3,0.1,0.3,0.3
20141216,7,SO2,7.2,6.9,2.9,4.4,4.1,10.5,7,17.8,4.1,2,2,2.7,2.4,10.3,3.6,11.5,18.1,12.7,2.9,6.2,2,9.7,2,5.1,8.5,2,2.7,20.5,19.6,21.2,5.8,6.3,9.1,6.9,11.5
20141216,7,NO2,14.4,16.8,13.4,14.7,20.1,19,14.3,9.5,2,21.7,11.8,7,10.9,31.8,13.4,18.4,52.7,26.2,6.4,21.7,2,46.5,2,6.6,3.6,5.4,12.4,50.6,32.8,46.2,10.4,17.6,10.3,33.7,13.3
20141216,7,O3,49.8,44.5,49.8,55.7,41.6,51.4,33,41.6,65.2,39.2,36.9,61,41.3,33.5,65.2,33.9,5.4,34.2,56.8,35.5,66.8,2.2,67.5,37.3,56,41.6,40.9,13.5,3.2,12.4,60.9,47.4,58.8,32.4,50.8
20141216,7,CO,0.3,0.3,0.2,0.3,0.4,0.5,0.3,0.3,0.3,0.3,0.2,0.3,0.3,0.5,0.5,0.2,0.6,0.5,0.3,0.7,0.3,1.4,0.2,0.3,0.4,0.3,0.4,0.7,2.4,1.1,0.3,0.3,0.1,0.3,0.3
20141216,8,SO2,5.4,,2,3.6,2,10.5,5.6,15.8,2.7,2,2,3.5,2.2,11,3,14.7,15.8,16.8,2.1,8.6,2,22.6,2,4.6,12.2,2,4.4,20.5,23.3,17.7,4.6,4.6,7.1,7.4,16.4
20141216,8,NO2,16.5,,19.3,18.6,21.9,26,19.1,8.5,2,32.2,11.4,14.4,13.8,42.7,16.9,22.8,53.7,35.3,8.9,37.1,2,48.1,2,3.1,8.4,5.9,12.6,47.2,35.2,36.7,12.7,27,13.7,44.9,16.3
20141216,8,O3,46.6,,44.5,51.8,38.3,44.5,29.1,40.8,64.5,27,36.8,51.9,39.4,22.6,61.5,29.5,5.7,26.4,53.6,20.9,64.9,2.1,65.7,44,50.2,39,39.8,18.6,2,25.3,57.5,39.7,53.6,26.2,45.1
20141216,8,CO,0.3,,0.3,0.3,0.4,0.5,0.3,0.3,0.3,0.4,0.2,0.4,0.3,0.5,0.5,0.3,0.6,0.6,0.3,0.9,0.3,1.7,0.2,0.2,0.5,0.4,0.5,0.6,4,0.8,0.3,0.3,0.1,0.4,0.3
20141216,9,SO2,7.3,7.3,3.1,4.5,3.6,12.3,7.4,17.5,5.2,2,2,4,3,9.5,2.9,14.3,13.6,18.2,2,18,2,15.3,3.8,4.7,7.5,2,8.5,18.5,35.4,52.6,6,5,7.9,9,15.2
20141216,9,NO2,14.4,21.1,19.7,17.7,23.7,22.1,23.9,9.5,2.3,23.9,11.6,12.1,14.2,26.8,15.6,20,43.1,28.7,5.6,51.2,2,43.9,2,2,3.8,6.9,20.5,43.6,40.9,43.4,12.2,25.6,14,47.2,15.9
20141216,9,O3,48.5,40.4,44.1,52.4,38.4,48.8,26.4,40.5,64.6,36.5,36.4,54.9,39.7,40.5,63.1,33.4,18.1,31.6,57.5,12.8,65.1,7.4,64.8,52,54.8,39.5,33.9,22.2,2,15.7,57.1,41.3,53.4,25.3,45.5
20141216,9,CO,0.3,0.3,0.3,0.4,0.4,0.5,0.4,0.3,0.3,0.4,0.2,0.4,0.3,0.5,0.5,0.3,0.6,0.6,0.3,2,0.3,1.3,0.2,0.2,0.4,0.4,0.7,0.6,3.3,1.8,0.3,0.4,0.1,0.5,0.3
20141216,10,SO2,4.9,6.6,2.1,4,2,9.7,6.1,14.8,2.9,2,2.3,3.9,3.1,7.9,2.9,16.6,18.4,14.6,3,12.6,2,5.4,3.4,4.8,10.4,2,,19.5,22.2,119.3,5.3,5.5,5.8,8.2,15
20141216,10,NO2,10.5,18.7,14.8,12.5,10.1,15.7,20.8,9.8,2,21.2,13.1,10,10.7,14.1,10.2,17.2,41.2,19.4,4.1,36.2,2,5.8,2,2,3.4,6.1,,39.8,22.4,45,11.1,19,13.3,37.1,11.6
20141216,10,O3,51,43.7,49.3,58,44.6,55.7,29.6,42.1,65.8,40.9,37,58.6,37.9,55.5,69.2,37.9,23.1,41.2,60.1,32,65.9,51.2,66.9,54.2,55.3,42.7,,25.3,23.8,25.1,59.1,48.5,54.8,32.5,50.3
20141216,10,CO,0.3,0.3,0.3,0.3,0.4,0.5,0.4,0.3,0.3,0.4,0.2,0.4,0.3,0.4,0.5,0.3,0.8,0.5,0.3,1,0.3,0.7,0.2,0.2,0.5,0.4,,0.5,1.1,1.6,0.3,0.3,0.1,0.5,0.2
20141216,11,SO2,4,,2,3.5,2,7.2,7,18.8,3.8,2,2.2,4,2.4,6.9,2,14.9,,15.4,2.6,2,,4.4,2.6,6.4,8.9,2,3.9,19.5,9.4,75.7,5,4.4,5.2,7.6,9.1
20141216,11,NO2,6.7,,15.7,12.1,12.3,15,21.3,9.3,2,16,16.7,9,8,10.4,6.8,15.5,8.2,17.1,3.4,6.7,2,3.5,2,2,2.6,2,10.1,38.5,6.5,37.4,8.6,17,9.4,32.3,8.7
20141216,11,O3,56.7,,51.2,60.3,46.8,59.7,31.8,43.6,69,49.2,39.2,61.8,40.4,59.8,75.4,43.4,2,45.1,61.9,62.2,64.4,55.2,69,56.6,59.8,60.7,55.5,28.1,,38.9,65.4,52.4,60.3,38.1,54.4
20141216,11,CO,0.3,,0.3,0.3,0.4,0.5,0.4,0.3,0.3,0.4,0.2,0.4,0.3,0.3,0.5,0.3,0.1,0.5,0.3,0.3,0.3,0.6,0.2,0.2,0.4,0.3,0.4,0.5,0.6,1.2,0.3,0.3,0.1,0.4,0.2
20141216,12,SO2,9.1,10.3,6.2,6.7,2.9,12.9,11.5,22.2,8.9,2,2,4,2.3,7.2,4,11.3,9.2,10.9,2.4,2,,4,2.4,4.1,6.8,2,2,18.7,10.3,24.7,9.7,8.7,13,9.2,13.1
20141216,12,NO2,6.7,14,15.4,9.7,11.6,12,20.3,10,2,15.9,20.1,7.7,6.7,9.6,5.1,12.1,5.4,15.7,3,5,2,3,2,2,2,2,4.8,38.7,2.5,16.4,8.2,14.5,10.1,31.8,7.8
20141216,12,O3,58.1,52,54.2,64.1,48.4,64.7,33.6,,68.2,50.3,,64.7,41.6,65.6,79.2,49.8,2,45.5,60.6,65.7,67.1,57.3,69.1,60.4,63.8,63.9,61.4,29.6,60.4,56.5,66.6,55,61.6,40.5,57.4
20141216,12,CO,0.3,0.3,0.3,0.3,0.4,0.5,0.4,0.3,0.3,0.3,0.2,0.3,0.3,0.3,0.5,0.3,,0.4,0.3,0.3,,0.6,0.2,0.2,0.4,0.2,0.3,0.4,0.6,0.6,0.3,0.3,0.1,0.4,0.2
20141216,13,SO2,9.1,11.3,7.9,6.5,2.4,12.7,12.1,19.8,9,2,2.4,3.7,2.6,6.4,5.5,,4.7,7.2,2,2,2,3.9,2,3.4,6.6,2,2,18.4,7.4,18.6,10.7,9.9,12.4,9.5,13.4
20141216,13,NO2,6.3,12.9,15.8,9,10.5,12.4,19.4,11.1,2.1,14.4,19.6,7.4,6.4,7.7,6,,5.4,13.9,2,3.6,2,2.9,2,2,2,2,3.4,39.4,2,13.6,8.4,14.8,7.9,26.2,7.9
20141216,13,O3,60.1,53.7,56.3,65.8,51.4,66.6,35.2,51.8,69.5,53.9,,66.2,39,69.2,79.9,,,48.4,65.2,69.2,67.2,60,71.3,61.4,63.5,66.9,63.6,31.4,55.2,59.5,67.1,57.1,64.5,45.3,57.8
20141216,13,CO,0.3,0.3,0.3,0.3,0.4,0.5,0.4,0.3,0.3,0.3,0.2,0.3,0.3,0.3,0.5,,0.1,0.3,0.3,0.3,,0.6,0.2,0.2,0.4,0.2,0.3,0.4,0.5,0.5,0.3,0.3,0.1,0.4,0.2
20141216,14,SO2,5.1,,7.7,9.8,,6.2,11.7,13.2,10.6,2.6,2,5.7,3.3,5.6,7.3,4.7,4.7,5.9,2,2,2,4.3,2,3,6.3,2,2,17,3.3,13,10.6,10.9,11.9,13.2,7.4
20141216,14,NO2,5.8,,15.4,10.3,,14.2,18.6,8.7,2,13,27,6.6,6.7,8.2,6.8,8.2,,15.5,2.3,4.1,2,3.4,2,2,2,2,2.9,39.6,2,11.8,8.2,14.9,5.9,27.9,6.6
20141216,14,O3,59.3,,56.9,64.6,,66.6,36.5,53.2,70.5,57,41.6,68.5,42.5,68.2,79.3,,2,46.9,65.7,69.8,,60.8,72,61.4,65,67.9,65.5,32.2,56.8,62.9,69.1,56.8,64.7,43,60.2
20141216,14,CO,0.3,,0.3,0.3,,0.4,0.4,0.3,0.3,0.3,0.2,0.3,0.3,0.3,0.5,0.2,0.1,0.3,0.3,0.3,0.3,0.5,0.2,0.2,0.4,0.1,0.3,0.4,0.4,0.5,0.3,0.3,0.1,0.5,0.1
20141216,15,SO2,2,7.1,3.9,8.7,,2.6,9.1,9.7,9.9,6.4,2,7.9,3,6.2,5.6,3.7,2,4.8,2.8,2,2,7.5,2,2.8,5,2,2,15.5,2.9,9.3,6.1,8.1,3.1,13.6,5.4
20141216,15,NO2,6.6,10.5,15.5,10.2,,13.8,16.4,10.4,2,17.3,25.4,9,8.7,10.3,7.1,8.1,11.2,11.3,3.2,4.7,2.6,4.7,2,2,2,2,3.1,40.2,2,9.8,6.5,16,9.5,24.6,7.6
20141216,15,O3,60.3,56.9,57.2,65.2,,67.9,38.3,53.5,69,51.5,41.1,65.9,42.4,65.1,80.2,54.3,46.5,51.3,64.7,69.3,,60.3,73.4,60.9,67.5,67.7,65.4,31.4,55.5,65.1,70.8,55.8,63.4,45.2,60
20141216,15,CO,0.3,0.2,0.3,0.3,,0.4,0.4,0.3,0.3,0.4,0.2,0.4,0.3,0.3,0.5,0.2,0.2,0.2,0.3,0.3,0.2,0.5,0.2,0.2,0.4,0.1,0.2,0.4,0.4,0.4,0.3,0.3,0.1,0.5,0.1
20141216,16,SO2,2,6.6,3.3,7.3,,2,7.6,9.4,6.6,7.5,2,8.7,3.3,6.8,4.2,4.4,2,4.5,4.9,2,2,10.7,2,2,5.2,2,2,14.6,2.7,5.8,5.9,7.4,4.2,13.6,4.4
20141216,16,NO2,9.4,13.6,17.4,11.2,,16.8,17,10.8,2,23.6,24.4,7.9,11.4,13.5,7.4,9.8,12.2,11.7,3.9,6.1,,5.9,2,2,2,2,4.3,42.7,2,8.6,8.3,18.1,15.5,33.2,7.7
20141216,16,O3,57,53.2,55,64.2,,64.6,37,53.7,69.2,44.3,40.8,66.9,44.2,60.8,80.1,53.2,49.4,51.6,64.7,67.7,76.1,58.1,75.8,61.7,66.6,68.1,63.8,30.5,54.9,67.8,68.2,54.2,58.5,38.8,60
20141216,16,CO,0.3,0.3,0.3,0.3,,0.4,0.4,0.3,0.3,0.4,0.2,0.3,0.3,0.3,0.5,0.3,0.2,0.2,0.3,0.3,0.2,0.5,0.2,0.2,0.4,0.1,0.3,0.4,0.4,0.3,0.3,0.3,0.1,0.5,0.1
20141216,17,SO2,2,,2,4.9,,2.1,6.5,10.4,6.4,8.5,2,10,4.9,13.1,2,4.1,2,5.7,4.1,2,2,9.2,2,2.4,5.2,2,2,15.5,3.1,8,3.9,5.2,5.7,10.9,5
20141216,17,NO2,13,,21.2,16.4,,25.3,18.9,9.2,2.4,28.1,25.1,10.3,16.2,19.9,11.9,16.1,15.8,21.3,4.2,8.7,,8,2,2,2,2,8,47.3,3,14.8,12,22,18.9,35.9,10.4
20141216,17,O3,53.6,,51.5,60,,54.6,36.1,52.8,69.6,40.9,43.5,66,44.6,55,75.1,46.3,46.4,44,67,64.8,72.8,55.3,77,63.3,67.9,68.5,60.1,27.2,52.6,60.5,64.9,50.4,54.1,35.4,55.6
20141216,17,CO,0.3,,0.3,0.3,,0.4,0.4,0.3,0.3,0.4,0.2,0.4,0.3,0.4,0.5,0.3,0.2,0.3,0.3,0.3,0.2,0.5,0.2,0.2,0.4,0.1,0.3,0.4,0.4,0.4,0.3,0.3,0.1,0.5,0.1
20141216,18,SO2,2,5.5,2.8,5.8,,2,7.6,13.2,10.3,8.9,2,7.3,4.8,13.6,2.1,4.9,2,5.2,2.8,3.5,2,9.3,2,2.4,4.5,2,4,16.1,5.4,12.5,4.4,5.9,8.1,12.7,5.4
20141216,18,NO2,18.3,27.7,28.5,22,,27.7,22.9,12,4,33.9,,13.6,22.6,30.7,16.8,27.6,20,16.7,8.5,13.6,6,9.1,2,2,2.1,2,11.7,57.3,10.4,37.6,21,31.1,33.2,53.5,17.2
20141216,18,O3,48.4,40.8,44.2,54.6,,53.2,31.6,52.3,68,33.9,49.3,62.7,36.5,44.4,70,33.1,43.3,52.1,61.6,59.1,71.5,54.8,75.7,62.9,67.6,68.8,55.8,18.2,44.8,34.6,53.4,41.3,42.3,24.5,49.5
20141216,18,CO,0.3,0.4,0.3,0.4,,0.4,0.4,0.3,0.3,0.5,0.2,0.4,0.4,0.4,0.5,0.3,0.3,0.3,0.3,0.3,0.3,0.6,0.3,0.2,0.4,0.1,0.3,0.5,0.6,0.8,0.4,0.4,0.1,0.6,0.2
20141216,19,SO2,3.6,10.6,7.1,10.1,2,4.3,9.8,11.3,8.6,6.9,2.2,10.9,2.3,11.1,6.1,4.6,2,5.3,7.1,5.4,2,6.3,2,2.6,4.7,2,6,21.5,7.2,5.8,9.9,10.9,11.4,17.1,6.1
20141216,19,NO2,16.3,24.6,25.3,22.2,12.1,28.2,23.6,9.8,2.6,26,18.5,14.7,11.9,35.9,22.2,33.1,23.3,15,4,16.8,5,5.4,2,2,2,2,13.2,71.9,14.5,13.4,19.1,29.3,26.5,59.7,21.3
20141216,19,O3,50,44.7,48,55.7,51.5,51.2,33.5,54.3,70.5,44.3,,62.2,38.3,38.2,64.2,29.8,40.5,53.8,65.8,55.4,70.4,57.8,76.6,62.4,68.1,69.1,52.5,7.8,35.1,63.4,57.5,44.5,49.7,23.2,44
20141216,19,CO,0.4,0.4,0.3,0.4,0.4,0.4,0.4,0.3,0.3,0.4,0.2,0.4,0.3,0.4,0.6,0.4,0.3,0.3,0.3,0.4,0.3,0.6,0.2,0.2,0.4,0.1,0.5,0.8,0.8,0.3,0.4,0.4,0.1,0.6,0.3
20141216,20,SO2,2,,2,4.2,15.7,3.3,5.2,9.3,3.6,7.4,6.4,13.3,5,15.5,3.5,4.3,4.7,5.1,14,2.7,2,8.4,2,2.5,5.3,2,6.2,19.8,9.5,10.5,5.3,5.4,6.4,11.4,8.5
20141216,20,NO2,15.9,,22.6,18.3,19,30.2,17.9,8.8,2,26.4,18.8,11.9,16.7,23,15.4,31.1,24.5,13.4,5.4,13.4,2.5,6.2,2,2,3.2,2,18.7,68,17.2,20.1,20.1,27.7,24.5,46.7,27.8
20141216,20,O3,50.7,,49.2,59,46.4,49.5,36.7,53.8,70.6,42,,63.8,43.4,51.2,71.8,29.3,40.2,53.8,63.4,58.8,73,56.1,74.7,62.5,62.8,67.8,47.8,12.9,33.7,52.5,54.4,46.3,49.5,30.9,38.7
20141216,20,CO,0.3,,0.3,0.3,0.4,0.4,0.4,0.3,0.3,0.4,0.2,0.4,0.3,0.4,0.5,0.4,0.3,0.3,0.3,0.3,0.3,0.6,0.2,0.2,0.3,0.1,0.5,0.8,0.7,0.5,0.4,0.3,0.1,0.5,0.3
20141216,21,SO2,2,9,6.7,8.6,15.3,2,11.1,14.7,11.5,8.8,2.2,9.3,3.2,15.9,4,13,2,5.1,3.9,4.6,2,6.5,2,5.7,5.1,2,8.8,21.6,11.6,23.5,8.2,8.5,10.3,13.9,4.9
20141216,21,NO2,13,18.9,16.6,18.2,16.6,22.8,15.6,9.6,2.9,26.1,21.6,8.4,9.5,22.7,17,54.2,14.8,19.3,2,11.3,2,7,2,4.7,2,2,18.2,73,17.5,42.3,12.7,22.8,18,46.3,18.8
20141216,21,O3,52.6,47.9,53.8,58.4,46.2,54.5,37.4,51.7,69.3,43.6,75.5,68.7,48.2,52.4,68.4,11.5,50.4,46.4,69.8,60.3,72.9,54.6,71.8,54.5,64.6,65.9,45.7,8,33.9,23,62,47.9,55,33,46.1
20141216,21,CO,0.3,0.3,0.3,0.3,0.4,0.4,0.3,0.3,0.3,0.4,0.2,0.4,0.3,0.4,0.5,0.5,0.3,0.3,0.3,0.4,0.3,0.6,0.2,0.4,0.4,0.2,0.6,0.9,0.6,1.3,0.3,0.3,0.1,0.5,0.2
20141216,22,SO2,9.2,13.7,9.2,9.8,21.7,7.5,12,15.9,8.2,2,2,2.6,2.5,10,10.4,14.2,5,5.8,2,3.9,2,4.6,2,4.9,5.3,3.1,8.8,20.1,11.3,92.2,12.7,12.9,14.5,13,8.7
20141216,22,NO2,13.1,19.1,17.8,16.6,15.6,18.3,14.6,8.1,2,22.3,25.2,6.9,6.5,23.2,14.5,61.4,20.5,22.2,2,10.9,2,5,2,3.7,3.2,5.8,17.7,76.6,49.6,62.5,11.4,21.7,13.6,32.9,14
20141216,22,O3,50.8,47.8,52.1,60,47.1,58.4,37.8,52.1,69,47.2,75.4,69.5,51.4,52.2,70.7,5.3,43.7,42.9,69.8,59.9,72.7,56.4,73.2,53.7,63.3,55.9,44.8,5.5,2.7,10,63.4,50.2,58.3,38.6,50
20141216,22,CO,0.3,0.3,0.3,0.3,0.4,0.4,0.3,0.3,0.3,0.3,0.2,0.3,0.3,0.3,0.5,0.6,0.4,0.3,0.2,0.4,0.3,0.6,0.2,0.4,0.4,0.3,0.7,0.9,0.7,1.9,0.3,0.3,0.1,0.4,0.2
20141216,23,SO2,7.2,,9.7,10.6,19.3,5.1,13.5,18.8,11.1,2,2,2.2,3.9,7.4,8,15.7,10.4,8.5,2,5.2,2,9.7,2,9.5,5.7,4.4,5.5,20.2,11.7,114.3,11.8,12.4,12,12.4,7.7
20141216,23,NO2,11,,12.2,14.3,15.4,18.4,14,10.3,3.2,20.1,19.8,5.4,8.6,19.5,12.4,59.5,34.6,27,2,11.4,2,26.6,2,3.4,3.7,7.9,14.9,75.3,47.4,66.8,8.5,21,10,29.7,14.2
20141216,23,O3,53.1,,57,61.5,46.8,57.4,38.3,51.1,67.1,48.6,74.4,71.4,52.4,54.4,72.2,6.5,27.1,37.6,70.3,58.6,74.5,34.1,72.7,52.3,62.9,51.2,46.8,7.7,4.8,6.8,66.5,49.7,60.6,40.8,50.1
20141216,23,CO,0.3,,0.3,0.3,0.4,0.4,0.3,0.3,0.3,0.3,0.2,0.3,0.3,0.3,0.5,0.7,0.7,0.4,0.2,0.5,0.2,0.8,0.2,0.4,0.4,0.3,0.5,1,0.9,1.8,0.3,0.3,0.1,0.4,0.2
