date,hour,type,dongsi,tiantan,guanyuan,wanshouxigong,aotizhongxing,nongzhanguan,wanliu,beibuxingqu,zhiwuyuan,fentaihuayuan,yungang,gucheng,fangshan,daxing,yizhuang,tongzhou,shunyi,changping,mengtougou,pinggu,huairou,miyun,yanqing,dingling,badaling,miyunshuiku,donggaocun,yongledian,yufa,liulihe,qianmeng,yongdingmengxi,xizhimengbei,nansanhuan,dongsihuan
20140628,0,SO2,5.2,4,2,4.9,7.4,6.5,2,17.2,2.6,6.6,4.8,3,2,5.6,5,3.9,3.8,2,3.5,2,2,30.8,3.1,2,2,2,3.9,26.5,2,11.9,5,5.9,2,12,7.1
20140628,0,NO2,45,46.8,54,62.4,89.9,55.5,106.6,75.2,24.9,101.2,64.9,102.7,92.9,68.7,83.8,85.3,87.8,41.1,31.8,28.2,15.8,58.8,66.2,11.3,12.9,2,27.8,59.6,23.5,93.4,89.3,64.4,76,134.6,55.4
20140628,0,O3,102.1,83.7,90.8,98.4,63.4,111.9,47.6,3.5,108.9,31.8,54.9,21.6,2,57.5,69.3,55.5,13.1,62.9,63.7,32.7,81.9,2.7,2,63.8,76.8,60,70,55.2,,2,69.7,92.8,75.2,38.9,95.1
20140628,0,CO,0.6,0.5,0.9,0.6,0.4,0.6,0.5,0.5,0.2,0.7,0.6,0.7,0.8,0.6,0.6,0.4,0.6,0.3,0.3,0.4,0.3,0.4,0.2,0.2,0.3,0.3,0.2,0.3,0.4,0.4,0.5,0.5,0.5,0.9,0.5
20140628,1,SO2,6.1,3.7,2,4.5,7.6,6.7,2,15.4,3.3,6.2,4.6,6.1,2,5,4,3.9,3.3,2,4.2,2,,14.7,4.2,2,2,2,4.3,35.4,2,12.2,5.9,5.2,4.6,7.2,4.7
20140628,1,NO2,44.5,39.8,67.9,58.6,73.9,43.6,102.6,57.6,21.1,118.8,46.1,45.1,68.8,56.7,62.5,69.1,63.1,42.5,27.3,22.8,11.7,57.5,68.1,13.5,40.1,3.9,33.8,64.8,38,86.6,77.5,58.6,71.3,127.7,37.2
20140628,1,O3,91.4,82.2,55,81.7,59.3,112.2,27.4,18.9,98.5,2,65,51,3.8,65.8,85.9,59.5,41.1,61.2,60.9,33.4,83.2,2,2,62.5,39.7,52.9,67.1,47.8,,2,65.4,82.5,60.8,29.3,99.2
20140628,1,CO,0.6,0.5,0.9,0.7,0.3,0.5,0.5,0.4,0.2,0.8,0.5,0.6,0.5,0.7,0.6,0.4,0.5,0.3,0.3,0.4,0.2,0.4,0.2,0.3,0.3,0.3,0.2,0.3,0.4,0.4,0.5,0.4,0.5,0.6,0.4
20140628,2,SO2,6.1,2.5,196.2,2.9,6.2,7.2,2,16.5,2,4.4,6.1,14.6,2,5.6,4.3,2,5.2,2,4.2,2.9,,3.7,5.7,2,15.4,2,198.7,27.6,2,13,4,5.6,12.2,7.1,5.6
20140628,2,NO2,64.3,38.9,76.6,86.2,110.7,64.8,80.8,44.8,19.2,104.2,69.1,39.4,52.8,102.2,74.5,50,95.6,39.3,19.9,17.4,13.1,42.5,65.5,11,84.7,4.7,29.6,63.8,52.6,81.5,97.4,81.7,91.2,131.3,69.3
20140628,2,O3,55.8,51.4,20.4,39,2,72,22.2,21.6,85,2,38.4,34.8,13.9,10.7,65.7,70.2,2.3,64.1,47.4,39.6,65.4,9.9,2,69,2,47.7,71,47.5,,2,31.7,38,27.7,3.9,54.4
20140628,2,CO,0.6,0.5,0.8,0.9,0.4,0.6,0.4,0.3,0.2,0.9,0.6,0.7,0.3,0.6,0.6,0.3,0.6,0.3,0.2,0.3,,0.3,0.2,0.3,0.4,0.3,0.2,0.4,0.4,0.3,0.5,0.5,0.5,0.6,0.4
20140628,3,SO2,9.3,2,5.6,2.3,4.9,8.3,2,16.3,2,4.1,5.6,6.9,2,5.4,3.6,7.5,6.7,2,2.7,2,2,2,2.6,2,25,2,4.3,34.7,2,13.4,3.5,4,7.9,6.6,5.1
20140628,3,NO2,82,50.4,79.9,103.3,102.1,99.3,105.5,36.1,21.6,91.9,57.8,25.5,35.8,98.4,95.5,50.8,65.2,53.3,24.4,17.8,46.2,42.9,38.7,11.2,99,7.5,28.5,59,43.1,72.4,111.7,86,92.8,141.7,94
20140628,3,O3,28.7,33.7,5.8,14,2,23.1,2,23.1,69.8,2,48.1,44.5,30.6,2,33.6,68.4,10,47.5,2,38.2,,6.7,6.1,65.7,2,37.6,84.1,48.5,,2,11.4,25.5,15,2,20.6
20140628,3,CO,0.6,0.5,0.5,0.9,0.4,0.6,0.5,0.3,0.2,0.7,0.5,0.4,0.4,0.8,0.6,0.3,0.4,0.2,0.1,0.3,,0.3,0.1,0.2,0.5,0.3,0.2,0.4,0.5,0.3,0.5,0.5,0.6,0.6,0.5
20140628,4,SO2,6.9,2,3.5,2.2,7.2,8.2,2,15.4,2,5.8,6.8,3.3,2,5.9,2.7,7.1,5.2,3.3,2,3.2,2,2,2.1,2,18.1,2,4,21.8,2.3,12.2,4.5,4.8,8.2,6.5,7.6
20140628,4,NO2,108,57,88.8,108.8,96,100.5,89,40.2,23.2,88,56.8,18.3,36.7,88.7,97.6,90.9,41.4,42.7,15.2,21.6,,47.1,29.3,10.2,58.3,4.6,26.7,79.4,25.4,51.5,101.2,103.1,97.8,132.8,131
20140628,4,O3,2,9.7,2,2,2,6,2,16.3,60.5,2,42.7,63.1,28.6,2,18.6,10.4,30.6,52.8,61.9,34.8,,2,12.8,71.2,34.4,43.4,85.7,25,,2,4.3,7.3,6.6,2,2
20140628,4,CO,0.9,0.6,0.6,0.9,0.3,0.6,0.4,0.3,0.2,0.7,0.5,0.3,0.4,0.7,0.6,0.4,0.3,0.2,0.2,0.3,0.3,0.3,0.1,0.2,0.4,0.3,0.2,0.4,0.5,0.3,0.5,0.7,0.7,0.6,0.7
20140628,5,SO2,3.6,2,2.4,2,6.5,5.5,2,16,2,4.6,8.6,2,2,5.1,3,10.6,2,5.9,2.4,2,2,2.5,2.1,3.7,16,2,3.3,20.8,2.1,12.6,2.9,5.4,2,6.9,6.3
20140628,5,NO2,87.1,63.2,80,79.5,89.1,97.8,83.5,35,17.5,75.3,57.2,85,60.3,79.9,99.1,90.2,21.1,27.2,,15,,45.5,53.5,10.9,46.8,4.1,21.2,85.3,41.3,58.3,94.3,94.1,85.9,109.4,111.8
20140628,5,O3,6.5,5.9,2,2,2,2,2,19.7,65.3,2,30.3,8,4.4,2,14,2,48.9,69.3,61.5,35.3,26.9,3.2,5.7,71.7,29.7,42.1,87.9,8.9,,2,3.3,5,6.5,2,2
20140628,5,CO,0.5,0.6,0.5,0.6,0.3,0.5,0.3,0.3,0.1,0.7,0.6,0.5,0.4,0.6,0.7,0.3,0.2,0.2,0.2,0.3,0.4,0.3,0.1,0.2,0.4,0.3,0.2,0.5,0.6,0.4,0.4,0.9,0.5,0.6,0.9
20140628,6,SO2,2.7,2,3,2.1,5.4,4.2,2,16.6,2,2,6,2,2,7.3,4.6,7.5,2.1,9.6,4,2,2,3.1,3.2,3.5,25.3,2,2.8,39.3,2,14.6,2,4.9,2.9,8,6.2
20140628,6,NO2,68.2,61.3,73,74.4,82,85.9,74.4,37.8,15.4,61.6,51,71.2,57.4,76.4,97.3,69.3,20.1,38.5,20.8,18.4,39.2,39.7,45.2,11.3,56.9,4.3,20,84.3,34.2,68,85.3,92,85.7,114.3,87.6
20140628,6,O3,16.1,2,8.1,7.1,2,4,2,15.5,79.4,10.8,30,14.5,9.6,10.6,10.7,8.1,52.1,57.7,60.6,29,26.1,9.6,2,73.7,16.5,42,78,10.2,,2,5,5.8,8.5,2,2
20140628,6,CO,0.4,0.5,0.5,0.5,0.3,0.5,0.4,0.3,0.1,0.4,0.5,0.7,0.5,0.5,0.8,0.3,0.2,0.3,0.3,0.3,0.5,0.3,0.1,0.2,0.6,0.3,0.2,0.6,0.5,0.5,0.4,0.7,0.5,0.6,0.6
20140628,7,SO2,6,5.4,5.8,6.1,8.9,4.8,2,18.3,3.1,2.8,5.1,2,2,7.1,3.9,5.7,2,19,5.3,3,2.7,4,6,6.2,49.8,2,3,35.2,2,12.3,4.2,6.8,8.7,10.1,7.9
20140628,7,NO2,56.5,68.5,55.9,60.8,74.7,66.6,56.7,41.3,8.2,60.2,35.7,34.2,58.5,67.4,81.6,48,22.1,35.8,26.2,30.5,35.2,32.7,43.2,12.1,42.7,2.1,26.2,89.2,30.4,70.4,75.8,84.4,73,108.8,84.3
20140628,7,O3,27.6,14,23.8,22.6,7.1,15.3,23.2,26.2,88.6,17,41.6,52.8,8.9,17.8,18.6,27.1,54.4,61.2,55,27.5,34.5,18.4,5.1,72.3,34,49.7,58,20.6,,4.4,12.5,11.7,15,2,2.9
20140628,7,CO,0.4,0.6,0.4,0.4,0.3,0.4,0.2,0.3,0.1,0.4,0.5,0.4,0.5,0.4,0.6,0.2,0.3,0.4,0.3,0.4,0.4,0.3,0.2,0.3,0.8,0.3,0.2,0.6,0.6,0.5,0.5,0.5,0.4,0.7,0.6
20140628,8,SO2,8.7,11.6,17.5,15.6,11.1,7,6.6,21.8,16.8,4.2,8.5,2.9,4.2,9.1,4,2,2.7,26.3,10.8,2.9,5.1,3.6,15.9,7.2,67.1,2,3.6,33.2,3.6,9.6,10.1,13.5,16.8,16.5,7.2
20140628,8,NO2,44.7,62.6,49.9,45.3,58,63.9,64.7,36.4,10.5,57.3,35.6,68,57.2,58.1,53.9,33.6,20,37.9,24.3,28.3,39,26.8,39.6,11.8,30,2,21.7,60,48,51.2,58.9,63.4,71.3,112.1,65.5
20140628,8,O3,42.6,27.5,34.3,45.8,26.1,26.2,21.5,41.7,85.8,27.8,47.7,25.8,11.8,31.6,48,47.1,58,61.2,59.8,49.4,42.5,30.9,19.1,72.1,49.8,53.9,63.3,42.5,,56.5,29.1,33.7,22,2.9,16.9
20140628,8,CO,0.5,0.6,0.5,0.5,0.3,0.5,0.4,0.3,0.2,0.5,0.6,0.5,0.6,0.5,0.5,0.2,0.3,0.4,0.4,0.4,0.4,0.3,0.3,0.3,0.8,0.3,0.2,0.3,0.5,0.3,0.4,0.5,0.5,0.7,0.5
20140628,9,SO2,7.1,9.4,21.9,19.5,10.6,7,20.8,26.4,20.5,15.1,13.9,5.9,5.4,17.6,3.8,2,4.1,24.6,10.9,2.7,3.7,2.1,31.7,12,64.5,2,8.5,31.9,4.3,13,9.4,13.6,23.3,19.6,7.9
20140628,9,NO2,31.8,45.1,39.4,35.7,39.5,51.5,46,36,13.9,51.2,30.3,43.8,47.6,47.9,49.3,38.1,14.7,34.5,20.7,26.3,35.3,13.9,36.9,13,29.8,2,35.3,31.9,39.9,54.5,38,49.7,63.4,98.7,74.2
20140628,9,O3,63.4,50.1,49.9,63.5,52.6,50.5,47.2,57.9,86.6,43,65.1,62.9,28.9,55.5,60.4,54.1,68.3,66,74.2,62.1,64.1,65.8,25.5,75.2,53.6,66.1,64.6,75.5,,142.8,55,56.2,37.9,21.3,25.8
20140628,9,CO,0.4,0.5,0.6,0.5,0.3,0.5,0.5,0.4,0.3,0.7,0.6,0.5,0.5,0.5,0.5,0.1,0.3,0.4,0.5,0.4,0.6,0.3,0.4,0.3,0.8,0.3,0.3,0.2,0.4,0.3,0.3,0.4,0.5,0.6,0.6
20140628,10,SO2,4.8,6.5,14.2,11.8,7.2,5.2,16.5,31.4,17.5,13.1,12.1,4.3,5.5,16.8,6,2,3.1,18.3,6.8,3,4.5,2,52.8,10.2,48.1,2,6.2,23.7,7.8,18.5,5.4,9.2,17.5,15,7.5
20140628,10,NO2,22.7,35.4,34.4,31,26.5,40.5,31.2,15.9,16.7,36,17.6,14.5,29.5,38.2,41.7,25.7,14.5,29.2,13.3,13.4,21,10.4,35.7,11.1,28.6,2,24.2,26.4,21,19,32.5,50.5,52.8,91.6,58.4
20140628,10,O3,87.2,73.9,65.4,78.8,81.7,82.2,69.4,83.7,96.2,69.7,84.1,98.4,53.3,73.1,79.8,78.9,83.5,78.6,95.5,87.3,88.9,86,37.3,84.7,62.2,81.4,91.2,98,,127.7,70.8,68,54,30.9,55.7
20140628,10,CO,0.4,0.5,0.5,0.5,0.2,0.5,0.4,0.3,0.3,0.6,0.5,0.3,0.4,0.5,0.4,0.1,0.3,0.4,0.5,0.4,0.7,0.2,0.7,0.3,0.7,0.3,0.2,0.2,0.3,0.2,0.3,0.4,0.4,0.6,0.5
20140628,11,SO2,2.4,3.7,7.6,5.8,6.9,3.5,9.5,28.6,10.8,6.4,3.7,2.5,2,9.5,2.5,3.1,3.5,12.8,3.8,3.1,5,2.1,57.7,9.2,40.9,2,5.2,30.7,7.6,16.9,3.3,6.2,8.4,10.6,9.2
20140628,11,NO2,20,31.2,24.3,21.8,21.3,24.1,29.5,16.1,10.4,26,5.9,10,22.4,35.1,25.6,20.2,13.4,23.7,9.1,8.6,19,7.7,32.7,8.9,25.6,2,18.3,19.7,13.8,10.7,27.1,43.9,56.2,88.6,35.6
20140628,11,O3,105.9,87.7,87.8,100.8,102.1,113.2,84.3,92.8,108.3,86.8,92.9,105.5,65.8,90,106.6,102.1,108.6,92.2,101.3,99.7,105.6,96,53.3,92.7,81.4,100.9,98.2,119.1,,110.3,92.5,89.9,65.1,44,87.6
20140628,11,CO,0.3,0.4,0.4,0.4,0.2,0.4,0.6,0.3,0.2,0.5,0.4,0.3,0.3,0.4,0.4,0.2,0.3,0.3,0.5,0.3,0.7,0.2,0.7,0.3,0.6,0.3,0.1,0.1,0.3,0.1,0.3,0.3,0.4,0.5,0.3
20140628,12,SO2,2,2,2,2.5,6.5,2,4.8,24.1,4.4,2.9,3.6,2.1,2,3.8,2,2,2.5,5.9,2,4.3,3.1,2,43.6,3.5,13.7,2,5.9,22.2,2,15.4,2,3.8,4.4,7,7.2
20140628,12,NO2,12.1,23.1,16.7,13.1,15.6,10.8,17.8,10.7,7.5,23.4,5.4,9.6,18,25.9,15.6,18.7,9.4,19,6.4,9.3,15.2,6.7,16.7,5.6,21.3,2,16.5,14,4.4,10.4,28.1,32.6,36.7,76.6,33.5
20140628,12,O3,106.4,106.2,102.6,118.1,106.3,117.6,100.6,109.4,115.7,101.5,97.2,111.1,72.1,113.8,121.7,115.9,123.2,99.8,102.3,110.8,112.7,104,91,96.7,99.8,117.6,105.6,125.3,,130.7,93.3,104,91.1,64.7,82.3
20140628,12,CO,0.3,0.3,0.4,0.3,0.3,0.3,0.2,0.2,0.2,0.5,0.4,0.3,0.3,0.3,0.3,0.2,0.3,0.2,0.5,0.4,0.6,0.2,0.4,0.3,0.4,0.4,0.1,0.1,0.2,0.1,0.2,0.3,0.3,0.5,0.3
20140628,13,SO2,2,2,2,2,9.3,2,2,20.1,2.6,2,3.1,2,2,2,2,2,2,3.6,2.3,2.1,2,2,13.3,2,7.1,2,5.7,20.9,2,14.3,2,2.3,3.7,6.2,8
20140628,13,NO2,11.3,17.4,14.9,10.4,14.4,9.4,13.4,7,5.8,20.1,4.3,9.4,16.5,24.5,13.7,13.8,4.5,19.1,7.9,5.3,12,4.7,5.8,6,32.3,2,14.9,9.7,2,7.5,28.5,29.7,41.1,83.7,36.2
20140628,13,O3,119.5,118.9,114.8,132.1,113.7,129.6,112.9,109.8,122.4,109.1,100.8,120.2,79.3,133.9,134.5,100.4,109.7,102.8,106.1,102.6,110.1,114.7,115.5,102.4,96.8,121.1,103.9,123.8,,130.8,102.8,110.2,95,61.3,95
20140628,13,CO,0.3,0.3,0.3,0.3,0.2,0.3,0.2,0.2,0.2,0.4,0.4,0.3,0.3,0.2,0.3,0.2,0.2,0.2,0.5,0.3,0.4,0.2,0.2,0.2,0.5,0.4,0.1,0.1,0.1,0.1,0.2,0.2,0.3,0.5,0.3
20140628,14,SO2,2.1,2.6,2,2.9,11.8,3,2,22.1,2,2,3.9,2,2,2,2,3.6,2,3.7,2.6,2,2,2,10.9,2,7.1,2,4.3,19.8,2,13.4,2.1,3.4,4.1,7.1,5.1
20140628,14,NO2,10.5,18.1,14.8,10.9,14.5,14,14.8,7.5,5.5,21.5,4.8,8.6,14.7,26.3,10.4,16.8,4.7,18.5,9.4,5.2,10.8,3.2,4.4,5.3,33.1,2,13.4,8.7,2.6,5.4,27.5,19.6,32.5,84.2,21.9
20140628,14,O3,132.6,139.3,119.4,139.7,120.3,150.8,112.9,117.7,121.7,115,112.1,121.3,89.8,132.3,140.4,93.5,115.8,113.5,107.3,101.7,117.6,115.6,123.7,108.5,107.4,123.6,96.1,115.6,,138.4,120.7,136.2,102.6,71.5,122.3
20140628,14,CO,0.3,0.3,0.3,0.3,0.3,0.3,0.2,0.2,0.2,0.3,0.4,0.3,0.1,0.2,0.3,0.2,0.2,0.2,0.4,0.3,0.3,0.2,0.2,0.2,0.4,0.5,0.1,0.1,0.1,0.1,0.2,0.2,0.3,0.6,0.2
20140628,15,SO2,2,2.5,2,2.9,30.9,3.4,2.1,21.8,2,2.1,3.6,2,2,2,2,3,2,2.6,2,2,2,2,10.7,2,11.3,2,4.4,20.2,2,14,2,4.1,4.3,8.1,6.6
20140628,15,NO2,10.2,16.4,18,8.5,17.3,20.1,12.6,7.6,6.1,29,5.6,6.7,14.9,31.7,13.8,25,10.2,18.6,8.8,5.9,10,8.8,4,5.6,36.2,2,13.4,7.2,10.8,5.7,36.7,31.4,37.7,99.8,23.1
20140628,15,O3,127.4,133.3,113.9,138.2,121.4,151.4,117.7,113.2,125.2,117.4,115.8,127.5,87.9,133.3,164.1,114.2,137.6,124.8,108.6,114.2,124.4,118.3,130.9,110.8,112.1,120,106.9,114.4,,153.2,108.8,123,97,58.3,120.8
20140628,15,CO,0.3,0.3,0.3,0.3,0.5,0.3,0.2,0.2,0.2,0.3,0.4,0.2,,0.1,0.3,0.2,0.2,0.2,0.2,0.3,0.4,0.2,0.2,0.2,0.5,0.4,0.1,0.1,0.1,0.1,0.1,0.2,0.3,0.5,0.2
20140628,16,SO2,2,2,2,2.5,28.1,3.2,2,20.3,2,2.1,4.2,2,2,2,2,3.6,2,3.2,2,2,2,2,10.4,2,11.4,2,4.8,19.2,2,13.6,2,3.3,2,7.6,6.4
20140628,16,NO2,10.9,20.1,17.7,11.1,17.1,21.3,17,7.6,6.2,36.5,14.3,9.3,,38,14.7,31.9,10.3,20,9.3,14.5,19.9,9.8,4.3,6.2,38,2,14.8,8.5,15,5.2,39.4,34,31.3,99.6,35.4
20140628,16,O3,131.1,125.4,122.8,130.2,127.6,154.6,122.4,115.2,119.8,120.3,138.5,121.6,87.4,151.6,173.3,135.8,146.2,122.3,106.4,101.1,124.6,111.5,136.6,110.1,114.5,100.6,91.9,125.2,,161.9,104.3,114,113.1,49.3,109.6
20140628,16,CO,0.3,0.3,0.3,0.3,1,0.4,0.3,0.2,0.2,0.3,0.4,0.2,,0.1,0.3,0.2,0.2,0.2,0.1,0.3,0.3,0.3,0.2,0.2,0.5,0.4,0.1,0.1,0.1,0.1,0.1,0.2,0.3,0.5,0.3
20140628,17,SO2,2,2,2,2.4,19.2,3.3,2,20.5,2.2,2,3.5,2,2,2,2,2,2,4.3,2,2,3.5,2.6,10.5,2,10.8,2,4.3,19.2,2,11.5,2,3.7,2,7.4,7.1
20140628,17,NO2,15.2,24.2,18.2,11.5,18.9,20,15,8.1,7.6,44.6,21.1,7.5,,39.2,15.2,39.6,11.5,21.6,18.3,18.5,34.3,9.9,4.6,6.3,36.3,2,15.2,10.4,20,4.2,42.9,44,24.6,100.1,45.2
20140628,17,O3,134.3,129.7,130.1,145.4,131.3,152.3,123.9,121.3,130.4,105.5,135.5,123.8,82.2,187.8,159.8,140.7,144.3,125.9,107.1,90.3,101.4,116.9,136,119.8,115.9,111.8,90.7,133.8,,172.9,106.5,115,125.9,57.2,106
20140628,17,CO,0.3,0.3,0.3,0.3,1.3,0.4,1.5,0.2,0.2,0.3,0.3,0.3,,0.2,0.3,0.3,0.2,0.2,0.1,0.3,0.4,0.3,0.2,0.2,0.5,0.4,0.1,0.2,0.3,0.1,0.1,0.2,0.2,0.5,0.4
20140628,18,SO2,2.1,2,2,2.4,8.1,3.3,2,18,2.1,2.7,3.2,2,2,2.1,2,2.7,2,2.5,2,2,2.7,2,8.4,2,10.1,2,5.3,22.7,2,15.5,2,3.8,6.9,9.1,7.6
20140628,18,NO2,21.4,23.7,19.3,16.9,25.8,22.1,18.5,10.9,7.3,50.7,32.5,16.2,,38.9,23.6,39.6,14.5,23.1,32.6,12.3,31.9,7.4,4.8,9.2,55.5,2,18.6,14.6,4.5,5.3,47.1,65.5,26.4,113.1,91.8
20140628,18,O3,134.9,139.6,132.7,140.5,126,154.8,142,127.9,133.5,144.3,133.3,135.8,116.9,188.5,164.9,119.1,125.7,141.9,121,106.9,106.5,119.3,132.2,123.4,93.1,105.1,98.6,116,,173.4,108.3,108.5,130.7,50.5,73.4
20140628,18,CO,0.4,0.3,0.3,0.4,1.6,0.4,0.3,0.2,0.2,0.3,0.4,0.4,,0.2,0.4,0.3,0.2,0.2,0.1,0.3,0.4,0.3,0.2,0.3,0.5,0.4,0.2,0.2,0.4,0.1,0.2,0.4,0.3,0.6,0.6
20140628,19,SO2,2,2.5,2,3,2,4,2,20,2,2,4,2,2,2,2,2,2,2.3,2,2,2,2,7.3,2,8.4,2,6,20.8,2,14.5,2,4.5,5.8,8.5,8.3
20140628,19,NO2,24.5,17.7,27.2,26.2,34.6,23.8,28.1,20.9,18,38.4,28,27.5,,35.7,23.7,43.2,7.9,26.9,56.9,18.5,28.7,13.9,10.3,11.9,43,2,19.4,13.1,3.8,7.3,75.8,85.2,50.2,134.4,107.2
20140628,19,O3,147.2,179,160,177.9,123.6,151.5,153.1,127.1,146.6,190,147.6,157.1,122.6,182.1,145,100.3,121.1,134.9,141.5,105.9,104.6,105.4,118.2,131.5,98.6,106,89.3,106.9,,154.3,114.4,110.5,122.8,62.5,58.3
20140628,19,CO,0.4,0.3,0.4,0.5,1.1,0.3,0.3,0.3,0.2,0.3,0.4,0.4,,0.2,0.4,0.3,0.3,0.2,0.1,0.3,0.4,0.2,0.1,0.3,0.6,0.3,0.2,0.2,0.1,0.1,0.3,0.4,0.4,0.7,0.7
20140628,20,SO2,2,2.3,2,2.7,2,3.9,2,20.5,2,2,3.3,2,2,4.7,2,2,2.2,2.4,2,3.1,2.4,2,6.5,2,6.2,2,5.3,23.4,2,12.9,2,4.4,5.7,9,7.4
20140628,20,NO2,35.6,34.4,32.2,38.1,50.5,38.2,38.9,30,25.1,36.2,37.8,57.3,,47.2,31.5,47.2,16.6,30.8,79.5,31.5,33,17.9,41.9,7.7,74.4,2,16.9,18.3,6.7,15.5,79.1,75.6,51.3,140.4,109
20140628,20,O3,110.1,119.7,139.4,134.3,93.7,116.3,161.2,108.1,116.9,169,138.1,135.7,105.8,145.1,113.7,84.7,100.4,115.2,141.8,89.5,94.1,96.2,81.3,115.3,53,93.3,94.1,80.5,,130.6,78.4,83.6,120.1,36.2,34.8
20140628,20,CO,0.5,0.4,0.4,0.6,0.4,0.5,0.3,0.4,0.3,0.3,0.5,0.5,,0.4,0.4,0.3,0.3,0.3,0.1,0.4,0.4,0.3,0.3,0.3,0.5,0.3,0.1,0.2,0.1,0.2,0.4,0.5,0.4,0.7,0.8
20140628,21,SO2,2,2,2,2.2,2,4.5,2,21.7,2,2,2.7,2,2,7,2,2,3.4,2,2,3.5,2,2,4.4,2,5.9,2,4.1,31.6,2,10.9,2,5.9,2,8.5,5.2
20140628,21,NO2,46.4,37.3,45.7,43.4,76,46.5,53.5,39.4,30,53,40.2,114.4,36.6,65.1,53.2,81.9,28.4,30.8,129,39.8,33.7,52.6,23.5,7.2,108.3,2,17.4,50.2,8.5,26.6,90.8,103.9,50.4,124.4,109
20140628,21,O3,79,75.1,82.2,84.1,52.2,88.3,98.7,75.1,120.7,114.7,124.6,61.7,90,98.3,78.7,26.3,70.5,102.1,70.1,51.1,73.3,44.3,99.3,96.6,24.2,81.8,99.1,42.4,,105.4,37.7,32.6,84.9,17.8,17.2
20140628,21,CO,0.5,0.5,0.5,0.5,0.5,0.5,0.4,0.4,0.3,0.5,0.6,0.6,,0.5,0.4,0.4,0.4,0.3,0.1,0.5,0.5,0.4,0.1,0.3,0.4,0.3,0.1,0.2,0.1,0.2,0.6,0.7,0.4,0.8,0.9
20140628,22,SO2,2.3,2,2,2.1,2.9,4.4,2,24.2,2,2.5,4.6,2,2,9.6,2,2,4.4,2.2,2,2,2,2.3,4.7,2,4.7,2,3.3,40.4,2,12.8,2.2,6.6,4.7,6.5,6.1
20140628,22,NO2,76.7,45.9,51.5,57.8,103,73.6,100,47.2,34.2,68.8,58.6,113.2,40,77,60.3,98.9,51.4,27.1,128.9,24.3,21.4,46.4,36.4,8.8,98.4,2,16.2,76.1,11.2,32,112.5,113.3,74,114.7,92.8
20140628,22,O3,44.4,32.3,64,47.9,17.3,51.6,39,42.2,104.1,64.3,87.9,42.2,74,66.1,60.8,8.3,19.3,88.9,34.8,45.2,80.5,25.3,75.1,83.5,31.2,58.6,82.9,21.9,,64.2,10.5,12.6,47.1,11,13.7
20140628,22,CO,0.7,0.6,0.5,0.7,0.5,0.6,0.6,0.4,0.3,0.6,0.6,0.8,,0.6,0.5,0.5,0.5,0.3,0.1,0.4,0.4,0.5,0.2,0.3,0.4,0.3,0.1,0.3,0.2,0.2,0.8,0.8,0.6,0.9,0.6
20140628,23,SO2,3.1,2,2,2.4,4.9,3.8,2,23.9,2,2,7.8,2,2,8.8,2.5,2,3.7,2,2,2.9,2,7,3.8,2,3.7,2,4.7,44.2,2,14.4,2.6,10.7,11,6.3,8
20140628,23,NO2,96,56.3,81.2,77.9,122.7,101,134.6,67.4,29,100.3,53.8,70.8,83.1,77.2,77,92.4,40.7,25.7,132,23.3,20.1,60.9,33.7,10.3,38.4,2,28,87.3,20.6,104.9,108.5,120.1,82.9,113.4,108.9
20140628,23,O3,21.4,9.9,23.1,20.8,2,18.5,3.7,14.5,98,18.3,91.2,68.3,16.2,59,47.5,8.1,13.6,82.2,10.6,42.5,72.5,8.6,61.3,77.3,83,58,65,13.5,,3.4,7.2,2,29.1,5.2,2
20140628,23,CO,0.8,0.6,0.7,0.8,0.6,0.7,1.2,0.5,0.2,0.8,0.6,1,0.2,0.5,0.5,0.5,0.7,0.3,0.4,0.4,0.4,0.6,0.2,0.3,0.4,0.3,0.2,0.4,0.2,0.3,0.8,1.2,0.6,0.9,0.7
20140628,0,PM2.5,27.8,25.5,26.7,29.8,31.9,25.1,38.4,21.5,13.5,34.1,36.4,56.8,45,49.1,36.2,37.7,38.2,10.4,6.3,17.6,8.2,20.2,29.1,7.9,9.8,3,16.9,29.3,,97.6,35.1,34,29.1,32.6,21.8
20140628,0,PM10,,,66.7,,,56.8,121.1,,37.6,,70.4,168.8,,,82.3,,,,,43.6,,,,19.7,,,,,64.3,,,,,,
20140628,0,AQI,32,30,40,32,45,37,54,38,35,51,41,59,49,35,47,43,44,21,27,31,26,30,34,20,24,19,22,30,54,86,45,33,38,68,35
20140628,1,PM2.5,31,28.2,32,28.9,33.2,25.1,30,11.9,11.5,41.8,26.5,25.4,27,44.7,28,34.9,30.5,18.1,16.9,9.4,6.4,14.1,29.2,11.4,8.8,7.8,14.5,25.8,,95.8,32.8,28,34.9,32.7,23.2
20140628,1,PM10,,,82.6,,,55.4,88.1,,30.1,,70.2,56.3,,,57.7,,,30.5,,36,,,,23.3,,,,,40.3,,,,,,
20140628,1,AQI,29,27,38,30,37,36,52,29,31,60,39,57,43,29,43,35,32,23,23,31,26,29,35,20,21,17,21,33,52,84,39,30,36,64,33
20140628,2,PM2.5,36.2,30,25.3,34.3,56.5,23.6,28.3,20.7,11.1,34,18.8,20.1,16.9,45.8,32.2,24.2,36.3,15,11.1,9.2,9.3,14.3,24.9,10.2,10.4,7.5,16.3,33.9,,77.1,35.9,39.1,38,44.6,23.4
20140628,2,PM10,,,67.4,,,67.1,61.3,,23.6,,92.2,39.6,,,75,,,22.9,,,,,,14.6,,,,45.2,63.7,,,,,,
20140628,2,AQI,33,26,39,44,56,36,51,23,27,53,42,56,39,52,45,25,48,23,20,31,21,22,33,22,43,15,23,32,51,82,49,41,46,66,35
20140628,3,PM2.5,35.8,28.4,24.3,33.3,38.8,33.7,32.1,15.6,3.1,30.7,20.4,11.6,6.7,49.8,33.9,27.1,27.8,16.2,10.8,10.8,12.3,3.1,16.9,6.9,28.6,8.7,17.4,38.7,,59.4,35.4,29.1,22.3,50.1,36.2
20140628,3,PM10,,,34.8,,,72,147.4,,28.5,,74.6,29.3,,98.2,76,,,24.5,,19.6,,,,14.6,,,39,51.7,57.1,,,,,,
20140628,3,AQI,41,26,40,52,52,50,54,22,22,46,43,56,35,50,48,26,33,27,19,31,24,22,25,21,50,12,27,31,46,80,56,43,47,71,47
20140628,4,PM2.5,37.1,32.9,24.3,35.6,33.5,31,29.5,17.3,4.8,39.9,30.7,11.4,9.5,34.8,29.8,33.3,19.6,10.3,4.8,10.4,14.5,10.5,15.4,6.6,21.4,13.3,16.3,37.2,,43.9,31.3,36.2,29.3,43.4,49.3
20140628,4,PM10,,,62.8,,,68,75.1,,27.4,,68,19.9,,72.2,75.1,75,,18.6,,10.6,,,,16.8,,,41.8,66.7,67.6,49.9,48.5,,,,
20140628,4,AQI,54,29,45,55,48,51,54,23,23,44,44,55,33,45,49,51,27,23,20,30,16,24,26,23,30,14,27,40,46,77,51,52,49,67,66
20140628,5,PM2.5,24.3,20.1,20.5,23,27.1,29.7,25.9,17.5,7.2,34.2,21,29.2,16.6,41.1,28.3,32.5,11.6,17.3,3.5,7.7,17.5,3,19.4,11.2,18.4,9.5,19.1,44.7,,58.4,29.6,33.7,27.2,41.7,53.9
20140628,5,PM10,,,43.8,,,77.8,76.5,,16.8,,56.4,136,,74,93.4,69.5,,19.5,,15.4,,,,26.1,,,28.1,72,84.7,82.3,55.6,,,,117.7
20140628,5,AQI,44,32,42,40,45,49,56,24,23,38,45,56,32,46,50,52,27,24,20,30,16,23,27,23,24,14,28,43,47,71,48,48,43,55,63
20140628,6,PM2.5,18.4,26.8,18.4,16.2,23.3,19.8,23,7.2,3,17.4,10.8,30.5,27.4,26.1,36.1,13.1,7.6,17.5,8.8,8,18.4,6.5,20.2,11.9,22.9,10,10.7,52.7,,113.8,29.2,26.1,25.1,32.6,34
20140628,6,PM10,,,33.3,,,67.6,67.4,,15.5,,48.5,74.9,,,112.6,41.4,,34,,28.2,,,,26.5,,,18.1,89.1,83.2,172.7,70.2,,,,148.6
20140628,6,AQI,35,31,42,38,41,43,56,23,25,31,45,56,32,48,52,52,27,25,19,30,20,20,26,24,29,14,25,43,49,68,49,46,43,58,66
20140628,7,PM2.5,16.9,23.1,15.6,15.5,21.7,15.9,17.3,9.9,3,18.5,11.9,10.2,30.7,14.3,27.8,14.1,11.4,12.2,9.9,14.2,17.2,15.4,27.3,6.5,25.6,10.5,10.2,48.2,,110.5,26.7,24.8,26.7,30.1,33.6
20140628,7,PM10,,,38,,,65.3,77.6,,17.1,,53.2,38.1,,50.8,87.8,42.8,,40.2,,39.5,,,,30.7,,,52.6,95,131.5,158.8,51.2,,,,68.6
20140628,7,AQI,29,35,43,31,38,45,57,22,28,31,46,56,32,49,52,52,27,25,18,29,18,17,27,23,22,16,24,45,52,69,51,43,37,55,63
20140628,8,PM2.5,14.1,22.7,12.6,13.8,23.4,19.6,22.5,20.8,3.5,14.8,10.9,22.8,32.8,23.2,18.1,15,11.2,20.5,12.7,12.7,14.3,12.1,31.3,7.4,21.2,11.7,11.2,29,,72.2,17.1,19.4,25.2,25.1,24.8
20140628,8,PM10,,,48,,,79.9,98,,22.1,,41.5,78.5,,42.5,47.9,44.5,,48,,35.5,,,,34.2,,,25.6,51,38.1,116.1,38.7,,,,38.5
20140628,8,AQI,28,32,44,27,33,45,58,22,27,32,46,56,33,50,52,52,26,27,19,30,20,14,28,23,22,17,25,42,52,70,51,32,36,57,62
20140628,9,PM2.5,12.6,14.4,13.1,12.9,19.5,20.7,24.6,27.9,6.2,16.9,17.3,19.1,25.1,33.4,18.3,14,14.1,11.3,12.5,13.1,19.1,5.7,37.7,11,22.2,13,18.8,13.5,,103.1,26.9,12.5,17.7,18.7,21.7
20140628,9,PM10,,,42.1,,,80.3,88,,35.1,,48.1,51.2,,33.6,58.9,57.5,,40.2,,55.7,,,,29.2,,,58.2,27,35.2,164.7,73.9,51.4,,,110.3
20140628,9,AQI,29,26,45,27,34,48,59,23,28,32,46,57,33,51,52,53,26,27,24,31,21,21,29,24,22,21,26,42,53,73,52,56,32,50,63
20140628,10,PM2.5,14.1,7.2,18.4,15.7,18.7,12.3,25.1,24,11.3,14.6,14.7,12.2,23.2,23.8,17.1,18.5,14.6,12,13.8,16.5,18.6,6.5,40.6,14.9,28.8,7.6,11.1,12.4,,33,27.5,15.5,14.3,19.1,23.3
20140628,10,PM10,,,43.3,49.8,,63.1,56.5,,36.3,,30.8,21.4,,35.8,52.1,34,,30.2,,25.5,,,,28.5,,,27,32.9,8.8,,62.2,50.5,64.9,,49
20140628,10,AQI,29,26,46,58,34,50,59,27,31,32,47,57,34,51,53,53,27,28,30,31,28,27,30,27,22,26,29,42,53,74,53,56,56,46,64
20140628,11,PM2.5,13.9,16.9,13.4,16.2,19.3,11.3,26.4,20,4.5,13.4,10.7,12.2,15.6,6.3,12.6,12.4,18.1,17,13.4,8.6,12.3,7.6,38.6,10.6,20.8,8.8,11.9,6.6,,23.2,20,15.4,10.9,19.8,18.5
20140628,11,PM10,,49.7,28.2,45.4,,39.5,61.4,,20.9,,12.4,18.4,,34.7,35.2,46.6,,22.9,,37.7,,,,24.1,,,,34.4,40.9,24.2,65.5,39,34.6,,49.5
20140628,11,AQI,34,52,47,57,35,51,60,29,34,32,46,57,34,51,53,53,34,29,32,32,33,30,31,29,26,32,31,43,53,74,53,55,56,45,65
20140628,12,PM2.5,12.5,13,13,14.9,13.7,12.3,19.8,9,3.5,20.3,8.2,10.6,18.7,17,9.3,6.8,14.6,6.5,7.2,13.9,13.8,7,30.7,13.5,17.7,12,11.7,11.5,,23.5,27.1,11.2,14.1,15.5,6.7
20140628,12,PM10,,,15.8,31.4,,28.4,,,17.2,,13.1,17.3,,19.1,25.4,37.4,,16.5,,18.6,,30.9,,14.7,,,30.6,23.6,29.8,32.8,42.9,,20.8,,9.9
20140628,12,AQI,34,52,48,58,35,51,62,35,37,32,46,57,34,51,54,53,39,32,32,35,36,43,32,31,32,37,33,43,53,74,54,56,55,42,63
20140628,13,PM2.5,9.9,16.4,10.3,9.7,15.9,12.3,19.4,8.9,5.2,19.9,6.5,12,15,4,14.1,16.3,10.8,16.4,4.2,11.6,12.6,9.6,16.2,14,15.3,13,14.2,14.9,,21.3,19.9,10.8,13.2,16.7,17
20140628,13,PM10,,34.2,11.4,22,,21.4,,,13.5,,11,16.9,,10.7,25.3,22.9,,17,,,15.4,21.4,,12.9,,,,19.8,14.1,,20.8,22.1,18.7,22.9,29
20140628,13,AQI,38,53,48,57,36,50,62,35,39,35,46,57,34,51,53,53,35,33,34,33,35,42,37,32,31,38,33,44,53,75,54,57,55,83,62
20140628,14,PM2.5,13.4,16.5,16.1,15.8,16.8,20.9,24.1,5,4.9,20.9,7.2,9.4,15.2,37.7,10.9,11.8,15.9,13.6,3,11.5,14.4,12,18.7,14.9,12.8,17.7,11.2,9,,20.6,15.1,11.3,15.7,22.9,14.6
20140628,14,PM10,,,,22.2,,20.9,,,15,,15.6,9.6,,,16.7,,,13.9,,,,,,15.3,,,,15.9,24.6,,24.2,,,,
20140628,14,AQI,42,44,48,56,38,51,63,37,39,36,46,57,34,52,52,54,37,36,34,33,37,42,39,34,34,39,31,43,53,75,54,57,55,83,62
20140628,15,PM2.5,12.7,11.5,11.9,14,18.7,11,21,20.6,3,19.5,12.3,14,21.8,12.7,14,30.6,14.8,12.4,3,9,12.1,8.4,18.2,11.3,17,11.4,7.2,9.6,,22,20.1,17.3,20.8,18,3
20140628,15,PM10,,,16.6,18.9,,22.2,,,16.1,,,15.6,,,23,,,23,23.7,26.4,,24.9,,12.2,,39.8,14.2,,42.3,,40.4,18.7,27.1,39.1,5
20140628,15,AQI,40,42,48,55,38,51,63,36,40,37,47,57,34,53,56,54,43,39,41,36,39,42,41,35,36,38,34,44,54,75,54,56,55,83,62
20140628,16,PM2.5,14.7,16.7,11.9,11.2,16.8,23.3,23.1,13.5,6.2,19.9,13.3,11.2,20.7,18.4,13.3,11.8,19.1,14.4,3,13.9,11.6,12.2,15.1,8.6,20.4,17.4,9.3,12.3,,20.3,26.7,10.7,25.3,21.9,4.2
20140628,16,PM10,,,20.4,33.5,,,24.5,,12.7,,21.9,18.5,,34.4,22.2,,,,15.6,23,39.4,97,,13.4,28.4,24.1,47,,16.6,22.9,75.6,28.6,32.1,72.3,28.9
20140628,16,AQI,41,40,46,55,40,51,63,36,38,38,47,57,34,53,67,56,46,39,40,34,39,46,43,35,36,32,30,46,53,75,55,55,54,82,61
20140628,17,PM2.5,13.6,14.3,11.2,17.7,17.6,11.8,37.7,19.4,7,17.2,15.6,16.4,24.3,36.5,13.9,3.8,17.8,15.3,3,12.2,18.7,16.4,19.9,11.9,19.6,19.8,11.1,8.3,,25.4,28,17.2,4.7,20.3,14.6
20140628,17,PM10,,,20.2,31.5,,17.1,42.4,,15.2,,23.9,20.3,,38.2,19,31.8,,22.4,37.8,50.5,80.5,23.8,,27.5,24.1,,,16.7,45.4,35.1,71.6,,14.3,54.6,28.5
20140628,17,AQI,42,41,46,54,42,51,64,38,41,34,47,57,34,85,52,56,46,40,40,35,37,47,43,38,37,35,31,45,53,75,55,56,53,81,61
20140628,18,PM2.5,16.8,10.2,20.7,14,24.8,15.1,28.2,21.3,6.2,22.5,11.2,17.5,15.3,12.4,14.1,15.3,16.4,10.8,3,11.3,19.5,11.2,17.1,9.7,22.1,10.3,8.4,14.9,,22.9,25.6,14,8.6,30,26.5
20140628,18,PM10,,,27.1,45.8,,33.3,42.6,,17.2,,36.4,49.1,,35.8,45.2,56.9,,37.1,54.5,21.4,61,,,41.1,23.9,,23.1,25.8,42.1,54.5,55,74.5,48.5,82.7,85.6
20140628,18,AQI,43,44,45,54,40,52,64,40,42,46,47,58,37,86,57,57,40,45,42,35,38,49,42,39,31,33,31,45,52,75,56,56,53,79,62
20140628,19,PM2.5,21.8,21.1,18.5,22.3,23.5,9.7,19.4,14.7,8.8,24.9,22.2,24.4,24.3,26.5,18.1,20.5,19.8,16.3,3,18.2,20.2,9.9,13.6,12.4,13.8,10.7,15.2,17.3,,24.5,24.8,23.4,21.2,28.6,22.1
20140628,19,PM10,,,58.3,63.3,,42.7,55.2,,41.7,,47.3,104.1,,34.3,45.4,59.5,,58.7,62.4,50.1,45.7,,,51.9,47.7,,41.2,52,87,62.6,49.9,60,66.5,117.3,141.5
20140628,19,AQI,46,74,50,73,39,52,64,40,46,88,47,59,39,78,53,57,38,43,45,36,39,51,37,42,32,34,33,46,52,74,56,56,53,78,63
20140628,20,PM2.5,22.1,16.9,20,23.3,24.8,16,27.4,18.5,8.4,25.1,20.6,34.6,32.2,16.4,17.2,27.4,14.6,19.6,7.6,19,23.6,10.8,24.7,13.4,21.8,9.7,12.9,13.1,,28.6,24.4,24.5,22.1,36,33.6
20140628,20,PM10,,,68.5,86.3,,48.2,72.2,,44.1,,44.2,138.6,,59,44.6,68.5,,45.4,89.8,81.3,65.5,34.7,,31.1,41.4,,,40.2,59.4,60.5,71.9,99.8,96.2,159.5,121
20140628,20,AQI,35,38,46,54,37,52,65,34,37,62,46,59,34,52,53,57,32,36,45,38,39,51,34,37,38,30,30,47,53,73,56,57,54,78,64
20140628,21,PM2.5,27.9,24.5,20.8,26.1,26.9,24.1,27.1,23.8,14.9,27.4,23.8,57.1,35.6,25.1,21.3,44.2,23.6,17.4,18.8,26.3,24.6,22.5,21.2,15.3,16.9,11.9,9.6,22.5,,46.9,38.9,34.5,29,33.5,42.3
20140628,21,PM10,,,73,101.1,,55.4,87.8,,45.3,,59.3,241.6,,66.7,59,223.4,,45.3,135.1,78.6,57.7,92.2,,31.4,40.2,,,49.2,36.2,79.2,91.7,98.8,78.7,159.7,191.6
20140628,21,AQI,31,30,46,54,38,52,65,25,38,36,46,60,35,52,53,60,29,32,65,38,40,42,35,31,55,26,31,48,51,73,56,56,54,77,66
20140628,22,PM2.5,27.2,28.2,21.3,31.6,19.7,25.3,32.8,18.9,15.1,34.3,33.6,61.1,41.6,28.3,23.8,29.8,30.2,14.3,31.4,18.8,18.8,19.7,23.4,15.2,16.7,15.6,9.4,31.5,,55,50.8,39.7,34.5,37,36.3
20140628,22,PM10,,,66.4,112.2,,71.6,94.4,,51.6,,82.7,234.2,,67.2,60.6,211.6,,39.8,188.2,44.4,41.1,166,,32.5,41.7,,,54.6,59.4,92,108.8,126.8,93.2,154,121.3
20140628,22,AQI,39,30,46,55,52,52,64,24,33,36,48,61,35,52,53,61,29,31,65,37,40,47,34,27,50,19,26,47,51,73,57,57,53,78,66
20140628,23,PM2.5,42,38.1,28.1,35.1,41.6,26.5,34.3,21.4,10.5,32.4,34.3,53,47.5,39.1,28.7,38.1,33.1,22,31.6,16.3,19.1,21.7,22.1,13.1,12.8,15.5,17.5,34,,109,50,47.1,31.3,38.6,48.4
20140628,23,PM10,,,85.2,69.3,,60.5,114.8,,46.7,,87,153.2,,54.2,60.2,132.4,,35.5,145.2,27,27.6,93.9,,27.3,26.7,,,66.5,53.1,156,96.8,149,64.5,148.3,152.8
20140628,23,AQI,48,30,46,55,62,52,68,34,31,51,49,62,42,52,53,62,29,32,66,37,40,49,34,25,32,19,21,47,51,75,57,61,53,80,69
