date,hour,type,dongsi,tiantan,guanyuan,wanshouxigong,aotizhongxing,nongzhanguan,wanliu,beibuxingqu,zhiwuyuan,fentaihuayuan,yungang,gucheng,fangshan,daxing,yizhuang,tongzhou,shunyi,changping,mengtougou,pinggu,huairou,miyun,yanqing,dingling,badaling,miyunshuiku,donggaocun,yongledian,yufa,liulihe,qianmeng,yongdingmengxi,xizhimengbei,nansanhuan,dongsihuan
20141022,0,SO2,19.6,13.1,20.9,17.5,21.5,19.7,13.5,7.6,7.2,19.1,16.8,9.9,8,14,19.1,18.4,2.2,6.1,7,2.6,3.2,5.3,2.9,3.8,11.7,6.3,12.4,13.2,5.5,7.3,9.2,21.5,21.7,10.1,5.3
20141022,0,NO2,69.8,69.6,80.7,84.5,91,79.3,102.8,66.7,89.3,72.6,85.3,81.3,72.5,67.2,61.2,111,61.5,59.1,64.9,36.8,57.4,54.6,59.4,42.2,74.3,27.5,46.8,81.1,43.6,64.5,72.4,86.8,90.1,73.3,115.1
20141022,0,O3,2.1,3.1,2,2,2,2,2,2,2,2,2,3.3,2,2,29.2,2.8,2,6.6,2,9.9,2,2,9.5,6.2,2,8.4,37.7,2,2,4.6,2,3,3.1,2,2
20141022,0,CO,1.2,1,1.2,1.2,1.2,0.8,2,1.4,1.8,1.1,1.5,2,1,0.9,0.7,2.3,1.3,1.2,1.2,1,1.1,1.1,1.2,1,1.2,1,0.9,1.4,0.7,0.2,1.3,1.1,1.3,1.4,1.8
20141022,1,SO2,16.5,10.6,15.2,12.1,16.9,14.6,13.1,7.4,7.6,15.2,12.2,8.7,5.6,9.7,18.7,17.8,2.6,5.4,6.3,2,2.7,4.2,2,3.3,11.6,5.3,10.7,10.6,6.7,6.1,7.1,17.2,17.8,7.2,6.4
20141022,1,NO2,59.3,63.3,73.2,78.1,85.6,75.9,100.3,66.2,92.1,70,73.5,70.1,65.2,62.7,57.6,111.8,56.3,53.8,62.9,33.1,51.1,48.8,60,41.2,72.6,25.3,46.7,79,38.5,61.6,67.7,70.4,88.7,70.1,92
20141022,1,O3,7.1,5.3,2.1,2,2,2,2,2,2,2,2,2.7,2,2,29.6,2.3,2,7.4,2,10.8,2,2,4.8,3.8,2,8.2,29.9,2,2,4.1,2,7,3.1,2,2
20141022,1,CO,1.1,0.8,0.9,1.1,1.1,0.6,1.6,1.4,1.8,0.9,1.1,1.6,0.8,0.8,0.7,2.2,1.2,1.1,1.2,0.9,1.1,1.1,1.2,1.1,1.2,0.9,0.9,1.2,0.6,0.1,1.1,0.8,1.3,1,0.8
20141022,2,SO2,13,6.9,13,8.5,15.2,13.8,12.7,7.5,5,13.4,11.5,10.6,5.6,6.4,16.4,13.4,3.4,4.6,9.2,5.9,3.8,3.2,2,2.7,14.4,5.7,12.5,8.2,7.9,6.9,4.4,14.3,14.1,6.4,3.9
20141022,2,NO2,61.9,62.2,63.8,72,95.8,72.5,84.1,60.8,82.1,61.7,67.1,68.1,56.1,61.5,64.7,106.8,52,57.5,59.6,36,48.6,44.6,54.6,40.9,80.5,26.5,53.6,75.3,39.2,61.8,66.6,75.6,100.7,64.8,100.9
20141022,2,O3,3,2.7,5.6,2,2,2,2,2,2,2,2,2.3,2.7,2,22.6,2,2,3.3,2,8.2,2,2,3.4,2,2,5.9,20,2,2,2,2,5.4,2,2,2
20141022,2,CO,1,0.9,0.7,1,2.2,0.8,1.1,1.3,1.5,0.7,1.1,1.8,0.7,0.7,0.7,1.9,1.2,1.2,1,0.9,0.9,1.1,1.2,1.1,1.3,0.9,0.9,1.2,0.8,0.1,1.1,0.8,1.9,0.8,1
20141022,3,SO2,11.9,4.6,12,8.3,13.4,12.8,13.6,7.1,5.5,12.1,9.6,9.7,6.2,6.6,13.5,13.2,2.3,4.2,8.9,4.4,3,2.9,2,2.6,16.7,6.5,12.6,9.1,7.2,6.4,4.3,11.9,13.1,6,6.6
20141022,3,NO2,58.7,58.8,56.2,70.3,97.8,73.7,90.2,60.2,80.7,62.3,65.2,80.8,57.5,60.1,63.2,102,49.3,56,57.6,33,44.5,44.6,48.7,42.3,83.2,28.3,58.6,73.6,40,54.5,66.7,80.1,67.6,66.2,124.4
20141022,3,O3,4.1,2.2,8.4,2,2,2,2,2,2,2,2,2.2,2,2,20,2,2,3.1,2,9.6,2,2,5.3,2,2,3.3,14.3,2,2,2,2,3.5,6.7,2,2
20141022,3,CO,0.8,0.9,0.6,0.6,1.7,0.8,1.4,1.3,1.4,0.6,1.3,1.2,0.8,0.7,0.8,1.6,1.1,1.2,0.1,0.9,1,0.9,1.2,1.1,1.4,0.9,0.9,1.3,0.7,0.2,1,0.8,0.6,0.7,1.5
20141022,4,SO2,10.8,5.8,13.1,8.6,13.5,10.3,12.6,7.9,6.6,11,11,10.2,4.6,7.4,12.9,13.8,2.6,4,9.4,4.1,2.4,3.2,2,2.7,15.1,4.7,13.7,11.2,4.3,5.9,3.8,13.8,13.3,5.4,6.4
20141022,4,NO2,55.5,59.9,72.3,69.1,102.6,76.4,88.2,58.9,78.3,62.2,70.3,82.9,56.4,53.6,61.1,91.9,47.1,58.5,55.8,33.5,44.4,43.9,51.3,43.7,82,26.4,53.7,71.7,31.6,51.3,65.6,82,93.5,67.1,110.2
20141022,4,O3,4.3,2.3,2,2,2,2,2,2,2,2,2,3.4,2,5.3,15.9,2,2,2,6.4,8.3,2,2,2,2,2,2.8,22.4,2,2,2,2,4,3.2,2,2
20141022,4,CO,0.7,0.8,1.3,0.6,1.6,0.8,1.4,1.3,1.4,0.7,1.4,1.1,0.8,0.6,0.7,2,1.2,1.3,0.7,1,1,0.9,1.2,1.1,1.4,0.9,1.4,1.4,0.7,0.1,0.9,0.8,1.5,0.7,1.5
20141022,5,SO2,11.9,5.2,14.9,8.6,10.2,8.9,13.1,7.6,7,11.1,10.8,9.9,5.4,9.6,9.5,18.4,2.9,4,8.7,4.3,2.4,2.9,2,2.3,13.7,6.2,12.5,12.6,3.2,5.5,4.3,12,15.7,6.8,6.4
20141022,5,NO2,69.7,56.1,76.1,67.8,82.6,71.2,83.8,62.5,79.1,63.4,68.3,79.9,65.1,52.4,57.2,54.8,46.9,55.6,,28.6,43.3,40.2,47.3,41.4,76.5,23.9,41.7,71.1,31.8,44.9,64,68.4,73.6,71.6,96.2
20141022,5,O3,2.1,2,2,2,2,2,2,2,2,2,2,2.1,2,6.3,14,2,2,2,3.1,10,2,2,2,2,2,8.1,20.9,2,2,2,2,4.6,2.8,2,2
20141022,5,CO,1.8,0.7,1.5,0.8,1.6,1.6,1.4,1.3,1.5,0.9,1.3,1.4,1.1,0.6,0.8,2.1,1.2,1.3,1,1,1.1,0.9,1.2,1.2,1.4,0.9,1.4,1.3,0.7,0.1,1.2,0.7,1.4,0.7,1.9
20141022,6,SO2,11.9,13.5,16,11.1,11.9,8.6,12.6,7.5,7.9,11.8,11.4,10,5.9,7.9,12.1,18.7,3.5,4.4,11.4,5.9,2.3,3.3,2,2.5,6.8,4.5,12,13.4,3.2,5.6,5.2,17.7,15,8.6,6
20141022,6,NO2,69.7,75.8,77.8,81.8,79.1,73.6,81,65.6,76.2,73.1,67.3,79,71.8,56,62.9,57.4,47.5,53.8,54.4,32.1,43.7,41.9,47,43.7,70.2,19.2,44.4,72.3,34.8,47.9,66.5,80,73.6,77.9,102.8
20141022,6,O3,2,3.9,2,2,2,2,2,2,2,2,2,2,2,2,14.1,2,2,2.2,4.7,9.7,2,2,2,2,2,7.1,19.2,2,2,2,2,2,2.3,2,2
20141022,6,CO,1.7,1.6,1.6,1.5,1.4,1.8,1.3,1.3,1.5,1.5,1.2,1.4,1.5,0.8,1.1,1.9,1.1,1.3,1.1,1,1.1,1,1.2,1.2,1.4,0.9,1.3,1.3,0.7,0.1,1.8,1.6,1.6,0.9,2
20141022,7,SO2,12.4,14.8,13.2,10.9,15.5,8.2,12.3,7.3,3.3,13.6,11.6,10.3,6.8,7.9,14.2,18.8,4,4.6,11.4,6.4,2.1,3.3,2,2.5,5.6,4.8,12.4,13.9,3.7,6.7,5.4,20.4,15.5,13.9,6.3
20141022,7,NO2,68.2,79,71.1,81,96.1,65.7,78.3,66.1,71.4,76.5,67.8,80,73.9,55.4,67.8,58.9,48.1,53.9,50.8,36.5,43.1,40.9,49.2,41.8,68.9,19,43.1,69.3,34.1,58.4,68.4,86.9,69.9,89,102.1
20141022,7,O3,2,3.8,2,2,2,2,2,2,2,2,2,2,2,2,14.8,2,2,2,9,6.2,2,2,2,2,2,7.4,17.7,2,2,2,2,2,2,2,2
20141022,7,CO,1.7,1.7,1.7,1.5,1.4,1.8,1.3,1.3,1.5,1.6,1.2,1.6,1.5,0.9,1.3,1.6,1.1,1.4,1,1,1.2,1,1.3,1.2,1.4,0.9,1.2,1.3,0.7,0.1,1.8,1.6,1.7,1.6,2.1
20141022,8,SO2,10.5,14,13,11,19,8.6,13.8,7.2,5.2,15.7,11.8,11.4,7.7,10.3,13.6,17.6,5.7,6.6,11.9,7.4,2.4,4.1,2,3.8,11.5,5.6,18,14.9,3.5,9.4,5.2,20.6,13.5,17,6.1
20141022,8,NO2,61.8,75.9,69.8,81.6,103.2,65.1,80.7,64.7,72.7,76.3,65.6,78.2,75.5,59.2,61.2,59.9,49.4,50.1,48.9,40.7,40.8,43.9,48.8,36.5,62.8,16.9,42.1,69.5,31.7,,61.2,85.6,71.2,94.8,85
20141022,8,O3,2,3.6,2,2.1,2,2,2,2,2,2,2,2.6,2,2.7,13.8,2,2,4.8,7.1,5.7,2,2,2,4.5,7.8,11.7,31.7,2,2,2,2,2,2,2,2
20141022,8,CO,1.7,1.8,1.6,1.7,1.4,1.7,1.3,1.4,1.6,1.6,1.2,1.6,1.5,1.1,1.4,1.5,1.1,1.4,1,1.2,1.3,1.2,1.5,1.2,1.4,0.9,0.9,1.4,0.7,0.4,1.8,1.8,1.6,1.9,1.8
20141022,9,SO2,10.2,14,16,10.5,16.3,9.2,15.5,9.6,8.5,16.3,11.3,12.7,8.2,12.6,13.8,18.2,6.2,12,12.1,9.4,5.4,7,4.8,6.4,23.5,5.1,15.2,16.2,4.2,10.6,5.2,20.8,15,17.4,5.7
20141022,9,NO2,60.8,73.4,72.2,78.3,96.3,67.3,81.8,75.4,77,74.5,66.7,77.8,78.1,61.6,61.5,,50.2,47.6,44.3,47.6,43.6,48.3,59.2,35.5,69.5,14.2,44.9,76.8,33.9,81.8,62.9,88.8,69.4,76.7,92.6
20141022,9,O3,2.1,2.4,2,2,2,2,2,2,2,2,2,3.3,2,2.7,13.8,2,2,11.9,9.5,5.1,3.1,2,3.3,12.3,8.2,11.3,32.3,2,2,2,2,2,2.6,2,2
20141022,9,CO,1.7,1.7,1.6,1.7,1.3,1.6,1.3,1.4,1.5,1.6,1.4,1.6,1.6,1.2,1.2,1.6,1.1,1.4,1,1.3,1.3,1.4,1.8,1.3,1.4,1,0.8,1.4,0.8,0.5,1.7,1.8,1.6,2.1,2
20141022,10,SO2,11.6,14.9,15.9,11.5,14.5,10.1,18.5,14.2,13,16,13,15.5,11.9,12.7,14.7,18.9,8.2,16.4,13.5,11.1,24.7,7,12.2,13.1,19,7,12.7,18,7.3,11.9,5.5,20.9,19.1,18.7,8.4
20141022,10,NO2,65.6,77.1,75.2,83,82.9,70.2,90.2,78.1,76.9,80.2,77,,80.2,60.1,64,63.6,53.1,59.4,56.5,53.9,50.2,44.4,62.7,44.8,56.9,14.2,60.5,84.2,39.4,85,64,95.5,72.8,78.9,95.6
20141022,10,O3,2.3,2.6,2,2.3,2,2,2,2.1,3.8,2.2,2,4,2,3.4,15,2.5,2,14.2,9.5,4.4,5.3,4.4,13,19.3,18.4,17.4,2,2,2,2.1,2,2,3.3,2,2
20141022,10,CO,1.8,1.7,1.7,1.7,1.5,1.6,1.4,1.4,1.5,1.8,1.5,1.4,1.6,1.2,1.3,1.6,1.2,1.4,1.1,1.4,1.1,1.2,1.6,1.3,1.3,1,1.6,1.4,0.9,0.4,1.9,1.8,1.5,2.3,1.9
20141022,11,SO2,11.6,15.9,14.9,13.2,14.3,10.9,19.1,16.9,13.4,14.9,15.4,16.1,9.2,13.6,16.8,20.8,9.7,16.9,14.6,12.8,20.2,8.2,14.9,19.6,20,9,18.2,17.9,9.3,12.5,6.7,24,16.6,19,
20141022,11,NO2,73,81,81.9,92.6,91.3,77.7,95.6,74.3,77.4,77.8,82.2,80.9,72.8,59.8,65.6,70.3,61.4,60.5,80.1,57.5,53.6,50.1,60.2,48.9,66.1,14.9,54.7,87.6,41.7,89.3,74.1,109.1,78.5,86.7,
20141022,11,O3,2.6,3.6,2,2.4,2,2,2,9.4,,2.3,2,4.8,2,4.2,15.8,2.9,2,18.2,6.2,5.3,6.1,6.3,28.8,28.9,20.2,23.7,26.2,2,3.3,2.7,2,2,3.3,2,2
20141022,11,CO,2,1.5,1.8,1.6,1.7,1.6,1.5,1.3,1.2,1.4,1.5,1.5,1.1,1,1.2,1.6,1.3,1.4,1.4,1.4,1.1,1.1,1.5,1.3,1.4,1,1.1,1.3,0.8,0.3,1.9,1.8,1.6,2.2,0.7
20141022,12,SO2,13.3,14.5,15.1,13.1,15.5,11.8,19.9,18.2,14.3,18.2,16.6,17.6,11.1,15.5,18.5,22.3,11.5,17.6,16.6,11.3,18.2,12,15.8,16.9,20.5,10.6,19.8,21.8,11.4,13.7,6.5,21.2,13.5,17.6,20
20141022,12,NO2,80.4,80,90.6,85.2,144,84.4,104.1,88.3,,76.4,76,89.2,66.2,65,69,80.2,68.8,55.2,79.1,60.2,52.6,56.3,57.2,51,61.5,16.2,62.8,88.7,34.9,75.6,75.7,94.1,86.7,81.7,96.3
20141022,12,O3,3.3,3.8,2,2.4,2,2,2,9.5,,3.7,2,5.8,2.4,4.7,17.9,3.2,2,27.6,11.9,5.8,11.4,7.3,43.1,34.6,38.2,28.2,18.5,2.8,19.2,4.8,2,2.8,2.7,2,2
20141022,12,CO,1.8,1.3,1.9,1.3,1.7,1.6,1.6,1.3,0.5,1.2,1.2,1.6,0.9,1.1,1.1,1.6,1.4,1.2,1.1,1.5,1.1,1.2,1.4,1.2,1.3,1,1.1,1.2,0.6,0.1,1.6,1.4,1.8,1.9,2.1
20141022,13,SO2,14.2,13.2,16.4,13.5,16.5,14,21.4,18.8,16.3,18.3,17.4,19.2,12,15,17.9,22.7,15.7,15.8,17.1,13.7,14.3,18,14.7,15.2,17.8,14,25.4,21.5,9.4,12.2,6.6,21,16.6,16.4,20.2
20141022,13,NO2,80.6,72.5,83.7,72.8,105.6,86,117.1,105.5,,70.5,59,90.9,57.6,59.4,63.9,80.2,67.5,70.3,88.7,62.3,48.1,55.6,60.8,56.2,62.6,17.4,66.2,87.5,29.2,62.7,74.2,82.5,92.8,79.9,95.4
20141022,13,O3,5.7,4.8,2.5,5.5,2,2,2,7.3,13.6,6.6,6.4,7.7,7.2,8.6,22,5.6,2.9,24.1,11.4,4.8,10.6,8.5,48.9,36.6,45.1,34.5,23.3,3.9,32.6,10.9,2,6.5,3.5,2,2
20141022,13,CO,1.3,1,1.4,0.9,1.5,1.3,1.6,1.3,1.6,1,0.7,1.4,0.8,0.8,0.8,1.4,1.3,1.2,1.2,1.4,1.2,1.2,1.4,1.1,1.2,0.9,1.2,1.1,0.5,0.2,1.4,1.1,1.5,1.5,1.8
20141022,14,SO2,16.2,15.5,19.6,15.5,16.9,15.4,21.4,18.6,16.2,19.7,17.5,19.4,11.7,13.2,17.3,19.8,20.6,14.1,16,16.3,16.6,20.6,13.5,13.9,16.8,14.7,20.9,21.2,10.6,15.3,6.8,23.9,18.1,16.6,22
20141022,14,NO2,73.4,66.6,67.4,75.1,102.4,87,93.6,126.8,110.7,55,45.1,67.6,49.8,53.4,63.4,69.1,74.3,85.4,69.6,66.4,46.8,47.4,65.2,73.9,67.8,20.7,55.2,88.1,22.3,56.1,69.5,81.2,77,83.4,95.9
20141022,14,O3,9.4,9.3,10.3,9.5,2,4,2,2.6,13.8,14.9,16.2,18.2,11.7,13.4,23.7,13.5,5.4,21.2,17.4,5.7,16.1,18.6,49.6,34,49.5,29.4,41.2,5.3,47.1,15.2,2.7,8.3,8.6,2,2
20141022,14,CO,1.1,0.9,1,1,1.3,1.1,1,1.5,1.6,0.8,0.7,0.9,0.7,0.7,0.8,0.9,1.3,1.3,0.8,1.4,1.1,1.1,1.4,1.1,1.2,0.9,0.7,1.1,0.4,0.7,1.2,1.1,1,1.5,1.5
20141022,15,SO2,15.4,14.1,18.5,13.5,17.4,15,20.6,16.8,15.7,16.9,15.7,14.7,11.4,14.7,16.2,18.8,20.8,12.9,13.5,18.2,19.3,21.9,11.5,13.8,16.4,16.4,15.9,20.6,13.9,17.6,8.5,21.8,20.9,16.4,23.1
20141022,15,NO2,63.6,68,69.8,66.6,88.4,73.6,89,140.8,72.3,51.3,42.6,55.2,42.6,50.4,58.9,69.9,84.8,107.7,61,66.8,49.7,42,72.5,92,91.5,23.4,48.4,88.7,22.1,52.4,73,77.4,76.6,81.4,92.3
20141022,15,O3,15.9,12,13.1,14.3,4.4,8.9,2.8,2,29.6,20.5,18.4,21.8,21.3,21.4,32.1,17,7,12.6,17.1,9.5,20.7,29.1,47.4,17,36.6,27.3,52.6,6.2,55.8,24.8,3.4,12.2,12.6,2,2.2
20141022,15,CO,1,0.9,1,0.9,0.9,0.9,0.9,1.4,0.9,0.7,0.6,0.8,0.7,0.7,0.7,0.8,1.5,1.4,0.6,1.3,1,0.9,1.3,1.2,1.3,0.9,0.4,1,0.5,0.7,1.2,1,1,1.4,1.3
20141022,16,SO2,13.4,12.8,13.3,12.2,14.5,12.7,17,15.2,12.3,13.6,12,12.9,9.2,16.7,12.5,20.8,29,11,12.4,16,16.4,19,9.9,13.8,14.2,17.3,18.6,21.7,20.3,15.2,9,20.1,15.4,15.8,23.2
20141022,16,NO2,65.3,63.5,65.8,64.6,86,68.1,83.8,97.5,57.9,49.4,40.9,54.1,47.2,35.5,48.3,79.7,69.5,110.5,56.1,63.1,62.3,41.4,88.4,109.4,102,19.1,65,92.3,21.8,44.5,71.5,77.7,73.4,84.4,91.1
20141022,16,O3,15,17.4,13.5,17.3,3.8,13.5,2,10.6,33.6,23.9,23.7,21.7,23.9,41.8,43.6,14.5,8.2,5.8,19.7,14,12.3,32.7,40.2,6.4,27.8,37.6,36,7.4,62.7,34,4.9,13.9,10.8,2,2.4
20141022,16,CO,1,0.8,0.9,0.8,0.9,0.8,0.8,0.9,0.8,0.8,0.7,0.8,0.8,0.7,0.6,0.9,2.6,1.4,0.7,1,1.1,0.8,1.3,1.3,1.3,0.9,0.7,1,0.5,0.7,1.1,1,1,1.3,1.3
20141022,17,SO2,11.6,10.5,10.5,9.8,9,10.8,12.5,13.2,7.7,11.8,10.9,8.5,10,13.1,10.7,18.2,31.4,8.8,9.6,14.8,14,15.6,6.8,9.8,11.6,15.6,17,21.6,16.4,11.2,5.3,20,14.3,15.3,19.9
20141022,17,NO2,69.8,62.3,62.2,62.8,90.8,72.7,87.5,86.3,63,49.4,48.1,57.7,60,49.4,50.8,86.4,82.4,108.6,55.7,61.1,77,57.8,109.4,108.6,124.9,16.5,68.5,98.2,30.5,44,76.9,79.9,69.4,83.8,93
20141022,17,O3,12.7,19.8,18.5,19.4,2,11.3,2,6.8,19.6,27.5,20.7,21.7,15.7,26.8,41.7,7.4,20.5,3.8,19.1,16.6,3.6,18.4,20.6,2,6.2,42.7,32.8,3.4,48.6,32,4,10,12.9,2,2
20141022,17,CO,1,0.7,0.9,0.9,0.9,0.7,0.9,0.8,0.8,0.9,0.8,0.9,1,0.6,0.6,1,1.7,1.4,0.7,0.9,1.4,1,1.4,1.3,1.5,0.8,0.8,1.2,0.5,0.7,1,1.1,0.9,1.3,1.5
20141022,18,SO2,11.5,8,12.3,8.8,7.5,9.8,12,11.5,4.4,12.4,10.6,7.8,9.6,9.1,10,16.8,9.1,6.9,7.6,11.7,7.9,13.6,3.6,7.4,7.9,12.2,18.6,16.2,9.5,7.2,3.9,18,15.7,16.3,18.3
20141022,18,NO2,68.9,65.6,65.8,81,93.8,78.9,86.6,103.9,65.6,69.2,67.5,76,75.7,73.1,84.3,88.2,85.5,104.8,70.8,54.8,80.9,71.1,129.9,103.5,121.5,26.5,78.4,97.2,37.2,49.2,81.7,93.6,76.7,86.2,97.6
20141022,18,O3,15.2,15.5,18.9,6.7,2,6.6,2,2,6.1,6.6,2.5,7.2,3.9,5.4,17.6,2.6,2,2,5.6,20.7,2,3.2,2,2,2,22.9,19.1,2,26.9,19,2,5.2,7.8,2,2
20141022,18,CO,0.9,0.7,1,0.9,0.8,0.8,0.9,1,0.8,1,0.9,1.1,1.1,0.7,0.9,1.2,1.6,1.4,0.8,0.8,1.5,1.2,1.6,1.4,1.4,0.9,0.9,1.3,0.5,0.7,1.1,1,1,1.4,1.6
20141022,19,SO2,11.5,12.2,12.2,7.7,10,11.9,13,11.4,4.6,13.1,9.6,9.4,8.3,10.8,16.7,19.7,7.8,7.5,7.9,10.8,8.8,12.3,2,4.8,5.9,11.9,15.5,17.4,7,3.6,4.2,16.9,14.5,16.1,17
20141022,19,NO2,85,90.6,86.8,88.8,106.8,98.7,90.8,111.7,61.3,72.7,78.2,80.9,82.8,81.7,96.4,92.8,80.7,97.1,81.4,63.6,80.3,73.8,119.2,92.8,106.2,36.2,75.5,95.1,53.6,52.7,88.4,99.2,82.2,88.4,103.7
20141022,19,O3,4.2,4,2.7,2,2,2,2,2,10.2,2,2,3.5,2,2.8,15.7,2,2,2,2,12.5,2,2,2,2,2,4.3,18.4,2,2.8,6.2,2,2.4,4.5,2,2
20141022,19,CO,1.1,1,1,0.9,1.2,1.1,1,1.2,0.9,1.1,1,1.1,1.2,1,1.3,1.3,1.5,1.5,1,1,1.4,1.3,1.5,1.3,1.2,1,0.9,1.4,0.6,0.8,1.3,1.2,0.9,1.4,1.9
20141022,20,SO2,13.6,16.6,11.2,8.9,11.9,14.3,13.4,11.5,4.8,12.3,11.3,10.6,7.3,14.1,20.5,19.8,6.6,8,5.8,9.6,7.5,9.8,2,4.4,5.4,12.7,15.3,18.7,6.2,3.9,4.5,19.4,14.3,17.2,16.6
20141022,20,NO2,94.4,100.4,94.1,102.7,111,102.8,95.6,110.2,56.7,87.2,82.8,86.1,80.2,91.9,94.4,85.6,74.7,93.2,72,53.1,76.5,72.7,103.3,90.2,100.9,38,63.2,93.6,47.4,58.6,92.9,106,86.4,94.7,104.2
20141022,20,O3,2,3.7,2,2,2,2,2,2,11.7,2,2,2,2,2.4,15.8,2,2,2,2.1,16.3,2,2,2,2,2,2,29.7,2,7.9,2,2,2,4,2,2
20141022,20,CO,1.4,1.4,1.2,1.5,1.3,1.3,1,1.4,0.9,1.1,1.2,1.1,1.3,1.6,1.4,1.4,1.4,1.5,1.1,1,1.6,1.4,1.3,1.3,1.2,1.1,0.8,1.4,0.6,0.9,1.6,1.6,1,1.6,1.9
20141022,21,SO2,17.2,19.6,13.7,11.4,13.5,12.7,14.7,11.8,7.8,10.1,10.9,11.3,6,13.4,19.3,23.1,5.2,7.3,5,8.8,6.3,9.8,2,3.8,6.4,12.8,17.1,18.7,3.7,3.6,4.5,23.3,12.8,17.3,16.7
20141022,21,NO2,92.8,98.4,102.3,103.7,106.7,96.3,106.4,101.9,83.2,91,82.1,88.4,76.1,88.3,90.9,81.9,71.8,88.8,76.2,53.1,73.2,73.7,100.1,81.8,96,41.3,55.8,91.8,36.6,49.5,92.4,103.9,87.8,96.6,97.3
20141022,21,O3,2,4.1,2,2,2,2,2,2,2,2,2,3.2,2,2.1,16.6,2.2,2,2,2,10.3,2,2,2,2,2,2,44.1,2,4.2,2,2,2.2,3.5,2,2
20141022,21,CO,1.7,1.6,1.5,1.7,1.5,1.5,1.4,1.5,1.2,1.3,1.2,1.2,1.6,1.7,1.5,1.6,1.3,1.5,1.1,1.1,1.6,1.3,1.3,1.4,1.1,1.1,0.8,1.4,0.7,1,1.9,1.7,1.5,1.9,1.9
20141022,22,SO2,17.3,20,14.6,12.6,14.4,14.9,14.4,10.7,10.4,13,11.3,9.7,7.3,15.4,20.8,23.9,4.6,8.1,5.8,9.6,4.6,13.1,2,3.9,6.6,11.5,19.6,19.7,2.7,4.8,4.4,22.7,16.1,17.1,17.1
20141022,22,NO2,85.4,92.4,95.8,98,104.2,91.9,105.6,98.3,93,95.5,90.4,95.1,83.2,85.1,86.2,79.2,67.9,86,83.7,55.1,72.1,77.8,103.3,80.7,95.5,39.3,58.2,91.8,34.5,55.6,86.8,101.9,84.4,94.3,94
20141022,22,O3,2,4.4,2,2,2,2,2,2,2,2,2,2,2,2,16.6,2,2,2,2,8.4,2,2,2,2,2,2,40.3,2,2,2,2,2,3.2,2,2
20141022,22,CO,1.8,1.6,1.7,1.6,1.6,1.6,1.5,1.5,1.5,1.6,1.4,1.6,1.6,1.6,1.5,1.7,1.2,1.3,1.2,1,1.5,1.3,1.4,1.3,1.1,1.2,0.9,1.5,0.6,1.1,1.8,1.8,1.7,1.9,2
20141022,23,SO2,20.5,21.2,16.6,12.6,16.6,15.3,15.5,10,10.8,14.4,9.5,11.5,8.1,15.2,21.7,22.6,4.3,7.8,6.6,9.4,4.9,12.4,2,4.3,7.3,11.1,22.4,19.8,2,7.3,4.4,22.4,20.4,15.1,17.8
20141022,23,NO2,85.3,89.2,93,94.9,102.8,91.3,103.4,91.8,92.1,89,86.7,94.2,85.9,81.9,84.5,78.3,69.5,88.5,85,48.7,73.8,78.2,95.1,76.5,93.7,39.2,64.3,89.7,33.2,69.7,85.1,93.3,85.7,89.3,88.1
20141022,23,O3,2,5,2.5,2,2,2,2,2,2,2,2,2,2,2.1,16.4,2,2,2,2,10.3,2,2,2,2,2,2,30.1,2,2,2,2,2.8,3.1,2,2
20141022,23,CO,1.8,1.6,1.8,1.6,1.6,1.7,1.5,1.5,1.6,1.6,1.5,1.6,1.8,1.7,1.6,1.6,1.3,1.5,1.4,1,1.4,1.4,1.3,1.3,1.2,1.1,0.9,1.5,0.6,1.1,1.8,1.6,1.7,1.9,2
20141022,0,PM2.5,42,59,66.9,56.2,68.5,59.5,69.5,52.8,80.9,76.1,102,72.4,71.2,75.7,56.3,145.6,73.8,42.9,47.9,40.9,28.9,51,48.5,41.6,45.7,44.9,49.4,78.4,71.5,96.3,74.6,,86,74.3,98.9
20141022,0,PM10,116.3,92.2,120.6,117.3,144.4,121.6,181.1,91,135.2,,,185.8,,,87.2,224.3,106,,83.4,72,76.4,92,,65.7,,56.9,89.5,87.2,93.5,178.3,97.7,101.3,140.9,133.8,151.3
20141022,0,AQI,72,66,69,73,77,76,75,69,68,66,107,89,62,68,69,85,69,56,68,81,66,70,77,66,69,71,69,62,80,83,77,68,77,84,78
20141022,1,PM2.5,28.2,45.7,50.2,45.9,57.1,50.2,65,55.5,75.7,64.3,85.6,56.9,61.6,68,57,157.7,69,36.5,48.2,35.3,33.2,40.3,56.3,44.1,48.1,38.9,46,65.1,59.1,74.4,60.4,,68,63.5,55.3
20141022,1,PM10,60.8,76.6,95.3,98.3,122.1,86.8,156.9,95.8,129.6,,,140.7,96.8,,96.2,231.7,151.1,66.9,84.8,64.8,63.8,80.3,,63.7,,69.8,88.9,68.3,80.8,148.6,77.7,73.4,143.9,107.2,83.4
20141022,1,AQI,71,67,71,74,78,75,76,69,69,66,105,89,76,69,70,90,70,67,68,79,66,70,70,66,62,70,68,64,80,85,77,69,78,85,79
20141022,2,PM2.5,31.4,39.9,41.4,39.5,97.3,46.4,50.8,55.8,68.9,57.9,72,58.1,54.9,62,59.6,117.3,65.8,41.1,54.6,37.4,35.8,46.6,46.5,42.7,50.4,41.6,51.2,69.2,59.6,85,58.8,,82.3,62.7,49.5
20141022,2,PM10,92,68.1,80.9,81.4,227.5,85.7,130.7,115.4,127.9,83.2,,148.2,84.4,,106.4,176.3,130.4,64.7,82.6,59.9,67,68.7,,62.7,73.4,55,103,,77.8,237.6,76.7,83,187.8,86.2,115.4
20141022,2,AQI,72,67,71,73,82,76,77,70,70,74,104,89,76,71,71,95,72,66,68,78,66,70,65,65,61,70,67,66,79,89,77,70,81,85,80
20141022,3,PM2.5,30.6,47,40.6,39.5,107.2,49.8,57.2,60.4,64.6,58.1,77.6,67.5,56.3,56,67.3,113.4,60.6,40.1,47.3,38,40.9,39.4,55.8,42.3,58.2,41.6,50.1,82.6,60.1,84.5,52.6,,48,56.5,65.1
20141022,3,PM10,76,71.2,82.4,97.5,228.5,83.5,140.4,124,106.2,94.8,,158.8,84.8,113.1,113.9,163.5,108.9,63.5,68.4,63.9,70,50.7,66.1,59.4,79.2,58,84.8,100.1,80.1,182.3,80.4,83.6,93.2,92.1,132.1
20141022,3,AQI,73,68,71,75,86,77,78,71,71,74,103,92,76,97,72,99,72,66,68,79,67,70,64,65,61,69,68,69,79,92,78,71,81,86,81
20141022,4,PM2.5,29.8,46.3,57.7,37.5,95.6,46.9,68.8,60,61.9,57,69.6,62.5,56.7,51.5,64.6,127.4,66.3,43.9,42.3,36,34.7,46.3,45.4,57.7,58.2,41.4,31.7,85.2,44.1,76.1,55.9,,72,57.5,86.2
20141022,4,PM10,82,70.5,111.3,90.4,203.7,102.2,167.3,134.4,112.2,91.3,,129,100.6,105.4,97.1,190.1,107.8,66.4,72.5,63.6,58.2,47.4,61.4,72,80,57.5,63.3,98.2,70,155.6,77.8,95.3,169.8,80,183.8
20141022,4,AQI,74,68,72,76,88,77,81,72,71,74,101,92,76,96,73,105,72,65,68,76,68,70,63,65,61,69,69,73,80,92,79,72,83,87,83
20141022,5,PM2.5,56.2,44.4,65.5,40.4,83.8,86.3,66.5,58.6,67.5,56.9,62.3,56,59.8,47.4,71.6,141.4,65.8,45.9,47.3,36.7,38,34.1,51,48.1,63,36.4,33.4,84.7,46,66.6,74,,75,56.8,114
20141022,5,PM10,169.5,71.5,138.9,102.8,165.3,189.6,165.2,98.8,109.8,84.1,,136.2,76.2,96.7,95,207.4,85.1,67,75.7,65.2,68.9,50.7,59.3,64.3,83.3,55.3,46,89.9,61.5,122,101.3,88.8,170,97.4,192.9
20141022,5,AQI,75,67,74,76,90,79,83,73,73,73,99,94,75,95,74,111,73,65,69,75,69,69,63,66,61,68,69,76,79,93,81,73,86,87,85
20141022,6,PM2.5,60.6,67.1,72.6,61.8,76.4,100.7,64.2,60.4,57.1,68.1,63.2,52.2,62,60.8,72.2,129.6,62.5,45.1,51,44.6,31,40.3,49.7,54.7,61.1,41.4,30.7,88.1,54.7,64.8,93,,80.8,69.1,115.4
20141022,6,PM10,171.5,139.9,149,148.1,150.4,207.2,145.9,109.2,140.1,116.6,,137,136.2,124.6,113.4,183.7,104.5,71.4,77.6,69.9,67.9,50.7,58.4,66.1,78.9,60.2,52.1,99.6,55.7,117.7,147,147,190.8,122.1,195.6
20141022,6,AQI,77,69,76,78,92,82,85,74,74,74,99,95,77,97,75,116,74,65,69,75,68,69,64,65,62,67,69,79,79,94,83,75,88,87,88
20141022,7,PM2.5,60,72.4,69.9,63.1,90.9,100.3,59.7,62.3,66.6,76.9,54.2,59.1,65.4,69.9,92,108.4,60.4,48.8,46,45.9,36.7,40,50,49.8,56.2,38.4,27.8,102.8,56.5,66.2,90,,80.7,93.1,111
20141022,7,PM10,186.6,171,156.2,166.8,158.3,194,135.3,99.9,120.1,142.3,,147.3,129.7,126.6,131.5,177.8,69.9,81.6,75.7,73.7,68.7,58.2,69.7,65.3,77.7,59.7,56,113.7,72.4,110.1,157.8,162.3,192.5,188.8,182.2
20141022,7,AQI,79,71,77,79,94,84,86,75,75,75,97,96,79,99,76,120,75,66,70,74,68,68,64,65,63,66,69,83,79,95,85,77,90,88,91
20141022,8,PM2.5,55.9,69.3,68,67.1,69,90,59.8,63.4,66.7,78,58.9,57.6,61.8,73.1,97.6,99.6,53.8,51.7,47.5,51.1,34.8,44.1,52.9,53.6,61.8,43.8,15.5,109,63.5,76.2,90.8,,81.3,92,99.4
20141022,8,PM10,168,183.4,151,176.3,289.4,184.8,136.4,106.8,132.8,134.2,,159,148.5,141.4,144.6,142.1,84.8,93.9,87.6,100.1,62.7,70.4,77.8,79.2,91.8,59.7,48.6,137.3,135,149.4,166.4,187.1,176.8,205.4,145.8
20141022,8,AQI,81,73,79,81,97,86,87,74,76,77,96,97,80,100,78,124,74,66,70,73,68,68,65,65,65,66,68,87,79,96,87,79,92,89,94
20141022,9,PM2.5,47.9,68.9,66.4,63.9,66.7,82.6,56.6,72,71.2,71.2,82.8,62.3,68.6,88.1,80.4,102.5,55.1,61.8,43.7,54.6,40.5,47,71.2,58.4,68.6,46.6,31,111.6,69.5,76.7,88.6,,67.5,97,89.7
20141022,9,PM10,161.3,174.8,138.3,180.9,153.6,194.2,150.9,120.3,145.3,145.9,,155,189.9,168.8,119.4,173.3,100.7,103.4,84.9,128.7,68.7,104.3,110.8,91.5,94.8,79.6,69.1,163.5,179.7,178.9,145.9,174.3,152.7,226.7,186.2
20141022,9,AQI,82,75,79,83,97,87,88,75,77,79,95,98,82,102,80,127,75,67,70,74,68,68,67,66,66,65,68,91,82,99,90,81,92,91,97
20141022,10,PM2.5,55.2,69.3,66.7,68.4,63.5,81.6,63.6,77,74.4,75.8,76.9,56,72.3,87.8,86.8,114.8,53.3,58,57.9,56.4,59.9,49,72,81.3,65.5,47.2,82.8,110.7,74.3,77.8,80.3,,71.1,101.9,92.1
20141022,10,PM10,161.2,177.9,146.8,183.5,146.2,191,164.7,126.9,139.8,167.3,197.3,144.2,207,162.6,152.2,189.5,87.5,126.7,106.1,127,79,92.8,109.4,103.3,106.7,58,151.5,150.5,156.4,195.3,150.1,173.5,156.5,226.3,193.4
20141022,10,AQI,83,76,80,84,98,89,89,77,78,81,107,98,85,105,82,131,75,67,70,74,67,69,69,66,68,65,69,95,84,100,91,83,93,93,99
20141022,11,PM2.5,69.3,82.2,69.3,78.2,71.1,88.7,66.5,73.5,74.2,79.6,82,62.5,64.6,76.6,95,122.2,63.7,65.6,72.4,64.1,27.9,51.8,85.9,68.9,74.3,47.1,47.1,97.6,76.2,75.3,103.8,,74.9,108,
20141022,11,PM10,203.1,177.4,167,194.9,166.6,198.8,163.8,126.6,141,182.6,194.7,152.7,184.7,142,151.2,197,125.7,146.4,153.1,156.1,99.2,101.4,118.1,121.2,111.2,58.6,71.4,146.5,146.8,210,182.4,175.8,176.2,219.2,119.4
20141022,11,AQI,86,78,82,86,99,91,91,77,79,83,108,99,87,106,85,136,76,69,71,75,67,69,71,68,70,65,68,98,85,103,94,84,94,96,101
20141022,12,PM2.5,74,72.3,83.1,69.5,85.3,101.7,76.2,77.7,82.1,76.3,85.4,72.1,57.4,82.6,96,125,82.9,66,74.8,79.4,,53.7,78,78,74.8,45.4,47.7,95.2,52.4,76.1,90.4,89.7,88.7,90.6,59.8
20141022,12,PM10,184.1,162.5,176.9,166.5,208.1,225.9,176,149.4,167.5,144.5,191.1,173.1,151.9,158.5,142.3,190.9,140.5,122.1,140,185.3,,125.6,108.9,132.1,107.2,73.9,86.3,130.5,90.9,185,152,151.8,205.3,176.8,218
20141022,12,AQI,87,80,83,87,101,93,92,79,81,85,109,101,89,106,88,141,78,69,73,77,68,70,73,70,72,64,68,102,86,105,96,97,96,98,102
20141022,13,PM2.5,71,67.8,80.7,53.6,93.7,98.5,88,89.7,86.9,80,71.5,75.8,61.9,70.3,75.3,114.7,88.6,78.8,81.6,71.2,,59.6,91.2,82.6,84.3,46.5,57.6,87.3,48.1,79.6,90.4,72.8,97.3,81.6,109.7
20141022,13,PM10,130.3,126.7,154.7,116.5,201.3,195.4,206.9,170.8,170.9,146.1,152.9,202.6,123.1,137.4,108.9,159.5,151.1,134.5,156.2,155.6,,112.8,111.2,130.3,110,65.2,91,104.6,76.9,,132.3,110.5,202.7,135,205
20141022,13,AQI,88,81,85,88,104,95,95,80,83,88,108,104,90,106,90,145,79,70,75,79,69,70,76,72,74,63,68,105,86,107,99,97,98,100,105
20141022,14,PM2.5,63.1,63.5,65.4,64,99.3,99.8,78.2,93.8,108.1,66,70.8,72.4,62.3,73.5,79.3,80.6,96.5,87.5,77.7,70.4,,57.6,89.8,88.5,94.7,49,43.1,84.1,50.2,,86.9,85.2,71.8,92.2,111
20141022,14,PM10,143.8,108.6,110.4,134.2,186.8,171.7,164,188.6,203.6,114.3,121,158.5,118.4,127.6,106.8,117.6,173.7,149.8,137,150.5,84.1,89.5,117.5,146.6,129,84,71.2,109.6,86.8,,114,117.1,141.8,145.9,164.7
20141022,14,AQI,90,81,86,89,106,97,97,83,85,89,110,105,90,103,92,148,81,72,77,80,69,70,78,74,77,63,68,107,86,109,101,102,99,102,108
20141022,15,PM2.5,63.7,67.9,69.3,63.6,87.2,86,79.1,112.4,86.1,75.7,76.1,61.3,62.7,69.9,77.7,79,119.4,102.6,75.3,72.5,56.7,57.8,91.9,96.8,100.2,49.8,34,89.8,45.8,,95.7,88.6,82.1,89.1,104.7
20141022,15,PM10,152.2,127.3,129.1,132,155.3,149.1,143.3,204.5,159.1,138.1,130,123.4,110.5,127.4,110.9,110.8,198.5,183.2,121.5,132.4,108.1,79.4,113.3,151.4,134.8,90.7,55.7,106.7,98,,129.8,124.9,146.7,141.3,138.8
20141022,15,AQI,92,83,87,90,107,98,98,86,88,92,109,106,92,102,95,146,86,74,78,81,69,70,80,77,79,64,67,109,85,112,105,107,100,105,112
20141022,16,PM2.5,70.2,72,73.8,67.9,,87.1,75.1,90.3,83,88.3,81.2,72.5,77.1,80.8,68.4,91.6,,104.2,81.2,58.5,70.5,53.7,101,107,109,54.9,53.9,100.1,65.1,64.4,93.4,85.1,93.5,94.6,92.5
20141022,16,PM10,151,123.9,130.3,132.7,161.8,142.1,140.6,152.7,132.5,145,130.7,126.4,125,133.3,98.1,124,,186.2,122.4,121.1,135.5,84,124.2,173.3,149.3,83.9,91.4,127.9,119.2,245.1,125.9,123.4,152.2,153.9,139.4
20141022,16,AQI,93,84,88,92,109,99,100,87,90,94,108,107,93,101,96,145,88,76,79,81,70,70,83,80,83,64,67,112,84,115,107,108,102,108,115
20141022,17,PM2.5,64.3,66.5,84,79.9,,92.5,89.2,82.6,83.1,96.5,97.3,82.1,91.2,73.7,65.1,98.4,,113,83.1,57.5,90.6,74.1,110.8,115,114.6,,57.9,117.3,70.9,103,97.6,84,82,104.4,99.7
20141022,17,PM10,127.9,116.8,138.2,138,134.5,140.7,150.6,137.6,128.3,130.9,146.4,150.2,162.7,123.7,94.7,139.1,,185.3,121.4,100.7,167.9,95.4,131.8,175.8,168.1,78.4,93.2,146.8,136.7,210.9,120.7,122.3,146.3,154.5,145.9
20141022,17,AQI,94,85,89,93,110,101,101,89,93,98,108,108,94,100,97,149,90,79,80,80,71,70,87,84,87,64,66,116,84,117,110,108,103,111,118
20141022,18,PM2.5,59.3,56.3,90.3,66.6,60.7,84.8,92.9,101.5,86.5,104.6,108.6,100.3,91.4,70.5,79.8,132.9,,113.5,97.3,53.4,99,82,116.3,127.1,128.5,,63.3,120.9,79.6,108.6,85.7,75,94,94.2,100.9
20141022,18,PM10,87.3,109.5,132.2,119.6,162.9,123.3,158.1,152.6,136.1,145.7,176.2,187.7,174.5,128.2,131.3,170.6,253.5,186.8,150,100.1,183.9,120.3,150.4,181.2,169,98.2,107,146.7,135.8,204.1,118,121.6,151.9,161.2,160
20141022,18,AQI,94,85,90,93,111,103,102,93,95,101,109,110,95,100,99,153,92,83,83,80,72,71,91,87,91,64,67,120,85,119,112,107,105,113,120
20141022,19,PM2.5,62.4,76.9,74.3,58.7,94.4,97.6,93.9,109.1,92.1,107.6,115.3,102.4,101,81.8,118.2,134.5,60.8,122.6,107.6,60.9,82.9,93.5,116.7,115.7,116.5,52.2,65.7,140.5,85.6,120.3,90.1,88.8,83.3,92.8,123.8
20141022,19,PM10,126,138,119.6,110.3,168.3,154.3,157.6,172.1,159.8,158.9,184.9,175.9,183.8,146.1,159.7,178.6,218.8,199.6,181.8,119.4,159.6,142.6,149.7,161.1,147.9,119,109.6,178.6,360.1,202.4,124.5,140.5,133.1,154.4,188.4
20141022,19,AQI,94,86,91,93,111,106,103,96,98,104,110,110,97,101,103,157,93,87,86,80,73,74,94,91,95,64,66,124,87,119,113,109,105,114,124
20141022,20,PM2.5,86.4,97.7,80.2,90,107.1,119.8,89.8,122.3,98.4,89.5,122.8,100.3,110.3,126,131.9,115.5,87.9,114.9,112.8,77.2,91.9,99.7,117.4,117.3,112.1,82,65.1,131.5,82.4,115.4,140.6,124.8,85.6,115.1,130.2
20141022,20,PM10,164.2,179.3,129.1,170.6,180.7,174.5,150.5,178.5,137,114,209.3,182.8,211.9,212.7,176.6,158.9,198.6,192.2,178.8,138.8,175.5,150.5,135.4,145.7,140.5,115.7,96.7,177.7,134.3,195.4,163.1,174.8,146.1,194.8,200.7
20141022,20,AQI,95,88,93,94,112,109,104,101,101,106,110,109,98,102,106,157,94,90,88,79,73,76,98,96,98,65,66,128,88,118,115,110,105,115,126
20141022,21,PM2.5,94.6,105.4,100.9,105.2,112.8,119.9,100.5,117.2,108.7,99.8,130.7,94.3,122.9,137.1,126.7,127.5,80.2,109.5,107.9,78.7,93.4,86.4,121.1,114.2,113.5,80.4,70.8,120.3,80.6,113.2,136.8,130.5,116,145.7,134.5
20141022,21,PM10,170.5,189,155.6,184.9,208.9,193.4,176.9,186.6,141.8,142.5,240.8,150.5,230.8,217.8,194.5,180.6,168.8,172.6,151.6,138.9,171.4,127.2,,151.7,132.9,129.6,94,159.4,119.8,188.3,171.2,181.5,193.2,223.2,194.3
20141022,21,AQI,96,90,94,95,113,112,104,103,104,106,113,109,99,104,109,156,96,94,91,79,75,77,102,99,102,67,66,130,88,116,117,111,108,117,129
20141022,22,PM2.5,88.1,90.2,107.8,92.3,109.5,120.1,100.9,113.4,118.2,119.9,130.8,99.6,123.5,125.9,117.8,125.2,75,99.9,111.6,73.9,92.9,93.5,115.3,109.3,109.6,92.8,76.7,122.7,81,132.7,124.4,122.5,132.8,130.6,137.1
20141022,22,PM10,159.3,156.6,170.8,168.4,195,190.2,192.4,167.3,189.6,137.3,217.4,183.2,199.6,202,174.6,166.9,150,146.3,157.1,116.9,161.4,137.7,123.3,152.9,132.3,133.6,99.4,159.3,103.3,223.4,141.9,163.3,207.2,197.3,195
20141022,22,AQI,96,91,96,95,114,115,105,106,107,107,115,108,101,105,111,155,97,97,94,79,77,79,105,103,106,70,68,131,88,117,118,113,111,119,131
20141022,23,PM2.5,88.7,101.3,99.5,89.9,115,131.1,103.7,117,118,121.4,124.6,103.9,128.1,127.7,124.4,116.4,79.7,105.6,114,72.3,92.8,96.4,115.9,111.6,105.5,83.9,69.1,112.9,83.7,152.1,122.6,121.7,112,123.2,136.9
20141022,23,PM10,166.3,163.7,152.6,149.8,192.4,194.1,192.6,169.6,183.1,156.1,214.2,185.7,216.6,192.8,176.3,187.6,155.8,173.8,154.7,118,149.6,143.9,127.2,147.7,123.2,121.1,95.6,159.1,92.5,336,145,149.3,186.2,169.2,211.4
20141022,23,AQI,97,93,98,96,115,117,106,110,110,108,116,105,103,108,114,154,97,100,97,80,79,82,108,106,110,72,69,132,88,120,120,115,112,121,133
