date,hour,type,dongsi,tiantan,guanyuan,wanshouxigong,aotizhongxing,nongzhanguan,wanliu,beibuxingqu,zhiwuyuan,fentaihuayuan,yungang,gucheng,fangshan,daxing,yizhuang,tongzhou,shunyi,changping,mengtougou,pinggu,huairou,miyun,yanqing,dingling,badaling,miyunshuiku,donggaocun,yongledian,yufa,liulihe,qianmeng,yongdingmengxi,xizhimengbei,nansanhuan,dongsihuan
20141028,0,SO2,14.8,4.9,,8.2,11.1,14.7,11,6.8,5.7,9.8,8.6,8.1,6.2,2,7.8,12.4,4.7,8.5,7.3,9,7.7,2.7,8.5,6.4,13.8,20.5,22.7,7,5.9,4.6,2,11.5,,2,
20141028,0,NO2,61.2,59.2,,75.6,75.3,69.6,67.7,65.3,47.7,70,50,61.6,56.3,64.5,57,63.4,62.5,78.5,45.2,41.3,63.8,51.3,75.7,38.9,84.3,29.2,64.6,71.9,16.9,64.8,68.4,81.9,,97.9,
20141028,0,O3,6.3,3.5,,2,2,12.6,2,2,20.1,2,7,7.3,10.3,2,18.8,2,2,2,23.7,16.6,2,2,7,10.7,2,31.1,16.4,2,16.9,2,2,12.7,,2,
20141028,0,CO,1.3,1.1,,1,1.4,1.4,0.7,1.3,0.7,0.8,0.7,0.8,0.8,0.8,0.8,1,1.1,1.1,0.7,1.8,1.2,1,1.2,0.9,1,1.1,0.7,1,0.7,0.7,1.3,1.2,,1.1,
20141028,1,SO2,10.9,3.2,,7.2,8.8,16,9.8,6.7,3.9,10,7.2,7.8,6.4,2,7.5,11.5,3.8,7.2,5.5,6.6,5,3.2,7.8,5.1,11.7,19.5,26.7,7.9,4.3,3.1,2,10.1,,2,
20141028,1,NO2,61.6,56.5,,65.4,72.6,70.8,69.1,58.2,59.2,70.4,47.6,56.2,55.9,57.5,64.3,55.5,60.6,74.9,53.5,36.2,48,49.3,79.9,45.3,81.1,30.6,69.8,69.6,21.5,57.9,69.7,75,,96.6,
20141028,1,O3,7,6,,5.3,2,11.4,2,2,7.3,2,5.9,8,8.5,6,8.4,2,2,2,12.2,16.9,2,2,2.4,5,2,24.5,15.4,2,6.5,2,2,17.8,,2,
20141028,1,CO,0.9,0.8,,0.6,0.8,0.9,0.7,1.3,0.6,0.7,0.8,0.8,0.8,0.8,0.9,1.3,1.1,1.1,0.7,1.6,1.1,1.1,1.2,1,0.9,1,0.9,0.9,0.7,0.6,0.9,0.7,,0.8,
20141028,2,SO2,9.6,2.7,,2,8.1,10.3,7.9,6.1,2.8,11,5.6,6.7,4.8,2.9,5.4,9.5,5,4,4.1,5.9,3.8,8.1,5.9,5,12.5,11,15.6,8.3,4,2.5,2,6.9,,5,
20141028,2,NO2,56.4,54.1,,65.7,63.4,70.2,65.5,65.8,56.1,61.7,44.4,53.7,51.8,53.9,60,54.9,60,71.2,64.2,42.5,40.4,51.3,64.7,48.5,79,26,57,71,39,52.8,66,78,,88.9,
20141028,2,O3,8.3,3.8,,2.6,2,9,2,2,7.8,2,7.3,5.2,10.7,7.8,12.1,2,2,2,2,10.6,3.3,2,10,3.8,2,15.5,24.5,2,2,2.9,2,12.5,,2,
20141028,2,CO,0.8,0.6,,0.7,0.6,0.6,0.7,1.2,0.6,0.7,0.7,0.8,0.7,0.8,0.7,1.1,1.2,1.2,0.7,1.5,0.9,1,1.2,1,0.9,1.3,1,1,0.9,0.6,0.9,0.7,,0.7,
20141028,3,SO2,9.4,2,,2,4.1,6.7,7.2,5.9,2.1,9.7,5.1,4.7,,2,5.4,10,5,3,2,5.3,2.6,11.5,4.9,4,10.6,10.3,11.4,8.8,2.2,2.4,2,8.2,,4.1,
20141028,3,NO2,56,46.6,,62.2,52.5,75.6,61.7,59.1,38.1,55.7,63.3,58.4,,45.2,58.7,52,60.4,67.2,58,39.4,37.6,57.9,62.2,46.8,74.4,30.6,51,68.5,27.7,46.3,61.9,90.8,,87.5,
20141028,3,O3,8.5,2.1,,3.7,2,2,2,2,17.9,2,2,3.2,,11.1,17.2,2,2,2,2,11.2,4,2,8.9,3.2,2,7.8,23,2,2,2,2,7.9,,2,
20141028,3,CO,0.9,0.7,,0.7,0.6,0.8,0.6,1.2,0.6,0.6,0.7,0.6,,0.7,0.6,1.1,1.2,1.1,0.1,1.2,0.9,1.3,1.2,1.1,0.9,1.5,0.8,0.9,0.8,0.6,1,1,,0.7,
20141028,4,SO2,8.6,2,,2,7.3,5.4,6.5,6.5,2,8,5.9,4.1,,2,4.6,11.5,4.4,2.7,2.2,6,2.8,6,3.7,3.7,8.3,11.7,9,9.1,2,2.3,2,7,,3.9,
20141028,4,NO2,53.6,50.4,,57.8,59.5,72.1,62.1,48.3,40.3,51.1,59.8,64,,37.4,65.3,56.6,59.6,62.9,62.6,38.5,35.9,53.2,58.6,48.3,70.8,28.7,57.6,65.5,14.2,43.2,62.5,89.9,,84.1,
20141028,4,O3,11.7,2,,5.4,2,2,2,2,15,2,2,2.6,,15.6,6.5,2,2,2,5.2,12.7,8.3,2,6.9,2,2,11.1,14.2,2,2,2,2,7,,2,
20141028,4,CO,0.8,0.7,,0.7,0.8,1.2,0.7,1.1,0.6,0.7,0.7,0.5,,0.6,0.8,1.2,1.2,1.2,0.7,1.1,0.9,1.1,1.2,0.9,0.8,1.4,0.7,0.9,0.7,0.6,1,1.1,,0.7,
20141028,5,SO2,7.6,2,,2,8,4.7,8.4,6.4,2,6.5,6.3,3.6,,2,3.5,12.3,3.1,3.5,2,5.1,2.4,3.4,2,2.6,7.2,14.1,7,9.1,2,3.6,2,5.3,,4.2,
20141028,5,NO2,55.3,50.9,,64.5,70.3,67.8,69.4,45.4,52.3,63.8,60.7,63.9,,60.5,58.9,59.9,54.9,56.2,,43,37.5,45.6,67.9,47.9,68.8,27.9,50.8,61.6,9.6,38.1,61.6,72.5,,74.5,
20141028,5,O3,7.7,2,,2,2,2,2,2,5.5,2,2,2,,2,4.9,2,2,2,2,7,7.2,2,2,2,2,13.7,13.9,2,2,2,2,7.7,,2,
20141028,5,CO,0.8,0.8,,0.7,1.1,1.2,1,1.1,0.6,0.7,0.7,0.8,,0.8,1.1,1.1,1.3,1.3,1,1.2,0.9,1.2,1.2,1,0.8,1.4,0.6,0.8,0.6,0.6,1,1.1,,0.8,
20141028,6,SO2,5.9,2,,2,8.1,4.3,9.1,6.5,3.3,6.2,6.4,3.2,,2.4,5.5,13.9,2.4,2.7,3.4,4.1,2.2,4.4,2,2.8,7.4,13,6.4,10,2,6.9,2.5,7.5,,5.2,
20141028,6,NO2,58.8,40,,67.1,72.3,69.4,72.2,42.4,63.8,68.1,64,67.4,,65.9,69.6,60.9,51.5,59.7,68.8,40,38.6,46.9,65.4,45.2,69.7,28.1,53.7,60.1,10.1,38.2,55.7,77.5,,75.3,
20141028,6,O3,2,2,,2,2,2,2,2,4.1,2,2,2,,2,5.3,2,2,2,2,5.8,6.4,2,2,2,2,11.3,14.8,2,2,2,2,7,,2,
20141028,6,CO,1.3,0.9,,0.9,1.1,1.3,1.1,1.2,0.7,1,0.8,1.1,,1.1,1.1,1.3,1.2,1.2,1,1.2,0.9,1.6,1.2,1,0.9,1.3,0.6,0.8,0.6,0.6,1.3,1.2,,0.9,
20141028,7,SO2,6.2,2.9,,2,8.1,5.4,9.7,7.5,2,7,4.8,3.3,,3.9,4.7,15.7,2,2.1,3.2,4.3,2,4.3,2,3.7,6.3,8.7,6.3,11.8,2,6.1,2.7,13,,8.3,
20141028,7,NO2,61.5,38.2,,70,71,70.8,71.7,43.1,59.4,71.5,63.8,71.5,,65.6,62.4,60.9,50.4,55.6,65.2,43,41.9,45.4,57.2,42,65.6,23.4,49.8,57.6,9.8,36.7,56,90.4,,78.1,
20141028,7,O3,2,2.3,,2,2,2,2,2,3.2,2,2,2,,2,4,2,2,2,2.5,2.9,2,2,2,2,2,11.2,17.5,2,2,2,2,3.3,,2,
20141028,7,CO,1.3,1,,1.2,1.2,1.2,1.2,1.2,0.8,1.1,0.9,1.3,,1.3,1.1,1.1,1.2,1.1,1,1.2,1,1.6,1.3,0.9,0.9,1.1,0.7,0.8,0.6,0.6,1.5,1.6,,1.2,
20141028,8,SO2,6.8,3,,2.5,10.1,6.8,11.1,6.5,2,7.7,5.9,4.9,,4.3,5.5,19.9,3.2,3.1,3.8,6.4,2,5.7,2,3.5,6.9,6.6,7,11.2,2,9.5,2.8,14,,11.7,
20141028,8,NO2,60.6,36.5,,74.5,71,70.6,72.4,37.9,55.1,70,65.1,74.1,,65.9,63.4,64,50.4,52.8,61.9,44.2,39.8,45,55.5,36.1,65.1,17.3,46.3,56.1,10.8,33.1,59.1,102.8,,80.9,
20141028,8,O3,2.1,2.3,,2,2,2,2,2,5.4,2,2,2.5,,2,3.8,2,2,2.2,6.5,4.8,4.2,2,2.7,3.4,2,15.2,21.6,2,2,2,2,2,,2,
20141028,8,CO,1.5,1.1,,1.4,1.3,1.4,1.2,1.2,0.9,1.2,1.2,1.4,,1.5,1.2,1.3,1.4,1.2,1,1.3,1,1.7,1.4,1,0.9,1,0.9,0.9,0.7,0.7,1.5,1.7,,1.5,
20141028,9,SO2,10.2,8.6,,4.6,14,13.7,15.6,6.4,6,12.4,8.8,5.8,9.1,9.9,12.3,31.3,12.8,7,8.1,10.3,5.1,8.1,3,4.6,11.6,10.9,13.1,15.5,4,6.6,3,16.3,,14.4,
20141028,9,NO2,68.3,64.8,,80.9,78.6,76.9,76.4,50.3,63.1,76.6,68.6,77.4,62.7,71.2,63.8,75.9,52,55.9,62.2,46.7,39.2,46.6,58.4,35.7,56.8,15.6,49.6,69.8,32.2,55,62.4,97.1,,92,
20141028,9,O3,3.1,4.5,,2.6,2,2,2,2,6.9,2,2,3.3,3.2,3.1,8.3,2,2,2.7,7.1,8.6,9,3,5.8,6.8,12.1,23.2,21.9,2,2,2,2,2.4,,2,
20141028,9,CO,1.7,1.2,,1.3,1.4,1.6,1.3,1.3,1,1.2,1.2,1.5,0.9,1.4,1.2,1.4,1.5,1.4,1,1.4,1,1.7,1.4,1,0.9,0.9,0.9,1.2,1,0.8,1.5,1.6,,1.8,
20141028,10,SO2,15.7,13.9,,6.6,18.4,21.5,20.2,12.5,11.2,16.9,12.5,8.8,13.2,17.1,39.1,35.2,18.6,11.7,11.4,18.5,12.3,15.6,5,9.2,13.7,16.2,18.9,21.9,13.2,9.8,2.8,18.1,,13.6,
20141028,10,NO2,70.9,73.9,,82.9,87,84.2,84.1,60.4,69.9,77.5,80.1,80.9,71.4,72.3,59.3,81.2,55.5,63.9,65.5,53.8,42.9,51.5,51.6,45,50.2,15.4,48.1,74.3,,58.6,69.4,97.8,,97,
20141028,10,O3,5.1,8.4,,7.8,2,3.6,2,2.3,11.8,5.8,2,6,5.2,8.5,,2,2.9,3.8,11,16.4,18.6,9.8,18.1,16.1,22.8,37.5,37.9,6.6,20.1,9.6,2.4,11.6,,2,
20141028,10,CO,1.6,1.1,,1.2,1.5,1.4,1.4,1.1,1.1,1.1,1.2,1.4,1,1.2,1,1.4,1.3,1.3,1,1.4,1.1,1.4,1.2,1,0.8,1,0.9,1.2,0.7,0.7,1.3,1.3,,1.6,
20141028,11,SO2,18.4,16,,12.1,19.4,25.4,20.4,14.1,15.2,20.5,16.1,16.1,14.8,23.1,18.6,33.3,23.3,12.9,13.4,19.7,20.5,19.4,6.2,13.6,14.9,18.6,16.4,20.7,27.3,18.4,6.2,23.7,,13.6,
20141028,11,NO2,73,80.2,,73.9,99.7,90.3,91.5,58.3,70.3,72.1,84.7,78.5,71,65.3,43.6,74.2,57.3,60.9,78.8,35.7,47.7,46.7,42.6,43,47.6,13.6,55.2,66.8,33.7,45.4,76.5,99,,98.6,
20141028,11,O3,11.3,12.3,,20.1,2,7.7,2,9.1,20.9,20.2,2,13.9,11.3,19.9,38.8,13.5,12.2,8.2,11.2,50.1,28.1,27.2,33.3,28.4,31.8,50.5,43.4,17.9,36.7,33.9,3.7,17.3,,2,
20141028,11,CO,1.3,1.1,,0.9,1.6,1.2,1.4,1.1,1,1,1.1,1.1,0.9,0.9,0.7,1.1,1.2,1.1,1.1,0.9,1.2,1.3,1.1,,0.8,1,0.7,0.9,0.6,0.6,1.3,1.1,,1.5,
20141028,12,SO2,19.4,19.9,,15.6,19.3,26,19.6,16.7,16.9,22.3,20.8,13.2,17.8,25.2,17.9,25.7,22,13.6,17.3,22.4,19.6,25.8,7.8,15.1,16,19.6,18.9,18.9,26.2,27.2,12.6,23.2,,14.4,
20141028,12,NO2,75.3,69.1,,74,104.6,91.1,97.8,67.6,78.7,70.6,75.5,98.5,49.7,49.2,39.2,54.8,51.1,50,80.5,31.5,42.6,42.1,39.8,43.3,48.5,12.3,40.3,64.2,22.2,46.4,80.3,83.6,,99.4,
20141028,12,O3,18.6,26.2,,26.8,2,16.7,2,15.4,19.8,28,13.5,9.7,30.9,43.8,52.7,40.4,28.4,16.7,13.3,62.2,40.6,42.2,45.7,36.5,40.3,66.1,70.7,23.8,59.1,45.1,6.3,29.5,,2,
20141028,12,CO,1.2,0.9,,0.9,1.4,1,1.3,1,1,0.9,0.9,1.2,0.7,0.7,0.7,0.8,1,1,1,0.8,1,1,1,0.9,0.9,0.9,0.6,0.8,0.6,0.6,1.2,0.9,,1.3,
20141028,13,SO2,25.1,27.4,,22.6,18.9,28.3,22.8,16.9,17.8,26.1,22.2,16.7,19.9,26.6,20.1,26.6,23.4,14.2,16.9,23.2,18,22.4,8.3,15.9,16.6,21.7,23.7,17.6,20.5,29,15.3,27.8,,17,
20141028,13,NO2,61.1,56.1,,67.8,104.6,77.7,101.4,75.1,93.9,56.4,54.5,91.2,40.6,36.3,29.7,41.6,53.2,71.7,84.9,31.5,40.8,31,36.5,43.6,55.8,15.1,43.4,63.7,21.8,42.7,73.2,70.8,,100.3,
20141028,13,O3,35.2,46.5,,39.6,2,36.1,2,15.4,19.4,47.9,35.7,21.3,45.5,61.3,72,58.8,34,13.6,19.3,69.1,48.2,60.9,58.6,43.1,40.9,73.1,70.2,28.6,60.8,54.6,12.5,45.5,,2,
20141028,13,CO,0.9,0.7,,0.8,1.2,0.8,1.3,1,1.1,0.8,0.8,1.1,0.7,0.6,0.7,0.6,1,1,1,0.8,0.9,0.7,1,0.9,0.9,0.8,0.8,0.7,0.6,0.5,1,0.7,,1.2,
20141028,14,SO2,27.2,26.4,,24.9,20.6,27.7,22.9,15.3,17.8,29.7,28,22.3,23.6,28,20.8,26.7,24.9,13.3,18.3,28,19,23.3,8.6,16.1,16.9,23.4,26.4,17.9,18.8,29.1,24.4,28.7,,14.9,
20141028,14,NO2,46.5,37,,42.7,83.7,62.1,100.5,86.3,105,31.2,36.4,54.6,43,28.2,24.4,37.6,66.3,67.2,69.9,33.1,51,35.4,38.1,55.8,66.3,15.5,47,57,19.5,46.5,66.8,56.7,,97.9,
20141028,14,O3,52.1,70,,64.8,24.9,60.4,10.7,12.5,21.5,74.9,55.6,54.9,50.8,72.3,83.2,65.7,33.7,19.8,35.2,71.2,44.3,62.4,61.3,44.6,36,78.6,71.7,36.8,66.5,54.9,21.3,62.5,,4.6,
20141028,14,CO,0.8,0.6,,0.6,0.8,0.7,1.1,1.1,1.2,0.5,0.6,0.7,0.6,0.5,0.6,0.5,0.9,1,0.8,0.9,0.9,0.8,1,0.9,0.9,0.7,0.9,0.6,0.5,0.5,0.9,0.6,,0.9,
20141028,15,SO2,22.6,24.9,,20.3,22.1,22.8,25.4,15.7,23.5,27,27,24.8,18.7,24.8,18.1,22.9,24.1,12.5,23.8,21.1,21.2,25.9,8.9,14.7,16,27.2,22.8,18.5,18.8,,22.7,26.2,,16.9,
20141028,15,NO2,36.3,33.6,,38.3,49.6,53.8,65.9,101.6,61.1,36.7,39.4,45.3,46.9,30.7,24.2,31.4,59.6,82.8,47.4,37,64.4,52.6,50.6,58.9,72.5,20.7,50.3,51,19.8,,68,51.4,,102.6,
20141028,15,O3,60.3,71.8,,68.3,50.8,69.5,34.4,7.7,54.6,68.7,53.7,63.2,47.2,69.4,91,74.4,46.1,14.4,54.9,70,44,52.1,51.4,49.3,36.1,72.5,76.4,42.6,68.1,,20.9,64.2,,2,
20141028,15,CO,0.7,0.5,,0.5,0.6,0.6,0.6,1.1,0.8,0.5,0.6,0.7,0.7,0.5,0.6,0.4,0.8,1.1,0.7,1,0.9,0.9,1.1,0.9,0.9,0.8,0.8,0.5,0.5,,0.8,0.6,,0.9,
20141028,16,SO2,19.7,22.2,,15.3,17,23.1,24.4,14.2,26.1,22.8,21,19.8,15.7,24,15.4,19.9,21.7,12.5,21.8,19.5,21.3,26.8,7.2,14.4,14.3,28,19.3,18.4,21.2,21.6,14.1,22.9,,14.3,
20141028,16,NO2,36.8,35.8,,46.5,48.2,53.4,65.9,108.6,36.8,41.1,44.2,49.3,55,40.3,26.1,28.8,52.5,101.3,51.1,35.4,81.7,59.5,68.8,87.2,92,33.3,46.7,45.4,18.6,34.7,66.4,59.9,,99.9,
20141028,16,O3,54.4,65.7,,59,46.8,67.5,32,4.3,69.7,63.5,45.6,56.3,39.1,58.6,,78,54.1,9,45.6,75.3,31.9,50.9,37.9,24.8,22.9,57.2,81.1,45.5,70.8,66.1,22.3,53.8,,2,
20141028,16,CO,0.6,0.7,,0.6,0.5,0.5,0.6,1.2,0.6,0.6,0.6,0.6,0.7,0.6,0.6,0.4,0.7,1.2,0.6,0.8,1,0.9,1.2,1,0.9,0.8,0.6,0.5,0.5,0.4,0.8,0.6,,1,
20141028,17,SO2,19.2,20.2,,14.1,12.9,21.8,21.9,13.9,23.4,25,19.8,15.9,15.8,24.1,13,18.1,18.6,11.1,20.3,12.8,18.9,23.5,5.3,14.5,14,24.8,15.2,17.1,16.3,17.7,7.1,23.5,,14,
20141028,17,NO2,48.6,37.2,,54.4,67,67,70,112.8,44.4,49,53.3,55.7,60.8,44.6,33.6,44.4,54.1,110.7,59.5,37.4,90.8,62.1,78.6,97.9,105.4,41,49.7,47.1,23.6,44.8,75.7,75.4,,103.4,
20141028,17,O3,44.1,59.1,,49,29.6,49.3,24.3,2,57,52.3,35.9,46.9,33.5,55,58.5,56.9,47.1,5.3,34.7,67,23.6,47.4,33.8,15.1,11.7,46.4,69.4,37,63.7,49.6,14.5,38.1,,2,
20141028,17,CO,0.7,0.6,,0.6,0.6,0.6,0.6,1.2,0.6,0.7,0.7,0.7,0.8,0.6,0.6,0.4,0.7,1.2,0.7,0.7,1,0.9,1.2,1,1,0.9,0.6,0.5,0.5,0.5,0.9,0.7,,1.1,
20141028,18,SO2,19.3,18.8,,12.8,15.5,21.5,21.8,10.7,17.8,25.7,16.9,14.7,15.8,22.4,12,18.4,15.2,9.1,18.1,10.8,16.8,18.9,5.6,11.4,14.3,22.6,11.4,14.5,11.2,9.7,4.6,24.7,,14.4,
20141028,18,NO2,51.6,43.7,,67.4,72,70.1,85.8,110.5,53.9,70,61.1,62.5,73.4,57.3,35.3,65.4,69.4,110.9,75.5,58.3,105.9,91.7,108.3,95.2,115.9,45,47.4,67.8,31.6,46.7,78.3,86.8,,106.3,
20141028,18,O3,40.5,49.6,,33.9,23.4,42.9,8.3,2,41.4,31,23.7,37.3,21.4,39.9,61,32.2,25.7,3,18.3,42.7,9,14.6,9.9,9.3,2,36.6,60.3,13.2,46.4,37.3,11.1,28.2,,2,
20141028,18,CO,0.7,0.6,,0.7,0.6,0.6,0.7,1.2,0.6,0.7,0.7,0.8,1,0.6,0.5,0.5,0.8,1.2,0.7,0.8,1.2,1.1,1.3,1,1.1,0.9,0.7,0.5,0.5,0.5,0.9,0.9,,1.2,
20141028,19,SO2,19.3,15,,12.1,15.7,19.8,23.2,10.7,11.8,22.1,14.2,15.7,14.5,20.1,12.3,17.5,12.1,8,18.3,14.2,15.2,18.8,6.7,9,15.5,22.8,11.3,13.4,6.2,6.2,4,28.5,,15,
20141028,19,NO2,61.4,55.6,,68.9,80.1,64.1,86.8,110.6,54,58.5,82.9,75.7,90.4,89.1,58.9,73.8,86.7,111.9,97.2,79.2,114.9,109.9,97.3,91.6,118.3,45.7,47.5,81,27,58.7,84.2,102.6,,108.1,
20141028,19,O3,30.8,30.5,,30,13.8,42.2,6,2,28.2,36.2,2,22.6,5.8,8.1,39.4,21.7,3.4,2,3.8,26.6,2,2,15.4,3.4,2,29.4,55.3,2,28.1,14.5,6.4,16.8,,2,
20141028,19,CO,0.8,0.7,,0.8,0.7,0.6,0.7,1.4,0.7,0.7,0.9,0.9,1,0.8,0.6,0.6,0.9,1.2,0.8,1.2,1.3,1.3,1.2,1,1.1,0.9,0.7,0.6,0.5,0.6,1,0.9,,1.2,
20141028,20,SO2,19,11.4,,9.7,16.3,18.6,20.1,9.3,9.7,20.2,17.4,15.8,13.4,17.9,13.4,15.4,9.9,6.5,15.4,12.6,10.7,12.6,6.6,8.1,15.4,21.8,12.8,13.6,4.6,4.4,3.8,23.4,,13.5,
20141028,20,NO2,63.2,60.7,,79.7,78.2,72,92.8,102.3,58.5,87.4,93.7,88.3,96,100.5,73.4,80.8,90.6,106.5,94.6,80.1,100.5,96.7,92.9,80.7,112.7,45.2,49.5,83,41.9,65,82.9,101.7,,106.7,
20141028,20,O3,27.3,19.2,,16.3,14.8,30.5,2,2,20.4,6.8,2,11.3,2,2,27.5,7.2,2,2,2.3,20,2,2,15,2,2,25.3,52.9,2,12.4,4.6,5.7,10.2,,2,
20141028,20,CO,0.8,0.7,,0.8,0.6,0.7,0.8,1.4,0.8,0.9,1,0.9,1,0.9,0.7,0.7,1.1,1.3,0.9,1.3,1.4,1.3,1.2,1,1,1,0.7,0.6,0.6,0.7,1,1,,1.2,
20141028,21,SO2,19.9,8.9,,7.6,12.4,20.1,20.5,7.7,10.3,21,17,15.1,12.3,15.9,11.6,20,7.6,6.3,12.4,9.2,7.9,8.5,5.8,7,15.3,15.6,14.9,14.1,3.3,4.1,3.8,22.5,,13.4,
20141028,21,NO2,71.9,67.9,,98.7,89.7,83.8,97.3,88.5,52.6,98,99.4,98.6,93.9,93,90.4,88.2,89.1,102.9,84,79.5,96.1,85.9,95.6,73,108.8,40.1,46.3,80.3,40.6,66.3,91.5,109.6,,109,
20141028,21,O3,19.9,10.1,,2,2,22.1,2,2,24,2,2,3.3,2,2,11.6,2,2,2,2.1,12.6,2,2,8.5,3,2,22.1,56.9,2,2,4.5,2,7.4,,2,
20141028,21,CO,0.9,0.8,,0.9,0.7,0.7,0.8,1.4,0.7,0.9,1.1,1,1.4,1,0.9,1.9,1.2,1.4,0.8,1.4,1.4,2,1.2,1.1,1,1,0.7,0.8,0.7,1,1.2,1.1,,1.3,
20141028,22,SO2,18.6,5.1,,7.1,9.3,21.3,16.1,9.6,10.6,14.2,16.6,14.3,12.3,13.9,10.6,25,5,5,9,6.7,5.8,9.2,6.3,5.5,14.1,13.6,12.4,12.3,2.6,4,3.7,21.1,,10.9,
20141028,22,NO2,89.4,68.1,,100.9,96.6,100,94.5,97.3,52.7,92.3,97.7,98.5,88.2,89.6,88.3,103.3,84.7,88.1,72.7,45.3,87.9,75.4,89.2,63.7,103.5,32.9,40.7,73,35,56.7,93,114.4,,108.6,
20141028,22,O3,5.8,2.8,,2,2,9.1,2,2,22.9,2,2,3,2,2,11.7,2,2,2,2.1,31.3,2,2,6.8,4.4,2,25.7,54.2,2,2,3.1,2,5.6,,2,
20141028,22,CO,0.9,0.9,,0.9,0.9,0.8,0.9,1.7,0.6,1.1,1.1,1.1,1.4,1,1,1.8,1.5,1.4,0.9,1.2,1.3,1.7,1.1,1,0.9,0.9,0.7,1,0.5,0.9,1.4,1.4,,1.3,
20141028,23,SO2,20.3,4.3,,4.7,9.6,23.7,15.9,12,9.7,12.1,17.5,13.1,11,15.1,10.1,22.7,4.9,5.5,6.8,5.4,4.1,7.3,5.2,7.2,14.2,14.3,10.9,11.1,2.7,3.7,3.6,20,,9.1,
20141028,23,NO2,92.2,69,,98.7,104.4,102.8,96.5,88.6,66.9,92.5,98.8,99,84.4,93.4,88.3,102.6,79.4,78.2,70.9,38.3,72.2,67.1,86.1,58.5,96.5,36.8,37.6,69.8,40.5,59.1,91.7,120,,107.6,
20141028,23,O3,3.2,2.8,,2,2,6.1,2,2,12.4,2,2,4.3,2,2,11.2,2,2,3.1,2.3,32.4,3.7,2,4.3,6.8,2,19.3,52.1,2,2,2.4,2,2.8,,2,
20141028,23,CO,1.1,1,,1,1.1,0.9,1.2,1.8,0.7,1.2,1,1.4,1.5,1.3,0.9,1.6,1.6,1.1,1.1,1,1.1,1.3,1.2,0.9,0.9,0.9,0.7,1,0.7,1,1.5,1.9,,1.4,
20141028,0,PM2.5,48.4,40.6,44.5,52.8,48.9,37,36.6,70.8,42.3,49.1,43.7,42.7,46.2,56.3,40.3,66,79.5,53.5,34.1,54.5,64,64.8,57.2,56.8,54,62.1,28.9,50.1,43.2,66.2,59.5,57.1,47.1,52.7,
20141028,0,PM10,66.1,70,65.2,,95.6,71.2,70.2,129.7,73,95.8,73.2,,,77.8,63.3,114.7,,109.7,64.7,74,,119.5,80.4,66.1,,,45.9,55.3,51.2,,66.6,79.2,79.7,89.1,
20141028,0,AQI,54,57,54,38,62,64,59,73,59,63,62,42,54,68,73,86,48,65,59,70,43,62,51,52,43,44,70,71,77,72,57,66,63,70,
20141028,1,PM2.5,40.5,39.6,31.4,37,40.8,43.6,33.6,75.7,44,46.4,41.4,37.9,45,49.9,49.1,93.1,76,50.6,41.3,49.9,55,70.5,51.3,52.8,48.2,67.5,23.3,50.7,48.7,54.8,53.6,46.2,38.8,43.2,
20141028,1,PM10,52.3,60.1,52.9,,83.7,73.4,68.5,139.4,70.3,91.2,60.5,,,66.5,74.8,158,,107.5,71.5,77.6,,116.2,92.2,74.3,,,54,65.4,62.1,,55,59.2,68.7,92.4,
20141028,1,AQI,55,59,54,36,64,65,60,75,59,65,62,44,55,69,74,88,51,65,60,71,46,63,53,53,44,48,69,73,76,71,59,65,62,72,
20141028,2,PM2.5,35.7,36.2,31.2,38.3,35.3,36.7,37,66.3,42.5,41.2,39.1,35.4,40.2,45.4,48.8,88.5,67.8,58.1,45.3,54.1,51.7,59,50.2,53.3,59.4,51.3,23.5,47.4,71.1,60.9,46.1,43.2,37.4,45.2,
20141028,2,PM10,49.5,53.8,43.2,,63.9,60.4,59.7,108.7,57,72.6,53.9,67.7,,62.5,69.2,122.3,,110.4,83.8,94.8,,96.7,72.4,73.2,78.8,,46,62.8,907,,46.1,64.3,52.3,68.6,
20141028,2,AQI,56,60,54,39,65,66,59,75,59,66,62,72,56,70,75,89,55,66,61,72,49,65,53,54,60,50,69,73,88,70,61,67,63,72,
20141028,3,PM2.5,36.3,31.9,24.5,37.6,36.9,45.5,31.6,70.5,35.1,41.8,40.4,38.8,61.1,40,50.5,85,59.1,47.4,43.3,49.3,48.3,59.5,51.5,49.2,51.1,59.1,23.2,48.9,52.9,61.5,48,46.4,29.4,42.8,
20141028,3,PM10,39.7,49.9,36.9,,60.4,83.7,54.6,124.6,43.9,64.3,66.5,69.2,,44.3,58.3,110.4,,79.2,71.9,69.6,,95.1,72,72.9,75.6,,28.1,66.6,372.1,,52.4,52.7,38.9,58.1,
20141028,3,AQI,57,60,55,41,66,67,60,77,60,66,63,73,58,68,73,90,58,66,61,73,51,67,55,55,60,53,68,73,87,70,63,67,64,73,
20141028,4,PM2.5,32.8,36.7,35.1,32.8,42.3,84.7,35.5,72,39.2,45.2,41.7,39.2,53.4,39.7,57.5,80,52.4,49.9,47.8,46.4,44.8,48.6,51.7,50.2,47.1,50,21.6,52.4,43.3,59.4,47.6,39.4,31.4,40.2,
20141028,4,PM10,37.1,49.5,42,,70.4,170.7,68.5,114.3,45.2,62.1,61.3,82.2,,,71.5,107.2,,90,68,65.2,63.2,85.1,71.5,67.8,67.3,,29.7,62.5,51.4,,,43.9,71.1,50.4,
20141028,4,AQI,57,60,56,43,67,70,61,79,61,67,64,73,60,67,71,91,60,68,61,74,67,69,56,55,60,55,67,73,85,70,64,67,64,74,
20141028,5,PM2.5,33,37.2,30.2,34.7,53.7,88.6,57.3,70.2,38.5,52.5,45,38.9,64.2,46.1,63.6,78.3,52.4,50.3,54.5,48.3,44.6,49.1,50.6,51.2,49.5,60.3,17.6,59.5,36.7,55.9,44.4,43.9,56.6,45,
20141028,5,PM10,38.1,55.2,40.7,,102.2,177.8,81.6,89.5,51.5,115.5,65.1,107.8,,61.8,92,100,105.8,102.4,91.7,70.6,68.6,74.5,81.4,67.9,66.6,,27.3,,37.6,,,53.5,116.5,70.3,
20141028,5,AQI,57,61,55,45,68,73,62,78,60,68,65,73,63,66,70,91,78,69,63,75,66,71,57,56,60,58,65,73,85,70,66,67,66,74,
20141028,6,PM2.5,71.1,37.3,59.4,44.6,68.9,89.9,71.2,66.1,46.6,61.3,50.9,51.9,76.6,60,84,98.6,50.3,49,58.6,46.5,45.4,56.4,50.6,52.4,51.6,52.2,17,55,45.5,70.6,63.5,56,77.5,50.9,
20141028,6,PM10,119.5,60.2,94.2,71.8,131.9,161.3,131.4,98.3,62.2,181.4,86,108.6,,84.8,97.5,125.8,77.5,88.3,92.4,66.3,64.2,77.3,70,72.2,62.9,,31.5,59.4,,,82.3,71.7,134.9,81.4,
20141028,6,AQI,60,61,57,67,69,76,65,79,61,71,66,74,66,66,69,92,78,69,64,76,66,72,58,58,60,60,64,73,87,72,69,68,68,75,
20141028,7,PM2.5,78.2,49.9,69.2,54.4,69.3,81.3,74.3,61.3,48,69,65.4,63.1,76.7,72.8,89.6,88.8,49.6,48.4,60.8,43.5,47.2,55.3,57.7,51.1,50,48.9,22.6,59.1,46.8,65.2,78.1,71.2,79.7,68.9,
20141028,7,PM10,120.4,83.1,123.8,96.4,133.2,132.5,161.3,95.2,61.6,158.5,109.2,117.1,,99.5,115.4,98,73.4,86.9,93,66.4,69.3,80.4,64,71.2,57.7,,31.5,69.5,,,97.2,125.8,183.3,143.9,
20141028,7,AQI,61,61,59,68,72,78,67,80,63,73,68,74,69,66,70,92,77,70,65,76,67,73,59,59,61,62,63,72,89,74,72,68,71,77,
20141028,8,PM2.5,81.5,54.9,69,68.6,70.1,87.5,73.4,62.7,48.3,62.6,71.4,67.4,74.6,80.2,79.3,92.1,49.3,53.7,61.6,48.2,47.4,60,63.7,52.7,43.1,42.3,26.7,64.4,48.5,81.4,85.2,85.3,81.9,79.3,
20141028,8,PM10,153.9,111.5,143,145.7,143.3,156.1,194.4,123.7,74.6,113.7,129,155.3,,110.7,117.9,150.3,82.4,120.4,109.7,86.7,70.8,103.2,94.8,81.3,73.1,,44.1,110,80.7,,126,149.7,194.7,153.6,
20141028,8,AQI,63,62,61,69,74,80,70,81,64,73,69,76,72,66,70,92,78,72,67,77,68,75,61,60,62,64,60,72,89,78,76,69,74,77,
20141028,9,PM2.5,91,59.3,73.5,67.7,69,94.7,70.4,74.8,56.7,65.1,71,69.9,68.7,79.8,71.3,97.5,49.3,61.2,61.4,55.7,51.6,68,72.8,58.3,52.4,39.2,30.1,81.5,68.8,78.8,81.2,82.9,72,79.7,
20141028,9,PM10,152.3,129.2,154.1,140.8,127.7,196.7,156.3,119.1,103.1,115.9,145.1,178.1,,128,134.4,216.2,80,129.4,110.4,116.8,77.9,134.5,103.1,98.7,75.2,,53,114.7,147,,126.4,144.3,152,153.7,
20141028,9,AQI,65,64,63,70,75,82,72,81,64,74,70,79,74,67,69,92,80,73,68,74,68,76,63,61,62,66,59,73,91,79,77,71,76,75,
20141028,10,PM2.5,90,58.5,69.6,74.7,75.7,88.4,78.9,74.5,67.5,69.5,82.4,65.4,82.8,85.5,74.2,91.4,50.8,65.2,65.5,58,52.7,56.1,62.5,59.5,56.4,54.4,38.7,72.2,62.7,86.2,76.4,79,76.1,76,
20141028,10,PM10,136.3,118.7,134,129.7,140.5,170.5,196.8,88.9,113.3,110.8,171.1,143.2,,121.8,129,144.6,,116.5,102.9,115.3,84.1,123.8,83.9,89.2,71.6,,57.7,116.5,,,100.8,112.2,158.7,140.7,
20141028,10,AQI,67,65,65,71,76,83,74,82,65,74,71,80,76,68,71,94,80,74,70,75,70,79,65,63,63,68,59,74,91,81,77,72,77,75,
20141028,11,PM2.5,79.4,64.9,77.3,65.7,85.5,90,78.5,71.9,75.3,69,88.1,67.4,84.5,73.6,62.4,83.6,60,68.2,72.6,44.7,48.9,51.4,65.8,59.2,62.4,42.7,38.6,55.8,67.2,78.1,91.2,77.6,92.3,72.7,
20141028,11,PM10,115.2,122.2,138.7,114.2,167.2,167.4,171,107.7,118.6,107.8,164.8,115,,108.6,83.3,117.5,79.1,125.4,118.5,79.8,88.2,101.4,72.1,99,73.1,,57.8,63.3,68.2,,111.9,107.5,170.2,135.1,
20141028,11,AQI,67,66,66,72,77,85,77,83,66,75,72,81,78,70,72,95,79,75,70,75,70,79,67,64,66,70,59,75,89,82,78,73,78,77,
20141028,12,PM2.5,81.5,57.9,79.1,70.4,87.7,87.3,82.4,,84.2,72.4,78.6,75.1,71.1,65.7,59.6,59.4,54.6,51.1,80.6,40.7,51.4,54.4,61.5,64.7,65.8,39.4,32.8,51.8,55.4,80.8,87.2,74.1,98.9,81.9,
20141028,12,PM10,108.5,106.1,121.7,121,159.3,143.5,148.3,128.8,132,115.4,134.2,145.4,,87.2,79.5,60.8,71.7,91.6,111.9,45.8,80.5,85.1,84.2,94.8,72,,37.8,,,,98.1,90.8,175.4,111.8,
20141028,12,AQI,68,67,67,73,79,86,78,83,67,76,73,82,80,72,73,96,78,76,71,75,71,79,69,66,68,72,58,76,91,84,80,75,80,77,
20141028,13,PM2.5,69.1,57.7,71.7,65.7,90.2,75.2,83.7,49.6,91.8,67.4,79,79.9,64.2,60.3,54.3,52,59.4,70.3,81.7,36,49.5,50.2,75.7,70.3,71.4,55.9,34.3,50.3,47,73.6,83,70.8,102,79.1,
20141028,13,PM10,98.7,98.3,93.1,118.8,144.5,118,151.4,121.3,146.6,114.2,114.7,138.8,,80.5,74,,89.2,114.3,122.7,59.9,74.5,70.5,,132.3,83.5,,62.1,,53.3,,87.5,93.9,150,105.3,
20141028,13,AQI,71,67,68,74,80,87,80,83,68,76,74,83,81,74,75,96,79,76,72,74,71,78,72,68,69,73,57,77,91,86,82,77,82,78,
20141028,14,PM2.5,58.2,47.4,62.4,54,78.4,70.5,84.4,90.8,103.8,53.9,71.8,67.6,67,50.9,48.9,49.4,66.2,78,83.8,48,56.5,53.2,75.1,74.4,75.9,47.2,43.8,48.9,38.2,81.2,70.6,58.6,79.1,61.6,
20141028,14,PM10,76.9,85.9,84.5,101.8,112.4,107.4,129.6,140.8,154.1,79.4,90,103.7,,67.9,69.5,55.1,109.4,113.7,116.1,73.2,92.1,87.7,,109.2,91.5,,70.8,,52,,75.1,72.9,103.1,83.8,
20141028,14,AQI,73,68,68,74,80,87,81,84,71,77,75,83,83,75,76,97,80,77,74,74,71,78,74,69,71,74,56,78,90,88,85,78,82,79,
20141028,15,PM2.5,,50.5,47.9,50.5,53.5,55.6,58.1,97.8,76.6,52.3,63.9,58.9,71.7,52.1,49,45.2,62.5,79.4,76.2,47.3,65.5,71.1,79.8,82.4,84.9,64.8,48.4,42,42.7,,60.9,55,59,65.4,
20141028,15,PM10,75.1,83.9,73.4,99.2,92.2,104.5,86.2,160.1,117.2,87.2,104.5,98.6,,82.6,70.6,62.4,90.7,138.8,104.6,88.1,109.7,108.5,81.5,115,96.9,,80.8,45.7,58.5,,76.2,70.4,89.4,87.2,
20141028,15,AQI,75,68,68,74,81,88,81,87,73,77,77,83,84,76,77,98,80,78,76,73,72,80,76,71,73,74,55,78,90,,86,80,82,81,
20141028,16,PM2.5,,44.1,46.7,53.5,,53.4,49.5,101.8,66.7,52.7,64.5,60.3,74.9,48.4,42.8,38.6,53.5,90.5,70,46.8,72.5,74.1,75.9,93.2,88.1,90.3,50.6,40.3,41.4,69.8,60.5,52.5,51.9,59.6,
20141028,16,PM10,71.7,91.8,74.5,105.4,95.9,99,80.9,156.2,98.7,85.7,104.7,131.2,,71.5,86.3,65.6,112.6,143.9,115.1,85.4,115.7,119.3,91.2,134.1,107.5,,73.5,42.9,73.1,,79.6,83.8,83.4,95.2,
20141028,16,AQI,76,69,69,75,80,88,81,90,75,77,78,83,86,77,77,98,81,79,78,73,74,81,78,74,75,76,55,79,90,91,87,80,82,82,
20141028,17,PM2.5,33.5,42.6,44.9,49.4,,53.1,46.7,106.2,69.6,55.1,66.4,59,76,47.3,43,39,50.6,86.9,74.4,51.1,76,72.6,88.6,96,101.1,85.1,46.4,41.6,41.8,82,54,50.3,59.6,54.7,
20141028,17,PM10,72.1,78.8,72.5,99.3,388.5,101.6,88.6,159.7,108.2,102.3,114.1,115.3,,79,65.3,95.6,96.2,136.7,122.7,97.8,119.2,116,94.3,136.4,127.5,,74.2,62,82,,72.9,75.6,93.8,100.7,
20141028,17,AQI,76,69,70,75,86,88,81,94,77,78,80,84,88,78,77,98,81,80,80,74,76,82,80,77,79,78,55,78,89,93,88,81,83,83,
20141028,18,PM2.5,36,39.3,45.5,53.2,31.1,48.9,48.9,102.6,68,53.4,71.9,67.5,77,49.8,43.1,47.8,52.1,83.1,83,45.8,80.5,95.3,98.2,97.2,100.4,89.6,52.1,49,43,85.7,54.2,60.4,52.7,64.9,
20141028,18,PM10,82.4,79,80.4,103,114.3,99.8,93.3,153.8,109.9,112.6,112.6,122.2,,88.5,61.2,99.5,100.8,128.8,136.1,68.9,134.1,153.5,113.1,128.3,121.7,,79.1,62.6,80.6,,71.9,87.3,109.9,128.1,
20141028,18,AQI,76,69,70,76,87,89,81,98,78,78,82,84,90,79,78,98,82,82,82,74,78,85,83,81,82,80,55,75,89,95,89,83,84,84,
20141028,19,PM2.5,42.2,42.4,49.4,55.4,53.6,47.7,58.8,118.6,74.5,54.5,81,74.8,90.6,54.8,45.9,57,58.9,86.5,90.5,75.8,87.6,102.2,96,95,95.4,95,54.7,66.3,41.9,99,74.5,66.3,64.9,72.2,
20141028,19,PM10,96.4,97.9,85.4,108.9,107.3,93.4,100.6,210.8,101.2,109.6,142.9,145.4,,116.1,77.3,106.8,121.5,146.4,166.2,124.1,150.7,179.8,110.2,126.8,118.2,,81.9,94.1,94.3,,84.3,103.8,109.8,138.2,
20141028,19,AQI,76,70,71,76,87,88,81,102,80,78,84,85,92,79,77,96,82,85,85,74,80,87,86,84,85,82,55,74,90,97,90,83,85,85,
20141028,20,PM2.5,44.2,45.7,49,61.2,53.4,56.9,48.8,119.6,72.1,53.7,89.1,73.6,98.4,66.5,52.8,65.1,74.6,89.8,88.7,87.4,93,104.4,89.6,96.9,88.1,102.7,53.8,66.4,47.5,115.6,74,67.1,65,76.2,
20141028,20,PM10,91.2,89.5,80,116.2,96.5,87.8,103.1,210.7,98,112.1,148.6,135,,128.6,96.9,116.2,134.7,147.1,159.9,142.8,152.8,157.3,105.4,111.9,108.1,,76.1,94.4,71.9,,86.2,109.7,107.8,134.7,
20141028,20,AQI,76,69,72,76,87,88,82,106,82,78,86,84,93,79,76,95,82,87,87,75,81,89,88,87,87,84,55,74,89,100,89,83,86,85,
20141028,21,PM2.5,45.5,42.6,51.8,65.9,53.9,57.9,53.7,108.1,72.9,75.1,92.4,67.6,119.2,78.1,58.6,148.2,83.9,99.2,85,86.9,94.3,120.5,89.9,91.8,95.2,100.1,57.3,78.4,56.1,155.4,90,80.5,69.8,86.5,
20141028,21,PM10,98.8,97,83.5,121.1,134.2,91.2,107.2,184.2,105.9,155.4,153.4,146.2,,148.8,108.5,285.2,150.1,155.3,149.4,133.6,135.4,178.1,99.8,103.6,106.6,,78.1,120.7,88.5,,107.3,127.9,128.5,154.1,
20141028,21,AQI,75,68,72,76,87,88,82,108,83,79,88,85,95,80,77,99,83,89,88,74,83,91,91,89,90,86,54,76,89,104,89,83,86,86,
20141028,22,PM2.5,54.9,52.5,54.7,61.4,58.6,61.8,60.3,124.4,63.4,82.5,96.8,76.9,120.3,76.1,63.5,137.4,102.5,100,86.6,80.2,88.8,108.4,90.3,85.2,93.2,91.6,60.1,93.8,50.7,160.6,83.3,84.9,80.8,84.8,
20141028,22,PM10,110.2,103.7,92.5,115.4,143.2,102.4,150.4,196.6,90.4,155.8,174.5,176.8,,121.6,104.1,436.7,173.2,124.8,143.4,103,128.8,157.9,100.8,99.4,104.1,,76.2,122.4,86.4,,119,148.8,135.8,136,
20141028,22,AQI,76,68,72,76,88,88,83,112,83,80,90,86,98,81,78,103,85,91,89,75,84,93,93,92,92,87,54,78,90,110,91,85,88,87,
20141028,23,PM2.5,62.7,50.2,59.9,65.1,72.3,66.9,80,140.4,70.5,89.3,94.9,90.3,124.5,98.8,91.5,135.3,103.8,78.8,87.9,67.2,87.2,92.8,99.7,90.9,88,103.3,49.2,93.6,65.5,170.5,102.7,96.1,78.6,81.3,
20141028,23,PM10,120,93.4,100.1,119.6,172.1,108.5,187.8,204.3,101.5,155.1,165.4,249.9,,179.3,272.7,267.1,181.2,106.5,154.4,88.5,111.6,123.5,109.5,100.8,100.6,,57.6,117.7,84.2,,124.5,156.6,146.4,127.6,
20141028,23,AQI,77,69,73,76,90,90,85,115,85,81,92,88,102,84,81,107,86,93,92,75,85,95,96,94,94,90,54,81,91,115,94,87,89,88,
