date,hour,type,dongsi,tiantan,guanyuan,wanshouxigong,aotizhongxing,nongzhanguan,wanliu,beibuxingqu,zhiwuyuan,fentaihuayuan,yungang,gucheng,fangshan,daxing,yizhuang,tongzhou,shunyi,changping,mengtougou,pinggu,huairou,miyun,yanqing,dingling,badaling,miyunshuiku,donggaocun,yongledian,yufa,liulihe,qianmeng,yongdingmengxi,xizhimengbei,nansanhuan,dongsihuan
20140808,0,PM2.5,44.7,47.1,57.1,37.4,50.2,42.7,50.1,55.8,62.7,61.6,70.9,84.4,53.5,43.3,46.8,69.7,68.7,68.6,48,85.6,75.3,46.3,53.8,43.4,47.2,66.1,48.5,50.8,46.7,51.8,65.5,52.4,,55.2,48.5
20140808,0,PM10,,68.1,77.1,,,55.2,,75,107.2,112.3,91.5,116.8,,73.1,65.7,113.3,,111.4,102.2,,140.6,,,68.7,55.2,,81.7,,74.5,68.1,,,86.1,108.6,
20140808,0,AQI,98,99,108,93,103,84,88,62,91,93,72,86,83,100,101,92,72,64,55,89,65,52,41,58,51,55,64,92,106,80,112,99,87,107,92
20140808,1,PM2.5,50.1,42.9,51.1,35.5,49.2,41.7,47.5,48.6,76.4,70.6,63.6,77.7,49.3,47.8,51.2,64.7,73.7,62.3,62.7,81,74.8,38.1,53.2,52.2,49.5,61.1,47.1,50.6,57,52,57,49.7,,49.8,54.6
20140808,1,PM10,,72.3,59.9,,,49.7,77.4,84.2,114.3,101.1,85.1,133.7,50.3,69.4,81,89.5,,113.8,141.5,,118.4,,,73.9,54.3,,77.7,,83.4,67.5,,,113.1,111.5,
20140808,1,AQI,94,97,107,91,99,79,88,63,94,93,74,88,84,99,97,91,73,66,58,90,65,51,43,58,52,53,65,90,106,80,108,96,86,105,87
20140808,2,PM2.5,50.5,51.2,,43.6,51.7,44.2,49.4,51.8,61.7,59.7,66.2,72.5,46.8,48.5,69.3,67.7,81.9,60.4,65,73.1,74,54.6,52.5,54.9,50.4,57.9,47.7,50.8,58.4,54,59.6,57.4,,55.4,43.9
20140808,2,PM10,,70.3,,,,71.8,67.1,70.5,76.5,67.3,86.6,139.6,47.8,73.9,89.7,96.1,,97.8,161.6,,110.3,,53.5,80.6,63.7,,62.7,,94.7,62,,,83,100.6,
20140808,2,AQI,89,92,,87,94,76,88,64,92,94,76,89,85,98,92,91,72,67,60,89,67,51,49,59,52,55,66,89,102,81,103,91,83,102,83
20140808,3,PM2.5,55.7,56.3,,56.1,54.3,48.5,48.4,54.5,54.3,52.2,67.8,68.1,46.6,60.9,74,81.1,79.2,58.1,58.1,78.2,69,52.1,52.2,61.4,68.8,58.3,41.1,53.9,141.5,52.8,72.9,52.4,,62.5,46.9
20140808,3,PM10,,71.1,,,,,90.3,66,75.3,53.7,75.2,154.2,58.1,76.6,96.9,123.3,,86.7,95.8,,105.5,,58.5,81,79.7,,42.7,,795.5,54.3,,71.5,95.1,101.3,
20140808,3,AQI,86,88,,83,91,74,86,65,89,92,77,88,85,96,89,91,70,68,60,89,68,53,51,61,55,55,66,87,111,81,99,88,81,98,79
20140808,4,PM2.5,53.1,54.8,,52.4,58.4,48.4,51.3,56.3,60.1,68.1,49.2,77.4,52.3,53.9,72.8,97.1,74.8,65,46.2,80.8,66.4,54.1,65.2,63.4,77.2,58.1,44.8,67.5,140,49.8,66.5,51.1,,53,60.7
20140808,4,PM10,,60.5,,,,,98.9,69.9,80,103.1,69.9,131.4,75.4,61.8,87.5,121,,85.8,58.4,,82.1,62.9,74.2,83.8,86.7,,60.5,,660.6,72.2,,54.5,90.8,86.1,
20140808,4,AQI,83,86,,80,90,72,84,66,87,88,74,86,83,91,87,91,70,69,61,91,69,59,52,64,58,57,65,86,116,81,96,85,80,95,78
20140808,5,PM2.5,54.5,56.2,59.6,39.9,55.3,49.5,52.9,60.3,65.6,55.2,62.2,73.4,52.2,51.1,70,104.6,76.7,68,40.6,49.7,64.8,53.3,74.6,69.5,85.4,64.9,38.5,76.7,139.3,50.2,68.4,47.9,,50.2,71.6
20140808,5,PM10,,64.8,79.1,,,,148.1,73.8,79.9,110.2,68.8,129.8,93.8,61.9,88.2,153.6,,91.8,48.2,,83.4,81.9,,81.3,,,53.5,,611.3,57.9,,77.7,91.4,88.8,
20140808,5,AQI,81,83,94,77,88,70,83,68,85,85,74,85,81,88,86,92,69,72,61,91,70,59,53,66,62,59,65,86,119,82,94,83,79,92,77
20140808,6,PM2.5,54.3,50.3,64.9,46.3,67.9,59.7,68.5,63.7,80.6,60.7,55.9,67.9,48.2,57.3,70.3,105.5,80.8,68.2,43.3,69.6,69.8,52.2,84.9,70.8,83.4,55.2,36.8,81.9,81.3,56.5,62.6,53.7,,59.2,99.6
20140808,6,PM10,,71.7,85.5,,,,109.9,78.7,102.5,111.8,61.5,99.5,77.9,76,90.3,149.5,131.4,91.1,65.5,,85.3,73.9,,82.7,,,60.4,,196.3,94.1,,88.3,119.8,129.7,
20140808,6,AQI,78,81,92,75,86,69,83,70,85,84,74,85,79,85,84,93,73,74,62,91,71,60,57,69,65,61,64,86,116,82,92,80,79,89,78
20140808,7,PM2.5,67.5,56.1,69.5,50.9,85.6,87.1,83.7,63.1,81.1,62.7,57.5,68.4,64.1,70.4,90.3,112.7,84.6,68,47.4,61.2,70.1,62.2,86,72.2,89.3,61.1,38.2,79.6,62.8,65.6,70,65.2,,66.9,101.6
20140808,7,PM10,,81.9,129.8,182.2,,178.7,174.6,85.4,109.1,108.9,84,102.4,108.4,116.1,126.3,149,90.9,99.9,76.1,,99.5,75.9,,81.8,,85.7,61.4,,121.9,202.4,,106.8,166.5,174.9,
20140808,7,AQI,77,79,92,73,86,69,83,71,83,83,74,86,78,82,84,94,74,76,64,91,73,61,61,72,68,65,63,85,115,82,90,79,80,87,80
20140808,8,PM2.5,82.7,74.3,95.8,68.8,101,90.9,102.4,73.1,95.8,82.1,70.3,81.6,68.8,88.8,95.9,129,77.4,75.5,57.6,57,71.6,57.8,83.4,70.7,77,60,40.5,98.4,75,78,92.3,79.3,,81.4,109.4
20140808,8,PM10,,120.4,154.6,128.5,,146.6,178.7,89.6,115,152,100.3,152.1,121.1,161.4,121.6,183.4,117.7,108.7,85,,116.5,72,,109.4,81.6,,82.1,,112.6,126.4,,127.3,188.3,194.5,
20140808,8,AQI,77,78,92,73,88,71,85,73,83,82,74,88,78,82,83,96,77,79,65,91,76,62,64,74,71,66,63,85,114,83,90,79,81,87,83
20140808,9,PM2.5,93.6,91.1,103.7,70,106.8,85.3,108.8,80.7,88,87.7,72,93.6,73.2,93.8,99.2,116.6,73.2,85.3,69.4,57.7,70.7,54.5,82.8,79.8,73.5,59,41.7,109.5,82.6,70.7,91.7,86.9,,91.9,108.3
20140808,9,PM10,,138.2,148.9,143.9,,128.2,202.4,102.8,109.7,156.5,114.9,129.9,158.1,169.1,135.3,153.5,76.8,126.2,100.8,,122.9,91.7,,100.7,89,,66,,85.3,123.9,,134.5,181,197,
20140808,9,AQI,79,80,93,73,90,73,87,74,82,82,74,89,78,81,84,99,80,80,66,90,78,64,68,75,74,68,63,86,114,82,91,80,82,88,86
20140808,10,PM2.5,101.9,95.1,134.3,80.9,96.8,82.9,109.6,90.6,86.3,79.6,84.4,98,82.4,93.1,95.3,85.7,77.3,84.4,75.1,63.2,64.9,41.6,73.6,80,77.3,56.2,51,90.5,68.9,84.5,102,97.9,,101.5,97
20140808,10,PM10,,150.8,151.9,175,,134.8,173.5,118,113.9,133.4,115.4,151.3,151.2,181.4,126,117.4,98.2,116.8,111.7,,99.9,45.8,,96.9,87,,69.3,,101.1,147,,126.4,168.4,200.5,
20140808,10,AQI,81,81,94,76,90,74,88,75,82,83,76,89,78,81,86,101,82,80,66,89,80,65,71,75,76,70,63,87,113,82,93,82,82,89,87
20140808,11,PM2.5,95.4,92.1,128.8,86.1,103.4,85.5,101.2,93.9,94.5,85,84.6,102.2,83.7,90.5,91.8,80.3,77.2,77,78.2,53.2,63.4,46,65.8,80.1,66.1,50.3,58.7,63.3,72.4,90.6,94.2,91,,94.2,100
20140808,11,PM10,,128.7,139.3,107.5,,169,148.3,130.9,113.6,97.7,112.8,141.4,110.7,142.9,94.1,100.3,79.7,115.6,116.8,,91.5,75.8,,114.6,74.7,,181,,74.9,154.3,126.3,104.8,172.7,186.8,
20140808,11,AQI,82,83,97,76,91,76,90,75,83,84,77,91,79,82,88,103,85,80,68,89,82,66,74,76,79,72,65,86,112,82,94,83,84,91,89
20140808,12,PM2.5,84.3,77.1,112.4,68,98.6,85.1,91.8,90.2,101.3,73,73.5,80.3,66.7,76,76.5,69.8,72.2,82.7,66.2,38.5,66.8,52.1,52.2,74.1,67.3,50,49.4,53.1,42.4,78.6,76.2,73.6,,73.3,85.2
20140808,12,PM10,,89,,70.8,,86.6,,123.8,132.3,,95.4,106.1,,,,74.5,91.7,115.1,94.8,,98.5,61.5,,103.3,82.1,,120.7,,,91.2,77.9,76.5,134.8,124.6,
20140808,12,AQI,84,84,99,76,93,78,91,77,86,85,78,92,79,94,116,104,87,106,80,89,95,92,80,104,107,88,66,85,114,83,94,84,85,92,91
20140808,13,PM2.5,61.8,58.5,91.8,55.3,73.6,61.6,74,83.8,75.1,57.8,50.1,66.7,48.6,53.1,56,59.5,58.1,83.6,52.7,53,64.6,49.1,52.5,69.8,82.2,49.5,38.6,45.8,40.2,66.4,71.9,56.6,,70.5,59.8
20140808,13,PM10,,66.5,,71.2,,,,107.5,,70,,85.7,,,,,,113.3,81.7,,93.5,,,90.9,99.4,,78.1,,60.4,115.7,,,97.7,93.3,
20140808,13,AQI,84,106,102,106,94,118,92,80,110,114,85,108,79,101,123,105,88,119,104,90,113,103,97,117,121,108,67,85,114,84,95,85,85,92,92
20140808,14,PM2.5,52.2,50.7,69,50.5,57.9,52.1,63.5,57.2,57.1,48.8,44.7,61.7,45.6,44.1,45.5,47.2,53.2,95.5,49.3,41.7,62.4,46.8,63.9,91,89.9,40.3,42.2,45.5,42.9,55.3,67.4,54.2,,57,53.8
20140808,14,PM10,,64.4,74.7,,,,66.5,83.8,75.8,,64.5,86.3,71.3,,65.3,53.3,,104.6,65.6,,78.1,47.8,,124,102.9,,62.4,,64.3,,,,84.9,87.2,
20140808,14,AQI,85,110,108,108,103,117,102,80,126,117,93,117,79,102,134,104,105,120,108,89,122,111,114,124,134,109,88,84,114,92,95,85,85,92,92
20140808,15,PM2.5,39.1,53,48.3,41.8,55.4,47.1,,49.5,52.5,43.8,39.7,47.5,44.1,41.9,45,47.5,51.5,61.4,39.3,54.3,56.4,38.6,79.1,66.2,76.2,39.3,40.6,50.6,43.4,47.2,51.9,43.7,,50.5,49.5
20140808,15,PM10,,,,,,,28.8,75.8,54.7,,,57.4,,79.8,,68.5,,84,63.8,,77.8,48.2,,86.3,,,,,60.7,60.7,,,51.8,66.2,
20140808,15,AQI,84,102,98,91,94,113,93,81,111,99,78,104,79,106,126,104,107,127,97,91,123,113,121,129,118,107,83,84,114,83,96,85,84,92,92
20140808,16,PM2.5,38.6,50.5,56.6,45.7,43.1,40.5,24.6,44.7,52.4,42,42.6,42.9,38.7,45.8,49.3,57.1,48.4,42.9,47.3,71.1,54.3,44.7,56.7,59,49.5,42.1,47.2,59.3,52.7,41.6,52.3,44.2,,50.9,44
20140808,16,PM10,,71.3,67.2,112.2,,,61.5,67.2,,43.9,57.3,99.7,,82.6,69,91.5,,54.1,75.8,,77.5,64.4,,,72.9,,109.5,,85.6,92.3,,65.7,74.6,90.4,
20140808,16,AQI,84,104,98,101,93,106,91,81,98,87,78,94,79,110,147,108,102,102,98,104,116,118,108,110,103,111,107,85,121,83,95,85,84,92,92
20140808,17,PM2.5,46.1,48.2,57.7,45.7,49.1,45.1,46.9,41.7,46.3,43.5,41.5,48.1,42.3,53.3,51.9,65.4,49.3,41.3,42.3,50.8,49.7,40.8,50,43.1,43.2,44.6,40.9,56.6,63.3,56.2,66,54.5,,57,53
20140808,17,PM10,,74,70.6,126.2,,,,68.1,62,58.8,,61.9,,81.6,64.1,89.4,84.9,62.5,58.3,,72.2,56,,54.6,68.1,,72.9,,123.4,94.2,,78.4,80.2,95.4,
20140808,17,AQI,90,116,98,99,93,127,91,81,90,85,79,94,79,109,155,109,112,87,72,88,111,116,90,83,85,117,86,83,129,83,96,85,84,92,92
20140808,18,PM2.5,54.4,60.6,56.3,52.1,54.4,49.2,43.8,43.5,39.5,53.8,46.3,51,50.2,60,64.2,59.7,56.5,43.5,49.8,65,51.3,45.4,44.9,45.8,45.8,52.5,49.3,66.5,64.8,52.5,74.9,51,,63.9,53.5
20140808,18,PM10,,87,84.9,124,,,57.4,78.3,63.6,96.7,83.9,178.2,,111.5,84.7,110.6,96.1,62.6,75.9,,98.3,77.6,,75.9,76,,83.6,,120.9,115.8,80.9,75.2,105.9,118.9,
20140808,18,AQI,106,125,102,109,94,131,91,81,88,108,82,94,80,127,171,103,113,87,78,88,112,110,82,83,85,116,83,84,117,84,97,103,85,93,111
20140808,19,PM2.5,69.8,62,84.2,62.8,70.2,62.9,53.7,50,55.2,58.1,51.3,60.9,49.5,65.8,69.8,81.5,66.2,46.7,43.6,71.9,56,50.2,52.6,41.4,45.4,52.3,53.5,93.7,56.3,61.4,74.1,59.1,,74.6,64.1
20140808,19,PM10,,108.5,107.5,145.8,,,166.6,66.6,57.2,115.3,58.2,77.1,,115.5,114.8,144.4,123,85.4,55.9,,113,88.1,,90,72.4,,87,,111.8,129.5,129.9,105.5,143.2,145.8,
20140808,19,AQI,108,130,108,112,113,138,91,82,101,87,80,95,80,114,153,104,106,87,72,89,113,106,82,83,85,112,88,87,113,84,99,118,85,94,117
20140808,20,PM2.5,74.7,62,65,58.4,67.6,66.5,52.3,45.1,48.7,51.3,44.9,64.1,56.7,56.1,77.9,103.2,69.9,47.2,43.8,72.4,70.8,53.7,50,47.4,45.5,52.8,80,85.5,58.7,70.9,72.3,55.1,,66.5,64.9
20140808,20,PM10,,96.6,83.8,96.8,,,,59.3,54.4,,61.8,101.1,,82.9,118.7,179.6,127.2,,60.5,,135.2,85.8,,80.1,76.9,,172.4,,87.8,108.4,112.8,75.8,117.5,119.1,
20140808,20,AQI,86,87,100,78,95,116,91,82,89,86,80,95,80,84,124,106,91,88,73,88,103,109,83,83,86,108,106,89,111,85,98,85,85,92,110
20140808,21,PM2.5,59.7,55.1,57.8,51.6,60.2,52.5,49.6,47.1,53.8,58.3,52.5,59.7,59.9,66.9,76.9,101.8,88.7,43.6,46.9,98,80.8,60.7,50.6,52.5,44.6,62.9,75,74.5,61.7,64.4,71.7,51.8,,68.7,52.6
20140808,21,PM10,,77.3,81.4,73,,,116.2,79.8,58.6,121,115.4,143,,117.3,119.2,177.1,156.8,70.6,77.6,,136.9,124.1,,61.6,65,,139.4,,85.7,107.5,73.1,81.3,92.9,129.3,
20140808,21,AQI,85,83,99,77,93,81,90,82,89,85,81,95,79,84,92,108,93,88,73,89,90,107,83,84,86,97,96,91,112,85,96,83,84,90,92
20140808,22,PM2.5,62.7,58.1,71.9,63,62.3,57.5,62.3,55,52.2,71.7,60.7,76.1,65,67.2,80.4,102.3,107.5,56.2,53.4,74.1,89.4,84.8,55.9,39.7,47.2,81.1,68.8,76.9,63.7,63.6,63.4,54.9,,67.7,52.6
20140808,22,PM10,,100.7,99.7,127,,,147.9,96.7,82.7,177.2,100.7,162.5,,117.1,114.9,170,179,116.7,95.2,,168.1,158.5,,67.8,66,,93.4,,100.9,111.3,128.7,107.1,116.3,147.6,
20140808,22,AQI,84,82,98,77,92,81,89,83,89,84,81,96,78,84,94,110,96,88,73,89,90,102,84,83,86,95,82,92,112,85,96,82,83,89,91
20140808,23,PM2.5,68.9,72.3,69.5,59.4,64.7,56,62.8,57.5,57,73.5,64.7,78.8,74.9,76.2,93.3,108.6,113.8,57.6,62.8,69.1,114,85.5,49.9,47,45.5,87.3,65.6,82.1,73.1,63.2,74.8,67.1,,72.6,59.6
20140808,23,PM10,,116.5,124.5,105.2,,,165.9,71.4,92.3,138.8,107.4,193.1,,124.9,134.2,167.5,166.5,103.2,172.7,,213.5,132.9,,70.9,63.2,,93.8,,99.4,95.8,139.2,125.9,132.8,150,
20140808,23,AQI,86,84,98,78,92,82,88,83,90,85,80,95,78,85,96,112,98,87,74,88,93,93,84,84,86,95,69,93,113,84,96,82,84,90,92
20140808,0,SO2,11.1,10.9,5.5,3.6,5.9,12.7,13.9,7.3,3.1,2,3.3,6,3.2,9.7,7,7.1,6.1,5.9,2,6,9.8,12.6,6.3,5.1,4.4,15.1,7.2,5.8,2,16.1,2,11.7,2.1,7.1,20.2
20140808,0,NO2,32.1,28.6,41.9,46.5,43.3,39,42.4,36.9,40.9,55.9,48.8,43.9,25.3,46.3,28.1,104.1,50.4,40.6,86,22.4,48,20.6,34.4,18.3,42.9,5.8,35.7,37,14.5,12.5,78.7,64.6,57.4,108.5,109
20140808,0,O3,93.8,103.5,96,95,88.3,111.4,87.7,94.9,108.8,74.2,76.4,106,92,91.4,171.2,34.3,67.5,120.5,48.3,114,95.4,134.3,124.1,142.4,126.1,163.3,89.4,44.4,57.4,79,41.7,76.3,79.1,35.7,34.4
20140808,0,CO,0.8,0.8,0.9,0.8,0.6,0.8,0.8,1.2,2.9,0.8,1.2,1.3,0.8,0.7,0.7,0.9,0.9,1.1,1.2,1.6,1.1,0.9,1,1.1,1.1,1.3,0.9,0.8,0.8,0.7,1,0.9,1,0.9,1.3
20140808,1,SO2,9.4,8.1,5.4,3.5,5.1,12.7,11.6,6.5,2.6,2,2.2,6.7,3.4,9.2,11.5,8,4.5,6.5,2,4.7,7.4,11.1,7.8,5.2,2.8,14.5,5.2,6.5,2,15.8,2,10.5,4.9,6.3,20.9
20140808,1,NO2,34,33.6,36,58.9,47.9,43.4,50.9,34.2,41.1,64.4,65.7,67.1,34.3,46.4,58.6,102.1,44.2,45.8,95.9,17.6,43.2,21.1,20.2,18.1,49.7,6,35.9,33.3,18.8,12.7,70.1,65.8,54.5,93.2,128.3
20140808,1,O3,81.8,83.4,96.7,72.7,75.7,98.1,65.4,75.5,95.5,50.9,35.3,64.5,76.5,74.3,120,26.4,38.4,96,32.2,111.7,84.5,111,122.2,138.4,105.1,138.2,80,40,34,60.3,32.5,65.7,74.9,38.3,6.5
20140808,1,CO,0.8,0.8,0.7,1,0.5,0.8,0.7,1,2,0.8,1.1,1.1,0.8,0.7,1.3,1.2,0.8,1,1.2,1.3,1,1,0.9,1.1,1.1,1.1,1,0.7,0.8,0.7,0.8,0.8,0.9,0.8,1.3
20140808,2,SO2,14.6,8.9,,2.8,5.5,12.1,,6.9,5.4,3.8,3.4,6.8,3.8,8.9,20.5,9.1,7.3,6.4,2,4,8.5,6,4.8,3.9,2,4,3,6.3,2,14.5,2,11.6,5.7,4.8,26.1
20140808,2,NO2,32.1,35.4,,65,48.9,45.7,44.3,33.4,26.5,57.2,48.9,63.5,35.3,47,44.4,96.4,31.8,48.3,94.1,15.9,42.3,24.8,14.5,18.8,21.1,2.6,28.3,32.6,30.1,12.9,65.9,65.5,44.6,89.6,67.3
20140808,2,O3,59.7,69.2,,52.5,64.9,86.7,64.8,58.8,101.9,55.5,46.5,60.6,66.2,65.4,124.1,18.8,19.6,74.9,17.6,96.6,75.1,83.3,124.3,125.8,127,124.9,79.3,28.5,27.6,43.9,23.4,56.5,73.3,36,33.5
20140808,2,CO,0.8,0.8,,1.3,0.5,0.8,0.9,1,1.1,1,1.1,1.1,0.8,0.7,1.9,1.5,0.7,0.9,1.2,1.1,0.9,1.1,1,1.2,1.1,1.2,1.2,0.6,0.8,0.6,0.7,0.8,0.7,0.7,0.9
20140808,3,SO2,12.6,6,,2.7,4.9,12.7,13.4,7.1,3.2,8.4,2,6.3,4,7,10.2,5.2,2.2,5.1,2,3.6,4.2,4,4.9,3.9,3.3,3.1,3.7,4.9,2,14.9,2,9.3,18.7,4.2,20
20140808,3,NO2,47.1,48.8,,56.4,53,47,49.8,33.3,27.4,46.5,42,57.6,35.8,45.2,55.6,105.5,31.3,44.1,42.8,15.7,31.3,15.4,15.5,20.9,57.7,2,24,39.1,51.3,17,77.7,62.3,48.7,88.4,82.7
20140808,3,O3,36.5,46.9,,48.8,50.8,78.3,55.3,44.6,85.3,73.2,49.2,56.8,56.3,57.6,101.8,2,26,70.2,55.6,80.3,65.2,79.1,123.7,111.9,89,116.3,86.8,17.2,2,47.5,14.9,49.7,59.9,33.4,29
20140808,3,CO,0.6,0.8,,1.3,0.6,0.8,0.9,0.9,2.1,1,1,1,0.8,0.9,1.5,1.6,,0.9,1,1,1,1.2,1,1.1,1.2,1.1,1.1,0.5,0.9,0.5,0.9,0.8,0.9,0.7,0.9
20140808,4,SO2,11.6,3.2,,5.4,3.9,11.2,11.8,7.4,2.7,8.6,2,6.4,5,11.9,10.8,5.1,2.5,4,2,3.9,2.4,4.9,4.9,3.6,3.4,3.7,2,5.7,2,15.5,2,11.4,11.8,5.1,17.8
20140808,4,NO2,51,47.1,,49.2,55.8,50,44.2,36.4,29.1,67.5,39.2,56,34.3,34.9,53.5,104.4,46.2,30.7,18.1,16.4,21.2,21.1,18.6,21,58.8,2.4,27,51.1,42.1,16.9,72.5,54.6,43.2,85.9,138.8
20140808,4,O3,51.2,37.3,,64.2,43.5,65.6,,33.2,69,44.2,48.9,56.6,41.5,70.8,96.4,2,11.7,90.6,98,70.5,90.3,51.3,128.7,90.5,73.6,103.4,69.7,,2,,17.6,57.8,66.1,35.9,2
20140808,4,CO,0.8,0.9,,1.6,0.8,0.8,0.7,0.9,2,0.8,1,1,0.7,1.1,1,1.2,0.7,1.1,1,1.1,1.1,1.1,1.1,1.1,1.2,1.2,1,0.6,0.9,0.5,1,1.2,1.1,1.1,1.3
20140808,5,SO2,13.8,4.6,8.4,2.9,2.8,10.7,11.5,6.9,2.9,4.9,2.5,6,4.2,9.5,7.3,3.8,2.1,3.1,2,2.9,2,8.8,5,3,2.9,3.5,2,5,2,15.2,2,13.2,2,5.4,16.2
20140808,5,NO2,46.4,44.8,39.5,41.7,47.9,48.2,64.6,44.2,37.8,79.1,39,56.7,,32.3,67.1,92.5,53.5,31.2,16.3,17.6,21.2,33,22.5,20.8,79.3,,28.8,55.9,26.4,18.7,90.2,77,45.3,84,107.5
20140808,5,O3,51.3,38.4,69,60.9,43.7,62.1,29.7,25.1,62.5,20.5,56.9,47.7,11.7,67.3,74.3,2,21.1,86.7,115,57,83.2,52.1,109.3,87.9,36.6,97,57.6,2,2,24.8,3.8,28.9,62.8,30.9,2
20140808,5,CO,1.4,1.3,0.9,1.2,1,1.2,0.7,0.9,2.5,0.8,1.1,1,0.8,0.8,1.1,1.3,0.8,1.1,0.9,1.1,1.1,1.1,1.2,1.1,1.2,1.2,0.8,0.6,0.8,0.5,1.3,1.4,0.9,0.9,1.8
20140808,6,SO2,12.6,2,7.6,2,2,8.2,8.7,5.8,4.5,2,2,5.7,3.3,6.8,8.1,3.9,2,2.5,2,4.3,2,2.1,4.7,2.6,2.7,4.5,2,5.5,2,16.3,2,9.6,2,5,16.8
20140808,6,NO2,50.9,42.6,45.8,45,86.4,90.7,80.6,49.4,48.1,92.9,34.2,61.5,40.8,44.7,79,86.9,54.6,32,24,22.2,26.5,23.6,20,22.4,75.2,4.9,30.5,52.7,24.9,42.7,90.2,95.7,67.1,84.6,107.6
20140808,6,O3,43.7,23,55.6,45.8,4.4,10.3,8.2,18.3,55,2,64.3,41.3,35.6,51,64.7,2,20.2,79.6,95.9,52.7,65.5,60.1,101.5,71.8,32.3,97.6,49.9,2,2,5.1,2,2,31.5,24.1,2
20140808,6,CO,1.3,1.3,0.9,1,1.2,1.5,0.9,0.9,1,0.9,1.1,1,1,0.8,1.4,1.5,1.3,1.1,0.9,1.2,1.1,1.2,1.2,1,1.2,1.1,0.7,0.7,0.8,0.6,1.7,1.7,1,0.8,2.2
20140808,7,SO2,9.9,2,5.6,2,4.1,7.2,8.9,7,6.2,2.2,2,5,3.3,8.5,8.7,4,3,2.7,2,4.3,2.2,2.9,4.4,2.9,3.4,4.3,2,6.5,2,18,2,9.2,5.8,9.3,16.6
20140808,7,NO2,84.6,46.9,86.8,52,97.9,91.3,86.8,49.2,56.4,83.2,42.8,60.8,67,77.7,85.5,81.1,54.8,42.4,29.4,30.7,30.1,34.3,27.9,24,87.8,4.4,29.7,49.9,25.2,51.6,87.8,101.8,90.3,123.8,97.9
20140808,7,O3,17,10.4,19.3,29.8,2,2,2,17.6,46.3,10.6,55.8,45.9,15.3,16.7,56.2,2,28.9,57.8,83.7,41.7,59.5,54,81.4,59.9,17,79.5,48.3,2,2,2,3,2,8,2,2
20140808,7,CO,1.5,1.3,1.2,1.2,1.4,1.7,1,1,1,1,1.2,1.1,1.3,1.2,1.6,1.5,1.2,1.1,0.9,1.1,1.2,1.3,1.2,1,1.2,1,0.7,0.8,0.8,0.6,1.5,2,1.2,1.3,1.8
20140808,8,SO2,12.2,9.3,7.7,3.1,4.3,11.1,11.9,8.9,12,5.5,2,5.6,3.1,18.2,13,14.8,5.4,5.3,2.7,8.1,4.4,5.8,5.9,4.2,6.1,5.7,2,11.6,2,16,2,13.7,14.4,9.7,17.5
20140808,8,NO2,104.9,93.6,97.4,87.1,100.7,89.6,90.7,60.7,59.5,87,48.9,70.5,63.1,93.5,74.2,85,47.8,65.7,34.7,30.5,41.2,28.4,32.8,28.1,54.3,4.5,23.7,53.3,34.7,54,90.1,115.8,96.5,138.2,99.6
20140808,8,O3,8.7,6.5,17.6,30,2,10,6.2,20.7,51.2,16.3,48,35.5,26.8,16.3,73.6,12.2,39.7,45,80.9,52,52,71.7,88.2,64,62,89.5,55.3,7.2,12.2,21.7,5.4,4.8,7.5,2,2
20140808,8,CO,1.9,1.7,1.4,1.3,1.4,1.5,1.1,1,1.2,1.2,1.2,1.2,1.2,1.5,1.5,1.4,1.3,1.2,1,1.1,1.2,1.3,1.2,1,1.1,1.1,0.9,0.9,1,0.8,1.5,1.9,1.7,1.6,1.7
20140808,9,SO2,16.7,12.4,12.8,10.8,5.1,18.6,18.6,15.9,12.6,5.9,2.9,9,3.6,19.4,16.4,23.5,4.5,8.6,3,6.5,8.8,4.8,7.6,6,7.6,7.2,3.4,18.4,4.1,19,3,17.7,19.5,9.8,28
20140808,9,NO2,95.5,110.1,96.8,95.1,100.5,71.7,93.2,47.4,43.2,90.4,59.1,68.2,81.9,89.3,67.3,69,34.3,74.3,37.8,23.3,34.8,23.1,26.2,31.5,35.4,3.8,26.3,54.9,30.1,44.7,95,128,101.3,158.8,102.3
20140808,9,O3,26.2,18,32.9,52.6,13.8,51.5,17.3,60.5,87.8,33.8,57.3,58.8,26.5,38.4,101.9,52.5,71,56.2,92,72.5,95.4,88.8,121.1,86.6,114.2,124.9,64.1,23.4,49.8,56.1,9.1,12.2,18.4,2,14.2
20140808,9,CO,1.6,1.7,1.5,1.3,1.4,1.5,1.2,1.1,1.1,1.3,1.3,1.3,1.3,1.4,1.6,1.3,1.3,1.2,1.1,1,1.3,1.2,1.1,1,1.2,1.2,0.8,1,1.1,0.8,1.6,1.9,1.7,1.7,1.8
20140808,10,SO2,19,14.6,15,12.8,7.2,22.7,21,18.7,13.4,6.3,7.2,9.9,7,19.8,16,23.9,7,12,3.2,8.1,12.3,7.3,8.3,8.1,6.9,8,8.1,15.3,5.6,21.5,14.1,17.7,21.1,11.3,34.4
20140808,10,NO2,85.8,117.9,103.6,113.1,81.8,59.4,96.5,48.9,39.1,81.3,60.6,62.5,79.2,78.9,63.2,55.2,,56.9,46.7,24.5,25,14.6,15.7,27.3,31.8,3.3,50.1,50.1,23.1,51.8,106.6,136.1,101.7,171.7,95.4
20140808,10,O3,56,38.8,50.9,61.7,55.3,95.3,38.9,81.8,126.1,75.6,93.2,101.9,,78.3,136.3,91.3,56.8,98.7,114.8,101.7,127.5,132.7,158.5,127.2,147.9,148.2,62.5,49.6,91.2,84.1,11.5,27.4,38.7,5.8,37.3
20140808,10,CO,1.6,1.6,1.5,1.5,1.3,1.4,1.3,1.2,1.1,1.3,1.4,1.3,1.2,1.4,1.4,1.3,0.9,1.3,1.2,1,1.3,1.1,1.1,1,1.2,1.2,0.9,1,1,0.9,1.7,1.8,1.6,1.9,1.7
20140808,11,SO2,20.6,16,13.9,13.1,7.7,22.9,18.3,17,13,6.7,9.8,10.4,7.5,19.1,13.1,23.6,9.5,12.7,4.5,8.4,13,11.7,7.9,9.2,6.8,9.8,5.4,10.4,5.1,24.1,16.8,18.6,2,18.1,16.1
20140808,11,NO2,83.2,80,92.9,97.5,91.6,65.1,86.7,48.2,40.4,84.4,57.2,70.5,68.7,57.4,41.2,45.4,26.4,33.5,44,15.8,21.1,15.3,12.1,35.9,24.5,2.6,54.3,38.9,10.9,37.6,109.2,115.4,104,178.5,112.4
20140808,11,O3,82,109.2,94,103.1,72.4,117.1,79.5,110.5,163.7,111.2,115.5,131.1,85.6,139.8,189.1,129.7,132,170.7,158.4,140.3,161.6,167.2,178.9,150.7,182.7,170.7,80.8,81.4,133.6,127.2,22.5,81.2,69,27.4,65.7
20140808,11,CO,1.5,1.4,1.5,1.5,1.3,1.4,1.2,1.2,1.1,1.4,1.2,1.2,1.2,1.2,1.2,1.1,0.9,1.2,1.2,1,1.3,1.1,1,1.2,1.1,1.1,0.8,1.1,0.9,0.8,1.6,1.6,1.6,1.7,1.6
20140808,12,SO2,17.2,13.1,11.5,9.9,8.9,23.4,16.5,16.4,11.6,7.4,10.3,9.1,7.3,15,12,17,11.4,11.2,3.4,8.2,13,11.5,7,10.4,7,11.4,7.8,7.3,3.9,23.5,14.6,15.4,19.8,17.6,16.3
20140808,12,NO2,49.7,37.2,67.8,45.3,74.7,54.5,86.8,49.2,60.6,43.6,53.3,57.7,43.7,31.6,37,43.1,26.7,30.7,33.5,28.8,20.8,14.4,8.5,19.3,19,2,40.5,26.5,5.5,16,82.5,73.1,91.9,143.6,108.8
20140808,12,O3,140.5,174,141.3,165,120.2,162.7,107.7,141.9,169.9,174.1,149.2,163.5,128.7,195,230.7,159.9,177,211.5,184,127.2,195.3,192.8,183.5,206.7,212.2,190,129.4,98.3,151.7,173.4,47,140.7,109.4,73.7,97.2
20140808,12,CO,1.2,1,1.2,1.1,1.2,1.4,1.1,1.2,1.2,1.1,1.2,1.1,1,1,1.1,1,1.1,1.1,1,0.9,1.2,1,0.8,1.1,1.1,1,0.7,1,0.8,0.7,1.2,1.1,1.5,1.3,1.5
20140808,13,SO2,12.2,10.2,10,8.6,9.9,15.7,16.1,16.6,10.3,7.3,8.6,9.3,5.1,10.9,8.3,7.2,14.7,10.6,2.4,8.7,10.7,8.8,6.9,9,7.8,9.9,3.8,6.4,3.9,23.9,11.6,12.6,2.9,13.3,12.2
20140808,13,NO2,27,19.3,30.9,27.7,37.7,26.8,48.7,61.5,32.7,25.5,56,31.3,31.7,19,24,40.1,27.2,33.8,26,20.6,18.3,7.7,10.3,19.9,29.8,2.8,20.1,21.1,4.2,11.8,77.4,53.9,73.8,121.3,79.7
20140808,13,O3,184.9,211.4,203.6,211.6,189.9,234.4,171.7,152.2,218.4,227.2,187.8,214.8,138.8,200.8,244.2,182.2,189,237.2,206.8,158.8,224.2,204.3,197.2,233.2,240.5,214.2,173.6,108.5,182.5,186.4,60.7,176.4,151.1,105,156.9
20140808,13,CO,1,0.8,1,1,0.8,0.9,0.8,1.1,0.9,1,0.9,0.9,0.8,0.8,0.8,0.8,1,1.1,0.9,0.9,1,0.8,0.9,1.1,1.2,1,0.5,0.9,0.8,0.6,1.1,0.9,1.1,1.1,1
20140808,14,SO2,10.3,8.3,8.9,7.5,8.9,11.2,15.5,14.6,9.7,6.3,9.4,8.8,4.3,7,6.4,3.9,9.9,10.7,2,7,11.2,8.5,7.7,9.7,7.5,9.4,4.3,6.3,6.1,24.4,9.8,10.9,15.9,11.6,8
20140808,14,NO2,15.5,13.8,22,19.5,20.3,18.3,28.8,31.5,14.1,12.5,56.4,17.7,30.9,16,29.7,41.5,17.6,49.3,18.2,10.4,19.4,7.1,18,40.4,33.6,2.5,19.7,21,3.8,9.8,76.5,54.7,63.3,109.1,75.7
20140808,14,O3,183.2,218.1,215.8,215.6,206,232.1,203.7,180.7,251.9,234,193.7,233.4,139.1,204,266.5,169.1,208.9,239.1,215.9,182.1,243.7,221.8,227.4,246.7,267.6,217.1,190.1,112.4,202.5,192.9,63.1,179.3,174.6,114.5,159.9
20140808,14,CO,0.9,0.8,0.9,0.9,0.7,0.9,0.7,0.9,0.8,0.9,0.9,0.8,0.8,0.8,0.9,0.8,0.8,1.2,0.9,0.7,0.9,0.9,0.9,1.2,1.3,1,0.6,0.9,1,0.6,1,0.9,0.9,1.1,0.9
20140808,15,SO2,9.9,5.1,5.1,4.2,8.7,8.2,9.2,13.3,8.1,2.8,6.4,7.7,3.4,6,5.8,4.5,7.2,8.3,2,8.2,10.9,8.6,7.2,8.1,6.6,8,4.9,9.3,7.4,20.2,6.8,7.9,2,8.2,5.1
20140808,15,NO2,15.5,11.7,17.8,22.1,22.8,22.9,27.4,26.4,11,13.6,56.5,15.3,33.5,19.3,15.4,43.8,19.1,25.5,16.5,12,17.8,11.3,23.8,21,39.9,2.3,19.4,20.4,2.6,4.3,71.3,42,47,89.5,57.5
20140808,15,O3,174.6,202.7,196.8,192.6,187.3,225.8,175,166.3,221.8,198.6,176.7,206.6,133,212,252,185.1,214,253.6,197.3,192.1,245,224.8,240.8,256.7,234.5,213.3,185.9,132.1,207,167.9,63.3,174,165,110.4,170.5
20140808,15,CO,0.8,0.8,0.8,0.9,0.7,0.9,0.6,0.8,0.7,0.8,0.8,0.8,0.7,0.8,0.8,0.8,0.8,0.8,0.8,0.8,0.9,0.8,0.9,0.9,1.2,1,0.6,0.9,1.5,0.5,0.9,0.8,0.9,0.9,0.8
20140808,16,SO2,6,4.7,4.3,4.2,6.7,7.6,12.3,11.8,4.7,2.7,5.1,5,3.5,9,8.8,8.1,5.7,5.9,2,9.4,7.5,10.8,7,6.3,6.3,7.8,7.5,10.2,11.5,18.7,3.8,7.4,2,8.3,4.8
20140808,16,NO2,15.9,13.7,19,24.5,27.3,16.9,28.4,23.7,9.5,19.2,56.4,18.4,33.2,22.1,18.5,52,19,20.6,18.7,15,17.7,16.2,14.3,14,33.2,2.7,21.8,21.2,16.4,4.6,76.4,58.7,61.1,110.4,42.8
20140808,16,O3,168.5,206.8,189.5,201.9,165.8,210.3,156.4,146.1,197.7,189,170.2,182.4,127.1,219.6,292.5,214.8,202.7,203.2,198.2,206.2,231.4,234.9,214.2,218.4,205.2,220.9,213.2,143.6,240.2,165.7,76,164.9,137.1,102.7,165
20140808,16,CO,0.8,0.8,0.7,0.9,0.9,0.9,0.6,0.7,0.6,0.8,0.7,0.7,0.7,0.9,1.4,0.9,0.8,0.7,0.8,0.9,0.8,0.9,0.8,0.8,1,1,0.8,0.9,2.3,0.5,0.9,1,0.9,1,0.8
20140808,17,SO2,9.7,9,6.2,5.8,6.7,11.8,10.6,11.5,4.7,3.8,5.6,5.6,3.6,10.5,10.4,13.9,8,4.1,2,10.8,6.1,10.3,6.7,4.5,5.2,8.7,5.8,9.3,10.3,19.4,4.2,11,13.1,10.1,7.8
20140808,17,NO2,23.2,16.4,22.9,29.4,35.1,24.5,32.6,24.3,11.7,27.1,56.4,19,36.4,22.7,21.6,54.6,22.6,23.1,19.5,16.3,19.9,21.5,11.9,12.8,34.4,4,17.6,21.3,11.8,6.8,89.6,64.2,69.3,124.8,59.8
20140808,17,O3,191.6,230.3,183,198.6,175.1,252.5,136.8,140.7,192,180.9,172.9,179.7,135.8,217,309.1,217.6,222.9,179.1,173.3,189,221.8,230.4,191.4,182.9,181.3,232.7,188.3,137.8,256.1,168.2,83.3,182.6,125.7,100.2,182.5
20140808,17,CO,1.1,1.1,0.9,1.1,1,1.2,0.6,0.7,0.6,0.9,0.8,0.7,0.8,1.2,1.4,0.9,1,0.7,0.7,1,0.8,0.9,0.7,0.7,1,1,0.8,0.9,2.1,0.6,1.1,1.3,1,1.2,1.2
20140808,18,SO2,13.4,11.7,8.9,7.7,8.3,14.5,11.8,11.6,4.9,7,6.3,5.4,3.5,13.9,14.7,13,9.5,4,2.3,11,7.8,9.4,5.9,4.2,4.8,8.1,6,15.9,9.2,17.3,4,13.2,4,12.4,7.7
20140808,18,NO2,27.5,22.5,33.2,37,34,32.9,38.8,25.1,12.4,34.1,56.3,22.1,45.5,27,28.7,55.6,26.6,24.8,24,19.3,27.3,26,16.5,14,41.5,4.7,19.9,27.3,12,8.6,96.8,66.5,97.8,158,41.7
20140808,18,O3,210.6,248.6,202.5,217.1,182.6,261.3,144.3,135.1,190.2,215.7,185.2,191.2,141.9,253.9,340.5,205.7,225.3,174.1,181.9,184.3,222.3,218.8,181.4,175.7,169.1,230.3,186.2,139,232.8,140.2,94.5,204.9,123.1,95.5,220.2
20140808,18,CO,1.6,1.6,1.3,1.6,1,1.5,0.8,0.7,0.6,1.3,0.8,0.8,0.9,1.5,2,1,1,0.7,0.7,1,1,1,0.7,0.7,0.9,1,0.8,1.4,2.1,0.6,1.5,1.6,1.5,1.7,1.5
20140808,19,SO2,15.8,14.1,10.7,8.3,10.5,17.8,13.4,11.4,7.5,4.9,5.1,6.1,3.7,12.7,14,19.7,12.6,4.9,3.7,11,10.5,13.1,5.7,3.9,4.8,10.6,5.5,25.1,4.2,17.1,2.4,16.4,7.3,12.8,11
20140808,19,NO2,30.3,26.8,35.1,39.1,39.1,42.3,42.4,26,16.6,45.5,56.3,28.6,47.8,30.6,34,74.5,30.2,28.8,20.5,23.4,35.8,37.1,16.8,14.1,63.7,4.9,22.9,33.2,9.4,14,109.6,47.5,105.5,139.3,59.7
20140808,19,O3,214.7,258.1,214.2,222.8,224.2,275.8,160.9,141.6,201.5,184.6,170.9,185.6,123.9,226.1,304.8,190,210.9,162.7,174.7,181.3,224.4,210.6,171.2,160.1,128.2,223.2,190,147.5,175.4,93.2,101.9,235,138.6,119,233.3
20140808,19,CO,1.8,1.7,1.4,1.8,1.5,1.9,0.9,0.7,0.7,1,0.9,0.9,0.8,1.7,2,1.4,1.1,0.7,0.7,1.1,1.1,1.2,0.7,0.7,0.9,1,0.9,2,1.2,0.6,1.7,1.7,1.7,1.7,2.1
20140808,20,SO2,14.2,8.4,6.7,4.6,9.6,16.4,13.3,11.7,6.2,2,4,5.8,4,6.8,13.5,32.2,13.8,5.1,5.3,16.7,13.3,14.8,5.6,4.4,5.2,12.9,15,13.4,2,16.3,2,10.8,13.9,9.7,9.2
20140808,20,NO2,32.7,27.2,34.2,39.1,40.4,40.6,41,22.3,15.5,45.8,55.9,37.9,66.4,37.6,41.8,63.1,35.9,29.8,19.7,33.5,41.7,29.7,19.7,19,95.8,5.6,35.2,39.3,11.8,19.1,109.8,44.9,102.4,121.3,31.9
20140808,20,O3,165.6,189.4,168.7,168.7,176.1,231.3,132.1,128.2,175.8,148,135.8,138,91.4,157.6,247.3,209.5,185,158.7,164.4,176,204.1,217.3,156.1,160.1,88.4,214.8,211.3,115.9,125.2,77,65.4,171.1,101.9,83.9,219.9
20140808,20,CO,1.2,1,1,1.4,1,1.5,0.8,0.7,0.7,0.9,0.8,0.9,0.9,1,1.8,2.4,1.3,0.7,0.8,1.7,1.2,1.2,0.7,0.7,0.9,1,2.1,1.6,1,0.6,1.2,1,1.4,1.1,1.6
20140808,21,SO2,9.3,6.2,5.6,3.5,8.4,9.7,11.7,13.8,8.4,2,4.3,6.3,3.8,7.3,10.2,20.1,18.9,5,5.8,18.6,13.6,22.5,5.5,3.6,5.5,13.8,7.2,10,2,15.6,2,9,14.6,7.3,4.8
20140808,21,NO2,33.7,32.6,39.4,50.4,36.4,38.5,54.8,23.1,19,69.9,55.2,50.6,61.2,48.4,44.1,73.8,51.9,35.6,21.9,32.8,43.6,29.8,23.2,19,97.7,7.5,32.5,38.1,16.9,23.4,98.2,58.2,89.6,107,33.4
20140808,21,O3,133.3,149.8,139.7,126.6,141.8,170.8,105,135.3,164.2,104.3,97.2,113.6,81.9,128.1,185,159.7,161.9,137.7,169.3,186.4,176.6,212.1,146.4,128,75.2,197.1,196.6,97.3,83.8,73.1,57.4,128.9,88.7,71.8,152.8
20140808,21,CO,1,0.9,0.9,1.3,0.7,1,0.8,0.8,0.7,0.9,0.9,1,1,1,1.4,2,1.8,0.8,0.7,1.7,1.3,1.8,0.7,0.8,0.9,1.1,1.1,1.4,1,0.6,1.1,0.9,1.1,1.1,1
20140808,22,SO2,8.4,4.9,6,2.9,8,9.6,13.4,13.5,7.4,3.7,4.2,6.6,3.7,9.5,9.7,13.8,19.4,4,5.4,12.9,16.9,29.8,5.7,3,8,23.6,5.8,7.8,2,15.9,2,8.8,17.2,6.7,4.1
20140808,22,NO2,45.4,40.7,46.5,63.8,42.2,48.2,65.7,29.2,28,85.4,54.5,58.3,69.9,47.8,41,76.6,53.8,50.6,63.3,28.3,57.7,31.9,39.1,17.4,91.8,9.7,27,40.5,15.7,15.7,102.4,81.6,77.5,117.6,38.5
20140808,22,O3,112.2,118.5,124.2,97.9,123.6,142.6,96.7,127.9,136.2,70.9,86.4,96.5,59.9,119.8,169.3,124.6,146.6,98.4,106.8,162.8,129.5,202.6,116.1,112.1,66.6,195.6,185.3,65.8,57.4,52.3,43.8,92.2,90.1,50.2,135
20140808,22,CO,1,0.9,0.9,1,0.8,1,0.8,0.8,2.4,1,1,1,1,1.1,1.3,1.6,2.3,0.9,0.8,1.3,1.7,2.4,0.8,0.8,0.9,1.7,0.9,1.3,1.1,0.6,1.1,1.1,1,1.1,1
20140808,23,SO2,9.4,5.6,7.7,4.5,7.3,11.8,13.8,10,6.5,6.6,3.6,6.8,3.5,10.7,12.5,11.7,14.8,4.8,3.5,9.1,17.3,19.6,4.9,2.5,7.8,20.7,6.2,5.6,2,16.4,2,10.4,7.7,5.5,2.6
20140808,23,NO2,51.3,55.3,50.8,64.9,45.5,53.9,79.9,31.9,40,54,54.2,74.6,55.1,45.6,56,100.7,51.5,56.3,90,23,59.5,23.2,28.3,15.9,124.6,8.7,33.8,41.5,11.1,15.6,97.6,78,65.5,105.5,50.5
20140808,23,O3,92.3,83.4,104.8,90.7,100.4,122.4,72.9,111.6,108.5,91.9,68.3,67.2,58.9,123.9,145.7,80.2,122.2,86.4,34,132,108.1,193.9,117.2,103.7,25,195.6,141.9,43,55.4,50,33.5,77.7,86.4,48.7,104.5
20140808,23,CO,1.1,1.1,1,1.1,0.8,1,0.8,0.8,2.5,0.9,1,1.1,1.1,1.2,1.5,1.5,2.2,1,0.9,1.3,2.1,1.9,0.7,0.8,0.8,1.8,0.9,1.3,1.2,0.6,1.2,1.1,1,1.2,1
