date,hour,type,dongsi,tiantan,guanyuan,wanshouxigong,aotizhongxing,nongzhanguan,wanliu,beibuxingqu,zhiwuyuan,fentaihuayuan,yungang,gucheng,fangshan,daxing,yizhuang,tongzhou,shunyi,changping,mengtougou,pinggu,huairou,miyun,yanqing,dingling,badaling,miyunshuiku,donggaocun,yongledian,yufa,liulihe,qianmeng,yongdingmengxi,xizhimengbei,nansanhuan,dongsihuan
20140730,1,SO2,2,2,2,2,2,2,5.9,3.2,2,2,2,2,7.1,3.7,2,2,2,2,3,2,2,2,2,2,2,2,7.2,10.2,2,19,2,2,2,3.3,35.8
20140730,1,NO2,21.3,14.4,10.7,23,16.8,14.8,19.4,20.3,24.4,15.5,11.9,26.6,15.7,10.1,10.9,23.8,11.8,13.2,25.4,13.2,10.8,6.9,4.5,9.4,19,3.9,19,30.6,6.9,2,40.9,29.5,17.1,57.6,97
20140730,1,O3,110.8,127.4,134.4,132.7,124.7,136.4,105.7,82.7,106,126.6,91.6,105.7,97.9,133.7,120.2,104.6,145.3,141.1,77.5,122.3,166,166.7,135.6,171.7,131.4,153.2,86.2,117.9,103.6,125.8,56.4,111.2,110.5,95.1,40.1
20140730,1,CO,0.8,0.7,0.8,0.9,0.5,0.8,0.5,0.6,0.7,0.7,0.8,0.7,0.7,0.7,0.7,0.7,1,0.8,0.8,1,1,1.1,0.5,0.7,0.7,1.1,0.7,0.9,0.8,0.4,0.8,0.7,0.7,0.7,0.7
20140730,2,SO2,2,2,5.7,2,2.9,2,5.3,3.9,2,2,2,2,2,2,2.6,2.1,2,2,14.7,2,2,2,2,2,2,2,7.6,10.6,2,19.6,2,2,2,2.4,30.7
20140730,2,NO2,10,8.5,6.5,9,6.5,8.1,17.5,18,22.2,16.1,7.1,22.1,12.8,8.1,8,27.1,12.5,13.3,24.2,9.9,7.4,5.5,2,10.7,42.5,2.5,21.3,26.5,2,8.6,41.6,13.9,8.9,67.7,17
20140730,2,O3,135.4,160.6,129.9,154.4,139.1,166.1,94.6,81.4,90.6,119.1,107.2,85.1,86.8,113.9,144.2,81.2,133.4,127.5,56.1,109.1,159.4,160.4,124.6,134.6,92.2,160.5,97,102.3,105.5,109.8,59.5,140.6,124.6,76.9,104.6
20140730,2,CO,0.7,0.6,0.7,0.7,0.3,0.7,0.4,0.6,0.7,0.7,0.7,0.6,0.6,0.6,0.7,0.6,1,0.8,0.7,0.9,0.9,1,0.5,0.7,0.7,1,0.9,0.7,0.7,0.4,0.7,0.7,0.5,0.7,0.4
20140730,3,SO2,2,2,2,2,2,2,6.2,3.9,2,2,2,2,2,2,2,2,2,2,2.4,2,2,2,2,2,2,2,5.4,10.7,2,19.3,2,2,2,2,19
20140730,3,NO2,16.6,12.8,10.3,14,13.4,9,16.1,17.6,16.8,15.8,10.2,25.2,13.6,25.5,19.6,27.7,8.5,12,21,9.7,8.4,4.9,2,10.5,62.7,2,18.4,33.7,2,12.3,41.3,11,20.8,42.3,151.7
20140730,3,O3,118.2,131.4,120,128.2,110.6,153.3,83.3,66.6,74.9,108.3,84.6,67.1,93.8,104,120.4,84.1,133.7,127.1,2,99.3,157.5,185.2,120.7,116.6,72.5,182.5,92.4,79.4,100.2,103.1,48.4,131.5,96.4,87.2,3.8
20140730,3,CO,0.8,0.7,0.7,0.8,0.4,0.7,0.5,0.6,0.8,0.7,0.7,0.5,0.7,0.7,0.7,0.6,1,0.8,0.1,1.4,0.9,0.9,0.5,0.7,0.6,0.9,1.1,0.7,0.6,0.5,0.8,0.7,0.7,0.6,0.7
20140730,4,SO2,2,2,2,2,2.9,2,6.6,3.6,2,2,2,2,2,2,2,2,2,2,2.4,2,2,2,2,2,2,2,5,10.9,2,19.7,2,2,2,2,12
20140730,4,NO2,24,15.9,10.3,15.8,18.7,32.9,21.6,20.6,19.4,16.3,9.2,25.4,17.4,35,25.5,41.3,10.8,11,15.3,9.5,8.3,7.2,2.7,8,42.4,2,19.4,30,13.5,9.2,46.5,19,21.5,56.3,100.5
20140730,4,O3,98.7,97.1,97.2,98.4,92.1,105.4,73.1,56.4,66.8,90.6,94.1,85.4,93.8,66.4,95.6,70.6,132.8,134.5,58.5,112.5,151.7,165.4,100.6,105.5,74.9,189.9,56.2,86,72.8,129.2,35,85.1,88.8,73.2,23
20140730,4,CO,0.9,0.8,0.8,0.8,0.4,0.8,0.5,0.6,0.7,0.7,0.7,0.5,0.8,0.7,0.8,0.7,0.9,0.7,0.5,1.2,0.9,0.9,0.5,0.7,0.6,0.9,1,0.7,0.6,0.5,0.8,0.8,0.8,0.7,0.6
20140730,5,SO2,2,2,2,2,2,2,7,3.3,2,2,2,2,2,2,2,2,2,2,2.8,2,2,2,2,2,2,2,5.2,10.1,2,19.8,2,2,2,2,8.4
20140730,5,NO2,26.3,20.1,21.1,23.3,17,16.5,19.1,17.6,12.3,23,5.1,21.4,12.3,30.3,11.9,46.6,10,10.1,,10.9,8.5,12,11.9,10.5,53.7,2,19.1,30.5,5.9,10.5,72.3,29.1,24.8,60.1,92.4
20140730,5,O3,86.7,87.7,87.5,93.7,88.1,112.5,71,75.2,57,81.1,105.1,77.6,95.3,86.9,94.8,49.1,124.8,125.7,53.1,90.4,158.6,151.3,98.2,98.7,50.6,174.8,58.6,63.8,75.2,111.7,16.6,74,82.1,52.4,26
20140730,5,CO,0.9,0.8,0.8,0.9,0.6,0.8,0.5,0.6,0.7,0.8,0.7,0.7,0.8,0.7,0.9,0.8,1,0.7,0.6,1.2,1,0.9,0.4,0.6,0.6,0.9,1.4,1.3,0.6,0.5,1,0.9,0.9,0.7,0.7
20140730,6,SO2,2,2,2,2,2,2,6.7,2.8,2,2,2,2,2,2,2,2,2,2,2.9,2,2,2,2,2,2,2,9.2,8.4,2,20.2,2,2,3.4,2.2,6.2
20140730,6,NO2,19.7,20.2,21.5,26.2,24,16.7,15.4,15.4,8,21.3,9.3,19.3,10.3,33.3,19.9,41.2,10.9,10.3,15.8,12.1,7.3,11.3,7.3,6.7,56,2,24.4,35.5,3.7,12.8,36.2,34.6,30.2,73.5,89.4
20140730,6,O3,93.9,105.4,86.5,92.9,92.5,121.1,79,90.3,75.2,93.1,81.1,97,97.5,79.9,93,45.9,118.7,121.1,55.9,68,140.7,148,98.7,132.4,53,176.1,97.4,46.4,94,89.7,35,77.7,76.6,38,36
20140730,6,CO,1,1,1.1,0.9,0.7,0.9,0.6,0.7,0.8,0.9,0.8,0.7,0.8,0.9,1.2,1,1,0.8,0.7,1.7,1,0.9,0.5,0.7,0.7,1,1.9,2.3,0.8,0.6,0.9,0.9,1,0.8,0.8
20140730,7,SO2,2,2,2,2,2,2,4.1,3.7,2,2,2,2,2,2,2,2,2,2,2.9,2.5,2,2,2,2,2,2,6.9,2,2,19.4,2,2,2,4.1,8.3
20140730,7,NO2,32.9,29.6,34.7,28.5,30.4,32.2,22.5,13.7,11.5,29.3,15.4,24.1,21.7,31.9,26.9,47.9,10.8,17.6,20.1,16.4,11.9,22.8,11.4,6.8,22.6,2,19.7,35.6,6.8,21.6,53.2,58.3,47.8,111.7,88.7
20140730,7,O3,75.9,91.9,75.3,98.7,78.5,89.6,76.7,91,98.5,79.9,66.1,85.1,69.1,78.1,72.1,27.1,121.2,98.1,65,70.8,108.2,131.8,94.1,116.4,110.9,161.8,82,45.6,66.9,82.4,26.7,66.5,51.8,15.1,19.7
20140730,7,CO,1.4,1.2,1.3,1.1,0.8,1.2,0.8,0.7,0.8,1,0.8,0.8,0.9,1.3,1.4,1.5,1,0.8,0.6,2.3,1,1,0.5,0.7,0.7,1,1.9,2.6,1.2,0.7,1.3,1.4,1.3,1.3,1.2
20140730,8,SO2,2,2,2,2,2,2,4.3,3.2,2,2,2,2,2,2,2,2,2,2,3.1,3.2,2,2,2,2,2,2,6.1,5.8,2,20.2,2,2.3,2,5.3,8.7
20140730,8,NO2,39,50.5,39.2,42.1,30.7,36.1,34.6,16.3,11.6,45,14,30.1,24.7,43.2,33.6,47.8,14.1,17,22.5,19.4,22.3,21.8,19.4,8.5,41.3,2,19.5,34.3,12.4,18.8,47.2,65.5,51.1,121.8,84.1
20140730,8,O3,65.9,54.9,68.9,73.8,79.2,76,63.6,80.1,129.2,56.5,80.2,97.5,59.9,76.9,56.2,25.7,105,81.7,64.9,78.3,91.5,121.1,81.5,103.9,84.6,140,91.9,44.7,51.4,82.3,25.9,44.4,54.1,5,16.3
20140730,8,CO,1.6,1.7,1.5,1.6,1,1.4,1,0.7,1.1,1.5,0.9,1.1,0.9,1.3,1.9,2.6,1.1,0.8,0.8,2.4,1.1,1,0.6,0.8,0.7,1.1,1.7,2.3,2.2,0.6,1.5,1.8,1.5,1.8,1.5
20140730,9,SO2,2,2,2,2,2,2,5.8,3.2,2,2,2,2,2,2,2,2,2,2,,4.5,2,2,2,2,2,2,9.6,9.9,2,20.2,2,2.2,2,4.6,9.6
20140730,9,NO2,44.9,50.7,50.2,47.3,45.1,38.8,42.8,20,13.2,39.1,22,29.2,34.8,58,36.5,43.4,21.8,55.9,25.5,14.8,29.7,21.3,16.4,11.4,30.1,2,21.5,30.5,14.6,15.5,75.3,81.8,58.2,114.7,89.1
20140730,9,O3,52.6,45.2,52.8,61.6,54.3,63.1,55.5,62.5,118.6,56.4,68.4,83.6,46.4,35.7,50.9,45.9,96.6,46.9,79.8,94.5,88.4,108.3,78.5,92.4,81.6,116.4,110.1,53.7,49.3,74.9,5.2,22.1,34.9,4.2,11.4
20140730,9,CO,1.9,2.3,1.7,2.2,1.4,1.8,1.2,0.7,1.3,1.8,1.5,1.4,1.5,2.1,2.7,2.2,1.2,0.9,0.9,2.1,1.1,1.1,0.6,0.8,0.7,1.1,1.4,2.1,2.5,0.6,2.1,2.6,2,2.4,2
20140730,10,SO2,3.4,2,2.1,2,2,3.6,6.2,3.5,,2,2,2,2,3.6,2,2,2,2,4.2,4.3,2,2,2,2,2,2,8.8,9.9,2,19.9,2,2.2,2,4,12.8
20140730,10,NO2,46.7,53.3,52.9,53.7,44.2,,37.2,18.9,,50.1,23.3,33.2,37.1,51.7,32,41.2,17.8,59.2,24.8,12.5,,10.4,12,10.4,36.4,2,19.2,32.6,16.5,22.7,60.6,74.4,56.8,114.3,82.1
20140730,10,O3,60.5,52.7,54.5,53.8,70.6,74.6,65.2,66.8,,42.7,68.7,95.1,41.4,44.9,68.2,51.7,106.9,49.8,61.6,95.4,118.4,134.8,98.8,97.6,79.2,116.2,100.4,51.6,47.9,64.6,15.8,34.8,41.6,11.2,23.8
20140730,10,CO,2,2.1,1.9,2.2,1.2,1.8,1.4,0.9,,2.2,1.6,1.6,1.8,2.7,2.4,1.9,1.1,0.9,1.2,1.8,1.1,1.1,0.6,0.8,0.7,1.1,1.5,2,2.4,1.1,2.1,2.5,1.9,2.6,2
20140730,11,SO2,4.6,2.7,2.9,2,2,3.5,5.2,4.4,,2,2,2,2,4.7,2,2,2,2,4.5,4.1,2.3,2.3,2,2,2,2,3.6,10.5,2,20.5,2,2.7,2,3.8,16.3
20140730,11,NO2,34.4,44.8,46.9,49.9,45.3,26.9,36.8,18.3,,44.3,28.2,38.3,36,43.5,23.4,39.2,12.9,28.1,24.9,15.5,13.5,9.5,7,19.3,29.3,2,19,27.6,16.7,28.7,63.7,72.4,63.3,110.5,85.1
20140730,11,O3,76.8,61.2,70.5,62.9,71.9,85.1,70.4,57.2,,57.5,40.4,95.8,47.4,63.2,79.4,56.1,123.9,108,64.8,99.1,135.4,145.6,116.8,108.2,90.3,143,89,63.5,39.1,58.8,27.5,40.4,43.1,10.6,19.9
20140730,11,CO,1.9,2,1.9,2,1.2,1.7,1.4,1.4,,2,1.8,1.6,2.1,2.1,2.1,1.9,1.3,1,1.4,1.7,1.2,1,0.6,0.9,0.7,1.1,1.3,1.6,2.4,1.6,2.1,2.2,1.9,2.4,2.1
20140730,12,SO2,3.7,3.3,3.3,2,2,3.9,6.9,5.6,4.8,2,2,2,2,4.5,2,2.6,2,2,4.7,2.9,2.9,2.7,2,3.5,2,2,4.1,11.5,2,20.5,2,3.8,4.9,4.2,17.1
20140730,12,NO2,39.5,36.6,40.2,46.2,40.5,32.3,39.8,20.2,,37.9,35.5,40.5,34.8,43.4,19.8,41.3,10.3,25.2,22.9,15.6,11.1,8.7,4.5,16,27.2,2,23.2,24.8,15.4,38.9,77.4,65.5,48.8,117.8,83.9
20140730,12,O3,62.9,62.5,66.8,59.3,67.4,80,67.7,54.7,,61.3,42.4,101.5,43.8,60,82.3,61.5,129.5,97.1,69.5,99.6,152.7,162.1,131.9,118.5,94.1,156.4,87.1,62.8,45.3,53.6,14.7,45.7,48.7,8.6,20.9
20140730,12,CO,2,2.1,1.9,2.2,1.5,1.9,1.4,1.4,,2.1,2,1.7,2.2,2.1,1.9,1.7,1.7,1.2,1.5,1.6,1.2,1,0.6,1.2,0.8,1.1,1.5,1.6,2.3,1.8,2.3,2.4,1.9,2.5,2.2
20140730,13,SO2,5.6,4.6,3.3,2.4,2,7.1,6.7,7.7,2,2,2,2,2,8.8,2,3.9,2.9,2,4.7,4.1,2.7,3.2,2.1,4.2,2.4,2,10.2,10.7,2,23,2,4.5,4,2.4,21.4
20140730,13,NO2,32.7,40.7,40.4,37.1,35,25.9,38.1,18.5,19.5,36.5,32.3,40.9,32.1,39.2,20.3,37.7,12.9,23,17.1,16.1,11.6,10.2,2.7,21.5,22.7,2,24.2,29.8,11.5,28,54.7,54.5,49.3,100.4,70.1
20140730,13,O3,74,75.7,64.9,83.9,65.4,96.1,50.4,74.2,105.6,65.3,51.1,91.9,50,94.1,96.3,68.7,124.9,113.9,78.1,97.9,157.1,161,145.8,121.4,119.6,160.3,99.1,59.9,72.7,72.8,36.5,69.5,47.9,30.1,37.4
20140730,13,CO,2.1,2.1,2,2.1,1.6,1.9,1.5,1.4,1.4,2.2,2.1,1.7,2.1,1.9,1.8,1.6,1.7,1.3,1.5,1.7,1.2,1.1,0.6,1.2,1.2,1.1,1.5,1.8,1.9,1.9,2.3,2.2,2,2.2,2
20140730,14,SO2,4.8,6.3,5.1,3.9,2,8.7,7.3,9.9,2,2,2,2,2,5.6,2,5.7,3.2,3.5,4.6,5,2.5,3.9,2,3.3,3.3,2,10,13.2,2,25,3.5,5.4,2,2.6,26.8
20140730,14,NO2,29,33.3,35.9,33.3,32.3,25.4,36.7,18.2,23.6,31.5,22.8,36.6,31.3,32.5,18.4,40.9,11.7,25.4,16.4,16.5,12.8,11,3.4,17.2,17.6,2,24.2,29.4,4.8,27.5,50.1,58.6,37,89.9,71.4
20140730,14,O3,93.5,107.2,100.3,119.6,87.6,112.3,74.9,108.1,126,103.3,96.3,117.6,73.1,121.8,115,79.9,129,146.3,118.3,98.7,164.3,163.6,148.5,158.9,142.7,170.7,106.1,73.9,130.7,103.2,52.1,93.5,79.6,58.1,51.3
20140730,14,CO,2,1.9,1.9,1.9,1.6,1.9,1.5,1.3,1.5,1.9,1.8,1.7,1.9,1.6,1.7,1.7,1.7,1.3,1.5,1.7,1.4,1.4,0.6,1.2,1.2,1.2,1.3,1.8,1.6,1.7,2.1,2.1,1.9,2.1,2
20140730,15,SO2,5.6,6.2,4.7,4.4,2,6.4,6.8,8.2,2,2,2,2,2,4.4,2,5.6,4,2,4.4,6.7,2.6,3.1,2.5,2,2.7,2,13.5,14.2,2,22.7,4.3,4.4,2,3.7,25.6
20140730,15,NO2,26,33,37.7,36.1,27.9,19.1,29.1,16.8,15,28.8,24.9,29.8,32.1,31.2,18,41.6,11.4,18.1,16.6,18.3,14.1,10.6,2.5,14.3,23,2.6,25.8,27.8,5.1,23.2,59.9,61.1,31.4,109.7,70
20140730,15,O3,116.4,126.1,118.8,135.3,118.2,146.2,111.6,137.1,179.9,135.2,124.5,155.8,100.6,142.9,123.4,94.5,153.3,180.3,140.9,109.1,165.1,168.8,157,185.6,150.3,178.9,112.4,86.6,151.7,136,60.4,104.9,108.4,53.2,75.4
20140730,15,CO,1.9,1.8,1.9,1.9,1.5,1.8,1.4,1.3,1.4,1.9,1.8,1.6,1.9,1.6,1.7,1.7,1.7,1.2,1.4,1.6,1.5,1.4,0.7,1.2,1.2,1.3,1.4,1.8,1.5,1.6,2,2.1,1.8,2.1,2
20140730,16,SO2,3.4,3.9,4.7,3,2.1,6.3,7.7,7.8,2.2,2,2,2,2,4.4,2,5.8,4.4,2,4.3,5.1,3.5,3.9,2.5,2,2.1,2,16.3,15.5,2,23.1,3.6,4.2,2,4.2,26.2
20140730,16,NO2,24.5,25.7,34.5,31.3,26.7,24.2,27.9,17.9,20.9,29.9,27.8,31.1,30.8,31.2,14.9,39.4,13,16.7,22.1,15.9,11.6,10.9,3.2,14.8,26.2,3.2,28.7,30.5,19.7,18.6,62.5,58.6,26.8,131,90.8
20140730,16,O3,131.5,146.5,140.6,157.6,132.6,147,129.5,153.3,162.5,148.1,144.8,171.8,128.9,146.7,148.3,110.4,156.3,198.3,165.1,121.1,170.2,166.5,150,196.7,160.5,182.7,121.7,108.3,146.2,171.7,72.2,123.5,124.4,51.5,60
20140730,16,CO,1.7,1.7,1.8,1.7,1.4,1.7,1.4,1.3,1.4,1.8,1.9,1.6,1.8,1.7,1.6,1.6,1.7,1.2,1.4,1.5,1.5,1.5,0.8,1.2,1.2,1.5,1.5,1.8,1.5,1.5,1.8,1.9,1.7,2.1,2
20140730,17,SO2,5.4,4.2,3.7,2.8,2,6.4,7.6,6.8,2.8,2,2,2,2,4.1,2,6,5.3,2,4.5,7.1,3.2,2.9,2.6,2,2.2,2.2,16.8,15.2,2,22.4,5.9,4,2,4.1,27.4
20140730,17,NO2,32.7,24.8,31.6,28.9,27.4,27,24.6,21.3,22.3,26.3,27.1,34.3,28.3,27.6,15.1,39,17.1,20.5,26.5,18,12.5,11.8,7,15.7,35.8,3.3,28.1,30.1,12.2,15.9,64.5,68,27.2,104.7,84
20140730,17,O3,125.4,154.4,151.6,167.8,141.1,150.8,143.8,153.8,190.5,169.4,156,183.2,144.2,162.8,161.8,104.4,151.9,203.7,167.6,127.6,173.4,160.5,154.8,202.6,173.6,175.6,131.8,126.1,157.7,193.5,78,123.1,136.8,75.1,75.1
20140730,17,CO,1.7,1.7,1.6,1.7,1.3,1.8,1.3,1.4,1.6,1.6,1.8,1.7,1.7,1.5,1.6,1.6,1.7,1.4,1.4,1.6,1.5,1.6,1,1.3,1.3,1.5,1.7,1.7,1.6,1.3,1.9,1.9,1.5,1.9,2
20140730,18,SO2,6.2,3.7,5.4,2.4,2,5.4,7,5.9,2.6,2,2,2,2,4.6,2,5.7,7.6,2,4.9,9.6,3.2,3.7,2.3,2,2.4,2.3,14.5,17.7,2,21.7,3.9,4,5.3,5.4,27.7
20140730,18,NO2,40.9,25.6,44.1,33.3,31,27.4,29.2,27.3,22.3,29.1,26.3,36.2,29.3,28.1,20.5,45.2,24.2,26.5,31.3,20.1,17,15.7,10.3,19.6,37.7,3.8,32.3,33.8,12,15,66.9,67.1,36.4,144.7,106.7
20140730,18,O3,121.5,160.4,137,162.6,137.1,155.2,141.5,140.1,198,165.5,166.5,190.6,145.6,158.3,138.4,91.5,131.7,192.3,163.5,128.4,166.8,158.6,167.1,197.5,188.2,163.4,119.4,108.1,160.6,188.3,81.6,120.6,126.6,37.8,59.3
20140730,18,CO,1.8,1.6,1.8,1.8,1.4,1.8,1.2,1.5,1.5,1.7,1.7,1.6,1.6,1.6,1.7,1.8,1.8,1.6,1.6,1.7,1.6,1.7,1,1.5,1.4,1.6,1.7,1.8,1.6,1.2,1.9,1.8,1.6,2,2.1
20140730,19,SO2,4,3.4,4.2,2,2,4.9,8.6,5.4,2,2,2,2,2,4.6,2,5.4,8.1,2,4.8,7.7,4,5.5,2.2,2,2,2,13.8,15.2,2,21.7,2.4,4.8,2,5.3,29.7
20140730,19,NO2,41.5,27.9,44.3,38,39.9,33.2,43.8,28.2,25.6,29.3,24.4,41.4,28.6,32.1,26.4,53.6,26.5,30.6,36.9,32.7,22.6,21.2,16.2,26.8,34.9,4.6,35,30.8,14.9,17.9,82.6,73.4,40.2,153.1,120.5
20140730,19,O3,117.4,143.6,133.6,144.5,123.1,140.1,120.7,131.1,180.8,162.5,146,174.3,140.1,138.4,131.3,77.8,118.6,168.7,158.7,97,154.9,146.9,175.4,170.7,184.4,158.1,102.2,99.5,138.6,141.7,60.8,105.7,117.6,28.7,33.6
20140730,19,CO,1.9,1.7,1.8,1.8,1.5,1.8,1.4,1.5,1.5,1.7,1.6,1.6,1.6,1.6,1.9,1.9,1.7,1.7,1.6,1.9,1.7,1.7,1.2,1.7,1.4,1.6,1.7,1.7,1.7,1.2,1.9,2,1.8,2.1,2.2
20140730,20,SO2,3.3,3,3.1,2,2,4.4,8.3,6.8,2,2,2,2,2,4.4,2,4.6,5.7,2,4.7,7.3,4.4,6,2,2,2,2.3,8.5,13.7,2,21.1,2,4.6,2,4.7,32.8
20140730,20,NO2,43.8,28.4,41.6,44.2,52.8,41.7,46.1,31.9,25.1,34.8,30.6,53.8,29.7,40.7,30.5,55.2,39.1,34.4,42.7,36.3,26.8,23.2,16.8,28.2,41.9,6.6,40.3,29.4,21.8,15.5,73,82.2,42.6,146.6,119.1
20140730,20,O3,101.6,123.4,120.6,116.2,87.8,115.9,104.1,111.1,96.3,126.2,125.9,140.4,117.5,112.5,119,57.4,82.1,141.6,137.1,81.9,134.7,134.5,162.3,137.6,158.5,143,72.8,80.9,66.1,90.6,61.8,81.7,101.5,23,21.9
20140730,20,CO,1.9,1.7,1.8,1.9,1.6,2.1,1.5,1.6,1.6,1.8,1.7,1.7,1.6,1.8,2,1.9,1.9,1.7,1.5,1.9,1.9,1.8,1.3,1.7,1.6,1.7,1.9,1.7,1.8,1.2,1.9,2.1,1.8,2,2.3
20140730,21,SO2,3.4,2,2.3,2,2,4.3,7.7,5.9,2,2,2,2,2,3.8,2,4.6,3.8,2,4.8,4.8,4,6.5,2,2,2,3.4,8.3,14.4,2,20.6,2,4.6,2,3.3,36.3
20140730,21,NO2,46.3,34.7,39.5,47.7,55.4,45.6,41,34.5,34.9,35.9,35.7,57,33,51.6,43.6,79.3,35.6,35.6,40.2,40.1,33.1,29.6,17.4,26,59.5,8,44.7,56.7,22.2,15.4,84.2,102.2,47.8,124.4,117.8
20140730,21,O3,86.3,74.1,106.4,94.8,66.7,98.6,90.7,70.3,57.6,100.8,92.8,100.4,85.4,89.8,72.4,22.3,67.3,111.7,109.6,60,99.9,106.5,142,94.5,113.6,117.5,56.1,38.8,39.7,57.7,37.8,43.8,85.3,28.8,7.3
20140730,21,CO,2.2,2.1,1.9,2,1.9,2.2,1.5,1.7,2,2,1.7,1.8,1.7,2,2.1,2,2.2,1.8,1.6,2,1.9,1.9,1.4,1.7,1.7,1.8,2,1.8,1.7,1.1,2.3,2.4,1.9,2.2,2.5
20140730,22,SO2,3.6,3.7,2.6,2,2.2,4.6,7.3,4.6,2,2,2,2,2,4.2,2,3.5,4.1,2,4.9,3.6,3.6,6.7,2,2,2,2.4,8.4,14.2,2,20.9,2,3.5,2,3.5,41.3
20140730,22,NO2,43.2,43.3,45.6,53.6,65.9,46.2,48.9,34.5,35.1,47.2,36.7,75.1,39.4,62.7,46.9,61.4,37.9,40.1,37.7,29.2,36.1,26.1,16.3,22.5,47.8,8.8,39.8,68.2,12.6,28.4,72.5,84.5,41.6,118,109.4
20140730,22,O3,68,65.6,78.6,69.4,39.3,71.1,65.4,39.7,34.4,79.7,70.6,60.4,63.1,57.5,46.9,34,45.8,80.5,87.9,62.5,71.7,97.1,128.5,61.8,106.9,89.1,51.6,21.3,23.8,49.7,26.8,35.9,71,18.3,2
20140730,22,CO,2.2,2.1,2.2,2.2,2,2.1,1.6,1.7,2.6,2.1,1.8,2,1.9,2.1,2.1,1.7,2.3,1.9,1.6,2,2.1,2,1.5,1.7,1.7,1.8,2,1.8,1.7,1.2,2.3,2.4,2.1,2.4,2.5
20140730,23,SO2,3.1,3.2,2,2,2,4,7.6,4,2,2,2,2,2,4,2,2.8,2.6,2,4.8,2.8,3.3,7,2,2,2,2.5,8.3,15.6,2,20.4,2,3.5,2,3,41.3
20140730,23,NO2,37.9,39.4,41.2,58.2,61.6,47,46.3,39.6,32.1,34.6,33.9,107.9,55,57.7,47.7,62.4,31.9,37.2,26.8,22.4,39,26.1,11.7,20.9,49.5,10.1,32.1,60.7,11.5,17.2,60.6,68.7,43.2,95.9,94.3
20140730,23,O3,60.3,54,56.9,44.1,31.6,55.3,51.8,27,34.6,67.3,73.1,16.8,30.8,37.7,35.7,25.3,50.8,65.8,90,54.2,49.7,84.3,120.3,52.3,87.9,70.5,54.7,14.6,7.9,28.3,23.9,34.1,47.8,16.2,3.3
20140730,23,CO,2.1,2,2.1,2.2,1.8,2.1,1.8,1.7,2.7,2,1.9,2,2,2,2.1,1.7,2.1,1.9,1.6,1.9,2.3,2.1,1.6,1.7,1.8,1.9,1.9,1.9,1.6,1.2,2.2,2.3,2.1,2.5,2.3
20140730,1,PM2.5,64.3,56.3,52.5,53.5,61.4,54.1,54.6,62.6,47.2,52.9,36.7,51.4,31.2,46.3,56.7,93.4,100.2,,50.4,132.7,107.3,113.4,35.9,69.8,61.3,145,124.4,112.7,45.6,23.6,66.8,55.9,58.4,50.9,72.2
20140730,1,PM10,,,,,,,,,,,,,,,,,,,,,,,,84.1,,,,,,,,,,,
20140730,1,AQI,161,154,139,140,152,140,148,141,141,145,139,158,136,147,178,194,203,45,137,198,210,162,164,144,175,190,202,205,173,148,167,150,138,160,154
20140730,2,PM2.5,43.2,44.5,32.4,27.9,35.9,45.6,52.3,60,50.5,38.9,33.2,48,27.9,39.6,50.3,74.4,98.3,,44.6,133.8,99.8,91.9,22.7,74.1,56.2,114.8,127.6,110.1,32.2,24.6,38.7,39.3,69.5,31.8,49.1
20140730,2,PM10,,,,,,,,,,,,,,,,,,,,,,,,56.2,,,,,,,,,,,
20140730,2,AQI,157,151,135,136,148,138,145,140,138,141,135,154,131,145,173,190,202,40,134,198,209,162,158,142,170,190,201,202,166,143,163,147,136,156,151
20140730,3,PM2.5,49.8,40.3,33.5,29.6,38.5,42.6,48.4,61.3,52.1,42.8,33.4,46.3,31.2,37.1,43.4,82.7,94.5,,44.3,145.9,97.3,80.7,25.1,77.3,47.6,73,121.9,104.1,33.3,34.8,53.8,37.9,138.4,33,55.4
20140730,3,PM10,,,,,,,,,,,,,,,,,,,,,,,,52.9,,,,,,,,,,,
20140730,3,AQI,153,147,131,132,144,135,141,138,135,137,130,149,126,141,166,185,201,40,130,199,208,161,152,141,165,187,199,196,158,139,158,144,138,151,149
20140730,4,PM2.5,62.9,37.7,40.2,32.5,54,52.9,51.4,67.8,49.1,45.1,32.2,51.2,40.5,50.5,79.9,100.3,98.4,,45.3,144.3,95,77.1,23.8,65.5,37.4,80.8,119.5,105.3,33.2,54,44.3,40.8,47.3,36.1,66.7
20140730,4,PM10,,,,,,,,,,,,,,,,,,,,,,,,53.5,,,,,,,,,,,
20140730,4,AQI,149,143,127,128,140,132,137,135,131,133,125,145,122,137,161,180,198,43,126,200,205,159,147,139,160,184,196,189,149,135,153,140,134,146,147
20140730,5,PM2.5,105.1,57.1,55.9,44.5,97.7,76.5,59.7,65.6,52,53.9,45.9,59.9,47.1,44.1,103.7,105.4,85,,48.5,123,94.7,71.7,14.2,40.7,47.5,73.6,120.4,142.3,33.2,47.7,71,59.3,65.5,43.9,92.6
20140730,5,PM10,,,,,,,,,,,,,,,,,,,,,,,,23.7,,,,,,,,,,,
20140730,5,AQI,147,138,124,123,139,130,132,132,128,128,121,141,117,132,155,173,191,40,123,200,201,156,141,135,155,179,193,184,140,130,149,136,131,141,145
20140730,6,PM2.5,108.1,87.7,83.8,72.4,115.5,85.7,70.1,74.1,47.3,43.4,47.8,61.5,57.4,70.3,122.9,110.7,85.9,,44.1,140.5,89.3,65.6,15,54.7,41.5,81.2,141.1,158.1,57.8,52.8,85,85.2,3,91.3,101
20140730,6,PM10,,,,,,,,,,,,,,,,,,,,,,,,38.5,,,,,,,,,,,
20140730,6,AQI,144,135,121,119,137,127,128,130,124,123,115,137,112,126,149,166,183,38,119,199,195,153,135,132,149,174,189,178,132,126,145,131,123,137,141
20140730,7,PM2.5,132.5,107.3,106.3,84.3,114.9,103.9,105.7,76,56.4,73.2,47.4,71.5,57.2,110.6,128.3,135.5,89,65,41.5,157.6,88.3,67.9,18.9,45.5,37.7,76.7,127.4,146.9,94.2,69.2,103.9,109,8.1,105,116.3
20140730,7,PM10,,,,,,,,,,,,,,,,,,,,,,,,36.5,,,,,,,,,,,
20140730,7,AQI,141,130,118,115,134,123,125,127,120,118,110,132,107,121,143,159,173,114,114,198,186,149,128,128,144,168,184,172,125,121,139,126,115,131,137
20140730,8,PM2.5,144.7,134.8,121.4,120.4,114.5,116.7,112.6,75.4,82,119.8,60.4,99.3,60.5,88.3,143.1,164.5,94.3,50.5,47.5,158.6,96.1,67.4,24.8,49.2,42,89.4,115.8,145.2,144.7,66,126.9,135.1,3,145.7,121
20140730,8,PM10,,,,,,,,,,,,,,,,,,,,,,,,46.2,,,,,,,,,,,
20140730,8,AQI,137,125,115,111,129,120,122,123,117,114,104,129,101,115,138,154,163,112,109,196,178,143,122,124,138,164,179,164,120,115,134,122,105,126,133
20140730,9,PM2.5,162.9,152.6,125.7,131.9,141,129.8,117.5,72.7,109.8,127.7,101.9,122.4,110.9,126.7,161.7,140.3,103,53,70.1,154.4,102.3,87.6,19.1,59.3,43.3,93.7,114.1,143.7,156.2,74.8,141.8,154.9,72.7,152,143
20140730,9,PM10,,,,,,,,,,,,,,,,,,,,,,,,55.4,,,,,,,,,,,
20140730,9,AQI,135,122,113,110,127,117,118,119,115,112,100,126,97,112,135,150,154,111,105,194,168,139,115,119,133,158,175,158,118,109,130,119,100,123,130
20140730,10,PM2.5,166.2,150.6,139.4,148.5,133.8,135.3,143.6,84.6,,160.2,120.4,133.5,132.4,165.3,140.3,129.2,101.9,64.3,89.7,145.2,108.7,87.2,29.7,59.7,59.9,97.9,109.6,96.2,156,127.3,151.9,152.8,78.8,163.2,139.6
20140730,10,PM10,,,,,,,,,,,,,,,,,,,,,,,,45.5,,,,,,,,,,,
20140730,10,AQI,134,121,113,110,126,116,117,115,,112,98,125,96,113,134,148,148,110,103,191,159,135,109,113,128,152,172,154,117,107,129,119,96,124,129
20140730,11,PM2.5,156.9,154.4,140,147.8,137.6,134.4,149.5,129.6,,162.6,133.3,137.8,140.7,137.4,132.8,128.7,119.8,66,113.5,137.5,111,81.7,32.9,64.5,58.7,98.6,98.6,41.9,152.3,141.9,161.7,151.6,14.2,162.6,144.2
20140730,11,PM10,,,,,,,,,,,,,,,,,,,,,,,,54.4,,,,,,,,,,,
20140730,11,AQI,135,122,114,112,127,117,118,115,,114,101,125,95,112,133,148,145,109,102,189,152,132,103,108,122,148,168,149,117,105,130,121,90,125,130
20140730,12,PM2.5,160.8,145.6,145.2,136.4,158.2,137.8,154.1,142,,158.6,150.4,146.6,138.2,104.6,108.4,114.3,146.1,86.2,132.3,124.2,113.4,87.1,37.5,107.8,60,95.5,107.4,47.3,148,159.7,158.1,139.4,122.9,149.7,153.9
20140730,12,PM10,,,,,,,,,,,,,,,,,,,,,,,,105.7,,,,,,,,,,,
20140730,12,AQI,137,124,115,113,129,118,119,117,106,116,105,125,99,111,132,148,146,112,104,186,148,130,98,108,117,146,164,146,118,106,130,121,90,127,131
20140730,13,PM2.5,144.7,128.6,147.3,116.9,153.1,126.6,171.7,137.2,88.1,140.4,142,157.9,129.1,104.7,96.5,107.1,143,111.5,137.4,130.2,124.4,95.3,39.1,112.9,94.1,93.9,126,119.1,93.4,137.9,137,116.9,40.8,129.3,135
20140730,13,PM10,,,,,,,,,,,,,,,,,,,,,,,,95.4,,,,,,,,,,,
20140730,13,AQI,138,125,117,114,131,119,123,118,105,118,109,127,102,111,131,148,148,111,105,185,148,129,93,108,115,144,163,146,117,106,132,122,86,127,132
20140730,14,PM2.5,171.1,134.2,144.2,125.3,163.1,133.1,176.3,135.3,141.9,147.1,150.5,164.3,152.7,91.1,94.3,141,136.8,130.4,138.5,140.5,137.3,112.5,35.2,124.5,97.5,98.2,117.4,153.8,46.1,160.1,143,127.4,73.8,119.8,141.1
20140730,14,PM10,,,,,,,,,,,,,,,,,,,,,,,,112.5,,,,,,,,,,,
20140730,14,AQI,142,127,121,116,134,120,128,121,107,121,111,130,107,111,130,149,150,114,107,185,150,130,88,109,113,143,163,149,114,108,134,124,86,129,134
20140730,15,PM2.5,155.4,126.3,153.5,124.3,154.5,121.1,170.5,136.8,126.6,141.1,150.2,154.1,142.9,83.5,130.3,148.5,134,128.4,130.6,142.1,146.5,113.4,33.3,121.1,99.9,117.5,116.2,168.9,66.7,148.2,145.9,115.4,53.6,127.5,130.9
20140730,15,PM10,,,,,,,,,,,,,,,,,,,,,,,,104.7,,,,,,,,,,,
20140730,15,AQI,145,129,124,118,138,122,133,122,108,124,114,132,109,111,131,152,152,115,108,186,153,131,84,110,112,143,164,152,112,109,136,125,84,131,136
20140730,16,PM2.5,135,108.4,141.9,102.5,141.9,111.4,164.2,133.4,,133.9,142.1,161.5,114.7,124.3,132.5,146.3,148.8,130.9,128,142.4,128.8,108.3,50.3,119.8,101.2,120,121.9,168.6,91.1,112.8,127.8,102.9,54.7,120.5,132
20140730,16,PM10,,,,,,,,,,,,,,,,,,,,,,,,107.6,,,,,,,,,,,
20140730,16,AQI,148,129,127,119,141,123,136,123,106,127,116,135,110,112,133,154,155,116,109,187,155,131,81,111,110,144,164,156,112,110,138,125,84,132,137
20140730,17,PM2.5,156.1,136.3,118.7,122,143,136.3,150.8,150.2,,116.3,133.2,154.9,120.5,134.1,130.8,161,150.9,145.3,146.9,138.7,136.5,110.3,76.9,134.9,117.6,124.1,127.5,154.2,97.2,104.7,153.3,134.2,3,140.2,157.1
20140730,17,PM10,,,,,,,,,,,,,,,,,,,,,,,,105.6,,,,,,,,,,,
20140730,17,AQI,150,131,128,120,142,126,139,125,89,128,118,138,112,114,135,157,157,118,112,189,156,132,78,113,109,144,165,159,113,109,140,127,81,133,141
20140730,18,PM2.5,165.8,142.3,136.3,138.6,161.4,145.9,134.9,148.2,,127.1,126.6,152.7,124.3,130.1,166.5,179.4,163.5,154.6,147.2,147.4,154.3,118.7,92.5,153,150.6,121.2,138.7,173.2,107.5,106.4,156.8,138.2,57,151.4,164.6
20140730,18,PM10,,,,,,,,,,,,,,,,,,,,,,,,132.8,,,,,,,,,,,
20140730,18,AQI,154,134,131,123,145,129,143,127,98,130,119,140,113,117,139,162,160,121,114,190,158,132,76,115,109,144,167,164,114,109,142,130,81,136,144
20140730,19,PM2.5,169.3,152.8,145.1,139.9,168.2,140.3,145.3,146.1,,134.2,128.3,142.2,124.5,157,172.8,182.6,179.9,157.8,145.9,142.8,165,136.3,127.2,155.9,158.6,132.2,142.6,172.8,127,116.2,165.7,152.6,3,168.6,169.4
20140730,19,PM10,,,,,,,,,,,,,,,,,,,,,,,,144.6,,,,,,,,,,,
20140730,19,AQI,158,136,134,125,149,132,145,130,77,132,120,140,115,120,143,167,164,123,116,192,161,134,76,118,111,145,168,170,116,110,145,133,77,139,148
20140730,20,PM2.5,182.8,161.6,144.4,153.1,177.8,157.6,166.1,147.8,,148.6,129.9,147.9,131.1,154.2,164.3,186.2,187.2,161.5,137.7,156.7,174,133.5,140.5,161.2,170.3,147.9,141.7,167.8,127.8,110.9,184.2,166.2,16.3,171.6,191.3
20140730,20,PM10,,,,,,,,,,,,,,,,,,,,,,,,155.3,,,,,,,,,,,
20140730,20,AQI,163,140,137,128,153,136,149,132,31,135,121,141,117,123,146,173,169,126,117,191,164,135,77,121,113,147,168,174,118,113,150,137,73,143,154
20140730,21,PM2.5,201.6,177.1,164.9,173,199.7,166.1,170.8,163.5,,173.3,156.4,170.6,150.3,168.9,181.2,195.7,203.9,174.2,148.4,164.7,192.5,144.3,186.4,158.9,183.2,162.9,147.3,159.5,129,100.1,202.1,181,22.9,182.5,196.6
20140730,21,PM10,,,,,,,,,,,,,,,,,,,,,,,,140.1,,,,,,,,,,,
20140730,21,AQI,169,144,140,132,159,140,152,135,20,139,124,143,121,128,151,176,171,130,120,191,166,135,81,123,116,147,167,174,119,115,155,141,69,147,160
20140730,22,PM2.5,212.1,204.6,182.1,178.6,213.6,179.1,193.3,148.7,,173.2,156.4,193.8,161.2,176.2,204.1,183.4,206,189.5,157.2,163.1,209,158.1,176.5,154.5,192.4,160,152.3,156,117.3,94.2,215.4,197.5,25.4,195.1,208
20140730,22,PM10,,,,,,,,,,,,,,,,,,,,,,,,137.6,,,,,,,,,,,
20140730,22,AQI,176,150,146,138,166,145,158,137,26,144,128,149,126,134,157,178,172,134,125,191,167,136,84,126,119,147,166,175,120,117,162,147,66,153,166
20140730,23,PM2.5,220.1,204.5,196.3,188.3,216.9,183.5,211.3,160.8,,186.3,160.4,202.7,169.1,184.3,203.6,183,204.7,197.2,156.9,154.3,217.3,160.1,171.5,161.9,198.2,163,146.7,158.2,98.8,90.8,223.1,202.9,31.7,208.4,202.8
20140730,23,PM10,,,,,,,,,,,,,,,,,,,,,,,,139.9,,,,,,,,,,,
20140730,23,AQI,185,159,153,145,175,151,167,143,27,150,135,158,133,141,165,182,176,140,131,192,170,137,86,130,123,148,167,177,123,120,172,156,65,162,174
