date,hour,type,dongsi,tiantan,guanyuan,wanshouxigong,aotizhongxing,nongzhanguan,wanliu,beibuxingqu,zhiwuyuan,fentaihuayuan,yungang,gucheng,fangshan,daxing,yizhuang,tongzhou,shunyi,changping,mengtougou,pinggu,huairou,miyun,yanqing,dingling,badaling,miyunshuiku,donggaocun,yongledian,yufa,liulihe,qianmeng,yongdingmengxi,xizhimengbei,nansanhuan,dongsihuan
20140102,0,PM2.5,83,82,82,106,94,108,141,89,38,133,59,61,107,175,227,172,95,78,,86,72,72,105,55,41,,56,199,182,311,109,129,84,147,136
20140102,0,PM10,106,133,134,184,166,194,231,171,63,224,106,115,,218,254,222,142,133,,95,116,97,132,92,72,,88,232,133,518,253,233,146,178,292
20140102,0,AQI,79,79,86,107,111,90,104,66,54,120,94,79,125,175,152,116,79,74,,108,72,85,84,66,73,59,70,150,151,202,105,104,79,117,103
20140102,1,PM2.5,90,88,80,119,139,147,138,92,21,120,58,47,89,126,176,176,76,118,,68,66,63,112,35,42,35,73,182,157,294,119,118,100,147,166
20140102,1,PM10,145,130,183,186,207,253,234,132,46,198,97,93,,173,202,193,120,155,,77,90,92,129,82,70,60,111,216,116,506,280,203,175,185,365
20140102,1,AQI,80,79,86,107,108,92,105,68,52,122,93,78,123,173,156,121,79,75,,107,72,85,84,66,73,59,72,154,153,206,107,105,80,120,107
20140102,2,PM2.5,127,89,100,114,165,169,145,95,31,115,55,55,97,132,170,298,54,157,,58,52,48,106,45,41,36,84,210,155,295,111,127,121,153,198
20140102,2,PM10,184,121,206,188,202,277,235,124,49,194,91,87,,178,177,340,86,147,,70,75,78,124,91,68,60,123,231,113,466,237,208,199,195,399
20140102,2,AQI,83,79,88,107,104,94,105,69,52,123,91,76,122,172,159,131,79,76,,106,72,84,83,66,72,59,72,159,154,209,109,105,81,124,111
20140102,3,PM2.5,175,99,114,110,119,160,118,95,34,116,38,75,69,172,162,281,46,109,,47,50,43,110,49,33,,88,192,147,293,130,114,108,167,188
20140102,3,PM10,194,135,194,236,184,252,176,117,56,194,75,108,,224,183,308,79,124,,62,81,68,128,93,53,,139,214,110,457,204,173,171,216,374
20140102,3,AQI,88,79,88,108,100,95,105,70,52,124,90,76,120,171,160,141,78,76,,104,73,83,83,66,70,59,73,161,154,212,109,107,81,127,114
20140102,4,PM2.5,158,100,101,119,135,149,110,95,41,120,37,59,69,203,212,278,46,98,,37,44,42,103,35,28,,77,201,148,309,146,126,100,148,178
20140102,4,PM10,197,134,176,213,164,209,163,105,64,209,70,88,,244,269,325,74,132,,73,69,62,116,66,53,,185,246,108,431,181,172,157,165,321
20140102,4,AQI,92,78,89,108,91,96,106,77,53,124,89,76,121,175,164,150,78,77,,99,73,83,82,65,68,59,74,164,154,217,111,108,81,129,115
20140102,5,PM2.5,126,114,99,124,74,138,104,92,48,112,46,57,110,167,260,236,67,130,,59,45,35,95,39,32,32,54,168,144,279,141,137,82,130,167
20140102,5,PM10,163,155,173,162,113,204,154,109,67,188,87,85,,207,321,254,127,163,,106,74,64,107,96,61,61,108,213,107,464,152,200,131,144,316
20140102,5,AQI,94,78,89,107,87,96,107,91,53,124,88,76,124,177,170,158,78,82,,98,74,82,81,65,67,59,74,166,154,222,113,110,81,131,115
20140102,6,PM2.5,121,117,90,119,86,140,90,109,45,105,57,55,69,234,237,167,89,88,,58,40,43,88,36,34,,51,87,154,205,128,137,83,129,138
20140102,6,PM10,153,171,143,229,154,205,126,175,66,174,106,93,,299,268,183,172,124,,131,73,79,101,88,49,,97,115,114,332,160,191,121,143,219
20140102,6,AQI,96,80,88,108,87,96,106,76,53,124,87,76,124,183,176,160,80,85,,95,74,82,80,65,65,59,74,162,155,223,114,112,80,132,113
20140102,7,PM2.5,168,111,130,141,166,173,93,120,52,138,67,60,114,210,170,97,71,85,,77,46,45,74,40,36,30,44,85,163,208,137,139,136,138,151
20140102,7,PM10,220,203,194,286,247,269,137,182,74,214,135,101,,270,193,122,138,157,,126,113,80,97,62,49,59,86,114,124,325,176,236,179,175,269
20140102,7,AQI,101,82,88,111,90,101,107,82,53,127,86,76,126,188,178,158,80,88,,96,75,82,81,64,64,59,74,158,156,225,116,113,85,134,113
20140102,8,PM2.5,119,83,133,87,118,112,163,91,72,119,87,86,160,134,125,72,96,78,,70,53,52,69,49,34,,43,90,172,134,102,89,153,104,99
20140102,8,PM10,207,121,217,247,137,179,230,153,109,249,152,139,,172,171,102,174,126,,119,100,100,91,90,60,,82,121,134,201,125,153,193,132,201
20140102,8,AQI,104,82,90,111,95,103,111,84,54,128,86,77,130,187,177,153,82,91,,94,75,82,84,64,63,59,73,155,158,225,116,112,91,133,114
20140102,9,PM2.5,74,75,93,92,117,81,176,130,113,101,116,119,133,107,101,95,114,114,,68,52,64,85,66,44,,,80,158,111,104,95,76,101,81
20140102,9,PM10,102,114,150,193,190,137,242,178,145,166,201,179,,144,141,176,196,170,,132,110,115,122,85,69,,,118,135,234,123,155,122,140,171
20140102,9,AQI,106,83,91,110,99,105,117,89,56,128,87,79,131,184,174,150,83,95,,93,75,82,87,64,62,,,150,159,224,116,111,93,132,115
20140102,10,PM2.5,74,68,72,80,119,82,152,3,109,104,131,3,136,79,93,104,116,180,,,,,,,,,,80,158,111,104,95,76,101,81
20140102,10,PM10,113,121,130,163,219,152,214,189,162,177,214,154,,119,134,179,192,230,,,,,,,,,,118,135,234,123,155,122,140,171
20140102,10,AQI,107,84,93,107,104,107,123,88,58,126,88,80,132,177,170,150,84,103,,90,76,81,92,64,62,59,72,144,156,223,115,109,97,126,115
20140102,11,PM2.5,104,78,91,76,130,82,135,3,94,88,125,76,159,86,84,108,92,123,,101,118,64,94,105,57,,,106,98,109,91,78,110,77,80
20140102,11,PM10,115,124,146,144,165,145,177,157,118,160,205,154,,119,120,171,150,143,,153,186,135,143,116,85,,,164,79,200,117,123,172,112,139
20140102,11,AQI,111,86,96,106,109,110,128,87,59,126,95,82,135,167,166,150,85,108,,88,77,80,96,65,62,59,73,141,151,222,117,109,102,125,116
20140102,12,PM2.5,108,82,94,85,100,90,145,56,89,90,114,112,123,92,89,107,86,85,,3,127,73,81,128,49,,3,107,95,126,96,88,93,92,78
20140102,12,PM10,118,137,145,94,162,148,179,107,136,158,180,155,,125,115,159,144,108,,,204,137,115,110,62,,,162,,190,128,136,137,117,142
20140102,12,AQI,115,90,100,109,113,114,134,89,61,127,90,84,139,163,168,153,87,110,,84,77,81,99,67,61,59,73,142,147,224,121,113,105,128,118
20140102,13,PM2.5,101,99,95,103,110,99,160,96,105,105,126,115,103,88,100,90,79,91,,3,81,83,74,95,32,,59,114,109,149,108,103,104,109,92
20140102,13,PM10,126,160,147,154,164,172,196,111,149,166,187,158,,130,130,140,138,139,,,135,147,104,105,51,,116,173,111,240,138,157,147,128,158
20140102,13,AQI,119,94,104,113,118,118,141,93,64,132,94,89,142,165,173,157,91,114,,81,78,82,102,71,60,59,74,146,148,227,125,117,110,133,122
20140102,14,PM2.5,108,111,98,114,141,116,167,100,,112,117,121,112,106,119,92,87,113,,3,81,84,58,158,32,,92,118,120,3,129,117,105,118,100
20140102,14,PM10,128,174,149,192,149,181,200,112,,179,175,157,,153,149,144,143,134,,177,134,158,91,110,60,,134,180,132,195,153,166,150,138,161
20140102,14,AQI,123,99,108,118,124,123,149,97,71,136,99,94,146,170,179,161,94,118,,82,81,85,103,77,59,59,75,151,151,225,130,122,114,137,126
20140102,15,PM2.5,124,117,103,115,402,119,155,113,110,117,108,125,122,109,128,97,105,105,,3,100,83,52,211,38,,72,130,129,79,133,121,102,130,107
20140102,15,PM10,140,169,147,165,151,194,177,143,154,183,160,163,,165,159,139,172,146,,180,165,140,95,120,65,,111,188,,171,161,167,133,155,180
20140102,15,AQI,129,104,112,123,144,128,157,101,75,141,104,99,150,174,185,165,98,122,,84,85,88,105,87,59,60,76,158,157,227,135,127,118,143,131
20140102,16,PM2.5,121,123,110,129,259,131,138,124,140,140,111,115,138,125,127,104,114,120,,107,105,94,49,116,42,80,79,138,133,132,134,129,106,132,123
20140102,16,PM10,161,179,170,220,136,208,158,160,165,217,173,165,,172,161,152,178,174,,169,169,159,94,130,69,122,132,195,,209,162,176,149,157,213
20140102,16,AQI,134,110,117,128,157,134,163,107,82,146,107,103,155,180,191,170,103,127,,86,89,92,106,92,59,61,78,164,163,230,141,133,123,148,137
20140102,17,PM2.5,129,124,118,131,170,147,150,126,117,150,134,121,132,138,130,122,121,133,,103,102,117,59,117,40,,92,134,139,145,150,133,119,145,137
20140102,17,PM10,164,175,195,216,201,225,195,157,148,246,204,168,,188,163,191,187,186,,191,173,181,105,135,73,,150,185,,224,176,187,165,170,243
20140102,17,AQI,139,115,123,134,166,140,171,112,87,152,111,108,160,186,197,176,108,132,,88,93,96,108,97,58,63,80,170,169,234,147,138,128,154,143
20140102,18,PM2.5,135,126,132,144,131,152,165,133,121,157,144,138,153,163,147,141,123,132,,130,118,131,69,130,53,,99,159,146,154,160,151,135,154,149
20140102,18,PM10,176,176,205,257,217,258,228,192,144,268,232,206,,229,199,222,203,182,,219,196,292,114,140,85,,161,215,,249,195,232,194,193,316
20140102,18,AQI,144,121,128,140,172,147,178,118,92,158,114,111,164,193,202,183,113,136,,92,98,100,109,102,59,68,82,176,175,238,153,144,133,160,150
20140102,19,PM2.5,164,131,147,161,146,163,186,163,111,166,171,147,171,159,177,156,141,142,,174,149,162,75,121,51,108,104,211,155,198,175,170,141,179,162
20140102,19,PM10,224,182,230,283,227,281,247,214,136,268,290,205,,231,228,236,211,178,,273,211,290,117,130,85,149,167,267,,394,214,260,200,221,319
20140102,19,AQI,150,126,132,145,178,154,184,124,97,162,119,115,165,197,206,189,119,140,,97,102,103,110,106,59,72,84,181,182,240,159,150,137,166,158
20140102,20,PM2.5,168,142,148,167,160,194,195,159,,190,158,158,207,179,211,201,149,124,,239,156,210,84,109,54,,105,283,170,206,181,175,162,188,187
20140102,20,PM10,225,220,232,297,239,330,266,207,,291,258,228,,237,252,294,230,156,,312,206,306,122,123,74,,167,336,,359,235,272,240,233,363
20140102,20,AQI,156,131,135,150,184,162,189,130,,166,123,118,166,199,210,196,124,143,,103,106,109,112,110,59,,86,192,189,239,164,155,141,172,166
20140102,21,PM2.5,178,148,155,193,182,204,201,175,132,217,165,163,272,227,243,269,139,119,,297,138,171,81,129,54,105,110,286,189,211,190,180,167,199,194
20140102,21,PM10,238,220,239,322,253,325,263,224,132,319,271,225,,271,297,336,209,152,,229,183,234,130,124,81,135,164,321,,404,239,273,244,237,334
20140102,21,AQI,161,135,139,156,189,171,193,135,108,170,129,121,170,201,213,205,127,146,,113,110,111,112,112,59,80,88,203,196,239,170,160,145,178,175
20140102,22,PM2.5,171,155,168,172,180,231,213,183,104,241,166,156,273,247,325,406,164,126,,211,142,148,124,115,53,102,99,316,234,216,179,181,184,225,275
20140102,22,PM10,238,224,256,281,266,353,250,233,126,372,268,214,,286,393,493,233,162,,185,178,201,159,120,98,109,146,354,,372,211,257,262,246,460
20140102,22,AQI,165,139,143,159,195,180,198,138,111,176,134,125,179,201,217,216,130,150,,119,114,115,114,116,60,83,92,211,201,239,173,165,150,184,187
20140102,23,PM2.5,179,145,170,172,198,227,209,213,118,203,163,160,241,303,317,343,172,133,,179,138,129,135,110,64,,93,330,233,239,188,175,170,202,267
20140102,23,PM10,239,209,253,265,299,328,244,265,108,327,243,213,,393,376,411,227,202,,200,174,171,170,108,116,,128,356,,385,217,243,233,223,440
20140102,23,AQI,170,142,148,162,202,189,202,145,116,180,139,130,185,207,222,225,133,151,,124,118,118,116,119,61,87,95,218,202,239,177,169,154,188,197
