date,hour,type,dongsi,tiantan,guanyuan,wanshouxigong,aotizhongxing,nongzhanguan,wanliu,beibuxingqu,zhiwuyuan,fentaihuayuan,yungang,gucheng,fangshan,daxing,yizhuang,tongzhou,shunyi,changping,mengtougou,pinggu,huairou,miyun,yanqing,dingling,badaling,miyunshuiku,donggaocun,yongledian,yufa,liulihe,qianmeng,yongdingmengxi,xizhimengbei,nansanhuan,dongsihuan
20141201,0,SO2,2,2,2,2,2,2,2,2,2,3.5,2.4,4.4,2,7.9,2,2,2,2,4,2,2,2,2,2,2,2,2,9.1,2,2.9,2,2,2,2.4,2
20141201,0,NO2,10.6,8.1,9.2,7.4,8.9,10.1,8.1,2,5.4,17,42.6,4.8,6.6,8.8,7.7,7.2,3.1,6.4,2.9,6.5,2,5.1,2,2,2,2,2,38.3,2,11.8,8.2,19,6.3,2,11.7
20141201,0,O3,58.4,52.7,50.6,57.4,44,65.4,36.4,41.4,63.7,44.3,53.5,2.6,42.5,56.4,74.9,70.1,54.1,59.8,55.1,69.6,60.9,61.8,63.9,58.3,56.3,68.9,59.4,29.2,54,59.1,59,67.6,55.6,48.4,53.9
20141201,0,CO,0.2,0.2,0.2,0.4,0.3,0.3,0.2,0.2,0.4,0.2,0.2,0.3,0.4,0.3,0.4,0.3,0.2,0.3,0.2,0.2,0.3,0.3,0.2,1.4,0.3,0.3,0.3,0.3,0.4,0.2,0.3,0.2,0.2,0.2,0.1
20141201,1,SO2,2,2,2,2,2,2,3.1,2,2,4.8,2,6.1,2,10.3,2,2,2,2,3.6,2,2,2,2,2,2,2,2,9.1,2.2,2.7,2,2,2,2.6,2
20141201,1,NO2,9.8,7,8.6,7.3,10.1,9.8,7.8,3.2,6.2,18.4,36.4,4.9,4.8,9.2,7.9,8.4,2.8,8.5,2.1,5.4,2,2.3,2,2,2,2,2,37.6,2,10.3,7.9,15.3,5.7,2,9.6
20141201,1,O3,55.6,50.4,46.2,53.9,39.5,59.9,34,38.4,59.4,40.1,50.3,2.6,45.8,52,69.5,62.7,53.1,54.3,48.1,73.7,60.2,62.9,57.8,55.8,52.7,68.9,64.1,27.2,51.8,59.4,55.7,63.5,52.4,48.5,51
20141201,1,CO,0.3,0.2,0.2,0.4,0.4,0.3,0.2,0.2,0.5,0.2,0.2,0.3,0.4,0.3,0.5,0.3,0.2,0.4,0.2,0.2,0.3,0.3,0.2,1.4,0.3,0.3,0.3,0.3,0.4,0.2,0.3,0.2,0.3,0.2,0.1
20141201,2,SO2,3.2,3.2,4.7,5.5,7.2,4,5.1,2.2,3.1,4.4,2,4.3,2,4.9,2.6,2,2,2,2.9,2,2,2,2,2,2.5,2,2,9.1,2,2.4,2,5.4,8.6,9.3,2
20141201,2,NO2,10.2,7,8.3,8.3,9.8,10.4,7.8,3,6.6,15.5,32,4.5,5.1,11.2,7.7,8.5,2.7,8.4,2,6.5,2,2.2,2,2,2,2,2,37,2,7.8,8.1,14.8,5.5,2,10.2
20141201,2,O3,52.6,48.8,43.9,51.4,37.1,56,33.2,37,58.3,41.9,50.1,2.7,47.6,47.2,65.8,58.2,51.7,53.4,35.2,67.2,56,57.8,56,55.7,48.7,62.1,59,25.7,50,60.3,54.3,59,52.8,46.6,47.7
20141201,2,CO,0.3,0.2,0.2,0.4,0.4,0.4,0.2,0.3,0.5,0.2,0.2,0.3,0.4,0.3,0.5,0.3,0.2,0.4,0.2,0.2,0.2,0.3,0.2,1.4,0.4,0.3,0.3,0.3,0.3,0.2,0.3,0.2,0.3,0.2,0.1
20141201,3,SO2,4,3.3,4.7,4.8,6.1,6.1,4.6,2,2,3.6,2,3.2,2,4.6,2.4,2.4,2,2,2.1,2,2,2,2,2,2,2,2,9.1,2,2.5,2,3.5,12,8.6,2.5
20141201,3,NO2,10.3,6,7.3,9.1,7.8,9.8,5.8,2.2,5.8,14.8,27.3,3.9,5.6,11.1,7.1,8.8,2.3,17.5,2,6.7,2,2.2,2,2,2,2,2,36,2.4,7.5,7,14.9,5.7,2,11.4
20141201,3,O3,51,49.4,45.7,50.6,37.2,56.1,34.2,36.7,59.6,42.4,49.2,2.6,48,48.9,67.2,55.7,51.9,43,2,63.7,56.5,57.6,58.4,54.6,50.8,60.6,54,24.3,45.7,59.1,54.6,60.5,51.2,43.2,46.3
20141201,3,CO,0.3,0.2,0.2,0.4,0.3,0.2,0.1,0.3,0.4,0.3,0.2,0.2,0.4,0.2,0.3,0.3,0.2,0.4,0.1,0.2,0.2,0.3,0.2,1.4,0.2,0.4,0.2,0.3,0.2,0.2,0.3,0.2,0.4,0.3,0.1
20141201,4,SO2,4.7,3.2,3.9,4.5,7.7,6.6,3.8,2.2,2,2.7,2,2.7,2,3.3,2.3,5.2,2,2,2.1,2,2,2,2,2,2.8,2,2,9.1,2,3.2,2,3.1,11,7.7,3.9
20141201,4,NO2,10.6,5.5,6.5,8,8.3,9.1,5.6,2,5.4,18.5,23.4,3.1,7.1,9.8,6.5,9.4,2.7,15.4,2,6.1,2,2.7,2,2.8,2,2,2,35.6,2,9.2,7.7,14.9,3.9,6.4,11.9
20141201,4,O3,51.3,49.3,41,49.9,34.8,56.5,33.9,36.8,59.5,30.3,48.8,2.8,47.4,41.9,59.7,54.4,50.8,43.5,41,54.3,51.6,52.6,54.6,53.5,42.6,59.7,46.7,23.7,41,56.5,54.2,56.5,48.8,37.5,45.3
20141201,4,CO,0.3,0.2,0.2,0.4,0.3,0.2,0.1,0.3,0.4,0.3,0.2,0.2,0.4,0.2,0.3,0.3,0.3,0.5,0.1,0.2,0.2,0.4,0.2,1.4,0.2,0.4,0.3,0.3,0.2,0.2,0.3,0.3,0.4,0.3,0.1
20141201,5,SO2,5.4,3.7,4,4.6,7.4,7.2,4.4,2.1,,4,2,3.9,2,3.5,2.6,6.7,2,2,2,2,2,2,2,2,3.6,2,2,9.1,2.1,2.9,2,3.7,12.2,7.9,4.5
20141201,5,NO2,10.2,5.5,6.2,2.5,7.9,7.6,6.1,2,,18.9,13.3,2,8.2,8,4.9,8.3,2.2,14,,4.2,2,2.9,2,2,6.4,2,9,36.6,2,8.8,6.5,12,2,2,9.3
20141201,5,O3,50.7,48.8,41.4,51.5,35.9,56.7,33.4,36.9,,29.5,47.1,2.7,45.2,44.8,60.8,52.8,54.8,46.4,41.6,53.1,55.2,55.2,58.1,54.3,42,60.9,42.9,22.4,41.8,53.7,50.7,55.2,52.2,40.6,46.3
20141201,5,CO,0.3,0.2,0.2,0.4,0.3,0.3,0.1,0.3,,0.3,0.2,0.2,0.4,0.2,0.3,0.3,0.3,0.5,0.1,0.3,0.2,0.4,0.2,1.4,0.2,0.4,0.3,0.4,0.3,0.2,0.3,0.2,0.4,0.3,0.1
20141201,6,SO2,5.4,4.3,5.2,5,7.1,6.8,4.8,2.6,,4.2,2,3.6,2,4.6,3.3,7.7,2,2,2.5,2.5,2,2,2,2,8.3,2,2,9.1,4.2,11.3,2,4.5,13,8.3,2.8
20141201,6,NO2,13.2,7,8.1,4,8.7,8.2,5.5,2,,23.5,10.6,2.4,7.4,9.1,6,11.9,3.2,16,2,9.4,2.1,3.9,2,2,8.4,2,14.9,37.1,2,16.1,8.1,17.6,2,2,11.6
20141201,6,O3,48.7,47.8,42.8,51.6,37.4,58,34.4,38,,25.7,46.4,2.7,46.5,47.7,61.5,50,57.6,44.6,51.3,47.8,59.1,60.1,65.8,56.2,40.9,60.6,35.6,21.2,39.7,42.7,53.5,67.4,49.4,38.5,46
20141201,6,CO,0.4,0.2,0.2,0.4,0.3,0.3,0.1,0.3,,0.3,0.3,0.3,0.4,0.2,0.3,0.3,0.3,0.5,0.1,0.4,0.2,0.4,0.2,1.4,0.2,0.4,0.4,0.4,0.3,0.4,0.3,0.3,0.4,0.4,0.1
20141201,7,SO2,4.9,4.4,5.4,5.3,7.2,6.3,4.5,2,,4.6,2.3,3.7,2,4.5,3.8,8.1,2,2.7,3.5,2.2,2,2,2,2,9.3,2,2,9.1,5.1,10.8,2,4,13.3,10.5,3.6
20141201,7,NO2,15.9,14.3,13.7,7.9,11.5,14.6,7.9,2,,30.6,10.3,5.5,14.9,14.6,10.9,18.9,9.2,18.7,2.2,11.1,4.5,15.7,2,2,8.3,2,12.8,38.9,5.7,20.4,13.7,32,13,7.9,15.2
20141201,7,O3,46.9,42.4,39.1,49.2,36.1,52.7,33,38.9,,20.1,47.6,2.6,40.1,44.7,57.1,42.2,52.9,42.8,51.3,47.9,58.4,48.1,66.4,58.3,45.2,62.4,39.9,20.1,33.7,37.2,47.9,68.4,41.5,26.4,43.2
20141201,7,CO,0.3,0.3,0.3,0.4,0.3,0.3,0.1,0.3,,0.4,0.3,0.3,0.5,0.2,0.4,0.3,0.3,0.5,0.1,0.4,0.3,0.4,0.2,1.4,0.2,0.4,0.4,0.4,0.3,0.5,0.4,0.3,0.5,0.5,0.1
20141201,8,SO2,5.9,5.1,6.5,5.8,7,6.8,5.9,3.2,12,5.4,2.9,4.6,2,6.1,3.9,9,2,4.7,3.5,2.8,2,2,2,2.6,9.6,2,2,9.1,2.9,12.9,2.3,4.5,14.9,12.9,3.7
20141201,8,NO2,22.1,16.5,20.5,13.2,18.7,21.8,13.8,2,,38.6,10.3,10.9,17.1,23.9,12.6,23,14.3,25.2,5.4,20.4,5.7,26.7,2,2,7.6,2,8.2,42.5,10.9,29.6,16.1,40.2,19.7,3.7,24
20141201,8,O3,40.9,41.1,34,45.1,30.4,45.6,29.4,40,,12.1,48.2,2.6,40.1,35.8,55.7,40.1,47.3,36.6,49.3,44.6,57.3,39.2,65.7,57.7,44.9,66.6,51,18.3,29,27.2,46.2,62.2,34.8,16.4,38.7
20141201,8,CO,0.4,0.3,0.3,0.5,0.4,0.4,0.2,0.3,,0.5,0.3,0.4,0.5,0.3,0.4,0.3,0.4,0.6,0.1,0.4,0.2,0.5,0.2,1.4,0.3,0.4,0.3,0.5,0.5,0.6,0.4,0.3,0.5,0.6,0.2
20141201,9,SO2,7.7,7.1,8.2,7.8,9.1,8.1,7.1,5.1,4.6,6.6,2.6,6,2,7,5.1,10.9,2,5,4.2,2.7,2,2,2.7,4.6,14.3,2,2.7,9.1,5.4,16.9,4.1,5.4,16.6,12.6,4.8
20141201,9,NO2,18.4,18.7,19.7,15,17.5,19.7,15.5,2.5,5,32.6,14.1,11.8,15.4,21.2,12,22.3,14.4,22.6,7.7,15.2,5.2,10.4,2,3.3,8,2,13.2,41.2,6,42.7,16.8,36.7,11.4,2.4,22.2
20141201,9,O3,46.5,40.7,36.5,45,33.8,50.1,30.2,40,61.8,18.3,50.4,2.8,42.4,38.5,57.7,43.4,50.3,39.7,49.2,52.3,57.9,56.9,65.9,57.2,45.3,66.9,47.9,20.2,38.6,21.5,427.4,64.2,42.3,21.6,41.2
20141201,9,CO,0.4,0.3,0.3,0.5,0.4,0.4,0.2,0.3,0.8,0.5,0.3,0.4,0.5,0.4,0.4,0.4,0.4,0.7,0.1,0.4,0.2,0.4,0.2,1.4,0.3,0.4,0.4,0.5,0.4,0.8,0.4,0.4,0.6,0.6,0.2
20141201,10,SO2,8.4,7.6,7.8,7.8,10.8,9.5,6.7,5.9,3.5,6.3,2.6,5.1,2,6.6,6.1,8.6,2,4.4,4.6,2,2,3.4,2.5,5.9,10.4,2,2,9.1,4.1,11.4,4.7,5.2,15.8,11.7,4.1
20141201,10,NO2,15.2,17.8,17.5,11.6,13.7,16.1,15.1,3.1,5.8,20.3,17.3,9.2,12.9,18.7,10.2,,11.4,18.5,5.6,7.8,3.3,4.5,2,3.6,9.6,2,7.4,37.7,2,22.5,13.4,40.3,14,2,17.5
20141201,10,O3,51.6,45.2,41,50.9,39.6,56.5,32.6,41.8,64.7,35.3,53.3,2.7,45.7,44,61.8,56.1,57.2,45.4,54,61.6,63.9,64.6,65.3,57.3,46.9,67.7,57.6,24.8,47,47.6,53.6,63.3,43.6,28.8,49
20141201,10,CO,0.4,0.3,0.3,0.5,0.4,0.4,0.2,0.3,0.6,0.4,0.3,0.3,0.5,0.3,0.4,0.4,0.4,0.7,0.2,0.3,0.2,0.4,0.2,1.5,0.3,0.4,0.3,0.4,0.3,0.4,0.5,0.4,0.6,0.6,0.2
20141201,11,SO2,8.5,7.2,7.8,7.7,10,10,7.3,7.8,3,5.6,,4.4,2,4.9,5.7,7.3,2,2.8,3.2,2,2,3.4,3.2,,7.7,2,2,9.1,3.2,9.7,4.1,5.5,17.1,12.8,5.9
20141201,11,NO2,12.9,12.6,16.1,8.6,11.7,15.3,12.1,2.8,6.1,19.4,,9.3,9.3,17.3,8,13.7,10,17,4.5,5.3,3.4,4.8,2,,8.3,2,5.3,39.2,2,11.6,12.2,27.6,10.3,2.3,14.3
20141201,11,O3,56.9,52.4,45.3,55.5,43.9,60.7,37.1,43.3,66.2,38.9,,9.2,48.9,46.1,65.9,64.9,58.5,48.6,56.2,65.5,66.9,67.3,66.8,,50.5,70.2,60.2,26.7,52.3,61.7,57.7,67,49.2,28.7,53.7
20141201,11,CO,0.4,0.3,0.3,0.5,0.4,0.4,0.2,0.3,0.6,0.4,,0.3,0.5,0.3,0.4,0.3,0.4,0.6,0.1,0.3,0.2,0.4,0.2,,0.3,0.4,0.3,0.4,0.3,0.3,0.5,0.3,0.5,0.6,0.2
20141201,12,SO2,6.8,6.3,7.5,7.8,9,8.6,6.8,8.7,4,5.5,3,6,2,2.3,4.9,7.6,2,3.2,3,2,2,4.1,2.7,4,8.3,2,2,9.1,3.4,12.8,3.7,5.7,16,12.1,4.5
20141201,12,NO2,11.6,12.3,16.8,7.3,11,14.1,10.8,4,6.3,18.2,11.1,10.2,8.7,14,7.6,10.6,10.1,15,5.1,5.2,3.5,4.1,2,2.6,7.3,2,4.6,41.5,2,16.4,11.3,28.3,9.9,9.3,14
20141201,12,O3,61.5,55,47.7,58.8,46.4,65.3,39.5,44.6,68.8,41.6,56.1,57.5,43.1,51.1,69.2,69.4,59.1,52.4,57.9,67.5,67.6,70.3,70.8,62.5,52.1,69.3,62,28.4,54.2,61.9,60.5,70.9,50.2,33,58.1
20141201,12,CO,0.3,0.3,0.3,0.5,0.4,0.4,0.2,0.3,0.5,0.4,0.3,0.4,0.4,0.3,0.4,0.3,0.4,0.6,0.1,0.3,0.2,0.3,0.2,1.4,0.4,0.3,0.2,0.4,0.3,0.4,0.4,0.3,0.5,0.6,0.2
20141201,13,SO2,6.6,5.5,6.7,7.7,7.7,7,7.1,8.2,3.1,6.1,3.6,7.6,2,2.8,3.9,7.1,2,3.4,3.4,2,2,4.7,2.4,2.7,6.8,2,2.3,9.1,3.5,20.8,3.1,5.5,13.8,11.5,3.7
20141201,13,NO2,11.2,13.9,14.9,7.7,10.1,12.1,13.1,3.4,6.3,15.8,10.8,10.1,8.7,11.5,7,9.1,9.3,15.7,5.1,5.2,3.4,4.9,2,2,8.6,2,6.4,43.7,2,19.4,11.2,21.8,10.3,11,11.9
20141201,13,O3,63,55.3,51.7,59.9,49.2,88.7,39.7,45.3,69.8,45.2,57.8,61.7,46.8,54.4,71.7,72.6,60.9,54.4,58.6,69.8,68.1,70.6,72,65.4,52.6,71,63.5,30.7,57,64,63.4,76.5,52.7,37.4,62
20141201,13,CO,0.3,0.3,0.3,0.5,0.4,0.3,0.3,0.3,0.5,0.4,0.2,0.4,0.4,0.2,0.4,0.3,0.4,0.5,0.1,0.2,0.2,0.3,0.2,1.4,0.3,,0.2,0.4,0.3,0.5,0.4,0.3,0.6,0.5,0.1
20141201,14,SO2,6.1,4.8,5.9,6.7,9.8,6.5,6,10.5,3.5,5.2,3.2,7.9,2,2.7,3.6,6.9,2,2,3.6,2,2.9,5.1,2,2,6.3,2,2.4,9.1,4.2,15,2.3,4.5,12.2,11.6,3.9
20141201,14,NO2,11.1,13.5,16.7,6.8,10.8,12.5,13,3.9,6.5,17.9,16.4,11.7,9.3,13.3,8.7,9.8,8.3,17.2,6,5.7,4.8,6,2,2,13.3,,6.9,46.2,2,17.8,11.3,24.4,11,21.6,13.7
20141201,14,O3,64.8,56,50.6,60.8,49.5,,40.2,45.3,69.3,44.8,59.7,58.6,50,53,70.8,74.8,61.6,52.9,57.9,70.3,67.3,70.4,73.1,66.1,49.2,74.4,64.4,31.7,56.9,68,64.6,75.5,52.4,32,61.6
20141201,14,CO,0.3,0.3,0.3,0.5,0.4,0.4,0.3,0.3,0.5,0.4,0.2,0.4,0.4,0.2,0.4,0.3,0.3,0.4,0.1,0.2,0.2,0.3,0.2,1.4,0.2,,0.2,0.4,0.3,0.4,0.4,0.3,0.5,0.7,0.2
20141201,15,SO2,5.9,4.7,5.9,7,8.8,6.9,6.3,8.5,4,6.5,3.2,10.2,2,2,3.7,6.9,2,2,3.5,2,3.2,4,2,2,5.8,2,2.4,9.1,2.9,11.7,2.4,4.6,12.6,11.3,2.7
20141201,15,NO2,13.5,17.3,17.6,8.4,11.4,14.4,17.5,4.6,7.1,20.9,22.8,13.6,9.5,,9.7,10.1,9.8,20.2,7.7,6,5.4,4.8,2,2,9.7,,7.7,48.7,2,16.5,12.8,27.5,7.5,19.7,12.8
20141201,15,O3,62.3,52.4,49.3,59.4,49.6,69,37.3,45,69.2,41,59.1,58.5,53.4,38.2,69.8,75,59.5,49.3,57.2,70.7,66.2,71.7,71.5,70.2,52.5,74.5,64.6,31.1,57,70.9,62.8,76.4,55,30.3,62
20141201,15,CO,0.3,0.3,0.3,0.5,0.4,0.4,0.3,0.3,0.5,0.4,0.2,0.4,0.4,0.2,0.4,0.4,0.3,0.4,0.1,0.2,0.2,0.2,0.2,1.4,0.1,0.1,0.2,0.4,0.3,0.4,0.4,0.3,0.5,0.6,0.2
20141201,16,SO2,4.2,4.6,5.8,6.3,7.4,5.6,6.4,8.5,3.3,6.7,3,7.5,2.2,3.1,4.1,7.4,2,3.1,2.9,2,2.5,4.1,2,3.7,6.2,2,2,9.1,3,10.3,2,3.9,12.1,11,2
20141201,16,NO2,16.3,20.3,21.5,9,11.9,16.8,21.8,6.4,7.5,24,26.3,18.5,11.7,20.1,12.7,13.3,12.8,26.5,7.6,7.8,6.5,6.9,2.7,2,20.1,2,7.1,51.7,2.1,21.4,14.7,28.7,14.9,15.4,14.8
20141201,16,O3,59.8,49.8,45.7,59.2,49,,35.2,43.8,69.5,36.7,58.4,55.4,52.7,29.7,66.7,70.4,56.1,44.7,57.7,68.5,64.6,68.5,68.6,69.5,44.4,71.4,64.7,29.7,54.4,65.2,61.4,75.8,49.3,30.1,60
20141201,16,CO,0.4,0.3,0.4,0.5,0.4,0.3,0.3,0.3,0.5,0.4,0.2,0.4,0.4,0.3,0.4,0.4,0.3,0.5,0.1,0.3,0.2,0.2,0.2,1.6,0.1,0.1,0.2,0.4,0.3,0.4,0.4,0.3,0.6,0.6,0.2
20141201,17,SO2,4.5,4.4,5.9,6.5,8.6,5.3,5.6,8,3.9,6.5,2.9,8.7,2,3.9,4.5,7.5,2,3.7,3,2,2.2,4.3,2,42.4,8.5,2,2.6,9.1,5.2,12.2,2.1,4.1,12.3,11.2,2.2
20141201,17,NO2,19,23.9,27.2,15.5,16.4,24.6,25.2,9.8,8.6,39.8,18.5,25.5,19.3,24.1,19.5,18.5,14.3,33.7,10.5,12.8,7.8,10.4,9,2,32.5,2,9.3,61.7,8.6,23.1,18.5,35.6,20.6,24.2,17.9
20141201,17,O3,56.1,45.7,39.4,52.7,43.8,51,31.5,40.4,67.9,19.3,57.7,48.3,46.1,27.7,59.7,62.1,54,37.2,54.6,61.8,61.4,62.9,63.5,71,34,70,61.5,23.2,47.3,62.2,56.9,77.5,42.9,24.3,54.9
20141201,17,CO,0.4,0.3,0.4,0.5,0.4,0.3,0.4,0.4,0.5,0.5,0.2,0.5,0.5,0.5,0.4,0.4,0.3,0.5,0.1,0.3,0.2,0.3,0.2,1.4,0.1,0.1,0.2,0.5,0.3,0.5,0.5,0.4,0.6,0.6,0.2
20141201,18,SO2,7.2,5.7,7.3,7.6,12.3,8,6.5,9.3,4.4,10.6,4.8,8.4,2,6.5,4.6,9.8,2,5.1,3.3,5,2.2,6.9,2,8.9,5.8,2,2,9.1,4.6,14.3,,4,16.9,14.1,4.7
20141201,18,NO2,29.4,32.5,34.9,21.8,25.2,35.5,30.3,14.9,8.7,53.2,23.3,34.9,24.2,36.4,25.3,30.6,23.2,45.8,18.3,21.9,11.4,22.7,24.2,2,11.9,2,10.6,73.5,15,41.2,,39.6,31.3,24.3,24.7
20141201,18,O3,41.3,35.9,31.2,45.5,34.6,36.8,25.9,34.7,65.7,3.8,53,38.6,41.2,19.4,52.8,43.8,44.2,26,46.9,51.8,56.2,48.1,46.6,71.2,50.3,68.9,57.3,15.6,37.7,40.5,,95.6,33.4,14.5,47.7
20141201,18,CO,0.5,0.4,0.5,0.5,0.5,0.4,0.3,0.4,0.5,0.7,0.2,0.6,0.6,0.4,0.5,0.5,0.4,0.7,0.1,0.6,0.3,0.4,0.3,0.7,0.1,0.1,0.3,0.6,0.6,0.6,,0.4,0.7,0.8,0.3
20141201,19,SO2,14,9.6,12.3,9.1,18.5,14.1,10.3,14.1,6.4,12,3.6,7.2,12.7,10.4,7.5,13.7,2,2.2,6.6,7,3.2,4.5,2,7.4,9.4,2,5.4,9.1,5.1,15,7.8,4.9,23.9,14,9.5
20141201,19,NO2,33.3,34.8,42.2,30.3,33.8,41.6,47.6,25,9.6,60.1,24.9,34.9,43.4,51.2,34.8,50.4,29.4,29,11.3,19.2,12.6,10.8,12.3,2,31.2,2,20.5,72.7,22.9,77.3,29.3,,41.1,,35.1
20141201,19,O3,36.1,32.1,23.6,36.4,25.2,28.9,10.6,24.7,63.1,2,51.4,37.3,22.2,7,41.5,18.9,38.1,43.5,50.1,52.7,54.4,58.7,62.2,70.6,27.9,68.5,44.4,14.1,26.3,13.2,39.9,70,22.8,17.8,35.5
20141201,19,CO,0.6,0.4,0.6,0.6,0.6,0.4,0.5,0.6,0.5,0.8,0.2,0.6,0.7,0.6,0.6,0.6,0.5,0.6,0.1,0.5,0.4,0.4,0.3,0.6,0.1,0.1,0.5,0.7,0.6,0.7,0.6,0.3,1,0.7,0.4
20141201,20,SO2,11.3,14.3,18.8,17.2,13.6,12.1,18.1,13.4,13.8,11.3,4.4,7.7,19.2,14,13.7,6.6,2,2,11.6,8.7,11.6,5.2,5.3,7.3,4.6,2,5.8,9.1,8.7,14.6,11,9.2,24.5,22.1,10.5
20141201,20,NO2,36.3,39.9,51.8,37.8,49.1,49.1,51.3,27.1,16.4,54.9,24.2,30.5,45.3,60.2,36.4,37.1,32.3,23.8,24.6,26.1,14.8,8.4,14.4,2,13.8,2,18.9,80.8,38,67.1,35,55.2,43.5,,54.6
20141201,20,O3,33.1,25,13.9,27.9,12.8,22.9,8.1,22,53.2,2,46.3,41.1,19,2,37.2,37.7,34.6,48.8,35,43.9,50.7,61.4,59.2,69.1,43.4,67.9,44.2,5.1,10.7,10.2,31.1,74.9,16.3,7.4,17.6
20141201,20,CO,0.6,0.5,0.7,0.7,0.7,0.5,0.6,0.7,0.7,0.7,0.2,0.6,0.9,0.7,0.7,0.5,0.5,0.6,0.5,0.6,0.4,0.4,0.4,0.5,0.1,0.1,0.5,0.9,0.9,0.7,0.7,0.5,0.9,0.8,0.8
20141201,21,SO2,6.1,4.4,14.2,13.2,11.6,8.7,14.5,8.6,20.6,19.8,12.4,13.1,10,16.3,11.4,8.4,5.3,2,13.9,6.1,6,6,2,8.7,11.6,2,7.2,9.1,8.8,11.9,2,5.4,17,20.8,11.8
20141201,21,NO2,29.2,38.8,62.6,46,38.4,36.6,55.3,29.2,19.7,45.7,41.5,21,42.8,62.9,49.2,39.9,32.8,25.1,27.9,14.3,10,7.3,25.2,2,64.3,2,25.3,84.6,32.3,44.6,33.2,69.5,45.8,53.1,65.8
20141201,21,O3,43.7,28.9,5.5,19.1,23.3,38.3,3.8,19.3,48.4,7.8,23.3,48.5,19.5,2,24.5,29,34,44.9,26.6,54.4,54.9,62.9,40.6,69.6,2,68.2,35.4,2.2,13.7,22.4,34.9,23.5,16.8,3.4,10.1
20141201,21,CO,0.6,0.5,0.8,0.8,0.7,0.4,0.7,0.6,0.7,0.8,0.6,0.5,1,0.7,0.7,0.6,0.5,0.5,0.6,0.4,0.3,0.3,0.5,0.5,0.2,0.1,0.6,1.3,0.9,0.8,0.6,0.6,0.9,0.9,1.1
20141201,22,SO2,4.8,4.1,9,7.4,13.8,9.1,13.9,10.4,19.8,17.5,20.9,16.8,7.6,19.6,13.1,9.7,3.9,4.5,23.2,3.9,2,5.6,2,7.3,10.1,2,4.4,9.1,9.7,11.9,2,4.6,13.3,12.8,8.3
20141201,22,NO2,29.6,26.9,56.2,43.3,35.8,34.2,68.9,40.3,26.1,48.9,60.9,19.1,40.4,51.5,50.3,50.8,33.7,34.2,31.3,10.5,4.7,14,7.8,2,50.2,2,14.4,83.7,41.3,45.1,27.9,52,37.8,51.8,56.3
20141201,22,O3,40.5,40.4,12.2,24.8,24.1,39.2,2,10.7,40.3,3.1,3.2,49.2,21.1,5.2,24.4,18.3,29.7,35.7,24.8,57.9,58.3,53.7,60.9,68.8,2.7,67.3,48,3.7,5.1,19.2,40.1,15.9,24.2,5.1,19.5
20141201,22,CO,0.6,0.4,0.6,0.7,0.7,0.4,0.8,0.6,0.8,0.7,1,0.5,0.8,0.7,0.7,0.5,0.8,0.5,0.7,0.3,0.3,0.4,0.3,0.4,0.2,0.1,0.4,1.2,1.1,0.9,0.6,0.6,0.8,0.8,1
20141201,23,SO2,4.3,3.6,6.5,6.2,8.8,8.4,12.7,5.3,7.7,14.7,23.4,18,15,18.4,9.6,8.6,4.9,2,20.4,2.5,2.3,6.8,2,7,6.3,2,3.3,9.1,15.7,14.4,2,5,12,9.7,3.5
20141201,23,NO2,25.1,26.6,55,36.6,32.6,31.4,61.9,29.7,26.4,52,59.3,43.2,62.4,55.8,42.8,35.6,31.2,19.8,22.1,12.7,3.4,14.5,17.2,2,38.7,2,14.1,76.3,54.4,52.7,27.9,47.5,34.6,47.1,35.1
20141201,23,O3,44.6,39.5,11.9,29.6,25.2,41.3,3.2,22,40.5,2,2,22.6,2.6,2.8,29.2,33.4,31.7,47.8,32.8,54.2,57.9,51.3,44.3,68.1,12,65.5,47.1,6.2,2,17.5,40.1,24.2,24.9,12.2,37.2
20141201,23,CO,0.5,0.3,0.5,0.7,0.5,0.4,0.7,0.6,0.7,0.7,1.4,0.8,1.1,0.7,0.7,0.4,0.8,0.4,0.6,0.3,0.3,0.4,0.4,0.4,0.1,0.1,0.5,1,1.1,0.7,0.5,0.5,0.7,0.7,1
20141201,0,PM2.5,19.4,39.3,42.1,24.1,42.1,38.6,33.6,37,31.3,40.7,35,38.4,35.6,26.2,34.4,53.1,60,42.3,52.9,68.1,45,57.4,31.8,48.9,38.7,30.9,81.3,37,19,5.9,40.8,41.8,53.8,50.6,63.3
20141201,0,PM10,565.7,519,376.9,475,538.7,542.6,470,436.3,397.2,427.9,365.8,445.3,436.2,427.7,516.6,624.7,903,487.8,337.7,1000,948.1,956.4,414.9,486.8,506.4,698.4,1000,650.9,349.7,139.9,473.5,447.7,494.2,455.7,518.7
20141201,0,AQI,149,161,138,146,172,173,175,176,138,162,168,170,186,164,157,173,164,172,151,227,184,195,197,142,175,210,187,199,157,178,160,155,160,164,172
20141201,1,PM2.5,18.5,25.3,37.4,21.2,36.7,35.9,30.4,31.1,26.5,33.8,33,29.4,27.3,27.6,30.2,42.2,49.9,28.8,43.1,18.4,19.4,12.4,22.6,32.5,29,6.2,21.9,40.6,21.6,15.6,44.5,36.7,44.6,35.8,57.3
20141201,1,PM10,391.1,423.8,269.5,337.8,371.8,453.6,330.1,264.6,250.1,299.4,281.3,264.2,291.3,304.2,378.9,482,714.6,274.6,228.9,410.7,298.2,217.6,210,290.3,250.3,153.4,453.8,602.8,294.5,152.5,348.7,356.5,335.1,376,394.4
20141201,1,AQI,153,166,138,148,174,178,175,174,139,163,168,169,186,165,158,178,171,172,150,230,185,193,193,144,177,200,191,211,158,168,162,158,161,167,176
20141201,2,PM2.5,9.6,19.5,28.6,14.8,25.9,23,23.4,19.8,20.2,26.5,22.4,22.3,24.3,24.5,21.8,35.2,28.9,17.8,31.7,8.2,25.5,7.5,9.3,21.2,18.2,4.8,10.9,29.5,22.5,18,37.6,26.4,28.8,26.6,40.6
20141201,2,PM10,211,215.2,167.1,190.5,209.4,240.2,208.5,147.3,148.6,182.4,183.9,168.3,175.7,190.8,225.6,317.3,357.1,147.7,135.8,89.4,233.5,104.6,104.9,138.6,155.9,77,100.4,395.5,189.1,130.3,208.2,205.4,198.5,203.7,277.3
20141201,2,AQI,152,166,137,147,172,176,173,169,135,160,164,166,183,161,156,178,173,169,146,218,184,188,185,141,176,196,188,218,157,161,160,156,159,165,175
20141201,3,PM2.5,8.2,10.9,18.8,13.2,18.3,19.9,11.9,16.4,14,18.3,13.2,18.5,16.8,14.8,14.6,23.5,11.2,17.1,23.8,6.1,17,13,13.1,19,15.2,3.5,8.6,21.6,18.4,11.3,15,16.1,26.3,20.8,26.8
20141201,3,PM10,131.9,138.2,98.7,107.5,148.4,162.4,147.3,110.8,111,114.1,117.2,107.3,112.1,119.7,134.4,180.2,127.9,129.8,93,75.5,144.2,90.3,67,88.5,132,61.3,76.4,234.3,126.3,85.9,130.1,123.7,130.4,122.7,142.5
20141201,3,AQI,150,164,134,144,169,172,169,163,132,157,160,162,180,157,153,175,169,166,142,205,181,184,178,138,175,192,185,207,156,154,156,152,156,161,170
20141201,4,PM2.5,5.1,9.5,14,7.8,12.1,10.3,10.7,20.3,11.2,5.9,15,14.2,10.1,13.6,13,19,7,14.7,14.7,7.7,12.9,8.1,4.3,11.1,14.8,6.7,10.4,11.2,14.8,4.9,14.2,16,20,9,19.3
20141201,4,PM10,96.2,99.1,76.4,79.8,106.9,110.3,100.8,104.7,134.6,72.4,90.6,114.5,94.4,84.9,113.8,138.1,72.3,105.5,70.1,50.7,54.4,65.5,62,72.9,88.1,48.5,83.2,169.3,82.7,72.5,95.1,95.6,103.1,84.7,112.7
20141201,4,AQI,148,162,131,141,165,167,164,157,130,151,154,158,175,153,150,171,164,164,138,193,177,177,171,134,170,183,182,198,154,148,152,148,153,156,165
20141201,5,PM2.5,3,12.8,14,3.4,9.8,5.4,15.3,13,,7.4,13,12.2,16.6,5.9,14.9,20.5,9.6,8.8,10.9,7,6.9,8.4,7.9,9.6,12.9,3,9.3,9.9,7.2,3,12.3,9.8,11.9,14.2,16.9
20141201,5,PM10,96.1,89.1,59.4,76.5,92.1,109,85.4,92.2,,60.7,62.3,96.4,83.3,70.4,89.3,129.6,44.7,76.8,72.8,44,34.8,49.6,58.7,73,97,40.7,81.7,142.6,67.1,68.6,85.2,91.5,83.7,74.7,107.9
20141201,5,AQI,146,159,128,138,160,162,159,151,,145,148,153,169,149,146,167,159,161,134,185,170,173,165,130,169,175,179,193,148,140,148,144,149,151,160
20141201,6,PM2.5,3,9.2,11.5,5.5,9,12.2,6.9,15.7,,9.7,7.8,8,9.3,6.8,9.6,15.4,6.1,15.4,8.9,9.9,4.6,7,7.4,10.2,13.4,7,12.1,11.7,11.1,22.7,13.8,12.4,12.9,11.8,13
20141201,6,PM10,54.1,66.9,41.2,67.7,62.5,58.6,60,62.5,,44.9,50,67.2,52.2,58.4,68.8,89.7,32.2,74.8,46.5,44.1,19.2,24.6,31.7,58,102.7,34.5,56.1,105,45.9,85.2,60.7,67.6,61.5,62,51
20141201,6,AQI,142,156,124,135,155,157,153,144,,140,142,148,163,145,142,163,155,157,130,178,165,166,159,127,167,167,172,187,143,134,143,140,144,147,155
20141201,7,PM2.5,3,11,9.7,5.9,8.1,7.4,5.3,9.6,,12.5,9.2,3,10.4,5.8,9.7,13.2,3.4,10.5,8.8,5.8,3,4.4,3,7.5,8.5,6.1,11.9,12.3,6.4,25,13.6,8.9,9.2,13,12.7
20141201,7,PM10,42.1,59.2,39.3,41.9,52.1,50.4,52,40.6,,47.4,44,40.8,38.3,45.2,56.9,75.4,17.6,88.9,35.9,33.1,10,25.1,25.8,68.1,77.7,21.7,15.5,89.5,46.9,91.7,52.6,51.6,53.3,55.6,48.6
20141201,7,AQI,138,153,121,132,150,152,148,140,,136,138,144,158,140,139,159,150,157,130,171,161,160,153,127,167,160,164,182,138,127,140,136,140,143,149
20141201,8,PM2.5,3,10.1,8.6,3,8.1,10.8,6.6,10.1,,12.3,6.9,4.3,10.3,7.8,4.1,12.1,7.2,10.7,9.9,10.5,3,13.4,3,3.4,7.7,3,9.3,12.9,13,22.7,3.2,9.1,12.5,11.1,9.8
20141201,8,PM10,37.8,52.4,29.9,39.7,42.2,37.7,36.7,26.3,,43.4,32.7,26.1,33.4,43.7,49.9,82.5,17.8,64.9,32.3,32,18.1,26,12.8,43.8,107.7,10.2,33.5,86.6,70.1,100.5,47.3,48,49.5,53.2,31.3
20141201,8,AQI,138,152,119,130,145,147,144,136,127,132,134,139,155,136,138,155,147,157,126,165,154,154,148,127,168,154,158,177,133,121,139,135,139,141,144
20141201,9,PM2.5,3,11.1,9.9,5.2,8,5.8,9.4,8.3,4.8,12.9,6.2,8.7,13.6,11.6,8.2,13.7,6.8,11.6,8.3,10.8,3,8.5,10.8,12.7,15.3,3,9.6,19.6,13.8,60.7,,8.5,15.1,6.1,12
20141201,9,PM10,27,35.3,20.9,13.5,31.2,23.7,32.7,21.9,,28.3,27.9,18.7,25.1,34.9,40.2,63.1,26.2,48.9,21.3,43.2,5,19.1,29.4,53,106.5,5,49.9,83.7,34.8,108.4,,41.3,42.6,43.8,
20141201,9,AQI,138,147,115,126,141,142,139,136,132,128,130,135,155,132,138,155,142,157,126,159,148,149,148,128,164,148,152,172,129,114,207,131,139,138,144
20141201,10,PM2.5,3,4.4,12.5,7.7,7.9,7.4,6.2,12.9,8.9,12.1,4.5,7.6,8.3,5.9,8.4,15.2,5.3,14.7,4.5,10,3,3,8.1,8.2,11.4,3,7.6,10.5,10.4,37.1,,7.7,13.5,14.2,6.3
20141201,10,PM10,18.6,23.9,20.4,9.2,26.4,22.4,24.7,16.3,,18.2,15.5,14.3,30,24.7,31,51.9,14.6,47.6,12.2,39,5,9.1,14.1,48.1,119.2,8.6,19,58.2,34.7,51.6,30.4,31.1,40,32.5,7.5
20141201,10,AQI,138,143,112,126,137,138,139,135,137,124,129,134,155,130,138,155,142,158,125,155,143,144,143,124,166,143,147,173,125,111,135,127,139,137,139
20141201,11,PM2.5,3,7.9,11.8,4.9,8.7,9.4,7.4,7.3,11.9,7.5,,,10.9,5.7,11.5,17.1,4.6,14,4.2,7.5,3,3,7.1,,3,3,3,9.5,8.9,17,10,5.9,11.7,12.5,14.6
20141201,11,PM10,14.3,27.2,16.9,9.3,23.5,23.2,9.5,13.7,,9.6,,17.2,12,17.2,26.6,43.6,5,38,14.8,22.5,5,8.7,9.7,,62.1,5,19,46.4,32.9,,26.8,27.9,35.8,26.5,85.9
20141201,11,AQI,138,141,111,125,136,137,138,134,142,123,,133,152,129,137,155,142,158,123,150,138,143,138,,166,138,142,173,124,111,134,126,137,135,140
20141201,12,PM2.5,3,5.7,9.5,3.6,11.5,4.2,7.8,8.1,11.4,3,4.1,,6.5,3.6,4.3,15.3,5.2,11.5,4.7,8.1,3,3.3,8.1,6.5,,,9.5,11.6,7.9,27.1,14,7.6,11.3,8.9,8.9
20141201,12,PM10,8.3,13.7,,8.5,,15.6,,14.6,,6,5.7,7.8,11.7,11.7,26.4,36.7,,32.3,9.5,33.8,5,5.2,,20.2,,5,17.8,39,18.3,39.4,19,18.3,22.3,18.6,16
20141201,12,AQI,138,140,114,124,140,137,140,132,147,121,123,130,145,124,135,153,146,157,118,149,133,142,140,124,169,133,137,172,122,109,133,125,136,133,135
20141201,13,PM2.5,,11.2,9,3.6,9.5,,4.8,10.2,4.4,7.1,3,7.7,7.1,4.7,9.3,10.2,3,10,5.3,4.2,3,3,8.7,11.2,,,12.2,12.4,3.8,41.9,16.3,8.4,7.5,12.5,14.3
20141201,13,PM10,,,,7.9,14.8,,6.1,10.7,7.7,,5,10.5,11.8,10.3,11.7,29.8,9.8,25.1,10.4,13.3,5,5,,20.3,,,15.8,30.3,32.6,49.8,,12.4,27.1,14.8,
20141201,13,AQI,139,141,114,121,136,138,136,128,143,122,118,127,141,120,132,152,145,151,115,146,132,140,141,121,169,137,133,171,119,109,134,122,131,130,137
20141201,14,PM2.5,4.3,8.1,12,6.8,12.1,3,7.2,11.7,8.7,7.9,9.3,10.7,5.7,10.4,9.7,13.9,5,6.1,7.3,3.7,3,3,3,6.1,3,,5.9,3,3,40,16.2,12.6,8.1,10.9,15.4
20141201,14,PM10,5,10.5,,9.5,16.3,,8.6,,12.5,,,,6.2,14.3,16.3,29.5,,25.5,8.4,13.8,5,5,,15.6,11.5,46.2,24.3,27.6,14.3,48.2,,17,22.9,23,
20141201,14,AQI,134,136,114,117,131,137,131,127,137,122,116,126,133,114,127,144,147,145,111,143,131,137,140,116,164,136,132,165,114,108,134,118,127,125,136
20141201,15,PM2.5,3.9,7,7.8,3,7.6,9.4,9.8,9.1,4.7,15.9,7.1,7.5,10.7,,10.3,3,3.9,15.3,9,4.9,3,4.6,3,3.9,3.9,,7.4,8.3,6.5,31.9,13.2,10.5,4.7,10.8,10.7
20141201,15,PM10,10.1,15.9,8.7,9.7,14.4,,16.8,11.6,9.3,,,10.3,14,16.5,17.5,27.3,5,25.8,11,29.5,16,5,,5,21.8,41.5,,29.5,12.4,38.7,17.3,16.2,18.9,24.3,12.8
20141201,15,AQI,130,130,110,112,126,137,127,122,133,122,116,123,127,109,121,135,144,140,106,140,128,134,141,113,159,134,135,156,108,104,128,114,123,121,131
20141201,16,PM2.5,3,8.7,7,3.7,5.8,5.1,9.6,13.5,7.2,5.2,6.1,7.6,4.9,4.2,10.8,16.5,6.7,14.6,6.2,5.8,3,4.6,4.7,3,3,,8.1,7.7,12.3,31.6,9.1,8,10.2,8.1,9.6
20141201,16,PM10,12.9,24.5,15.2,8.1,7.5,13.4,18.4,,13.2,8.9,,10.5,13.6,14.4,18.7,26.5,,24,7.1,18.8,5,8.9,5,8.1,24,27.6,,30.7,21.5,,25.7,15.2,20.1,20.4,14.2
20141201,16,AQI,126,127,107,109,123,133,123,122,129,119,117,120,124,107,118,131,146,136,104,137,126,131,136,109,155,131,137,150,103,103,125,111,119,118,128
20141201,17,PM2.5,3.4,6.3,7.4,4,8.1,10.9,7.7,8,8.6,11.6,5.4,8.3,5.2,10.5,11.6,12.2,4.7,10.7,7.8,5.4,3,3,10.3,4.8,10.1,,16.6,14.3,6.4,26.5,7.9,12.1,10.8,15.5,9.4
20141201,17,PM10,13.8,13.7,7.8,7.2,,14,18.9,,13.4,,,18,14.6,19,19.6,27.1,15.4,26.8,,24.1,5,14.6,,23.4,27.6,24.6,,35.9,18.3,63.4,14.7,16.8,17.1,19.6,16.4
20141201,17,AQI,124,124,104,107,123,130,120,123,126,121,119,117,120,104,115,128,143,132,105,134,123,126,135,105,149,125,139,146,100,102,121,108,116,115,125
20141201,18,PM2.5,5.3,5.7,6.8,4.9,9,8.8,8.9,9.6,8,7.6,7,10.9,9.8,16.1,10.8,16.3,3,13.4,8,17.5,4.7,8.4,8.3,4,10,,18.5,18.5,22.3,32.6,,7.8,12.6,10.5,9.6
20141201,18,PM10,15.9,14.8,8.4,6.6,10.6,16.7,13.5,13.3,12.1,23.5,13.5,22.8,18.9,24.2,18.1,34.7,12.2,32.2,9.1,31.6,10.4,25.2,,5,16,23,19.3,56,35,92.4,,14.4,22.3,23,
20141201,18,AQI,120,120,101,104,119,126,117,118,122,118,115,114,117,102,112,124,138,126,102,128,118,121,132,99,141,119,134,143,98,102,121,105,112,112,125
20141201,19,PM2.5,7.7,4.9,11.2,3.5,13.7,9.5,12.2,18.1,9.8,13.9,8.2,11.2,20.9,20.8,14.2,21.8,9,12.8,6.5,17.4,9.5,8.1,3.4,5.2,12.4,,18.4,24.9,12.9,126.7,,7.1,22.9,14.2,13
20141201,19,PM10,23.8,15.7,13.1,7.5,15,19.4,24.2,30,15.8,26.5,,11.8,27.5,35.5,18.5,46.2,15.9,,8.7,21.4,,14.6,5,,18.8,23.9,,46,24.7,135.9,26.2,11.8,36.2,18.1,
20141201,19,AQI,115,115,97,99,113,120,110,111,114,113,112,107,111,98,108,120,132,123,95,122,117,115,121,96,131,111,131,138,95,101,117,100,108,108,123
20141201,20,PM2.5,9.5,5.5,17.6,9.1,18.5,13.8,20.3,21.7,8.2,14.2,5,7.9,32.9,26.5,12.9,18.2,11.4,10.5,13.3,23,5.7,3.3,12.8,7,11.4,,9.9,40.9,22,3.3,10,18.2,23.3,21.4,16.9
20141201,20,PM10,23.4,19,19.5,15,22.2,23.5,35.4,27.2,17.8,,6.8,,45,40.6,21.6,27.9,27.8,14.3,26.5,27.3,,12.6,,,13.4,20.6,35.8,57,38.8,44.7,21.2,24.5,34.3,29.4,
20141201,20,AQI,106,105,88,90,104,111,100,98,101,105,98,101,100,91,99,113,124,107,83,115,111,107,107,96,115,101,123,131,88,93,107,92,99,99,119
20141201,21,PM2.5,7.8,11.4,16.7,8.1,13.5,10.4,20.1,19.1,14.9,13.1,17.8,8.2,41.7,19.1,16.4,15.8,10.5,12.8,16.6,13.3,7.1,7.5,16.1,4.5,18.4,,27.7,58.9,41.6,17.7,15.2,10.3,22.5,13.6,14.9
20141201,21,PM10,22.9,,23,14.6,17.1,18.8,35.1,21.5,19.8,14.9,21,,,34.2,24.7,27.9,24.4,14.6,26.8,16.8,7.4,11.4,19.1,5,20.9,18.2,28.4,65.1,,53.5,,16.4,27.7,31.4,64.4
20141201,21,AQI,89,96,77,79,90,97,88,83,87,90,83,89,88,80,88,100,113,89,73,105,102,96,92,84,100,91,112,118,79,83,96,82,88,88,104
20141201,22,PM2.5,6.2,8.1,16,7.9,16.8,8.6,26.3,23.5,12.9,16.5,22.1,10.9,17.3,18.2,17,18.8,14.5,10.5,14.6,9.5,3.6,3.8,6.6,5.2,16,,11,43.1,38.6,20.2,19.7,10.3,16.5,18.4,11.5
20141201,22,PM10,13.3,,,,,14.2,35.1,30.4,26,,35.4,,27.3,21.7,20.6,27.1,22.2,10.8,17.6,13.7,5,13.6,9.7,5.5,17.5,16.9,44.6,50.9,56.4,44,,14.1,20.7,21.7,
20141201,22,AQI,78,85,70,72,81,84,77,73,76,81,72,80,75,72,78,90,102,79,64,90,90,82,76,75,88,78,101,102,69,68,86,73,77,73,94
20141201,23,PM2.5,5.3,6.7,11.9,4.1,8.9,9.6,19.1,16.3,15,22,35.1,17.3,25.2,16,12.5,9.6,23.2,7.4,12.1,8,3.7,7.6,15.7,5.9,11,,18.1,32.3,35.8,30.1,21.2,12.2,14.7,13.6,8.3
20141201,23,PM10,16.3,,,5,,11,25.4,,20.1,,52.3,26.7,35.1,17.7,14.8,24,,,13.3,10.1,5,10.7,17.8,,,14.6,31.7,34.4,40.4,30.8,,,14.7,,
20141201,23,AQI,66,72,60,59,71,73,65,63,63,67,63,63,60,61,66,81,87,67,53,70,67,61,58,63,73,56,81,91,62,65,75,64,65,65,85
