date,hour,type,dongsi,tiantan,guanyuan,wanshouxigong,aotizhongxing,nongzhanguan,wanliu,beibuxingqu,zhiwuyuan,fentaihuayuan,yungang,gucheng,fangshan,daxing,yizhuang,tongzhou,shunyi,changping,mengtougou,pinggu,huairou,miyun,yanqing,dingling,badaling,miyunshuiku,donggaocun,yongledian,yufa,liulihe,qianmeng,yongdingmengxi,xizhimengbei,nansanhuan,dongsihuan
20140505,0,SO2,2,2,5.5,3.3,8.1,2,9.8,8.2,2,5.3,4.1,4.1,3.4,8.5,8.7,3.8,3.1,2,3.4,3.9,2,2.9,6,2,2,2,2,7.6,2,68.8,3.4,8.5,2,10.4,12.8
20140505,0,NO2,60.5,59.8,85.8,84.5,79.9,86.4,86.5,66.2,8.1,91,36.2,75.6,73.4,87.7,85.6,94.6,80.6,35.5,50.7,57.1,17.5,59.4,47.5,10.4,74,4.8,11.5,61.5,43.8,60,69.1,84.8,89.7,100.2,99.8
20140505,0,O3,10.9,4.8,2,2,2,2,2,2,72.2,2,42.1,4.3,2,2,2,2,2,46.7,9.4,23.9,48.3,3.4,19.7,46.4,15.4,62.2,63.9,2,2,2,2,2,2,2,2
20140505,0,CO,0.8,0.6,1.7,1,0.8,0.7,1,0.5,0.2,0.9,0.4,0.7,0.9,1.1,1,0.8,0.6,0.3,0.5,0.5,0.4,0.4,0.5,0.2,0.3,0.2,0.3,0.5,0.3,0.5,1.4,1.3,1.9,1.1,1.6
20140505,1,SO2,3.9,2,7,5.1,7.1,3.6,9.9,7.9,2,6.1,3.2,8.4,2,8.5,4.7,7.2,2.5,2,2.7,2,2,8.4,9.5,2,2,2,2,6.5,2,69.9,5.9,7,4.4,14.6,15.8
20140505,1,NO2,66.4,57.3,85.3,84.6,79.3,89.6,86.4,68.5,9.6,87.7,37.2,73.5,66.3,80.6,80.8,91.9,55.8,28.5,47.7,57.6,14.1,47.5,70.5,9.7,50.4,6.2,15.6,61.1,41.3,64.8,75.9,88.3,90.6,108,119.8
20140505,1,O3,3,4.5,2,2,2,2,2,2,72.7,2,37.6,4.1,2,2,2,2,17.1,55.7,10.2,33,52.1,9.9,2,52.8,35,58.4,56.9,2,2,2,2,2,2,2,2
20140505,1,CO,1,0.8,1.5,1.2,0.9,1.1,1.1,0.4,0.2,0.9,0.4,0.8,0.7,0.9,1,0.8,0.4,0.2,0.5,0.5,0.3,0.4,0.4,0.1,0.3,0.2,0.3,0.4,0.4,0.5,1.3,1.1,1.5,1.1,1.9
20140505,2,SO2,5.4,2,7.6,4.3,8.3,5,8.9,7.6,2.9,5.7,5,8.2,2,8.8,5.8,8.9,2.2,2,2.7,2,2,28.1,7.3,2,2,2,2,,2,72.9,6.6,,2,13.2,
20140505,2,NO2,64.5,59.6,81.5,80.1,83,85.4,80.5,63.1,11.6,83.3,42.6,65.8,59.5,76.3,84.3,99.8,16.9,32,31.4,55.6,5.3,53.2,65.7,4.3,30.1,7.2,13.4,60.2,45.9,61.5,78.1,85.7,89.1,103.5,103.2
20140505,2,O3,3.6,4.6,,2,2,2,2,2,69.8,2,29.4,4.8,2,2,2,2,57,50.6,26,31.7,55.5,4,2,56.1,54,52.6,61.4,2,2,2,2,2,2,2,2
20140505,2,CO,1,0.8,1.5,1,0.8,1.1,0.8,0.5,0.2,0.8,0.4,0.7,0.5,0.6,0.8,0.8,0.3,0.2,0.4,0.5,0.2,0.5,0.4,0.1,0.3,0.2,0.2,0.4,0.4,0.5,1.1,1.1,1.2,1,1.8
20140505,3,SO2,5.4,2.3,7.8,4.8,8.3,6.6,6.9,7.4,2.2,6.8,4.9,5.8,2,6.9,5.1,3,2,2,6.8,2,2.1,9.5,7.8,2,2,2.3,2,9,2,74.9,3.7,9.5,2,10.8,2.5
20140505,3,NO2,66.1,57.2,81.5,79,79.4,85.9,78.2,59.3,16.9,82.9,52.7,70,59,73.5,82.3,102.3,38.2,39.1,20.3,54.2,21.4,51.2,61.9,6.9,44.9,14.5,14.4,57.7,47.4,65.5,70,75.4,84,100.6,69.9
20140505,3,O3,2.9,4.6,,2,2,2,2,2,64.8,2,22.1,2.6,2,2,2,2,31.2,47.8,37.2,39.2,41.1,3.3,3.9,57.1,41,41.2,58,2,2,2,2,2,2,2,2
20140505,3,CO,1.1,0.8,1.4,0.7,0.7,1,0.5,0.4,0.2,0.8,0.4,0.4,0.4,0.6,0.9,0.7,0.3,0.2,0.4,0.5,0.2,0.3,0.4,0.1,0.3,0.2,0.3,,0.4,0.5,1.1,,0.8,0.9,
20140505,4,SO2,,,,,,,,,2,,,,,,,,,,,,,,,,,,,,2,,,,,,
20140505,4,NO2,,,,,,,,,,,,,,,,,,,,,,,,,,,,,,,,,,,
20140505,4,O3,,,,,,,,,,,23.8,,,,,,,,,,,,,,,,,,,,,,,,
20140505,4,CO,,,,,,,,,,,,,,,,,,,,,,,,,,,,,,,,,,,
20140505,5,SO2,4,2.3,6.2,4,6.6,5.3,2.2,8.5,2.1,2,4.6,4.5,2,5.1,4,2,2,2,7.4,2,3.5,3.1,6.1,2,6.3,2,2.2,10.2,2,78.8,3.1,8,2,5.9,4.7
20140505,5,NO2,60.7,60.2,77.6,55.4,74,75.7,71.7,55.8,,72.5,31.8,65.7,67.9,78.8,84.1,57.7,19.1,,19.2,57.8,26.2,4.2,13.2,,83.4,8.2,14.9,,36.8,67.2,68.9,,77.2,85.3,
20140505,5,O3,2.5,3.4,,2,2,2,2,2,72,2,35.7,5.6,2,2,2,12.7,52.4,52.7,40.7,37,32.9,62.6,65.8,53.9,12.6,50.6,58.2,2,2,2,2,2,2,2,2
20140505,5,CO,0.5,0.6,1,0.5,0.5,0.4,0.4,0.4,0.2,0.3,0.4,0.5,0.4,0.5,0.6,0.3,0.2,0.2,0.4,0.6,0.3,0.2,0.3,0.1,0.3,0.2,0.2,0.6,0.5,0.6,0.7,0.7,0.5,0.6,0.8
20140505,6,SO2,2.9,2,6.5,2.7,4.9,3.5,3.7,7.9,2,2,3.5,2.1,2,7.2,2.7,2,2,2,8.8,2.2,3.3,3.1,4.5,2,8.3,2,2,10.4,2,78.3,2.2,6.8,2,5.6,2
20140505,6,NO2,48.8,54.1,77,72.6,70.7,64.3,70.2,52.6,15.4,66.9,51.9,53.5,64.7,75.8,71.1,37.2,19.5,24.8,28.5,57.5,31.2,4.6,32.3,4.1,85,7.6,11.9,62.6,34,64.4,63,73.6,76.1,76.4,75.4
20140505,6,O3,13.1,6.6,,2,2,8.3,2,2,73.7,2,19.4,25.5,3.6,3.1,2,33.8,52.1,54.5,27.5,36.3,24.9,59.8,30.5,76.8,20.3,53.5,61.9,2,2,2,6.3,3.7,2,2,2.3
20140505,6,CO,0.4,0.4,1,0.4,0.4,0.2,0.5,0.4,0.2,0.3,0.4,0.3,0.4,0.5,0.5,0.2,0.3,0.2,0.4,0.5,0.3,0.2,0.4,0.1,0.4,0.2,0.2,0.5,0.5,0.6,0.6,0.5,0.4,0.4,0.5
20140505,7,SO2,2,2.4,5.8,2.5,2,2,5.7,9.7,2,2,3.2,2.3,2,5.3,2.3,2,3.7,3,9.3,2,4.3,5.6,5.1,2,2.7,2,2,10.9,2.5,79.8,2,7,2,8.6,2
20140505,7,NO2,29.5,43.1,70.7,54.3,60,31.7,67.2,50,16.7,65.5,34.6,55.3,59.8,61.1,47.7,34.5,46.1,29.4,27.7,47.9,39.2,26.6,29.5,11.8,36.2,6,14.2,54.4,47.8,48.4,45.9,72.5,75.1,84.1,44.9
20140505,7,O3,38.6,31,,28.5,13,53.4,2,2,76.1,6.2,41,25.3,10.3,18.1,29.7,37.9,21.7,50.3,28.4,44.9,21.7,36.3,31.9,66.9,53.5,61.5,60.9,10.9,2,27.4,34.1,8.4,2,2,47
20140505,7,CO,0.3,0.3,1,0.4,0.4,0.2,0.4,0.5,0.2,0.4,0.4,0.5,0.4,0.4,0.4,0.2,0.4,0.3,0.4,0.5,0.4,0.4,0.4,0.1,0.4,0.2,0.2,0.4,0.6,0.4,0.5,0.6,0.4,0.6,0.1
20140505,8,SO2,2,2,4.2,2,2.4,2,5,12.1,2,2,2,2.1,2,4.9,2,4,2.4,3.6,9.7,2,5.5,4.1,5.4,2,9.4,2,2,12.2,2,77.1,2,3.1,2,6,2
20140505,8,NO2,20.2,34.4,44.2,29.5,36.7,17.4,51.2,45.7,11.6,51.3,26.4,45.4,38.3,41.4,28.9,45.8,33.7,58.7,33.5,43.4,38.3,17.6,27.8,2.9,50,2.7,15.5,26.3,31.7,35.9,26.3,55.2,52.2,81.4,36
20140505,8,O3,55.7,54.1,,64.3,46.4,76.2,23.5,23.2,85,32.2,58.1,39.6,33.4,46.3,59.1,34.3,39.5,33.8,30.9,53.1,38.7,58.1,46.5,84.6,41.7,79.6,69.3,45.1,37.1,48,68.9,35.1,29.1,8,61.3
20140505,8,CO,0.3,0.3,0.9,0.3,0.4,0.1,0.4,0.5,0.2,0.4,0.3,0.4,0.3,0.4,0.3,0.3,0.4,0.4,0.4,0.4,0.3,0.3,0.5,0.1,0.5,0.2,0.2,0.3,0.4,0.4,0.4,0.4,0.3,0.5,0.1
20140505,9,SO2,2,2,3.5,2,2,2,2.8,7.3,2.3,2,2,2,2,4.1,2,2.9,2,2,10.7,2,4,2,5.3,2,4.7,2,2,4.6,2,80.3,2,2.5,2,3.5,2
20140505,9,NO2,8.8,24.4,26,19.9,13.2,7.8,37.5,15.7,10.4,27.7,19.6,30.6,23.7,28.6,17.2,29.4,15.2,21.9,32.4,27.7,17.9,3.8,20.3,2,43.4,2,9.8,8.5,9.3,27.8,14.9,39.4,44,71.4,34.6
20140505,9,O3,71.4,68,,78.4,76.2,89.4,39.7,76,92.6,65.2,71.7,60.5,50,63.7,77.7,60.6,71.6,68.4,43,65.3,68.9,84,67.4,88.7,62.3,84.2,81.8,72.4,68,64.4,86,55.1,42.7,29.1,68.7
20140505,9,CO,0.2,0.3,0.8,0.3,0.3,0.1,0.4,0.3,0.2,0.3,0.3,0.4,0.3,0.3,0.3,0.2,0.3,0.3,0.4,0.3,0.3,0.2,0.4,0.1,0.4,0.2,0.2,0.2,0.3,0.3,0.4,0.3,0.9,0.5,0.2
20140505,10,SO2,2,2,3.5,2,2,2,2,6.6,2.9,2,2,2.4,2,2.5,2,2,2,2,10.9,2,2.9,2,5,2,3.2,2,2,2,2,82.2,2,2.4,2,3.6,2
20140505,10,NO2,8.2,20,22.9,20.1,11.2,7,20.1,12.8,8.7,21,18.9,21.5,18.3,20.5,13.5,20.1,8.1,13.4,24,26.3,9.2,2.5,8.1,2,29.8,2.6,8.4,2,5.5,14.9,14.4,34.2,35.9,66.8,38.6
20140505,10,O3,75.2,76.5,74.5,82,81.5,97.6,57.9,84.4,98.4,76,75.8,69.8,59.5,77.8,84.9,74,86.5,83.3,60,68.1,85.2,87.8,92.6,91,78.7,86.2,85.4,88.3,76.8,86.1,88.1,61,53.1,32.8,70.2
20140505,10,CO,0.2,0.3,0.8,0.2,0.4,0.1,0.3,0.2,0.2,0.3,0.4,0.3,0.2,0.3,0.3,0.2,0.2,0.2,0.3,0.3,0.3,0.2,0.3,0.1,0.4,0.2,0.2,0.2,0.3,0.3,0.4,0.3,0.4,0.5,0.1
20140505,11,SO2,2,2,3.5,2,2,2,2.4,6.9,2.6,2,2.2,2,2,2,2,2,2,2,5.5,2,2.1,2,5.9,2,5.7,2,2,2,2,81.2,2,2.8,2,3.7,2
20140505,11,NO2,6.9,16.9,18.4,17.5,10.4,8.5,16.6,10.5,5.6,16.1,14.5,13.7,18.6,18.7,13,15,7,13.6,10.7,29.5,7.4,2.1,6.7,2,28.2,2,8.6,2,3.6,12.4,14.7,31.7,39.1,63.3,22.4
20140505,11,O3,80.6,85.5,83,89.1,87.3,105.8,64,91.2,106.7,87.7,86.2,77.4,63.3,85.6,90.8,81.4,91.3,87.3,80.4,66.8,92.1,91.3,96.7,96.3,85.2,92.4,88.1,95.6,83.9,92.4,93.2,67.3,57.1,37,86.5
20140505,11,CO,0.2,0.2,0.8,0.2,0.4,0.1,0.3,0.2,0.2,0.3,0.3,0.3,0.2,0.3,0.3,0.2,0.3,0.2,0.3,0.4,0.3,0.2,0.3,0.1,0.4,0.2,0.2,0.2,0.3,0.3,0.4,0.3,0.4,0.4,0.1
20140505,12,SO2,2,2,4,2,2,2,4.1,9.2,3.4,2,3.5,2,2,2.6,2,2.6,2,2.9,2,2,2,2,9.8,2,8.3,2,2,2,2.5,80.2,2,3.2,2,3.4,2.4
20140505,12,NO2,7.7,17,15.6,13.5,10,10.2,16.9,10.4,5,18.3,11.1,12.6,14.9,20,11.6,14.2,7.1,13.7,7.4,23.3,4.2,2.8,7.1,3.1,26.7,2,8.4,2,,12.1,12.5,27.2,30.8,51.2,35
20140505,12,O3,83.8,92.7,91.9,99,93.1,108,69.1,94.8,111.4,90.4,96.2,88.1,71.7,92.3,98,87.5,96.9,88.8,88.2,71,99.1,94.8,97.1,97.3,89.1,97.6,92.2,102.5,86.1,101.1,99.2,75.1,67.6,51.9,82.1
20140505,12,CO,0.2,0.2,0.8,0.2,0.4,0.1,0.3,0.2,0.2,0.3,0.3,0.3,0.2,0.3,0.3,0.2,0.3,0.2,0.4,0.3,0.3,0.2,0.3,0.1,0.4,0.2,0.2,0.2,0.2,0.3,0.4,0.3,0.3,0.4,0.1
20140505,13,SO2,2.2,2.2,5.5,2.6,3.1,2.6,6.5,12.6,6,2.1,2.5,2.9,2,3.7,,2.4,2,8.4,2,2,2,2,7.8,4.5,6.5,2,2,2,3,81.3,2,4.9,2,4.8,3.1
20140505,13,NO2,7.3,14.5,14.5,12,8.3,10.1,13.5,8.6,3.4,15.4,9.9,12.2,13.6,17.2,,12.6,6.4,13.8,6.3,22.3,4.6,3.3,5.7,4.5,33,2,7.2,2,3.8,10.4,14.8,31.7,34.5,55.5,28.7
20140505,13,O3,85.4,99.7,,104.8,97.4,112.7,74.9,99.7,116.3,98.6,101.3,97.2,77.7,102.3,,94.7,102.3,92.8,95.1,73.2,101.9,98.9,99.1,99.2,88.3,98.3,95.8,113.2,97.7,113.9,100.1,80.5,68.8,49.9,92.4
20140505,13,CO,0.2,0.2,0.8,0.2,0.3,0.1,0.3,0.3,0.2,0.3,0.3,0.3,0.2,0.3,,0.2,0.3,0.2,0.4,0.3,0.3,0.2,0.3,0.1,0.5,0.2,0.2,0.2,0.3,0.3,0.4,0.3,0.2,0.4,0.1
20140505,14,SO2,4.2,3.6,6.6,3.5,4.9,,6.8,10,3.7,2.1,3.1,3.4,2,3.6,,2,2,5,2,2,2,2.3,4.8,3.2,4.7,2,2,2,3,81.8,3.4,5.4,2.8,7.1,3.6
20140505,14,NO2,9,15.4,15.1,16.1,9.6,,17.9,7.5,2,16.4,14.5,15.1,15.3,20.5,,10.5,7.7,15.5,6.5,23.6,3.1,2.7,3.4,4,40.8,2,6.9,2,3.8,8.1,21.7,30.3,36.2,66.2,21
20140505,14,O3,85.9,102.7,,104.8,99.9,,75,102.1,119.8,102.7,102.6,99,81.8,104.7,,99.5,105.5,94.5,99,73.8,105.2,103.5,102.2,102.7,83.1,99.2,99.7,120.9,105.4,125.9,96.8,81.6,69.7,40.3,98
20140505,14,CO,0.2,0.2,0.8,0.2,0.4,,0.3,0.2,0.2,0.3,0.4,0.3,0.2,0.2,,0.2,0.3,0.2,0.4,0.3,0.2,0.2,0.3,0.1,0.5,0.2,0.2,0.2,0.3,0.3,0.5,0.3,0.2,0.6,0.1
20140505,15,SO2,3.7,3.8,5.7,3.8,3.9,,5.3,10.5,3.4,2,3.6,3.1,2,4,,2,2,3.3,2,2,2,3.1,4.4,2,2.1,2,2,2.9,2.8,81.8,3.4,5.4,2,8.1,6
20140505,15,NO2,14.6,17.2,24,23.2,14.6,,27.2,7.6,5.3,19,13.6,19.8,18.1,20.4,,14.5,11.6,15.4,12.8,27.3,3.4,4.1,3,2.8,19.9,2,7,2,3.4,8.1,33,32.8,49.9,79,22.1
20140505,15,O3,81.8,105.2,,101.7,94.9,,69,105.4,120.7,104.7,109.5,99.4,91.5,110.5,,98.4,103.6,96.3,101.1,72.6,106.4,108.6,104.9,104.3,104.7,101.2,102,126.6,111.9,130.2,89.9,79.3,60,40.3,99.2
20140505,15,CO,0.3,0.3,0.8,0.3,0.4,,0.3,0.2,0.2,0.3,0.4,0.4,0.3,0.3,,0.2,0.3,0.2,0.4,0.3,0.2,0.2,0.3,0.1,0.5,0.2,0.2,0.2,0.3,0.3,0.5,0.3,0.9,0.6,0.1
20140505,16,SO2,3.1,3.5,5.6,3.5,3.7,,4.5,11.5,3.8,2.3,4.3,3.4,2,3.6,,3.5,2,2.2,2,2,2.2,3.1,4.6,2,5.7,2,2,3.5,2.7,81.7,2.9,6.5,2,7.7,4.2
20140505,16,NO2,17.4,21.5,26.6,25.8,30.7,,39,8.3,18,19.1,14.5,19.9,23.5,16,,17.8,10.1,13.5,15.9,29.5,6.4,4.6,3.4,2.9,55.9,2.2,7.9,2,2.7,7.9,37.4,43.3,57.3,79,57.4
20140505,16,O3,84.8,109.2,,105.7,83.8,,65.6,107.2,115.3,109.5,124.6,111.3,95.9,123.2,,104.2,105.7,99.9,118,73.1,103.3,108.5,106.9,105.5,76.1,107,107,131.4,117.6,132.8,91.4,79.4,55.7,40.4,75.2
20140505,16,CO,0.3,0.3,0.8,0.3,0.4,,0.4,0.3,0.2,0.3,0.4,0.3,0.3,0.2,,0.2,0.3,0.2,0.4,0.3,0.2,0.2,0.3,0.1,0.6,0.2,0.2,0.2,0.3,0.3,0.5,0.3,0.5,0.6,0.2
20140505,17,SO2,3.6,4,6.2,4.2,4.1,,6.7,13.6,5.1,3.4,4.6,4.6,2,3.9,,5.1,2.1,3,2,2,2.3,4.5,4.6,2,5.7,2,2.2,4.3,2.1,80.1,3.4,6.7,2.5,8.3,8.4
20140505,17,NO2,19.5,25,25.1,24,33.3,,31.8,14.5,13.5,23.7,14.2,19.2,23.4,13.2,,17.8,19.4,20.7,18.8,33,12,10.8,4.2,5.5,57.8,3,10.5,2,2.9,8.1,42.5,44.7,58.5,82.3,54.7
20140505,17,O3,89.1,117.3,,116.2,88.1,,82.7,113.4,142.7,118.5,125.3,126.5,95.5,131.9,,109.5,105.7,99.7,119.1,70.5,98.4,104.2,109.5,107.8,78.8,107,109.1,131,114.9,132.5,93.1,84.1,66.4,50.9,77
20140505,17,CO,0.3,0.3,0.8,0.3,0.4,,0.3,0.3,0.2,0.3,0.4,0.4,0.3,0.2,,0.2,0.3,0.3,0.5,0.4,0.2,0.3,0.3,0.1,0.6,0.2,0.2,0.2,0.3,0.3,0.5,0.3,0.4,0.6,0.1
20140505,18,SO2,3.6,3.9,6.4,4,3.3,,6.9,14,4.6,2.7,3.5,4.1,2,3.3,,6.2,2.9,5,2,2,5.3,6.8,5,2.7,6,2.2,3,5.4,2,81.3,3.5,5.1,6,8,2
20140505,18,NO2,15.8,25,25.9,26,28.3,,34.4,28.1,13.8,28,15,24.6,16.4,18.7,,20,30.3,35.2,22,33.9,25.1,24.9,8.6,21.9,33.9,5.1,13.3,2,4.3,8.7,43.5,37.2,64.2,84.8,71.3
20140505,18,O3,97.8,125.5,,115.4,105.6,,84.1,112.2,138.3,109.2,120,117.4,100.9,122.2,,106.7,98.7,105.7,108.2,75.1,100.3,100.2,106.6,106.1,98.4,105.6,116.9,129.8,115.2,135.7,96.7,93.7,65.2,46.1,71.6
20140505,18,CO,0.3,0.3,0.8,0.3,0.3,,0.4,0.3,0.2,0.4,0.4,0.4,0.3,0.3,,0.2,0.4,0.3,0.4,0.4,0.3,0.3,0.3,0.1,0.6,0.2,0.3,0.2,0.3,0.3,0.5,0.3,0.4,0.5,0.2
20140505,19,SO2,2.8,3.1,5.3,3.4,3.7,,4.9,13.9,4.3,2.5,3.9,4,2,4.6,,2.6,3,5.5,2,2,5.6,7.1,6.7,3.1,5.6,4,3.1,5.9,2,83.8,2.4,4.1,4.8,7,2.3
20140505,19,NO2,16.9,26.2,27.4,31.9,23.3,,42.2,22.9,18.3,39.3,21.1,30.3,34.1,25.1,,34,33.7,32.2,22,38.9,32.8,28.3,24,21.6,54,10.5,14.7,9.4,3.7,14.1,44.1,37.2,75.5,84.6,41.2
20140505,19,O3,92.6,115.7,,104.4,104.2,,72.3,109.9,129.9,94.5,115,112.4,84,113,,92.1,100.2,107.1,108.9,69,97.2,104.5,101.1,112.5,103.6,111.7,112.6,113.4,107.4,124.4,91.3,90.5,51.5,44.7,99.4
20140505,19,CO,0.3,0.3,0.8,0.3,0.3,,0.4,0.3,0.2,0.4,0.4,0.4,0.4,0.3,,0.2,0.4,0.3,0.4,0.4,0.3,0.3,0.4,0.1,0.6,0.3,0.3,0.2,0.3,0.4,0.5,0.3,0.4,0.6,0.1
20140505,20,SO2,3.6,3.5,6.7,4.2,3.9,,6.1,13.9,7.5,4.2,7.3,6.2,4.2,3.7,,2.6,3.2,4.9,2.6,2,5.3,5.2,8.1,2.7,5.9,4.2,2.8,6.4,2,83.3,3.6,6.3,2,8.3,4.5
20140505,20,NO2,26.3,30.9,38,45.8,33.1,,53.3,21.1,23.1,57.9,43.8,63.7,55.6,36.4,,55.6,46.6,42.3,20.2,44.5,36,22.3,23.1,19.8,71.3,12.4,17.2,15.6,6.1,16.7,63.8,55,76.1,95.8,54
20140505,20,O3,79.7,99.8,,84.5,88.9,,60.3,111.4,124,71.3,85.5,71.9,60.4,94.9,,61.2,82.3,90.2,107.5,63.3,90.1,108.9,108.5,108.6,80.9,111.9,101.3,97.3,80.4,100.2,68.1,65.7,46.1,26.1,81.2
20140505,20,CO,0.4,0.3,0.8,0.4,0.4,,0.4,0.3,0.3,0.4,0.5,0.5,0.5,0.4,,0.3,0.4,0.4,0.4,0.4,0.3,0.3,0.4,0.1,0.6,0.3,0.3,0.3,0.3,0.4,0.6,0.4,0.4,0.6,0.2
20140505,21,SO2,3.9,3.5,8.1,4.7,5.5,,9.2,14.2,15.4,4.8,8.9,9.7,10.7,7.5,,13.7,6.3,6.4,5.5,2,8.4,5.2,8,2.3,5.7,4.1,9.6,9.7,2.1,81.4,4.1,6.6,3.6,8.6,5.8
20140505,21,NO2,40.6,49.5,48.6,65.1,46.5,,73.9,20.5,23,90.6,71.3,74.8,85.9,54.4,,72.7,43.3,53.4,26.6,46.3,43.5,23.1,25.9,19.4,75.9,14.3,21,23,16.4,27.5,88.9,68.4,86.3,100.7,99.6
20140505,21,O3,60.9,65.2,,57.5,69.6,,40,106.2,122.9,32.9,50.1,56.2,27.9,69,,38.6,79,71.5,95.2,59.6,72.9,103.3,98.3,93.2,67.6,106.6,93.7,80.1,60.8,73,37.8,50.6,33,19.5,29.7
20140505,21,CO,0.5,0.4,0.9,0.5,0.4,,0.5,0.3,0.3,0.6,0.6,0.6,0.6,0.4,,0.3,0.4,0.4,0.5,0.4,0.4,0.4,0.4,0.1,0.6,0.3,0.3,0.4,0.4,0.5,0.7,0.5,0.5,0.7,0.5
20140505,22,SO2,4.7,3,7.4,5.6,5.8,,10.2,13.8,30.2,4.2,7.7,11,10,7.7,,9.1,,7.1,4.3,2,7.2,4.8,7.7,2.1,4.8,4.7,7.4,11.9,4.3,82.9,5.3,7.6,4.1,8.6,5.2
20140505,22,NO2,57.9,61.9,68.9,70.1,79.8,,96.7,22.3,53.2,96.7,74.9,90.2,98.3,66.7,,89.9,,70.3,31.5,46.3,36.3,18.5,30.2,18.5,75.1,14.6,21.6,22.1,20.1,44.5,101.9,75.9,97.1,93.6,118.4
20140505,22,O3,43.2,42.4,,49.5,31.7,,17.6,101.4,89.8,19.8,37.7,37.8,14.4,52.8,,21.4,,48.9,89.4,58.8,74.3,104.1,89.4,77.2,62.9,101.7,91.7,81.3,64.7,50.5,20.1,40.9,19.6,16,3.5
20140505,22,CO,0.6,0.5,0.9,0.5,0.6,,0.6,0.4,0.3,0.5,0.6,0.7,0.8,0.5,,0.5,,0.5,0.4,0.5,0.4,0.3,0.4,0.1,0.6,0.3,0.4,0.4,0.5,0.5,0.8,0.5,0.6,0.7,0.8
20140505,23,SO2,12.8,11.4,10.3,10.9,9,,9.6,12.3,10.9,7.2,8.8,9,9.5,13.3,,11.4,14,8.4,4.8,2,6.5,5.5,7.3,2.9,4.2,4,9,15.2,9.8,83.2,11.5,14.9,5.9,12.5,17
20140505,23,NO2,52.3,55.6,81.5,66.4,81.8,,105.5,27,112.4,66.5,84.1,114.4,74.8,38.7,,90.7,59.1,77.4,99.8,45.7,32,34.3,31.4,18.7,80.3,12.5,34.2,19.7,16.9,46.3,74.4,80.3,81.6,83.6,104.4
20140505,23,O3,42.4,54,,51.4,27.2,,10.1,84.8,23.6,43.7,31.8,10.3,28.3,71.4,,16.1,43.3,39.7,3.2,57.6,75.2,77.3,79.9,76.5,53.2,97.2,65.6,80.8,65.7,44.1,39.4,27.9,26.8,23.6,15.6
20140505,23,CO,0.7,0.6,1,0.6,0.6,,0.6,0.4,0.5,0.5,0.7,0.8,0.6,0.5,,0.8,0.6,0.5,0.6,0.5,0.4,0.4,0.5,0.1,0.6,0.3,0.6,0.5,0.5,0.5,0.8,0.7,0.5,0.7,0.8
20140505,0,PM2.5,23.5,15.4,29.1,42.6,98,21,47.8,32.5,11.3,47.8,28.7,49.8,60.3,59.2,58.1,59.6,26.1,12,27.7,34.8,41,11.5,21.7,16.7,12.8,10.8,19.3,42.2,37.8,,40.1,37.2,54.6,41.6,42.5
20140505,0,PM10,71.6,,,80.9,102.1,49.9,138.2,52,,104.7,93.7,160.3,73.1,158.3,115.6,150.9,114.2,33.9,63.9,36.7,,44.4,27,10.1,24,39.8,36.5,75.3,103.7,,,,,,67.7
20140505,0,AQI,60,45,43,52,58,52,60,54,52,57,55,62,53,60,63,61,59,57,53,67,49,55,41,33,46,56,58,64,78,30,42,47,57,51,50
20140505,1,PM2.5,26.1,16.3,27.4,60.1,59.2,687.1,36.6,34.4,14.8,55.4,29.4,42.6,57.4,36.3,55.2,60.6,28.5,8.4,17.2,23.4,16,11.3,38.4,8.6,8.5,15.8,18.6,38.9,36.5,,67.7,29.9,54,42.9,53.5
20140505,1,PM10,84.7,,,129.2,70.3,,125,53.1,,131.1,87.5,149.6,,101.2,101.4,84.8,,34.7,55.2,68.7,26.3,43.1,58.5,22.7,21.1,40.7,34.9,60.2,89.1,,,,,,95.1
20140505,1,AQI,60,44,43,54,60,70,62,54,51,58,55,63,53,60,63,61,60,57,53,68,53,56,43,34,46,56,58,63,78,33,42,45,58,54,60
20140505,2,PM2.5,23.4,21.9,29.7,48.8,66.3,288.1,48.2,26.6,16.8,49.1,23.8,40.1,41.6,35.2,58.2,70.3,20.3,12.3,16.9,21.6,15.6,30.8,26.6,11.5,8.1,15.1,21.6,37.4,30.3,,51.1,39.3,43.5,48,51
20140505,2,PM10,88.3,,,79,79.7,,88.1,32.7,,118.8,64,99.4,,70.9,108.5,111.5,28.3,41.3,38.9,,31.5,54.7,53.2,18.8,26.1,25.5,31.4,56.4,61.1,,,,,,87.3
20140505,2,AQI,61,44,41,54,61,84,62,53,49,59,56,64,54,60,64,63,60,57,53,69,53,56,44,35,46,55,58,63,78,31,43,45,59,52,52
20140505,3,PM2.5,40.5,32.9,30.4,32.3,68,83.4,19.7,23.8,20,47.5,29.2,27.6,39.5,42.9,84.4,50.1,16.9,9.5,14,20.9,17,19.2,12.5,15.7,9.7,6.8,19.3,30.5,86.4,,38.4,36.3,38.7,42.8,63.8
20140505,3,PM10,92.2,,,52.2,92.5,120.2,48.4,51.1,,130.3,56.4,66.6,,102.6,114.7,75.1,62.1,41.8,26.1,41.4,22.4,53.2,58.4,18.9,37.7,23.4,39.8,54.1,258.8,,70.2,,,,79.2
20140505,3,AQI,62,44,41,55,63,87,62,53,49,61,56,65,47,62,65,63,59,57,53,69,53,57,44,35,45,55,58,63,82,33,61,46,60,51,52
20140505,4,PM2.5,,,,,,,,,,,,,,,,,,,,,,,,,,,,,,,,,,,
20140505,4,PM10,,,,,,,,,,,,,,,,,,,,,,,,,,,,,,,,,,,
20140505,4,AQI,,,,,,,,,,,,,,,,,,,,,,,,,,,,,,,,,,,
20140505,5,PM2.5,19.6,31.9,20.7,29.8,38.5,41.4,22.2,25.5,16.3,21.3,17.8,26,33.2,33.6,38.7,23,9.7,14.6,10.7,19.4,18.7,6.9,12.4,11.2,9.9,13.1,15.8,52.3,77.4,,37.6,41,27.5,29.9,39.4
20140505,5,PM10,78.2,,63.6,59,68.3,82.8,48.3,38.5,,58.4,56.5,68.4,35.1,93.5,88.8,47.6,36.8,50.6,32.7,70.6,20.8,19.1,45.8,31.4,39.7,15.7,41.1,75.9,180.7,,58.6,,,,67.4
20140505,5,AQI,64,44,57,56,64,89,61,53,46,62,57,66,54,63,67,64,59,58,52,67,52,57,45,36,44,55,58,65,94,34,60,46,60,43,54
20140505,6,PM2.5,13.9,15.3,26.9,29.2,31.2,32.5,11.6,27.3,23.9,23.4,25.7,19.6,29.2,28,35.6,14.4,10.4,10.7,15.2,22.4,26.6,8.1,3,4.9,12.9,12.8,8.2,44.9,77.3,,21.4,22.1,32.6,27.1,26
20140505,6,PM10,92.9,35.2,83.3,78.9,70.9,62.3,96.7,53.2,,68.4,87.1,48.4,29.2,110.1,79.3,45.5,43,36.9,59,46.5,,29.2,39.3,7.6,35.6,21.2,28.8,84.3,188.5,,70.6,,,,42
20140505,6,AQI,66,62,57,57,63,89,62,53,45,63,57,67,54,65,68,64,58,57,53,67,52,57,44,35,43,55,58,65,96,33,61,45,60,39,53
20140505,7,PM2.5,9.9,11.3,20.5,22.5,34.8,24.1,25,30.9,19.2,20.1,23,23.9,30.5,17.3,44.7,25.9,18.1,15.5,13.4,15.3,26.8,23.4,29.8,9.8,11.7,14.9,13.8,42.9,71.5,,19.3,19.8,29,22.9,32.6
20140505,7,PM10,45.2,17.5,69.8,43.7,40.1,48.7,66.7,58.6,,79.2,73.8,72.1,46.7,91,52.5,51.6,67.8,37.6,33.7,31.5,33.8,44.3,85.1,23.4,41.6,16.6,31.9,92.3,151.7,,31.2,,56.5,,80.3
20140505,7,AQI,66,61,58,57,63,89,63,53,43,64,58,67,54,65,68,64,59,57,53,67,52,56,45,35,43,54,57,66,96,25,60,44,59,43,54
20140505,8,PM2.5,9.1,30.9,20.3,23.8,33.5,21.5,24.8,25.4,22.1,46.4,17.9,24,39,11.8,71.5,43.1,21.9,26.4,16.3,19.6,33.7,11.9,24,10.9,19.1,7.6,16.7,31,26.3,,10.6,19.8,21.9,23.4,5.8
20140505,8,PM10,24.8,,49,,91.3,29.3,35.4,42.7,,57.9,46.5,57.3,58.1,48.3,,54.2,48.4,40.8,68.2,,45.6,,46.8,5,44.5,,25.6,76.5,46.1,,18.8,47,29.8,,77.8
20140505,8,AQI,65,61,58,58,61,88,63,53,42,64,58,68,54,65,68,64,59,56,53,67,53,57,45,34,42,55,57,66,96,18,59,63,58,41,55
20140505,9,PM2.5,6.9,5.1,12.2,76.4,39.6,22.2,6.3,17.2,34.7,20.4,15.8,14.3,126,10.2,43.1,38.8,17.6,17.4,18.4,17.4,21.6,10.5,16.3,13.8,16.3,4.6,14.3,30,15.8,,12.6,18,15.1,11.7,16.8
20140505,9,PM10,16.8,15.4,30.1,,52.4,27,37.9,,,41.2,26.1,29.3,,38.9,,,,23.7,46,33.8,23.4,12.8,18,20.5,21.9,6.4,21.5,54.8,33.3,,16.5,28.6,43.1,,34.4
20140505,9,AQI,65,59,58,58,61,88,62,53,41,64,58,67,53,65,69,64,59,56,53,66,53,57,45,35,41,54,56,66,96,21,59,62,57,37,55
20140505,10,PM2.5,3.4,14.2,14.1,16.4,39.5,23.9,3,12.9,31.4,22.2,17.2,24.8,27,20.9,43.9,26.8,12,14.9,12.4,15.3,17,15,18.2,15.6,9.6,10,11.8,12.2,8.9,,20.8,23.2,15.6,21.6,12.4
20140505,10,PM10,5,18.8,30,48.2,,24.5,14,18.7,,35.2,33.5,,,32.9,,,,22.2,31.3,43.3,17.4,15.7,,5,17,12,23.2,36.8,40.5,,26.5,27.9,29,,40.8
20140505,10,AQI,63,58,57,58,61,87,61,53,41,63,57,68,53,64,69,63,58,53,53,65,52,55,46,32,40,48,55,64,94,27,58,61,56,36,54
20140505,11,PM2.5,5.2,6.7,17,13.7,43.4,17.2,7.5,12.5,46.3,19.5,17.6,,25.7,3,22,23.1,15.7,15.8,9.5,16.3,13.7,12.9,12.6,9.4,13.5,8.1,9.5,22.7,,,11.7,12.5,14.1,14.4,13.2
20140505,11,PM10,12.3,20.5,24.9,41,,19.9,29.9,14.4,,37.3,24.9,5,,20.8,22.9,25.4,,22.4,12.6,31.8,13.8,16,24.8,11.6,25,,20.3,28.5,14.5,,16.8,15.5,32.1,,28.6
20140505,11,AQI,60,57,55,57,60,87,60,51,41,62,57,65,53,63,66,62,58,48,52,59,51,52,44,31,37,47,52,63,92,29,54,59,55,36,54
20140505,12,PM2.5,8.8,15.4,9,15.5,27.6,14.5,15,12.3,38.3,21.5,11.3,,26.2,34.9,1000,16,10,11.2,11.4,14,20.1,7,15.5,13.8,14.1,6.1,17.7,15.6,,,14.3,21.2,14.1,18,3
20140505,12,PM10,16.7,22.7,18.7,19.5,,19.7,,17.3,,21.5,21.8,,,46.3,,19.1,11.7,13.8,15.3,52.6,,9.7,26.4,27.7,27.9,7,18.1,24.9,214,,,,20.4,,29.9
20140505,12,AQI,59,55,53,57,59,87,59,49,41,61,55,63,53,61,107,60,57,44,49,55,49,49,44,31,35,44,48,62,95,32,52,58,54,36,53
20140505,13,PM2.5,13.5,10.5,11.8,9.8,16.9,343.7,22.2,7.4,36.4,17.1,6.8,20.8,21.8,12,,15.4,7.9,8.7,,16.3,86.5,11,15.5,13.6,11.7,11.3,10.6,13,3,,9,8.3,14.7,18.3,9.2
20140505,13,PM10,,14.7,16.7,13.5,23.3,,25.4,8,,20.7,42.5,44.8,,24.6,,16.6,11.5,19,5,28.8,,13,21.3,15.9,35.6,,15.1,19.8,75.4,,14.7,12.2,19,36.4,26.1
20140505,13,AQI,56,51,52,55,57,104,57,46,41,60,54,62,53,59,110,59,53,38,42,54,49,45,42,31,34,43,45,60,94,36,51,57,53,59,52
20140505,14,PM2.5,7.2,20,15,23.6,21.3,,3,6.5,32.2,14.3,18.3,38.8,29.4,30,,8.9,8.3,15.1,4.6,11.1,11.8,6.4,10.7,13.7,13.1,8.3,14,18,5.7,,11.5,10.4,3.8,16.5,8.8
20140505,14,PM10,46.8,46.9,20.1,,23.1,,8.7,24.5,,33.7,48.4,63.4,,,,13.9,9.8,21,15.5,16,,8.9,18.1,17.4,34.3,9.7,15.9,22.1,61.6,,15.7,25.7,15,24.9,25.3
20140505,14,AQI,52,49,51,55,57,106,56,44,41,59,53,61,53,59,113,57,49,36,40,53,49,41,41,33,34,39,43,57,93,40,49,56,52,58,51
20140505,15,PM2.5,5.7,24.2,14.8,20.1,19.3,,12.9,6.9,38.2,21.4,13.6,37.3,23.1,3,,18.8,18.2,17.7,6.9,14.6,12.4,4.4,10.3,7.6,5.8,13.2,77.5,21.5,16.8,,43.2,20.4,15,29,15.4
20140505,15,PM10,36,34.8,29.5,30,21.9,,17.8,11.7,,34.9,40.4,85.4,,43,,45.6,19.1,19.8,24.8,,,9.5,21.7,8.1,16.4,13.7,,25.6,47.5,,,,34.6,42.5,37.2
20140505,15,AQI,52,48,49,54,56,109,55,43,41,57,52,62,53,58,116,55,45,35,38,51,48,38,41,33,34,36,40,54,91,41,49,56,52,58,51
20140505,16,PM2.5,8.8,37.6,16.7,54.6,23.4,,12.5,12.8,39.1,31.9,19.9,34.3,32.5,18.2,,42.6,13.5,8.9,12.6,11.7,10.2,5.4,3,8.1,14.5,7.6,9,20.8,12.9,29,17.5,23.2,20.5,39.7,14.4
20140505,16,PM10,49.3,41,44.2,,44.5,,57.7,,,42.5,48.7,81.1,,57.3,,48.7,,16.7,45.3,14,,16.4,15.3,8.3,21.4,21.9,22.2,28.3,42.3,49.2,43.5,27.1,64.3,55.8,21.6
20140505,16,AQI,52,47,49,44,56,114,55,43,40,57,52,62,54,59,121,55,34,34,38,47,48,35,40,33,33,34,38,53,90,63,49,55,52,58,51
20140505,17,PM2.5,9,28.5,19.8,28.7,35.9,,17.7,12.9,49.5,27.2,22.1,41.9,165.5,20.6,,32.8,20.2,11.3,22.7,18.4,14.2,21.6,3,11.8,9.8,9.8,13.4,19.7,15.2,19.1,22.8,19.7,23.1,54.9,24
20140505,17,PM10,59.9,74.6,56.8,44.1,48.3,,50.3,56,,49.9,63.3,74.1,,49.6,,42.5,,39.9,61.7,,,27.9,18,33.3,20.5,16.3,32.6,39.6,41.9,57.3,44.3,26.2,44.2,56.5,29.9
20140505,17,AQI,52,48,49,54,56,119,55,44,45,56,52,63,61,59,,55,34,34,39,44,48,33,38,34,31,34,35,52,90,63,49,53,52,58,51
20140505,18,PM2.5,13,9.1,23.2,21.9,33.9,,13.5,39.7,129.7,27.7,21.9,36.3,32.8,11.2,,41.1,19.3,23.7,22.6,25.6,20.2,31.8,3,20.9,14,16.7,12.6,17.1,15.1,22,23.1,13.3,25,31.7,22.4
20140505,18,PM10,70.2,73,61.6,66.9,74,,84.6,100,,74,60.3,93.8,,56.1,,66.3,,92.4,69.1,35.7,,59.3,5,63.6,22.1,32.6,56,37.5,49.1,53.8,104,47.5,58.9,57.1,36.3
20140505,18,AQI,52,49,50,55,56,,56,46,46,57,53,63,62,59,,56,31,36,40,43,48,34,37,34,31,33,37,52,89,62,51,52,51,58,51
20140505,19,PM2.5,12,37.2,18.5,25.8,34,,22.1,34.9,121.4,25.3,25.8,34.9,30.8,31.3,,49.4,26.4,27.8,21.2,24.8,26.4,9,20,23.2,21.8,24.7,22.1,29.9,15.8,34.6,21.3,21,24.2,26.8,21.8
20140505,19,PM10,70.4,51.9,70.6,59.4,74.6,,71.2,82.4,,73.2,60,100.9,,54.4,,72.2,,81.3,68.8,60,,48,63.8,85.5,83.2,48.8,52.2,56.2,51.8,80.6,51.9,38.1,50.3,64.7,32.5
20140505,19,AQI,53,49,51,55,57,,56,48,51,58,53,64,63,59,,57,32,38,42,43,49,34,39,36,33,35,36,52,89,62,51,52,51,58,52
20140505,20,PM2.5,15.7,27.1,30.4,40.3,29.9,,19.1,32.3,26.6,41,33,46.3,42.3,23.9,,45.2,26.9,28,27.1,30.3,29.4,32.1,27.2,22.2,21.7,20.3,23.2,42.1,20.5,29.3,27.7,30.6,31,35.6,23.3
20140505,20,PM10,62.1,54.8,66.8,65.4,57.3,,64.9,61.4,,76.7,84.3,110.4,,56.3,,74.8,,71.7,70.6,67,,48.8,73.7,57.1,72.4,50.5,65.2,66.8,73.8,98.3,53,43,50.8,66.4,32.7
20140505,20,AQI,53,48,52,56,58,,57,48,51,58,54,66,64,59,,57,26,40,44,43,49,35,41,34,36,35,35,53,89,63,51,52,52,58,52
20140505,21,PM2.5,17.5,22.4,28.9,34.1,38.9,,31,34.4,28.2,49.5,41.3,56.4,1000,30.8,,48.8,34.1,32,27.5,33.1,34.9,26.1,27.9,22.1,20.4,26.2,32.2,40.8,22.4,38.5,27.3,29,34.1,39.5,28.1
20140505,21,PM10,75.5,70.7,74.5,81,73.4,,82.2,59.5,,95.9,114.6,125.3,,64.3,,78.9,,74.3,71.4,46.8,,47.9,67.1,49.9,59.5,48.2,57.1,76.6,60.4,89.2,59,47,56.7,71.2,47.2
20140505,21,AQI,54,46,52,56,58,,56,47,51,59,55,67,115,59,,57,27,41,45,43,50,34,42,30,38,34,35,53,86,63,51,51,52,58,51
20140505,22,PM2.5,19.2,28.5,30.4,35.4,41.7,,35,35.7,31,42,45.9,51.9,56.8,36.2,,69.1,,37,28.7,34.5,33.6,24.3,25.9,24.5,20.6,29.2,25.7,40.3,36.6,58.3,34,30.7,33,42.6,45
20140505,22,PM10,71.7,75.2,70.9,81.1,81.3,,91.8,76.2,,90.7,104.6,135,,70.8,,143.6,,77.3,72.6,47,,44.6,64.1,46.8,51.1,50,58.9,66.6,67.2,104.6,80.4,68.8,53,77.2,73.3
20140505,22,AQI,54,46,53,57,58,,57,47,52,60,57,68,115,59,,58,,43,45,44,52,33,42,28,38,32,36,53,86,63,52,50,52,58,60
20140505,23,PM2.5,36.3,38.8,38.6,43.2,49.7,,42.4,33.3,35.9,47.2,46,56.2,52,37,,74.5,46.3,38.4,39.7,31.9,37,28.1,31.6,24.5,25.8,26.6,36.7,37.5,37.2,65.9,48.4,51.5,41.9,48.9,53.3
20140505,23,PM10,95.3,70.4,95.6,76.3,76.3,,73.9,63.6,,99.4,100.2,137.5,,89,,129.6,,74.2,139.3,,,58.8,64.6,36.3,48.6,88.3,86.7,49.5,70.2,108.7,83,81.6,61.7,103.5,63.5
20140505,23,AQI,55,46,54,56,58,,56,46,57,60,57,68,115,59,,59,30,44,50,31,37,33,42,28,41,31,38,52,77,63,52,50,52,59,53
