date,hour,type,dongsi,tiantan,guanyuan,wanshouxigong,aotizhongxing,nongzhanguan,wanliu,beibuxingqu,zhiwuyuan,fentaihuayuan,yungang,gucheng,fangshan,daxing,yizhuang,tongzhou,shunyi,changping,mengtougou,pinggu,huairou,miyun,yanqing,dingling,badaling,miyunshuiku,donggaocun,yongledian,yufa,liulihe,qianmeng,yongdingmengxi,xizhimengbei,nansanhuan,dongsihuan
20141021,0,SO2,9.5,10.8,10.3,4.8,10.3,6.8,,22.6,12.2,13.2,9.2,10.6,5.5,10,10.2,10.8,7.1,,10.9,46.2,5.5,12.8,2.3,5.9,14.4,13.4,44.2,8.3,8.2,5.9,2.4,12.4,,5.9,
20141021,0,NO2,41.3,42.2,49.1,52.2,53.8,52.4,,73.6,72.4,44.2,42.7,75.2,37.6,56.3,37.2,58.6,54.2,,51,81.4,52.2,42.6,64.9,65.5,98,17,90.9,49.8,22.1,29.2,50.4,58.9,,69.3,
20141021,0,O3,26.1,31.1,27.3,24.7,19.1,20.9,,7.7,15.4,19.7,16.8,8.5,30.2,12.9,48.7,15.2,13.3,,28.1,2,20.5,27.9,39.2,15.2,3,43.2,2,23.8,28.3,36.3,15.2,20.4,,2,
20141021,0,CO,0.9,0.8,0.9,0.8,0.8,0.7,,1.6,1.2,0.9,1.2,1.3,0.9,1,0.6,0.9,1.4,,1.1,2.2,1.5,1.9,2.2,1.5,1.8,2.1,2.1,0.6,0.6,0.3,0.9,0.8,,1.1,
20141021,1,SO2,9.1,10.4,8.8,3.7,10.4,8.6,,26.2,11.2,11.4,6.6,10.3,5.4,10.9,8.6,10.8,7.3,,10.7,42,4.7,13.4,4.8,7.2,12.8,16.2,56,7.6,12.2,5.8,3,9,,5,
20141021,1,NO2,40.3,41.4,44.1,47.2,44.8,47.8,,61.4,44.5,44.9,34.5,57.8,34.5,46.9,35.9,53.5,47.7,,50.7,75.9,55.7,43.7,40.6,38.7,80.8,20.4,91.3,49,22.5,32.4,48.8,52.4,,64.2,
20141021,1,O3,24.5,30.7,26.4,22.6,20.6,22.2,,15.6,40.7,13.4,16.6,16.5,23.4,20.4,50.7,16.8,4.4,,21,2,10.6,20.2,54.1,29.4,2,24.3,2,23.3,23.9,27,13.6,21.9,,2,
20141021,1,CO,0.7,0.6,0.7,0.7,0.6,0.7,,1.1,0.7,0.8,1,0.8,0.7,0.7,0.5,0.8,1.2,,1,2.3,1.4,1.6,2,1.1,1.5,1.7,2.4,0.5,0.5,0.1,0.7,0.6,,0.8,
20141021,2,SO2,7.3,5.7,8.3,3.9,9.2,8.1,,11.9,8.7,12,10.2,9.8,6.5,10.9,8.5,9.9,12.5,,9.3,54,9,17.9,5,7.1,14.4,18.5,62.2,7.6,10,5,4.2,8.8,,4.4,
20141021,2,NO2,52.1,43.6,49.1,46.9,53.3,49.9,,51.3,53.1,36.7,39.7,55,36.8,40.5,36.4,46.4,26.6,,55.2,77.8,52.3,40.2,37,32.4,74.1,20.5,93.6,44.8,14.8,44.4,49.2,53.3,,61.7,
20141021,2,O3,10.4,25.2,19.8,22.1,13.1,19.6,,15.8,24,24.1,12.6,16.8,18.3,25.8,48.6,21.8,9.4,,12.8,2,10.2,20.2,45.3,27.4,4.2,20,2,27.2,32.9,9.1,10.5,17.8,,2,
20141021,2,CO,0.6,0.5,0.7,0.6,0.5,0.5,,0.9,0.7,0.6,0.9,0.8,0.6,0.6,0.5,0.6,0.9,,0.9,2.5,1.3,1.5,1.3,1.1,1.1,1.6,2.3,0.5,0.4,0.1,0.5,0.5,,0.6,
20141021,3,SO2,10.5,8.8,11.2,7.4,9.4,10.2,,15.1,9.4,14.1,10.2,9.9,5.8,10.9,11.1,9,5.6,,9.7,35,17.4,20.1,10.1,8.7,18.2,29.4,25.2,7.8,7.8,5.1,5.7,11.1,,4.2,
20141021,3,NO2,46.9,38.9,33.9,32.4,55.3,50.2,,47.9,49.1,35.2,40,57.9,43.7,45.9,44.2,49.5,30.5,,45.2,63.9,46.6,45.3,32.2,32,69.2,24.2,68.2,43.5,9.8,51,45.1,43.1,,57.7,
20141021,3,O3,12.4,30.6,37,40.2,10.7,19.2,,19.2,31.5,27.3,12.8,12.6,13.6,18.6,46.2,17.1,5.5,,19.6,10.6,14.3,14.2,44.7,25.5,6.9,17.8,28.2,24.8,33.4,3.3,15.9,30.9,,4.2,
20141021,3,CO,0.5,0.5,0.6,0.6,0.6,0.5,,0.8,0.6,0.6,0.7,0.7,0.7,0.6,0.6,0.5,,,0.8,1.7,1.7,1.6,1.2,0.9,0.9,1.8,1.2,0.4,0.3,0.1,0.6,0.5,,0.6,
20141021,4,SO2,22.7,18.8,13,10.6,17.6,21.3,,14.8,13.2,15.6,13,13.9,6.8,12,14.7,11.9,6.7,,10.6,16.6,23,26.8,7,11.4,15.2,44,11.2,7.9,7.3,7,9.1,17,,5.5,
20141021,4,NO2,37.7,43.1,40,40.2,58.1,42.6,,46.1,41.2,29.5,52.4,44.4,52.9,50.6,45.3,63.5,33.3,,53.8,65,49.9,53.4,40.7,30.7,65.5,33.1,50.1,53.9,15.2,38.5,49.6,51,,58.1,
20141021,4,O3,26.7,28.7,30,31.2,9.8,27.1,,19,46.8,33.5,8.6,28.5,6.4,16.6,46,4.2,9.9,,12.5,2,11.7,8.9,29.8,23.7,5.5,7.3,39.2,,19.6,,11,24.3,,2.6,
20141021,4,CO,0.8,0.9,0.7,0.7,1,0.9,,0.8,0.7,0.7,0.6,0.7,0.6,0.6,0.7,0.7,0.6,,0.7,1.5,1.6,2.1,1,0.9,0.8,2.3,0.8,0.4,0.5,0.1,0.8,0.8,,0.7,
20141021,5,SO2,30.1,28.7,29.2,27.6,26.3,20.5,,16,13.5,20.8,20.1,16.5,11.5,13.5,19.1,22.3,15.2,,16.4,12.1,37.2,34.2,4.9,22.2,14.3,40.1,9.4,6.9,10.4,11.1,16.6,31.5,,9.6,
20141021,5,NO2,37.2,42.7,42.9,45.2,55,42,,42.2,41.3,40.2,34.1,45.1,37.6,39.9,36.2,62.4,,,45.7,62,61.4,57.3,45,35.8,68,,43.2,61,11.7,31.4,49.4,51.3,,61.3,
20141021,5,O3,24.7,25.9,25.9,25.9,11.7,25.5,,17.9,39.7,20.8,23,28.1,19.5,28,52,8.9,4.7,,23.7,2,4.8,6.6,21.5,21.8,2,5.7,44.5,2,31.8,32,12.4,24.2,,2,
20141021,5,CO,1.3,1.2,1.3,1.4,1.2,0.9,,0.9,0.8,0.9,0.9,0.9,0.7,0.6,1,1,1.1,,0.8,1.4,1.8,2.2,0.9,1.3,0.8,2.2,0.6,0.4,0.6,0.1,1.2,1.4,,1.1,
20141021,6,SO2,30.4,36.7,37.2,31.2,26.2,25.6,,16.6,16.7,41.9,19.8,19.3,20.3,25,21.2,25.3,32.6,,19.5,15.6,32.4,44,6.5,17.8,16.5,38.2,7.9,6.8,11.9,11.4,27.6,36.7,,12,
20141021,6,NO2,47.5,45.7,50.7,57.5,56.8,53.8,,50,47.2,45.1,31.3,54.8,39.6,49.3,41.2,65,65.8,,43.8,65.7,62.3,59.1,44.3,38.7,67.4,35.1,42.8,58.7,10.6,31.6,60.3,65.3,,63,
20141021,6,O3,16.9,21.4,19.2,15.7,8.1,15.3,,14.6,30.1,14.3,25.8,18.2,21.5,18.5,47,6.1,2,,23.7,2,3.4,4.4,19.7,18.4,2.5,2,40.3,2,29.4,27.5,6.9,16.2,,2,
20141021,6,CO,1.4,1.6,1.5,1.5,1.3,1,,0.9,0.9,1.8,0.9,1,1.2,1.2,1.3,1.1,1.8,,1,1.4,1.6,2.2,1,1.3,0.9,2.3,0.7,0.4,0.7,0.1,1.7,1.6,,1.4,
20141021,7,SO2,,28.9,36.1,,33.2,38.1,,17.7,29.7,34.3,27.6,20.3,21.5,27.9,26.9,29.3,27.8,,25.2,15.7,30,,13,13.2,19,38.7,8.2,7.5,9.2,15.8,28.2,,,16.3,
20141021,7,NO2,,52.4,61.8,58.7,64.8,66,,61.8,,54.4,39.2,60.5,49.2,52.1,,63.7,61.3,,56.6,66.8,64.2,,49.6,41.1,65.4,,45.4,57.5,11.3,31.9,68.6,75.7,,60.2,
20141021,7,O3,,14.8,12,,3.1,7.6,,4.2,14.2,7,18,12.1,14.3,17.3,,6.5,5.4,,13.2,2,2,,,11.1,3.8,,35.5,2,20.4,27.8,2,,,2,
20141021,7,CO,,1.4,1.6,1.5,1.6,1.4,,1,,1.5,1.4,1.2,1.3,1.3,,1.3,1.5,,1.3,1.4,1.6,,1.3,1.2,1,,0.6,0.5,0.9,0.2,1.6,,,1.6,
20141021,8,SO2,29.8,29.5,31.9,29.8,30.4,33.5,,16,24.4,31.4,30.2,24,18.9,35.4,26.5,28.6,25.6,,31.1,11.7,28.2,38.3,15.9,10,23,36.5,7.1,10.2,5.9,14.4,27.6,34.3,,18.9,
20141021,8,NO2,59.2,53.2,67.5,63.8,74.5,69.5,,66.6,56.3,61.1,50.7,59.7,51.5,61.1,54.8,67.9,62,,63.6,61.9,58.4,56.5,54.4,39.9,67.7,35,41.4,59,21.4,34.3,67.3,79.6,,59.7,
20141021,8,O3,9.2,15.6,8.1,11.9,2,5.5,,2,21.3,2,12,13.6,13.9,11,39.9,4.5,4.5,,8.5,2,8.4,8.8,14.4,8.6,2.8,7.5,39.2,2,6.4,23.3,2,6.9,,2,
20141021,8,CO,1.4,1.4,1.4,1.4,1.4,1.3,,1.1,1.3,1.6,1.5,1.5,1.2,1.6,1.4,1.2,1.4,,1.5,1.2,1.5,1.5,1.4,1.2,1.1,1.8,0.6,0.6,1,0.4,1.6,1.5,,1.7,
20141021,9,SO2,29.2,29.9,29.4,30.4,29.6,30.7,,18.1,27.1,30.7,30.8,28.4,24.2,31.1,31.6,28.7,32.8,,25.2,15,27.1,36,15.6,19.7,24.1,29.6,10.1,16.9,13.8,17.6,31.5,32.9,,20.6,
20141021,9,NO2,56.6,54.9,62.8,65.4,73.5,68.5,,64.9,47.4,63.2,50.3,61.1,56.8,54.3,56.6,64.8,67.2,,60.1,60.5,59.1,55,55.6,49.2,63.6,31.7,42.8,63.8,23.9,42.4,67.6,71.1,,58.1,
20141021,9,O3,11.9,14.9,11.8,11.2,2,6.1,,3.1,32.6,2.4,14.2,15.7,10.9,16.5,40.9,7.5,2.3,,11.6,5.1,9.9,10.4,15.1,9.3,7.8,17.9,39.5,2,14,23.1,3.2,13.9,,2,
20141021,9,CO,1.5,1.4,1.3,1.4,1.4,1.2,,1.2,1.4,1.5,1.3,1.5,1.6,1.5,1.6,1.2,1.6,,1.2,1,1.4,1.4,1.3,1.4,1.1,1.4,0.5,1,1.1,0.5,1.6,1.5,,1.8,
20141021,10,SO2,29.6,30.1,27.3,26.6,29.3,30.7,,21.3,27.6,30.8,32.5,28.7,23.7,34.5,32.4,29.9,26.2,,26.3,16.1,29.4,27.4,14.3,23.7,26.2,25.5,14.4,19,28.5,25.3,31.7,32.9,,20.3,
20141021,10,NO2,55.2,57.9,59,64.1,73.9,66.6,,57.2,51.1,55.2,51.7,62.3,52,53,48.9,57.2,59.7,,60.6,59.1,59.6,52.4,50.1,51.9,58.1,28.4,45.2,61.7,26.8,44.9,69.5,74.6,,61.9,
20141021,10,O3,,14.6,15.2,12.9,2,10.4,,12.2,,8.9,15.8,15.9,18.1,21.3,50.2,16.7,12.2,,14.2,10.6,5.1,16.9,22.8,12.8,15.5,27.1,39.2,11.6,29.6,28.7,3.3,13.2,,2,
20141021,10,CO,0.8,1.3,1.2,1.3,1.4,1.3,,1.2,1.4,1.4,1.4,1.5,1.5,1.5,1.4,1.2,1.2,,1.3,1.1,,1.2,1.1,1.3,1.2,1.1,0.5,1.1,1.4,0.6,1.6,1.4,,1.7,
20141021,11,SO2,26.7,29.3,29.8,30.7,26.4,29,,26.9,29.3,34.8,28.1,27.8,21.1,29.7,27.8,29.3,20.9,,26.2,17.9,30.2,31.2,16.4,23.8,27.2,26.4,14.5,15.5,22.3,28.3,30.2,31.7,,22.4,
20141021,11,NO2,59.7,60,58,67.6,70.9,69.6,,62.8,47,55,41.2,57.6,49.1,49.5,44.4,51.2,60.1,,53,55.4,60.3,52.1,48.7,48.5,50.1,27.6,57.2,56.9,20.3,39.8,69,71.4,,65.6,
20141021,11,O3,16.6,15.2,18.1,14.9,5,10.3,,11.3,30.8,13,31.1,22.6,22,27.8,56.6,27.1,19,,24.7,17.9,7.7,19.9,24.8,18.9,24.6,29.1,24.6,19.3,41.4,40.2,4.9,15.2,,2,
20141021,11,CO,1.4,1.4,1.3,1.5,1.2,1.2,,1.3,1.4,1.6,1.2,1.5,1.3,1.4,1.2,1.2,1.1,,1.4,1.1,1.4,1.4,1.2,1.3,1.2,1.1,0.8,1,1.2,0.5,1.6,1.5,,1.8,
20141021,12,SO2,27.8,28.5,29.6,29.3,29.8,29.2,,28,23.8,30.8,22.8,22,22.4,38.9,22.3,24,16.8,,24.4,17.1,22.6,27.3,18.2,22.2,26.4,32.6,15.8,13.7,21.5,29.1,29.6,24,,19.4,
20141021,12,NO2,52.2,52.3,56.6,65.8,71.8,66.1,,57.3,43.7,47.5,36.6,45.3,47.2,,38.8,42.5,58.1,,37.4,46.9,53.1,49.8,52.5,47.9,48.8,32.3,54.3,55.8,17.8,37.3,66.6,60.8,,68.9,
20141021,12,O3,24.6,27.6,23.3,20.9,9.1,15.7,,19.6,37.2,24.4,39.4,38.6,26,32.7,66,39.3,23.1,,40.6,27.7,22.7,23.4,22.4,24.4,29.3,27.6,32.8,22,46,47.8,8.5,22,,2,
20141021,12,CO,1.5,1.3,1.5,1.4,1.4,1.3,,1.3,1.3,1.4,0.9,1.2,1.2,1.2,1.1,1,1,,1,1,1,1.2,1.3,1.1,1.1,1.3,0.9,0.9,1.2,0.4,1.5,1.2,,1.6,
20141021,13,SO2,23,22.2,24,26,26,24.6,,22.4,14.8,21.9,22.4,16.6,17,23.5,19.8,18.5,18.4,,15.5,16.4,17.7,26.7,17,22.8,24.6,28.6,16.9,17.6,20.2,20.3,28.3,28.7,,18.3,
20141021,13,NO2,47.4,44.1,47.9,54.9,66.9,55.9,,50.9,33.3,35.2,36.3,37.3,41,38,44.5,38.9,59.2,,31.4,39.6,50.9,55.8,50.7,52.8,50.1,31.1,54.8,56.2,16.7,30.2,65.1,67.3,,70.9,
20141021,13,O3,34.1,39.6,34.8,31.6,16.5,28.1,,29,51.7,41.4,43.5,51.5,35.5,36,66.3,44.6,24.4,,50.7,36.8,29.8,18.5,27,22.6,31,30.4,35.2,23.5,50.4,59.1,14.7,23.9,,2,
20141021,13,CO,1.3,1.1,1.2,1.2,1.3,1,,1.1,0.9,1.1,0.9,0.9,1.1,1.3,1.1,0.8,1.1,,0.7,0.8,0.9,1.3,1.2,1.2,1,1.2,0.8,1.1,1.3,0.1,1.3,1.2,,1.5,
20141021,14,SO2,18.2,17.6,18.4,20.1,21,20.9,,17,13.7,22.5,17.8,15,12.7,14.9,19.2,15.1,16.1,,12.4,15.9,17.2,25.7,16.7,22,26.1,23.5,15.6,19.6,30.7,18.2,23.4,25.8,,14.9,
20141021,14,NO2,37.7,37,37.9,51.1,61.8,48.1,,44.1,32.5,41.8,31.2,38.5,35.2,34.9,40.2,35.3,54.7,,28.1,40.1,53.4,49.7,46.2,45.8,49.9,27.5,51.1,60,26,27.4,60.5,61.9,,72.6,
20141021,14,O3,44.6,49.3,47,39.5,23.1,38.2,,39.6,57.7,40.7,50,54.5,41.3,47.7,76.1,51,30.4,,58.4,38.7,30.4,28,34.4,33,34.4,38.3,43.8,21.1,47.2,65.4,18.9,34.5,,2.8,
20141021,14,CO,1,0.9,0.9,1,1.1,0.9,,0.8,0.9,1.1,0.9,1,1,1,1.1,0.7,0.9,,0.6,0.8,0.9,1.1,1.2,1.1,1.1,1,0.8,1.3,2,0.1,1.1,1,,1.4,
20141021,16,SO2,19.1,19.9,15.6,18,16,20.5,15.8,14.4,12.1,16.6,14.5,12.5,10.9,15.3,20.7,23.2,13.3,13.6,13.6,17.4,18.2,21.7,17,17.3,20.8,16.6,15.4,17.3,33.8,22.8,21.4,20.3,14.3,15.4,26.6
20141021,16,NO2,42.2,40.8,46.9,48.6,57.9,53.2,60.7,45.6,38.3,37.3,31.9,43.1,34.9,38.3,43.5,52.9,53.8,38.1,35.4,53.1,60.9,54.4,50.4,45.6,61.6,23,59.1,57.2,40.8,31.6,64.2,70.4,68.6,73,88.2
20141021,16,O3,43.2,48.7,40.5,43.6,26.8,36,23.7,39.3,54.4,47.7,57.8,54.6,46.1,55.9,78.7,28,37.3,52.3,56.9,27.5,24.4,33.3,39.4,46.1,34.4,52.4,37.3,26.1,44.7,70.8,20.1,26.1,28.5,2.6,16.6
20141021,16,CO,1.1,1.1,0.9,1.1,0.9,1,0.9,0.9,1,1,0.9,0.9,1.1,1.1,1.2,1.3,0.8,0.9,0.8,1.1,1,1,1.2,1,1,0.8,1,1.3,2.1,0.4,1.3,1.2,0.9,1.3,1.4
20141021,17,SO2,19.8,18.1,16,16.4,18.6,21.8,15.8,16.7,9.5,15.4,16.8,11.3,14.3,20.3,21,25.5,13.3,13.3,13.8,15.7,17,19.3,13,14.8,16.9,19.8,14.9,20.1,29.2,22,19,23.5,17.3,14.9,25.4
20141021,17,NO2,47.5,45.3,57.3,52.3,67.2,54.6,69,53.2,43.5,45.1,36.7,52.3,43.6,47.9,42,65.9,59.7,49.3,46.8,55.2,64.4,59.4,55.4,53.5,78.2,36.3,63.1,58.7,44.8,37.2,70.8,80.9,68.3,75,97.9
20141021,17,O3,38.6,45.3,33.5,41.8,18.9,38.9,18.4,32.6,50.5,38.2,50.7,43.1,40.8,48,78.1,22.6,29,40,44.8,27.1,22.4,28.1,37.9,38.7,19.8,32.6,30.4,23.6,35.9,66.3,15.1,24.4,26.5,2,10.6
20141021,17,CO,1.2,1.1,1.1,1.2,1.1,1,1,0.9,0.9,1.1,1.1,1.1,1.4,1.6,1.4,1.4,0.9,1,0.9,1.1,1,1,1.1,1,0.9,1,1,1.5,1.9,0.5,1.3,1.3,1,1.5,1.5
20141021,18,SO2,20.9,13.5,17.8,16.8,18,19.5,16.3,13.8,8.2,19.8,16.8,14.1,15.5,21.8,22.3,23.4,12.1,13,15.4,9.6,13.6,17.5,9.9,11.8,15.2,18.7,10.6,14.4,13,11,14.4,23.6,18,13.7,17.7
20141021,18,NO2,61.4,53.7,58.3,75.8,78.4,73.3,81.6,58.3,54.1,70.4,47.9,58.1,65,73.3,69.5,87,77,72.9,63.7,70.5,76.2,74,64.5,65.3,89.4,43.3,65.5,64.2,67.7,40.3,84.3,99.3,81.7,81.8,102.8
20141021,18,O3,26,28,33.1,20.1,10.2,17.3,6.3,26.5,34.7,10.9,33.3,38.8,23,24.1,50.4,5.7,9.1,16.1,27.4,7.7,8.7,14,30.7,17.7,5.9,18.5,20.1,9,2,45.7,5.6,6.2,16.1,2,4.8
20141021,18,CO,1.6,1.5,1.3,1.7,1.3,1.3,1.1,0.9,1.1,1.6,1.4,1.4,1.8,2,1.8,1.4,0.9,1.1,1.1,1.2,1,1.1,1.1,1.1,0.9,1.1,1,1.6,1.7,0.6,1.8,1.9,1.3,1.9,1.8
20141021,19,SO2,25.5,7.3,22.4,11.6,20.3,23.1,17,9.5,5.1,20.4,18.6,16,16.2,20.3,25.5,24.8,9.2,12.8,16,8.9,15.8,14.8,8.8,6.8,16.4,17.4,5.9,9.4,7.1,5.6,12.1,35.1,23.2,11.5,11.5
20141021,19,NO2,85,66.2,73.7,93.4,97,87.8,98.4,72.8,47.6,73.2,74.7,96.3,87.2,98.7,92.4,96.7,88.5,83.8,97.2,77.9,84.5,82,73.4,55.7,95.2,40.9,62.1,70.9,43.1,52.5,90.7,131.6,97.7,88,116.5
20141021,19,O3,6.9,7.3,20.5,2.7,2,5.8,2,5.6,29.2,5.7,9.8,6.2,4.4,2,31.1,2.3,2,3.7,3.3,2,2,2,20.1,13.4,2,18.4,18.4,2,3.6,18,2,2,9.2,2,2
20141021,19,CO,2.1,1.8,1.8,2.2,1.8,1.7,1.6,1,1.2,1.9,1.7,1.9,2,2.2,2,1.7,1.3,1.2,1.5,1.3,1.1,1.3,1.2,1,1,1.1,1,1.6,1.4,0.7,2.5,2.7,1.8,2.2,2.6
20141021,20,SO2,28.2,6.3,25.9,11.7,21.7,22.3,18,6.8,6.8,19.9,20.3,15.5,16.8,22.4,25.9,31.3,4.5,11.9,12.7,7.1,9.8,11.3,7.8,5.7,13.2,16.4,7.2,7.5,5.9,4.4,12.1,31.1,26.3,11.5,16.9
20141021,20,NO2,92.3,69.4,98.2,99,109.5,95.8,102.1,81.1,43.5,82.5,90.9,100.1,91.1,97.5,97.4,116.3,80.9,83,95,66.8,77.9,72,78.5,49.8,87.5,38.4,58.7,71.3,29.5,64.1,89,150.7,101.4,88.3,134.9
20141021,20,O3,2.7,3.3,3.5,2,2,2,2,2,30,2,2,6,2,2.5,28.1,4.8,2,2,2.4,4.7,2,2,11.5,12.1,2,12.3,23.8,2,15.9,2.5,2,2,5,2,2
20141021,20,CO,2.4,2.1,2.1,2.5,2.1,2,1.9,1.1,1.5,2.2,1.9,2.1,2,2.1,2.4,2.3,1.3,1.4,1.7,1.5,1.5,1.5,1.2,1,0.9,1.1,0.9,1.6,1.2,0.8,3,3.5,2.1,2.6,3
20141021,21,SO2,28.8,7.3,29.2,14.8,21.7,20.4,14.9,6.4,11.5,21.1,19.7,12.5,12.1,20.6,25.8,30,3.5,9,7.4,4.8,6.6,10.5,6.8,6,12.4,15.2,6.7,6.5,5.9,3.9,12.6,27.4,28.5,11.9,10
20141021,21,NO2,94.2,72.8,101.2,99.7,112.1,94.6,100.6,73.4,48.6,100.5,94.4,91.3,87.3,93.3,94.1,119.3,76,70.5,78.3,56.9,70.5,68.1,85.2,47.2,82.6,38.5,53.5,69.5,42.5,56.7,89.1,160.6,103.7,88.7,121.1
20141021,21,O3,2.3,4.1,3,2.6,2,2,2,2,27.8,2,2,4.7,2,2.4,25.7,2.8,2,5.3,2.4,3,2,2,3,13,2,7.7,25.7,2,8.9,4,2,2,4,2,2
20141021,21,CO,2.4,2.3,2.2,2.6,2.3,2.1,2,1.2,1.7,2.5,2,2.5,2,1.9,2.1,2.4,1.2,1.2,1.6,1.4,1.2,1.4,1.2,1,0.9,1.1,0.9,1.6,1.2,0.6,3.1,3.7,2.3,2.7,2.7
20141021,22,SO2,28,7.1,27.9,18.7,24.1,23.5,14.2,7,12.4,24.3,20.6,14.3,10.3,18.3,26.5,23.6,3,6.3,6.7,3.8,5.1,14.1,7.4,5.9,13.1,7.5,7.5,8.8,5.8,4.3,12.6,29.2,26.7,12.9,7.4
20141021,22,NO2,88.7,66.2,97.3,96,114.7,97.5,99.7,73.8,71.1,100.5,93.2,100.8,83.6,81.8,86.6,117.4,69.5,62.1,70.7,47.5,63.9,63,71.4,46,81.4,34.2,49.9,73.9,54.6,53.7,85.1,129,105.7,85.9,122.8
20141021,22,O3,2,3.9,2.4,3,2,2,2,2,12.1,2,2,5.3,2,2,24.6,2.7,2,6.5,2,4.5,2,2,9.7,12,2,3.2,29.5,2,2,2.9,2,2,3.4,3.4,2
20141021,22,CO,2,2.3,2,2.1,2.5,2,1.9,1.3,1.7,2.3,1.9,2.5,2.1,1.6,1.4,2.3,1.2,1.1,1.5,1.2,1.2,1.2,1.3,1,1,1,0.9,1.7,1.1,0.4,2.7,2.4,2.3,2.4,2.9
20141021,23,SO2,25.8,11.2,27.2,18.9,23.5,22.1,13.9,7.5,9.5,27,19,14.4,10.8,18,22.2,21.8,2.7,6.9,7.4,3,4.9,9.1,5.7,5.6,13.7,6.3,12.1,15,6.7,6.1,10,27.8,24.8,11.8,7.9
20141021,23,NO2,78.7,69.1,87,87.9,101,91.5,102.6,67.1,88.8,88.4,94.3,99.8,85,73.4,76.5,114.6,63.3,56.4,66.9,40.7,60.8,56.4,64.2,44.2,78.2,30.8,48.6,83.3,48.2,59.1,76.2,108.1,98.6,81,119.5
20141021,23,O3,2,3.4,2,2,2,2,2,2,2,2,2,5,2,2,23.5,2.8,2,8.5,2,8,2,2,10.7,9.3,2,4.2,35.4,2,2,2.2,2,2,2.7,2,2
20141021,23,CO,1.4,1.5,1.5,1.5,1.5,1.6,2.1,1.3,1.7,1.9,1.9,2.4,1.6,1.1,1,2.3,1.3,1.1,1.3,1,1.1,1.2,1.3,1,1.1,1,1,1.6,0.8,0.4,1.8,1.5,1.7,1.8,2.7
20141021,0,PM2.5,32.3,53.5,60.5,51.6,59.1,63,,155,135.9,77.8,145.3,120.5,70.5,94.5,47.6,49.6,73.5,161.7,108.8,63.7,48.5,126.6,222.3,194.5,214.3,158.8,61.7,32.3,41.3,71.9,73.2,3,75.2,66.8,
20141021,0,PM10,,,,,,,,,,,,,,,,,,,,,,,,,,,,,,,,,,,
20141021,0,AQI,232,229,252,231,260,262,,307,282,283,362,279,266,273,259,249,240,294,296,245,205,270,319,310,321,265,226,199,241,289,295,344,287,295,
20141021,1,PM2.5,15.6,29.9,42.2,38,43.2,45,,91.7,55.1,54.6,107.9,50.9,51,47.6,31.5,42.3,55.4,81.1,90.4,60.8,44.1,79.4,196.3,100.6,176.1,110.1,55.2,29.8,40.6,51.1,53,3,44.2,48.7,
20141021,1,PM10,,,,,,,,,,,,,,,,,,,,,,,,,,,,,,,,,,,
20141021,1,AQI,227,224,247,227,255,257,,296,277,279,358,275,261,268,252,243,234,285,289,239,201,264,313,302,317,260,220,191,234,283,290,334,282,290,
20141021,2,PM2.5,11.6,31.9,41.4,39.4,34.5,37.3,,52.7,49.7,39.6,102.3,46.6,37.1,37.1,30.2,32.5,40,49,71.1,58.3,13.4,57.9,133.3,66.7,102.1,71.1,55.1,21.7,29.9,47.9,57.7,3,43.5,46.8,
20141021,2,PM10,,,,,,,,,,,,,,,,,,,,,,,,,,,,,,,,,,,
20141021,2,AQI,221,220,243,222,250,251,,285,272,273,354,270,256,262,246,237,228,277,280,234,192,257,305,293,310,254,215,183,227,278,284,323,276,284,
20141021,3,PM2.5,13.7,29.9,29.3,19.7,34,27.5,,39.2,34.4,35.6,91,32.9,30.2,30.4,25.8,31,37.9,38.1,45,46.7,3,47.9,71,47.6,62.2,54.8,33.2,20.7,21.1,52.2,38.9,3,31.1,30.6,
20141021,3,PM10,,,,,,,,,,,,,,,,,,,,,,,,,,,,,,,,,,,
20141021,3,AQI,216,215,238,217,245,245,,275,266,268,347,260,250,256,239,231,222,268,271,228,184,250,295,284,301,247,208,175,221,273,277,313,270,278,
20141021,4,PM2.5,13.1,33.9,27.4,20.5,32.3,39.8,25.3,32,39.3,30.2,105.9,28.1,41,27.4,33.2,35.6,33.3,40.2,36.7,51.9,3,44.6,65,43.8,58,46,20.7,21.4,27.6,44.3,34.5,3,25.9,21.8,
20141021,4,PM10,,,,,,,,,,,,,,,,,,,,,,,,,,,,,,,,,,,
20141021,4,AQI,211,211,233,212,240,240,235,265,258,262,342,251,244,250,232,225,217,257,261,222,175,243,285,275,290,240,201,168,216,267,271,303,263,271,
20141021,5,PM2.5,6.7,27.2,27.6,26.1,31.9,32.5,28.3,29.4,30.5,27.8,94.9,26.6,33.1,26.5,25.8,37.1,35.9,35.8,30.2,51.1,3,43.2,47.7,35,39.9,44.5,13.9,26.1,27.8,30.6,38.6,3,33.8,36.2,31.9
20141021,5,PM10,,,,,,,,,,,,,,,,,,,,,22.6,,,,,,,,,,,,,,
20141021,5,AQI,205,206,225,208,232,234,227,255,249,255,333,242,237,243,226,218,211,247,251,216,167,237,275,265,278,233,191,162,211,261,265,292,254,264,247
20141021,6,PM2.5,11.6,35.4,29.3,32.1,31.6,29.2,31,29.1,23.7,35.7,70.7,26.7,32.5,21.5,23.8,32.8,39.6,31.2,31.9,44.2,3,42.6,41.4,40.7,39.7,46.2,23.5,22.2,18.8,31.7,49.3,3,27.8,36.7,36
20141021,6,PM10,,,,,,,,,,,,,,,,,,,,,76,,,,,,,,,,,,,,
20141021,6,AQI,194,202,216,203,223,227,221,247,240,246,324,232,230,236,219,214,206,238,241,211,160,230,265,257,266,225,182,157,206,255,257,280,242,257,239
20141021,7,PM2.5,12.6,27.6,29.9,29.3,35.8,31.9,32.2,32.2,26.3,35.4,74.2,28.6,31.5,24.5,,37.1,29.8,26,33.6,42.1,3,39.8,37.6,34.4,35.8,,21.9,26.1,25.9,29.4,49.2,13.9,33,40.3,43
20141021,7,PM10,,,,,,,,,,,,,,,,,,,,,86.1,,,,,,,,,,,,,,
20141021,7,AQI,,196,208,196,215,221,215,239,231,236,314,223,224,231,,211,201,229,232,205,151,,254,247,254,,173,153,202,248,247,268,232,248,
20141021,8,PM2.5,9.9,31.3,27.8,27.9,36.5,30.4,26.1,29.5,38.3,32.9,86.4,27.8,29.7,42.5,35.9,39,33,33.5,36.8,39.6,3,39.4,39.1,41.3,29.8,41.4,23.8,32.6,23.8,31.6,51.7,3,35,43.3,40.7
20141021,8,PM10,,,,,,,,,,,,,,,,,,,,,39.8,,,,,,,,,,,,,,
20141021,8,AQI,170,187,199,187,208,214,209,231,223,225,305,214,216,226,212,207,194,221,223,199,143,215,244,237,242,211,162,149,197,241,237,252,222,238,227
20141021,9,PM2.5,12.4,23.3,31.7,26.6,33.3,34.7,34.9,46,26,40.9,90.7,35.4,30.8,51.3,43.5,48,39.9,37.7,36,31.6,3,37.5,37.8,42.3,40.1,34.7,25.2,39.5,27.9,33.8,39.7,17,33.4,47.6,39.7
20141021,9,PM10,,,,,,,,,,,,,,,,,,,,,76.1,,,,,,,,,,,,,,
20141021,9,AQI,160,178,188,178,200,208,200,224,214,215,295,205,208,220,207,203,186,213,215,190,135,206,235,226,231,202,150,146,190,232,228,236,214,228,221
20141021,10,PM2.5,15.6,37.3,27.7,31.9,37.2,35.2,33.5,42.2,33.1,35.1,103.1,38.4,30.4,25,43.1,43.9,33.8,29.6,37.3,37.5,11.3,30.4,35,39.1,30.1,29.1,20.9,39.6,40.4,43.4,54.4,28.7,30.4,36.1,44.7
20141021,10,PM10,,,,,,,,,,,,,,,,,,,,,135.6,,,,,,80,,,,,,,,
20141021,10,AQI,149,167,176,168,187,199,187,213,204,205,285,194,199,211,200,197,175,202,206,179,125,197,224,215,220,191,139,143,183,222,219,221,204,218,212
20141021,11,PM2.5,15.1,39,36.4,33.3,36.4,25.4,30.1,38,40.2,38,86.2,36.7,29.7,46.2,40.7,35.9,33.5,33.7,39.1,39.1,15.8,41.9,39,33.4,37.6,37.8,33.1,31.2,29.8,33.5,53.8,,45,46.8,40.6
20141021,11,PM10,,,,,,,,,,,,,,,,,,,,,90,,,,,,122.4,,,,,,,,
20141021,11,AQI,138,156,164,156,174,184,174,202,191,194,272,181,184,200,186,183,164,186,194,166,115,186,213,203,210,180,126,136,172,211,209,210,192,207,201
20141021,12,PM2.5,19,24.8,42.4,25.9,34.9,32.5,30,42.4,39.4,39,71.3,32,24.7,,33.4,38.8,29.1,33.3,32.4,37.2,8.8,35.9,35.9,39.8,39.2,39.5,33.3,25.6,30.1,35.5,42.8,,49.4,47.6,50.7
20141021,12,PM10,,,,,,,,,,,,,,,,,,,,,34.1,,,,,,106.7,,,,,,,,
20141021,12,AQI,127,144,153,145,162,169,161,187,176,181,259,168,170,191,170,171,152,170,180,153,107,175,201,187,201,170,114,129,159,201,198,198,179,195,186
20141021,13,PM2.5,13.7,37.5,40.6,34.9,40.1,45,35.2,41.8,27.2,29,82.3,29.6,27.1,35.8,41.2,32.1,35.4,34.6,25.4,27.2,9.1,38.4,39.4,40.7,36.6,34.4,28.8,32.9,28.3,24.7,33.8,,49,47.9,52.1
20141021,13,PM10,,,,,,,,,,,,,,,,,,,,,63,,,,,,85.9,,,,,,,,
20141021,13,AQI,115,133,143,135,148,154,149,172,162,166,245,157,155,174,154,159,142,157,166,141,100,166,186,172,188,161,102,119,146,185,181,177,166,179,171
20141021,14,PM2.5,15.7,22.9,29.3,32.5,37.6,33.7,25.7,41.1,23.7,35.9,,30.8,33.5,32,32,30.5,36.3,30.4,29.5,28.4,6,43.5,52.7,39.6,41.3,35.4,28.7,43.2,33.5,29.4,54.3,3,36.8,38.9,43.8
20141021,14,PM10,,,,,,,,,,,,,,,,,,,,,90,,,,,,68.9,,,,,,,,
20141021,14,AQI,103,121,131,123,136,140,137,159,149,150,236,144,142,158,141,146,131,146,154,129,91,156,173,159,172,153,99,109,134,168,164,147,151,162,156
20141021,16,PM2.5,16.5,32,31,25.2,32.6,34.9,32.1,28.7,39,35.7,17,29.2,23.8,33.8,38.4,,27.3,31.6,33.6,36.8,20,46.3,42.9,51.7,44.1,29,40,39.5,66.1,42.1,40.1,,27.1,39.3,43
20141021,16,PM10,72.3,,,74.3,,,,,,,,,,,,,,,,,95.5,,,,,,105,,,,,,,,
20141021,16,AQI,82,101,108,101,114,116,113,133,125,123,209,118,116,130,116,129,111,128,130,107,80,135,147,140,146,135,88,89,111,137,135,102,123,133,130
20141021,17,PM2.5,19.9,26.6,32.7,26.5,44.1,22.6,32.4,34.6,34.8,34.2,32.7,31.4,39.1,41.7,43,28,30.3,39.8,33.8,45.4,23.7,44.2,48.3,42.2,43.9,32.7,43.3,40.5,56.1,46.3,39.7,,30.5,45.3,46.3
20141021,17,PM10,90.2,,,85.5,,,,,,,,,,,,,,,,130.9,113.3,,,,,,121.3,,,,,,,,
20141021,17,AQI,78,91,99,92,104,105,104,123,114,113,191,108,105,118,105,116,101,119,118,96,78,124,138,129,138,125,80,79,100,125,124,41,112,122,119
20141021,18,PM2.5,21.9,25.6,35.2,34.2,39.4,38.2,31.9,39.6,37.9,41.1,42.9,36,49.4,52.3,41.2,54.5,34.5,48.1,40.4,39.7,28.5,41.4,40.7,58.4,40.8,39.7,44.1,46.9,63.1,52.1,55.4,,39.6,53.7,49.8
20141021,18,PM10,93.6,,,102.1,,,,,,,,,,,,,,,,124.6,124.6,,,,,,96.2,87.3,,,,,,,
20141021,18,AQI,75,81,90,83,95,94,94,113,105,103,173,100,95,107,94,104,91,111,109,86,76,113,130,120,129,115,74,70,90,113,113,50,102,111,108
20141021,19,PM2.5,34.8,38.9,40.1,47,50.3,46,40.9,35.6,37,49.1,52.1,49.5,56.1,63.4,47.5,67,47.5,46.1,51.8,53.4,35.6,47.5,46.6,42.3,44,52.7,44.1,57,54.7,75.7,68.8,,47.7,72.6,61.6
20141021,19,PM10,101.7,,,118.2,,,,,,,,,,,,132.7,,,,118.8,131.3,,,,,,118.3,72.2,,,,,,,
20141021,19,AQI,71,73,80,75,84,83,85,103,96,93,156,91,86,98,84,92,82,102,100,80,73,102,122,111,120,105,72,62,81,102,102,66,91,100,97
20141021,20,PM2.5,41.8,49,57.3,59.6,62.5,51.2,44,42.2,43.2,56,72.5,67.5,61,94.6,68.3,115.1,,44.8,60.2,72.7,,58.9,46.2,34.9,44.3,54.8,47.8,67.4,59.9,91.3,104.2,,60.2,92,81.4
20141021,20,PM10,130.7,92.9,,130.7,,,,,,,,,,,143,216.6,,,,160.8,164.4,,,,,,96.3,88.5,,,,187,,175.9,168.1
20141021,20,AQI,69,67,72,72,75,73,75,93,86,84,142,82,77,89,75,83,73,92,91,81,73,91,114,101,110,96,71,56,72,92,93,76,81,91,87
20141021,21,PM2.5,48.8,54,67.6,68.4,62.5,60.7,61.2,62.3,51.6,85.4,84.5,61.6,82.8,110.1,80.7,150,45.8,38.3,63.4,68.7,38.9,60.6,47.7,44.9,41.4,54.1,42.8,84.3,76.4,88.1,102.2,,71.4,102.1,81.6
20141021,21,PM10,143.4,104.8,127.8,141.4,,133,,,,,,,,,150,230.6,,,,152.5,95.2,150.6,,,,,91.5,97.8,,257,,187.7,,170.4,194.4
20141021,21,AQI,68,64,67,70,67,72,66,83,75,75,128,74,69,81,68,75,64,82,81,82,69,82,105,92,99,85,71,57,65,82,84,81,71,82,77
20141021,22,PM2.5,48.5,59.7,74.9,70.8,71.9,77.8,60.7,58.9,66.8,107.9,84.2,88.5,91.6,90.8,73.2,138.9,66,44.1,57.8,51.6,44.3,54.2,50.4,41.4,34.3,43.9,38.9,98.3,87.9,93.1,98.3,,78.4,105.3,97.8
20141021,22,PM10,149.3,126.3,129.3,142.7,153.4,141.6,,,,,,,,,131.7,224.7,,,,100.8,72.1,90.7,,,,102.2,74,123.5,,189,,139.1,158.1,164.3,165.2
20141021,22,AQI,69,65,68,71,76,73,60,73,66,70,114,67,64,73,69,78,59,71,72,82,66,74,96,82,88,77,70,58,61,80,79,65,75,83,75
20141021,23,PM2.5,49.1,64.7,69.7,67.8,64.2,82.2,57,51.3,60.4,101.8,105.7,101.8,88.5,85.5,66.4,135.2,75.1,37.9,49.7,43.8,42.8,50.2,56.7,47.5,39.7,45.7,43.5,88.5,80.3,98.2,86.7,,80.6,89.3,114.7
20141021,23,PM10,138.5,93.3,124.4,131.7,128.4,143.9,163.5,109.3,133.1,,,340.1,,,106.6,267.3,152.1,,99,76.3,66.5,111.7,,68.9,,78.3,69.5,104.9,91.7,190.8,,135.2,148.8,150.5,194.8
20141021,23,AQI,70,66,69,72,76,74,73,69,66,66,109,87,62,69,69,81,68,62,68,82,66,70,86,72,78,72,70,60,81,81,77,67,76,84,77
