date,hour,type,dongsi,tiantan,guanyuan,wanshouxigong,aotizhongxing,nongzhanguan,wanliu,beibuxingqu,zhiwuyuan,fentaihuayuan,yungang,gucheng,fangshan,daxing,yizhuang,tongzhou,shunyi,changping,mengtougou,pinggu,huairou,miyun,yanqing,dingling,badaling,miyunshuiku,donggaocun,yongledian,yufa,liulihe,qianmeng,yongdingmengxi,xizhimengbei,nansanhuan,dongsihuan
20140702,0,SO2,2.3,2,2,2,2,2,7.3,41.5,,2,2,2,2,2,2,5.1,2,2,2,2,2,2,2,2,2,2,3,33.2,,11.3,2,2,8.9,5,2
20140702,0,NO2,16.3,19.6,19.5,23.2,26.9,13.8,20.9,7.9,,21.5,12.7,26.6,20.9,25.3,25.3,11.2,2,15,19.3,7.5,10.8,10.8,9.2,10.1,60.3,2,17.8,17.1,,14.6,24.6,30.8,39.5,48.6,92.1
20140702,0,O3,134.9,132.4,130.5,138,122.2,147.9,110.4,128.2,,113.7,98.5,107.6,100.4,113.4,127.8,120.6,148.5,149.8,116.9,157.2,145.9,153.7,115.9,124.2,77.4,172,150.1,117.7,,100.2,89.4,107.8,103.1,79.4,63.2
20140702,0,CO,0.9,0.9,1,0.4,0.9,0.8,0.7,0.7,,0.8,0.8,0.9,0.9,0.8,0.8,0.6,0.9,0.8,0.8,0.6,0.8,0.8,0.5,0.7,0.8,0.1,0.5,0.5,,0.6,0.7,0.7,0.7,0.8,0.8
20140702,1,SO2,2,2,2,2,2,2,5,43,,2,2,2,2,2,2,9.5,2,2,2,2,2,2,2,2,2,2,2.6,32.2,,11.6,2,2,12.1,,2
20140702,1,NO2,17.2,14.6,17.5,18,24.2,14,13.7,5.9,,13.1,14.4,16.1,20.9,28.5,21,18.9,5.8,14.7,11.1,7.7,7.6,7.7,6.2,7.4,57.4,2,13.8,14.6,,14.4,26.6,22.1,22.8,,103.8
20140702,1,O3,127.9,138.3,126.9,143.2,118.2,140.8,117.7,126.6,,134.3,80.4,131.5,79.9,100.9,130.6,107.5,111,136.2,129.7,144.9,141.1,150.7,116.5,132,89.7,162.7,140.1,118.5,,104.1,90.1,113.7,115.3,,45.6
20140702,1,CO,0.8,0.8,0.9,0.3,0.9,0.8,0.5,0.6,,0.8,0.9,0.8,0.9,0.9,0.8,0.5,1,0.8,0.7,0.7,0.8,0.7,0.6,0.7,0.8,0.1,0.5,0.5,,0.7,0.9,0.7,0.6,,0.7
20140702,2,SO2,2,2,193.9,2,2,2,2,42.9,,2,2,2,2,2,,,5.4,2,2,2.5,2,2,2,2,2,2,198.5,31.1,,10.3,2,2.4,2,5.2,2.4
20140702,2,NO2,10.2,13.5,15.2,18.7,24.4,12,14.7,5.4,,12.5,9.5,13.7,26.5,28.9,16.9,17.1,2.6,44,14,8.4,7.9,8.9,6.2,7.4,44,2,12.2,14.2,,16.6,21.5,17.6,30.1,40.3,102.9
20140702,2,O3,130.6,125.4,113.8,128.7,108.6,129.9,104.5,99,,124.5,96,96.5,63.7,100.2,124.5,100.6,92,96.3,96.7,136,138.1,136.8,115,124.3,96.1,156.9,125.1,108.2,,104.8,88.6,99.4,92.1,78.1,38.3
20140702,2,CO,0.8,0.8,0.8,0.3,0.6,0.7,0.5,0.6,,0.8,0.9,0.7,0.9,0.9,0.8,0.6,0.7,0.8,0.6,0.7,0.7,0.7,0.6,0.7,0.8,0.1,0.5,0.5,,0.8,0.9,0.7,0.6,0.8,0.6
20140702,3,SO2,2,2,2,2,2,2,2,42.5,,2,2,2,2,2,2,2,2,2,2,2,2,2,2,2,2,2,3.7,30.9,,10.2,2,2.6,2,,2
20140702,3,NO2,11.3,12.7,13.5,15.1,14.8,11.2,15.6,4.3,,12.3,8.7,11.2,22.2,22.7,12.9,12.8,4.2,30.1,7,6.8,10.4,5.7,6.6,9.1,42.5,2,12.5,17.7,,16.6,16.6,16.7,30,,90.1
20140702,3,O3,123.1,126.5,125.4,134.8,118.2,129,95.9,94.3,,117.6,103,97,80.5,105.7,129.3,101.1,111.1,110.1,2,141,130.6,142.9,111.3,86.7,100.8,163.5,112.1,97.9,,100.3,89.2,100.9,90.5,,44.7
20140702,3,CO,0.8,0.8,0.8,0.7,0.7,0.8,0.5,0.6,,0.7,0.8,0.5,1,0.8,,,,0.7,0.1,0.8,0.7,0.7,0.6,0.7,0.9,0.1,0.5,0.5,,0.8,0.8,0.7,0.6,,0.6
20140702,4,SO2,2,2,2,2,3.2,2,3.3,42.1,,2,2,2,2,2,2,2,2,2,2,2,2,2,2.1,2,2,2,3.3,30.7,,9.5,2,2.3,2,4.3,2.2
20140702,4,NO2,12.1,12,13.1,14.3,15.4,11.2,15.1,5.3,,10.4,6.7,9.7,18.3,25,20.5,8.7,5.3,25.9,6.2,7.2,7,2.9,5.5,12.8,32.4,2,12.4,19.5,,23.3,16.4,18.2,27.5,54.3,65.1
20140702,4,O3,117.3,121.8,103.8,126.3,103.9,108,93.5,84.6,,111.4,108.6,116,87.6,91.1,,,84.6,101.1,92.8,132.9,126.8,142.6,114.4,68.9,105.7,152.9,101.2,96.3,,82.3,87.2,94.5,85,56.9,51.9
20140702,4,CO,0.8,0.8,0.8,0.7,0.6,0.8,0.5,0.6,,0.7,0.8,0.5,1,0.8,0.8,0.7,0.5,0.7,0.5,0.8,0.7,0.7,0.7,0.7,0.8,0.1,0.5,0.5,,0.9,0.8,0.8,0.6,0.7,0.6
20140702,5,SO2,2,2,2,2,2.5,2,2,39.8,,2,2,2,2,2,2,2,2,2,2,2,2,2,2,2,2,2,2.9,30.5,,10.4,2,2.1,2,4.8,2
20140702,5,NO2,14.5,15.9,13.9,15.3,14.7,21.4,15.7,6.4,,15.6,5.5,7.1,11.8,21.3,,,2,24.8,,9.5,8.3,4.8,23.4,27.4,60.4,2,12.1,15.9,,20.1,20.9,17.2,26.5,52.6,103.6
20140702,5,O3,100.7,106.2,101.7,119.5,100.1,96.5,84.2,76.7,,107.4,105.2,128.2,99.5,84,54.8,49.6,90,98,111.4,118.1,113.7,134.4,119.1,62.8,75.7,151.2,108.6,99.3,,94.4,74.8,94.3,82.8,64.5,15.7
20140702,5,CO,0.8,0.8,0.8,0.7,0.5,0.8,0.5,0.6,,0.7,0.8,0.6,0.9,0.8,0.8,0.7,0.5,0.7,0.6,0.8,0.7,0.7,0.7,0.7,0.8,0.1,0.5,0.5,,0.7,0.8,0.8,0.6,0.7,0.7
20140702,6,SO2,2,2,2,2,2,2,3.5,38.7,,2,2,2,2,2,2,2,2,2,2,2,2,2,2,2,2,2,2.6,30.7,,9.7,2,2,2,,3
20140702,6,NO2,14.2,12.9,15.7,16.1,16.5,16.9,16.7,7.6,,18.6,4.7,14.5,12.9,19.3,28.6,33.3,2,22.7,9.2,14.5,14.9,17.9,23.9,19.7,80.7,2,14,16.3,,14.6,26.7,41.7,53.8,,95.2
20140702,6,O3,101.2,102.3,101.9,107.7,105.5,101.3,83.2,71.2,,97.9,96,112.7,91.4,75.5,77.8,58.8,115.1,100.4,118.1,105.1,105.9,97.1,110,57.3,37.8,136.4,88.9,93.7,,93.8,64.6,67.9,67.7,,23.2
20140702,6,CO,0.8,0.8,0.8,0.7,0.8,0.9,0.6,0.6,,0.7,0.8,0.7,0.9,0.9,0.8,0.7,0.7,0.7,0.7,1,0.7,0.7,0.7,0.7,0.8,0.1,0.5,0.5,,0.6,0.9,0.9,0.7,,0.8
20140702,7,SO2,2,2,2,2,2,2,4.7,33.4,,2,2,2,2,2,2,2,2,2,2,2,2,2,2,2,2,2,2.7,31.5,,9,2,2.2,2,,2.3
20140702,7,NO2,24.5,22.3,20.8,19.3,26.1,22.7,34.6,7.4,,25.6,6.6,21.4,35,31.4,25,26.9,2,30.5,18.9,14.4,17.9,19,29.4,22.6,98.4,2,17.4,16.3,,18.8,34,71.8,58.2,,90.3
20140702,7,O3,89.6,78.4,97.3,95.7,94.6,95.6,60.5,87.8,,78.2,86,107,71,66.1,82.2,69.4,95.6,96.3,89.8,88.8,99.5,89.5,91.6,67.4,21.8,124.3,90.7,86.9,,72.9,59.9,40.2,69.2,,21.2
20140702,7,CO,0.9,0.8,0.9,0.7,0.6,0.9,0.6,0.6,,0.8,0.8,0.8,1,0.9,0.8,0.6,0.8,0.7,0.7,0.8,0.8,0.7,0.7,0.7,0.9,0.1,0.5,0.5,,0.9,0.9,1.1,0.8,,0.9
20140702,8,SO2,2,2,2,2,2,2,3.9,33.4,,2,2,2,2,2,2,2,2,2,2,2,2,2.5,2.3,2,2,2,4.9,31.7,2,10.3,2,2.3,2,8.6,2
20140702,8,NO2,31.8,30.8,29.6,39.2,39.8,28.9,38.2,14.3,,32.3,13.1,27.9,38.4,36.3,19,25.7,7.6,37.2,21,22,17.6,23.3,17.5,23.5,98.3,2,22,15.6,2,16.7,87,78.3,67.4,135,97.1
20140702,8,O3,77.3,79.4,86.9,76.9,75,82.4,62.5,87,,68.3,75.8,98.2,54.8,66.7,100.6,81.3,103,88,87,81.7,94.7,85.1,102.9,84.3,20,123.4,110,81.3,,70.6,27.6,37.8,56.1,2,15.6
20140702,8,CO,0.9,0.9,0.9,0.8,0.6,0.9,0.7,0.7,,0.9,0.9,0.8,1.1,1,0.8,0.6,0.9,0.8,0.8,0.8,0.9,0.8,0.7,0.7,0.9,0.1,0.9,0.5,1.1,0.8,1.1,1.4,0.9,1.4,1.1
20140702,9,SO2,2,2,2,2,2,2,4.2,33.1,2,2,2,2,2,2,2,2,2,2,2,2,2,2.3,2.1,2,2,2,15.2,31.6,2,9,2,2.9,2,7.3,2
20140702,9,NO2,32,26.7,31.4,40.9,47.9,36.6,46.9,15.4,10.7,30,16.4,32.1,33.9,35.8,29.3,27.2,16.8,28.8,16.8,26.6,26.9,15.3,15.7,24.5,29.6,2,23,14.1,3,19.4,80.2,78.6,59.1,138.3,94.8
20140702,9,O3,89.9,98.4,85,83.8,62.3,85.1,55.2,99.3,108.4,78,74.2,88.6,57.3,83.6,98.6,77.9,88.2,95.7,92.8,94.7,80.9,88.3,108,85.3,87.4,125.2,106.7,91.7,,67,38.1,52.9,55,5.1,18.1
20140702,9,CO,0.9,0.9,1,0.8,0.7,0.9,0.7,0.7,0.7,0.9,0.9,0.9,1.1,0.9,0.8,0.7,0.9,0.8,0.8,1,0.9,0.8,0.7,0.7,0.9,0.1,1.5,0.5,0.9,0.8,1,1.3,0.9,1.3,1.2
20140702,10,SO2,2,2,2,2,2,2,4.2,33.4,2,2,2,2,2,2,2,2,2,2,2,5.9,2,2,2.1,2,2,2,14.2,32.7,2,9.6,2,2.9,2,6.5,2
20140702,10,NO2,44.4,25.4,34.2,36.3,53,35.6,47.9,22.1,19.7,27.4,17.8,38.2,34.1,29.4,19.9,23.1,16.6,25.5,29.2,22.4,29.8,18.7,15.4,18.7,22.6,2,26.9,13.1,2.6,17,83.4,75.8,72.8,144.3,100.5
20140702,10,O3,83.7,101.8,96.2,106.5,63.2,89.8,55.1,89.4,94.6,91.9,79.9,80.1,68.2,96.5,89.6,91.5,83.5,99.3,80.7,99.9,74,79.3,111.3,99.2,,127.4,109,96.2,,78.8,41.2,62.5,47.4,8.1,26.5
20140702,10,CO,1,0.9,1,0.8,0.7,1,0.8,0.7,0.8,0.8,1,1.1,,0.9,0.8,0.7,0.9,0.8,0.9,1.5,0.9,0.8,0.8,0.7,0.9,0.1,1.3,0.5,1.2,0.8,1.1,1.3,1,1.3,1.3
20140702,11,SO2,2,2,2,2,2,2,3.8,33.4,2,2,2,2,2,2,2,2,2,2,37.2,6.6,2,2.5,2,2,2,2,11.7,35.3,2,9.6,2,2.4,2,6.6,2
20140702,11,NO2,37.4,23.7,37.3,36,46,39.3,53.7,19.5,16.8,30.3,,37.6,33.8,18.8,18.4,20.5,10.6,28.7,9.3,21.2,25.7,16.7,13.3,16,29.3,2,25.1,15.2,3.9,22,61.2,77.1,72.9,133.2,96.9
20140702,11,O3,90.5,101,97.9,94.5,81.2,89,48.4,82.3,99.6,100.5,76.5,92,65.3,102,95.2,101,91.5,102.5,75.5,117.4,70.8,91.1,112.7,105.3,110.6,120.2,121.5,109.3,,76.7,52.7,59.5,58,10.4,28.6
20140702,11,CO,1,0.9,1,0.8,0.7,1,0.8,0.7,0.8,0.8,0.9,0.9,1,0.9,1,0.7,0.9,0.8,0.7,1.4,0.9,0.8,0.8,0.7,0.9,0.1,0.9,0.6,1.3,0.8,1.1,1.3,1,1.3,1.3
20140702,12,SO2,2,2,2,2,2,2,4.6,33.6,2,2,2,3.6,2,2,2,2,2,2,2,7.7,15.5,2,2,2,2,2,13.4,38.6,2,9.4,2,2.5,2,6,2
20140702,12,NO2,45,20.8,57.7,31.5,63.1,31.4,51.1,25.6,15.6,68.3,17.5,33.6,40.6,22.9,19.1,18.9,9.5,26,21.8,17.2,18.6,15.2,14.6,13.7,23.3,2,28.6,15.7,2,17,62.8,61.2,97.6,117.4,94.2
20140702,12,O3,84.2,104.6,70.4,84.2,59.9,100,45.5,77.8,118.7,52.9,86.8,100.3,61.1,92.5,107.1,109.7,106.7,107.6,93.1,129.2,109.2,93.8,113.1,119.1,112.2,120.2,118.2,113.1,,80.6,54.1,75.3,32.6,17.2,35.3
20140702,12,CO,1.1,0.9,1.2,0.8,1.3,1.1,0.8,0.7,0.7,1,0.9,0.8,1.1,1.1,0.9,0.7,1.1,0.8,0.8,1,1.2,0.8,0.8,0.6,0.9,0.1,1.2,0.7,1.2,0.8,1.1,1.2,1.2,1.3,1.3
20140702,13,SO2,2,2,2,2,2,3.1,4.7,34.4,2,2,2,3.6,2,2,2,2,2,2,2,5.7,2,2,2,2,2,2,15.8,39.8,2,8.9,2,2.2,2,,2
20140702,13,NO2,49,25.7,73.5,30.1,55.5,28.1,41.3,16.3,15.2,60.5,12.4,27.2,29.7,34.7,18,14.7,4.8,23.9,22.2,23.2,10.4,11.7,12.5,14,44.5,2,32.3,16.8,2,17.5,51,35.3,97,,97
20140702,13,O3,81.6,111.9,51.3,98.5,65.4,101.3,61.7,92,137.2,59,104,110.3,64.9,58.2,92.8,115.5,118.6,121.3,101.8,118.7,120.5,106.9,118.8,127.5,93,125,111.5,108.8,,90.6,62.9,104.3,26.3,,41.5
20140702,13,CO,1.2,1.1,1.5,0.9,1.2,1.2,0.7,0.7,0.7,1,0.9,0.8,1,1,0.9,0.5,1.1,0.8,0.8,1.3,0.8,0.8,0.8,0.6,0.9,0.1,1.5,0.9,1.1,0.8,1.2,1.1,1.4,,1.4
20140702,14,SO2,2,2,2,2,2,4.2,5.5,34.8,2,2,2,4.6,4.7,2,2,2,23.4,2,2,5.1,2,2,2,2,2,2,13.9,40.1,2,9.6,2,2.2,2,6.1,2
20140702,14,NO2,43.8,30.6,58.7,36.7,47.3,31.9,47.9,15.6,19.6,39.8,9.7,22.5,27,37.2,21.1,,,24.8,16.7,26,12.4,10.6,10.4,18.4,31.6,2,34.3,15,2,14.7,63.2,37.6,93.2,134.3,100.4
20140702,14,O3,93.4,108.1,71.1,109.6,77.4,103,66.1,103.9,128.8,97.8,117.9,123.7,85.9,71.5,92.9,104.6,120.2,127.7,112.6,110.5,120.1,114.4,130,116.8,123.6,123,98.6,115.4,,96.9,57.5,104.4,33.4,16.3,39.6
20140702,14,CO,1.2,1.1,1.3,1,1.2,1.1,0.8,0.7,0.7,1,0.9,0.8,1.1,1,0.9,0.7,0.8,0.8,0.8,1.6,0.9,0.9,0.8,0.7,0.9,0.2,1.4,0.8,1.1,0.9,1.3,1,1.2,1.6,1.3
20140702,15,SO2,2,2,2,2,2.7,5.6,4.8,35.8,2,2,2,2,4.8,2,2,2,23.4,2,2,5.6,2,2.4,2,2,2,2.2,9.1,39,2,9.5,2,2.2,2,5.9,2
20140702,15,NO2,55.9,61.8,52.9,39.7,44.2,37.7,42.4,22.8,18.8,26.6,7.3,18.3,24.8,25.3,16.4,,,22.7,10.2,27.2,11,12.5,12.3,17.2,36.9,2,23.9,14,2,17.5,70.8,49.1,71.6,125.9,70.2
20140702,15,O3,83.3,82.3,95.3,118.4,90.3,,87.2,105.2,125.7,127.9,135.9,141,87,116.6,120.4,100.7,58,134.5,135.8,102.5,115.4,113.7,145,130,128.8,137.2,111.2,122.3,,118.4,53.3,99,65.2,34.5,42
20140702,15,CO,1.3,1.3,1.2,1,1,1.3,0.8,0.8,0.8,0.9,0.9,0.8,1.1,1,0.8,0.7,0.9,0.8,0.8,1.6,0.9,0.9,0.8,0.7,1,0.3,0.9,0.7,1.1,0.8,1.4,1.1,1.1,1.4,1.1
20140702,16,SO2,2,2,2,2,2,3.8,5.8,36.1,2,2,2,2,4.6,2,2,2,7.9,2,2,3.9,2,2.3,2,2,2,2,9.5,39.2,2,9.9,2,2.4,2,6,2
20140702,16,NO2,59.2,35.4,55.6,40,51.1,50.8,60.4,27.9,19.4,29.1,7.9,19.5,28,26.4,22.9,,22,25.1,10.8,25.4,14.1,13.1,15,16.7,38.6,2,28.5,14,2,14.1,66.3,55.7,70.7,133.1,82
20140702,16,O3,80.1,132.5,98.6,135.4,85.9,97.5,74.2,102.5,138.7,129.5,127,137.9,89,116.8,128.4,112.8,145.6,133.9,141.2,103.8,111.1,121,144.1,137,126.5,128.5,106.9,127.6,,128.5,65.3,103.2,78.2,31.3,55.7
20140702,16,CO,1.3,1.1,1.3,1,1,1.1,1,0.8,0.8,0.9,0.9,0.9,1.2,1,0.9,0.9,1,0.9,0.9,1.2,1.1,0.9,0.8,0.8,1,0.3,0.9,0.7,1.1,0.7,1.3,1.2,1.1,1.4,1.2
20140702,17,SO2,2.5,2,2,2,2.1,3.5,6,36.3,2,2,2,2,4.6,2,2,2,4.1,2,2,3.1,2,2.9,2,2,2,2.4,9.7,41.3,2,9.8,2,3.3,2,7.2,2
20140702,17,NO2,61.9,65.7,58.9,41.4,58.7,43.1,62.8,32.1,24.9,34.4,10.9,22,28.3,29.7,20.9,,25.4,25.1,7.9,28,12.1,12.3,14.1,17,50.3,2,26.4,15.6,2,10.8,75.5,76.5,73.2,153.6,90.8
20140702,17,O3,85.8,75.5,99.9,131.7,83.2,96.7,76.3,100.7,141.8,124.4,126,140.3,97.6,113.5,129.2,118.1,127,136.4,143.4,100.8,119.1,125,150.1,131.2,109,137.2,115.3,105.2,,131.7,54.5,82.5,79.3,21.6,56.3
20140702,17,CO,1.2,1.3,1.3,1,1,1.1,1,0.9,0.9,0.9,0.9,0.9,1.2,1,0.9,1,1.1,0.9,0.8,1.2,1,0.9,0.8,0.8,1,0.3,0.7,0.5,1.1,0.7,1.4,1.3,1.2,1.6,1.2
20140702,18,SO2,2.5,2,2,2,2,3.5,5.5,37,2,2,2,2,4.8,2,2,2,3.5,2,2,2.7,2,2.2,2,2,2,2,8.5,39.6,2,10.3,2,3.1,2,,2
20140702,18,NO2,51.1,32.2,60.5,45.4,55.2,38.4,58.5,33.2,30.9,31.4,12.6,25.3,28.4,22.6,15.8,31.1,27.9,26.2,12.3,28.1,19.8,17,16.5,18.2,66.3,2,30.7,18.3,2,11.2,85.1,93.6,73.8,,107.3
20140702,18,O3,102.6,129.3,103.7,128.2,95.6,121.3,89.8,100.2,136,141.4,119.6,134.3,110.8,125.8,128.9,96.2,117.3,141.8,143.3,97.3,112.1,117.8,144.7,149.6,87.2,132.2,101.8,105,,132,55.1,76.7,81,,48.8
20140702,18,CO,1.2,1,1.3,1,0.9,1,1,0.9,1,1,1,0.9,1.2,1,0.9,1,1.2,0.9,0.8,1.2,1,1,0.9,0.8,1,0.3,0.9,0.5,1,0.8,1.3,1.3,1.2,,1.3
20140702,19,SO2,2,2,2,2,2,2.8,5.7,36.7,2,2,2,2,4.6,2,2,2.3,2.3,2,2,2.6,2,2,2,2,2,2,7.1,38.4,2,9.9,2,3.1,2,7.2,3.1
20140702,19,NO2,40.4,18.2,48.5,34.1,54.7,44.5,76.5,33.8,26.1,25.9,11.9,30.8,31.9,25.7,17.6,41.1,35,32.2,19.3,27.7,21.8,22.1,18.4,16.7,70,2,31,21,2,11.8,68.9,80.4,70.7,145.8,113.4
20140702,19,O3,109.9,122.9,110.7,119.4,95.8,98.4,68.3,93,113.1,133.4,104.2,128.7,100.2,102.3,111.3,87.9,105.8,127.3,131,99.8,105.7,96.6,135.6,116.9,79.8,112.1,102.5,94.4,,97.3,57.6,73.3,78.4,18.6,22.7
20140702,19,CO,1.1,0.9,1.2,1,0.9,1.2,1.2,1,0.9,1,1,1,1.2,1,0.8,0.9,0.9,1,0.9,1.2,1.1,1.2,0.9,0.8,1.1,0.3,0.9,0.5,0.9,0.8,1.1,1.1,1.2,1.4,1.6
20140702,20,SO2,2,2,2,2,3.1,2.7,7,37.2,2,2,2,2,4.6,2,2,4.7,2,2,2,2.4,2,2,2,2,2,2,6.8,39.1,2,10.8,2,3,2,6.2,2
20140702,20,NO2,23.3,14,35.1,33.2,58.9,50,59.6,34.5,20.2,43.4,19.7,39.4,34.5,29,28.2,41.8,31.8,25.5,27.6,25,23.3,16.5,20.4,14.2,49.2,2.3,27.1,25.6,2,16.4,63.1,67.3,71.7,118,102.3
20140702,20,O3,107.1,107.1,101,98.9,77.4,87.7,74.1,73.9,90.3,86.6,95.4,113,82.3,93.9,89.9,80.4,112.9,113.9,113.6,103.4,91.9,103.6,129.7,92,91.9,94.5,112.7,85.3,,64.6,51.3,69.6,69.8,21.3,16.6
20140702,20,CO,0.9,0.8,1,1,0.9,1.1,1,1,1.1,1,1,1,1.3,1,1,0.9,0.7,1.1,1.1,1,1.2,1.1,0.9,0.8,1.1,0.4,0.7,0.4,0.8,0.8,1,1,1,1.3,1.6
20140702,21,SO2,2.3,2,2,2,2,2.8,6.3,35.8,2,2,2,2,4.5,2,2,5.8,2,2,2,2,2,2,2,2,2,2,6.7,40.2,2,9.5,2,2.5,2,6.8,2
20140702,21,NO2,36.4,23,35,42.1,39.9,54.7,70,28.3,18.5,46.5,28,44,55.1,21.5,33.9,47,35.4,24.4,23.8,22.3,26.8,20,29.6,12.8,33,2.7,24.5,24.3,2,22,60.4,74.3,59.8,119.2,89.1
20140702,21,O3,83.3,82.2,90.2,78.8,81.4,64.8,46.5,63.5,63.4,70.3,75.9,89.1,48.9,95.5,71,67.7,97.7,101.5,109.4,101.4,80.8,93.4,107.3,94.3,99.6,86.2,109.8,75.8,,46.8,46.7,58.6,65.3,12.9,24
20140702,21,CO,1.1,1,1.1,1,0.7,1.2,1.1,1,1.2,1.1,1.1,1,1.4,1,0.9,0.8,0.7,1.1,1.1,0.9,1.1,1.2,1,0.8,1.1,0.5,0.6,0.5,0.7,0.8,1.1,1.1,1,1.3,1.2
20140702,22,SO2,2.4,2,2,2,2,3,6.5,39.4,2,2,2,2,4.9,2,2,3.6,2,2,2,2,2,2,2,2,2,2,7.7,39.5,2,9.3,2,2.8,2,5.7,2.3
20140702,22,NO2,50.2,34.9,34,41.8,49.7,42.3,71.8,28.1,14.1,32.9,34.4,37.8,53.7,40.5,33,35.7,35.2,26.3,40,17.6,15.9,16.4,36,16.4,29.2,2.8,25.9,26.7,2,31,69,63.8,59,103,81.7
20140702,22,O3,52.3,69.4,85,66,54.3,70.9,33.9,41.1,50.7,83.3,67.3,84.9,42.6,56.2,63.1,68,89.5,91.7,67.6,93.6,99.9,94.5,89.3,81.7,95.9,99.8,97.4,75.5,,22.6,35.8,42.2,63,14,25.5
20140702,22,CO,1.1,1,1.1,1,0.8,1,1.1,1.1,1,1.1,1.1,1.1,1.5,1.1,0.9,0.8,0.6,0.9,1.2,1,0.7,1.1,1,0.8,1.1,0.4,0.6,0.8,0.7,0.8,1.1,1.2,1,1.4,1.1
20140702,23,SO2,2.7,2,2,2,2,3.5,5.2,37.2,2,2,2,2,4.6,2,2,7.4,2,2,2,2,2,2,2,2,2,2,8.9,40,2,10.9,2,2.5,2,5.5,2
20140702,23,NO2,49.7,38.9,49.7,48.4,52.9,48.4,65.3,34.9,14.6,45.6,36.9,70.3,45.2,49.7,35.4,39.9,35.6,27.2,26,17.3,14.2,13.9,26.1,11.8,24.1,2,24.3,24.1,2,59.7,63.8,70,53.1,90.7,87.5
20140702,23,O3,46.6,53,44.4,43,39.1,56,22.4,33.6,53.6,44.2,41.6,37,29.6,33,51,68.9,83.4,83.1,56.2,89.3,95.3,88.5,93.1,82.9,88.9,103.5,92.2,70,,3.2,31.7,28.8,42.9,10.9,15.5
20140702,23,CO,1.1,1,1.2,1,0.8,1.1,1.1,1,1.1,1.1,1.2,1.2,1.5,1.1,1,0.9,0.6,0.8,1.1,1,0.7,0.9,1,0.8,1.1,0.3,0.7,0.5,0.8,0.9,1.1,1.2,1,1.2,1.1
20140702,0,PM2.5,28.7,39.8,27.3,30.1,22.7,17.1,38,22.2,,32.2,38,49.4,33.7,32.7,32.6,24.1,24.8,20.5,48,23.1,32.1,33.1,29.3,33.9,29.9,30.7,28,22.2,,25.1,38.4,29.6,35.4,28.5,19.6
20140702,0,PM10,,,,33.5,,,,,,,,52.3,,,,,,,,,,,,43.6,,,,,,27.6,,58,,,
20140702,0,AQI,162,143,132,133,141,136,141,131,,133,126,141,130,132,140,158,160,132,112,121,138,107,122,130,118,104,132,141,,133,150,142,145,148,153
20140702,1,PM2.5,32.4,30.3,22.5,24.2,28.7,22.9,27,21.5,,26.8,40.9,30.8,40.7,45.5,23.9,20,31.2,24.4,31.5,14.3,26.2,26.5,25.4,27.9,40,25.6,11.2,19.2,,30.6,29.6,27.1,29.7,,34
20140702,1,PM10,,,,,,,,,,,,,,,,,,,,17.6,,,,5.4,,,,,,31.2,,,,,
20140702,1,AQI,159,141,130,131,139,134,139,128,,131,124,139,128,130,138,155,157,130,111,118,135,105,120,129,117,102,130,139,,131,148,140,143,,152
20140702,2,PM2.5,32.7,34.1,33,28,41,27.8,36.5,28.8,,35.6,31.2,33.5,47.1,35.5,33.3,25.6,35.1,33.2,27,16.1,32.8,32,34.4,24.3,47.7,26.9,10.3,20.1,,37.9,32.4,30.6,41.8,31,32.5
20140702,2,PM10,,,,,,,,,,,,,,,,,,,,,,,,19.8,,,,,,,,,,,
20140702,2,AQI,157,140,129,129,138,132,137,126,,130,123,136,127,129,136,152,155,128,110,116,133,104,118,127,117,99,127,136,,130,146,139,142,145,150
20140702,3,PM2.5,37.6,40.4,33.7,31.7,42.2,35.1,43.6,27.7,,34.4,34.7,39.2,47.4,36.5,24.9,22.1,31,43.5,31.2,5.8,33.5,31.8,28.6,26.6,43.8,27.5,6.4,28.8,,35.7,39.1,41.2,48.1,,40.6
20140702,3,PM10,,,,,,,,,,,,,,,,,,,,,,,,22.2,,,,,,,,,,,
20140702,3,AQI,155,138,128,128,137,131,136,123,,129,121,134,126,127,134,149,152,126,109,114,131,102,116,126,116,97,125,134,,128,144,137,141,,149
20140702,4,PM2.5,39.2,37.6,44.6,38.5,45.2,40,43.2,28.4,,35.3,39.6,47,38.8,39.3,32.1,21.1,35.5,41.6,34,11.7,33.2,21.3,34.7,26.8,37.3,26.8,8.9,20.3,,35.7,39.2,43.4,50.7,37.1,44.8
20140702,4,PM10,,,,,,,,,,,,,,,,,,,,,,,,22,,,,,,,,,,,
20140702,4,AQI,153,137,127,126,135,129,135,121,,127,120,132,124,125,130,146,149,125,109,111,129,100,114,124,115,95,122,131,,126,142,136,140,141,147
20140702,5,PM2.5,46.3,38.5,42.8,40.9,49.7,42.1,44.4,33.2,,41.7,36.3,42.6,38.4,38.6,44.7,34.6,37,44.9,38,9.7,30.2,24.1,33,44.5,41.8,22.7,11,16.8,,29.9,46.4,38.4,51.7,36.9,47.5
20140702,5,PM10,,,,,,,,,,,,,,,,,,,,,,,,34.1,,,,,,,,,,,
20140702,5,AQI,150,134,125,124,134,127,134,119,,125,118,130,122,123,127,142,146,124,108,109,126,98,112,123,114,93,119,126,,122,140,133,139,138,145
20140702,6,PM2.5,49.9,45.2,45.6,41.9,44.8,49.5,48,33.1,,41.5,31.3,43,39.7,38,41.6,38.5,32,46.8,35.8,13.1,34.4,35,39.7,39.7,47.2,16.1,11.8,22.4,,29.4,49.1,47.7,56.9,,53.1
20140702,6,PM10,,,,,,,,,,,,,,,,,,,,,,,,38.1,,,,,,,,,,,
20140702,6,AQI,147,132,123,121,131,125,133,116,,123,115,128,119,120,124,139,142,123,108,106,124,97,110,121,114,91,115,122,,118,137,131,137,,142
20140702,7,PM2.5,58.4,41.5,50.8,41,42.2,53.3,48.9,43.9,,51.1,35.4,45.8,41.4,42.1,48.4,47.1,42.4,42.5,39.9,11.1,39.4,36.3,46.4,46.9,47.9,20.7,14.7,28.9,,38.2,52.8,52.6,53,,52.6
20140702,7,PM10,,,,,,,,,,,,,,,,,,,,,,,,28,,,,,,,,,,,
20140702,7,AQI,144,129,121,118,128,122,131,114,,121,112,126,116,118,121,135,140,121,107,103,122,95,109,120,113,89,111,118,,115,134,128,135,,139
20140702,8,PM2.5,51,46.9,49.5,42.3,47.6,45.6,53.5,42.8,,49.9,44.4,50.9,50,43.9,45.8,36.6,32.8,50.4,40.9,17.2,35.7,29.7,36.2,46.3,47.1,29.6,27.6,30.8,,40.7,60.8,55,53.7,59.4,52.5
20140702,8,PM10,,,,,,,,,,,,,,,,,,,,,,,,35.9,,,,,,,,,,,
20140702,8,AQI,140,125,118,115,124,119,128,111,,118,110,123,113,114,117,131,136,119,105,100,119,94,106,119,111,87,106,114,12,111,131,124,132,128,135
20140702,9,PM2.5,39.9,45.1,39.7,36.1,39,43.5,49.8,35,32.7,40.3,45.5,56.8,49,38.2,29.9,33.1,41.7,47.8,39.8,22.1,40,36.9,40,52.7,41.8,17.8,61.1,29.4,,43.9,46.1,40.7,46.8,54.7,49.7
20140702,9,PM10,,,,,,,,,,,,,,,,,,,,,,,,47.4,,,,,,,,,,,
20140702,9,AQI,135,121,115,111,119,115,126,107,100,114,107,121,110,110,113,127,131,116,102,96,117,92,104,117,109,85,103,109,9,108,126,120,128,125,131
20140702,10,PM2.5,36.3,,30.5,30.5,41.4,35.1,37.6,40.4,42.3,31.9,37.8,52.5,37.1,45.1,37.3,40.5,50.5,50.1,44.8,49,46.7,24.5,41.4,46.5,33.6,23.9,50.6,35.5,,42,37.8,37.9,46.2,37.8,38.3
20140702,10,PM10,,,,,,,,,44,,,,,,,,,,,,,,,37,,,,,,,,,,,
20140702,10,AQI,130,119,111,106,114,111,121,103,98,109,104,118,105,106,108,123,125,113,99,92,114,89,101,114,106,83,100,106,12,103,121,115,124,119,126
20140702,11,PM2.5,45.5,26.5,30.5,39.6,42.7,46.7,33.2,35.4,25.9,36.3,40.7,42.8,35.4,57.1,53,46.9,43.5,36.5,34.2,57.1,3,28.7,37.8,37.9,32,21.2,46.2,47,,45.8,45.2,45.4,40.1,52.1,42.5
20140702,11,PM10,,,,,,,,,,,,,,,,,,,,,,,,34.1,,,,,,,,,,,
20140702,11,AQI,125,113,106,102,109,108,115,99,94,105,100,114,100,103,105,119,121,109,97,89,108,86,98,110,102,81,98,102,13,99,116,110,119,115,121
20140702,12,PM2.5,52.4,48.7,38,45.6,52.9,54.5,39.5,33.8,26.4,43.6,45.4,47,42,57.3,55.2,,48.8,37,35.5,48.9,37.1,22.9,29.5,24.2,32.6,30.7,54.2,59.4,,43.6,58.9,56.3,51.5,57.7,60.3
20140702,12,PM10,,,,,,,,,,,,,,,,,,,,,,,,28.7,,,,,,,,,,,
20140702,12,AQI,119,109,101,98,104,105,110,93,89,100,95,109,95,99,102,116,116,103,96,86,103,83,94,104,96,78,93,99,12,95,113,107,115,111,118
20140702,13,PM2.5,55.6,64.4,47.4,51.5,56.8,56.1,46.3,29.9,25.6,48.3,48.7,51.7,,51.2,62.4,,65.2,46.6,38.5,57.1,38,31.8,27.3,30.9,29.5,40.2,60.7,72,,45,60.9,56.9,60.6,,70.4
20140702,13,PM10,,,,,,,,,,,,,,,,,,,,,,,,34.1,,,,,,,,,,,
20140702,13,AQI,115,106,97,94,100,102,106,87,84,96,91,104,92,95,99,112,112,99,92,82,98,79,90,98,90,75,89,96,12,90,109,103,111,,115
20140702,14,PM2.5,67,,59,59.1,59.5,,55.5,36,41,58.8,50,59.5,,67.8,66.5,,3,46.2,44.4,71.8,52.3,34.1,19.8,39.7,39.7,40.2,73.2,70.3,,53.7,71.9,63.8,76.6,76.7,75.6
20140702,14,PM10,,,,,,,,,43.5,,,,,,,,,,,,,,,32.9,,,,,,,,,,,
20140702,14,AQI,111,103,94,91,96,99,102,83,80,92,88,100,89,93,95,107,102,94,88,78,92,74,84,93,84,71,85,92,12,85,106,100,108,104,112
20140702,15,PM2.5,76.1,48.9,66.1,62.1,70.3,,64.7,52.7,42,64.4,54.3,60.8,26.1,71.1,68.8,,3,57.9,46.8,79.2,56,55.8,29.8,51.9,38.8,55.1,62.8,76.5,,61.8,75.4,68.1,77.2,81.9,70.7
20140702,15,PM10,,,,,,,,,,,,,,,,,,,,,,,,41.3,,,,,,,,,,,
20140702,15,AQI,107,98,91,88,96,96,98,80,76,89,85,97,83,90,92,101,93,90,85,76,85,69,77,88,79,66,81,87,12,81,103,97,105,101,107
20140702,16,PM2.5,78.8,78.3,74.8,64.7,78.3,47.8,74.3,64.9,55.1,66.4,51.9,65.7,52.3,81.4,74,47.1,182.9,70.6,49.3,73.4,58.9,48.8,38,61.1,50.5,57.5,64.8,90.4,,61.6,86.8,77.6,77.9,79.3,82.7
20140702,16,PM10,,,,,,,,,,,,,,,,,,,,,,,,46.3,,,,,,,,,,,
20140702,16,AQI,103,95,89,85,96,91,95,77,73,87,81,93,82,88,89,93,94,86,82,74,78,64,71,84,75,61,79,83,12,77,100,94,103,98,104
20140702,17,PM2.5,92.4,84.5,,71.2,86.8,,83.4,72.7,59.2,69.6,54.5,64.8,57.8,81.9,82.3,88.3,68,70.8,46.1,72.4,58.6,50,54.3,76.3,65.8,61.2,83,78,,63.2,89.2,90,89.4,97.4,82.8
20140702,17,PM10,,,,,,,,,,,,,,,,,,,,,,,,54.4,,,,,,,,,,,
20140702,17,AQI,100,92,86,83,97,88,92,75,70,84,77,90,78,85,85,88,88,82,78,71,72,60,67,80,71,57,76,79,12,73,98,92,101,96,100
20140702,18,PM2.5,85.5,87.2,,88.1,84.4,,86.2,80.9,63,77.4,61.4,70.5,71.9,87.7,89.8,89.5,87.4,85.5,51.4,85.2,65.8,54.4,62.6,76,78.3,62.6,73.5,67.9,,68.6,90.7,93,95.4,,83
20140702,18,PM10,,,,,,,,,,,,,,,,,,,,,,,,52.6,,,,,,,,,,,
20140702,18,AQI,96,88,82,80,94,83,90,73,67,81,74,87,75,82,82,83,84,80,74,69,67,56,62,76,68,53,73,75,10,69,94,89,98,,96
20140702,19,PM2.5,100.1,88.1,58.5,82.7,89.1,49.5,98.2,90.9,62.3,90.5,67.3,89.9,74.8,112.2,107.5,85,85.9,82.7,60.1,78.2,74.9,66.9,69.2,69.9,77.9,60.7,72.7,68.4,,68.7,102.8,99.8,99.2,107.1,99.3
20140702,19,PM10,,,,,,,,,,,,,,,,,,,,,,,,51.2,,,,,,,,,,,
20140702,19,AQI,92,84,76,76,90,76,86,71,64,78,72,83,72,79,79,78,79,78,71,65,62,54,58,72,66,50,69,70,9,65,91,86,95,89,91
20140702,20,PM2.5,101.1,108.8,94.8,105.4,100.3,92.4,102.4,87.4,64.6,99.9,79.3,103.9,83.6,121.8,110.2,74.9,64.7,80.1,68,81.8,77.5,67.2,78.3,64.1,86.8,69,76.4,75.9,,67.6,117,106.4,102.8,119.7,108.9
20140702,20,PM10,,,,,,,,,,,,,,,,,,,,,,,,69.7,,,,,,,,,,,
20140702,20,AQI,86,80,73,74,86,71,83,68,61,75,70,81,69,78,76,73,74,73,68,60,62,54,54,67,64,52,64,66,8,61,87,82,91,86,87
20140702,21,PM2.5,118.6,118.5,110,115.7,118.9,95.5,104.2,88.4,67.3,113.5,86.4,100.5,92.8,120.3,101.2,74.7,56.1,97.1,71.8,78.9,89,74.1,94.3,68.7,93.5,76.5,68,80.6,,66.1,129.4,120.1,115.6,122.4,108.1
20140702,21,PM10,,,,,,,,,,,,,,,,,,,,,,,,60.3,,,,,,,,,,,
20140702,21,AQI,82,77,69,72,82,67,80,65,58,73,68,79,68,80,75,68,69,71,65,60,62,56,57,63,66,54,61,68,7,62,85,79,87,84,83
20140702,22,PM2.5,111.5,104.5,113.8,113.1,113.1,88.9,111.9,92.7,58.6,112.6,96.1,104.4,94.2,125.8,102.8,69.1,58.9,92.8,77.9,74.8,75.9,84.7,95.9,73.7,108.7,82.5,77.1,80.6,,60.9,123.6,111.9,118,133.1,107.1
20140702,22,PM10,,,,,,,,,,,,,,,,,,,,,,,,59.6,,,,,,,,,,,
20140702,22,AQI,85,80,72,75,83,68,81,68,57,77,69,80,70,85,79,67,68,73,64,63,64,58,61,65,70,57,64,69,7,65,88,82,89,88,85
20140702,23,PM2.5,126.2,119.3,108.4,109.3,109.5,99.1,112.9,95.1,62.2,129.3,105,124.4,110.3,120,109,77.7,65.1,87.8,81.3,78.1,72,76,97.7,79,105.8,89.2,79.7,76.9,,66.3,118.6,113.9,120.7,117.7,99.5
20140702,23,PM10,,,,,,,,,,,,,,,,,,,,,,,,73.6,,,,,,,,,,,
20140702,23,AQI,88,85,76,79,85,72,84,70,57,81,72,84,75,90,84,69,71,76,65,66,66,60,65,68,74,60,66,70,8,67,92,87,92,93,88
