date,hour,type,dongsi,tiantan,guanyuan,wanshouxigong,aotizhongxing,nongzhanguan,wanliu,beibuxingqu,zhiwuyuan,fentaihuayuan,yungang,gucheng,fangshan,daxing,yizhuang,tongzhou,shunyi,changping,mengtougou,pinggu,huairou,miyun,yanqing,dingling,badaling,miyunshuiku,donggaocun,yongledian,yufa,liulihe,qianmeng,yongdingmengxi,xizhimengbei,nansanhuan,dongsihuan
20141205,0,SO2,8.6,7.1,5.7,10,10,3.9,9.9,13.1,6.3,7.2,11,10.3,4.5,8.7,15.1,5,2,3.2,13.8,5.8,2.4,9,3.4,2.4,15.3,3,4.1,11.2,13.3,49,8.5,5.1,8.3,9.1,6
20141205,0,NO2,16.4,28.2,39.5,25.1,33.5,26.2,56.1,43.3,7.4,51.7,31.9,10.7,7.1,46.6,54.5,19,7.2,14.5,9.9,11.7,4.1,11.8,7.3,2,18.9,2.6,11.9,49.5,29.7,70.1,25.5,47.4,36.9,43.7,23.4
20141205,0,O3,56.7,44.4,36,49.9,36.1,60,9,11.6,60.7,14.3,57.2,67.1,53.6,30.3,31,74.5,61.7,57.5,59.3,74.8,72.5,58,71.1,58.8,47.7,66.7,58.9,31.3,30.9,8.3,53.9,61.6,49.9,33.4,46.8
20141205,0,CO,0.3,0.3,0.5,0.6,0.4,0.1,0.7,1.2,0.5,0.7,0.3,0.4,0.3,0.4,0.8,0.3,0.2,0.4,0.2,0.5,0.4,0.4,0.4,0.2,0.3,0.2,0.3,0.8,0.7,4.7,0.4,0.4,0.7,0.4,0.5
20141205,1,SO2,6.4,2,10.1,10.4,10,3,8.3,12.2,3.8,6.3,10.3,11.7,7.7,9.9,9.1,3.2,3.9,4.9,14.6,4.2,2.1,6.5,3.6,5,16.1,3,5.8,11.1,10.7,39.7,,2.9,8.5,9.1,7.8
20141205,1,NO2,15.1,21.4,33.6,27.8,34.7,26.5,64.7,38.7,6.2,47.7,30.1,12.8,38.9,52.9,48.2,16.8,15,16.1,6.3,8.5,5,16.5,8.1,2,17.8,3.8,17.2,46.8,32.2,68.3,,28,33.1,48.8,21.5
20141205,1,O3,58.2,49.3,40.4,47.1,32.2,58.1,2.8,20.2,57.9,17.6,49.8,60,25.3,22.4,37.2,75.4,53.3,55.7,55.8,78.4,68.7,47,67.1,54.3,48.7,64.1,49.8,29.8,24.9,7.4,,78,52.6,29.9,50.1
20141205,1,CO,0.3,0.3,0.5,0.6,0.4,0.1,0.8,1.1,0.5,0.6,0.4,0.4,0.7,0.5,0.7,0.3,0.3,0.4,0.3,0.4,0.4,0.5,0.4,0.2,0.3,0.2,0.6,0.7,0.7,4.8,,0.3,0.7,0.4,0.7
20141205,2,SO2,9.9,,8.9,9.5,14.2,2.9,8.7,10.6,4.3,9.3,10.7,8.7,5.6,8.9,12.9,2,7.6,7.5,12.6,4.4,3.6,6.4,2,8,8.6,2.8,5.9,11.8,9.7,38,,7,14.4,16.5,7.7
20141205,2,NO2,29.3,,36,26,44.1,38.6,60.2,49.7,6.4,49.3,41.7,20.4,35.5,43.9,50.9,13.2,14.2,15.9,20.6,8,15.6,43.2,4.4,2,13.1,5.3,18.1,42.2,31.9,66.2,,56,38.1,66.1,31.7
20141205,2,O3,38.1,,37.4,47.4,21.1,43.5,4.8,9.7,56.5,17,35,46.6,27.1,28.5,33.6,77.4,56.7,53.8,33.4,78.1,50.1,16,65.6,49.8,50.7,60,45.8,31.9,25.4,5.6,,13,47.6,15.3,35.7
20141205,2,CO,0.4,,0.4,0.6,0.5,0.1,0.8,0.9,0.5,0.6,0.5,0.4,0.6,0.4,0.7,0.2,0.3,0.5,0.4,0.5,0.7,0.5,0.3,0.3,0.3,0.2,0.6,0.5,0.7,4.4,,0.5,0.7,0.4,0.9
20141205,3,SO2,11.7,8.4,10.1,8.4,13.5,3.2,9.7,9.3,3,8.9,8.2,8.2,12.8,11.3,8.6,6,4.3,8.6,13.3,3.6,4.4,5.2,2.1,3.6,10.6,2.4,5.4,18.1,6.9,54.1,,4.1,16.9,19.9,5
20141205,3,NO2,34.3,39.9,34.2,25.7,30,44.8,63,50.6,2.7,36.3,29.3,48.2,54.2,36.4,38,33.9,16.5,16.7,38.4,7.3,14,44.9,2.6,2,11.1,9.7,17.1,52.1,31.3,76.8,,55.2,53.3,82.1,36.3
20141205,3,O3,30.9,30.5,40,49.1,27.7,37.7,3.1,11.8,65.8,29.9,56.1,16.7,9.8,36.6,47.2,45.7,52.2,50.6,2,79,53.2,10,68.7,49.5,52,52.2,49.6,22.2,22.9,5.2,,137.4,31.5,2,32.4
20141205,3,CO,0.4,0.4,0.3,0.5,0.4,0.3,0.8,0.9,0.4,0.4,0.2,0.4,1.1,0.4,0.4,0.7,0.3,0.5,0.1,0.3,0.7,0.6,0.3,0.3,0.2,0.3,0.4,0.6,1.5,4,,0.7,1.2,0.8,1
20141205,4,SO2,12.1,4.7,9.5,8.9,11,7,9.4,8,4.1,9.6,7.2,7.4,45.2,11.4,9.4,6.7,9.8,13.3,13.5,3.4,8.3,7.6,3.1,3,13.3,2,4.3,14.5,4.4,34.4,,6.6,16.5,19.1,7.1
20141205,4,NO2,37.9,37.2,35.4,23.2,31.2,40.8,59.6,43.5,2,43.5,22.9,48.2,68.5,31.2,52.3,30.2,16.5,26.8,27.2,7.5,29.5,38.4,6.5,2,12.5,5,11.1,62.7,37.7,65.3,,50.9,50.6,78.5,34.9
20141205,4,O3,24.7,25.2,33.5,46.3,31.7,39.4,5.6,14.4,66,17.4,57.8,18.8,2,35.5,19,34,48.5,41.6,25.9,64.5,38.5,30.6,59.8,49.4,44.5,57,58.6,10.4,8.2,4,,58.4,31.4,2,33.5
20141205,4,CO,0.5,0.4,0.4,0.6,0.5,0.3,0.7,0.9,0.4,0.5,0.2,0.3,1.8,0.4,0.5,0.6,0.3,0.5,0.6,0.4,0.6,0.6,0.3,0.2,0.2,0.3,0.3,1.1,1.6,4,,0.6,1.1,0.8,1.1
20141205,5,SO2,9.2,,9.5,9.1,9.1,9.2,6.5,8.8,6.4,9.3,7.5,9.4,45.9,12.5,15.8,11.9,21.3,7.6,9,2.8,5.1,6.4,2.7,4.4,10.3,2,4.9,21.2,8.6,24,,4.6,11.5,17.3,9.5
20141205,5,NO2,42.8,,41.5,35.5,16.7,48.5,48.7,38.2,2,56.2,19.3,71.6,69.3,42.2,66.8,31.8,24.5,17,,6.7,31.6,21.1,19,2,10,3.6,11.9,66.8,56.6,58.5,,49.9,42.8,70.4,34.9
20141205,5,O3,18.7,,26.7,38.8,43.1,30.2,12.9,20,67.7,4.7,54.7,3.4,2,22.8,11.2,27.2,39.6,51,49.2,66.2,41.1,39.6,51,53.3,51.4,58.3,60.6,6.8,2,4.1,,150.8,38.7,2,31.2
20141205,5,CO,0.7,,0.5,0.7,0.5,0.4,0.6,0.8,0.4,0.7,0.2,0.6,2.3,0.5,0.8,0.6,0.3,0.5,0.2,0.4,0.4,0.5,0.3,0.2,0.2,0.3,0.3,1.4,1.3,5.2,,0.5,0.6,1.1,1.1
20141205,6,SO2,12,6.4,9.3,7.4,11.9,10,8.3,7.7,6.3,9.7,9.8,12.8,39,14.9,22.7,13.4,5.5,10.1,18.6,3.6,6.8,6.5,3.2,8.4,9.4,2,3.9,24.1,11.2,28.8,,3.7,11.7,17.9,13.4
20141205,6,NO2,31,33.8,48.8,32.5,24.5,50.2,50,26.8,10.7,67.9,20.9,74,67.4,31.8,67.3,34.6,17.5,19.9,7.5,12,35.1,23,16.6,2,6,3.1,10.4,70.7,58.6,56.4,,78.7,38,85.3,48.4
20141205,6,O3,38,34.6,21.9,40.9,37.6,29,11.7,31.2,55,2,53.2,2,2,38.4,12.5,30.4,47.8,48,55.8,60.3,34.8,43.9,55.9,54,57.5,57.3,63.4,5.7,2,4.1,,149.2,46.4,2,16.2
20141205,6,CO,0.4,0.4,0.5,0.6,0.4,0.4,0.7,0.7,0.5,0.9,0.2,1,2.4,0.4,1,0.6,0.3,0.5,0.2,0.4,0.5,0.4,0.3,0.2,0.2,0.3,0.2,1.4,1.4,5.3,,0.6,0.5,1.1,1.5
20141205,7,SO2,14,6.9,11.1,8.5,14,12.1,12.4,16,5.3,11.7,9.4,9.8,39.5,44.8,13,16.1,5.2,3.5,18.1,4.5,7.8,7.3,6,3.4,11.6,2,6.2,22.8,18.2,29.1,,4.6,15.6,19.8,14.6
20141205,7,NO2,37.3,50.5,58.9,38.1,37.4,64.5,60.3,50.9,2,72.6,15.9,69.1,70.9,68.3,68.4,35,21.2,15.5,22.5,14.1,41.7,33.2,22.3,2,6.6,3.2,15.3,73,54,57.1,,127,57.7,76.2,58.7
20141205,7,O3,30.7,16.7,14.5,34.5,24.7,12.4,2.5,6.8,72.1,2,58.4,5.4,2,4.9,12.4,28.3,43.8,53.3,41.5,59.3,25.2,32.3,48.3,64.3,57.5,54.9,57.4,5.9,2,4.1,,231.8,26.8,2,2
20141205,7,CO,0.4,0.5,0.5,0.7,0.4,0.6,0.7,1.2,0.3,0.8,0.2,0.9,3.1,1.8,0.8,0.5,0.4,0.4,0.4,0.4,1.1,0.7,0.4,0.2,0.3,0.4,0.4,1.2,2.3,4.6,,0.5,0.8,0.9,2.5
20141205,8,SO2,17.6,,16.1,12.1,15.6,13.9,21.9,17.6,8.1,14.4,12.6,11.6,39.5,52.1,16.3,21,7.5,2.9,14.3,6,17.9,8.9,7.5,4.3,10.1,2.1,5.8,24.8,9.8,27.6,,7.7,20.6,25.1,8.6
20141205,8,NO2,53.1,,70.7,56.7,49.3,60.5,72.5,53.8,2,73.7,16,67.7,71.6,69.4,67.7,55.9,35.1,17.2,18.6,20.6,55.1,46.6,35.9,2,6.9,4.9,14.3,73.6,43.5,53.9,,150.3,71.6,79.1,60.1
20141205,8,O3,14.9,,5.7,19,14.7,18.5,2,8,71.8,2,53.5,8.3,2,6.2,12.7,9.9,35,52.4,45.5,54.3,14.3,20.3,33.8,55.2,60.7,55.2,55.9,6.7,2,4,,95,15.2,2,2
20141205,8,CO,0.6,,0.8,0.8,0.6,0.5,1.2,1.1,0.3,1,0.3,1,2.8,2.2,1,0.6,0.4,0.4,0.2,0.5,0.8,0.7,0.5,0.2,0.2,0.4,0.4,1.3,2.8,4.1,,0.8,1.2,1,1.6
20141205,9,SO2,14.1,10,14.1,13.3,14.9,17.6,16.7,18.1,8.8,17.5,13.4,24.2,42.8,18,23.2,22.8,13.4,4.9,12.1,5.2,14.5,8.8,9,6.2,11.4,2.9,8.7,23.6,23.7,31.6,,10.4,13.4,27.5,18
20141205,9,NO2,34.4,54.8,66,58.1,37.3,54.4,67.5,50,2,62,18.9,67.6,67.7,35.4,72,55.9,48.1,21.2,15.4,25.4,48,33.2,32.2,2,6.2,3.6,23.5,69.1,43.5,46.4,,105.5,65.5,75.5,54.3
20141205,9,O3,35.6,20.1,9.8,19.1,28.1,27.1,2.1,13,70.4,6.3,52.1,11.6,2,35.7,13.1,16,22.4,48.4,48.3,52.5,22.6,38,39.8,51.7,61,64,48.3,11.5,2,3.4,,10.9,20.7,2,10.7
20141205,9,CO,0.5,0.7,0.8,1,0.6,0.6,0.9,1,0.4,0.9,0.3,1.2,2.8,0.5,1.3,0.7,0.6,0.5,0.2,0.6,0.7,0.7,0.6,0.3,0.3,0.4,0.5,1.1,2.7,4.8,,0.9,1,1.5,1.3
20141205,10,SO2,13.5,10.1,13.6,12.1,13.2,,13.3,15.7,8.2,14.9,44.4,17,51.2,20.1,25.5,20,14.8,8.9,6.8,4.7,11.4,,10.5,6.7,19.4,2.5,,19.1,68.4,49.8,,10.6,15.5,26.1,17.1
20141205,10,NO2,30.4,47.7,56.7,47.4,33.6,46,54.6,39.7,2,34.4,58.5,44.2,68.9,40.7,61.6,47.9,28,18.9,6.5,15.2,37.7,,13.8,2,7.3,3.9,,60.7,56.4,51.6,,106.6,60.6,72.7,34.8
20141205,10,O3,40.4,27.7,19,31.2,33.1,36.6,13.2,28.7,69.2,33.6,15.9,30.4,5.1,32.7,23.3,28.8,42.6,52.2,59.9,65.2,34.8,,71,60.1,60.1,65.7,,21.4,3.2,11.4,,23.9,28.3,2,38.3
20141205,10,CO,0.5,0.7,0.8,0.9,0.6,,0.8,0.9,0.4,0.4,1.7,0.7,2.5,0.7,1.3,0.7,0.5,0.6,0.1,0.4,0.6,,0.3,0.3,0.3,0.4,,0.9,2.4,2.3,,0.9,1.2,1.4,0.9
20141205,11,SO2,15.2,,14,11.8,11.9,13.9,14.2,14.1,8.8,15.6,49,12.4,32.3,24.9,11.6,16.3,6.3,11.8,2.7,2,6,,8.9,7.8,15.7,2,4.4,17.5,29.2,49.1,34.6,9.3,17.5,20.2,16.8
20141205,11,NO2,27.8,,49,37.9,30.8,,48,16.8,7.1,43,69.7,47.1,58,45.1,32.9,42.3,23.7,17.8,4.2,9,16.5,,5.5,2,7.5,2,11,58,26.8,37.1,27.5,65.5,51.2,67.7,30.6
20141205,11,O3,46.3,,28.7,42.1,37.6,,21.3,53.6,66.7,28.8,14.6,29.7,14.2,33.6,47.7,39,48.4,52.8,65.4,72.8,57.8,,78.1,65.2,59.8,72.9,66.4,25.9,29.1,32.8,159.2,73.5,36.9,10.7,40.8
20141205,11,CO,0.5,,0.8,0.8,0.6,0.5,0.7,0.5,0.5,0.8,2,0.7,1.9,1,0.7,0.6,0.4,0.5,0.1,0.4,0.4,,0.3,0.2,0.3,0.3,0.3,0.8,1,1.4,1.7,0.8,0.8,1,0.6
20141205,12,SO2,16.4,10.8,12.4,11.9,13,15.1,11.5,13.7,7.4,17.7,35.1,6.2,30,30.7,9.3,15.5,5.1,,2.2,2,12.1,5.1,5.9,7.9,9.8,2.3,4.5,20.7,31,68.5,13.1,7.6,16,18.9,15.4
20141205,12,NO2,17.5,35.9,28.7,34.9,21,31,23.4,14.2,2,40.8,55.7,23.8,43.1,48.6,29.1,27.8,22.7,,2.8,7.4,20.3,6.2,3.3,2,5.6,2,10.1,62.4,24.5,46.4,21.7,63.7,35.2,62.4,18.2
20141205,12,O3,61.4,42.5,47.2,47,49.4,62.3,41.9,58.1,74.8,35.1,32.1,54.6,28.9,39.6,54.1,53.9,51.9,,68.5,75,59.3,76.3,85.4,66.9,67.1,74.3,69.2,25.6,40.9,36.2,60,77.8,53,14.9,55.2
20141205,12,CO,0.4,0.5,0.5,0.8,0.6,0.4,0.4,0.5,0.4,0.8,1.5,0.4,1.3,1.2,0.6,0.5,0.4,,0.1,0.3,0.4,0.3,0.3,0.2,0.3,0.3,0.2,0.8,1,1.7,0.8,0.7,0.6,1,0.3
20141205,13,SO2,12.8,9.3,10.6,9.2,11.1,,10.2,13.2,7.7,8.2,31.6,6.5,31.4,25.3,10,13.7,5.6,10.2,4.9,2,11.6,32.8,10.5,7,20.1,2.3,4.2,18.4,35.4,66.7,10.3,7.9,14.5,22.6,11.5
20141205,13,NO2,9.4,24.4,22,14.4,11.4,22,17.5,12.3,2,27.2,44.4,15.7,39.4,39.6,25,16.4,17.4,,3.9,4.9,18.8,11.4,4.1,3,9.3,2,9.6,55.4,22.8,44.4,12.6,46.6,31.6,70.2,4
20141205,13,O3,67.5,53.8,54.1,67.2,59.9,71.8,47.2,61.5,81.1,50.8,47.8,66.1,37.3,52.7,60.6,67.8,55.4,57.5,69.3,78.9,61.7,73.3,86.9,70.1,66.5,75.7,70.7,31.6,49.2,43.2,73.7,73.2,59.2,14.7,70.4
20141205,13,CO,0.3,0.4,0.4,0.6,0.5,0.3,0.4,0.5,0.3,0.4,1,0.3,1.2,0.9,0.5,0.5,0.4,0.3,0.1,0.3,0.3,0.3,0.3,0.2,0.3,0.2,0.2,0.7,1.1,1.5,0.5,0.4,0.5,1.2,0.2
20141205,14,SO2,14.5,,11.5,10.4,14,12.5,11,11,7.4,9.9,35.3,10.4,36.7,26.9,21.7,11.9,6.6,12.1,6.9,2,15.7,26.1,6.2,10.6,17.8,2.2,5.3,16,30.7,60.1,11,7.9,16.2,25.8,13.3
20141205,14,NO2,13,,20.8,12.7,13.1,24,18.6,11.2,2,25.5,52.8,20,45.9,40.9,41.7,13.9,16.7,15.7,5.7,5.6,14.2,12.4,3,4.5,14.7,2,12.8,48.7,24.9,43.7,12.8,54.2,34.9,75.3,6.3
20141205,14,O3,64.2,,56.8,70.4,59.5,77,47.9,63,81.9,54.3,49.7,62.8,36.6,57,53.4,71.7,56.3,62.4,68.9,78.6,65.2,74.3,91.2,71.2,61.7,76.7,69.6,36.4,54.2,54.3,75.7,58.8,58.1,13,70.6
20141205,14,CO,0.4,,0.4,0.6,0.6,,0.4,0.4,0.4,0.4,1,0.4,1.4,0.8,0.9,0.4,0.3,0.3,0.1,0.3,0.3,0.3,0.3,0.2,0.3,0.1,0.2,0.6,1.1,1.6,0.5,0.5,0.5,1.4,0.2
20141205,15,SO2,11.5,9.6,9.6,10.1,10.6,10.8,8.5,10.5,5.7,17.6,39.9,7,38.1,29.7,20.9,13.1,,15,5.4,2,12.2,28.6,12.9,10.2,25,2,5.6,22.8,26.5,66.9,10.5,8.9,13,20.1,12.3
20141205,15,NO2,15.3,28.1,24.6,13.4,,27.9,20.5,10.9,2,35.4,62.4,17.5,53.1,38.8,42,16.7,,20,6.1,8,13,13.8,4.9,4.6,28.7,2,14.2,61.6,27.6,44.8,15.7,46.4,36.1,62.4,8.9
20141205,15,O3,65.5,54,56.2,71.5,58.7,75.6,48.2,63.4,83.5,48.7,42,67,35.4,58.2,56.9,69.9,,58.9,69.9,76.9,66.8,73.9,90.2,72.5,54.2,78.1,68.8,28.3,54.4,55.2,72,73.7,56.7,21.8,68.8
20141205,15,CO,0.3,0.4,0.4,0.6,0.5,,0.4,0.4,0.4,0.7,1,0.3,1.4,0.9,0.9,0.4,,0.4,0.1,0.3,0.2,0.3,0.4,0.2,0.4,0.1,0.2,0.8,1,1.4,0.5,0.5,0.5,0.9,0.2
20141205,16,SO2,9.4,5.4,6,6.8,9.6,8,5.7,9.9,3.4,17.3,42.1,16.4,39.1,44.5,33,13.1,21.6,18.2,5.2,2,21.8,21.4,7.6,10.7,25.4,2.3,6.4,24.1,22.8,88.8,6.4,6.6,10.7,22.6,9.9
20141205,16,NO2,15.7,26.9,29,12.5,,28.4,21.9,10.4,2,40.6,67.4,29.8,55.1,56.5,50.1,22.6,7.1,30.1,7.7,11.6,18.8,15.1,4.2,5.6,33.2,2,22.3,64.3,30.2,57,15,30.6,39.5,71.8,7.7
20141205,16,O3,65.2,56.7,53.9,73.5,62.3,,46.9,63.7,85.5,44.5,52.7,62.1,35.5,47.9,53.9,64.8,49.1,48.9,68.4,74.7,64.1,72.8,95.1,70.9,41.5,79.2,62.8,29.2,51.9,46.8,77.7,107,55.3,13.6,70.1
20141205,16,CO,0.3,0.3,0.4,0.5,0.4,0.2,0.4,0.4,0.3,0.7,1.3,0.6,1.4,1.1,1.1,0.5,2.5,0.4,0.2,0.3,0.3,0.3,0.3,0.2,0.4,0.1,0.3,0.8,0.9,1.6,0.5,0.4,0.5,1.3,0.2
20141205,17,SO2,9.5,,11.9,13.8,9.9,8.3,7.9,10.8,3.5,36.6,52.5,41.3,52,59.3,50.3,16.7,21.3,27.1,5.8,6.3,11.8,10.4,21.1,10.9,36.2,2.8,6.7,26.9,20.5,83.1,10.1,12.8,11.8,61.2,10.9
20141205,17,NO2,28.2,,52.5,49.4,25.7,,41.3,12,2,75.6,81.3,74.6,76.3,77.6,75.7,30.1,33.2,45.6,15.1,23.9,23.1,23.8,11.1,7.8,51,2.3,27.4,69.7,37,61.3,33.7,93.6,52.2,104.6,15.8
20141205,17,O3,52.2,,36.8,41,50.8,,29.5,61.3,83,13.1,40.5,29.2,17,28.3,34.2,54.6,32.3,35.9,62.5,63,57.4,62.4,85.9,67.5,35.6,78.4,58.3,25.1,42.2,38.7,58.6,78.5,41.2,2.4,61.1
20141205,17,CO,0.4,,0.7,0.8,0.6,0.2,0.6,0.4,0.3,1.4,1.4,1.4,1.6,1.4,1.5,0.5,2.7,0.7,0.2,0.6,0.3,0.3,0.5,0.3,0.5,0.1,0.4,0.9,1,1.6,0.7,1,0.7,2.3,0.2
20141205,18,SO2,26.7,42.1,32.6,44.4,16.7,20.5,31.1,13.1,7.2,60.1,64.3,59.7,65.2,92.4,60.5,56.1,24.1,28.5,37.3,14.7,12.5,17.4,23.8,17.9,34.6,3.3,10.2,24.9,18.3,72.1,44.5,29.8,32.4,75.3,14.6
20141205,18,NO2,67.4,95.8,100.9,98.6,67.2,,87.5,16.6,14.9,92.3,99.6,90,95,96.5,93,88.5,39.8,70.8,85.1,64.7,60.1,46.8,15.9,21.1,35,2.5,39.3,85.9,57.4,69.5,90,124.6,88.8,102.2,37.2
20141205,18,O3,15.5,9,5.6,6.6,13.5,17.3,2,55,61.1,2,18.5,11.1,3.5,10.8,18.9,5.3,2,11.6,7.1,28.9,17.7,35.2,77.1,48.7,41.9,78.4,46.1,11.7,18,27.9,5,50.9,14.9,2,32.8
20141205,18,CO,1.4,1.7,1.6,1.8,0.9,0.7,1.4,0.5,0.6,1.9,1.7,1.7,2,1.8,1.7,1.5,,1.1,1.4,1.3,0.8,0.7,0.6,0.6,0.4,0.1,0.5,1.1,1.1,2,1.8,1.7,1.5,2.3,0.4
20141205,19,SO2,45.2,37.9,58.2,55.1,30.9,48.2,45.8,30.8,16,69.4,79.2,70,62.5,78.5,93.4,59.5,24.6,26.2,46.8,42.7,18.8,25.1,16.6,21,15.5,6.2,7.5,24.9,18.4,69.7,56.3,36,52.5,87,39.3
20141205,19,NO2,80.5,92.1,104.7,101.6,97.4,104.4,96.3,54.3,39.5,95.5,107.3,98.1,97.6,100.9,103.8,98.2,48.2,75.8,96.2,76.7,63.8,70,39.5,35.2,28.5,5.1,27.9,96.2,73,89.4,92.3,135.6,96.5,98,84.4
20141205,19,O3,4,8.3,4.2,5.3,2,2.5,2,10.7,30.2,2,15.8,4.7,2.9,5.7,15.9,2,2,2.7,7.3,21.5,10.5,4.5,44.8,27.6,49.5,69.8,56.5,6.5,2.7,13.3,4.3,74.4,9.4,2,2
20141205,19,CO,1.6,1.8,1.9,2,1.5,1.6,1.7,1.3,1,2.2,2,2,2,2,2.2,1.9,0.9,1.1,1.8,1.9,1.8,1.4,0.9,1.1,0.3,0.2,0.3,1.2,1.2,3.2,1.9,2,2,2.5,1.6
20141205,20,SO2,54.6,,65.1,56.6,46.6,54.7,54.1,37.9,24.3,73.8,97.2,62.2,65.4,97.9,84.3,105.4,30.9,17.5,38.2,26.6,22.3,44.4,13.5,20,16.1,2.5,6.9,29.4,28.9,64.4,62.2,37.3,60.8,88.3,37.2
20141205,20,NO2,81.3,,106,101.8,97.6,104.3,97.2,72.2,52.7,99.8,116.8,97,102.3,97.3,101,109.4,64.2,64.1,84.1,66.1,65.2,71.7,46.7,33.1,25,7.4,24.6,102.3,77.8,91.6,93.1,163.9,97.3,107,83.3
20141205,20,O3,4.3,,3.5,5.9,2,2.8,2,2,16.3,2,16.2,4.9,2,4.9,15.8,2,3,12.3,8.1,20.3,5.8,3.6,33.3,24.9,51.5,54.9,58.1,5.5,2.3,9,3.9,96.5,7.7,2,2
20141205,20,CO,1.8,,2.1,2.2,1.8,1.7,1.9,2.1,1.5,2.5,2.6,2.1,2.2,2.2,2.2,2.7,1,0.8,2.4,1.7,2.1,3.3,1,1.2,0.3,0.2,0.4,1.5,1.5,4.5,2.1,2.1,2.3,2.8,1.7
20141205,21,SO2,54.6,42.2,65.2,49.1,48.9,57.1,50.1,25.3,19.1,84,86.1,53.3,61.9,108.2,95.6,112.6,38.4,30,42.4,41.6,44.3,30.6,20.8,20.3,15,3.6,5.2,34.3,24.6,76.6,62.7,22.6,62.8,83.5,39.7
20141205,21,NO2,83,92.5,106.4,105.2,98,104.1,99.4,68.7,46.2,103.5,110.2,94.7,101,96.5,101.6,110.4,60.7,73.6,75.1,76,67.5,67.1,56.9,46.7,38.4,9.2,24.2,106.1,75.4,93,98.2,226.9,100.3,107.2,85.2
20141205,21,O3,3.9,8,2.8,5.9,2,3.3,2,2,19.6,2,14.4,3,2,6.3,15.2,2,3.9,5.1,7.8,15.1,3.3,2,16,8.6,35.7,51,53.8,6.3,2,8.4,3.5,246.7,6.5,2,2
20141205,21,CO,2,2,2.2,2.6,2,1.7,2.1,2.2,1.2,2.7,2.5,1.9,2.4,2.6,2.6,3.1,1.6,1.6,3,3.1,1.9,2.3,1.3,1.3,0.2,0.4,0.3,2,1.9,5.1,2.3,2.4,2.5,2.8,1.7
20141205,22,SO2,56.3,41.4,68.6,56.5,54.1,59,50.7,32,21.2,93.1,66.2,61.1,71.6,71.4,114.1,94.7,38.2,26,45.1,24.3,23.8,26.7,16.8,16.2,29.5,3.9,10.6,41.8,31.7,77.2,64,27.5,67.4,89.3,39.9
20141205,22,NO2,81.9,95.5,100.4,109.3,104.1,107.5,98.6,73,52.6,106.5,101.4,100.5,108.3,82.8,104.9,108.7,63.1,54.6,65.3,60.1,62.4,64.3,63.2,31.9,52.4,11.3,39.5,105.9,81.5,93.2,96.6,202,98.3,109.9,83.3
20141205,22,O3,3.9,8.4,2.5,6.3,2,2.7,2,2,14.2,2,10.6,3.3,2,8,16,2,6.4,13.6,7.2,13.2,4.3,2,2.9,21.2,25.9,49.6,35.9,6.2,2,7.5,3.5,144.2,6.4,2,2
20141205,22,CO,2,2.1,2.5,2.9,2.4,1.9,2.1,2.7,1.3,3.1,2,2.3,3.4,2.2,3.1,3.2,1.6,1.4,2.9,1.9,2.2,2.2,1.4,0.8,0.3,0.3,0.6,2.8,4.9,5,2.4,2.4,2.8,2.7,1.7
20141205,23,SO2,61.9,,70.1,60,50.1,63.5,51.9,25.4,24.3,97.6,52.5,50.2,64.4,49.1,89.7,81.6,42.8,24.7,46.5,30.1,30.5,41.3,15.1,16.7,50.4,5.1,,40.5,21.5,60.4,71.6,20.1,68.9,108.8,33.7
20141205,23,NO2,81.8,,99.6,104.9,101.9,107.8,99.3,68.1,60.4,108.7,95.7,96.5,100.1,82.2,98.1,101.4,61.4,34.8,60,60.8,48,61.2,60.7,27.9,39.1,16.5,,102.3,74.8,87.5,105.5,263.4,92.2,103.9,79.3
20141205,23,O3,4.1,,2.1,6.1,2,2.6,2,2,9.1,2,9.3,3.7,2,3.5,14.1,2,9.9,30.5,7.2,12.3,12.4,2,2,25.9,33.9,41.2,,5.5,2,6.1,3.2,99.4,8.5,2,2
20141205,23,CO,2.6,,2.6,2.7,2.3,2,2.7,3,1.4,3.6,1.9,3,5.4,2,2.8,3.5,2,1.1,2.9,2.8,1.7,1.7,1.7,0.6,0.4,0.4,,3.3,4,4.9,2.3,2.6,2.5,2.9,2.1
20141205,0,PM2.5,5.8,9.1,4,7,6.1,10.7,12.2,31.2,7.4,13.3,4.6,4.3,9.1,11.3,16,3,4.9,8.7,9.6,16.1,3,6.3,11.1,3,10.8,7.2,10.4,11.5,13.6,222.4,13.2,7.9,8.4,9.1,3
20141205,0,PM10,18.6,18.1,13.6,25.8,14.9,27.6,31.6,55,21.9,29.4,25.2,9.3,39.3,23.1,30.1,34.5,7.2,13,,24.1,21.6,19.4,20.3,10.9,38.5,10.8,26.5,39.5,37.2,288.6,16.8,21.8,22.2,28.1,11.4
20141205,0,AQI,39,31,23,39,29,41,31,27,25,39,36,21,35,37,28,45,37,35,21,34,23,25,24,22,42,22,31,50,44,72,28,28,37,46,32
20141205,1,PM2.5,4.2,3,9.8,6.4,11.1,6.4,12.6,21.8,3,7.5,7.7,6.7,9.6,13.3,12,3,5.8,9.5,4.2,11.1,10.3,8.1,12.5,5,8.2,7.9,16.4,10.2,13.6,234.5,,7.8,9.4,10,7.8
20141205,1,PM10,5,12.2,10,20.1,13.9,19,37.9,36.7,17.6,24.4,19.5,,18.1,20.3,25,29.9,21.3,11.7,9.1,18.6,,29.9,15.2,11.7,29.7,12.3,35.1,23.8,32.7,286.1,,13.5,17.3,18.8,9.1
20141205,1,AQI,38,31,23,38,28,40,33,28,25,38,35,20,33,36,28,45,37,34,20,34,22,25,24,22,42,21,31,49,44,84,,28,36,46,31
20141205,2,PM2.5,3,,10.7,6.1,11.2,9.3,11,21.8,7,9.3,10.2,9.1,7.6,11.6,11.7,3.9,3,7.6,3,11.2,16.1,11.8,9.5,9.8,8,5.4,15.7,6.4,18.3,226,,5.7,10.9,10.9,5.2
20141205,2,PM10,12.5,,,20.3,22.2,22.3,37.1,45.9,16.8,23.5,32.8,11.8,15,17.9,19,10.6,5,13.2,12.7,12.8,,42,13.9,10.5,24.1,11.5,26.8,15,27.9,296.7,,20,18.8,33.8,5.5
20141205,2,AQI,38,,23,37,28,40,32,29,24,37,35,20,33,35,28,44,36,33,20,34,16,26,23,22,42,21,31,48,44,96,,28,36,46,31
20141205,3,PM2.5,3.3,11.1,7.7,7,5.3,7.6,13.1,11.6,3.8,9.4,5,7.8,24,8,11,11.1,5.7,8.2,7.4,6.8,10.8,18,5.6,4.6,8.9,12.9,12.1,9.8,32.2,215.1,,6.8,15.2,12.5,3.5
20141205,3,PM10,19.7,13.2,9.5,20.5,15.1,30.5,36,57.1,13.8,19.1,25.6,18.8,48.9,14.3,18.1,20.8,17,13.4,18.9,11.9,,36,12.6,14.2,25.2,16.5,33.3,15.8,46.2,303.8,,19.8,29.2,62.1,11
20141205,3,AQI,37,30,23,37,27,39,33,31,24,37,35,25,34,35,28,43,36,32,20,34,17,27,23,22,41,21,32,48,45,107,,43,36,46,30
20141205,4,PM2.5,4.7,9.4,5.7,4.5,8.6,7.8,11.6,12.5,3,7,3,8.8,100.8,3.2,4.9,14.4,6.8,12.1,7.6,5.5,14.8,8.1,6.6,7,8.6,5.2,9.9,20,93.6,211.6,,11.3,14.2,17.4,7.5
20141205,4,PM10,16.7,21.2,10.2,18.3,13.5,21.7,21.2,40.9,14.2,17,14.8,26.3,129.5,15,18,24.8,12.2,,11.6,10.2,,25.8,8.8,11,30.2,11.9,23.4,35,,274.3,,11.9,23.7,69.9,10.4
20141205,4,AQI,37,30,23,36,27,39,33,32,23,37,34,25,39,34,28,43,35,33,20,34,15,28,22,21,41,21,32,48,47,117,,28,36,46,30
20141205,5,PM2.5,3,,7.9,9,5.5,13,6,4.5,7.6,10.1,3,11.3,123.6,10.7,15.8,15.5,9.6,4,6,7.1,12,7.4,10.5,8.4,7.4,6.9,8.6,21.9,64.3,222.3,,5,6.5,14.6,6.1
20141205,5,PM10,17,,8,18.5,7.7,22.9,16.9,16.4,9.3,17.6,12.1,49.1,142.6,16.3,21.7,25.3,22.6,8.2,,9.8,,13.9,13.2,14.9,27.9,9.8,9.3,38.5,74.6,237.1,,11.7,15,49.1,9.4
20141205,5,AQI,37,,23,36,27,39,33,32,23,36,33,36,45,34,34,43,36,32,20,34,16,28,22,21,41,21,31,48,50,128,,48,36,46,29
20141205,6,PM2.5,3.3,8.3,6.5,5.3,8.3,10,8.9,6.9,6.2,13.4,5.5,12.5,126.4,6.7,13.1,19.4,4.4,10,3,4.1,9.6,4.7,6.3,5.2,7.1,3.9,6.7,23.3,32.6,216.6,,6.6,6.1,25.7,27.6
20141205,6,PM10,14.9,13.5,8.4,18.8,9.1,24.4,11.9,,11,26.5,14.9,45.4,152.4,13.3,34.1,21.8,11.3,11.3,6.5,18.1,18.4,15.3,14.4,14.9,20.1,10.8,14.2,57.4,66.3,230.5,,17.7,13.2,84.8,47.9
20141205,6,AQI,37,31,25,36,26,39,33,32,23,37,33,37,50,34,34,42,35,31,20,34,18,27,22,21,40,21,31,49,51,138,,47,35,48,29
20141205,7,PM2.5,3,4.4,6.3,6.7,6,11.8,5.2,15.7,4,11.3,3,12.7,141,66.9,14.5,15.8,3,4.5,3.3,7,9.9,12.7,11.3,6.7,3.6,7,4.1,23.1,94.8,208.1,,10.2,12.8,18.4,58.8
20141205,7,PM10,5,19.2,8.8,19.8,9.2,33.7,24.8,33.1,7.2,30.7,17.1,17.1,159,111.4,27.9,23.5,9.8,11.3,10.4,12.4,18,28.4,18.6,8.7,23.7,11.9,14.2,37.4,99.7,230.8,,24,21.7,45.5,94.5
20141205,7,AQI,36,31,30,36,26,40,34,33,23,37,32,35,53,37,35,42,34,31,20,34,21,27,22,21,38,20,31,49,56,149,,116,36,48,33
20141205,8,PM2.5,4.5,,6.1,9,9,15.6,16.7,27.4,6,13.1,3,13.7,127.5,108.2,15.4,11.7,4.3,12.2,3,11.8,22.7,11.7,8.7,5.5,5.8,11.5,12.3,33.1,100.7,173.6,,13.1,10.4,9.5,34.8
20141205,8,PM10,31.4,,15.6,28.4,18.6,26.5,46.7,,8.2,36.1,14.2,18.6,147.7,144.3,25.8,24.8,16.9,,7.8,22.7,,38.7,19.4,7.6,24.6,,25.1,56.5,,200.1,,39.9,30.5,43.5,
20141205,8,AQI,36,,36,36,26,40,37,34,23,37,32,34,56,42,34,41,33,31,20,33,28,27,22,20,37,20,30,50,58,157,,76,36,48,33
20141205,9,PM2.5,8.7,12.3,13.4,11.1,7.4,13.2,15.7,27.1,8.9,18.6,5.9,20.4,132.7,21,22.6,25.1,13.8,7.8,4.6,17.3,12.9,16.9,21,13.1,7,5.8,17.8,36.2,123.2,195.6,,14.7,15.7,23.4,29.7
20141205,9,PM10,20.7,30,20.2,32.1,25.9,34.5,30.6,38.7,,37.9,18.4,36.4,155.2,,52.4,46.1,30.7,13.2,12.5,77.3,36.8,23.8,27.8,30.9,28.5,13.8,32,55.9,149.9,205.9,,39.3,32.3,70.3,68.1
20141205,9,AQI,35,31,33,35,27,40,35,35,23,37,32,34,59,42,36,41,32,29,20,33,24,26,22,20,35,20,30,51,60,165,,53,36,50,35
20141205,10,PM2.5,10.6,13.5,9.1,7.5,17.6,11.7,15.8,26.8,4.8,14.4,76.4,15.7,139.5,23.3,35,30.7,11.9,6,5.1,12.1,20.8,,13.5,12.3,9.6,3.2,,35.1,146,163.1,,12.7,24.9,21.3,15.5
20141205,10,PM10,34.7,25.9,21.1,30.5,25.1,29.8,16.6,32.6,5,27.9,120.7,24.5,172.7,34.7,55.4,44.4,22,21,7.7,51,32.6,,21.5,18.3,28.8,7.8,,40,175,,,35.2,37,59.1,34.6
20141205,10,AQI,33,31,29,35,26,39,34,35,22,36,35,26,62,43,33,41,32,28,19,33,19,,23,19,33,21,,51,64,170,34,54,36,50,35
20141205,11,PM2.5,9.2,,15.2,12.4,21.1,17.3,14.6,9.2,17,13.4,113,14.7,104.8,47.2,15.9,27.4,8.1,6.7,3.1,5.9,14.8,,9.6,8.7,4.1,8.4,6.7,21.4,54.3,95.4,,15.1,13.2,16.5,18.8
20141205,11,PM10,31.7,,25.6,32.2,31,34,22.4,10.7,18,33.9,161.5,24.5,118.4,77.4,21.2,46.1,19.1,23,6.4,33.5,,,13.8,13.2,50.1,,11.6,30.6,69.9,,,22.8,33.7,38.7,29.1
20141205,11,AQI,31,,25,35,26,38,34,33,22,35,40,25,66,45,33,40,32,26,21,33,19,,25,21,33,23,28,50,64,171,50,33,35,49,33
20141205,12,PM2.5,8.3,12.9,9.5,12.5,10.6,16.8,13.5,3.8,10.1,32.3,85.5,7.9,79.3,81,11.9,22,14.7,,3,5.2,16,3,8.6,12,8.1,8.3,3,29.5,51.5,112.3,28.6,17.3,13.9,11.5,10.5
20141205,12,PM10,16.6,23.9,13.4,33.5,15.8,26.2,,7.4,,54.4,122,,,94.7,15.2,34.4,25.4,,5,34.1,,6.1,10.8,13.1,40.2,10.6,20.8,54.9,64.2,130.2,,24.5,26.2,33.1,25.1
20141205,12,AQI,31,28,21,34,26,37,34,33,24,35,44,24,70,47,31,38,27,,22,32,19,26,27,21,32,24,28,49,66,176,34,32,34,48,33
20141205,13,PM2.5,7.6,3.7,4.3,11.5,6.3,10.9,5.4,9.6,3,8.3,66.3,5.9,70.1,62.8,15.3,14.7,11.2,,4.7,4.8,30.3,11.7,14.1,10.6,8.6,4.1,5.2,17.5,55.8,103.4,14.1,9.7,13.1,32.2,6.4
20141205,13,PM10,,21.9,5,18,,12,,,15.2,8.5,80.6,9.1,,64.6,,25.8,13.7,,5,14.6,,,23.2,12.8,41.1,6.2,12,47,65.4,111.7,,13,19.1,53.7,
20141205,13,AQI,31,28,20,33,26,35,34,33,26,33,44,23,73,45,31,38,22,24,22,31,20,27,28,22,32,24,27,49,69,181,35,29,33,47,33
20141205,14,PM2.5,6.1,,6.8,9.6,7.3,9.5,7.2,6.6,5.8,13.3,68.5,13.4,88.4,54.5,53.1,8.7,6.7,6.9,5.8,6.4,14.3,8.2,15.6,3.4,13.3,7.2,3,14.8,69.1,112.7,8.9,11.4,14.6,40.8,9.3
20141205,14,PM10,10.8,,9.9,18.7,12.4,14.9,,10.3,,19.2,91.6,,101.7,62.4,71.1,21.3,14.9,70.1,7.7,28.1,18.4,9.3,29.1,16.8,42.9,14.7,10.6,22.4,82.8,129.1,,12.6,20.6,64.8,
20141205,14,AQI,30,,19,32,25,34,34,32,26,33,46,24,77,47,33,37,22,25,22,31,21,27,29,23,32,24,27,48,72,186,35,28,32,48,33
20141205,15,PM2.5,5.1,13.7,8.9,7.8,,11.3,3,4.1,9,37.6,72.5,8.5,97.1,53.7,48.4,9.7,,7,5.5,8,9.5,9.9,11.9,3.4,12.3,6.5,11.3,50.4,73.8,107,10.5,7.7,12.2,19,9.5
20141205,15,PM10,9.3,20.2,29.3,18.5,,16.5,13.7,10.7,20,48.7,102.5,14.7,115.5,71.1,61.7,21,,60.3,11.2,27.1,31.1,12.4,27.5,19.6,42.1,12.5,19.9,79.5,90.8,127,,14.8,21.5,36.9,14
20141205,15,AQI,29,26,19,31,25,33,32,30,27,33,49,23,82,47,35,36,,27,22,31,21,27,29,23,33,25,27,49,75,190,34,27,31,47,32
20141205,16,PM2.5,3,11.9,6.5,8.4,,12.3,3,8.9,4.4,33.3,88.7,21.7,105.8,75.8,74.1,10.2,,13,3.1,9.2,7.7,9.4,8.2,5.9,13.8,8.2,9.9,61.8,65.6,129.5,8.8,3.4,8.3,17.6,10.9
20141205,16,PM10,15.6,27.7,11,18.7,,21.6,15.4,13.1,19.4,51,128.3,63.7,122.7,95,91.7,25.5,,48.4,10.7,36.2,14.9,14.6,12.6,18.2,36.7,17.9,30.3,77.1,86,167.3,10.7,12.7,27.3,53.6,41.1
20141205,16,AQI,27,25,18,29,23,31,31,28,27,33,52,25,87,50,37,35,25,27,22,31,21,26,30,23,33,25,28,50,77,197,31,34,30,48,32
20141205,17,PM2.5,4.6,,15.2,17.3,5.2,8.7,8.1,5.3,3,77.6,106.1,88.3,110.5,110.7,110.1,10.5,8.3,22.1,9.8,12.5,5.6,5.1,16.9,5.1,15.8,6.4,15.7,72,73.1,139.6,8.5,52,14.7,106.6,11.1
20141205,17,PM10,27.7,,31.7,60.5,8.3,25.3,35.6,16.6,5,115,155.4,165.1,141.7,147.4,151.1,42.9,33.9,65.3,13.2,,18.7,19.6,32,17.8,41.5,14.6,45.6,73.4,101,181.9,22.5,93.8,33.2,158.4,19.5
20141205,17,AQI,26,,27,29,21,30,30,27,26,38,54,38,92,52,41,34,27,28,20,30,20,26,27,22,33,25,29,50,80,203,29,47,29,53,32
20141205,18,PM2.5,33.8,85.3,59.9,85.9,24,31.5,62.8,10.1,5.7,110.9,116.5,96.9,132.3,136.7,124.1,106.1,21.9,35.5,72.9,32.6,17.3,22.6,19.5,15.7,15.3,8,25.8,89.8,86.1,169.2,102.9,110.6,62.6,122.5,13.3
20141205,18,PM10,94.6,157.7,98.3,152.9,43.4,67.4,130.9,18.6,41.6,156.3,175.5,174.9,170.7,171.1,175.4,197,52,74,144.6,59,93.7,44.2,40,31.7,37.6,11.5,45.1,117.6,134,216.2,156.2,167.5,110.4,173.7,37.7
20141205,18,AQI,34,48,51,50,34,30,44,26,20,47,57,45,99,56,47,45,23,36,43,33,31,26,25,17,33,25,29,51,81,208,45,63,45,54,33
20141205,19,PM2.5,77.8,96.5,88.3,100.3,68.4,108.4,97.5,49.3,28.3,131.9,146.8,104.2,147.8,149.8,150.1,138.9,27.6,45,110.3,83,56,45.1,28.4,53.1,13,9,18.6,108.5,102.8,238,113,118.6,101.4,128.5,87.9
20141205,19,PM10,140.6,141.8,131.9,165.1,112.7,163.9,162.8,94.3,63.7,177.3,195.5,181.2,180.7,174.1,194.5,198.3,54.6,95.5,195.5,87.9,,143.6,41.6,63.8,27.7,26.8,40.1,145.2,136.6,299.3,151.5,157.3,155.9,175.3,140.1
20141205,19,AQI,41,47,53,51,49,53,49,29,20,48,60,50,106,63,52,50,25,38,49,39,32,35,22,18,32,22,29,53,83,215,52,68,49,57,43
20141205,20,PM2.5,92.9,,96.6,116.9,91.7,116,106.2,86.6,51.7,152,166.5,119.8,154.5,158.4,161.3,169.2,32.6,39.3,107.7,65.8,70.8,140.6,28.1,47.9,11,13.1,15.3,136.2,122.8,268.8,136.5,130.9,114.6,143.4,106.4
20141205,20,PM10,171,,143.5,185.2,147.2,162.1,178.5,135.3,73.4,199.5,228.1,174,194.1,184.8,197.5,255.8,65.6,68.4,179.4,75.1,120.5,176.8,40.5,,26.7,26.3,34.8,158.7,139.3,347.2,172,166.7,168.6,191.1,144.3
20141205,20,AQI,41,,53,51,49,53,49,37,27,52,68,52,114,71,58,55,33,34,43,34,33,36,24,18,32,18,29,54,87,224,60,82,49,60,42
20141205,21,PM2.5,103.6,99.2,108.2,127.4,113.7,132.5,111.9,80.9,55.8,167,160.1,101.1,162.5,169.8,177.1,204.6,57.4,58.9,85.5,104.8,61.1,94.7,43.3,58.1,12.5,30.4,17.1,172.2,137.7,315.7,144.6,140.8,128.2,143.1,119.6
20141205,21,PM10,169.5,148.1,156.4,193.7,178.4,176.7,195,123.6,61.7,233.2,207.8,153.1,207.8,188.5,213.2,330.3,101,83.9,135.4,130.1,72.5,125.6,58.7,,27.9,,36.4,194.3,149.5,395.9,184.1,175.8,185,190.6,140.9
20141205,21,AQI,42,48,54,53,49,53,53,40,24,56,76,55,122,79,66,58,31,38,40,38,37,41,29,24,32,16,29,61,93,233,68,124,51,63,46
20141205,22,PM2.5,106.7,109.6,115.9,132.2,119.9,139.5,116.2,103.9,57,185.9,123.4,109.4,192.7,154.8,193.6,191.9,60.2,50.7,65.5,70.9,60.3,79.9,53.4,34.6,12.2,16.4,29.5,210.1,188.5,299.7,155,139,140.1,147.5,138
20141205,22,PM10,179.4,151.4,159.4,201.4,173.3,184.6,181.7,146.8,75.7,246.3,174.1,214,254.6,161.8,232.3,269.3,106.1,93.3,100.2,76,,125.7,68,37,33,19.9,74.1,246,,354.5,191.6,176.4,195.9,181.4,161.5
20141205,22,AQI,48,52,51,55,53,54,56,46,27,64,82,60,131,87,76,63,32,41,42,40,39,46,32,21,33,16,30,71,102,239,80,101,52,66,51
20141205,23,PM2.5,105.7,,119.6,134.8,117.9,141.6,117.8,110.2,67.8,194,112.3,115.3,243.6,128.2,174.1,219.5,77.7,35.6,63.6,103.5,44.2,72.5,55.5,32.6,18.3,22.9,,212.4,229.3,320.6,150.4,142.1,135.8,146.8,136.7
20141205,23,PM10,195.4,,164.3,196.4,164.5,176.1,193.7,147.1,90.2,261.7,164.1,247.8,296.5,135,196.3,279.8,118.5,48.4,96.2,115.3,,93.5,68.7,,43.3,24.9,,236.9,,373.7,167.9,184.6,176.3,196.1,161.5
20141205,23,AQI,53,,50,58,51,54,60,51,31,74,88,65,144,94,84,74,36,43,46,43,42,49,31,23,33,15,,81,113,246,93,107,55,72,54
