date,hour,type,dongsi,tiantan,guanyuan,wanshouxigong,aotizhongxing,nongzhanguan,wanliu,beibuxingqu,zhiwuyuan,fentaihuayuan,yungang,gucheng,fangshan,daxing,yizhuang,tongzhou,shunyi,changping,mengtougou,pinggu,huairou,miyun,yanqing,dingling,badaling,miyunshuiku,donggaocun,yongledian,yufa,liulihe,qianmeng,yongdingmengxi,xizhimengbei,nansanhuan,dongsihuan
20140723,0,PM2.5,15.6,19.2,,17.2,47.7,15.1,19.5,31.1,4.1,26.9,16.1,27.4,19.3,,29.2,23.3,22.1,11.7,7.2,30.1,20.4,16.3,24.7,11.8,16.9,8.5,3,37.6,16,14.4,23.1,23.2,19.8,28,18.5
20140723,0,PM10,,42.1,,68.3,,24.8,26.3,79.5,14,92.4,44.1,88.1,60.1,51.9,97.7,91.5,51.7,15.1,37,,29.9,34.9,,23.4,,,15.5,64.2,18.9,25.6,47.9,59.4,,174.9,57.9
20140723,0,AQI,25,42,,40,40,33,53,47,21,43,34,49,56,53,43,50,35,23,21,30,38,24,25,22,30,18,31,56,57,56,38,39,42,62,62
20140723,1,PM2.5,15.7,20,,23.5,21.9,12.5,15.4,30,11.2,23.2,20.9,17.2,14.3,,16.5,27.5,18.3,10.6,10.5,22.4,17.9,14.4,24.2,9.6,16.4,8.8,13.6,25.6,9.6,14.6,28,24.9,15.7,28.3,22.7
20140723,1,PM10,,76.9,,80.9,,22.9,60.8,40,,91,66.6,72.4,42.4,37.2,37.8,133.3,27.8,17.4,16.8,,48.8,18.2,,5.8,,,17.9,34.4,38.8,26.4,92.8,78.3,,122.5,46.7
20140723,1,AQI,36,44,,42,35,33,53,48,22,46,36,51,57,54,44,52,35,30,21,31,40,24,26,20,31,13,32,56,57,55,41,38,24,64,62
20140723,2,PM2.5,21.8,22.6,16.6,22.7,37.1,16.8,19.6,29.4,9.4,22,17.7,10.5,11.5,,20.4,26.3,21,11.9,7.7,27.1,18.8,19,23.8,8.2,16.7,3,7.2,21.9,10.3,11.1,27.5,22.1,15,,19.4
20140723,2,PM10,,65.4,48.2,67.9,,32.2,90.4,61.1,,73.8,49.1,45,46.4,45.8,40.7,94.4,32.4,19.7,17.1,,,24.6,,7.8,,,,24,24.9,44.9,81.5,55.4,59.9,,60.2
20140723,2,AQI,36,45,40,44,37,34,55,49,22,48,37,51,57,54,45,53,35,31,22,32,41,25,27,20,30,13,18,56,57,55,44,40,44,,63
20140723,3,PM2.5,17.2,24.4,14.5,23.7,25.1,16.4,28.5,32.9,3.1,22.5,16.5,25.1,15.2,,15,22.1,19,16.7,13.9,15.5,17.6,8.2,19.5,9.9,9,3,12.1,17.2,16.9,12.7,26.9,21.7,24.5,28.6,25.9
20140723,3,PM10,,62,46.6,64.9,,62.2,84.1,50.4,10.4,77.4,37.1,100.1,51.4,61.1,45.1,87.1,93.6,,52.4,,27.3,14.8,,19.6,,5,21.1,24.4,36.3,55.5,55.3,61.9,71.2,113.7,75.6
20140723,3,AQI,36,47,41,46,39,36,56,50,23,50,38,53,56,55,46,54,38,24,29,31,41,24,27,22,30,16,32,55,57,56,46,41,46,67,64
20140723,4,PM2.5,19.6,19.9,21.1,21.4,22.3,20,27.3,27.7,6.7,24.1,17.4,26.3,21.6,,24.3,26.3,17.1,17.4,13.3,15.9,17.2,7.4,30.6,6.9,13.3,8.5,13.2,13.6,10.8,15.7,33,23.9,27.5,30.7,31.3
20140723,4,PM10,,58,111.1,63.2,,65.5,68.7,47.1,,81,39.3,110.1,68,54.9,54.2,100.7,40.4,,69.4,,,16,,5,,15.4,25.9,23,32.6,46.7,91.6,56.2,79.4,93.9,63.1
20140723,4,AQI,36,47,44,48,38,36,57,50,18,51,39,56,57,56,46,56,40,17,33,31,42,24,28,25,29,17,33,55,57,55,48,43,49,68,63
20140723,5,PM2.5,25,21.1,24,24,18.2,19.7,27.5,27.5,3,24.6,18.8,31.3,18.7,,24.5,25.4,15.8,8.9,14.1,13.8,14.9,15.6,21.9,5.8,16.5,7.3,13.7,18.3,11.9,13.2,32.1,27.1,26.7,35.2,20.2
20140723,5,PM10,,66.1,95.3,74.6,,65.5,63.6,41.7,,89.3,51.1,142.9,50.5,40.2,54.6,87.3,21.1,,68.3,,16.2,27.1,,7.4,,,20.1,26.5,23,31.6,98.2,66.4,59.9,83.9,56.1
20140723,5,AQI,36,49,48,50,38,36,58,50,16,53,40,59,57,56,46,57,40,17,34,31,42,25,29,55,29,11,33,54,56,53,51,44,50,69,63
20140723,6,PM2.5,22.1,20.8,18.8,24,24.7,18.8,21.9,27.8,5.9,25.1,18.7,27.4,12.3,,22.6,24.5,14.4,5.7,25.7,15,18.3,8.8,25.6,8.9,22.2,4.7,12.8,20.7,10.2,22.5,33.4,19.8,28.1,,21.2
20140723,6,PM10,,57.6,64.7,85.3,,40,60.1,44.4,,75,47.8,97.6,72.6,43,61,97.1,16.9,,108.5,,30.9,29.3,,10,,,22.4,33.2,34.1,63.6,86.5,61.6,66.8,,72.3
20140723,6,AQI,36,49,49,52,37,37,58,49,15,54,41,59,58,56,47,58,41,17,32,31,42,25,29,23,29,11,33,54,56,52,52,46,51,,63
20140723,7,PM2.5,18.2,17.9,22.8,24.5,23.3,19,29,23,9.4,31.7,23,38.1,20.4,,22.5,30.6,14.8,12.3,24.9,24.1,20.6,15.6,24.2,11.6,24.7,11,12.4,27.2,9.7,21.1,30.1,29.6,24.6,,23.9
20140723,7,PM10,,60.1,101.2,85,,35,78,27.6,,126.5,64.7,177.3,83.6,55.3,52,94.5,32.2,,145,,71.9,37,,22.7,,20.8,23.5,40,30.3,72.4,96.5,75.5,74.1,,130
20140723,7,AQI,35,50,51,53,36,37,59,49,15,56,42,63,58,56,48,59,41,20,38,31,44,26,30,21,30,17,32,53,56,52,53,48,52,,65
20140723,8,PM2.5,21.2,25.7,24.3,36.3,20.3,17.4,28.3,23.2,18.2,31.8,12.1,46,31.5,,31,35,20.3,21.7,27.1,18.3,18.9,11.6,31.1,11.7,25.9,14.3,10.9,26.8,19.7,,32.8,30.1,29.8,50.1,25.4
20140723,8,PM10,,77.4,94.1,113.3,,103.6,125.1,62.9,,119.2,44.9,227.4,97,80.8,82.1,141.6,35.4,,151.2,,45,44.3,,17.7,,,20.5,57.6,45.8,,106.1,87.4,83.9,232,109
20140723,8,AQI,38,51,52,53,38,38,61,48,16,57,43,67,59,57,49,60,40,23,43,31,45,26,31,22,31,12,33,52,53,51,54,49,53,73,62
20140723,9,PM2.5,24.6,22,31.9,25.1,20.4,16.9,33.2,30.4,6.6,35.5,16.7,39.8,23.9,,35.8,37.2,26.2,10,21.9,24.6,23.2,16.4,36.3,15.8,34,11.7,15.3,30.2,21.7,,32.7,28.9,26.2,51.2,30.5
20140723,9,PM10,,105.8,74.2,105.9,,37.2,142.7,63.7,,144.7,63.2,197,76.7,108,116.6,88,64.2,,74.2,,70.1,51.3,,26.1,,,24.9,40.7,51.2,,93.9,88.7,46.9,177.7,72.2
20140723,9,AQI,40,52,53,55,38,38,62,48,16,59,44,71,59,58,51,61,40,18,45,30,47,26,33,21,32,13,29,52,50,49,55,51,53,75,53
20140723,10,PM2.5,17.1,24.6,13.8,25.2,25.6,20.6,30.5,32.7,7.7,32,21.9,31,20.5,,43.7,22.2,25.8,20.6,14.4,32.7,23.8,14.3,41.8,11.1,28.6,10.5,19.8,27.5,25.2,16.9,19.9,35.1,25.2,,26.8
20140723,10,PM10,,58.1,18.8,72.1,,41.4,100.4,70.4,,106.4,79.6,114.5,71.1,128.7,143.7,79.6,29.3,,19.4,,48.7,28.6,,23,,,25.7,55.7,81.7,90.7,25.9,59.1,57.3,,37.2
20140723,10,AQI,31,52,52,55,35,39,62,48,15,61,44,73,59,59,53,62,39,24,45,30,46,26,35,22,32,12,26,51,46,51,55,51,53,,53
20140723,11,PM2.5,15.4,22.2,16.5,18.6,21.4,13.4,38.7,29.1,13.3,21,34.4,29.2,31.2,,51.9,23.6,23.5,13.7,17.8,32.7,21.7,3.7,34.3,12.7,28.4,5.1,14.1,33,29.1,27.7,15.8,23.7,21,42.7,15.6
20140723,11,PM10,,55.4,43.6,75.6,,61.9,113,43.8,,82.5,110.5,116.4,176.3,135.5,123.8,81.8,87.1,,66.5,,41.6,15.3,,34.2,,,33.8,78.7,88.2,81.3,36.6,55.2,29,154.8,
20140723,11,AQI,29,53,52,55,32,40,59,49,15,61,47,75,61,59,54,62,41,20,48,31,46,26,36,24,33,17,25,51,47,51,55,51,52,79,53
20140723,12,PM2.5,22.5,23.7,18.9,25.8,21.6,16.3,29.2,26.8,14.8,44.2,27.3,46.9,42.6,,58.2,26.7,26.1,29.8,30,20.3,21.8,6,28.3,3,21.3,9.2,17.3,37.7,24.7,31.3,22.8,31.3,22.5,52.1,17.3
20140723,12,PM10,,62.6,57.7,79.7,,41.7,67.8,33.7,,181.8,92.3,172.8,125.9,116,153.9,86.2,57.5,,129.2,,62.4,11.5,,25.3,,,28.5,74.6,71.8,65.2,69,68.4,45.9,155.5,31.2
20140723,12,AQI,36,53,52,56,40,40,59,49,15,64,48,77,62,59,57,63,42,26,51,30,46,26,37,61,33,23,23,52,48,52,56,52,52,86,53
20140723,13,PM2.5,31.2,45.3,34.6,49.3,21,20.8,40.3,22,29.1,35.2,38.4,26.3,24.2,,68.2,60.4,24.2,30.1,18.5,28.9,26.3,13.6,31.4,15.7,29.2,9.3,11.6,40.3,32.2,25.7,55.6,43.6,34.8,58.8,21.1
20140723,13,PM10,,128.6,139.8,162.9,,46.2,68.1,54.3,,95,99.4,98.9,67.8,67.4,107.9,231.7,,,85.1,,46.5,32.9,,14.1,,,36.3,59.6,62.9,49.2,185.9,124,142.1,170,94.6
20140723,13,AQI,52,55,54,58,44,48,60,49,15,64,51,78,63,60,58,67,42,28,53,31,45,27,38,30,33,28,24,52,48,53,64,55,58,85,55
20140723,14,PM2.5,27.9,29.1,34.1,28.8,23.7,25.8,23.3,30.5,20.5,27.4,27.7,31.9,18,,42.2,75.5,14.8,7,16.4,27.1,25.8,21.7,28.7,3.2,26.8,11.6,24.5,17.5,26.6,28.1,39,26.7,34.6,35,28.6
20140723,14,PM10,,55,59,39.2,,56.6,59.6,94.4,,50.8,63.1,81.5,46.8,65,73.6,194.4,,,59.9,,57.8,41.3,,51.4,,,36.4,,59.1,41,51.9,40,78.4,44.4,
20140723,14,AQI,29,55,55,59,34,42,61,52,42,64,52,105,63,60,59,70,43,33,53,32,45,36,38,31,33,31,27,53,49,53,59,54,56,80,55
20140723,15,PM2.5,19,15.1,25.7,20.5,26.8,20.4,22.4,33.2,29.4,18.8,26.2,40.6,23.8,,26.4,50.7,22.9,14.1,24.4,32.7,20,17.7,21.2,25.6,23.8,19.6,28.6,27.2,26.6,20.7,19.7,15.7,33.7,,24.7
20140723,15,PM10,,64.2,38.3,50.8,,65.7,107.7,77.7,,35.8,75.8,114.6,89.3,58.8,47.4,126.1,51.2,,73,,,34.2,,18.7,,,47.1,31.3,59,60.2,76.3,52.8,36.6,,50.4
20140723,15,AQI,32,55,55,59,33,43,62,52,112,65,53,115,65,60,59,72,43,33,107,34,38,39,38,18,33,36,35,52,50,53,59,54,56,,55
20140723,16,PM2.5,22.7,16.8,21.3,17,26.5,22.5,31.5,30.7,28.8,25.1,31.9,42.2,23.4,,28.6,53.8,20.6,15.8,30.2,32,14.9,22.1,21.4,24.8,21.2,17,27.1,23.7,25.8,21.7,26.9,18,27.3,44.7,29
20140723,16,PM10,,57.6,72.4,62.8,,83.8,109.5,110.8,,66,83.3,89.7,88.7,72.3,67.2,120.2,50.2,,94.3,,,26.7,,12.9,,,64.4,42.3,78.4,69.9,74.3,48.5,84.9,168.6,88.7
20140723,16,AQI,32,56,55,60,36,45,64,54,113,65,54,130,66,61,60,74,43,33,104,36,40,43,38,18,33,38,39,51,51,54,60,54,56,85,56
20140723,17,PM2.5,22.6,19.1,26.6,23.5,26.9,29.7,37.2,26.5,29.7,24.7,33,42.1,27.6,,25.9,41.6,16.9,18.8,31.2,28.1,24.2,19.1,20.8,8.8,20.8,28.1,26.8,30.1,33.5,,22.9,24.3,30,43.5,26.2
20140723,17,PM10,,66.3,73,56.8,,63.8,116.4,67.5,,72.3,79.1,94.8,86.2,76.5,62.2,128,63.6,,79.1,,,30.1,,56,,,52.2,58.4,92.2,,50.6,63.3,35.8,161.9,78.3
20140723,17,AQI,36,56,56,60,44,47,66,54,73,66,56,140,67,62,60,75,44,30,109,37,41,46,38,20,32,44,41,51,52,54,60,55,56,88,57
20140723,18,PM2.5,26.5,31.7,31.1,30.7,25.1,21.3,40.1,36.2,18.8,35,32,45,25.8,,33.6,41.2,26.1,30.3,30.9,25.5,36.7,21.8,22.2,24.9,25.8,22.9,22.5,,33.6,18.9,34.2,33,31.7,52.6,21.7
20140723,18,PM10,,106.2,73.9,125.7,,68.3,72.3,87.5,33.5,140.5,86.4,162.2,120.9,63.6,96.2,137.3,49.1,,100.3,,,49.3,,5,,,34.7,,64.4,127.5,133.3,105.7,81.8,179.4,107.8
20140723,18,AQI,38,57,57,62,39,49,66,55,42,69,57,102,68,63,62,77,45,30,106,34,39,47,38,20,32,45,41,51,52,56,62,57,57,91,58
20140723,19,PM2.5,40.8,33.6,45.7,41.1,30,34.9,34.8,35.2,35,34.8,28.7,50.2,35.6,,45.4,41.7,30.9,17.3,38.9,25.8,37.3,27.1,24.8,17.1,28.1,29.8,23.9,12.1,29.4,36.3,44.6,42,43.5,,38
20140723,19,PM10,,120.2,203.9,134.4,,111.3,118,87.3,63.3,122.4,80.5,152.5,113.5,94.1,99.3,187.5,83.2,,165,,,84.6,,25.9,,,59.4,78.4,107.1,110.5,138.5,113.5,217.6,,168.5
20140723,19,AQI,56,59,60,65,47,59,67,56,39,71,58,83,69,64,63,80,48,24,61,35,38,37,38,20,32,46,42,51,53,56,72,58,72,,65
20140723,20,PM2.5,46.5,31.8,45.4,42.7,48.7,45.1,45.6,41.4,27.1,39.7,30.2,45.9,33.6,,47.6,50.2,32.1,20.7,40.5,51.9,42.7,28.2,24.1,15.5,33.4,31.2,31,30.6,36.3,34.6,45.7,40.1,56.2,,42.2
20140723,20,PM10,,101.8,136.3,128.9,,137.7,154.9,70.9,,123,77.7,165.9,119.1,102.8,116.7,141.4,131.7,,144.2,,,73.8,,29.4,,,105.6,63,78.6,78.8,135.2,104,175.5,,136.3
20140723,20,AQI,46,61,62,67,70,66,68,56,37,73,59,85,70,65,65,82,51,24,64,36,33,35,38,21,33,41,36,51,53,56,66,60,72,,67
20140723,21,PM2.5,43,37.2,40.5,42.3,59.1,42.1,45.4,42.6,40.3,39.7,34.9,52.2,39.2,,48.8,50.9,53.8,23.8,36.5,71.2,57.2,28.2,28.2,15.1,31,20.1,50.8,40.4,32.7,44.9,51,39.4,42,54.7,39.7
20140723,21,PM10,,98.3,128.5,151.7,,108.6,157.9,85.1,,132.2,90.4,156.3,123.8,92.8,113.7,170.1,188.3,,134.6,,169.4,97.1,,31.2,,,162.3,81.9,66.9,81.5,131.4,105.4,164.1,196.7,126.3
20140723,21,AQI,35,62,64,69,59,56,70,57,30,74,60,87,69,66,67,85,65,24,66,39,57,37,38,21,33,35,40,51,53,56,68,61,66,101,66
20140723,22,PM2.5,51.9,41.9,40.1,44.9,45.5,37.8,43.4,48.2,32.7,48.4,50.5,54.6,48.6,,69.9,57.2,58.8,20.2,40.8,57.6,62.7,30,29.5,20.3,34.2,24.2,34.5,45.9,28.6,38.5,56.1,49.1,43.1,59.5,38.4
20140723,22,PM10,,98.6,122.8,140.6,,115.2,126.3,106.4,,145.2,113.8,169.4,137,99.3,137.9,183.9,214.6,,150.2,,141.8,52.6,,36.9,,,83.8,77.1,54.1,78.9,138.5,111.2,135.2,174.9,126.8
20140723,22,AQI,38,63,66,70,57,57,72,58,25,75,61,88,69,64,69,87,58,24,68,42,58,38,39,22,34,29,42,52,54,57,70,63,68,102,67
20140723,23,PM2.5,49.8,38.7,47.2,48,49.3,43.1,42,58.5,24.5,54.3,58.2,67.7,62.5,,66.2,72.4,64,23.5,48.7,43.5,56.8,20.6,28.8,20.5,30.8,25.6,34.5,47.7,37.6,39.9,51.4,59.1,47.2,69.6,44.3
20140723,23,PM10,,94.9,128.6,105.4,,121.3,134.5,109.8,,152.1,111.1,240.6,118.7,104.3,77.3,172.9,174,,173.8,,107.3,55.6,,25,,,73.1,81.3,65.9,78.2,132.9,120.4,117.1,172.1,137.3
20140723,23,AQI,42,64,68,71,58,59,74,59,27,77,62,92,70,64,68,89,62,25,72,43,61,39,39,23,35,27,45,52,54,58,72,64,70,103,69
20140723,0,SO2,10.7,2,,5.3,6.6,9.8,12.7,5.1,5.8,5.4,2,7.2,2,3.7,4.2,2,10,18.7,5,2.4,2,5.9,5.2,15.6,30,2,3.8,5.7,2,8.5,6.5,6.7,5.2,5.3,20.8
20140723,0,NO2,49.4,48.4,,70.4,78.1,58.4,75.2,59,,43.5,38.9,60,40.7,39,53,81.4,56.5,40.8,27.2,,38.1,40.8,24.5,16.2,14.3,6.2,20.3,58.4,16.5,21.9,66.6,77.7,61.8,101.9,82.2
20140723,0,O3,28.9,2,,2,2,17.1,2.4,2,46.3,2,14.4,14.8,19.8,18.6,10.6,2,4.8,47.4,49.3,2,19.9,10.4,26.5,68.9,56.3,36.9,57.2,8,53.8,48.8,11.3,7,22.2,2,2.2
20140723,0,CO,0.6,0.7,,0.8,0.5,0.7,0.5,0.6,1.3,0.6,0.5,0.5,0.6,0.6,0.6,0.6,0.6,0.5,0.4,0.5,0.5,0.4,0.5,0.4,0.7,0.3,0.1,0.4,0.4,0.1,0.7,0.7,0.6,0.8,0.5
20140723,1,SO2,8.1,2,,3.1,7.9,10.5,12.9,4.9,6.4,3.3,3.2,5.5,2,3.2,2.6,2,10.8,20.2,3.9,2.2,3.3,2,5.7,23.1,14.5,2,7.7,5.4,2,8,3.2,4.5,4.2,4.5,21.7
20140723,1,NO2,70.5,50.7,,62.8,69.8,46,63.4,54.5,,36.7,51.1,62.4,38.5,35.8,41.9,79.6,39,58.7,32,,42.8,19.4,27.5,18.9,9.4,5.4,46.3,41.9,21.7,20.9,69.1,64.7,44.4,90.3,79.4
20140723,1,O3,7.6,2,,2,2,28.3,8.3,2,53.5,2,3.2,8.6,28.9,32.1,22.7,2,9.9,27.6,43,15.1,13.1,22.8,20,61.7,61.8,38.5,21.4,24,40.9,50.3,2,7.3,36.9,2.4,2
20140723,1,CO,0.7,0.6,,0.6,0.4,0.6,0.4,0.6,0.7,0.5,0.6,0.5,0.6,0.5,0.5,0.5,0.7,0.6,0.4,0.5,0.4,0.4,0.5,0.6,0.5,0.4,0.2,0.3,0.4,0.1,0.7,0.6,0.5,0.6,0.5
20140723,2,SO2,5.8,2,4.4,2.3,9.5,9.1,,5.8,4.3,3.9,2.4,9.5,2,2.8,2.5,2,10.9,18.6,3.3,2,5.9,3.2,4.3,13.8,9.3,2,4.5,6.5,2,9.7,2.7,4,5.1,,25.5
20140723,2,NO2,71.4,45.4,58.9,58.7,73.4,66.8,83.4,51.8,,38.9,38.8,38.6,42.2,38,50.6,69,20.3,60.1,22.9,,44.5,36.4,28,16.5,6.4,4,23.7,37.7,27.3,24.8,64,63.5,63.3,,67.8
20140723,2,O3,2,2,3.4,2,2,5.5,2,2,41.3,2,10.9,46.9,18,27.9,13.2,2,11.5,23.1,55.1,2,11.8,5.8,13.5,62.2,64,41.2,55.6,35,28.9,35.9,2,7.2,16.1,,2
20140723,2,CO,0.7,0.6,0.5,0.8,0.5,0.7,0.6,0.7,1.6,0.6,0.5,0.4,0.6,0.5,0.5,0.4,0.4,0.6,0.3,0.4,0.4,0.4,0.5,0.5,0.4,0.3,0.1,0.2,0.4,0.2,0.6,0.6,0.5,,0.4
20140723,3,SO2,5.7,2,5.1,2.2,9.1,6.6,12.2,5.2,3.1,4.3,2,5.6,2,2.8,2,2,4.1,12.6,2.9,2,3.4,2,5.2,10.1,5.7,2,4.5,5.4,2,10.2,2,4.1,2,4.3,22.8
20140723,3,NO2,71.3,42.4,65.5,59.3,76.6,70.3,77.2,50.5,,39.9,28.7,65.9,56.2,41,52.5,70,19.8,31.9,56.9,,39.5,36.8,25.5,13.6,5.1,5.1,25,46,29.1,32.5,66.3,64.2,74.1,91.9,81.5
20140723,3,O3,2,2,2,2,2,2,2,2,47.8,2,21.7,3.2,3.6,23.2,10.7,2,19.4,44.3,13.6,11.9,11.6,5.5,17.2,68.7,63.1,36.8,41.8,25.7,15.6,17.5,2,7.1,9.4,2,2
20140723,3,CO,0.5,0.6,0.6,0.8,0.4,0.7,0.6,0.6,0.5,0.6,0.4,0.5,0.6,0.5,0.5,0.5,,0.5,0.4,0.4,0.4,0.4,0.5,0.4,0.4,0.3,0.2,0.3,0.4,0.1,0.7,0.6,0.7,0.5,0.6
20140723,4,SO2,6.7,2,5,2.3,7.8,10,12.3,5.9,3.2,4.7,2,5.1,2,2.6,3,2,2.5,8.7,2.7,2.8,3.7,2,4.5,8.4,5,2,5.1,5.3,2,9.5,2.9,4.7,9.2,4.6,22.3
20140723,4,NO2,71.1,37.8,68.2,60.4,74.1,71.7,75.3,51.2,,40.8,30.7,67.9,60.5,54.6,56.1,74.7,24.2,33.6,64.9,,35,37,25.7,14,4.5,8,30.1,53.9,22.1,30.3,64.3,65.6,77.2,94,96.7
20140723,4,O3,2.1,4,2,2,2,2,,,57.6,2,19.3,2,2,6.3,4.4,2,4.8,38.7,4.1,15.9,18.8,4.3,6.4,78,67.8,23.3,31.4,,12.8,,3,5.4,7.6,2,2
20140723,4,CO,0.5,0.6,0.7,0.8,0.4,0.7,0.6,0.6,1.2,0.7,0.4,0.5,0.7,0.6,0.6,0.5,0.3,0.5,0.5,0.4,0.4,0.4,0.5,0.3,0.3,0.4,0.2,0.3,0.5,0.1,0.9,0.7,0.8,0.6,0.6
20140723,5,SO2,9.6,2,5.2,2.9,7.5,10.8,11.9,5.4,2.5,4.6,2,3.4,2,2.8,2.5,2,2.3,6.6,3,2,2.8,2.7,5.6,9.9,6,2,5.5,5,2,10.3,2.2,5.4,6.2,5,21.9
20140723,5,NO2,70.7,36.6,67.8,60.7,75.1,70.3,69.2,47.8,,42,53.7,63.3,,54.4,60,76.2,30.1,29.2,66.2,,36.3,39.6,22.9,5.6,3.6,,27.8,65.1,26.1,32.8,55.6,68.8,78,95.3,92.8
20140723,5,O3,2,2.7,2,2,2,2,2,2,48.9,2,3.2,2,2,3.2,2,2,6.1,48.5,2,28.7,18.7,2,14.9,163.6,70.7,25,32.7,2,3.9,17.4,2.2,4,7.2,2,2
20140723,5,CO,0.8,0.7,0.8,0.8,0.4,0.8,0.6,0.6,1.2,0.6,0.5,0.6,0.6,0.6,0.6,0.5,0.3,0.4,0.5,0.4,0.3,0.4,0.5,0.3,0.4,0.3,0.2,0.3,0.5,0.2,0.8,0.7,0.8,0.7,0.5
20140723,6,SO2,10.4,2,5.1,2.6,4.1,9.9,12.4,5.6,3,4.1,2,3,2,4,3.2,2,3.3,6.8,3.3,2,2.2,2.5,6.1,19.2,18.2,2,5.6,5,2,11.2,2.4,5.5,6.6,,21.9
20140723,6,NO2,71.2,37.4,66.6,60.5,72.8,69,66.7,46.1,,39.3,49.3,59.3,56,41.8,57.4,74.5,29.8,29.7,63.8,,40.5,38.1,22.9,5.4,10.5,5.4,25.9,68.4,31.7,37.2,59.7,71.1,77.5,,94.6
20140723,6,O3,2,2,2,2,2,2,2,2,42.8,2,2,2,2,13.3,2,2,8.1,53.4,2,9.1,11.5,2,19.1,71.4,63,30,34.6,2,2,2.7,2,4.6,6.8,,2
20140723,6,CO,0.8,0.7,0.8,0.9,0.4,0.8,0.7,0.6,0.8,0.6,0.5,0.5,0.7,0.7,0.7,0.6,0.4,0.4,0.6,0.5,0.3,0.4,0.5,0.4,0.6,0.3,0.2,0.4,0.6,0.2,1,0.7,1.1,,0.6
20140723,7,SO2,7,2,5.1,2.5,3.1,9.8,12.2,6,2.7,4.9,2,5.1,2,5.2,2.8,2,3.9,10.6,2.6,2,2.3,2.4,6.3,24.5,12.2,2,5,5,2,11.3,3.5,9.1,8.7,,21.6
20140723,7,NO2,68.8,40.5,66.3,59.3,70.5,67.3,64,40.6,,43.4,47.3,63.3,55.3,45.9,53.5,71.1,35.3,38.1,61.3,,44.7,38.7,23.1,7.8,10,8.5,23.4,60.1,31.1,34.9,60.8,78.2,83.8,,98
20140723,7,O3,2.2,2.2,2,2,2,2,2,2,29.7,2,2.9,2,2,6.9,2,2,2.7,45.3,2,2,4.2,2,18.1,67,63.5,16.8,28.9,3.3,7.2,2,2,2.3,6.3,,2
20140723,7,CO,1,0.7,0.9,1,0.4,0.7,0.8,0.5,1.1,0.8,0.5,0.8,0.8,0.7,0.7,0.6,0.5,0.5,0.7,0.6,0.5,0.5,0.5,0.5,0.5,0.3,0.2,0.4,0.7,0.3,1.2,1,1,,0.8
20140723,8,SO2,6,2.7,4.7,2.8,5.1,7.4,12.8,5,2.8,4.6,2.8,5.9,2,4.1,3.5,2,4.5,11.5,2,2.3,3.7,2,10.4,12.6,23.6,2,4.7,5.3,2,8,4.1,6.2,15.6,11.4,19.8
20140723,8,NO2,74.8,43.4,68.5,61.1,74.1,62.1,64.7,36.8,,41.1,32.5,70,59.6,47.9,52.1,71.9,37.4,44.3,57.1,,41.2,29.3,24.8,5.7,16.2,3.9,29.4,54.5,26.3,26,64.9,74.6,87,130.2,108.1
20140723,8,O3,4.3,2.3,3.8,2,2,2.1,2,2,31.2,2,22.9,2,2,2.2,2,2,3.1,34.1,2,7.2,9,8.7,23.8,68.4,58.9,32.9,19.1,4,15.7,9.1,2,3.1,6.2,2,2
20140723,8,CO,1,0.8,1,1.4,0.5,1.2,0.9,0.5,1.3,0.8,0.4,0.9,0.9,0.8,0.8,0.7,0.6,0.6,0.8,0.5,0.4,0.4,0.6,0.4,0.6,0.3,0.2,0.4,0.6,0.3,1.2,1.1,1.1,1.3,1.1
20140723,9,SO2,8,3.1,5.8,3,6.9,8,13.8,5,2.5,6.5,3.2,5.6,2,5.4,5.1,2,4.2,7.7,2,2.1,2.4,3.5,12.6,23.9,24.3,2,6.2,5.8,3.9,9.1,4.2,6.7,9.2,11.5,20.5
20140723,9,NO2,79.8,,75.7,62.9,75.8,66.5,73.3,40,,47.4,41.7,74,56.9,50.4,58.2,73.3,45.7,35.7,59.4,,50.2,35.2,24.4,9,19.6,2.7,32.2,46.4,32.9,29.8,72.5,80.6,88,138.7,95.4
20140723,9,O3,4.7,2.9,4.5,2,2,2.8,2,2,37,2,16.4,2,7,3,2,2,3.1,47.1,7.5,14.1,11.7,8.8,27.3,66.6,55.6,41.5,26.5,14.9,19.2,12.4,2.1,4.7,7,2,2
20140723,9,CO,1.1,1,1.2,1.2,0.5,1.1,1.1,0.6,0.7,1.2,0.6,1.1,0.6,0.9,1.1,0.7,0.7,0.5,0.8,0.5,0.6,0.7,0.7,0.6,0.7,0.4,0.2,0.4,0.6,0.3,1.1,1.7,1.1,1.5,0.8
20140723,10,SO2,9.4,5.5,6.7,4.2,7.2,8.6,13.4,6.6,3.8,6.5,4.8,5.6,2,5.7,4.6,4,4.7,8.1,2.6,3.7,2.2,2.1,20.3,22.6,13.6,2,8.2,7.3,4.4,11,5.9,8.7,6.4,,20.9
20140723,10,NO2,61.7,,68.4,76.6,70,68.3,82.3,48.3,,52.9,54,79.2,61.4,57.8,62.1,71.3,39.7,46.5,34,,35.3,22.4,22.8,8.5,18,4.3,35.6,46.2,28.7,25.4,72.6,90.8,85.7,,86
20140723,10,O3,20.9,3.3,12.2,2.9,11.2,7.7,2,7.6,21,2,16.4,2,8.7,3.8,2,4.4,13.8,45.1,43.6,9.9,26.7,26.7,31.5,67.5,58.7,38.3,34.6,19.5,13.7,15.5,6.2,5.7,12.1,,4.1
20140723,10,CO,0.8,1.1,0.9,1.2,0.6,0.8,1.1,0.6,0.7,1.1,0.7,1.3,0.7,1,1.3,0.6,0.7,0.6,0.5,0.7,0.5,0.4,1,0.6,0.6,0.4,0.2,0.5,0.7,0.2,0.8,1.3,0.9,,0.7
20140723,11,SO2,8.9,5.1,6.3,4,6.3,8.3,16.3,7,3.7,5.2,4.2,5.5,2,6.1,4,3.6,5.3,6.2,2.6,5.1,2.8,2,20.1,11.9,10.2,2,9.2,7.2,2.9,12.1,6.9,9.6,5.3,11.8,23.9
20140723,11,NO2,57.4,70.4,70,76.8,62.6,66.6,89.2,33.5,,54.2,70.3,85.5,78.7,69.7,68.9,62.1,35.8,39.8,52.5,,30.2,21.5,19.3,7.1,14.2,3.3,26.8,52.5,27,25.5,64.8,85.9,79.8,153.3,69.5
20140723,11,O3,30.9,9.4,18.6,7.1,21.7,13.6,2,22.4,43.8,2,14.1,4.6,4.6,5.8,2.1,18.5,18,59.8,29.8,13.9,48.4,44.3,41.7,74.5,72.4,52.7,50.9,16.8,8.5,16.8,15.5,10.7,19.8,2,18.5
20140723,11,CO,0.7,0.8,0.9,1.1,0.5,0.8,1.1,0.5,0.5,1.1,0.9,1.2,1,1.1,1.3,0.6,0.6,0.6,0.6,0.8,0.5,0.4,0.8,0.5,0.6,0.4,0.2,0.6,0.7,0.2,0.8,1,0.8,1.9,0.5
20140723,12,SO2,7.2,4.9,5.2,4.5,6,6.3,16.6,6.1,3.3,5.3,2.7,6.3,2,7.6,6.8,2,6.2,6.2,2.3,6.6,6.1,4.3,20.4,8.6,9,2,11.8,12.6,2.8,11.2,7.9,9.2,3.2,11.2,24.4
20140723,12,NO2,71.6,79.2,74.2,90.1,79.9,61.2,90.5,33.9,,63.7,48.7,85.7,91.8,69.7,89.6,64,40.1,51.4,67,,34.2,18.5,15.3,8.9,15.8,2,30.2,58,27.8,20.6,92.4,101.1,85.5,170.9,78
20140723,12,O3,31.4,13.5,27.1,12.5,18.5,27.9,3.6,31.6,45.1,5.6,38.1,19.6,25.3,43.2,11,24.9,28.5,62.6,26.7,35,65.2,66.5,60.3,168.4,81.7,72,59,19.3,12.2,28.8,8.9,14.2,25.5,2,23.4
20140723,12,CO,0.9,1,1,1.2,0.7,0.9,0.9,0.5,0.6,1,0.6,1,0.9,0.9,1.3,0.6,0.7,0.7,0.7,0.6,0.5,0.4,0.7,0.5,0.5,0.4,0.3,0.6,0.7,0.1,1.1,1.2,0.9,1.8,0.6
20140723,13,SO2,6,4.7,5.5,5.6,4.7,5,14.6,5.5,4.6,5.2,3.8,3.2,2,6.8,7,2,7.4,5.2,2.8,7.8,10.6,8.9,27.9,6.4,10.6,2,15.6,12.5,4.3,11.4,6.2,7.8,4.1,9.6,27.9
20140723,13,NO2,103.4,104.5,97.4,99.5,86.9,95.7,104.7,27.9,,44.8,68.3,46.6,59.8,34.8,71.2,120.9,,39,42,46.7,30.4,21.9,15.5,7,19.7,2,28.7,60.9,24.1,22.2,126.7,109.6,114.1,169.9,96.1
20140723,13,O3,27.7,21.7,26.7,29.5,26.4,27.8,12.8,51.1,39.7,39.9,97.8,72,41.9,97.8,65,13.1,40.4,89.3,53.5,56,90.9,85.3,70.4,94.6,79.3,88.5,70,33.7,29.8,43.2,11.4,30.1,18.4,6.1,24
20140723,13,CO,1.1,1.1,1.1,1.2,0.7,1.2,0.9,0.5,0.7,0.8,0.8,0.6,0.7,0.7,1,1,0.5,0.6,0.6,0.5,0.6,0.5,0.9,0.4,0.5,0.5,0.3,0.5,0.8,0.2,1.3,1.1,1.1,1.5,0.8
20140723,14,SO2,4.3,3.7,4.2,4.2,3.3,4,12.6,5.1,4.1,4.1,4.1,4,2,4.8,4.3,2,3.2,2.2,3.8,8.3,7.7,12.3,23.3,4.7,10.9,2,16.5,8.9,4.3,11.7,5.9,7.1,3.7,8.4,25.8
20140723,14,NO2,51.7,46.4,60.6,42.6,67.6,67.6,69.5,36.1,,26.4,47.3,50.3,36.5,25.4,43.4,119.9,36.5,21.4,34.7,36.4,30.7,18.2,12.1,11.9,19.6,2,31.4,28,14.3,21.3,96.1,58.2,97.4,146,84.9
20140723,14,O3,76.1,91.5,74.3,87.3,60.4,73.3,64.4,60.5,131.4,81,111.5,209.1,47.9,65.6,114,46.1,69.7,104.8,149.7,81.7,114,112.4,84.5,97.5,83,97.1,83.3,92,53.1,55.3,33.9,91.8,42.4,30.1,56.3
20140723,14,CO,0.6,0.6,0.7,0.7,0.4,0.8,0.5,0.5,0.4,0.6,0.7,0.7,0.5,0.6,0.7,0.9,0.4,0.4,0.5,0.6,0.5,0.5,0.8,0.4,0.6,0.4,0.3,0.3,0.7,0.2,0.8,0.6,0.8,1.1,0.6
20140723,15,SO2,3.4,2.3,3.4,2.8,3.1,3.7,11,4.8,5.2,3.9,3.2,3.9,2,5.5,2.9,2,4,2.9,3.1,9.2,3.4,11.2,13.6,4,8.3,3.3,13.5,7.4,4,12.1,4.2,4.5,2,,22.7
20140723,15,NO2,39.7,36.5,51.2,34.3,64,43.1,69.7,41.6,,22.4,37.7,57.8,42.8,27.5,30.3,72,66.8,28.7,45.2,33.2,19.6,20.7,7.5,5.6,21.5,2.4,32.3,26.1,14.2,16.6,81,47.9,90,,48.5
20140723,15,O3,99.5,94.4,104,94.8,90.5,120.7,97.4,57.8,223.3,121,109.5,228.7,39.8,61,69.7,126.9,70.7,105.6,212.8,106.8,120,123.9,97.5,,90.8,115.2,109.9,71.5,75.7,72,47.9,86,79.3,,103.5
20140723,15,CO,0.6,0.6,0.7,0.8,0.7,0.7,0.5,0.6,0.5,0.6,0.6,0.8,0.7,0.7,0.5,0.6,0.7,0.4,0.7,0.6,0.4,0.5,0.5,0.4,0.5,0.5,0.3,0.3,0.7,0.1,0.7,0.6,0.8,,0.4
20140723,16,SO2,3.8,2,3.8,2.3,2.8,2.6,12.1,5,3.8,4.3,3.4,4.3,2,6,3,2,3.1,3.2,2.5,7.6,2.8,6.9,12.2,4.1,7.2,4.1,11.4,7.6,4.3,12.9,3.3,3.3,6.4,9.6,25
20140723,16,NO2,57.3,38.6,54.3,41,71.2,48.4,62.9,40.3,,22.6,43.9,54.4,53.3,32.2,33.7,63.3,48.6,29.8,52.6,29.8,22.3,18.6,7.1,6.1,23.7,2.6,31,27.2,15,14.3,77.5,53.1,98.4,137.7,60.3
20140723,16,O3,99.6,98.2,141.5,104.8,105.3,109,143.5,55.6,224.4,124.4,126.3,258.3,55.9,63.9,76.2,103.4,88.8,102.6,207.3,112.8,125.3,134.9,100.9,,88.9,119.6,123.6,77.4,88.2,89.2,51.3,85.1,93.3,9.3,96.3
20140723,16,CO,0.7,0.6,0.7,0.6,0.7,0.7,0.5,0.6,0.6,0.6,0.8,0.7,0.8,0.7,0.6,0.5,0.6,0.4,0.8,0.5,0.4,0.5,0.5,0.4,0.5,0.5,0.3,0.4,0.6,0.1,0.7,0.6,0.8,2.8,0.5
20140723,17,SO2,3.5,2,4.3,2.5,4.8,3,11.6,4.2,3.6,4.3,3,4.1,2,5.6,3.7,2,3.1,4.8,2.5,6.1,4.2,8.3,7.4,4.8,6.2,6.1,13,8.2,4.1,14.5,3,3.6,6.4,8.8,23.6
20140723,17,NO2,63.9,50.6,75.8,48.9,64.9,62.9,114.8,36.7,,31.6,46.6,68.4,52.8,34.1,37.4,71.6,37.4,32.1,58.4,25.7,30,18.8,6,6.7,23.6,3.1,33.3,27,16.7,13.4,88.8,77.7,97.8,145.5,70.8
20140723,17,O3,114.2,96.2,135.2,119.7,138.6,109.3,115.3,58.7,178.1,133.3,120,279.1,57.6,78.8,77.1,58.4,101.7,94.9,216.3,115.4,128.5,144.3,102,,91.8,140.5,129.1,88.7,107.8,104.9,66.2,76.6,120.8,7.4,93.8
20140723,17,CO,0.7,0.7,1,0.8,0.4,0.8,0.8,0.6,0.5,0.7,0.8,0.8,0.7,0.7,0.7,0.5,0.5,0.4,0.8,0.4,0.4,0.5,0.4,0.4,0.5,0.6,0.3,0.4,0.7,0.1,0.7,0.7,0.8,1.4,0.5
20140723,18,SO2,3.6,2.8,4.4,3.4,3,3,11.9,5.9,2.4,4.5,2.9,3,2,5,4.6,2,3.7,5.1,2,4.4,10.2,7.2,8.1,7.5,6,6.3,17.5,10.7,2.9,12.9,2.5,4.1,5.6,9.9,22.9
20140723,18,NO2,74.9,77.5,79,84.5,62.5,59.9,102.3,38.1,,47,54.2,78.6,52.1,31.8,47.9,79.2,36.9,58.5,53.6,29.5,46.1,21.3,6.8,5.3,25.5,3.3,32.4,27.6,12.3,19.5,123.5,102,90.8,174.8,72.1
20140723,18,O3,93.7,56.8,142.2,71.4,122,104.2,117.7,63.9,133.3,98.1,95.2,202.2,59,90.7,79.9,47.1,101.8,83.8,211.9,107.4,124.5,147.7,102.8,,86.7,143.1,130.3,88.1,112.4,92.7,19.3,46.7,114.5,5.3,86.1
20140723,18,CO,0.9,0.8,1,1.1,0.4,0.8,0.8,0.6,0.5,0.8,0.8,0.9,0.7,0.6,0.8,0.6,0.5,0.6,0.8,0.5,0.5,0.5,0.4,0.5,0.5,0.6,0.3,0.5,0.6,0.1,1,0.9,0.8,1.7,0.6
20140723,19,SO2,4.9,4,4,3.5,3.4,4.6,12.6,5.6,2.1,3.5,2.5,2.3,2,5.2,4.5,2,5,7.5,2,4.9,8.4,5.2,6.1,8.7,6.7,5.8,10.4,11.1,2,13.2,2,4.2,2,,22.6
20140723,19,NO2,111.7,81.2,109,80.3,92.1,117.5,133.6,36.7,,39.5,53.9,104.1,64,37.3,55.1,84.1,57.7,47.7,67.1,38.8,52,21.7,9.9,2.1,22.3,3.4,38.8,36,16.9,21.3,142.4,106.4,143,,128.9
20140723,19,O3,51.8,75.8,75.5,81.7,78.6,39.9,73,50.2,123.2,71.9,71.5,76.9,52.5,92.3,73.1,42.2,77.5,76.6,119.4,94.9,120.1,118.3,92.7,,87.1,146.8,134.1,81.8,84.3,76,23.4,67.3,56.7,,29.6
20140723,19,CO,1.2,1,1.1,1.2,0.7,1.1,1,0.6,0.9,0.8,0.8,1,0.7,0.7,0.8,0.7,0.6,0.5,0.9,0.6,0.6,0.6,0.4,0.4,0.5,0.6,0.3,0.4,0.6,0.1,1.2,1.1,1.2,,0.9
20140723,20,SO2,4.9,2.7,3.8,3.2,2.3,5.2,11.8,5.8,2,3.7,2,2,2,4.6,5.9,2,5.5,5.1,2,5.6,5,5.1,6.7,6.8,7.9,4.3,7.2,10.5,2,13.4,2,3.6,3.4,,20.5
20140723,20,NO2,90.4,66,92.2,61.9,139.6,130.6,124.4,49.2,,38.7,41.3,96.6,72.7,39.7,66.4,78.4,79.6,44.8,87.6,52.4,65.5,31.7,9.6,2.8,11.6,3.3,48.1,54.2,20.5,19.9,102.8,83.2,142.9,,133.7
20140723,20,O3,62.2,62.4,62.8,67,40.9,43,48.7,37.6,115.3,59.3,76.9,30.2,44.7,86.3,57,40.6,48.5,75.5,60.6,94.2,85.2,101.5,90.9,,96.2,131.2,113.4,55.6,59.4,68.4,33.5,59.7,37,,32.9
20140723,20,CO,1.1,0.9,1.1,0.9,0.9,1.2,1,0.6,1.5,0.7,0.7,0.9,0.8,0.7,0.8,0.6,0.7,0.5,0.9,0.7,0.6,0.6,0.4,0.4,0.5,0.6,0.4,0.5,0.6,0.1,0.9,0.9,1.2,,1
20140723,21,SO2,5.9,2.6,3.6,3,2.3,5.1,10.3,5.2,2,4,2,2,2,4.9,4.6,2,7.4,5.4,2,4.8,5.3,3.5,7.3,6.3,9.4,2,7.4,12.2,2,11.8,2,2.9,5.6,6,19.3
20140723,21,NO2,59.6,53.8,70.5,62,117.3,80.9,114.1,69.3,,49.8,50.6,87.8,69,44,64.3,82.8,128.1,47.1,91.3,62.8,74.5,35.9,10.6,2.6,7.9,3,63.3,62.2,19.9,18.2,99.2,77.1,108.1,136.3,99.5
20140723,21,O3,54.2,48.6,45.7,49.4,27.4,47.9,14.2,16.1,93.1,35.5,50.4,31.9,39.4,77,55.3,27.7,2,67.6,20.9,74.8,60.7,78.5,85.1,,96.9,110.7,92.4,51.8,35.1,53.8,23,52.6,25.8,10.8,38.1
20140723,21,CO,0.9,0.8,0.9,1.1,0.8,1,0.9,0.7,1.4,0.8,0.8,0.9,0.8,0.8,0.8,0.6,1.1,0.5,0.8,0.8,0.7,0.7,0.5,0.4,0.5,0.6,0.5,0.5,0.6,0.2,0.9,0.8,1,1.2,0.8
20140723,22,SO2,5.5,2.3,3.9,2.2,2,5.1,10.1,4.9,2,3,2,2,2,5.9,5.9,2,5,6.5,2,4.6,3.6,3.6,7.7,6.8,9.3,2,7.2,12.6,2,10.7,2,4.5,2,5.2,20.8
20140723,22,NO2,75.7,54.2,76.5,71.1,113.5,95.3,116.8,81.8,,68.5,68.9,88.4,76.1,48.9,88.1,91.1,111.4,41.6,105.9,60.3,57.4,53.5,11.3,2.5,5.9,4.2,43.1,55.9,19.2,19.6,98.7,108.9,101.8,126.2,87.7
20140723,22,O3,34.4,35,33.7,29.5,6.2,24,3.4,2.3,76.3,5.6,28.8,20.5,17,65.2,28.7,15.6,2,69.6,2.4,47.2,74.2,61,81,,96.7,92.6,86.2,56.9,21,47.5,14.1,14.2,24.3,10.2,24.5
20140723,22,CO,1,0.8,0.9,0.9,0.8,1,0.9,0.8,1.8,0.9,0.9,0.9,1,0.8,1,0.7,1.1,0.5,0.9,0.8,0.7,0.6,0.5,0.4,0.5,0.6,0.4,0.5,0.6,0.2,1,1.2,1,1.2,0.8
20140723,23,SO2,5,2,4,2.4,2,4.9,10.4,4.8,2,2.6,2,2,2,6.1,4.8,2,4.4,5.9,2,4,3.7,3,7.9,6.9,9.7,2,7.8,8.9,2,10.5,2,4.4,3.6,5.1,18.3
20140723,23,NO2,83.6,70.2,86.1,85.8,114.3,107.3,123.8,78.5,,60.9,79.7,110,61.7,92.5,56,105.2,104.2,32.9,98.1,35.9,57.2,35.9,11.3,2.5,8.3,5.3,33,75.3,21.2,30.6,106.9,110.8,106.1,123.4,116
20140723,23,O3,23.8,15.2,21.7,18.5,2,9.7,2,2,68.9,5.9,13.6,2,21.5,18.3,53.5,8.2,2,72.7,5.7,37.8,55.8,63.2,78.8,,92,85,94.5,31.3,13.9,25.1,5.4,11.3,16.1,6.9,6.6
20140723,23,CO,1,0.9,1,1,0.9,1.1,1,0.8,2.7,1,1,1.1,0.9,0.9,0.8,0.8,1,0.5,1,0.7,0.7,0.7,0.5,0.4,0.5,0.6,0.4,0.5,0.7,0.2,1.1,1.1,1,1.3,1.1
