date,hour,type,dongsi,tiantan,guanyuan,wanshouxigong,aotizhongxing,nongzhanguan,wanliu,beibuxingqu,zhiwuyuan,fentaihuayuan,yungang,gucheng,fangshan,daxing,yizhuang,tongzhou,shunyi,changping,mengtougou,pinggu,huairou,miyun,yanqing,dingling,badaling,miyunshuiku,donggaocun,yongledian,yufa,liulihe,qianmeng,yongdingmengxi,xizhimengbei,nansanhuan,dongsihuan
20141206,0,PM2.5,111.3,109.1,115.2,138.9,117.4,149.1,119.6,115.4,64.3,202.1,103.2,94.4,199.2,199.6,173.3,164,72,37.3,53,104.9,41.6,81.4,79.5,38.9,20.4,12.9,,294.7,204.5,311.5,146.4,149.9,135.2,158,146.4
20141206,0,PM10,184.6,170.2,149.7,182.7,161,175.6,211.8,135,92.4,294.7,169.4,188.9,251.1,,198.2,234.1,113.6,52.1,79,107,45,95.6,85.4,,41.5,17.1,,317.6,,438,167,196.7,181.6,212.3,169.3
20141206,0,AQI,56,58,52,61,54,59,64,53,33,83,93,70,154,103,92,82,41,45,48,47,44,52,30,25,34,17,29,96,123,250,106,120,61,79,60
20141206,1,PM2.5,109.6,114,121.7,144.3,125.2,144.6,111.6,127.1,48.3,193,92.6,91.9,185.9,214.2,169.5,254.9,50.6,72.1,49,94.8,44.1,59.1,73.8,27.8,25.9,14.3,,313,150.3,303.2,164.8,154.1,134.5,172.1,160.3
20141206,1,PM10,176.3,153.3,149,181.6,187.7,175,178.1,134.8,69.7,263.5,143.9,153.9,308.5,,178.1,292.9,63,102.1,88.6,,52.3,68.8,75.8,29.4,45.6,25.6,,,,410.7,188.6,198.4,189.2,234.7,213.1
20141206,1,AQI,60,62,57,65,58,67,67,56,35,93,97,71,165,114,100,95,43,49,51,48,45,52,34,26,34,16,29,112,130,253,113,116,67,88,68
20141206,2,PM2.5,104.2,,112.9,140.5,148.3,198.7,106.3,115.9,47.8,185.2,65.3,73.7,190.9,211.3,175.8,330.8,51.9,98.1,43.8,69.4,44.7,51.4,71.2,14.4,20.7,14.7,,274.8,188.4,282.8,148.4,151.8,142.3,178.7,257.2
20141206,2,PM10,173.5,,156.7,179.8,216.7,253,172.5,117.1,74.8,275.5,107.9,117.8,283.9,229.2,201.6,382.8,76.1,119.6,65.6,,48.6,66.2,,18,40,18.8,,280.8,199.2,409.4,172.6,187.3,218.1,230.2,305.4
20141206,2,AQI,64,,62,72,66,76,71,58,38,102,100,74,175,124,109,112,46,53,52,51,45,53,37,26,35,16,,126,139,255,118,118,74,97,81
20141206,3,PM2.5,63.5,108.4,115.7,126.4,138.8,176.8,109.5,126.7,68.1,171.6,70.5,70.7,183.5,202.3,202.8,244.4,33.8,100.2,36,54.9,32.7,34.8,68.7,15.9,22.3,8.3,,325.1,190.7,266.7,107.9,118.7,135.9,144.8,178.1
20141206,3,PM10,,116.4,163.6,190.4,171.4,216.3,169.9,,89.5,273.4,113.9,106.7,275.3,228.2,253.1,,41.8,129.6,56.2,,,42.2,68.7,21.2,38,9.5,,,,408.7,112.9,131.8,192,186.4,190.8
20141206,3,AQI,65,72,68,79,74,85,74,64,42,111,103,76,185,134,119,124,47,55,53,54,45,53,41,27,35,16,,142,147,257,120,102,80,104,90
20141206,4,PM2.5,55.3,77.8,101.4,73.4,70.4,146.6,78.6,135.8,73.7,126.7,68.5,73.8,155.2,208.5,206.7,141.2,23.9,111.6,36.2,77.3,30.4,26,54,14.3,25.4,12.9,,306.5,189.1,279.5,69.1,70.1,98,99.2,136.3
20141206,4,PM10,64.7,81.2,129.3,102.8,76.8,173.7,114.6,,95,158.1,111.4,88.3,199.1,231.4,264.9,,38.3,141.4,56.2,,,30.6,,16.9,38,,,,,407.7,,,129.1,121.7,147.5
20141206,4,AQI,66,76,73,82,77,92,76,70,45,117,107,77,188,145,129,131,48,57,54,57,45,53,44,27,36,16,,158,153,260,118,90,85,108,97
20141206,5,PM2.5,24.6,,53.2,54.1,60,107.4,89.1,140.4,49.9,91.4,80.7,68.3,115.9,215.6,187.8,130.3,16.6,128.5,29.3,95.6,26.3,21.6,50.4,3,19.9,12.5,,305.6,179.2,229.4,52.6,56.4,45.8,65.9,109
20141206,5,PM10,28.9,,,70,,113.7,147.3,,,109,119.7,76.5,125.5,250.5,227.2,135.8,20.7,166.7,47.7,,,25.9,56,14.8,35.1,17.2,,320.3,,389.9,,,48.2,73.9,
20141206,5,AQI,66,,75,85,80,97,79,77,47,121,111,78,188,156,138,137,48,62,54,62,45,53,46,27,36,16,,175,159,261,116,93,87,110,102
20141206,6,PM2.5,19.1,26.3,30.4,31.2,39.8,52.4,81.6,118.7,12.2,44.5,58.1,43.2,100.2,167.1,89.9,138.8,12.1,117,34.6,74.7,21.1,19.1,50.5,4,23.2,6.9,,289.9,186,215.9,33.9,31.6,31.4,37.3,87.7
20141206,6,PM10,31.6,,,39.1,47.1,,115.6,,14.9,47.2,86.3,50.1,108.7,,94.1,151.5,25,162.7,44.3,75.1,27.4,26.5,,10.4,42.9,13.5,,328.3,192.5,281.8,,,33.2,45.6,
20141206,6,AQI,67,78,76,86,82,100,82,83,47,123,114,79,186,166,142,143,49,68,54,66,45,54,49,27,37,17,,191,168,260,112,94,88,111,105
20141206,7,PM2.5,14.7,19.2,21.7,22.2,25.5,39.2,58.5,109.8,12.7,25.9,56.1,20.4,62.5,68.6,58.9,107.7,14.2,110.7,28.3,49.7,25.1,15.4,38.6,8.5,27.9,9.5,,256.8,185,195.6,21.5,32.2,33.3,28.7,54.4
20141206,7,PM10,,24.5,,31,,,74.4,,14.1,,80.8,,68.2,,,113.7,17.9,167.3,52.4,57.3,,23,49.2,14.7,41.8,13.6,,283.2,,274.3,23,45,,63,
20141206,7,AQI,69,79,77,87,83,101,83,88,48,124,116,80,182,166,145,148,49,70,55,68,48,54,51,27,38,17,,203,174,260,108,106,89,112,105
20141206,8,PM2.5,18.2,,14.8,21.8,20.6,40.8,28.9,107.9,25.7,24,41.7,26.2,67.1,70.1,51.5,86.6,7.7,,41.1,38,30.6,20.8,51.2,24.3,25.8,10.4,,210,189.6,215.4,28.4,35.9,20.4,32.8,72.2
20141206,8,PM10,47.2,,15.7,34.9,31.3,43.6,42.8,,26,36.5,64.8,30,86.9,,,89.5,17.6,,71.3,49.7,37,33.7,73.6,35.3,40.9,19.6,,218.8,,286.7,38,59.5,26.3,69,83.2
20141206,8,AQI,69,,78,87,84,102,84,92,49,124,118,80,178,164,146,152,49,,57,69,47,54,53,28,38,17,,211,179,262,105,114,90,113,107
20141206,9,PM2.5,22.5,26.2,13.1,19.7,24.4,38.3,33.9,115,21.8,21.8,45.4,28.2,74.5,,50.5,,17.1,93.2,68.8,57,29.5,40.7,80.6,73.8,19.9,13.7,,208.4,217.4,230.8,28.1,31.8,15.9,35.9,64
20141206,9,PM10,53.8,38.5,20.6,40.6,41.7,50.3,76.1,117.6,22,38.6,71.5,28.6,99.7,,59.3,,29.5,178.3,146.3,104.6,,57.6,114.7,99.5,39.1,17.4,,223.2,278.7,289,50.2,61.7,33.3,83.4,100.7
20141206,9,AQI,70,80,78,88,85,104,85,97,47,124,120,80,175,170,148,158,49,80,59,71,48,55,56,32,39,17,,218,185,263,102,99,90,113,109
20141206,10,PM2.5,22.1,24.1,21.4,18.8,25.1,31.3,30.4,143.3,24.9,21.5,35.7,25.1,60.3,,44.9,,12.9,200.8,94.8,71.6,28.7,17.8,101.4,77.1,21.8,13,,193.1,233.6,97.2,31.2,27.3,24.5,34.3,25.1
20141206,10,PM10,47.3,27.9,,38.4,41.5,45.3,41,,35.9,34.9,64.7,29.7,72.5,38.2,47.7,88.9,25.1,260.2,151.3,132.7,30.3,22.5,119.2,91.2,41.1,15.3,,197.9,291.8,,39.9,46.6,45.7,58.7,81.6
20141206,10,AQI,70,81,78,88,85,105,86,103,49,125,118,81,170,177,148,164,49,91,62,74,47,55,60,36,39,19,,224,190,260,100,98,89,114,109
20141206,11,PM2.5,19.5,,14.2,20,26.5,32.6,27.5,52.4,31.9,17.7,40.8,27.1,45.2,20,44.5,44.3,11,90.2,41.7,93.4,12,11.5,78.5,70.9,31,14.7,,123,143.4,41.6,27.5,26.8,26.2,33.2,37.5
20141206,11,PM10,25.5,,20,41,45.1,47.3,,62.7,50.1,24.8,60.5,29.1,,37.9,57.5,98,19,115.2,64.9,134.6,,16.8,85.7,81.2,49.5,20.9,,168.1,146.1,,38.3,,39.6,51.6,41.9
20141206,11,AQI,70,,78,89,85,105,87,105,50,125,115,81,166,175,150,165,49,95,64,79,47,54,64,39,39,19,34,229,195,258,97,99,90,115,110
20141206,12,PM2.5,16.1,14.9,20.2,19.7,23.2,25.8,23.3,39.9,33.9,18.1,32.3,22.3,33.8,36.5,29.5,80.1,10.2,70.3,30.9,62.5,6.8,3,52.4,80.6,33.2,11.5,58.8,105.2,72.1,32.4,17.7,23.4,26,23.4,26.3
20141206,12,PM10,47.3,,,42.1,32.7,30.3,,55.8,36.7,20,47.5,22.7,,40.1,,97.1,18.2,96.2,36.8,66,,12.8,,99,47,18,,130.2,,,23.6,,33.2,29.6,
20141206,12,AQI,71,81,79,89,86,106,87,107,50,124,112,82,163,172,151,168,49,95,65,82,47,54,66,44,40,21,35,232,197,255,97,99,91,116,111
20141206,13,PM2.5,12.6,21.5,23.5,21.3,18.2,16,22.5,23.1,25,23.3,22.3,20,27.7,32.1,42.4,83.8,3.5,66.7,29.3,89.2,8.5,6.5,41.9,76.7,36.1,11.3,95.4,72.6,35.9,27.7,31.1,27.6,29.7,29.4,19.3
20141206,13,PM10,,,,30.6,27.3,16.7,,30.3,33.7,,27.9,22.3,,38.6,,92.4,5,83,33.2,127.1,,,,87.2,43.8,13.8,,,,,,,29.9,51.2,
20141206,13,AQI,71,82,80,90,87,106,88,108,51,125,110,83,161,170,152,173,49,95,66,86,47,53,68,47,40,24,39,234,195,252,98,100,92,116,112
20141206,14,PM2.5,14.5,,22.6,19.1,22.7,26,22.7,31,26.9,26.8,25.3,25.3,31.9,32.4,48.2,47.3,7.1,28.6,31.1,66.5,8.5,3,40.8,78.3,37.6,6.6,84.8,64.4,37.5,34.6,30.1,32,27,42,22.3
20141206,14,PM10,26.1,,23.6,40.4,30.4,,27.3,43.3,54.2,,39.7,33.1,34.2,43.4,,54.1,15.4,37,45,128.2,,5,45.3,99.4,53.1,,,,,,33.7,41.4,35.1,84.5,
20141206,14,AQI,71,,81,90,88,107,88,109,51,126,107,84,158,169,152,175,49,96,68,89,50,53,69,52,40,26,50,236,193,248,99,101,92,116,112
20141206,15,PM2.5,21.7,31.3,24.1,34.2,23.8,29.7,23.9,31.8,27.8,31.3,32.1,29.6,44.6,43.5,52,70.6,28.4,26.3,28.5,63.3,7.5,5.2,42,42.1,44.5,4.2,76.4,69,48.1,49.4,,43.3,30.3,48.8,35
20141206,15,PM10,45.5,45.9,34.7,68.6,41.5,51.2,42.8,48.9,61.4,48.8,63.3,50.3,54.7,78,53.8,90.6,49.3,40.5,40.4,119.5,26.4,8.5,67.8,50.6,61,10.4,,,52.6,,,62.8,45.7,92.8,44.1
20141206,15,AQI,72,84,81,92,86,108,90,110,52,125,105,85,154,168,152,180,49,97,69,92,49,53,71,54,41,26,58,237,192,246,,103,93,117,114
20141206,16,PM2.5,30,44.7,34.1,44,33.7,59.1,29.5,44.5,34.5,39,37.3,31.9,49,51.9,55.6,78.1,54.7,27.6,31.3,63.2,5.8,22.6,41.5,32.7,41.9,8.9,66.5,74.3,59.3,52.1,,50.5,38,56.1,69
20141206,16,PM10,66,62.1,53.4,80.9,73.7,98.3,49.6,83.9,57.9,62.4,70.2,67.5,68,90.3,66.4,102.9,97.3,42.3,57.8,117.5,24.7,50.8,58.3,55,64.3,16.2,,84.3,69,63.2,,76,67.9,103.5,103.5
20141206,16,AQI,73,85,83,93,84,110,91,112,54,126,103,85,151,167,151,184,51,98,70,95,50,54,72,55,42,25,64,237,192,243,,106,95,119,117
20141206,17,PM2.5,42.4,,37.4,48.4,47.6,70.3,36.4,57,39.6,54.6,51.6,44.2,51.3,58.9,65.4,91.4,54.1,29.4,38.6,65.5,24.3,77.5,49.5,34.6,44,26.9,78.4,85.2,62.7,59.2,,67.1,43.5,63.1,78.8
20141206,17,PM10,89.1,,63.3,89.7,145.6,108.4,72.1,97,75.6,85.1,92.4,117.1,83.5,95.7,72.4,108.6,94.3,55.8,79.2,146.8,77.2,124.5,72.1,47.8,64.5,72.9,,89.2,86.4,87.1,,98.7,82,101.6,114.5
20141206,17,AQI,74,,84,95,86,114,92,115,55,124,100,83,148,163,149,189,52,98,72,98,53,57,74,57,43,21,71,238,191,239,,106,96,117,120
20141206,18,PM2.5,47.8,48.1,46.1,48.7,60.8,69,42.6,62.6,51.6,64,75.8,55.8,62.5,57.9,66.8,152.3,91,32.8,43.5,76.5,74.9,103.6,53.3,40.4,35.8,77.7,77.9,125.1,94.7,87,,58.5,63.7,61.4,80.4
20141206,18,PM10,92.4,82.9,71.6,83.9,113.5,97.3,87.3,122.9,70.8,92.5,122.1,101.7,95.4,85.3,79,185.8,139.9,61.3,88.3,144.6,143,145.2,75.5,56.6,60.4,117,,171,135.4,176.7,,84.7,99.9,95.6,113.6
20141206,18,AQI,74,81,83,93,88,116,91,118,58,122,98,81,144,158,146,192,54,98,70,100,55,62,76,58,44,26,77,239,191,236,109,104,96,114,124
20141206,19,PM2.5,45,56.7,45.5,51.2,61.6,71.7,47.9,101.7,51.4,49.8,89.7,70.7,94.3,113,102.1,239.3,111.9,58.3,69.2,71,112.3,93.8,46.7,55.6,41,93.5,117.9,100.9,123.6,138.4,42.7,77.1,67.2,66.1,93.8
20141206,19,PM10,95.7,75,71.3,81.5,104.8,94.9,89,174,78.6,65.3,137.4,123.1,135.2,154.4,117.8,280.2,183.8,92.9,122.3,106.9,195.5,125.4,63.5,75.5,58.6,108.2,,146.3,135.1,250.2,90.9,94.5,95.9,100,130.2
20141206,19,AQI,73,79,81,91,88,114,89,120,59,118,95,79,142,156,143,199,56,99,68,100,60,64,77,58,45,30,88,239,193,232,105,101,95,110,124
20141206,20,PM2.5,63.4,,56.5,81.3,70.4,105.9,48.7,97.3,53,58.1,111.9,82.7,95.5,121.1,116.5,165.3,114.6,82.3,73,102.5,117.7,89.9,40.3,67.3,48.3,93.5,229.2,88.1,114.9,147.6,97.3,106.3,65.8,107.1,129.6
20141206,20,PM10,110.4,,76.4,120.6,106.9,139.3,84.8,171.8,88.3,73.3,158.2,164.1,127.3,177.9,164.1,225.6,162.3,135.2,129.4,141.3,171.9,107.8,60.7,80.3,51.7,110.1,,97.6,128.2,318.6,117.8,137.6,95.9,157.6,181.3
20141206,20,AQI,72,,79,89,87,113,86,121,59,113,92,77,138,154,141,198,58,101,66,102,62,61,77,59,46,34,113,237,192,227,102,100,92,109,125
20141206,21,PM2.5,108.1,98.2,87.8,109.1,102.9,126,65.7,121.5,70,98.1,104.8,88.3,122,132.7,85.9,119.6,116.8,107.2,96.6,112.6,124.4,109.2,42.5,72.4,48.7,110.3,164,108.1,149,181.1,142.3,130,106.3,122.6,123.4
20141206,21,PM10,180.6,168.8,134.2,173.3,153.7,171.4,98.2,166.9,109.4,130.6,152.7,157.3,159.8,202.6,102.7,152.1,178.4,174.5,160.6,169.6,191.9,137.9,61.3,,57.7,139.3,,119.7,156.3,307.9,175.8,181.5,146.1,192.3,176.4
20141206,21,AQI,72,79,78,88,86,113,83,123,60,109,89,76,136,151,136,193,62,104,67,102,67,62,77,60,48,39,129,234,193,221,102,100,91,107,125
20141206,22,PM2.5,71.9,76.8,104.1,95.7,91.6,85.4,102.8,119.7,57.4,112,135.9,88.7,138.9,91.2,76.9,131.7,82.7,121.7,88.5,86.4,123.6,190.6,37.2,58.8,62.9,131,81.4,119.9,142.6,217.2,103.9,100.6,138.5,94.7,102.5
20141206,22,PM10,130.2,107.2,153.6,148.9,135.8,100.2,159.4,168.5,92.8,165.5,206.2,165.4,214.9,131.5,80.6,187.4,105.2,183.8,158.4,130.7,186.1,196.3,59.7,62.1,73.3,158.2,,136,179.5,278.5,130.9,123.1,203.1,138.7,111.4
20141206,22,AQI,71,77,77,86,85,110,83,124,60,105,90,75,134,147,130,189,63,107,68,103,70,68,77,61,49,45,135,231,190,218,99,98,91,105,124
20141206,23,PM2.5,47.4,,77.1,69.5,74.7,79.2,111.2,148.3,64.7,94.3,162.5,117.7,154.7,98,103.2,172.1,152.2,143.1,106,75.5,121.7,262.3,50.1,69.9,80.6,227.6,81.2,161.8,125,198.7,75.6,73.8,87.2,86.2,105
20141206,23,PM10,84.4,,101.1,106.9,104.3,84.9,188.2,203.3,85.8,139.2,215.1,264.4,234.5,125,,200,208.2,209.3,144.9,109.4,205.7,294.1,69.8,71.2,92.1,245.2,,,141.7,286.7,90.3,,121.6,108.3,127.2
20141206,23,AQI,68,,75,82,82,107,82,126,60,100,92,75,129,146,127,186,67,113,70,101,74,78,76,63,51,56,133,229,184,213,94,94,88,102,122
20141206,0,SO2,61.5,22.6,65.9,69.2,44.4,66.1,39.8,27.6,26.4,94.4,60,36.8,47.6,64.3,87.8,74.9,46.5,17.5,40.5,25.8,24,23.5,16,14.6,42.6,2.9,,36,24.3,62.1,69.3,16,65.5,89.7,18.9
20141206,0,NO2,76.6,83.4,95.7,99.9,96.1,105.9,99.2,67.2,63.9,111.8,94.9,87,81.1,85.9,99.6,96.2,55.8,45.9,53.7,53.6,41.4,58,58,16.9,42.9,8.2,,97.6,77.6,88.1,90.5,392.1,88.9,96.5,75.1
20141206,0,O3,3.8,7.8,2,6.1,2,2.6,2,2,6.8,2,8.8,3.3,2,5.8,11.9,2,7.5,21.7,6.5,13.8,14.8,2.2,2,35.7,29.6,52,,7.8,2,7,2.6,76.2,7.3,2,2
20141206,0,CO,2.4,2.3,2.5,2.5,2.2,2.2,3.3,4.1,1.5,4.3,1.8,3.7,4.4,3.2,3.1,2.7,1.6,1.3,2.3,2.6,1.6,2.1,2.3,0.7,0.5,0.3,,6.3,3.2,7.1,2.4,3.9,3,3.2,2.2
20141206,1,SO2,63.8,14.7,62,69.4,70.9,70.6,51.8,28.4,23.8,69.5,67.6,35.2,47.8,89,75.1,83.8,45.7,28.1,44.8,18.8,18.6,16.4,12.4,19,47.1,3.8,16.9,36.4,32.2,76.3,71.1,13.9,67.9,87.5,26.6
20141206,1,NO2,76,78.9,95.6,98.6,103.2,102.8,105.2,65.7,57.3,106.8,93.5,80.9,73.7,88.1,98.5,95,40.4,61.9,52.3,40.1,39.9,56.2,61.9,21.1,46.1,9.6,56.1,93.5,86.4,87.1,99.5,355.1,90.9,97.3,54.5
20141206,1,O3,4.1,7.6,2,6.6,2,2.4,2,2,8.8,2,9.3,3.1,2,4.9,11.6,2,2,6.5,6.5,17.9,14.6,2,2,32.8,21.3,48.2,4.6,5.8,2,4.4,2.9,42.6,5.8,2,2
20141206,1,CO,2.7,2.3,2.8,2.6,3.7,2.1,4,4.4,1.3,4.2,2.3,4.7,3.6,3.3,3.1,6,1,3.1,2.4,2.3,1.4,1.4,2.2,0.6,0.6,0.4,1.1,6.7,2.5,6.9,2.8,3.6,3.5,3.5,2.5
20141206,2,SO2,54,,87.9,60.2,88.2,78.4,,15.3,25.9,69.1,42.1,30,46.8,105.1,97.9,103.9,35.8,28.9,37.1,16.8,12.9,14.6,12.9,7.3,55.2,2,,32.3,14,52,56.5,13.4,83.9,89.1,26.7
20141206,2,NO2,85.4,,106.9,97.5,110,125.8,97.1,62.2,60.7,114,88.4,76.7,75.5,95.1,106.2,105.3,30.3,63.5,45.5,32.6,33.6,57.6,61.3,9.8,33,8.6,,88.3,68.6,79.8,92.7,376.2,99.1,100.3,40.5
20141206,2,O3,2.3,,2.7,6.2,2,5,2,2,6.9,2,6.6,2.6,2,3.9,11.3,2,2,5.7,6.4,22.8,15.3,2,2,46.5,30.2,48.6,,4.7,2,6,2.1,41,3.9,2,2
20141206,2,CO,3.3,,3.8,2.9,4.4,5.2,3.9,4.7,1.3,5.7,1.9,4.2,3.3,3.8,3.5,8,1.1,3.9,2.1,1.9,1.5,1.6,2.4,0.5,0.5,0.4,,6.7,3.5,8.7,2.9,4.5,4.4,3.4,5.4
20141206,3,SO2,37.8,24.9,105,62.7,68,69.3,67.3,17.3,36.9,61.7,44.8,33.6,34.2,109.2,124.6,70.9,15.6,35.6,33.5,10.8,18.7,10.9,10.6,10.2,56.4,2,,34.2,15.6,52.1,44.5,23,102.8,76.8,9.3
20141206,3,NO2,69.6,86.3,106.2,110.3,97.8,118.9,99,60,67.2,124,89,79.9,75.9,107.5,126.4,82.7,24.6,61.2,47.4,28.9,39.4,55.2,58,14.7,31.7,10.3,,82.1,66.4,76.9,83.3,210.9,98.9,106.4,39.2
20141206,3,O3,2,7.9,2.4,7.1,2,2.5,2,2,7,2,6.7,2.5,2,2.8,12.3,2,2,5.1,8.2,23.6,15.4,2,2,46.4,31.3,48.2,,5.8,2,4.5,2,8.7,3.1,2,2
20141206,3,CO,1.6,2.4,4.1,3.8,4,4.4,3.6,5,2.1,5.4,2.1,4.6,4.9,3.6,4.9,6,,5,2.1,1.7,1.2,1.3,2.6,0.5,0.6,0.3,,7.5,4.1,9,2,3.2,4.2,4,3.7
20141206,4,SO2,34.4,20,79.9,47.9,54,53.2,56.2,16.9,40,76.9,50.9,51.4,31.7,106.6,81,58.1,15,34,33,13.6,19.3,9.2,14.5,10,58.5,2,,30.8,12.7,33.6,32.2,14,73,56.5,10.2
20141206,4,NO2,63.5,75.9,97,90.5,80.1,106.7,95,60.7,75.1,107.4,88.8,90.7,83,111.7,135.5,73.5,28.8,60.2,47.9,43,56.4,55,59.4,21.8,33.8,11.3,,76.2,58.2,72.8,72.7,143.1,89.3,91.4,34.9
20141206,4,O3,4.5,9.1,2,4.5,2,2,,2,6.3,2,2,2.8,2,3,12.7,2,2.4,6.3,11.8,13.1,3.8,2,2,34.2,28.1,43.2,,,2,,3.9,101.9,2.7,2,2
20141206,4,CO,1.3,1.9,3.6,2.2,2.3,4,3,5.2,2.4,3.5,2.9,3.2,4,4.3,5.1,3.7,0.5,4,2.1,2.8,1.4,1.1,2.4,0.5,0.7,0.3,,7.5,4.7,8,1.6,2,2.7,2.7,2.7
20141206,5,SO2,27.6,,70.5,38.5,39.9,35.2,57.8,16,24.1,60.7,54,46.4,38.2,121.6,65.8,54.7,13.4,44.6,32.4,13.8,16.8,9.1,14,7.1,40.6,2,,36.3,11.9,28,30.4,11.4,76,46.7,9.9
20141206,5,NO2,62,,81.5,82.5,75.1,89.9,97.4,63.6,40.8,95,94.1,88.5,84.7,123.4,119,67.7,31.3,72.5,42.6,50,52.5,55.1,67.2,11.9,50.5,,,80.2,58.7,68.4,67.4,142.3,79.2,85.6,53.3
20141206,5,O3,5.9,,2,4,2,2,2.2,2,24.2,2,2,2,2,3.5,9.3,2,9.7,5.7,22.2,10.5,8.7,2,2,43.9,14,46.8,,8.9,2,8.8,3.3,99.5,4.9,2,2
20141206,5,CO,1.1,,1.8,1.8,1.7,2.7,4.5,6.1,1,2.6,2.8,2.8,2.9,6.6,4.6,3.9,0.5,6.2,1.8,3.1,1,1,2.4,0.3,0.6,0.3,,7.5,3.7,8.6,1.3,1.8,1.6,1.8,2.5
20141206,6,SO2,18.5,17.2,39.8,26.4,48.6,30.4,59.1,16,7.8,41.5,43.9,31.1,43.1,90.1,56.1,58,23.3,60.5,41.5,13.4,12.6,9.4,16.4,4.5,62.4,2,,38.8,12,37.3,17.2,11,40.8,32.3,11.4
20141206,6,NO2,58.4,65,76,75.1,72.4,76.9,92.1,66.1,13.6,80,87.8,74.5,84.3,110.7,84.7,78.9,33.9,77.7,47.1,53.7,52.4,56.9,64.5,10.2,44.3,6.9,,88.6,56.3,72.6,60.1,93.9,72.4,80.8,53.2
20141206,6,O3,8.2,6.8,2,2.6,2,2,2,2,58.1,2,2,2,2,2,6.9,2,19.6,6.6,20,9.5,7.8,2.4,2,51.7,14.1,50.4,,8.2,2,8.7,6.9,71.1,8.2,2,2
20141206,6,CO,1,1.1,1.2,1.3,1.5,1.4,4.2,6.3,0.4,1.8,2.2,2.3,3.1,4.8,2.7,3.8,0.7,6.8,1.7,3.2,1.3,0.9,2.9,0.2,0.8,0.3,,7.6,4.1,7.9,0.9,1.1,1.3,1.4,2.5
20141206,7,SO2,17.8,8.7,29.4,26.5,26.3,24.1,39.2,11.8,8.4,24.2,49,19.5,37,52.9,65.1,55.1,26.8,47.2,53.2,12.7,11.6,15.4,16.7,13,80.4,2,,36.7,10.3,26,18.1,8.3,40.5,32.4,24
20141206,7,NO2,60.5,58.8,76.6,73,64.4,74.4,83.6,59.6,19.9,73.5,81.1,69.9,82.8,81.8,78.6,75.7,29.5,78.2,57,51.5,48.1,57,73.3,5.9,35.3,11.3,,87.6,53.2,70.3,65.2,252.6,72.3,74,57.3
20141206,7,O3,6,6.4,2,2.7,2,2,2,2,53.4,2,2,3.9,2,2,5.8,2,25.2,4.3,9.3,7.6,5.9,2.8,2,53.5,20.6,45.4,,7.7,2,8,5.4,178,8.6,2,2
20141206,7,CO,0.9,1,1.1,1.1,1,1.2,2.9,6.7,0.5,1.2,2.4,1.1,2.7,1.9,2.3,3.1,0.5,5.9,1.5,2,1.7,0.9,1.9,0.3,0.8,0.4,,7.1,4,7.8,0.9,1.1,1.3,1.4,2
20141206,8,SO2,17.4,,20.9,20.6,21,40.8,26.8,8.7,14.9,26.9,46.2,25.9,38.1,62.4,58.8,57.9,19.1,,45.9,16,14.1,19.1,21.7,31.8,61.8,2,,35.6,12.5,25.4,17.8,10.4,22.8,38.9,22.9
20141206,8,NO2,63.8,,75.7,76.3,57.6,77.1,75.2,57.3,36.9,78.4,82.6,81,80.8,86,74.8,70.7,26.5,,64.3,55.4,53.6,57.8,74.3,27.3,34.9,9,,83.5,58.5,73.7,70.5,332.9,74.2,68.8,48.2
20141206,8,O3,4.5,,2,3.5,4.5,2.2,2,2,38.2,2,2,2,2,2.2,4.8,2,28.4,,7.5,8.3,6.7,4.1,2,28.1,22.7,44.9,,7.6,2,8.9,3.9,32.7,8.9,2,2
20141206,8,CO,1.2,,0.8,1.2,0.9,1.1,1.6,7,0.8,1.4,1.9,1.5,2.7,2,2,2.7,0.5,,1.9,2,1.6,0.9,2.6,0.6,0.7,0.4,,6.6,3.8,8.8,1,1.3,1.1,1.7,3.1
20141206,9,SO2,20.4,14.3,18.9,19.8,27.6,36,31.3,24.6,16.5,24.8,40.8,24.8,38.3,39.6,54.7,48.5,18.2,51.7,56,23.1,15.3,18,35.3,34.8,54.1,2,,44.5,22.1,46.4,19.2,10.7,22.8,38,38.3
20141206,9,NO2,60.6,68.2,68.8,63.6,57.8,75,73,59.2,30.9,74,79,71.3,80.7,80.2,74,70.4,26.7,84.7,64,58.4,40.1,40.3,68.6,37.6,26.6,9,,81.3,60.3,73.8,65.4,196.3,67.9,72.3,55.8
20141206,9,O3,9,8.4,5.9,12.1,6.6,5.9,2,2,46.2,2,2,7.6,2.4,2,9.1,2,32.8,7.8,10.7,13.6,20.8,27.3,2,20.6,32.4,46.7,,7.8,2,9.2,8.9,64.3,16,2,2
20141206,9,CO,1.3,1.2,0.8,1.1,0.9,1.1,1.8,7.3,0.7,1.2,1.9,1.2,3,1.9,2.1,2.5,0.5,5.4,2.7,2.3,1.4,0.9,3.3,1.7,0.6,0.4,,6.2,5.2,7.1,1.2,1.2,1,1.9,2.4
20141206,10,SO2,18.2,18.4,15.5,19.1,16.7,22.5,28,48.6,16.9,20.4,30.4,23.6,27.7,28.6,32.2,37,32.5,91.7,63.8,24.2,14.3,8.7,53.8,40.6,66.8,2.9,,50.8,60.6,43.9,19.2,13.7,27.3,29.9,36.1
20141206,10,NO2,52.8,65.2,50.8,52.5,51.6,67.5,65.8,72.4,38.5,58.2,67.6,63.4,67.1,74.3,69.3,72.1,22.9,98.5,73.4,54.7,41.9,18.8,55.4,51.2,23.2,7.7,,90.4,103.8,69.7,55.5,129.3,68.8,76.3,48.5
20141206,10,O3,21.3,15.6,21.4,26.4,16.9,16.7,6.5,2,40.2,8.4,6.3,16,6.6,5.4,14.6,2,38,9.5,11.4,23.7,30.8,55.1,11.2,16.3,39.8,57.8,,8,2,10.3,21.6,22.2,17.5,2,9.9
20141206,10,CO,1.1,1,0.8,1,0.9,0.9,1.4,6.4,1,0.9,1.3,1.2,2,1.4,1.6,1.9,0.4,5.9,3.1,1.9,0.8,0.6,2.1,1.7,0.7,0.3,,5.1,5.1,2.5,1,1,1.2,1.5,1.5
20141206,11,SO2,13.6,,10.2,15.5,11,23.1,21.1,26,19.7,10.2,27.7,20.7,22.1,22.3,28.3,39.2,16.1,54.8,34.4,19.9,9.4,6.9,44.2,39.8,91.5,3,8.7,44.4,49.7,29.7,13.1,12,14.9,25.6,27.3
20141206,11,NO2,44.9,,44.3,50.4,42,49.3,57,61.5,43.9,40.2,67.9,57.5,63.5,65.9,62.9,73.7,16.3,73.3,54.9,63,20.7,13.1,48.7,58,26.9,7.3,17.8,89.5,99.8,50,50.9,81.8,55.8,69.7,48.9
20141206,11,O3,34.9,,31.1,32,29.6,40.7,16.4,6.7,38.6,30.1,9.7,22.7,11.6,15.3,25.8,3.4,50.9,11.3,19.5,34.4,51.2,63.4,20.5,18.6,37.7,59.5,46.5,10.7,2,25.9,30.8,8.5,34,2,19.2
20141206,11,CO,0.8,,0.7,1,0.8,0.7,1,2.5,1.2,0.7,1.3,1.1,1.5,1,1.4,1.5,0.3,2.4,1.2,1.7,0.5,0.4,1.7,1.4,0.8,0.3,0.5,3.5,3.3,1.1,0.8,0.9,1.6,1.4,1.2
20141206,12,SO2,13.8,12,11.5,14.5,12.4,19.7,14.6,24,18.9,15.2,22,19.8,14.9,27,12.9,41.6,6.4,50.8,23.8,16.3,7.6,6.7,54.9,39.7,76.5,2.2,28.8,42.4,20,23.7,13,11.7,12.6,22.1,21.2
20141206,12,NO2,35.7,44.9,41.7,44.5,37.6,41.1,51.6,54.7,32.5,38.8,64.5,57.6,54.9,66.1,43,71.2,12.9,76,46.4,37.6,11.6,8.8,39.9,58.3,34.3,5.4,48.6,90.6,52.7,39.2,37.1,71.9,48.6,61.9,46.6
20141206,12,O3,48.1,40.8,35.8,41.6,35.2,56.6,22.5,16.9,47.3,34.5,14.2,24.3,17.2,21,43.4,15,57.6,14.4,27.4,55.5,63,71.8,34.6,23.4,35.9,66.9,37.6,15.5,22.8,41,47,18,42.8,15.1,28.8
20141206,12,CO,0.7,0.5,0.7,0.9,0.7,0.6,0.8,1.9,0.9,0.7,1.1,0.9,1.1,1.1,0.7,1.5,0.3,2.1,0.9,1.2,0.3,0.4,1.3,1.6,0.8,0.2,1.3,2.7,1.4,0.9,0.6,0.7,0.9,1,0.7
20141206,13,SO2,16,17.9,18.3,19.6,17.5,16.7,17.7,25.9,21.5,22.2,18.5,19.3,13.7,27,16.7,36.6,3.4,41.3,21.4,31.5,8.6,6.8,76,40.7,56.2,2,36.2,33.1,12,20.2,19,16.8,20.1,35.6,16.9
20141206,13,NO2,32.9,41.9,39.5,38,41.4,34.9,50.7,44,32.9,44,48.2,58.7,38.4,60.3,55.4,61.7,10.3,57.4,46.1,52.1,10.6,8.4,30.2,61.5,28.9,3.4,61.9,83.5,25.5,43.2,43.7,74.4,51.5,73.9,43.8
20141206,13,O3,49.9,44,39.3,47.5,33.1,68.7,24.4,25.6,46.5,31.5,29.2,26.8,29.4,29.4,45.7,37.7,62.8,29.1,29,49.4,65.8,78.4,45.7,23.6,41.1,75.3,40.6,23.9,45.3,42.1,44.1,12.5,42,4.6,31.3
20141206,13,CO,0.6,0.5,0.6,0.8,0.6,0.4,0.8,1.4,0.8,0.8,0.7,0.8,0.7,0.9,0.9,1.4,0.2,1.3,0.7,1.7,0.3,0.3,1.1,1.6,0.7,0.1,1.4,2,0.8,0.8,0.6,0.8,0.8,1.3,0.6
20141206,14,SO2,16,,21.1,26.1,16.8,18.6,21.2,23.5,20.2,23.4,18.5,19.5,15.7,20.6,19.4,22.1,3.4,30.4,21,23.9,9.8,5.9,69.7,38.4,44.7,2,29.7,27.7,12.8,25,21,16.8,22.9,38.3,19.9
20141206,14,NO2,38.9,,47.3,54.3,44.8,41.3,55.1,48.6,41.5,49.8,50.5,62.1,50.6,58.1,55.3,46.1,13.5,34.1,55.1,51.8,11.4,7.6,30.5,62.1,52.9,2.3,64.6,83.7,27.8,57.7,56.7,96.5,55.6,84.4,41.5
20141206,14,O3,43.3,,34.8,34.9,30.9,64.6,21.1,23.7,41.2,28.7,28.3,25.2,23.7,33.4,44.4,42.5,65.3,42.4,24.9,52.3,66.1,84.7,49.8,26.6,22.1,81.5,44.3,28.4,46.5,33.1,32.9,48.9,38.3,2,33.9
20141206,14,CO,0.6,,0.7,1.1,0.6,0.4,0.8,1.2,0.9,0.8,0.6,0.8,0.8,0.7,0.9,0.9,0.2,0.6,0.8,1.6,0.3,0.2,1,1.4,0.9,0.1,1,1.7,0.8,1,0.7,0.9,1,1.9,0.6
20141206,15,SO2,18,22.4,22,26.9,19.1,19.3,21.9,21,19.3,25.1,22,20.9,19.6,26.5,16.4,30.7,9.1,22.4,20.3,28.2,21.2,13.4,59.6,25.3,33.6,2,33.2,25.2,19.6,28,,16,24.5,40,19.8
20141206,15,NO2,57.5,70.7,64.5,76.8,57.2,60.9,68.8,54.3,56.2,67.2,73,68.3,69.8,70,50.9,65.3,31.6,33.7,55.5,56,17.5,13.9,34.8,37.3,60.4,2.7,60.8,81.1,53,70.5,,142.5,62.5,91.5,57.4
20141206,15,O3,26.6,26.8,23.1,21,20.5,43.8,11.4,17.9,27,13.5,11,20.3,13.7,26.4,48.8,28.3,46.9,45.4,24.5,49.4,65.9,78.4,45.3,38.2,17,80.2,46.1,31.7,30.8,27.2,,38.7,31,2,16
20141206,15,CO,0.8,0.9,0.8,1.3,0.7,0.6,0.9,1.1,1,0.9,0.7,0.8,1,0.8,0.8,1.1,0.5,0.5,0.7,1.7,0.3,0.2,1,0.7,0.9,0.1,1.1,1.4,1,1.1,,1.2,1,2,1
20141206,16,SO2,20.5,22.8,24.7,27.3,21.5,27.9,22.8,22,21.8,29.8,24,24.6,18.8,20.2,19.8,34.1,21.4,20.5,29.3,31.3,11.8,20.9,59.8,15.5,33.1,2,34.3,29.1,22.4,26.7,,15.8,27.2,43.5,29
20141206,16,NO2,75,85.5,91.3,89.9,76.2,97.4,81.7,68.3,62.8,80,83.5,84.3,78.3,65.8,58.5,70.2,51.5,36.9,63.9,62.9,26.5,35.7,40.4,34.1,71.6,2.8,60.6,92,57.7,71.5,,156.7,82.4,100.4,75.4
20141206,16,O3,13.9,17.6,6.3,10.7,5,11.4,2.6,5.6,21.3,3.4,3.2,8.1,8.5,30.6,39.6,24.1,25.8,42.3,16.6,37.9,55.5,57.5,36.4,39.6,7.7,79,42,21,28.7,26.6,,51.1,15.3,2,3.8
20141206,16,CO,1.1,1,1.1,1.3,0.9,1,1,1.2,1,1.1,0.8,1,1,0.8,0.9,1.2,0.9,0.5,0.7,1.8,0.3,0.5,1,0.6,0.9,0.1,1,1.5,1.1,1.1,,1.4,1.2,2.2,1.7
20141206,17,SO2,20.8,,27.4,28.4,23.8,25.6,26.4,30.5,24.1,31.5,24.9,25.5,15.2,23,23.6,36.3,20.5,18,28.1,38.8,21.3,30.1,55.5,12.8,32.7,10.8,35.9,31,24.2,25.1,,15.9,30,40.5,28.3
20141206,17,NO2,83.9,,99.7,97.7,92.9,95.6,90.4,78.1,76.8,92.5,97.2,92.2,78.4,80.7,68.4,86.7,53.2,50.7,73.9,78.1,59,71.9,62.5,30,74.9,24.5,66.3,99.1,63.5,78.4,,151.3,89,96.1,71.8
20141206,17,O3,8.5,,3.2,6,2,9.7,2,2,8.4,2,2,3.5,8.6,13.4,28.9,3.9,18.6,28.7,7.3,22.6,29.9,27.2,10.8,40,3.6,55.5,40.6,13.5,17.2,17.9,,15.8,12.2,2,2
20141206,17,CO,1.1,,1.2,1.4,1.2,0.9,1.2,1.5,1.2,1.3,1,1,0.9,1.1,1,1.4,0.9,0.5,0.8,2.2,0.7,1.2,1.2,0.6,0.8,0.3,1.4,1.6,1.2,1.2,,1.4,1.3,2.1,1.9
20141206,18,SO2,19.5,22,28,24.4,23.1,26.8,28,28.7,25.7,31,41.7,28.4,20.9,31.1,23.7,66.4,29.6,22.3,28.3,44.6,38.3,35.4,36,16.2,30.9,30,37.2,41.2,25.8,34.1,32.3,14.4,27.9,38.6,28.8
20141206,18,NO2,83.8,90.2,102.1,85.2,100.1,96.9,96.2,79.7,77,91,105.6,100.6,85.3,89.6,83.2,101.4,68.5,68.4,83,90.7,89.7,85.3,73.8,34,74.8,48.4,70.4,109.4,75.1,93.8,87.1,163.5,94.2,89.3,69.9
20141206,18,O3,5.1,9.6,2,11,2,3.5,2,2,6.9,2,2,2.5,4.2,6.9,17.5,2,11.9,12.7,4.5,14.1,6.5,15,3.5,30,2,31.5,35.1,8.5,4.2,8.3,132.8,48.8,11.1,2,2
20141206,18,CO,1.2,1.1,1.2,1.5,1.3,1,1.3,1.5,1.5,1.3,1.7,1.2,1.2,1.3,1.2,2.8,1.5,0.7,1,2.7,1.4,1.7,1.2,0.7,0.8,0.9,1.6,2.2,1.7,1.5,1.6,1.4,1.6,1.8,2
20141206,19,SO2,20.3,19.5,25.4,26.3,24.2,26,25.9,25.7,28.9,25.1,56.3,42,30.8,51.5,31.6,89.7,54.1,31.3,42.2,45.4,53.6,41.3,27.6,16.8,27.6,33.3,68.2,47.3,27.8,51.2,28.4,20.2,29,40.5,30.3
20141206,19,NO2,79.3,85.5,97.3,94.1,97.9,98.3,96.7,76.9,76,80.2,108,103.6,94.6,99.2,93.5,103.9,73.6,78.7,88.2,80.6,98.7,79.1,64.1,46.1,77.9,48.3,89.9,104.3,70.4,92.7,90.7,139.3,89,97,73.3
20141206,19,O3,6.8,9.3,2.2,4.8,2,2,2,2,7.2,2,2,3.4,2.3,4.7,14.5,2,9.9,6.4,6.2,20.8,2.5,15,10.3,13.7,2,29,23.3,8.7,2,11.2,4.2,9.7,11.4,2,2
20141206,19,CO,1.3,1.2,1.2,1.8,1.3,1.3,1.4,1.8,1.8,1.4,2.5,1.9,1.8,2.1,1.6,4.2,2.4,1.1,1.4,2.6,2.3,2,1,1.2,0.8,1.2,2.3,2.6,2.1,3.6,1.9,2,1.5,1.9,2.5
20141206,20,SO2,29.8,,26,38,28.6,42.3,24.1,28,23.9,29.5,58,46,31.7,66,53.7,72.4,61.5,43.4,33.2,65.7,59.6,46.2,26.4,21.4,26.1,53.7,91.6,62.2,29.7,37.2,36.2,30.2,28,63.9,38.4
20141206,20,NO2,78.8,,96.7,98.6,97.8,104.3,94.6,73.4,80.3,89.7,109.8,104.4,93,100.5,87,89,68.7,85.1,88,92.2,96.5,75.8,71.1,53.5,74.3,52.9,115,96.9,71.5,87.3,93.3,113,90,98.4,68.2
20141206,20,O3,10,,2.3,6.1,2,2,2,2,7.4,2,2,3.4,2,4.3,10.9,2,10.3,6.8,6.1,14.8,2,16.3,4.5,4.8,2,21.3,14.6,13,2,10,5.1,6.7,10.7,2,2
20141206,20,CO,1.6,,1.4,2.3,1.6,2,1.3,2.5,1.4,1.6,2.3,2,1.9,2.5,2.7,3.5,2.9,1.6,1.6,3.4,3,2.4,1.1,1.4,0.8,1.6,2.6,2.3,2.1,3.3,2,2.4,1.5,2.8,3.2
20141206,21,SO2,61,59.1,54.3,57.5,54.9,61.7,28.5,40.1,23.2,47.9,65.7,38.4,44.2,65.7,47.6,67.6,65.6,58.3,62.5,66.5,68.9,66.8,25.7,18.2,24.2,54.1,72.9,62.5,30.3,55.7,66.3,44.4,53.5,77.9,41.1
20141206,21,NO2,86.9,90.1,96.8,99.3,101.5,94.9,95.1,75.3,82.3,95.2,112.2,103.1,98.5,91.2,77.3,82.5,66.3,97.5,96.7,79.9,97.9,86.3,76.7,45.2,72.2,61.6,97,97,71.1,78.2,90.6,120.4,89.1,97.6,65.8
20141206,21,O3,6.5,11.2,3.3,6.1,2,2,2,2,7.7,2,2,3.6,2.3,3.4,8.7,2,9.7,4,7.5,22.1,2,5.4,2,6.4,3.1,11.3,14,10.1,2,11.7,4.3,2,12.2,2,2
20141206,21,CO,3.2,3.1,2.5,3.4,2.5,2.7,1.5,3.3,1.4,2.4,2.7,2,2.4,3.1,2.5,2.8,2.9,2,2.7,2.9,3.4,2.9,1.1,1.3,0.6,2.1,1.7,2.2,3,5.5,3.7,3.9,2.4,3.7,3.1
20141206,22,SO2,48.4,48.7,65.9,54,60.3,48.9,54.2,36.8,22.5,63.2,90.6,50.6,51.2,62.7,39.4,76.8,57.3,62.5,62.8,54,75.8,80.2,26,19,27.5,53.7,48.1,51.4,48.2,74,58.2,36,66.4,72,35.8
20141206,22,NO2,74.6,83.7,93.8,92.7,90.4,81.2,97.7,75.9,80.3,94.5,112.2,105.5,95.7,84.3,70.3,80.7,59,103.3,89.3,69.3,93.4,88,76.2,51.7,84.6,63.2,71.5,97.7,73.5,85.5,81.9,95.5,89.6,92.4,59.8
20141206,22,O3,3.9,9,2.7,4.7,2,4.4,2,2,7.2,2,3.7,3.7,2.3,2,11.2,2,7.1,5.6,9.2,20.5,2,11.1,2,4.5,2,11.4,22.6,7.6,2,10.9,2.6,2.7,9,2,2
20141206,22,CO,2.4,2.4,3.5,3.4,2.6,1.8,2.6,3.7,1.5,3.6,4.2,2.4,3,2.8,1.9,2.9,2.3,2.3,4.1,2.3,3.3,2.9,1.1,1,0.8,2.5,1,2.3,4,5.5,3.1,3.3,3.6,3.5,2.4
20141206,23,SO2,44.3,,55.8,48.7,51.5,52.4,59.7,35.3,31.3,60.7,70.6,63.9,52.6,71,54.1,81.2,81.9,75.6,67.8,54.5,64.2,87.7,26.1,21.3,33.7,76.1,56.5,46.9,45.1,73.2,45.2,32.3,60.6,64.6,34.1
20141206,23,NO2,62.7,,86.5,85.8,85.7,82,95.8,73.7,78,88,102.5,112.9,93.7,85.5,74.7,82.3,64.7,100.7,81,75.5,89.6,98.8,79.7,58.3,90.2,71.3,88.2,98,70.7,83.8,77.5,93.8,79.7,83,55.7
20141206,23,O3,11.7,,2,3.4,2,5,2,2,8.4,2,4.6,4,2.2,2,11.2,2,20.5,5.9,8.8,14.2,2,5.1,2,3.4,2,16.5,8.6,9,2,10,3,5.9,8.4,2,2
20141206,23,CO,1.6,,2.4,2.6,2.1,1.6,3.2,3.5,1.5,3.5,4.9,3.3,3.6,2.9,1.9,3.6,3.1,3.3,4.3,2.3,3.3,4.1,1.2,1.2,1.1,3,1.6,2.6,3.6,5.3,2.1,2.4,2.5,2.7,2.4
