date,hour,type,dongsi,tiantan,guanyuan,wanshouxigong,aotizhongxing,nongzhanguan,wanliu,beibuxingqu,zhiwuyuan,fentaihuayuan,yungang,gucheng,fangshan,daxing,yizhuang,tongzhou,shunyi,changping,mengtougou,pinggu,huairou,miyun,yanqing,dingling,badaling,miyunshuiku,donggaocun,yongledian,yufa,liulihe,qianmeng,yongdingmengxi,xizhimengbei,nansanhuan,dongsihuan
20141226,0,SO2,34.7,30.4,64.6,55.7,,43.7,39,33.4,37.3,84.5,90.2,31.8,43.8,62.2,44.8,81.6,36.1,29.4,30.8,27.2,16.9,16.9,34.4,18.2,16.2,3.8,30,44,51.9,92.2,49.1,71,57.7,84.9,33.6
20141226,0,NO2,76.6,81.8,109.3,97.5,,93.4,104.4,70.6,94,122.9,96.2,87.8,94.1,86.5,81.9,76.3,71.3,61.1,47.6,43.4,48.3,53.1,53.9,31.5,33.4,10,49.3,84.8,74.8,107.8,84.2,100.4,104.2,106.2,69.5
20141226,0,O3,2,8.9,2.1,6,,2,2,2,15,2,24.5,3,14.9,27.4,8.6,14.1,9.8,2,19.5,22.1,6.4,2.5,14.3,26.6,35.1,47,24.9,2,2,12.3,2,2,4,2,2
20141226,0,CO,1.5,1.5,2.4,2.3,,1.5,3.4,3.7,1.7,4.5,5.5,2.7,4,2.1,2,5.4,1.9,1.8,1.5,1.9,1.9,2.2,1.8,0.3,0.5,0.5,1.3,3.2,2.9,9.7,2.1,2.3,2.6,3.8,3.5
20141226,1,SO2,41.5,38.2,52.6,52.3,,56.5,55.4,30,46.2,87.3,79.9,29.9,49.7,63.7,47.8,85.5,41.3,23.9,27,23.5,13.5,17.9,28.4,23.2,15.5,4.8,31.9,44,45,89.5,63.8,73.5,52.2,83.5,35.5
20141226,1,NO2,74.3,83,98.9,93.7,,92.9,104.3,69.4,101.4,126.1,98.8,82.1,89.2,87.7,77.6,75.5,61.3,63.9,54.1,34.3,34.7,54.6,48.6,37.2,34.4,9.7,55.9,85.2,70.4,107.4,85.2,98.8,94.3,109.3,57
20141226,1,O3,2,10.4,2,6.6,,2,2,2,15.5,2,17,3.1,15.5,30.9,8.2,9.9,6.1,2,13.2,26.7,16.6,2,14.8,18.7,29.3,41.2,20.6,2,2,12.1,2.2,2.2,4.3,2,2
20141226,1,CO,1.9,1.9,1.9,2.4,,1.8,3.9,3.8,2.5,4.7,3.6,2.3,3.8,2.6,1.7,4.4,1.7,1.3,1.7,1.5,1.4,3.1,1.9,1.3,0.5,0.6,1.4,3.4,2.7,9.9,2.6,2.6,2.6,4.1,2.2
20141226,2,SO2,51.1,34.4,68.2,53,,62.2,,29.7,51.7,73.9,83.3,26.4,28.9,68.5,54.8,77.5,54.7,35,22.1,21.7,11.6,14.3,25.5,13.9,21.4,6.9,35.5,40.5,40.4,83.5,65.2,61.1,78.5,72.8,39.7
20141226,2,NO2,73.1,84.1,105.1,96.3,,92.1,101.7,71.7,97,118.4,97.8,75.5,71.7,85.7,78.7,73.9,43.9,65,38.5,34.9,24.1,51.2,43.4,27.6,45.3,17.8,69.2,81.4,67.7,96.7,87.3,97.5,107.8,107.5,49.1
20141226,2,O3,2,11.1,2.4,6.5,,2,2,2,15.2,2,14.1,3.1,8.3,30.5,8.2,8.3,2,2,21.2,23.3,27.1,2,16.6,24.1,21.6,25,9.1,2,2,10.6,2,2,3.1,2,3.3
20141226,2,CO,2.2,2.3,3.3,2.7,,2,3.8,4.4,2.5,4.4,3.7,2.3,3.2,2.4,1.9,5.1,1.7,3.2,1.5,1.5,1.1,2.3,1.8,0.5,0.6,0.7,1.7,3.7,3.1,12.9,2.7,3.2,5.1,4.1,1.9
20141226,3,SO2,56.1,22.8,84.2,58.7,,57.6,63.4,29.3,45.5,55.8,64.7,40.6,28.5,65.4,56.6,65,15.2,40.7,19.7,19.1,9.9,10.9,18.9,13.6,25.9,6.1,37.9,39.3,39.1,67.2,62.9,55.1,78.6,65.3,13.3
20141226,3,NO2,91.9,75.4,111,92.4,,104.7,101.1,75.8,90.7,112.6,92.8,86.9,77.2,83.7,77.4,70.8,38.5,71.2,39.2,34.5,28.1,46.3,46.8,31.7,59.7,13.3,88,75.4,67.6,81.1,88.7,103.1,111.9,105.7,74.9
20141226,3,O3,3.4,10.4,3.9,6.6,,2.2,4.1,2,14.7,2,11.1,4.3,10.2,34.6,8,6.9,3.8,2,18.9,22.9,20.9,2,15.5,19.4,10.9,33.9,2,2,2,8,2.2,2,2.6,2,2
20141226,3,CO,3.3,2.4,4.9,2.9,,4.1,4.2,6.5,1.9,3.7,3.1,3.6,4.3,3,1.9,5.1,,1.6,1.5,1.4,1.3,2.3,2.1,1.5,0.8,0.5,1.8,3.9,3.7,11.7,2.9,3.6,5.3,4.7,3.4
20141226,4,SO2,57.6,19.8,79.3,53.6,,64.4,62.3,31.4,52.3,63.8,42.8,48.3,30,61.1,54.7,71,11.2,36.1,25,20,10.7,11.1,18.8,15.7,20.8,4.4,25.4,35.2,28.8,63.6,64,65.7,76.6,64.2,12.3
20141226,4,NO2,96.6,76.6,105.8,101.6,,103.1,96.9,78.3,92.9,120.8,78.8,91.1,90.8,82.7,80.9,74.1,45.9,72.1,61.7,35.6,37.2,46.6,58.3,36.8,67.7,9.7,92.6,76.1,60.8,82.2,105.1,109.4,105.6,109.8,70.7
20141226,4,O3,8.1,12,3.6,8.6,,2.1,,,14.2,2,7.2,5.7,13.1,34.2,5.8,5,3.9,5,7.2,21.1,12.2,2,16.2,14.7,2.4,37.6,2,,2,,5.4,2.2,2,2,2
20141226,4,CO,4.1,2.9,4.6,4,,5.5,4.1,8.2,2.5,5.1,2.6,4.3,4.7,3.4,2.6,5.2,1.2,1.8,2,1.5,1.4,2.1,2.7,1.7,0.9,0.4,1.8,3.9,3.3,12.5,4.9,4.3,4.1,4.6,3.6
20141226,5,SO2,58.5,19.1,72.9,58.4,,84.3,59,31.2,56.4,75.5,39.8,47.2,29.7,65.7,59.6,78.2,8.4,31.7,34.6,19.2,10.3,11.3,14.5,16.1,17.2,5.5,38.2,,23.6,57.6,59.3,71.2,74.4,76,11.8
20141226,5,NO2,87.1,93.3,98.1,108.1,,96.2,89.6,68.4,93.4,103.8,75.8,91.9,82.8,81.6,87.1,72.6,,66.4,71.8,32.4,44.6,47.8,56.4,36.5,69.3,,90,,58.1,76.1,92.1,110.2,98.9,123.6,63.7
20141226,5,O3,4.4,14.4,2,9.8,,2,2,2,14.9,2,7.9,5.1,8.1,32.1,7.7,2.4,3,4.3,7.3,21.5,4.1,2,14.2,10,2,34.4,2,,2,10.2,2.6,2,2,2,2
20141226,5,CO,4.9,4.3,3.7,4.5,,5,3.3,8,2.6,3.9,2.3,3.9,2.9,3.4,4.5,4.4,1.3,1.8,1.9,1.4,1.4,1.9,2.3,1.7,1,0.5,1.7,,5.3,11.3,4.3,4.8,3.3,5.5,4.5
20141226,6,SO2,60.4,16.6,72.7,51.5,,79.8,51.1,24.1,49.2,73.3,49.5,49.6,51.5,75.9,54.1,85.6,11.1,34,35,18,8.5,11.2,17,14.1,19.5,5.4,43.5,35.8,24.6,56.6,57.1,66.8,67.9,70.3,14.4
20141226,6,NO2,80.1,92,94.6,102.3,,93.8,83.2,61.5,96.2,97.5,89.1,89.4,91.1,84.8,85.1,74.2,56,68.4,52.1,30.3,43.3,48.1,68.1,38.5,71.8,12.3,77.5,88.2,54.2,77,91.2,101.9,95.4,108.7,72.2
20141226,6,O3,2.7,13.1,2,7,,2,2,2,11.8,2,12.7,3.8,13.3,30.4,6,3.6,6,3.2,9.1,22.8,3.1,2,14.8,9.3,2,33.4,9.2,2.1,2,9,2,2,2,2,2
20141226,6,CO,4.3,4.3,3.4,4,,4.5,3,7.1,3.5,3.8,3.3,3.5,3.5,3.6,4.5,4.3,1.5,1.9,1.5,1.3,1.5,1.7,3.3,1.1,1.1,0.5,1.6,5,5.5,9.6,3.9,4.4,3.3,4.8,5.7
20141226,7,SO2,59.9,18.5,71.5,54.3,,72.6,61.6,17.5,46.4,71.4,59,50.4,68.7,84.5,56.1,71.1,13.3,35.6,34,20.7,6.4,12.1,20.7,11.7,23.1,5.5,39.3,35.8,22.6,51.9,62.1,69.7,67.9,70,15.2
20141226,7,NO2,79.6,85.6,94,98.5,,91.6,84.8,57.7,95.8,96.8,91,87.7,94.7,89.8,86.9,71.9,55.1,69.1,41,37.8,35,47.9,84.8,47,72.7,13.8,69.9,93.4,55,74.8,91.3,100.8,93,112.7,68.2
20141226,7,O3,2.6,10.5,2,6,,2,2,2,11.5,2,13.2,2.7,13.2,34.3,6.7,4.1,5,2.7,11.9,18.4,8.7,2,12.4,3.6,2,28.7,10.7,2,2,8.6,2,2,2,2,2
20141226,7,CO,4.4,4,3.4,4.1,,4,3.3,7.1,3.3,3.7,3.7,2.9,3.4,4.8,4.9,5,1.3,2.2,1.2,1.3,1.4,1.7,2.6,1,1.2,0.6,1.5,4.4,4.4,8.2,4,4.6,3.3,5.1,5.3
20141226,8,SO2,58.8,18.2,65.1,61.4,,66.6,64.3,21.9,73.9,71.2,63.6,58.3,59.4,108.3,68.6,85.8,19.6,32.8,29.7,18.6,6.4,17.5,18.1,14.4,21.1,5.8,27,59.8,23.1,62,62.5,81.4,61.1,83.5,27.2
20141226,8,NO2,82.2,78.8,88.8,97.1,,87.4,80.9,62.7,93.9,95.9,80.9,87.1,92,99.5,91.2,69.7,55.5,65.8,45.8,49.4,36.1,50.7,71.7,52.8,70.5,16,72.4,99.2,56.5,76.5,89.7,99.7,86.9,103.2,67.7
20141226,8,O3,2.8,9.1,2,5.5,,2,2,2,11.6,2,11.3,2.4,11.4,37.6,5.3,5.4,4.4,2,8.1,8.8,7.3,2,13.6,2,2,26.4,5.1,2,2,9.2,2,2,2,2,2
20141226,8,CO,3.9,3.9,3.2,4,,3.8,2.7,6.6,4.3,3.7,3,2.9,3.4,5.7,4.9,5.1,1.2,1.6,1.3,1.5,1.3,2.1,3.3,1,1.3,0.7,1.9,4,3.6,9,3.9,4.4,3,5,4.7
20141226,9,SO2,51.8,22.7,67.6,59.8,,66.1,61.6,32.6,76.5,73.2,64.3,61.7,57.5,147.4,95.8,113.3,22.8,31.2,34,31.9,11,20.2,21.7,14.9,24.6,6.5,37,54.6,30.2,66.2,64.7,74.4,68,80,36
20141226,9,NO2,78.4,80.5,83.8,95,,91,81.1,60.2,90.8,96.1,78.8,86.7,89.3,120.5,93.1,71.4,52.4,65.3,48,59.6,48.8,48.7,82.8,49.5,61.9,18.9,82.4,106.4,58.1,81,83.3,99.1,84.3,102.6,67.5
20141226,9,O3,3.3,9.6,2,5.3,,2,2,2,12.9,2,11.9,2.9,10.7,49,4.8,8,5.4,2,8,8.9,2,2.4,17.4,3.8,4.4,21.4,4.4,2,2,9,2,2,2,2,2
20141226,9,CO,3.5,3.8,2.8,3.8,,3.7,2.8,5.4,4.1,3.7,2.9,2.9,3.5,7.1,4.5,5.6,1.3,1.6,1.4,2.9,1.8,2.1,3.4,1.1,1.2,0.7,2.4,3.9,,8.1,3.3,4.2,2.7,5,4.8
20141226,10,SO2,56,40.1,75.8,61.3,,69.1,74.3,49.2,82,72.4,66.7,64,62.7,139,111.7,122,24.8,40.6,35.9,35.5,22,20.8,31.6,23.3,41.7,8,44.7,60.3,68.8,98.1,68.5,75.4,72.9,82.4,47.3
20141226,10,NO2,79.8,85,79.8,96.6,,100.1,88.2,65.3,91.2,92.8,82,88.5,87.9,121.3,100.3,76,51.3,64.2,44.3,52.2,63.6,44.5,83,51.4,65,17.2,72.1,117.3,67.9,87,84.2,107.4,80.9,108,67.1
20141226,10,O3,3.3,10,2,5.3,,2,2,2,14.7,2,11.2,3.2,10.1,49.3,4.8,5.2,7.6,2.3,11.7,12.4,2,6.7,22.3,9.5,7.3,23.7,17.6,2,2,8.2,3.2,2.2,2,2,2
20141226,10,CO,3.4,3.4,2.4,3.6,,3.3,3.2,4.4,4.6,3.3,2.8,3.1,3.5,6.7,4.3,4.5,1.4,2.6,1.4,2,2,1.9,4,1.4,1.2,0.7,1.7,3.9,3.6,5.8,3.3,3.6,2.4,4.7,4.8
20141226,11,SO2,64.3,62.9,71.4,68.4,,87.2,,73.6,67.9,69,66.1,73.3,68.7,132,116.3,130,36,47.9,44.7,39.8,28.6,24.7,42.3,27.9,52.3,9.3,49.6,71.9,93,133.9,68.5,77.6,73.6,83.8,69.4
20141226,11,NO2,80,97.1,77,95.3,,106.2,87.8,82.5,74.6,90.5,83.5,103.1,89.7,128.7,110.6,90.3,55.1,71,47.2,67.4,62.9,41.5,78.9,54.6,56.9,15.7,87.3,121.9,83,106.6,85.7,105,78.2,109.3,80.1
20141226,11,O3,5.4,11,3.5,5.5,,3.2,2,2,23.9,,11,4.2,9.7,45.5,5.7,6.2,9.5,2.2,13.9,14.5,3.8,13.7,23.5,12.5,15,28.3,9.7,2.5,2,7.9,4.6,2.4,5.5,2,2
20141226,11,CO,3.3,3.3,2.1,3.3,,3.4,2.9,4.8,2.6,2.8,2.5,4.2,3.1,5.9,4.6,4.5,1.6,2.3,1.6,3.4,1.7,1.8,4.2,1.4,1.1,0.8,4.4,3.8,3.9,5.1,3.1,3.6,2.1,4.4,4
20141226,12,SO2,73.3,64.1,67.5,72.1,,94.9,,93.8,64.3,75.4,72.4,67,71.3,135.9,114.3,128.3,55.5,50.6,58.7,41.4,32.2,26.4,39.4,39.7,48.3,10.9,52.1,82.4,89.8,111.7,64.6,77.7,70,86.8,80.4
20141226,12,NO2,84.1,93.2,81.1,89.6,,107.4,90.9,97.9,72.8,87.8,88,91.9,97.6,129.9,110.6,100.6,63.7,73.8,63.1,78.2,61.7,37.6,62.8,60.4,51.2,15.2,87.7,125.5,90.8,108.8,80.4,98.9,77.4,107.6,86.5
20141226,12,O3,9,11.5,5.1,8.6,,4.4,2,2,27.8,3,12.9,5.2,9.3,40.9,6,6.8,13.1,7.4,16.8,15.5,10.2,,19.4,18.2,20.7,33.7,11.1,2.9,5,8.2,7.4,3.8,12.3,2,2
20141226,12,CO,3,2.8,2.2,2.7,,3.3,2.8,4.6,2.2,2.5,2.7,2.8,3,5,4.2,4.3,2,2.2,2,3,1.5,1.6,1.9,1.5,1,0.8,3.3,3.7,3.9,4.3,2.5,3.1,2,3.7,3.8
20141226,13,SO2,82.6,65.8,67,,,102.8,64.4,77.6,65.1,74.8,74.9,69.4,,,114.5,139.3,81.2,53.4,62.9,49.5,100.5,,31.3,49.2,46.5,13.8,55.1,86.9,93.7,,67.5,78.3,73.5,,99.4
20141226,13,NO2,85,95.1,79.9,90.1,,115.1,80.4,88,83.6,91.2,92.9,96.5,,,108,105.7,78.8,63.6,78.8,75,74.3,,52.9,74.7,59,15.4,86,128.3,106.4,,86.1,106.3,79.7,,95.7
20141226,13,O3,11.5,13.4,8.2,12.4,,5.4,2.9,2,22.5,4.5,15,6.6,,,8,7.3,14.4,20.8,14.9,20.2,12.4,,28.8,14.6,22.6,40.5,17.2,4,11.3,,10.2,6.1,13.9,,2
20141226,13,CO,3.1,2.5,2.1,2.4,,3.3,,3.3,2.4,2.5,2.8,2.8,,,3.7,4.3,2.5,1.8,2.3,2.5,2.1,,1.3,2.1,1.1,0.7,2.7,3.7,3.8,,2.5,2.7,2.2,,3.7
20141226,14,SO2,81.4,76.3,72.1,77.6,,110.1,63.3,69.3,66.8,76,77,65.8,,,111.5,139.3,81.6,55.9,68.9,53.4,119.3,,30.1,53.3,53.4,25,63.8,102.3,102.2,,79.1,85,83.2,,105.5
20141226,14,NO2,90.5,109.7,89.4,103.4,,123.3,80.6,81.8,93.9,99.1,106.3,94.2,,,125.6,109.1,85.4,61.2,97.5,77.4,79.7,,52.6,74.9,63.9,19.6,86.3,145.5,113,,99.5,116.6,90.5,,102.6
20141226,14,O3,10,13.9,7.9,12.6,,5.4,,2.6,14.5,4.7,13.9,7.7,,,9.4,8.1,14,23.5,11,22.2,12,,31.1,17.4,18.6,45.1,23.5,9.6,13.9,,10.4,6.4,13.7,,2
20141226,14,CO,3.3,2.9,2.3,,,3.3,,2.9,2.5,2.5,2.8,2.6,,,3.6,4.1,2.7,1.9,2.7,2.3,2.4,,1.2,2,1.1,0.9,2.5,4.1,3.6,,2.9,2.8,2.5,,3.6
20141226,15,SO2,79.9,89.6,75.1,82.2,,103.2,67.9,66.2,65.2,75.8,78.5,64.4,89.8,120.8,120.7,128.2,77.5,79.9,68.1,78.5,100.7,65.4,31.4,54.5,57.5,31.1,102.3,104.5,131.8,104.6,84.6,102.6,85.4,110.4,99.7
20141226,15,NO2,107.1,133.3,104.4,127.4,,130.3,88.8,82.5,95.9,115.5,120.7,95.4,153.2,147.7,134.4,127.2,91.4,77.8,96.9,77.2,76.3,53.7,56.6,67.5,77.9,24,85,154,118.2,144.8,120.5,148.5,103.5,152.8,110.4
20141226,15,O3,7.1,13.6,5.4,,,4,,3.9,13.2,2,12.8,8.3,12.3,45.6,6.7,8.7,13.3,17.9,,24.9,13.9,,31.7,,12.8,42.1,34.2,3.4,16.6,9.8,6.1,4.1,8.4,2,2
20141226,15,CO,3.5,3.7,2.5,3.4,,3.3,2.4,2.6,2.5,2.9,3.2,2.4,4.5,4,3.8,4.2,2.7,2.4,,2.2,2.1,2.2,1.3,2,1.5,1.1,2,4.1,3.5,4.3,3.5,3.7,2.8,5.3,3.7
20141226,16,SO2,84.6,103.5,77.9,93.7,,106.8,68,61.4,66.2,104.6,94.4,61,97.9,118.1,119.5,121.4,81.9,104.5,65.7,109.5,89.5,64.9,30.3,78.6,56.6,30.6,105.4,103.3,140.5,108.8,101.9,116.6,81.2,130.9,91.4
20141226,16,NO2,115.7,148.2,126.4,,,131.5,,87.5,104.4,150.7,155.4,103,159,147.3,147,136.3,100.7,94.8,107.3,89.7,73.8,60.5,69.5,84.9,96.7,25.7,106.2,156.9,117.2,143.1,140.8,162.5,116.7,160.7,109.7
20141226,16,O3,5.1,13.8,2.9,7.5,,2,2,2,13.5,2,14,5.1,12.1,47.1,5.2,,11,9.4,,20.3,11.4,,27.3,,7.7,38.6,23.7,2.1,15.8,10,3.7,3,5.5,2,2
20141226,16,CO,3.7,3.9,3.3,3.8,,3.5,2.6,2.6,2.4,4.1,4.2,2.5,4.2,4,4.1,4.1,3,2.9,,2.4,1.8,2.3,1.3,2.6,2.1,1.1,2.3,3.7,3.4,3.9,4.1,4.3,3.4,5,4.2
20141226,17,SO2,84.3,83.1,84.8,97.8,,107.8,66.6,46.7,52.6,107.9,109.6,57,84.9,113,104.4,116,67.2,102.3,70.1,102.7,82.8,75.8,31.4,91.8,55.8,29.9,85.6,96.2,129.2,94.9,106.2,117.6,81.2,135.9,79.7
20141226,17,NO2,119.4,158.1,136.9,158.7,,137.9,,94,102.7,157.8,170.8,108.2,155.2,158.5,157.8,140.6,106.4,98.8,119.9,109.4,83.2,75.7,71.8,96.5,103.3,28.5,113.5,162.9,124.9,146.2,155.7,174.7,127.7,172.7,108.5
20141226,17,O3,3.9,12.2,2,6.2,,2,2,2,11.5,2,16.4,3.1,11.8,50.5,3.6,16.3,8.7,2.5,5.1,10.3,3,,22.4,2,2.9,36.1,12.2,2,7,8.8,2.8,2,2.7,2,2
20141226,17,CO,4,4.1,3.9,3.8,,3.8,2.8,2.9,2.5,4.1,4.8,2.7,4,4.5,4.4,4.5,3.2,2.9,2.8,2.7,2.1,2.5,1.4,2.9,2.2,1.1,2.4,3.8,3.8,4,4.4,4,3.9,5.5,4.7
20141226,18,SO2,93.2,45.6,75.6,83.9,,115.7,65.2,29.3,45.6,100.6,112.4,56.1,71.5,116.8,98.1,119.3,46.7,92.1,52,97.4,44.4,66.8,35.6,70.6,55.4,53.8,83.8,77.8,110.2,79.5,109.8,110.4,89.9,118.6,59.9
20141226,18,NO2,127.8,141.9,133.6,162.4,,146.6,104.7,93.7,107.3,161.3,162.1,112.7,157,164.6,162.9,148,113.1,101.1,120.1,110.5,88.9,84.2,100.2,96.6,92.2,49.1,120.6,161.6,133.8,148.4,156.1,180.8,136.3,168.9,115.4
20141226,18,O3,3.7,10.8,2,5.2,,2,2,2,10.1,2,17.2,3,13.3,54.5,2.5,26.5,8,3,4.9,7.2,2,,11.4,2,2,14.6,3.5,2,2,8.6,2.2,2,2,2,2
20141226,18,CO,4.4,3.9,3.8,3.9,,4.1,3.2,3,2.6,4.4,4.8,3.2,4.4,4.9,4.8,6.6,3.5,3.1,3.4,3.1,2.7,3.1,2.2,3.1,2.1,1.8,2.4,4.1,4.5,4.1,4.4,4.4,4,5.2,5
20141226,19,SO2,96.6,42.5,90.9,84.8,,,83.2,28.7,54.7,86.3,93.5,62.1,85.6,138.9,97.8,117.9,44.1,87.1,46,89.1,51.9,49.5,42.1,59.1,54.5,52.6,80.8,76.4,118.1,91.5,98.4,98.4,99.1,110.3,29.3
20141226,19,NO2,131.7,138.3,142.4,155.8,,,115.2,90,113.6,141.4,129.1,111.7,172.4,175,166.1,145.9,116.8,98.6,107.2,113,88.5,80,102.7,89.8,96.4,53.2,121.6,163.9,136.4,154.1,143.9,183.9,134.6,171.3,109.7
20141226,19,O3,3.9,9.7,2,5.4,,,2,2,10.7,2,13.7,3.2,21.5,64.6,4,36.5,8.7,3.1,5.7,10,2,2.1,12.7,2,2,6.2,2.3,3.6,2,12.4,2,2,2,2,2
20141226,19,CO,4.6,3.8,4.3,4,,,4.2,3.3,2.8,4.6,3.8,3.3,6.3,6.2,5.4,8.4,3.6,3.6,3.9,4,3.3,3.5,2.6,3,2.3,2,2.4,5.5,4.8,6.8,4.6,4.8,4.3,5.5,5.3
20141226,20,SO2,94.1,32.4,96.5,82.7,,,93.2,32.4,60.3,83.9,94.7,76.5,85.7,134.3,103,129.6,42.6,83.6,47.8,82.9,50.1,69.4,37.4,50,54.8,27,71.4,70.4,77.1,130.6,94.2,107.5,99.9,105.4,29.2
20141226,20,NO2,131.4,131.3,138.6,146.8,,,123.6,91.8,114.6,131.5,123.8,119.6,163.5,176.1,169,151.1,138,95.4,100.6,102.2,86.3,78,99.6,85.5,96.3,38,120.2,161.8,116.5,164.6,141.9,169.5,135.5,161.4,111.7
20141226,20,O3,3.8,10.2,2,5.9,,,2,2,11.2,2,14.2,3.4,31.1,71.1,4.3,34.3,11.7,3.9,6.2,10.7,2,3.9,13.9,2,2,14.9,2,2.5,2,15.8,2.1,2,2,2,2
20141226,20,CO,4.7,4.1,4.4,4.5,,,4.6,4.4,3,4.7,4.1,3.5,8.3,7.7,5.9,10.3,4.2,3.7,4.4,4.1,2.8,4.9,2.6,2.9,2.1,1.6,2.3,5.9,6.2,13.3,4.8,5,4.3,5.6,5.9
20141226,21,SO2,92.1,27.6,94.7,74.5,,,86.9,37.6,57.7,91.2,87.5,81.6,79.6,131.8,128,143.8,66.1,71.4,59,75.2,54.9,66.9,45.1,56.3,57.3,28,70.4,71.5,71.7,118.9,91.3,101.5,107.2,99.3,46
20141226,21,NO2,130.3,130,141.1,146.1,,,119.3,88.4,112.5,142.1,122.7,122.9,142,176.3,175.7,139.3,120.9,91.8,97.4,95.5,87.3,78.2,96.3,88.3,100.1,41.1,126.8,154.5,121.4,192.8,141.4,166.3,140.1,156.2,103
20141226,21,O3,3.9,10.8,2,6,,,2,2,10,2,14.2,4.1,26.2,74.7,6.8,26.5,18,3.5,5.5,8.6,2,2.5,13.9,2,2,10.9,2,7.1,2,13.5,2,2,2,2,2
20141226,21,CO,4.6,4.5,4.4,4.7,,,4.4,4.8,2.9,5.3,4.3,4.2,7.6,9.5,6.8,8.5,4.9,3.2,4.3,4,2.8,4.7,2.6,2.9,2,1.7,2.5,9.1,7.2,11,4.7,5.3,4.7,6.3,6.8
20141226,22,SO2,93,24.3,106.2,85.4,,,111.5,32.9,66,93,86,76.2,77,174.7,130.5,134.4,67.4,64,61.9,71.1,49.1,56.9,42.8,51.3,53.5,36.1,72.1,69.5,65.4,97.3,89.3,98,129.7,99.3,50.5
20141226,22,NO2,127.5,128.1,144.6,150.1,,,117.5,85.8,114,153.1,126.6,116.4,132.7,198,173.1,119.7,105.4,90.3,98.8,87.5,85.6,75,87.8,86.6,99.6,46.5,125.2,156.4,119.9,165.9,138.6,165.6,138.5,156.6,93.5
20141226,22,O3,3.8,11.1,2,5.9,,,2,2,10.3,2,15.3,5,24.1,89,7.2,23.2,16.8,2.6,5.8,7.2,2,2,16.9,2,2,6.7,2,6.1,2,9.5,2,2,2,2,2
20141226,22,CO,4.5,4.6,4.8,4.5,,,4.6,5,3,5.8,4.9,5.4,6.9,9.2,7.8,7.9,4.4,3,4.6,3.3,2.9,4.1,2.9,2.8,2.1,2,2.4,10.3,6.1,10,4.5,5.3,5.5,6,6.6
20141226,23,SO2,95.5,52,130.4,95.1,,,95.7,36.4,67.5,110.2,78.8,76.8,70.4,191.8,117.4,152.8,61.4,63.8,58.2,60.6,48.4,50.3,38.6,46.7,37.8,29.9,73.4,76.7,85,74.2,114.3,110.2,121.2,108.4,44.3
20141226,23,NO2,114.4,141.6,132.4,141.1,,,111.6,86.7,112.4,146.2,123,119.6,126.3,213,156.4,115.1,98.9,91.2,97.4,83.7,85.5,74.1,86,86.2,93.6,45.9,125.1,158.4,127.4,140.9,123.4,148.3,125.6,149.9,88.6
20141226,23,O3,2.7,11.6,2,6.1,,,2,2,10.7,2,13.6,2.4,20.8,87.9,6.4,23.6,14.7,2.8,5,7.2,2,2,16.4,2,2,4.7,2,4.7,3.5,10.2,2,2,2,2,2
20141226,23,CO,3.8,4.3,4.4,4.5,,,4.6,5.6,3,5.6,4.5,4.6,6.3,9.4,6.6,7.4,3.8,3,4.1,3.2,3,4,2.9,2.9,2.1,2,2.3,11.9,10.9,11.2,4,4.9,4.3,5.4,7
20141226,0,PM2.5,64.6,65.1,102.6,100,,62.2,76.8,110.4,96.3,175.8,186.5,61.5,153.3,103.6,94.1,179.4,79,55.1,46.4,84.7,68.5,69.6,84.4,38.9,32.3,21.9,60.5,114.3,159.9,426.9,88.3,99.2,106.5,127.2,113.7
20141226,0,PM10,74.2,77.9,116.8,108.8,,86.7,142,138.7,98.6,224.6,246.2,136.9,207.2,113.4,100.4,224.8,122.7,82.3,68.6,91.6,80.6,70.7,,,,27.3,67.8,143.9,162,,,115.1,133.3,127.3,190
20141226,0,AQI,42,42,55,53,,47,59,75,47,82,78,65,135,115,67,70,46,37,56,41,58,62,87,30,32,18,42,114,204,266,53,61,54,68,57
20141226,1,PM2.5,94.2,79.8,80.1,106.1,,86.9,88.5,136.1,113.4,188.4,154,53.1,191.9,131,83.1,170.6,78.2,36.5,48.6,67.8,62.9,103.9,90,71.5,27.5,25.2,59.9,117.5,149.8,442.1,124,135.5,88.5,147.9,113.7
20141226,1,PM10,104.3,101.4,85,120,,113.1,146.9,145.9,117.5,257.9,199.3,124.1,220.3,144.1,85.8,202,122.4,51.7,63.6,78.9,67.3,,,,30.5,31.6,67.2,136.2,152.4,,,155,109.1,155.9,151.3
20141226,1,AQI,45,45,55,57,,47,61,77,51,86,82,65,136,116,66,78,51,38,55,43,58,63,87,33,33,19,43,117,183,271,58,65,56,74,60
20141226,2,PM2.5,121.9,97.7,92,112.9,,102.2,98.1,123.2,127.3,179.3,141.5,48.3,176.3,130.4,96.1,162.7,77.2,97.3,37.6,63.9,45.3,69.8,93,47,31.7,33.5,58.3,122.7,136.2,461.1,138.1,142.8,133.8,153.1,115.4
20141226,2,PM10,122.7,127.4,125,131.6,,129.4,156.8,158,,230.2,202.5,72.8,183.5,141,101.3,209,127.8,113.1,51.1,73.8,,,,,37,44.7,67.9,132.9,139.9,,139.6,164.6,210.4,170.8,163.8
20141226,2,AQI,50,48,59,62,,49,64,79,50,92,85,65,133,117,66,85,53,41,55,44,58,62,88,35,34,20,46,118,180,278,63,70,61,79,64
20141226,3,PM2.5,163,105.3,115,126.3,,131.5,144,146.3,116.6,164.2,111.8,63.4,146.9,147,101.9,172.7,79.3,54.6,39.5,57.2,47,54.3,89.8,56.4,42.4,25.5,53.9,147.4,164,353.1,140.1,143.9,185,151.9,159.9
20141226,3,PM10,188.1,143.7,167.4,152.6,,182.7,218.1,183,,202.3,153.6,110,201.6,158.7,107.4,206.4,120.2,65,49.2,63,53.3,,,,48.7,28,77.8,159.4,,,147.5,168.1,265.3,166.3,197.5
20141226,3,AQI,54,51,62,67,,53,69,82,56,95,87,65,132,117,66,93,55,43,55,47,58,62,87,37,35,20,48,121,180,280,68,75,69,84,72
20141226,4,PM2.5,202.6,99.1,146.5,139,,173.7,126.6,157.8,106.1,152.6,68.7,99.8,183.8,153.4,107.4,161.2,75,58.1,56.3,52.5,51.7,42.6,94.3,65.8,48.5,15.8,56.9,127.3,139.4,350,199.6,172.6,168.3,149.1,196.5
20141226,4,PM10,224.8,130.1,188.1,175,,226.8,192.3,186.1,,238,80.9,154.8,279.4,156.8,119.8,185,99.1,84.2,77.1,56.6,57.9,,,,51.9,20.3,151.7,145.4,140.2,,206.7,189,220,161.1,222.9
20141226,4,AQI,64,53,66,73,,60,73,85,61,99,87,68,133,117,67,100,57,46,55,48,59,63,89,41,37,20,52,122,178,283,78,83,77,90,81
20141226,5,PM2.5,173.6,144.9,121.7,166.7,,156.8,104.2,141.5,120,138.5,67.6,114.1,118.3,139.2,138.7,142.3,54.2,56.8,81.4,49.2,48,36.3,83,57.6,55.5,26.6,51.5,,158.5,290,174.7,180.9,134.1,184.5,172.9
20141226,5,PM10,196.8,219.6,152.6,209.5,,207.4,151.8,175.7,121.8,168.4,88.7,164.6,149.3,145.6,148,173,68.3,72.8,106.2,55.5,53.9,,,,,,82,,,,178.3,196.5,172.6,199.8,202.4
20141226,5,AQI,74,60,71,81,,67,76,88,66,104,88,69,134,114,72,107,58,48,57,51,59,63,91,43,39,20,54,,176,281,85,91,82,99,90
20141226,6,PM2.5,137.3,141.8,98.7,138.8,,138.2,93.3,126.2,114.2,119.5,107.5,102.7,119.8,131.1,137.8,148.6,41.1,54.4,52.6,49.2,45.7,34.8,92.7,51,56.9,27.6,45.4,142.5,155.7,244.5,151.5,155,123.9,154,164.1
20141226,6,PM10,153.9,183.3,125.3,179,,186,128.1,161.8,114.3,155,154.6,141.3,150.4,142.8,,198.3,49.9,74.8,62.4,49.4,,35.1,,,,29,66.2,159.4,,,155,177.7,153.3,175.7,208.3
20141226,6,AQI,81,67,75,87,,74,79,92,72,107,92,71,138,113,77,113,58,51,58,53,59,64,92,46,41,21,54,124,174,282,92,98,87,106,98
20141226,7,PM2.5,123.9,116.5,92.9,129.6,,126.9,93.7,122.7,117.7,109.4,121.4,83.9,136.1,145.7,140.6,165.3,35.5,62,36.8,49.3,48.8,29.1,79.9,50.7,63.9,24.1,46.7,142.5,144,211.9,133.1,138.3,106,143.6,158.1
20141226,7,PM10,153.8,151.2,117.6,172.6,,173.3,136.1,147.6,,141.5,171.6,121.1,170.2,162.1,153.8,192.5,43,88.9,46.4,54.2,,42.4,99.4,,66.1,33.2,61.3,179.2,,,152.6,156.8,149.5,168.2,173.5
20141226,7,AQI,87,72,79,93,,80,80,96,78,111,97,73,143,114,83,121,59,52,58,55,60,64,91,48,44,21,55,125,170,276,98,104,92,112,106
20141226,8,PM2.5,117,101,84.4,118.8,,119.6,79,128.4,124.5,99.9,99.8,75.3,121.5,157.1,156.5,170.7,30.1,63.8,39.3,49,48.3,41.3,94.4,57.7,65.9,27.2,52.8,137.8,135.5,210.8,130.3,124.2,92.9,133,144
20141226,8,PM10,148.6,121,101.3,164.3,,169.3,108.3,165.3,,134.6,124,101.5,156.2,180,170.7,211.8,37.6,74.1,51.1,65.1,49,57.2,105.4,,,42,111.2,173.9,,,145.9,143,118.2,151.4,163.2
20141226,8,AQI,93,76,83,98,,86,82,101,84,115,101,75,147,118,90,128,59,53,59,57,60,64,92,51,47,22,58,126,163,272,104,109,95,117,112
20141226,9,PM2.5,104.6,97.7,75,114.6,,117.5,75,122.8,111.1,96.3,104.2,74.6,121.6,207.6,155,209.5,34,68.9,45.2,83.9,55.1,53.3,117.8,64.4,60.9,31,82.6,135.6,146.7,200.9,117.5,124.7,78.9,130,138.7
20141226,9,PM10,131,136.7,85.8,158.9,,164,119.5,172.9,,137.8,136.2,105.3,150.5,256.4,169.9,275.2,47.6,80.5,62.1,116.6,68.6,76,139.1,,63.1,41.5,422.4,181.7,150.5,,124.1,153.4,103.6,160.8,146.4
20141226,9,AQI,98,81,86,104,,91,85,105,89,119,104,77,149,126,96,136,60,56,59,60,62,65,95,54,49,23,68,130,156,268,109,114,99,123,118
20141226,10,PM2.5,103.3,96.3,64.3,106.4,,107.5,89.5,112,119.9,93.7,97.4,74.1,113.7,220,174.6,185.3,39.6,96.2,46,85.4,73.3,60.6,176.3,78.3,64.9,30.8,57.4,158.3,175,171,107.2,114.2,72.6,119,148.2
20141226,10,PM10,135.9,144.2,74.5,150.4,,143.1,143.4,143.1,122.2,129.9,145.3,118.5,160,272,196.4,247.9,63.7,197,77.9,103.3,109.7,73,194.5,82.7,68.6,46.1,128.5,208.8,214.7,189.5,130.3,142.9,104.3,157.1,163.1
20141226,10,AQI,103,85,88,108,,95,89,108,94,123,107,79,151,136,103,144,61,60,60,64,63,66,101,57,52,24,70,134,148,264,114,119,101,128,123
20141226,11,PM2.5,104.1,97.2,62.3,100.3,,120,,154.2,92.6,,88.8,103.6,108.3,214.6,202.2,201.4,50.8,95.2,54.2,152.3,82.4,63.5,189.5,90.2,57.6,31.7,161.1,197.6,223.6,193.4,116.9,115.5,73.5,124.9,137.4
20141226,11,PM10,128.7,138,69.9,143.1,,172.8,,199.1,97.2,1000,138.2,165.5,158,267.5,248.4,260.8,89.6,143.4,79.6,183.9,108.1,76,196.2,92.6,70,52.5,293.9,223.9,253.3,214.5,127.7,139.3,96,148.3,183.3
20141226,11,AQI,108,89,90,112,,100,91,115,98,127,110,83,154,146,112,154,63,64,62,72,65,67,108,61,54,26,78,144,155,266,118,124,104,133,128
20141226,12,PM2.5,109.5,86.9,75.6,,,125.9,53.5,181.2,78,,93.6,84.5,112.3,188.3,201.7,230.4,63.7,100.7,72.5,155.3,77.2,,106,93.6,64.8,45.2,151.2,209.1,234.8,166.2,100.8,107.9,80.2,121,141.4
20141226,12,PM10,119.6,148.5,79.3,101,,173.5,208.8,211.6,82.8,64.3,137.1,114.8,151.2,235.9,247.1,270.6,111.2,157.4,96.8,188.5,100.9,,107.7,108.2,71.1,50.9,221.7,227.6,261.3,175.9,107.9,117.5,97.2,125,157.2
20141226,12,AQI,110,93,93,116,,106,93,124,102,132,114,87,158,155,121,167,65,69,65,79,67,69,112,65,57,27,81,149,165,270,122,129,107,138,135
20141226,13,PM2.5,121.5,93.3,73.4,,,135,83.7,125.2,95,48.8,103.8,84.9,,,184.6,250.3,87.9,88,86.1,126.3,94.8,,88.2,112.9,77.5,41.4,123.6,220.5,275.5,,108.7,111.4,88.1,,150.1
20141226,13,PM10,129.8,126.7,80.3,112,,183.5,143.9,140.5,100.8,90.6,130.3,123.4,,,208.4,289.1,143.3,116.4,119.1,159.2,138.7,,,129,82.3,54.2,179.7,234.9,279.3,,114.5,117.3,108.3,,159.3
20141226,13,AQI,116,97,96,120,,112,97,130,106,134,118,91,,,129,180,69,73,69,85,71,,115,71,60,30,82,155,180,,127,133,111,,142
20141226,14,PM2.5,142.6,110.5,86.3,80.2,,152.7,85.1,107.9,108.6,108.4,125.5,87.7,,,205.8,228.5,100,84.8,103.6,112.3,85.8,,78.2,113.1,80.9,49,128.3,468.1,288.1,,138.4,133.1,107,,157.6
20141226,14,PM10,143.9,143.9,95.2,137,,192.8,130.3,121.3,115.7,110,155.5,117.1,,,216.2,255.7,156.7,109.2,137.8,138.3,124.8,,78.3,126.9,88.9,61.4,160.9,,291.7,,,137.4,133.4,,162.8
20141226,14,AQI,122,102,100,124,,119,101,135,111,139,124,95,,,139,193,74,77,74,91,74,,118,76,63,32,84,183,196,,133,139,116,,150
20141226,15,PM2.5,158.7,151.9,105.9,134.7,,159.8,94.6,101.3,112.5,125.2,131,86.1,225.7,232.5,237.7,272.8,108.3,94.1,109.1,110.3,86.5,65.9,85.1,110.9,99.9,47.8,111.1,403.5,297.8,240.3,157.9,175.9,127.2,181.2,174
20141226,15,PM10,178.2,204.5,117.4,174.1,,215.7,155,125.5,,137.3,177.2,109.8,291.3,265.1,244.5,310,163,127.1,139.6,147.3,118.3,102.2,,116.1,109.6,74.6,132.1,419.7,307,,175,200.1,154.2,216.2,183.3
20141226,15,AQI,130,110,105,131,,127,106,140,116,145,130,99,181,182,151,206,79,81,79,96,78,79,122,81,67,35,89,204,209,293,141,148,122,158,159
20141226,16,PM2.5,183.6,184.1,126,184.4,,179,104.8,103.6,119.9,174.3,192.5,89.1,262.9,257.3,272.1,286,116.8,113.5,117.1,129.5,76.2,74.3,86.1,126.3,121.3,52.1,135.2,276.7,298.4,247.4,207.3,216.7,143.8,217.5,201.2
20141226,16,PM10,206.5,255.5,154.9,246.1,,235,161.2,131.3,,227,269.3,122.6,298.1,274.1,278,311.8,177.8,137.4,154,175.6,114,83.5,86.3,134.3,137.5,78.2,161.7,290.1,,,233,236.5,175.3,247.7,210.3
20141226,16,AQI,139,119,111,140,,136,111,144,121,155,138,102,195,197,166,217,85,87,84,103,82,83,125,87,72,38,96,215,220,301,151,159,129,171,170
20141226,17,PM2.5,207,210.1,150.4,210.5,,206.6,110.7,119.5,120.7,214.9,250.3,91.4,268.5,283,301,299.5,125.3,116.8,122.2,153.9,86.3,87.7,85,137.7,125.6,54,155.4,287.1,310.9,247.1,261.6,251.6,163.9,251.7,231.6
20141226,17,PM10,239.4,277.4,192.9,269.8,,283.3,170.4,147.3,,270,333.8,133.9,302.2,306.8,316.1,322.1,185.1,143.7,177.1,198.8,132.9,108.4,88.1,138.6,143.3,73.3,179.2,324.9,,,278.5,260.7,209.8,276.5,260.2
20141226,17,AQI,149,129,118,151,,145,117,150,127,168,149,106,206,210,183,229,91,92,88,111,86,87,127,93,77,41,103,227,232,310,165,173,136,185,182
20141226,18,PM2.5,235.5,208,130.8,239.3,,238.1,118.9,123.1,125.6,230.7,256.3,102.8,280.1,306.9,319,378.9,124.9,120.5,133.3,172.5,89.2,124.3,113.3,145.8,115.2,74.1,152.4,306.6,334.8,255.5,277.7,272.2,176.3,269.9,262.2
20141226,18,PM10,283,253,167,275.2,,333.1,205.5,147.3,,286.5,332.1,148.3,318.7,339.6,349,465.7,182.8,154.6,206.1,211,145.2,173.5,126.9,,124.3,112.9,168.2,343.7,347.8,,,282,229.6,288.2,299.6
20141226,18,AQI,161,138,123,165,,157,121,156,132,180,160,108,215,221,200,242,97,97,92,118,90,94,131,99,81,45,110,239,242,318,180,186,145,200,195
20141226,19,PM2.5,263.9,218.5,152.9,237.9,,,152.9,128.8,132.3,172.7,174.5,107.2,329.1,353.4,352.6,447.8,126.2,136.1,133,139.9,144.6,144.1,124.7,139.2,124.7,88.1,151.4,393,380.5,341.7,261,282.8,193.5,278.8,276.2
20141226,19,PM10,317.7,244.2,196.8,274,,,253.4,157.4,139.4,228.5,233.1,152,417.4,396.6,391.6,521.8,194.2,166.9,187.3,231.5,180.2,251.3,146.2,,134.5,127.6,165.4,445.3,,,275.4,323.8,238.8,304.3,318.7
20141226,19,AQI,175,148,128,177,,161,126,161,137,186,164,110,226,234,213,257,103,101,96,123,95,98,134,104,87,49,117,252,252,329,192,199,152,209,205
20141226,20,PM2.5,258.3,209.3,167.1,221.1,,,168.4,163.8,150.6,142,166.6,122.9,391.2,378.2,368.8,541.3,145.2,142.2,143.8,124.5,121.6,183.1,144.3,147.7,128.7,67.5,144.3,402.9,351.8,479.9,263.5,266.2,207,269,292.8
20141226,20,PM10,309.6,247,214.9,291.7,,,286.2,201.5,153.1,198.5,229,186.4,521,434.7,399.5,585.9,227,166.4,198.4,247,147.9,241.8,157.6,,129.2,98.6,153.3,443.5,359.9,,288.9,303.6,260.8,296.6,321.6
20141226,20,AQI,187,157,134,186,,167,132,167,142,190,169,113,238,246,226,276,109,106,99,126,99,103,136,110,92,53,122,264,264,345,202,207,160,217,212
20141226,21,PM2.5,247,206.7,176.1,231.2,,,165.5,175.6,146.4,168.4,168.5,132.7,337.8,426.2,396.7,448.6,174.8,133.4,129.7,108.6,118.2,184.5,141,136.9,137.2,81.4,162.6,601.8,456.7,448.6,260.1,267.5,222.8,261.5,283.6
20141226,21,PM10,272.5,248,224.9,298.3,,,260.2,209.8,,241.5,225.1,186.6,442.2,456.8,450.1,488.6,240.7,140.6,181.1,197.9,133.7,209.4,146.7,,,100.8,171.4,649.6,,457.9,267.1,294.4,272.5,287.7,339.5
20141226,21,AQI,198,166,140,195,,172,136,173,147,194,174,115,243,260,241,289,114,111,102,127,101,106,137,114,98,56,127,280,278,355,210,215,169,225,221
20141226,22,PM2.5,230.8,211.3,190.2,230.2,,,171,187.8,148.8,181.4,183.4,143.8,302.7,462.3,435,403.5,161.9,119.7,143.2,96.7,122.4,159.1,143.7,140.9,135.1,104.4,154.9,662.9,373.3,422,248.7,256.9,219.6,262,260.7
20141226,22,PM10,252.4,243.9,230.3,296.6,,,253.3,205.3,,251.4,240,194.5,385.9,502,533.8,443.7,216,129.2,187.7,177.3,132,168.1,148.5,,,117.2,,675,,435.4,251.6,274.1,264.9,280.5,337.7
20141226,22,AQI,206,176,146,203,,179,141,179,152,196,180,119,248,273,257,299,117,116,107,129,103,110,140,120,103,61,133,302,286,361,218,222,176,231,229
20141226,23,PM2.5,188.4,211.3,170.4,206,,,164.1,226.7,149,187.4,179,133.2,267.3,515.6,377.3,354.6,137.7,122,134.3,93.3,120,147.9,146.7,141.4,137.9,103.6,150.1,690.3,558.8,426.2,213.7,219.3,193.1,230.9,249.4
20141226,23,PM10,199.4,258.8,192.8,240.5,,,237.2,234.4,,248.8,227.8,188.8,331,561.9,432.9,373.6,174.7,133.8,185.3,173.4,137.4,,,,,120.8,,,,443.3,,228.5,217.6,238.8,292
20141226,23,AQI,211,185,149,207,,185,145,184,156,199,187,122,254,291,269,309,118,120,111,130,106,116,144,125,109,66,137,325,303,361,222,226,182,235,236
