date,hour,type,dongsi,tiantan,guanyuan,wanshouxigong,aotizhongxing,nongzhanguan,wanliu,beibuxingqu,zhiwuyuan,fentaihuayuan,yungang,gucheng,fangshan,daxing,yizhuang,tongzhou,shunyi,changping,mengtougou,pinggu,huairou,miyun,yanqing,dingling,badaling,miyunshuiku,donggaocun,yongledian,yufa,liulihe,qianmeng,yongdingmengxi,xizhimengbei,nansanhuan,dongsihuan
20141119,0,PM2.5,166,165.2,148.1,177.9,162.2,197.7,132.2,115.2,106.4,238.5,169.2,113.3,202.1,239.9,245.8,491.8,196.7,87.5,71.8,83.4,61,109.6,132,93.4,77.9,42.6,179.1,373.4,241.4,403,,222.1,185.6,,229.2
20141119,0,PM10,254.9,225.1,187.4,228.8,217.1,240.7,213.6,194.1,117.7,368.4,239.9,188.5,259.9,260.9,260.2,506.7,305,130.9,91.4,87.2,76,123.2,,114.7,95.3,55.4,189.5,399.7,282.4,553.7,,247.1,273.8,,326.3
20141119,0,AQI,86,96,95,110,94,118,117,122,99,162,104,104,165,197,156,223,78,117,85,83,56,68,132,92,80,35,91,225,191,262,,130,110,,134
20141119,1,PM2.5,164.7,173.1,144.4,184.2,248.8,233.8,98.2,122.2,95.4,254.4,113.7,97,188.6,255.3,243.4,495.7,153.1,152.1,64.1,80.8,61.6,100.8,122.1,112.6,79.9,44.8,176.3,389.6,261.1,435.5,,242.4,173.4,,261.7
20141119,1,PM10,254.5,227.3,173.8,242.5,347.3,330.6,149.8,200.5,96.3,437.4,160.5,152,252.8,284.9,265.4,500.8,231,206.7,88.5,88.4,76.1,104.6,122.6,116.6,94.4,53.2,,397.7,293.7,628.3,,273.8,277.1,,357.6
20141119,1,AQI,91,99,99,115,103,125,118,123,102,168,106,106,166,203,162,233,84,123,86,85,56,71,133,97,82,37,98,238,202,273,,136,115,,139
20141119,2,PM2.5,166.5,184.2,150.3,201.5,233.3,290.5,117.6,133.7,94.7,231.4,80.4,78.5,242.8,286.8,270.8,452.2,110,89.7,61.2,88,60.4,71.6,118.5,105.3,80.4,49.6,180.4,380,257.4,418.3,,269.4,196.6,,321.9
20141119,2,PM10,282.2,254.5,207.8,283.7,311.5,413.3,189,211.9,101.1,389.1,126.1,117.1,349.4,341.5,281.1,,141.1,119.4,77.9,93.1,79.6,79.9,,108,89.7,61.5,195.5,,283,581.3,,325.1,314,,426.1
20141119,2,AQI,96,104,103,120,112,132,119,125,104,176,107,107,169,209,171,242,88,126,87,88,58,73,134,100,84,39,105,250,208,283,,144,119,,146
20141119,3,PM2.5,181.3,193.6,152.5,228.5,211.7,359.9,129.3,145.4,107.5,204.3,74.4,63.9,248.5,287.3,292.1,416,101.5,81,61.3,99.1,63.5,63.6,120.2,87.6,84.3,51.6,174,378.8,261.1,416.4,,273.3,187.9,,406.3
20141119,3,PM10,321,248.4,208.6,323.6,278.7,465.3,208.1,201.3,119.5,368,110.3,103.5,353.1,334.6,308.1,422.2,135.2,107.9,79.7,101,82,64.9,,91.5,94.8,64.3,,,280.2,601.6,,316,281.5,,514.1
20141119,3,AQI,102,110,107,128,122,144,120,128,107,182,109,106,174,215,180,250,92,128,89,92,60,75,136,104,87,40,112,260,214,291,,154,126,,162
20141119,4,PM2.5,204.8,204,147.3,234.6,198.3,410.2,134.2,182.3,108.9,201.7,74.1,72.5,180.8,326,292.3,421.2,99.1,82.1,55.6,103.6,64.6,65.4,139,86.5,85.7,59.2,171.3,388.6,249.4,363.3,,271.6,184.2,,425
20141119,4,PM10,337.1,259.4,207.2,320.7,261.3,502.4,213,231.1,121.3,474.6,107.7,124.4,266.2,363.1,311.9,423.4,130.9,117.5,68,,81,,,89.8,97.5,70.6,187.6,,270.4,540,,273.8,292,,542.2
20141119,4,AQI,111,118,113,138,130,162,122,131,110,189,111,107,177,223,190,259,96,130,90,95,62,77,139,107,89,42,118,272,220,298,,165,133,,180
20141119,5,PM2.5,215.3,202.2,170.6,203.4,183.4,386.3,131.4,181.8,111.1,199.3,62.7,99.4,150.6,328.9,294.4,439.6,92.6,83.5,54.7,121.9,62.6,61.7,126.8,87.9,101.2,81.5,194.6,392.7,246.1,320.9,,260.5,214.4,,373.6
20141119,5,PM10,373.4,262.9,236.4,289,218.9,462.6,196.5,228.2,118.2,363.4,90.3,164.2,212.6,350.4,319.4,,128.6,97.5,74.9,,76.2,64.2,,92,124.7,87.3,205.7,406.3,266,470.9,,314.2,327.9,,421.2
20141119,5,AQI,120,126,120,148,138,182,125,135,113,195,113,110,181,229,200,270,101,132,91,100,64,79,141,110,92,45,126,283,225,303,,177,142,,197
20141119,6,PM2.5,215.6,202.6,178.9,216,124.5,299.5,126.2,183.1,128.4,192.7,76.9,106.4,141,324.4,380.5,422.1,77.7,84,54.1,131.3,63.6,62.1,113.4,93.5,112.8,89.1,204.1,418.2,264.5,315.9,,266.2,179,,309
20141119,6,PM10,337.7,269.3,227.9,311.2,141.4,344,187.2,248.4,132.1,305.2,115.9,149,205.8,336.6,409.2,,103.7,117.2,86.1,,83.8,63.5,124.7,97,136.6,95.2,,429,280.1,484.8,,326.6,249.7,,359.9
20141119,6,AQI,131,135,128,160,143,197,127,139,118,200,116,113,185,233,212,282,103,134,92,105,67,82,144,113,96,50,135,295,231,306,,191,150,,209
20141119,7,PM2.5,138.9,196.2,121.7,198.8,118.9,234.6,113.4,170.7,129.5,199.7,104.2,115.2,153.4,310.8,440.9,367.4,83.1,96.2,59.1,133.9,69.3,67.9,113.1,95.1,123.1,75.9,173.9,421,261.9,242.3,,233.3,126.1,,263.3
20141119,7,PM10,215.6,267,143.5,274.6,139.2,270.9,167.7,214.6,139.2,260.2,158.5,169.4,208.6,338.7,443.5,407.1,107.9,128.9,101.3,153.5,87.7,78.6,125.6,99.1,133.1,86.1,177,,279.8,306.3,,248.4,170.9,,298.5
20141119,7,AQI,137,144,133,171,147,207,129,142,122,204,119,116,189,239,228,293,106,135,93,110,70,84,146,116,99,53,142,306,236,306,,202,154,,218
20141119,8,PM2.5,130.8,163.6,121.2,136.5,160,211.7,122,171.3,144.6,158.3,118.3,122.2,166.1,317.8,444.8,378.4,66.7,130.9,61.5,153.2,73.9,81.1,120.9,102.4,87.5,86.8,182.5,414.8,259.7,269.9,153.2,162.2,144.1,178.8,239.7
20141119,8,PM10,227.4,225,174.2,200.8,229.6,280.5,209.8,225,163.4,193.6,169.9,190.5,235.3,365.8,451.2,420.5,97.1,206.7,90.5,171.9,100.9,99.5,132.7,132.7,106,95,200.2,434.8,280.9,426.1,178.2,198.9,224.1,233.6,294.2
20141119,8,AQI,142,152,137,177,153,214,130,145,127,207,123,120,194,244,244,306,109,135,93,116,72,87,149,119,100,57,149,316,242,308,211,207,160,210,225
20141119,9,PM2.5,190.9,182.5,166.6,156.8,178.2,259.1,174.2,160,157.1,150,132.4,127.2,195.2,367.7,460.8,379.1,79.9,148,86.4,187,71.5,84.5,130.2,122.8,88.3,85.1,192.4,434.8,287.9,268,220.8,196.6,189.4,182.9,262.6
20141119,9,PM10,332.4,279.4,243.7,251.1,256.7,369.6,284,232.6,167.1,225.9,204.1,218.8,310,445.9,498.5,433.7,118.6,223.7,131.5,264.7,105.9,107.3,138,149.2,121.5,92.2,213.5,444.2,337.2,393.9,269.4,254.5,293.3,259.5,274
20141119,9,AQI,151,161,143,185,161,223,135,148,131,210,127,123,201,250,261,320,113,136,95,123,74,89,152,122,102,60,159,325,248,310,214,213,168,216,234
20141119,10,PM2.5,235.2,280.3,202.6,233.5,210.9,,194.9,186.7,247,236.3,159.6,161.3,182.9,411.7,459.6,384.8,127.2,151.5,99.6,222.8,89,86.9,171.7,170.9,93.7,89.4,183,427.5,325.7,277.4,287,306.4,231.1,227.3,300.5
20141119,10,PM10,396.6,420.5,272.4,348.6,297.5,,311.9,228.4,,321.4,249.2,267.5,258.9,502.7,486.4,456.1,206,237.2,139.3,287.1,138.7,127,186.5,201.8,114.9,101.4,214.4,430.9,354,416.6,361.7,376.9,341.3,317.3,380.7
20141119,10,AQI,164,177,152,197,171,,142,152,140,218,132,128,205,262,278,333,118,138,98,131,77,92,156,128,104,64,168,332,254,315,224,224,179,223,245
20141119,11,PM2.5,242.3,283.2,233,244.8,240.6,314,195.2,175.2,218.8,249.6,196.3,185.1,219.6,401.2,426.1,392.2,178.4,177.1,,241.7,89.6,98,136.1,162.4,99.3,104.6,192.3,362.3,307.7,375.8,303.1,327.1,277.7,307.1,322.8
20141119,11,PM10,372.3,397.2,307.6,361.4,308.2,405.6,308.3,215.5,219.2,326.7,288.2,272.9,307.3,510.3,429,430.9,256.4,270.6,,332.4,146.7,168.3,,189.3,120,,220.5,,316.4,569.2,356.4,374.2,382.4,395.9,367.1
20141119,11,AQI,177,192,162,207,183,246,149,157,146,221,139,134,212,276,294,347,126,138,100,140,80,96,158,134,105,68,176,341,259,326,235,236,192,235,257
20141119,12,PM2.5,253,298.9,242.9,280.2,255.1,350.9,210.9,205.8,257.9,288.9,241.4,209.1,262,460.1,428.5,403.5,209,182.5,,244.5,108.8,106.4,132.9,151.8,146.2,105.7,234.8,347.4,284.7,423.6,312.4,366.2,265.9,361.2,356.9
20141119,12,PM10,377.5,401.4,311.4,390.4,328,422.2,322.2,243.6,,364.8,311,306.9,341.6,548.9,,417.7,299.3,273.8,,302.9,172,142.2,,175.1,171.4,,277.8,,303.6,564.5,352.7,377.3,361.2,406.8,367.4
20141119,12,AQI,189,201,173,212,195,259,156,166,155,226,148,142,219,293,309,362,136,139,101,150,84,100,158,139,108,73,188,350,269,340,245,249,203,242,269
20141119,13,PM2.5,255.4,269,251.3,296,275.7,357.7,227,231.4,267.7,312.6,265.4,223.2,283.1,443.6,446.7,386.4,246.4,190.6,,244.9,136.3,110.9,143,173.7,167.2,106.3,220.5,318.9,309.4,415.3,326.7,321.6,290.2,341.5,372.4
20141119,13,PM10,389.2,371.3,291.6,408.6,332.1,418.6,305.8,265.7,,369.6,306.7,290.6,344.7,505.9,,,322,282.2,,296.6,200.9,146.7,150.9,207.2,175.8,116.5,243.2,,315.7,536.7,348.9,340.1,357.1,370.8,
20141119,13,AQI,201,211,184,218,206,271,166,177,167,238,160,151,228,308,325,376,148,142,101,162,90,105,162,144,113,78,199,360,278,351,256,260,212,256,282
20141119,14,PM2.5,288.2,304,273.1,325.8,281.6,387.8,247.9,257.4,269.1,319.3,271.4,225.3,311.7,413.1,384,378.7,242.4,224,,228.5,176.5,168.3,158.5,210.9,176.5,124,212.6,323.2,281.4,432.1,367,375.2,308.9,375.6,392.4
20141119,14,PM10,405.8,431.1,320.8,429.1,347.6,447.8,327.5,293.5,,370.5,309.8,281.7,382,437.6,,,321.1,293.6,,261.4,270.6,208,173.6,278.1,202.7,137.3,221.9,,,598.9,399.9,414.9,389,436.7,440
20141119,14,AQI,212,221,198,230,215,285,177,188,179,248,172,161,238,322,339,389,160,148,102,173,99,114,166,150,119,84,207,371,286,364,269,273,222,272,296
20141119,15,PM2.5,311.6,334.1,308.6,371.2,316.3,406.9,281.3,270.8,282.7,388.6,323.3,237.2,479,334.7,340.8,311.7,251.4,237.9,,213,214.1,233.7,181.7,254.4,201.2,168.2,211.8,315.6,253.8,449.1,422.3,417.3,338.7,425.5,416.1
20141119,15,PM10,437.4,429.2,378.7,477.5,384.1,467.6,360.5,306.3,,480.4,398.8,,590.6,,,,352.4,274.1,269.9,224.5,299.7,272.2,184.5,289.9,221.4,200.5,223.9,,,557.8,433.1,,434.6,469.5,
20141119,15,AQI,223,234,209,243,226,299,191,200,192,262,187,172,254,333,351,399,173,156,103,184,109,125,172,159,128,92,214,380,291,381,284,288,234,288,311
20141119,16,PM2.5,309.7,313.4,326.3,366.3,364.9,389.4,325.2,301.1,329.7,421.7,424.6,261.5,379.9,296.7,301.1,306.1,250.5,257.4,,209.7,232.7,251.2,207.3,274.2,226.5,210.3,217.9,314.9,228.2,378.3,406.3,392.1,382.5,384.6,385.5
20141119,16,PM10,426.1,383.4,392.8,422.2,440.3,411.7,438.5,329.8,,472.4,535.9,386.6,405.9,,,,340,312.8,227.6,224.5,317.5,303.4,214.8,282.4,254.9,258.5,227.1,,,540.2,,,476,396.8,
20141119,16,AQI,234,245,221,256,239,313,205,210,206,276,205,184,266,342,360,407,185,167,104,194,119,137,180,170,137,103,221,388,295,402,299,302,247,302,325
20141119,17,PM2.5,281.7,292.1,325,297.3,354.2,350.6,329.3,321,328.8,358.7,353.5,281.1,335.6,295.4,292.8,321.8,240.4,304.2,189.9,213,240.5,262.9,220.8,329.8,263.3,251.2,207.4,339.9,232.5,326,370.9,338,379.2,328.7,339.7
20141119,17,PM10,368,330.2,362,345.1,401.7,366.5,437.7,366.6,,383.3,386.8,399,,,,,319.4,429.4,293.6,229.9,318.4,326.5,229.5,361.1,285,292.3,,,253.8,590.5,,,446.4,335.7,
20141119,17,AQI,244,253,232,266,251,325,216,221,216,288,217,195,276,351,369,413,196,181,112,202,130,149,188,184,148,115,227,388,299,409,311,313,261,312,336
20141119,18,PM2.5,244.2,257.9,280.7,286.8,322.9,,340.8,331.7,329.2,324.1,347.2,322.7,338.8,300.6,303.5,381.1,237.5,321.6,395.7,227.8,250.6,294.2,256,328.5,283,262.8,194.5,371.2,248.4,327.6,335,327.2,342.2,314.2,333.4
20141119,18,PM10,312.8,285.2,309.9,313.8,363.8,,464,394.4,,328.4,384.5,450.6,364.4,313.8,311,389.3,322,444.2,438.9,242.6,342.5,339.3,259.7,343.6,290.1,292.4,,378.5,304.1,437.6,,,391.5,,
20141119,18,AQI,251,262,241,275,261,,227,231,226,297,227,206,286,358,377,420,204,196,132,208,139,164,198,198,161,128,232,400,303,411,321,322,272,320,346
20141119,19,PM2.5,257,242.6,275.9,282,337,327.4,369.6,325,360.9,335,375.9,329.4,395.4,311.1,331.2,376.5,253.5,317.4,346,234.4,275.9,332.4,259.8,316.9,305,266.8,187.3,407.6,251.7,401.5,331.3,333.3,361.3,315.2,378.3
20141119,19,PM10,344.2,254.4,298.9,309.1,375.2,353.7,516,385.4,,366.3,412.3,441.9,447.2,334.6,362.8,,322.4,387.8,388.1,243.3,345.1,414.1,,319.1,308,291.2,,426.2,279.8,579.2,,,418.3,323.3,391.9
20141119,19,AQI,259,269,249,282,271,345,239,241,237,306,237,215,295,365,384,425,211,206,148,211,149,180,204,207,175,139,237,406,307,422,328,330,283,328,357
20141119,20,PM2.5,249.3,231.8,277,274.1,342.2,361.9,366.8,359.2,370.1,359.5,408.9,349.5,449.2,354.4,356.4,410.5,251.8,283.4,329.5,,258.9,323.3,271.4,298.9,313.9,262,178,426.9,256.2,445.9,321.4,326.3,379.1,311.9,399
20141119,20,PM10,324.8,244.9,309.8,300.1,381.6,404.3,519.1,407.3,,419.2,457.9,469,493.4,377.1,377.5,426.7,329.2,319.1,374.2,,320,406.5,,,318.1,292.1,,433.8,269.4,576,,328.5,446.7,325.2,
20141119,20,AQI,264,275,255,288,281,354,250,253,248,313,248,224,306,373,391,430,217,214,165,212,159,192,210,216,189,150,240,412,310,425,334,335,294,335,368
20141119,21,PM2.5,269,229.3,329.2,278.2,354.2,,328.4,345.2,378.4,410,376.6,352.3,510.8,368,374.2,357.1,288.2,263.9,308.7,,239.4,365.6,283.7,289.7,311.9,266.5,183.9,444.1,360.1,478.5,329.1,330.2,392.8,327.6,395.2
20141119,21,PM10,374.1,251,375.3,314.7,405,,450.8,370.5,,518.8,425.7,467.1,588.5,390.7,399.9,363.8,374.7,287.5,337.5,,285.7,410.1,,,314.2,294.2,184.2,458.5,379.2,613.7,,340.4,473.9,352.7,
20141119,21,AQI,270,279,263,293,290,,258,263,260,320,258,232,319,380,397,432,224,221,182,215,170,203,215,223,203,163,242,417,316,427,339,342,304,341,378
20141119,22,PM2.5,291.8,230.7,353.3,280.9,375.2,,338,328.7,389.6,417,349.1,328.7,514.5,490,371.4,426.7,314.4,257,306.9,66.2,236.6,356.2,281.3,316.9,320,262.1,186.5,462.3,353.8,527.5,352.6,338.2,415.9,336.8,426.4
20141119,22,PM10,402,257.2,420,314.1,428.9,,439.3,338.3,,533.8,404,438.8,567.7,538.8,382.5,473.1,384.9,274.8,331.3,186.2,267.7,361.3,,,,271.5,189.6,486,,665.8,,352.3,503.1,369.2,435.4
20141119,22,AQI,276,283,272,297,300,,266,272,272,329,268,241,331,390,401,433,231,229,199,214,180,212,220,232,213,176,243,422,322,434,346,347,314,346,389
20141119,23,PM2.5,286.7,246,341.2,290.1,384.2,,322.5,336.1,367.7,407.8,357.4,303.6,519.9,503.4,348.9,463.1,282.1,264.2,305.3,106.1,235.2,284.7,291.8,299,330.6,254.5,187.7,482.6,293.9,570.3,384.1,345,382.2,348.7,448.2
20141119,23,PM10,390.1,272.4,394.3,333.7,450.5,,420.5,351.2,,499.7,417.4,402,590,569,357.6,502.7,338.6,287.3,314.9,180.4,267.2,296.2,,,,261.2,188.9,486,311.2,962,,349.4,454.8,393.3,450.5
20141119,23,AQI,282,287,281,302,310,,274,281,283,336,278,249,344,401,404,433,235,237,212,216,191,219,227,241,224,189,243,426,325,450,352,352,322,352,399
20141119,0,SO2,71.3,4.7,44,42.4,38.9,51,33.5,12.6,27.5,64.7,77.8,26.7,24.8,69.5,68.3,113.4,26.5,36.2,32.1,14.1,14.1,13.7,27.8,26.3,27.3,8.3,63.2,27.7,18.1,13.6,,35.2,51.1,,12.4
20141119,0,NO2,110.7,94.4,111.7,119.5,128.1,131.9,114.6,77.6,100.2,143,117.2,96.9,98,118.5,124.9,166.3,109.5,92.5,76.8,51.2,57.7,64.4,69.6,92.5,99.2,24,84.3,112.2,101.4,120,,132.9,131.6,,174.9
20141119,0,O3,3.9,6.1,2,4.3,2,2,2,2,5.6,3,2,4.9,2,3.6,5.6,2,21.3,6.2,3.5,11.8,5.2,2,2,2,2,24.1,26.8,3.9,2,12.8,,2,2,,2
20141119,0,CO,2.5,3.2,2.8,3.4,3.6,2.9,4.1,3.1,1.6,3.7,3.3,3.4,3.9,2.8,2.8,8.9,4.3,2.7,1.6,1.1,1.2,1.5,2.5,2.1,1.3,0.6,1.5,4.5,3,4.5,,6,5.4,,4.5
20141119,1,SO2,58.4,4.1,55.6,31.2,65,54.7,43.2,12.3,28.6,59.4,54.7,25.2,23.7,54.4,54.5,91.7,18.8,29,27.2,14.6,13,6.5,22.2,26.8,24.8,10.5,56.6,20.4,26.1,19.6,,30.6,56.8,,9.4
20141119,1,NO2,111.6,84.8,119,119.6,145.7,157.7,105.1,79.3,98.6,155,108.2,84.8,92.9,115.4,123,157.5,89,85.7,73.5,46.4,56.7,55.6,67.6,92.8,97.3,29,89,109.6,111.9,147.3,,138.2,137.4,,183.6
20141119,1,O3,4.6,6.3,2.5,4.2,2,2.6,2,2,5.4,2.4,2,4.5,2,2.8,3.1,2,13,7.1,3.7,14.3,2.9,2,2,2,2,19.7,18.6,3.4,2,12.8,,2,2.3,,2
20141119,1,CO,3.4,3.5,3.8,4,6,4.5,2.9,3.3,1.7,5.3,2.3,3,4.2,3.2,2.9,8.5,2.8,4.2,1.4,1.1,1.3,1.3,2.4,1.9,1.3,0.6,1.7,4.7,3,5.4,,7.1,5.3,,5
20141119,2,SO2,50.6,4.7,61.9,21.6,49.6,56.7,44.5,13.7,31.4,50.1,45.2,19.5,27.7,31.7,55.1,101.1,15,23.2,23.3,15.2,13.7,9.9,15.9,25,24.8,11.3,65.8,19.7,10.1,19.8,,32,55.4,,10.2
20141119,2,NO2,120.6,89.2,125.3,128.8,121.5,172.5,104.2,82.7,98.6,154.5,96.1,75.7,96.2,131,125.4,156.4,78,89.5,66.9,41.8,57.8,51.8,64.3,90.7,91,32.1,108.9,111.1,83.5,138,,153.4,146.9,,190.2
20141119,2,O3,5,6.9,2.6,4.2,2,3.4,2,2,6.2,2,2,2.4,2,3.2,5,2,7.5,3.2,2,16.7,2,2,2,2,2,15.1,7.4,2.8,2,11,,2,2.4,,2
20141119,2,CO,4.8,3.8,4.4,4,5.6,5.5,3.4,3.5,2.3,4.8,1.8,2.3,5.1,4.3,3.5,6.8,2,2.4,1.3,1.1,1.1,1.2,2.3,2.5,1.2,0.6,1.9,4.5,2.9,5.7,,6.7,5.7,,6.4
20141119,3,SO2,51.6,4.4,65.4,23.5,38.1,56.9,45.4,14.6,27.4,46.4,39,19.2,26.8,27.3,56,87.9,13.6,29.6,20.9,17.8,12.3,9.6,9.5,21.5,24.5,8,72.9,19.2,10.7,19.6,,31.6,56.9,,9.9
20141119,3,NO2,125.6,93.1,122.3,141.7,109.1,169.9,103.5,81.7,99.3,152.2,90.4,76.5,93.2,127.1,126.9,144.9,72.5,88.6,64.9,40.3,60,51.7,60.2,89.5,89.6,32.6,98.6,109.5,89.9,116.5,,143.9,140.8,,208.9
20141119,3,O3,5.7,7.1,2.1,4.6,2,4.2,2,2,6.1,2,2,2,2,2.7,5.1,2,8.3,3.2,2,18.2,2,2,2,2,2,10.4,11,2.6,2,10.6,,2,2,,2
20141119,3,CO,5.7,3.8,4.7,4.7,3.9,7,3.6,3.7,2.3,6.6,1.8,1.5,5.9,4.4,3.8,5.7,2.3,2.1,0.1,1.2,1.2,0.1,2.7,1.6,1.2,0.7,1.5,4.5,2.8,7.7,,7.4,4.8,,8.3
20141119,4,SO2,55,5.3,57.7,19.5,36,55.7,35.6,15.7,27.5,41.6,31.4,19.9,28.4,28.9,55.2,87.1,8.8,30,18.7,17,9.4,9,13.7,22.5,26.1,13.7,72.1,18.1,7,17.4,,31,53,,9.8
20141119,4,NO2,132.5,101.6,118.2,141.5,119.8,169.1,98.8,90.2,102.4,171.5,85.9,75.4,87.3,129.7,128.6,138.8,69.7,86.4,59.2,37.1,59.2,52.3,62.3,88.1,89.6,37.1,94.8,116.5,81.8,101,,128.3,138.7,,199
20141119,4,O3,5.4,8.8,6.4,7.8,2,10.1,2,2,6.6,2,2,6,2,6.4,5.4,2,6.9,3,8.1,19.7,2,2,2,2,2,11.5,14,2,2,8.3,,3.1,4.9,,2
20141119,4,CO,5.7,4.5,4.4,6.2,3.8,7.5,3.9,4.6,2.3,6.2,1.9,1.8,4.2,5.4,3.9,5.8,2.2,2,0.8,1.3,1.2,0.1,3.8,1.3,1.2,0.8,1.6,4.4,2.8,7.2,,6.8,4.7,,8
20141119,5,SO2,55.8,6.2,56.3,20.5,29.5,53.8,34.8,17.2,29.2,50.9,25.8,29.5,29.4,20.4,43.9,64,7,27.5,18.8,18.4,11.3,8.7,14.4,19.1,36.6,13.8,73.6,19.2,6.3,17,,71.4,55.7,,9.7
20141119,5,NO2,131.9,99.5,126,135.7,178,147.7,97.5,84.6,103.5,137.2,76.6,96.3,84.3,110.4,126.8,119.4,65.3,84.9,,40.7,65.3,53,69.6,85.4,96.1,43.2,99,108.7,78.6,94.8,,139.5,125.6,,182.7
20141119,5,O3,5,8.7,5.4,8,2,6,2,2,7.5,2,2,5.6,2,3.7,6.2,2,4.5,2.7,6,18.8,2,2,2,2,2,3.7,9.4,2.3,2,9.1,,4,3.6,,2
20141119,5,CO,5.6,4.9,4.6,6,3.6,6.6,3.9,5.8,2.4,5.3,1.7,3.2,3.5,5.4,4.4,7,1.9,1.5,0.9,1.5,1.2,0.1,3.1,1.2,1.4,0.9,1.7,4.6,3,7.5,,5.6,4.3,,7.4
20141119,6,SO2,51.5,6.9,56.3,30.8,34.9,58.4,37.2,17.4,32.5,50.5,30.7,35.8,34.4,30.1,45.7,41.1,5.5,17.2,27,17.3,12,8.4,16.2,23,37.3,12.5,85.5,20.1,6.4,19,,64.6,55.1,,8.4
20141119,6,NO2,117.6,102.6,118.8,141.8,149.4,132.6,96,82.3,103.1,134.1,81.2,94.1,95.4,124.2,142.9,119.2,60.6,79.3,58.3,48.3,71.2,51.7,82.2,85.8,99.8,42.9,117.6,99.5,83.2,79.3,,141.9,114.8,,161.2
20141119,6,O3,4,9.3,4.4,9.7,2,4.2,2,2,7.8,2,2,5.5,2,3.3,7.2,2,2.6,3.5,5.4,11.9,2,2,2,2,2,2,2.1,3.3,2,7.2,,2.9,2.5,,2
20141119,6,CO,4.8,5.1,3.9,4.9,2.5,4.9,3.8,6.4,2.5,4.7,1.9,3.4,3.6,5.1,6,6.3,1.6,2.1,1.3,1.9,1.4,0.1,2.8,2.7,1.6,1,1.7,5.5,3.4,7.1,,5.3,3.3,,6.9
20141119,7,SO2,44.4,8.6,56.7,39.2,36.7,47.6,39.9,16,44.2,62.4,40.1,49.1,48.4,61,51.2,54.3,3.7,15.9,31,21.3,11.5,10.6,16.8,21.4,39.2,10.2,68,19.6,6.2,15,,65.7,63.3,,6.1
20141119,7,NO2,92.6,97.8,103.4,123.1,158.4,116.2,96.4,74.1,104.9,125.4,93.4,102.8,103.4,134,149.9,112.2,61.8,78.7,60.9,56.4,71.2,54.4,73.9,83.7,97.8,38.4,104.6,95.5,72.6,60,,114.7,107.9,,144.7
20141119,7,O3,2.6,8.4,3.3,7,2,3.8,2,2,8.7,2,2,5.1,2,3.3,7.3,2,2,3.6,5.3,7.1,2,2,2,2,2,2.5,5.6,3.1,2,6.4,,2,2.4,,2
20141119,7,CO,3.5,4.6,2.9,3.6,3,4.2,3.6,6.8,3.4,4.4,2.2,3.1,3.2,5.3,6.5,6,1.5,2.4,1.3,1.9,1.6,0.1,2.7,1.7,1.6,1,1.6,5.8,3.4,6.2,,3.6,2.9,,6.2
20141119,8,SO2,52.2,10.2,65.8,40.5,50,54.6,55,16.5,59.9,65.7,48.9,48.2,62.3,72.9,57.4,63.1,7.8,37.4,34.2,31.5,16.3,14.5,18.3,31.2,61.3,12.7,69.8,20.1,6.1,17.9,50.4,65.9,69.4,72.7,12
20141119,8,NO2,93,88.2,109.3,105.1,167.6,113.2,104.1,78.3,107.2,109.6,96.8,105.9,109.1,136.2,143.1,107.4,62.1,83.3,60.8,60.8,73,56.1,71.9,90,80.9,35,109.3,101,68.2,66.5,83,101.4,109.7,113.9,147.7
20141119,8,O3,3.3,6.7,4.5,5.1,2,4.1,2,2,8.2,2,2,5.9,2,3.8,7.3,2,2,8,5.7,9.1,2,2,2,2,2,7.3,7.4,2.8,2,7.5,2,2,3,2,2
20141119,8,CO,3.3,3.4,3.1,2.9,3,4.2,3.6,6.9,2.3,2.9,2.5,4.3,3.4,5,6,5.4,1.5,4.1,1.3,1.9,1.6,0.3,3.2,1.4,1.3,1,1.7,5.4,3.2,6.4,2.9,2.9,3.3,3.1,5
20141119,9,SO2,69.7,39.7,77.2,52.3,58.9,77.3,69.6,25.1,66.6,77.4,54.2,58.2,58.7,80.7,67.4,77.6,18.6,49.7,42.8,34.4,29.9,17.5,22.1,30.1,59.5,13.2,77.7,26.1,12.4,25.1,71.6,76,72.9,73.2,22.4
20141119,9,NO2,110.6,114.6,115.4,116,168.4,121.9,107.8,79.4,105.7,114.1,110.7,107.7,118.9,151.7,141.6,116.5,63.9,88.2,76.2,71.7,66.8,55.5,69.9,81.6,84.9,31.2,109.3,105.3,81.5,92.3,93,106.6,113.2,104,137.4
20141119,9,O3,4.3,9.8,4.9,6.3,2,4.1,2,2,9.3,2,2,6.7,2,4.3,8.5,2,2.1,6.1,6.5,10.1,2,2,2,2,2.2,10.3,12.2,3,2,6.9,2.4,2.1,3.4,2,2
20141119,9,CO,4,3.7,3.7,3.2,2.7,4.2,3,6.8,2.1,2.8,3.4,3.5,4.1,5.8,5.9,4.9,1.5,4.4,1.6,3.4,1.6,0.2,3,1.9,1.5,1,2.1,5.2,3.4,5.8,3.6,3.4,3.3,3.6,4.6
20141119,10,SO2,81.9,82.7,85,64.7,47.7,,75.3,35,88.2,107.1,64,72.9,61.5,87.8,70.4,77.3,35.3,67.8,53.5,36.6,38.8,21.9,23.4,33.1,61.9,18.7,88.2,35.5,24.3,47,91.4,108.1,81.9,82,37.5
20141119,10,NO2,122,142.2,121.8,135.2,,,108.6,86.8,113,130.2,116.3,107.2,115.5,168.8,144.4,,80.1,100.7,75.1,78.1,74.6,54.9,73.1,83.7,77.8,29.5,109.3,111.9,88.1,119.7,114,142.4,119.3,134.2,145.6
20141119,10,O3,4,11,5,7.2,2,,2,2,13.6,2.1,2,5.4,2,3.7,7,2,5,6,9.2,9.3,2,2.5,2,2,4.9,18,12.3,2.6,2,8.5,2.4,2.6,3.5,2,2
20141119,10,CO,4.2,4.1,3.6,3.7,3.1,,3,6.7,2.4,3.5,3.2,3,3.3,6.6,5.1,4.3,2,3.5,1.5,3.2,2.1,,3.6,2.3,1.5,1,3.1,4.9,3.5,5.7,4.1,4.3,3.4,4,4.6
20141119,11,SO2,75.5,77,95.8,71.4,73.8,93.9,80.7,59.5,87.6,105.4,70.9,80.4,80.5,95.5,73.7,84.5,51.9,73.4,62.4,41.2,58.1,30,33.1,57.5,56.8,24.9,97.4,55.9,43.6,58.4,91.8,107.4,97.4,101,42.8
20141119,11,NO2,125.5,145.8,131.1,144.3,138.4,139.4,113,100.8,100.1,136.7,122.3,110.2,125.2,175.2,144.2,,94.8,107,79.9,91,75.9,61.1,74.3,96.3,77.6,28,109.1,118.6,89.4,163.3,121.8,148.7,130.3,148.7,145.8
20141119,11,O3,4.2,9.1,5.4,6.9,2,3.8,2,2,20.1,3,2,6,2,2.3,5.1,,7.6,6.1,15.5,9.4,3.5,4.9,2,2.9,5.4,25.8,19.5,3.2,2,8.5,2.4,2,3.7,2,2
20141119,11,CO,4.2,4.1,3.5,3.7,3.3,3.9,3.3,6.2,2.2,3.6,2.9,2.7,3.1,5.8,4.1,3.9,2.4,3.4,1.7,3.3,1.8,1,2.2,1.9,1.5,1.1,3.7,4,2.7,5.7,4.1,4.1,3.6,4.3,4.2
20141119,12,SO2,77.4,85.7,101.4,82.9,77.6,94.4,80.8,74.9,93.9,110.1,91.5,87.5,91.2,90,67,103,67.5,78.5,73.3,62,99.7,39.7,36.2,61.4,62.6,30.6,57.8,61.4,53,71.9,88.6,108.6,99.1,105,58.6
20141119,12,NO2,134.6,159.7,139.4,162.3,150.7,147.8,121.5,103.2,112.2,154.7,137.2,122,141.6,195.6,152,145.8,108.3,114.3,111.9,95.3,89.5,63.7,80.4,98.2,91.3,26.4,109,124,95.1,185.6,132.1,162.2,134.5,167.2,150.2
20141119,12,O3,4.3,9,6.1,7.3,2,4.6,2,2,22.9,4,2,6.6,2,2,6.2,,8.5,6.6,13.5,14,7.2,7.9,7.1,7.9,15.2,34.8,13.2,4.3,5.5,7.8,2.5,2.6,4.8,2,2
20141119,12,CO,4,4.1,3.5,3.9,3.3,3.6,3.2,5.3,2.6,3.7,3,3.1,3.3,5.3,3.8,3.8,2.8,3.2,2.3,3,1.9,0.9,2,1.8,1.6,1,3,3.5,2.4,5.1,4,4.2,3.5,4.2,3.9
20141119,13,SO2,77.5,80,99.5,78.3,78.7,100,81.8,75.6,100.6,105.7,98,86.4,96.6,97.7,66.6,94.7,77.6,79.1,82.2,85.5,102.9,45.8,39.4,69.6,67.3,39.5,97.7,59,48,83,89.6,95.4,100.9,94.6,65.2
20141119,13,NO2,140.7,160.6,140.3,172.4,161.3,156.2,123.5,111.7,110,163.1,146.5,124.4,157.6,197.5,160.6,148.2,115,116.9,129.4,103,94.3,68.7,77.8,109.9,92.3,27.5,115.1,121.5,98.8,204.1,143.4,155.4,142.9,173.3,155
20141119,13,O3,5.3,8.7,7.7,7.3,2,5.6,2,2.5,31.2,4.7,2,7.7,2,2,9,2,10.9,7.5,12.2,21.5,12.4,9.5,19.4,9.1,26.7,41.5,26.2,6.5,10.9,7.3,3,2.7,6.5,2,2
20141119,13,CO,3.8,3.7,3.2,3.8,3.2,3.4,2.8,4.6,2.6,3.6,3,3.1,3.4,4.7,3.6,3.6,2.9,2.7,2.8,3.4,1.8,1,1.7,2.1,1.6,1.1,3.2,3.1,2.4,5,3.8,3.8,3.2,4.1,3.7
20141119,14,SO2,79.5,75.7,98.7,77.1,74,90.6,81.8,77.6,93.4,100.3,96.4,85.6,87.4,83.4,64.4,87.7,75.6,76.2,80.8,85.8,87.4,137,54.5,73.6,75,44,91.9,54.4,48.9,77.8,88.4,97.7,102.7,93,65.2
20141119,14,NO2,147.2,173.1,162.8,183.2,173.6,168.8,132.1,129.5,108.3,173.7,157,125.9,177.9,167,139.3,146.7,116.9,99.8,134.7,96.6,104.4,87.7,87.9,125.1,103.8,28.9,109.2,122.3,81.5,224.1,157.4,174.4,157.1,191.4,168
20141119,14,O3,5.6,8.3,7.5,6.9,2,5.7,2,2,33.1,4.7,2,8.9,2,2.8,11.5,2,13.5,17.7,11.2,33.2,16.1,12.6,21.6,5.7,21.4,44.7,33.1,8.4,22.2,7.1,2.9,3.6,6.1,2,2
20141119,14,CO,3.8,3.9,3.4,3.9,3.1,3.4,2.9,4.2,2.5,3.7,3.1,3,3.6,3.5,3.1,3.5,2.9,2.4,2.9,2.9,2.1,1.2,1.7,2.5,1.8,1.2,2.6,2.7,1.9,4.8,3.9,4.1,3.4,4.7,3.7
20141119,15,SO2,67.1,62.7,80.6,66.4,68.8,77.7,86.3,70.2,89.2,84.7,85,83.1,74.7,61.4,64.7,77.5,73.5,66.3,74.1,79.4,72.5,99.1,68.6,71.8,80.9,61.7,81.7,51.1,52,82.3,74.1,82.1,87.5,83.2,56.5
20141119,15,NO2,154.6,167.9,185.5,184.7,182.4,182.7,152.7,135.8,119.8,201.4,204.7,134.2,219.4,125.7,115,116.9,127,104,140.4,87.5,108.7,98.5,88.5,106.6,106.7,44.3,111,124.4,67.8,195.8,167.3,175.5,173,193,184.6
20141119,15,O3,5.1,8.7,5.9,6.9,2,4.9,2,2,28,3.2,2,,2,9.8,16.1,10.5,12.4,18.6,9.7,41.1,18.4,17.2,32,18.9,21.8,42.7,32.5,8.3,31.2,7.2,2.8,4.7,5.2,2,2
20141119,15,CO,3.7,3.4,3.7,3.7,3.2,3.6,3.1,4.1,2.7,4.2,3.9,2.5,4.4,2.5,2.5,2.3,2.9,2.3,3.1,2.1,2.4,1.8,1.7,2.3,1.8,1.6,2.1,2.5,1.6,3.5,3.8,3.7,3.8,4.1,4.2
20141119,16,SO2,55.7,53.6,63.2,47.7,57.5,68.6,71.3,67.7,85.5,74.3,69.1,81.1,60.3,54.7,60.9,80.6,59.3,65.4,74.4,66.2,67.6,86.3,69.5,56.9,80.5,66.2,76.3,46.8,49.3,66.2,59.7,68.4,72.4,70.6,45
20141119,16,NO2,154.5,157.4,188.6,178.5,200.3,165.2,173,141.9,158.3,188.2,224.3,149.1,143.6,110.7,106.2,125.9,131.7,127.9,152.3,98.3,116.2,104.9,100.9,107.4,124.1,56.1,120.1,121.9,64.4,128.7,161,165.2,179.5,169.1,159.6
20141119,16,O3,5.6,8.2,4.5,5.6,2,6.4,2,2,12.9,2.7,2,2,3.8,10.4,15.5,4.2,10.1,8.4,7.2,32.6,12.4,13.9,26,18.1,8.8,33,26.3,7.9,33.2,9.1,2.9,4.2,4.4,2,2
20141119,16,CO,3.5,3.1,3.5,3.3,3.7,3.2,3.6,3.9,3.3,3.5,4.3,3.3,2.6,2.1,2,2.3,2.5,2.6,3.1,2,2.7,2.1,2,2.2,2.1,2,2,2.3,1.4,2.1,3.5,3.3,3.8,3.8,3.7
20141119,17,SO2,48.9,28.1,47.4,36.9,45,58.4,51,56.6,68.5,55.2,44.6,66.8,41.2,41.6,55.7,75.2,40.4,50,69.8,62.1,51.7,73.6,58.9,56.4,58.4,58.3,60.7,39.5,37.2,42,54.8,60.7,57.8,63.4,36.2
20141119,17,NO2,136.7,133.2,180.7,145.4,190.7,154,170.3,154.7,158,153,160.8,156.8,124.4,109.7,111,128,128.3,148.2,181.3,115.4,123.7,117.8,120.2,138.3,121.3,66.8,114.6,129.4,71.2,116.9,144.1,137.5,174.4,140.5,143.5
20141119,17,O3,3.7,5.3,3.3,4.1,2,3.7,2,2,9.7,2.3,2,2,4.1,5.6,11.1,2,6.6,4,6.1,18.7,4.9,3.9,9,2,7.6,14.8,23.5,2.9,23.5,6.5,2,3.8,5.3,2,2
20141119,17,CO,3.1,2.9,3.2,2.7,3.4,2.8,3.6,3.8,3.3,2.9,2.8,3.5,2.1,2,2,2.6,2.3,2.9,3.6,2.1,2.6,2.1,2.2,3.1,2.1,2.5,1.8,2.5,1.6,1.7,3.4,2.7,3.4,3.2,3.3
20141119,18,SO2,46.2,10.1,38,21.8,28.3,,32.9,29.5,45,42.5,35.7,46.8,31,27.2,50.5,66.5,17.9,38.8,43.3,59.1,34.4,54.7,45.8,40.6,43.4,52.2,45.1,33.4,19.2,24.9,57.4,48.7,45.7,50.8,18.1
20141119,18,NO2,118.8,107.7,161.7,138.8,174.8,,164.5,143.1,161,137.6,162.3,156.3,133.5,122.3,134.8,131.8,129.8,156,212.8,125.2,131.3,122.6,124.8,133.8,125.2,69.9,106.5,133,81.7,118.7,128.1,138.9,158.6,127.6,132.4
20141119,18,O3,2.8,4.5,2.3,2,2,,2,2,8.9,2,2,2,2,2,5.2,2,4.4,4,6.7,10.3,2,2,2,2,2.1,5.3,22.5,2.9,6.5,6.2,2,2,5,2,2
20141119,18,CO,2.7,2.6,2.8,2.5,3.5,,4.4,3.9,3.4,2.7,2.8,3.3,2.6,2.5,2.7,3.7,2.5,3.2,4.1,2.3,3.2,2.7,2.3,2.9,2.2,2.5,1.5,3,2,2,3.2,3.1,3.5,2.9,3.3
20141119,19,SO2,44.4,5.9,36.1,16.4,27.9,52.3,29,19.8,36,41.1,35.6,46.3,34.1,25.6,47.3,64.1,13.9,33.6,29,52.8,26.1,39.9,37.9,25.6,41,49,44.2,33,10.8,17.2,59.6,42,48.2,46,15.2
20141119,19,NO2,126.3,94.1,159.4,137.5,176.5,149.3,172.2,130.5,171.8,152.5,170.4,160.4,142.8,132.1,144.9,132.1,138.7,142,172.3,107,126.1,122.4,113.8,128.6,138.3,68.6,97.5,136.3,85.6,123.7,122.8,149.6,162.6,127.4,153.8
20141119,19,O3,2.7,4.7,2.1,2.5,2,2.9,2,2,9.3,2,2,2.4,2,2,5.9,2,5.6,5.8,7.1,16,2,2,4.3,2,2,5.2,25.9,3.7,2,11,2,2,4.7,2,2
20141119,19,CO,3,2.4,2.9,3,4,3,5.4,4,3.6,3.4,3,4.1,3.4,3,3.3,4.5,2.8,3.7,4.4,2.3,3.3,3.3,2.3,2.7,2.4,2.3,1.4,3.3,1.9,3.3,3.1,3.9,4.1,2.8,4.9
20141119,20,SO2,49.2,4,34,13.6,35.7,46.6,31.2,19.2,31.1,38.6,36,45,30.4,26.4,46.5,74.9,10.2,31.5,25.5,44.7,18.8,26.8,33.4,27,32,41.7,43.4,27.2,6.3,15.5,55,40.8,43.5,47.6,11.5
20141119,20,NO2,126.8,83.6,160.9,130.6,179.1,154,173,134.1,172.3,167.9,186.9,159.6,145.8,137.8,143.8,145,150,125.6,151.6,98.6,120.9,116.1,112.1,119.2,141.8,69.1,87.2,131.5,78,132.6,120.5,146,165.3,126,122.9
20141119,20,O3,2.9,5,2.4,2.7,2,3.8,2,2,9,2,2,4.8,2.6,2.8,7.2,2,6.2,3.7,7,15.5,2,2,4.2,2,2,2.8,28.3,4,2,11,2,2,3.2,2,2
20141119,20,CO,3.1,2.3,3.3,3.2,3.8,3.8,4.9,4.2,3.6,4.4,3.7,5.2,4.3,4,3.6,4.6,3.1,3.1,4.4,2.3,3,3.7,2.2,2.4,2.6,2.4,1.3,3.6,2.2,3.9,3.7,4.3,4.4,3.6,4.4
20141119,21,SO2,45.2,3.7,35.9,12.4,32.5,,25.2,17.2,30.2,35.6,40.8,46.5,28.5,21.6,42.7,80.5,8.3,27.1,25.6,39.7,16.9,30.4,33.5,26.9,26.5,41.1,60.8,22.4,4.5,16.6,44.8,43.1,42.7,49.7,9.5
20141119,21,NO2,134.9,81.9,183.7,133.8,180.1,,155.1,122.7,174.3,187.5,188.2,155.7,154.3,136.4,146.3,135.1,144.8,119.9,142.7,81.4,113.9,110,110.4,118.5,138.9,68.9,93,125.9,73.9,140.1,117,157.5,169.1,119.2,126.4
20141119,21,O3,4.2,5.3,4.5,3.5,2,,2,2,8.8,2.3,2,3.7,2.2,2.3,8.1,2,11.7,3.2,7,18.8,2,2,2.5,2,2,2,24.3,4.1,2.9,10.7,2,2,3.1,2,2
20141119,21,CO,4.1,2.7,4.7,3.7,4.6,,4.5,4.5,3.7,5.8,3.9,5.2,5.3,4.4,4.1,3.6,4.1,2.8,4.2,2,2.7,4.6,2.5,2.4,2.6,2.4,1.5,3.9,4.9,4.5,3.7,4.9,5.1,4.1,5
20141119,22,SO2,45.2,3.9,48.3,10.4,43.6,,26.8,15.2,31,35.9,43.7,34,27.7,18.5,51.3,71.9,9.5,24,26,36.3,14.2,37.6,32.5,24.7,27.5,23.5,66.8,20.5,3.2,17.8,38.1,41.6,51.1,43,10.5
20141119,22,NO2,143.9,81,195.4,135.1,185.5,,161.2,102.1,168.6,186.6,183.5,141.5,161.5,137,144.2,137.2,138.4,114.3,140.4,66.5,108.2,105.4,104.2,110,141.4,61.5,101.4,120.3,69,150.5,127.9,163.5,178.6,127.6,167.6
20141119,22,O3,3.6,5.9,5.1,3.4,2,,2,2,10.3,2,2,4.4,2,4.7,7.6,2,12.9,3.2,7.3,24.7,2,2,2,2,2,2.3,15.2,4.1,2,10.6,2.5,2,3.3,2,2
20141119,22,CO,4.6,3,5.6,3.4,5.2,,5,4.7,3.7,6,3.9,4.5,5.3,6.8,4,6.8,4.4,2.8,4.5,1.8,2.7,4.1,2.7,3.3,2.6,2.3,1.5,4.8,3.8,5.1,4.3,6.2,5.9,4.3,6.6
20141119,23,SO2,43.8,4.5,52.9,9.9,56.8,,25.2,15.1,28.1,37.2,45.9,34.3,31,17.3,60.8,61.4,11.3,21.9,25.5,38.3,12.9,35.5,27.1,20.8,27.4,18.6,68,19.5,3.7,25.9,36,34.8,57.4,45.6,9.6
20141119,23,NO2,143.2,92.9,188.2,140.7,196.8,,149.9,97,151.8,184.2,182.8,142.7,163.5,153.1,138.3,151.6,130.4,112.9,134.2,61.3,102.4,105.4,98.5,109.3,142.6,58.2,108.8,110.2,89.8,173.7,133.2,152.1,172.6,129.6,130.1
20141119,23,O3,4,6,4.5,4.2,2,,2,2,8.8,2,2,2.2,2,4.2,8.1,2,11.4,4.1,6.6,25.3,2,2,2.5,2,2,2,8.6,4.6,2,10.4,2.2,2,2.6,2,2
20141119,23,CO,4.8,3.5,5.1,3.6,5.2,,5.2,4.9,3.2,6,3.8,4.5,6.2,7.6,3.7,6,3.6,3.4,4.3,1.7,2.5,2.6,2.6,3.1,2.7,2.3,1.5,6.1,3,6.4,4.8,5.4,5.2,5.1,6.8
