date,hour,type,dongsi,tiantan,guanyuan,wanshouxigong,aotizhongxing,nongzhanguan,wanliu,beibuxingqu,zhiwuyuan,fentaihuayuan,yungang,gucheng,fangshan,daxing,yizhuang,tongzhou,shunyi,changping,mengtougou,pinggu,huairou,miyun,yanqing,dingling,badaling,miyunshuiku,donggaocun,yongledian,yufa,liulihe,qianmeng,yongdingmengxi,xizhimengbei,nansanhuan,dongsihuan
20140815,0,PM2.5,26,20.6,,21.8,23,24.6,18.9,13.2,20.3,24.6,18.3,30.2,29,30.3,61.6,57.5,34,16.4,15.8,42.8,29.8,36.3,13,10.9,8.1,31.7,33.9,53.8,50.3,31.9,35.7,30.7,27.6,27,35.5
20140815,0,PM10,,,35,,,,,,,85.1,,88.2,70.6,,,,,,41.7,45.3,,66,,,,,,,,,,,,85.8,120.8
20140815,0,AQI,49,47,39,47,49,48,48,31,34,55,40,55,44,57,64,56,42,41,34,44,35,35,26,35,35,43,41,57,47,50,57,53,63,66,63
20140815,1,PM2.5,25.3,32.8,,21.3,22,20.5,20.3,11.3,12.4,29.9,20.1,31.2,33.4,40.5,62.4,61,58.9,11.3,13.4,39.4,42.5,43.9,13,7.5,12.2,39.9,37.8,61.4,31.2,19.7,48.7,41.3,32.5,35.1,48.7
20140815,1,PM10,,,40.1,,,,,,,101.7,,79.8,64.5,,,,,,33.1,41.8,,52.3,,,,,,,,,,,,75.7,204.4
20140815,1,AQI,49,48,42,50,55,55,43,30,40,56,40,56,44,56,64,61,44,40,35,45,37,37,26,34,42,37,36,58,47,49,59,55,63,67,66
20140815,2,PM2.5,35.3,32.1,,33.4,37.1,29.3,25.3,14.4,16.9,30.8,23.4,20.8,34.1,45.8,60.5,58,67.8,5.5,13.8,38.1,33.3,35.7,23.5,10.4,19.1,46.5,41.7,78.3,16.1,15.8,40.9,41.2,31,40.8,61.1
20140815,2,PM10,,,57.9,,,,,,,103.1,,45.9,48.7,,,,,,29.3,,,58.9,,,,,,,,,,,,100.4,207
20140815,2,AQI,50,48,47,52,47,55,44,30,50,57,39,56,45,55,65,59,47,39,35,46,38,38,27,34,45,34,44,60,46,49,59,58,64,68,75
20140815,3,PM2.5,34.8,33.6,,32.6,45.3,36.8,25.6,14.8,7.3,36.4,21.1,20.6,23.4,46.3,61.2,66.6,74.9,9.2,14.1,38.5,23.3,36.4,19.1,6.6,17.9,42,59.4,66.6,13.1,21.7,35.4,40.2,32.2,45.5,53.3
20140815,3,PM10,,,22.4,,,,,,,146.4,,32.7,75.7,,,,,11.5,24.9,39.8,,43,,,,,,,,,,,,101.6,109.1
20140815,3,AQI,50,49,45,48,47,52,44,30,45,59,39,56,47,55,65,61,50,46,36,47,38,39,27,33,43,35,39,62,45,49,59,55,64,68,71
20140815,4,PM2.5,28.4,23.8,,18.1,38.7,33.9,20.8,16,13,26,14.3,18,21.9,35.4,57.3,81.8,69.8,8.3,13.4,37.1,23.8,38.3,22.1,7.7,13,44.2,84.5,65.6,12.5,20.6,36.8,25.5,23.3,31.3,44.7
20140815,4,PM10,,,34.2,,,,,,,45.6,,23.6,47.4,,,,87.1,14.2,14.5,39.3,,58.5,,,,,,,,,,,,,95.8
20140815,4,AQI,50,49,43,47,48,47,43,30,34,59,38,56,48,54,65,64,58,44,36,48,39,42,27,33,26,37,42,63,43,49,59,55,62,69,72
20140815,5,PM2.5,21.9,19.7,,18.8,29.3,27.6,18.4,16.9,12.1,17.2,13.8,24.7,26.6,37.2,57.1,92,53.8,12.2,12.6,37.1,17.7,39.9,20.4,10.4,24.2,43.7,77.9,54.3,11.1,21.5,28.1,24.9,26.7,28.3,48.4
20140815,5,PM10,,,40.4,,,,,,,42,,77.6,48,,,,,24.3,16,38.2,,59.3,,,,,,,,,,,,61.5,150.1
20140815,5,AQI,50,49,42,46,48,46,43,31,38,59,37,57,49,54,64,67,58,43,36,49,39,43,28,33,33,39,46,64,41,49,59,55,62,69,74
20140815,6,PM2.5,29.7,21.1,,14.5,36.8,41.7,9.8,20,15,21.3,20.8,27.6,24.7,45.2,50.8,89.8,50.4,14.3,12.5,38.9,16.1,45.6,8.1,8.3,19.3,44.2,85.1,49.1,16.5,22.9,30.4,30.8,20,31.7,53.1
20140815,6,PM10,,,25.4,,,,,37.3,,67.8,,62.6,67.4,74.3,,,,20.9,27.6,47.3,,60.1,,,,,,,,,,,,96.4,178.1
20140815,6,AQI,50,49,42,45,48,47,43,40,34,59,37,58,51,58,64,70,58,43,37,48,40,45,27,32,27,41,49,64,40,49,58,54,60,70,76
20140815,7,PM2.5,91.6,15.2,,19.3,84.3,69.8,24.9,21.9,13.1,34.4,17.5,26.5,30.3,43.1,50,101.2,59.4,16.9,13.3,44.1,23.3,42.9,14.7,11.3,17.2,41.1,73.8,56.4,14.2,39.2,47.4,42,61.5,69.1,78.9
20140815,7,PM10,,,93.7,,,,,53.2,,100.9,,89.6,91.5,80.7,,,83.3,45,40.1,56.9,,56.3,,,,,,,,,,,,202.6,254.3
20140815,7,AQI,53,48,44,45,51,49,43,39,34,60,36,59,52,58,65,74,60,43,38,49,40,46,27,32,26,42,52,64,38,50,59,54,61,72,79
20140815,8,PM2.5,111.2,56.8,,40.9,112.1,106.4,63,18.3,28,33.6,21.1,31.7,21.1,43.9,42.6,119,68.7,40.1,13.5,47,38.2,44.9,14.2,23.8,28.7,41,70.8,69.2,24.8,49.5,97.4,53.7,81.3,70,119.2
20140815,8,PM10,,,116.8,,,,,42.2,,114.4,,75.3,56.7,95.7,,,110.4,107,42.6,80.9,,62.9,,,,,,,,,,,,186.5,234.3
20140815,8,AQI,57,49,47,45,56,54,45,40,35,61,36,59,52,58,64,78,62,45,39,50,41,47,27,32,26,44,55,65,37,51,61,55,63,76,82
20140815,9,PM2.5,119.1,105.5,,83.8,127.3,121.3,108.2,41.6,56.6,46.1,30.3,81.6,25.3,48.2,74.1,132.8,122.9,40.1,15.5,57.2,31.8,27.5,28.8,22.8,37.4,36.2,73.6,48.3,29.7,48.7,115.3,94.9,133.6,84.4,131.6
20140815,9,PM10,,,130.9,,,,,60.3,,112.8,63.7,150.3,62.4,116.3,,194.2,195.5,97.9,36.6,110.8,,,,,,,129.9,,,,,,,164.6,209.4
20140815,9,AQI,61,53,51,48,61,59,49,41,36,62,39,61,53,59,66,83,66,47,39,52,42,48,27,32,26,45,58,64,36,51,65,57,67,78,84
20140815,10,PM2.5,95.9,102.2,,81.3,96.2,102.7,90.5,43,33.1,63.5,49.3,67.5,27.7,54,95.4,140,133.9,48.5,20.3,77.8,35,14.5,27.4,21.8,35.2,24.2,85.9,39.8,27.2,32.9,98.8,97.2,127.3,90.3,117.8
20140815,10,PM10,,,113.6,,,,,56.3,,113.5,65.8,82.7,81.3,113.5,,178.4,138.3,86.1,39.7,118.2,,28.2,,,,,125.2,,,40.6,,,147.6,145.1,
20140815,10,AQI,64,55,52,50,64,63,52,42,36,64,40,62,53,60,68,88,71,48,39,54,43,47,26,31,26,46,61,64,35,63,68,60,70,75,84
20140815,11,PM2.5,54.5,60.3,,65.4,46.6,,51.1,38,25.4,59.5,38.8,42.2,40.3,58.3,85.7,93,49.6,38.5,21.2,71,26.4,13.8,31.5,27.2,24.7,25.3,68,61.6,21.5,30,69.9,66.6,75.9,69.5,64.6
20140815,11,PM10,,,74.5,,,,,57.6,,,53.1,65.6,84.8,76,,,,67.4,40.8,75.2,29.3,,,,30.6,,,,,,,,,106.8,
20140815,11,AQI,66,57,53,51,65,64,53,42,37,64,41,62,54,61,69,90,72,49,39,57,53,49,26,30,34,47,64,64,35,63,71,62,72,76,84
20140815,12,PM2.5,38.5,39.6,,40.2,32.1,13.9,34.9,31.5,32.7,39.9,28.6,27.2,38.3,58,86.2,80.2,22.7,28.8,26.1,36.9,21.5,16.2,33,28.3,21.8,30.6,42.8,76.7,19.1,35.9,53.4,40.6,35.3,38.3,40.4
20140815,12,PM10,,,,,,,,56.5,,,42.3,51.5,84.4,77,,,,69.1,39.9,,,,,,24,,47.8,,,73,,,,70.1,
20140815,12,AQI,66,57,54,51,65,63,53,43,38,65,40,62,55,61,71,92,71,50,39,58,44,51,31,31,35,48,66,65,42,63,71,61,72,75,85
20140815,13,PM2.5,19.6,22.5,,25.4,25.3,18.8,23.7,27.8,24.2,21.3,36.6,20.7,43.8,47.1,46,45.8,12.5,24.2,24,33.1,16.6,15.3,22,32.2,21.2,18.5,38.5,65.6,19.4,32.8,45.5,21.9,28.4,37.7,24
20140815,13,PM10,,,,,,,,35.4,,,63.2,28.3,93.8,57.2,,,,51,35.9,49.7,,,,,,,,,20.3,51.1,,,,,
20140815,13,AQI,65,55,53,49,65,61,52,43,46,65,47,61,57,62,71,92,70,50,39,71,45,43,42,39,31,49,69,66,47,62,70,58,70,75,86
20140815,14,PM2.5,22.3,22.8,,20.2,26.4,17.7,23.8,17.5,26.1,19.2,37.2,17.1,42.5,35.7,38.2,57.4,17.8,22.5,21.8,32.3,14.2,10.8,22.5,22.2,11.1,12.3,36.5,51.4,17,27.3,29.8,19.7,30.2,26.8,20.2
20140815,14,PM10,,,24,,,,,,,26.9,61.3,42.1,86.5,44.7,69.3,,,45.6,53.4,48.6,,,,,21.8,,,,21,51.9,,,,44.7,
20140815,14,AQI,62,53,52,48,64,58,49,42,52,64,73,60,58,75,89,91,69,60,49,78,45,43,47,50,35,49,71,68,52,84,68,56,67,74,74
20140815,15,PM2.5,24,26.8,,19.1,29.8,17.7,25.2,17.8,14.8,36.7,42.8,34.8,38.9,55.5,60.5,29.9,16,21.9,32.3,34,10.6,6,24,16.7,15.7,10.7,33.6,44.4,14.3,25.2,40.3,21.5,29.5,33.4,20.4
20140815,15,PM10,,,35.8,,,,,35.4,,99.1,76,118.6,56.5,151.5,91.3,,,44.1,53.6,,,,41.5,,21.3,,,,20.5,51.5,,,,79.7,
20140815,15,AQI,61,80,55,68,62,80,48,42,86,115,111,107,94,124,123,90,68,75,81,76,47,43,49,62,35,48,86,68,50,77,67,55,65,74,73
20140815,16,PM2.5,33.2,39.2,,39.7,29.7,30,45.1,28,40.2,42.5,27.4,39.1,25.5,47.4,56.8,34,14.4,22,22.4,30.9,11.8,9.8,23.2,15.2,20.1,9.6,28.3,50.5,11.6,29,62.1,44.5,45.9,62.4,32.2
20140815,16,PM10,,,102.6,,,,,66.3,,77.6,29.3,105.5,38.9,,77.4,,,42.5,29.8,49.2,,,89.6,,35.9,,,,34.5,74.8,,,,174.1,
20140815,16,AQI,102,126,114,123,72,120,103,56,124,129,106,114,77,129,138,106,67,73,69,84,47,43,42,61,32,48,92,70,67,84,102,112,65,80,72
20140815,17,PM2.5,54.4,48.5,,39.7,49.9,51.8,33.6,29.4,24.6,26.7,20.3,31.2,21.3,27.6,45.8,44.2,19.3,25.6,16.4,30.4,16.3,12.7,16,26.9,18.2,12.5,25.2,43.1,17.5,21.9,52,49.2,56.9,47.2,55
20140815,17,PM10,,,53.7,,,,,68.2,,36.2,48.7,137.8,52.4,36.5,65.5,,,51,44,53.2,,,,,27.2,,,,47.9,72,,,,67.1,
20140815,17,AQI,120,132,105,112,119,151,82,68,106,89,81,93,58,100,133,120,69,78,55,77,49,45,44,51,38,47,81,71,75,62,107,114,68,77,116
20140815,18,PM2.5,29.1,26.5,,25.8,25.7,29.1,24.1,21.6,19.7,23.2,22.5,33.2,17.1,21.6,30.2,60.7,27.2,29.9,21.4,35.3,19.7,10.9,19,16.7,22.4,13.7,31.5,41.2,18.4,27.5,31.3,26.3,37.9,38.7,37.3
20140815,18,PM10,,,60.4,,,,,61.9,,67,32.3,133,46.6,49.8,32.5,,,59.9,65.5,59,,,62.7,,53.9,,,,43.9,64.1,,,,96.4,
20140815,18,AQI,75,93,80,81,63,112,50,43,98,71,48,66,58,64,103,125,71,60,62,61,67,55,44,52,64,48,93,72,49,62,69,58,66,77,72
20140815,19,PM2.5,24.5,25.5,,25.5,32.8,21.3,26.6,25.5,23.5,22.3,20.7,38.4,25.7,26.9,26,39.8,24.7,35.2,22.1,43,35.3,21.8,23.5,28,26.8,14.4,30.2,32,17.4,26.1,29.4,25.7,42.3,38.7,30.3
20140815,19,PM10,,,36.9,,,,,65.2,,35.2,50.5,136.7,61.8,74.7,39,,,71.3,63.5,83.9,,,34.7,,65.5,,,,76.8,31.8,,,,98.5,
20140815,19,AQI,61,66,53,49,61,58,47,43,48,65,43,63,58,64,77,93,66,68,38,61,95,72,85,50,87,59,79,72,45,61,68,56,65,78,72
20140815,20,PM2.5,24.4,25.2,,30.1,29.4,26.3,25.2,28.7,27.3,29.3,28.1,41.9,30.6,32,34.7,32.6,29.5,38.8,23.4,45.5,40.1,41.5,32.6,30.7,29.2,18.8,30.8,43.3,23.5,24.3,34.4,27.7,44,45.8,24.5
20140815,20,PM10,,,78.7,,,,,87.9,,94.1,73.3,179.8,83.9,50.7,83.3,,,76.4,75.7,90.7,,,72.5,,60.5,,,,77.5,90.8,,,,120.1,
20140815,20,AQI,61,52,54,47,61,57,47,45,41,66,44,66,59,63,76,93,66,64,40,61,63,110,78,47,43,62,68,73,45,60,67,56,65,83,71
20140815,21,PM2.5,30.6,22,,30.9,33.3,25.2,34.4,27,27.9,36.9,27.7,41,30.9,32,50.7,40.4,39.9,39.7,30,51.5,40.6,53.4,32.2,39.6,20.2,33.7,34.8,40.9,17.6,26.7,38.9,32.6,43.9,46.9,29.2
20140815,21,PM10,,,79.2,,,,,76.5,,112.7,61.2,119.6,97.5,59.4,93.1,,,81,101.6,95.6,,,83.4,,53.8,,110.4,,39.2,74.1,,,,125.7,
20140815,21,AQI,61,52,55,47,62,57,48,47,34,68,45,68,59,64,77,93,66,51,44,61,48,62,42,39,54,74,69,73,44,59,67,56,65,80,71
20140815,22,PM2.5,40.1,38,,31.4,34.5,26.7,35.4,48.8,22.3,48.2,22.4,48.1,38.3,35.7,46.7,34.9,62,37.2,27.3,53.6,52,55.8,34.4,25.9,29.8,39.2,39.4,43.4,20.9,30.9,44.8,43.2,55.5,51.2,28.2
20140815,22,PM10,,,72.4,,,,,95.2,,130.9,47.5,156.5,117.6,58.4,72.3,,,61.9,76.6,87.7,,,66.4,,49.9,,84.8,,38.3,77.6,,,103.4,125.7,
20140815,22,AQI,61,52,56,48,62,56,49,51,33,69,45,70,60,62,77,92,67,51,44,61,39,42,43,37,50,90,69,73,44,60,68,57,68,81,71
20140815,23,PM2.5,39.4,35,38.3,39.5,36.3,30.6,40.9,50.6,25.1,54.1,21.3,59.6,40.9,43.8,43.6,69.8,72.9,31.9,23.9,49.4,48.8,54.2,34.4,22.7,22.6,34.6,32.2,45.4,30,31.3,49.3,38.4,53.8,38.5,32.5
20140815,23,PM10,,64.3,81.3,87.3,,78.6,134.9,90.4,26.4,131,33.1,215.8,93.6,78,78.8,140.6,210.6,50.5,56.4,63.9,79.6,82.9,52.4,42.2,42.3,122.2,65,72.7,40.8,66.5,95.9,82.6,100,117.4,115.1
20140815,23,AQI,62,53,58,49,63,66,51,52,34,69,45,73,61,63,76,93,69,52,46,61,40,44,45,35,37,43,69,73,41,61,69,58,70,81,71
20140815,0,SO2,3.3,2,2.2,2,4,2.6,7,3.6,2,2,2,2,6.5,2,2.1,2,2.2,3.1,2,2,2,2.8,4,2,4.5,2,3.4,5.6,2,2,2,6.1,12.8,5.8,2
20140815,0,NO2,68.9,57.5,77.6,89.5,96.4,95.7,94.6,32.2,12.6,40.6,29.3,48.3,80.1,48.9,100.4,109.6,59.9,46.5,23.8,15.4,57.9,56,29.1,13.4,69.2,2.4,30.7,76,21.6,19.6,89.1,104.5,89.3,113.6,120
20140815,0,O3,34.1,10.3,13.5,4.8,2,15,2,20.5,46.9,2,52.5,44.5,9.3,74.1,18.8,13.7,24.2,45,48,95.3,36.3,83.3,42.3,62,22.1,136.5,128.4,13,21.1,71.6,2,2.1,7.5,6.6,2
20140815,0,CO,0.8,0.6,0.1,1.1,0.6,0.8,0.4,0.4,2.9,0.6,0.5,0.7,0.8,0.6,1,0.5,0.7,0.4,0.5,0.6,0.6,0.7,0.4,0.3,0.4,0.6,0.4,0.7,0.7,0.4,1,1.3,0.7,0.9,1.4
20140815,1,SO2,3.4,2,2.2,2,4.3,3,7.1,3.6,2,2,2,2,4.5,2,2.7,3.2,2.3,2.6,2,2,2,2,2.9,2,6.3,2,3.5,9.3,2,2,2,6.6,8.4,5,3.5
20140815,1,NO2,80.2,57.5,83.1,99.4,108.1,109.7,85.7,30.6,13.1,42.7,30.4,44.9,50.7,55.6,89.6,120.8,69.7,26,23.6,14.7,35.4,45,42.2,10.7,83.8,2,40.7,53.9,13,13.6,88.7,109.7,95.1,113.2,123.8
20140815,1,O3,24.3,4,8.8,2,2,6.3,2,16.6,47.4,2,46.3,37.6,48,53.4,21.1,2,9.5,65.8,45.5,96.5,45.6,55,20.9,60.2,2,116.1,113.3,33.6,51.7,70.3,2,2,2,9.7,2
20140815,1,CO,0.8,0.7,0.2,1.3,0.5,0.9,0.5,0.4,4,0.7,0.5,0.7,0.7,0.8,1,0.6,0.9,0.3,0.5,0.6,0.7,0.7,0.3,0.2,0.4,0.6,0.4,0.7,0.6,0.2,1.1,1.4,1,0.9,1.7
20140815,2,SO2,3.5,2,2,2,2.3,2,8.3,3.4,2,2,2,3.3,2,2,30.8,2.4,2.1,2.5,2,2,2,2,2.6,2,7.5,2,4.2,9.1,2,2,2,4,13.2,4.1,4
20140815,2,NO2,98.1,69.6,92.3,102.4,92.1,109,84.2,27.5,16.9,41.5,51.6,43.1,59.2,43.3,75.6,111,65.2,31.8,23.5,13.4,17,58.9,42.6,12.9,88.9,2,26,50.7,4.2,37.4,87.8,114.1,87.4,102.7,148.4
20140815,2,O3,7,3.4,2,2,2,2,2,13,46.9,2,25,27.5,18.8,47.3,18.4,2,6.4,57.8,34,91,63.2,28,22.2,66.4,2.2,98.2,140.7,24.9,51.5,23.6,2.5,3,2,16.1,2
20140815,2,CO,1.1,0.9,0.3,0.9,0.5,1.1,0.6,0.3,4.9,0.7,0.5,0.7,0.7,0.7,0.9,0.5,0.9,0.3,0.4,0.6,0.4,0.7,0.3,0.2,0.5,0.6,0.4,0.6,0.4,0.2,0.9,1.1,0.8,0.7,1.9
20140815,3,SO2,3.2,2,2,2,2,2,7.3,3.5,2,2,2,2.8,2,2,4.6,5,2,2,2,2,2,2,2.4,2,8.3,2,3.1,6.3,2,2,2,2.5,13,4.4,4.3
20140815,3,NO2,90.6,62.9,88.3,93.1,58.1,102.4,80.1,21.9,12.2,40.8,39.2,35.1,67.7,48.6,76.5,100.9,58,33.6,17.2,14,12.6,54.6,48.6,11.1,85.6,2,27,51,4.3,56.7,78.5,98.3,88.1,105.6,114.6
20140815,3,O3,5,3.6,2,2,11.1,2,2,15.4,47.7,2,32.7,38.4,2,36.1,6.7,2,11.8,55.8,2,81.8,66.6,27.5,8.8,65.5,6.6,89.3,122.2,6.5,33.3,2,2,2.4,2,6.5,2
20140815,3,CO,1.1,0.9,0.7,0.8,0.3,1.2,0.5,0.4,4.4,0.9,0.5,0.4,0.7,0.6,1,0.1,0.8,0.3,0.1,0.6,0.4,0.7,0.4,0.2,0.4,0.6,0.5,0.6,0.4,0.3,0.8,0.9,0.6,0.7,1.5
20140815,4,SO2,3.4,2,2,2,2.4,2,6.6,3.3,2,2,2,2,2,2,3.3,4.7,2,2.7,2,2,2,2,2.7,2,3.5,2,4.1,3.7,2,2,2,4,11.3,4.8,2
20140815,4,NO2,77,56.1,85.3,90.6,75.1,93.4,47.4,23.7,10.8,42.4,26.4,17.9,60.1,49.6,88.2,86.1,53.9,45.4,14.4,12.8,12.7,56.9,43.4,15.2,37,2,29.3,41.8,3.5,44.6,65.9,77.4,85.2,100.1,102.8
20140815,4,O3,10.5,3.8,2,2,2,2,19.4,13,48.3,2,43.4,62.7,6.9,18.5,2,2,13.3,43.5,52,84.5,59.4,16.5,2,73.5,31.2,83.4,103.9,2.9,13.7,5.6,4.8,9.4,2,10.2,2
20140815,4,CO,0.7,0.7,0.6,0.6,0.3,0.8,0.3,0.4,2.8,0.9,0.4,0.3,0.5,0.6,1,0.1,0.8,0.4,0.2,0.6,0.4,0.7,0.4,0.3,0.4,0.6,0.5,0.6,0.4,0.3,0.6,0.6,0.5,0.7,1.1
20140815,5,SO2,3.4,2,2,2,2,2,6.2,3.6,2,2,2,2,2,2,4.2,3.4,2,3.6,2,2,2,2.4,2,2,4.8,2,3.1,3.6,2,2,2,2.7,4.7,4.2,2
20140815,5,NO2,78.2,50.4,76.5,80.2,81.6,79.3,45.7,28,13,42,20.2,64.3,55.7,68.8,97.9,77.3,59.7,54.9,,12.3,12.8,67.6,43.5,20.2,66,2,25.6,51.9,8,35.7,62.8,75.8,78.6,92.4,98
20140815,5,O3,9,3.5,2,2,2,2,20.1,8.3,46,2,46.7,2,11.2,2,2,2,2,37.3,52.6,80,54.7,4.5,4.6,56.9,8.3,66.1,104.6,2,3.6,7.6,5.7,5.3,2,7.8,2
20140815,5,CO,0.7,0.6,0.6,0.6,0.3,0.8,0.3,0.4,3.8,0.8,0.4,0.7,0.6,0.7,1,0.1,0.7,0.3,0.3,0.6,0.4,0.7,0.3,0.3,0.5,0.6,0.6,0.6,0.3,0.3,0.6,0.7,0.7,0.5,1.2
20140815,6,SO2,3.9,2,2,2,2,2,5.8,2.9,2,2,2,2,2,2,2,3,2,4.3,2,2,2,4,2,5.5,10,2,4,4.3,2,2,2,4.3,2,6.3,2
20140815,6,NO2,80.1,43.7,81.5,68.9,86.9,81.8,55.2,25.8,14.2,41.8,29.9,67.4,63.5,72.5,86,69.7,54.6,32.9,22.1,16.6,13.8,63.5,28.9,16.8,52.6,3.3,29.1,52.2,5,33.6,68.9,89.9,80.9,105.4,99.4
20140815,6,O3,6.9,3.1,2,5.1,2,2,7,2.1,44.3,2,33.5,2,2,2,2,2,5.4,54.6,40.2,64,51.7,7.7,5.1,67.6,23,53.4,112.8,2,2,4,3,2,2,2.1,2
20140815,6,CO,0.8,0.6,0.7,0.6,0.4,0.8,0.3,0.5,2.7,0.8,0.4,0.7,0.7,0.7,0.9,0.1,0.7,0.3,0.3,0.6,0.4,0.7,0.3,0.3,0.6,0.6,0.8,0.5,0.4,0.3,0.6,1.1,0.8,0.7,1.2
20140815,7,SO2,8.8,2,2.6,2,2,2.3,7.5,2.6,2,2,2,2,2,2,2.8,3.8,2,4.3,2,2,2,3.2,3.8,9.2,9.2,2,4,5.4,2,2,2,8.4,2,11.1,2
20140815,7,NO2,83.7,47.7,82.6,70.3,90.7,79.2,71.5,27.5,13.5,40.9,34.2,59.1,60.8,64.6,66.5,71.5,47.9,59.5,32.3,30.5,22.1,45.4,23.8,25.6,38.9,2,62,49,4.1,51,70.8,98.2,81.9,142.3,97.4
20140815,7,O3,13.5,3.9,5.7,6.3,2,2,2,3.2,46.3,2,31.6,6.7,5,2.3,2,2,15.6,24.6,28.1,36.4,43.6,19.1,19.4,54.6,34.5,55.9,25.2,2,2,2,2,2,3.8,2,2
20140815,7,CO,1.1,0.7,0.8,0.7,0.6,0.9,0.5,0.5,1.4,0.8,0.5,0.7,0.7,0.7,0.8,0.1,0.8,0.4,0.4,0.7,0.5,0.7,0.4,0.4,0.7,0.6,0.7,0.6,0.5,0.4,0.8,1.6,0.8,1.4,1.3
20140815,8,SO2,10.2,5.1,6.2,2,2.8,4.5,10.2,3.2,2,2,2,2.1,2,2.4,3.8,8.7,2.9,6.9,2,2.6,3.4,6.6,6.6,18.4,17.4,2,6.3,8.3,2.6,2,2,8.1,13,11.6,2
20140815,8,NO2,87.9,93.7,87.3,85,92.1,76,84,33.6,22.1,39.3,29.2,56.4,41.3,68.4,64.2,84.7,45.4,72.5,30,37,39.1,39.9,27.2,36.4,41,2,59.6,53.6,21.7,71.6,81.7,105.9,88.7,151.1,90.8
20140815,8,O3,20.1,6,11.8,13.1,4.9,10.4,2,12.2,48.2,2,41.1,22.4,25.7,5.1,19.1,3.9,26.6,8.7,29.9,43.6,42.9,40.9,25.9,44.7,27.7,61.9,28.8,3.7,16.9,19.7,3.3,3.7,8.6,2,2.5
20140815,8,CO,1.2,1.2,1,0.9,0.8,1.2,0.7,0.4,1.9,0.8,0.5,0.7,0.5,0.8,0.7,0.1,0.8,0.7,0.4,0.8,0.6,0.7,0.4,0.6,1.1,0.6,0.6,0.6,0.6,0.5,1.1,1.2,0.8,1.6,1.3
20140815,9,SO2,13.4,9,9.6,5.8,2.8,8.8,15.3,3.7,8.3,2,2.5,4.3,2,4.9,6.3,8.5,3.4,8.9,2,3.3,3.2,3.6,17.1,11.6,35.9,2,8.5,8.4,10,2,2,10.7,2.5,7.6,2
20140815,9,NO2,78.3,105.8,90.8,76.4,91.5,66.6,93.2,38.2,23,42.4,44.5,56.7,47,77.1,99.7,96.2,42.3,65.5,28,49.9,25.2,14.2,36.9,44,36.8,2,49.1,43,16.3,61,86,107.5,96.1,155.3,84.4
20140815,9,O3,53,23.1,30.7,58,26.5,45.1,17.8,50,90.8,2,40.7,55.2,34.8,10.2,24.4,15.3,59.8,29,45.8,48.9,74.5,87.9,31.1,36.8,38.6,88.3,66.6,27.2,49.5,60.1,9.6,26.1,21.6,4.6,22.4
20140815,9,CO,1.2,1.2,1.1,1,0.8,1.2,0.9,0.5,0.6,0.9,0.7,0.8,0.6,0.8,1,0.1,1.1,0.7,0.4,0.9,0.5,0.5,0.7,0.5,1.3,0.6,0.6,0.5,0.5,0.5,1.1,1.1,1.1,1.3,1.3
20140815,10,SO2,14.8,13.8,13.3,9.6,2.7,13.2,18.4,4.2,12.9,2,6.9,7.6,2,5.4,9.6,9.3,4.2,13.6,2,6.8,4.3,3.1,19.3,13.7,27.5,2,12.3,6.8,10.9,4.3,9.8,16.2,27.6,7,4.4
20140815,10,NO2,62.2,83.5,61.3,65.2,70.4,59,80.6,32.1,22.8,47.7,46.5,46.3,56.6,92.9,92.2,97.9,32.2,57.1,24.2,33,,9.2,26.6,38.4,30.3,2,38.5,41.2,8.7,31.5,69.3,88.3,76.4,145.6,92.9
20140815,10,O3,78.6,58.1,76.1,80.9,66,81.6,49.2,66.6,92.6,2,71.3,85.6,45.6,28,63,41.4,107.9,55.5,71.2,114.7,99.8,116,52.5,54.1,57.1,111,110.1,44.9,81.2,101,,57.5,59.4,23.5,41.1
20140815,10,CO,1,1.1,1,1,0.9,1.1,0.8,0.6,0.6,1,0.8,0.7,0.7,0.9,1,0.6,1,0.7,0.4,1,0.6,0.4,0.7,0.6,1,0.6,0.9,0.4,0.5,0.3,1,1,0.9,1.1,1.3
20140815,11,SO2,13.7,13.8,10.5,10.6,3.1,16.2,16.8,4.7,10.5,2,11.2,8.6,2,8.8,10.7,11.4,6.8,20.2,2.7,8.6,5.9,,22.7,15.6,22.7,2,9.7,6.8,4.8,4.2,14.2,14.6,25.7,10.3,9.8
20140815,11,NO2,39.5,57.5,55.9,57.3,45.5,49.8,68.1,32.1,21.9,58.3,38.7,42.9,63.8,72.6,48.2,60.4,16.5,52.7,31.4,22,18.7,9.3,22.8,21.2,24.2,2,28.4,48.1,9.7,31.3,53.8,69.4,60,126.7,72.4
20140815,11,O3,105.5,95.1,93.8,105.9,95.4,108.5,60.6,77.2,108.6,2,94.8,96.7,59,88.9,124.3,100.7,139.4,71,90.5,150.3,119.4,124.7,70.3,84.2,81,133.3,155.7,78.1,100.7,113.1,105.6,89.3,79.8,47.8,75.4
20140815,11,CO,0.8,0.8,0.9,0.9,0.6,,0.6,0.6,0.6,1,0.8,0.7,1.4,0.9,0.9,0.4,0.6,0.8,0.5,0.9,0.5,0.4,0.7,0.5,0.8,0.6,0.6,0.5,0.5,0.4,0.8,0.9,0.8,1,1
20140815,12,SO2,13.5,12.2,9.1,9.5,5.6,12.9,17.2,5,10.6,5.8,10.6,8.5,2.4,9.5,11,11.2,6.3,16.9,4.9,4.6,4,2.2,33,9.9,14.9,2,6.1,8.4,3.9,4.6,13.5,12,4.2,15.5,9.5
20140815,12,NO2,27.4,36.8,34.3,38.2,31.1,30,47.1,29.8,26,42.7,36.2,31.9,59.8,60.6,47.9,51.8,12.6,46.8,34,13.9,12.4,7.1,21.2,19.2,22.9,2,24.1,40.7,,32,40.6,50.7,51.6,110.3,48.2
20140815,12,O3,118.1,127,113.5,131.8,112,137.6,83.8,95.1,120.6,65.5,118.7,121.5,83.9,125.9,148.3,130.1,145.4,91.6,104,155.8,135.6,136.5,97.3,98.2,94,147.3,162.6,111.7,132.2,146.6,122.9,120.2,85.1,67,105.3
20140815,12,CO,0.7,0.7,0.7,0.8,0.7,0.7,0.5,0.6,0.6,0.8,0.7,0.6,3.2,0.8,0.9,0.3,0.4,0.7,0.6,0.6,0.4,0.4,0.8,0.4,0.7,0.6,0.4,0.5,0.4,0.4,0.7,0.7,0.6,0.9,0.7
20140815,13,SO2,10.2,10.2,7.9,9,8.4,8.5,15.2,3,9.3,10.3,9.6,8,2,8,8.8,8.4,3.8,14.3,4.4,4.3,2.2,2,21.9,11.3,9.2,2,4.4,8.6,3.8,4.3,9.8,10.8,11.7,13.4,6.1
20140815,13,NO2,16.8,30.7,20.5,25.4,20.9,18.7,27.8,26.1,20,21.1,38.8,16.5,62.9,44.4,33.6,37,8.4,29.8,28.8,13.8,10.3,6,8.3,33.2,28.5,2,22.6,28.7,,22.5,23.5,42.3,41.9,104.4,49.1
20140815,13,O3,122.1,125.6,121.5,146.8,131.5,153.1,105.4,110.1,144.5,132.5,148.5,146.6,110.8,151.2,159.7,153.3,140.8,134.1,124.7,176.5,143.3,135.1,133,121.8,96.9,143.5,175.1,128.3,149.9,168.1,127.2,114.9,104,71.2,104.4
20140815,13,CO,0.5,0.6,0.6,0.6,0.7,0.5,0.4,0.5,0.5,0.7,0.7,0.5,3,0.7,0.7,0.2,0.3,0.6,0.6,0.6,0.4,0.4,0.6,0.6,0.6,0.5,0.4,0.5,0.4,0.3,0.6,0.5,0.6,0.8,0.7
20140815,14,SO2,8.3,7.4,6.5,6.5,7.4,5.8,15.5,3.1,7.1,9.3,8.2,6.6,2,6.5,8,7.3,3.2,12.7,2,4.1,2.1,2,25.1,9.7,7.8,2,4,8.6,3.4,2.8,5.9,7.6,18.8,12.4,2.8
20140815,14,NO2,15.2,15.6,16.3,17.6,21.8,14.4,23.3,17.7,13,17.1,32.1,14.5,49.3,36.1,34,35.9,9.1,22,25.2,13,9.5,4.5,6.8,20.9,27.4,2,21.3,22.7,2,18.1,36.1,34.5,34.9,125.5,55.2
20140815,14,O3,139.9,152,145.7,153.3,140.8,165.9,121,119.5,161.6,160.6,178.2,162.5,165.7,179.3,191.1,190,148.7,167.6,153.8,182.3,143.5,130.3,150,157.6,104.4,131.8,176.3,142.8,161.3,186.5,130.7,133.4,129.1,58.3,113.3
20140815,14,CO,0.5,0.5,0.5,0.5,0.4,0.4,0.3,0.4,0.4,0.6,0.7,0.4,2.8,0.6,0.6,0.1,0.3,0.5,0.6,0.6,0.4,0.3,0.6,0.5,0.5,0.5,0.3,0.5,0.4,0.3,0.5,0.5,0.5,0.9,0.6
20140815,15,SO2,7.7,7.3,5.5,6,6.8,6.5,15.7,4.4,5.6,8.7,6.9,5.3,2,6.4,6.9,5.6,3.2,11.3,2,2.8,2.2,2,21.4,7.1,6.6,2,4.3,9.2,3.3,2,6.2,7.4,5.3,10.5,2.3
20140815,15,NO2,20.3,16.2,22.6,27.9,21.5,19.4,25.7,17.5,13.4,26.7,30.5,27.3,32.8,45.5,40.3,33.8,10.3,21.5,31.9,11.5,10.4,7.5,7.8,17.6,24.3,2,22.3,20.7,4.8,12.9,54.2,42.3,45.3,141.3,36.1
20140815,15,O3,161,183.7,163.5,173.9,152.1,183.5,148.3,134.1,188.3,228.6,220.4,213.9,194.6,246.8,245.8,186,148.9,179.7,184.1,180.3,148.8,131.6,154.1,168.8,107.8,123.4,188.3,155.8,159.6,181.4,140,156.1,139.5,76.7,142
20140815,15,CO,0.5,0.5,0.6,0.6,0.4,0.5,0.4,0.4,0.4,0.8,0.7,0.6,2.7,0.7,0.7,0.1,0.3,0.5,0.7,0.6,0.4,0.4,0.6,0.5,0.5,0.5,0.3,0.5,0.4,0.3,0.6,0.5,0.5,0.8,0.6
20140815,16,SO2,7.7,8.6,5,5.8,7,7.1,14.4,4,4.6,7.6,5.5,4.3,2,5.2,5.8,5.6,4.1,9.3,2,2.5,2.2,2,13.6,5.5,8.9,2,4.6,7.5,3.1,2.5,8.7,7.4,7.3,10.6,5.7
20140815,16,NO2,26.7,27.5,34.9,43.4,26.7,30.5,47.4,22.1,22,25.1,17.1,28.6,27.7,29.2,31.9,35.5,13.2,21.5,21.5,11.7,13.2,9.1,18.8,20.9,42,2,23.6,20.5,2,13.4,70.6,54.5,69.9,158.6,71.6
20140815,16,O3,202.7,250.3,227,245.7,177.6,238.5,205.3,164.5,247.2,256.1,210.1,226.6,180.9,256.2,274.1,210.9,163.9,178.1,174.7,186.7,148.6,134.3,133.9,168.5,99.9,122.7,193.6,164.5,173.1,187,202.7,222.8,169.9,124.6,161.1
20140815,16,CO,0.6,0.7,0.7,1,0.4,0.6,0.5,0.5,0.5,0.7,0.5,0.5,2.5,0.6,0.7,0.1,0.3,0.4,0.5,0.5,0.3,0.4,0.6,0.5,0.6,0.5,0.3,0.5,0.4,0.3,0.8,0.7,0.7,1,1
20140815,17,SO2,7.1,6.7,3.3,4.3,5.4,7.2,9.8,3.3,2.9,5.7,5,3.3,2,2.1,4.6,6.3,5.5,7.5,2,3.2,3.1,2.1,11.3,3.4,11.1,2,4.4,6.5,3.5,2,8.7,7.4,24.3,8.7,3.9
20140815,17,NO2,33.1,27.9,31.1,42.6,47,42.2,44.2,26.3,14.9,25.9,15.2,23.7,35.4,21.8,26.3,37.2,16.9,25.3,21,15,20,9.7,13.4,17.8,32.6,2,22,19.6,2.3,12.5,73.7,52.9,80.8,119.5,66
20140815,17,O3,239.2,262.1,209.5,222.3,238,300.6,185.6,173.8,211.5,191.1,184.4,194.3,164.5,200,266,239.4,175.1,182,163.5,181,156.5,141.7,140.2,160.5,120,136.9,184.1,175.2,179.7,155.8,213.6,226.5,174.3,144.8,230.2
20140815,17,CO,0.7,0.6,0.6,0.9,0.5,0.7,0.4,0.5,0.4,0.6,0.4,0.5,2.5,0.4,0.6,0.1,0.3,0.4,0.5,0.5,0.4,0.3,0.5,0.5,0.7,0.5,0.3,0.5,0.4,0.3,0.7,0.6,0.7,0.8,1.1
20140815,18,SO2,4.8,4.7,2.4,3.1,3.5,3.5,7.7,3.1,2.7,5.8,4.1,3.4,2,2.2,2.9,5,5.5,5.9,2,3.3,3.7,3.8,10.4,3.9,6.9,2,4.5,5.9,2.2,2,6.2,4.6,23,8.9,7.2
20140815,18,NO2,24.3,19.6,25.5,29.5,33.8,30.4,42.5,29.4,17.3,27.9,19.9,27.1,35.8,28.6,22.2,44.5,26.3,32.2,23,19,24.7,14.9,12.4,15.6,21.8,2,23.2,22.2,3.5,11.6,76.3,46.6,81.7,128,71.1
20140815,18,O3,179.7,194.3,183.6,184.5,170.1,222.6,158.5,133.7,198.4,176.7,153.3,172.1,133.2,170.6,205.1,249.4,176.1,167.7,169.5,165.3,173.3,163.9,138.9,161.2,170.4,151.8,194.1,166.2,154,148.9,142.9,166.3,129.6,83.9,165.1
20140815,18,CO,0.5,0.5,0.5,0.7,0.4,0.5,0.4,0.4,0.4,0.6,0.5,0.5,2.5,0.4,0.4,0.2,0.5,0.5,0.5,0.5,0.4,0.4,0.5,0.5,0.7,0.5,0.3,0.5,0.4,0.3,0.5,0.5,0.6,0.8,0.8
20140815,19,SO2,4.1,4,2,2.1,2.1,2,8.2,4,2.2,4.6,3.1,3.1,2,2,2.5,3.3,4.2,4.9,2,4.5,4.3,4.1,8.2,2.9,3.9,2.5,4.7,6.4,2,2,7.1,3.2,15.3,7.9,4.5
20140815,19,NO2,30.1,19.9,37.1,36.7,55,45.5,56,33.3,30.5,35.8,28.2,35.8,48.3,33.4,30.2,43.6,44.9,44.3,43.7,30.8,32.9,26.8,17.7,19.6,37.3,2,29.1,33,4.8,13.7,83.6,57.2,84.4,149.1,71.2
20140815,19,O3,156,172.7,146.6,154.2,136.4,161.3,119.6,130.9,151.2,138.4,130.6,141.7,108.8,159.9,178.2,188.5,134,173.7,116.8,160.2,195.5,177.5,187.8,159.9,189.3,166.6,182.9,113.9,121.7,128.2,125.5,148.8,104,58.4,106.6
20140815,19,CO,0.6,0.5,0.6,0.8,0.4,0.6,0.4,0.5,0.4,0.5,0.5,0.6,2.7,0.5,0.5,0.1,0.5,0.6,0.5,0.6,0.5,0.4,0.6,0.5,0.7,0.5,0.3,0.4,0.5,0.3,0.6,0.5,0.6,0.8,0.9
20140815,20,SO2,4.4,4.4,2,2,2.9,2.5,8.4,4,2,5.8,2.8,3,2,2,3.7,3.1,4.2,5,2,4.6,3.3,5.2,6.3,2,3.2,2.8,3.1,5.1,2,2,6.4,5,4.1,8.3,4.9
20140815,20,NO2,33.7,30.3,42.7,50.8,47.8,52.2,64.4,40.8,27.9,50.2,48.5,48.8,83.2,48.7,57.7,59.3,54.5,44.1,49.3,36.4,42.6,39.8,37.6,21.2,84.5,4.3,28.5,50.5,16.3,20.4,83.9,59.4,100,165.3,34.7
20140815,20,O3,140.8,149.7,124.5,124.6,119.4,156.2,98,97,129.6,114.3,94.5,115.7,70.2,128.5,127.3,128,101.3,170.4,98.1,132.2,170.3,219.2,182,147.5,114.3,169.4,169.5,61.9,63.2,79,110.4,124.7,68.5,27.4,145.2
20140815,20,CO,0.6,0.5,0.6,1,0.4,0.6,0.5,0.5,0.9,0.6,0.6,0.6,2.8,0.6,0.7,0.1,0.6,0.6,0.5,0.7,0.6,0.7,0.6,0.5,0.7,0.5,0.3,0.5,0.6,0.3,0.6,0.6,0.8,1,0.7
20140815,21,SO2,4.9,4.3,2.3,2,2,2.8,8,3.4,2,6.5,2,2.6,2,3.7,5.6,2.8,5.7,4.2,2,2.5,2.4,5.5,4.9,2,2.9,4.1,4.2,4.8,2,2,6,4.8,16.1,6.3,4.5
20140815,21,NO2,43.4,45.5,42.5,62.4,58,51.9,78.6,45.1,34.6,56.6,36.6,55.9,76.4,56.1,72.3,77.4,63.1,49.7,86.9,33,39,55.7,53.2,21.4,107.8,6.3,31.5,49.8,6,24.8,105.4,70.9,77.4,145.4,40
20140815,21,O3,115.6,109.5,118.1,97.4,100.3,136.4,72.4,68.7,107.4,93.6,89.4,90.5,62.4,98.3,98.2,91.3,78.1,131.6,42.3,110.5,153,168.9,132.6,122.8,63.7,179.2,172.2,39.7,46.9,75.1,66,94.1,79.8,29.7,126.7
20140815,21,CO,0.7,0.7,0.7,1,0.4,0.6,0.6,0.5,1.4,0.7,0.5,0.6,2.8,0.6,0.8,0.1,0.7,0.7,0.5,0.7,0.7,0.9,0.6,0.5,0.7,0.7,0.4,0.4,0.5,0.3,0.8,0.7,0.7,1,0.8
20140815,22,SO2,5.6,3,2.6,2,2,3.6,9.8,2.8,2,7.4,2,2.2,2,5.2,5.9,3.3,10.1,4,2,2,2.8,5.2,4,2,2.6,4.8,4.9,7.4,2,2,6.7,5.4,12.1,5.5,2
20140815,22,NO2,68.4,61.9,55,68.7,64.7,55.3,81.2,65.8,27.8,89.8,28.6,70.9,99.8,54.6,63.2,112,64,38,75.8,23.7,69.7,67,79,20.8,98.7,6.5,28.8,55.8,9.6,28.7,111.2,93.4,114.5,137.2,44.4
20140815,22,O3,77.6,53.5,90.5,68.3,82.7,112.1,56.8,41.5,87.7,39.2,85.2,59.5,24.1,89.2,95.8,43.9,72.5,123.1,38.9,102,83.1,113.6,68.5,117.7,64.6,191.5,165.3,29.7,32.2,50.2,45.9,56.7,36.6,24.6,102.8
20140815,22,CO,0.9,0.8,0.7,0.8,0.4,0.7,0.6,0.7,2.6,0.8,0.5,0.7,3,0.6,0.8,0.2,0.7,0.6,0.5,0.7,0.8,0.8,0.7,0.5,0.6,0.7,0.4,0.5,0.5,0.3,0.9,0.8,0.9,1.1,0.9
20140815,23,SO2,5.9,3,2.5,2,2,3.6,9.1,3.6,2,6.5,2,2.6,2,4,5.2,7.4,12.5,3.6,2,2,2.4,6.7,5.2,2,2,2,4.3,4.6,2,2,6.3,5.2,4.3,4.3,3.6
20140815,23,NO2,52.9,60.1,67.2,66.7,64.8,76.4,95.6,68.1,21.3,111.7,19.7,108.2,84.9,57.5,60.6,146.3,55.2,29.9,46.5,18.3,39,63.9,36.7,19,35.3,2.9,25.3,52.5,21.9,24,95.2,85.1,97,99,87.3
20140815,23,O3,81.9,50.4,62,52.5,71.7,79.4,26.3,29.1,100.8,2,83.7,11.6,21,77.8,82,2,83.7,120.4,50.1,106.3,91.1,99.3,92.1,109.8,98.9,128.4,152,17,20.2,37.2,52.6,59.8,38.6,48.5,59.6
20140815,23,CO,0.8,0.7,0.7,0.8,0.5,0.7,0.6,0.7,2.5,0.8,0.5,1,3,0.7,0.8,0.5,0.7,0.5,0.5,0.7,0.7,0.8,0.6,0.5,0.6,0.6,0.3,0.5,0.6,0.3,0.8,0.7,0.8,0.8,1
