date,hour,type,dongsi,tiantan,guanyuan,wanshouxigong,aotizhongxing,nongzhanguan,wanliu,beibuxingqu,zhiwuyuan,fentaihuayuan,yungang,gucheng,fangshan,daxing,yizhuang,tongzhou,shunyi,changping,mengtougou,pinggu,huairou,miyun,yanqing,dingling,badaling,miyunshuiku,donggaocun,yongledian,yufa,liulihe,qianmeng,yongdingmengxi,xizhimengbei,nansanhuan,dongsihuan
20140329,0,PM2.5,215,172,154,174,204,195,166,151,,192,190,185,209,201,161,200,186,3,168,251,175,236,17,15,16,206,204,159,241,219,,202,191,229,215
20140329,0,PM10,228,186,182,191,250,187,221,126,,219,244,304,242,262,188,218,210,9,220,275,190,266,36,43,19,228,221,168,279,332,,185,170,132,295
20140329,0,AQI,177,183,162,166,168,187,166,157,,182,178,175,178,180,196,205,186,132,170,224,172,204,31,131,127,166,210,221,216,205,,178,177,188,189
20140329,1,PM2.5,179,165,131,168,121,177,131,104,77,196,176,168,203,197,159,181,182,12,162,253,151,232,17,13,17,201,200,160,208,220,,201,119,220,231
20140329,1,PM10,172,190,53,183,49,190,12,30,27,249,216,180,250,231,183,195,202,22,189,268,168,265,56,41,37,180,223,175,226,297,,177,81,100,278
20140329,1,AQI,179,186,161,168,166,190,165,154,145,185,179,173,179,184,197,206,188,125,171,229,174,205,26,124,121,169,213,220,219,204,,182,176,193,195
20140329,2,PM2.5,72,118,44,91,54,100,35,22,24,114,161,117,175,156,178,199,182,14,110,216,151,221,19,15,22,111,202,187,208,189,,109,44,118,94
20140329,2,PM10,33,115,5,5,5,94,5,5,38,131,187,5,154,148,164,210,201,21,48,251,125,242,60,48,39,5,231,169,193,216,,5,5,5,5
20140329,2,AQI,175,185,155,166,161,188,158,146,141,183,179,170,180,186,198,206,189,118,168,231,175,206,19,117,115,166,216,220,222,202,,180,170,192,193
20140329,3,PM2.5,25,31,7,17,5,23,24,17,19,48,69,19,106,60,65,167,188,12,27,220,97,232,22,15,22,23,189,159,186,105,,24,23,23,27
20140329,3,PM10,32,56,15,11,9,50,5,34,36,86,93,23,38,78,39,162,211,35,15,235,86,190,45,57,51,18,206,173,174,5,,14,25,5,26
20140329,3,AQI,167,178,147,158,153,180,152,139,135,178,173,163,177,181,191,205,191,112,161,233,171,209,14,112,109,158,217,218,223,196,,173,163,184,185
20140329,4,PM2.5,17,17,7,17,22,13,17,17,20,13,27,19,38,21,23,157,159,19,18,177,96,75,21,18,23,140,211,178,150,34,,21,20,21,17
20140329,4,PM10,38,68,20,34,31,53,26,35,41,67,78,24,18,56,33,168,126,39,45,199,79,70,63,64,56,194,181,154,165,5,,25,36,94,32
20140329,4,AQI,158,168,140,150,146,171,146,133,129,169,167,155,170,172,181,203,189,108,153,234,168,204,18,105,104,158,220,217,222,187,,164,156,175,176
20140329,5,PM2.5,17,21,22,15,22,15,26,20,20,22,19,17,25,16,22,153,93,16,22,198,36,72,28,21,21,84,168,111,140,3,,20,19,21,20
20140329,5,PM10,41,85,25,39,44,64,63,41,51,81,86,36,30,51,43,147,82,57,60,209,48,111,76,68,51,45,183,113,149,24,,27,41,5,47
20140329,5,AQI,149,157,133,142,139,160,139,128,125,160,159,148,163,162,170,201,184,104,147,236,162,201,8,98,97,154,221,212,219,177,,155,147,167,165
20140329,6,PM2.5,17,20,23,13,24,21,20,20,26,22,22,16,39,26,23,79,51,19,22,171,39,38,30,22,25,26,147,99,116,66,,19,21,20,16
20140329,6,PM10,73,98,38,50,44,77,63,57,64,93,98,43,68,67,54,49,68,55,66,204,52,65,87,79,59,31,157,79,114,274,,39,56,84,58
20140329,6,AQI,141,146,126,134,132,150,132,123,119,151,151,142,155,152,159,193,177,99,140,236,156,196,68,91,91,147,221,207,216,172,,146,140,158,155
20140329,7,PM2.5,21,20,23,16,26,27,,22,24,23,27,23,30,23,27,48,48,21,21,205,23,27,34,18,25,23,159,104,93,193,,24,19,13,31
20140329,7,PM10,84,80,50,66,59,92,69,66,70,103,112,75,69,80,76,63,58,67,78,226,56,63,100,79,84,38,198,111,74,315,,57,69,18,116
20140329,7,AQI,134,138,121,126,127,143,131,118,113,144,144,136,148,143,148,185,170,95,135,237,149,184,68,85,84,141,221,202,211,173,,138,132,148,147
20140329,8,PM2.5,23,25,21,22,26,20,,24,24,24,27,26,29,22,37,36,36,21,24,212,23,30,29,22,29,24,154,101,100,229,,27,24,25,32
20140329,8,PM10,83,98,56,67,59,85,71,81,75,117,124,83,98,96,86,65,61,68,88,261,60,65,83,80,91,35,164,130,110,307,,59,69,119,91
20140329,8,AQI,127,132,115,119,122,136,128,114,107,137,139,131,141,135,140,175,162,90,129,239,143,175,68,80,78,135,220,196,205,175,,132,126,140,140
20140329,9,PM2.5,19,23,25,22,28,22,17,30,25,28,26,24,24,22,31,34,34,20,22,175,25,29,29,23,23,22,140,146,77,197,,23,26,25,28
20140329,9,PM10,79,100,55,58,67,94,85,72,77,118,127,71,96,93,78,67,52,58,120,203,54,62,66,65,51,47,162,224,54,87,,63,77,5,91
20140329,9,AQI,122,124,111,112,118,128,122,111,103,131,132,124,135,129,134,166,155,86,123,238,138,166,68,77,74,129,219,192,198,176,,125,119,134,134
20140329,10,PM2.5,23,20,27,20,25,19,24,23,24,26,24,21,21,25,28,28,26,21,24,157,23,29,28,21,25,19,81,110,36,26,,23,27,21,26
20140329,10,PM10,79,82,51,56,59,83,78,48,65,118,108,65,103,84,69,56,41,53,92,175,62,54,94,63,64,25,29,174,88,62,,58,67,23,80
20140329,10,AQI,115,116,106,105,110,120,114,105,98,124,125,116,128,123,128,158,150,80,118,236,131,158,68,77,71,122,216,186,189,167,,118,111,127,128
20140329,11,PM2.5,18,23,23,18,25,19,24,20,23,25,21,20,19,23,29,26,4,17,25,38,21,14,34,19,27,3,45,70,44,29,,24,23,26,24
20140329,11,PM10,55,75,42,46,47,62,52,39,51,92,81,43,64,71,52,45,14,50,69,28,42,33,67,55,58,14,6,123,101,77,,44,51,5,54
20140329,11,AQI,110,110,100,102,106,114,107,96,93,118,120,110,123,118,123,154,144,76,112,229,124,152,68,76,69,117,212,182,183,160,,113,104,121,122
20140329,12,PM2.5,19,23,25,19,23,18,20,20,23,22,22,24,29,22,22,20,3,18,22,6,22,3,29,20,26,11,38,53,37,23,,23,24,27,24
20140329,12,PM10,45,84,37,44,38,59,31,31,43,88,77,41,49,62,43,22,10,48,66,22,5,20,63,53,54,5,13,87,86,42,,43,45,5,46
20140329,12,AQI,106,107,95,100,101,110,101,90,89,113,115,106,118,114,120,152,140,72,107,222,119,148,67,75,66,114,206,180,179,156,,108,99,117,117
20140329,13,PM2.5,21,20,27,22,25,25,11,20,28,27,24,22,25,24,24,21,3,21,22,9,6,3,32,19,29,3,45,45,40,25,,16,25,30,21
20140329,13,PM10,37,85,29,35,44,61,28,41,54,82,79,44,68,63,39,12,12,49,69,10,9,14,68,59,68,5,15,82,77,42,,27,44,14,51
20140329,13,AQI,103,106,91,97,98,107,96,84,86,109,110,102,115,111,117,150,137,70,103,219,117,144,66,73,65,111,202,178,176,151,,104,95,114,114
20140329,14,PM2.5,16,24,27,19,25,25,25,23,23,21,26,26,29,23,20,12,3,24,25,27,5,3,38,22,34,3,32,44,40,29,,24,24,26,26
20140329,14,PM10,31,74,32,38,34,73,29,41,57,83,81,47,51,64,44,25,15,50,69,6,12,15,86,64,65,5,11,89,79,50,,33,41,5,54
20140329,14,AQI,101,104,89,95,96,105,94,80,83,106,107,99,113,109,115,148,135,67,99,214,115,141,66,72,64,108,199,175,175,148,,102,94,112,114
20140329,15,PM2.5,18,19,24,20,24,24,21,27,26,23,21,23,30,30,24,27,3,28,27,5,23,3,34,25,30,3,9,39,39,23,,26,24,29,28
20140329,15,PM10,78,84,42,47,32,71,56,57,67,89,88,57,52,69,58,28,17,76,74,20,34,21,62,69,51,5,19,88,75,49,,37,46,33,54
20140329,15,AQI,99,103,87,93,96,104,91,78,81,104,103,96,111,107,113,145,132,65,95,207,113,139,65,71,62,105,189,170,172,145,,102,91,110,113
20140329,16,PM2.5,24,23,22,17,25,23,19,22,33,21,26,25,23,26,23,14,18,28,18,3,26,8,32,29,31,14,3,34,34,29,,25,27,29,23
20140329,16,PM10,56,71,40,48,42,70,57,32,58,89,88,47,58,72,45,25,28,75,37,17,75,23,42,72,38,5,27,78,81,53,,39,51,5,56
20140329,16,AQI,98,101,85,92,94,103,90,75,79,102,101,94,109,105,110,141,130,65,92,199,110,136,62,70,59,104,177,163,170,141,,100,91,108,111
20140329,17,PM2.5,23,26,32,24,27,24,11,21,23,28,24,9,29,24,30,14,21,27,19,3,22,9,23,24,4,3,3,27,39,33,,20,26,37,29
20140329,17,PM10,53,55,37,38,39,71,32,18,39,79,81,11,68,74,61,28,31,45,22,10,32,20,33,62,20,5,26,74,81,50,,32,43,756,60
20140329,17,AQI,95,98,83,90,92,99,87,73,77,101,99,91,107,102,106,134,125,63,88,187,108,130,61,68,57,101,166,156,167,138,,97,90,106,107
20140329,18,PM2.5,23,21,28,24,28,20,18,24,19,28,27,32,31,18,26,23,24,9,11,16,25,21,19,24,17,16,3,31,38,23,,23,25,34,25
20140329,18,PM10,44,69,30,30,34,60,38,15,22,77,105,109,91,79,64,41,30,11,16,5,52,26,42,39,32,5,13,85,79,69,,28,40,5,58
20140329,18,AQI,90,93,80,85,88,93,83,72,74,97,96,89,105,98,100,128,117,61,85,179,103,124,60,65,54,98,160,150,162,134,,92,86,101,101
20140329,19,PM2.5,31,31,36,25,29,26,25,14,21,34,32,45,35,31,30,39,20,24,33,3,27,14,18,19,19,15,3,33,32,36,,31,31,42,32
20140329,19,PM10,91,111,84,95,54,72,117,10,55,132,138,159,105,95,80,112,45,34,142,14,81,29,61,44,35,22,10,110,106,100,,96,90,66,122
20140329,19,AQI,85,88,75,79,82,87,78,70,71,91,93,85,101,92,94,124,109,57,82,172,94,113,60,62,53,93,154,143,153,132,,86,80,96,95
20140329,20,PM2.5,36,36,38,35,39,34,37,16,28,48,41,55,40,38,39,40,32,31,35,33,32,22,32,19,15,4,17,56,35,55,,46,38,56,33
20140329,20,PM10,118,105,123,106,120,108,129,36,90,174,170,223,130,108,98,90,68,82,134,58,97,88,87,45,37,14,23,142,100,149,,100,114,180,105
20140329,20,AQI,79,81,69,74,77,81,72,64,65,89,90,80,95,87,88,116,102,54,77,165,86,104,59,58,52,82,148,136,144,129,,81,75,91,90
20140329,21,PM2.5,46,55,43,47,45,43,42,33,37,55,54,58,59,46,49,47,48,38,40,34,36,3,48,17,16,21,28,73,47,60,,69,43,64,40
20140329,21,PM10,124,124,144,122,125,113,149,116,91,209,190,243,177,125,110,133,111,127,169,59,93,160,62,53,34,56,60,150,159,197,,139,125,111,101
20140329,21,AQI,72,78,63,68,71,74,65,58,60,88,90,75,91,82,81,108,97,52,75,158,80,95,57,55,48,74,137,130,134,123,,77,68,85,82
20140329,22,PM2.5,55,61,49,49,53,51,55,43,35,67,61,66,68,55,67,59,45,32,44,52,42,30,51,22,19,18,38,84,66,73,,69,53,55,51
20140329,22,PM10,158,138,142,131,152,136,182,176,97,214,220,225,212,153,141,152,116,44,165,131,77,153,101,37,20,22,89,169,184,218,,150,151,5,119
20140329,22,AQI,68,76,59,62,64,72,64,54,59,88,90,75,85,78,74,101,90,49,73,148,74,88,58,54,47,67,128,125,125,117,,72,63,79,75
20140329,23,PM2.5,54,59,59,58,55,53,59,40,37,72,71,78,63,66,72,86,54,24,47,71,32,42,60,24,3,27,44,83,71,80,,64,58,68,78
20140329,23,PM10,162,146,171,165,170,155,207,42,102,208,272,356,166,179,153,179,110,36,174,146,60,102,105,47,11,5,92,171,176,199,,154,168,202,147
20140329,23,AQI,67,75,56,61,59,71,64,51,57,88,91,78,78,77,69,95,82,50,72,138,66,79,60,54,47,59,119,120,116,110,,66,61,72,70
