date,hour,type,dongsi,tiantan,guanyuan,wanshouxigong,aotizhongxing,nongzhanguan,wanliu,beibuxingqu,zhiwuyuan,fentaihuayuan,yungang,gucheng,fangshan,daxing,yizhuang,tongzhou,shunyi,changping,mengtougou,pinggu,huairou,miyun,yanqing,dingling,badaling,miyunshuiku,donggaocun,yongledian,yufa,liulihe,qianmeng,yongdingmengxi,xizhimengbei,nansanhuan,dongsihuan
20141108,0,PM2.5,36,33,45,49,40,42,63,106,62,68,72,52,69,57,69,111,82,55,56,89,45,70,69,58,59,50,65,81,60,61,53,47,47,50,45
20141108,0,PM10,55,35,,53,,,67,119,65,71,,64,99,64,75,130,110,72,62,107,53,74,74,69,64,57,80,92,64,68,,55,56,65,
20141108,0,AQI,,,,,,,,,,,,,,,,,,,,,,,,,,,,,,,,,,,
20141108,1,PM2.5,38,36,55,50,66,44,71,94,64,71,65,52,84,72,69,117,95,55,58,98,49,69,77,58,60,43,65,81,60,70,45,49,101,56,51
20141108,1,PM10,,,,,68,,104,,75,77,69,57,99,77,77,123,135,73,60,108,55,70,,66,68,52,85,87,68,79,50,,,63,55
20141108,1,AQI,,,,,,,,,,,,,,,,,,,,,,,,,,,,,,,,,,,
20141108,2,PM2.5,40,39,74,57,90,50,70,86,68,74,63,57,110,75,75,92,96,55,56,76,43,58,69,56,61,38,59,89,65,91,58,60,104,58,67
20141108,2,PM10,51,,85,59,100,,99,,78,,67,60,,76,80,97,111,70,57,78,52,60,,61,77,52,62,95,66,115,,,155,66,
20141108,2,AQI,,,,,,,,,,,,,,,,,,,,,,,,,,,,,,,,,,,
20141108,3,PM2.5,68,42,80,64,79,62,75,89,58,75,58,50,97,93,91,79,70,49,51,71,42,50,73,52,66,40,56,89,58,92,88,61,107,70,84
20141108,3,PM10,84,54,93,66,101,,97,,67,77,70,,104,101,95,81,,60,51,72,49,53,75,56,77,47,57,94,62,119,,,143,75,86
20141108,3,AQI,,,,,,,,,,,,,,,,,,,,,,,,,,,,,,,,,,,
20141108,4,PM2.5,62,66,84,78,88,74,75,101,59,67,60,54,84,91,92,105,71,51,51,59,42,46,68,58,68,42,56,98,61,82,99,91,105,76,88
20141108,4,PM10,70,74,88,90,106,76,96,,64,77,64,,,97,97,,93,61,,,48,,,,85,49,60,106,61,98,,,119,,
20141108,4,AQI,,,,,,,,,,,,,,,,,,,,,,,,,,,,,,,,,,,
20141108,5,PM2.5,58,62,77,77,79,71,79,101,58,64,62,49,76,83,92,125,56,50,50,53,44,49,57,53,69,40,57,90,68,81,95,91,86,81,89
20141108,5,PM10,76,69,78,90,85,74,100,,62,68,65,56,,85,96,126,67,65,,,48,50,57,58,79,53,60,96,68,91,,,135,,91
20141108,5,AQI,,,,,,,,,,,,,,,,,,,,,,,,,,,,,,,,,,,
20141108,6,PM2.5,54,63,72,70,74,64,75,91,60,60,50,53,88,82,88,110,55,58,46,47,43,54,60,50,77,39,56,88,73,76,84,84,88,80,85
20141108,6,PM10,117,70,80,86,87,71,97,,,73,50,58,93,88,91,,71,74,48,,51,,,60,89,54,,90,78,,87,,112,,86
20141108,6,AQI,,,,,,,,,,,,,,,,,,,,,,,,,,,,,,,,,,,
20141108,7,PM2.5,53,65,76,70,70,65,76,100,58,62,52,51,102,81,85,81,50,59,49,58,44,,55,57,74,35,54,93,70,78,82,83,80,80,84
20141108,7,PM10,74,71,82,85,78,75,98,,,75,56,61,122,95,,,72,85,51,66,51,,58,61,86,47,,,74,,92,93,124,109,84
20141108,7,AQI,,,,,,,,,,,,,,,,,,,,,,,,,,,,,,,,,,,
20141108,8,PM2.5,53,64,66,72,69,62,73,104,60,74,62,59,84,77,79,61,44,75,47,74,46,,61,70,75,39,53,96,93,80,96,91,83,88,88
20141108,8,PM10,111,84,85,101,84,82,123,113,64,141,74,86,93,108,93,66,59,119,59,106,58,,66,76,83,52,61,116,116,100,110,124,141,141,111
20141108,8,AQI,,,,,,,,,,,,,,,,,,,,,,,,,,,,,,,,,,,
20141108,9,PM2.5,58,72,65,78,70,82,70,105,63,78,72,57,81,88,95,67,56,98,46,75,40,63,74,99,71,35,56,120,95,111,68,76,76,103,97
20141108,9,PM10,106,103,88,90,75,105,148,151,,109,92,74,117,125,121,79,83,174,62,94,,75,88,111,72,46,72,152,131,164,92,82,124,157,121
20141108,9,AQI,,,,,,,,,,,,,,,,,,,,,,,,,,,,,,,,,,,
20141108,10,PM2.5,56,62,65,72,73,80,64,103,63,78,102,59,80,106,78,64,64,105,58,93,35,56,101,96,70,36,66,120,111,100,84,77,76,96,96
20141108,10,PM10,97,89,83,98,84,103,82,,81,101,122,88,90,109,,74,,139,68,116,,65,115,104,,46,72,127,124,142,91,96,120,139,104
20141108,10,AQI,,,,,,,,,,,,,,,,,,,,,,,,,,,,,,,,,,,
20141108,11,PM2.5,57,63,70,74,72,83,62,87,64,77,79,61,79,125,75,77,52,93,70,84,31,49,99,87,67,36,64,111,84,84,86,82,81,97,92
20141108,11,PM10,93,89,71,94,88,94,79,96,81,101,93,,93,151,96,79,,144,90,91,53,50,,101,,44,,126,,,,87,100,102,
20141108,11,AQI,61,64,73,76,79,73,76,118,80,81,78,71,92,92,87,95,80,81,77,95,56,81,85,81,84,57,67,94,80,94,85,81,90,85,83
20141108,12,PM2.5,62,73,67,78,77,75,69,74,77,79,79,67,83,91,90,71,50,71,69,59,43,37,88,84,62,27,59,95,75,83,88,86,76,94,85
20141108,12,PM10,80,83,68,97,78,85,77,,87,84,88,80,91,,102,78,54,91,75,,49,,,87,,36,,109,,89,89,,87,104,126
20141108,12,AQI,61,65,74,78,80,74,77,119,81,83,80,72,93,94,89,97,81,83,78,96,57,81,87,83,86,57,69,96,82,94,87,82,92,88,84
20141108,13,PM2.5,66,76,73,76,76,75,66,82,77,86,68,70,73,83,107,88,50,67,67,50,28,30,80,78,46,23,49,91,77,74,101,91,76,94,85
20141108,13,PM10,90,83,,95,,78,74,,85,103,79,75,90,,,,,70,67,,,,,,47,23,,98,,,,,86,103,
20141108,13,AQI,62,67,76,79,81,75,78,120,82,85,81,74,94,96,93,98,82,85,79,97,57,82,89,85,86,57,70,99,85,93,90,84,93,90,86
20141108,14,PM2.5,65,79,73,81,69,91,72,77,87,86,68,64,72,74,97,88,40,67,70,42,32,21,67,69,37,27,41,89,78,68,92,96,80,100,89
20141108,14,PM10,72,97,76,97,,,82,,90,92,76,,,77,98,88,41,68,75,,42,30,,,,,,91,,69,,97,96,121,
20141108,14,AQI,63,69,78,81,82,78,79,121,84,86,81,75,94,97,96,101,82,86,80,98,57,81,90,86,85,57,71,102,87,95,95,87,95,92,88
20141108,15,PM2.5,,81,78,77,77,93,73,79,86,73,66,61,75,68,83,103,56,60,67,35,40,,62,76,24,29,31,93,74,73,100,93,80,96,94
20141108,15,PM10,,99,79,97,83,105,86,82,,78,76,78,78,,85,,94,69,71,37,60,,,,32,,,,,78,,,106,104,
20141108,15,AQI,,72,80,83,83,81,81,122,85,88,82,76,95,99,99,104,82,87,81,98,58,,91,88,84,56,71,105,90,95,96,90,97,95,91
20141108,16,PM2.5,62,58,65,73,77,91,62,78,72,65,71,55,69,71,84,102,59,64,62,35,54,32,25,75,17,22,30,81,74,68,84,78,78,81,97
20141108,16,PM10,86,86,67,90,87,100,76,,80,71,,70,82,,,103,80,75,71,44,80,38,,,31,28,48,,,88,,86,104,102,
20141108,16,AQI,68,74,83,86,86,84,83,122,87,90,84,77,97,100,102,108,83,88,82,98,59,81,91,89,81,56,71,108,91,97,97,93,100,97,95
20141108,17,PM2.5,53,63,62,67,70,79,63,75,71,69,63,62,68,69,70,86,63,69,66,36,62,37,16,75,24,30,44,74,77,69,79,74,74,73,82
20141108,17,PM10,81,75,,83,81,92,84,83,78,78,69,81,84,75,74,,93,82,78,48,92,55,26,87,31,50,65,,,89,,75,91,96,89
20141108,17,AQI,70,75,84,87,88,87,84,123,88,91,85,78,98,101,104,111,84,89,82,98,61,81,89,90,79,56,71,111,93,98,100,94,98,99,98
20141108,18,PM2.5,61,62,66,76,66,74,66,78,79,79,65,69,74,76,78,79,82,70,73,49,70,48,23,80,21,40,53,80,77,81,98,81,76,88,77
20141108,18,PM10,98,75,71,109,78,85,98,97,79,108,87,101,115,80,83,85,119,93,87,75,100,93,30,89,29,57,65,,,116,104,94,113,122,
20141108,18,AQI,71,77,86,89,89,88,86,124,89,93,86,79,100,103,106,114,86,91,83,97,62,81,88,91,77,56,72,113,94,100,103,96,100,101,100
20141108,19,PM2.5,72,61,79,92,72,90,72,77,76,106,83,88,105,82,86,87,84,97,82,74,77,74,46,95,18,42,68,90,77,106,109,93,89,94,83
20141108,19,PM10,135,79,87,132,88,109,99,122,,139,107,124,165,83,96,97,131,132,124,92,133,141,56,110,27,60,87,,80,139,125,118,123,136,91
20141108,19,AQI,73,78,87,91,90,91,87,124,90,96,88,81,103,104,107,116,88,92,85,98,64,81,87,93,75,56,73,116,96,103,105,98,102,103,102
20141108,20,PM2.5,83,74,86,101,77,92,75,96,70,125,99,91,106,84,96,103,90,97,98,99,77,107,49,89,21,45,82,109,90,103,113,96,89,102,90
20141108,20,PM10,135,92,96,132,94,116,108,,71,168,122,114,141,,98,106,130,113,130,122,86,163,74,95,31,62,102,,,127,124,106,129,116,103
20141108,20,AQI,75,79,89,94,92,93,89,123,91,100,91,82,106,105,109,118,89,93,85,96,66,80,86,95,73,55,75,120,98,106,108,101,104,106,104
20141108,21,PM2.5,75,80,78,97,74,90,83,116,66,118,112,101,100,101,101,107,88,78,94,123,78,128,69,88,18,38,81,108,99,115,114,98,91,106,97
20141108,21,PM10,116,89,91,115,94,104,118,119,,139,121,128,117,105,101,113,148,94,118,159,101,137,84,,27,60,90,,101,133,,102,127,118,
20141108,21,AQI,77,82,92,96,94,95,92,123,91,103,95,85,109,108,111,120,89,93,86,95,67,80,87,96,71,54,77,122,101,109,111,104,107,109,107
20141108,22,PM2.5,75,76,82,90,81,89,97,126,77,107,121,86,105,129,100,143,92,75,86,105,72,105,98,78,25,40,79,117,114,105,101,100,96,100,99
20141108,22,PM10,102,84,89,102,92,100,126,141,,119,125,115,119,133,101,,127,83,96,111,73,106,114,,28,44,79,,132,119,,,120,115,106
20141108,22,AQI,80,84,94,99,96,98,95,124,92,106,98,86,112,112,113,123,91,94,87,94,68,80,88,97,69,53,78,124,104,112,114,107,111,111,110
20141108,23,PM2.5,78,77,86,93,82,93,103,133,68,111,103,82,112,127,109,145,101,73,71,78,71,93,130,59,23,36,87,125,122,118,110,106,114,100,97
20141108,23,PM10,96,,,97,86,95,141,,,125,,,119,,,,123,76,74,81,77,,131,,28,39,,,,133,,,154,109,
20141108,23,AQI,82,86,96,101,99,101,98,124,92,108,100,87,115,115,115,126,92,95,87,93,69,80,91,97,67,52,80,127,107,114,117,110,114,114,113
20141108,0,SO2,2,2,4,2,2,6,7,6,3,4,7,6,2,2,4,12,2,9,5,6,3,8,10,10,8,7,8,7,2,2,5,7,6,9,2
20141108,0,NO2,40,31,56,57,56,59,68,51,57,69,60,55,48,53,50,54,61,56,45,44,41,47,38,51,46,22,56,64,28,41,54,65,61,50,56
20141108,0,O3,12,7,7,2,2,13,2,2,3,2,2,7,2,5,9,2,3,3,8,4,8,2,15,2,6,17,16,2,2,5,4,7,6,3,2
20141108,0,CO,0.9,0.6,0.9,0.9,0.7,0.6,1.5,3.2,1.5,1.2,1.6,1.3,1.6,0.8,0.9,1.8,2.2,1.6,1.4,2.3,1.3,1.3,2.1,1.3,1.3,1.1,1,0.9,0.7,0.6,1.3,0.9,1.2,0.9,0.9
20141108,1,SO2,2,2,6,2,5,5,9,4,4,4,6,5,2,2,3,11,2,8,4,4,2,7,7,8,12,5,7,5,2,2,4,6,10,9,3
20141108,1,NO2,44,26,64,49,71,61,67,52,62,71,57,56,43,52,49,52,45,57,42,39,40,41,41,49,51,21,59,58,26,40,55,60,69,57,45
20141108,1,O3,6,3,3,6,2,7,2,2,2,2,2,6,2,2,6,2,2,4,8,4,7,2,8,2,3,15,13,2,2,2,3,5,6,2,2
20141108,1,CO,1,0.7,1.4,0.8,1.8,0.7,1.9,2.8,1.4,1.4,1.5,1.4,1.4,1.1,0.9,2,2.1,1.5,1.3,2.5,1.3,1.3,2.3,1.3,1.4,1.1,0.9,1.1,0.7,0.8,1.4,1,2.2,1.1,0.8
20141108,2,SO2,4,2,9,2,8,4,,6,8,4,9,5,2,2,4,10,11,5,4,3,2,5,7,6,16,6,6,7,2,3,2,5,10,10,10
20141108,2,NO2,51,29,70,56,73,66,65,37,59,58,58,54,44,48,49,48,32,50,41,35,36,38,40,40,54,21,59,56,22,40,55,55,68,60,32
20141108,2,O3,2,2,3,2,2,2,2,2,5,2,2,5,2,3,6,2,2,6,8,3,9,2,8,2,3,16,13,2,2,2,2,6,4,2,2
20141108,2,CO,1.2,0.8,2.1,0.9,2.3,1,2,2.7,1.4,1.9,1.4,1.5,1.5,1.1,1.1,1.7,1.5,1.4,1.3,1.8,1.2,1.2,2.2,1.3,1.5,1,0.9,1.1,0.9,1.2,1.9,1.1,2.7,1,1
20141108,3,SO2,8,2,9,2,7,6,6,7,4,4,8,7,2,2,4,9,2,5,3,2,2,4,6,5,14,5,6,7,2,3,4,5,9,10,3
20141108,3,NO2,59,34,69,59,70,71,62,30,51,59,55,52,43,48,51,48,30,45,40,33,35,38,43,39,47,19,59,51,22,40,57,53,70,59,39
20141108,3,O3,2,2,3,2,2,2,2,2,5,2,2,7,2,3,4,2,2,8,8,3,10,2,3,3,5,17,12,2,2,2,2,6,3,2,2
20141108,3,CO,1.6,1.2,2.4,1.4,1.9,1.4,2.2,2.7,1.2,2,1.2,1.6,1.5,1.4,1.4,1.3,,1.3,1.2,1.9,1.1,1.2,2.3,1.1,1.4,1,0.9,1,0.9,1.5,2.2,1.3,2.8,1.2,1.5
20141108,4,SO2,8,2,10,2,6,8,5,7,2,4,7,8,2,3,4,10,2,4,3,2,2,5,5,5,18,3,5,9,2,2,5,7,9,10,2
20141108,4,NO2,56,37,68,62,69,74,58,36,46,57,56,48,39,46,53,46,35,43,36,31,34,40,34,35,50,23,55,51,16,37,58,61,71,59,37
20141108,4,O3,4,3,3,2,2,2,,2,8,2,2,9,2,2,4,2,2,9,12,2,9,2,7,7,2,9,14,,2,,2,4,3,2,2
20141108,4,CO,1.5,1.8,2.4,2.3,2.2,1.8,2.3,3.1,1.2,2,1.2,1.5,1.2,1.8,1.5,2,1.1,1.3,1.2,1.5,1.1,1.1,2.2,1.2,1.3,1,0.9,1.3,0.9,1.4,2.2,2.2,2.6,1.5,1.2
20141108,5,SO2,9,2,9,3,5,8,5,6,2,4,5,7,2,3,3,11,2,3,2,2,2,4,5,4,22,6,4,8,2,2,5,10,9,10,2
20141108,5,NO2,58,36,65,64,68,69,61,41,50,55,47,48,40,50,51,51,48,37,30,29,34,39,28,30,48,,50,51,17,43,60,61,70,61,55
20141108,5,O3,3,3,3,2,2,2,2,2,7,2,2,7,2,2,4,2,2,11,13,3,8,2,11,8,2,11,14,2,2,2,2,3,3,2,2
20141108,5,CO,1.9,1.8,2.3,2.9,2,1.6,2.4,2.9,1.1,2,1.3,1.6,1.2,1.8,1.6,2.3,1.3,1.4,1.1,1.3,1.1,1.1,2,1.2,1.3,1,0.7,1.3,1.2,1.3,1.9,2.2,2.5,1.9,1.7
20141108,6,SO2,8,2,9,2,5,8,5,5,2,4,5,6,3,3,5,16,2,2,2,2,2,3,4,5,33,4,4,8,2,2,5,10,10,12,2
20141108,6,NO2,59,36,66,59,66,66,56,41,43,54,36,46,44,48,57,59,48,42,34,27,32,36,32,29,48,24,48,51,22,32,61,66,68,66,54
20141108,6,O3,3,3,3,2,2,2,2,2,11,2,5,6,2,2,3,2,2,5,9,5,7,2,7,8,2,12,15,2,2,2,2,4,2,2,2
20141108,6,CO,2.3,1.8,2.4,2,2,1.5,2.4,2.9,1,2,1.1,1.7,1.5,1.9,2.1,2.4,1.7,1.9,1.1,1.1,1.1,1.2,2.1,1.2,1.5,1,0.8,1.3,1.2,1.3,2,2.1,2.6,1.8,2.4
20141108,7,SO2,7,2,9,2,5,7,6,5,2,4,4,5,5,4,5,15,2,2,2,2,2,,4,6,35,7,4,9,2,2,5,17,8,15,2
20141108,7,NO2,59,35,65,59,67,66,55,31,42,55,42,45,46,50,58,55,49,42,38,33,34,,33,32,46,21,49,53,20,27,63,75,71,66,63
20141108,7,O3,2,2,3,2,2,2,2,2,9,2,2,6,2,2,4,2,2,3,4,2,6,,4,5,2,16,14,2,2,2,2,2,2,2,2
20141108,7,CO,1.9,1.9,2.5,2.2,1.9,1.5,2.7,3.6,1,2.1,1.2,1.5,1.7,2.2,2,1.9,1.6,2.1,1.1,1.5,1.1,,2.1,1.3,1.6,1,0.8,1.3,1,1.3,2.2,2.2,2.7,1.9,2.4
20141108,8,SO2,7,2,9,3,5,9,8,4,2,6,5,8,5,5,6,23,2,3,3,3,2,,5,8,38,7,5,9,2,2,7,23,9,22,2
20141108,8,NO2,59,38,65,62,66,67,58,34,39,60,44,44,47,46,57,52,46,40,36,37,37,,32,33,39,17,50,54,21,30,65,92,76,64,75
20141108,8,O3,4,3,3,2,2,2,2,2,14,2,3,6,2,3,4,2,3,6,6,4,4,,4,4,3,21,15,2,2,2,2,2,2,2,2
20141108,8,CO,2.1,2,2.4,2.6,2,1.5,2.7,3.6,1.1,2.6,1.2,1.4,1.5,2.1,2,1.5,1.3,2.9,1.2,1.9,1.2,,2.2,1.4,1.6,1.1,0.9,1.3,1.2,1.5,2.5,2.6,2.9,2.6,2.6
20141108,9,SO2,9,5,15,5,11,9,12,6,6,9,10,10,8,7,10,31,5,11,10,4,4,10,8,16,61,8,8,10,2,4,9,22,13,27,3
20141108,9,NO2,56,58,68,69,67,69,63,40,35,67,40,51,47,53,61,52,50,48,26,39,30,33,36,36,28,13,50,66,25,33,64,78,77,82,105
20141108,9,O3,6,4,4,4,2,3,2,2,21,2,10,8,3,4,5,3,5,6,17,7,13,9,8,6,16,30,14,2,2,5,4,3,2,2,2
20141108,9,CO,1.9,2.1,2.3,2.5,1.9,2,2.3,3.2,1.1,2.6,1.4,1.5,1.4,2.2,2.3,1.5,1.6,3.2,0.9,1.3,1.1,1.1,2.3,1.5,1.3,1.1,0.9,1.5,1.3,1.8,2.1,2,2.6,3.2,2.8
20141108,10,SO2,21,20,24,13,17,16,19,25,14,19,15,14,9,12,12,20,12,25,13,9,8,13,23,33,74,10,9,14,4,3,21,33,22,32,12
20141108,10,NO2,54,68,69,72,70,77,67,51,42,73,46,56,55,71,61,48,46,58,32,47,26,28,43,37,24,12,51,73,59,38,63,74,80,98,87
20141108,10,O3,13,8,8,9,2,6,2,5,27,5,17,14,7,7,11,12,15,12,21,13,25,21,13,20,27,40,23,4,2,23,8,8,3,2,2
20141108,10,CO,1.7,1.7,2.1,1.9,1.8,1.9,1.9,2.9,1.2,2.2,1.7,1.4,1.3,2.3,1.7,1.5,1.4,2.1,1,1.4,1.1,0.9,2.5,1.5,1.2,1,0.9,1.6,1.7,1.2,1.8,1.7,2.3,3,2.2
20141108,11,SO2,44,41,39,31,31,53,35,27,22,40,26,21,12,19,14,21,16,38,21,14,8,13,28,42,90,11,11,14,8,10,45,56,42,42,29
20141108,11,NO2,45,66,65,72,61,65,61,51,42,69,46,46,53,74,62,47,39,54,35,36,23,22,37,42,23,11,46,74,41,32,59,70,75,88,63
20141108,11,O3,26,16,16,16,16,22,11,17,39,14,29,35,19,16,19,24,32,23,35,36,38,38,27,25,35,51,44,11,23,46,19,17,12,2,13
20141108,11,CO,1.5,1.5,1.7,1.7,1.6,1.5,1.4,2.1,1.2,1.8,1.3,1.2,1.2,2,1.6,1.4,1.1,1.7,1,1.1,1,0.7,2.3,1.5,1.1,0.9,0.9,1.5,1.1,0.9,1.6,1.5,1.6,2.1,1.5
20141108,12,SO2,42,44,38,38,41,52,31,29,22,34,29,29,13,33,19,32,17,45,21,18,11,12,33,46,67,12,13,15,10,12,41,48,45,45,48
20141108,12,NO2,54,67,63,76,70,65,66,49,45,57,43,46,43,49,70,45,37,36,32,22,21,17,32,37,18,10,43,70,18,32,72,81,67,102,69
20141108,12,O3,31,27,28,25,18,36,17,27,57,35,43,48,44,43,26,38,44,39,55,57,53,51,44,38,49,63,55,21,42,61,19,23,24,3,19
20141108,12,CO,1.5,1.4,1.5,1.6,1.5,1.3,1.3,1.6,1.2,1.5,1.2,1.2,1.1,1.3,1.6,1.3,1,1.2,1,1.1,1,0.5,1.9,1.2,0.8,0.9,1,1.4,0.8,0.8,1.7,1.6,1.5,2,1.4
20141108,13,SO2,37,35,34,34,36,44,26,29,24,37,18,29,8,28,21,42,13,43,19,13,9,10,43,47,55,9,13,19,10,12,32,37,40,44,45
20141108,13,NO2,64,77,68,66,73,68,66,54,37,49,34,45,34,35,63,50,29,27,29,18,13,17,27,32,17,8,46,66,14,24,83,79,77,107,67
20141108,13,O3,34,33,35,43,26,49,27,36,71,56,68,63,62,74,44,48,58,56,70,69,70,61,50,50,63,74,65,30,51,82,25,33,28,8,31
20141108,13,CO,1.5,1.4,1.5,1.5,1.4,1.2,1.3,1.4,1.1,1.4,1,1.3,0.9,1.1,1.5,1.3,0.8,1,1,1,0.7,0.4,1.6,1.1,0.7,0.7,0.9,1.2,0.7,0.7,1.6,1.5,1.5,1.8,1.2
20141108,14,SO2,29,34,32,32,30,37,26,26,27,27,13,20,8,18,22,39,13,38,17,11,11,8,43,45,37,7,12,20,13,12,30,35,34,39,39
20141108,14,NO2,62,71,61,46,71,86,62,53,37,39,30,34,29,27,39,66,32,26,30,13,15,14,21,28,14,6,39,66,11,21,72,66,77,111,74
20141108,14,O3,47,48,50,72,35,47,35,50,81,81,87,88,77,87,76,45,61,70,90,76,73,73,55,60,69,80,72,37,68,94,45,54,35,15,32
20141108,14,CO,1.4,1.4,1.4,1.2,1.3,1.3,1.2,1.3,1.1,1.1,0.9,1,0.8,0.9,1.2,1.4,0.7,1,0.9,0.8,0.7,0.2,1.4,0.9,0.6,0.6,0.8,1.1,0.7,0.7,1.4,1.3,1.4,1.7,1.2
20141108,15,SO2,,28,28,23,27,31,23,25,19,16,11,15,7,13,16,31,27,31,12,10,13,,39,39,23,7,10,21,12,13,25,29,34,30,32
20141108,15,NO2,,51,47,40,72,91,63,51,30,29,29,32,32,22,27,78,41,27,25,12,17,,24,27,15,6,39,60,11,21,63,58,68,103,93
20141108,15,O3,,79,70,86,45,57,41,56,98,95,91,99,78,95,91,50,59,76,105,80,81,,58,70,73,86,78,43,74,101,62,73,50,25,31
20141108,15,CO,,1.1,1.1,1,1.3,1.3,1.1,1.2,1,0.9,0.8,0.9,0.8,0.8,1,1.4,0.8,1,0.8,0.7,0.8,,1.3,0.9,0.5,0.5,0.6,1,0.7,0.6,1.3,1.1,1.2,1.4,1.3
20141108,16,SO2,17,18,15,13,23,25,16,21,12,12,11,12,7,12,12,29,29,24,10,9,20,13,17,29,13,7,9,20,10,11,15,18,24,24,23
20141108,16,NO2,39,43,40,38,53,75,59,47,28,31,30,31,36,22,24,64,53,36,24,13,23,15,12,32,14,7,38,53,11,22,61,54,77,113,70
20141108,16,O3,79,84,78,83,65,82,46,67,108,95,91,101,79,98,92,75,51,79,102,84,80,76,75,76,76,88,79,47,76,103,65,73,49,13,56
20141108,16,CO,1,0.9,0.9,0.9,1,1.1,0.9,1.1,0.9,0.9,0.8,0.9,0.9,0.8,0.8,1.2,0.9,1.1,0.8,0.6,0.9,0.2,1,0.9,0.4,0.5,0.6,0.9,0.7,0.6,1.1,0.9,1.1,1.2,1.1
20141108,17,SO2,11,10,11,9,12,16,11,16,10,11,9,9,5,9,9,23,26,18,8,9,24,15,19,22,28,8,12,15,7,9,11,15,19,21,11
20141108,17,NO2,38,38,44,44,53,71,71,47,41,50,28,35,49,30,25,41,83,41,28,17,33,19,12,43,22,9,52,49,14,19,74,60,93,103,64
20141108,17,O3,74,73,73,77,61,76,37,67,89,76,88,96,65,88,84,89,24,79,89,81,67,70,78,69,67,88,67,42,70,99,50,61,28,20,57
20141108,17,CO,0.9,0.8,0.9,0.9,0.9,0.9,0.9,1,0.9,1,0.8,0.9,0.8,0.8,0.8,1,1.1,1.1,0.8,0.6,1,0.3,0.9,1,0.5,0.6,0.7,0.8,0.7,0.6,1.2,0.9,1.1,1.2,0.9
20141108,18,SO2,8,3,9,5,8,11,10,10,7,11,7,8,4,8,8,19,16,9,6,11,14,11,36,14,35,10,11,11,3,6,9,13,15,19,5
20141108,18,NO2,46,48,63,72,67,75,96,49,47,102,31,48,82,35,39,43,115,50,55,40,65,62,24,43,42,10,44,55,24,24,89,87,108,108,57
20141108,18,O3,67,44,59,47,45,64,16,53,71,21,76,72,30,72,62,68,2,69,49,57,33,25,59,54,43,83,73,30,52,83,35,37,15,9,55
20141108,18,CO,1.1,0.9,1.1,1.3,0.9,0.9,1.1,1.1,1,1.3,0.8,1.1,1,0.8,0.8,0.9,1.5,1.2,0.9,0.8,1.3,0.7,1.2,1.1,0.6,0.6,0.7,0.8,0.7,0.6,1.3,1.1,1.4,1.3,0.9
20141108,19,SO2,8,2,9,5,6,10,10,8,6,10,7,8,5,8,8,17,8,8,4,9,7,8,26,12,25,11,16,9,2,5,8,12,13,19,4
20141108,19,NO2,57,57,78,102,87,91,95,52,32,112,34,53,97,36,49,49,112,101,88,67,97,76,44,51,17,12,53,65,38,26,94,84,115,106,55
20141108,19,O3,50,33,41,14,30,43,15,26,72,6,64,60,10,63,47,50,3,17,11,27,2,2,35,38,62,84,62,19,30,72,22,29,8,2,56
20141108,19,CO,1.2,1,1.1,1.4,1,1,1.1,1.1,0.9,1.4,1,1.2,1.2,0.8,0.9,1,1.6,1.7,1.6,1.1,1.8,1.5,1.6,1.2,0.5,0.7,0.9,0.8,0.7,0.7,1.3,1,1.4,1.4,1
20141108,20,SO2,7,2,8,3,5,10,9,8,4,8,8,8,5,7,6,16,4,8,3,8,4,7,19,12,25,6,15,8,2,3,8,13,13,17,3
20141108,20,NO2,62,67,79,89,88,89,85,59,30,98,35,50,70,30,50,55,107,65,88,90,65,69,76,43,23,11,58,76,50,27,90,63,99,84,72
20141108,20,O3,33,25,31,13,23,31,17,16,63,3,52,54,25,62,38,36,3,33,4,7,16,2,4,40,46,67,60,10,14,58,14,36,11,15,31
20141108,20,CO,1.3,1,1.1,1.3,1,1,1.1,1.3,0.9,1.5,1.1,1.1,1,0.8,1,1.1,1.7,1.5,2.1,1.6,1.4,1.8,1.8,1.1,0.6,0.7,1,1,0.7,0.8,1.3,1,1.4,1.1,1.1
20141108,21,SO2,6,2,7,3,5,10,6,7,3,6,6,7,4,5,5,14,3,9,2,8,3,10,16,9,19,4,13,6,2,3,7,12,11,15,2
20141108,21,NO2,57,60,74,79,82,67,74,63,28,92,38,85,57,49,72,67,115,40,77,85,54,62,72,35,13,10,45,77,52,32,84,64,92,80,61
20141108,21,O3,33,23,26,16,19,46,17,7,59,2,39,14,27,34,12,15,2,46,4,7,20,3,3,40,52,59,68,7,4,40,12,30,11,13,32
20141108,21,CO,1.2,1,1.2,1.2,1,0.9,1,1.5,0.8,1.4,1.2,1.4,1,1.1,1.1,1.2,2,1.3,2,2.4,1.3,2,2.1,1.1,0.5,0.7,0.8,1,0.8,0.9,1.3,1,1.3,1.1,0.9
20141108,22,SO2,5,2,5,2,3,8,6,6,3,5,7,5,2,4,4,11,2,7,3,6,3,8,12,9,15,4,10,6,2,3,6,9,9,14,2
20141108,22,NO2,65,57,87,81,98,84,89,64,30,88,46,89,55,65,66,81,94,36,58,52,36,54,61,27,11,8,43,79,59,40,86,81,90,81,100
20141108,22,O3,20,15,7,7,2,23,2,2,62,2,25,6,21,13,13,2,2,46,19,12,33,4,4,45,54,59,61,2,2,30,5,10,7,4,2
20141108,22,CO,1.2,1,1.3,1.2,1.1,1,1.2,1.8,0.9,1.5,1.5,1.8,1,1.4,1.1,1.9,2.2,1.2,1.6,1.7,1.2,1.3,2.6,1.1,0.4,0.7,0.8,1.1,1,0.8,1.2,1.2,1.5,1.1,1.5
20141108,23,SO2,4,2,5,2,2,7,8,6,4,5,5,5,2,4,3,13,2,7,3,5,2,6,8,8,14,3,9,6,2,4,4,9,9,11,2
20141108,23,NO2,76,56,90,80,93,100,84,59,29,83,36,76,57,54,72,83,81,39,46,37,32,38,53,20,18,9,43,79,44,47,82,84,87,85,86
20141108,23,O3,8,5,3,4,2,3,2,2,59,2,31,11,12,16,5,2,3,36,24,19,33,13,2,48,41,57,56,2,7,21,2,6,2,2,2
20141108,23,CO,1.3,1,1.4,1.3,1.2,1.2,1.6,2.1,0.8,1.7,1.3,1.6,1.3,1.3,1.2,1.6,2.3,1.3,1.3,1.3,1.2,1.2,2.8,0.9,0.5,0.7,0.8,1.2,1,0.9,1.4,1.3,2.4,1.3,1.2
