date,hour,type,dongsi,tiantan,guanyuan,wanshouxigong,aotizhongxing,nongzhanguan,wanliu,beibuxingqu,zhiwuyuan,fentaihuayuan,yungang,gucheng,fangshan,daxing,yizhuang,tongzhou,shunyi,changping,mengtougou,pinggu,huairou,miyun,yanqing,dingling,badaling,miyunshuiku,donggaocun,yongledian,yufa,liulihe,qianmeng,yongdingmengxi,xizhimengbei,nansanhuan,dongsihuan
20140606,0,SO2,15.2,12.8,13.3,10.1,10.1,17.3,12.2,16.8,8.4,11.9,5.7,4.3,6.5,15.5,9.1,16.8,6.1,4.7,5.1,2,3,7.2,13.4,4.5,4.2,,13.2,20.1,4.3,17.6,16.2,11,10,10.7,8.8
20140606,0,NO2,48.8,40,43.2,69.8,76.2,56.1,58.3,69.7,33.3,132.9,62.4,99.1,62.9,53.8,62.4,107.4,88.3,25,42.3,51.3,34.2,55.8,24.4,16.2,34.8,,47,61.7,35.6,27.6,65.4,53.6,95.6,132.8,59
20140606,0,O3,135.7,143.4,148.9,109,121.9,162.2,91.3,73.1,119.8,48.6,82.8,69.1,102,129.8,103.6,57.2,62.1,163.5,124.7,59.8,115.8,117.7,147.5,176.5,174.3,,64,58.2,60.1,133.7,125,137.4,93,50.7,137.9
20140606,0,CO,1,0.9,1,1.2,0.7,1,0.9,0.7,0.7,1.1,1,1.2,1.1,0.8,1,0.7,0.9,0.8,0.8,0.7,0.8,0.8,0.6,0.4,0.8,,0.8,0.8,0.6,0.8,1,0.8,0.9,1.2,1
20140606,1,SO2,15.7,16.1,12.8,10.3,10.8,17.8,12.3,15.9,8.3,9.8,5.7,5,6.2,22,12,10,8.9,5.1,4.8,2,,9.7,11.3,4.1,3.6,,18.4,20.2,4.4,16.4,16.8,12.4,13.3,11.9,10.9
20140606,1,NO2,48.6,40.7,51.5,68.3,80.4,61.3,53.5,82.8,23.3,134.1,43,118.5,67.6,54.8,55.2,83.4,67.2,23.8,22.9,49.1,44.6,52.4,23.1,17.9,36.6,,47.2,60,64.3,26.1,66.6,55,65.8,120.7,132.3
20140606,1,O3,121.1,133.6,119.1,94,99.4,136.6,84.3,48,143.5,28.2,90.3,51.6,78.1,116.4,103.1,28.8,33.7,161.7,134.4,37,92.1,108.1,127.7,166.8,150.1,,58.4,44.2,34.3,98.3,106.9,119.1,97.7,51.8,58.2
20140606,1,CO,1,1,1,1.3,0.7,1,0.9,0.7,0.7,1.1,1,1.3,1.1,0.9,1,1.3,1.3,0.7,0.7,0.8,0.9,0.8,0.6,0.4,0.8,,0.8,1.2,0.7,0.9,1.1,0.8,0.8,1.1,1.1
20140606,2,SO2,18,18.4,11.8,11.4,10.7,17.1,,14.8,6.7,9.9,4.1,4.8,7.7,22.1,11.7,14.7,,4.3,9.3,2,,7.4,7.7,3.3,7.8,,20.5,14.8,4,,17.2,10.5,5.6,,7.8
20140606,2,NO2,80.2,77.6,55.8,59.4,87.4,98,65.3,81.4,18.7,98.4,44.4,158.3,85.2,58.6,60.1,64.8,37.4,25.4,16.7,46.8,38.9,43.9,18.7,20.9,68.6,,40.2,63.1,50.3,29.7,86.7,89.6,57.4,112,160.7
20140606,2,O3,77.7,74,95.4,85,67.7,65.3,50.6,30.4,135.1,42,79.2,6.1,49.2,96.2,89.9,25.6,15.1,146.7,109.3,28,58.7,83.6,104.4,150.4,85.3,,70,20,25.8,90.6,65.8,56.1,86.4,36.7,5
20140606,2,CO,1.2,1.1,1.1,1.2,0.8,1.1,0.9,0.7,0.6,1.1,0.9,1.3,1.1,0.9,0.9,1.3,,0.7,0.6,0.9,,0.7,0.5,0.4,0.7,,0.8,2,0.7,0.9,1.1,1.1,0.9,1,1.3
20140606,3,SO2,17.8,21.2,14.3,11.9,9.1,15.9,8.4,14.8,7.4,8.3,5.4,3.5,8.3,15.6,9.3,11.7,5.5,5.2,8.8,2,11.6,7.1,11.4,2.1,7.5,,19,3.8,3.1,13.1,18,9.4,8.5,9,7.8
20140606,3,NO2,104.6,96.5,77.4,91.5,112.3,99.7,79.5,100.6,37.7,56.7,54.8,156.8,86.5,80.6,95,47.2,23.5,35,22.4,43.9,36.2,31.8,34.7,18,87.3,,27.5,43.6,35.4,34.5,117.1,101.4,74.3,128.9,114
20140606,3,O3,32.3,35,61.8,49.9,24.8,31.9,33.5,13.8,103.1,57.6,74,2,35.2,59,20.6,26.4,,109,2,36.7,,101.1,70.2,129.1,35.1,,102.4,30.1,32.1,69.6,29.8,35,51.8,16.7,5.3
20140606,3,CO,1.2,1.1,1.2,1.2,0.9,1.5,0.8,0.7,0.7,1,1.1,1.1,1.2,0.8,1.3,0.9,,0.8,0.1,0.8,,0.8,0.6,0.4,0.5,,0.7,1.5,0.7,,1.1,1.1,0.9,,1.7
20140606,4,SO2,19.8,22.6,13.8,13,7.9,17.7,9,14.2,8.1,9.7,3.9,3,6.3,16.5,6.9,6.8,6.5,6.1,5.6,2,10.9,8.6,12.3,2,6.3,,23.1,10.9,7.1,9.4,17.8,7.7,9.9,8.7,5.5
20140606,4,NO2,82.9,71.9,91.3,71.7,85.8,64.2,96.4,83,63.8,,63.1,200.8,101.1,82.1,70.6,33.1,37.4,41.9,,43.3,33.2,32.5,37.7,16.9,95.1,,23.8,44.3,46.9,54.7,90.5,73.6,94.7,125.2,90.3
20140606,4,O3,16.9,20.5,25.3,19,13.1,20.7,,8.8,48.3,12.5,45.7,19.3,10.1,31.7,12.4,46.1,,57.7,71.4,44.8,,63,50.6,104.8,5.5,,108.8,21.7,26,,13.4,27.1,16.9,,3.9
20140606,4,CO,1.8,1.7,1.5,1.6,1.4,1.7,0.8,0.8,0.9,1.1,1,0.9,1.3,1.2,1.7,0.7,0.9,1,0.4,0.9,1.2,1,0.6,0.4,0.5,,0.8,0.8,0.8,0.9,1.8,1.5,1.1,1.5,1.5
20140606,5,SO2,20.1,18.4,14.6,11.9,8.2,12.5,7.6,14.3,8,11.1,5.3,3.1,4.7,14.5,4.9,7.8,2,7.6,5.4,2.4,7.1,11,8.6,2,10.9,,34.4,2.5,7.7,10.2,16.6,8.9,10.4,7.4,6.1
20140606,5,NO2,63.6,56.1,73.8,50.7,67.7,40.4,99.1,81.9,61,100.6,106.9,91.3,87.9,89.7,51.1,33.1,,37.6,73.2,43.9,,45.7,,20.6,,,31.9,47.3,44.1,,67.3,60.9,73.6,,76.1
20140606,5,O3,17.7,22.1,15.8,16.8,8.2,21.2,2,3.6,14.8,2,6.4,6.3,14.4,4.8,17.9,45.3,56.8,45,41,42.5,45.3,60.4,38.4,88.1,21.4,,85.2,16.5,13.5,2,12.6,25.3,8.1,2,5.5
20140606,5,CO,1.5,1.3,1.8,1.6,1,1.1,1.1,0.9,1.2,1.6,1.3,1.2,1.2,1.6,1,0.7,0.2,1.2,0.9,1.1,1.1,1.1,0.4,0.3,0.4,,1.7,0.6,0.9,0.9,1.5,1.3,1.5,1.6,1
20140606,6,SO2,15.4,16.2,12.9,9.8,8.6,14,8.3,14.3,9.2,12.3,5,3.1,6.7,11.5,4.2,23.1,2,11,5.4,2.2,6.8,14.8,7.6,2,13.3,,39.1,7.5,4.1,9.7,15.9,8,6.3,6.7,5.1
20140606,6,NO2,45.9,39.6,62.2,47.7,46,45,66,71,53,71.8,86.5,68.3,93.8,76.7,42,46.9,,33.4,66.4,55.4,30.5,31.8,28.9,21.4,40.3,,43.5,32,33.9,76.9,65.1,46.2,58.8,91.5,74.3
20140606,6,O3,31.6,37.2,18,31.2,30.3,40.6,4.3,4.7,14.9,4.8,3.5,9,2.7,4.7,30.9,25.5,51.4,64.4,33.5,34.1,51.5,58,47.2,64,40.8,,64.6,28.5,4.2,2,16.9,38.6,12.8,5.2,8.5
20140606,6,CO,1.1,1,1.4,1.1,0.8,1,1,1,1.1,1.6,1.5,1.3,1.8,1.2,0.7,1.7,0.3,1.1,1,1.4,1.1,1.2,0.3,0.3,0.5,,2.1,0.6,0.9,0.9,1.2,0.9,1.1,1.1,0.9
20140606,7,SO2,20.6,20.7,13.8,12,10.5,22.4,13.4,14.4,11.8,13.4,5.5,3.6,4.3,12.2,6.1,30.2,2,17.2,6.2,2,14.2,17.6,6.6,2,10.6,,53.2,21.1,8.6,13.5,17.9,10.4,4.5,10.6,7.7
20140606,7,NO2,51.6,47.9,47.5,51.1,47.6,53.2,47.1,56.2,45.8,55.2,59.2,54,72.7,62.7,51.1,63.4,,40.5,63.1,60.2,39,43.7,30.8,27.2,71.2,,66.7,52.4,37.3,81.5,72.8,60.3,49,113.5,70
20140606,7,O3,30.5,33.8,34.6,33.5,31,33.6,24.7,14.5,24.5,20.8,11.2,25.1,6.7,18.7,24.2,16.6,45,54.3,25.3,28.6,64.6,47.2,40,53.9,15.9,,37.7,14.5,15.7,12.5,13.8,30.6,25.7,2,11.9
20140606,7,CO,1.4,1.2,1.2,1.2,1,1.5,0.9,1,1.1,1.1,1.5,1.2,1.5,0.7,1.6,3,0.4,1.2,1.1,1.4,1.2,1.2,0.3,0.4,0.6,,3,2,1.2,1.2,1.3,1.1,1.1,1.3,1.9
20140606,8,SO2,32.2,34.6,25,21.2,15.5,38.2,22.6,15.3,18.5,14.7,8.5,3.2,5.1,21.5,11.7,42.9,2,29.9,10.9,3.1,22.7,20,8.1,14.4,14.1,,66,29.8,8.5,23.1,34.1,19,7.5,11.2,13.3
20140606,8,NO2,63,58.9,57.6,62.3,60.7,63.3,53.8,54.1,50.4,62.9,55.5,58.5,54.4,65,58.4,60.7,,40.9,51,59.1,38.5,31.8,33.9,38,92.7,,62.8,56.4,25.4,68.8,78.6,77.4,65.8,118.8,80.8
20140606,8,O3,27,28.3,33.2,31.5,24.8,34.1,24.5,36.1,31.2,22.1,25.6,30.7,23.2,25.9,23.5,27.6,42,65.9,41.7,27.8,80.8,75.7,39.9,55.8,2.9,,57.7,22,27.7,23.9,10.9,24,17.4,2,11.4
20140606,8,CO,2.6,2.5,2.1,2.1,1.7,2.9,1.3,1,1.1,1.2,1.4,1.2,1.2,1.3,3.1,3.6,0.4,1.6,1.2,1.7,1.5,1.1,0.4,0.9,0.9,,3.2,3.4,0.8,1.4,2.4,2.5,1.9,2,3
20140606,9,SO2,37.3,42.5,33.8,30.8,20.6,45.8,26.8,21.3,20.1,,11.4,4.4,8,31.2,17.3,62.4,2,38.4,17.6,6.2,26.8,10.9,5.1,19.4,13.5,,65.4,43.1,8.1,25.3,47.5,32.6,25,14.5,19.3
20140606,9,NO2,64.3,62.1,60.2,71.4,65,63.9,63.8,47.5,40.4,74.1,48.9,58.2,60.9,74.9,63.5,61.5,,47.9,47.1,70.1,38.7,18.5,28.3,36.2,87.7,,60,50.4,20.6,59.4,92.9,82.5,69.9,130.9,82.7
20140606,9,O3,37,39.6,44.7,38.3,34.1,45.3,25,53.9,53.1,24,46.2,41.6,27.3,28.4,32.5,33.8,66.2,67.2,61.7,26.4,93.6,100,46.8,69.5,7.8,,71.1,40.2,43.9,41.1,14.6,27.1,23.6,2.1,17.9
20140606,9,CO,3.1,2.9,2.7,2.7,2.3,3.1,1.5,1.4,1.1,1.8,1.5,1.3,1.4,2.5,3.5,3.9,0.4,2,1.2,3,1.6,0.6,0.3,1.1,1,,3.3,3.4,0.6,1,3,3,2.3,3.1,3.2
20140606,10,SO2,39,48.5,34.5,36.5,27.2,46.4,28.9,24.2,23.4,48.8,13.1,6.4,13.7,43.5,21.3,60.2,2,35.9,21.1,14,12.8,5,5.9,21.9,15.1,,74,30.2,10.7,28.3,46,32.5,33.9,19.4,29.3
20140606,10,NO2,65,67.8,64.8,81.6,71.5,65.2,72,53.2,38.3,75.6,52.1,63.7,68,77.8,63.7,61.9,,43.7,56.3,69.3,19.5,9.6,31.7,40.7,62.6,,51.4,50,18.6,59.5,,84.2,75.1,136,93.9
20140606,10,O3,51.1,52.3,57.1,44,50.3,60.7,31.8,59.5,68,44.5,56.1,51.5,38.5,47.1,47,46.8,78.1,85.9,61.9,48.2,101.1,99.9,46.7,74.1,37.7,,101.9,59.2,67.2,56,44.7,43.5,35.3,9.7,24.7
20140606,10,CO,3.2,2.9,2.8,2.9,2.7,3.2,2,2,1.6,2.8,1.6,1.7,1.7,2.9,3.3,3.6,0.5,2,1.3,3,0.6,0.3,0.4,1.3,1,,3.3,3,0.7,1.1,3.1,2.8,2.7,3.1,3.2
20140606,11,SO2,40.3,51.2,36.9,37.1,31.2,48.6,36.8,27.2,30.9,28.3,14.4,6.1,18,44.9,26.1,61.4,28.8,34,23.8,20.2,4.1,4.5,5.5,,8.2,,72.8,36,13.5,32.3,46,30.5,39.3,24.6,31.8
20140606,11,NO2,60.3,63,62.5,72.8,70,56.4,74,58.7,48.1,77,64.7,71.5,81.6,83.2,62,56.3,57.8,51.7,50.4,73.3,13.1,8.3,21.8,,34.5,,47,42.4,20,68.6,,85.9,81.3,140.4,101.4
20140606,11,O3,73.8,83.4,80.4,76.8,71.5,89.4,47.5,67.3,68.1,62.2,56.1,62.2,45.3,67.1,70,76.2,89.3,82.4,88.5,64.4,94,106.4,48.5,,49.2,,131.8,89.5,97.7,66.6,51.9,58.4,51.2,17.1,37.1
20140606,11,CO,2.7,2.7,2.8,2.9,2.7,2.5,2.6,2.4,2.3,2.8,2.1,2.4,2.5,3,3.3,3,2.8,2,1.6,3.2,0.4,0.3,0.4,,0.7,,3.2,2.6,1.1,1.7,3,2.9,2.8,3.3,2.8
20140606,12,SO2,40.8,52.5,31.1,35.8,29.8,46.3,28.2,18.5,20.9,26.7,14.1,5.8,16.8,39.5,24.2,55.6,31.2,5.9,17,21.4,2.8,2.8,4.1,,3.9,,54.6,36.4,15.6,31.5,42.3,32.1,37.9,27.6,37.4
20140606,12,NO2,57.7,62.6,67.7,63.9,60.5,52,72.7,29.2,35.9,83.4,49.9,54.9,77,74.8,59.9,55.4,46.5,27,27.3,67.1,10.5,7.1,9.4,,32.1,,35.8,31.4,23.9,77.7,,81.1,92,139.8,85.4
20140606,12,O3,89.4,98.5,77.2,102.2,82.7,113.9,42,65.4,74.5,67.2,70.5,67.4,52.3,93.8,97.5,101.1,116.9,49.8,90.8,77.8,99.9,102.3,65.9,,49.4,,150.9,115,126.3,67.3,93.2,80.1,41.3,31.8,63
20140606,12,CO,2.5,2.4,2.6,2.5,2,2.4,2.4,1,1.9,2.7,1.9,1.9,2.4,2.9,3.2,2.9,2.7,0.6,0.9,3.1,0.4,0.3,0.3,,0.6,,2.2,2.3,1.5,1.9,2.5,2.3,2.5,3.1,2.7
20140606,13,SO2,8.7,5.8,4.4,7.4,8.2,4.7,9.7,13.4,3.2,9.8,5,2.6,7.6,11.6,11.6,18,6.7,2,2.4,19.7,2,2.1,3.8,,3.1,,63.1,42.2,18.3,24,5.2,13.7,6.9,14.6,2
20140606,13,NO2,23.1,32.2,34.8,37.2,21.8,22.1,32.3,13.6,9.7,39.7,10.6,26.6,19.2,50.2,40.1,31,17.5,11.5,9.7,56.4,6,6.8,13,,21,,56.6,23.3,32.2,40.5,31.6,43.4,43.9,86.8,20.6
20140606,13,O3,56.4,55.4,42.6,55.5,53,68,33,56.5,67,49.5,70.8,51.3,71.9,70.2,72,79.7,66.7,71.8,75,85.2,75.6,91.3,67.1,,77.2,,124.2,126.5,120.5,82.4,52.8,53.4,26.7,17.5,58.8
20140606,13,CO,0.6,0.8,0.9,1.1,0.3,0.6,0.6,0.4,0.5,0.9,0.6,0.6,0.6,1.5,1.5,1.2,0.6,0.4,0.3,2.1,0.3,0.3,0.2,,0.5,,3,1.5,1.9,1,0.7,0.7,0.6,1.5,0.4
20140606,14,SO2,3.4,2,2,2.2,5.4,2,5.8,10.9,2,3.1,2,2,2,2,2.1,2,2,2,2,5.8,2,2,3.6,2,3,,11.4,18.1,7.9,8.2,2,4.4,5.3,5.4,7.5
20140606,14,NO2,23.3,28.5,34.1,27.3,22.6,22.2,25.9,10.2,7.9,31.5,11.6,25,22.1,25.2,20.2,16.2,15.2,26.4,11.6,27,7.7,4.7,10.4,2,39,,26.6,6.6,12.7,24.5,30.6,31.7,44.9,68.8,17.7
20140606,14,O3,56.9,56.5,46.6,58.7,55.8,69.1,42.9,67,75.2,48.6,61.9,49.5,46.6,58.8,63.1,66.1,65.3,55.3,71.1,55,69.3,82.1,75.2,88.6,67.5,,101.3,81.4,82,69.6,57.9,55.6,28.3,19.6,59.6
20140606,14,CO,0.5,0.5,0.7,0.6,0.2,0.4,0.4,0.3,0.4,0.5,0.5,0.6,0.5,0.3,0.3,0.3,0.4,0.4,0.3,0.7,0.4,0.3,0.2,0.3,0.4,,1,0.2,0.3,0.4,0.5,0.3,0.5,0.7,0.2
20140606,15,SO2,2.5,2,2,2,4.3,2,5.7,9.8,2,2.6,2,2,2,2,2,2,2,2,2,2.7,2,2,3.7,2,2.9,,6.6,9.4,2.4,7.6,2,2.9,2,4.8,4.9
20140606,15,NO2,19.9,24.1,27.2,21.9,21.5,24.2,22.4,10.2,8.2,34.6,12.4,17.8,21,24.4,22.3,20.8,20.5,34.8,5.5,33.1,4.6,3.1,7.5,2,30.2,,17,8.6,6.7,21,23.3,27.7,38.8,67.2,19.2
20140606,15,O3,69.5,72.2,61.4,75.6,68.1,75.5,48.4,63.9,72.3,44.3,59.1,66.6,58.6,59.1,65,57.2,58,52.9,92.1,40.3,70.1,89.5,76.4,84.4,69.9,,90,65.4,63.9,65.5,72,70.8,41.4,23.8,64.6
20140606,15,CO,0.5,0.4,0.6,0.5,0.2,0.4,0.3,0.4,0.4,0.5,0.5,0.4,0.5,0.3,0.4,0.3,0.4,0.4,0.3,0.7,0.3,0.3,0.2,0.2,0.4,,0.5,0.2,0.2,0.3,0.4,0.2,0.4,0.6,0.2
20140606,16,SO2,2.1,2,2,2,4.1,2,5.3,8.8,2,2,2,2,2,2,2,2,2,2,2,2,2,2,3.7,2,2.8,,4.5,2,2,7.5,2,3.2,2,3.5,3.9
20140606,16,NO2,21.9,29.9,26.6,25.7,22.5,17.9,30.4,9.7,8.3,27.2,14.2,24.7,20.6,35.4,23.5,19.3,16.1,13.4,9.1,30.7,12.5,4.5,18.2,2,23.7,,15.7,11.6,10.7,14.5,24.1,39.6,36.3,73.9,32.1
20140606,16,O3,68.4,66.6,62.2,68.8,63.1,81.9,40,64.9,75.3,54.8,62.8,51,52.7,51.6,69.8,58.9,66.5,66.3,84.1,34.2,69.4,81.6,61.7,77.2,73.7,,75.1,58.3,59.7,76,68.8,62,43.9,19.6,55
20140606,16,CO,0.4,0.4,0.6,0.5,0.2,0.4,0.3,0.3,0.4,0.5,0.5,0.5,0.4,0.3,0.3,0.2,0.4,0.3,0.3,0.6,0.4,0.3,0.3,0.2,0.4,,0.3,0.2,0.1,0.2,0.4,0.2,0.3,0.6,0.3
20140606,17,SO2,2,2,2,2,3.3,2,4.9,8.9,2.2,2,2,2,2,2,2,2.3,2,2,2,2,2,2,5,2,6.3,,4,2,2,7.2,2,2.4,2,3.5,2
20140606,17,NO2,29.3,33.1,29.6,29.3,25.2,27.2,43,16.1,13,37.1,19.7,25.2,25.3,35.8,29.2,22.2,7.3,18.3,15.5,34,15.1,6.2,7.6,2,22.4,,18.8,18.8,7.4,19,32.8,50.4,40,66.7,59.8
20140606,17,O3,59.3,58.6,59.2,64.5,56.8,68.3,28.5,57.1,72.4,49.1,49.8,53.4,45.6,57.1,60.2,55.6,79.7,57.4,61.7,26.7,70.5,82.4,74.5,69.1,68,,69.8,49.3,67.4,65.3,56.8,47.5,38.8,23.5,25.2
20140606,17,CO,0.5,0.5,0.6,0.5,0.2,0.4,0.3,0.3,0.3,0.4,0.6,0.5,0.5,0.2,0.4,0.2,0.3,0.4,0.4,0.6,0.4,0.3,0.2,0.1,0.5,,0.3,0.2,0.1,0.2,0.5,0.3,0.4,0.5,0.5
20140606,18,SO2,2,2,2,2,2,2,4,9.5,2,2,2,2,2,2,2,2,2,2,2,2,2,2,5.9,2,8.4,,4.1,2,2,6.5,2,2,2.6,4.1,2
20140606,18,NO2,35.2,33,39.9,27.7,36.2,26.5,34,29.3,19.1,35.3,24.5,35.8,38.5,40.4,34.8,15.3,11.1,13.9,20.3,40.6,23.5,4.9,7.6,2.6,23.5,,19.3,15.4,8.6,25.3,35.2,47.7,43.4,78.6,60
20140606,18,O3,49.5,55,43.9,61.3,40.7,66.4,36.2,39.1,55,49.6,45.5,45.7,35.3,47.4,53.6,67,74.1,57.3,55.4,19.6,59.6,87.7,73.9,63.8,64.2,,64.3,59.1,64.5,55.8,50.4,47.7,32,9.5,31.4
20140606,18,CO,0.5,0.5,0.7,0.5,0.3,0.4,0.3,0.3,0.4,0.5,0.6,0.6,0.6,0.3,0.3,0.1,0.3,0.4,0.4,0.7,0.5,0.3,0.2,0.1,0.5,,0.3,0.2,0.1,0.3,0.5,0.3,0.5,0.6,0.6
20140606,19,SO2,2,2,2,2,2.8,2,4.8,11.5,2,2,2,2,2,2,2,2,2,2,2,2,2,2,4.9,2,11,,3.9,2,2,6.9,2,2.1,2,4.2,2.4
20140606,19,NO2,40.3,39.9,39.5,39.1,45.4,28.1,41.1,29.9,17.4,44.2,33.4,41.2,40.7,52.1,36.5,23.1,11,13.3,33.2,46.2,20.9,7.8,13.5,2,68.3,,14.5,6.9,9.1,28.5,43,52.2,53.7,88.5,64.7
20140606,19,O3,47.8,49.8,43.6,50.4,35.6,62.5,26.6,40.7,52.4,36,30.7,42.1,31.7,37.9,54.6,55.6,71.2,52.4,42.5,13,62.4,79.7,72.6,66.5,33.8,,67.6,72.5,63,51.4,44.8,47.7,23.4,7.8,20.1
20140606,19,CO,0.6,0.4,0.6,0.6,0.4,0.4,0.4,0.4,0.4,0.5,0.6,0.7,0.6,0.3,0.3,0.1,0.3,0.4,0.5,0.7,0.5,0.3,0.2,0.1,0.5,,0.2,0.1,0.1,0.2,0.6,0.3,0.6,0.7,0.7
20140606,20,SO2,2,2,2,2,2.3,2,5.3,10.3,2,2,2,2,2,2,2,3.6,2,2,2,2,2,2,4.3,2,4,,3.9,2,2,5.9,2,2.1,2.6,3.5,2
20140606,20,NO2,57.2,55.7,55,39.8,44.1,43.8,37.6,29.2,16.2,47.5,43.1,44.2,46.5,52.2,27.6,28.5,9.9,18.1,39.1,49.1,19.6,6.7,26.8,2,16.3,,14.2,7.7,4,32,48,57.9,56,84.1,76.7
20140606,20,O3,31.3,33.1,29.2,47.2,35.5,46.4,28.6,32,31.2,35.2,18.3,37.8,25.6,34,58.9,49,75,52.1,29.9,7.5,60.3,76.5,53.6,36.9,54.4,,67.1,68.1,62.9,43.8,36.2,35.9,21.7,7.9,15.3
20140606,20,CO,0.6,0.5,0.7,0.5,0.4,0.5,0.3,0.4,0.4,0.5,0.7,0.6,0.6,0.3,0.3,0.1,0.3,0.4,0.5,0.7,0.4,0.3,0.3,0.1,0.4,,0.2,0.1,0.1,0.3,0.6,0.3,0.5,0.6,0.7
20140606,21,SO2,2.1,2,2,2,3,2,5.4,8.7,2,2,2,2,2,2,2,2,2,2,2,2,2,2,4.1,2,2.9,,4.2,2,2,5.7,2,2,2,4.2,2
20140606,21,NO2,53.3,57.8,53.1,48.9,44.2,44.3,53.4,29.4,16.7,61.3,40.3,47.3,50.5,64.2,49,25.9,17.5,31.6,34.5,51.3,20.1,5.6,32.6,3.3,47.6,,14.4,21.9,6.1,44,54.5,72.2,61.1,99.2,74.8
20140606,21,O3,36,19.4,31.1,39.2,35.5,44.8,10.5,23.6,42.8,16.1,21.3,30.6,19.7,16.3,37.5,53.1,64.3,33.7,29.3,7.4,53.3,75.4,42.4,26.3,7.6,,62.3,52.4,41.7,23.4,34,21.3,14.6,2,9
20140606,21,CO,0.6,0.6,0.7,0.6,0.3,0.4,0.4,0.4,0.4,0.6,0.7,0.6,0.6,0.4,0.3,0.1,0.3,0.5,0.5,0.7,0.4,0.3,0.4,0.2,0.4,,0.2,0.1,0.1,0.3,0.6,0.4,0.5,0.8,0.7
20140606,22,SO2,2,2,2,2,2.4,2,5.3,7.4,2,2,2,2,2,2,2,2.4,2,2,2,2,2,2,3.8,2,6,,4.3,2,2,5.5,2,2,2,3.8,2
20140606,22,NO2,45.5,49.6,56.8,41,40.8,36.8,55.6,35.4,15.7,53.9,33.5,32.1,62.9,74.1,62.7,28.4,15.2,57.1,24.8,36.8,12.3,9.2,26.9,7.2,64.5,,15.2,25,5.6,37.6,49.9,72.5,63,96.9,61.6
20140606,22,O3,35.5,19.6,24,41.4,33.5,47.5,8.5,6.6,49.8,22.2,28.8,46.1,3.7,5.6,24,47.5,61.7,7.2,37.8,22.8,49,63.6,39.8,20.5,7.9,,49.1,44.4,20.3,13.6,31.5,21.4,9.7,2.3,11.7
20140606,22,CO,0.7,0.6,0.7,0.6,0.3,0.4,0.4,0.5,0.3,0.5,0.7,0.5,0.7,0.5,0.4,0.1,0.3,0.6,0.4,0.4,0.4,0.3,0.4,0.2,0.4,,0.2,0.1,0.1,0.3,0.7,0.5,0.5,0.8,0.5
20140606,23,SO2,2,2,2,2,2.4,2,5.6,8.1,2,2,2,2,2,2,2,2,2,2,2,2,2,2,4.2,2,8.9,,4.6,2,2,5.5,2,2.6,2,2.8,2
20140606,23,NO2,51.1,43.4,61.2,43.6,44.6,53,61.9,33.9,9.3,53.9,27.1,55.2,54.8,72.6,65.7,26.9,18.8,29.7,26.8,36.6,6.7,16,51.2,4.1,63.3,,13.7,15,22.3,41.1,53.9,70.5,68,87.2,48.6
20140606,23,O3,25.5,8.6,14.1,25.6,23.9,29.1,2,2.6,46.4,14.8,30.5,12.4,3.9,4.6,19.2,45.5,46.8,16.2,27.7,27.2,44.9,46.3,6,24.9,18.5,,56.6,50,4.1,8.9,21.2,12.3,3,2.2,12.6
20140606,23,CO,0.7,0.5,0.7,0.6,0.3,0.6,0.6,0.4,0.3,0.5,0.6,0.8,0.7,0.5,0.4,0.1,0.3,0.5,0.4,0.4,0.3,0.3,0.4,0.1,0.4,,0.2,0.1,0.2,0.3,0.6,0.5,0.5,0.8,0.4
20140606,0,PM2.5,89.9,84.9,76.8,88.6,88.1,85.4,81.9,75.5,59.7,106.6,87.7,91.7,99.4,103.1,109.8,88.8,87.5,66.4,59.8,54.2,60,65.3,68.8,61.2,65.4,,62.1,73.9,94.5,,86.4,89.2,88.1,101.9,77.8
20140606,0,PM10,178.1,137,,182.3,,178.3,177.8,194.1,87.2,216.3,146.9,238.7,141.9,173.2,178,183.5,185.8,83.1,117,132.1,99.4,,,64,,,90.5,,,167.7,,152.5,,216.1,134.4
20140606,0,AQI,93,91,89,101,96,87,94,98,69,100,88,93,99,102,97,90,89,73,74,74,80,80,88,71,78,,72,83,91,104,97,94,97,137,95
20140606,1,PM2.5,89.8,83.9,86.9,93.7,84.2,78.1,88,87.3,53.6,109.3,84.8,83.4,95,110.9,114.4,88.6,92.1,60.7,61.4,60.4,75.2,71.5,66.5,58.8,57.4,,71.8,88.6,106,,95.2,88,88.4,99,86
20140606,1,PM10,178.1,131.3,,174,,173.1,204,294.3,82.6,240.1,134.3,228.8,155.5,180.9,181.7,179.5,268.4,80.7,103.6,127.8,165.2,,,69.3,,,,184.7,,210.7,,160.5,,201.9,171.9
20140606,1,AQI,94,92,91,102,98,89,95,102,70,102,89,95,100,104,99,90,90,74,75,74,82,80,88,69,78,,74,85,93,104,98,93,98,133,95
20140606,2,PM2.5,95.4,102,88.3,99.7,96.9,97.9,91.3,88.5,55,116,71.6,92.2,101.6,113.3,114,84.3,84.6,63.6,58.8,63.6,74.7,76.8,48.6,58.1,50.5,,74.5,99.3,108.1,,98.8,102.3,92.9,96.4,111.2
20140606,2,PM10,214.1,189.4,,170.9,,237.2,248.6,283.6,82.4,188.6,117.3,283.2,163.2,166.5,169.9,135.8,123.3,98.8,91.5,95.6,173.6,,,76.7,,,80.6,157.6,,189.3,,180.1,,178.9,278.9
20140606,2,AQI,96,93,91,102,100,93,98,105,71,103,90,98,100,105,100,90,89,75,76,75,82,80,86,70,77,,76,88,95,104,98,94,99,131,96
20140606,3,PM2.5,108.9,113,105.3,109,108.2,103.2,80.4,77.5,63.2,117.3,75.8,91.3,107.8,122.1,121.1,73.9,86.6,74.8,58.6,67.9,80.6,58.4,52.5,63,31.2,,65.4,94.1,114.8,,116.1,113.3,109.9,127.1,104.3
20140606,3,PM10,232,208,,172.9,,251.1,130.1,187.9,107.7,198.6,124.1,250.8,156.7,167.3,184.3,86.4,,106.5,100.7,75.1,124.7,,,67.8,,,,106.1,,214.3,,180.2,,214.4,242.2
20140606,3,AQI,99,95,92,104,101,96,97,104,72,104,91,101,102,107,103,91,90,76,77,76,83,80,85,71,75,,78,91,98,103,100,95,101,128,98
20140606,4,PM2.5,113.1,116.2,111.1,112.2,115.3,109.1,79.7,92.7,74.4,123.9,76.5,85.6,115.8,136.1,122.1,65.5,94.2,84.9,71.2,63.1,82.8,74.1,59.8,63.9,23,,64.1,79,136.9,,109.8,112.6,115.3,125,106.2
20140606,4,PM10,236.9,211.4,,217.9,,166.9,203,224,201.5,183,132.8,193.5,177.2,178.1,153.5,69.2,,193.3,159,84.2,127.4,,,66.2,,,78.2,,,234.2,,201.3,,272.6,175
20140606,4,AQI,101,97,94,105,102,97,99,106,74,107,91,101,105,110,105,91,91,78,78,77,84,80,84,71,72,,79,93,102,103,101,97,102,129,98
20140606,5,PM2.5,100.7,101,113.5,113.2,96.9,82.5,95.1,84.4,93.3,126.5,102.3,88.6,129.6,132.2,99.5,70.8,88,87.7,86.8,66.9,81.4,82.4,43.4,52.9,16,,82.5,70,147.4,,105.7,99.7,117.9,119.2,90.3
20140606,5,PM10,151,114,,141.4,,120.4,275.8,254.6,187.6,227.7,194.3,239.5,181.8,168.3,104,83.8,99,116.7,170.4,86.8,120.6,,,50.7,,,103.1,,,285.7,,114,,160.1,130.2
20140606,5,AQI,101,98,96,107,102,97,102,107,76,109,93,104,109,113,106,91,93,80,80,77,85,81,82,71,70,,81,94,106,103,101,98,104,127,99
20140606,6,PM2.5,78.7,87,95.5,89.8,85.4,82,90.6,92.1,82.2,120.8,105.3,95.4,148.3,102.7,82.1,78.4,87.8,89.5,87.3,75.8,81.6,82,25.6,55.1,16.5,,91.2,72.5,147.6,,92.4,83.1,92.7,95.8,84.8
20140606,6,PM10,102.4,97.9,,99.5,,124.3,101.3,174.3,116.6,148.2,210,157.2,177.9,129.2,,100.7,106.1,,146.1,108.6,109.6,,,75.2,,,137.3,,,272,,90.9,,135.1,130.7
20140606,6,AQI,100,98,98,107,103,97,102,107,78,110,95,105,114,114,106,91,95,82,83,78,86,81,80,71,67,,83,95,110,103,102,98,105,125,98
20140606,7,PM2.5,80.1,83.3,88.7,86.5,88.5,80.5,87.8,89.4,91,97.4,100.8,92.9,112.4,81.7,87.9,91.3,103.4,96.1,88.8,77.8,88.6,83,21,63.9,34.2,,100.5,81,152.8,,84.6,81.8,89.2,91,83.1
20140606,7,PM10,140.2,106,,100.2,,133.1,124.4,,98.2,110.8,134.9,126.6,114.9,88.2,99.8,123.2,140.1,104,145.2,106.5,100.9,,,79.4,,,157.4,,,277.7,,109.7,,164.5,130
20140606,7,AQI,100,98,99,107,103,96,100,108,80,110,97,105,115,112,106,92,96,85,85,79,87,82,76,72,65,,86,96,115,105,101,97,105,124,97
20140606,8,PM2.5,89.5,95,93.4,88,94.2,94.6,96.2,93.1,90.9,93.5,100,90.8,93.3,89.2,100.6,101.4,105,101.2,100.5,86.4,89.6,90.5,27.7,87.4,71.9,,108.1,102.2,106.9,,98.3,92.3,95.9,97.6,97.9
20140606,8,PM10,159.7,157.6,,143.3,,163.1,143.7,145.5,116.8,132.4,103.9,143.1,104.2,116.5,127.8,147.2,177.7,105.2,138.2,139.6,130.7,,,111.3,,,141.5,,112.9,239,,148.4,,190.8,157.8
20140606,8,AQI,100,98,99,107,102,95,100,108,82,110,96,105,115,111,106,93,98,87,88,81,88,83,73,73,65,,89,97,115,107,101,97,105,124,96
20140606,9,PM2.5,100,104.7,101.8,104.8,104.2,103.1,101.4,98.9,96.3,106.8,105.1,97.5,103,114,119.7,111.2,107.1,102.7,102.7,105.4,92.3,43.7,16.3,97.8,83.2,,105.3,104.5,95.6,,107.1,106.4,106,117.2,107.5
20140606,9,PM10,180.4,161.3,,159.4,,182.6,180.1,186.4,137.5,153.1,124.5,150.1,113.8,138.1,148.2,159.4,150.4,139.4,133.7,172.2,137.5,,,99.9,,,142.3,,103.4,155.1,,160,,216.4,157.7
20140606,9,AQI,101,99,100,108,102,95,100,109,83,111,98,105,115,112,107,94,100,88,91,83,89,82,70,76,66,,92,97,114,107,102,99,106,125,97
20140606,10,PM2.5,112.8,116,111.5,111.6,120,105.8,102.8,109.2,108.6,118,115.8,107.7,110.6,104.5,136.6,115.9,123.4,110,107.2,114.1,40.7,10.9,18.6,101.2,94.7,,112.6,117.4,93.9,,,115.6,116.9,120,114.3
20140606,10,PM10,160.4,154.6,,176.4,,193,190.1,135.2,149.4,176.1,137.7,164.4,127.6,154.6,165.1,157.6,183.8,122.7,147,158.5,,,,103.6,,,137.1,,115.2,197.7,,156.8,,213.3,170.7
20140606,10,AQI,102,101,102,110,104,96,101,109,86,114,101,107,117,112,110,95,102,92,93,85,87,80,67,79,68,,93,99,114,108,102,101,108,125,98
20140606,11,PM2.5,116.1,125.4,114.4,117.4,121.6,104.8,120.6,116.3,118.1,126.4,117.3,119.2,129.4,139,142.1,123.6,122.2,110.4,109.3,110.2,11.7,19.6,23.4,,25.8,,115.5,120,110.9,,,123,122.3,134.1,119.1
20140606,11,PM10,156.7,153.5,148.5,165.5,,171.4,182.1,200.9,140.8,182.1,142.1,169.7,136,171.3,167.1,162.7,164.9,127.9,144.1,151.3,18.9,,57.8,,,,176.2,,137.3,214.8,351.4,165.9,,214.8,151.2
20140606,11,AQI,103,104,105,112,107,98,103,112,89,117,104,109,119,115,113,98,105,95,95,87,84,79,64,,66,,95,100,116,110,103,104,110,125,101
20140606,12,PM2.5,108.3,111.9,116.5,116,98,108.3,112.8,58,102.4,124.9,107.8,89.7,127.4,144.2,141.5,134.5,115.4,27.8,57.9,110.9,13.3,29,11.2,,12.7,,100.1,127.4,122.8,,56.1,119.1,121.4,147.7,110.8
20140606,12,PM10,154.6,120.8,162.1,159.8,,150.2,217.4,,122.4,168.3,,90.6,,169.2,166.1,166,139.1,38.8,73.5,153,15.6,,,,,,147.7,,167.5,193.7,241.2,127.8,,183.3,133.8
20140606,12,AQI,106,107,108,116,109,101,105,112,93,121,107,107,122,119,118,101,107,93,96,89,82,78,62,,64,,96,103,119,113,105,107,113,128,104
20140606,13,PM2.5,9.6,23.1,13.3,44.5,5.6,20.5,20,4.6,11.9,39,9.8,5.2,20.5,70.8,79.7,71,26.4,5.2,4.4,93.9,13.7,,8.3,,5.5,,108.8,104.1,138.8,,31.7,38,22.9,73.6,12.6
20140606,13,PM10,,,,,,,,5,,,27,39.7,25,74.6,,121.3,43.4,,5,145.4,125.3,,,,,,150.9,110.4,,55.7,64.3,,,,16.3
20140606,13,AQI,104,106,107,116,107,100,107,110,91,120,105,107,120,119,119,103,106,92,94,91,80,78,59,79,62,,99,104,123,113,103,107,112,127,102
20140606,14,PM2.5,3,7.9,6,6.3,7.4,5.2,6.4,5.1,3,4.4,4.6,4.3,4.3,7.4,5.6,8.8,8.3,9.4,8,25.2,5.5,,6.2,,4.3,,24.1,10.5,11.7,,8.7,6.8,10.1,7.2,7.9
20140606,14,PM10,5,,,,,,,,5,5,5,5,5,,,,38.5,,,88.7,9.6,,,,,,57.6,32.2,48.4,62.8,25,,,,
20140606,14,AQI,101,104,105,107,105,99,107,113,89,118,102,104,116,116,117,101,104,90,91,89,78,78,57,80,61,,97,102,121,113,100,105,110,123,100
20140606,15,PM2.5,3,8.1,11.2,3,7.1,8.1,5,5.4,3,9,10.6,3,6.8,3,7.6,3,11.8,11.8,8.5,7.4,3,3,3.2,3,5.4,,4.5,9.4,3,,7.8,8.8,7.4,9.8,3.4
20140606,15,PM10,5,,,5,,,20.6,15.8,5,,,5,,5,,5,,,,,5,,,9.2,,,5,38.2,5,5,17.4,,,,5
20140606,15,AQI,100,102,102,105,103,102,105,112,87,115,100,103,114,113,116,99,103,89,89,87,76,76,55,78,59,,95,99,118,112,98,103,108,120,99
20140606,16,PM2.5,3,5.6,10.7,6.4,6.3,6.5,5.3,5.8,4.1,5.6,3,7.4,3.8,9.9,3,6.4,7.1,8.4,10.1,6.2,4.6,3,5.2,5,8.5,,6.5,8.1,4.3,,6.5,8.4,3,14.8,7.2
20140606,16,PM10,5,,,,,,,,5,,5,,5,,5,,,,,,5,,,5,,,,,5,,10,,,,
20140606,16,AQI,97,100,100,103,101,103,106,114,84,113,97,104,110,111,113,97,101,87,86,85,74,73,53,75,58,,93,97,116,114,97,101,105,117,97
20140606,17,PM2.5,3,5.6,14.4,9.8,9,3,8.6,10.2,3,4.7,13.1,10.9,16.9,7.5,3.6,7.7,9.6,6.3,7.9,6.1,8.5,3,7.6,4.5,18.2,,9.7,10.8,5.9,,10.8,9,6.3,4.2,6.1
20140606,17,PM10,22.1,7.1,,,,18.1,24.7,,5,5,,,,7.7,12.6,,,,,,,5,,5,,,,,,29,26.3,,,5,22
20140606,17,AQI,95,97,97,100,98,101,103,89,82,110,95,104,108,108,110,96,99,85,87,84,75,75,51,73,57,,91,95,115,112,95,98,103,114,94
20140606,18,PM2.5,3,7.5,13.7,3.3,7.4,4.9,8.1,6.4,4.6,12.3,21.2,11.9,9.3,9.1,7.1,6.4,3,3,11.3,5.3,5.7,3,10.2,5,17.9,,11.7,13.1,5.4,,8.5,7.6,13.7,11.1,10
20140606,18,PM10,5,,,24,,5,14.6,,5,16.5,,,,14.8,,,,,,,,5,,5,,,,,9.8,,14.7,,,30.2,
20140606,18,AQI,92,95,95,97,95,98,99,86,79,107,93,105,105,107,108,93,96,82,80,86,75,73,49,71,56,,89,93,112,113,93,96,100,111,92
20140606,19,PM2.5,3,13.4,11,7.7,9.5,6.2,6.4,9.3,3.5,15.5,15.9,15,13.4,8,11.3,6.8,3.9,7.9,13,8.4,6.3,3,4.9,4.1,13.3,,3,3,3.8,,8,11.2,17.9,7.1,12.1
20140606,19,PM10,5,,,,,9.8,39,,5,,,18.9,,12.3,,,,,,,25.5,5,,17.1,,,,,5,,15,,,,
20140606,19,AQI,89,93,92,95,92,96,98,83,76,105,91,103,103,104,106,91,94,79,78,81,73,71,47,68,54,,87,90,110,114,92,94,97,108,91
20140606,20,PM2.5,3,13.1,17.3,13.5,8.9,12.5,7.2,9.2,8.9,13.1,13.2,14.7,20.3,12.7,7.1,8.9,4.5,10.4,16.4,3,11.2,5,3,3.8,6.5,,8.1,3,3,,10.4,9.6,18.1,11.8,12.1
20140606,20,PM10,5,,,,,,17.3,,,,,26.4,,14.6,,,,,,,,,,5,,,,,5,,14.5,,,,
20140606,20,AQI,86,90,90,93,89,85,96,81,74,103,89,100,101,102,104,89,90,76,76,79,72,64,44,64,51,,85,88,107,114,90,91,94,105,88
20140606,21,PM2.5,3,10.7,16.2,14.7,12.5,11.3,11.1,7.6,7.1,17,20.7,17.9,16.1,12.9,6.8,7.4,7.4,16,12.3,7.3,13.6,3,5.5,6,9.4,,4.7,4.9,3,,13.6,17.5,17.6,12.9,12.2
20140606,21,PM10,5,,,,,,25.4,,,,,20.4,,15.3,,,,,,,,,,5,,,,,5,,16.9,,,,
20140606,21,AQI,83,88,88,90,87,82,93,78,72,100,86,96,98,100,101,86,87,74,73,76,62,61,41,61,48,,83,86,104,22,88,89,91,102,86
20140606,22,PM2.5,7.3,10.5,17.1,8.4,13.8,15.4,16.8,10.2,3,11.6,26.6,12,19.1,14.1,10.4,3.7,8.2,15.8,8.7,6.7,7.8,5.9,9.7,5.6,13.4,,7.7,9.3,3,,10.2,16.1,17.5,11.9,10.8
20140606,22,PM10,31.4,,,,,,20.4,,5,,,,,23.6,,,,,,,,,,5,,,,,5,,18.5,,,,
20140606,22,AQI,80,85,85,87,83,80,90,74,69,96,84,95,95,97,97,82,83,71,70,73,59,57,37,58,45,,80,84,101,19,85,87,88,97,83
20140606,23,PM2.5,12,10.9,20.2,13.1,16.3,13.1,16.9,11.1,3,14.8,3,24.6,17.7,18.7,9.6,9,8.4,12.2,10.5,9.1,5.4,8.1,17.2,3,12.9,,4.8,8.6,14.6,,16.2,17.2,16.9,14.3,13.7
20140606,23,PM10,28.1,,,,,,42,,5,,,73.4,,23.8,,,,,,,,,,5,,,,,,,21.6,,,,
20140606,23,AQI,77,82,82,83,80,77,87,72,66,92,79,91,91,94,92,78,79,68,67,71,57,54,34,55,42,,77,80,97,21,81,84,85,93,80
