date,hour,type,dongsi,tiantan,guanyuan,wanshouxigong,aotizhongxing,nongzhanguan,wanliu,beibuxingqu,zhiwuyuan,fentaihuayuan,yungang,gucheng,fangshan,daxing,yizhuang,tongzhou,shunyi,changping,mengtougou,pinggu,huairou,miyun,yanqing,dingling,badaling,miyunshuiku,donggaocun,yongledian,yufa,liulihe,qianmeng,yongdingmengxi,xizhimengbei,nansanhuan,dongsihuan
20140809,0,PM2.5,76.6,78.3,83.6,59.5,68.2,65.6,70,58.4,65.3,74.2,71,80.3,72.4,79.4,95.8,108.5,113.9,61.5,58.6,88,125.9,83.2,54.2,52.6,56.2,88.4,62.6,97.6,76.1,62.2,83.5,86.1,,75.2,87.1
20140809,0,PM10,,129.4,114.8,115.7,,,142.7,105.9,102.1,139.9,123.4,191.2,116,121.5,120.9,169.9,203,129.8,138.1,,210.9,110,,61,63.4,,115.1,118,104.8,107.2,152.8,156.3,128.5,160.9,
20140809,0,AQI,87,85,100,80,93,83,89,83,90,86,80,95,79,87,98,114,101,87,74,89,95,81,84,84,87,83,70,96,113,84,97,84,84,91,94
20140809,1,PM2.5,91.3,86,81.1,75.1,73.7,71.7,74,62.2,61.8,82.2,73.7,81.4,75.7,91.6,95.4,116.3,135.8,64,60.3,89.3,120.2,78,58,50.1,57.4,83.3,66.3,95.7,75.6,67.9,109.3,96.4,,91.7,91.3
20140809,1,PM10,,121.8,120.5,175.5,,,161,81.5,84.2,125.4,104.8,187.4,139.7,117.1,104.9,163.8,211.4,127.6,111.6,,169.8,112.1,,68.1,66.9,,85.7,,98.3,93.9,167.1,151.2,121.1,180.5,
20140809,1,AQI,89,87,101,83,94,85,91,83,89,86,81,95,80,89,101,117,104,87,74,89,98,77,84,84,87,80,70,98,114,85,100,86,85,93,96
20140809,2,PM2.5,97.6,95.2,95.8,89.5,92,81.3,74.6,69,63,87,64.1,81.4,83.5,107.1,105.6,125.8,131.1,58.2,62,94.5,103.2,82,55,57.1,60.4,74.8,66.4,109.1,88.8,72.4,113.4,108,,110.6,115.1
20140809,2,PM10,,126.3,131.7,149.7,,,162.5,104.3,80.1,166.1,98.7,204.6,138.7,136.1,134.8,184.9,157.1,82,107,,114.4,105.9,,74.3,68.4,,90.9,,100.4,96.5,155.7,148.4,148.3,199.8,
20140809,2,AQI,92,90,104,84,96,87,92,84,89,88,81,96,82,92,103,120,107,87,74,90,99,78,84,84,88,81,71,101,114,86,103,89,86,96,99
20140809,3,PM2.5,105.6,103,116.4,99.6,99.6,98.5,81.9,66.8,73.7,99.9,64.1,86.5,108.6,111.2,115,131.5,116.5,61,59.7,79.5,78.1,81.5,56.6,58.3,62.9,81.2,81.9,114.9,105,75.5,118,110.3,,121.6,130.9
20140809,3,PM10,,120.5,138.4,124.1,,,150.4,96.8,122.9,143,110.1,193.5,131.7,148.4,134.2,161.2,123.4,85.9,111.4,,81.9,109,,63.5,68.5,,130.7,,113.7,97.5,133.9,123.6,173.2,187.3,
20140809,3,AQI,95,92,107,85,99,89,94,85,90,90,81,97,85,95,105,122,108,87,74,90,100,80,85,84,87,82,73,104,99,87,105,92,88,99,104
20140809,4,PM2.5,111,104.6,123.5,99.2,108.3,111,92.1,70,81.8,108.6,63.8,106.3,92.3,121.6,136,136.4,123.7,57.8,55.3,80.5,72,90.1,61.4,57.6,64.2,75.8,93,113.7,104.4,81.9,120.8,110.7,,119.6,134.1
20140809,4,PM10,,128.4,134.3,150.2,,,187.9,98.4,120,155.4,87.9,217.7,121.9,156.5,152.6,160.6,155.8,81.1,82.1,,82.8,106.2,,72.2,86.3,,127.4,,117.6,145.3,134.9,135.7,151.7,175,
20140809,4,AQI,98,95,111,86,101,92,96,86,92,92,81,98,87,98,108,124,111,86,75,90,100,81,85,84,87,83,76,107,95,89,108,95,89,102,108
20140809,5,PM2.5,112.5,108.8,117.3,106.2,109.3,107.6,115.8,67.9,85.3,120.7,76.4,84.1,70.9,132.7,153.7,144.8,135.9,63.7,53.6,80.5,76.2,82,61.9,59.6,79.3,86.7,97.1,119.6,120.5,74.4,125.5,122.8,,141.1,149.4
20140809,5,PM10,,125.3,128.3,148.4,,,178.6,88.7,119.8,151.2,98.7,128.7,107.3,169,157.7,172.2,192.2,95.4,87.1,,98.1,94.1,,77.9,100.2,,103.7,,135.7,172.3,158.6,143.1,142.6,207.3,
20140809,5,AQI,101,97,114,89,104,95,100,86,93,96,82,99,88,103,112,126,114,86,75,92,101,83,84,83,86,84,79,109,94,90,111,99,90,107,112
20140809,6,PM2.5,140.9,124.9,139.8,134.7,117,128.4,116.7,69.4,93.6,116.5,77.4,76.9,79.5,130.4,144.9,151.1,149.3,76.3,51.4,75.3,81.2,76,59.3,69.4,88.7,89.6,105.5,130.1,118.9,70.4,148.1,138.2,,151.4,149
20140809,6,PM10,,136.6,145.8,157.4,,,188.9,83.4,115.4,146.2,115.5,149.1,122.5,169.2,154.3,168.2,196.1,109.7,73.4,,107.4,97.5,,92.7,106.2,,123.5,,132.7,146.9,154.5,152.8,178.6,220.4,
20140809,6,AQI,105,101,118,94,107,99,102,86,93,98,83,99,90,107,116,129,118,87,76,92,101,84,83,83,87,86,82,111,96,91,115,103,91,112,114
20140809,7,PM2.5,159,166.5,149.7,143.1,125.2,137,118.2,74.1,113.5,124.2,81.9,103.3,76.4,154.2,142.5,167.3,145.4,72.2,61.6,83.9,85.3,87.3,73.1,84.2,103.8,86.1,101.9,141.1,130.5,79.1,186.4,160.1,,161.9,163.9
20140809,7,PM10,,177.1,165.2,221.5,,,165.2,91.3,124.9,164.5,136.7,212.5,106.8,203.3,162.3,175,163.3,145.9,103.7,,131,114.4,,117.8,114.6,,128.9,,159,190.6,191.2,170.9,179.3,225.9,
20140809,7,AQI,110,107,122,99,109,102,104,87,95,102,85,101,91,111,119,132,121,87,76,93,102,85,82,84,87,87,86,115,99,92,121,108,91,117,118
20140809,8,PM2.5,158.8,171.3,138.7,144.5,146.6,143.1,141.4,87.8,116.4,134.3,93.3,120.3,107.2,172.6,172.8,173.8,135.8,96.5,96.2,98,93.9,89.7,98,84.6,111.9,82.4,105.7,157.1,132.2,86.8,178.8,162.1,,175.8,173
20140809,8,PM10,,,142.6,216.2,,,241.9,110,144.7,177.1,140.8,183.6,177.6,231.2,185.9,210.2,197,167.9,152.5,,151.7,117.6,,133.2,124.4,,136.7,176.1,172,226.6,,,202.4,247.3,
20140809,8,AQI,114,112,124,103,111,104,106,88,96,104,86,103,93,115,123,134,124,88,78,95,103,87,83,84,89,88,89,118,102,92,126,113,92,122,121
20140809,9,PM2.5,167.1,165.5,116.6,144.9,177.5,147.1,153.6,123,127,116.3,128.8,127.2,122.9,179,174.2,164.7,138.8,135,108.1,84.9,105,92,117,102.6,104.6,84.9,107.8,145.6,135.8,125.6,178.5,157.6,,173.3,162.9
20140809,9,PM10,,178.4,,222.6,,,236.6,189.5,152.3,137.1,159.9,207.8,188.9,211.4,174.2,195.6,191.6,212.6,153.7,,168.2,142,,155.5,125.3,,135.3,152.5,,218.3,,,179,236.2,
20140809,9,AQI,118,116,125,107,115,108,109,90,98,106,89,105,95,120,127,136,127,91,81,97,105,89,84,86,91,90,93,120,105,95,130,116,92,126,124
20140809,10,PM2.5,126.9,110.8,144.6,112.9,164.8,112.3,160.4,151.7,133.9,110.2,130,140.1,102.8,118.1,118.8,140.4,136.7,154.8,108.7,92.9,121.1,86.3,108.6,129.7,98.5,87.2,89.5,106,89.5,126,131.9,115.9,,117.7,120.7
20140809,10,PM10,,,,140.2,,,261.9,208.4,148.9,,163.3,215,,,,,166.1,198,155,,162.8,133.4,,167.3,112.1,,,,,163,,,202.7,131.4,
20140809,10,AQI,119,117,125,108,118,109,111,93,100,107,91,107,96,121,128,139,130,94,82,98,108,91,86,88,92,91,95,120,106,97,132,117,92,127,125
20140809,11,PM2.5,90.8,74.1,166.5,93.5,133.3,84.4,169.6,152,144.3,86.5,105.3,128.5,78.9,81.7,95.8,117.6,116.2,152.5,101.9,67.5,102.3,88.3,92.9,142.8,112.7,85.3,64.2,75.7,63,105.5,100.2,84.9,,96,101.9
20140809,11,PM10,,81.7,,116.7,,,247,207.5,163.3,,110.9,142.3,,86.2,,,,179.7,147.9,,116,100.1,,183.8,115.5,,,,,120.4,,,152.9,141.4,
20140809,11,AQI,119,116,127,109,120,109,115,96,103,108,92,108,96,121,128,141,132,98,83,99,110,94,88,91,94,93,95,121,106,98,132,117,92,127,125
20140809,12,PM2.5,86.7,85.5,137.3,81.4,94.3,72,128.8,154.2,146.9,74.7,71.9,95.2,69.5,69.7,82.7,94.7,101.8,155.9,95.6,59.2,99.4,67.7,76.1,148.5,109.4,81.8,59.1,57.3,48.4,97.3,89.8,79.4,,90.2,76.7
20140809,12,PM10,,86.5,,89.9,,,,191.4,,,,,,79.5,,,,175.1,100.9,,122.6,,,167.6,112.8,,67.1,,63.6,149.7,,,105.7,119.9,
20140809,12,AQI,119,116,129,109,120,108,117,99,105,108,92,109,96,120,129,142,134,102,86,100,112,94,89,95,97,95,95,121,106,99,133,117,91,128,125
20140809,13,PM2.5,79.8,73.9,123.8,65.1,83.3,73.1,83.9,114,87.6,73.4,65.9,72.7,60,63.4,72.2,72.2,98,161.6,81.5,57,109.8,64.5,80.6,151.6,137,69.5,59.9,56,46,86.4,79.1,72.4,,75.7,80.6
20140809,13,PM10,,,,67.3,,,,,,,,,,71.4,,,,177.7,93.1,,141,69.6,,165.7,150.3,,87.1,,57.1,,,,94.7,104,
20140809,13,AQI,120,117,130,111,120,124,118,101,116,122,93,110,97,121,130,143,136,115,102,100,118,109,95,109,119,105,96,122,106,103,133,118,91,128,126
20140809,14,PM2.5,63.3,67.9,103.6,61,75.6,63.6,75.5,66.8,61.5,67,60.9,63.1,51,59,51.3,59.4,88.1,119.8,57,71,101.4,63.7,106.7,157.9,157.2,69.1,61.8,47,47.7,73.6,58.9,63.6,,71.1,67.2
20140809,14,PM10,,,,,,,,,66.3,,,,,,,,,,69.7,,109.3,,,,158.5,,77.8,,52.6,98.5,,,86.5,91.3,
20140809,14,AQI,120,118,132,112,121,123,118,102,114,120,94,110,97,122,130,144,138,128,96,107,132,118,115,133,142,115,108,122,107,101,133,119,91,129,126
20140809,15,PM2.5,59.6,57.3,91.7,61.5,67.8,54,67.9,55.7,72,50,52.7,55.1,47.6,56.5,43.5,59.9,66.2,53.9,55.4,74.7,96.1,65.7,126.7,82.6,126.3,63.9,60.1,45.4,39.9,71.9,79.7,59,,68,54
20140809,15,PM10,,60.4,,103.7,,,,70.6,,63.3,,,,,,,,,72.1,,,83.6,,,,,77.5,,51.8,91.2,,,80.1,86.8,
20140809,15,AQI,121,118,134,111,122,120,117,102,111,112,94,110,97,122,130,144,139,111,94,107,133,125,133,129,143,118,107,122,107,102,134,119,92,130,127
20140809,16,PM2.5,56.1,60.2,112.3,58.4,66.9,49.4,63.8,57,46.8,53.6,46.5,47.7,44.8,54.3,46.9,50.5,61.2,51.5,58.7,86.9,72.8,60.8,81.9,60,67.7,63.9,53.8,49.5,44.6,70.5,71.2,56.9,,57.5,52.7
20140809,16,PM10,,,,96.4,,,,74.1,,,,101.9,,,,,,70.5,79.5,,,66.2,,,73.1,,78.4,,72.8,91.8,,,79.8,76.6,
20140809,16,AQI,122,119,137,112,123,120,119,103,107,110,95,110,97,123,130,144,139,110,97,106,127,125,118,111,119,122,113,121,106,104,135,120,92,130,127
20140809,17,PM2.5,47.9,51.5,64.4,51.2,59.1,41.6,53.9,57.5,59.3,48.1,53.3,62.5,48.3,43.9,46.7,55.7,51.3,56.5,56.1,58.3,66.7,53.3,67.7,57.8,65.5,58.8,39.8,51.6,50.2,63.6,59.6,50.8,,56.1,50.3
20140809,17,PM10,,,,110.1,,,,92.3,89.4,,57.9,130.4,,,,,,59.9,80.2,,76.3,66.7,,67.6,85,,,,70,74.1,,,67.2,80.9,
20140809,17,AQI,122,119,137,112,123,113,120,103,110,111,96,111,98,122,129,144,139,108,93,104,128,116,110,105,108,122,101,121,105,104,135,120,92,130,127
20140809,18,PM2.5,42.6,48.3,95.7,49.5,52.7,44.6,53.4,60.1,58.4,39.8,48.6,61.3,41.7,43,43.7,48.8,48.7,55.6,60.9,56.2,52,46.7,63.6,47.2,56.5,56.7,33.3,47.9,47,65.4,52.6,44,,51.5,47.3
20140809,18,PM10,,,,97.9,,,,100.4,73.7,,,100.9,,,,,,117,94.4,,75.7,62,,95.3,86.1,,82.6,,77.4,110.1,,,56.8,72.9,
20140809,18,AQI,122,118,140,112,123,110,120,104,109,110,95,112,97,121,128,143,139,109,100,104,120,107,101,105,108,109,98,120,104,105,134,120,91,129,127
20140809,19,PM2.5,45.5,41.2,69.2,53.4,52,47.4,52.9,62.2,64.1,44.9,48.9,62,47.1,47.3,44.5,55.8,48.5,55,60.8,53.4,51.6,48.4,59.3,54.6,64.7,46.5,33,59.5,39.2,73.1,53.3,46.6,,53.4,46.2
20140809,19,PM10,,,,154.2,,,,92.9,73.3,,,102.6,,,,,,98.9,94.3,,99.2,55.1,,93.7,87.4,,72.9,,76.1,112.8,,,100.7,103.8,
20140809,19,AQI,121,117,139,112,122,109,120,105,109,109,95,112,97,120,127,142,138,109,91,103,120,100,99,105,109,101,97,118,104,105,133,119,90,128,126
20140809,20,PM2.5,47.8,49.9,108.3,49.4,53,45,51.2,61.9,58.1,53,31.1,60.4,58.2,54.1,50,69.4,55.7,62.1,59.3,55.6,59.7,39.4,44,57.6,56.8,44.7,44.1,57.2,46.6,70.8,66.9,47.2,,60.2,45
20140809,20,PM10,,,,130.3,,,,89.7,81.8,,,146.8,,,,,,89.3,104.8,,106.3,71.6,,85.9,97.9,,88.3,,96.2,171.8,,,103.5,127.1,
20140809,20,AQI,119,117,141,111,122,108,120,106,110,109,95,111,97,120,126,140,137,110,91,102,119,100,98,106,110,100,95,117,103,105,132,119,90,128,125
20140809,21,PM2.5,53.3,59.1,60.2,53.9,51.6,45.9,52,34.7,39.6,66.8,57,69.5,66.8,60.2,50.9,78.9,63.9,35.3,54.2,60.5,58.2,46.9,19.8,28.7,16.7,44.4,54.8,60.4,59.2,80.4,66.4,57.4,,73.9,57.7
20140809,21,PM10,,,,99.6,,,,113.6,100.4,,,221.3,,,,,,154.9,127.5,,120.5,66.8,,88,24.3,,122.7,,109.8,186.3,,,150.3,147.3,
20140809,21,AQI,119,117,141,111,121,108,120,105,109,110,95,112,98,120,124,139,136,110,92,100,118,98,97,105,108,99,94,116,103,106,132,119,91,128,125
20140809,22,PM2.5,17.5,15.2,11.8,17.6,8.5,18,11.4,10,10,23.6,12.7,17,17.8,44.2,47.4,64.5,59.3,7.6,8.2,78.9,60.2,44.3,8.1,23,9.4,42.8,65.9,72.6,64.6,39.9,13.4,19.4,,24.5,23.4
20140809,22,PM10,,,,164.3,,,,10.8,14,,,62,,,,,,34.5,18.6,,105.8,101.3,,25.9,,,130.4,,147.4,,,,104.3,133.8,
20140809,22,AQI,116,115,138,109,118,106,117,103,107,107,92,109,95,119,122,137,134,107,89,100,116,95,94,104,106,97,94,116,103,105,130,117,91,126,123
20140809,23,PM2.5,20.5,10.3,24.4,7.8,7,9,5.5,15,3,10,11.3,15.2,10.6,13.1,22.8,26.4,31.9,5.4,8,56.9,19.6,45.6,12.6,18.6,6.4,49.6,63.5,35.6,15.2,12.7,18.7,13.7,,19.6,17.9
20140809,23,PM10,,,,19.9,,,,,5,,,30.8,,,,,,5.7,13.1,,45.7,95,,,,,73,,76.5,79.5,,,11.4,41,
20140809,23,AQI,114,111,136,106,115,103,114,101,104,104,90,106,92,115,119,132,129,104,87,100,111,93,92,102,104,95,94,113,100,102,127,114,88,123,121
20140809,0,SO2,12.5,5.8,10.5,6.2,8.3,14.5,14,9.7,6.3,10.5,4.1,6.2,3.6,10.4,11.4,9,8.9,4.8,2.1,8.2,10.5,14.4,5.6,2.6,7,16.9,6.6,7.9,2,16.1,2,10.9,17.2,5.7,3.2
20140809,0,NO2,65.2,69.3,45,57.8,47.2,60.5,71.8,34,45.2,70.5,54,86.6,48.5,48,44,109.4,53,49.7,78,16.8,56.9,19.7,25.3,16,130.4,8.3,31.5,41.8,15.7,13.9,102.3,119.2,65.6,122.2,128.8
20140809,0,O3,72.9,55.8,105.4,89.7,90.1,109.7,71.1,88.7,91.2,75.1,42.1,38.3,60.5,114.7,150.4,68.4,90.7,88.2,29.5,147.5,99.4,184.7,116.5,100.3,17.2,186.4,144.5,47.3,33,36.1,24.5,32.5,81.4,33.7,28.5
20140809,0,CO,1.2,1.2,1,1.2,0.8,1.1,0.9,0.9,1.8,1,1.1,1.2,1.1,1.1,1.4,1.5,2,1,0.9,1.3,2.1,1.5,0.7,0.8,0.8,1.5,0.9,1.3,1.2,0.6,1.3,1.4,1,1.3,1.4
20140809,1,SO2,13.4,2.9,12.9,4.9,9.5,14.6,15.2,7.9,5.4,12,2.8,7.9,3.7,11.1,11.2,8,5.8,5.2,2,6.8,6.5,11,5.8,2.8,5.6,8,6.3,6.2,2,16.8,2,10.4,5.8,5.5,3.8
20140809,1,NO2,76.5,71.8,45.7,90.9,56.5,66.3,62.1,40.2,30.2,65.3,54,97.7,76,38.1,34.4,125.9,54.6,57.4,84.6,15.7,35.8,23.3,23,16.8,107.5,5.9,26.5,32.7,18.7,41.5,109.9,132,44.1,126.1,146.2
20140809,1,O3,60,32.9,99.6,49,82.5,92.9,68.5,55.3,101.1,75.7,32.6,20.3,27.2,121,163.4,32.1,61.4,78.9,23,133.4,113.8,159.8,109.1,97.4,43.2,147.9,162.1,47,13.3,10.7,13.4,19.1,99.1,22.7,14.6
20140809,1,CO,1.3,1.3,1,1.5,0.8,1.3,0.8,0.9,1.2,1,1,1.1,1,1.3,1.4,1.4,1.8,1,0.9,1.3,1.6,1.5,0.7,0.8,0.8,1.4,0.8,1.2,1.1,0.7,1.5,1.5,1,1.3,1.6
20140809,2,SO2,14.6,4.1,14.6,4.8,10.5,11.5,12.9,8.8,4.4,9.4,2.3,7.5,2,8.5,10.7,7.2,4.9,4.1,3.9,6.1,5.3,10.3,4,3.1,8.5,5.6,16.1,7.3,2.8,16.7,2,12.7,15,6.9,2.8
20140809,2,NO2,70.9,75.1,49.9,91.5,82.3,62,72.6,54.5,29.7,71.9,54.3,89.5,95.5,79.8,55.3,132.7,43.1,36.5,80,15.3,33,28.3,16.5,17.5,100.2,5,24.7,39.4,18.1,47.2,106.1,123.2,56.8,129.7,153.8
20140809,2,O3,72.1,46,84.9,52.1,42.9,97.4,49,43,99.5,46.7,68.6,22,3,71.8,117,7.7,70.3,90.1,24.5,123.4,86.2,136.5,103.2,99.3,48.4,133.9,164.1,32.6,31.2,7.8,15.4,31.2,74.7,22.7,2
20140809,2,CO,1.3,1.3,1.1,1.5,1,1.3,0.9,0.8,2.7,1.1,0.9,1,1.1,1.4,1.5,1.4,1.4,1,0.8,1.3,1.5,1.5,0.7,0.8,0.8,1.3,0.8,1.2,1.2,0.7,1.5,1.6,1,1.3,1.8
20140809,3,SO2,16.4,6.2,13.1,6.4,8,10.1,12.3,8.3,3.2,8.8,2.6,6.6,2,14,12.5,5,5.4,3.9,2,5.2,4.3,14.4,3.9,2.3,8.4,5,20.1,6.5,2,16.8,2,14.6,12.1,7.1,2.5
20140809,3,NO2,50.4,53.5,70.7,68.6,56.1,93,72.1,53.3,59.2,71,55.3,102.8,50.2,68.3,50.8,86.8,32.7,33.9,64.2,14.7,18.2,35.5,18.4,14.8,105.6,4.4,27,50.1,20.1,37.6,80.6,82.3,85.6,107.2,142.6
20140809,3,O3,93.4,72.8,73,76,72,61.8,40.4,29.8,45.1,67.7,45.9,10.3,46,69.2,110.3,24.1,91.6,92.1,2,109.3,109.8,114.8,105,93.8,49.5,125.1,145.3,11.9,37.7,10,30,64,45.9,48.6,2
20140809,3,CO,1.5,1.4,1.4,1.5,1,1.6,1,0.9,3.6,1.2,1,0.7,1.3,1.4,1.4,1.1,1.2,1,0.1,1.1,1.2,1.6,0.7,0.8,0.8,1.4,0.9,1.1,1.2,0.7,1.5,1.5,1.2,1.4,2
20140809,4,SO2,23.1,6.9,15.7,6.5,10,9.8,9,7.8,3.1,6.3,2.8,6.5,2,12.6,17.4,2.6,5.3,3.3,2.3,5.2,4,4.4,3.9,2.1,9.4,4.6,15.3,6.2,2,17.5,2,15.4,2.5,7.4,2.1
20140809,4,NO2,51.3,40,47.6,52.3,39.3,93.2,101.9,60.1,61,107.4,56.1,111.4,64.9,59.7,62.1,79.1,31.1,37.2,28.7,12.3,15.9,20.7,17.8,15.2,120.2,4.2,26.4,65,18.4,49.3,69.1,65.4,72.3,86.9,132.8
20140809,4,O3,83.4,75.8,85.3,88.5,87.1,39.2,6.8,21.1,35.7,16,65,4.3,25.9,68,76.7,20.4,84.9,87.5,63.6,116.3,114.2,94,90.7,87.3,8.3,121.3,132.5,2,15.6,2,32,67.9,64.7,54.6,2
20140809,4,CO,1.4,1.4,1.3,1.4,1,1.6,1,0.9,2.8,1.2,0.9,0.8,1.1,1.4,1.6,1.1,1.2,0.9,0.5,1.1,1.1,1.6,0.7,0.9,0.9,1.4,0.9,1.2,1.2,0.7,1.5,1.5,1.3,1.4,2
20140809,5,SO2,19.1,5.6,11.3,4.4,6.6,9.4,10.3,7.5,4.6,9.8,2.7,5.6,2,10.5,13.9,2,4.5,3.5,2,5.3,3.9,3.4,5.4,2.1,7.5,3,10.3,6.1,2,16.9,2,14.5,10.1,9.3,2
20140809,5,NO2,45,36,48.5,50,36.4,104.9,90.3,56.6,46.7,58.4,56.7,86.4,66.5,61.8,99.6,62.2,38,38.7,,12.4,17.6,26.7,33.1,18.3,61.7,4,25.8,63,17.6,71.7,86.7,64.6,52,93.7,120.4
20140809,5,O3,84.8,73.4,76.5,76.3,88.1,21.4,21.2,21.9,53.5,48.6,48.8,14.5,18.5,48.1,43.5,23.7,63.8,80.9,59.3,109.9,110.9,83.1,91.8,76,51.6,102,118.1,2,7.9,2,18.7,68.3,69.9,40.1,2
20140809,5,CO,1.5,1.4,1.3,1.5,1.1,1.7,1.1,0.9,2.3,1.3,1.1,0.9,1,1.4,1.9,1.1,1.3,1,0.7,1.1,1.2,1.5,0.7,0.9,1,1.4,1,1.1,1.3,0.7,1.6,1.6,1.2,1.5,2.1
20140809,6,SO2,24.8,5.7,11.5,5.4,3.9,9.1,11.9,7.8,5.5,11,2.4,5.2,2,6.4,9.7,2,4.8,4.1,4.8,6.9,4.4,3,8,2.4,6.8,3.4,12.9,6,2,17.3,2,13.8,17.8,10.4,2
20140809,6,NO2,61,39.6,63.6,55.9,62.4,104.5,85.1,45.3,36.2,43.4,55.8,90,66.9,70.3,111.6,67,42,33.8,20.2,14.4,20.7,22,24.3,24,85.3,3.8,29.9,62.4,21.2,65.1,81.8,74.4,60.3,103.2,110.3
20140809,6,O3,63.1,60.6,57.7,60.3,51.9,5.2,21.7,29,62.3,67.8,15.9,13.7,18.2,27.2,13.1,17.6,51.1,84.5,86.3,114.8,99.5,83.8,87,62.4,17.8,102,104.8,2,2,2,14.3,50.4,62,28.3,2
20140809,6,CO,2,1.6,1.5,1.6,1.1,1.7,1.2,0.9,1.5,1.3,1.1,1,1.1,1.4,1.5,1.1,1.4,1.1,0.8,1.1,1.2,1.5,0.8,1.1,1.2,1.4,1.2,1.1,1.4,0.7,1.8,1.7,1.4,1.5,1.8
20140809,7,SO2,28.2,16.8,14.2,5.4,3.7,9,11.4,7.7,5.1,12,2.6,7.1,2,8,10.2,2,5.6,4.6,4.1,8.9,5.1,3.9,7.3,2.9,8.7,5.3,15.1,7,2,18.6,2,14.9,18.1,11.6,2
20140809,7,NO2,71.4,72.7,67.2,58.8,115.3,96.5,97.6,41.5,44.4,55.9,49.5,98,65.7,91.8,103.9,60.5,44.5,37.5,38.8,20.7,27.8,76.2,40.3,23.7,83.1,4.4,32.1,57.3,21.2,55.3,94.4,80.5,81.2,114.9,103.9
20140809,7,O3,48.9,37.1,51.6,56.2,2,6.2,3.2,32.9,53,55,12.5,13.3,18.5,8.4,15.5,14.4,44.1,75.2,60.3,107.9,83.8,25.4,78.9,64.5,19,109.6,96.2,3.4,2,2,8.4,37.5,37.4,13.1,2
20140809,7,CO,2.1,2.3,1.7,1.7,1.4,1.7,1.3,0.9,1.3,1.5,1.2,1.3,1,1.6,1.5,1.2,1.4,1.3,0.9,1.3,1.3,1.6,1,1.1,1.2,1.3,1.5,1,1.5,0.8,2.2,2.1,1.6,1.8,1.9
20140809,8,SO2,27.5,20.5,21.2,13.6,4.6,11.6,13.7,9.6,6.4,18.1,3.4,9.3,2,12.7,12,2.2,6.1,9.3,3.9,12.1,8.1,7.4,8.4,3.6,10.7,6.2,21.2,9.9,5.5,19.6,2,20.2,14.6,17.5,2
20140809,8,NO2,89.6,90.3,56.1,82.6,119,87.8,101.6,53.9,59.3,64.7,45.3,73.7,72,84,97.1,68.3,42.9,93.7,50,24.5,32.5,59.1,44.2,49,51.6,5.1,35.5,55.5,32.2,67.7,104,106.8,100,156.5,102.3
20140809,8,O3,37.6,34.4,77.1,62.1,2,22.3,10.8,27.8,36.8,58.5,23,46,14.6,27.3,25.5,15.2,51.8,19.7,49.9,94.2,82.7,50.7,76.5,35.6,62.8,105.3,93,9.7,18.1,5.7,5.6,28.6,23,2,2.3
20140809,8,CO,1.9,1.9,1.6,1.9,1.5,1.8,1.5,1,1.4,1.6,1.3,1.3,1.4,1.8,1.6,1.3,1.5,1.3,1.2,1.6,1.3,1.6,1.2,1.1,1.3,1.3,1.9,1,1.4,0.9,2,2,1.7,2.3,1.9
20140809,9,SO2,27,22.4,25.4,18.3,3.9,21.7,17.5,15.9,12.9,22,7.5,10.9,2,27.2,15.8,5.6,7.4,14.1,5.1,16.5,15.3,18.9,10.5,7.8,12.5,8.7,32.6,11.9,12.7,22.8,2,30.9,20.3,21.1,2.6
20140809,9,NO2,87.6,88.3,39.8,81.7,112.4,64.8,99.4,62.8,53.9,46.8,49.5,75.7,68.4,77.7,93.6,67.6,37.8,46.9,49.8,27.3,34.8,45.4,32.5,55,42.2,4.4,36.9,50,29.5,87.2,107.3,111.4,89.9,168.2,101.2
20140809,9,O3,48.8,56.8,105.5,72.9,18.3,70.9,26,49.1,83.9,98.3,69.6,66.4,39.7,61.8,50.6,40.1,70.9,88.3,73.2,95.7,104.1,95.1,101.5,63.1,99.7,121.9,109.2,32.2,70,31.7,9.7,41.9,50.5,5.3,21.8
20140809,9,CO,1.7,1.7,1.4,1.7,1.5,1.8,1.4,1.2,1.4,1.4,1.4,1.4,1.4,1.7,1.6,1.3,1.7,1.5,1.2,1.7,1.4,1.5,1.2,1.2,1.4,1.3,2.4,1,1.4,1.1,2,1.9,1.7,2.1,2.2
20140809,10,SO2,25.6,18.7,24.2,21.3,5.7,21.5,18.7,19.7,15.6,22,13.6,10.6,2,23.9,21.2,9.4,7.6,18.9,5.3,23.1,18.9,20.1,10.7,11.6,12.7,13.9,33,11.1,12.9,30,15.9,27.6,36.9,27.2,15.3
20140809,10,NO2,60.6,53.8,52.6,64.3,81.2,55.8,103.5,75.3,53.4,40,53.8,78.5,41.6,50,66.5,66.3,38.6,48,55.5,25,38.8,24.7,22.8,29.5,33.5,4.1,31.9,47.6,10.6,47.5,93.1,83.7,92.6,155.4,89.8
20140809,10,O3,92.4,112.3,123,116.3,73.8,109.9,43.9,59.3,115.8,130.4,122.1,89.3,91.8,121,118.2,85.7,91.2,115.9,99.7,122.3,119,130.7,130.8,123.6,131.4,136.9,140.1,55.9,130.9,88.4,24,91.8,78,37.3,58.5
20140809,10,CO,1.4,1.2,1.5,1.4,1.4,1.4,1.4,1.3,1.4,1.3,1.4,1.5,1.2,1.2,1.8,1.2,1.8,1.6,1.3,1.9,1.6,1.4,1.1,1.3,1.3,1.4,1.9,1,1.3,1,1.7,1.4,1.7,1.6,1.7
20140809,11,SO2,21.7,18.4,22.2,18,9.7,21.1,17.3,21.3,17.4,16.9,16.1,13,2,17.6,23.3,13.8,12.4,19,6.8,27.4,24.3,21.4,10,14.8,12.9,18.5,42.5,10.1,10.6,32.4,20.5,22.4,9,28.8,18.1
20140809,11,NO2,41.8,34.8,41.9,53.1,59,35.4,108,72.4,52.3,32.6,55.1,52,33.5,30.7,37.9,52.1,29.2,48.2,44.3,20.8,29.9,21.6,13.9,33.6,33.3,4.7,27.4,36.4,5,17.4,83.6,48.1,87.5,137.4,73.9
20140809,11,O3,131.6,158,161.5,157.4,138.6,165.9,71,84.2,147.7,167.6,157.7,151.9,108.3,170.9,172.5,138,149.1,157.2,136.7,153.9,155.9,157,163.5,152,146.9,158.8,160.9,82.6,156.7,148.3,42.2,151.2,108,65.9,106.8
20140809,11,CO,1.3,1.1,1.4,1.3,1.2,1.3,1.4,1.4,1.4,1.1,1.3,1.3,1.1,1.1,1.9,1.1,1.7,1.5,1.2,1.7,1.9,1.4,1,1.5,1.3,1.3,1.3,0.9,1,0.9,1.4,1.2,1.6,1.4,1.5
20140809,12,SO2,20.3,17,17.9,15,12.9,19.8,20.8,21.8,17.8,13,16,15.5,2,13.4,19.2,13.6,14.2,18.2,8.9,44.2,21.8,16.5,8.5,15.1,13.2,20.6,43.4,8.2,7.7,29.4,20.2,20.3,3.1,25.1,15.5
20140809,12,NO2,30.5,23.6,37.5,37,36,25.4,64.5,64.4,46.3,22.1,55.9,23.7,28.8,22.8,28.9,47.9,21.5,50.4,24.8,18.6,24.7,10.6,12.9,35.3,25,5.7,25.2,30.5,2,16.9,84.5,55,70.4,126.4,74.9
20140809,12,O3,171.6,207.7,192.4,198.6,183.1,210.3,146.1,132.6,199.4,213.8,180.1,210.8,129,195.3,207.3,176.9,195.3,188,188.4,179,190.1,187.9,170.7,188.2,190.3,189.1,179.5,97.7,162.2,179.4,51.7,174.7,150.5,95.6,137.8
20140809,12,CO,1.2,1.1,1.2,1.2,1,1.2,1.1,1.4,1.3,1,1.1,1,1,1,1.5,1,1.4,1.5,1.2,1.5,1.6,1.2,0.9,1.5,1.3,1.4,1.2,0.8,0.6,0.8,1.4,1.2,1.3,1.4,1.3
20140809,13,SO2,17,14.5,14.2,11.8,14.3,18.2,20.3,21,14.7,9.9,16,13.4,2,9.9,15.3,12.9,10.6,16.5,8,26.9,19,17.4,10,14.1,14.2,17,29.7,7.7,9.2,31.8,16.4,18.4,2,19.1,14.3
20140809,13,NO2,20.9,16.5,25.6,22,25.6,18.6,35.5,48.1,15.3,13.7,56.2,18.2,29.1,19.6,22.9,41.7,19.1,46.2,19.8,16.9,24.4,12.7,11.2,34.9,30.5,3.4,25.7,26.7,2,12.4,78.7,60.2,54.7,109.9,59.4
20140809,13,O3,194,224.1,222.3,220.4,214,246.2,195.7,173,230.5,242.1,191.3,216.4,139.3,206,234.3,195,231,229.9,203.1,197.6,235.4,218,195.8,216.3,237.2,209.9,194.2,119.1,189.5,204.3,59.4,179.5,189.5,120.7,187.7
20140809,13,CO,1.1,1,1.1,1.1,0.9,1.3,0.8,1.3,0.9,1,1,0.8,0.9,0.9,1.4,0.9,1.2,1.5,1.1,1.5,1.5,1.3,1,1.5,1.5,1.3,1.3,0.8,0.8,0.8,1.2,1.1,1.1,1.2,1.4
20140809,14,SO2,13.6,11,10.3,8.6,11.1,14.9,17.7,18.5,11.6,8.9,10.8,10.1,2,7.9,9.5,7.6,9.8,13.2,4.9,22,14,14,10.7,12.7,14.3,17,30.4,6.1,10.3,28.4,11.6,14.5,5.5,15.5,10.8
20140809,14,NO2,16.8,13.2,20.5,19.7,22.3,15,30.9,26.2,13.7,14.9,56.3,15,33.2,15.6,18.5,44.7,16.5,35.5,14.9,15.6,21.1,12.3,18.3,35.8,33.1,3.2,23.6,21.2,2,7.6,77.8,50.5,53.2,106.2,44.8
20140809,14,O3,193.2,225.4,223,222.5,208.5,245.9,197.2,171.7,226.1,239,195.1,212.1,141.2,216.6,230.6,206.4,238.5,254.5,196.3,212.2,263.5,235.2,228.7,265.5,282.9,228.1,214.3,129.5,197.1,201.3,61,188.7,182,122,197.5
20140809,14,CO,1,1,1,1,0.8,1.2,0.7,1,0.8,1,0.9,0.8,0.8,0.9,0.9,0.7,1,1.2,0.9,1.6,1.3,1.3,1.1,1.5,1.5,1.3,1.4,0.7,0.6,0.8,1.1,1,0.9,1.1,1.2
20140809,15,SO2,9.9,8.8,8.1,7.3,8.9,11.4,15,15.9,7.9,7.1,8,6.7,2,6.6,7.6,5.3,8.3,8.3,4,24.7,9.9,12.5,11.1,9.1,13.2,13.8,25.7,5.9,8.6,25.9,9.9,12.8,2,14,6.4
20140809,15,NO2,13.6,11.6,18.5,21.7,20.7,13.1,28.3,24.4,11.9,15.9,56.3,14.9,32.9,15.4,15.7,46.4,15,17.8,16.6,13.8,21,15,24.1,19.1,26.3,3.1,21,19.8,2,5.3,73.5,57.5,46,90,42.9
20140809,15,O3,186.8,220.1,213.2,214.6,204.6,239.2,185.8,167.7,221.7,223.3,185.3,205.6,139,214.5,232.6,219,229,220.7,194.8,212.3,264.5,249.2,265.3,256.2,285.2,234.6,213.8,145.1,190.7,197.3,58.9,175,181.2,136.8,188
20140809,15,CO,0.9,0.9,0.9,0.9,0.8,1.2,0.7,0.9,0.7,0.9,0.8,0.7,0.8,0.8,0.9,0.7,0.9,0.7,0.9,1.3,1.1,1.2,1.2,1,1.5,1.3,1,0.7,0.6,0.7,1.1,1,0.9,1,1.1
20140809,16,SO2,8.9,8.1,7.2,8.8,8.5,10,13.9,14.1,5.4,6.2,7.6,5.2,2,8.4,8.8,3.9,6.3,6,2.7,12.3,8.7,9.3,10.2,6.1,10.6,11.2,10.3,6.7,6.4,24.6,8.9,11.1,2,12.7,5.7
20140809,16,NO2,15.2,11.7,17.8,26.8,24.6,13.3,25.9,23.3,11.1,16.6,56.5,14.7,34.4,16.9,15.6,47.4,16.4,17.3,17.7,14.2,18.9,16.7,15.7,11.8,21.8,3.3,21.2,22.3,2,5.4,75.3,61.8,51.6,96.2,54.8
20140809,16,O3,184.7,215.5,208,209.4,195.3,239.6,180.1,165.6,205.9,212.7,193.1,200.8,144.7,223.7,246.3,204.6,238.7,218.3,197,210.1,252.2,249.7,235.1,220.2,237.8,243.2,224.1,160.4,196.9,199.6,55.5,171.2,165.5,130.6,175.9
20140809,16,CO,0.9,0.8,0.9,1,0.7,1.1,0.6,0.8,0.6,0.9,0.8,0.7,0.8,0.7,1,0.6,0.8,0.7,0.9,1,0.9,1.1,1,0.8,1.1,1.4,1,0.8,0.7,0.7,1,0.9,0.9,0.9,1.1
20140809,17,SO2,9.4,8.6,7.6,9.7,9.5,9.3,12.9,12.8,6.5,5.8,7.7,5.9,2,7,8.9,5,5.4,4.4,2.6,6.3,6.4,8.5,8.1,4.8,8.8,9.2,8.1,8.4,6.2,23,8.2,12.2,7.6,12.9,2
20140809,17,NO2,17.1,13.8,17.9,32.4,27.6,15,25.5,23.7,12.5,18.9,56.5,16.7,31,17.4,15.3,40.2,14.9,17.5,16.8,11.8,20.9,19.3,14.5,11.5,35.3,3.6,18.8,20.9,3.1,5.9,79.3,58.6,56.3,99.2,49.7
20140809,17,O3,183.9,218.5,200.8,204,189.2,224.7,167.6,167.9,219,195.4,196.1,212.8,143,208,250.4,216.5,230.8,200.4,193.8,191.7,254.1,231.4,219.3,207,207.4,243.4,201.6,151.9,197.1,200.6,56.6,173.6,159.4,124.5,169
20140809,17,CO,0.8,0.7,0.8,0.9,0.6,0.8,0.6,0.8,0.7,0.8,0.8,0.8,0.8,0.7,1,0.8,0.8,0.7,0.9,0.9,0.9,0.9,0.8,0.8,1.1,1.1,0.7,0.7,0.9,0.7,0.9,0.8,0.8,0.9,0.9
20140809,18,SO2,7.9,7,5.9,8.6,7,8.9,12.8,13.1,6.6,4.1,7.2,5.9,2,7.1,9.1,5.9,5.9,4.9,2.7,5,5.8,8.5,6.8,4.5,8.3,10.4,6.2,8.2,4,22,5.8,9.7,2,10.8,2
20140809,18,NO2,19,17,22.6,53.3,24.8,21,27.1,25.4,13.7,21.3,56.5,18,31.8,22.1,17.1,62.2,15.7,22.1,21.2,15.3,23.9,22.2,15.9,12.9,36.9,3,21.6,21.3,2.5,5.2,77.9,41,64.1,100.9,60.7
20140809,18,O3,172.8,203.3,174.2,167.5,177.5,216.5,161.7,170.8,217.3,181.9,189.9,204.6,139.9,199.7,242.3,209.1,223.9,201.5,199.3,174.1,239.7,213.6,202,198,196.9,217.7,182.1,147.6,183.2,180.5,63.1,181.3,133.1,113.1,155.3
20140809,18,CO,0.8,0.8,0.8,0.9,0.6,0.8,0.6,0.9,0.7,0.7,0.8,0.8,0.7,0.8,0.8,0.7,0.9,0.8,0.9,0.7,0.8,0.8,0.8,0.8,1,0.9,0.5,0.7,0.8,0.6,0.9,0.8,0.9,0.9,1
20140809,19,SO2,7,6.3,5.9,6.8,4.3,8,12.7,13.2,6.4,2,6.4,5.6,2,6.5,9.9,7.8,7.3,5.4,3.4,5.6,7.2,6.9,6.5,5.2,7.8,7.8,9,8.4,3,21.8,3.7,8.8,4.5,10.2,2
20140809,19,NO2,22.5,19.4,23.8,53.1,34,25.6,30.8,27.7,20.8,22.6,56.1,25.9,35.4,28.4,26,55.4,20.2,28.5,23.9,20.8,31.5,22.6,17,14.5,22.3,3.2,24.9,20.8,3.4,9.5,86.8,59.9,78.6,119.3,52.3
20140809,19,O3,166.7,195.5,177.3,150.8,160.1,208.7,160.3,168.6,199.9,184.3,176.5,188.9,130.4,178.7,220.7,199.2,224.6,192.5,181.5,169.6,216.9,199.4,194.8,199.1,207.5,201.4,172.2,147,167.7,166.5,61,157.3,115.4,85.6,168.8
20140809,19,CO,0.9,0.8,0.8,0.9,0.6,0.9,0.6,0.9,0.7,0.7,0.7,0.8,0.8,0.7,0.8,0.7,0.9,0.8,0.9,0.8,0.9,0.8,0.8,0.8,0.9,0.7,0.6,0.8,0.8,0.6,1,0.8,0.9,1,1.1
20140809,20,SO2,6.3,5.3,6.1,5.4,5.6,7.5,13.5,13.3,6.4,3.2,5.4,5.5,2,5.3,9.6,9.5,7.6,5.5,3.7,6.8,8.7,6.2,4.3,5,7.1,7.9,9.8,7.4,2.1,20.2,2.5,8.6,2,9.5,6.1
20140809,20,NO2,29.4,29.2,28.1,38.6,32.7,28.1,43.3,27.3,27.7,37.2,55.7,38.1,38.5,37.6,32.7,71.2,26,30.4,29.1,31.9,36.4,19.8,15.2,17.1,55.6,5.4,25.4,21.5,6.9,10.5,96.4,57.7,67.6,135.5,34.7
20140809,20,O3,147.1,162.2,163.8,155.4,149.2,188.2,140,161.8,174,162.9,146.4,157.3,122.8,161.4,191.6,149.8,183.9,181.7,167.6,146.2,198.6,199.5,167.6,184.4,151.9,195.4,166.9,114,121.3,106.1,50.3,138,124.4,59.5,158.9
20140809,20,CO,0.8,0.8,0.8,0.8,0.6,0.8,0.6,0.9,0.7,0.7,0.8,0.9,0.9,0.8,0.9,0.9,0.9,0.8,0.9,0.8,0.9,0.8,0.6,0.8,0.9,0.7,0.6,0.7,0.8,0.6,0.9,0.8,0.8,1.1,0.9
20140809,21,SO2,6.5,5.1,6,5.1,5.8,7,13,11.3,3.7,3.2,4.5,4.5,2,6.4,10.1,11,14.6,2.9,2.9,7.8,6.7,6.2,2,2,2.4,6.3,11.3,11.8,2,19.1,2,8,2,9.3,5.5
20140809,21,NO2,40.4,41.3,32.3,46.1,32.7,41.2,31.1,24.1,19.2,60.5,55.3,38.9,52.1,42.9,41.3,86.6,32.7,27.6,22.2,24.7,32.8,19.5,8.2,10.3,26.2,5.3,28,33.1,57.6,68.4,102.1,69.9,55.4,138.8,78.2
20140809,21,O3,123.2,125.3,150,141,142.5,150.6,137.3,142.7,162.7,122.3,129,143.2,99.4,141.1,156.7,107,146.4,154.3,153.7,151.6,173.2,193.3,131.3,159.6,109.3,188.9,156.3,81.5,45.7,45.5,38.7,114.9,129.7,48.3,108.7
20140809,21,CO,0.9,0.8,0.8,1,0.6,0.9,0.6,0.6,0.6,0.9,0.9,0.8,0.9,0.9,0.9,0.9,0.9,0.6,0.7,0.8,0.9,0.9,0.4,0.6,0.5,0.7,0.6,0.7,0.8,0.6,1,0.9,0.7,1.2,1.1
20140809,22,SO2,2,2,2,2,2,2,6.4,7.6,2,2,2,2,2,2,5.2,6.4,9.1,2,2,6.5,5.7,9.7,2,2,2,7,9.9,8.8,2,18.6,2,2.8,2,4.9,2
20140809,22,NO2,15.9,19.7,17.8,18.1,13.9,17.1,18.7,20.6,8,34.2,55,21.2,16.7,27.5,32.3,58.3,25.7,22,12.2,25.5,21.4,17.5,7.7,7.1,32.1,5,25.7,28.6,67.2,28.8,48.6,21.1,32.5,69.2,16.4
20140809,22,O3,113.6,139.4,122.1,141.2,123.5,141.4,98.7,116,137.9,112.3,102.2,133.1,110.9,132.4,149.9,111.8,137.6,105.8,116.2,113.9,174.7,183,124.7,120.8,105.8,185.9,128.1,64.3,41.1,125,49.5,139.7,102,101.1,129.2
20140809,22,CO,0.5,0.5,0.5,0.5,0.2,0.5,0.3,0.5,0.4,0.5,0.5,0.5,0.5,0.6,0.7,0.6,0.8,0.4,0.4,0.9,0.8,0.9,0.4,0.4,0.5,0.8,0.4,0.6,0.9,0.3,0.6,0.5,0.4,0.6,0.7
20140809,23,SO2,2,2,2,2,2,2,5.8,6.7,2,2,2,2,2,2,2.4,2,2,2,2,4.5,2,2,2,2,2.1,6.4,10.8,4.1,2,17.7,2,2,2,3.2,2
20140809,23,NO2,24.4,26.8,27.4,22.3,21.5,26.9,25.6,21.3,10.9,41.8,54.6,26.3,18.7,22.1,21.1,32.5,9.9,19.9,15.5,20.9,10.1,13.1,11.2,7.4,47.6,5.3,24.2,29.7,3.9,11.4,51.6,29,46.3,94.7,33.5
20140809,23,O3,97.8,110.7,97.4,116.2,103.3,115.9,77.6,96.4,103.4,83.2,90.4,107.9,84.1,112,138,121.9,138,95,91.7,109.5,137.4,141.9,102.9,105.6,70.7,167.7,119.5,77.6,143.2,107.8,30.7,111.3,80.6,50.6,84.6
20140809,23,CO,0.6,0.5,0.6,0.5,0.2,0.6,0.3,0.5,0.5,0.5,0.5,0.5,0.5,0.5,0.5,0.4,0.6,0.4,0.5,0.8,0.5,0.7,0.4,0.5,0.5,0.8,0.4,0.5,0.5,0.2,0.6,0.5,0.5,0.7,0.5
