date,hour,type,dongsi,tiantan,guanyuan,wanshouxigong,aotizhongxing,nongzhanguan,wanliu,beibuxingqu,zhiwuyuan,fentaihuayuan,yungang,gucheng,fangshan,daxing,yizhuang,tongzhou,shunyi,changping,mengtougou,pinggu,huairou,miyun,yanqing,dingling,badaling,miyunshuiku,donggaocun,yongledian,yufa,liulihe,qianmeng,yongdingmengxi,xizhimengbei,nansanhuan,dongsihuan
20140922,0,SO2,12,11.9,7.2,2.3,3.7,13.3,12.1,11.8,7.3,9,3.2,3.6,5.3,9.5,9.8,9.9,3.9,4.8,3.7,7.4,4,7.9,6.2,7.4,8.2,11.3,13.7,14.7,2,3.9,6,11.7,10.7,5,2
20140922,0,NO2,45.4,63.8,47.5,53.3,104.5,59.1,55.8,37,47.7,51.8,28.8,,47.3,51.5,50.9,63.4,37.9,38.2,46.3,22.4,43.7,89.6,47.6,27.5,85.3,4.6,31.2,27.9,11.6,68.1,80.3,68.7,51.7,121.8,116
20140922,0,O3,69.7,48.7,65.9,56.7,16.9,63.3,48.5,61.9,62.1,46.3,57.2,,4,47.9,55.1,28.1,62.9,59,45,67.5,48,13.6,47.3,81.6,13.7,94.9,83.1,32.3,21.5,2,32.6,44.5,61.3,129.3,7.6
20140922,0,CO,1.1,1.1,1,1,0.8,1.7,0.8,0.9,0.8,1.1,0.9,1,1.1,1,1.2,0.5,0.9,1.1,0.9,1.6,1.5,1.6,1.4,0.9,1.2,1.7,0.6,0.7,1.2,0.8,1.6,1.1,0.8,1.1,1.1
20140922,1,SO2,12.6,10.8,7.4,2,2.9,13.3,10.5,11.4,5.1,8.6,2.2,4,6.3,9.5,10.4,8.7,4.6,5.3,3.7,8.3,4.2,8.4,5.9,6.2,7.1,10.7,15.6,16.1,2,4.4,3.8,10.2,7.5,4.1,2
20140922,1,NO2,67,64.1,54.7,64.2,102.2,67.3,71,38.2,51.9,67.9,25.9,,47.2,56.5,64.9,45.3,41,31.8,33.5,22.3,35.8,74.4,41.1,31,72.5,4.8,39.4,39,12.1,71.4,79.9,79.1,59.9,116,103.2
20140922,1,O3,34.7,31,46.3,35,10.2,34.5,22.1,47.6,38.3,22.1,47.3,,4.7,29.4,37.2,31.7,41.9,62.1,51.8,65.1,53.6,18.1,44.4,58.7,21.4,83.6,64.6,16.3,14.5,2,20,19,38.8,117.8,3.7
20140922,1,CO,1.1,1.1,1.1,1.2,0.8,1.8,0.9,0.9,0.9,1.1,1,1,1.1,1.1,1.1,0.5,0.9,1,0.8,1.4,1.2,1.4,1.2,0.9,1.1,1.4,0.8,0.7,1.2,0.8,1.7,1.3,0.9,1.2,1.2
20140922,2,SO2,14,12.1,8.8,4.2,6.4,13.4,11.9,8.1,4.5,10.6,2.7,4.8,8.4,11.8,12,11.9,4.5,4.8,3.6,8.8,5,8.3,5.3,6.9,8.8,10.2,21,14.1,3.1,4,5.4,11.5,13.1,5.7,4.5
20140922,2,NO2,74.6,69.6,69.2,82.6,80.2,59.7,54.7,50.6,44.8,72.7,33.5,,40.6,72.3,58.3,48.9,31.3,43.4,62.3,24,26.4,35.3,31.8,36.1,64.7,5.8,46.5,39.6,13.1,59.7,77.4,81.1,62.8,117.5,97.3
20140922,2,O3,18.9,19.4,22,11.2,5.7,35.8,23.8,23.7,40.6,6.3,40.1,,6.3,10.9,39.8,19.2,47.3,41.8,16.1,59.3,60,52.1,47.7,51,27.1,75.2,50,13.8,12.6,2,12.4,10.3,24.8,110.2,5.8
20140922,2,CO,1.2,1.1,1.2,1.3,0.9,2.1,0.9,0.9,0.9,1.2,1,0.9,1.1,1.3,1.1,0.6,0.9,1.1,0.7,1.2,1,1.2,1,0.9,1,1.2,1,0.6,1.2,0.8,1.6,1.2,1,1.2,1.3
20140922,3,SO2,16.1,14.9,9.7,4.9,5.5,15.3,11.6,9.5,3.8,12.4,2.3,3.8,6.1,12,12.5,10.2,5.1,6.3,2,8.3,3.2,8.2,5.2,6.7,9.5,10.6,14.1,12.4,2.9,5.6,5.9,11.8,15.3,5.9,3.7
20140922,3,NO2,57,62.7,74.8,74.2,50.3,59.1,69.9,66.4,57.5,73,46.1,,52.1,76.8,66,42.6,32.4,33.3,62.7,17.3,26,31.5,27,30.8,84.2,6,37.5,46.2,21.3,53.2,80,65,72.6,125,87.5
20140922,3,O3,32.1,25.7,13.4,15.8,18.6,39.7,5,13.4,17.7,3.6,18.1,,4.6,3.2,24.6,18.4,44,52.2,2,64.9,59.7,50.8,54.4,52.3,4.7,67.2,43.3,6.8,9.5,2,11.3,26.1,10.7,110.7,3.1
20140922,3,CO,1.2,1,1.3,1.2,0.9,0.8,1,0.9,0.9,1.3,1,0.8,1.1,1.2,0.8,0.4,1,1,0.1,1.1,0.9,1.2,0.9,0.9,1,1.2,1.3,0.6,1.2,0.8,1.7,1.1,1.1,1.2,0.9
20140922,4,SO2,19.4,16.8,11.5,5.6,7.4,12,13.4,9.2,3,11,2.8,4.3,6.2,12.1,9.1,11.8,9.7,8.8,2.2,9.4,2.8,7.7,6.4,8,8.9,11.6,17.9,10.9,4.4,4.7,7.5,14,17.3,6.4,5.1
20140922,4,NO2,53.2,60.3,62.1,72.6,53.7,77.1,77.2,69.5,53.3,82.2,73.5,,67.4,66.9,55.8,45.5,38.9,25.9,69.7,20.2,25.3,30.5,30.2,29.9,73.5,6.2,37.1,45.6,26.2,50.4,62.6,63.9,59.2,109.2,79.1
20140922,4,O3,28.8,20.5,24.7,17.8,15.7,3.6,2,7.3,12.1,2,2,,4.6,10.8,27.6,15.1,32.2,51.2,4.2,57.4,53.1,48.4,49.8,50.6,9,65.5,49.2,5.5,6.4,2,18.4,21.8,27.6,114.1,2.4
20140922,4,CO,1.2,0.9,1.1,1,0.6,0.7,1.1,0.9,0.9,1.2,1.2,0.9,1.2,1.1,0.8,0.9,1.7,1,0.7,1.3,1,1.2,0.9,0.9,1,1.1,2.1,0.7,1.2,0.8,1.4,1,1,1,0.8
20140922,5,SO2,12.8,13.8,10.6,5,5.4,9.6,13.9,9.5,5.4,13.7,3.6,5.2,6.8,11.5,7.1,15.7,9.4,8.2,2,11,4.4,10.4,4.6,8.9,7.8,7.2,25.5,13.6,5.7,3.7,5.9,12.6,17.7,6.8,6.2
20140922,5,NO2,61.3,48.2,58,51,37,40.8,59.6,66.4,70.3,60.2,78.6,,71.8,56,42.8,44.8,47.1,17.8,,23,24.4,68.3,26.7,18.5,79.5,4.6,56.1,51.1,30.1,56.2,65.4,52.6,49.9,122.2,75.6
20140922,5,O3,16.4,29.6,19.7,25.2,30.3,26.2,8.5,2.7,5.2,4.2,2,,5.1,11.8,33,16.1,17,60.5,2,46.7,55.5,4.4,48.8,62.3,2,44.5,27.6,3.5,4.8,3.3,13.7,19.7,20.4,98.9,5.8
20140922,5,CO,1,1,1,0.9,0.8,0.9,1,0.9,1.1,1,1.1,1.3,1.3,0.9,1.2,1.8,1.7,0.9,1,1.8,1,1.5,1,0.9,1,1.4,3.2,1.3,1.1,1.1,1.5,1,0.8,1,1.3
20140922,6,SO2,14.5,13.1,9.1,4.3,4.7,14.9,14.6,9.5,7.4,12.5,4.1,6.1,8.4,8.6,9,26.1,6.6,8.8,2,17.8,3.7,22.9,4.1,10.8,8.3,5.3,46.8,20.8,6.1,4,5.7,10.8,12.8,7.4,2
20140922,6,NO2,48.3,43.2,47.7,50.5,47.3,44.9,54.5,67.2,62.2,41.8,75.5,,60.3,51.6,51.4,72.7,41.5,21.4,72.8,36.9,24.1,65.8,31.4,16,66.9,7.6,70.3,59.5,23.6,57.8,70.8,58.7,48.3,140,76
20140922,6,O3,27.3,35,26.9,26.4,24.1,28.8,8.7,2,10.5,22.8,2,,6.3,14.1,24.3,2,16.2,52.7,2,29,44.9,2,40.4,59.1,4.2,28.4,22.1,2.6,10,2,7.7,19.9,24.4,93.4,4.4
20140922,6,CO,1.6,1.8,1.2,1.4,1.7,1.9,0.8,0.9,0.9,0.9,1,1.1,1,1.1,2,3.4,1.3,1.3,1.2,2.4,1,1.7,1,0.9,1,1.6,3.3,1.9,0.9,1.1,2.2,1.7,1.1,1.4,2.2
20140922,7,SO2,20.4,20.3,11.4,6,6,20.3,13.9,10,4.4,12.3,3.8,5.8,7.8,9,12.7,28.4,6.1,11,2,23.1,2,19.4,4.3,5.8,8.9,6.2,55.8,24.3,5.6,4.5,8.1,15.9,17.8,9.9,2
20140922,7,NO2,59.5,61.3,54.2,62.6,62.3,62.7,51.4,58.8,61,49.3,59.4,,56.4,57.8,65.5,76.7,43.3,34.2,62.5,49.2,22.2,64.2,45.2,34.7,47.4,8.8,66.1,60.9,23.2,56.1,73.9,77.8,53.5,181.7,84.6
20140922,7,O3,19.4,19.9,19.8,17.5,11.2,13.8,10.2,4.5,7.7,13.3,9.9,,5.9,8.6,12.9,2,12.2,33,2,18,36.7,2,26.1,22.9,18.1,31.8,25.4,6,11.4,2.3,5.7,9.1,19.2,62.2,2
20140922,7,CO,2.4,2.7,1.9,2.3,2.4,2.7,1.3,1.1,0.9,1.5,1,1.1,0.9,1.6,2.7,4,1.5,1.6,1.1,2.8,1,1.6,1,0.9,1,1.6,3.1,2.3,0.9,0.9,3,2.8,2,2.4,3.2
20140922,8,SO2,26.3,25,14.8,8.9,7.6,23.9,16.4,12,3.7,16,4.1,6.1,7.8,10.5,14.7,30.8,4.7,10.7,2,24.9,2,15.9,5.8,3.5,8.5,7.8,56.7,26.4,5.9,5,11.6,21.6,22.4,12.4,3.8
20140922,8,NO2,78.5,75.7,67.2,79.8,78.3,74.7,61.5,59.6,54,63.6,55.3,,63,65.4,74.3,70.3,40.7,32.8,57.3,53,24.9,62.2,47.7,16.4,40.9,5.3,60.5,61,32.5,55.9,84.9,88.7,69.8,209.7,95
20140922,8,O3,10.5,12.2,12,8.1,3.6,7.5,3.1,2,10.9,3.5,10.6,,5.8,4.3,12.4,4.7,12.2,32.6,4.4,15.9,34.3,2,25.3,32.1,23,45.4,42.6,5.7,8.7,2.2,3.5,4.1,9.8,39.2,2
20140922,8,CO,3.4,3.2,2.6,3,3.1,3.4,1.8,1.4,1,2.3,1.4,1.5,1.3,2.2,3.2,4.2,1.6,1.4,1,2.8,1,1.7,1,0.9,1.2,1.6,2.9,2.7,1.2,0.8,3.8,3.4,2.8,3.2,4
20140922,9,SO2,28.7,23.6,17.6,8.8,9.1,25.1,18.6,12.1,5.6,21.3,5.2,7,9.5,12.7,14.7,32.6,7.7,13,2.1,23.3,2.6,10.3,7.2,3.9,8.3,8,55.2,26.6,7,5.6,12.2,22.1,25.5,12.8,7.9
20140922,9,NO2,82.6,74.6,70.1,81.7,83.5,79.6,69.6,58.8,50.3,77.2,56.3,67,63.3,73.5,76.7,68.6,47.6,38.2,55.2,49.9,23.5,50.8,30,22.9,43.9,3.6,51,58.9,32.6,56,85.7,91.8,75.3,204.5,94.9
20140922,9,O3,11.3,15.8,19.5,8.9,4.4,8.4,2,2,17.6,2,12.9,,7.2,4.5,14.1,9.8,9.8,34.7,6.3,23.4,34,8,38.4,30.3,16.4,47.6,47.7,10.8,8,8.5,5.4,4.3,9.6,47.1,2
20140922,9,CO,3.4,3.3,2.8,3.3,3.2,,2.1,1.6,1.3,2.8,1.7,2,2,2.5,3.2,4.2,2.2,1.9,1,2.4,1,1.5,1,0.9,1.3,1.5,2.7,2.9,1.7,0.9,3.8,3.8,3,3.4,4.2
20140922,10,SO2,28.2,23.8,19,9.6,5.5,24.9,19.8,15,6.1,22.6,,7.5,11.8,14.4,15.5,32.4,24.5,17.5,2.2,27.8,,8.8,8.3,6.1,10.2,8.5,47.1,25.1,10,6.9,13.7,24.4,27.2,13,10.8
20140922,10,NO2,84.5,72.9,82.3,81.3,85.4,81.4,82.5,64.1,60.7,80.9,70.3,72.1,70.9,76.1,71.7,63.5,48.6,33.8,54.3,46.1,18.8,37.6,23.3,18.4,33.1,3,45.6,57.5,40.9,52.9,85.1,88.2,86.4,199.6,99.6
20140922,10,O3,12.9,18.9,12.2,14.4,4.9,11,2,2,8.6,2,8,,8.8,8.1,22.6,16.6,13.9,47.7,5.8,34.3,48.7,21.4,43.1,35.7,30.4,54.2,55.4,13.9,12.7,14.5,8.2,10.7,6.5,51.2,3.8
20140922,10,CO,3.8,3.5,3.2,3.4,3.2,,2.8,2.2,1.7,3,2.1,2.2,2.3,2.6,3.3,3.9,2.6,2.2,1.2,2.5,1,1.4,1.1,1.1,1.7,1.5,2.6,2.9,2.1,1.3,3.8,3.9,3.4,3.4,4.1
20140922,11,SO2,27.8,21.7,21.1,9.8,7,25.6,22.7,17.5,10.8,21.6,,7.8,13.5,14.7,15.9,36.1,17.4,16.8,3.9,32.5,10.3,16.1,11.1,11.7,11.2,10.6,43,26.2,12.5,7.3,13.5,24.6,,13.1,10.1
20140922,11,NO2,87.7,75.9,86.5,83.3,90.4,80.3,85.4,66.6,69,80.7,77.5,75,77.3,71.4,65.3,56.7,54.1,30.8,60.6,46.8,23.7,65.4,22.6,16.7,21.5,3.2,44.2,56.6,43.4,55.7,90.8,93.4,,196.3,96.6
20140922,11,O3,14.4,,12.3,17,3.6,15.4,2,2.1,8,4.4,6.4,,10.1,16.6,37.2,28.5,18.1,47.8,4.3,40.4,50.7,4.3,44.9,51.4,41.9,57.1,58,17.9,,16,8,12,,60.7,6.5
20140922,11,CO,3.9,3.3,3.4,3.4,3.4,3.5,3.1,2.3,2.4,3,,2.5,2.6,2.6,3.1,3.6,2.8,2,1.8,2.7,1.2,1.7,1.3,1.3,1.6,1.4,2.5,2.9,0.9,1.5,4,3.7,,3.5,3.7
20140922,12,SO2,24.5,19.2,19.5,8.7,7,23.5,21.6,19.3,10.6,19.1,6.9,8.7,14.5,16,15.9,33.5,,18.1,4.5,30.5,,19.1,14.8,17.6,10.8,23.6,51.3,26.9,17.9,8.7,11.9,20.2,,13.1,9
20140922,12,NO2,91.1,,92.7,90.5,89,83.1,82.7,60.7,69.3,86.8,77.9,78,83.8,70.2,63,57.3,10.1,22.2,63,46.2,18.1,49,26.1,15.4,37.6,4.3,48.9,54.1,47.4,67.6,95.1,93.6,,177.5,98.5
20140922,12,O3,12.4,,8.6,12.4,5,14.3,2,10.9,11.5,2,4.7,,10.9,23.5,47.3,32,2,57.5,6.1,48,64.6,38.2,46.7,63.8,25.8,81.7,57,26.4,,13.7,7.3,13.1,,18,5.9
20140922,12,CO,3.8,3.4,3.8,3.4,3.1,3.4,2.8,2.2,2.5,3.1,,2.7,2.7,2.6,2.9,3.3,0.3,1.7,2.2,2.7,1.1,1.3,1.3,1.3,1.6,1.4,2.7,2.8,,1.8,4.2,3.5,,3.7,3.7
20140922,13,SO2,23.9,20.7,18.3,10.5,8.1,25.9,19.3,22.1,11.4,20.4,7.3,9.1,15.1,22.1,19.3,34.6,4.8,17.3,4.6,30,20,21,11.6,18.5,11,26.2,49,26.4,16,12.4,14.1,23.5,,13.8,11.7
20140922,13,NO2,88.3,79.1,86.7,90,90.5,78.3,77.4,61.3,63.5,84.7,79.3,78.5,80.7,69.3,59.9,52.3,9.7,24.9,59.2,46.4,21.7,31.9,20.4,17.8,48.4,5.8,55.2,50.1,39.7,79.3,90.3,93.3,,179.5,98.8
20140922,13,O3,17,13.3,14,18.2,5.5,23.6,2,16.2,17.4,2,8.2,,11.3,36.7,63.4,38.9,4.2,57.1,10.6,55.3,70.1,63.1,54.6,64.4,14.1,83.3,50.2,32.7,40.1,15.8,12.5,13.9,,60.6,8.6
20140922,13,CO,3.7,3.6,3.6,3.6,3,3.3,2.4,2.3,2.3,3.4,2.5,2.8,2.9,2.5,2.7,3.1,,1.9,2.3,2.8,,1.3,1.2,1.4,1.8,1.3,2.8,2.6,2.1,2.2,4.3,3.7,,3.7,3.6
20140922,14,SO2,24.1,21.3,16.5,9.5,9.1,25.6,19.7,21.1,12.2,18.4,7.1,7.9,15.1,19.4,18.3,31.4,4.2,16.3,4.9,30.9,15.2,20.2,9.8,17.3,10.2,24.8,49.7,22.7,13.3,10.9,13.1,23.9,,15.2,14.1
20140922,14,NO2,92.3,83.7,89,94.5,95.6,82.4,78,60.5,60.2,83.9,82.2,72.9,86.1,77.8,60.2,53.3,18,21.9,60.1,49,23.4,28,26,17.6,44.8,6.5,67.1,49.8,38.2,81.7,94,98.1,,172.7,99.7
20140922,14,O3,13.9,12.4,10.9,12.4,3.3,20.6,2,17.9,24.3,2,8.9,,11.3,33.5,61.9,38.1,,58.4,12.8,55.7,,71.2,62.3,62.4,23.6,82.5,46.9,30.6,39.6,12,9.5,8.5,,80.7,9.2
20140922,14,CO,3.6,3.5,3.3,3.5,3.1,3.4,2.4,2.4,2.3,3,2.6,2.5,3.2,2.7,2.7,3,0.7,1.8,2.2,2.5,1.4,1.4,1.3,1.3,1.8,1.3,2.9,2.6,2.4,2.3,4.1,3.6,,3.8,3.5
20140922,15,SO2,23.9,23,15.2,8.5,10,22.3,17.6,19.4,13.3,15.7,5.5,8,12.8,18,16.4,27.8,3.1,16.2,5.3,37.5,14.2,22,7.7,15.5,9.6,24.5,51.2,18.9,16.8,12.4,11.9,24.4,,13.9,12.1
20140922,15,NO2,96.4,88.2,92.2,99,95.1,93.2,82.2,58.9,63.2,83.3,76.6,73.6,84.8,82.8,67.2,49.6,,37.5,63.9,60.9,,27.1,27.2,21.7,53.3,5.8,76.4,54.2,41.3,85.8,97.5,103.1,,174.4,100.5
20140922,15,O3,11,6.4,9.5,5.6,3.4,8.1,2,18.6,25.9,2,8.6,,9.6,32.3,51.9,39.7,2,43.8,10.9,48.9,65.1,73,72.6,51.9,16.6,88.5,48,19.5,47.5,14,6.5,4.1,,84.5,3.3
20140922,15,CO,3.5,3.7,3.2,3.4,3.2,3.2,2.4,2.4,2.4,2.7,2.3,2.4,3,2.7,3,2.6,0.2,2.2,2.2,2.6,1.7,1.5,1.3,1.4,1.9,1.3,3.4,2.6,2.8,2.5,4.5,3.7,,3.7,3.4
20140922,16,SO2,23.3,23.2,16.4,8.9,10.5,22.3,17.5,19.8,15.5,15.4,5.3,9.3,11.1,17.7,17.7,28.1,10.8,13.3,6.4,32.4,14,19.9,7.1,12.1,8.4,22.4,45.1,16.7,17.8,14.3,12.5,27.4,,13.5,10.6
20140922,16,NO2,92,88.8,92.8,98.8,89.1,94.3,87.1,59.5,58.7,91.2,68.9,77,79.6,99.3,73.4,63.5,46.5,34.7,68.8,46.7,38.9,33.2,36.8,29.5,59.7,6.5,73.1,56.5,41.3,93.7,95.3,102.7,,170.7,102.2
20140922,16,O3,12,5.8,9.1,7.2,6.9,6.9,2,17.6,32.6,2,14.5,,8.3,6.5,45.9,23.4,32.1,41.8,11.5,63.2,56.6,63.8,54.5,37,8.3,81,45,13.1,50.6,10.7,7.8,4.5,,88,2.2
20140922,16,CO,3.3,3.5,3.3,3.3,2.8,3.1,2.6,2.4,2.4,3.2,2,2.5,2.8,3.5,3.1,2.8,2.1,2.1,2.3,2.7,1.7,1.5,1.4,1.4,1.9,1.3,3.4,2.7,2.4,2.7,3.4,3.5,,3.7,3.2
20140922,17,SO2,22.8,21.3,18,9.1,8.3,20.7,16.9,16.4,14.2,16.9,6.1,10.8,11.7,17.9,19.7,31.8,8.2,10,7.8,29.6,10,18.5,6.9,12.1,8.4,22.5,34.1,17.8,15.6,12.6,12.3,26,,14.3,13.5
20140922,17,NO2,91.3,87.3,90.4,96.5,83.7,94.2,90.3,59.8,62.4,94.5,74.8,76.4,81.3,100.1,95.7,71.3,47.4,40,69.1,44.1,33.4,32.6,40.7,34.3,54.6,6.7,67.2,60.5,36.4,95.5,92.6,99.4,,175,102.5
20140922,17,O3,11.4,4.8,10.7,7.6,8.1,4.8,2,12.9,25.6,2,11.6,,8.8,3.3,14.8,16,30.2,30.3,14.8,65.4,46.8,59.9,44.8,29.5,8.8,80.9,39.7,11.5,54.3,6.9,8.2,3.7,,83.2,2
20140922,17,CO,3,3.4,3.1,3.2,2.3,2.7,2.7,2.4,2.4,3.3,2.2,2.6,2.8,3.6,3.5,3.2,2.1,2.2,2.4,2.5,1.7,1.4,1.4,1.5,1.9,1.4,3.3,3,2.5,2.7,3.2,3.3,,3.5,3
20140922,18,SO2,22.4,21.4,17.7,9,7.7,19.4,18.6,11.2,15.4,18.6,5.8,11.1,12.2,16.9,19.6,36.1,2.7,8.8,7.1,18.4,7.4,17,6,9.7,7.3,22.3,10.5,21.3,11.6,10.7,11.4,24.8,,14.6,14.5
20140922,18,NO2,90.6,86.5,89.8,97.5,81.6,95.8,87.7,59.9,59,93.5,,77.9,82.7,99.5,99.1,79.2,51.5,70.8,68.8,63.6,33.4,35.5,37.2,34.9,62.6,6.4,56.9,65.3,40.2,88.7,93.4,100,,180.5,100.9
20140922,18,O3,10.7,4.3,9.4,5.5,10.8,2,2,3.9,29.9,2,6.7,,9.1,2,10.8,10.4,16.9,2.7,11.9,35.5,40.8,58.1,39.8,22.8,2,77.3,30.4,8.7,43.7,2.6,5.7,2.5,,78,2
20140922,18,CO,2.6,3.1,2.8,2.9,2.6,2.4,2.4,2.4,2.3,3.2,2.1,2.7,2.9,3.5,3.5,3.5,2.1,2.5,2.4,2.9,1.6,1.5,1.5,1.5,1.9,1.4,3,3.5,2.7,2.4,2.9,3,,3.3,2.5
20140922,19,SO2,20.5,20.1,16.9,8.4,6.8,17.8,18.1,8,13.4,18.6,5,10.7,13.3,16.7,18.5,33.9,2,6,5.7,20.6,5.6,17.8,5.3,8.3,5.9,23.1,5.9,20,8.1,8.9,11.5,24.6,,14.5,10.3
20140922,19,NO2,91.6,85.5,84.5,96.2,80.4,90.3,84.3,67.5,44.3,89.2,82.1,78.5,86,100.4,101.7,87.8,49.8,70.9,67.1,62.3,29.7,48.7,49.8,56.7,57.4,5.5,52.6,72.1,39.9,87.1,83.3,94.4,,185.9,94.8
20140922,19,O3,7.7,3.3,12.9,3.8,9,3.5,2,2,37.6,2,2.5,,10,2,8.5,2,19.4,2,8.8,38.1,41,41.6,21.9,2,2,77.4,30.2,2,28.3,2,10.7,3.4,,71.5,2
20140922,19,CO,2.6,2.6,2.5,2.6,2.2,2.2,2.3,2.4,2.2,2.6,2.3,2.6,3,3.4,3.7,3.5,2.1,2.6,2.3,3.6,1.6,1.6,1.7,1.8,1.8,1.4,3.2,3.7,2.7,2.3,2.5,2.6,,3,2.2
20140922,20,SO2,21.2,20.7,14.3,8.4,5.5,16.8,12.9,8.1,7.4,18.5,4.9,10.6,15.2,16.5,20.5,21.6,2,4,3.8,18.6,2,14.9,6.7,4.7,5.5,16.7,4.3,21.4,10.6,9.1,10.9,24,,12.6,6.7
20140922,20,NO2,82.8,82,88.7,87,69.5,89.3,68.6,65.5,35.7,85.5,79,79.7,83.1,95.8,98.3,81.2,49.7,63.4,53.3,46.4,25.9,56.8,63.9,44.5,56.9,5.2,45.9,70.3,49.9,85.2,89.5,94.4,,163.2,98.1
20140922,20,O3,10.7,3.9,4,7.9,10.2,2,3.4,2,38.2,2,2,,11.4,2,9.5,2,23.1,2,12.8,46.9,39,23.9,2.1,2,4,58.8,20.3,2,20.1,2,4.2,2,,84.9,2
20140922,20,CO,2.6,2.8,2.6,2.4,2.4,2.2,2.2,2.3,2.2,2.5,2.1,2.6,2.8,2.8,3.2,2.7,2.1,2.5,2.2,3.3,1.7,1.6,1.8,1.7,1.7,1.4,3.1,3.7,3.2,2.4,2.6,2.7,,2.7,2.5
20140922,21,SO2,12.9,15.1,9.1,5.3,4.8,13.2,11.8,8.4,5.7,13.7,3.1,5.7,16,16.9,16.1,17.3,2,3.5,2.4,11.4,2,7.9,8.3,3,11.4,14.1,3.6,27.1,16.3,9.5,6.9,20.7,,11.7,4.7
20140922,21,NO2,72.2,66.5,77.4,86,67.5,77.9,58.2,55,26.1,73.6,75.3,67.1,77.4,92.6,88.6,71.5,51.5,52.6,48.9,39.6,25.5,61.2,43,38.2,37.5,4.5,38.1,66.9,63.6,86.1,68.1,79.8,,153.1,79.4
20140922,21,O3,8.6,5.8,4.1,2,5.2,2,2,2,41.3,2,2,,12,2,9,2,10.1,2,11.6,40.5,31.4,7.6,23.7,2,44.6,59.7,23.6,4.1,10.8,2,9.7,4.5,,89.7,2
20140922,21,CO,2.5,2.5,2.6,2.5,2.1,2.1,2,2.2,1.8,2.4,2.1,2.6,2.6,2.8,2.5,2.1,1.9,2.3,2.1,2.5,1.8,1.7,1.4,1.6,1.4,1.3,2.7,3.7,4.1,2.5,2.4,2.4,,2.6,2.2
20140922,22,SO2,9.7,11.3,6.5,2.9,2.7,9.5,8.9,8,4.6,10.1,2.4,3.9,12.1,15.9,13.5,8.9,2,2.5,2,7.3,2,5.3,24.1,2.5,16.1,7,3.3,22,18.6,10.4,3.5,15.3,,8.9,4.1
20140922,22,NO2,72,61.8,70.6,78,77,69.1,64,51.7,28.8,64.9,66.1,51.3,71.3,86,83.3,54.2,50,44.5,44.5,32.2,20.9,61.2,39.3,37.3,17.7,3.8,44.1,69,75,81.5,68,73.8,,125.7,70.8
20140922,22,O3,5.5,3.6,3.3,2,2,3.6,2,2,32.9,2,2,,9.1,2,8.3,3.8,6.4,2,11.3,29.9,26.9,2,22.6,2,63.3,34.3,9.6,2,2,2,4.7,2.3,,108.1,2
20140922,22,CO,2.6,2.6,2.6,2.6,2.1,2.1,2,2.2,1.5,2.6,2.2,2.2,2.8,2.6,2.3,1.8,1.9,2.1,1.9,1.7,1.8,1.7,1,1.6,0.9,1.3,2.8,3.3,4.1,2.4,2.6,2.5,,2.6,2.2
20140922,23,SO2,8.4,9.2,6.2,2.8,3.4,9.4,7.5,7.5,3.1,9.1,2,3.5,7.3,10.9,11.8,5.7,2,2.4,2,3.6,2,3.3,14,2.6,12.1,5.7,4.2,17.8,15.7,8.5,3.6,12.4,,8.2,2
20140922,23,NO2,72.4,62.2,67.2,75.8,73.5,71.6,62.7,45.8,18,55.9,52.2,51.7,62.2,77.1,71.7,59.5,32.2,45.8,53.6,28.2,17,52.4,27.2,45.1,14.7,2,34.1,64.6,81,77.4,70.9,74.2,,142.4,69.7
20140922,23,O3,2.9,2,2.8,2,2,2,2,2,31,2,3.2,,5.5,2,10.7,2,20.9,2,2,26.1,23.4,2,30.8,2,61.4,42.8,35.1,2,2,2,2,2,,93.4,2
20140922,23,CO,2.7,2.6,2.5,2.7,2.1,2.3,1.9,2,1.5,2.2,2,1.9,2.8,2.7,2.3,1.6,1.9,2.1,2.2,1.6,1.7,1.7,0.8,1.9,0.8,1.3,2.3,2.7,3.5,2.6,2.5,2.6,,2.7,2.2
20140922,0,PM2.5,76.1,76.5,85.1,81.8,83.8,66.6,84.3,86.1,104.9,92.6,87.8,103.9,80.6,91.5,76.7,67.8,70.2,97.2,92.8,90.1,136.8,95.2,130.9,97.8,117.4,109.4,57.8,59.2,79.3,81.8,94.5,88,90.9,88,79.8
20140922,0,PM10,,,,,,107.2,,,,,,,,,,95,89.2,110.8,118.7,97,158.9,118.7,,,,112.7,,,82.9,133.9,,,,,104.7
20140922,0,AQI,129,131,139,136,133,117,143,130,161,142,146,162,140,151,139,109,101,127,142,84,112,86,153,125,171,90,73,106,130,144,145,140,138,144,130
20140922,1,PM2.5,81.2,74.6,91.8,84.2,84,69.7,90.8,90.4,105.6,94.3,86.7,101.6,88.3,92.2,79.2,71.7,91.5,95,87.5,92.2,115.5,81,130.2,100.3,114,99.6,56.7,68.5,79.2,75.5,88.4,85.3,79.1,81.4,78.1
20140922,1,PM10,,,,,,97.3,,126.7,,,,,,,,74.5,106,103.8,104.5,95.7,122.9,95.4,,,,110.6,,,82.3,159.1,,,,,95.7
20140922,1,AQI,121,123,132,129,126,110,137,130,158,135,141,154,135,144,131,104,99,125,141,87,113,87,155,126,170,93,73,100,126,141,138,133,131,136,123
20140922,2,PM2.5,77,78.3,82.3,80.7,80.7,63.3,90.5,90.3,109.1,90.9,93.7,104.3,84.3,96.2,75.7,76.2,82.4,101,85.6,82,100.7,79.5,118.8,101.4,112.5,95.3,57.1,73.7,85.2,78.5,88.1,81.4,82.1,81.5,71.1
20140922,2,PM10,,,,,,70.7,,,,,,,,,,87.4,90.3,104.4,109.2,86.3,,100.6,,,,101.6,,,,141.2,,,,,92.8
20140922,2,AQI,116,117,126,123,121,105,131,129,155,129,137,148,130,137,124,102,99,120,139,91,114,88,157,126,168,96,74,96,122,137,131,128,124,130,119
20140922,3,PM2.5,64.7,69.5,79,73.6,74.3,65,88.8,83.3,95.5,79,95.6,108.3,85.8,87.7,82,78.3,79.3,96.9,89.4,75.2,89.2,96.6,109.7,96.8,116.4,88.6,52.2,75.4,85.6,84.2,75.8,76.1,82.4,77.2,73.6
20140922,3,PM10,,,,,,69,,92.5,,87.8,,,,,,87.6,,,116.7,,,,,,,97.3,,,,141.2,,,,,91.5
20140922,3,AQI,110,111,120,117,117,101,126,127,150,123,131,143,124,132,119,101,99,118,135,93,117,90,157,124,166,98,75,94,118,133,125,122,119,124,116
20140922,4,PM2.5,64.7,76.4,72.5,71.8,78.1,76.2,80.9,83.3,97.3,75.3,106.7,101.9,83.1,74.6,85.3,73.2,73.4,83.9,91.2,75.5,92,82.1,125.4,84.9,121.7,85,53.5,72.2,91.2,86.1,81,78.4,67.4,77.8,82.3
20140922,4,PM10,,,,,,95.9,,97.1,,,,118.3,,,,79.8,,85.7,129.2,,,92.7,,,,,,,,145.7,,,,89.4,91.7
20140922,4,AQI,106,107,115,112,114,99,120,124,146,119,128,138,119,127,115,101,100,116,132,96,118,92,157,121,163,100,77,93,116,128,121,118,113,120,114
20140922,5,PM2.5,75.7,79.8,75.8,72,73.3,75,68.3,86.7,95.5,68.7,77.4,83.2,83.5,77.8,77.6,76.2,79.7,62.3,93,75.1,94.1,87,118.2,88.5,106.1,81.1,67.1,72.2,81.9,97.7,79.5,79,76.4,76.5,72.1
20140922,5,PM10,,,,,,78.2,,111.4,,,,88.8,,,,76.3,93.8,,130,,,95.5,,,,87.4,,,,,,,,76.6,
20140922,5,AQI,104,106,113,109,111,99,115,122,141,114,123,133,116,123,113,101,101,114,129,99,121,94,158,119,159,102,79,93,114,125,119,116,110,117,113
20140922,6,PM2.5,71.8,72.6,75.1,70.7,74.4,66,80.3,90.7,87,69.6,74.3,76,73.1,80.1,84.6,102.7,86.7,68.6,82.6,77.8,91.3,91.8,107.6,85.2,108.2,90.2,71.8,81,74.3,94.1,77.6,76.4,70.3,74.9,80.4
20140922,6,PM10,,,,,,72.1,,98.8,,,,87.1,,,,143.9,104.7,,112.4,82.3,,107.7,,,,95.4,,,,111.9,,,,92.2,
20140922,6,AQI,104,105,111,109,109,98,113,121,137,111,120,129,113,120,113,103,103,112,125,101,122,97,159,119,156,105,81,94,112,123,118,116,109,116,112
20140922,7,PM2.5,78.2,83.3,74.5,79,87.4,82.9,67.7,85.6,94.3,66.5,71.4,70.1,58.6,79.6,97.1,107.6,85.3,83.9,88.9,80.9,84.7,97.1,113.7,81.9,100.1,102.6,77.3,86.7,78.3,84.7,96.5,91.6,80.6,94,96.3
20140922,7,PM10,,,,,,114.1,,,,83.5,,,64.6,,,169.7,98.2,89.5,94.1,92.3,,110.6,,,,,,,,93.9,,,85.8,132.5,126.4
20140922,7,AQI,105,106,111,109,110,99,112,119,132,111,116,125,109,119,113,105,105,112,122,104,123,99,159,118,153,108,84,95,110,121,119,117,109,116,113
20140922,8,PM2.5,94.5,94.2,85.3,95,100.1,95.3,81.7,83,98.8,78.9,69.1,72.4,72.5,88.9,108,116.4,88.4,81,77.1,81.5,84.9,93.6,105.3,77.6,77.6,105.6,66.8,95.2,77.7,78.1,102.4,101.8,84.5,103.5,111
20140922,8,PM10,,,,,,160.5,,105.9,,106,,75.7,,,,158.5,93.9,83.2,84.6,100.6,,120.3,,,,,,,,92.3,,,121.1,192.1,168.1
20140922,8,AQI,107,108,112,110,112,100,112,118,132,111,114,124,109,120,115,107,107,112,119,106,124,102,157,117,149,112,86,96,109,119,120,118,109,118,114
20140922,9,PM2.5,95.1,94,89.4,100.6,102.1,97.8,86.3,83.2,106.1,90.3,75.1,84.6,71.8,97.5,109.5,108.3,80,79.1,90.6,82.4,79.7,92.4,82.2,83.3,62,90.1,67.5,98.3,83.9,79,108.7,106.9,95.8,114.8,110.1
20140922,9,PM10,,,,,,169.7,,98.1,,131.4,,93.5,83.7,,,160.8,91.2,94.4,112.1,106.5,,138.5,,,,,,,,92.3,,,137.5,202.2,171.1
20140922,9,AQI,109,109,113,112,114,102,113,116,132,113,114,124,108,120,117,110,107,112,118,108,124,105,155,116,145,115,87,98,109,118,122,120,112,120,116
20140922,10,PM2.5,99,100.2,99.7,100.8,100.9,99,98.5,86.3,109.6,91.6,82.1,95,82.1,107.6,115.1,107.6,85.6,84.8,99.5,87,78.6,82.8,66.7,82.5,68.3,93.5,62.2,102.5,97,83,112.1,109.5,98.9,105.8,107.5
20140922,10,PM10,,,,,,168.4,,109.6,,134.9,,124.6,112.9,,,161.9,111.4,,121.6,107.3,,105.6,,,,,,,,107.5,,,174.7,187.8,166.8
20140922,10,AQI,111,112,115,115,117,104,115,114,131,114,115,125,108,122,119,111,108,114,117,110,125,107,150,117,140,118,87,100,109,118,125,123,113,123,118
20140922,11,PM2.5,109,104.2,105.1,104.9,113.5,103.5,107.7,95,119.4,101.5,91.1,110.5,89.8,109,118.3,100.8,91.2,67.7,115.1,87.4,75.7,107.7,70.6,70.9,74.2,102.3,61,103.1,,86.2,113.8,109.9,,112.7,108.1
20140922,11,PM10,,,,,,172.1,,133.7,,132.8,,158.9,124.5,,,134.8,116.5,85.5,147.1,99.7,,113.8,,,,,,,,120.5,,,,190.4,149.5
20140922,11,AQI,114,114,118,117,120,107,118,114,132,116,116,127,109,123,121,113,108,114,119,111,126,111,147,117,136,121,89,101,108,117,128,125,,125,120
20140922,12,PM2.5,120.6,110.2,118.2,112.6,116.7,105,123.1,104.8,126.6,102,102.1,126.4,93.2,108.2,116.6,104.1,98.2,69.2,111.2,80.6,69.9,73.7,71.5,76.8,87.8,62.6,63.5,100.3,51.9,93.6,118,110.3,,,107
20140922,12,PM10,,,,,,166.2,,149.4,,141.3,,174.5,137,,,125.5,108.3,83.4,143,93.9,,94.8,,,,,,,,152.3,,,,,140.4
20140922,12,AQI,117,116,121,119,122,108,121,116,135,118,118,130,110,124,122,115,111,116,121,113,126,112,144,118,135,122,90,103,107,118,129,126,,125,122
20140922,13,PM2.5,126.9,118.2,133.7,130.5,128.6,111.3,114.7,101.8,134.6,115.7,118.5,133.7,99.6,113.8,120.4,97.8,90.6,78.4,118.3,75.7,66.2,78.3,73.6,74.9,92.2,62.9,73.3,94,104,109,142.4,120.7,,78.3,113.9
20140922,13,PM10,,,,,,174.1,,145.3,,169,,182.8,154.5,,,122.1,100.5,106.4,128.9,81.2,,,,,,,,,,179.4,,,,,152.6
20140922,13,AQI,119,117,123,122,125,110,123,117,137,119,120,133,111,125,124,117,113,117,124,114,126,113,141,119,135,123,91,104,109,119,132,128,,125,124
20140922,14,PM2.5,130.7,133.7,144.1,142.8,137.9,120.2,124.3,105.6,135.6,127.3,137.5,137.6,114.1,127.1,126.1,98.8,89.8,77.9,120.8,70.4,62.3,70.5,75.1,77.2,99.1,69,74,95.5,110.9,114.9,,136,,137.1,123
20140922,14,PM10,,,,,,186.2,,154.1,,193.6,,165.2,187.6,,,113.6,91.2,96.2,140.8,,,92.8,,,,,,,,200.6,,,,267.2,163.4
20140922,14,AQI,121,120,126,124,127,112,125,119,140,121,122,135,113,126,126,118,114,118,126,114,125,113,138,119,135,123,92,105,111,119,132,129,,126,126
20140922,15,PM2.5,122.3,135.5,144.9,141.1,129.4,114.5,122,94.1,122.7,128.4,141.4,141.5,122.4,133.8,125.6,102.2,90.7,78.4,121.1,64.3,85.2,52.2,70.5,84.1,101.9,67.8,81,107.6,108.8,130.5,,138.9,,146.5,115.1
20140922,15,PM10,,,,,,171.3,,116.1,,193.1,,155.9,208.9,,,109.1,98.4,110.8,155.9,70.1,,68.5,,,,,,,,214.6,,,,264.6,136.1
20140922,15,AQI,122,121,128,126,129,113,126,120,141,122,125,137,115,127,127,119,114,118,128,114,125,113,136,119,134,121,92,107,112,120,131,131,,128,127
20140922,16,PM2.5,117.5,133.7,128.5,136.1,112.4,113,135.9,97.9,116.3,143,131.5,127.7,136.3,135.4,133.9,102.5,90,87.3,114.6,69.1,87.6,65.2,76.1,87.6,115.9,66.6,73.7,102.7,115.2,140.8,,134.7,,135.6,112
20140922,16,PM10,,,,,,170.6,,139.3,,238.8,,157.3,201.1,,,126.2,98.6,118.6,146.5,73.4,,79.4,,,,,,,,244.3,,,,243.5,129.5
20140922,16,AQI,123,123,129,127,129,114,127,120,141,125,127,139,117,129,128,119,115,118,130,113,125,112,134,119,135,120,92,108,113,123,130,132,,130,127
20140922,17,PM2.5,109.2,124,124.3,121.9,103.4,105.7,136.6,97.4,116.5,141.1,123.1,121.7,126.9,142.6,130.8,109.6,89.9,91.7,105.3,56.3,73.2,69.2,87.4,90.1,112.8,67.4,74.6,102.3,122.2,151.8,61,123.1,,126.9,108.2
20140922,17,PM10,,,,,,143.6,,129.1,,246.4,,163.2,180.2,,,139.5,97.4,107.7,144.7,72.9,,98.3,,,,,,,,257.6,,,,226.8,120
20140922,17,AQI,123,123,130,128,129,115,129,121,142,127,129,139,119,132,130,120,115,118,130,111,124,112,133,119,135,118,92,110,115,125,128,133,,131,127
20140922,18,PM2.5,101.6,116.7,108,109.6,99.1,95,114.7,100.2,119,124.1,120.6,123,116.3,132.4,129.7,119.4,90.6,104.5,109.9,73,79.6,74.1,93.3,89.2,107.9,68.8,72.5,115.4,126.2,153.9,114.2,113.5,,113.9,102.6
20140922,18,PM10,,,,,,137.3,,137.5,,193.7,,174.8,189.9,,,159.5,103,133.1,146.3,104.6,,102.2,,,,,,,,229.8,,,,200,117.7
20140922,18,AQI,123,125,131,129,128,115,130,122,143,129,130,140,120,134,132,122,116,118,131,110,123,112,132,118,135,117,92,112,118,128,128,133,,132,127
20140922,19,PM2.5,101.2,108.9,103.9,105.9,94.8,86.9,111.2,90.4,119.9,106.4,129.4,142.6,117,128.9,131.8,117.8,97.6,112.7,106,94.3,83.3,75.8,104.6,89.9,87.1,67.1,73.6,128.7,121,150.1,108.6,107.3,,103.1,95.2
20140922,19,PM10,,,,,,134,,,,144.1,,189.6,198.2,,,181.8,,,,,,125.8,,,,,,,,203.4,,,,170.8,119.5
20140922,19,AQI,124,126,131,130,128,116,130,122,143,130,132,142,122,137,134,124,116,119,131,110,123,111,132,118,134,116,91,114,120,131,128,134,,132,127
20140922,20,PM2.5,107,113,111.1,97.5,111.8,99.1,106.6,77.5,113.3,98.6,126.2,132.6,112.3,114,128.9,119,87.7,108.2,98.9,91.4,91.8,88,105.3,84.8,82.8,76.5,78,134.6,131.5,134.8,110.2,110.6,,105,99.6
20140922,20,PM10,,,,,,106.7,,,,131.8,,167,188.3,,,157.4,,,,,,150.5,,,,,,,,200.7,,,,138.3,117.4
20140922,20,AQI,124,127,132,130,129,117,131,121,143,130,134,143,124,137,136,126,115,119,131,110,122,111,131,117,133,115,91,118,123,133,129,135,,132,127
20140922,21,PM2.5,110.5,118.1,109.3,106.9,109.8,108.7,96.8,76.7,89.1,102.8,116.7,111.9,102.6,108.1,120.3,96.3,90.1,106.9,66.1,78.1,91.3,76.4,102.9,75.5,109.7,73.3,85.6,121.9,150,132.9,107,110.1,,105.3,105.3
20140922,21,PM10,,,,,,136.9,,,,116.8,,,146.5,,,,,,,,,103.9,,,,,,,,214.1,,,,149.8,145.7
20140922,21,AQI,125,129,133,131,130,118,131,120,143,130,135,143,125,138,138,126,115,118,129,108,120,111,131,116,133,113,92,121,127,136,129,135,,133,128
20140922,22,PM2.5,99.2,112.1,105,107.6,97.4,103.9,80.6,76.9,87.4,109.1,96.8,90.4,100.8,110.9,122.9,96.7,93.5,93.7,63.9,78.1,79.3,89.1,61.2,75.9,54.3,72.9,85.1,116.9,142,124.9,113.9,112.4,,108.6,93.8
20140922,22,PM10,,,,,,,,,,,,,108.2,,,,,,,,,91.7,,,,,,,,188.1,,,,,
20140922,22,AQI,126,132,134,132,130,120,130,119,142,131,134,142,125,139,141,127,115,117,128,106,118,111,128,114,129,111,92,124,130,138,131,137,,134,128
20140922,23,PM2.5,103,113.1,106.8,113,90.9,95.3,80.5,69.3,81.5,98.9,86.3,102.1,96.9,119.3,119.8,88.9,83.4,90.6,75.4,74.1,74.3,83.4,41.9,83.1,48.3,57.4,82,101.1,126.8,116.5,102,111.7,,107.3,94.9
20140922,23,PM10,,,,,,,,,,,,,,,,,,,,,,90.8,,,,,,,,149.1,,,,,
20140922,23,AQI,128,134,134,134,131,122,130,118,141,132,134,142,126,140,143,129,115,116,127,105,114,110,123,113,125,109,94,127,133,140,131,138,,135,129
