date,hour,type,dongsi,tiantan,guanyuan,wanshouxigong,aotizhongxing,nongzhanguan,wanliu,beibuxingqu,zhiwuyuan,fentaihuayuan,yungang,gucheng,fangshan,daxing,yizhuang,tongzhou,shunyi,changping,mengtougou,pinggu,huairou,miyun,yanqing,dingling,badaling,miyunshuiku,donggaocun,yongledian,yufa,liulihe,qianmeng,yongdingmengxi,xizhimengbei,nansanhuan,dongsihuan
20140823,0,SO2,6.2,2,2.8,2,2.1,4.7,10.2,3.5,2.8,4,2,3.3,2.3,3.9,3.3,9.2,2,2.1,2,2.8,2,6.4,3.8,2,4.8,4.7,2,3.8,2,16.2,3,9.1,10.7,9.4,10.5
20140823,0,NO2,122,66.7,92.3,76.3,124.7,131.6,114.4,73.2,30,68.2,55.9,110.6,74.7,69.6,134.2,230.9,78.5,95.6,62.4,31,33.3,82.8,48.3,32.9,56.7,6.5,24.1,77.8,12.4,43.3,108.7,124.8,118.1,159.4,147.9
20140823,0,O3,18,16.1,33.5,37.2,2.5,2,2,2,63.9,46.9,41.8,9.5,24.9,28.2,2,2,13.4,9.3,26,64,75.3,10.2,28.7,64.4,25.2,63.2,89.4,2,2,4.4,14.2,4,6.5,2,2
20140823,0,CO,1.6,1.3,1.3,1.4,1.4,1.5,1,0.9,3.6,1.2,1.2,1.4,1.4,1.2,1.8,2.4,1.1,0.9,1,1.4,0.9,1.2,0.7,0.7,0.8,1,0.9,0.9,1,0.8,1.4,1.8,1.6,1.6,2.2
20140823,1,SO2,6.6,2,3,2,4.2,4.8,9.9,4.1,2.5,3.9,2,3.6,2.6,4.2,2.4,11.1,2,2.2,2,2,2,14,3.1,2,12.8,4.4,8.1,8.9,2,16.7,3.1,8.3,15.8,9.3,11.9
20140823,1,NO2,140.5,70.8,124.2,107.9,136.6,133.8,109.3,66.2,34.4,78.8,52.9,108.2,87.2,78.8,129.9,223.1,78.7,90.7,47.7,27.9,58.3,64.4,68.5,32.9,71,5.8,50.4,71.7,13.1,43.4,119.6,127,118.9,164.3,144.9
20140823,1,O3,9.9,4.2,3.7,7,2,2,2,2,43.8,28.1,34.5,2.8,20.6,13,2.8,2,10.4,2,25.2,56.8,25.1,31.5,3.6,49.5,16.1,57.5,78.2,2,2,33,2.5,4.1,2,2,2
20140823,1,CO,1.8,1.3,1.4,1.5,1.2,1.7,0.9,1,4.1,1.2,1.3,1.1,1.3,1.3,1.6,2.4,1.1,0.8,0.9,1.4,1.1,1.2,0.6,0.7,0.9,1,1,1,0.9,0.8,1.5,1.8,1.4,1.5,2.2
20140823,2,SO2,7,2,3.7,2,5.5,3.9,10.1,4.1,2.7,3.5,2,2.4,2.5,2,3.8,10.9,2,2,2,2,2,4.6,7.6,2,8.7,4.1,11.3,11.4,2,16.7,2,4.1,2,4.8,8.5
20140823,2,NO2,134.7,89.2,117.4,99.6,127.3,128,109.2,59,33.7,93.2,42.5,105.9,30.9,38.2,107.2,192.9,76.5,72.2,51.1,20.9,42.6,38.1,51.5,20.7,41.9,5.4,33.6,69.4,29.3,26.4,123.6,108.3,119.7,145.7,135
20140823,2,O3,13.2,9.8,11.3,15.5,2,2,2,2,34.4,2,57.4,2,75.2,62.8,13.1,2,11.8,22.7,8.4,57,31.2,46.2,20.4,44.5,35.3,54.5,95.1,2,2,61.3,5.2,18.1,2,2,2
20140823,2,CO,1.7,1.4,1.3,1.5,1.2,1.6,1,0.9,3,1.3,1,1.1,0.7,1,1.6,2.4,1.1,0.7,0.8,1.3,0.9,1.1,0.6,0.6,0.7,1,1.1,1,1,0.7,1.4,1.5,1.5,1.3,1.8
20140823,3,SO2,4.2,2,3.4,2,4.5,2,10.7,4,2.4,2.1,2,2,2,2,2,4.8,2,2,2,2.2,2,2,5.3,2,5.4,3.8,13,2,2,15.4,2,2.5,2,5.4,8.4
20140823,3,NO2,102.6,69.3,61.5,64.6,111.3,122.6,107.6,48.3,53.4,93.7,22.6,86.4,42.8,17.7,52.7,138.7,64,29.4,39.6,15.6,26.4,40.4,47.9,17,18.3,3.6,29.8,71.6,39.9,34.8,116.1,96.6,115.7,127.1,120.1
20140823,3,O3,27.3,13.7,71.6,26.1,2,2,2,2,18,2,90.6,6.5,50,64.8,33.4,2,22.6,59.2,2,66.5,39.9,24.4,18.6,45.6,53.2,55.4,97.8,2,2,33.2,3.5,14.8,2,2,2
20140823,3,CO,1.4,1.2,1,1.2,1,1.5,1,0.9,3,1.2,0.7,0.9,0.9,0.8,1.1,1,1.2,0.7,0.1,1.2,0.8,1,0.6,0.6,0.7,0.9,1,1,1,0.6,1.2,1.2,1.3,1.3,1.9
20140823,4,SO2,4.2,2,3,2,6,2,9.7,4.2,2.8,2,2,2,2,2,2,2.4,2,2,2,2,2,2,3.2,2,8.4,3,4.4,26.1,2,15.3,2,3.9,2,5.3,10.4
20140823,4,NO2,99.7,64.6,114.3,60.7,102,99.5,94.9,46.1,52.4,92.6,50.4,54.7,42,18,44,117,72.9,35,25.2,19.4,18.3,40.6,51.1,16.1,30.5,2,42.7,68.7,31,35.4,96.1,97.7,109.5,124.8,133.8
20140823,4,O3,21.8,4.6,2,15,2,6.2,2,2,20.8,2,37,33.8,38.9,47.7,29.7,2.8,5.4,47.4,33.4,83.9,47.8,13.5,2,41.9,30.6,59.7,65,2,2,16.8,2.3,2.4,2,2.3,2
20140823,4,CO,1.4,1.2,1.2,1.4,0.9,1.5,1,0.9,1.9,1.1,0.9,0.8,0.9,0.8,1,0.9,1.1,0.7,0.6,0.9,0.8,1.1,0.6,0.6,0.8,0.8,0.6,1,1,0.6,1.4,1.5,1.2,1.4,1.8
20140823,5,SO2,6.3,2,2.8,2,3.6,2,9,4.3,2.5,2,2,2,2,2,2,2.4,2,2,2,2,2,2,2.2,2,11.5,2.9,2,13.8,2,15.3,2,4.2,2,4.8,10.3
20140823,5,NO2,117.1,71.6,102.3,71.1,106.7,113.5,84.9,44.5,41.9,92.1,58.3,71.2,60.9,42.9,34.7,89.9,52.4,29.1,,9.5,19.9,57.4,46.5,14.6,51.7,2,25,62.3,28.3,49.6,99.5,74.1,93.3,105.1,130.6
20140823,5,O3,9.8,2.4,2,2,2,2,2,2,26.3,2,12.5,11.3,12.9,26.6,32,7.1,21,49.9,36.8,105.8,44.5,4.2,2,49.5,10.4,54.3,57.5,2,2,11.1,2,2,2,2,2
20140823,5,CO,1.4,1.3,1.2,1.5,0.9,1.6,0.8,0.9,1,1.1,1,1,1,0.9,0.9,0.9,1.1,0.7,0.8,0.7,0.8,1.2,0.6,0.6,0.8,0.9,0.6,1,1,0.6,1.3,1.7,1.2,1.4,1.9
20140823,6,SO2,6.3,2,3.4,2,3.1,2,8.4,4,3.6,2.4,2,2,2,2,2,3.2,2,2,2,2,2,4.6,2.8,2,10.8,2.8,2,2,2,15.5,2,4.2,2,6.1,10.3
20140823,6,NO2,99.9,64.2,98.5,89.3,104.1,115.7,80.5,38,23.6,88.2,39.3,79.6,68.3,81.2,46.6,96.2,54.3,32,22,11.6,20.9,38.8,49.6,13.8,42.7,2.3,23.1,60.5,16.4,49.2,98.5,96,90.5,120.2,110.2
20140823,6,O3,8.8,2.2,2,2,2,2,2,2,57.1,2,23.4,2,2,2,23.8,2,9.4,39.3,45.4,96.5,40.4,46,2,58.1,15,44.9,51,2,2,8.2,2,2.5,2,2,2
20140823,6,CO,1.3,1.4,1.2,1.4,0.8,1.7,0.7,0.9,0.5,1.2,1,1.1,1.2,1.1,1,1,1.3,0.7,0.7,0.7,0.8,1,0.7,0.7,0.9,0.9,0.8,1.1,0.9,0.6,1.2,1.5,1,1.4,1.7
20140823,7,SO2,6.1,2,3.5,2,3.5,2,8.8,3.9,3,2.9,2,2,2,2,2,2.1,2,3,2,2,2,5.9,2.9,2,15.9,2.5,,18.8,2,15.7,2,5.7,2,8.7,11.3
20140823,7,NO2,93.9,61.8,95.8,81.7,98.4,105.1,78.4,32.4,29.6,72.9,48.7,77,78.1,83.3,90.3,97.6,41.3,36.8,25.2,16.1,30.9,30.3,43.2,17.9,47.8,2.2,,54,7.2,43,92.7,102,91.6,129,106.8
20140823,7,O3,12.4,2.5,2,2.7,2,2,2,2,34.8,2,18.8,4.3,2,2,2,2,30.5,35.8,42.3,85.3,27.2,70.6,2,40.2,13.6,35,,2,2,4.8,3.6,4,2,2,2
20140823,7,CO,1.3,1.3,1.2,1.2,0.8,1.5,0.7,0.9,0.7,1,0.9,1.1,1.3,1.3,1.4,0.8,1.1,0.8,0.7,0.7,0.9,0.9,0.8,0.7,1,0.9,,1,0.9,0.7,1.1,1.5,1.2,1.6,1.8
20140823,8,SO2,7.2,2,4.8,2,3.1,2.3,10.3,3,5.4,4.6,2,2,2,2.4,2,2.8,2,6.1,2,2,2,5.9,7.2,5,13.6,4,2.9,21.5,2,17.6,2,6.7,2,7.7,7.5
20140823,8,NO2,89,92,94.6,91.7,92.4,100.3,69.1,40.4,31.5,72,34,69.3,74.2,98,112.5,101.6,42,39.5,23.9,23.9,23.9,39,41.9,23.8,32.7,2,20,47.5,22.3,52.3,94.5,108,90.2,145.6,106.5
20140823,8,O3,22.9,4.6,6.3,9.1,2,4,4.2,4.4,58.3,5.7,36.9,20.7,7.3,3.1,2,2,38.5,30.3,46.9,69.5,36.9,41.7,12.5,37.3,30.7,60.3,55,20.8,2,5.5,7.9,6.5,2,2,2.2
20140823,8,CO,1.4,1.5,1.2,1.3,0.9,1.4,0.7,0.8,0.6,1,0.8,1,1.3,1.5,1.7,0.8,1.1,0.8,0.8,0.8,0.9,1,0.8,0.8,0.8,0.9,0.7,0.9,1,0.8,1.1,1.5,1.2,1.7,1.4
20140823,9,SO2,8,2.5,6.8,2,3,4.1,12.5,5.6,8.3,5.5,3.1,2,2,5,2,4.9,2,12.6,2.6,2.9,2,4.4,8.1,15.8,40.7,4.6,5,2,2,20.2,2,6.4,2,6.3,5.1
20140823,9,NO2,72.2,93.6,92.3,81,81.6,91,62.1,48.8,19,61.2,41.4,45.4,59.8,100.4,102.1,95.4,59.4,42.2,21.5,24.9,19.8,17.7,38.7,21.5,34.8,2,20.7,41.7,21.8,74.6,87.2,105.3,86.3,143.9,96.8
20140823,9,O3,48.5,14.4,19.4,32.6,24.1,27.2,20,18.8,88.9,32.6,49.8,57.4,23.6,20.9,28.1,18.2,41.2,43.3,66.6,77.2,61.7,70.1,16.4,54,38,84,74.3,39.9,34.4,21.4,26.1,19,15.8,2,13.2
20140823,9,CO,1.3,1.5,1.3,1.3,1,1.4,0.9,0.9,0.6,1.1,0.9,0.9,1.2,1.4,1.5,0.7,1.2,0.8,0.8,0.8,0.9,0.9,0.7,0.7,1.2,0.9,0.7,0.9,0.9,0.9,1.1,1.4,1.2,2.4,1.4
20140823,10,SO2,9.8,4,8,2,3,5.6,12.8,11.2,9.3,6.3,4.6,2,2,8.2,2.3,6.4,2,16.8,3.4,2.3,3.5,4.6,10.4,26.1,100.7,5.1,7,2,2,20.4,3.2,7.9,2,5.1,7.9
20140823,10,NO2,53.3,72.2,67.8,61.4,67.7,68.8,76.9,40.5,16.8,63.6,32.3,35.2,48.3,93.4,99.8,100.5,29,46.8,24.4,27.8,23.2,17.7,33,17.6,43.2,2,37.7,35,15.8,70.7,70.8,96.6,74.5,138.4,98.3
20140823,10,O3,92.6,61.1,77.5,82.7,67.6,72.4,42.6,52,125.5,70.5,96.3,106.4,61.8,60.1,49.7,35.3,99.5,57.7,97.4,79.6,92,106.7,28.1,84.3,48,101.9,58.5,64.6,67.1,42.4,68.8,53.1,59.4,21.4,35.5
20140823,10,CO,1.4,1.4,1.3,1.3,1.3,1.4,1,0.8,0.7,1.2,1,0.9,1.1,1.4,1.5,0.7,1,0.8,0.8,0.9,1,0.9,0.8,0.8,1.7,1,0.8,0.9,0.8,0.9,1.2,1.4,1.3,1.9,1.5
20140823,11,SO2,10.8,5.9,7.7,2,2.9,6.4,11.9,14,10,6.5,5.5,2.3,2,10.3,3,6.5,2,17.9,7.4,5.3,4.1,7.3,17,25.4,47,7.3,6.7,11.9,2,20.2,5.5,8.2,2,7.2,7.2
20140823,11,NO2,63,79.6,55.4,63.1,54.2,61.9,57.8,35.8,21.1,55.7,35.6,35.9,46,114.5,84,77.4,25.5,40.6,37,18.7,18.4,16.6,29.3,21.5,29.1,2,34.6,27.7,14.2,69.9,97.9,94.3,87.6,170.6,106.9
20140823,11,O3,122.4,101.7,137.8,129.8,122.1,128.3,100.4,74.5,151.5,131.5,144.4,151.3,114,84.6,105.6,95.5,137.1,85.3,128,135,129.4,148.3,53.9,90.2,93.9,133,88.9,90.6,93.5,89.1,90.4,92.8,95,31.2,69.2
20140823,11,CO,1.4,1.4,1.3,1.4,1,1.3,1,0.8,0.7,1.3,1.1,1,1.2,1.5,1.3,0.7,1,0.8,0.9,0.9,1,1,0.8,0.8,1.1,1.1,0.7,1,0.8,0.9,1.4,1.5,1.4,2,1.5
20140823,12,SO2,10.2,7.7,7.6,2,2.5,7.6,12.9,14.6,8.8,6.1,5.7,2.6,2,8.6,3.3,8,2.8,20.1,4.4,9.1,5.6,9,42.9,20.9,30.6,9.7,15,2,2,20.3,6.3,8.1,2,7.7,9.6
20140823,12,NO2,55.1,58.4,47.9,66.8,45.9,65.7,47.9,35.4,24.4,43.4,41.6,52.7,37.1,111.9,75.4,77.8,27.7,32.5,29.7,21.7,19.9,15.1,24,29.6,21.6,2,35.5,21.7,4,58,91.5,94.1,67.1,176.4,87.4
20140823,12,O3,166.7,161.6,188,168.1,167.7,173.2,149.2,110.8,186.7,194.1,184.6,176,163.8,122.7,143.8,132.1,190.6,119.4,175.2,159.6,175.3,189.6,87.5,107.9,126.1,168.4,141.1,110.1,123.1,147.8,128.2,134.4,146.3,56.8,137.1
20140823,12,CO,1.4,1.3,1.3,1.5,1,1.4,1,0.7,0.7,1.3,1.2,1.1,1.2,1.5,1.2,0.7,1.1,0.8,1,1.1,1.1,1,1,0.8,0.8,1.1,0.9,1,0.9,0.9,1.4,1.5,1.2,2,1.4
20140823,13,SO2,11.5,7.9,7.3,2.1,2.2,9.5,14.5,10.8,9,6.7,6,2.2,2,8.1,3.6,7.5,3.5,17.5,2.2,9.7,5.9,8,41.6,20.6,14.1,8.4,16.9,2,2.4,20.2,5.1,9.5,2,8.5,12.3
20140823,13,NO2,47.9,44.9,54.1,67.4,46.5,54,45.3,42.4,28.7,52.4,32.4,46.8,33.3,90.2,91.7,57.7,26.2,23.7,30.3,18.4,17.5,13.6,15.2,21.6,21.1,2,29,17.5,2,40,73.3,79.6,52.7,179.2,73.4
20140823,13,O3,191.5,213.7,209.8,206.7,213.3,222.7,186.9,158.3,239.3,237.7,222.2,230.7,193.5,177.2,174.1,179.4,237.6,164,219,188.2,195.9,219.4,122.6,148.8,134.6,192.2,181,122.8,140.3,191.1,170.4,188.3,198.6,78.5,179.1
20140823,13,CO,1.3,1.2,1.3,1.5,1,1.3,1,0.8,0.8,1.3,1.1,1.1,1.2,1.4,1.2,0.7,1,0.7,1,1,1,1,0.9,0.8,0.7,1.1,0.9,0.9,0.8,0.9,1.1,1.4,1.2,1.7,1.2
20140823,14,SO2,10.6,7.7,7.1,3.8,5.7,11.5,17.5,10.7,9.3,7,5.9,2.8,2,9.7,3.4,7.5,6.1,13.3,2,10.4,5.4,8.1,23.7,15.6,14.5,7.7,15.3,2,2.4,20.7,5.3,8.5,2,11.6,13.4
20140823,14,NO2,46.4,32.5,53.7,42,50.3,50,41.7,33.2,30.6,54.1,22.8,32.7,28.6,56.4,58.3,52.8,29.2,26.4,31.8,16,16.9,11.8,4.8,17.2,16.8,2,23.9,17.4,2,23.4,65.3,72.6,91.2,156.6,74.5
20140823,14,O3,230.6,249.6,236,246.2,234.2,241,190.3,160.7,288.2,269.8,233.2,266.9,216.9,262.9,259.8,232.5,267.3,211.5,254.5,214.9,220.1,226.3,143.7,183.9,141.1,209.4,194.3,138.2,146.6,202.4,208.3,201.5,177.8,109.6,181.5
20140823,14,CO,1.2,1.1,1.3,1.2,1,1.1,0.9,0.8,0.9,1.3,1,1,1.1,1.2,1.2,0.6,0.9,0.7,1.1,1.1,0.9,0.9,0.6,0.7,0.6,1,0.9,0.9,0.9,0.8,1,1.1,1.3,1.5,1.1
20140823,15,SO2,10.1,9.8,8.2,4.7,6.9,8.3,18.3,9.4,8,6.7,,2.7,2,8.2,4.3,7.6,6.7,11.2,2,9.7,4.7,8.1,21.2,11.1,9.7,7,13.8,24.5,2,21.5,6.7,12.2,2,11.9,16.5
20140823,15,NO2,34.1,29.8,44,43.8,43.7,43.1,57.3,43.1,30,48.5,,27.6,28.5,34.3,28.4,49.2,24.6,29,29.8,15.6,21.5,10,4.3,18.9,26.6,2,22.4,16.5,5.7,22.4,72.7,68.7,77.8,146.6,55.9
20140823,15,O3,236.3,269.9,252.8,277.1,242,273,224,207.8,299.4,291,,266.3,225.9,273,242.1,234.4,254.5,234.1,245.1,228.3,268.7,209.6,139.4,214.3,109,212.2,197.9,146.2,156.2,210.8,218,241.5,212.4,163.2,233.6
20140823,15,CO,1,1.1,1.2,1.3,0.8,1,1,0.9,0.8,1.2,,0.9,1.2,1,1,0.6,0.8,0.7,1,1.1,0.9,0.8,0.5,0.7,0.5,0.9,0.8,0.9,1,0.9,1,1.2,1.1,1.6,1
20140823,16,SO2,12.6,9.2,6.1,2.6,5.8,10,12,8.3,8.6,4.4,,2,2,7.7,4.2,7.2,5.9,7.9,2,8.2,5.6,6.4,17.9,7.3,6.2,5.9,13.4,24.7,2.9,21.2,7.2,11.4,2,10.5,14.4
20140823,16,NO2,38.6,25.6,53.1,50.5,67.8,38.5,70.4,50.3,23.2,35.3,,32,32.6,25.3,21.4,44.5,25.2,36.9,28.4,12.9,25.7,10.4,4.1,22.8,48.7,2,18.5,20.6,4.6,19,87.6,61.4,113.9,157.8,46.1
20140823,16,O3,260.7,268.5,268.9,262.4,247.3,283.1,220.8,199,275.4,279.9,,254.7,209.3,242.4,217,207.2,250.7,283.7,216.2,192.3,288,212.9,134.3,249.2,86.1,184.3,207.8,169.5,150.1,203,214.8,240.7,182.8,118.2,229.7
20140823,16,CO,1.2,1.1,1.2,1.4,0.9,1.1,1,0.9,0.7,1.1,,1,1.2,1,0.9,0.5,0.8,0.8,1,0.8,0.9,0.8,0.5,0.8,0.5,0.9,0.8,1,1.3,0.9,1.1,1.1,1.5,1.5,1.1
20140823,17,SO2,9,7.2,5.1,2,3.5,8.6,10.2,9.4,11.4,5,10.5,3.4,2,9.3,5,8.2,5.9,6.6,2,7,5.4,7.2,15.7,5.3,20.2,2,11.1,2,3.7,22.1,5.1,8.8,2,9.4,13.8
20140823,17,NO2,34.7,23.7,40.4,35.5,60.1,35.2,46.1,41.3,18.6,25.2,17,27.5,35.1,26.4,18.3,34.3,29.4,37.3,27.4,15.8,25.7,17,6.1,30.4,43.5,2,18.2,22.7,2.5,15.5,72.3,51.6,95.3,147.5,34.1
20140823,17,O3,227.6,235.4,235.7,240.4,247.2,236.9,191.8,170.4,227.8,244.8,227.1,224.8,211.8,224.4,199.9,189,242.9,280.8,191.2,189.8,257.6,238.2,131.4,298.9,110.6,135.9,208.6,151.3,141.8,157.9,197.4,205.7,175.6,99.7,196.2
20140823,17,CO,1.1,1,1.1,1.4,0.9,1,0.9,0.9,0.7,1,1.1,1.1,1.3,1.1,1.1,0.6,0.9,0.8,1.1,0.9,0.9,0.7,0.5,0.9,0.6,0.6,0.8,1,1.1,1,0.9,1.1,1.3,1.5,1
20140823,18,SO2,10,7,5.9,2,2,9.8,11.1,11.8,14.9,8.3,13.8,5.8,2,11.1,3.9,6.4,6,7,2,6.4,4.6,8.8,7.8,4.1,12.9,2,9.2,21.3,2,22.3,5.6,9.8,2,8.5,11.9
20140823,18,NO2,33.5,20.5,34.2,32.1,52.4,36,50.9,40.5,19.8,26,14.3,25.8,37.2,27.7,22.9,38.7,25.6,33.8,29,18.8,35.5,26.1,21.7,27.6,86.6,2,21.4,23.1,4.1,17.8,74.7,59.3,64.2,136.5,40.1
20140823,18,O3,196.2,204,205,203.7,212.9,214.9,174.7,142.5,216.7,240.4,215.3,200,188.3,199,198.3,188.7,202.3,230.5,187.6,193.4,220.8,236.6,109,269.3,186.3,114.8,199.8,135.9,127.7,144.9,163,177.5,168.4,91.8,173.2
20140823,18,CO,1.2,1.1,1.1,1.3,0.8,1.1,1,0.9,0.8,1.2,1.3,1.2,1.4,1.2,1.2,0.8,0.9,0.8,1.2,1,1,0.9,0.5,0.9,1,0.6,0.9,1.1,1.1,1,1,1.3,1.1,1.5,1.1
20140823,19,SO2,11.3,7.3,7.6,2,2,8.5,9.5,10.2,17,6.6,8.2,5.6,2,9.2,5.3,5.5,5.7,4.6,2,4.6,2,3,6.2,2,7,2,8.4,24.6,2,21.6,7.6,10.9,2,8.3,7.3
20140823,19,NO2,32.5,22.9,35.3,31.9,44.2,36.8,53.4,47,18.9,37.6,22.4,28.9,40.5,27.8,26,40.9,32.8,36.6,36.7,23.3,29.8,37.2,33,19.9,64.9,2,23.2,24.5,58.6,20.6,93,52.7,77.8,125.2,33.9
20140823,19,O3,186.4,188.9,201.1,191.3,167.6,204.8,161.7,131.3,204,222.2,205.7,190.9,155.8,175.7,179,164.1,164.6,200,166.1,184.8,196.4,133,158.3,195.8,234.9,101.7,158.9,127.8,31.6,108.4,137,172.6,138.5,94.5,172
20140823,19,CO,1.3,1.3,1.3,1.4,0.8,1.3,1.1,1.1,0.9,1.3,1.2,1.4,1.4,1.2,1.4,0.9,0.9,0.8,1.2,1.1,1,0.7,0.7,0.8,1,0.6,0.8,1.1,1.2,0.9,1.2,1.3,1.3,1.6,1.2
20140823,20,SO2,10.7,2,5.3,2,2.6,7.6,10.9,9.2,12.6,6.5,6.6,3.3,2,6.9,3.8,3.6,4,2.1,2,4.8,2,4.1,4.8,2,6.3,2,8.2,23.1,2,20.9,7.2,8.1,2,6.5,5.5
20140823,20,NO2,33,26.5,38.4,32.8,58,41.5,60.7,49.7,27.1,43.2,27.8,45.7,67.9,25.1,34.3,47,52.7,32.4,75.9,27.8,26.3,52.7,45.4,18.8,45.1,2,26.7,27.4,42.4,22.9,91.2,103.9,59.2,120.9,41.2
20140823,20,O3,174.4,101.9,190.6,160.3,145.1,175.6,130.5,99.9,147.5,176.8,153.8,171.4,104,149.4,138.1,122.3,110.9,171,109.3,139.5,177.8,80.3,201.9,153.6,216.1,75.5,146.3,90.3,22.5,88.1,124.4,109.2,152,72.3,134.7
20140823,20,CO,1.4,1.3,1.4,1.4,1,1.4,1.3,1.1,2.2,1.4,1.3,1.4,1.6,1.2,1.4,1,1.2,0.8,1.3,1.1,1,0.8,0.9,0.8,1,0.7,0.9,1.1,1.3,0.9,1.2,1.5,1.2,1.6,1.4
20140823,21,SO2,11.1,2,5.8,2,2.9,7.8,9.6,6.6,8.2,5.1,5,2.5,2,6.1,3.5,6.1,3.4,2,2,5.9,2,3.4,2.9,2,5.8,2,12.5,2,2,20.1,5.4,6.6,2,6.1,6.2
20140823,21,NO2,39.7,28.6,36.7,54.7,65.8,50.2,71.6,47.8,27.1,38.2,37.9,72.7,67.6,28.2,43.5,103,62.9,31.5,68.9,27.1,22.3,39.8,23.4,16.2,30.4,2,36.8,30.7,19,20.6,115,101.2,57.1,114.8,96.1
20140823,21,O3,153.8,69,167.8,104.6,124.1,144.4,103.5,65.1,124.6,135.9,105.2,114.8,79.9,127.9,116.9,58.8,78.4,158,97.5,121.4,159,84,132.8,145.5,197.9,56.7,110,66,8.3,62.6,77.7,95.2,135.7,50.2,67.6
20140823,21,CO,1.5,1.3,1.5,1.5,1.1,1.5,1.3,1.2,2.7,1.4,1.3,1.4,1.7,1.3,1.5,1.2,1.3,0.8,1.4,1.1,1,0.8,0.7,0.8,1,0.6,0.8,1.1,1.2,0.9,1.5,1.6,1.3,1.6,1.7
20140823,22,SO2,8.7,2.5,4.2,2,2,7.9,10,5.7,8.2,4.6,2.4,2.5,2,6.6,3.2,5.9,3.2,2,2,4,2,4.9,2,2,2,2,12.9,12.9,2,21.6,3.1,7,2,5.1,7.6
20140823,22,NO2,51.6,39.8,37.4,65.3,69.5,61.1,68.5,56,24.3,79.3,19.5,76.8,83.2,93.2,57.2,82.9,37.2,21.6,55.6,23.9,24.1,27.7,8.6,7,14.1,2,34.8,29,13.7,31.8,97.4,100.3,79.2,103.2,102.4
20140823,22,O3,115.5,69.5,144.2,70.6,100.3,106.2,88.9,75.8,138.2,60.7,90.4,76.9,31.8,52.2,88.9,63,98.2,133.3,82.5,97.5,142.4,131.9,95.6,123.6,102.4,58.8,109.6,57.1,2,41.9,63.1,73.5,96.3,43,46.6
20140823,22,CO,1.6,1.5,1.4,1.6,1.2,1.7,1.2,0.9,2.6,1.6,0.8,1.4,1.6,1.5,1.5,1,1.4,0.5,1.3,1.1,1,1.1,0.4,0.4,0.5,0.7,0.7,1,1.1,0.9,1.6,1.6,1.6,1.7,1.9
20140823,23,SO2,5.8,3.6,3.2,2,2,4.2,11.9,2.5,2.3,5.3,2,2.5,2,5.8,2.9,5.5,3.5,2,2,4,2,3.3,2,2,2.3,2,8.7,19.9,2,21.7,2.8,7.7,2,5.4,9.2
20140823,23,NO2,29.7,55.6,37.1,44,28.3,32.3,31.6,22.7,13.9,52.7,21.3,31.3,56.1,104.1,69.4,70.3,28.2,14.5,22.7,21.9,18.3,22.1,12.5,6.6,42.4,2,29.8,32.3,17.8,28.8,44.9,78.8,50.2,88.9,64.8
20140823,23,O3,109.3,66.6,104.6,86.5,109.9,112.8,84.9,76.7,124,76.4,87.6,107.9,36.3,34.3,62.5,52.2,93.8,80.4,113.7,91,136.5,91,79.1,87.2,33.8,80.1,110.2,41,2,42.1,86.5,66.6,82.2,51.3,69.9
20140823,23,CO,1,1.3,0.9,1.2,0.4,1,0.6,0.5,0.3,1,0.7,0.7,1.1,1.4,1.5,0.9,1.1,0.3,0.7,1.2,1,0.8,0.4,0.3,0.5,0.7,0.7,1,1.1,0.8,1,1.4,0.8,1.5,1.2
20140823,0,PM2.5,126.5,114.1,122.8,117.3,109.4,100.5,90.3,64.5,90.1,111.2,112.1,125.4,104.6,117.5,145.7,145.8,102.6,68.1,87.5,96.1,71.2,95.1,61.2,64.2,40.1,103.1,,118.5,66.7,72.5,127.9,128.1,,123,125
20140823,0,PM10,168.6,124.5,139.4,,,178.1,,,,124.8,119.3,190.6,139.9,,190,265.3,,85.5,116,103.9,,,,,,,,118.7,,84.9,153,144.6,174.1,211.9,257.5
20140823,0,AQI,88,82,86,86,84,76,78,51,66,80,74,84,74,94,90,104,75,57,71,75,65,63,60,51,44,61,28,86,82,81,93,87,81,94,81
20140823,1,PM2.5,118.8,109.2,111,119.7,103.8,109.3,82.9,71.8,101.9,112.7,113.5,107.7,102.5,119.9,138.5,156.2,106.8,65.7,80,96.2,98.9,104.3,66.1,57.8,53.2,101.4,,117.9,58.9,78.1,143.8,131.2,,128,125.9
20140823,1,PM10,184,113,124.8,146.3,180.9,193.3,141,,,137,121.3,142,114.7,,179.1,270.2,,70.5,99.4,100.6,,114,,,,,,122.1,,80.2,150.8,142.9,161.9,206.3,269.5
20140823,1,AQI,93,87,90,91,88,81,84,54,70,84,79,88,76,98,96,103,79,57,74,79,69,68,60,53,46,65,26,89,83,84,99,93,84,100,87
20140823,2,PM2.5,126,121.2,108.3,121.9,116.1,122.4,82.9,66.3,103.4,128.9,82.7,104.5,28.7,107.3,145.2,170.6,114.8,56.7,75.9,94.6,87.4,97.1,61.6,57.7,54.1,98.7,,131,75.5,69.3,153.8,131,,125.8,142.2
20140823,2,PM10,241.8,152.4,110.8,158.1,193.7,251.2,137,,,193.3,,187,,,169.2,227.3,,,94.4,,,105.7,,,,,,,,77,234.3,138.8,165.5,211.3,396.2
20140823,2,AQI,98,92,95,96,93,86,86,56,74,89,82,92,77,101,102,105,84,59,77,83,73,72,61,54,48,69,30,94,84,85,107,98,86,105,93
20140823,3,PM2.5,140.1,106.7,100.6,109.8,123.3,111.2,83.8,58.6,106.7,119,49.9,109.5,38.4,69.8,93.9,133.9,127,59,75.9,100,76.1,99.1,58.1,56,45.6,87.2,,134.3,85.7,59.2,132,107.8,,110.2,140.9
20140823,3,PM10,,,,,176.6,151.3,168.7,,,,,177.3,45.3,,,156.4,148.7,,78.1,,,,,,,,,145.7,,,,,155.8,129.5,226.6
20140823,3,AQI,104,96,98,101,98,91,87,58,78,94,83,96,77,102,105,111,89,61,79,87,75,76,62,56,50,73,31,100,85,86,112,102,89,109,98
20140823,4,PM2.5,134.3,95.2,92.7,107,105.1,113.2,99.7,57.5,103.1,97.6,78.1,101.7,59.4,63,86,113.9,109.2,62.7,70.1,68.3,67.6,92,58.8,51.6,53.2,78.6,,134.2,84.1,49.5,123.9,107.8,,111,127.3
20140823,4,PM10,,,140.7,,132.6,117.1,124.5,,,,101.2,,,,,,,,,,,,,,,,,,,,128.3,,169.5,119.4,130.9
20140823,4,AQI,110,100,102,106,102,96,91,59,83,98,85,100,78,103,108,116,94,63,81,90,78,80,63,58,52,76,22,105,86,85,116,107,91,113,103
20140823,5,PM2.5,128.8,94.8,91.5,98.8,95.7,110.8,90.6,59.1,102.7,93.3,83.7,105.5,51.7,67.7,78.9,102.2,106.7,58.4,67.9,44.6,64.3,103.1,56.3,54.4,63.7,79.6,,139.2,84.4,46.9,126.9,98.8,,106.9,130.6
20140823,5,PM10,139,,120.6,,98,134.8,,,,105.9,108.3,131.9,85.3,,,,,,,,,,,,,,,,,68.9,,,170.4,,141.7
20140823,5,AQI,116,104,105,111,106,100,94,61,86,102,88,104,79,104,110,119,98,64,83,91,80,85,64,60,54,80,18,111,89,85,122,110,94,117,108
20140823,6,PM2.5,117.9,84.7,88,94.4,94.2,112.6,76,55.4,79.6,90.2,90.8,99.3,70.4,72.1,82.8,107.7,111.3,57.7,57.1,47.7,63.5,81.6,78,64.7,64.4,76.9,,149.5,75.8,54,104.5,104.1,,102.3,118.9
20140823,6,PM10,126.6,,100.6,103.7,110,144.6,,,,98.9,,110.2,113.1,,,,,58.2,,,,,,,,,,,,83.3,,106.6,133,111,123.4
20140823,6,AQI,121,106,108,115,110,105,96,63,90,105,91,108,81,105,113,123,103,66,85,92,83,88,66,63,56,83,16,116,90,85,126,114,95,121,113
20140823,7,PM2.5,116.7,86.5,91.5,99.7,103.9,102.9,62.9,56.5,78.1,84.9,81.7,95.6,76.7,81,91.6,80,95.8,60.1,50.2,40.4,77.3,80.1,74.6,67.3,73.2,85.2,,140.3,68.6,55.8,104.9,106.8,,109.5,119.9
20140823,7,PM10,170.7,,128.5,157.8,122.8,155.7,,,,,94.4,114.4,138.8,,133.8,103.3,,71.7,,,87.8,,,,,,,,,120.2,124.9,,181.6,167.9,265.5
20140823,7,AQI,125,109,112,119,114,109,98,65,93,108,93,111,83,108,116,125,107,68,86,93,86,92,68,65,59,87,,121,91,86,130,118,98,125,118
20140823,8,PM2.5,135.7,112.7,100.7,116.8,110.7,112,73.1,62.6,81.4,89.5,66.4,86.4,86.5,100.8,140.9,80.7,101.5,69.7,51.9,41.5,70.1,72.5,68.6,73,61.3,93.5,,117.9,86.1,64.3,121.9,118.8,,125.9,124.1
20140823,8,PM10,191.8,153.6,133.5,187.8,158.7,155,116.1,,,121.3,81.2,,126.8,,195,,,77.4,,,77.2,,,,,,,,,215.7,,138.2,184.9,192.3,141.9
20140823,8,AQI,131,114,115,125,118,114,101,66,96,111,95,114,86,111,121,127,111,70,87,94,88,95,70,67,62,91,18,125,93,87,134,122,101,130,123
20140823,9,PM2.5,142.2,147.4,119.6,146.9,135.1,134.1,100.2,92.1,71.4,105.6,71.1,74.8,76.8,127.9,173.1,67.1,132.1,71.5,56.6,47.5,81.4,79.6,79.8,59.7,81.8,82.5,,108.6,95.4,105.5,139.3,138.8,,161.1,156
20140823,9,PM10,170,,168.4,223,190.5,186.7,200.2,,,162.3,88.6,87.8,125.1,,,83.8,,83.6,74.3,,81.9,,,,,,,,,122.2,146,166.4,197.7,248.6,156.3
20140823,9,AQI,137,120,120,132,124,119,104,69,98,115,98,117,88,116,128,128,116,72,87,95,90,98,72,70,65,94,24,128,95,90,140,128,103,136,130
20140823,10,PM2.5,157.3,160,139.2,155.1,142.1,148.4,123.8,79.3,86.3,124.3,88.3,93.7,83.9,152.9,164.2,97.6,95.1,68.7,65.3,56.7,99.2,79.2,77.3,52,108.7,78.9,,132.9,92.6,110.4,162.2,152.7,,160.3,151
20140823,10,PM10,184.9,,178.1,183.1,149.6,188.3,202.5,,,178.2,109.9,160.2,138.7,,,134.2,,78.6,92.8,,141.8,,,,,,,,,134.3,192.2,168.1,200.1,218.4,174.1
20140823,10,AQI,144,127,126,139,130,126,109,72,101,120,101,121,91,122,135,130,119,73,89,96,94,101,74,71,69,98,19,133,97,92,147,134,106,143,136
20140823,11,PM2.5,167.7,176.1,158.9,163.9,141.3,150.1,135.8,70,91.1,146.9,110,109.7,120.8,155.9,156.6,117.7,112.3,63.2,76.5,71.9,98.5,93.2,81,56.4,70.3,93.4,80.1,132.5,76.8,114,182.8,167.4,,180.4,163.3
20140823,11,PM10,176.1,,,177.6,,184.9,149.7,,,182.4,126.6,,182.8,,,135.9,,82.3,122.1,,120.5,,,,,,,,,164.4,190.2,178.2,193.9,265.9,192.2
20140823,11,AQI,151,134,132,142,135,132,114,74,105,126,106,125,96,128,141,133,124,75,92,97,97,105,77,73,72,102,101,138,97,96,155,141,108,150,143
20140823,12,PM2.5,159.8,166.4,150.8,168.3,127.3,148.9,125.6,64.6,87,135.7,133.5,119.1,120.5,161.8,135.6,127.3,132.7,60.5,82.9,96,112.7,92.2,85.8,63,52.9,101,103.5,123.8,75.1,116.3,178.2,179.8,,188.6,157.6
20140823,12,PM10,,,,175,,151.5,132,,,,141.3,194.7,129,,,141.1,,76.2,87.2,,125.7,,,,,,,,,163.9,196,,149.7,223.5,
20140823,12,AQI,158,141,138,145,140,138,118,76,108,131,111,129,101,134,145,136,128,77,95,100,101,109,80,74,73,106,103,142,99,99,162,148,110,158,149
20140823,13,PM2.5,138.8,128.7,144.3,170,134,127.5,131.5,74.9,100,148.5,122,135.2,99,158.5,135.2,112.6,136.9,64.1,84.6,100.6,100.2,79,80,56.1,38,89.9,110,102.5,72.7,119.7,156.4,167.3,,170.5,140.2
20140823,13,PM10,,,,,,,,,,,,151.3,120,,,114.5,,,126.6,,,,,,,,,,,152.6,,,144.7,,
20140823,13,AQI,163,145,142,153,144,143,123,78,120,136,115,134,104,139,149,138,132,78,110,102,104,111,82,75,73,109,105,144,100,102,167,155,111,164,155
20140823,14,PM2.5,130.9,122.1,135.1,132.8,128,103,95.4,61.5,119.6,142.1,101.9,107.8,93.2,154.9,146.7,125.5,112.9,68.4,96.2,103.2,83.4,76.8,44.2,48.6,36.2,70.2,97.3,108.2,76.7,110.6,125.4,123.6,,128.4,109.8
20140823,14,PM10,,,,,,,,,,,,,105.9,,,,,,113.8,,102.5,,,,,,,,,147.6,,,129.8,,
20140823,14,AQI,167,148,146,157,147,145,126,80,145,140,117,136,109,144,154,141,134,106,128,108,111,114,83,80,73,111,106,146,101,105,171,158,111,167,159
20140823,15,PM2.5,99.9,125.5,125.9,162.1,102,93.8,113.1,82,116.8,143.2,,97,102.3,122.9,106.3,104.1,82.4,63.8,90.7,100.7,93.5,62.6,33.6,58,22.9,64.2,81.1,104.3,101.3,120,134.5,137,,160.5,100.1
20140823,15,PM10,,,,,,,,,,,,163.8,121.1,,,,,,105.3,,106.1,,,,,,82.7,,,229.5,,,126.5,222.4,
20140823,15,AQI,168,151,149,161,149,146,128,104,150,146,,137,113,146,156,143,135,118,123,115,135,112,82,108,72,111,106,148,103,107,174,162,111,172,161
20140823,16,PM2.5,145.1,126.7,149,196.4,131.4,106.2,135.4,90.3,105.6,123.4,,113.3,90.3,106.9,85.8,98.2,74.8,80.9,84.1,70.7,92.8,57.9,26.9,63.9,13.9,56.8,82.5,126.3,143.6,125.9,168.5,130.7,,142.6,104.8
20140823,16,PM10,,,,,,135.4,,,,,,253.9,125.6,,,,,,110.4,,,,,,,,112.9,,,132.9,,,195.2,162.6,144.7
20140823,16,AQI,171,153,153,168,152,148,131,99,138,147,120,139,111,147,157,144,135,142,109,106,144,112,81,125,70,110,108,151,107,109,179,165,112,175,162
20140823,17,PM2.5,124,107.7,121.8,122.3,128.3,92.2,101.3,77.8,84.5,100.7,57.2,112.7,108.1,122.2,109.1,102.8,90.9,88.7,90.9,84.4,83,60.7,25.4,86.4,25.5,28,97.1,141.5,131.5,126,118.4,109.9,,119.5,92.9
20140823,17,PM10,,,,,,116,,,,,,117.2,159.4,,,,,,124,,,,,,,,134.9,,,229.9,,,150.4,180.9,
20140823,17,AQI,173,154,155,170,155,149,133,88,122,148,119,141,113,149,158,145,136,141,104,107,129,120,80,150,69,109,110,154,110,112,180,166,112,176,162
20140823,18,PM2.5,113.1,107.4,109.6,128.7,119,98.6,109.3,80,105.1,115.5,126.9,117.9,121.7,132.2,125.4,141.4,90.9,78.3,101.8,104,90.6,72,29.5,88.6,59.7,28.7,110.5,145.4,128.9,117.9,136.4,118.4,,138.1,104.1
20140823,18,PM10,,,,,,125.5,,,,,,204.9,157.9,,,,,,139.7,,,,,,,,137.5,,,174.6,,,116.2,177.3,
20140823,18,AQI,175,155,156,171,156,149,134,90,123,149,122,142,116,151,161,148,138,116,105,108,111,119,80,135,83,107,112,158,113,115,182,167,111,177,163
20140823,19,PM2.5,131.7,132.5,136,142,113,114,133.8,105,117.1,134.3,126.1,149.4,109.9,119.4,167.4,152.5,90.2,76.3,106.9,120.6,93.4,54.6,50.6,76.2,87.4,18.8,97.9,139,135.5,109.6,157.1,135.9,,144.7,115
20140823,19,PM10,,,,,,176.1,,,,,,253.2,137.9,,,,,,176.5,,,,,,,,122,,,142,,,160.5,220.1,
20140823,19,AQI,176,157,157,173,156,150,136,93,125,151,125,145,117,152,165,152,138,100,106,110,111,110,80,95,118,104,114,161,116,116,185,169,110,179,165
20140823,20,PM2.5,155.1,130.6,143.6,148.2,123.7,123,145.5,106.8,134.6,149.1,125.3,148.6,111.5,124.6,160.9,167.9,108.1,83,119,110.1,96.7,55.1,92.6,75.9,81.3,24.1,100.6,137.8,120.7,103.1,156.4,138.3,,150,127.1
20140823,20,PM10,,,,,,147.2,,,,,,262.5,180.7,,,,,,225.4,,,,,,,,121,,,,,,175.2,220.9,
20140823,20,AQI,178,158,159,175,157,152,138,96,127,154,127,147,119,153,169,156,139,90,108,111,113,108,101,85,109,101,116,165,119,118,186,170,109,181,166
20140823,21,PM2.5,156.7,133.9,156.3,154.1,152.7,138.5,154.4,121.4,130.6,144.2,129.3,155.8,142.1,121.8,166.9,182.4,130.9,75.8,128.4,117.5,89.6,58.4,63,77.3,81.1,26,100.4,137.6,141.1,95.8,172.3,154.3,,147.2,144.6
20140823,21,PM10,,,,,,162.8,,,,,,234.3,213.1,,,,,,190.3,,,,,,,,,,,115.1,,,205,216.8,
20140823,21,AQI,179,159,161,177,158,153,141,100,130,156,130,149,122,154,172,161,140,91,110,112,113,106,83,86,98,98,117,168,122,119,188,172,109,182,168
20140823,22,PM2.5,174.3,149.6,155.2,159.3,163,159.4,146.6,101.1,127.9,152,63.8,138.1,129.6,132.9,169.8,151.6,155.8,46.4,124.5,108.3,90.5,85.6,18.5,37.5,18.6,39.9,79.1,118.6,111.6,94.8,177.9,156.6,,159.7,177.7
20140823,22,PM10,,,,,,206.7,,,,,,163.2,172.4,,,,,,169.7,,,,,,,,,,,146.8,,,207,204.5,
20140823,22,AQI,181,162,163,180,160,155,142,102,132,159,128,149,123,154,174,163,143,91,112,112,114,107,81,85,76,95,117,168,124,121,190,175,109,183,172
20140823,23,PM2.5,89,125.2,81.8,130.4,64.2,103.5,55.5,17.5,39.6,101,45.5,65,67.9,134,177,140.7,126.5,13.9,57.4,96.3,88.5,73.1,12.5,9.3,14.7,45.9,84.3,108.2,113.1,97.7,119.8,135.8,,117.2,110.8
20140823,23,PM10,,,,,,,,,,,,,81.6,,,,,,,,,,,,,,,,,99.2,,,75.7,,
20140823,23,AQI,178,163,161,181,157,155,139,99,130,158,124,146,121,154,176,164,145,88,110,112,115,106,79,82,74,93,117,168,127,122,190,175,107,183,171
