date,hour,type,dongsi,tiantan,guanyuan,wanshouxigong,aotizhongxing,nongzhanguan,wanliu,beibuxingqu,zhiwuyuan,fentaihuayuan,yungang,gucheng,fangshan,daxing,yizhuang,tongzhou,shunyi,changping,mengtougou,pinggu,huairou,miyun,yanqing,dingling,badaling,miyunshuiku,donggaocun,yongledian,yufa,liulihe,qianmeng,yongdingmengxi,xizhimengbei,nansanhuan,dongsihuan
20140921,0,PM2.5,226.7,221.7,223.5,219.1,219.1,205.5,194.4,113,183.5,209.9,181,223.4,170.9,228.3,221.6,202.2,202.1,96.2,115.8,81.9,90.1,79.7,98.5,93.3,126,35.1,69.2,182,167.8,176.6,250.3,223.6,233.6,225.8,209.5
20140921,0,PM10,,,,,,,,,,,,,,,,,,,,,,,,,,,,,,213.9,,,,,
20140921,0,AQI,188,188,183,188,177,166,167,118,157,177,169,188,172,213,223,214,152,127,138,151,125,98,127,120,128,86,157,180,211,196,206,194,185,197,182
20140921,1,PM2.5,221.3,217.2,223.7,217.7,218.1,203.2,194.3,105,168.4,219,171.4,224.9,184.8,220.6,231.6,160.6,136.8,132.3,106.6,33.6,96.8,61.5,100,95.7,135.6,43.4,55.5,177.2,158.7,145.7,233.8,214.9,224.3,220.8,202.7
20140921,1,PM10,,,,,,,,,,,,,,,,,,,,,,,,,,,,,,156.7,,,,,
20140921,1,AQI,193,195,189,193,183,173,173,119,161,184,172,194,172,214,228,216,154,130,139,148,125,97,127,121,131,84,155,187,211,195,210,199,190,202,187
20140921,2,PM2.5,190,196.5,195.9,202.3,176.9,162.1,212.5,102.6,157.3,207.6,180.2,218.9,189.5,226.4,210.1,113,92.3,188.6,128.1,21.2,85.1,57.8,96,103.1,140.9,47.2,31.8,152.6,169.3,158.7,208.6,190.9,211.1,204.9,153.8
20140921,2,PM10,,,,,,,,,,,,,,,,,,,,,,,,,,,,,,227.7,,,,,
20140921,2,AQI,197,200,193,198,186,176,179,121,165,190,176,199,174,215,232,214,153,135,141,145,124,98,127,122,134,82,151,193,212,195,213,202,194,206,188
20140921,3,PM2.5,169,184.8,184.4,184.5,145.5,136.5,188.7,118.5,177.7,187.7,199.7,209.3,200.7,190.1,183.8,96.7,64.9,147.4,157.7,25,45.5,58.2,103.6,122.4,156.9,48.9,28.8,117.5,151.7,162.4,196.2,181.2,181.5,181.1,130.9
20140921,3,PM10,,,,,,,,,,,,,,,,,,,,,,,,,,,,,,260.2,,,,,
20140921,3,AQI,198,202,195,201,187,178,183,124,170,194,181,203,180,215,233,212,151,138,144,141,122,97,128,125,139,81,146,196,212,194,215,204,197,208,187
20140921,4,PM2.5,144.3,147.9,177.3,169.4,141.6,110.1,186,136.6,175.2,167.6,181.3,193.3,172.7,171.9,162.6,82.8,62.6,118.2,159.3,22,54.8,48.6,122.2,145.5,174,41.1,28.2,78.8,136.7,171.9,160.1,159.7,169.2,160.6,126.8
20140921,4,PM10,,,,,,,,,,,,,,,,,,,,,,,,,,,,,,241,,,,,
20140921,4,AQI,199,202,198,202,188,177,187,127,174,197,184,206,183,217,234,209,149,140,148,137,120,97,131,129,144,79,141,195,211,195,215,205,199,209,187
20140921,5,PM2.5,109.1,106.2,124.2,121.8,133.7,83.6,173,129.6,180.8,153.1,157.8,181.5,146,164.6,108.2,74.5,55.6,108.3,143.1,23.3,51.2,43.8,96.3,121.4,161.4,45.4,21.6,73.6,122.4,158.2,116.9,110.6,135.1,138.2,95.3
20140921,5,PM10,,,,,,,,,,,,,,,,,,,,,,,,,,,,,,224.4,,,,,
20140921,5,AQI,198,201,197,201,189,175,191,130,179,199,187,209,185,218,231,207,147,141,150,133,118,96,132,131,148,77,136,195,210,197,214,204,199,209,185
20140921,6,PM2.5,68.5,83.6,98.8,80.9,99.5,72.4,117.1,122.2,174.6,121.8,146.3,156.3,132.5,136.5,93.9,69.4,51.2,91.1,158.6,24.2,64.9,50.7,104.1,98.1,156.5,32.1,26,65,110.5,133.4,100.4,78.3,102.7,93.9,83.2
20140921,6,PM10,,,,,,,,,,,,,,,,,,,,,,,,,,,,,,152,,,,,
20140921,6,AQI,194,197,196,198,188,173,191,133,182,199,189,210,186,217,228,204,145,141,154,128,117,95,133,132,151,75,131,194,208,197,212,202,199,207,184
20140921,7,PM2.5,66.4,66.7,78,78.5,76.9,73.4,90.1,113.4,178.7,76.2,139.1,131.3,127.7,86.9,89.5,63.9,47.9,86,155.5,30.1,74.9,45.5,108.4,97,154.4,38.3,27.9,65.9,106.5,119.3,80.4,83.4,78.7,87.8,83.2
20140921,7,PM10,,,,,,95.4,,,,,,,,,,,,,,,,,,,,,,,,130.7,,,,,
20140921,7,AQI,192,193,194,195,186,171,191,135,186,197,190,210,187,215,225,201,143,141,157,125,117,94,135,133,155,73,126,191,206,197,210,200,196,206,183
20140921,8,PM2.5,62.1,69.5,63.2,65.9,60,66.8,67.3,111.8,112.9,69.1,105.2,93.9,86.4,83,74.3,68.6,57.4,83.3,120.8,41.9,67.8,37.3,135.3,96.2,150.1,32.1,32.9,69.3,93.7,124.6,71.2,75.8,70.3,76.4,88.1
20140921,8,PM10,,,,,,99.3,,,,,,,,,,,,,137.9,,,,,,,,,,,,,,,,
20140921,8,AQI,189,190,190,193,183,169,189,138,186,194,188,209,186,212,222,197,141,140,158,122,115,92,137,133,158,71,121,188,203,197,208,197,193,204,181
20140921,9,PM2.5,60,60.4,66.4,61,58.5,65.1,74.4,114.3,98.5,68.7,71.3,86.1,88.1,83.3,69.5,67.5,69.3,73.5,111.3,42.3,68,35.1,125.8,93.2,149.6,36.4,48.2,62.4,89.2,95.7,71.8,69.7,53.5,67,77.4
20140921,9,PM10,,,,,,112.5,,,,,,,,,,,,,137.7,,,,,,,,,,,,,,,,
20140921,9,AQI,186,186,187,189,180,166,186,139,183,191,185,207,184,210,218,191,140,138,158,118,114,91,139,133,161,69,117,183,200,195,205,195,189,202,179
20140921,10,PM2.5,51.5,55.3,60.9,50.2,55.9,61.1,65.7,132.2,139.7,69.7,73.9,83.6,74.3,66.2,75.2,72.9,76.1,63.8,112.4,60.1,58,43.1,135.8,78.2,156.7,39.5,49,73.6,102.6,87.8,60.2,57.1,67.8,58.9,72.7
20140921,10,PM10,,,,,,106.7,,,,,,,,,,,,,131.8,,,,,,,,,,,107,,,,73.7,
20140921,10,AQI,182,181,183,184,175,162,183,139,184,188,182,205,182,207,213,184,137,135,159,115,111,90,139,132,164,67,113,176,195,192,202,191,185,198,176
20140921,11,PM2.5,50,65,51.8,60.7,57.9,55.9,54.2,94.5,86.4,58.6,66.7,71.5,80.9,96.2,86,64.6,77.9,51.9,87.4,53.8,59.2,40.3,136.2,69.7,145.3,47.5,36.5,71.9,90.7,90.3,62.6,74.4,50,73.9,62.4
20140921,11,PM10,,,,,,93.1,,,,,,,,,,,,,111.7,,,,,,,,,,,119.5,,,,181.4,
20140921,11,AQI,177,177,180,181,172,158,179,138,182,184,179,203,180,205,208,177,134,132,158,111,108,86,139,130,164,67,109,170,188,190,198,188,182,195,172
20140921,12,PM2.5,68.9,72.6,65.1,69.3,62.2,73.6,57.4,61.9,82.7,71.8,63.4,69.3,64.4,85.7,83.9,63,47.6,44.3,67.5,51.5,65.3,51,138.5,56.3,109.9,38,34,74.1,77,86.3,81.3,79.7,61.5,81.2,73.8
20140921,12,PM10,,,,,,145.2,,,,,,,,,,,,72.7,94,,,,,,,,,,,121.1,,,,214.9,
20140921,12,AQI,173,173,176,178,168,155,175,136,181,181,177,201,177,202,204,170,130,129,156,106,104,84,140,128,162,64,103,163,181,187,194,184,179,192,169
20140921,13,PM2.5,87.7,85.4,88.2,80,81.9,75.8,75.4,76.3,80.1,79.6,82,72.7,83.9,98.2,86,68.8,56.2,54.2,66.2,57.6,64.2,59,125.4,60,98.1,45,50.4,75.3,70.5,90.5,86,89.6,83.4,90.5,76.8
20140921,13,PM10,,,,,,168,,,,,,,,,,,,94.3,104.2,,,,,,,,,,,140.9,,,,164.9,
20140921,13,AQI,170,169,174,175,166,153,173,135,179,179,175,199,176,200,198,162,126,127,154,102,102,83,139,125,160,62,99,158,175,185,191,181,176,189,166
20140921,14,PM2.5,95.1,91.5,92.7,101,94.6,83.2,94,77.2,82.9,94,91.5,90,83.7,109.4,96.1,78,66.3,63.1,77.1,63.3,80.1,60.5,120.2,74.2,99.1,75.2,64.1,76.6,78,108.5,109.7,109.4,95.5,109.6,84.9
20140921,14,PM10,,,,,,124.6,,110.6,,,,,,,,105.1,,99.6,100.1,93.3,,84.7,,,,,,,,131.3,,,,155.5,
20140921,14,AQI,169,167,172,174,165,151,172,135,178,178,175,197,175,197,193,157,124,126,154,99,101,82,137,124,162,62,96,154,170,184,190,181,175,187,163
20140921,15,PM2.5,102.4,108.5,106.3,106.5,101.4,88.5,103.8,76.3,99.2,103.8,91.5,105.9,84.3,106.6,106.1,88.9,80.1,81.5,84.5,75.2,88.8,69.9,121.3,78.5,118.1,93.1,72.4,71.8,89.3,105,114.6,109.8,109.7,109.4,93
20140921,15,PM10,,,,,,120.4,,101.8,,,,,,,,94.2,102.2,117.7,104.5,119.3,,99,,,,,,,,134.7,,,,128.9,94.7
20140921,15,AQI,168,166,172,174,165,150,171,135,178,178,175,197,173,194,189,153,123,125,153,97,101,83,139,123,166,64,94,150,167,182,189,180,174,186,162
20140921,16,PM2.5,100,99.6,105.5,106.3,104,94.3,105,82.1,114.8,96.1,89.8,102.5,87.9,98,104.9,96.9,80.8,80.3,87.2,87.3,86.9,66.7,119.1,88.9,99.8,99.6,80.8,70.8,90.1,99,110,105.7,111.2,105.1,108.8
20140921,16,PM10,,,,,,134.6,,122.4,,,,,,,,105.1,102.5,116.3,101.2,119,,109.4,,,,112.3,,,,134.2,,,,144.3,122.2
20140921,16,AQI,168,166,172,174,165,150,171,135,179,177,173,197,172,191,186,150,122,124,154,96,101,85,141,123,167,68,93,148,165,180,189,180,175,183,162
20140921,17,PM2.5,106.9,112.3,103.3,105.2,108,90.7,101.1,89.3,99.4,94.6,96.5,103.7,92.5,89.1,97.9,93.9,82,89.7,89.6,86.4,95.9,77.6,108.2,91.9,106.3,87.9,80.1,65.4,79,98.3,109,110.8,100.4,110.1,113.5
20140921,17,PM10,,,,,,136.2,,179.1,,,,,,,,104.6,109.7,135.4,120.2,117.2,,98.9,,,,119,,,,133.8,,,,170.5,134.9
20140921,17,AQI,169,165,171,172,166,150,172,136,180,175,172,196,170,188,182,147,122,124,154,94,102,86,144,122,168,70,91,145,161,179,189,178,174,182,163
20140921,18,PM2.5,100.2,86.7,103.4,97,112.2,90.4,101.8,84.9,110.7,93.9,97,110.4,86.5,88.7,85.1,77.8,84.7,97.3,95.5,87.2,93.4,80.8,104,101.1,104.8,91.5,77.2,71.9,79.7,94.7,111.6,102.5,97.6,99,104.1
20140921,18,PM10,,,,,,132.3,,110.3,,,,,,,,90.5,118.9,128.3,127.2,113.1,,108.9,,,,116.3,,,,173,,,,152.7,139
20140921,18,AQI,166,162,169,169,165,148,171,137,180,172,170,194,168,186,178,143,122,124,152,92,103,88,146,123,168,73,90,141,157,176,186,175,172,178,161
20140921,19,PM2.5,87.9,86.9,93.5,90.4,97.7,79.7,101.2,84.6,111.9,93.5,93.5,111.8,78.5,88.8,93.1,76.8,96.8,102.7,99.1,98,101,80.5,105.6,103.1,104.4,94.3,83.3,91.6,85.8,92.9,100.8,92.8,92.1,96.8,94.9
20140921,19,PM10,,,,,,113.5,,139.5,,,,,,,,98.9,135.5,141.8,142.6,134.2,,111,,,,117,,,108.5,143.4,,,,149.9,140.9
20140921,19,AQI,162,159,166,166,161,145,168,136,178,170,168,191,164,183,175,139,122,124,151,90,103,88,148,123,169,75,88,138,153,174,182,173,168,176,158
20140921,20,PM2.5,91.8,85.8,96.3,94.3,91.6,83,95.5,92.7,109,92.6,89.6,109.2,81.2,99.8,90.6,88.2,101.4,114.1,103.9,103.3,110.7,87.9,113.7,94.2,107.7,101.8,78.3,65.2,73.7,96,103,100.9,92.4,98,91.1
20140921,20,PM10,,,,,,106,,183.3,,,,,,,,117,134.1,155.2,146.2,125.7,,119,,,,120.8,,,,144.5,,,,143.9,131.7
20140921,20,AQI,158,156,162,162,157,142,164,135,177,166,165,186,160,178,170,135,121,125,149,88,104,86,148,123,170,77,86,132,148,169,177,169,163,172,154
20140921,21,PM2.5,89.2,81.5,92.6,85.2,95.9,76.4,98.6,101.8,100.9,98.5,97.1,110.7,91.2,96.2,84.7,86.4,98.1,114.8,101.1,111.1,120.2,88.9,111.4,103.8,112.2,97.3,72.4,61.5,79.8,89.7,100.3,99.8,84,98.3,96.2
20140921,21,PM10,,,,,,110.2,,152.3,,,,,,,,92,117.5,149.3,149.8,138.2,,108.9,,,,127,,,,109.2,,,,127.2,126.9
20140921,21,AQI,152,152,158,156,153,138,160,135,175,160,161,181,155,173,163,130,119,125,147,86,105,85,149,124,170,79,82,126,143,163,171,163,158,166,149
20140921,22,PM2.5,78.9,70.6,86.7,84.5,83.6,60.7,84.1,94,101.8,91,102.1,105.7,97,97.4,75.7,73.8,81.9,113.8,94.8,103.9,125.3,93,122,105.7,123.8,108.6,71.9,54,73.8,79.4,87.9,86.2,79.2,89,89.7
20140921,22,PM10,,,,,,,,112.2,,,,,,,,,89.7,143.8,128.5,120.2,,119.7,,112.8,,,,,88.3,88.1,,,,,99.6
20140921,22,AQI,145,146,152,150,147,131,155,133,171,153,156,175,150,167,154,123,114,126,145,86,107,85,150,125,171,83,77,119,139,156,163,155,152,159,143
20140921,23,PM2.5,66.5,69.5,92.5,84.4,82.8,61.1,84.8,88.2,94.9,90,95.5,101.9,73.2,94.9,75.4,67.3,80.5,110.4,95.6,97.9,136.9,95.3,125.3,103.8,124.9,113.2,59.7,53.1,80.5,75.4,88.7,90.9,81.9,89,82.6
20140921,23,PM10,,,,,,89.7,,95,,,,,,,,73.5,,126.9,129.4,110.7,172.5,131.5,,,,129.7,,,81.2,108.8,,,,,85.7
20140921,23,AQI,137,138,146,143,140,124,148,132,166,148,151,169,145,159,147,116,108,127,143,84,110,85,151,125,172,87,73,112,135,149,154,147,146,151,137
20140921,0,SO2,10.5,5,4.6,2,3.4,6.9,7.9,2.7,2,3.5,2,2.1,2.1,4.5,5.5,7.8,2,2,4.3,9,2,2.5,3.2,2,3.2,2,17.8,8.5,2,2.9,2,7.9,7.1,3,14.2
20140921,0,NO2,95.4,94,110,105,143.6,117.3,114.2,53.7,39,110.5,68.7,,68.5,85.4,85.6,72.8,52.1,22,55.7,15.8,19.9,42.2,28.9,11,88.9,2.9,33.6,52.6,18.3,63,110.8,118.3,100.7,149.2,128.4
20140921,0,O3,46.9,21,28.5,22.1,2,16.3,2,9.2,75.6,7.8,30.7,,2,27.1,38,12.4,35,109.8,75.6,85.3,78.4,35.3,81.1,95.8,73.6,74.8,85.9,8.6,9.8,6.5,18.3,10.9,26.5,107.7,2
20140921,0,CO,2.1,2.1,2.1,2.1,1.8,2.9,1.6,1.1,1.2,2,1.5,2,1.6,1.9,2,1.2,1.6,1,1.1,1.2,0.9,0.8,0.8,0.8,1.1,0.6,1.4,1.2,1.6,1.2,2.7,2.4,1.9,2.1,2.2
20140921,1,SO2,10.2,7,5.4,2,3.5,7.9,7.5,2.5,2,5.8,2,2.2,2,5.6,6.1,8.4,6.2,2,4.8,9.2,2,2.7,2.2,2,2.9,2,18.3,9.2,2,2.6,2,7.7,5.6,4.1,17.2
20140921,1,NO2,87.9,99,94.3,111.3,102.7,79.3,113.9,56.4,39.5,97.9,82.5,,85.7,76.1,86.5,49.4,30.5,30.3,39.2,12.9,17.3,41.6,30.9,14.4,87.6,2.9,31.7,51.7,12.6,65.9,108.5,109.1,89.7,149.9,94.2
20140921,1,O3,28.1,10.3,27.3,7.6,11.8,28.1,2,2.4,67.4,11.7,15.2,,2,15.3,17.9,21.3,39.2,76.3,86.5,85.8,76.5,24.8,67.8,86.4,65.6,67,85.2,9.5,2,2,7.4,6,24.6,99.4,2
20140921,1,CO,1.9,1.7,2,2,1.6,2.6,1.7,1,1,2,1.5,2.1,1.8,2,1.7,1.3,1.5,1.3,1,0.9,0.9,0.8,0.9,0.9,1.2,0.6,1.1,1.3,1.5,1.2,2.3,2,1.8,2,1.6
20140921,2,SO2,12.7,4.9,5.3,2,4,8.9,,4.1,2,6.1,2.1,2.2,2.4,6.9,4.8,14.1,15,6.1,4.1,7.1,2,2.2,2,2,4.1,2.3,11.9,13.8,2,4.1,3.7,7.9,7.9,4,4.8
20140921,2,NO2,55.7,51.3,55.1,73.4,62,56,70.2,57.4,37.6,84.3,99.6,,86.3,80.8,60.3,54.8,18.2,40.5,55,13.3,20.5,59,22.8,13.1,121.8,3.3,26.8,40.8,23.1,58.1,69.9,71.8,60.3,143.8,56.4
20140921,2,O3,26.2,30.8,36.2,18.4,18.7,29.5,20.4,2,50.2,2,2,,2,2.1,27.7,11.3,28.8,47.1,52,81.9,72.4,2,67.3,84.2,4.4,56.8,86.5,23.3,3.3,2,16.5,17.8,30.9,90.1,2
20140921,2,CO,1.6,1.4,1.6,1.6,1.4,2.5,1.5,1,1,1.7,1.7,1.8,1.9,1.9,1.6,2,1.3,1.7,1.1,0.7,1,0.8,0.8,0.9,1.2,0.6,0.8,1.6,1.7,1.2,1.9,1.6,1.4,1.7,1.5
20140921,3,SO2,14.2,7.4,5.7,2,4.7,12.9,7.4,5.5,2,4.9,2,3,4.7,5.6,6.2,18,6.9,10,4,4,4.9,2.5,2.9,3.1,5.4,3,6.6,17.4,2,3.2,2.9,7.7,10.3,3.7,2
20140921,3,NO2,57,50,48.9,57.9,71.2,59.4,48.5,57.9,47,65.3,88.5,,79,49.9,45.1,55.6,19.1,40.8,66.8,12.2,17.8,34.5,25.6,26.5,111.2,5,23.2,49.3,19.4,60,66,59.4,48.2,128.4,66.7
20140921,3,O3,19.6,26.9,28.7,25.6,4.9,23.8,25.7,2,37.8,5.2,2,,3.5,23.3,42.8,12.4,50.1,37.8,26,77.4,71.6,29.2,72.8,65.8,2,51.5,80.1,10.6,2,2,13.1,18.1,30.5,98.9,2
20140921,3,CO,1.5,1.7,1.8,1.7,2,3,1.5,1,1.2,1.6,1.7,1.6,1.8,1.6,1.9,2.4,,2.1,1.2,0.6,1,0.7,0.8,1.1,1.3,0.5,0.7,2,1.8,1.4,2.2,1.7,1.6,1.7,2.4
20140921,4,SO2,18.8,12.9,6.7,2,5,20.2,10,6.5,2,8.4,2.7,3.7,5.2,6.1,8.8,25.5,6.5,13.9,4.3,3,3,2.3,2.7,10.7,7.1,2.8,5.4,29.2,2,3.4,5.8,11.4,11.8,3.3,2
20140921,4,NO2,55.1,57.5,49.2,55.3,73.3,55.4,49.7,72.7,62.3,49,51.2,,61.1,42.1,60.5,60.1,25.2,35.2,56.5,11.9,15.4,50.9,33.1,30.9,80.1,3.9,22.1,49.7,25,62.2,70.6,64.2,43.8,100.4,76.6
20140921,4,O3,26.6,16.1,30.8,28.2,4.5,27.6,,2,13.8,28.2,17.7,,3.9,30.3,23,11,32.4,41.3,29.4,69.7,64.8,2.8,54.6,41.4,2,46.3,84.8,,2,,9,11.6,34,122.3,2
20140921,4,CO,1.9,2.3,1.9,1.9,2.2,3.4,1.5,1.1,1.3,1.8,1.5,1.6,1.6,1.9,2.4,2.5,0.9,2.2,1.2,0.6,1,0.7,0.9,2,1.8,0.6,0.5,2.5,1.7,1.6,2.8,2.2,1.6,1.8,2.7
20140921,5,SO2,32.1,23,14.6,5.7,6.3,26.1,10.6,6.6,3.2,10,3,4.7,5.8,7.6,16.7,21.1,7.5,13.2,4.8,2.5,4.7,2.3,2.9,16,9.4,4.4,5,32.4,2,3.5,12.7,23.7,16.5,4.6,2
20140921,5,NO2,52.4,58.5,50.5,64.9,67.4,50.7,51.8,68.1,67.9,50,35.1,,,57,69.1,69.3,38.3,29.6,54,12.2,13.3,51.2,31.8,27.2,64.6,,20.9,58.8,26.6,61.8,63.8,63.4,48.6,110.4,81.8
20140921,5,O3,28.6,20.5,30.5,14.5,9.4,35,15.5,2,11.9,19.7,32.2,,4.4,11.2,20.5,2,23.9,42.2,28.4,64.6,74.2,2,52.2,55,2,39.7,82.6,3.6,2,2,16.6,17.8,28.8,111.3,2.2
20140921,5,CO,2.8,2.8,2.7,2.7,2.3,3.4,1.8,1.3,1.5,1.9,1.7,1.7,1.6,2.2,3.1,2.8,1,2.1,1.2,0.5,1,0.7,0.8,1.9,2.2,0.5,0.5,3,1.5,1.6,3.3,2.9,2.3,2.5,2.6
20140921,6,SO2,38.4,29.4,22.6,12.8,9.3,24.9,19.2,5.9,4.7,16.1,3.5,5.8,8.7,14.8,19,16.1,11.1,13.8,4.7,2,2,3.1,3.7,15.2,11,6.1,3.5,28.6,2,3.8,19.2,29.8,28.8,8.2,8.4
20140921,6,NO2,57.6,61.8,51.9,69.3,57,58,48.5,63.4,61.4,62,33.6,,42.7,68,73.4,66,46.4,31,46.1,17.9,17.1,50.2,27.9,28.8,62.6,6.5,23.8,63.3,13.8,49.4,80.4,79.2,49.7,119.4,90.4
20140921,6,O3,28.5,23.2,31.2,19,23.3,26,21.2,2,12.3,2,29,,6.5,3.1,17.7,2,26,43.8,26.1,50,52.5,2,63.2,48.1,2,33.4,61.3,2,4,12.7,7.1,10.3,30.3,101.8,2
20140921,6,CO,2.8,2.9,2.9,3.2,2.3,3.4,2.3,2,1.8,2.8,1.9,1.8,2.1,3,3.3,2.9,1.3,2,1.6,0.6,1.1,0.7,1,1.8,2.5,0.6,0.5,3.1,1.8,1.4,3.5,3.2,2.7,3.1,2.6
20140921,7,SO2,32.2,29,26.2,12.5,12.5,20.3,27.7,6.8,3.9,29,3.4,11.8,10.4,26.4,21.7,17.9,6.4,13.4,5,2.4,2,4.3,3.6,12.4,10.6,5.5,4.8,21.6,2,3.6,21.8,27.2,33.6,12.7,4.2
20140921,7,NO2,59.7,60.1,61.8,66.8,57.3,75.5,57.7,58.2,55.4,61.2,52,,64.1,76.1,79.4,64.8,48.8,31.9,55.6,27.2,30.8,46.3,36.2,23,64.8,5.3,32.4,59.3,15.4,43.9,84.6,80,64.1,152.1,87.7
20140921,7,O3,25.6,21.1,25.8,21.7,24.6,4.9,13.7,2,12.2,12.5,11.2,,7.8,3.8,15.3,2,16.8,43.6,11.7,39.2,32.2,2,42.7,44.9,2,34,37.1,2,2,10.2,4.7,9.6,22.5,70.8,2
20140921,7,CO,2.5,2.8,2.8,2.8,2.1,3.3,2.5,2,1.6,3.2,2.2,2.7,2.4,3.6,3.2,2.7,1.3,1.8,1.7,0.7,1.1,0.7,1,1.8,2.4,0.6,0.7,3.1,2.4,1.6,3.4,3.1,2.4,3.2,2.7
20140921,8,SO2,28.1,28.7,26,12.6,16.1,22.3,28.8,7.6,20.4,26.1,9.1,19.8,20.1,26.8,31.2,20.2,8.7,13.8,9.1,4.4,2,4.2,5.3,8,10.8,6.9,6.8,23,4.8,4.2,19.9,29.6,31.4,13.7,10
20140921,8,NO2,69.7,71.9,63.4,70.6,64.3,75.2,66.7,53.1,52,63.8,67.7,,67.8,78.3,75.7,63.8,64.3,42.9,63.1,55.8,54.5,38.7,57.3,22.9,57.2,5,38,57.1,36.7,52.6,87.9,84.4,63.5,166,89.9
20140921,8,O3,18.7,14.8,28.5,20.6,20.6,10,11.9,2,30.5,14.2,12.2,,15.1,5.8,24,2,5.9,30.9,10.5,12.2,3,10.7,19.1,28.7,2.6,34.2,37.8,2,2.7,12.9,5.5,8.5,23.5,58.3,2
20140921,8,CO,2.5,2.9,2.3,2.7,1.8,3.2,2.2,2.1,2.4,2.8,2.9,2.9,3,3.4,3.3,2.6,1.5,1.9,2.4,0.8,0.9,0.7,1.4,1.7,2.3,0.6,0.8,3.1,3.6,2.3,3.1,3,2.2,2.9,2.7
20140921,9,SO2,32.6,39.8,26.2,19.7,16.2,25.5,28.8,8.3,27.8,26.9,15.5,21.6,26.4,33.5,34,28.7,13.6,19.1,16.9,6.3,2.1,4.4,7,14,14.2,10.1,8.9,26.9,16.6,13,31.8,43.8,31.2,19.5,20
20140921,9,NO2,70.2,70.3,61.8,71.9,61.9,72.8,65.3,55.2,52.6,74.6,59.7,,73.1,77.7,73.8,58.2,68.4,36.7,52.4,49.5,40.4,33.1,34.6,43.6,41.9,4.3,55.4,64,54.7,53.4,86.5,83.4,66,177.7,89.1
20140921,9,O3,24.4,26,31.6,29.3,31.9,18.7,13.5,2,37.4,10.8,33.5,,19.8,13.9,33,8.8,13.6,49.8,30.4,19.7,15.2,16.7,42.8,29.7,26.3,38.1,14.2,3,8.7,25.6,15.1,20.4,24.2,61.5,3.3
20140921,9,CO,2.7,3,2.4,3,1.9,3.3,2.1,2.1,2.3,2.6,2.5,2.4,3.1,3.5,2.9,2.3,1.7,1.8,2.5,0.9,0.8,0.7,1.2,1.7,2.2,0.6,0.9,3,4.2,2.9,3.5,3.2,2.1,3.4,2.6
20140921,10,SO2,35.4,33.1,28.8,23.6,18.6,26.4,29.2,13.9,18.2,33.1,18,22.7,28.4,44.7,37.8,32.3,18.2,18.2,16.9,8.7,7.3,5.2,9.4,20.7,15.4,10.7,15.8,35.8,28.7,19.5,29,42.1,33.4,24.7,22.1
20140921,10,NO2,68.9,61.4,63.3,64.8,67.3,70.7,69.5,71.5,65.5,70,72.1,,73.3,76.3,73.2,50.2,66.9,44.4,56.2,57.7,32.5,29.1,32.9,26.5,42.5,3.2,51.3,68.9,58.6,56.7,83.2,86.6,70.7,187.7,84.5
20140921,10,O3,34.7,43.2,44.6,45.5,30.7,28.3,16.7,7.9,30.3,28.6,28.1,,21.3,25.1,34.2,22.9,24,52.9,35.7,15.2,27.7,26,51.3,73,45.3,43.6,33.2,7.9,17.8,33,21.8,25.3,26.6,61.1,8.9
20140921,10,CO,2.3,2.3,2.5,2.5,1.8,3,2,2.3,2.2,2.8,2.6,2.3,3,3.2,2.9,2.2,1.6,1.4,2.4,1,0.8,0.7,1.3,1.5,1.9,0.6,1.1,3.4,4.6,3,2.8,2.6,2.3,2.9,2.2
20140921,11,SO2,42.4,52.8,29.2,38.7,19.8,40.9,30.8,19.6,22.1,36,24.4,26.3,49.6,60.4,37,41.6,15.9,16.7,19.6,25.3,5.7,6.6,8.3,18.9,16.2,11,61.7,33.6,43.2,23.6,42.9,63.2,33.6,31.9,34.9
20140921,11,NO2,58.1,65.1,55.7,69.9,62.1,59.4,63.1,60.2,64.6,67.5,73.9,,66.3,78.7,68.5,44.5,51.5,30.8,71.4,45.4,29.5,28.1,27.1,29.1,35.7,2.5,55.3,60.4,48.8,60.8,78.1,93.3,58.9,180.7,81
20140921,11,O3,48.4,46.3,56.8,48.1,38.5,52,33.7,22.8,39.8,40,34.4,,37.2,32.4,43.9,48.8,32.1,78,32.3,50.7,40.8,34.6,68.8,79.5,58.5,55.6,53.2,23.1,50.3,41.8,29.3,24.3,46.6,69.7,17.6
20140921,11,CO,2,2.6,2.1,2.7,1.5,2.8,1.9,2.1,2,2.4,2.8,2.5,2.8,4.2,3,2.1,1.5,1.2,2.3,1.6,0.8,0.8,1.3,1.3,1.8,0.7,2.4,2.9,4.2,3,3.1,3.1,1.7,3.2,2.1
20140921,12,SO2,56.6,50.6,43.8,42.6,29,58.4,33.2,24.1,26.4,45.6,27.3,27.2,38.3,44.4,39,36.9,,16.6,25.4,45.3,,10.8,8.9,17.1,20.8,12.2,55.4,31.5,37.6,38.1,50,58.5,38,31.2,54.3
20140921,12,NO2,63.1,58.9,57.2,59.7,56.4,64.9,66.3,59.4,60.2,58.7,61.2,,62.7,62.3,51.7,37.9,11.2,32.3,73.8,51,22.6,28.4,23.8,32.7,39.8,2.2,59.9,54.1,34.6,54.4,74.4,79.7,62,155.2,82.1
20140921,12,O3,54,63.8,63.9,67.6,53.2,61.8,37,35.8,56.9,64.1,53.7,,28.7,60.6,70.2,66.5,4,78.7,41.1,65.9,60.1,54.4,86.2,83,59.6,71.5,67.4,40.5,78,62.9,43.1,46,50.2,103.3,32.7
20140921,12,CO,2.3,2.5,2.2,2.5,1.6,3.4,1.8,1.7,2.1,2.4,2.3,2.2,2.8,2.6,2.1,1.5,0.2,1.1,2.4,2.2,0.7,0.9,1.4,1.1,1.8,0.7,1.6,2.8,2.7,2.7,3.1,2.7,1.7,2.7,2.5
20140921,13,SO2,50.2,39,45.5,35.4,31.5,45.1,37.8,28.7,26.2,37,34,26.7,35.9,44.8,32.9,37.5,5.6,16.8,25.6,41.5,12.2,15.7,10.8,17.6,21,15.9,50.7,28.6,27.2,36.4,41.9,43.2,43.9,28.7,43.9
20140921,13,NO2,54.2,48.9,48.8,50.2,56.4,50.4,61.9,59,51.6,45.9,54.6,,58.4,49.2,38,37.3,10.4,31.7,66.6,36.3,21.2,22.1,22.2,35.6,42.7,2,55.5,46.8,22.7,33.4,66.2,63.9,67.6,149.1,83.9
20140921,13,O3,79.3,93.4,90.7,96.2,70.4,94.9,56.2,50.9,85,96.6,80,,26.9,97.3,104.6,83.7,11.7,85.9,58,103.4,92.2,91.7,110.6,83,73.1,106,82,56.3,104,111.5,68.7,79.6,63.6,126.9,53.7
20140921,13,CO,2.3,2,2.1,2.1,1.7,3,1.7,1.7,1.8,2,2.3,2,2.7,2.1,1.6,1.5,,1.1,2.1,1.6,,0.9,1.4,1.1,1.6,0.9,1.8,2.7,1.9,1.9,2.6,2,1.9,2.2,2.1
20140921,14,SO2,36.8,34.5,36.6,28.7,26.5,31.3,38.5,25.5,25.8,28.9,31.7,29.5,24.7,41.4,23.5,29.2,7.2,14.5,23.1,45.5,9.6,17.1,9.5,17.4,17.5,16.7,42.1,23.2,21,33.7,33.4,41.5,43.4,25.5,30
20140921,14,NO2,42.3,41.4,43.6,45,55.6,35.6,55.9,55.9,50.9,42.6,41.1,,39.1,35.8,32.4,34.7,15.1,31.5,55.4,41.1,28.6,19.3,20.7,32,39.3,2.2,57.3,36.2,20.2,33.8,64.6,69.5,64.6,141.8,71.9
20140921,14,O3,102,118.4,117.2,126.1,94.7,127.5,78.9,68.7,101.6,127.6,107.9,,18.5,126.2,125.8,110.8,,97.7,86.9,104.3,,122.1,132,101.8,103.4,132.8,95.3,74.3,115.9,135.3,86.1,95.2,88.6,160,76.8
20140921,14,CO,1.8,1.6,1.9,1.7,1.8,2.3,1.7,1.5,1.7,1.8,1.9,2,2,1.7,1.5,1.5,0.6,1.1,1.8,2,0.9,0.9,1.3,1.1,1.4,1,1.7,2.3,1.7,2,2.2,1.7,1.9,2,1.6
20140921,15,SO2,29.1,27.8,29.4,27.1,14.3,29.1,32,24.5,30.7,29.3,23.1,20.9,19.1,35.7,21.6,23.9,3.2,15.8,20.7,35,17.3,23.2,9.3,15.8,15.6,16.4,38.9,20.9,19.9,25.5,29.8,34.1,31.2,26.8,26.5
20140921,15,NO2,35.1,32.1,36.2,38.1,46.2,41.4,51.4,55.3,43,37,32.5,,28.6,29.9,28.1,26.8,,29.9,42.8,34.5,,22.2,22.6,38.5,43.2,3.6,49.1,30.8,17.3,34.6,60.7,49.3,54.9,136.3,87.2
20140921,15,O3,124.4,148.1,142.1,146.1,112.9,131.2,99.3,80.3,136.8,143.7,125.6,,14.3,143.4,137.9,129.3,10,120,123.2,127.6,122.7,131.7,140.8,107.2,114.8,152.6,118.7,80.2,124.5,140.5,105.7,128.1,114.9,166.6,71.4
20140921,15,CO,1.5,1.4,1.5,1.5,1.3,2.4,1.5,1.4,1.7,1.5,1.6,1.6,1.6,1.6,1.8,1.2,0.2,1.2,1.7,1.8,1.2,1.3,1.2,1.1,1.4,1.1,1.6,2,1.6,1.7,2,1.5,1.4,1.8,1.7
20140921,16,SO2,21.8,21.9,21.6,17.7,11.6,23.4,29.9,27.3,21.6,24.3,22.6,18.9,20.6,28.4,19.1,22.3,13.1,19.8,14.8,29,23.2,30.4,12.2,16.6,17.2,21.2,26.5,17.8,15.2,20.9,21,26.1,23.4,21.8,19.3
20140921,16,NO2,36.7,30.3,35.3,37.2,47.9,34.8,47.7,60.1,33.6,33.2,26.5,,35.2,29.5,27.3,24.3,21.4,34.9,34.7,25,31.3,27.1,29.4,39.2,51,5.7,42.1,28.4,15.3,22.6,52.4,65.3,49.8,144.7,92.6
20140921,16,O3,129,150.8,148.3,145.6,118.3,149.4,110.6,91,161.9,150.7,143.8,,15.5,141.9,142.5,140,142.7,119.7,136.9,145.9,133.1,133.6,123.6,117.3,103.7,158.2,132.7,80.8,127.3,153.3,110,117.4,126.5,160.5,78.9
20140921,16,CO,1.6,1.5,1.4,2.2,1.3,2.3,1.3,1.6,1.4,1.4,1.5,1.4,1.7,1.6,1.9,1.4,1.3,1.4,1.4,1.7,1.5,1.7,1.3,1.2,1.4,1.3,1.4,1.7,1.6,1.6,2,1.6,1.3,1.8,1.8
20140921,17,SO2,19.2,20,17.4,12.7,10.8,19.9,24.4,21.9,19.5,18.1,21.3,15.8,17,20,15.2,18.7,11.2,19.6,13.8,21,17.1,22,14.2,21,17.9,27.3,22.9,18.1,13.8,19.9,17.8,23.6,17.9,15.1,16.8
20140921,17,NO2,33.6,32.9,36.7,37.2,47.1,30.8,49.9,61,32.5,33.6,24.9,,34.6,28,25.7,25.5,26.5,33.5,39.4,26.3,26,19.5,41.1,38,69.6,7.7,44.3,29.4,21.8,21.7,78.7,75.3,40.6,155.9,93.7
20140921,17,O3,126.1,141.3,137.3,138.3,121.7,146.6,105.1,81.9,161,141.1,141.9,,12.8,135.4,140.2,131.2,133.3,139.4,140.6,142.2,149.7,149.7,110.4,131.5,93.5,148.5,136,72.3,107.4,148.6,90.9,97.2,126.9,144.5,73.9
20140921,17,CO,1.7,1.7,1.6,1.7,1.3,2.5,1.3,1.7,1.2,1.6,1.5,1.5,1.6,1.5,1.8,1.4,1.5,1.5,1.4,1.6,1.4,1.4,1.5,1.4,1.4,1.6,1.5,1.2,1.4,1.6,2.3,1.9,1.3,2.1,1.9
20140921,18,SO2,17,16.4,14.7,9.1,8.4,17.8,19.8,15.4,15.9,13.9,14.7,11.4,11.7,14.5,11.7,14,9.2,12.9,10.5,18.4,13.9,19.2,15.8,16.9,18.9,20.1,14.8,18.9,11,13,13.4,21.1,17.4,10.2,11.7
20140921,18,NO2,39.6,33.6,38.9,42,58.1,35.1,52.5,67.1,40.4,33.4,25.1,,31.8,32.1,27.3,27.9,37.6,27.7,39.7,31.4,28.5,29.2,48.6,35.3,93.9,5.2,36.6,30.6,29.3,21.7,78.9,81.9,46.3,164.1,95.6
20140921,18,O3,115.4,131.2,127.4,124.3,101.7,132.2,93,60.4,145.9,135.9,126.7,,8.8,123.3,127.2,116.5,113.6,141.2,131.9,134.5,144.8,138.8,104.3,138.9,69.3,155.9,128.7,68.6,92.9,113.2,76.2,82.2,117,89.9,65.9
20140921,18,CO,1.9,1.7,1.9,1.9,1.6,2.6,1.5,1.6,1.3,1.7,1.5,1.6,1.5,1.3,1.2,0.9,1.7,1.4,1.4,1.8,1.4,1.6,1.5,1.4,1.6,1.4,1.3,1,1.2,1.5,2.4,2,1.7,2.1,2.1
20140921,19,SO2,12.7,13,9.5,4.9,6.9,12.9,16.1,10.6,10.8,9.6,8.2,7.5,7.2,11.2,10,13.4,6.4,10.1,7.4,12.3,11.4,17.2,14.9,11.6,17.1,16.4,7.1,15.4,5.8,5.6,7.8,17.7,12.9,8.4,7.2
20140921,19,NO2,39.2,35.9,39.3,44.2,56.7,35.9,61.2,77.7,45.3,35.2,32.9,,53.1,43.9,34.2,43.3,47.7,37.3,52.8,44.5,37.7,53.6,50.8,25,84.8,5.2,29.3,31,21.1,32.9,76.2,75.3,66.3,162.5,105.9
20140921,19,O3,97,109.8,106.6,104.2,89,113.5,71.5,40.1,117.6,116,102.8,,5.4,91.4,111.8,81.6,97.5,116.5,102.6,107.7,119.3,105.2,98.6,122.5,70.9,149.1,111.8,60.7,71.3,62,63.7,71.5,78,110.6,38.3
20140921,19,CO,1.6,1.2,1.6,1.4,1.5,2.2,1.6,1.6,1.5,1.3,1.4,1.6,1.5,1.1,1,0.7,1.9,1.5,1.5,1.8,1.7,1.7,1.6,1.3,1.6,1.5,1.2,0.9,1.2,1.5,2,1.5,1.6,1.7,1.7
20140921,20,SO2,13.1,12.9,7.9,3.8,4.2,13.6,12.6,8.2,7.1,9.9,6.2,5.6,6.9,10.1,9.2,14.9,4.6,8.2,5.4,10.2,9.7,14.6,12.5,7.2,13.6,18.7,6.6,12.2,4.4,4.2,6.5,16,12.6,6.6,6.8
20140921,20,NO2,36,38.1,41,42.7,63.3,38.6,52.6,88,47,36.1,41.1,,54.2,54.6,36,68.4,43.6,40.5,60.2,42.9,38.7,49.2,36.7,22.4,125.7,4.9,33,30.9,13.3,27,72.9,94.1,57.7,154.5,111.8
20140921,20,O3,91,98.3,90.5,94.2,68.5,102.2,64.6,13.9,94.3,97.3,75.6,,5.2,65.5,105.1,44.9,86,100.9,74.6,99.6,108.1,99,104.6,94.5,14.6,146.6,105.5,56.3,72.2,65.8,56.1,43.8,67.3,113.7,22.3
20140921,20,CO,1.2,1,1.2,1.2,1,1.8,1.1,1.7,1.3,1.1,1.1,1.3,1.2,1.1,0.9,0.8,1.5,1.8,1.5,1.7,1.9,1.8,1.5,1.2,1.6,1.5,1.4,0.8,0.9,1.3,1.7,1.3,1,1.5,1.5
20140921,21,SO2,10.5,9.6,7.7,2.5,2.8,12.5,11.5,10.4,6.9,9.4,5,4.9,6.1,9.2,7,13.2,4,6.7,4.6,9.2,6.5,14.6,11.1,8.2,12.9,15.2,9.3,11.5,2.6,4.3,4.5,11.4,11.5,5.6,4.6
20140921,21,NO2,39.1,44.8,38.2,42.7,70.8,39.4,48.6,55.6,36.5,47.9,55.6,,71.3,49.6,43.4,52,32.7,39.8,68.4,38.8,43.6,39.6,28.7,23.5,115.2,4.1,39.1,29.5,9.7,25.1,72.6,102.5,36,145.5,112.6
20140921,21,O3,85.4,87.2,88.5,88.3,56.9,96.9,60,59.9,94.6,69.7,49.6,,4.6,64,88.8,63.4,81.9,84.1,47.9,76.5,86,112,109.3,100.2,20.2,130.2,83.6,48.5,51.1,66.2,52.2,34.4,87.1,113.6,19.8
20140921,21,CO,1,0.9,1,1.1,0.9,1.8,0.9,1.3,0.9,1.1,1,1.1,1.2,1,0.9,0.5,1.1,1.8,1.2,1.9,1.9,1.9,1.4,1.4,1.6,1.5,1,0.7,1,1,1.6,1.2,0.7,1.4,1.4
20140921,22,SO2,12.8,11.7,7,3.8,3.1,13.9,9.4,12.2,6.5,8.9,4.2,4.5,5,7.9,9,11.5,4.2,5.2,4.2,7.7,4.7,11,9.6,9.2,10.5,16.2,17.1,13.3,2.5,3.5,5.9,13.8,10.3,5.3,2.7
20140921,22,NO2,35.4,35.5,43,39.4,62.4,38.1,44.2,40.9,44.9,48.3,60.4,,66.4,44.6,38.2,46,24.8,45.4,47.2,30.3,47,52.1,34.7,24.3,103.6,5.4,41.1,25.7,11,21.6,59.7,73.2,36.8,131.8,110.8
20140921,22,O3,88.7,96.6,79.1,91.8,62.5,101.5,58.5,64.6,73.3,66.4,36.5,,3.7,62.5,92.9,65.4,92.1,61,57.4,68.8,65.9,78,91.1,99,15.8,115.9,82.3,47.3,38.2,49.1,62.6,53.3,83.6,127.1,16.7
20140921,22,CO,0.9,0.8,1,1,0.7,1.6,0.8,1,0.9,1,1,1,1.1,0.9,0.8,0.5,0.9,1.6,0.9,1.9,1.9,1.8,1.5,1.2,1.8,1.6,0.8,0.6,1.1,0.9,1.4,1,0.7,1.2,1.2
20140921,23,SO2,12.8,12.6,9.1,3.7,4.6,12.7,12.3,10.9,6,11.4,3.4,4,5.2,8.7,10.3,12.3,4.4,5.2,4,8.1,4.1,8.5,8,9.3,8.1,15.8,17.7,13.5,2.6,3.8,6.6,13.8,14.1,5.1,3
20140921,23,NO2,35.2,46,42.6,44.4,81.2,39.5,39.2,39,42,44.1,51.2,,45.1,51.1,46.2,58.7,26.7,42.3,49,26.6,54.8,68.5,49.7,26.6,79.2,6.8,34.6,24.9,14.4,46,67.3,85.1,33.4,121.4,114.8
20140921,23,O3,87.8,79.9,77.9,79.3,37.3,94,68.8,61,73.4,68.1,38.5,,3.9,57.1,73.7,48.1,82.1,57.5,48.2,72.1,44.2,41.4,61.5,91.1,24.9,102.1,83.8,43.3,31,11.3,53.6,44.6,86.1,140.3,11.7
20140921,23,CO,0.9,0.9,1,1,0.7,1.6,0.7,0.9,0.8,1,1,1,1,1,1.1,0.5,0.8,1.3,0.9,1.7,1.8,1.8,1.5,1,1.5,1.7,0.8,0.6,1.2,0.8,1.4,1.1,0.7,1.1,1.1
