date,hour,type,dongsi,tiantan,guanyuan,wanshouxigong,aotizhongxing,nongzhanguan,wanliu,beibuxingqu,zhiwuyuan,fentaihuayuan,yungang,gucheng,fangshan,daxing,yizhuang,tongzhou,shunyi,changping,mengtougou,pinggu,huairou,miyun,yanqing,dingling,badaling,miyunshuiku,donggaocun,yongledian,yufa,liulihe,qianmeng,yongdingmengxi,xizhimengbei,nansanhuan,dongsihuan
20141122,0,SO2,5.7,7.9,2,7,6.8,7.2,11.1,16.1,8.1,6.4,14.1,6.3,2,22.6,22.5,23.4,3.4,4.8,13,13.5,2.2,3.9,8.4,2,12,2,7.7,23.7,17.2,25,4.9,10.1,5,12.6,13.8
20141122,0,NO2,47.7,57.9,63.3,56,41.7,60.1,68.1,61.8,27.3,61.5,72,42,80.9,89.1,90.1,84.3,51.3,20.8,30.4,61,15.6,30.8,57.4,3.1,31.9,11.8,33.5,164.4,135.2,121,50.7,117.4,60.3,71.8,76.1
20141122,0,O3,22.4,14.3,15.3,16.6,27.9,22.5,2,2,48,9.9,2,22.8,2,2.7,19,2,20.2,58.9,38.5,14.9,52.6,38.4,2,70,26,57.7,48.1,6.6,2,12.3,16.9,45.2,23.2,2,4.7
20141122,0,CO,0.7,0.5,0.4,0.7,0.5,0.5,0.8,1.8,0.6,0.6,0.9,0.6,1.5,1.3,1.8,1.1,0.7,0.4,0.7,1.6,0.5,0.1,1.8,0.2,0.5,0.3,0.6,7.2,4.6,8.3,0.1,0.8,0.7,0.8,0.7
20141122,1,SO2,4.3,4.2,2,4.8,5.5,2.7,9.1,18.7,16.9,7.8,11.6,13.2,2,16.9,9.1,15.8,2.9,2,11.6,3.9,4.7,2,9.8,2,26.2,2,6,24.8,28.1,19.9,2.4,8.5,4.4,8.4,4
20141122,1,NO2,29.3,37.5,51.2,41.5,38,46.9,68.8,53.9,31.1,69.7,51.1,32.1,71.3,78.4,69.5,72.8,28.8,18.3,38.2,27.5,26.6,12.1,57.7,3.8,46,11,31.3,148.6,108,114.1,38,97.5,50.9,57.3,37.8
20141122,1,O3,39.9,29.8,23.7,28.9,29,35.6,2,6.5,40.8,3.2,15.4,33.6,2,2.8,18,2,29.4,58.3,26.8,43.5,41.3,56.4,2,68.1,8,58.2,47.9,4.9,2,16.7,26.9,140.5,31.4,9.5,23.9
20141122,1,CO,0.5,0.3,0.3,0.5,0.5,0.4,0.7,1.8,0.6,0.8,0.9,0.5,0.7,1,0.8,1,0.4,0.4,0.9,0.6,0.7,0.1,1.4,0.2,0.6,0.3,0.5,5.8,3.2,10.8,0.1,0.8,1.3,0.6,0.3
20141122,2,SO2,3.4,2.1,2,3.5,2.6,2,,24.7,30.3,13.5,23.1,20,25,9.9,2.4,19.5,13,3.5,22.5,4.1,12,2,12.3,2,37.6,2.5,4.6,18,15.3,17.1,2,4.8,2.9,6.3,15.6
20141122,2,NO2,23,34.2,51.6,44.7,25.8,33.9,71.3,59.1,32.3,66.8,64.2,39.8,69.8,58.2,53.6,73.8,14.7,24.4,44.8,23.2,31.4,24.5,55.4,3.8,49.9,8.4,26.7,113.6,78.5,105.2,24.8,65.2,38.2,58.4,25.7
20141122,2,O3,37.6,35,22.6,26.8,40.5,48.7,2,2.5,37.4,4.5,2,26.8,2,9.8,27.8,2,19.4,50.9,19.5,48.9,42.9,40.7,2,67.1,6.1,63.4,48.8,4.4,2,13.6,42.3,62.3,42.1,11.8,21.8
20141122,2,CO,0.4,0.3,0.2,0.4,0.3,0.2,0.6,1.3,0.7,0.7,1.1,0.6,0.8,0.5,0.5,1,0.2,0.5,1.1,0.7,1.4,0.1,1.9,0.2,0.5,0.2,0.5,3.7,2,12.5,0.1,0.4,0.4,0.5,0.2
20141122,3,SO2,3.5,2.2,2,2.4,2.8,2,11.8,20.6,32.2,12.4,28.4,26.8,27.8,6.7,4,16.5,13.5,11.6,25.9,14.3,18.6,2,14.3,3.3,59.1,2.2,4.4,18.8,9.8,17.4,2,3.6,2.6,4.7,7.1
20141122,3,NO2,23.8,26,42.4,31.7,28.3,37.3,68.9,63.6,29.7,67.4,63.9,57,58,46.8,57.4,70.1,20,41.8,52.3,64,38.8,15.8,64.5,7.1,40.7,6.2,24.9,101.3,63.9,102.6,20.8,41.3,32.8,46.4,23.8
20141122,3,O3,32.3,45.2,30.6,41.9,37.7,42.1,2,2,39.4,3.9,2,13.1,3.8,19.5,25.4,2,15.8,36.7,9.7,6.6,30.4,49.8,2,64.7,13.3,66.5,49.1,4.7,2,12.9,49.4,54.3,47.5,22.2,20.2
20141122,3,CO,0.3,0.2,0.2,0.4,0.3,0.3,0.7,0.4,0.5,0.7,0.9,0.8,0.7,0.4,0.7,0.8,,0.5,1.3,1.9,0.6,0.1,2,0.2,0.6,0.2,0.4,2.3,1.2,11,0.2,0.3,0.3,0.3,0.3
20141122,4,SO2,5.7,3.5,2,4.6,6.5,5,15.7,21.3,51.1,13.1,30.7,30.7,25.3,7,7.9,17.3,9.1,31.2,23.8,12.8,13.4,3,13.2,8,60.5,2.3,3.4,18.7,6.1,18.6,2,4.4,9.3,5.3,8.7
20141122,4,NO2,27.1,26.5,42.6,33.9,35.1,42.9,68.8,62.4,28.9,67.1,65.7,34.6,56.7,63.8,68.1,67.6,27.5,40.8,50.3,58.9,42.8,20.3,61,13.1,41,8.5,20,95,43.5,108.9,26.5,38.9,41,35.5,52
20141122,4,O3,40.3,43.7,30.2,40.1,30.9,36.5,,2,37.1,4.6,2,32.8,2.8,8.3,14.9,2,18.1,16.3,10.7,7.8,22.6,40.4,2,56.2,10.7,58.4,52.1,,5.9,,41.2,47.5,38.8,32.8,2
20141122,4,CO,0.3,0.3,0.2,0.4,0.4,0.4,0.7,0.8,0.5,0.7,1,0.5,0.7,0.5,0.8,0.8,0.2,0.5,1.1,3.8,0.8,0.1,2,0.2,0.6,0.2,0.3,1.9,1.1,10.6,0.3,0.3,0.4,0.3,0.4
20141122,5,SO2,8.7,6.6,2,8.9,10.6,8.7,22.5,46.1,83.2,33.1,33.7,48.4,23,6.9,10.8,16.6,6.7,28.1,22.3,11.4,5.9,4.3,16.9,5,41.4,2,2.6,16.2,6.2,18.6,5.7,6.1,12,10.5,7.6
20141122,5,NO2,25.1,32.9,53.5,41.7,30.9,53,68.9,46.6,18.5,64.7,65.1,37.5,63.4,68.4,60.8,63,28.6,35.9,42.2,55.5,26.2,31.9,77.7,6.7,29.3,,17.3,89.5,39,68.9,27.8,44,52.6,56.9,77.9
20141122,5,O3,42.2,36.2,20.5,31,34.1,25.2,2,2,44.3,4.8,2,29.1,2,4.5,22.2,2,19.9,22.9,18.5,5.8,34.4,27.1,2,59.2,22.1,62.7,53.9,5.2,9.8,12.5,37.9,49.2,27.4,14.3,2
20141122,5,CO,0.4,0.3,0.3,0.5,0.4,0.4,0.9,0.9,0.6,0.7,0.9,0.6,0.8,0.7,0.8,0.7,0.3,0.5,0.9,3.4,0.6,0.1,2.7,0.2,0.5,0.2,0.3,1.6,0.8,9.9,0.3,0.4,0.6,0.5,0.6
20141122,6,SO2,7.2,6.4,2,7.5,7.6,11.1,23.9,24.7,61.6,32.8,47,59.4,44.7,10.8,21.7,24.6,22,15.2,23.3,8.9,2.4,2.2,21.7,2,32.4,2.4,2.3,15.3,6,18.5,4.8,6,9.1,12.2,6.8
20141122,6,NO2,36.3,39.1,63.6,54.9,32.1,56.2,69.5,54.3,17,71.2,64.6,47.9,66.7,66.3,62.9,67.4,33.8,27.1,36.9,49.1,15.6,39.8,94.1,4.1,46.8,7.3,15.5,87.7,40.4,77.2,36.4,71.6,59.3,59.7,89.8
20141122,6,O3,31.1,30.2,12.8,16.9,32.7,20.8,2,2,47.6,2,2,20,2,5.6,21.6,2,32.1,39.5,23.8,7,44,15.2,2,57.2,7,52.9,53.4,5,11.1,11.8,31.2,63.9,23.1,9.8,2
20141122,6,CO,0.3,0.4,0.4,0.4,0.4,0.4,1.1,1.4,0.5,0.8,1,0.8,1.1,0.7,1.2,0.8,0.5,0.5,0.8,1.5,0.4,0.3,2.6,0.3,0.5,0.2,0.3,1.3,0.7,10,0.4,0.5,0.6,0.4,0.9
20141122,7,SO2,,4.3,2,5.8,8.5,10.2,24.5,22.2,47.4,22.8,49.5,49,47.5,21.1,57.6,26.1,11.1,36.3,23.8,8.6,2,5.7,15.8,6.3,48.3,3.2,2.1,16.6,10.1,16.4,4.6,5.9,10.1,14.7,5.4
20141122,7,NO2,,58.7,71.7,59.1,49.8,59.5,68.8,52.1,21.9,75.3,63.5,65.4,68.2,71.1,77.9,61.5,33,38.1,45.2,48.2,15.8,45.4,77.3,7.3,45,13.1,17.1,89.5,46.1,74.8,38.4,99.3,70.6,77.8,84.7
20141122,7,O3,,8.5,7.9,15.7,17.7,16.1,2,2,42.4,2,2,6.6,2,4.5,13.9,2,32.9,25.1,15.7,9,43.8,9.4,2,56,10.4,41.3,50.8,5.1,8.8,9.9,28.9,53.2,15,2,2
20141122,7,CO,,0.6,0.5,0.6,0.5,0.5,1.7,2.1,0.5,0.9,1,1.4,1.2,0.8,2.1,0.8,0.4,0.7,0.8,1.1,0.5,0.3,1.9,0.2,0.5,0.3,0.3,1.3,0.9,8.3,0.4,0.4,0.7,0.7,0.9
20141122,8,SO2,15.5,4.5,8.6,5.5,13.6,16.4,30.2,16.1,50.9,27.3,55,36.1,43,20,40.1,25.7,11.6,33.7,24.2,9.9,3.6,7.2,15.4,9.5,55.3,4.1,2,18.3,13.4,10.9,8.3,7.4,18.8,19.9,5.7
20141122,8,NO2,62.5,63,77.6,73.3,75.1,76.3,73.5,53,22.6,73.7,63.8,66.8,67.2,75.2,79.2,65.9,38.6,46.4,46.8,39.2,41.7,46.1,68,12.3,49.1,13.7,16,90.4,57.1,59.7,55.3,212.1,81.7,90.4,89.1
20141122,8,O3,4.3,3.9,3.3,4.4,2,2.9,2,2,42.8,2.4,2,12.9,2,3.8,14.7,2,24.4,16.7,14.2,20,19.4,9.9,2,47.1,3.7,40.4,51.4,5.3,3.6,8.5,12.7,19.4,6.6,2,2
20141122,8,CO,0.7,0.6,0.8,0.9,0.6,0.7,1.7,2.9,0.5,1,1.2,2.5,1.4,1,2.3,0.9,0.5,0.7,0.7,0.9,0.7,0.4,1.7,0.3,0.8,0.3,0.3,1.6,1.2,3.8,0.6,0.6,1.4,1.1,1.4
20141122,9,SO2,22,13,19.8,11.6,20.7,14.8,36.3,40.6,69.7,25.8,61.7,26.7,44.3,17,2,27.7,10.1,43.3,18.3,18.1,14,7.8,33.5,25,74.5,5.2,3.2,24,13.8,30.5,12.1,9.8,31.4,22.2,14
20141122,9,NO2,55.8,69,74.3,69.7,84.6,72.6,67.4,52.5,12.9,68.5,64.2,65.5,73,69.7,74.1,66.6,36.9,47.7,34.1,60,43,34.7,90.8,22.2,43.8,12.4,15.7,92.1,48.3,82.9,64.1,190.5,82.9,87.7,74
20141122,9,O3,11.5,7.3,6.6,10,2,7.1,2,2,56.3,6.7,4.8,13.8,2,7.1,17.5,2,28.4,17,23.8,12.5,23.7,23.7,2,36.2,10.2,44.2,54,5.5,9.4,9.8,6.7,7.9,8.4,2,2
20141122,9,CO,0.9,0.8,1,1,0.9,0.7,1.4,3.4,0.5,0.9,1.5,1.7,2,1,1.6,1,0.4,0.9,0.7,1.2,0.9,0.3,1.9,0.5,0.9,0.3,0.3,1.8,1.1,2.8,0.9,1.1,1.4,1.4,1.7
20141122,10,SO2,18.8,13.9,27.4,17.3,35,27.8,52.6,43.6,28.5,32.5,38.4,27.7,50.4,15,2,23.8,7.3,62.8,16.3,24.6,11.8,5.1,41.4,32.7,72.7,7.1,5,29.7,14.9,29.9,14.4,13.9,38.3,19.4,28.1
20141122,10,NO2,52.1,68.2,63,63,84.4,70,62.8,57.5,5.6,59,52.8,58.3,71.7,70.4,62.9,63.2,32.7,63.7,33.7,72.2,43.6,20.5,81.5,22.3,50.1,10.4,17.5,87.5,50.8,100.4,61.8,117.4,76.4,78.6,77.3
20141122,10,O3,19.4,12.1,13.4,19.3,3,14.6,2,2.1,70.3,14.8,18.7,17.4,5.3,10.8,28.5,5.5,37.7,10.1,24.8,16.7,27.8,44.2,2,39.8,10.3,49,51.9,6.5,15.2,10.6,12.2,5.8,12,5.6,4.6
20141122,10,CO,0.9,0.8,0.8,1,1.1,0.8,1.2,3.4,0.3,0.9,1.2,1.4,1.8,1,1.4,0.9,0.4,1.5,0.7,1.4,0.7,0.1,1.9,0.5,0.9,0.3,0.3,1.5,1.1,2.2,1,1.1,1.1,1,1.2
20141122,11,SO2,12.5,11.2,12.9,14,34.2,17.9,41.2,49.4,13.2,19.4,13.9,19.2,29.7,10.4,2,19.3,5.6,58.2,18.5,10.8,6.9,3,27.4,32.5,53.6,5.6,18.4,27.9,13.3,26,12.7,10.3,24.8,17.9,24.9
20141122,11,NO2,44.3,52.9,58.3,52.9,72,62.2,48.7,54.5,5.7,48.6,22.8,44.4,56.5,62,45.5,66.3,34.9,57.6,29.2,48.7,25.1,12.3,56.8,22.5,39,7.9,51.8,77.1,47.3,64.7,49.4,108.2,69.2,75.1,69.4
20141122,11,O3,31.3,27.2,21.6,30.9,12.5,27,9.9,8.7,72.9,29,52.7,33.9,15.4,20.5,44.3,10.5,41.7,17.5,35.8,38.3,44.6,57.4,10.9,46.3,22.2,57.7,35.6,9.8,25.5,36.9,26.5,16.9,23.6,9.5,13.2
20141122,11,CO,0.7,0.6,0.7,0.7,1,0.7,0.8,3,0.3,0.7,0.4,0.8,1,0.7,0.7,0.9,0.3,1.1,0.6,0.8,0.4,0.1,1,0.5,0.8,0.2,1,1.2,0.9,1.2,0.7,0.8,1,1,1
20141122,12,SO2,12.1,13.2,2,11.2,14.7,11.4,19.6,26.2,13.2,11.4,20.4,16.9,13.5,14.5,2,14.1,8.6,20.8,15.5,7.7,4.6,2,37.5,26.7,40.1,3.9,11.8,19,11.9,19.3,9,11.7,11.9,18.7,15.8
20141122,12,NO2,44.2,48.9,48.3,50.7,52.9,46.9,51.4,30.5,19.9,49.2,51.2,39,47.2,50.6,39.9,56.3,29.1,37.5,31,28,20.9,9.5,54.4,22.3,40.9,4.5,36.8,61.5,32.9,36,46,93.9,55.6,82.3,64.9
20141122,12,O3,35.2,33.7,34.1,35.3,28.8,46,13.6,32.2,60.9,33.7,29,42.7,22.9,34.2,57.6,26.3,48.5,40.4,44.2,58.9,53.8,64.8,17.1,50.1,22.7,69.5,55,18.8,44.5,46.9,33.2,15.9,39.6,9.9,20.5
20141122,12,CO,0.7,0.5,0.5,0.7,0.7,0.6,0.7,2.5,0.5,0.7,0.7,0.6,0.7,0.6,0.7,0.7,0.3,0.6,0.6,0.5,0.3,0.1,1,0.4,0.7,0.2,0.5,0.8,0.7,0.7,0.6,0.7,0.7,1.1,0.9
20141122,13,SO2,10,9.1,2,11,10.8,10.3,11.8,21.5,19.3,10.3,13.8,12.1,10.2,9.4,2,12.5,7.8,5.9,15.2,6.7,2,29.4,25.1,7,17.1,2.6,7,16,10.5,19.9,7.7,9.8,8.6,18.1,13.7
20141122,13,NO2,34.7,38.1,50.5,47.2,58.6,49.8,54.2,38.8,39.6,53.1,50.8,47.2,54.4,42.1,47.3,48.4,25.5,22.5,37.4,17.4,11.9,13.9,32.6,9.8,14.5,3.9,26.4,57.2,22.3,34.7,47.1,83.3,57.1,82.4,65.7
20141122,13,O3,43.2,46,35.2,41.4,26.6,46.7,14.1,31.4,44.6,35.7,35.1,39.1,24.3,47.9,58.8,36,53.3,58,40.9,73,67.2,66,37.5,69.7,62.1,76.6,69.1,25.7,53.2,54.1,36.1,37.9,40.3,11.7,20.4
20141122,13,CO,0.6,0.5,0.5,0.6,0.7,0.6,0.7,2.1,0.7,0.7,0.6,0.6,0.7,0.5,0.7,0.6,0.2,0.4,0.7,0.4,0.3,0.1,0.6,0.2,0.3,0.2,0.4,0.7,0.6,0.6,0.6,0.7,0.7,1.2,0.8
20141122,14,SO2,10,10.8,2,10,9.8,8.3,11.4,19.3,9.7,9.7,11.3,8.9,8.2,7.7,2,13.9,5,4.1,10.4,6.2,11.4,14.4,23.9,2.5,12.2,3,11.3,15.5,16,22.7,8.3,8.5,10.1,16.5,16.4
20141122,14,NO2,36.9,40.9,53.7,45.4,56.8,55.4,63.4,48.4,45.1,44.6,52.6,48.5,40.8,31.8,37.4,34.3,35.6,25.4,43.1,18,13.2,14.4,28.9,5.9,20.4,3.3,30.3,55.5,26.8,36.8,47.3,88.7,59.5,79.4,67.3
20141122,14,O3,47.9,49.8,35.4,48.2,29,48.6,10.5,25.2,42.9,47.5,43.9,42.4,39.1,63.8,70.6,55.4,49.4,56.8,38.2,72.8,72.9,68.6,41.2,75.2,60,80.1,68.6,32.6,51.2,61.6,41.5,65.7,39.1,18.2,24.5
20141122,14,CO,0.6,0.5,0.5,0.7,0.6,0.6,0.7,1.8,0.7,0.6,0.6,0.6,0.6,0.4,0.5,0.5,0.3,0.4,0.7,0.4,0.3,0.1,0.6,0.2,0.4,0.2,0.4,0.6,0.7,0.7,0.5,0.7,0.6,1,0.8
20141122,15,SO2,11.4,11.1,2,9.5,10.5,6.4,10.6,15.6,10.1,7.8,11.3,8.8,8.3,8.7,2,12.2,4.2,9.1,10.9,8.2,8.8,6.9,15.7,6.8,12.7,10.1,8.9,14.2,14.6,25.6,9.2,8.2,10.3,15.5,13
20141122,15,NO2,36.3,36.3,53.3,41.1,63.1,50.8,58.8,52.9,41.8,38.1,45.9,43.3,40.2,34,37.9,25.7,40.3,44.6,45.7,23.9,20.3,14.7,23.5,22,34.9,7.9,27.7,55,23.3,40.7,51.9,107.8,64.7,78.5,73.7
20141122,15,O3,53.2,59.6,41.2,57.2,29.7,59.8,16.1,24.1,51.1,59.3,57.6,51.4,45.5,64,70.8,60.4,51.1,42.3,42.5,73,67.8,68.9,53.1,61.3,47.8,77.1,73.2,33.1,56.6,64.1,42.3,63.6,38.3,23.5,23.9
20141122,15,CO,0.6,0.5,0.4,0.6,0.6,0.4,0.6,1.6,0.6,0.5,0.5,0.6,0.6,0.5,0.5,0.4,0.4,0.6,0.7,0.4,0.3,0.1,0.5,0.4,0.5,0.2,0.4,0.6,0.7,0.8,0.5,0.7,0.6,0.9,0.8
20141122,16,SO2,13.6,12.9,2,11.4,12,9.1,10.6,16.3,10.6,8.6,13.6,11.5,10.1,11.1,2,13.5,7.4,8.7,13.4,9.6,16.7,7.1,11.8,8.6,13.6,10.7,11.5,13.8,11,23.2,10.7,8.4,11,17.9,15.2
20141122,16,NO2,42.2,43.1,51.4,50.1,64.8,54.7,61.3,54.9,37.7,41.4,47.8,48.7,47.2,44.3,41.7,31.5,54.2,62.1,44,28.6,38.2,19.8,29.9,41.8,55.7,12.7,32.9,60.1,15.6,46.2,58,107.1,71.1,86.5,73.1
20141122,16,O3,47.9,51.3,45.3,49.3,32.6,52.6,17.4,24.9,58.5,56.4,59.8,52.8,40.4,52,70.2,54,40.6,27.8,53.4,71,51.6,65.2,51.8,44.2,26.4,71.9,67.5,29.7,64.5,60.6,35.7,65,36.6,14.6,22.9
20141122,16,CO,0.6,0.6,0.4,0.7,0.6,0.5,0.6,1.5,0.7,0.6,0.6,0.7,0.8,0.5,0.6,0.5,0.5,0.7,0.8,0.5,0.4,0.1,0.5,0.5,0.6,0.3,0.5,0.7,0.6,0.8,0.6,0.7,0.7,1.3,0.8
20141122,17,SO2,15.6,13.1,2,13.1,11.9,14.6,11.4,18.6,16.1,11.1,14.6,16.5,16.7,14.9,2,18.8,8.9,12.1,16.8,13.2,18,17.1,13.6,9.3,13.9,11.4,14.3,13.7,12.5,25.5,12.6,9.1,15.4,20.5,18.5
20141122,17,NO2,49.9,49.3,68.5,67,80.3,71.7,73,63.9,47.2,73.4,53.5,66.6,69.3,59.3,49.3,56.6,62.4,77.7,64.1,44.5,62.3,37.4,56.1,56.7,77.9,20.9,41,75.5,23.5,55.5,74,146.1,77.3,92.2,85
20141122,17,O3,38,42.5,29,29.7,15.9,33.6,8.5,19.8,53.9,19.9,43.7,34.2,22.2,35.3,57,24.8,30.3,12.6,35.1,54.7,29.4,46.5,25.3,25.7,4.8,63.2,55.9,17.6,59.2,59.8,17.2,55.3,27.3,6.3,9.6
20141122,17,CO,0.7,0.5,0.5,0.8,0.7,0.6,0.7,1.5,0.9,0.8,0.7,0.9,0.9,0.6,0.7,0.7,0.5,0.8,1,0.6,0.6,0.1,0.7,0.7,0.7,0.4,0.6,0.7,0.6,1,0.7,0.8,0.8,1.7,1.2
20141122,18,SO2,18.7,14.2,2.8,14.2,13.1,17.3,12.9,23.5,15.4,19.3,29.7,21.5,16.3,25.2,2,30,11.1,16.1,24.3,27.7,15.2,19.6,12.2,7.7,14.7,16.1,11.9,16.8,61.2,25.1,19.2,8.3,18.1,25.5,
20141122,18,NO2,74.4,62.4,86.5,89.1,93.5,85.9,86.3,77.5,61.8,94.6,96.4,89,90.1,92.7,83.2,81.4,84.9,90.4,100.3,86,86.7,79.1,76.7,56.9,86.4,24.8,45.5,94.1,47.7,68.2,82.9,207.7,89.9,101.2,
20141122,18,O3,12.7,25.3,11.7,7.4,2.6,15.7,2,12,29.6,2.2,3.6,11.9,6.6,4.7,26.1,2.5,10.1,4.1,7.2,15.3,8,4.1,6.2,16.6,2,54.9,46.4,7.7,32.6,45.7,6.3,59.1,11.8,2,
20141122,18,CO,0.9,0.8,0.7,1,0.8,0.8,0.9,1.6,1.1,1.3,1.2,1.3,1.2,1,1.1,1.1,0.8,1,1.4,1.3,1.1,0.5,0.8,0.6,0.8,0.4,0.8,1,1,1.2,0.9,1.2,1,2.2,
20141122,19,SO2,24.8,9.6,10.3,20.2,17.8,18.9,19.4,18.5,20.1,25.7,40.4,33.5,24.3,17,2,29.5,20.4,22.6,25.7,33.6,13.2,16.6,15.3,11.8,16.2,21.8,12.6,22.1,59.7,26.4,29.6,10.9,21.6,45.6,16.9
20141122,19,NO2,87.6,78,101,98.4,102.3,98.2,92,83.8,66.6,97.9,102.8,99.2,104.9,91.1,91.6,89.5,89.6,94,103.2,96,84.8,59.5,85,60.6,89.1,39.5,49,94.9,47.4,86.6,89.1,280.2,95.7,111.5,92.2
20141122,19,O3,2.6,6.1,3.4,5.1,2,3.1,2,2,28.1,3.1,2,9.9,2.2,4.6,18.1,2,9,4.5,9.5,11.4,2.6,24.1,2,10.7,2,35.2,41.1,8.1,24.2,31.9,2.4,89.7,9.4,2,2
20141122,19,CO,1.4,1,1,1.9,1.1,1.1,1.1,1.6,1.1,1.6,1.6,1.6,1.7,1.2,1.3,1.2,1.3,1.1,1.5,2.4,1.4,0.4,1.1,0.8,0.8,0.6,1,1.3,1.1,2.1,1.4,1.7,1.2,3.3,1.5
20141122,20,SO2,28.2,7.9,16.5,30.4,21.2,25.7,21.9,15.4,32.4,37.6,63.3,47.8,57.5,24.5,2,43.4,21.8,27.6,23.8,31.7,18.2,15.8,17.2,11.3,21.6,26.5,14.6,17.8,29.7,34.3,28.1,13.4,28.1,56,15.9
20141122,20,NO2,90.3,80.6,103.8,107.2,109.9,99.7,94,79.2,89.6,100.9,113.1,112.9,120.8,90.7,90.5,86.3,94.9,93.5,106.5,83.2,80.9,59.3,87.6,54.4,94.1,46.9,53.2,94.4,71,116.1,89.4,354.5,98.2,123.4,97.2
20141122,20,O3,2.8,4.7,3.6,7.8,2,2.6,2,2,20.1,3.7,2.1,12.3,4.8,6.9,16,2,9.6,3.3,9.4,12.2,3.4,19.9,2,14,2,27.9,31.3,5.8,7.6,23.9,3.2,42.3,8.5,2.4,2
20141122,20,CO,1.7,1.2,1.3,3.1,1.5,1.4,1.4,1.7,1.4,2.2,2.2,2,2.5,1.6,1.3,1.8,1.6,1.4,1.9,2.8,1.5,0.5,1.8,1,0.9,0.8,0.9,1.2,1,4.3,1.9,2,1.5,3.7,1.9
20141122,21,SO2,35,10.4,26.6,32.9,24.1,33.2,24.9,20.2,28.3,45.7,66.4,47.2,59.1,43.3,2,38.5,20,26.6,19.9,18,14.1,19.2,12.6,14.5,22.1,25.9,14.7,16.2,20.5,29.2,34,12.8,35.3,54.9,27.5
20141122,21,NO2,90.4,84.6,104.4,104.1,115.5,102.8,96,80.7,90.4,105.6,109.4,112.5,106.8,96.9,90.5,75.8,95,92,108.9,63.5,73.2,56.9,82.3,60.5,91.9,42.5,52.6,96.2,78.7,105.4,88.7,340.8,103.4,111.3,109.3
20141122,21,O3,2.8,5.6,4.7,7.3,2,2.8,2,2,17.8,3.5,3.9,11.7,2.3,7.6,9.8,2,9,2,13.1,11.8,3.1,17.4,2,8.5,2,30.5,28.7,4,2,29.9,3.4,66.1,8.1,2,2
20141122,21,CO,1.8,1.5,1.7,2.7,1.9,1.8,1.6,2,1.5,2.6,3.7,2.5,2.4,2.5,1.9,1.8,1.8,1.5,3.4,1.6,1.4,0.6,1.5,1.2,1,0.9,0.6,1.3,1.4,7.4,2.5,2.2,1.9,3.1,3.1
20141122,22,SO2,43.5,19.8,26.6,29.7,31.1,36.6,33.2,27.7,30.1,42.1,48,49.1,44.2,39.7,2,34.8,10.9,31.9,19.7,17.9,16.2,23.2,17.5,15.1,21.8,23.4,16.4,15.3,25.1,37.6,45.2,15.5,35.3,53.7,21.3
20141122,22,NO2,89.2,92.8,105.4,100.9,114.7,105,102.3,81.3,99.9,106.6,101.9,111,98.8,90.6,92.1,70.1,78.8,93.6,106.2,41.5,78.1,56.6,76.8,63.6,90.6,38.7,46.8,94.7,79.7,102,88.5,341.5,103.1,109.4,107.3
20141122,22,O3,2.6,7.4,6.1,6.4,2,3.4,2,2,13.2,2.7,2,11.8,2,4.8,10,2,6.3,2.6,13,25.2,2,13.7,2,7,2,24.5,31.8,3.4,2,16.1,2.5,38.9,7.7,2,2
20141122,22,CO,2.4,2.2,1.8,2.8,2.1,2.8,2.1,2.3,1.7,2.4,2.2,3,2,2.2,2.4,1.6,1.6,1.6,4,1.3,1.8,0.8,1.6,1.4,1.1,0.9,0.6,1.2,1.9,4.2,2.8,2.7,2.1,3.5,3.2
20141122,23,SO2,37.7,18.6,20.8,26.7,29.5,36.6,30.8,17.5,32.8,48.9,49.6,46.3,45,36.3,2,26,6.2,31.8,18.6,18.7,14.2,15.9,16.7,20.1,26.8,21.7,17.6,12.7,28.6,48,41.9,18.2,36.2,46,13.9
20141122,23,NO2,86.3,91.5,97.5,101.2,114.8,96.8,106.9,72.5,95.8,107.3,105.3,107.6,101.9,86.9,89.4,65.1,71.8,93.4,85.9,41.4,73.8,65.6,70.1,63.9,92.7,37.7,54.8,90.2,78.9,100.8,86.1,213.9,98.8,103.9,97.4
20141122,23,O3,2,6.8,2.1,5,2,2,2,2,12.6,2.7,2,12.6,2.1,3.5,9.5,2,5.2,3.4,9.5,24.9,2,2,2,5.2,2,16.7,23.5,3.6,2,15.8,2,30.2,6.2,2,2
20141122,23,CO,2.4,2.6,2.3,3,2.6,2.3,2.6,2.5,1.5,2.7,2.2,3.5,2.8,1.9,2.2,1.6,1.4,1.9,3.8,1.1,2,1.3,1.6,1.2,1.2,0.9,0.6,1.3,2,4.5,3.2,3.1,2.3,3.2,2.9
20141122,0,PM2.5,4.2,13.6,14.2,11.2,14.5,18.5,14.7,37.2,16.8,15,30,12,53,62.1,83,41.1,26.2,12.7,14.8,67.1,11.9,13.7,60.5,5.2,21.3,3,29.8,438.8,373.7,535.9,11.9,22.8,16.4,24,22.6
20141122,0,PM10,8.3,,44,,22.1,,22.7,69,,,48.4,,,,,,,14.3,39.3,,,30.2,78.1,8.7,26.4,17.3,,,,915.4,,,,,
20141122,0,AQI,212,265,245,314,227,268,257,280,245,343,284,240,380,485,448,314,186,162,180,304,138,148,98,102,60,114,227,500,473,500,308,334,262,364,277
20141122,1,PM2.5,3,10.6,11.5,5.1,12.8,9.1,13.8,27.8,21.4,23.6,25.8,15.6,24.7,29.5,25.9,35.3,16.6,18,16.1,19.4,14.1,18.9,48.3,6.5,18.3,4.7,21.3,360.5,212.8,635.9,17.1,12.5,18,16.4,18
20141122,1,PM10,5,,34.5,,19.1,,16.4,43.1,,,31,,25.5,,,,,,35.3,,,,,7.8,39.4,10.2,,,,756.4,,,,,
20141122,1,AQI,189,246,227,293,210,240,240,266,232,322,271,226,360,469,428,291,167,147,169,289,125,130,91,92,59,101,217,500,463,500,285,311,242,340,250
20141122,2,PM2.5,3,12.4,9,7.4,6.5,5.4,17.5,27.9,19,17.7,25.9,13.6,24.4,18.8,12.3,40.8,9.4,7.4,21.9,13.7,11.3,8.3,68,6.2,19.5,14.6,18.4,108.7,97.5,635.1,7.7,3.7,7.2,12.9,9.6
20141122,2,PM10,5,,30.7,,11.5,,30.9,,,,43.9,,34.7,,,,,14.4,33.4,,,25.6,69.5,8.7,38.8,,,,,673.6,,5.7,,,
20141122,2,AQI,163,229,209,274,189,214,224,252,219,302,262,213,341,451,410,269,147,138,161,276,113,113,87,83,59,90,208,500,451,500,263,288,223,319,224
20141122,3,PM2.5,3,3,10.3,4.3,7.3,9.8,18,35.5,21.3,18.3,24.5,17.9,24.3,17.6,11.6,26.1,12.5,10.5,23.5,46.1,17.1,5.7,55.6,7,20.3,4,10.7,50.1,43.9,590.6,11.3,7.3,9.7,11.9,10.6
20141122,3,PM10,5,5,29.3,5,9.8,,28.1,42.8,,,49.8,21.9,28.2,,,,13,23.1,34.9,,26.5,,66.2,9.1,38,14.6,,,,607.7,,,,,
20141122,3,AQI,143,213,189,257,166,189,210,237,206,282,248,197,323,433,392,251,130,130,153,266,102,98,82,74,58,78,199,500,438,500,244,268,205,300,201
20141122,4,PM2.5,3,4.9,11.2,7,8.8,10.1,12.2,32,17.1,12.4,21.6,13.3,23.4,8.3,14.6,26.6,13.8,17.9,22.2,76.4,14.5,12.8,48.1,10.3,24,10,7.6,38.6,32.1,495.1,10.6,8.2,12,9.9,14.3
20141122,4,PM10,5,5,25,,8.9,,,,,,51.2,,26,9.9,,,,25.1,34.3,,23.9,,65.3,12.6,38,,11.5,,,578.1,,,,,14.8
20141122,4,AQI,125,197,168,241,146,163,194,224,188,263,232,177,304,416,374,235,119,124,145,259,91,85,78,69,58,67,188,485,434,500,226,250,184,282,172
20141122,5,PM2.5,3,10.3,10.9,9.8,10.8,12.4,9,27.3,21.8,20,24.2,13.6,22.2,18.9,15.3,24.8,10,11.4,19.6,79.1,12.7,10.8,53.9,7.6,17.3,8.5,13.8,35.9,22.4,422,12.1,10.2,11.9,14,27.9
20141122,5,PM10,5,,31.8,,12.7,,32.7,37,,,50,14.3,27,,,,10.5,17.8,31,,,11.1,82.7,,24,14.2,30.7,,,495.3,,,,,42.2
20141122,5,AQI,109,179,149,226,128,140,173,210,169,245,216,158,290,399,368,221,108,117,136,252,81,73,76,64,57,57,180,466,439,500,210,234,163,266,148
20141122,6,PM2.5,3,7.2,10.8,8.6,11.5,12.4,16.1,30,18.1,21.7,21.2,16.5,21.9,9.1,17.7,24.6,14.3,5.3,16.9,35.5,8.4,13.9,54.5,9.9,26.5,6.5,20.9,26,13.7,404.6,10.6,12.7,15.6,17.9,29.7
20141122,6,PM10,5,,28.1,,,,20.9,51.5,,,41.2,23.4,26.2,13.6,,,,9.8,33.2,,,32.2,86.7,,35.8,,,,,523.3,,,,,55.5
20141122,6,AQI,93,162,132,212,112,121,154,195,152,229,203,149,276,374,368,221,98,109,129,244,73,63,75,61,56,49,169,448,441,500,190,218,144,253,129
20141122,7,PM2.5,,9.6,11.9,8.9,14.8,13.7,26.1,31,18,20.5,26.5,23.1,27.9,17.5,28.5,19,8.7,10.7,18.1,24,8.8,18.5,50.4,7.4,32.5,8.8,20.3,32.4,19.7,308.6,10.1,12.1,16.7,14.4,27.8
20141122,7,PM10,,,30.2,,17.4,,61.5,40,,25.7,44.8,39.9,32.8,22.5,,,12.4,20.1,44.1,,,26.3,73.4,8.3,33.5,9.7,25.1,,,466.7,,15.7,,15.6,50.3
20141122,7,AQI,,146,115,198,97,104,137,175,137,213,191,143,267,349,368,221,89,101,123,237,65,59,73,59,54,41,159,432,444,498,167,202,125,236,110
20141122,8,PM2.5,5.6,23.4,15.8,13.5,22.5,16.7,28.6,46.7,15.7,18.3,35.3,34.1,40.7,20.3,35.8,22.2,12.3,17.4,21.7,18.1,9.5,21.5,47.7,15.8,39.7,11.5,16.8,50.2,41.1,115.6,24.8,24.9,18.9,19.3,38.3
20141122,8,PM10,20,26.2,48.8,18.5,56.3,17.8,49.7,82.9,,27.6,57.3,61,75,31.4,,45.9,18.1,44.5,48.6,25.5,18.9,49.5,55.6,17.6,55.3,16.7,,56.6,,192,32.5,56.7,48.7,63.7,45.8
20141122,8,AQI,63,133,98,178,82,87,122,156,120,200,185,139,258,325,368,192,80,93,116,229,59,58,72,58,53,33,150,417,354,479,146,180,108,219,95
20141122,9,PM2.5,10.4,24.1,21,17.8,27.5,20.1,19,74.2,15.4,20.6,48.8,39.4,50.8,20.7,33.3,34.2,10.1,24.7,16.7,37.4,19.8,20.2,58.8,27.7,36.4,21.3,9.8,80.8,44.9,103.6,35,28.2,31.7,29.4,44.3
20141122,9,PM10,35.1,35.8,61.2,18.5,59.5,34.7,37.5,97.1,,22.7,92.2,77.2,98.8,32.9,45.2,45.4,,53.5,47.9,95.5,,45.8,106.1,47.8,48.7,23.6,18.1,105.7,,143.4,100.2,54.3,46,73,
20141122,9,AQI,51,119,82,157,68,69,105,140,106,189,179,135,252,301,318,179,75,83,110,223,58,56,71,57,52,29,142,403,343,466,128,158,91,202,79
20141122,10,PM2.5,10.7,12.3,21.2,18.7,30.6,26.7,28,90.9,5.9,18.4,48.3,30.6,93.3,29,47.4,35.8,14.4,49.7,20.4,54.3,26.9,15,68.4,34.2,37.4,10.5,11.7,71.4,35.7,124.6,29,26.2,25.8,21.6,35.8
20141122,10,PM10,24.6,30.3,57.5,36.2,68.3,35.8,41,,,20.8,89.9,76.9,138.8,46.3,53.8,44.6,,94,51.7,111,45.5,21.9,100.2,45.6,58.1,13.1,45.8,113.3,,145.6,61.3,48.4,48,,60.5
20141122,10,AQI,42,105,73,141,56,55,88,122,91,179,173,129,247,278,267,162,70,72,107,213,57,55,69,57,51,24,133,380,322,451,113,139,77,184,68
20141122,11,PM2.5,5,10.5,20.4,14.9,44.2,34.2,17.3,54.2,9.8,21.5,12.8,21.3,48.6,25.8,23.7,50.5,17.9,39.9,19.4,42.7,16.2,9.8,51.5,20.7,34.4,6.9,47.5,73.8,34.1,105.6,27.2,18.6,27,28,28
20141122,11,PM10,20,15.5,49.2,15.3,76.1,,,73.1,,,25.9,26.6,88.1,34.7,27.3,62.7,,76.8,42.7,73.6,,17.9,60,31,52.1,15,58.2,,,,46.4,33,,,74.7
20141122,11,AQI,39,92,68,126,53,55,71,103,70,166,162,123,233,249,242,148,63,59,103,203,56,53,64,46,49,19,122,358,297,437,100,124,68,164,59
20141122,12,PM2.5,12.6,12.5,19.5,19.6,28.8,25.1,14.8,18.3,4.3,18.2,19.2,13.3,24.3,28.7,25.2,39.2,12.1,10,12.3,23,16.5,9.9,50.3,21.9,36.9,3,30.3,42.8,33.1,51,18.4,18.1,21.2,26,36.2
20141122,12,PM10,17.2,,36.7,,35.6,31.9,,,,,43.9,,37.7,33.8,,49.6,,42.7,21.2,,,,63.1,25.1,51.8,5,,,,,20.2,,21.7,,
20141122,12,AQI,36,86,63,112,51,53,61,86,54,155,146,115,217,230,222,134,59,53,97,183,55,53,62,29,46,22,108,337,271,421,90,115,59,146,55
20141122,13,PM2.5,8.2,12.3,18.3,14.4,26.8,26.1,17.9,10.7,22.8,20.8,26.3,22.5,35.7,20,29.4,37.1,16.2,17.7,16.9,15,11.7,12.3,34.1,10.2,12.3,6.2,24.4,40.5,26.7,56.6,24,24.3,19.6,32.2,32.4
20141122,13,PM10,12.8,,35,14.9,43.7,,,26.3,,,47.4,,46.3,26.8,,,,28.3,28.7,24.9,,,39,,,,,,,57.8,25.1,,20,35,
20141122,13,AQI,34,80,58,98,49,53,58,69,41,145,131,106,204,216,207,128,52,49,88,165,53,53,61,22,42,24,95,316,250,408,84,108,51,133,51
20141122,14,PM2.5,9,17.2,21.2,26.4,24.9,27.6,21.7,21.8,27.4,30.6,24.8,24.3,32.6,28.2,25.1,36.6,15,19.4,24,13.6,10.1,7.1,28.8,16.1,19.5,4.7,29.8,43.3,32.4,66.3,29.3,31,22.5,29.8,27.7
20141122,14,PM10,16.8,24.2,44.9,32.4,41.4,35.7,26.8,32.7,27.4,,52.9,39,42.4,29.8,,40.7,,28.8,45.7,22,,,,,25.1,5,36.1,,,81.4,35.4,34.3,,36.5,
20141122,14,AQI,31,77,55,91,46,51,55,58,30,136,117,97,187,206,192,120,42,46,78,147,51,53,59,24,40,26,81,291,231,396,80,103,50,124,51
20141122,15,PM2.5,12.3,17.7,23.6,27.1,32.4,29.7,20.4,27.5,31.1,29.8,32.2,27.6,42,37.6,28.1,32.5,26.8,21.4,31.7,32.3,6.1,9.1,24.3,23.6,19,5.1,30.5,39.7,36.2,86.4,38,31.4,25.5,40,33.1
20141122,15,PM10,29,28.2,52.4,37.4,66.3,31.4,31.1,39,48.3,,53,50.2,52.3,,,35.1,38.6,44,65.6,42.7,19.8,23.1,,34.7,47.5,,34.5,,,105.1,41.6,43.9,36.1,45.9,
20141122,15,AQI,29,73,53,87,43,44,51,56,26,128,104,91,170,192,187,114,41,45,68,133,49,53,59,20,40,25,72,269,218,388,76,99,40,117,51
20141122,16,PM2.5,15,35.6,29.2,33.8,36.1,30.6,28.6,35.1,32.8,29.2,49.1,43.1,57.1,37.6,42.3,32.5,30.1,31,50.6,31.9,15.5,13.9,26,30.7,19.8,19.9,39.8,45.1,23.6,93.6,43,45.2,33.5,49.9,32.8
20141122,16,PM10,40.8,38.2,59.2,41.3,80.2,41.7,45.8,60.6,55.5,48.2,68.6,86.5,82.4,47.7,,45.5,76.1,59.5,91,50.9,44.4,39.5,28.5,48.4,57.4,36.4,51.3,,,107.4,47.6,52.4,52.7,67.9,
20141122,16,AQI,29,71,51,84,44,44,45,56,30,117,93,86,155,172,178,112,44,44,61,123,49,53,60,22,40,23,63,248,206,380,74,96,42,113,51
20141122,17,PM2.5,23.7,37.2,32.1,41,38.2,38.7,38.9,46.4,55.1,38.9,55.2,54.9,64.4,33.9,43.8,42.7,40.7,35.4,69,42.8,30.1,25.8,33.1,43.4,28.5,16.1,45.8,59.1,31.5,137.7,40.5,45.5,29.8,48.2,48
20141122,17,PM10,52.5,39.2,61.5,50.8,92.4,59.7,61,81.8,75.1,52.9,72.2,106.2,83.5,51.7,,58.5,80.2,89.6,105.9,74.1,68.4,53.7,43.9,81,69.5,45.9,56.4,169.1,,176,54,60.3,64.2,78.5,58.4
20141122,17,AQI,29,68,48,76,46,47,46,56,37,105,81,79,141,152,167,109,47,46,56,113,47,52,61,29,40,20,54,230,192,373,74,89,44,102,52
20141122,18,PM2.5,29.7,41.9,29.6,45.2,40,53.2,34.8,71.6,62.3,54.3,79.4,68,80.6,55.5,55.1,64.1,53.6,48,82,75.5,39.6,40.6,32,33.8,35.1,27.1,52.5,97.5,69.9,174,59.8,57,50,56.8,
20141122,18,PM10,69.5,58,71.5,65.5,95.8,89.9,70.7,119.7,77.5,111.7,144.1,143.5,122.8,91.5,69.7,90.8,108.4,154.2,157.5,122.2,96.1,89.9,52.3,47.6,69.5,48,78.9,181.9,,205.6,71.4,81.4,70.1,104.6,
20141122,18,AQI,38,61,49,65,47,51,47,59,42,94,70,71,129,134,142,109,51,48,55,102,44,45,61,29,44,18,49,216,177,366,68,101,46,89,
20141122,19,PM2.5,45.4,42.1,48.2,64.8,53,66.8,48,87.7,74.3,83.4,110.3,101.6,121.2,62.9,72.5,94.4,73.6,56.1,126.4,101.9,74.1,66.6,42,35.1,45.3,43.6,75.4,121.4,70.2,214.6,66.6,83.4,61.5,101.7,83.8
20141122,19,PM10,101.2,64.8,92.8,91,100.7,96.1,110.3,155.8,92.7,154.6,163.6,185.1,167.8,95.7,85.4,126,123.6,129.4,209.6,141.6,107,91.8,75.3,51.2,75.3,76.1,87.9,221,,274.5,97.7,133.9,83.2,164.7,
20141122,19,AQI,44,52,51,54,52,53,46,62,48,84,61,65,118,112,119,95,52,49,57,92,48,39,63,31,45,22,47,204,158,353,59,109,49,77,53
20141122,20,PM2.5,58.4,58.1,56.6,112.3,67,88.1,71,90.1,127.7,126.4,162.9,160.9,209.5,77.9,94,127.5,96.8,70.5,145.3,137,86.1,69.5,66.7,41.4,74,60.8,66.2,82,46.2,417.4,93.3,125.4,65.1,150.5,97.3
20141122,20,PM10,118.2,71.9,108,159.3,121.1,119.5,124.6,155.1,150.6,211.5,213.8,256.9,268.7,103.4,99.9,221.7,154.8,155.4,209.4,177.4,96.9,109.4,119.5,57.6,103.3,97.2,221.3,109.7,,472.9,125.7,172,111.4,201.5,115.6
20141122,20,AQI,46,43,52,54,55,52,48,64,54,77,60,64,110,93,98,80,56,52,58,79,51,43,64,30,48,27,55,186,141,351,55,116,52,68,56
20141122,21,PM2.5,79.5,66.6,82,113.9,87.6,110.6,77.8,127.3,169.7,146,196.5,173.3,204.2,173.2,103.4,108.6,106.1,80.3,210.2,91.5,64.6,80.2,58.4,51.9,92.3,73.1,54.6,90,88.5,536.5,123.3,167.2,93.6,138.8,147.8
20141122,21,PM10,144.3,95,131.4,158.2,141.8,159.8,123.9,164,171.4,181.5,246.5,261,239.6,201.1,145.6,172.5,221.2,174.6,276.8,121.2,82.9,153,89.6,76.1,117.2,95.2,133,101.5,,592.2,153.7,193.3,145.8,163.2,209.8
20141122,21,AQI,46,43,53,53,58,57,51,66,59,74,68,70,101,82,82,68,63,55,62,75,53,50,65,32,50,32,57,166,127,353,58,115,56,69,62
20141122,22,PM2.5,91.2,97.4,113.4,126.5,102.3,137.3,99,108.2,177.2,145,175.7,158.9,199.3,147.2,118.1,105.2,89.4,85.2,237.2,68.7,78.3,86.9,79.3,73.7,106.6,77,43.8,84.7,113.1,434.1,137.2,151.6,117.8,160.5,167.8
20141122,22,PM10,186.3,150.2,158.8,185.1,163.3,222.1,168.2,136.9,,194.4,217.2,303.9,221.6,190.1,131.3,135,188.4,159.2,314.9,102.7,109.2,134.9,93.8,89.8,119.7,124.6,71.8,,145,469.1,189.4,211.2,162.4,221.8,254.4
20141122,22,AQI,45,47,54,56,58,63,55,68,59,73,75,76,94,70,70,67,69,58,72,74,55,53,68,36,53,38,57,143,111,353,62,115,60,74,70
20141122,23,PM2.5,94.7,105,104.7,126.2,120.5,132.8,132.4,86.1,167.5,159.6,200.6,180.5,244.7,123.6,134.1,101.4,96.4,94.6,201.8,72.9,89.3,114.5,74.2,65.2,102.5,77.8,47.5,87.5,105.6,415.4,145.9,143.9,121.1,145.7,143.9
20141122,23,PM10,179.6,169.8,161.6,172.9,206.2,204.1,211.9,165.3,,207.4,232.5,297,248.6,169.6,174.2,112,201.2,170.2,235.8,102.7,138.3,169.3,90,81.4,120.4,118.2,66.6,,136.7,471.4,198.8,191.5,268.9,236.1,222
20141122,23,AQI,47,52,56,60,59,68,58,72,67,78,84,83,99,64,72,69,73,61,82,70,59,57,70,40,55,42,58,121,93,349,66,102,68,79,75
