date,hour,type,dongsi,tiantan,guanyuan,wanshouxigong,aotizhongxing,nongzhanguan,wanliu,beibuxingqu,zhiwuyuan,fentaihuayuan,yungang,gucheng,fangshan,daxing,yizhuang,tongzhou,shunyi,changping,mengtougou,pinggu,huairou,miyun,yanqing,dingling,badaling,miyunshuiku,donggaocun,yongledian,yufa,liulihe,qianmeng,yongdingmengxi,xizhimengbei,nansanhuan,dongsihuan
20140307,0,PM2.5,67,67,62,73,59,58,54,55,,86,59,54,87,66,68,64,79,27,38,63,82,61,67,23,13,44,43,61,60,83,64,63,60,67,57
20140307,0,PM10,121,109,90,132,94,123,97,83,,124,116,99,124,113,99,100,127,35,76,72,120,99,125,35,14,67,63,86,103,143,106,126,91,108,116
20140307,0,AQI,32,33,39,35,39,30,46,37,,47,43,44,52,32,31,44,39,34,30,32,41,39,44,25,24,19,25,40,54,49,39,34,41,46,35
20140307,1,PM2.5,66,69,72,67,65,56,71,60,,86,78,76,91,66,68,64,74,32,51,50,88,60,83,28,17,61,45,65,59,92,69,68,68,72,53
20140307,1,PM10,107,99,98,139,106,94,110,94,,122,124,124,120,94,85,91,109,43,94,71,138,97,96,38,25,92,61,89,95,160,101,102,98,94,88
20140307,1,AQI,31,32,35,40,38,34,45,33,,51,48,50,53,35,34,47,37,35,35,35,46,36,47,26,24,22,27,44,52,48,35,31,36,49,38
20140307,2,PM2.5,77,78,81,77,72,72,77,64,,103,93,89,104,66,61,75,75,32,38,59,84,52,78,25,17,63,49,67,56,106,68,75,73,75,61
20140307,2,PM10,99,100,109,144,97,105,128,76,,153,145,137,138,90,77,93,111,40,72,94,111,84,95,43,26,81,62,90,89,142,105,112,100,105,100
20140307,2,AQI,35,36,36,46,37,37,44,34,,53,52,49,55,38,36,50,41,36,34,38,50,36,49,27,35,25,29,47,52,51,39,35,40,52,41
20140307,3,PM2.5,71,73,94,87,77,77,86,46,,102,90,78,104,68,61,69,76,38,36,53,58,65,72,31,24,39,48,75,60,100,63,66,85,79,70
20140307,3,PM10,81,89,122,156,118,99,134,92,,166,148,130,137,80,80,82,114,51,59,78,60,96,77,46,35,35,63,92,87,135,81,78,113,108,116
20140307,3,AQI,39,39,39,51,41,41,49,36,,56,55,48,57,41,39,51,46,38,36,41,51,36,51,28,25,27,31,51,54,53,36,39,43,53,45
20140307,4,PM2.5,86,79,84,94,83,85,77,59,,102,82,76,105,70,66,74,71,38,51,53,47,65,72,34,25,36,52,81,57,110,93,92,81,87,74
20140307,4,PM10,63,88,102,123,147,101,136,84,,158,131,100,130,79,90,86,101,62,94,67,63,103,80,57,41,47,59,96,90,206,96,97,117,124,119
20140307,4,AQI,44,42,43,54,47,45,52,39,,59,57,51,59,44,42,53,49,40,39,44,52,38,53,30,26,28,33,53,56,57,40,42,48,56,49
20140307,5,PM2.5,85,84,90,74,84,89,83,70,,94,50,72,113,84,80,84,70,49,37,51,45,69,68,31,17,42,49,77,68,117,85,89,82,95,77
20140307,5,PM10,180,84,149,74,142,144,150,95,,122,77,114,169,91,93,104,90,80,60,66,59,107,71,39,33,53,59,87,119,221,87,65,138,127,143
20140307,5,AQI,48,47,49,55,52,50,55,42,,61,58,53,62,47,46,54,52,42,41,46,54,42,56,31,26,30,36,56,58,62,44,46,52,58,52
20140307,6,PM2.5,82,87,78,81,88,82,80,71,,84,69,84,99,93,90,89,66,62,29,52,46,51,44,18,13,43,48,85,63,116,87,83,76,89,78
20140307,6,PM10,138,135,125,210,116,131,143,99,,130,125,173,143,101,115,122,88,118,50,72,61,68,66,29,28,58,55,111,105,227,139,157,118,125,146
20140307,6,AQI,52,51,52,59,53,53,57,45,,64,60,56,65,51,50,56,53,46,42,48,56,45,57,32,26,32,38,60,61,67,48,51,54,60,55
20140307,7,PM2.5,81,72,74,74,70,78,72,62,,81,90,77,77,83,97,93,69,48,35,55,47,48,41,16,15,51,53,85,67,115,82,77,76,78,73
20140307,7,PM10,107,95,104,168,106,117,122,84,,117,183,139,144,133,155,126,93,90,48,73,70,76,70,25,31,61,58,121,92,170,103,120,117,121,133
20140307,7,AQI,56,54,54,62,55,55,59,47,,67,63,59,67,55,53,59,55,48,44,51,58,47,58,32,26,35,40,64,62,73,53,55,55,62,57
20140307,8,PM2.5,75,72,63,70,72,81,79,72,54,78,87,75,78,76,94,111,65,25,47,68,62,57,68,21,20,44,58,91,66,90,79,81,69,72,70
20140307,8,PM10,81,108,83,129,94,117,133,99,42,110,150,87,138,109,132,164,82,36,100,110,92,80,95,34,51,67,58,132,100,139,97,106,102,118,142
20140307,8,AQI,59,57,57,64,56,57,61,49,46,70,65,60,71,58,57,61,56,48,47,52,60,49,59,32,27,37,43,68,64,77,56,58,58,63,59
20140307,9,PM2.5,67,74,58,64,78,79,78,79,23,59,73,67,60,63,89,91,60,22,65,73,68,56,62,13,19,,56,99,95,86,50,74,59,70,81
20140307,9,PM10,74,81,63,89,94,92,109,113,21,79,76,49,103,80,123,141,84,36,130,111,106,71,92,24,47,,65,149,158,139,53,60,78,86,108
20140307,9,AQI,62,60,59,65,58,59,62,51,46,72,66,61,73,61,61,65,59,48,51,54,62,51,61,32,27,,45,72,66,81,58,62,59,65,60
20140307,10,PM2.5,59,59,33,64,57,47,37,46,28,39,39,40,40,65,79,69,44,9,30,77,51,23,51,4,22,19,53,86,89,91,57,55,55,55,67
20140307,10,PM10,10,15,36,21,40,57,42,26,42,47,45,19,71,85,84,62,48,7,46,111,58,5,69,9,30,17,69,119,135,118,30,5,62,69,83
20140307,10,AQI,64,63,60,66,59,60,62,52,46,73,67,62,74,63,64,68,61,48,52,57,63,51,61,32,27,39,47,76,70,85,61,64,61,67,61
20140307,11,PM2.5,43,29,35,30,42,,15,20,14,26,28,24,29,,51,27,22,7,21,23,22,18,46,8,18,12,35,50,57,39,27,37,37,30,45
20140307,11,PM10,20,21,39,5,53,35,19,9,,36,29,5,54,,39,24,18,10,24,58,32,18,55,9,27,5,21,63,80,17,15,5,50,39,32
20140307,11,AQI,66,64,61,66,61,62,62,52,47,74,67,63,75,65,66,69,62,48,52,58,64,51,62,31,27,40,49,79,71,87,62,66,63,68,62
20140307,12,PM2.5,34,16,24,28,25,,17,4,5,29,17,14,18,13,22,12,9,3,12,10,8,10,25,11,22,8,23,23,46,13,4,36,36,29,20
20140307,12,PM10,6,24,33,13,30,,34,5,7,53,25,6,40,250,15,17,13,13,15,22,16,5,23,17,28,5,5,40,66,13,17,11,50,51,13
20140307,12,AQI,67,65,62,66,62,64,63,52,47,74,68,63,76,65,67,69,61,47,52,58,63,51,63,31,28,40,50,80,70,87,62,67,64,69,62
20140307,13,PM2.5,26,15,28,24,13,3,20,3,5,30,17,14,26,29,6,9,3,11,13,13,10,4,18,10,14,7,24,18,33,30,5,23,23,26,5
20140307,13,PM10,5,22,17,5,17,,23,6,7,40,20,15,47,151,14,9,9,14,22,5,5,5,20,14,21,5,5,20,39,31,8,5,24,33,12
20140307,13,AQI,68,66,63,66,62,64,63,52,48,75,68,63,77,66,67,69,61,47,52,59,63,51,63,30,27,40,51,81,72,88,62,68,64,70,62
20140307,14,PM2.5,19,8,9,19,7,15,10,3,7,25,26,6,31,24,8,13,3,4,13,3,3,12,17,12,12,3,3,10,23,40,3,26,21,27,3
20140307,14,PM10,5,14,15,5,11,5,15,5,12,33,43,14,48,116,18,16,5,12,28,5,5,5,19,15,12,5,5,41,25,40,11,7,21,35,10
20140307,14,AQI,68,66,64,67,63,64,63,52,48,76,68,64,78,68,67,70,61,47,52,59,63,51,63,30,27,40,51,78,73,90,62,69,65,71,62
20140307,15,PM2.5,19,11,9,12,16,8,21,11,,32,30,24,33,23,23,11,8,16,22,3,8,3,9,9,12,3,3,14,19,,4,10,20,35,5
20140307,15,PM10,24,22,20,16,19,11,26,20,,44,57,36,59,107,28,27,9,43,48,5,19,5,12,27,17,5,9,21,43,,20,19,29,53,15
20140307,15,AQI,68,66,64,67,63,65,63,53,,77,69,64,79,70,68,70,61,48,53,59,63,51,62,30,26,39,50,76,71,94,62,69,65,72,62
20140307,16,PM2.5,26,34,28,32,22,24,24,23,,36,38,34,38,34,29,19,3,17,36,3,6,3,15,17,14,,3,17,27,,11,17,24,39,18
20140307,16,PM10,27,34,34,40,31,27,40,42,,56,67,54,63,98,31,23,9,37,71,10,11,5,22,40,20,,5,28,42,,29,29,33,62,26
20140307,16,AQI,69,68,65,69,64,66,64,54,,78,70,66,80,72,69,71,60,48,54,58,63,51,63,31,26,,50,74,69,97,62,70,66,73,62
20140307,17,PM2.5,23,34,37,35,33,28,40,33,37,38,36,40,43,30,28,15,12,24,42,5,9,3,17,20,14,3,3,21,35,,31,,34,42,24
20140307,17,PM10,31,45,50,66,50,42,62,67,82,68,68,73,64,86,38,40,15,51,80,13,10,5,25,43,28,5,16,29,56,,44,,51,71,48
20140307,17,AQI,69,69,66,70,65,67,65,55,53,79,72,68,81,73,69,72,60,50,55,58,62,51,63,32,26,39,50,75,70,100,64,,67,75,63
20140307,18,PM2.5,35,46,36,30,38,33,37,39,41,38,42,41,43,29,26,26,19,41,46,13,11,4,19,31,18,8,9,22,47,26,35,34,39,35,32
20140307,18,PM10,42,55,54,60,67,57,75,79,76,64,73,67,73,82,33,58,35,74,90,5,16,9,41,72,39,9,19,39,79,130,48,44,63,68,106
20140307,18,AQI,71,70,68,71,67,68,67,57,54,80,73,69,82,74,70,72,61,51,57,58,61,51,63,33,27,39,50,75,72,100,65,72,69,75,65
20140307,19,PM2.5,37,28,34,33,38,29,37,45,48,40,49,57,53,33,35,34,21,54,56,23,17,15,29,55,32,5,23,51,49,56,35,36,38,38,26
20140307,19,PM10,45,48,51,65,64,57,64,86,81,69,93,100,97,90,58,78,47,91,107,27,24,40,57,108,62,16,35,74,75,119,47,44,61,80,50
20140307,19,AQI,72,70,68,71,68,68,68,58,55,80,74,70,84,76,71,72,61,52,58,58,60,51,64,37,45,38,51,76,73,101,66,73,70,76,64
20140307,20,PM2.5,42,39,38,38,37,32,38,58,53,63,65,69,68,47,52,60,53,58,70,54,43,23,45,55,42,19,30,48,66,64,37,41,42,51,29
20140307,20,PM10,49,53,56,86,75,63,73,93,86,137,118,122,115,104,84,108,73,96,133,85,66,51,73,82,73,39,57,77,93,127,56,61,58,93,54
20140307,20,AQI,72,71,69,71,68,68,68,60,56,81,75,72,85,77,72,74,62,53,59,58,60,51,64,39,54,38,51,75,75,101,66,74,70,77,64
20140307,21,PM2.5,51,54,56,55,45,47,55,61,57,89,79,86,76,57,54,79,71,64,80,78,44,48,52,58,49,26,50,74,71,80,53,58,50,65,39
20140307,21,PM10,71,72,83,110,84,75,92,95,88,161,129,153,132,125,73,120,107,96,196,111,50,104,87,73,75,35,76,114,102,131,78,85,77,114,72
20140307,21,AQI,73,71,70,72,69,69,69,61,57,84,76,73,87,78,74,75,63,52,62,60,59,52,65,40,52,37,51,76,76,102,66,74,71,77,65
20140307,22,PM2.5,69,71,66,67,59,60,67,81,66,114,88,86,95,60,65,97,88,76,97,79,33,59,66,50,53,33,79,82,67,120,71,73,65,76,51
20140307,22,PM10,97,92,100,127,100,92,111,86,95,204,142,141,161,121,94,129,125,99,248,116,39,158,100,67,76,52,113,123,101,215,107,111,92,123,88
20140307,22,AQI,74,72,71,73,70,70,70,64,58,87,78,75,88,79,75,77,65,52,66,60,56,54,65,41,51,37,53,77,76,104,67,74,72,79,65
20140307,23,PM2.5,73,76,67,73,65,68,72,74,63,111,99,90,97,81,94,97,99,54,95,78,30,73,61,55,55,29,83,99,101,134,74,75,70,80,66
20140307,23,PM10,95,90,91,119,110,103,111,108,84,165,176,140,149,136,138,141,133,74,197,100,36,116,92,68,74,43,104,143,176,249,96,113,89,119,117
20140307,23,AQI,75,73,71,74,71,72,71,65,59,89,80,78,90,80,76,78,67,53,69,60,54,55,65,42,49,38,54,79,78,108,68,75,73,79,66
