date,hour,type,dongsi,tiantan,guanyuan,wanshouxigong,aotizhongxing,nongzhanguan,wanliu,beibuxingqu,zhiwuyuan,fentaihuayuan,yungang,gucheng,fangshan,daxing,yizhuang,tongzhou,shunyi,changping,mengtougou,pinggu,huairou,miyun,yanqing,dingling,badaling,miyunshuiku,donggaocun,yongledian,yufa,liulihe,qianmeng,yongdingmengxi,xizhimengbei,nansanhuan,dongsihuan
20140216,0,PM2.5,447,427,486,498,500,457,468,449,436,543,455,459,516,500,467,511,467,388,409,379,427,440,447,443,377,355,325,597,417,444,509,466,467,462,466
20140216,0,PM10,398,400,479,553,501,453,436,399,374,565,431,418,,500,434,467,409,374,425,353,393,393,398,379,334,325,262,558,410,521,432,443,484,378,511
20140216,0,AQI,445,437,429,455,433,449,444,428,406,466,425,421,432,468,474,477,425,389,398,409,399,409,385,417,367,349,396,500,472,428,458,440,422,458,432
20140216,1,PM2.5,444,418,457,469,488,430,468,453,411,485,436,444,431,533,489,473,462,386,388,378,424,436,422,431,372,367,320,657,,418,496,448,450,441,428
20140216,1,PM10,393,392,430,494,481,427,433,396,349,485,409,393,,542,458,428,408,359,395,348,378,382,371,373,328,309,256,588,,467,411,413,444,347,451
20140216,1,AQI,441,433,429,450,432,439,443,430,409,461,428,424,433,464,473,474,426,393,401,412,404,412,390,420,371,353,397,500,,424,455,437,422,449,427
20140216,2,PM2.5,445,410,433,458,478,424,451,446,400,449,415,413,443,531,473,504,455,379,382,363,420,432,446,434,322,389,321,575,,374,483,442,424,444,402
20140216,2,PM10,395,387,408,477,468,417,418,401,345,436,397,370,,535,444,474,401,357,390,328,369,376,400,371,268,310,256,523,,417,405,402,416,358,412
20140216,2,AQI,438,430,431,446,432,435,444,432,412,459,431,427,436,462,469,471,428,398,403,413,408,414,396,424,373,358,397,499,474,423,453,434,423,442,423
20140216,3,PM2.5,456,421,430,443,456,422,449,447,398,439,419,396,428,506,469,500,430,364,372,400,401,409,456,413,279,342,308,540,509,362,468,433,426,438,392
20140216,3,PM10,405,398,398,464,435,415,413,390,330,423,394,347,,506,442,466,379,336,373,367,356,348,404,349,230,308,236,477,494,429,384,392,414,346,423
20140216,3,AQI,437,428,431,445,433,432,445,434,415,459,433,429,439,461,465,470,431,402,406,416,412,417,401,427,374,362,396,495,475,424,452,433,424,439,419
20140216,4,PM2.5,432,413,439,437,435,411,462,448,396,452,413,391,404,437,464,482,419,346,352,360,390,389,448,400,283,343,315,507,,391,448,420,432,421,384
20140216,4,PM10,380,385,411,447,411,400,422,375,335,438,384,338,,417,431,444,363,318,342,313,343,331,389,332,240,287,249,447,,461,362,369,434,323,409
20140216,4,AQI,438,427,433,443,436,430,448,436,418,461,436,432,441,459,462,470,433,404,407,418,416,419,405,430,374,368,395,492,,424,452,432,427,438,417
20140216,5,PM2.5,409,398,416,436,425,391,442,430,406,441,367,431,390,400,431,457,406,332,345,338,373,372,421,387,315,329,313,521,497,372,437,400,399,413,359
20140216,5,PM10,368,377,384,450,403,377,396,373,348,429,320,391,,375,398,425,354,293,334,305,326,320,386,320,267,285,249,473,528,411,354,360,375,315,367
20140216,5,AQI,439,427,436,445,439,430,451,438,421,463,438,436,443,455,460,471,435,406,409,418,419,422,408,432,375,371,395,490,474,424,454,434,430,439,415
20140216,6,PM2.5,394,391,409,408,407,377,426,431,393,426,360,422,371,395,404,436,379,294,343,364,359,357,395,305,292,345,308,487,,350,421,389,395,390,349
20140216,6,PM10,343,356,377,410,379,352,382,350,320,396,321,385,,362,368,393,312,243,336,323,315,299,357,228,251,252,237,447,,391,338,347,376,298,352
20140216,6,AQI,441,429,439,447,442,431,454,439,424,465,440,439,445,454,460,472,437,407,411,419,421,424,410,432,377,375,393,488,,424,457,436,433,441,415
20140216,7,PM2.5,370,366,403,391,403,360,410,440,363,419,363,392,375,383,386,413,346,297,330,324,358,346,395,147,239,340,302,492,420,328,401,369,396,375,341
20140216,7,PM10,299,321,374,391,373,326,359,349,288,398,325,348,,351,346,369,285,267,314,286,311,285,357,60,185,219,231,451,420,364,307,315,391,288,335
20140216,7,AQI,442,431,441,449,444,431,456,440,425,468,442,442,447,455,461,472,437,407,413,418,423,426,413,428,376,378,392,487,469,424,459,437,436,443,415
20140216,8,PM2.5,362,340,394,370,358,331,409,425,257,412,366,397,386,355,367,413,281,314,316,320,349,306,347,127,225,295,265,471,383,335,384,349,386,355,310
20140216,8,PM10,307,305,367,363,320,294,380,343,171,399,337,353,,312,324,373,207,303,303,294,301,235,306,52,192,195,187,440,381,362,293,297,377,271,298
20140216,8,AQI,444,432,444,450,446,431,458,441,424,470,444,445,449,456,461,472,436,408,415,418,425,427,414,422,374,378,389,486,465,424,460,439,438,444,415
20140216,9,PM2.5,338,335,380,351,379,302,422,442,336,404,391,405,383,321,342,390,205,353,297,392,358,242,325,96,199,170,241,485,359,374,350,335,365,337,303
20140216,9,PM10,277,295,345,353,350,265,388,410,284,385,356,358,,284,291,338,135,328,278,379,317,176,300,46,154,153,174,447,338,389,265,282,368,259,305
20140216,9,AQI,444,432,446,451,448,431,460,443,424,472,446,448,451,455,462,470,433,409,415,419,426,425,414,416,371,372,385,486,461,426,461,439,440,445,416
20140216,10,PM2.5,319,275,355,327,375,294,394,462,188,386,350,376,369,294,313,338,167,322,281,467,348,181,450,176,182,82,308,488,359,356,349,307,342,310,302
20140216,10,PM10,265,221,320,308,343,242,331,714,103,358,277,317,,261,265,308,102,298,250,448,291,116,422,118,120,112,250,463,338,352,269,268,333,227,279
20140216,10,AQI,444,431,447,451,449,430,462,446,420,473,446,450,452,452,462,467,429,410,416,421,427,422,416,411,368,366,383,486,457,426,461,439,441,444,416
20140216,11,PM2.5,268,189,291,267,362,262,312,456,172,272,209,320,297,273,272,323,169,311,240,428,295,135,349,133,140,229,413,446,345,316,286,230,300,237,286
20140216,11,PM10,194,125,236,189,329,234,234,380,82,191,142,260,,227,239,314,109,281,211,408,225,45,290,51,81,95,344,418,315,270,186,154,261,141,294
20140216,11,AQI,442,427,446,449,451,428,461,448,414,471,442,450,452,449,459,463,425,409,415,422,427,416,416,405,362,364,383,484,454,425,459,436,440,442,415
20140216,12,PM2.5,199,169,195,166,258,218,211,300,94,174,233,201,259,233,281,324,128,217,143,268,142,61,299,113,109,68,306,415,363,245,178,179,223,199,221
20140216,12,PM10,129,131,118,88,174,163,93,151,37,111,153,123,,194,248,286,54,157,76,230,18,6,233,44,52,20,238,400,367,216,112,135,140,151,170
20140216,12,AQI,439,422,442,444,449,424,456,445,407,466,439,446,450,446,455,460,417,406,411,418,421,409,415,397,355,355,379,484,452,421,455,433,437,438,411
20140216,13,PM2.5,192,187,172,184,122,176,124,112,132,187,186,130,211,270,321,295,105,143,149,225,65,42,143,133,45,3,190,366,368,264,189,195,158,193,166
20140216,13,PM10,113,138,127,142,59,119,9,25,57,142,138,45,,252,287,260,39,85,97,170,6,6,43,76,6,6,134,330,362,228,115,136,108,126,126
20140216,13,AQI,433,417,438,440,442,418,450,437,401,461,434,440,446,444,451,457,408,400,405,413,414,401,410,387,344,342,370,483,450,418,449,428,432,434,405
20140216,14,PM2.5,170,228,147,192,131,164,110,92,94,184,202,104,192,288,312,267,106,111,107,137,78,33,85,123,85,3,124,312,,233,217,224,158,236,150
20140216,14,PM10,97,195,82,158,68,124,76,21,20,133,137,55,,254,255,205,35,52,51,74,7,6,15,74,47,6,54,265,,186,156,185,100,192,101
20140216,14,AQI,426,412,431,435,434,410,442,429,391,456,429,433,441,441,445,452,397,390,396,405,405,388,405,375,336,332,361,480,,414,443,424,426,430,396
20140216,15,PM2.5,205,232,186,240,130,231,141,80,103,237,191,181,253,224,278,230,103,106,110,118,72,41,62,118,63,64,81,316,270,269,251,247,168,236,191
20140216,15,PM10,181,184,161,111,87,194,88,13,56,209,154,123,,200,226,206,56,59,85,58,15,6,6,65,10,6,21,286,233,274,178,180,142,160,184
20140216,15,AQI,418,405,426,429,425,403,435,421,379,452,424,428,438,435,439,448,384,380,385,397,394,373,398,363,325,322,350,478,439,412,436,417,419,423,386
20140216,16,PM2.5,226,,220,,219,239,233,120,174,199,193,208,234,226,235,239,148,93,197,89,72,57,63,118,73,74,136,268,,286,235,196,218,197,211
20140216,16,PM10,178,,173,,196,212,218,85,134,155,132,158,,202,199,208,107,37,196,58,17,29,16,78,44,6,110,211,,275,158,148,192,107,212
20140216,16,AQI,411,401,420,426,417,396,430,413,371,444,419,423,434,427,432,444,374,368,377,385,379,359,389,351,313,312,340,475,,409,428,409,413,415,378
20140216,17,PM2.5,202,,185,,210,204,202,191,191,209,227,190,283,274,275,285,198,115,210,212,111,107,72,100,85,31,213,187,,301,233,213,186,233,191
20140216,17,PM10,151,,135,,175,167,140,164,140,172,212,144,,277,247,248,172,111,186,224,101,83,33,65,55,39,185,136,,324,179,190,144,217,172
20140216,17,AQI,404,396,411,422,410,388,422,408,363,434,415,418,431,420,429,441,365,356,369,378,367,347,382,337,301,299,334,470,,408,420,402,405,407,372
20140216,18,PM2.5,270,,234,,218,262,212,205,191,294,282,243,309,262,270,243,260,203,226,252,185,115,92,232,112,50,238,180,209,282,306,291,212,304,255
20140216,18,PM10,263,,240,,226,283,193,146,150,311,278,224,,228,231,208,228,187,231,271,158,106,68,219,94,83,220,148,168,269,268,272,224,260,287
20140216,18,AQI,399,393,405,419,405,383,414,402,355,427,409,411,426,416,425,436,359,348,362,374,359,334,371,328,290,287,329,466,423,404,417,397,398,403,368
20140216,19,PM2.5,292,,305,,296,281,313,207,234,303,319,304,283,243,255,251,292,186,264,301,241,208,136,285,185,88,193,191,196,300,303,274,294,279,252
20140216,19,PM10,259,,296,,284,278,348,167,200,280,311,306,,210,210,232,277,167,283,316,219,235,114,242,175,113,173,157,159,280,238,234,322,218,266
20140216,19,AQI,394,391,401,417,402,379,408,394,349,421,402,404,418,411,419,431,354,337,352,371,352,324,362,321,281,278,323,462,417,401,413,391,393,397,364
20140216,20,PM2.5,272,,281,,287,263,303,255,307,291,299,335,279,212,221,245,275,225,320,236,301,280,205,258,205,186,181,212,187,280,292,274,287,265,241
20140216,20,PM10,222,,247,,255,242,263,234,276,263,262,297,,168,170,219,239,218,366,237,293,291,174,211,169,221,168,160,148,269,220,226,279,199,239
20140216,20,AQI,387,,394,,397,373,402,389,342,414,391,396,410,405,411,424,347,328,345,363,345,316,354,313,273,271,316,455,411,392,408,384,387,388,359
20140216,21,PM2.5,268,,273,,268,254,286,300,293,321,321,303,266,205,207,227,285,275,323,197,314,252,220,250,191,260,175,213,185,300,285,257,275,278,236
20140216,21,PM10,225,,241,,248,230,246,271,242,305,293,258,,171,169,201,253,314,338,210,287,244,181,204,155,253,162,156,141,301,217,220,264,226,224
20140216,21,AQI,379,,387,,391,367,393,384,336,408,381,385,402,397,404,417,341,322,339,355,340,307,346,305,265,268,309,446,406,386,402,376,380,382,354
20140216,22,PM2.5,253,,249,,262,242,269,301,272,280,340,293,234,166,193,241,286,299,312,187,336,235,212,276,211,277,149,226,187,313,263,225,246,256,237
20140216,22,PM10,204,,217,,239,215,227,245,216,250,317,253,,125,140,221,250,283,334,187,306,224,175,251,188,264,116,173,141,306,197,189,229,195,245
20140216,22,AQI,370,,376,,382,360,383,379,328,400,375,375,390,384,392,408,335,319,334,347,336,297,338,298,257,258,302,437,400,381,395,367,370,373,347
20140216,23,PM2.5,187,,189,,232,196,220,286,251,257,321,287,212,154,156,256,280,283,265,145,335,279,228,289,243,272,83,232,189,314,211,200,190,219,196
20140216,23,PM10,136,,141,,213,169,146,227,184,208,272,242,,113,99,226,249,261,250,112,321,272,194,252,209,244,39,160,140,326,147,153,159,170,184
20140216,23,AQI,359,,364,,371,350,372,374,320,386,369,368,375,370,378,398,327,314,328,337,331,290,330,291,251,257,292,427,392,375,383,357,358,363,336
