date,hour,type,dongsi,tiantan,guanyuan,wanshouxigong,aotizhongxing,nongzhanguan,wanliu,beibuxingqu,zhiwuyuan,fentaihuayuan,yungang,gucheng,fangshan,daxing,yizhuang,tongzhou,shunyi,changping,mengtougou,pinggu,huairou,miyun,yanqing,dingling,badaling,miyunshuiku,donggaocun,yongledian,yufa,liulihe,qianmeng,yongdingmengxi,xizhimengbei,nansanhuan,dongsihuan
20140724,0,SO2,6,3.4,4.1,2.9,2,5.3,9.9,5.4,2,3.7,2,2,2,6.1,5.5,2,4.1,6.2,2,2.4,2,2.3,9.5,7.9,10.7,2,8.9,7,2,10.9,2,4.5,6.2,5.2,16.3
20140724,0,NO2,89.2,82,64.1,88.8,97.2,106.4,119.8,80.8,,68,86.7,103.1,53.8,64.8,48.8,84,88,27.4,98.7,32.8,55.1,34.2,16.4,3.2,10.2,4.7,40.7,96.7,25.1,61,110.8,112.5,100.4,120.6,148.6
20140724,0,O3,18.6,11.7,32.2,13.3,5,7.2,2,2,50.2,2,5.4,2,23.3,43.4,55.2,18.6,2,77.2,2,39.4,37.5,50,69,,92.5,87.1,83.2,7.7,8.4,2,3.6,10.5,16.4,3.5,2
20140724,0,CO,1,1,0.9,1,0.7,1.2,0.9,0.9,1.4,0.9,1,1,0.9,0.8,0.7,0.6,1,0.5,1.1,0.6,0.7,0.7,0.5,0.5,0.5,0.6,0.4,0.6,0.7,0.3,1.1,1.1,1,1.2,1.3
20140724,1,SO2,7.4,2.5,6.1,2.9,2,6.9,9.4,5.9,2,3.6,2.1,2,2,5.3,4.4,2,4.1,4.7,2,4.7,2,2.8,10.8,5.4,12.1,2,9.2,8.4,2,11,2,4.5,6.5,5.2,13.9
20140724,1,NO2,89.7,71.8,63.4,57.5,104.9,96.7,103.3,80.9,,53,92.5,90.6,83.5,53.1,54.5,75.4,75.6,41.3,90.3,39,35.2,32.4,13.7,7.2,13.2,5.8,36,99,22.1,68.5,98.9,98.7,83.9,114.6,119.5
20140724,1,O3,17.1,6.7,30.8,32.7,2,13.3,3.4,2,18.9,2.7,2,2,2,41.5,37.4,19.2,2,57.5,2,27.2,53.1,45,66.8,,91.7,67.7,87.1,2,10.6,2,8.2,16.7,24.7,6.3,3.8
20140724,1,CO,1,1,0.9,1,0.8,1.1,0.7,0.8,1.3,0.8,1,1,1.1,0.9,0.8,0.6,0.9,0.6,1,0.8,0.7,0.6,0.4,0.5,0.5,0.5,0.4,0.7,0.8,0.3,1,1,0.8,1,0.9
20140724,2,SO2,8.2,2,8.2,3.8,3.8,6.3,9.1,6.5,2,2.8,2.3,2.3,2,7.8,4.9,2,4.4,2.9,2.9,4.1,3,5,8.3,4.7,9.4,2,8.2,9.5,2.2,11.3,2,6.2,12.5,,19.8
20140724,2,NO2,64.8,61.2,63.1,70,95.8,88.9,96.8,79.4,,57.5,91,90,67.2,61.3,54.5,91.1,62.8,72.4,79.7,26.6,26.6,55.2,14.3,6.7,9.7,6.1,31.4,93.2,17.7,67.7,97,71.9,73.7,,101.8
20140724,2,O3,29.7,10.4,26.8,15.5,2,14.4,2,2,29.1,2,2,2,10.5,29.1,31,3.5,7.4,20.4,2,38.3,52.5,17.3,61.2,,87.6,66.5,77.8,5.7,34.9,2,4.6,29.2,29.7,,3.9
20140724,2,CO,0.9,0.9,0.8,1.4,0.7,1,0.7,0.7,1.9,0.8,1,0.9,0.8,0.8,0.8,0.7,0.9,0.8,0.9,0.6,0.5,0.6,0.4,0.5,0.5,0.5,0.4,0.8,0.8,0.3,1,0.8,0.7,,0.8
20140724,3,SO2,8.6,2,7,3.4,3.9,6.7,11.3,5.9,2.3,3,2,2,2,8.7,4.6,6.9,3.2,2.6,2,2.1,2.4,5,6.5,5.1,10.9,2,7.7,6.8,2,13.1,2.1,4.9,12.3,,16.3
20140724,3,NO2,65.1,63.2,68.4,77.5,80.8,86.5,96.5,74.5,,57,85.4,93.9,54,62,63.6,71.1,62.7,74,72.2,22.8,49.6,63.1,21.6,20.2,13.7,11,35.9,71.5,17.6,63.8,81.7,65.3,76.7,,138.2
20140724,3,O3,25.3,7.1,19.2,11.3,2,9.6,2,2,30.8,2,2,2,18.5,20.1,22.8,13.5,4.4,18.2,2,45.9,23.5,2.2,43.9,,81.1,38.7,66,15.3,32.9,2,13.1,38.5,22.1,,2
20140724,3,CO,0.9,0.8,0.8,1.2,0.6,0.9,0.7,0.7,2.3,0.8,1,0.7,0.8,0.8,0.9,0.6,0.9,0.8,0.1,0.5,0.6,0.5,0.5,0.5,0.5,0.5,0.3,0.8,0.7,0.3,0.9,0.8,0.7,,1
20140724,4,SO2,10.9,3.4,6.8,5.5,6.2,7.1,11.9,5.4,2.2,2.8,2.2,2,2,7.3,3.3,10.7,2.9,2.4,2.5,2.4,2,2,6.5,5.6,10.8,2,8.7,7,2,14.2,2,5.3,14.8,3.4,19.8
20140724,4,NO2,61.1,53.8,86.5,70,100.6,69,101.5,65.2,,53,76.2,90.2,63.4,40.2,65.2,87.1,54.5,67.1,68.6,24,31.6,49.4,21.7,8.3,7.9,5.2,48.6,67.2,18.2,59.1,71.7,57.3,83.1,83.8,162.2
20140724,4,O3,27.9,15.2,2,14,2,17.6,2,2,25.6,2,2,2.7,6.7,33.1,2,2,11.4,17.9,2,46.9,45.2,16.2,36.2,,78.4,67.1,46.8,13.4,28.8,2,15.4,33.9,15.3,12.6,2
20140724,4,CO,0.9,0.9,0.9,1.4,1.4,1,0.7,0.7,1.7,0.8,0.9,0.7,0.9,0.8,1,0.8,0.8,0.8,0.5,0.5,0.6,0.5,0.5,0.5,0.5,0.5,0.4,0.8,0.7,0.3,1,0.9,0.7,0.8,1.2
20140724,5,SO2,11.9,6.5,6.7,5.2,7.2,4.9,14.9,5.4,2.4,2,2.1,2,2,6.1,2.6,9.6,2.2,2.8,2,2.5,2,2,5.5,5.6,17.3,2,9.2,6.3,2,12.6,2,7.6,13.6,4.3,22
20140724,5,NO2,103.8,60.8,83.6,72.6,123.4,112.2,95.7,57.1,,54.3,63.4,83.9,71.7,40.6,57.4,78.9,47.7,53.9,,35.8,24.2,30.1,42.2,42.3,18.2,4.8,36.3,76.7,18.5,46.6,77.3,78.6,97.7,83.8,154.4
20140724,5,O3,8.2,8.1,4,9.1,2,2,2,2,9.1,2,2,2,2,26.4,2,2,16.2,25.1,2,35.4,48.7,32.4,20.9,,73.6,67.1,48,2,16.4,2,6.9,11.8,8.9,5.4,2
20140724,5,CO,1.2,0.9,0.9,1,1.7,1.3,0.8,0.7,2.3,0.8,0.7,1,0.9,0.8,0.9,0.9,0.7,0.7,0.7,0.6,0.6,0.5,0.5,0.6,0.6,0.5,0.5,0.8,0.8,0.3,1.1,1,0.9,0.9,1.2
20140724,6,SO2,7.5,5,8.7,3.5,4.8,4.4,16.1,5.1,3.1,2,2,2,2,4.8,2,7.1,2.8,2.2,2,4,2,2.8,5.9,5.5,54.8,2,8.5,5.8,2,14.3,2,5.8,10.7,5,21.3
20140724,6,NO2,114.5,54,110.9,73.9,119.7,106.4,111.2,48.5,,57.6,60.2,90.7,73.7,53.7,69.9,77.8,49.3,53.5,69.4,36.2,21.2,46.9,33.5,45.6,33.8,7.5,37.1,62.6,14.9,44.8,86.1,88.5,124.7,94,130.9
20140724,6,O3,2,6.2,2,3.9,2,2,2,2,4.7,2,2,2,2,10.6,2,2,15.9,25.1,2,35.3,44.1,13.5,13,,57.2,52.5,42.8,4.8,8.6,2,4.1,7.7,4.8,2.5,2
20140724,6,CO,1.2,1,1.2,1.1,1,1.1,1,0.7,1.1,0.9,0.7,1,1.1,0.9,1,0.8,0.7,0.7,0.8,0.6,0.6,0.6,0.6,0.6,1.2,0.5,0.5,0.7,0.8,0.4,1.2,1.1,1.1,0.9,1
20140724,7,SO2,7.6,4.5,8.1,4.3,5.2,4.9,12.7,4.7,3,2,2.5,2,2,3.6,2,7.4,3.6,2.7,2,2.8,2.3,9.3,5.4,3.9,22.3,2,8.2,6.5,2,12.3,2,5.5,7.5,11.1,20.4
20140724,7,NO2,121.5,52.2,111.5,86.5,113.5,114,113.1,54.9,,69.5,75.3,98.2,57,57.9,74.6,76.7,52.2,79.3,66.4,48.6,54.3,51,32.8,61.4,19.8,6.6,34.4,66.8,24.4,50.1,103.2,93.4,130.3,134.7,124.7
20140724,7,O3,2,4.4,2,3.6,2,2,2,2,18.7,2,2,2,2,2.9,2,2,6.5,4.7,2,16.7,16.9,8.9,10.8,,69.7,55.4,41.9,4.9,3.9,2,2.4,7.5,4,2,2
20140724,7,CO,1.5,1.1,1.3,1.3,0.9,1.3,1.1,0.7,1.4,1.2,1,1.2,1,1,1.1,0.9,0.7,0.8,0.9,0.7,0.7,0.6,0.6,0.8,0.7,0.5,0.5,0.7,0.9,0.4,1.3,1.3,1.3,1.5,1.1
20140724,8,SO2,8.5,7.2,6.8,4.4,5.3,5.5,11.8,4.6,2,2.2,3.3,2,2,2,2,6.2,5.3,2.9,2,2.5,2,6.2,5.9,3.6,19,3.1,6.3,5,3.2,12.1,2,7,3,12.5,22.4
20140724,8,NO2,127,95.5,116.5,106.4,113.3,113.8,111,64.8,,85.9,80.7,86.3,58.3,60.1,77,74.8,50.8,62,70.9,64.5,44.3,49.5,38.9,64.4,27.2,6.6,40,64.9,34.3,55.5,104,109.1,121,165.4,142.4
20140724,8,O3,2,4.3,2,2.5,2,2,2,2,28.1,2,2.4,2,2,2,2,2,16.9,19.7,2,2,29.4,10.8,6.2,,55.9,54.4,25,5.3,2.8,2,2.7,7.8,3,2,2
20140724,8,CO,1.7,1.5,1.6,1.5,1,1.4,1.1,0.8,1.2,1.5,1.1,1.3,1,1.3,1.4,1,0.8,0.7,1,0.8,0.7,0.6,0.7,0.9,0.7,0.5,0.5,0.8,1,0.4,1.4,1.5,1.5,1.9,1.6
20140724,9,SO2,9.1,5.7,7.1,4.4,2.9,5.9,12,5.8,2,2,2,2,2,3.3,2,6.4,7.3,3.2,2,2.8,2,4.2,4.9,3.8,27.1,7.2,7.5,5.3,2,10.4,2,6.8,7.9,,20.3
20140724,9,NO2,112.6,120.3,122,,114.8,,116.2,64.1,,94.1,78.2,83.8,59,85,101.1,80,72.5,61.4,68.7,54.8,34.1,29.1,25,58.9,30.1,6.8,47.7,62.1,29,60.3,118.4,132.9,124.6,,134.9
20140724,9,O3,6.3,4.3,4.2,5.8,2,2.3,2,3.8,28.4,2,5.2,7.4,2.1,2,2,2,4.7,24.4,6.6,15.4,37.4,36.2,18.3,,54.6,52.1,50.4,14.6,5.2,4.5,3.3,7.3,4.8,,2
20140724,9,CO,1.4,1.7,1.5,1.4,1,1.4,1.4,0.9,0.9,1.5,1.1,1.2,1,1.5,1.5,1,1,0.8,0.9,0.7,0.7,0.6,0.7,0.8,0.8,0.5,0.4,0.8,1,0.4,1.6,1.7,1.5,,1.4
20140724,10,SO2,9,6.4,8.4,5.2,4,6.5,10.8,5.2,2.3,2.4,2.3,2,6.9,4.3,2,10.4,6.1,4.2,2,4.4,4.5,6.4,9.9,4.6,23.1,8.3,7.1,6,2,10.8,2,6.5,12.8,,19.1
20140724,10,NO2,115.4,119.1,135,,114.1,,120.2,70.5,37.8,84.1,83.9,76.9,67.9,93.7,89.8,,58.3,79.5,58.8,56.2,52.6,47.3,30.1,48.3,37.3,7,35.2,51.7,32.8,64.4,120.1,143.6,137.6,,143.8
20140724,10,O3,14.3,7.4,10.6,7,10.6,15,3.6,9.7,43.2,8.5,14.8,18.8,3.2,5.6,2.9,5,21,20.2,22.7,30.2,34.8,23.5,28.3,,50.7,45.2,67.7,38.3,19.6,16.3,3.6,7.9,8.4,,3.4
20140724,10,CO,1.4,1.4,1.6,1.6,1.2,1.3,1.1,0.9,0.8,1.3,1.1,1.1,1,1.1,1.3,1,0.9,0.9,0.8,0.8,1,0.7,0.7,0.8,0.8,0.6,0.4,0.7,0.9,0.5,1.5,1.9,1.5,,1.6
20140724,11,SO2,9.5,7.7,9.6,5.7,2.1,6.9,12.6,7.1,2.5,2,3.3,2,6.3,6.8,2,10.5,3.2,4.3,2,5,7.7,6.5,17.1,2.2,25,9.1,6.5,9.4,2,11.8,2,4.6,8.1,7,11.9
20140724,11,NO2,137.2,117.5,149.2,131,114.4,131.8,137.9,70.7,58.1,92.7,104.1,119.8,88.8,99.2,106.2,105.7,39.3,82.2,66.9,51,42.7,44.8,26.2,39,32.4,6.5,37.7,40.9,30.5,61.2,121.9,129.9,145.4,177.3,162.2
20140724,11,O3,10.5,10.8,9.3,12.5,17.3,12.9,3.2,23.2,36.7,3.7,16.1,17.4,11.3,10.7,16.9,15.4,33.9,25.4,34.9,42.1,40,25.4,40.5,,65.8,54.3,57,62.5,10.6,29.4,5.8,12.9,11.7,2,4.7
20140724,11,CO,1.6,1.3,1.7,1.5,1.3,1.4,1.4,0.9,0.9,1.4,1.1,1.4,1.2,1.2,1.3,0.9,0.8,1,0.8,0.8,1.1,0.7,0.8,0.8,0.7,0.6,0.4,0.5,0.9,0.5,1.5,1.6,1.4,2,1.6
20140724,12,SO2,11.9,7.8,9.9,5.7,3.5,8.3,13.4,6.5,3.4,2,4,2,7.3,9.8,2.2,11.2,3.7,3,2.4,5.1,5,12.9,15.9,3,26.1,12,9.6,8.3,2,9.9,2,4.5,5.2,6.3,17.3
20140724,12,NO2,103.7,139.9,143,147.5,110,112.2,137.8,70.8,52.4,101.7,141,105.6,102.7,103.1,88.8,108.9,45.2,46.6,83.2,54.5,31.3,37.6,22.5,11.4,26.3,6.3,40.7,45.2,23,62,134.8,145.1,137.2,190.1,156.1
20140724,12,O3,37.6,17.5,22.4,16.9,29.5,43.3,6.4,29.6,63.7,10.6,19.6,35.8,19.4,35.5,51.8,30,47.1,53.2,51.7,51.7,58.6,40.3,50.7,,79.5,66.7,62.7,66.2,11.2,39.2,9.3,22,22.1,2,11.3
20140724,12,CO,1.4,1.5,1.6,1.6,1.3,1.3,1.4,0.9,0.8,1.5,1.4,1.2,1.2,1.2,1.1,0.9,0.9,0.8,1,1,0.7,0.7,0.7,0.8,0.7,0.7,0.5,0.4,1,0.5,1.6,1.7,1.4,1.9,1.4
20140724,13,SO2,13.4,9.6,14.3,7.1,2.7,9.5,14.9,5.8,5.1,2,5.1,2,7.8,10.4,2.2,11.7,4.8,3.4,2.6,6.8,5.9,5.2,17,2.9,14.1,19,9.6,8.2,2,11.1,3.4,4.4,12.6,8,17.5
20140724,13,NO2,91.6,103.9,96.7,126.6,75,83.4,93.4,68.4,84.1,101.4,163.8,119.8,101.7,88.7,62.1,109.9,33.6,44.8,74,45.7,17.8,16.7,19.3,27.2,25.5,5.7,28.5,36.9,25.6,69,110.3,110.7,92,196.3,141.7
20140724,13,O3,54.9,48.1,53.9,44.9,63.6,68.1,35.8,32,68.2,25,30.2,48.6,30.6,62.4,71.1,44.4,75.9,62.3,64.4,74.7,88.2,67.1,65.7,,83.7,94.7,104.2,77.7,47,51.9,36.1,51.5,48.6,2,25.3
20140724,13,CO,1.3,1.3,1.3,1.4,1.2,1.1,0.9,1,1,1.5,1.5,1.3,1.2,1.1,1,0.9,0.7,0.8,0.9,0.9,0.6,0.6,0.7,0.8,0.7,0.7,0.4,0.4,1,0.5,1.3,1.3,1,2,1.2
20140724,14,SO2,15,13.3,14,11.2,4.6,9,15.6,6,9.4,2,4.5,3.8,8.8,11,4.4,11.5,6.8,5.8,3,7,9.3,6.2,16.9,4.3,11.1,17.2,14.7,9.2,2,12.1,4.6,5.4,17.7,,20.7
20140724,14,NO2,70.1,98.6,76.6,94.9,50.9,97.4,83.3,67.6,38.5,108.3,154.1,97.3,96.1,97.8,68.5,95.6,25.1,53.6,81.4,27.8,18.4,19.5,16.2,28.5,33.3,5.5,31.5,47.5,25.3,75.4,84,109.9,86.1,,136.1
20140724,14,O3,71.4,59.5,73.4,73.7,91.2,78.5,52.3,56.6,99.8,32.1,47.8,80.2,48.2,60.1,83.8,66.7,100.2,73.9,74.1,117.7,108,90.9,80.1,,80.5,108.5,112.9,105.1,67.7,58.8,47.3,62.4,59.1,,39.8
20140724,14,CO,1.1,1.2,1.1,1.3,1.2,1.2,0.9,0.9,0.8,1.6,1.4,1.2,1.2,1.2,1.1,0.8,0.6,0.8,1,0.6,0.6,0.6,0.7,0.8,0.7,0.8,0.5,0.6,0.9,0.5,1.1,1.3,0.9,,1.1
20140724,15,SO2,13.7,12.1,11.2,10.6,4.4,10.8,13.9,7.6,5.9,3.4,5.4,5.4,8.4,8.9,4.9,10.9,7.7,7.8,4.3,6.1,9.8,6.3,16,7.1,7.4,14.9,16.4,11.1,2,11.1,4.5,6.6,8.7,7.9,21
20140724,15,NO2,49.9,63.6,72.4,71.4,42.1,62.5,69.4,53.5,51.9,70.9,93.7,72.6,96,119.1,60.5,92.4,25.2,32.3,53.4,34.5,23.8,14.4,18,10.7,36.9,3.8,28.1,34.9,23.8,64.2,62.4,84.3,87.2,162.9,119.7
20140724,15,O3,88.5,85.1,84.5,97.7,115.4,105.2,76,83.7,114.5,65.9,80.6,101.8,58.4,55.2,104.9,79.8,115.2,97.6,98.7,128.2,120.7,115,81.6,,91.8,128.2,125.3,127.7,82.7,71.2,64,78,73.6,10.6,43.1
20140724,15,CO,0.9,1,1.1,1.1,1,1.1,0.8,0.8,0.9,1.2,1.2,1,1.2,1.4,0.9,0.8,0.7,0.7,0.8,0.8,0.7,0.6,0.7,0.7,0.7,0.7,0.4,0.5,0.8,0.5,0.9,1,0.9,1.5,1.1
20140724,16,SO2,12.7,10.8,10.8,8.9,3.5,12.4,15.5,8.2,6.4,4.7,6.7,4.3,8,8.2,5.1,14.2,8.6,7.8,3.3,4.9,10.4,6.8,12.2,8.1,6.1,11.6,9.1,10.5,2,,6.5,6.8,13.1,8.7,19.2
20140724,16,NO2,48,68.8,54.5,63.5,44.7,45,53.4,40.6,40.4,50.1,83.3,59.2,89.3,68.7,52.8,62.9,21.4,24.8,49.3,27,22.4,14.1,10,7.4,27.1,2.4,24,31.8,22.5,,72.5,87.6,61.5,160.4,133.4
20140724,16,O3,108.3,100.7,114.1,115.6,120.4,124.4,102.7,93.9,141.7,97.5,112.4,118.2,77.2,118.8,132.2,115.9,127.9,116.3,114.9,119,135.9,133.1,106.7,,109.2,143.1,118.8,127.8,104,,69.8,84.2,105.6,16.8,42.6
20140724,16,CO,1,1,0.9,1,0.7,0.9,0.7,0.7,0.8,1.1,1.1,1,1.2,1,0.9,0.6,0.7,0.6,0.8,0.6,0.6,0.6,0.6,0.6,0.7,0.7,0.3,0.5,0.8,,1,1.2,0.7,1.5,1.2
20140724,17,SO2,13.9,13.5,10,8.9,4.9,12.8,16.3,8.8,7.7,4.1,5.6,4.6,7,6.5,2.9,12.2,7.2,6.6,2.5,5.4,10.1,7.8,8,6.6,3.8,8.4,12.4,8.8,2,12.8,4.6,6.8,13.9,9.6,20.5
20140724,17,NO2,56.2,69.2,62.9,86,51.6,64.9,56.3,27.4,36.5,50.1,100.4,67.7,67.8,52.9,59.1,55.7,20.5,26.4,62.9,33.9,18.6,19.2,5.3,5.6,22.7,2,30.2,31.6,20.4,36.1,113.2,119.9,67.1,188.2,145.7
20140724,17,O3,106.2,109,119.5,106.9,113.8,122.2,113.1,102.9,149.5,128.3,110.6,127.3,113.3,145.8,140.2,117.1,128.4,131.8,123.2,126.1,137.3,138.2,125.7,,125.8,148.2,105.1,115.2,75.4,146.6,46.9,70.1,106.9,18.7,48.3
20140724,17,CO,1,1,1,1.1,0.6,1,0.7,0.6,0.7,1,1.2,1,1.1,0.9,0.9,0.6,0.6,0.6,0.9,0.6,0.6,0.6,0.4,0.6,0.8,0.6,0.3,0.5,0.7,0.4,1.1,1.3,0.8,1.7,1.2
20140724,18,SO2,15.7,13.7,13.7,11.5,5.5,11,15.6,8.1,8.2,3.4,4.3,3.3,6.3,9.1,2.2,12.6,6.1,8.5,2,5.6,5.6,4.2,3,6.2,6.7,7.2,13.3,8.1,2,13.9,10.1,8.8,10.6,9.1,17.7
20140724,18,NO2,66.3,55.2,70.2,74.6,65.9,50.9,68.3,35,48.9,45,69.4,81.3,53.1,61.7,41.1,58.5,42.9,25.1,91.7,37.6,16,13.7,9.4,10.6,49.3,2.1,29.5,23.6,20.2,25.9,98,99.2,71.4,196.7,131.3
20140724,18,O3,114.1,140.1,115.3,137.6,122,140.2,117.6,118.9,165.5,159.2,147.2,139.8,124.2,147,138.8,106.1,115.5,149.9,128.2,116.1,143.4,135.9,113.9,,121.4,141.9,113.3,106.4,71,158.3,69.5,96.7,112.7,32.7,66.5
20140724,18,CO,1,0.8,1,1,0.7,0.8,0.8,0.7,0.8,0.9,1.1,1.1,1,0.9,0.7,0.6,0.6,0.6,1.2,0.6,0.5,0.5,0.3,0.7,0.8,0.6,0.3,0.4,0.7,0.3,1,1.1,0.8,1.6,1
20140724,19,SO2,9.3,6.5,9.7,6.8,5.9,5,17.8,8.9,6.4,4.1,4.6,2.3,6.4,6.9,2,10.4,6.7,7.8,2,7.2,5,2.1,4.8,7.4,6.9,9.2,15.3,7.6,2,12.7,4.3,8.3,12.7,,5.8
20140724,19,NO2,40.6,37.1,60.3,60,49.4,29.5,81.3,43.2,65,39.8,52,72,49.9,33,34,60.5,37.6,45.2,76.5,41.2,17.3,12.6,21.9,27.4,47.8,3.2,37.7,23.1,19.1,20.8,94.6,78.9,68.1,,118.5
20140724,19,O3,112.4,145.5,134.7,144.7,124.6,137.8,107.7,105.2,149.1,163.9,144,157.2,121,136.2,130.6,106.9,120.8,146.9,146.4,88,147,137.8,114.9,,135.2,158.7,103.8,98.9,92.9,141.9,67.6,111.5,117.2,,52.3
20140724,19,CO,0.7,0.7,0.9,0.9,0.5,0.6,0.8,0.8,0.9,0.8,0.9,1.1,0.8,0.6,0.7,0.5,0.5,0.7,1.1,0.6,0.5,0.5,0.5,0.7,0.8,0.6,0.3,0.5,0.7,0.2,0.8,0.8,0.7,,0.9
20140724,20,SO2,6.2,4.6,5.4,4.8,4.5,6,15.3,8.7,4.1,3.4,3.1,2.4,6.7,5.5,3.2,10.8,7.7,6.9,2,12.3,5.2,5.1,6.2,6.1,6.1,5.6,35.3,7.8,2,12.3,2,6.5,11.7,7.4,21.4
20140724,20,NO2,34.1,32,52.1,50.2,54.1,44.9,64.1,55.3,71.9,21,33,61.7,38.6,39.9,28.5,66.4,33.7,53.1,63.5,49.7,26.9,21.4,23.4,22.4,49.5,4.9,58.1,27.6,41.3,17.5,91,96.1,72.8,144.9,104.8
20140724,20,O3,107,116.2,117.3,118.2,99.4,121.2,107.6,72.6,123.9,126.1,121.7,135.8,91.7,104.6,114.4,87.7,115.8,121,135.7,75.5,134.2,140.7,128.1,,126.1,136.8,84.2,90.6,31.7,103.7,53.4,66.4,93,25.1,56.5
20140724,20,CO,0.8,0.7,0.8,0.8,0.5,0.8,0.6,0.9,1,0.6,0.7,0.9,0.7,0.8,0.8,0.7,0.6,0.7,0.9,0.8,0.5,0.6,0.6,0.7,0.7,0.6,1.9,0.8,0.7,0.1,0.8,0.9,0.6,1,0.9
20140724,21,SO2,10.4,7.1,6.8,5.7,5.1,10.1,12.1,7.3,3.3,3.1,2,2.3,6.2,5.8,4.4,16.3,6,4.6,2,27.6,6.4,9.5,6.6,2.7,6.5,3.8,21.4,5.7,2,11.3,2,6.8,12.3,,22.4
20140724,21,NO2,44.6,36.3,42.6,48.9,55.3,51.3,75.7,68.1,50,45.1,30,56.2,46.1,61.9,47.7,81.1,35.8,50.7,40.9,74.3,43.5,28.4,22.5,16.3,56.4,7.1,64.7,37.1,39.6,48.2,94.5,98.4,71.5,,131.1
20140724,21,O3,85.6,86.8,100.8,98.1,81.1,102.1,63.2,71.7,99.3,67.2,96.3,86.5,74.5,70.8,82.2,51,95.8,99.4,107.1,49.3,101.8,123,137,,106.5,123.2,54.2,55.6,9.7,28.4,39.4,53.6,75.2,,22.7
20140724,21,CO,1.1,1,0.9,1,0.6,1.1,0.7,0.8,2.4,0.8,0.7,0.8,0.8,0.9,1,1.3,0.7,0.7,0.6,3,0.7,0.8,0.7,0.6,0.7,0.6,2.9,1.3,0.8,0.1,1.1,1.1,0.7,,1.4
20140724,22,SO2,19.1,6.3,11.9,9.4,8,17.1,12.2,5.3,2.1,3,2,2,5.8,8.6,6.3,10.6,11.6,3.3,2,18.2,10.5,17.9,6.3,2,9.1,7.3,13.1,5.2,2,10.1,2,7.5,19.5,4.4,23.1
20140724,22,NO2,55.5,40.9,50.5,62.6,68.3,64.4,79.1,48.6,28.9,96.3,49.1,87.2,58,73.2,61.5,84.2,44.9,59.5,48.9,69.5,49.8,38.4,25,15.4,74.5,10.6,55.6,55,36,55,88.1,90.2,77.7,115.1,112.3
20140724,22,O3,60.6,59.6,80.4,72.2,60.6,66.6,54,64.1,86.8,2,60.6,43.6,47.1,50.3,50.6,29.2,67.5,67.7,81.6,32.5,75.7,86.3,115.1,,80.6,107.1,47.5,19.9,2,15.6,30.6,45.7,61,22.8,17.6
20140724,22,CO,1.6,1.3,1.2,1.6,1.2,1.8,0.9,0.7,4.8,0.9,0.8,0.9,0.9,1.1,1.5,1.6,1.4,0.7,0.6,3.4,1,1.5,0.6,0.6,0.8,0.8,2.9,1.5,1,0.2,1.5,1.5,1.2,1.7,1.9
20140724,23,SO2,19.5,5.6,10.4,7,5.5,14.2,10.3,3.4,2.4,2.8,2,2.6,6.1,5.6,6.7,7.1,7.4,4,2,13,8.8,18,5.7,2,4.7,13.1,8.3,5.7,2,9.8,2,6.3,12.3,3.8,20.1
20140724,23,NO2,57,57.9,63.6,70.2,81.5,72,82.2,65.1,24.4,94.8,67.8,81,81.9,90.9,79.7,77.2,54.1,55.4,76.2,61.2,50.3,42.9,34.1,15.6,110.5,14.1,45.3,88.7,31.4,27.6,90.9,76.4,86.8,104.2,83.1
20140724,23,O3,46.1,37.5,56.9,46.3,33.4,49.8,35.6,30.3,90.4,2,47.8,46.5,18.3,22.5,23,19.7,37.5,63,27.3,32.3,54.2,61.5,90.9,,30.5,79.6,45.1,2,2,19.4,18,45,41.6,17.8,20.7
20140724,23,CO,2.2,1.8,1.5,1.9,1.3,2,0.9,0.7,5.7,1,0.9,1,1,1.2,1.9,1.7,1.8,0.8,0.7,3.3,1.2,2.6,0.6,0.6,0.9,1.3,2.8,1.5,0.9,0.2,2.2,2.2,1.1,2,1.5
20140724,0,PM2.5,63.6,60,51.3,57.4,57.3,48.1,51,69.9,28.9,69.9,60.1,68.5,69.7,,58.1,67.8,73.6,26.7,60.2,35.2,108.1,29.5,31.8,21.9,31.9,22.4,44.6,55.7,48.5,48.9,75.1,71,57.5,69.1,53.6
20140724,0,PM10,,115.5,122,95.2,,121.7,147.8,156.8,,144.5,106.8,210.1,119.3,97.9,77.9,122.9,179.6,,193,,166.4,51.7,,33.8,,,130.1,84.3,77.5,124.9,121.8,124,134.5,155.3,172.6
20140724,0,AQI,45,65,70,72,49,61,76,61,27,78,63,94,71,65,68,90,65,26,75,43,64,40,39,23,36,28,50,52,55,61,73,66,71,103,75
20140724,1,PM2.5,61.4,60.9,48.7,43.5,58.9,49.5,56.6,54.1,41.7,69,58.7,62,55.3,,58.5,56.8,79,28.6,56.1,41.4,49.5,29.9,28,23.4,27.2,26.5,43.4,56.5,56.3,55.5,68.4,66.7,55.2,63.6,56.1
20140724,1,PM10,,103,77.4,89.8,,100,114.6,99,87.8,148.8,98.9,155.1,120,94.7,96.3,125.5,167.2,,140.9,,88.1,43,,48.8,,,99.8,96.2,91.9,131.6,116.3,92,63.6,107.5,112.2
20140724,1,AQI,45,66,70,72,53,63,77,62,50,79,64,96,73,66,69,90,68,27,77,45,65,41,40,25,36,23,52,53,56,63,74,66,70,102,73
20140724,2,PM2.5,54.6,57.3,52.3,55.8,57,48.4,55.9,41.4,31.1,64.3,58.5,61.7,64,,68.5,68.9,78.1,58.3,61.5,42.3,44.8,26.2,26.8,19.5,25.7,26.3,40.9,66.6,65.1,56.1,59.7,52.5,56.2,,48.4
20140724,2,PM10,,84.8,109.6,96.3,,94.1,129.9,93.4,60.5,132.1,108.4,169.4,133.3,121.1,101.5,140.3,175.4,,97.8,,56.1,40.5,,30.4,,,76.9,102,91.3,114,114.2,87.1,79.8,,115.6
20140724,2,AQI,46,66,71,73,48,64,78,63,51,81,65,99,75,68,71,91,71,37,79,45,64,42,40,26,37,24,53,55,58,65,75,67,71,,75
20140724,3,PM2.5,55.5,52.2,58.2,61.5,55.5,47,58.3,40.9,31.5,78.4,62.9,71.5,71.6,,85.3,75,75.1,68.9,41.1,36.8,42.5,30.2,30.8,16.9,27.9,19.2,47.3,73.6,64,53.5,67.7,62.7,60,,55.9
20140724,3,PM10,,84.7,111.5,100.5,,92.5,133.9,119.4,37.1,130.4,105.6,177,117.2,139.4,128.5,136.6,129.2,125,112,,75.5,51.3,33.2,27.4,,,102.4,101.5,75.3,143.4,108.8,92.1,101.8,,108.5
20140724,3,AQI,48,67,73,73,49,65,79,64,51,82,67,100,76,69,72,92,72,51,80,47,65,43,40,26,38,25,54,57,58,67,76,67,71,,75
20140724,4,PM2.5,62.4,61.4,59.1,78.8,68.8,52.2,56.7,41.4,34.4,83.8,48.2,71.5,73.8,,89.5,72.8,66.7,67.6,37,34.3,39.6,25.6,29.2,19.4,28.8,23.1,50.3,72.3,56.8,62.3,77.7,82.3,56.6,89.1,69.1
20140724,4,PM10,,89.9,129.7,145,,139.2,109.8,116.1,93.4,153.6,103.1,181.4,126.3,115.2,142.2,147.2,78.8,110.3,89.7,,58.4,37,36.4,36.1,,,119.7,87.4,63.1,159.6,138.5,118.4,93.1,176.4,238.1
20140724,4,AQI,51,67,73,75,51,66,80,66,52,83,68,102,77,71,74,93,73,52,81,48,65,44,40,28,39,26,56,58,59,70,77,68,71,105,82
20140724,5,PM2.5,80.2,78.8,70.6,98.6,83.7,66.5,57.2,44.6,41.8,88.7,30.4,73.9,76.2,,90.9,84.7,57.1,61.1,37.7,36.4,31.8,22.2,39.5,21.3,28.9,24.3,57.5,73.2,64.4,53.6,92.2,83.1,64,104.3,83.1
20140724,5,PM10,,113.5,113.4,155.3,,232.3,144.9,110.6,91.7,164.4,89.7,160.2,126.5,107.4,132.4,148.8,76.3,95,85.2,,32.5,28.9,,38.1,,,113.4,82.1,,109.8,139.7,109.6,145.9,182.9,251
20140724,5,AQI,54,68,73,77,62,70,82,67,54,85,69,102,79,72,76,94,74,54,81,49,65,44,41,29,40,27,58,60,60,71,78,69,73,107,84
20140724,6,PM2.5,71.9,64.7,69.1,82.3,81.9,71.4,67.9,37.4,59,86.9,37.4,67.5,67.8,,90.2,86.6,54.7,46.5,38.2,36.7,29.9,21.9,41.8,25.8,43.3,25.5,65.2,71.1,66.1,56.7,89.9,82.6,71.8,96.1,90.7
20140724,6,PM10,,99.6,162.9,143.2,,186.5,182.7,83.8,141.2,156.4,94.3,161.5,155.1,118.8,117.1,148,85.2,70.4,123.9,,41.1,41.7,50,68.5,,,96.3,78.7,66.7,141.3,136.4,114.3,173.8,186.7,244.9
20140724,6,AQI,58,69,75,78,60,73,84,68,57,86,70,104,80,74,77,95,76,55,81,50,65,45,42,31,41,28,60,61,61,73,79,70,75,109,88
20140724,7,PM2.5,76,68.8,69.4,81.3,83,70.3,75.8,45.8,54.5,87.9,60,64.5,56,,95.7,88.3,49,59.1,45.8,45.5,36.9,29.7,39,44.8,33.6,24,62.8,84.7,72,61.2,88.7,87.3,76.2,107.6,83.5
20140724,7,PM10,,119.8,165.6,137.9,,175.3,210.2,111.5,102.2,191.2,153.7,169.1,186.7,141.2,131.5,165.6,77.4,104.1,149.1,,81.8,59.2,56.3,153.5,,,99.7,101.4,97.2,172.3,169.2,135.1,173.3,294.8,184.2
20140724,7,AQI,61,71,77,79,61,76,87,70,59,88,72,103,83,76,79,96,77,57,82,52,66,46,43,37,42,29,61,62,62,76,80,72,78,111,89
20140724,8,PM2.5,79.4,79.7,78.4,81.6,85.7,72,84.5,61.9,33.7,84.3,64.7,59.5,47,,91.3,95.6,55,55,50.1,53.8,42.4,21.1,46.2,59.6,39.3,22,48.7,86.8,88,60.1,82.5,87.4,79.4,107.6,91.1
20140724,8,PM10,,159.5,226.1,184.1,,219.8,198.7,158.7,79.2,234.8,144.2,186.8,158,175.3,137.8,175.1,93.8,71.6,132.2,,77,65.7,77.7,143.7,,,85.3,108,125.1,153.5,180.4,163.2,241.1,326.3,235.4
20140724,8,AQI,64,72,79,80,64,78,88,72,60,90,74,103,84,77,81,97,78,58,81,53,66,46,44,42,42,30,63,66,64,77,82,73,81,113,92
20140724,9,PM2.5,76.5,73.8,72.2,77.9,104.1,79.4,90.8,76.5,31.4,80.8,57.6,48,49.4,,102.6,108.7,73.5,51.1,52.1,54.5,42.3,23,50.8,65.9,42.7,22.4,44.8,91.5,86.7,56,92.9,86.2,81.9,,92.9
20140724,9,PM10,,165.8,116.3,171.6,,208.6,215.7,154.2,,203.2,108.9,58.2,155.7,198.4,195.9,184.8,156.5,83.9,90.9,,71.7,81.5,66.9,122.6,,,,111.9,113.7,125.9,197.6,170,141.5,,213.8
20140724,9,AQI,65,73,80,82,69,82,90,73,61,91,75,100,86,79,84,99,80,59,82,55,66,48,45,46,43,30,64,69,65,77,84,75,83,,95
20140724,10,PM2.5,83.8,81.3,87.7,83.9,106.6,83.5,88.1,88.6,54.4,76.5,58,52,53.3,,106.4,111.5,71.3,59.7,45.3,67.4,40,27.6,54.3,63.8,46.2,34,23.6,92.7,67.9,71,94.6,97.4,105.8,,101.3
20140724,10,PM10,,181.4,171.1,197,,186.2,183.6,160.8,61.4,171.2,108,108,182,136.1,148.7,157.8,115.1,102.3,87.6,,82.6,78.5,,122.3,,,76.6,107.4,88.2,148.2,181.6,180.7,140,,207.2
20140724,10,AQI,68,76,83,84,73,85,92,75,61,93,75,99,88,80,87,101,82,60,83,57,67,50,46,50,44,32,65,72,66,79,87,78,84,,99
20140724,11,PM2.5,112.1,98,107.1,110.5,94.8,97.1,102.8,100.3,65.7,99.1,74.8,77.1,62,,108.5,104.3,44.9,69.9,46.5,54.9,38.9,33.6,54.1,66.2,39.6,26.4,43.1,56.7,71.1,68.6,113.7,107.9,106,125.2,111.3
20140724,11,PM10,,161.8,224.6,180.3,,227.4,224.6,156.4,121.7,211,132.9,180.3,154.3,146.5,114.4,136.8,85.4,131.2,97.9,,98.9,72.7,65.9,138.7,,,95.1,,128.4,119.3,188.8,162.2,180.7,287.2,246
20140724,11,AQI,73,78,87,87,77,88,94,78,62,95,76,101,87,80,90,102,82,62,84,58,68,51,47,52,45,33,66,74,68,79,90,80,88,119,101
20140724,12,PM2.5,103.5,116.5,108.2,107.4,101.8,103.9,113.7,102.2,66,102.7,92.7,81,79.3,,102.8,92.6,60,53.6,56.5,69.5,37.4,34.3,56.2,,38.9,30.6,52.6,34.9,80.2,71.7,120.4,117.3,106.9,125.8,113.1
20140724,12,PM10,,192.8,168.9,212.9,,162,228.6,171.7,77.8,186.9,165.1,116.7,182.4,159.3,133.8,150.9,85.9,64.3,109.5,,53,78.1,62.9,,,,99.7,54.1,128.2,124.5,168.9,158.2,,262,168
20140724,12,AQI,78,81,90,89,81,91,97,81,63,96,77,100,89,81,93,103,83,62,83,60,68,53,49,53,46,34,68,74,71,81,92,84,89,121,104
20140724,13,PM2.5,96.4,95.5,82.6,101.1,84.3,79.9,81.5,107.7,91.8,106,109.5,100.2,85.5,,78.1,104.5,57.7,54,61,80,32,30.3,52.2,29,38.8,27.8,44.7,38.3,84.2,86.5,102.6,91.3,74.6,118.9,94.7
20140724,13,PM10,,113.6,,110.5,,132.9,81.7,167,146.9,164.1,174.3,182.8,156.2,151.7,110.3,169.9,,69.7,104.6,,,59.1,52.3,5,,,,61.9,,113.5,124.7,108.2,,166.7,162.3
20140724,13,AQI,81,81,89,88,84,92,98,83,65,97,82,101,90,82,93,102,83,62,84,63,69,53,50,53,46,35,69,74,73,82,91,86,89,121,105
20140724,14,PM2.5,86.3,88.1,73.1,78.5,65.8,93.2,82.4,110.4,55.5,109.2,111,96.1,84.2,,77.1,106.2,40.7,62.1,65.4,57.9,26.1,29.6,54.8,48.2,41.5,34.1,49.3,73,77.7,92.9,84.4,88.4,70.9,,105.4
20140724,14,PM10,,99.4,92,,,169.1,128.9,144.6,,176.5,168.1,99.4,150.3,116.3,,140.2,54.5,,106.1,,28.8,46.5,56.2,120,,,104.9,104.3,100,164,,98.1,132.7,,150.6
20140724,14,AQI,84,82,90,90,86,95,99,84,66,100,81,102,93,83,95,101,81,63,85,65,68,53,51,54,47,37,71,77,76,85,93,89,90,,105
20140724,15,PM2.5,69.8,61.3,63.2,64.1,70.1,69.9,80.2,95.7,82.3,85.7,81.2,68.2,84.2,,72.4,104.4,51.1,50.8,52.8,57.5,38.8,27.1,46.4,33,40.2,30.4,46.6,69.7,68.3,98.2,60.9,62.4,77.9,85,81
20140724,15,PM10,,73.4,77.8,109.3,,77.7,,,136.9,96.8,101.4,125,134.7,194.3,72.6,147.1,,,73.2,,53.4,52.7,55.9,130.3,,,58.7,97.2,,159.4,61.6,71.1,94.4,,
20140724,15,AQI,87,82,91,91,88,95,100,85,67,101,81,102,94,86,97,102,83,64,85,66,68,54,53,57,48,41,71,79,78,87,95,92,92,123,108
20140724,16,PM2.5,70,69,64.2,64.7,75,60,68,73.1,73.5,73.2,70.6,68.4,95.4,,79.3,72.7,48.6,44.6,48.1,48,36.9,32.1,33.3,28.4,38.8,28.7,26.6,55,71.2,,75,63.7,67.4,81.7,71.5
20140724,16,PM10,,114.7,69.5,87.5,,60.6,100.6,,,96.6,87.4,80.6,199.8,104.7,145.3,,,,102.5,,73.4,33.2,44.6,57.8,,,,69.2,,,92.4,89.5,,178.7,100.4
20140724,16,AQI,89,85,91,92,91,94,100,85,67,102,82,102,96,87,100,103,84,65,85,67,69,54,53,58,49,45,71,81,81,,98,94,93,124,108
20140724,17,PM2.5,71.9,75.7,64.7,76.3,66.8,66,68,48.9,54,86.6,95,60,108.8,,104.6,43.9,31.4,33.4,65.1,50.8,35.7,22.7,26.6,25.1,19.7,24.8,24.6,56.2,69.4,,79.8,85.5,73.6,107.2,88.8
20140724,17,PM10,,96.3,113,124.2,,120.7,,,71,124.6,156.9,104.8,159.5,92.5,,,,76.6,76.9,,,45.4,,5,,,56,91,88,,113.2,96.8,90.5,260.6,136.4
20140724,17,AQI,92,88,92,93,93,96,100,86,67,103,83,102,97,87,104,104,86,66,85,68,69,54,54,57,49,47,72,82,83,88,101,97,94,126,109
20140724,18,PM2.5,74.6,70.3,65.3,75.6,74.6,58.3,72.5,56.8,73.8,97.9,112.5,102.2,98.7,,68.8,44.3,41.1,32.8,79.9,56.6,25.6,21.3,10.5,44.1,47.5,22.3,23.2,41.3,61.1,47.4,77.1,73.3,69.3,116.6,72.2
20140724,18,PM10,,100.8,70.1,121.7,,,98.5,78.5,81.8,127.1,131.5,205.1,101.2,105.6,76.7,85.8,43.8,49.7,188.2,,,28.4,,5,,,,,,67,110.5,92.5,,,
20140724,18,AQI,94,90,92,95,96,97,101,86,68,103,87,103,97,88,106,104,85,65,87,70,68,54,53,57,50,45,73,81,84,87,103,99,95,126,111
20140724,19,PM2.5,41.4,42.8,62.5,61.9,49.5,19.1,77.2,64.3,75.5,88.3,80.4,110.7,74.5,,51.6,43.7,36.6,42.9,107.9,51.3,25.9,22.3,25.5,47.5,56.2,26.1,20.1,37.3,50.4,78.8,59.2,52.6,65.3,,34.8
20140724,19,PM10,,65.6,,83,,42,92.6,138.8,135,89.1,95.1,168.9,,,,,,87.4,147.7,,35.3,24.5,71.7,17.3,,,44.9,53.9,,,,76.5,,,75.7
20140724,19,AQI,94,90,90,96,97,96,100,88,70,106,90,103,98,89,106,104,77,65,86,71,67,53,53,56,52,50,73,82,85,87,104,100,93,,108
20140724,20,PM2.5,39.2,34.6,45.5,46.3,39.8,31.7,58.8,65.8,95,45,52.4,81.7,37,,33.5,31.5,33.2,47.2,87.2,44.1,29.5,30.8,43.6,41.3,55.6,33.7,58.9,40.9,40.8,50.8,52.8,48.8,49.3,53.8,44.7
20140724,20,PM10,,67.5,61.6,,,35.9,98.1,106.5,118.4,,,,,60.4,,61.3,,,101.5,,69.4,68.2,64.2,119.7,,,108.8,61.9,,,,,,,
20140724,20,AQI,94,90,89,96,96,94,99,89,73,106,91,103,98,88,106,103,77,67,85,71,65,52,54,58,53,43,73,83,85,88,104,100,93,124,109
20140724,21,PM2.5,33,30.7,36.9,38.9,38.8,32.8,45.9,83.5,62.2,39.2,29.3,47.6,52.6,,38.3,57.6,39.6,45.9,50.5,84.5,40.6,41.4,58.7,31.3,59.6,38.7,82.6,61.7,45.1,50.3,40,40.9,37.7,,40.3
20140724,21,PM10,,54.1,,68.9,,72.6,,106.7,,64.2,35.9,79.1,101.7,81,48.2,136.6,,48.3,,,104.7,65.7,78.5,70.5,,,164,71.9,,58.1,57.6,57.6,,,127.5
20140724,21,AQI,93,90,89,96,95,93,99,91,74,106,91,101,98,88,105,103,77,67,85,71,64,52,56,59,54,39,73,84,86,88,104,100,93,,109
20140724,22,PM2.5,60.7,49.3,49.7,54.6,55.2,57.6,38.6,61.2,35.2,52.3,43.4,52.9,55.9,,61.2,77.5,56.5,48.5,38.2,99.3,48.6,50.7,57.1,31,69.6,48,106.2,62.9,50.9,47.2,53.5,53.7,51.1,69.8,73.6
20140724,22,PM10,,77.5,90.8,110.1,,127.7,53.2,77.9,,124.2,67.3,139.4,72.7,90.9,88.7,133.3,,89.5,74.8,,103.1,85.4,,47.9,,,122,66.4,,76,98,97.3,,184.8,219
20140724,22,AQI,94,91,89,97,96,93,97,92,74,106,90,101,96,88,105,104,76,69,83,73,63,52,57,60,56,40,74,85,87,88,104,101,93,122,111
20140724,23,PM2.5,98.7,75.4,68.8,76.8,70.1,82.2,47.5,55.5,30.5,58.9,63.8,63.5,61.9,,92.3,90.4,84.2,54,38.5,115.5,59.5,76.7,46.8,34.5,96.8,56.7,110.9,75.8,51.5,49.3,100.4,89.8,59.2,88.6,69.3
20140724,23,PM10,,110.1,123.9,113.5,,143,116.4,101.7,,125.2,79.1,123.2,74.7,85.9,109.5,114.7,,83.2,66.7,,97.7,118,,35,,,115.7,92,,,159.9,129,,167.3,89.3
20140724,23,AQI,96,92,90,98,97,93,97,91,75,106,91,98,95,87,106,105,77,70,81,77,62,54,58,60,60,42,75,86,88,85,106,102,94,122,110
