date,hour,type,dongsi,tiantan,guanyuan,wanshouxigong,aotizhongxing,nongzhanguan,wanliu,beibuxingqu,zhiwuyuan,fentaihuayuan,yungang,gucheng,fangshan,daxing,yizhuang,tongzhou,shunyi,changping,mengtougou,pinggu,huairou,miyun,yanqing,dingling,badaling,miyunshuiku,donggaocun,yongledian,yufa,liulihe,qianmeng,yongdingmengxi,xizhimengbei,nansanhuan,dongsihuan
20140310,0,PM2.5,62,57,68,60,62,44,56,73,72,71,62,64,72,52,47,15,32,59,89,47,38,44,105,91,84,40,37,29,52,63,60,64,65,65,43
20140310,0,PM10,83,76,77,96,98,75,73,132,90,82,72,70,78,68,59,20,36,123,126,64,51,73,143,127,119,72,44,45,60,66,70,73,98,83,81
20140310,0,AQI,128,121,124,135,127,141,133,135,118,150,147,137,151,143,141,145,127,127,117,111,96,79,97,117,85,67,105,151,154,208,127,133,124,136,139
20140310,1,PM2.5,37,43,58,54,43,36,58,48,56,63,59,64,42,53,28,16,35,45,67,50,36,38,89,77,70,41,38,31,48,75,32,49,52,55,36
20140310,1,PM10,40,49,73,80,56,46,87,92,70,73,67,79,51,73,35,29,38,58,89,71,48,57,123,115,99,61,50,35,51,84,44,40,76,83,61
20140310,1,AQI,127,121,125,136,127,137,135,130,121,153,150,139,151,144,135,134,126,126,120,105,94,80,100,120,88,69,104,137,150,200,127,134,125,137,131
20140310,2,PM2.5,35,21,30,36,23,19,51,35,55,58,57,64,47,50,17,20,38,,64,48,37,35,80,64,60,36,39,43,50,71,20,31,36,41,35
20140310,2,PM10,20,29,44,42,31,37,74,58,62,72,62,76,53,67,22,33,42,,84,58,48,53,112,84,84,49,49,57,54,94,24,8,50,49,61
20140310,2,AQI,125,121,127,138,126,131,136,126,123,156,152,142,151,143,129,126,126,125,122,99,96,81,103,123,91,70,105,123,147,188,127,133,125,137,125
20140310,3,PM2.5,34,16,19,16,19,41,38,36,63,34,66,43,55,40,20,26,47,36,63,51,40,34,85,51,65,39,40,45,41,70,32,33,33,41,41
20140310,3,PM10,11,21,27,25,27,49,49,49,67,43,82,55,68,45,26,52,62,40,93,59,45,50,106,67,76,42,45,56,55,107,12,6,36,43,74
20140310,3,AQI,124,121,127,138,125,128,137,123,126,157,156,143,152,140,125,116,128,127,125,95,97,81,106,126,94,72,101,110,141,177,126,133,126,137,120
20140310,4,PM2.5,35,18,19,35,19,45,38,38,45,25,47,33,49,41,23,59,50,37,62,50,27,37,82,45,60,39,40,56,38,56,12,39,31,42,48
20140310,4,PM10,7,27,22,5,32,64,46,61,57,37,58,38,75,44,42,80,65,41,85,60,42,47,105,56,74,43,50,69,40,73,14,5,37,45,86
20140310,4,AQI,124,120,126,138,123,127,138,122,128,157,158,144,152,138,119,109,128,128,128,94,98,82,110,128,97,74,96,102,134,165,126,133,125,138,117
20140310,5,PM2.5,43,43,19,46,26,52,39,40,38,26,28,25,46,40,53,72,48,45,52,51,42,45,84,42,57,40,37,60,24,57,21,25,36,42,50
20140310,5,PM10,24,46,34,11,45,75,50,63,49,46,46,40,70,57,66,103,64,47,76,58,47,55,107,48,69,42,44,92,38,85,32,29,46,54,96
20140310,5,AQI,120,116,124,133,120,122,138,120,130,153,159,145,153,131,112,103,123,130,130,94,99,82,113,129,99,76,88,96,126,159,121,126,123,133,113
20140310,6,PM2.5,32,55,24,35,50,64,44,42,45,51,44,24,46,47,69,71,50,48,48,48,43,49,78,41,58,,34,73,38,53,31,39,41,57,61
20140310,6,PM10,46,64,42,52,57,98,62,66,50,60,52,41,78,71,93,95,67,54,73,54,45,61,96,50,66,,37,123,42,79,51,63,48,72,124
20140310,6,AQI,115,111,117,126,114,118,133,119,132,146,156,145,147,123,108,99,116,132,132,92,100,84,115,131,101,,81,95,119,155,115,119,118,127,110
20140310,7,PM2.5,41,60,48,65,60,66,46,45,35,62,48,28,49,62,78,75,53,53,52,45,44,45,71,43,60,46,30,82,53,47,62,64,49,67,63
20140310,7,PM10,60,74,54,97,73,103,66,69,47,77,61,46,75,98,110,97,74,61,76,63,48,70,92,53,67,52,34,135,85,73,69,85,63,112,119
20140310,7,AQI,111,108,113,123,112,117,127,119,132,141,150,140,141,117,106,96,110,130,133,90,102,85,118,133,103,79,76,95,112,150,112,116,114,124,108
20140310,8,PM2.5,65,57,56,59,58,72,55,47,49,69,67,50,66,78,78,81,61,50,49,53,43,61,86,54,65,48,29,82,61,60,64,63,54,69,60
20140310,8,PM10,78,75,71,130,79,106,85,78,57,104,97,54,111,135,114,128,77,64,83,79,50,97,99,66,73,57,33,140,124,92,68,85,84,107,115
20140310,8,AQI,110,105,110,120,110,115,122,119,128,136,144,137,136,113,105,93,104,126,134,87,103,87,120,134,105,81,73,94,106,147,109,113,110,121,106
20140310,9,PM2.5,69,56,63,66,56,69,66,58,58,76,89,57,87,90,86,83,57,,54,57,43,70,90,62,57,,31,95,74,66,66,64,63,68,62
20140310,9,PM10,86,76,94,108,82,112,105,92,79,113,139,72,156,153,123,127,84,,97,110,50,111,102,80,79,,40,150,135,112,89,85,99,103,117
20140310,9,AQI,110,103,108,118,108,113,119,116,124,131,138,136,130,110,104,90,98,,136,85,101,87,118,133,107,,69,93,101,142,108,111,108,119,103
20140310,10,PM2.5,69,67,78,76,73,72,71,59,,86,84,75,79,95,85,100,54,56,67,59,49,75,104,77,68,51,97,96,92,79,82,74,67,71,68
20140310,10,PM10,98,84,109,124,101,112,107,99,,117,132,103,144,153,122,128,62,76,116,124,55,122,113,94,85,60,102,162,166,135,89,97,96,97,114
20140310,10,AQI,108,100,105,114,107,111,116,112,,126,132,131,124,108,103,91,94,118,136,80,99,87,119,132,109,85,67,93,98,136,106,109,105,115,101
20140310,11,PM2.5,72,82,84,83,78,73,85,75,,93,94,89,90,96,86,83,56,64,87,51,65,84,95,79,72,64,71,99,99,89,78,83,81,83,71
20140310,11,PM10,90,95,96,123,96,109,122,145,,125,134,123,127,126,104,102,60,86,145,78,83,105,119,100,87,74,80,147,156,138,87,96,107,105,106
20140310,11,AQI,104,98,100,110,105,109,113,111,,121,125,125,118,105,101,92,93,115,133,77,96,86,121,128,111,83,66,94,97,131,101,106,103,111,100
20140310,12,PM2.5,83,91,85,92,86,84,101,98,,104,100,102,96,97,,79,43,84,102,55,82,96,100,89,,86,53,83,98,101,63,93,89,89,
20140310,12,PM10,96,100,96,115,94,110,135,155,,128,150,130,134,128,89,93,66,103,157,63,94,106,116,107,155,74,56,103,146,161,97,100,103,119,
20140310,12,AQI,102,95,97,106,102,107,110,112,,117,121,118,114,102,97,91,92,113,127,77,96,87,125,126,114,83,66,93,96,127,97,103,100,107,98
20140310,13,PM2.5,71,96,72,101,65,98,105,108,,107,109,109,107,95,51,63,47,107,119,62,76,77,,101,37,84,36,79,91,116,95,73,88,95,
20140310,13,PM10,95,101,97,109,91,124,124,172,,130,152,131,137,118,97,85,59,117,163,66,101,93,,112,95,74,47,92,132,166,105,89,105,119,253
20140310,13,AQI,98,93,93,102,98,105,106,113,115,114,117,114,110,99,93,88,88,112,123,76,95,87,128,125,114,83,65,92,95,124,95,98,97,104,95
20140310,14,PM2.5,80,73,107,76,96,97,102,114,,118,113,,114,98,94,84,54,117,123,63,83,83,,120,70,86,69,85,85,125,74,74,99,,55
20140310,14,PM10,105,94,113,104,105,125,115,173,,132,132,,141,121,111,89,80,139,161,68,97,69,95,130,109,71,80,101,105,162,97,90,110,,176
20140310,14,AQI,94,90,91,99,95,102,105,112,,111,115,,109,99,92,87,85,111,122,76,95,87,131,125,112,84,66,91,93,123,91,95,95,101,91
20140310,15,PM2.5,83,103,85,104,102,99,106,114,111,113,115,,120,106,101,89,86,125,119,,81,74,64,134,92,81,80,108,93,128,80,81,106,,102
20140310,15,PM10,100,115,114,125,116,127,128,152,121,137,146,,138,122,107,105,98,138,154,,92,52,114,156,115,73,92,124,113,152,108,109,124,,158
20140310,15,AQI,92,89,89,97,93,100,102,110,113,109,115,,110,100,92,87,85,111,120,76,93,87,134,124,112,86,67,91,94,123,89,93,94,99,90
20140310,16,PM2.5,88,88,111,112,110,103,107,105,,121,122,,114,94,102,104,94,101,118,89,71,86,121,137,125,62,82,115,109,121,110,89,106,115,106
20140310,16,PM10,115,114,122,131,118,134,128,131,,145,150,,126,109,108,114,109,120,157,107,78,94,131,146,136,73,102,136,144,142,117,108,119,154,161
20140310,16,AQI,90,89,90,98,94,99,102,109,,109,115,,110,100,91,88,84,109,120,78,92,88,136,125,113,87,69,93,96,123,88,92,94,100,90
20140310,17,PM2.5,88,103,110,105,109,103,115,105,,118,116,,113,105,114,119,101,89,120,87,70,86,137,114,132,,94,133,121,119,82,86,109,113,105
20140310,17,PM10,110,111,117,130,138,129,138,136,,137,135,,126,122,125,135,120,108,160,111,91,124,156,122,146,,121,155,161,144,107,104,118,145,149
20140310,17,AQI,90,90,91,99,94,98,102,107,,110,116,,111,101,93,90,84,106,120,78,89,89,136,122,112,,70,96,96,122,88,90,95,101,90
20140310,18,PM2.5,116,110,111,112,105,119,105,109,,123,113,,116,119,124,129,116,106,126,,95,98,138,116,120,97,111,129,126,121,82,86,109,113,105
20140310,18,PM10,125,121,119,161,130,147,137,147,,142,136,,133,141,145,142,137,121,167,,104,130,158,130,129,118,145,152,172,144,107,104,118,,149
20140310,18,AQI,92,91,92,99,94,99,102,107,,111,116,,113,103,94,92,84,105,120,,87,89,136,119,111,88,71,100,97,122,89,92,96,102,91
20140310,19,PM2.5,132,122,121,135,119,127,116,114,,137,123,,125,127,136,150,129,111,128,,111,103,118,116,101,107,109,145,142,121,133,129,114,136,135
20140310,19,PM10,144,137,139,202,146,156,151,164,,154,164,,164,155,162,166,147,127,170,,128,133,137,124,114,131,144,178,351,201,146,155,133,189,212
20140310,19,AQI,93,93,94,100,94,100,103,107,,113,115,,113,104,97,96,85,104,120,83,86,89,134,118,110,88,74,104,100,121,90,94,96,104,93
20140310,20,PM2.5,140,130,137,143,128,133,129,120,,152,146,,153,158,148,166,152,131,138,155,137,119,110,96,111,,117,184,151,159,148,146,134,147,152
20140310,20,PM10,150,144,160,216,167,166,166,179,,178,193,,209,195,174,190,171,144,223,194,154,166,136,114,118,,148,220,254,277,163,177,156,188,243
20140310,20,AQI,95,95,96,102,95,103,103,107,,114,115,,114,107,100,101,88,104,120,88,86,89,132,116,110,,78,110,104,122,93,96,98,106,98
20140310,21,PM2.5,152,141,146,154,142,153,136,136,,172,167,,155,180,149,246,159,122,149,140,118,150,124,99,110,,124,202,181,176,156,160,137,163,166
20140310,21,PM10,176,156,177,228,183,203,193,191,,218,210,,204,239,173,294,175,131,239,174,136,195,134,120,121,,151,235,248,266,176,187,157,198,248
20140310,21,AQI,99,98,99,106,99,106,106,107,,118,118,,116,113,105,111,92,102,120,93,86,93,132,115,109,,82,118,109,124,97,101,101,110,103
20140310,22,PM2.5,133,128,158,171,158,160,144,157,,172,194,,181,189,165,267,190,104,149,130,112,144,129,100,116,116,156,205,198,179,137,147,148,169,182
20140310,22,PM10,158,156,180,245,199,195,195,210,,214,248,,244,239,191,301,209,128,217,157,129,228,142,116,123,130,181,237,259,284,170,174,168,196,301
20140310,22,AQI,102,101,104,111,103,110,109,110,,122,123,,121,119,110,122,99,102,122,98,89,99,131,114,109,92,89,126,116,128,101,105,105,116,109
20140310,23,PM2.5,158,130,153,165,158,173,148,167,,175,190,,187,187,196,272,180,136,162,134,101,160,118,100,100,98,156,226,273,190,160,165,133,161,214
20140310,23,PM10,172,148,169,216,187,212,208,218,,208,272,,244,238,229,305,208,152,233,160,107,189,148,119,124,118,193,243,366,336,170,194,155,194,437
20140310,23,AQI,106,105,108,116,107,116,114,113,,127,129,,126,126,117,135,107,105,126,103,92,105,132,113,109,94,95,136,128,133,105,110,109,121,118
