date,hour,type,dongsi,tiantan,guanyuan,wanshouxigong,aotizhongxing,nongzhanguan,wanliu,beibuxingqu,zhiwuyuan,fentaihuayuan,yungang,gucheng,fangshan,daxing,yizhuang,tongzhou,shunyi,changping,mengtougou,pinggu,huairou,miyun,yanqing,dingling,badaling,miyunshuiku,donggaocun,yongledian,yufa,liulihe,qianmeng,yongdingmengxi,xizhimengbei,nansanhuan,dongsihuan
20141002,0,PM2.5,71.4,67,96.1,77.3,81.1,71.2,71.6,68,77.8,80.7,66.9,79.3,77.5,85.1,78.6,55.3,49.9,58.9,59.9,52.9,42.8,34.4,43,60.4,53.2,42.2,50.4,59.6,90.4,69.6,92.2,86.5,84.1,84.3,67.2
20141002,0,PM10,,,,,,,,,,,,,,,,,,,,,,,,,,,,,,,,,,,
20141002,0,AQI,94,101,104,100,99,104,90,77,89,97,80,96,99,123,126,96,78,81,78,66,64,64,67,81,68,61,63,114,116,118,112,116,98,112,108
20141002,1,PM2.5,59.1,80.2,91.5,72.4,71.5,59.8,62.9,66.3,65.1,75.7,52.9,70.3,70.2,80.7,77.7,54.6,49,63.3,58.3,50.5,51.7,35.1,47.4,55.8,51.8,35.1,47,58.4,86.1,58.2,93.3,94.6,88.4,83.8,58.6
20141002,1,PM10,,,,,,,,,,,,,,,,,,,,,,,,,,,,,,,,,,,
20141002,1,AQI,93,101,104,99,99,103,91,78,90,96,79,95,98,120,125,95,79,83,79,67,65,64,68,83,69,61,64,113,116,116,112,116,99,112,106
20141002,2,PM2.5,52.3,57.6,96.9,80,71.7,61.1,67,60.1,60.6,81,53.1,70,67.7,79.4,72.6,48.1,41.4,64.4,44.8,51.6,44.8,38,39.1,52.3,60,27,48.5,55.4,85.3,57.9,77.7,77.8,87.1,79,59.2
20141002,2,PM10,,,,,,,,,,,,,,,,,,,,,,,,,,,,,,,,,,,
20141002,2,AQI,92,100,106,99,99,102,91,79,91,96,77,96,97,120,124,93,79,85,79,68,65,64,68,84,70,61,64,112,115,114,112,115,101,112,104
20141002,3,PM2.5,52.8,58.1,90.9,72.7,70.4,56.7,70.5,55.5,51,74.1,58.6,72.8,65.8,77.9,68.6,45.4,35.3,71,53.1,52.3,41.3,32,39.8,41.7,64,34,46.7,,95.3,39.1,80.3,79.6,84.8,70.2,51.3
20141002,3,PM10,,,,,,,,,,,,,,,,,,,,,,,,,,,,,,,,,,,
20141002,3,AQI,91,99,107,99,99,101,92,80,91,95,78,97,95,119,123,91,78,86,80,69,65,64,68,84,70,61,65,,115,111,111,115,101,111,102
20141002,4,PM2.5,61.4,62.4,84.8,73.8,66.9,51.9,65.7,54.6,42.8,71.9,29.4,72.3,60.5,74.1,66.7,45.8,46.3,61.1,44.6,44.3,48.1,36.1,42.6,36.3,61.3,33.8,50.9,,84.5,34.5,76.6,76.1,78.1,75.5,45.8
20141002,4,PM10,,,,,,,,,,,,,,,,,,,,,,,,,,,,,,,,,,,
20141002,4,AQI,91,98,108,99,99,99,92,81,91,96,76,98,94,118,122,90,78,88,79,70,66,64,68,84,71,61,65,,116,107,111,114,102,109,100
20141002,5,PM2.5,63.9,54.3,81.6,68.2,65.9,51.6,58.4,44.6,42,65,24.4,65.1,59.3,80.4,65.5,39,53.9,60.1,43.8,53.6,50.2,28.5,39.5,34.7,69.3,36.3,43.5,55.9,72,36.2,85.4,70.6,79.1,74.6,51.2
20141002,5,PM10,,,,,,,,,,,,,,,,,,,,,,,,,,,,,,,,,,,
20141002,5,AQI,91,97,109,99,99,98,92,82,90,96,75,98,92,118,122,89,78,89,79,71,67,65,68,85,72,62,66,108,115,103,111,113,103,110,99
20141002,6,PM2.5,59.7,52.8,79.3,68.8,71.1,58.4,51.1,42,51.3,68.7,51.1,61.9,62,73.5,60.5,48,55.3,56.6,38.2,51.2,46.8,32.3,40,28.5,65.4,34.8,50.7,,62.2,41.1,73.7,82.9,79.5,76.5,64.9
20141002,6,PM10,,,,,,,,,,,,,,,,,,,,,,,,,,,,,,,,,,,
20141002,6,AQI,91,97,110,100,100,97,93,81,89,97,76,99,91,117,121,87,79,90,78,72,68,65,69,84,73,62,66,,114,100,111,113,104,110,98
20141002,7,PM2.5,61.9,58.5,71.4,64.4,67.6,63.8,50.7,34.3,46.8,70.2,52.9,53.4,56.4,66.6,58.8,56.2,47.2,44.6,35.1,57.9,39.8,36.5,50.5,30.9,62.7,38.7,38,50.1,52.6,50.7,78.1,81.1,76.8,73.6,68.4
20141002,7,PM10,,,,,,,,,,,,,,,,,,,,,,,,,,,,,,,,,,,
20141002,7,AQI,91,97,111,100,102,97,93,81,89,98,76,99,91,117,119,86,79,90,78,73,69,65,69,84,73,62,66,105,113,98,112,114,105,110,97
20141002,8,PM2.5,70.3,54,73,64.2,71.2,60.8,52.6,29.7,45.6,71.7,64.3,47.1,70.8,79.9,68.1,55.4,42.6,47.8,40.4,63,34.4,36.9,56,31.3,62,34.4,37.6,42.3,50,48.1,76.6,83.1,82.6,84.5,72.4
20141002,8,PM10,,,,,,,,,,,,,,,,,,,,,,,,,,,,,,,,,,,
20141002,8,AQI,92,96,111,101,102,97,92,80,89,99,78,99,92,117,117,85,79,90,77,75,68,65,69,83,74,62,66,102,111,95,113,114,107,111,97
20141002,9,PM2.5,72.8,62,80.6,67,77.3,62.6,65.3,35.9,52.6,75.4,31.3,64.4,68.1,79.4,70.2,65.8,44.8,54.5,40.2,61.7,39.3,39.1,57.7,38,60,30.9,47.2,58.3,67.5,69.3,83,87.8,79.1,85.2,68.5
20141002,9,PM10,,,,,,,,,,,,,,,,,,,,,,,,,,,,,,,,,,,
20141002,9,AQI,92,96,112,101,103,96,93,80,88,100,77,99,92,116,115,83,77,91,76,75,68,65,69,83,74,62,65,99,109,93,113,115,107,111,97
20141002,10,PM2.5,59.3,67.8,75.7,77.2,80.2,50.9,74.2,57.2,61.6,64.9,54.1,53.9,63.1,71.7,69.7,58.6,37.3,60.8,57.3,79.1,28.3,41.5,63.3,45.8,58.5,34.5,52.1,68.9,87,83,80.5,82.8,75,94.4,58.8
20141002,10,PM10,,,,,,,,,,,,,,,,,,,,,,,,,,,,,,,,,,,
20141002,10,AQI,92,96,112,101,104,95,93,80,89,100,77,99,92,114,112,82,75,91,76,75,67,64,70,82,74,62,66,97,109,92,113,116,107,112,95
20141002,11,PM2.5,61.5,72.5,68.4,82.1,74.1,57.6,71.9,66.5,54.3,67,73.6,69.5,79,71.7,81.8,51.9,42.1,89.1,62.4,71.2,33.6,35.3,67.4,51,51.1,35.5,64.9,71.7,93.7,83.4,91.9,96.7,75.3,79.8,63.4
20141002,11,PM10,,,,,,,,,,,,,,,,,,,,,,,,,,,,,,,,,,,
20141002,11,AQI,92,96,112,102,103,93,93,81,88,99,77,99,92,112,110,80,73,93,76,75,67,63,70,82,73,62,66,95,109,91,113,116,107,112,94
20141002,12,PM2.5,61.8,69.8,63,72.4,67.5,64.8,53.3,56.7,61.5,64.5,74.4,61.5,79.9,78.7,90.9,65.8,39.3,76.9,59.7,64.9,34.3,25.8,70.8,58.2,44.9,27,49.3,71.9,88.8,77.3,76.4,85.3,74.2,85.1,64.3
20141002,12,PM10,,,,,,,,,,,,,,,,,,,,,,,,,,,,,,,,,,,
20141002,12,AQI,91,95,111,101,103,92,93,81,88,99,78,98,93,110,108,80,70,94,76,76,67,62,71,82,72,60,67,94,109,90,113,115,106,111,92
20141002,13,PM2.5,46.5,60.8,42.7,68.9,50.9,50.8,46.4,42.3,62.2,72.4,77.6,83.1,79.1,84.1,96,57.5,45.1,43.4,63.7,53.9,36.8,23.1,68.3,31.4,34,23,38.4,,85.5,71.5,,82.7,42.7,75.4,50.7
20141002,13,PM10,,,,,,,,,,,,,,,,,,,,,,,,,,,,,,,,,,,
20141002,13,AQI,89,94,109,101,102,90,92,80,88,99,79,99,93,109,108,79,68,92,76,77,66,60,72,80,71,59,67,,109,89,,115,105,111,90
20141002,14,PM2.5,35.6,80.1,58.7,71.6,40.6,38.1,44.6,27.1,58.7,79.4,75.3,77.8,63.9,80.9,86.8,55.3,46.7,29.2,68.5,43.9,30.3,24.3,65.8,19.9,37.3,13.7,36.8,61.3,80,61.3,78.5,88.5,45.6,85.6,35.4
20141002,14,PM10,,,,,,,,,,,,,,,,,,,,,,,,,,,,,,,,,,,
20141002,14,AQI,88,94,108,101,100,88,90,78,88,100,79,99,93,109,106,78,67,90,77,77,64,58,72,77,70,56,66,89,109,87,111,115,104,111,87
20141002,15,PM2.5,42.1,72.4,66.4,70.7,33.4,34.5,55.5,17,58.5,75.8,48.5,85.3,62.5,69.6,82.4,48.1,50,26.4,76.9,40.3,32.2,20.7,57.5,22,32.9,18.9,30,71.6,83.9,50.1,86.6,80.7,38.6,83.7,29.1
20141002,15,PM10,,,,,,,,,,,,,,,,,,,,,,,,,,,,,,,,,,,
20141002,15,AQI,87,95,108,101,99,86,90,76,88,101,79,99,93,108,105,76,67,87,78,76,63,57,72,74,69,54,65,87,108,86,112,115,102,112,86
20141002,16,PM2.5,32.6,52.7,64.3,53.1,24,20.9,41.6,19.3,35.4,70,55.2,68.8,62.3,74,82.4,57.4,49.4,24.9,59,38.1,27.4,22.6,18.7,24,16.4,18.1,23.2,73.1,81.2,46.6,65.6,80,43.9,70.1,26.8
20141002,16,PM10,,,,,,,,,,,,,,,,,,,,,,,,,,,,,,,,,,,
20141002,16,AQI,85,94,108,101,96,84,89,74,86,101,79,99,93,108,106,76,67,84,78,75,62,55,70,71,68,53,64,86,107,84,111,115,101,111,84
20141002,17,PM2.5,38.7,55.1,68.7,54.9,23.4,23.5,58.7,23.1,36.7,57.3,56.6,59,54,76.9,71.9,65.4,49.1,14.8,15.7,37.2,23.5,21.7,10.1,9.7,15,21.9,29,71.6,69,51.1,74.8,70.5,54.4,67.3,22.6
20141002,17,PM10,,,,,,,,,,,,,,,,,,,,,,,,,,,,,,,,,,,
20141002,17,AQI,84,93,107,100,93,81,88,72,84,100,79,98,93,108,105,76,66,81,75,74,60,53,68,67,66,51,63,86,106,83,110,115,100,111,81
20141002,18,PM2.5,58.2,53.5,59.7,51.9,29.9,53.2,57.1,15.7,7.6,46.3,36.4,23.6,48.2,82.5,74.9,82,37.9,16.9,6.7,49.2,29,34.1,22,15.5,16.6,21.2,29.8,,87.2,53.8,70.4,80.8,70.4,67.3,30
20141002,18,PM10,,,,,,,,,,,,,,,,,,,,,,,,,,,,,,,,,,,
20141002,18,AQI,82,92,105,98,90,79,87,69,79,99,78,95,92,108,105,77,65,77,72,74,58,52,66,64,65,49,63,,107,82,109,114,99,109,78
20141002,19,PM2.5,53.3,55.3,61.4,67.5,49.6,36.8,55.2,6.5,4.4,63.1,55.5,20,67.1,88.5,81.6,86.5,46.7,19,10.4,57.4,27.2,45.5,28.2,18.7,15,23.7,48.1,73.8,69.5,56.2,93.3,105.5,77.6,79.6,53.9
20141002,19,PM10,,,,,,,,,,,,,,,,,,,,,,,,,,,,,,,,,,,
20141002,19,AQI,81,90,104,97,87,76,85,65,74,98,77,92,91,108,104,79,65,73,68,74,57,52,64,60,64,47,63,86,106,81,108,114,99,108,76
20141002,20,PM2.5,94.3,68.1,86.9,85.7,58.3,49.8,51.5,15.4,10.6,83.4,44.9,43,70.8,89.5,93,107,68.6,19,26.5,65.6,33.9,63.5,25.9,12.9,12.2,18.9,55,78.1,65,60.3,110.8,133.1,107.2,101.3,71.1
20141002,20,PM10,,,,,,,,,,,,,,,,,,,,,,,,,,,,,,,,,,,
20141002,20,AQI,81,88,103,96,86,74,83,62,70,98,76,89,91,107,104,81,66,70,66,74,55,52,63,56,62,45,63,86,106,81,109,116,99,109,76
20141002,21,PM2.5,115.7,81.9,88.7,90.9,58,73,38.7,17.5,11.8,87.2,59.7,46.7,72.4,96.3,105.8,108.2,70.8,15.6,13,71.6,32.3,50.8,22.2,13.5,9.8,20.4,49.4,81.9,66.3,78.5,125.9,125.9,116.9,103.8,90.8
20141002,21,PM10,,,,,,,,,,,,,,,,,,,,,,,,,,,,,,,,,,,
20141002,21,AQI,83,88,102,96,84,74,81,59,66,98,76,87,91,107,104,83,67,67,64,75,54,51,62,52,61,43,62,87,105,81,110,117,101,109,77
20141002,22,PM2.5,99.2,80.3,72.8,90.7,66.8,91.9,35.1,17.2,11.3,87.2,57.8,19,82.8,104.7,114.4,104.1,70.7,11,10.5,59.6,33,48.9,23.3,13.1,9.3,25.8,53.5,84.8,72.6,88.9,97.9,115,45.3,95.3,117.9
20141002,22,PM10,,,,,,,,,,,,,,,,,,,,,,,,,,,,,,,,,,,
20141002,22,AQI,84,87,101,97,83,75,78,56,63,97,76,83,91,108,105,86,68,64,61,76,53,51,61,49,59,42,62,88,104,82,111,118,99,109,79
20141002,23,PM2.5,107.7,77.8,58.2,68.7,112.1,111,51.4,23.3,54.6,87.1,43.4,31.4,79.2,97.6,107.7,103.3,65.3,8.5,13.3,52.3,21.6,41.5,31.9,10.3,14.2,21.9,62.2,91.7,81.2,83.4,83.4,111.4,86.1,91.6,120
20141002,23,PM10,,,,,,,,,,,,,,,,,,,,,,,,,,,,,,,,,,,
20141002,23,AQI,86,88,99,96,84,77,77,53,62,97,74,80,91,108,107,88,68,61,59,76,52,51,60,45,58,40,63,89,103,82,111,119,99,109,82
20141002,0,SO2,2,2,2,2,4.5,2,6.6,4.4,2,2,2,2,2,4.3,2.2,4.1,2,2,2,2.2,2,2,2,2,33,2,2,9.5,2,5,2,4.3,6.7,8.8,10.6
20141002,0,NO2,56.1,55.3,65.2,63,58.2,54.5,76.5,52.8,51.8,62.7,54.4,65,59.4,55.7,53.9,45.8,29.3,40.8,41.2,21.5,22.8,16.6,41.7,42.6,44.8,7,35.6,70,50.3,51.5,56.1,61.8,62.5,59.5,53.2
20141002,0,O3,2.4,2,2,2,2,2,2,2,2,2,2,2,2,2,5.5,2,11.2,2,2,22.8,9.9,24.3,2,2,2,20.3,14.4,2,2,2,2,2,2,2,2
20141002,0,CO,1.1,1.1,1.2,1.1,0.8,0.9,0.9,1,0.9,1.2,1.1,1,1,1.3,1.1,0.6,0.9,1,0.9,0.7,1,0.8,0.9,0.9,1.3,0.7,0.6,1,1.3,0.9,1,1.1,1.2,1.3,0.9
20141002,1,SO2,2,2,2,2,4.4,2,6.7,4.8,2,2,2,2,2,4.1,2.2,4,2,2,2,2.3,2,2,2,2,44.5,2,2,9.3,2,4.9,2,4.6,6.1,7.6,11.7
20141002,1,NO2,49,53.6,61.6,61.7,51,48.3,72.8,48.7,49.4,58.7,53.8,57.2,56.9,50.9,50.5,46.5,31.3,42.5,38.8,24,22.1,17.5,41.2,40.8,42.6,5.9,30.1,67.8,47.9,44.3,50.7,54,59.3,57.3,51.1
20141002,1,O3,3.9,2.1,2,2,2,2.9,2,2,2,2,2,2,2,2,6.2,2,5.3,2,2,16.3,4.7,21.9,2,2,2,19.1,21.5,2,2,2,2,2,2.1,2,2
20141002,1,CO,1.1,1,1.1,1,0.8,0.8,0.9,1,0.8,1.2,1,0.9,0.9,1.3,1,0.6,0.9,1,0.9,0.7,1,0.8,0.8,1,1.4,0.7,0.5,0.9,1.3,0.9,1,1,1,1.1,0.9
20141002,2,SO2,2.4,2,2,2,4.5,2,7.1,4.2,2,2.1,2,2.4,2,2,2.4,8.2,2,2,2,2,2,2,2,2,39.4,2,2,9,2,5,2,3,3.2,4.2,10.5
20141002,2,NO2,39.5,40.9,58.5,55.9,46.2,49.2,67.9,42.3,44,54,49.1,53.8,53.4,48,46.3,46.4,17.3,37,35,19.4,22.7,12.5,42.4,34.7,42.6,6.2,28.8,67.8,45.7,38.6,44.4,44.1,56.1,53.5,49.6
20141002,2,O3,7.6,3.1,2,2,2,2,2,2,2,2,2,2,2,2,9.5,2,24.5,2,2,23.2,2,17.7,2,2,2,20.6,21.3,2,2,2,2.3,3.6,3.1,2,2
20141002,2,CO,1,0.9,1,1,0.8,0.8,0.9,1,0.8,1.1,1,0.9,0.9,1.2,1,0.6,0.7,1,0.7,0.7,0.9,0.8,0.8,0.9,1.5,0.7,0.5,0.8,1.3,0.9,0.9,0.9,0.9,1,0.9
20141002,3,SO2,2,2,2,2,2.9,2,7.6,4.9,2,2,2,2,2,2,2,4.8,2,2,2,2,2,2,2,2,34,2,2,,2,5.1,2,2,4.1,2.7,10.9
20141002,3,NO2,40.1,33.5,54.7,48.4,38.5,47.2,66.8,37.1,35.9,51.7,45.2,55.8,47.8,42.5,42.1,41.4,20.7,38.6,33.7,15.6,24.7,20.7,42,31.6,43,6.5,28.8,,47.6,27.1,46,46.3,54.9,46.9,40.7
20141002,3,O3,5.1,2,2,2,2,2,2,2,2,2,2,2,2,2,10.7,2,14,2,2,23.7,2,6.3,2,2,2,20.1,18,,2,2,2,2,2.9,2,2
20141002,3,CO,1,0.9,1,1,0.7,0.9,0.9,1,0.7,1.1,1,0.8,1.1,1.2,0.9,0.6,0.7,1.1,0.1,0.6,0.9,0.7,0.9,0.9,1.4,0.7,0.5,,1.2,0.8,0.9,0.9,0.9,0.8,1
20141002,4,SO2,2,2,2,2,4.9,2,6.7,4.6,2,2,2,2,2,2,2,4.2,2,2,2,2,2,2,2,2,31.8,2,2,,2,4.9,2,3.2,4.9,4.2,9.6
20141002,4,NO2,44.6,33.8,54.7,50.7,39.9,45.4,61.1,45.1,34.9,50.1,38,53,45.7,42.2,40.4,43.2,29,35.9,24.7,16.2,16.2,23.6,39.7,29.1,43.2,8.1,26.2,,48.3,23.5,47,42,52.1,49,35.7
20141002,4,O3,2.2,2,2,2,2,2,2,2,2,2,2,3,2,2,9.3,2,2,2,2,17.8,3,9.3,2,2,2,14.9,15.9,,2,2,2,3.7,3.4,2,2
20141002,4,CO,1.1,0.9,1.1,1,0.7,0.9,0.9,1,0.7,1.1,1.1,0.8,1.1,1.1,1,0.5,0.8,1.1,0.5,0.7,0.9,0.8,0.9,0.9,1.4,0.8,0.5,,1.1,0.8,1,1.1,1,1,1
20141002,5,SO2,2,2,2,2,4,2,7.2,4.5,2,2,2,2,2,2,2,3.9,2,2,2,2,2,2,2,2,27.1,2,2,8.8,2,5.3,2,2,4.2,4,9.2
20141002,5,NO2,46.4,31.7,53.3,47.5,47.9,44.4,57.1,46.5,35.7,48.6,34.7,42.1,41,44.6,36.6,39.6,35.7,37.5,,19.5,21.2,17.7,38.1,27.9,43.9,8,25.1,61.8,46.7,21.9,48.1,36.4,49.6,52.9,44.2
20141002,5,O3,2.2,2,2,2,2,2,2,2,2,2,2,2,2,2,7.8,2,2,2,2,18.5,3.1,9.9,2,2,2,13.8,15.3,2,2,2,2,2.8,2.2,2,2
20141002,5,CO,1.2,0.9,1.1,1,0.8,0.9,0.9,1,0.8,1.1,1,1,1.2,1.1,1,0.5,0.9,1.1,0.7,0.7,0.9,0.8,0.9,0.9,1.3,0.7,0.5,0.9,1.1,0.8,1.1,1.1,1.1,1,1.1
20141002,6,SO2,2,2,2,2,3,2,7.5,4.9,2,2.1,2,2,2,2,2,3.9,2,2,2,2,2,2,2,2,28.5,2,2,,2,7.3,2,4.3,5.8,6.3,9.8
20141002,6,NO2,43.6,31.1,52.9,48.2,53,46,50.4,43.2,39.9,50,33,42.2,37.7,44,36.1,41,38.7,35.8,21.8,19.7,21.3,26.6,40.1,26.4,44.4,7,29.1,,44.1,30.8,48.8,49.3,51,56.8,40.2
20141002,6,O3,2.2,2,2.3,2,2,2,2,2,2,2,2,2,2,2,6.9,2,2,2,2,16.9,2.1,2,2,2,2,13.2,17.6,,2,2,2,2.3,2,2,2
20141002,6,CO,1.2,1,1.1,1.1,0.9,1,0.9,0.9,0.8,1.4,0.9,1.1,1.2,1.1,1,0.5,0.9,1.1,0.8,0.7,0.9,1,1,0.9,1.4,0.8,0.5,,1.1,0.9,1.1,1.3,1.1,1.2,1.2
20141002,7,SO2,2,2,2,2,4.5,2,7.6,4.8,2,2.5,2,2,2,2,2,4,2,2,2,2,2,2,2,2,31.7,2,2,8.9,2,4.6,2,9.7,4.9,10.8,11.3
20141002,7,NO2,45.3,29.1,51.3,46.7,49.6,48.6,52.7,39.1,34.3,50.2,28.2,39.8,33.2,41.4,34.8,41.4,37.7,33.5,21.1,24.6,20.4,22.4,40,24,43.2,7.3,25.1,57.8,39.9,22.6,46.1,58.7,49.5,64.9,47.4
20141002,7,O3,2.9,2.2,2.5,2,2,2,2,2,2,2,2,3.1,2,2,6.5,2,2,2,2,11.1,2,2.5,2,2,2,11.5,16.1,2,2,2,2,2,2,2,2
20141002,7,CO,1.3,1.1,1.2,1.1,1,1.1,0.9,0.9,0.8,1.8,0.9,1.1,1.2,1.2,1.1,0.6,1,1,0.8,0.7,0.8,1,1,1,1.4,0.8,0.5,0.9,1.1,0.8,1.2,1.6,1.2,1.5,1.3
20141002,8,SO2,2,2,2,2,5.2,2,8.5,4.8,2,2.6,2,2,2,2,2,4.1,2,2,2,2,2,2,2,2,30.7,2,2,9,2,5.8,2,8.9,6,12.5,10.8
20141002,8,NO2,44.9,30.2,51.7,51.3,54.9,49.1,,36,26.8,51.6,23.7,36.2,35.5,47.8,37,40.1,29.2,31.3,20.3,20,17.2,21.8,41.9,20.2,39.7,4.8,24.9,57.4,36.1,28.2,47.2,66.6,55.2,71.7,58
20141002,8,O3,4.6,2,5.2,2,2,2,2,2,4,2,2,2.9,2,2,2,2,3.2,2,2,18.5,3.9,4.2,2,2,3.1,15.9,18.5,2,2,2,2.7,2,2,2,2
20141002,8,CO,1.3,1.1,1.2,1.3,1,1.2,1,0.9,0.8,1.6,0.9,1.1,1.4,1.4,1.2,0.6,1,1.2,0.9,0.7,0.9,1.1,1,1,1.2,0.8,0.5,0.9,1.1,1,1.1,1.6,1.3,1.7,1.5
20141002,9,SO2,2,2,4.3,2,5.2,2,9.6,4.4,2,3.3,2,2,2.6,2,2,6.3,2,2,2,2,2,3.2,2,2,41.1,2,2,8.7,2,5.5,2,4.7,7.3,11.2,10.3
20141002,9,NO2,46.7,49.5,55.2,59.4,62.2,47.7,,37.5,39,60.1,29.6,48.5,50.8,52.6,40,43.4,26.7,34.4,26.2,19,17.6,21.3,39,20.8,37.7,3.6,26.7,57.6,39.6,46.5,48.7,66.1,60.6,77.5,58.5
20141002,9,O3,8,4.4,9.3,5.2,2,5.5,2,2,2.7,2,4.7,4.6,2,2,4.4,2,6.8,2.6,3.3,22.3,8.4,11.7,3.6,2.5,8.3,21.8,19.3,2.7,2,3.2,5.7,3.1,3.8,2,2
20141002,9,CO,1.3,1.1,1.3,1.3,1,1,1.2,0.9,1,1.5,0.9,1.1,1.2,1.4,1.1,0.6,1,1.2,0.9,0.7,0.9,1,1,1,1.2,0.8,0.5,0.9,1.1,1.1,1.2,1.2,1.4,1.7,1.1
20141002,10,SO2,4.8,3.3,9.5,2.8,5.5,4.6,11,4.5,3.3,5.5,3.3,3.8,4.6,2.7,4.3,7.7,2.5,2.7,2.2,2,2,4.6,3,4.9,46.2,2,3.1,9.8,2,5.3,2.4,9.4,7.8,9.2,11.8
20141002,10,NO2,44.7,54.1,52,67.9,63.5,40,71.2,41.7,37,55.3,44.3,41.7,54.8,47.7,36.1,35.4,24.7,40.7,34.4,23.8,15.6,15.7,36.4,27.3,36.4,3.9,27.8,55.5,40.8,48.5,48,67.2,58.6,87.4,56.4
20141002,10,O3,15.6,8.5,16.3,8.4,2,15.1,2,2.4,12.6,2,15.5,12.8,5.7,11.6,12.8,8.2,18.5,6.2,7.2,26,17.5,24.4,6.8,3.5,11.6,28.9,22,6.1,4,5.6,8.6,7.8,6.8,2,5.9
20141002,10,CO,1.1,1,1.2,1.3,1,0.9,1.1,0.9,0.9,1.1,1,1,1.1,1,1,0.5,0.8,1.3,0.8,0.8,0.8,0.9,1,1.1,1.2,0.9,0.5,0.8,1,1.1,1.2,1.1,1.1,1.6,0.9
20141002,11,SO2,10.1,5.8,13.5,6.4,12,10.6,15.1,7.3,6.9,9.4,4.4,7.7,3.4,6.2,8.3,9.5,5.2,4.9,7.3,2.8,2.9,4.3,9.7,7.4,57.5,2,5.8,10.7,2,6.8,7.1,12.9,12.7,10.5,20.2
20141002,11,NO2,45.7,66.7,53.2,73.7,61.1,50.2,65.6,44.3,35.7,57.6,45.4,45.4,55.4,49.9,45.5,41.1,28.7,42.6,37.6,20.1,17.1,12.8,35.7,32.3,32.8,3.4,29.1,50.8,41.9,42.1,64.1,80.4,62.3,88.5,55.4
20141002,11,O3,22.5,11.8,19.3,14.3,5.4,19.7,2,4.4,18.4,5.1,18.4,21.6,5,19.6,22.9,16.2,23.7,4.8,15.6,41.9,24.8,40.5,13.7,5.3,22.9,36.8,29.4,9.1,17.5,17.7,11,10.5,9.5,2,9.5
20141002,11,CO,1.1,1.1,1.2,1.3,1.2,1,1,1,0.8,1.1,1,1,1.1,1,1.1,0.5,0.8,1.4,0.8,0.8,0.8,0.8,1,1.1,1.1,0.8,0.6,0.8,1,0.9,1.3,1.3,1.1,1.6,0.9
20141002,12,SO2,14.2,12.1,19.8,11.6,15.6,15.2,21.7,10.7,7.4,11.4,4.9,9,4.4,7.6,9.3,13.1,5,7.7,6.1,4.5,2.9,3,25,13.8,48.6,2,6.3,12.4,4.5,8.2,13.8,14.6,24,13.6,24.8
20141002,12,NO2,50.4,63.7,46.4,68.7,56.6,55.3,53.9,41,43.9,56.8,49.1,50.8,57.1,48.9,50.7,45.2,33.2,43.6,42.4,17.2,16.7,12.9,34,39.4,28,3,27,48.9,41.4,35.6,50.5,71.7,56.1,85.8,53.7
20141002,12,O3,26,22,29.6,21.9,12.3,26.2,14.1,9.3,26.1,18.9,25.5,32.9,15.3,34.2,31.1,23.2,25.5,12.2,24.4,61.8,34,57.1,20.9,12.9,33.6,53.7,58.2,16.5,25.6,25.6,22.1,21,16.8,2,16.4
20141002,12,CO,1.1,1.1,1,1.2,1.1,1.1,,0.9,0.9,1,1.1,0.9,1.1,1,1.1,0.5,0.8,1.3,0.8,0.8,0.8,0.6,1,1,1,0.8,0.5,0.8,1,0.8,1.1,1.1,0.9,1.5,0.9
20141002,13,SO2,16.2,13,13.9,9.2,17.5,14.5,16.6,13.9,5.7,7.6,5.5,6.7,4.2,4.8,10.8,16.1,5.2,9.8,5,3.5,2.9,2.6,15,14.3,30,2,4.5,,6.1,7.2,,14.1,21.7,13.1,26.3
20141002,13,NO2,35,64.1,39.2,70.1,41.3,47.3,52,32.1,44.5,55.4,42.2,56.4,56.7,42.6,61.6,47.8,35.4,24.9,42.9,13.4,17.6,14.1,40,18.9,32.1,2,26.8,,29.8,33.7,,74.1,45.2,89.4,46.6
20141002,13,O3,39.4,28.6,45.3,33.3,25,37.6,26.6,24.1,36.7,34.2,50.7,44,35.2,46.6,42.9,30.4,40.5,38,36.8,78.6,46.2,69.2,10.6,45.1,36.7,74.5,70.3,,46.2,37.3,,28.3,31.2,5.3,26.8
20141002,13,CO,0.8,1,0.8,1.1,0.8,1,0.7,0.7,0.8,1,0.9,1,1,0.9,1.1,0.4,0.8,0.8,0.8,0.7,0.8,0.6,1,0.6,0.8,0.6,0.5,,0.9,0.7,,1.1,0.7,1.2,0.7
20141002,14,SO2,11.7,9.3,8.7,5.6,12.7,11.7,13.9,9.8,4.6,6.1,4.1,5.6,3,3.8,9.6,14.8,4.8,8.5,2.6,2,3,2,7.2,12.6,22.8,2,3.7,13.5,4.6,7.3,10.9,10.8,14.3,13.9,23
20141002,14,NO2,33.3,66.4,51.3,60.3,36.5,34.8,58.4,25.4,47.1,56.6,40.2,50.8,46.8,36.3,52.6,45.3,35.9,13.5,42.9,13.2,17.8,13.1,38.6,11.6,31.5,2,25.1,44.9,28.3,26.2,78.3,67.7,47.7,92.6,32.1
20141002,14,O3,48.1,43.3,52.7,50.3,36.3,50.5,33,39.2,46.3,43.8,93.8,60.6,52.7,61.4,60.1,39.4,48.5,54.1,88.6,81.3,57,76,10.9,54.8,35.7,81.9,77.7,34.2,54.7,60.6,25.8,44.1,38,8.2,39.1
20141002,14,CO,0.7,1,0.9,1,0.6,0.8,0.6,0.6,0.7,0.9,0.9,0.9,0.9,0.9,1,0.3,0.8,0.5,0.8,0.6,0.7,0.5,1.1,0.5,0.8,0.5,0.4,0.7,0.9,0.6,1.1,1,0.6,1.1,0.5
20141002,15,SO2,7.7,5.3,5.9,3.3,8.4,7.6,12.1,10.2,4.1,4.3,2.5,3.8,2.1,2.7,6.2,12,4.2,10.7,2.3,2,3.6,2,7.4,11.3,19.7,2,2.9,13.5,4.2,6.8,5.6,7,10.9,11.3,18.7
20141002,15,NO2,46.5,58.1,60.3,60.7,35.2,32.4,77.7,20.4,46.7,59.9,31.6,52.6,41.8,36.5,44.6,45,32.3,15.9,45,13.5,17,14.6,39.6,12.6,31.5,2,25.3,48.9,27.5,21.8,83.9,65.1,53.8,95.6,30.3
20141002,15,O3,48.4,50.1,49.3,50.3,38.2,56.6,24.7,44.5,55.9,50.2,70.9,94.3,40.7,77.6,70.9,40.6,54,50.9,115.2,79.8,62.4,76.2,14.2,54,36.9,80.7,79.8,37.8,59.9,74.3,24.7,44.9,35.8,7,44.3
20141002,15,CO,0.8,0.8,0.9,1,0.4,0.6,0.7,0.5,0.7,0.9,0.8,0.9,0.9,0.8,0.9,0.3,0.8,0.6,0.8,0.6,0.7,0.5,1,0.5,0.7,0.5,0.4,0.7,0.9,0.5,1.1,0.9,0.6,1.1,0.4
20141002,16,SO2,6.5,4.6,5.5,2.5,9.5,7.1,10.6,13.8,3,3.7,2,2.7,2.3,2,4.3,12.5,4.4,11.9,2,2,5.5,2,2,9,7.1,2,2.6,13.1,4.2,6.5,6.1,6.7,9.3,10.2,17.5
20141002,16,NO2,34.7,53.8,56.8,57,25.6,27.1,73.9,18.2,29.9,57.6,36.1,46.6,44.8,37.4,43.2,54.9,33.7,20.9,32.8,14.8,14.6,25.3,12.2,14.7,22.7,2,24.5,49.9,28.1,20,80.6,60.8,48,98.6,31.4
20141002,16,O3,50.5,47.5,56.4,50.2,44.7,58.9,23.1,49.8,74.9,61.4,57.3,86.7,46.9,80.8,71.3,37.6,53.5,47,84.3,81.8,65.1,66.9,54.5,52.4,52,78.5,81,45.1,62.5,79.8,24,43.6,44.4,8.8,41.5
20141002,16,CO,0.6,0.8,0.9,0.9,0.4,0.5,0.6,0.4,0.5,0.9,0.8,0.8,0.9,0.8,0.9,0.3,0.8,0.6,0.6,0.6,0.6,0.6,0.4,0.4,0.4,0.5,0.3,0.7,0.9,0.5,1,0.8,0.6,1,0.4
20141002,17,SO2,5.7,4.3,3.3,2,12.9,8,8.6,15.6,3.1,3.1,2.6,2.8,2,2,4.2,11.8,5.3,6.8,2.5,2,2.3,2,2,3.5,4.5,2,2.7,11.4,2.7,4.6,5.4,6.1,10.8,9,17.2
20141002,17,NO2,52,53.6,67.6,58.2,28.1,31.1,99,24.6,14.5,45.8,35.4,52.2,46.7,40.7,43.3,66.6,31.2,26.6,8.9,20.8,23.1,23.4,10.4,12.8,39.8,2,27.4,46,16.3,25.4,92.7,64.1,74.4,101.2,50.6
20141002,17,O3,46.8,54.8,54.3,55.3,41.3,50,20.2,41.4,77.1,59.9,62.3,62.1,53.2,74.9,78.2,36.3,54.3,43.2,66.9,70.8,53.3,64.8,59.2,44.5,40.6,79.3,69.2,40.4,75.4,72.8,19.5,50.3,30.6,8.4,22.5
20141002,17,CO,0.7,0.8,0.9,0.9,0.4,0.5,0.7,0.5,0.3,0.7,0.8,0.7,0.8,0.8,0.8,0.5,0.7,0.5,0.3,0.6,0.6,0.5,0.3,0.4,0.4,0.5,0.4,0.7,0.7,0.6,1,0.8,0.8,1,0.6
20141002,18,SO2,3.9,2,2.2,2,11.4,4.8,2,8.4,2,2.6,2.5,5.8,2,2.4,3,10.2,5.1,3.2,2.1,2,2,2,2,2,13.8,2,2,,2,4.5,2,3.9,8.6,7,15
20141002,18,NO2,73.6,51,71.8,63.2,57.9,68,96.7,18.9,9,60.2,26.5,38.1,60.9,51.6,44.6,69.3,34.1,37.8,7.9,38.6,30.5,28.7,36.1,14,53.9,2.5,30,,35.3,33.3,100.6,82,95.5,92.9,66.2
20141002,18,O3,38.9,37.8,43.3,39.8,18,34.4,16.3,48.6,65.9,32.3,61.8,59,38.5,56,76.7,31.2,43.8,34.4,69,40.8,39.6,52.9,32.8,31.8,28.8,72.9,56.1,,29.3,51.3,11.9,32,16.9,4,7.3
20141002,18,CO,1,0.8,1,0.9,0.5,0.8,0.7,0.3,0.2,0.8,0.6,0.5,0.9,0.9,0.8,0.5,0.7,0.5,0.2,0.7,0.7,0.6,0.5,0.4,0.5,0.5,0.4,,0.8,0.6,1.2,0.8,1,1,0.7
20141002,19,SO2,3.5,2,2,2,6.3,4.4,7.4,5.2,2,2,2,2.8,2,2,2.4,8.3,2.5,3.6,2,2.2,2,2,2,2,17.6,2,2.6,10.2,2,4.2,2,8.6,5.3,5.8,11
20141002,19,NO2,81,54.2,84.4,82.1,86.6,73,116.3,29.5,9.4,88.5,42.3,53.9,72.5,73,61.7,83.4,60,60.4,29.1,54.7,43.4,63.4,64.4,24.5,56.9,3.6,40.6,60.1,24.1,36.9,106.5,113.2,98.9,98.1,84
20141002,19,O3,19.8,16.1,19.3,15.9,2,4.9,2,34.6,59.9,2,45.5,38.8,16.9,25.8,50.2,11.6,12.8,10.7,43.9,25.9,19.3,9.8,5,17.2,19.4,61.3,58.1,15.2,2.9,26,2,2.3,3.2,2,2
20141002,19,CO,1,0.8,1.4,1.1,0.9,0.8,1,0.4,0.2,1.1,0.8,0.5,1.1,1,1,0.5,0.8,0.6,0.2,1,0.9,1.2,0.8,0.5,0.5,0.5,0.5,0.7,0.8,0.6,1.6,1.5,1.8,1.2,1.3
20141002,20,SO2,2.5,2,2,2,7.8,3.5,8.1,4.7,4.2,2,2,2.1,2,2,2,8.1,2,2,2,2,2,2.1,2,2.7,10.8,2,3.8,9.4,2,4.1,2,13,5.8,5.9,10.5
20141002,20,NO2,105.3,52.6,102.7,90.2,81.7,85.1,104,39,6.7,85.3,45.7,71.6,75,72.1,83.6,92.7,68.5,39.4,59.9,32.8,27.7,62.4,56,22.8,30.7,3.2,40.9,58.2,19.2,40.2,104.1,122.3,93.5,100.2,85.4
20141002,20,O3,7.7,2,6.3,3,2,2,2,15.6,70.8,2,37.3,15.4,11.7,19.3,23.2,2,8.7,15.4,5.5,50,23.6,2,6.7,26.2,29.5,40.6,57.1,10.9,5.3,14.6,2,2,2.4,2,2
20141002,20,CO,1.5,1,1.5,1.4,1.6,1.1,0.9,0.5,0.2,1.1,0.8,0.9,1.1,1,1.1,0.9,1,0.5,0.5,0.9,0.8,1.5,0.7,0.4,0.5,0.5,0.5,0.7,0.8,0.6,1.8,2,2.5,1.5,1.3
20141002,21,SO2,2,2,2.2,2,7,2.6,10.8,5.7,2,2,2.4,2.7,2,2,2.1,7.8,2,2,2,2,2,6.1,2,2.7,8,2,3.2,8.4,2,4.5,2,8.8,5,5.8,11.8
20141002,21,NO2,104.6,51.5,93.4,89.9,79.3,92.9,91.8,36,11.6,79.6,55.1,73.2,83.5,78,81.2,83.6,65.9,24,51.8,28.7,23.4,49.7,57.5,14.8,21.8,3.8,34.8,52.7,20.2,51,98.8,114.1,91.3,95.6,96.7
20141002,21,O3,5.4,2,5,2,2,2,2,19.8,52.6,2,21.4,8.6,2.7,4.6,14.8,2,2,30.5,10.9,43.5,18.9,2,3.2,32.8,30.9,33.4,55.5,6.4,2,16.8,2,2,2,2,2
20141002,21,CO,2,1.2,1.9,1.5,1.3,1.5,1.1,0.5,0.2,1.3,0.9,1,1,1.1,1.2,0.9,1.1,0.4,0.4,0.9,0.9,1,0.7,0.4,0.4,0.5,0.5,0.8,0.7,0.7,2,1.7,2.7,1.4,1.9
20141002,22,SO2,2.6,2,3.3,2,7.5,2.8,8.8,4.7,4.1,2.1,2,3.1,2.3,2,2.1,7.9,2,2,2,2,2,5.1,2,2,5.8,2,4.1,8.2,2,4.7,2,10.8,10.6,5.8,12.2
20141002,22,NO2,93.4,54.9,80.2,82.3,87.2,88.6,85.7,35.1,20,80.2,47.9,50.6,75.3,79.2,84.2,76.1,57.8,14.1,18.9,24.6,27,44.3,53.3,9.4,21.4,3.6,36.4,60.3,24.3,49.3,89.7,100.1,76.8,86.8,104.4
20141002,22,O3,4.6,2.3,3.6,2,2,2,2,6.8,46.4,2,25,21.4,2,2,9.8,2,2,36.5,37.8,29.4,10.6,2,2.2,32.2,32.1,31.6,46.6,4.5,2,6.1,2,2,2,2,2
20141002,22,CO,2.1,1.5,1.7,1.6,1.1,1.8,1,0.5,0.3,1.5,0.8,0.4,1.4,1.2,1.3,0.7,1.1,0.3,0.2,0.9,0.9,0.9,0.8,0.4,0.4,0.4,0.8,0.8,0.8,0.7,1.6,1.8,1.1,1.3,2
20141002,23,SO2,2.3,2,3.3,2,7.2,2.5,10.8,4.4,2,3.6,2,2.4,2,2.1,2,7.4,2,2,2,2,2,2,2,2,5.5,2,12.5,8.6,2,4.4,2,9.9,7,6.2,10.5
20141002,23,NO2,89,49.8,81.4,74.2,93.1,85,88.9,42.3,62.7,74.5,45.3,66.3,63.7,72,77.1,69.1,51.3,21.2,39.4,19,10.9,37.5,44.8,7.2,18.8,3.5,55.2,64.2,21.7,49.7,74.9,90.9,85.1,84,85.7
20141002,23,O3,3.3,2.2,2.5,2,2,2,2,2,14.3,2,17.3,5.9,2,2,2,2,8,30.4,13.4,29.7,24.1,2,2,36.2,36.8,28.2,22.3,4.8,2,2,2,2,2,2,2
20141002,23,CO,2,1.4,1.3,1.3,1.3,1.6,1.1,0.6,0.7,1.7,0.7,0.8,1.4,1.3,1.2,0.7,0.9,0.4,0.3,0.8,0.6,0.8,0.7,0.3,0.4,0.4,2.2,0.8,0.8,0.7,1.7,1.7,1.4,1.4,1.7
