date,hour,type,dongsi,tiantan,guanyuan,wanshouxigong,aotizhongxing,nongzhanguan,wanliu,beibuxingqu,zhiwuyuan,fentaihuayuan,yungang,gucheng,fangshan,daxing,yizhuang,tongzhou,shunyi,changping,mengtougou,pinggu,huairou,miyun,yanqing,dingling,badaling,miyunshuiku,donggaocun,yongledian,yufa,liulihe,qianmeng,yongdingmengxi,xizhimengbei,nansanhuan,dongsihuan
20140630,0,PM2.5,88.6,76,68.5,77.1,83,66.5,78.3,63.4,60.1,78.8,78,85.5,72,74.2,73.9,91.6,79.6,55.3,68.7,30.4,55.5,41.7,68.5,47.5,41.6,31.6,49.1,74.3,,183.6,92.5,86,78.5,89.9,70
20140630,0,PM10,,145,110.1,131.4,,104.9,158.1,,111.2,,128.9,190.8,,124.2,125.7,147.3,196.8,89.7,99.9,47.3,81.2,,89,82,,44.6,135.6,,93.2,191.8,142.1,128.6,117.1,147.9,90.7
20140630,0,AQI,80,88,73,81,67,74,79,59,74,81,70,88,73,81,100,114,63,63,66,57,72,36,60,61,80,41,65,115,75,131,86,82,76,115,94
20140630,1,PM2.5,75.2,64.4,59.1,69.1,65,63.6,68.9,37,53.8,72.9,65,88,69.2,63.6,79.8,93.3,85.9,51.3,48.3,31.7,54.4,33.9,66.3,55,40.7,32.2,52.1,63.5,,194.6,75.6,66,63.9,76.8,67.6
20140630,1,PM10,,,83.7,122.9,,105,111.6,,95.2,,88.1,195,107,100.9,118.5,104.4,190.3,84.5,66.3,52.3,87.8,,72,87.4,,36.9,133.9,,112.9,218.5,118.7,99.6,79.2,164.4,113.3
20140630,1,AQI,82,84,72,82,67,74,77,60,63,83,70,86,74,82,102,115,67,62,67,58,59,37,61,62,72,43,67,116,76,135,88,83,75,114,92
20140630,2,PM2.5,66.5,62.3,60.3,68.6,80.2,59.8,71.6,34.2,52.4,73.2,70.8,93,55.6,79,79.6,84.2,91.4,57.2,47.2,35.9,54.9,24.1,70.6,53.3,42.2,32.9,54,62.3,,174.1,79.6,66.5,59.7,69.4,68.6
20140630,2,PM10,,,87.2,118,,87.7,132.1,,92.6,,154.7,270.8,,103.9,110,140.1,156,85.4,48.2,58.4,86,,,88,,48.4,130.4,,90.2,181.6,115.2,102.3,96.8,113,175.1
20140630,2,AQI,83,85,72,82,69,73,76,60,64,84,72,89,75,84,103,116,69,63,67,58,60,38,61,63,61,44,70,116,76,136,89,85,75,112,90
20140630,3,PM2.5,71.6,61.2,54.9,68.7,93.7,61.9,77.8,51.2,46.6,81.9,73.1,90.2,48.9,78.4,71.3,90.5,83.1,60.7,42,36.2,61.5,29.8,65.1,59.8,43.3,36.3,65.5,74.7,,184.5,69.2,69.4,64.1,,83.8
20140630,3,PM10,,,90.8,96.4,,106.4,180.8,,74,,99.5,192.4,,91.7,92.8,141.2,106.1,92.6,47.3,53.6,110.6,,81.6,86.3,46.4,50.5,210.2,,93.5,206.7,114.8,157.8,142.9,,282.8
20140630,3,AQI,84,86,71,82,72,73,77,61,64,84,73,91,75,86,103,117,70,64,67,58,62,39,64,64,53,46,72,118,77,138,90,86,76,,91
20140630,4,PM2.5,77.2,68.9,66.8,67.3,88.7,76.4,65.5,45.6,39.8,86.7,69.7,61.6,45.9,93.8,78.4,103.5,84.6,62.6,35.6,37.8,58.7,21.5,63.4,68.5,48.1,38.1,57.2,74.7,,177.3,85.1,71.8,85.6,,103.5
20140630,4,PM10,,,154.9,113.3,,175.2,160,87.9,89.4,,94.8,88.7,,127.3,117.2,137.5,129.3,96.5,46,45.9,100.6,,,100.8,,54.1,143.3,,88.9,189.6,125.2,130,179.7,,346.4
20140630,4,AQI,87,89,73,84,76,75,79,83,65,85,75,92,76,88,104,120,72,65,67,58,64,40,66,66,55,47,74,120,78,141,93,88,78,,95
20140630,5,PM2.5,94.3,86.9,73.3,67.2,100.3,93,69,50.6,55.2,79.9,52.1,54.9,51.2,100.8,94.3,109,54.5,68,35.4,41.1,55.7,31.3,62.9,73.1,53.7,39.3,49.3,84,,150.3,86.9,83.3,94.4,,105.4
20140630,5,PM10,,,178.6,119.9,,195.1,187.1,99.8,118.6,,64,134.4,,109.1,141.4,121,90.2,96.3,57.7,54.2,74.8,,84.2,85.9,,42,86.2,,90,166.7,189.9,122,221.8,,258.9
20140630,5,AQI,90,91,75,86,80,78,82,84,67,87,77,93,76,90,105,124,72,66,68,59,65,42,68,67,56,47,74,122,79,141,96,90,82,,99
20140630,6,PM2.5,105.6,86.2,79.8,89.9,82.1,94.1,66.9,57.8,51.9,74.6,47.1,68,69.6,104.7,103,124.2,51.1,74.3,39,40.7,58.8,29.2,76.8,72.9,48.6,43.7,49.4,84.2,,145.1,111,95.6,89.4,,89.5
20140630,6,PM10,,,159.9,199.8,,165.9,152.8,136.4,109.2,,81.2,145.6,,118.9,157.2,207.9,52.5,98.5,64.4,71,89.2,,78.9,100.4,,52,76.3,,116.7,167.2,223.5,249,154.5,,219.3
20140630,6,AQI,94,94,78,89,83,82,84,86,69,90,78,95,79,94,108,126,73,67,68,60,66,43,71,68,58,48,74,123,80,143,100,94,85,,102
20140630,7,PM2.5,85,98.8,66.9,89.1,64.2,81.9,66.3,60.8,55.7,75.3,52.6,68.6,67.9,103.4,109.5,120.2,52.7,72.7,35.8,44.8,62.5,33.3,84.4,74.5,54.7,45.8,49.6,105.6,,122.8,94.9,89.7,74.9,,84.9
20140630,7,PM10,,,117,172.1,,161.9,160.1,138.6,109.8,,113.9,124.5,,129.5,156.1,223,72.2,101.7,70.8,93.4,119.4,,99.5,101.6,,65,92.9,,104.4,167.1,152.7,180.3,101.2,,159.4
20140630,7,AQI,97,97,79,92,85,85,86,88,70,93,80,96,81,97,111,123,74,68,69,61,67,44,74,69,59,50,74,122,80,146,104,97,85,,103
20140630,8,PM2.5,87.1,100.7,65.4,85.6,65.5,74,70.2,73.2,54.2,84.2,60.8,63.6,74.2,107.3,129.7,119.5,47.6,70.7,35.2,50.2,57.9,31,86.5,74.3,63.4,45.9,56.9,98.2,,189,92.4,92.3,66.3,,84.1
20140630,8,PM10,,,101,149.7,,127.1,152.8,161.8,113.2,,110.7,134.4,,153,217.6,209.7,84.2,88.3,58.2,95.9,100.5,,113.2,126.3,,50.8,100.9,,143.7,201,154.7,188.3,83.5,,163.6
20140630,8,AQI,96,98,79,93,87,84,87,90,71,95,82,97,84,100,112,121,75,68,69,62,69,44,77,71,61,51,75,117,79,153,105,98,84,,102
20140630,9,PM2.5,80.8,95.8,56.8,81.4,68.8,68,61.2,56.5,61.1,81.4,,64.8,73.4,128.2,144.1,132.2,45.8,69,35.5,53.8,62.6,33.1,76.1,69.1,66.6,47.8,75.5,113.5,,143.8,100.4,100.7,70.4,,73.4
20140630,9,PM10,,,125.8,162.5,,115.3,106.1,90.6,132.2,,107.2,125.5,,216.8,182.5,194.8,86,122.5,66,102.8,127.9,,91.5,133.1,,72.7,230.7,,215.5,,154.7,122.2,134.4,,143.5
20140630,9,AQI,94,96,78,92,89,83,88,89,73,95,83,97,85,103,111,121,75,70,70,63,70,51,79,72,63,52,76,111,80,159,102,96,84,,102
20140630,10,PM2.5,77.5,100,66.8,76.5,75.6,65.7,79.5,,66.9,80.5,,71.8,94.9,128,134.3,135.2,54.1,63,44,66.2,66.1,41.1,72.9,67.2,66.7,46.2,84.9,120.4,,,91.2,97.8,72.7,,81
20140630,10,PM10,,156.3,135.2,152.4,,127.4,151.3,,148.7,,129.6,146.6,,235.8,178.2,203.4,103,103.4,108.2,161.7,130.8,,80.1,113.9,74,63.3,335.1,160.1,186.9,141.4,155.3,149.7,134.9,,147
20140630,10,AQI,95,95,79,90,91,84,89,70,74,94,83,97,87,105,110,122,77,75,71,65,72,54,81,78,65,52,81,107,79,162,101,95,86,,104
20140630,11,PM2.5,81.4,100.6,76.8,84.4,75.2,76.1,78.1,49.1,69.9,80.2,42.1,76.4,,136.7,125.3,131.1,98.5,66.9,63.6,79.5,61.7,33.6,63.6,67.6,56.1,44.7,,123.9,,61.3,96.7,105,79.4,,85.7
20140630,11,PM10,,201.8,133.3,145.4,,137.3,143.9,,158.2,,135.8,152,,167.4,167.1,183.8,146.5,114.4,151,221.4,110.3,,85.6,118.4,,83.9,315.7,167.3,212.4,197.4,157.9,179.2,151.5,,161.9
20140630,11,AQI,96,96,80,90,93,85,90,92,76,94,83,112,87,106,109,124,80,108,105,68,74,78,83,108,67,55,86,104,81,161,101,95,87,,104
20140630,12,PM2.5,98,112.3,81,99.7,83.7,97.3,93.4,75.7,71,98.7,92.4,89.8,60.3,130.8,128,131.1,114.9,72.9,73.8,78.2,71.5,36.5,58.5,,49,,44.7,122.4,,116.4,118.4,114.3,92.7,120.9,114.8
20140630,12,PM10,,176.6,146.8,174.6,,173.4,162.2,166.1,139.2,,172.7,153.9,,151.2,177.9,214.8,171.7,115.4,135.7,202,120,,,,64.9,60.8,,165,223.8,195.7,177.2,168.5,163.9,,208.5
20140630,12,AQI,97,114,102,107,96,116,103,121,132,105,105,129,86,124,124,126,115,124,131,70,106,94,85,116,108,81,88,103,83,164,103,96,90,109,106
20140630,13,PM2.5,124.6,121.1,100.4,106.3,110.7,116.4,105.2,80.1,82.9,119.2,113.7,105.7,124.5,112.3,112,134.4,124.8,65.3,83,86.8,78.2,39.9,58.1,,56,,85.8,117.4,,128.2,132.5,120.2,107.7,123.9,125.5
20140630,13,PM10,,153.5,163.8,183.4,,187.2,169.8,170.3,150.8,,166.3,212.2,,122.7,133.5,148.6,213.5,107.6,126.9,185,120.1,130.2,80.6,,100.6,376.6,245.8,164.1,210.1,200.8,185,151.1,138.1,,200.5
20140630,13,AQI,132,157,130,152,126,153,116,141,151,147,138,143,128,149,140,142,146,135,141,116,127,104,104,119,129,85,93,112,85,168,108,129,107,111,115
20140630,14,PM2.5,105.1,116.2,96.3,95.4,114.2,97.5,121.7,86.6,84.9,101.2,98.4,107.9,96.4,112.6,90.1,136.2,,91,97.6,94.4,80.4,56.4,56.7,46.5,66.5,33.9,92.4,114.3,,98.9,111,98,113.6,102.1,106.3
20140630,14,PM10,,126.9,114.5,150.5,,146.4,197,170.3,160.4,,119.5,153.5,,,116.8,141.6,132,129.5,158.8,152.7,142,177.1,,136.7,142,69.1,185.8,142.9,114.1,126.3,149.3,118.1,,,156.1
20140630,14,AQI,152,166,154,165,155,174,144,149,157,153,141,165,111,139,131,154,91,166,157,144,145,111,120,142,154,96,102,119,85,169,122,138,131,112,140
20140630,15,PM2.5,89.4,87.8,71.3,77.7,101.7,73.4,81.9,80.8,68.5,76.1,75.4,79.7,96.4,103.2,85.5,105.2,63.4,91.7,72.8,79.4,90.4,46.3,80,81.2,86.8,51.6,70.5,75.1,,79.6,93.4,81.9,87.8,,85.2
20140630,15,PM10,,112,99,114.1,,118.8,,150.3,108.8,,105.7,125.3,,,99.2,,170.6,143,80.6,106.9,151.6,79.8,117.6,120.9,117.4,75.5,128.1,104.5,82.8,112.1,107.3,96.2,,,96.2
20140630,15,AQI,128,142,132,136,140,149,113,138,140,130,136,142,119,132,127,146,113,183,141,151,168,110,141,170,173,102,104,114,87,170,110,121,99,,115
20140630,16,PM2.5,75.3,67.8,66,65.9,82.9,72.6,78.7,66.6,61.2,75.3,81.2,81.3,91.4,78.2,72.9,85.2,94.5,82.9,67.7,77.3,98.2,54.7,78.2,108.5,88,69.3,88.1,67.6,,69.9,77.5,77.3,86.3,74.8,86
20140630,16,PM10,,,78,100,,102.3,118.5,129.2,107.4,,112.2,166.5,,,90,98.5,,,103.6,131,178.4,97.9,111.5,172.2,92.3,76.8,140.6,80.5,91.5,81.7,86.8,,106.2,,95.7
20140630,16,AQI,114,132,120,124,114,138,108,118,132,130,131,142,108,129,126,131,94,139,128,161,166,126,131,179,158,119,138,110,87,171,111,107,98,115,109
20140630,17,PM2.5,61.5,55.7,58.7,55.7,71.9,59.9,67.2,72.3,65.8,59.6,59.6,65.6,68.6,40.9,49.7,50.9,82.4,56.9,41.2,72.8,89.4,69.9,59.4,59.9,48.7,68,60.8,49.2,,55.8,77.6,52.3,58.3,,72.6
20140630,17,PM10,,,,93.6,,64.9,85.1,144.6,98.5,,70.9,105.7,,,,79.6,,95.4,80.3,96.6,118.1,148.7,89.5,99.7,107.2,112.7,95.7,56.6,61.2,,86.6,,,,
20140630,17,AQI,106,123,100,117,105,122,97,118,119,108,114,123,105,118,115,131,134,110,113,148,157,142,92,102,75,119,130,106,85,170,113,106,99,,111
20140630,18,PM2.5,58,57.6,54.3,53.1,70.5,50.6,64.9,51.2,57.3,59.6,52.4,67,57,50,37.4,52.2,73.8,69.2,45.9,73.7,92.1,68.5,57.1,67.8,50.4,69.2,55.5,38.7,,48.1,59.1,52.8,58.3,67.4,62.4
20140630,18,PM10,,68.5,66.3,88.9,,78.4,110.5,102.4,109.6,,74,111.4,,,,67.3,,119.7,84.7,122.6,149.2,,65.7,137.1,,90.6,104,62.7,79,72.2,79.7,53.2,117.1,,69
20140630,18,AQI,106,116,104,111,107,118,99,97,126,104,107,122,97,117,114,132,116,96,116,142,134,140,92,113,74,117,132,104,86,167,114,107,100,117,109
20140630,19,PM2.5,44.4,52.9,49.4,44,54.2,44.8,52.3,54.7,48.6,48.9,41.7,56.3,46.7,56.7,39.9,43.9,56.6,62,40,75.2,92.5,60.1,64,64.2,49.6,77.3,51,39.3,,47.6,51.4,47.4,51.6,,53
20140630,19,PM10,,,67.4,76,,57.2,73.9,107.7,77.8,,43.6,82.4,,,65.4,80.8,89.2,116.1,87.6,135.5,152.6,,74.6,108.9,,,101.1,66.2,117.1,74.1,78.9,57.6,,,70.4
20140630,19,AQI,106,107,91,100,106,106,100,100,109,104,92,105,95,117,114,132,96,87,108,120,102,120,92,103,74,117,123,104,86,163,115,107,102,,109
20140630,20,PM2.5,49.4,46.6,42.1,43.5,57.3,48.2,45.5,51,28.1,54.3,42.7,55.4,52.8,50,40.6,40.8,60.7,69.8,37.7,59,91.4,57.6,62.7,60,52.8,64.7,47.5,44.2,,46.7,48.8,47.8,54.8,54.3,46.9
20140630,20,PM10,,93.5,84.5,103.4,,76.6,90,103.1,68.7,,67.8,145.2,,,62.8,88.6,135,88.9,83.5,93.5,144.9,146.1,,103.7,,90.5,112.2,79.7,75.2,109.6,92.8,98.5,111.1,,95.5
20140630,20,AQI,106,106,90,99,106,98,99,97,82,104,91,104,94,117,114,131,97,90,74,91,94,92,92,87,74,108,117,105,86,160,114,106,102,116,108
20140630,21,PM2.5,51.1,50.1,47.8,53.1,55.3,50.6,49.2,42.1,34.9,63.3,50,64.7,60,52.9,42.1,46.3,57.1,69.1,33.3,60.5,108.2,58.9,65.9,64.7,53,63.6,52.1,51.4,,55.3,62.5,55.8,54.5,60.1,47.9
20140630,21,PM10,,94.5,106.7,115.3,,87.4,129.6,87.7,79,,96.6,160.5,,,71,102.5,115.7,148.4,86.9,97.3,190.8,184.8,,85.1,,106.3,129.9,79.8,102.9,98.3,116.5,122.4,110.1,,82
20140630,21,AQI,106,106,89,98,105,96,98,95,81,103,90,103,94,117,113,130,98,91,79,78,96,74,92,88,75,97,106,106,87,158,114,106,101,116,108
20140630,22,PM2.5,61.7,61.1,50.7,59.4,47.2,54.9,58,46.2,37.4,54.4,58.6,75.1,64.3,63.6,53.7,68.2,60.2,78.1,35.8,65.4,111.9,68,78.2,62.6,40.1,63.6,51.7,68.9,,58.2,69.4,62.3,61.1,,56.9
20140630,22,PM10,,127.3,99.1,120,,98.2,127.9,92.9,98.3,,117.5,177.5,,,90.1,146.7,103.9,115.5,88.9,84.9,132.7,117.9,,92.5,,64.6,169.7,85.4,97.4,129.8,134.6,134.4,108.8,,121.6
20140630,22,AQI,105,106,89,98,104,96,98,91,81,103,89,102,93,117,113,130,98,92,82,80,99,74,93,89,75,72,103,107,86,154,114,106,101,,107
20140630,23,PM2.5,64.5,64.9,62,64.5,67.1,57.1,66.8,48.4,44.9,69.4,64.4,82.1,79.2,66.5,58.2,68,66.8,65,39.1,66.5,83.3,56.5,68.7,63.5,56.7,59.9,52.8,76.1,,58.1,78.5,71.9,64,,61.7
20140630,23,PM10,,96.7,107,109.9,,89,145.4,92.7,105.1,,116.8,237.6,,,83.8,142.9,117.3,119,87.4,81.4,114.3,101.7,,99.6,,81.2,141.6,84.4,102.3,107,136.7,114.1,115.9,,98.4
20140630,23,AQI,104,105,89,97,104,95,97,85,81,102,89,103,95,117,113,126,98,92,69,82,100,73,92,90,76,70,103,108,86,147,114,106,100,,107
20140630,0,SO2,42.3,24.2,26.7,21.2,24.5,39.2,22.3,18.7,10.7,17.1,7.7,6.4,14.4,27.4,24.5,19,9.9,7.7,7.6,4.1,,5.2,5.6,3.5,6.1,2.9,16.1,51.7,4,12.5,32.6,26.2,31.3,15.6,18.8
20140630,0,NO2,61,48.3,52.3,64.6,99.4,57.6,75,37.3,27.8,79.2,49.8,70.8,43.8,55.9,47.2,124,74.3,33.1,82.4,17.1,24.4,23.5,29,16.7,17.9,2.8,35.4,50.5,19.1,148.9,84,71.3,93.3,129.7,56.4
20140630,0,O3,116.7,103.9,146.6,115.9,99.2,137.6,128.4,104.7,178.6,117,120.2,142.7,125.2,119.2,124.3,24.3,59.6,169.9,100.4,112.8,177.5,100.9,130.4,148.6,183.6,121.8,153.8,84.2,,2,89.6,114.4,107.3,49.3,110.6
20140630,0,CO,1.9,1.5,1.5,1.9,1.5,1.9,1.4,1,2.8,1.4,1.6,1.5,1.2,1.4,1.4,1.3,1.6,1.3,1.6,0.7,1,1,1,1.1,0.9,0.7,1,0.8,0.8,1.3,1.4,1.5,1.6,1.7,1.5
20140630,1,SO2,28.5,21.8,24.3,18.5,26.4,32.2,26,18.9,10.9,15.4,7.5,5.8,9.9,25.3,21.5,20.2,8.3,6.4,6.7,4.6,,3.2,4.7,3.7,5.5,3.7,18.9,54.1,3.1,8.1,24.6,24.8,30.8,17.7,22.8
20140630,1,NO2,42.9,39.8,39.6,51.5,61.1,53.3,52.1,27.9,23,66.8,37.4,74.4,64.4,46.6,45.6,91.8,65.3,28.4,33.1,16.6,21.7,20.9,25.4,18.6,21.1,4.5,39.2,69,14.1,144.5,70,45.7,61.9,99,57.7
20140630,1,O3,123.3,112.6,126.3,108.7,113.7,122.5,128.7,93.4,164.4,94.8,139.5,103.3,68.6,114.1,107.4,44.2,45.1,164.3,130.7,115.2,163.1,85.5,127.8,145.6,177.2,108.9,138.2,54.2,,2,89.6,119.9,111.9,62.3,96.9
20140630,1,CO,1.2,1.2,1.2,1.5,1,1.3,1.1,0.7,2.2,1.2,1.4,1.4,1.2,1.3,1.3,1.4,1.7,1.3,1.2,0.8,1,0.7,1,1.2,0.8,0.7,0.9,1.4,0.7,1.4,1,1,1.1,1.2,1.1
20140630,2,SO2,26,12.3,198.6,12.7,15.8,25.4,20.9,23.7,9.5,14,8,5.1,5.5,24.7,20.5,19.8,7.2,5.9,9.1,4.2,2,2.9,5.5,3.3,3.3,3.6,202.5,50.2,5.1,12.1,19.3,18.8,29.5,13.8,19.3
20140630,2,NO2,44.7,33.4,41.7,58.1,78.2,44.8,82.5,26,23.1,93.2,51.7,114.4,39.5,43.9,37.9,79.4,54.2,29.1,24.3,17.3,23.6,16.7,24.7,17.2,18.8,5.2,38,94.8,13.7,127.9,81.7,63.5,52.6,90.5,115.3
20140630,2,O3,109.5,84.8,90.6,80.1,63,122.7,71.5,79,139.7,44.9,100.4,40.1,85,105.6,103.4,32.7,31,156.8,117.1,100.1,143.7,81.6,117.7,135.4,168.3,107.9,114.9,27.8,,2,64.6,83.2,100.3,53.4,39.4
20140630,2,CO,1.1,1.1,1,1.7,0.9,1.1,1.1,0.7,2,1.2,1.5,1.3,0.8,1.2,1.2,1.4,1.6,1.3,0.9,0.8,1.2,0.7,0.9,1.2,0.8,0.8,0.9,1.6,0.7,1.3,0.9,0.9,0.9,1.1,1.1
20140630,3,SO2,25.9,12.1,15.1,11.9,10.3,21.4,17,18.3,7.2,11.6,5.2,2.5,2,21.9,23.3,23.2,6.3,6.3,8,3.4,2,2.4,4.1,3.4,3.7,3.7,21.6,2,2,13.1,18,11.2,25.3,,15.9
20140630,3,NO2,57.1,52.4,49.6,60.1,86.8,80.9,120.1,24.5,18.7,84.1,37.1,92.7,49,49.3,33.9,112.4,70.3,28.6,20.4,16.4,44.4,17.4,27.9,16,75.7,6.1,51.2,85.6,12.7,126.1,99.8,90.4,87.8,,170.1
20140630,3,O3,93.4,62,78.8,73.6,36.7,92.5,29.2,84.4,149.8,41.5,105.9,57.8,88.2,86.2,105.1,2,14,163.5,2,106.2,96.6,79.1,105.7,130.1,92.7,102.9,79.3,29.8,,2,45.1,42.6,66,,2
20140630,3,CO,1.1,1.1,1.1,1.5,0.8,1.3,1.1,0.7,1.4,1.1,1.4,1,0.9,1.2,1.2,1.6,1.4,1.4,0.1,0.9,1.3,0.7,0.9,1.3,0.9,0.8,1.4,1.6,0.7,1.3,0.9,1,1.2,,1.3
20140630,4,SO2,24.9,5.1,11.3,11.8,10.9,16.3,12.5,19.5,6.7,12.8,7.1,2.6,2,18.2,20.9,13.2,6.4,5.1,7.1,3.7,2,2.7,4.9,5.3,3,2.1,18.1,25.1,2,13.6,16.9,8,17.7,,18.4
20140630,4,NO2,73.7,66.5,115.2,55.5,137.9,149.3,117.8,24.6,18.5,115.5,46,37.7,40.1,110.5,63.6,103.5,72.4,58,20.5,14.2,37.4,26.8,62.8,16.5,29.2,4.7,39.9,92.9,8.3,123.9,123.9,112.5,127.9,,152.5
20140630,4,O3,66.2,20.1,18.5,64.2,2,2,22.4,82.3,158.4,2,96.6,128.8,90.8,12.5,67.6,2,28.7,116.9,142.9,122.5,103.9,78.5,70.7,156.9,132.9,103.1,83.8,19.7,,2,18.4,10,11.3,,2
20140630,4,CO,1.3,1.1,1.4,1.4,1.3,1.5,1,0.7,1.2,1.2,1.4,0.7,0.9,1.5,1.3,1.5,1.2,1.4,0.5,1,1.2,0.8,0.7,1.3,0.9,0.9,1.3,1.5,0.6,1.3,1.1,1.2,1.4,,1.5
20140630,5,SO2,20.4,7.3,7.6,8.9,7.4,14,11.1,17.2,6.6,9.1,7.2,2,2,21,28.5,13.4,5.5,5.3,5.9,4.9,2,3.4,4.2,3,3.1,2.4,16.1,53.7,2,13.2,12.5,7.2,17.9,,14
20140630,5,NO2,146.5,100.3,136.3,89.3,127.6,128.3,126.4,25.3,37,123.3,30.6,88.3,56.3,114.6,110.8,90.7,42,104.2,,14.4,20.1,40,76.8,16.5,20.3,7.1,27.9,87.7,12.4,107.6,134.2,118.4,125.7,,136.9
20140630,5,O3,2,4.7,2.3,32.2,2,2,9.9,76.8,102.1,2,116.4,72.7,76.6,2,12.9,2.6,49.1,67.9,139.6,128.2,131.3,68.3,53.9,127.4,131.3,79,97.4,18,,2,8.5,6.3,6.5,,2
20140630,5,CO,1.8,1.3,1.5,1.3,1.5,1.7,1.1,0.7,1.2,1.4,1,1,1.1,1.5,1.3,1.5,0.9,1.4,0.6,1,1.3,0.9,0.6,1.3,0.8,0.8,1.2,1.5,0.6,1.1,1.6,1.3,1.5,,1.7
20140630,6,SO2,15,8.1,9.3,9.1,4.2,13.9,10.1,18.3,6.3,6.8,8.4,2,2,32.9,19.5,26.1,5,5.9,6.4,7.7,2,3.1,3.7,2.5,7.4,2.9,14.8,45.1,2,11.1,8.1,8.3,10.9,,13.9
20140630,6,NO2,126.6,110,106.6,134.6,94,124,94.8,42.8,33,113.7,35,67.8,77.8,93.7,106.7,88.7,30.5,43.8,27.3,22,21.7,36.6,108,21.2,87.4,5,29.1,78.9,10.9,83.6,123.1,136.8,100.2,,116.6
20140630,6,O3,2,5.2,14.4,2.3,9.7,2,29.1,42.5,97,3.7,106.8,67.9,37.5,13.9,12.3,2,71.2,124.6,144.4,118.3,127.1,69.8,6.7,105.3,80.6,94.1,97.4,19.2,,2,8.5,7,16.8,,2
20140630,6,CO,1.8,1.7,1.5,1.7,1,1.7,1.1,0.9,1.2,1.4,1,1.2,1.3,1.4,1.5,1.7,0.8,1.5,0.7,1.1,1.3,1,0.8,1.3,0.9,0.9,1.2,1.5,0.6,1,1.4,1.6,1.3,,1.5
20140630,7,SO2,15.2,12.4,10,9.1,4.3,12.3,9.7,20.3,8.7,6.2,11,2,2,43.8,17.6,27.1,5.5,6.6,7.3,8.6,2,5,4.4,4.1,8.3,4.2,14.1,51.4,2,11,7.8,7.4,17,,13.2
20140630,7,NO2,94,113,76.7,100,64,103.1,100.6,54.1,27.4,90.6,54.3,59.8,81.3,74.7,113,84.3,29.6,44.9,24.6,30.1,43.8,33.1,85.1,20.9,72.7,5.3,27.5,78.4,10.2,58.1,90.7,113.7,78,,112.7
20140630,7,O3,19.9,9.5,37.1,16.1,56.4,11.1,24.1,48.7,107.3,17.7,78.2,80.6,30.4,29.7,16.2,4,87.7,118,142.1,102.1,96.3,85.5,30.8,117.9,74.5,97.5,78,29.9,,5.7,17.7,11.3,36.9,,2.1
20140630,7,CO,1.4,1.7,1.4,1.5,1.3,1.4,1.3,1,1.2,1.4,1.1,1.3,1.4,1.8,1.7,1.6,0.9,1.4,0.7,1.2,1.4,0.9,0.9,1.3,1.1,1,1.3,1.4,0.7,0.9,1.2,1.4,1.1,,1.4
20140630,8,SO2,23.1,17.4,13.5,14.6,5.9,14.9,10.7,16.9,6.4,9.4,11.3,2,2.7,47.8,13,20,7.5,9.4,8.2,11.5,2.4,6.6,6.8,8,10,5.2,14.8,61.3,6.4,10.5,11.8,8.2,16.7,,11.2
20140630,8,NO2,87.4,107.8,68.9,77.9,77,77.5,96.4,45.1,40,86.9,47.6,55.3,73.8,95.1,136.1,87.5,32.7,104.6,20.6,33.4,39.7,35.5,53,17.1,79,3.3,32,77.2,38.9,72.7,88.2,114.8,72.1,,113.8
20140630,8,O3,44.8,18,67.4,49.3,71.3,42.3,48.8,63.5,83,31.6,88.6,99.2,41.1,30.4,16.8,15,103,77.3,150,108.8,112.9,94.7,84.7,140.1,88.5,108.2,77.6,41,,20.8,26.9,18.6,69.6,,9.2
20140630,8,CO,1.5,1.6,1.4,1.5,1.6,1.3,1.3,0.9,1.2,1.5,1.3,1.3,1.5,1.9,1.9,1.6,1,1.2,0.7,1.3,1.4,1,1,1.3,1,1,1.2,1.5,0.9,0.9,1.2,1.4,1.2,,1.5
20140630,9,SO2,22.4,28.1,15.7,19.5,8.8,19.2,12.8,21.1,7.1,12.7,9.1,2,4.5,46,20.3,42,7.2,9.8,9.5,14.8,3.4,9,6.7,8.4,9.1,5.6,18.7,75.4,15.1,13.2,21.4,15.5,20.2,,19.1
20140630,9,NO2,76.4,84,64.8,84.2,70,71.1,58.3,32.4,50.1,82.1,41.9,47.1,72.1,130.6,105,68.8,26.1,69.9,19.7,30.9,40.9,17.4,41.6,19.6,52.1,2.5,59,72.3,40.6,52.7,83.5,110.7,83.2,,114.4
20140630,9,O3,75.6,59.6,106.5,66.3,104.4,70.7,119.4,110.9,90.6,63.9,109.1,130,56.8,33.3,61,55.7,115,119.9,157.6,136.6,118.1,160.1,106.4,153.7,139.9,121.9,75.6,62.2,,91.2,46.9,45.2,84.3,,25.7
20140630,9,CO,1.5,1.6,1.5,1.5,1.6,1.3,1.1,0.9,1.2,1.5,1.5,1.3,1.5,2,2,1.7,1,1.3,0.7,1.4,1.4,1,1,1.2,1.1,1,1.2,1.7,1,0.8,1.2,1.5,1.4,,1.7
20140630,10,SO2,21.6,33.4,16.4,21.3,12.5,18.8,14.4,22.3,8.7,16.3,15.8,5,5.6,40,27.4,52.1,,11.5,14.6,16.7,,10.3,7.4,10.3,,6.5,17.4,82.6,27.2,29.2,22.6,22.1,26.5,,21.6
20140630,10,NO2,82.1,88.6,73.6,73,59.1,68.2,56.5,,58,77,48.3,54.3,94.2,148.2,74.7,54.4,17.9,43.5,34.2,42.9,31,22.4,,18.5,44.1,2,72.6,64,32.8,49.2,82.8,109.6,83.5,,123.3
20140630,10,O3,97.4,85.6,121.8,111.9,136.7,102.9,136.5,139.8,117.6,110.6,131.5,155.1,59.3,56.6,113.7,121.5,64.2,179.4,173.5,137.6,147.6,162.5,122,182.1,152.2,145,64.2,100.2,,132.5,63.3,69.9,101.7,,46.3
20140630,10,CO,1.6,1.6,1.6,1.5,1.8,1.4,1.2,1.1,1.3,1.6,1.6,1.4,1.7,2.1,1.9,1.7,0.8,1.3,1,1.4,1.3,1.1,0.9,1.2,1.1,1.1,1.2,1.7,0.9,0.9,1.2,1.6,1.4,,1.5
20140630,11,SO2,23.9,33.1,20.5,25.7,17.1,24.1,16,33.3,10.4,17.6,19.4,7.6,18.3,43.1,27.9,44.7,36.3,15,23.3,22.3,6,11.4,,11.3,11.2,7.2,18.3,79.4,27.9,28.1,27.6,23.4,30.2,,31.3
20140630,11,NO2,76.6,91.5,68.6,72.9,54.8,65.5,59.4,28.7,52.5,65.4,59,47.3,91.4,94.9,60.3,39,55.4,28.8,51.7,54.8,24.9,12,34.2,19.8,33.5,2,63.5,56.2,25.8,65.5,99.3,112.5,75.9,,118.3
20140630,11,O3,141.6,119.5,167.4,155.1,172.8,155.8,167.4,193.4,172.8,169.6,161.4,222.1,98.9,160.3,187.5,174.5,124.8,215.8,209,125.9,171.7,181.9,160.8,215.8,,163.6,82.1,139.8,,145.1,85.6,102.4,148.1,,90
20140630,11,CO,1.6,1.6,1.6,1.6,1.3,1.4,1.2,1,1.3,1.6,1.7,1.4,1.7,1.8,1.8,1.7,1.4,1.3,1.5,1.4,1.4,1.1,,1.2,1,1.1,1.2,1.7,0.9,1.1,1.2,1.5,1.4,,1.5
20140630,12,SO2,31.6,36.1,23.4,32.3,21.9,39.1,21.3,35.3,15.3,21.7,22.9,12.6,20.3,48.9,23.7,35,31.8,18.1,28.3,22.1,12.3,13.1,11.4,11.6,11.9,9.9,15.6,72.9,27.5,32.5,28.7,26.1,33.6,37.5,45.8
20140630,12,NO2,68.3,57.8,68.1,73.5,73.1,55,64.9,27.5,20.5,71.4,56.3,53.9,74,55.8,50.1,37.2,32.5,26,50.4,45.4,27.7,23.6,21.1,18.7,,2,36.5,49,19.7,49.3,101.3,100.6,87.1,174.7,129.1
20140630,12,O3,192.5,227.4,203.2,213.6,182.9,231.1,204.8,241.7,262.1,209,209.6,257.8,185.3,247.7,247.2,232.7,229.5,247,261.7,171,211.5,194.7,,230.4,215.8,184.1,127,181.8,,207.8,128.4,174.7,168.5,96.7,150.5
20140630,12,CO,1.6,1.7,1.6,1.6,1.3,1.6,1.3,0.9,1.2,1.6,1.6,1.4,1.6,1.8,1.8,1.5,1.5,1.3,1.4,1.6,1.4,1.1,1,1.3,,1.2,1.4,1.6,0.8,1.1,1.3,1.6,1.5,2,1.9
20140630,13,SO2,34.8,38,28.7,33.6,35.8,40.1,26.1,36.8,17.2,26.6,26.8,14.3,19.9,43.1,21.3,45.9,28.7,18.9,21.3,20.1,17.7,13.5,11.7,14.3,13.9,12.1,9.5,82.1,25.7,29.4,32.3,28.8,32.7,36.2,45.9
20140630,13,NO2,52.2,38.6,66,48.9,65.8,52.5,69.2,30.5,32.4,62.6,46.2,60,42.2,32.2,35.5,28.3,29.4,26.4,44.5,37.2,21.8,24.9,14.9,13.8,,2,38.2,37.1,12.5,35.1,76.4,69,75.5,165.7,108.7
20140630,13,O3,262.9,313.7,259.4,302.9,250.6,304.4,231.6,280.8,302,292.4,275.1,284.1,254.6,296.6,278.1,283.4,291.7,270,280.7,232,254,207.7,207.4,237.9,257.7,187.7,153.5,222.1,,283.5,215.8,257.8,213.3,151.7,228.1
20140630,13,CO,1.7,1.6,1.7,1.6,1.4,1.7,1.3,1,1.3,1.7,1.6,1.4,1.3,1.6,1.6,1.5,1.5,1.2,1.4,1.6,1.5,1.2,0.9,1.1,1.1,1.2,1.4,1.4,0.7,1,1.3,1.5,1.5,2,2.2
20140630,14,SO2,34.4,34.7,29.1,32,40.2,36,32,39.9,19.6,28,26.8,19.3,18.1,32.5,16.8,35.5,,20.2,23.4,30,19,17.4,13.7,18,16.1,14,17.1,82.3,23.6,41.7,31.3,29.1,33.2,35.6,47.8
20140630,14,NO2,29.4,20.7,37.7,29.4,52.5,33,64.3,38.7,30.7,31.8,18.1,36.8,32.7,22.7,22.8,23.1,14.8,34.3,40.1,30.9,19.8,16,11.8,17.3,33.1,,32.7,29.5,9.4,16.8,59.3,59,62.7,132.5,83.4
20140630,14,O3,302.2,332,307.3,328.7,309.6,348,286.2,297.3,312.1,305,281.9,328.8,221.8,276.6,261.9,307.5,182.2,330.2,313.3,286.7,289.5,221.9,239,284,307.7,196.2,203.4,236.8,,286.3,242.3,274.8,260.1,181.3,279.7
20140630,14,CO,1.5,1.4,1.4,1.5,1.4,1.5,1.3,1.1,1.2,1.4,1.3,1.3,,1.1,1.2,1.5,0.8,1.2,1.3,1.9,1.4,1.3,0.9,1.1,1.3,1.3,1.6,1.2,,0.9,1.2,1.3,1.3,1.7,2
20140630,15,SO2,24.8,25.9,22.4,23.2,46,26.3,29.8,42.2,17.4,21.8,20.9,15.5,15.1,28,13.9,39.2,,20,20.9,27.9,,17.3,15.9,15.7,17.5,15,10.6,71.6,22.2,30.8,23.2,22.8,22.3,,36.6
20140630,15,NO2,22.3,13.4,22.1,19.7,39.2,21.6,33.6,23.2,11.1,24.8,13.5,20.4,35.2,22.9,26.6,22.1,14.3,43.2,25.5,18.5,19.8,16.9,19.2,26.7,43.2,2.4,19.8,22.1,9.4,12,55.1,46.5,62.3,,59.3
20140630,15,O3,255.6,282.6,262.3,272,278.2,297.8,225.3,274.4,278.3,259.7,270.6,282.8,238,262.9,252.4,290.7,224.9,365,281.9,301.7,335.2,218.9,280.2,340,344.5,203.9,206.8,227.9,,266.6,204.5,241.3,199.2,,229.7
20140630,15,CO,1.2,1,1.1,1.2,1.2,1.1,0.8,0.8,1,1.1,1.1,1,,1,1,1.2,0.8,1.3,0.9,1.5,1.2,1.3,1.1,1.2,1.4,1.3,1.1,0.9,0.7,0.7,0.9,0.9,1.1,,1.6
20140630,16,SO2,19.1,20,17.1,18.9,35.3,20.3,24.3,36.8,13.3,19.3,17.5,12.2,12.5,23.9,11.7,26,,16.9,15.6,24.3,26.2,24.9,11.5,19.2,15.4,23.3,25.1,67.9,17.1,28.4,18.3,19.3,27.2,25.2,37.5
20140630,16,NO2,19.1,9.8,20.9,19.9,32.8,20.1,28.9,13.4,9.7,31.2,18.9,20.1,26.6,24.8,17.4,23.4,6.9,30.2,25.1,17.6,27.4,15.3,20.3,31.5,55.2,3.6,19.4,21.5,14.3,9.8,59,43.8,57.7,118.3,80.1
20140630,16,O3,227,263.2,238.5,246.1,227,274.8,215.1,235.9,263.2,258.4,260.3,283.1,215,256.4,250.9,251.3,108.8,277.9,254.7,320.4,330.8,251.5,261.2,357.6,315.7,236.9,275.1,219.8,,253,170.7,213,187,127.9,191.2
20140630,16,CO,0.9,0.8,0.9,1,1,0.9,0.7,0.6,0.8,0.9,1,0.8,,0.8,0.9,0.9,0.3,0.9,0.4,1.3,1.4,1.4,1,1.4,1.3,1.3,1,0.8,0.6,0.6,0.7,0.7,0.9,1.1,1.3
20140630,17,SO2,14.7,16.5,11.6,15.9,18.5,14.1,20.3,33.4,10.5,14.1,14.8,11.6,10.3,20.5,10.5,24.4,15.9,12.7,10.6,20,20.8,27.8,3.1,10.2,3,22.1,19.7,57.9,7.3,23.8,15,16.5,23.1,,26.1
20140630,17,NO2,16.5,10.7,22.1,19.9,36.3,21.8,30.5,16.9,10.1,34.3,20.2,20.5,18.1,28.9,13.9,27.9,20.2,30.3,20.5,16.2,25.7,19.1,16.9,18.2,30.5,3,15.9,17.3,15.7,7.2,61.6,46.9,57,,87.7
20140630,17,O3,210.8,244.4,200,232.1,197.3,243.3,195.1,236,236.6,215.4,226.7,244.7,208.5,234.4,229,237.3,267.4,219.2,225,295.4,313.8,283.4,190.9,202.8,179.5,236.2,258.9,210.6,,225,157.7,202.4,152.5,,157.8
20140630,17,CO,0.8,0.7,0.7,0.9,0.9,0.7,0.6,0.6,0.7,0.7,0.8,0.8,,0.6,0.7,0.8,0.8,0.7,0.1,1,1.2,1.5,0.8,0.7,0.8,1.3,0.6,0.6,0.7,0.4,0.7,0.6,0.7,,1.2
20140630,18,SO2,15.3,16,13.1,14.5,11.9,15.3,16.1,30.6,12.9,13.4,12.3,11.3,7.8,14.6,7.9,19.8,13.5,11.8,9.9,16.4,14.1,22.5,3,10.1,4.1,21.3,16.8,48.3,6.4,22.4,13.8,14.9,22.1,18.2,24.4
20140630,18,NO2,20.1,14.4,26,22.3,33.6,26.9,35.2,13.5,10.8,42.6,17.7,21.8,21.5,32.6,17.8,26.6,30.1,55.5,29.1,21.1,29.1,29,27.9,20,91.6,2.5,18,17.7,6.9,7.2,61.7,47.4,73.3,129.7,67.5
20140630,18,O3,208,231.2,207,221.9,213.5,235.4,194.5,193.3,251.1,205.3,213.2,243.6,181.5,194.7,200.3,216,230.7,196.7,232,283,266.9,279.2,146.4,224.2,95.3,234,262.7,202.7,,206.5,152.1,186.6,153.5,101.8,169.7
20140630,18,CO,0.7,0.6,0.7,0.8,0.6,0.7,0.6,0.4,0.6,0.6,0.7,0.8,,0.5,0.5,0.6,0.7,0.8,0.1,0.9,1,1.3,0.8,0.7,0.9,1.3,0.6,0.5,0.9,0.3,0.6,0.6,0.8,1,0.9
20140630,19,SO2,9.3,9.4,8.7,9.1,9.8,9.1,13.9,29.9,8.6,10,9.2,8,4.6,15.4,6.9,16.6,10.3,8.1,7.3,15.8,7.2,13.4,2.3,7.6,4.3,10.7,18.1,47.3,4.8,19.7,8.4,10.5,16.3,,28.3
20140630,19,NO2,23.1,14.2,29.6,25.6,35.6,26.8,38.9,21.2,11.9,51.7,17.6,21.3,24.9,37.3,20.8,33.4,31.4,62.6,37.4,25.2,46.3,25.9,65.4,18.8,60.6,3.8,20.1,20.2,7.5,11,67.5,69,87.4,,111.9
20140630,19,O3,184.7,203.5,181,193.8,185,211,163.7,199.3,216.6,171.3,168.9,204,143.8,195,207,188.5,192.1,151.7,214.8,238.8,203.2,239.5,79.5,204.4,137.1,233.7,245.4,194.4,,185.5,126.8,149,116.4,,108
20140630,19,CO,0.6,0.5,0.6,0.7,0.5,0.5,0.5,0.4,0.6,0.5,0.6,0.6,,0.6,0.6,0.6,0.6,0.8,0.1,0.9,1,1,0.9,0.7,0.8,1,0.5,0.6,0.7,0.4,0.5,0.6,0.7,,0.8
20140630,20,SO2,9.2,9.3,7.7,9.1,6.1,10.3,12.9,30.1,4.6,8.8,7.6,5.4,4.1,13.3,6.5,19.2,10.4,11.8,5,8.7,5.9,6.5,3.3,5.6,4.8,5.1,16.3,44.5,3.8,17.5,8.3,10.5,19.1,14,23.9
20140630,20,NO2,28.5,22.1,37.4,33.2,36.4,38.1,45.7,23.7,17.3,67.4,22.8,42.1,36.7,39.7,25.8,55.5,40.9,60.4,47.2,21.2,48.9,32.1,37.8,17.5,109.4,4,25.9,24,8.7,16,64.8,95.1,102.7,140.3,70.4
20140630,20,O3,175.8,189.9,161.5,182.4,175.9,197.8,142.7,176.6,153.5,137.3,145.5,147.1,129.9,175.4,184.5,146.1,175.4,173.5,176.4,192.4,179,193.2,129.3,179.7,48.2,215.3,232.1,161.9,,168.9,123.7,114.9,95.7,73.7,146.6
20140630,20,CO,0.7,0.7,0.6,0.8,0.5,0.7,0.5,0.4,0.9,0.6,0.7,0.7,,0.7,0.6,0.6,0.7,0.8,0.1,0.8,1,0.9,0.8,0.7,0.9,0.7,0.6,0.7,0.7,0.4,0.6,0.7,0.8,1.1,0.7
20140630,21,SO2,8.4,9.1,7.1,8.1,8.9,10.7,11.6,31.5,4.7,9,7.2,5.6,5.2,13.4,5.6,18.2,10.1,10.6,4.6,7.3,3.3,5,2.9,4.3,3.5,6,14.1,43.6,3.7,15.6,7.5,8.9,7.2,12.1,17.4
20140630,21,NO2,39.7,30,53.8,42.5,48.5,53.6,70.1,27.7,20,64,31.5,52.7,33.2,44.1,31.9,58.8,53.5,104.4,48.5,20.7,61.3,33.6,47.7,15.7,52.6,4.5,29.6,34.3,19,19.9,84.2,89.9,81.4,132.5,64.8
20140630,21,O3,141.2,159.1,132.2,146.2,143.8,149.9,111.4,151.3,140.8,130.4,140.4,127.9,136.5,147.8,155.4,119.7,138.2,86.2,182.8,169.5,125.1,160.1,106.3,156.9,96,197.1,211.8,121,,156.1,82.6,97,106.6,57.6,124.3
20140630,21,CO,0.8,0.7,0.8,0.8,0.6,0.7,0.6,0.4,1.3,0.7,0.7,0.8,,0.7,0.5,0.6,0.7,0.9,0.1,0.8,1.1,0.9,0.9,0.7,0.8,0.8,0.7,0.6,0.7,0.4,0.6,0.7,0.8,1.1,0.6
20140630,22,SO2,11.2,11.4,7.7,9.2,10.6,12,13.2,29.4,4.9,8.3,9.4,6.9,7.3,15.7,10.1,20.4,10.1,10,5.9,6.1,2.7,5.7,2.6,3.8,3.5,5.2,14,50.5,5.1,18.2,9.4,9.8,17.1,,18.9
20140630,22,NO2,48.9,34.4,58.3,40.4,55.4,51.5,82.6,19.9,28.1,45.7,64.3,79.2,34.1,51.5,25.6,94.7,72.2,92.6,50.2,19.4,57,41.7,66.5,17.6,38.5,4.7,30.9,37.5,23.2,17.5,82.6,90.7,75.1,,66.9
20140630,22,O3,126.4,142,115.1,139.5,124.8,146.3,96,162.3,108.6,131.2,85.8,83.4,128.8,127.3,165.6,58.1,96.4,75.7,185.1,153.8,100.7,121.6,56.8,127.6,123.2,177.1,176.4,115.8,,153.2,76.6,89.2,96.9,,115.6
20140630,22,CO,0.8,0.7,0.8,0.8,0.5,0.7,0.7,0.4,1.9,0.6,0.8,0.8,,0.7,0.6,0.7,0.7,0.9,0.1,0.8,1.2,0.9,0.9,0.7,0.8,0.8,0.7,0.6,0.4,0.5,0.6,0.7,0.7,,0.6
20140630,23,SO2,13.5,14.6,11.2,11.8,12.1,14,13.4,30.6,4.3,10,9.3,6.5,7.4,17.7,9.9,22.8,11.3,8.1,10.2,5.7,3.7,4.3,2.5,2.6,3.9,4.7,13.6,53.4,6.9,17.3,11,11.8,9.7,,17.9
20140630,23,NO2,37.4,30.4,57.4,46.4,64.1,47.8,62.2,21.9,33,76.4,54.5,83.4,46.5,50.6,27.5,90.6,72.9,65.6,52.5,20.6,33.1,30.1,105.6,24.8,25.6,4.2,29,39.7,20,22.2,74,69.8,91.2,,80.5
20140630,23,O3,127.6,137.2,111.3,125.8,108.7,138.7,103.7,162,85.5,81.2,79.1,75.3,97.9,117.8,147.5,55.5,87.3,80.5,172.6,144.6,129.9,125.1,19.2,100.3,148.7,172.5,167.8,101.1,,107,77.7,102.4,81.7,,96.5
20140630,23,CO,0.8,0.8,0.8,0.8,0.5,0.8,0.6,0.4,2,0.7,0.9,0.8,,0.7,0.6,0.7,0.7,0.8,0.1,0.8,1,0.9,0.9,0.7,0.8,0.8,0.5,0.6,0.4,0.5,0.5,0.7,0.8,,0.7
