date,hour,type,dongsi,tiantan,guanyuan,wanshouxigong,aotizhongxing,nongzhanguan,wanliu,beibuxingqu,zhiwuyuan,fentaihuayuan,yungang,gucheng,fangshan,daxing,yizhuang,tongzhou,shunyi,changping,mengtougou,pinggu,huairou,miyun,yanqing,dingling,badaling,miyunshuiku,donggaocun,yongledian,yufa,liulihe,qianmeng,yongdingmengxi,xizhimengbei,nansanhuan,dongsihuan
20141222,0,PM2.5,57.3,76,47.6,71.8,,62.5,42.6,13.5,7.9,89.2,92.5,52.6,139.1,126.1,104.5,113.4,76.8,48.7,56.1,74.6,55.2,85.1,7.5,29.6,15.1,21.2,46.7,89.2,138.3,141.5,103.4,107.7,49.7,108,71.2
20141222,0,PM10,140.9,128.4,73.4,129.7,,120.1,83.4,46.5,34.9,158.1,142.7,102.2,187.4,162.7,155.6,198.9,142.4,106.8,112.8,99.6,96.7,102.4,22.7,55.5,65,27.8,115.6,145,163.3,284.9,147.2,163.9,92.8,171.7,116.8
20141222,0,AQI,45,46,40,42,,45,39,51,25,51,49,47,58,53,54,54,42,54,46,53,36,52,43,40,58,20,43,52,59,71,48,53,48,57,51
20141222,1,PM2.5,62.3,88.5,64,100.2,,65,45.6,9.9,15,101.5,75.3,60.2,137.7,128.5,113.9,114.2,68.3,46.9,46,87.8,44.9,74,9.2,10.4,13.8,15.8,52.9,107.8,144,167.3,112.5,120.6,69.7,121.3,79.9
20141222,1,PM10,149.4,136.6,99.4,170,,120.4,91.1,32.4,43.1,179.7,115.2,116.5,174.9,162.4,152.4,184.5,123.1,103.4,110,98.4,64.7,74.6,33.6,27.6,88.5,22.8,112.6,172.1,188.1,325.5,162,216.6,113.6,179.1,145.6
20141222,1,AQI,50,51,40,49,,50,40,52,27,55,52,51,61,57,57,57,48,56,49,55,39,53,44,41,59,20,47,55,67,78,53,57,52,61,53
20141222,2,PM2.5,69.6,91.1,84.8,112.7,,67.3,72.3,8.8,30.9,114.6,67.7,47.2,130,143.6,124.5,121.8,51.1,38.5,36.1,96.3,43.7,49.6,16,14.1,17.8,14.5,53.6,119.4,162.7,201.8,118,115.6,90.7,131.8,78.6
20141222,2,PM10,150.7,146.7,133.4,176.8,,128.6,134.8,30.7,62,190.7,103.6,116,160.4,169.8,172.8,177.8,105,103.1,82.8,113.3,64.9,56,65.7,36.9,136.3,25,114.1,176,198.7,313.5,171.9,188.2,152.2,187.8,141.4
20141222,2,AQI,53,54,41,53,,52,45,53,31,59,54,53,68,64,60,60,50,58,51,57,42,54,45,42,62,20,51,59,75,85,56,61,55,64,55
20141222,3,PM2.5,77.3,98.8,90.4,114.7,,82.9,67.1,3,41.9,112.1,67.6,55.5,141.8,142.6,125,122.8,51.7,21.9,26.9,66.8,44.7,30.2,17.1,5.1,16.6,16.2,47.6,130.3,138.4,215.5,130.6,135.5,103.6,158.7,90.8
20141222,3,PM10,153.2,143,131.1,182.5,,142.7,143.1,24.2,73.1,182.2,104.9,118.8,176.6,179.1,169.5,197.2,92.3,75.1,78,90,67.1,39.5,66.9,32.9,105.4,26.5,104.4,188.1,187.6,333,187.9,209.9,211,210.6,202.1
20141222,3,AQI,56,57,48,57,,55,51,53,36,62,56,56,75,71,66,64,52,60,53,59,45,54,48,43,63,21,52,63,81,95,60,65,59,68,60
20141222,4,PM2.5,86.2,110.1,89.4,129.1,,86.2,79,7.4,45.6,113.2,88.6,89.2,158.3,153,136.7,141.2,40.8,10.9,26.5,77,38.3,26.7,11,6.1,20.2,22.3,50.6,134.3,147.1,248.4,151,141.9,106.6,157.2,100.8
20141222,4,PM10,156.2,151.7,129.1,190.5,,146.2,134.3,22,75.3,183.8,130.1,158,188.5,183.6,181.5,206.5,56.9,47.2,73.9,88.8,52.7,35.1,49,25.6,73.2,29.7,95.9,195.6,190.5,374.1,188.8,191.8,186.7,198.4,212.4
20141222,4,AQI,60,60,52,61,,57,53,52,37,66,58,58,83,78,73,68,53,60,54,60,47,55,50,44,64,22,54,67,88,108,67,69,63,76,65
20141222,5,PM2.5,85.9,113,92.4,143.9,,98.3,92.6,7.6,63.7,146.8,102.9,91.8,167.5,163.7,155.1,152.5,44.5,8.2,74.1,56.2,36.2,31.4,11.5,8,16.9,14.6,49,145.3,164.6,266.7,140.7,152.3,99.5,162.2,103.2
20141222,5,PM10,164.7,150.3,138,200.1,,143.1,137.9,18.3,101,209.8,142.3,159.7,199.8,206.3,211.5,214.4,65.8,45.6,149.8,71.7,50.9,40.3,36.3,24.7,58.9,31.3,98.8,200.5,191.4,377.6,182.4,212.1,153.8,205.7,176.3
20141222,5,AQI,63,62,54,65,,60,56,51,40,71,61,60,91,86,81,74,54,61,57,60,49,56,51,45,65,23,56,73,95,121,74,75,65,84,69
20141222,6,PM2.5,96.9,125.1,95.6,158.6,,103,95.9,7.8,62.5,172.1,73.4,73.5,173.7,179.3,167.3,136.4,35.5,10.1,65.8,45.5,32.8,24,14.8,5.3,12.1,16.4,53.8,147.3,158.8,271,162.6,169.7,107.7,182.8,117.3
20141222,6,PM10,163.6,167.5,136.8,226.7,,150.4,147,24.8,93.8,260.1,105.7,145.1,216.4,218,219.6,190.9,51.4,39.7,143,64.1,50.4,42.2,33.7,21.9,61.9,30.2,92.2,202.3,191.2,360.3,201.6,226.3,165.2,242.9,196.4
20141222,6,AQI,66,65,57,72,,63,59,51,45,79,65,63,100,95,89,81,55,62,60,62,51,56,50,45,65,24,58,80,103,133,82,83,68,94,72
20141222,7,PM2.5,94,136.5,85.4,155.1,,117.6,98.6,8.7,28.8,167.7,58.2,118.5,170.8,187.1,171.1,139.2,44.3,15.7,31.9,38.9,34.1,29,14.1,10.1,13.9,18.4,32.5,148.2,192.7,244.6,159,174.9,109.3,178.4,135.7
20141222,7,PM10,177.9,175.7,130.3,211.3,,173.6,170.8,19.6,47.2,248.6,91.8,222.4,223.9,225.2,213.6,191.4,68.6,44.9,75.8,71.7,56.5,43.9,34.7,22.5,55.3,34.3,56.5,197.8,217.6,339,216.1,244.6,190,258.2,215.1
20141222,7,AQI,70,71,60,80,,65,63,51,47,88,68,68,109,105,98,88,57,62,62,64,51,57,51,46,66,26,59,87,112,145,90,92,70,103,75
20141222,8,PM2.5,86.1,128.1,103.6,120.2,,111.6,102,11.5,26.2,127.6,45.1,80.4,160,180.9,153.9,148.2,38,17.3,10.5,78.6,30.8,33.3,16.8,13.5,16,22.2,51.1,164.8,192.4,226,154.5,166.7,122.2,173.9,145.4
20141222,8,PM10,172.3,202.4,159.7,164.1,,165.6,206.5,25.5,37,193.1,88.8,140.4,213.8,224.2,185.1,217.6,67.1,38.4,35.5,132.3,55.7,50.6,39.4,29.3,46.6,35,69.1,225.1,214.2,313.3,208.3,251.7,188,246.3,233.5
20141222,8,AQI,73,78,64,86,,69,67,52,48,94,70,70,117,113,106,95,58,62,62,67,52,57,51,47,66,26,59,95,121,156,98,100,74,111,80
20141222,9,PM2.5,84.2,138.9,115.8,133.4,,106,103.7,34.9,20.1,117.8,28.2,39.3,188.8,184.2,162.1,226.3,36.3,17.9,12,94.2,40.9,44.1,23,22.3,23.4,20.1,33.8,182.4,192.9,264.1,163.1,183.4,126.9,190.9,167.9
20141222,9,PM10,177.6,197.4,176.1,207.7,,188,226.8,98.2,37.1,200.3,59,72.4,307,246,210.5,346.3,71.1,40.8,29,160.1,70.7,86.3,46.3,44.1,37.2,33,72.7,250.4,250.2,,229.9,263.8,210.9,262.9,236.4
20141222,9,AQI,76,84,70,93,,72,72,53,50,100,70,72,126,122,114,106,58,63,62,69,53,57,52,47,67,27,60,103,129,169,106,109,78,120,85
20141222,10,PM2.5,74.8,148.3,89.9,128.8,,114.2,102.5,52.2,54.4,113.3,75.4,23.1,187.6,197.4,137.1,320.2,43.3,13.3,11.3,144.4,47.6,60.6,20,53.1,13.4,15.1,25.7,197.1,216.4,337.1,142.6,152.4,110.1,172.5,198.7
20141222,10,PM10,158.5,229.3,136.4,209.4,,209,208,119,77.9,208.9,143,50.8,299,270.1,197.6,449.9,84.6,36.4,33.2,239.6,80.1,101.9,43.9,61.7,38.7,30.2,53.9,263.4,312.8,,213.2,228.5,162.2,258.2,298.6
20141222,10,AQI,78,91,74,99,,77,76,56,51,105,72,72,134,131,120,122,60,63,63,75,54,57,52,48,67,28,61,113,139,182,112,117,83,127,93
20141222,11,PM2.5,29.5,99.9,46,76.6,,,75.3,49.3,61.6,125,94.7,41.7,167.2,213.3,139.9,175,38.3,,3,185.9,33.2,49.4,21.4,13.8,25.3,20.9,21.2,205.5,197.2,292.1,126.8,97.6,66.4,126.6,119.4
20141222,11,PM10,64.8,144.4,73,115.1,,,119.9,101.7,83.1,242.9,157.8,56.5,257.8,282.2,182.6,208.6,75.5,,15.4,250.9,61.9,71.1,48.3,17.4,49.5,34,,256.3,240.8,,157.8,135.3,97.3,175.2,177.6
20141222,11,AQI,78,95,75,101,,79,78,57,51,110,75,72,140,141,126,130,61,,63,82,54,57,52,48,67,29,61,123,147,196,118,120,86,132,99
20141222,12,PM2.5,27.8,41.5,37.4,90.6,,,46.8,42.2,57.1,166.9,93.7,25.8,183.1,187.5,123.9,67.2,37.3,,3.2,,,29.9,27.7,11.6,17.7,17.7,32.5,150.1,134,218.8,37.9,108.1,48.9,170.6,66.3
20141222,12,PM10,50.1,57.4,,117.1,,,58.4,82.6,64.3,302.9,143.1,67.6,229.8,247.2,152,69.9,60.2,,18.6,,63.5,40.3,37.3,15.7,46.7,29.4,35.6,180.9,169.6,,,145.5,62.6,230.1,113.5
20141222,12,AQI,78,97,76,105,,82,77,59,52,118,79,71,147,149,131,133,62,64,63,85,55,58,51,48,66,29,62,130,152,205,118,124,87,139,101
20141222,13,PM2.5,36.9,112.7,71,184.5,,35.5,39.3,30.7,42,120.5,46.8,71,126.8,153.1,105.4,55.8,31.8,5.2,3,13.8,,34.6,15.1,15.8,22.1,11.5,27.2,89.3,70.3,139.6,,155.5,34.3,170.8,52.2
20141222,13,PM10,52.8,190.3,105.6,258.2,,78.1,48,56.5,55.2,175.5,61.5,122.8,152.9,190.2,128.2,64.8,51.2,25.9,8.2,21.3,50.8,,26.4,,46.1,12.3,34.6,96,73.3,,193.2,199.6,47.9,209.7,56.5
20141222,13,AQI,79,101,78,114,,83,78,60,53,123,79,73,153,156,135,135,63,63,63,85,56,59,51,49,65,29,62,134,155,211,122,131,87,147,103
20141222,14,PM2.5,69.1,74.1,86.4,83.8,,58.7,73.9,30,64.8,100.9,59,44.1,73.8,98.2,76.3,46.1,24.5,10.5,38.6,19.7,10.3,16.4,15.1,12,24.3,8.1,19.9,,100.2,,,101.4,94.9,104.3,58.2
20141222,14,PM10,110.4,104.2,120.9,109.9,,92.8,113.3,47.3,87.6,137.7,83.1,82.9,88.3,103.6,83.2,51,43.1,20.3,76,,41,,50.3,28.7,35.7,,22.8,,127.3,,160.5,115,134.6,117.1,64.4
20141222,14,AQI,80,104,82,116,,85,80,60,54,126,81,74,157,160,137,136,63,62,64,86,56,59,51,49,64,30,62,,161,217,125,135,91,150,105
20141222,15,PM2.5,60,80.3,73.1,70.9,,76.2,74.5,46.9,69.1,54.3,47.5,51.8,56.2,52.6,63.2,40.4,32.9,6.5,48.2,15,25.6,8.9,17.5,10.4,24.6,7.8,19.4,,80,107,54,85.6,86.7,83.3,76.7
20141222,15,PM10,95.4,101.3,97.7,98.3,,109.9,108.7,78.5,90.6,67.7,74.6,78.9,80,61.8,70,59,54.9,54.6,84.3,22.5,51.9,10.2,34.1,,44,,26.4,,94.4,,126.4,95.7,121.9,101.7,87.6
20141222,15,AQI,81,108,85,119,,89,81,61,55,128,82,75,159,163,140,137,63,62,65,86,56,60,51,49,62,30,62,,165,221,127,138,95,154,108
20141222,16,PM2.5,48.5,54.1,47.8,49.7,,68.4,40.5,59.1,57.2,47.6,67.3,41.7,80.9,82.7,54.9,63.6,27.5,11.8,52.5,22.8,30,23.6,16.7,5.3,25.2,3,17.2,,72.1,179,64.2,60.7,58.4,61.6,71.8
20141222,16,PM10,78.5,66.7,57.4,66.9,,96.8,59.9,102.8,80.1,62.8,99.7,75.2,112,111.7,63.2,95.7,57,19.6,93.7,36.7,69.6,33,36.6,6.8,37.1,9.9,36.9,,100.6,289.6,77.3,70.5,92.2,80.6,
20141222,16,AQI,82,110,87,121,,92,83,62,56,130,85,76,164,167,142,139,64,61,66,86,57,61,49,47,61,30,62,,168,228,130,141,97,156,111
20141222,17,PM2.5,37.8,53.1,50.8,53.8,,54,51.7,60.2,53.8,60.1,85.3,65.6,99.7,74,78.3,68.6,53.9,29.6,90.9,32.5,39.5,27.2,27.7,11.8,26.3,6.9,29.4,,84.8,177.9,69.5,68.1,54.3,72.8,57.3
20141222,17,PM10,72,78.1,64.2,82.3,,80.1,88.4,97.1,80.4,91.5,132.6,135,139.8,95.7,102.3,103.8,107.9,56.7,156.2,54.3,93,55.8,49.4,,54.3,14.6,42.7,,113.2,232.5,82.4,92.3,92.9,102.2,57.4
20141222,17,AQI,83,112,89,123,,94,85,63,56,133,89,78,168,170,145,142,64,60,68,88,58,61,47,45,59,29,61,,172,235,132,144,99,159,113
20141222,18,PM2.5,55.8,74.9,60.9,77,,74.1,77.5,74.3,73.3,85.9,103.2,91.8,119.9,81.9,112.3,90.2,67.9,73.2,122.2,65,50,74.2,44.9,16.5,32.4,3,47.6,,158.7,179.3,89.5,108.3,74.5,92,68.3
20141222,18,PM10,105.6,103.9,80.7,120.5,,118.1,136.1,139.7,94.5,128,161.6,178.2,230,107.3,161.9,194.8,125,105,237.5,103,126,233,78.1,23.1,48.6,24.5,72.8,,220.5,222.6,119.4,160.4,119,138.5,82.1
20141222,18,AQI,84,115,91,126,,98,88,64,57,135,92,80,173,173,148,145,65,60,71,90,60,63,47,43,58,29,62,,180,240,136,148,102,162,116
20141222,19,PM2.5,65,80.9,73,91.4,,88.6,84.2,93.8,105.1,121.9,142.4,131.7,153.1,103.1,120.3,141.3,79.3,88.9,126.9,125.1,103.7,127,55.1,77.1,27.2,13.5,51.6,,219.7,208.9,103.5,138.7,90.5,103.5,94.9
20141222,19,PM10,89.3,113.5,97.4,148.6,,129.6,146.5,151.6,116,187,206.2,269.3,299.4,132,163.4,237.1,142.1,184,214,175.9,159.1,228.6,86.1,83.8,39,25.4,76.8,,320.6,250.6,144.1,237.2,128.4,151,129.8
20141222,19,AQI,84,117,93,129,,101,91,64,61,140,97,85,180,175,151,150,67,62,72,94,62,67,47,44,57,29,61,,188,247,139,153,104,166,119
20141222,20,PM2.5,85.6,90.5,86.2,117.8,,96.2,104.2,103.4,110.6,166.1,182.8,154.7,163.8,119.8,168,171.5,91.9,93.5,130.9,107.2,107.7,115.4,57.6,69.6,26.7,11.1,65.9,,159.4,296.4,131.6,144.2,93.6,145.4,97.5
20141222,20,PM10,140.3,132,116.4,167,,148.9,170.4,166.1,122.6,248.1,259.5,272.7,227.1,149.5,198.9,212.5,165.5,140.8,221.3,122.8,145.5,164.1,92.5,,36.1,22.9,96.1,,229.5,330.2,170.2,187.5,140.2,185,121.5
20141222,20,AQI,86,120,96,133,,105,95,65,66,145,104,89,186,179,156,157,69,62,75,97,64,70,48,40,55,28,62,,190,255,144,159,108,171,123
20141222,21,PM2.5,104.7,113.2,119.7,144.9,,116.2,135.8,116,105,153.8,152.1,146.3,207.2,135.3,205.7,169.1,90.4,51.3,103.7,72.5,88.1,104.2,95.8,62.4,24.7,32.2,87,,204.2,379.5,152.6,149.3,125.6,180.7,114
20141222,21,PM10,193.2,163.1,158.3,202.5,,173.7,207.3,165.6,114.2,240.6,215.7,239.9,271.5,168.6,237.4,221.8,162.4,61.9,160.7,91.8,102.7,131.6,125,65.3,34.9,38.8,150.2,,273,,177.6,188.2,180.3,221.5,132.5
20141222,21,AQI,89,124,101,138,,109,100,66,71,150,110,94,192,182,163,164,71,61,76,98,65,71,50,39,54,28,63,,197,266,150,165,112,177,126
20141222,22,PM2.5,102.1,118.5,137.9,148.8,,126.2,138.5,115.9,94.7,187.8,130.2,107,273.6,177.1,201.4,181.8,115.9,44.6,75.9,74.7,69.8,101,148.1,33.6,25.6,18.6,93.6,,455.9,314.6,157.1,151,152.2,,126.8
20141222,22,PM10,187,166.2,184.4,204.9,,176.2,223.4,154.3,100.1,271.7,207.1,169.5,359.6,201.6,231.6,245.9,160.7,55.4,107.3,89.8,80.9,133.8,167.9,34.1,38.9,29.6,158.1,,,,182.6,188.2,210.1,,160.3
20141222,22,AQI,92,127,105,143,,113,105,66,74,156,113,98,199,187,170,170,74,60,76,99,67,73,53,36,53,28,65,,213,276,156,170,118,,130
20141222,23,PM2.5,102.8,125.2,132.5,155.7,,117.1,152.9,125.9,95.2,196.2,117,90.7,204.7,160.8,206.9,287.7,105.3,47.5,60.3,69.1,68.2,90.7,128.8,34.6,33,17.5,89,,313,364.2,154.2,163.1,156.4,171.4,122.1
20141222,23,PM10,179.3,159.5,171.5,213.2,,163.6,270,152,98.8,279.8,222.3,134.4,247.5,178.4,227.3,350.8,144.2,60.1,94.5,76.4,74.1,99.2,139,36.1,46.5,26.4,109.7,,,,178.6,207,214.9,213.3,143.4
20141222,23,AQI,95,130,110,148,,116,111,66,79,163,116,100,203,190,177,182,76,59,76,97,68,74,56,35,53,27,66,,221,287,160,174,123,188,132
20141222,0,SO2,42.5,33,40.1,43.2,,40.6,29.2,40.6,8.8,56.1,64.2,34.3,60.5,66.1,62.2,66.9,42.7,44.6,41.3,18.8,17.4,20.4,4.5,12.7,33.7,10.1,25.4,41,53,59,54.9,64.4,29.5,78.6,28.2
20141222,0,NO2,64.5,69.7,79.5,78.1,,79.6,77.6,24.1,6,76.9,80.4,68.8,72.6,64.3,66.5,66.5,81.2,72.9,67.8,38.7,60,44.8,4.2,13.9,24.4,11.1,80,85.4,54,72.2,71.5,72,80.4,84.5,65.9
20141222,0,O3,2.7,11.9,4.4,7.6,,2,2,37.8,71.5,2,12.8,2.9,14.4,26.8,7.8,4.1,9.7,2,6.2,14.7,2,2,76.3,44.5,45.6,35.5,2,2,2,2.9,2.5,2,4.4,2,2
20141222,0,CO,1.9,2.2,1.8,2,,1.5,1.4,1,0.3,2.3,2.2,1.4,3.3,2.3,1.8,2.5,2.8,1.6,2.5,1.8,1.5,2.7,0.4,0.8,0.3,0.5,0.9,1.5,2.5,3.8,2.8,2.9,1.7,2.7,1.6
20141222,1,SO2,43.6,38.8,50.3,66.3,,40.6,29.7,30.3,10.4,58.6,50.4,45,72.1,64.8,67.6,63.7,38.7,38.7,34,22.2,12.6,19.3,10.1,13.6,38.5,10.2,27.2,45.3,56.3,55.3,63.1,70,47.2,93.8,19.1
20141222,1,NO2,60.8,69,79.5,79.1,,80.9,78.4,19.6,25.2,82.5,71.7,71.8,63.5,65.2,66,65.1,64.5,57.5,67.3,41.1,48.3,46.2,8.9,9,23.9,9.9,82.2,84.2,49.8,75,72.3,74.1,81.1,88.4,59.6
20141222,1,O3,2.6,12.5,5.7,9.7,,2,2,42.4,53.5,2,10.7,2.6,13.1,27.6,7.9,3.5,4.5,7.2,5,13.1,2,2,67.5,55.3,45.1,36.7,2,2.2,2,2.8,2.2,2,3.8,2,2
20141222,1,CO,2,2.3,1.9,2.4,,1.5,1.6,0.8,0.5,2.7,1.7,1.7,2.7,2.3,2.1,2.4,2.1,1.4,1.6,2.4,1.1,2.3,0.4,0.4,0.4,0.5,1.1,1.6,2.8,4.8,2.9,2.9,2.1,2.8,1.3
20141222,2,SO2,46.4,29.3,63.3,68.2,,46.6,,16.9,23,65.9,46.5,38.3,75.7,60.2,62.9,70.2,43.5,37.5,23.9,17.4,14.3,18.1,22.7,20.5,44.1,6.7,21.4,43.6,50.4,45,67.6,59.1,49.3,91.2,29.1
20141222,2,NO2,58.5,65.3,78.9,76,,78.6,82.6,18.9,61.4,87,63.7,69.2,65.1,64,64.9,68,39.7,54.8,65.9,47.4,53.1,47.2,18.6,8.1,25.3,10.6,83.5,79.9,47.2,66.4,71.6,74.1,78.3,86.7,54.5
20141222,2,O3,2,12.1,6.1,9.9,,2,2,45.8,16.6,2,11.2,2,6.6,29.9,8,3.2,2,10.6,4.7,8.4,2,2,50.9,56.8,44.1,37.2,2,2.1,2,3.5,2.1,2,3.6,2,2
20141222,2,CO,2.3,2.5,2.3,2.6,,1.8,2.3,0.7,1.2,3.4,1.3,1.6,2.2,2.7,2.2,2.5,1.3,1.3,1.5,2.6,1,2,0.6,0.4,0.4,0.5,1.2,1.8,2.9,6.8,2.9,3.7,2.4,2.9,1.3
20141222,3,SO2,55.5,34,62.2,64.8,,55.9,42,15.8,23.9,67.8,47.7,38.6,80.2,72.6,65.8,78.3,14.7,27.2,18.3,15,12.6,16.1,24.8,17.5,44.9,7,22.3,46.7,30.3,43.1,79.8,71.3,50.1,94.6,17.5
20141222,3,NO2,62.5,65.8,77.1,76.6,,78.1,80.9,16.1,70.5,79.4,65,70.2,70.4,65,65.4,68.5,33.5,29.1,59.1,43.8,50.6,46.6,19.2,6.6,22.2,10.7,84.3,76.5,42.3,64.5,70.6,77.4,80.3,89.8,79.7
20141222,3,O3,2,12.3,5.9,9.8,,2,2,48.7,6.3,2,10.9,2.2,10.5,31.2,7.6,3.7,2,33.6,7.1,7.4,2,2,51.4,59.4,44.7,37.8,2,2,2,3.1,2.4,2,2,2,2
20141222,3,CO,1.8,3,2.4,2.9,,2,2.3,0.4,1.7,3.4,1.8,1.7,3.3,2.6,2.5,2.7,,0.4,1.4,2.2,1.6,1.5,0.6,0.3,0.4,0.4,1.1,1.9,2.9,8.3,3.6,4.1,3.4,3.4,2.3
20141222,4,SO2,60.5,36.6,56.4,67.6,,56.7,42.7,15.1,32,66.5,62.8,57.3,66.3,68,75.4,85.4,12,26.2,21.7,15,20.2,13.5,16.3,17.2,47.9,8.8,22,51.2,54.2,40,89.7,75,58.9,96.9,7.3
20141222,4,NO2,62.3,64.4,76.9,76.9,,80.7,78.8,15,73.8,80.1,68.1,74.1,72.4,62.8,65,65.5,36.3,28,61.7,42.1,52.7,46.8,15.3,5.7,22.7,18.4,84.8,76,47.6,63.1,69.1,74,81.1,89.9,74.3
20141222,4,O3,5.7,8,5,9.7,,2,,48.2,5.4,2,10.6,4.2,13.1,31.7,7.4,5,2,39,6.2,8.1,2,2,57.1,62.5,44.2,22.4,2,,2,,4,2,2,2,2
20141222,4,CO,2,3,2.6,3.4,,2.3,2.6,0.4,2.2,3.4,2.2,2.7,3.2,2.8,2.9,3.2,0.7,0.4,1.5,3.1,1.2,1.5,0.5,0.3,0.5,0.5,1.2,2,3,8.9,3.3,4.2,3.6,3.7,1.8
20141222,5,SO2,63.6,37.1,73,114.5,,57.8,58.2,13.8,42.1,99.4,72.1,71.7,56.4,91,96,95.5,14.3,21.2,54.9,13.9,16.7,12.1,2,22.9,50,6.7,22,54.4,36.1,45.8,81,85,62.1,106.5,14
20141222,5,NO2,59.6,63.2,77.9,79.9,,81.1,82.9,10.1,79.9,80.3,63,71.6,68.7,63.1,62.3,65.9,48.8,25.5,66.8,42.5,50.2,45.2,15.5,7,26.1,,87.1,73.5,42,63.2,70.3,75.3,79.9,93.4,53.6
20141222,5,O3,5.2,9.7,5.2,11.6,,2,2,51,7.9,2,11.6,3.5,14.2,32.7,7.7,4.8,2,45.8,6.8,6.8,2,2,55.9,64.8,39,24.6,2,2.4,2,8.8,2.4,2,2,2,2
20141222,5,CO,2.8,3.4,2.9,3.2,,2.3,2.7,0.4,2.8,4.1,2.2,2.8,3.3,3,2.9,3.3,1,0.4,2.3,2,1.1,1.6,0.6,0.3,0.5,0.5,1.3,2.1,3.1,9.3,3.6,4,2.9,4.1,2.3
20141222,6,SO2,77.6,38.6,78,104.2,,70.6,61.9,12,33,108.9,56.6,51.3,74.7,91.1,101.5,96.1,20.8,27,43.3,13.6,28.5,11.8,2,24.1,52.3,7.2,23.2,55.5,38.9,39.4,95.6,91.6,70.8,117.2,24.5
20141222,6,NO2,63.9,69.7,77.6,81.8,,78.8,73.8,10.3,78.3,87.4,61.1,70.2,72,62.6,65.1,67.6,50.6,29.9,63.8,44.6,50.8,44.1,17.5,8.8,19.4,16.9,88.1,75.6,40.8,66.6,73.9,75.7,80,100.4,56
20141222,6,O3,5.7,15.7,4.7,11.7,,2,2,50.4,6.6,2,10.4,2.1,21,35.6,7.3,3.8,5,41.8,6.2,6.4,2,2,53.7,61.8,49.5,23.5,2,2.2,2,7.4,2.7,2,2,2,2
20141222,6,CO,3.3,4.3,2.9,3.8,,2.6,2.8,0.3,2.2,4.7,2.1,2.8,5.2,3.5,3.3,3,1.4,0.4,2.2,1.9,1.2,1.6,0.6,0.3,0.4,0.6,1.3,2.1,3.9,9.1,4.6,5,3,4.5,3.6
20141222,7,SO2,67.6,35,65.7,80.9,,76.2,58.9,13.3,16.3,87.2,50.9,63.2,69.3,109.5,102.8,103.5,20.9,35.9,31.1,22,18.4,14,16.9,24.6,34.3,7.4,17.4,50.3,27.3,34.5,94.3,83,66.3,125.3,30.3
20141222,7,NO2,63.9,67.2,77.6,80.2,,81.4,77.2,11.2,65.4,89.1,59.7,80,78.1,72,68.8,66.4,55.1,31,56.1,51.4,50,45.9,26.6,10.3,18.1,19.8,68.7,75.2,37.4,62.3,76.4,88.8,83,122.5,58.8
20141222,7,O3,4.8,15.8,4.3,10.8,,2,2,48.6,7,2,9.1,4.6,19.5,36.8,7,3.6,5.2,42.9,14,6.2,2,2,41.9,58.1,50.7,19,7.1,2.2,2,6.5,2.2,2,2,2,2
20141222,7,CO,4,4.3,3.5,4.2,,3.4,3.2,0.3,1.2,4.8,1.6,4,5.4,4.1,3.4,3.3,1.8,0.5,1.4,1.9,1.2,1.7,0.7,0.4,0.3,0.6,0.7,2.3,5.3,8.8,4.6,5.9,4.1,5,4
20141222,8,SO2,50.9,37.7,69,59.9,,63.4,54.4,15.2,18.1,74.1,32.4,45.2,66.7,115.2,101.5,107.1,30.6,27,12,22.7,20.5,15.5,38.8,23.3,38,6.9,16,54.6,23.4,33.9,75.3,88.8,67.9,117.7,32.9
20141222,8,NO2,71.6,76.9,82.5,83.4,,88.9,83.3,19.1,55.4,86.1,55.6,76.6,81,79.3,71,66,56.8,31,37.3,55.4,51.5,45.9,29.1,15.7,18.8,18.1,61.1,75.3,36,60.7,81.7,100,85.5,129.7,58.4
20141222,8,O3,5.6,12,5.7,9.3,,2,2,37.7,16.4,2,16.1,3.3,18.8,35.2,6,5.4,4.8,42.1,34.2,9.4,2,2,37.1,49.6,48.5,22.1,7.3,2.4,2,6.2,2.5,2,2,2,2
20141222,8,CO,5.2,5,4.2,4.1,,3.4,4.3,0.4,1.1,4.5,1.3,2.9,5.7,4.5,3.4,3.8,1.7,0.5,0.5,4.1,1.3,1.7,0.7,0.5,0.4,0.5,1.5,2.9,4.7,9.3,5.2,6.5,4.7,6.3,5.2
20141222,9,SO2,46.4,51,62,62.3,,49.5,55.8,31,20.2,68.5,29.3,26.1,76.3,90.2,95.7,131.2,32.1,26,12.1,25,25.5,19.6,38.8,25,28.1,7.2,11,55.7,41.3,44.3,78.3,110.2,61.6,115.3,37.7
20141222,9,NO2,76.1,89,88.8,106.6,,100.8,92.4,63.1,44.4,102.6,41,67.1,96.6,89.1,74,73.9,56.2,31.3,25.8,51.9,56.2,46.4,30.4,19.6,16.1,15.1,55.1,72.7,41.2,58.7,90.2,104.4,89.7,127.3,64.3
20141222,9,O3,6.1,13.9,5.7,11.1,,2,2,2,33.5,2,40.1,11,21.9,35.6,5.1,12.9,5.5,42.2,45.3,9.9,2,3.7,36.4,47.6,56.6,25.3,14.6,2.7,2,7.1,2.8,2,2.9,2,2
20141222,9,CO,4.8,5.6,4.9,5.3,,3.8,5.4,1.4,1.4,5.5,1.5,2,7.3,5.3,3.9,6.1,1.8,0.5,0.5,3.7,1.4,2.1,0.8,0.7,0.3,0.6,0.9,3.4,4.8,10.2,6,6.7,5.4,7.2,6.3
20141222,10,SO2,39.7,61.2,48.6,72.3,,50.9,59.4,38.2,38.2,64.1,44.8,23.5,71,78.5,85.4,138.3,33.9,26.7,10.3,41,27.7,26.2,47.4,28.9,43,6.4,19.5,80.5,90.1,86.4,62,93.3,52.2,109.3,68.4
20141222,10,NO2,84.8,109.8,91.9,120.1,,116.7,106.9,66.4,78.9,120.8,69.5,72.4,105.5,90.8,95.1,96.1,55.8,25.6,14.6,73.8,57.8,45.3,21.1,26.8,15.8,11.1,48.3,80,57.3,82.9,104,113.8,96.7,144.5,80.1
20141222,10,O3,6.5,14,4.8,9.9,,2,2,2.7,12.8,2,20.1,11.7,17.6,38.3,4.2,15.2,8.1,47.8,58.2,12.6,4.9,9.5,53.9,43.8,57.7,33.1,25.1,3.4,2,6.6,2.5,2,2.4,2,2
20141222,10,CO,4.2,6,4,5.3,,4.7,5.2,1.5,2.9,5.7,2.4,2,5.9,5,3.5,7,1.6,0.5,0.3,4.4,1.4,2.1,0.7,1.2,0.3,0.5,0.7,3.2,4.7,9.2,5.5,7.5,4.7,7.7,7.3
20141222,11,SO2,30.4,46.9,33.4,45.9,,43.6,47.4,33.7,35.1,59,38.3,23,70,88,65.4,83.6,35.7,,,46.7,26,35.1,56.1,,68.7,5.5,19.4,77,133.3,66.2,45.6,56.7,36,80.4,60.5
20141222,11,NO2,67.4,118.5,84.9,106.7,,98.9,108,69.4,94.6,137.9,73.1,62.9,133.7,116.1,113.9,89.1,49.6,,7.2,99.4,45.3,35.7,18,8,16.8,9.9,45.5,95.2,73,89.6,112.8,106.8,98.3,141.3,92.7
20141222,11,O3,15,12.2,13.5,9.3,,7.4,2,7.1,13.1,2,46.3,22.1,15,42,5.2,5.4,17.6,,53.9,13.4,22.9,20.7,58.6,62.2,55.2,41.6,42.7,4.8,2,7.7,3.8,2,3.4,2,2
20141222,11,CO,1.9,3.7,2.2,3.2,,2.9,3.5,1.5,2.6,5,2.4,1.7,4.6,4.3,3,3.3,1.2,,0.3,4.6,0.9,1.5,0.7,0.4,0.4,0.5,0.6,3.2,3.5,5.6,4.1,4.5,2.8,5.6,4
20141222,12,SO2,25.7,30.2,25.7,50.7,,43.4,35.4,29,27.6,74.5,41.8,19.8,55.8,73.7,51.8,45.9,45.1,,,30.6,16.2,43.9,41.2,,49.3,4.1,20,57.3,74.4,66.9,19.6,67.4,29.5,108.9,48.7
20141222,12,NO2,52.4,91.8,79.9,116,,92.6,95.7,58.3,90.4,144.3,107.6,52.6,134,127.5,109.1,64.1,47.1,,6.7,50.3,28.6,29.3,20.6,6.8,15.3,8.5,44.3,96.8,60.1,110.1,58.2,111.2,86.3,164.2,83.3
20141222,12,O3,30.2,16.8,16.9,14.1,,15.7,2,19.4,17.6,3.5,51.7,45.4,17.2,31.9,10.3,17.1,24.9,,31.5,33.8,36.6,31.4,58.9,64.1,57,51.9,50.2,9.4,11,22,21.3,2.8,12.6,2,6.5
20141222,12,CO,1.2,1.9,1.6,2.9,,2.2,2.2,1.1,2.1,4.6,2.3,1.1,4,3.7,2.5,1.6,1,0.2,0.2,2.1,0.7,1.2,0.7,0.4,0.4,0.3,0.7,2.6,2.5,3.9,1.3,3.1,1.7,6.1,1.9
20141222,13,SO2,24.8,60,42.6,82.8,,33.4,28.7,25,26.9,51.7,19.2,33,39.1,66.8,43.3,38.5,36.7,,4.1,10.6,15.4,126.1,32.1,11.2,48.6,2,14.4,43,32.1,66,63.4,79.7,26.6,98.9,40
20141222,13,NO2,63.4,140.9,115.8,157.2,,83.2,88.3,49.2,76.7,118.7,59.9,99.4,88,121.4,109.7,60.3,51.6,15,6.6,17.4,24.5,33.1,11.2,6.8,21.7,4.3,38.8,88.3,29.4,70.2,137.3,129.6,72.1,165.9,81.7
20141222,13,O3,27.7,14.9,16,13,,23.6,5.3,30.2,24.7,9.9,49.8,22.4,27.2,35.8,12.3,26.2,26.1,60.2,72.8,59.7,47.6,37.2,75.4,67.3,51.5,69.1,58.9,16.1,41.1,46.3,8.3,2.6,24.5,2,11.8
20141222,13,CO,1.6,3.5,2.7,4.3,,1.7,1.8,0.9,1.5,3,1.1,2,2.2,2.8,2.2,1.4,0.9,0.1,0.2,1,0.6,1.1,0.6,0.3,0.5,0.1,0.7,2,1.4,2.3,3.9,4.5,1.3,4.9,1.4
20141222,14,SO2,33.2,37.6,39.9,40.2,,31.1,33.9,22.2,25.4,41.8,18.4,24.8,18.7,27.7,28,32.8,26.9,,18.8,7.4,17.6,52.7,39.3,8.9,32.4,2,12.1,,36.2,,35.1,50.2,42.2,59.4,33.3
20141222,14,NO2,99.2,112.2,124,112.2,,99.8,111,49.7,100.1,109.8,52.6,72.5,41.5,81.5,85.3,53.2,55.7,14.3,52.7,12.5,,18.9,13.3,6.3,22.4,2.3,31.9,,50.3,76.6,112.3,115,110.9,139.9,86.2
20141222,14,O3,17.2,19.9,15.9,20.7,,16.6,5,30,23.3,15.8,64.1,34.5,45.5,41.8,24.4,32.2,31.5,62.3,49.1,67,55.4,61.6,74,70.1,60.5,77.2,64.7,,37.9,49,,5.8,13.2,2,11
20141222,14,CO,2.4,2.1,2.6,2.2,,1.9,2.3,0.9,1.9,2.3,1.1,1.4,1.1,1.5,1.5,1.2,0.8,,1.1,0.6,0.5,0.7,0.6,0.3,0.4,0.1,0.4,,1.8,2.1,2.2,2.6,2.6,3.3,1.5
20141222,15,SO2,28.7,32.3,33.7,32.3,,30.7,30.2,23.9,21.8,20.9,14.9,18.4,20.2,17,23.7,29.4,28.1,10.5,15.5,12.6,55.4,14,30.2,2,36,2,16.8,,26.1,,33.1,36.2,34.1,46.9,34.3
20141222,15,NO2,91.7,95.4,112.4,96.4,,117.5,103.7,77.1,72.4,54.1,37.3,48.1,39.7,45.3,50.8,67,66.8,15.8,,17.4,41.1,18.9,13.3,,29.8,2.3,36.1,,40.7,70.9,111.3,92.5,112.4,120.3,100.3
20141222,15,O3,25.4,32.5,21.5,25.9,,17,12.4,18.2,47,46.8,76.1,53.7,50.6,58.8,49.2,24.5,29.1,,28.1,62,41.4,64.6,77.8,,50.8,78.9,60.8,,45.7,55.1,35,14.9,15,2,8.1
20141222,15,CO,2,1.6,2,1.7,,1.9,1.8,1.3,1.3,1.2,0.8,1.1,0.9,0.8,1,1.4,0.9,0.4,0.7,0.5,0.7,0.7,0.6,0.3,0.5,0.1,0.5,,1.5,2.2,1.8,1.9,2.1,2.8,1.8
20141222,16,SO2,22.4,21,21.5,24,,24.3,17.7,23.6,15.4,23.8,24.9,17.8,23.6,22,18.2,28.5,23.5,13.9,12.4,22,41.8,35,33.8,2.5,31.3,2,21.8,,23.2,90.7,20.4,26,25.8,38.5,31.6
20141222,16,NO2,76,60.7,67.3,64,,93.8,68.9,74,45.5,54.2,44.5,43.3,54.5,66.3,35.9,69.7,72.9,19.7,,25.2,52.2,26.6,14.3,,29.9,2.4,46.5,,34.1,77.2,82.9,70.1,92.2,106.5,101.5
20141222,16,O3,28.8,49.4,41.3,38.4,,31.3,23.9,27.7,61.4,42.9,73.8,55.3,45.4,54.7,61.3,32.5,19.2,67.6,,56.3,31,57.2,76.7,71.8,49.5,79.3,56.2,,54.5,56.4,28.6,20.7,20.3,2,18.7
20141222,16,CO,1.6,0.9,1.1,1.2,,1.4,1.1,1.2,0.9,0.9,0.9,0.9,1.1,1.3,0.7,1.3,0.9,0.5,,0.6,0.8,0.8,0.6,0.3,0.5,0.1,0.5,,1.3,2.4,1.1,1.2,1.5,2.3,1.4
20141222,17,SO2,20.5,22.6,23.5,25.9,,21.2,24.2,22.2,24.1,25.4,27.7,36.2,34.5,21,21.9,29.2,30.4,27.3,42.8,22.5,33,42.3,56.8,2.1,44.1,2.7,23.5,,32.8,80.4,20.3,28,26.2,39.3,28
20141222,17,NO2,62.1,74.4,65.8,80,,83.8,82.9,73.5,57.6,86.7,72.2,84.3,90.3,68.3,60.4,68,106.5,68.7,,43.4,72.8,45.7,24.2,9,55.4,3.8,87,,42.3,73.8,86.5,82.1,87.7,106.3,85.7
20141222,17,O3,31.2,32.1,40.2,22.3,,27.2,10.3,19.9,46.1,12.9,46.4,21.3,20.3,40.8,42.4,20.8,6.8,32.1,15,39.9,7.8,34.7,62.2,68.6,26.7,76.5,47.3,,47.4,50,19,7.9,15.4,2,24.8
20141222,17,CO,1.4,1,1.1,1.6,,1.1,1.2,1.2,1.4,1.3,1.3,1.3,1.5,1.1,1.1,1.2,1.7,1,1.2,0.8,1.2,1.1,0.9,0.3,0.7,0.1,0.6,,1.5,2.4,1.1,1.3,1.4,2.1,1
20141222,18,SO2,22.3,19.8,21.5,33.1,,25.6,30.1,24.8,27,36.8,41.8,49.3,39.2,28,41.4,57.7,35.2,46,61.6,40.5,29.3,45.9,74.8,2,45.4,2,27.9,,42.4,78.4,26.9,44.5,24.7,47.2,34.3
20141222,18,NO2,78.1,91.2,98,106.7,,111.1,103.4,93.5,59.3,111.1,97.4,109.7,118.3,103.2,103.8,93.6,112.8,106.6,110.3,79.6,74.5,80.3,44.8,28.3,40,6,121,,60,73.9,106.7,104.5,97.2,115.2,89.8
20141222,18,O3,15.8,12,15.2,5.2,,2,2,2,41.9,2,22.1,4.2,9.1,12.7,7.8,2,7.1,6.9,8.1,21.7,2,2.9,33.2,41.5,37.7,67.9,26.9,,31.5,42.4,4.2,2,5.3,2,2.4
20141222,18,CO,1.6,1.4,1.5,2.7,,1.5,1.7,1.7,1.4,2.1,1.6,2.2,2.5,1.4,1.7,2.4,1.7,1.5,3.1,2.1,2,2.6,1.2,0.4,0.7,0.1,0.8,,2.6,2.5,1.9,2,1.8,2.7,1.2
20141222,19,SO2,28.4,18.6,31.7,38.1,,29.9,37,25.6,29.3,60.8,63.2,74.2,59.7,34.9,55.5,91,41,44.4,48.4,62.4,38.6,61.5,78.4,17.7,39.9,4.1,27.8,,36.8,73.8,33.6,74.1,33.7,57.3,35.5
20141222,19,NO2,88.9,98.2,109.6,109.2,,113.5,107.6,91.5,71.7,125.1,98.5,122.8,115.7,99.2,103.9,91.6,108.4,106.8,107.3,97.3,74.8,76.3,60.3,41.1,45.1,10.2,95.5,,66.9,87.1,111.3,123.5,105.8,115,90.7
20141222,19,O3,7,9,9.6,6.7,,2,2,2,32.5,2,25.3,3.7,11.2,20,9,8.5,8.9,8.7,7.2,12.1,2,3.3,14.2,27.6,30.7,55.6,19.3,,17.4,20.8,4.3,2,3.5,2,2
20141222,19,CO,2.1,2,1.6,2.5,,1.8,2.2,2.3,1.6,3.3,2.2,2.8,2.6,1.8,2.1,3.5,2.1,2.7,3.4,3.6,2.9,3.5,1.4,1.7,0.6,0.2,0.9,,4.8,3.3,2.7,4.4,2.1,3.5,2.4
20141222,20,SO2,43.3,24.8,45.9,52.7,,39.9,46.6,19.5,28.6,80.7,79.2,80.5,78.8,41.4,61.5,92.1,40.7,43.7,58.7,45.6,42,56.4,68.1,18.3,37.4,5.9,38.6,,33.8,79.3,55.4,73.1,44.5,78.2,34.3
20141222,20,NO2,96.7,101.9,110.8,111.3,,111.8,110.7,84.8,74.8,121,114.5,126.8,111,81,106.6,98.7,136.5,89.7,104.1,66.1,70.9,69.6,74.1,42.9,36.1,10.9,119.5,,84.4,111.3,113.2,111.5,104.3,125.9,87.3
20141222,20,O3,4.6,10,8.5,8,,2,2,2,26.6,2,16.8,3.8,14.7,32.8,10.2,5.9,10.3,9.1,7.9,11.8,2,2,2,20.3,36.6,49.5,23.5,,2,9,3.9,2,4.2,2,2
20141222,20,CO,2.3,2.6,2,2.9,,1.8,2.6,2.3,1.6,3.2,2.8,3.3,2.7,1.6,2.5,3.2,2.7,2.6,4.5,2.4,2.9,3.2,1.7,1.6,0.6,0.2,1,,4.5,4.9,3.3,4.5,2,3.5,2.2
20141222,21,SO2,59.2,56.5,72.9,69.2,,71.4,61.4,32.4,25.2,78.5,55,53.1,73.2,53.4,77.1,77.3,35.4,35.5,44.9,40.4,35.4,50.2,73.2,18.6,32,11.6,27.8,,42.4,103.5,78,112.6,66.7,115.2,49
20141222,21,NO2,91.4,104.6,112.6,114.3,,110.6,110.7,86.4,71.6,126.9,91.6,113,111.6,90.2,107.7,99.3,132.9,56.2,84.6,53.7,65.8,64.7,74.5,40.6,37.5,13.9,74.3,,86.5,106.7,106.2,93.5,103,122,94.7
20141222,21,O3,4.9,11.8,8.6,8.7,,2,2,2,24.2,2,20.8,2.3,19.1,30.5,10.6,5,11.1,16.9,6.3,12.9,2,2,2.1,21.4,30.9,47.4,29.2,,8.8,10,3.7,2,4.6,2,2
20141222,21,CO,2.4,2.7,2.6,3,,2.1,2.6,2.8,1.4,3.6,2.4,3.2,3.9,2.1,3,2.9,3.1,1.4,3.4,1.8,2.2,3.2,2.8,1.3,0.6,0.5,1.1,,10.2,6.2,2.9,2.5,2.3,3.7,1.9
20141222,22,SO2,75.5,63.5,89.4,75.5,,96.3,59.6,25.3,25.2,91.8,46.1,45.9,67.4,62.6,79.8,88.1,41.7,33.1,41.2,36.8,29.2,39.1,78.2,13.3,35.5,6.4,28.9,,45.5,88.5,90.9,129,92,,58.8
20141222,22,NO2,90.6,98.6,112.9,114.5,,109.6,107.7,82.1,75.2,128.8,82.2,101.1,115.6,87.8,106,97,92.4,48.6,69.6,53.5,61.4,59.8,74.7,24.1,39.3,10.4,85.9,,85.2,94.2,105.7,93.3,102,,91.4
20141222,22,O3,4.6,11.7,8.2,8.7,,2,2,2,20,2,20.1,2,23.1,36.8,8.3,8.1,19.4,21.4,6.5,11.1,2,2,2.5,33,26.2,43.5,26.6,,2,8.4,3.3,2,4.4,,2
20141222,22,CO,2.7,2.6,3.2,3.6,,2.1,2.7,3,1.4,4.7,2,3.2,5.7,2.4,3.3,3.5,3,1.2,2.3,1.9,1.9,3.3,4.2,0.7,0.6,0.2,1.2,,8.3,5.3,3.2,2.7,3,,2.2
20141222,23,SO2,84.6,70.7,81.3,75.5,,101.7,57.1,23.6,25.8,98.1,49.2,39.4,56.1,73.9,86.4,93.1,42.3,32,36.1,28.1,24.6,29.1,47.7,10.3,38.7,6,37.8,,54.5,84.6,96.5,136.1,91.6,136.5,51.2
20141222,23,NO2,87,98.9,105.8,114.3,,107.3,113.9,76.7,77.3,128,79.8,93.4,100.4,89,104.1,87.9,77.1,45.1,64.5,44.6,51.9,57.1,65.8,24.9,61.8,10.5,65.2,,77.8,99.1,102.8,104.6,95.3,117.3,90.9
20141222,23,O3,4.4,11.4,7.9,8.8,,2,2,2,15.8,2,22,2,17.1,30.7,8.3,18.2,17.5,24.2,6.9,15.7,4.5,2,2,30.9,4.6,39.9,31.2,,2,8.7,2.9,2,2.9,2,2
20141222,23,CO,2.4,2.6,3.6,4,,2.1,4.2,3.6,1.4,5,2,3.1,4.5,2.2,3.3,6.3,2.9,1.2,1.8,1.7,1.8,2.8,3.3,0.7,0.8,0.3,1.2,,12.7,6.8,3.2,3.3,3.6,3.9,2
