date,hour,type,dongsi,tiantan,guanyuan,wanshouxigong,aotizhongxing,nongzhanguan,wanliu,beibuxingqu,zhiwuyuan,fentaihuayuan,yungang,gucheng,fangshan,daxing,yizhuang,tongzhou,shunyi,changping,mengtougou,pinggu,huairou,miyun,yanqing,dingling,badaling,miyunshuiku,donggaocun,yongledian,yufa,liulihe,qianmeng,yongdingmengxi,xizhimengbei,nansanhuan,dongsihuan
20140614,0,PM2.5,22.3,19.8,24.3,17.8,27.3,30.8,26.6,28.1,11.3,30.1,26.5,23.8,29.9,28.4,33.8,24.7,33.2,12.9,25.2,21.1,11.9,16.9,18.1,9,22.3,12.6,18.5,41.4,,23,26.5,24.1,26.9,27.7,29.1
20140614,0,PM10,,,34,,,62.3,26.8,,,58.6,57.2,68.4,31.3,,,25.9,,,41,,24.4,27.3,,5,,14.2,,,,,36.7,,,66.3,79.4
20140614,0,AQI,80,80,85,84,81,84,68,52,50,86,66,73,74,101,97,81,61,48,62,29,45,48,50,41,68,26,49,87,,82,87,85,88,94,91
20140614,1,PM2.5,19.2,24.7,26.7,18.3,37.1,39.1,27.2,38.3,9.5,26,21.3,31,34.8,37.2,45.8,37.3,35.7,17.1,20.1,29.1,14.1,22.6,12.8,10.8,27.6,15.2,16.4,44.5,42.4,27.8,25.5,27.1,28.9,28.3,43.1
20140614,1,PM10,,,30.2,,,75.7,42.7,,,49.5,62,42.2,44,,,39.6,,,37.9,,,32.4,,10.7,,,,,,,29.1,,52.6,62,96.9
20140614,1,AQI,78,78,83,83,79,81,68,53,49,85,65,72,73,100,92,77,57,48,61,30,46,46,51,41,68,26,47,82,105,81,86,83,86,92,88
20140614,2,PM2.5,24.6,27.8,24.5,26.2,24.3,38.3,34.9,38,9.3,27.3,22.9,28.8,39.8,46.4,39,37,24,14.2,23.3,25,10.3,18.7,9.3,12.6,36.9,11.5,18.2,45.9,,27.7,24.1,28,24,23.1,45.2
20140614,2,PM10,,,32.9,,,45.6,76.4,,,43,45.9,52.7,61.9,,,,,,39.7,,13.8,,,14.6,,15.8,,,,,35.5,,,,106.8
20140614,2,AQI,74,74,80,80,76,77,68,54,49,83,64,72,71,96,87,74,52,48,60,30,46,29,47,41,69,26,46,78,,80,81,80,83,89,84
20140614,3,PM2.5,26.5,27.9,21.7,24.1,28.6,40.4,41.4,37.9,15.2,28.9,29.7,39.5,48.2,41.7,48.4,33.8,26.6,15.3,26.6,25.3,8,12.3,9.3,14.2,29.7,13.4,20.7,47.7,65.4,32.9,34.5,29.1,20.9,25.9,47
20140614,3,PM10,,,27,,,,57.6,,,39,40.8,40.9,81.6,,,,,,47.5,,16.3,,,15.1,,16.1,,,,,38.8,,38.8,61.2,89.9
20140614,3,AQI,70,70,76,75,72,75,67,54,48,79,62,71,68,90,82,70,47,48,60,31,45,28,47,41,69,26,44,75,101,77,77,75,79,84,82
20140614,4,PM2.5,24,27.6,25.8,26.8,25.3,34.6,32.5,31,9.7,39.4,33.7,31.6,36.7,43.2,45.7,33.1,28.5,19.8,29.9,24.9,12.4,20.1,9.9,12.9,25.2,9.7,18.2,48.6,76.2,32.5,23.6,33,20.8,34.2,39.6
20140614,4,PM10,,,29.7,,,58,48.8,,,74.6,47.1,,39.8,,,,,,56.6,,,,15.3,12.6,,15.5,,,,,34.5,,35.7,40.9,42.3
20140614,4,AQI,65,66,71,70,67,73,66,55,48,75,61,71,66,84,77,66,42,48,60,31,46,28,51,41,69,26,42,72,99,74,72,71,75,78,78
20140614,5,PM2.5,22.2,25.5,23.4,22.7,21.9,27.9,32.5,25.3,4.5,43.8,41.9,21.4,40.9,50,40.7,39.3,20.6,18.4,34.4,25,11.3,15,15,16.2,17.1,11.3,23,54.2,,32,25.1,27.7,23.9,30.6,36.2
20140614,5,PM10,,,25,,,28.9,49.8,,,73.6,42.6,22,49.8,,,,,,58,,14.1,,16.2,15.7,,17.4,,,,,26.7,,24.1,58.9,
20140614,5,AQI,61,61,67,64,63,69,65,55,47,70,60,69,64,79,72,62,39,47,60,31,45,28,50,40,69,26,40,68,,71,66,66,70,75,74
20140614,6,PM2.5,7.6,24.9,20.8,21.8,18.8,21,14.1,29,8,34.1,44.6,17.6,50.1,60.9,45.6,40.3,29.4,23,37.8,24.7,9.9,11.6,19.4,15.4,16.2,13.1,22.9,54.4,,49.4,21.8,24.4,19.4,27.6,27.9
20140614,6,PM10,,,,,,26.8,17.6,,,35.1,48.1,30.1,,,,,,,66.8,,17,,30.5,24.3,,18.1,,,,,,,,72.4,
20140614,6,AQI,55,57,62,59,58,65,63,54,46,64,59,68,64,74,67,57,39,47,60,32,45,28,51,40,68,26,39,65,,69,61,61,65,72,61
20140614,7,PM2.5,11.9,27,20.2,16.7,35.5,17,28,38.6,3,22.7,33.6,26.1,51.3,54.3,57.3,41.4,23.2,33,38.7,24.5,16,17.4,20.6,21,20.4,11.5,20.9,67.9,113.2,54.8,19.1,17.9,21.8,26.1,26.4
20140614,7,PM10,,,25.3,,,,39.9,,,26.5,49.9,53,,88.2,,,,,53.3,,43.4,,40.4,27.5,,20.8,,,,,22.4,,,44.1,
20140614,7,AQI,50,52,56,53,54,53,60,55,44,59,58,66,63,68,64,51,39,47,59,32,44,28,51,40,67,26,37,62,91,67,56,55,59,68,55
20140614,8,PM2.5,17,24.3,28.5,21.9,41.2,18.7,35.2,47.1,12.3,17.6,29.2,22.2,36.4,47.3,56.9,57.6,27.4,25.5,40.3,26.5,14.4,15.9,23.8,20.3,24.3,14.6,23.7,51.6,124.4,52.4,23.1,21.1,30,27.5,24.4
20140614,8,PM10,,,44,,,,49.5,,,26.2,44.7,36.8,,,,,,,49.6,,27,,42.3,32,,19.5,,,,,36.4,,,59.6,
20140614,8,AQI,44,47,51,48,50,48,57,55,42,55,57,63,61,63,61,50,38,47,59,32,43,27,50,39,65,26,36,59,88,64,50,49,54,64,51
20140614,9,PM2.5,23.3,21.9,31.9,20.7,43.4,33,37.4,47.2,19.2,26.4,25.9,18.5,26.5,29.4,36,62.1,16.7,28.2,27.9,30.6,16.5,14.2,28.4,23.4,11.5,13.9,24.5,56.3,118.1,45.2,24.1,21.9,30.8,28.4,30.5
20140614,9,PM10,,,41.4,,,,64.1,,,46.2,40.7,33.5,,34.9,,,,,36.3,,46.1,,28.6,24.6,,19.6,,,,,31.1,,,32.8,
20140614,9,AQI,39,40,46,42,48,44,55,55,38,52,54,60,58,58,57,51,38,45,57,32,43,27,48,38,61,26,35,57,87,60,45,44,50,62,47
20140614,10,PM2.5,22.3,28.8,33.7,20.1,38.1,28.3,36.7,38.7,24.6,25.5,22.9,20.3,22.5,32.6,34.1,51.7,20.6,32.4,20.3,39.4,19.2,14.9,28.3,17.6,23.1,9.4,26.4,59.2,,30.4,28,21,26.5,22.6,26.7
20140614,10,PM10,,,35,,,,48.6,,,,36,25.7,,35.6,,,,,41.9,,25.4,,54.2,18.5,,16.2,,,,,47.6,,34.6,37.4,
20140614,10,AQI,37,40,45,40,47,42,53,53,35,52,53,57,55,56,57,51,37,43,56,33,43,28,46,39,57,27,34,58,,57,44,42,51,61,45
20140614,11,PM2.5,16.7,29,25.5,26.3,27.7,28.9,28.2,22,18.1,22.4,26.5,26.3,25.4,32.7,36.2,47.3,23.7,22.5,32.6,27.2,19.9,17.2,28.5,23.2,25.5,12.7,19.6,45.1,,27.5,21.9,30.3,32.8,33.9,22.6
20140614,11,PM10,,,34.6,,,52.4,40.9,,,37.1,43.8,51.3,,40.2,,,,,44.3,,27.5,,33.6,16.5,,,,,,,33.7,,50,51.6,
20140614,11,AQI,37,40,44,40,46,54,53,51,38,52,52,56,53,56,57,52,39,42,55,33,42,37,44,48,54,35,43,59,,55,43,42,52,61,45
20140614,12,PM2.5,29,31.9,39.9,37.3,29.2,29.8,34.1,33.3,27.5,36.5,34.8,27.9,29.3,39,39.6,41.5,21.8,23.7,29.9,22.2,25.3,18.3,32.9,26.2,30,12.1,17.8,49.1,126.3,33.7,29.6,26.8,40.3,39.9,23.2
20140614,12,PM10,66.4,,56.2,,,69.2,57.6,,,40.1,54.3,51,51,51.1,,,,,47.5,,37.6,,41,53.1,,,,,,,47.9,,46.4,62.9,
20140614,12,AQI,52,46,46,48,45,54,53,49,48,52,52,55,52,61,58,53,48,62,54,33,45,47,47,53,52,39,48,64,94,69,44,45,52,61,45
20140614,13,PM2.5,38.6,39.9,44.5,38,37.1,33.5,43.3,33.7,30.1,38.7,38.4,32.7,36.5,49.1,47.2,47,33,26.2,30.6,19.8,25.7,21.9,28.1,23.9,28,10.2,19.6,56.1,136.3,38.5,39.7,35.3,42.5,49.5,33
20140614,13,PM10,59.6,,59.4,,,57.6,65.6,,,61.5,59.8,41.3,50.2,63.5,,,,,61.1,,44.4,,,43,,,,,,,53.9,,53,92.4,
20140614,13,AQI,53,88,93,97,55,99,53,66,80,87,96,95,52,111,82,99,76,84,83,33,50,55,47,69,50,42,57,104,98,93,66,72,52,62,46
20140614,14,PM2.5,41.6,49.9,50.3,44.2,42.6,39.5,47.5,34.3,32.6,45.4,40.3,32.3,37,35,60.5,56.5,34.8,20.6,37,24.1,27.9,20.5,21,21,31.6,12.6,27.7,56.5,137,44.6,48,47.6,48.3,54.6,44.7
20140614,14,PM10,,,,,,73.2,58.4,,,58.9,63.1,35.4,51.2,52.2,,,,,55.4,,,,,30.6,,,,,,,63.3,,,100.7,
20140614,14,AQI,102,122,114,119,99,118,89,95,105,117,110,107,64,118,117,117,98,94,109,37,61,75,45,83,61,44,83,119,102,106,87,109,83,62,82
20140614,15,PM2.5,46.6,46.8,44.3,48.1,45,43.5,45.3,34.1,39.9,47.4,39.2,44.3,40.9,39.9,60.4,57.5,31.4,28,42.1,30.3,26.7,32.8,19.7,21.8,27.9,13.1,41.1,54.3,142.1,60,55.7,48.2,46.9,60,48.7
20140614,15,PM10,,,58,,,68.6,,,,73.2,62.4,90.1,57.1,70.3,,,,,56.4,,31.9,,,28.1,,,,,,,59.7,,,111.9,
20140614,15,AQI,114,135,129,134,114,131,110,104,121,131,113,123,85,118,131,133,107,100,116,42,79,106,49,78,84,44,108,128,107,121,107,118,103,77,83
20140614,16,PM2.5,43.3,50.3,53.3,48,39.5,30,46.3,27.7,38.5,48.8,38.7,43.6,45.5,46.9,71.5,60.9,37.7,21.3,46.4,29.8,22.6,30.1,25.3,20.7,32.3,23.9,48.3,59.8,186.6,63,37.5,50.1,54.8,63.2,44.7
20140614,16,PM10,,,65,,,46.9,70.4,,,79.8,66.4,84.2,64.9,61.9,,,,,68.3,,33.9,,,5,,,,,,,60.7,,,118.9,
20140614,16,AQI,121,148,137,142,109,134,115,108,138,137,116,129,79,121,133,141,108,99,132,42,93,106,69,68,98,94,113,133,113,128,114,117,110,74,87
20140614,17,PM2.5,47.4,51.1,52,49.2,42.5,44.9,54.3,37.6,44.6,43.7,40.1,40.7,46.1,40.5,61.7,62.2,40.8,24,44.9,43.8,27.9,27,28.2,19.7,26.8,25,37.7,62.2,326.4,62.1,53.4,44.5,46.1,59.8,42.9
20140614,17,PM10,,,83.2,,,125.9,101.7,,,97.2,74.2,73.7,,68.8,,,,,75.5,,40.3,,,10.2,,,,,,,81.5,,,119.2,
20140614,17,AQI,130,153,147,139,121,153,127,129,142,119,106,125,70,125,132,147,118,110,134,52,90,101,73,105,80,99,113,141,127,131,119,123,112,75,103
20140614,18,PM2.5,46.7,44.6,53.3,50.7,52.4,57.3,49.4,48.5,43.6,45.4,47.5,43.7,49.8,46.4,69.9,61.5,50,,45,52.6,28.1,29.1,23,24.1,23.4,28.6,57.9,66.7,,61.6,53.4,53.2,50.8,69.9,55.7
20140614,18,PM10,,,95.1,,,92.4,115.3,,,98.8,72.5,131.7,55.7,94.1,,,,,95.9,,51.6,,,17.5,,,,,,,91.2,,,201.2,
20140614,18,AQI,129,142,127,125,137,154,108,138,137,100,87,94,56,108,130,138,131,,124,46,98,101,50,115,77,92,117,139,,118,112,111,93,69,120
20140614,19,PM2.5,57.3,55.4,57.4,53.1,51.6,57.2,49.7,47.3,40,48.9,41.5,51.2,48.3,56.7,72.8,69.6,58.7,,47.7,61.6,38,34.8,27.9,27.6,29.9,27.1,73.2,65.9,667.9,61.5,61.2,60.8,55.3,78.5,59.6
20140614,19,PM10,,,97.2,,,153.2,103.1,,,87.8,74.4,71.4,58.1,91.7,,,,,85.4,,77.6,,,51.8,,,,,,,109.9,,,173.1,
20140614,19,AQI,113,130,111,107,113,137,83,109,113,99,76,53,61,113,127,139,137,,115,42,113,110,83,110,106,100,121,125,174,101,90,106,51,87,105
20140614,20,PM2.5,65.2,58,56.5,63.6,57.2,56.9,55.5,45,38.3,52.1,46,55.6,56.8,70.1,77.9,81.9,72.1,,57.9,80.2,58.5,47.3,34.2,34.7,36.8,33,74.4,71,376.6,61,69.3,67.3,60.5,81.7,53.2
20140614,20,PM10,,,95.4,,,126.5,103,,,95.8,79.9,117.3,88.2,97.4,,,,,116.3,,145.6,,,55.5,,,,,,,115.4,,,169.9,
20140614,20,AQI,99,107,107,98,76,117,55,85,51,93,72,54,53,109,112,117,119,,91,44,119,124,90,57,57,108,117,87,195,58,66,59,50,95,72
20140614,21,PM2.5,68.7,67.6,65.2,74.3,72.2,74.9,59.5,53.8,35.1,79.1,66.8,72.6,76,79.1,88,102.9,84.6,,77.2,80.5,72.7,51,34.4,30.9,41.1,51.5,70.8,101.6,3,67.4,82.7,77.8,67.3,82.4,77.8
20140614,21,PM10,,,116.3,,,127,128.8,,,175.3,136.8,258.9,131,103.7,,,,,134.5,,148.4,,,38.3,,,,,,,123.8,,,142.4,
20140614,21,AQI,78,51,90,63,53,107,57,51,43,58,54,59,56,74,71,69,102,,56,48,99,117,72,68,75,121,104,75,194,61,53,72,52,88,94
20140614,22,PM2.5,79.3,79.4,78.9,70.3,83.2,83.7,73.2,54.1,42.5,85.9,84.6,93.9,94.7,91.7,107.3,148.5,110.9,,63.4,73.3,66.9,58.8,38.4,29.5,44.9,52.7,89.9,120.9,3,71.6,87.5,88.9,84.4,88.1,104.7
20140614,22,PM10,131.2,93.7,113.3,125.4,,180,143,,,125.6,137,266.8,134.1,130.6,129,,,,181,,134.9,,,40.9,,,,,,,127.5,,,167.2,
20140614,22,AQI,59,60,93,60,56,84,59,53,34,71,57,85,60,65,75,76,57,,59,51,49,71,72,67,66,97,100,80,192,63,56,68,55,74,93
20140614,23,PM2.5,94.3,103.7,86.9,86.6,99.9,97,85.5,56,57.6,97.4,104.9,98,106.1,131.5,140.9,125.6,139,,69.1,53.3,54.7,64.9,45.6,31.1,52.2,44.1,103.5,163,,96.2,103.8,110.9,90.3,108.3,118.8
20140614,23,PM10,167.1,147.2,115.1,119.4,,169,142,,,144.8,145,222,123.1,170.1,157.7,171.4,,,132.8,,79.6,,,36.7,,,,,,,134,,,184.1,
20140614,23,AQI,62,62,71,61,60,66,61,55,37,61,58,67,64,71,80,81,60,,61,53,51,60,47,48,56,46,55,87,,68,60,60,58,74,88
20140614,0,SO2,2,2,2.9,2,2.5,2,6.3,11.5,2,2,2,2,2,2,2,4.8,2,2,2,2,2,2,3.9,2,2,2,3.5,17.4,,5.4,2,2.7,3.2,4.1,2
20140614,0,NO2,71.6,71.4,66.6,66.4,76.6,81.2,71.6,22.3,15,83.1,40.3,62.8,57.1,68.2,90.6,48.4,38.3,15.2,25.5,38.6,20.4,24.1,17.4,4.8,78.4,2,12.9,63.3,,19.4,73.9,93.4,73.5,115.9,121.8
20140614,0,O3,46.3,42.5,49.4,52.6,43.2,30.1,27.9,39.8,51.6,19.9,52.4,53.3,45.3,45.4,22.8,47.9,45.4,79,91,14.6,54.1,49.2,58.7,69.2,39.9,74.9,60,25.1,,36.6,43.9,38.4,38.4,16.9,5.6
20140614,0,CO,0.8,0.7,0.9,0.7,0.6,0.7,0.5,0.5,0.5,0.7,0.6,0.7,0.7,0.6,0.7,0.6,0.5,0.4,0.6,0.5,0.5,0.4,0.3,0.1,0.5,0.2,0.2,0.4,,0.3,0.7,0.6,0.7,0.7,0.9
20140614,1,SO2,2,2,2.7,2,2,2,8.8,8.9,2,,,2,2,2,2,2,2,2,2,2,2,2,4.4,2,2,2,,17,2,6.4,2,2,2,4.2,2.6
20140614,1,NO2,67.1,85.6,56.5,61.8,61.6,96.5,66.4,24.6,16.6,68.4,57.9,59.1,81.3,95.3,90.2,76.3,26.9,30.2,23.5,41.3,19,47.6,14,5.4,46,2,10.8,57.4,15.1,28.3,71.9,82.2,72.7,107.7,117.4
20140614,1,O3,54.3,36.6,60.2,55.3,41.2,6.2,29.1,33.9,43.3,28,27.4,49.6,22.6,19.9,22.6,16.3,50.2,57.9,84.9,2,59.4,21,52.1,64.3,60.9,54.8,52.1,22.6,,17.8,50.4,41.4,31.6,17.9,2
20140614,1,CO,0.7,0.7,0.8,0.7,0.7,0.8,0.5,0.4,0.4,0.7,0.6,0.6,0.7,0.7,0.7,0.6,0.4,0.4,0.5,0.6,0.5,0.5,0.2,0.1,0.7,0.2,0.2,0.4,0.4,0.3,0.6,0.6,0.8,0.8,1
20140614,2,SO2,2,2,,2,3.9,2,6.8,,2,3.1,2,2,2.1,2.8,,,2,2,2,4.7,2,2,3.8,2,2,2,4.8,17.3,,6.7,2,2,,3.9,2
20140614,2,NO2,58.9,66.6,43,51.5,31.4,81.3,75.1,30.9,16.2,67.1,51.7,44,94.4,106.7,61.8,45.3,29.8,34.8,34.1,25.7,6.6,24.8,7.8,9.2,28.5,2,10.5,42.2,,33.7,58.7,69.8,50.8,89.4,103.6
20140614,2,O3,40.8,50.3,60.1,64.2,48.8,13.6,4.9,19.6,35.8,27.4,39.9,56.2,9.7,2.2,40.3,35.2,43.9,46.8,64.3,2.5,49.7,39,58.8,51.7,72.4,47.3,66,16.6,,13.2,56.3,56,46.1,30.8,2
20140614,2,CO,0.6,0.7,0.6,0.6,0.4,0.7,0.5,0.5,0.5,,,0.5,0.6,0.9,0.6,0.6,0.4,0.4,0.5,0.4,0.4,0.4,0.2,0.1,0.8,0.2,0.2,0.4,,0.3,0.5,0.5,0.6,0.7,0.9
20140614,3,SO2,2,2,2,2,2.4,2,7.1,11.6,2,2,2,2,2,2,2,2,2,2,2,2,2,2,3.7,2,2,2,4.1,16.9,2,7.1,2,2,8.2,3.7,2.9
20140614,3,NO2,64.9,47.1,45.7,57.5,33.1,70,74.7,29.4,17,55,40.2,48,115.4,100.7,82.5,45.2,21.5,25.8,41.5,28.3,8.2,27.5,24.8,11.5,29.8,2.9,10.3,33.4,13.7,55,64.9,72.7,81.4,94.8,97.8
20140614,3,O3,27.1,31.7,54,43.7,33.1,19.2,2.3,10.9,40.1,40.1,50.1,44.6,2,4.2,25.8,24.7,40.9,53.3,39.9,7.9,44.4,28.5,43.8,42,67.7,36.9,54,13.5,,2,38.3,31.8,21.7,21.8,2
20140614,3,CO,0.5,0.6,,0.6,0.2,0.7,0.5,,0.5,0.6,0.6,0.5,0.8,0.8,,,0.4,0.4,0.6,0.4,0.4,0.4,0.2,0.2,0.6,0.2,,0.3,0.5,0.3,0.6,0.5,,0.6,0.9
20140614,4,SO2,2,2,2,2,4,2,6.3,9.9,2,2,2,2,2,2.3,2,2,2,2,2,2,2,2,3.7,2,2,2,4.2,17.3,2,7.1,2,2,7.9,3.8,2
20140614,4,NO2,66.7,54.7,45,55.6,31,84.1,62.1,40.3,14,76,57.6,36.4,80,100.4,80.7,69.4,18.9,29.6,38.5,26.6,8.5,39.2,14.7,8,9.9,2.3,10.8,37.1,10.4,52.3,67.1,83.5,55.4,88.7,87.4
20140614,4,O3,24.7,8.4,,39.5,32,2,2.3,,50.6,5.5,21.4,60.1,16.2,2.1,,,36,43.7,33.1,8,37.1,11.5,48.9,41.9,82.1,38.4,,7.6,,2,29.7,26.2,,22.1,2
20140614,4,CO,0.4,0.6,0.5,0.6,0.1,0.7,0.5,0.4,0.4,0.7,0.6,0.5,0.7,0.8,0.6,0.4,0.4,0.5,0.7,0.3,0.4,0.4,0.2,0.2,0.5,0.2,0.2,0.3,0.5,0.3,0.6,0.5,0.3,0.6,0.6
20140614,5,SO2,2,2,2,2,2,2,6.7,11.1,2,2,2,2,2,2,2,2,2,2,2,2,2,2,3.4,2,2,2,4.9,19,,6.5,2,2,3.2,3.5,2
20140614,5,NO2,36.8,54.3,,44.4,35.9,53.8,64.2,,12.8,,,24.2,82.8,82.3,,,26,30.7,29.9,56.9,,38.1,34.2,8.6,8.7,2,,54.1,,43.3,43.8,64.7,,83.5,74.6
20140614,5,O3,31.4,14.4,24.3,41.7,27.1,15.4,2,11.1,47.2,2,26.5,77.4,9.4,2,4.2,9.6,20.2,42.3,33.5,2,38,7.1,23.9,50.2,70,40.2,53.2,2,,2,35.4,33.9,21.6,16.7,2
20140614,5,CO,0.5,0.5,0.4,0.5,0.8,0.5,0.5,0.4,0.3,0.7,0.5,0.5,0.7,0.9,0.6,0.4,0.4,0.5,0.7,0.5,0.4,0.5,0.2,0.2,0.5,0.2,0.2,0.4,,0.4,0.4,0.4,0.4,0.6,0.4
20140614,6,SO2,2,2,2,2,2,2,5.3,11.7,2,2,2,2,2,2,2,2,2,2,2,2,2,2,4.2,2,2,2.3,4,18.8,,7.1,2,2,2,4.8,2.1
20140614,6,NO2,32.3,49.6,30.9,41.6,35.5,38.4,37.9,28.2,12.2,56.2,37.6,26.6,87.1,80.1,93.1,58.1,40,23,32.3,56.7,10.7,19.3,68.7,7,8.2,2.5,13.1,57.6,,43.8,33,47.1,30.4,90.6,57.2
20140614,6,O3,35.6,18.9,46.6,36.6,32,20.7,21.5,13.9,35.9,12.6,27,64.7,8.8,2,2,5.7,7.3,59.1,37.6,4.1,35.2,24.6,2.4,49,65.3,35.1,35.2,2,,2,38.2,38.1,36.7,6.4,4.1
20140614,6,CO,0.4,0.5,0.4,0.5,0.2,0.4,0.4,0.5,0.3,0.6,0.7,0.5,0.7,0.9,0.7,0.5,0.5,0.6,0.7,0.6,0.4,0.4,0.3,0.3,0.5,0.2,0.3,0.4,,0.4,0.4,0.3,0.3,0.5,0.4
20140614,7,SO2,2,2,2,2,2,2,6.4,13.8,2,2,2,2,2,4.3,2,2,2,3.1,2.1,2,2,2,4.7,2,2,3.7,4.3,19.1,2,7.7,2,2,6.5,4.5,2
20140614,7,NO2,44.8,47.6,37.3,35.3,47.2,30.7,47.2,31,13.1,36.6,28.9,37.5,73.9,79.5,80.4,51.1,30.5,50.9,22,51.2,17.2,28.6,53.1,10,18.4,2.3,15.2,57.7,41.3,50,36.4,55.7,55.4,89.6,64.2
20140614,7,O3,29.9,26.5,45.9,42.4,29.6,32.5,20.5,39,29,33.5,38.5,63.3,22.6,4.7,2,13,22.1,42.6,69.7,9.2,32.7,15.1,18.6,63.3,67.7,36.2,30.5,8,,2.5,41.2,34.3,21.2,5.6,8.1
20140614,7,CO,0.5,0.5,0.5,0.5,0.2,0.4,0.4,0.5,0.5,0.5,0.8,0.6,0.7,1,0.9,0.4,0.4,0.6,0.8,0.6,0.5,0.4,0.4,0.3,0.5,0.2,0.3,0.6,0.7,0.5,0.4,0.3,0.4,0.6,0.5
20140614,8,SO2,2.5,2,2,2,2,2,8.1,12.6,2,2.2,3.1,2,2,5.2,2,4.2,2,3.9,4.2,2,2,4.4,5.9,2.7,2,7.5,5,19.4,2,6.9,2,2.5,2,5.1,2
20140614,8,NO2,47.5,51.5,40.7,37.8,50.2,27.5,36.8,25.1,26.1,35.8,27.4,36.5,58.7,60.1,61.4,40.1,24.1,30.4,17.2,43.6,18.8,26,33.6,7.6,53.3,2,15.6,46.2,58.1,54.4,46.5,63.2,56.6,96.6,60.7
20140614,8,O3,35.1,32.5,49.7,49.8,32.4,49,36.5,61.3,44.6,40.5,65.2,58.8,42.7,30.3,17.8,28.2,36.5,73.9,93.1,15.9,42,28,42.3,86.3,46.6,40.8,57.8,26.5,,43.2,38.9,37.3,27.3,8.6,18
20140614,8,CO,0.5,0.5,0.5,0.5,0.3,0.4,0.4,0.6,0.4,0.6,0.9,0.5,0.7,0.6,1,0.5,0.4,0.6,0.9,0.6,0.4,0.4,0.4,0.3,0.5,0.2,0.3,0.4,0.8,0.5,0.4,0.4,0.5,0.7,0.5
20140614,9,SO2,2.4,2.2,2,2.7,2.2,3.1,9.5,9.9,2,2.8,4.7,2,2,5.8,2,6.8,2,2.5,5.2,2,2,17.1,5.9,2.4,2,10.1,6.9,26.9,2,10.8,2.7,3.2,9.5,5.6,2
20140614,9,NO2,52.6,45.7,38.8,43,63.1,31.6,48.3,42.1,24.6,45,26.9,24,66.9,42.4,39.5,43.6,14.3,25.5,21.4,63.5,18.6,12.9,14.6,7.4,38.7,2,16.2,42.6,36.6,33.4,40.3,52.3,51.4,102.2,52.1
20140614,9,O3,45.1,50.9,63.3,58.8,28.5,61.9,34,62.7,61.2,42.1,70.9,83.3,57.3,70.4,49.6,37.2,54.1,85.9,108.7,25.9,49.7,66.4,78.2,108.2,71.8,61.5,83,39.6,,92.8,57.6,59.4,43.4,18.1,40.1
20140614,9,CO,0.6,0.5,0.5,0.5,0.5,0.5,0.5,0.6,0.5,0.6,0.7,0.4,0.7,0.6,0.6,0.5,0.4,0.6,0.8,0.6,0.5,0.3,0.4,0.3,0.5,0.2,0.3,0.4,0.8,0.4,0.4,0.3,0.5,0.8,0.5
20140614,10,SO2,2.5,2.9,2,2.8,3.7,3.1,8.3,9.5,2,2.4,6,2,2.4,5.6,2.6,7.9,2,2,19.2,2,2.3,14.9,6.1,2,2,7,12.8,32.6,,12.2,2.9,4.2,11.1,5.4,2
20140614,10,NO2,41.1,53.8,40.6,36.2,52.2,22.2,50.5,40.5,20.6,35.8,24.6,32.2,60.7,35.8,35.5,36.2,13.2,25.1,46.1,45.7,17,9.6,14.1,6.8,27.1,2,17.8,39.3,,16.9,45.4,53.6,57.1,106.5,43.2
20140614,10,O3,73.8,64,85,92.5,58.1,91.4,53.1,78.8,88.3,80.9,90.5,94.8,75.6,105.8,77.9,81.1,82.6,103.9,94,54,74.4,88.4,100.7,124,100.3,85.1,106.9,76,,129.1,76.8,74.6,59,31.9,64.4
20140614,10,CO,0.5,0.6,0.5,0.5,0.9,0.5,0.5,0.4,0.5,0.6,0.7,0.5,0.6,0.6,0.6,0.5,0.4,0.5,1,0.5,0.6,0.3,0.4,0.2,0.5,0.2,0.3,0.5,,0.3,0.5,0.4,0.4,0.7,0.5
20140614,11,SO2,3.3,3.6,2,3.6,4,2.9,9.8,10.5,2,3.8,5.4,2,2.2,5.7,3.1,2,2,2.7,17.4,2,2.9,9,5.9,2.4,2,5.5,8.3,32.7,,10.8,3,6.3,14.7,10.5,4.5
20140614,11,NO2,30.9,42.3,33.9,39.3,34.7,28.1,42.1,17.8,21.4,34.6,17.5,30.5,57.1,34.5,33,34.8,13.7,20.6,39.8,33.1,15.6,10.3,8.3,8.1,14.1,2,15.3,21.7,,11.5,37.6,65.6,51.2,116.9,46.2
20140614,11,O3,108.2,108.8,123.4,118.1,106.8,111.8,90.4,123.4,118.5,114.1,133.1,126.6,93,132.5,115.4,104.4,123.9,133.8,113.7,69.9,114.8,115.9,123.7,152.2,138.7,109.3,134.8,128.4,,151.9,113.7,87.6,80,47.6,82.2
20140614,11,CO,0.6,0.6,0.6,0.8,0.5,0.5,0.5,0.4,0.5,0.7,0.7,0.5,0.6,0.6,0.6,0.5,0.4,0.5,0.8,0.5,0.6,0.3,0.4,0.3,0.6,0.2,0.3,0.5,,0.4,0.5,0.5,0.5,0.8,0.5
20140614,12,SO2,4.4,3.9,2.8,4.2,3.8,4,10,9.6,2.9,4.5,5.7,2,2.9,6.3,3.2,2,2,3,12.8,2,3.7,6.8,7,2.3,2,4.8,6.8,28.6,4.5,12.5,4.1,6,13.2,11.1,5.3
20140614,12,NO2,31.8,36.1,39.9,37.2,31.2,22,41,20.4,21.4,32.7,19.9,25.3,46.8,28.8,32.8,29.7,12.7,16.7,39.5,25.1,16.3,10.8,8.9,8.1,18.1,2,13.4,14.3,11.6,11.6,52.2,40.4,46.9,118.3,67.8
20140614,12,O3,136.9,146.8,146.8,152.8,138.3,157.9,118.9,149.5,152.2,153.5,156.1,157.2,123.5,168.1,144.1,145.7,153.1,168.8,144.3,82.8,141.9,148.9,148.5,162,150,124.6,152.5,170.6,,175,131.7,141.7,119.6,71.7,104.3
20140614,12,CO,0.7,0.7,0.7,0.7,0.5,0.6,0.6,0.5,0.6,0.9,0.7,0.6,0.6,0.6,0.6,0.5,0.4,0.5,1,0.5,0.7,0.4,0.5,0.3,0.8,0.3,0.2,0.4,0.7,0.4,0.7,0.5,0.6,0.9,0.7
20140614,13,SO2,3.6,4.1,2.7,5,4.8,4.7,10,11.6,3.7,4.8,6.3,2.1,3.2,7.2,3.3,2,2,3,8.9,2,3.9,4.4,7,2,2,3.8,7.4,26.8,4.9,13.6,4.7,5.8,14.7,11.4,5.2
20140614,13,NO2,37.6,33.4,33.4,32,36.7,22.7,37.3,19,21.2,29.9,13.6,21.3,41,24.5,27.2,23.3,13.5,14.1,31.9,25.1,13,9.8,8,10.3,24.5,2,12.4,12.9,7.4,13.8,41.1,38.9,47,122.5,59.5
20140614,13,O3,161.8,190.1,194,197.5,163.6,198.9,152.2,172.1,183.9,189.3,196.6,196,154.3,220.2,185.6,199.1,180.5,186.7,185.8,100.9,159.1,164,150,174.6,150.3,131.9,165.1,207,,193.8,172.5,177.1,150.2,94.7,146.5
20140614,13,CO,0.8,0.7,0.8,0.8,0.6,0.7,0.7,0.5,0.7,0.9,0.7,0.7,0.6,0.6,0.7,0.5,0.5,0.5,1,0.4,0.6,0.4,0.4,0.3,0.7,0.2,0.3,0.5,0.7,0.5,0.8,0.6,0.7,0.9,0.8
20140614,14,SO2,4.1,5.2,2.4,5.3,5.1,8.2,12.1,11.8,3.6,4.5,6.3,2.7,3.1,7.5,3.2,2,2,2.8,4,2,3.5,3.9,6.2,2,2,4,7.7,27.2,6.2,14.2,4.5,5.5,13.3,11.9,6.1
20140614,14,NO2,33.5,31.1,27.2,26.4,36.4,25.3,28.8,18.1,15.9,23.3,8.7,18.5,44.3,18.9,26.3,18.8,13.6,12.8,25.2,26.7,11,10.7,5.8,9.7,31.2,2,13.2,13.8,7.1,10.6,51.6,38.2,45,120.6,62.1
20140614,14,O3,202.9,242.6,227.9,237.1,198.6,234.5,190.9,195.8,209,233,220,212.2,170.9,235,232.1,233.5,198.4,194.7,216.2,116.9,168.5,179.7,141.2,186.4,168.7,138.4,186.1,237.6,,210.2,189.5,217.1,186.4,123.7,185.3
20140614,14,CO,0.8,0.8,0.7,0.8,0.6,0.8,0.7,0.5,0.6,0.9,0.7,0.7,0.7,0.6,0.7,0.5,0.6,0.5,1,0.5,0.5,0.4,0.3,0.3,0.8,0.3,0.3,0.5,0.7,0.5,0.8,0.6,0.7,1,0.8
20140614,15,SO2,6.4,5.4,2.7,5.8,5.1,8.2,11.7,12,3.6,4.3,5,2.3,2,7,3.2,3.6,2,2.7,2.2,2,3.2,6,6.2,2,2,4.4,10.2,26.3,7.8,18.7,4.7,5.9,14.4,12.1,5.7
20140614,15,NO2,34.3,24.2,26.9,29.9,36.1,22.3,24.8,14.7,16.7,20.1,8.6,27.3,32.9,27.2,26.1,20.3,15.2,12.1,23.8,30.8,12.3,13.1,6.4,8.4,32.7,2,16.4,12.4,5.6,12.2,51.4,42.9,46.8,152.8,75.4
20140614,15,O3,226.4,269.5,256.9,266.6,227.8,260.7,218.1,206.1,240.2,260.4,225.9,245.3,187.9,236,261.2,264.3,212.1,199.6,232,132.8,183.1,211.8,154,182.3,186.8,139,215.6,254.2,,240.3,213,235.7,205.8,118.6,186.1
20140614,15,CO,0.8,0.7,0.7,0.8,0.7,0.8,0.7,0.5,0.7,0.8,0.7,0.8,0.7,0.7,0.7,0.6,0.6,0.5,1,0.5,0.5,0.5,0.4,0.3,0.8,0.2,0.4,0.5,0.7,0.6,0.8,0.6,0.8,1.1,1
20140614,16,SO2,6.7,5.4,3.1,5.8,5.9,8.3,10.5,12,3.2,4.4,4.1,2.1,2,7.7,3,2.4,2,2.9,2.4,2,3.6,4.6,6.1,2,2,6.3,11.3,26.1,7.8,17.4,4.5,5.9,14.8,12.1,6.3
20140614,16,NO2,31.3,23.8,30.3,29.8,28.3,20,30.3,14.5,19.2,19.1,10.9,29.3,33.9,20.3,40.6,21.9,15.7,12,25.5,33.9,13.9,13,13.8,6.5,27.1,2,18.4,12.6,7.3,14.5,51.4,71.1,52.4,147.7,87
20140614,16,O3,240.2,294.4,272.9,283.2,217.6,268,229,214.6,274.1,273.9,231.3,256.2,182.8,241.9,265.3,281.6,216,198.7,262.6,134.4,194.4,210.9,175.2,173.7,198.3,194.5,224.8,265.8,,255.9,227.6,233,219.5,144.8,188.8
20140614,16,CO,0.8,0.7,0.7,0.8,0.5,0.7,0.7,0.5,0.7,0.8,0.7,0.8,0.7,0.7,0.7,0.6,0.7,0.4,1,0.5,0.5,0.5,0.5,0.2,0.8,0.5,0.5,0.5,0.8,0.5,0.7,0.7,0.7,1,0.9
20140614,17,SO2,4.9,6.3,4.2,6.8,7.2,8.1,10,11.5,3.3,5,2.7,2.1,2,7.3,3.3,2.6,2.4,3.4,2.2,2,3.4,5.1,6.1,2.2,2,6.5,10.8,25.1,6.3,16.1,5.5,6.2,11.6,12.1,8.2
20140614,17,NO2,28.4,22.1,30.8,29.5,34,28.4,33.6,21.2,20.8,21.6,16.5,22.9,29.8,20.6,27.7,19.7,17.5,14.9,23.1,36.3,13.4,12.1,13.1,10.2,30.2,2,19.6,14.4,8.7,14.6,59.4,54.4,63.3,149,91.7
20140614,17,O3,258.5,305,292.2,277.9,240.6,305.3,252.3,256.1,282.9,236.1,211.1,249.4,175.5,248.5,263.9,292.1,235.4,218.8,266.1,161.2,191.5,200.8,178,208.2,183.4,198.8,225.8,281.9,,260.1,237.9,245.9,223.8,130.3,205.2
20140614,17,CO,0.7,0.7,0.8,0.8,0.5,0.7,0.7,0.6,0.7,0.8,0.6,0.8,0.7,0.7,0.7,0.6,0.8,0.5,0.9,0.6,0.5,0.4,0.4,0.2,0.7,0.5,0.5,0.6,0.9,0.6,0.7,0.6,0.7,1.1,0.9
20140614,18,SO2,5,7.3,4.9,6.5,6.9,6.9,10.4,10,4.2,5.5,3.1,2,2,6.7,2.2,5.7,3.1,,2.2,2,3.9,4.1,6.4,2.5,2,6.1,11.4,24.1,,15.4,6.3,5.1,14.1,10.8,6.2
20140614,18,NO2,27.5,21.8,29,29,38.9,28.7,31.4,24.1,20.5,24,24.6,48.1,25.1,29.9,29.1,16.9,20,,27.4,42,15.1,12.8,17.9,12,32.8,2,18.7,16.9,,12.8,58.9,63.4,72.9,137.5,69.3
20140614,18,O3,257.3,284,254,248.3,273.7,307.1,215.4,274.5,273.1,199.5,189,195.2,164.6,215.3,259.6,275.4,260.1,,247.5,147,197.9,200.4,158.9,228.9,181.2,193.6,233,276.1,,234.9,223.5,220.9,194.2,137.5,239.6
20140614,18,CO,0.7,0.7,0.8,0.9,0.6,0.7,0.7,0.6,0.7,0.8,0.7,0.8,0.7,0.8,0.7,0.6,0.7,,0.8,0.7,0.5,0.5,0.4,0.3,0.6,0.4,0.5,0.5,,0.6,0.8,0.6,0.8,1.1,0.9
20140614,19,SO2,6,6.6,5,6,4,6.5,10.1,11.3,4.2,5.5,4.8,2.3,2,8.6,2,2,3.1,,3.1,2,5.2,4.4,6.5,2.3,2,5.6,10.5,24.7,3.1,13.4,6.4,5.1,16.3,10,6.2
20140614,19,NO2,31.5,25.5,31.2,37.3,40.3,32.7,32.2,38.6,20.3,27.2,27.5,69.6,35.3,44,36.5,26,25.2,,32.2,45.9,23.4,20.4,22.1,15.7,54.3,2.4,19.6,12.6,11.3,13.6,76.6,61.5,102,173.6,76.9
20140614,19,O3,225.8,258.2,221.9,212.3,225.9,273.4,186.4,217.4,225.1,199,180.3,153.3,168.3,224.6,253.2,278,274,,228.5,134.2,225.3,218.4,185.8,219.2,210.8,199.6,241.9,248.7,,200.2,191.6,210.4,128.7,80.6,208.8
20140614,19,CO,0.9,0.8,0.8,1,0.6,0.8,0.7,0.7,0.7,0.8,0.7,0.8,0.7,0.9,0.8,0.7,0.8,,0.8,0.7,0.6,0.6,0.4,0.3,0.8,0.4,0.6,0.5,0.7,0.6,0.9,0.7,1,1.3,0.9
20140614,20,SO2,6,5.4,5.3,4.6,3.6,5.8,10.5,14,2,5.7,6,2.6,2,7.5,2,2,3.5,,4.1,2,5.8,5.6,6.1,2,2.3,5.7,8.3,22.8,2,10.8,5.9,5,9.8,8.5,6
20140614,20,NO2,39.8,31.5,31.3,42.9,48.5,46.3,55.3,32.3,22.8,26.2,29.7,48.5,54,51.2,43.2,40.1,34.8,,48.7,47.6,35.4,25.3,23.4,13.8,95.3,2,20.3,16.2,80.6,15.2,79.4,94.9,78.2,189.7,68.6
20140614,20,O3,198.5,213.8,212.5,197.9,180.3,233.9,149,187.5,160.3,193.8,177.6,152.1,144.2,217.4,222.4,233.9,238,,192.6,99.8,237.3,247.7,191.7,165.3,164.9,214.5,233.4,189.2,,158.1,172.5,166.6,142.3,60.6,176.8
20140614,20,CO,1,0.9,0.8,1,0.6,0.9,0.7,0.7,0.7,0.9,0.7,0.9,0.8,1,0.8,0.8,0.9,,0.9,0.8,0.8,0.7,0.5,0.5,0.8,0.4,0.5,0.6,0.8,0.6,1,0.8,0.9,1.4,1
20140614,21,SO2,6.4,3.2,4.8,3.8,3.4,5.5,10.7,11.9,2,5.3,4.9,2,2,7.6,2,6,2.9,,3.6,2,5.2,4.7,6.2,2,2.4,7.8,7,21,2,7.7,6,5.2,10.7,6.5,4.4
20140614,21,NO2,48.1,36.6,42.6,57.1,65.4,47.7,75.3,55.9,24.8,58.3,47.7,99.3,70.3,65.1,59,87.4,45.2,,63.8,57.1,42,25.6,31.5,13,149.2,3.9,21.9,24.5,36.6,19.7,98.3,142.8,54.4,174.4,187.4
20140614,21,O3,182.3,154.7,192,170.3,156.9,212.4,116.5,115.4,135.5,163.5,143.6,103.7,132.1,178.9,175.4,141.6,203.3,,140.8,92.5,198.5,233.3,176.8,173.7,91.9,241.9,206.7,138.9,,164.9,141.9,105.1,152.2,61.8,54.6
20140614,21,CO,1.1,0.9,1,1.2,0.8,1,0.9,0.7,0.6,1.1,0.9,1,0.9,1,0.9,0.9,1,,1,0.9,0.9,0.7,0.5,0.4,0.8,0.6,0.5,0.7,0.8,0.6,1.2,1.1,0.9,1.4,1.8
20140614,22,SO2,5.8,5.5,5.2,3.8,3.6,6.3,10.3,12.5,2,8.4,4.3,2,2,9.4,2.1,6.8,2.6,,2,2,2.8,4.3,6.5,2,2.6,6.6,7.7,21.5,2,7.6,5.3,5.5,11.4,6.5,4.5
20140614,22,NO2,63.6,60.2,47.1,52.9,83.1,59.4,68.2,62.2,36.2,47.6,47.3,169.9,81.8,75.2,60.9,108.8,47.7,,117.2,49.8,38.3,40.6,28.6,12.8,130.8,5.7,22.9,46.1,21,44.9,110.8,134.2,85.8,146.4,185.5
20140614,22,O3,153.9,158.8,193.9,163.3,130.8,187,123.5,88.2,107.6,176.3,154.2,39,122.3,147.3,158.4,92.2,165.1,,41.1,60.1,121.2,176.3,177,173.1,103.7,197.3,199.6,113,,81.5,113.2,94.4,127,72.9,59.4
20140614,22,CO,1.2,1.1,1.1,1.2,0.9,1.1,1,0.7,0.7,1.1,1,1.2,1,1.2,1,1,1,,1,0.9,0.9,0.8,0.5,0.3,0.8,0.5,0.6,0.8,0.8,0.8,1.3,1.2,1.1,1.4,1.7
20140614,23,SO2,8.3,11.6,6,4.4,2.8,8.4,9,15.9,2,8.1,4.7,2,2,14.2,5,16.2,2.4,,2,2,2.2,6.5,6.6,2,2.6,3.7,11,35.9,,8.7,6.7,4.8,10.4,6.6,2.6
20140614,23,NO2,56.9,58.8,50.2,58.2,91.1,59.3,80.1,52.9,40.2,49.1,54.9,121.8,74.4,91,57.4,85.1,49.6,,73.6,40.3,23.8,34.8,31.8,12.4,111.4,4.5,26.1,58.3,,136,85.8,104.2,71.1,138.7,175.7
20140614,23,O3,155.4,163.4,176.5,148,120.8,161,115.7,57.4,102.8,155.3,132.6,57,116.2,97.1,122.9,78.8,151.6,,74.9,45.9,139.6,167.9,150.2,151.5,95,144.4,163.6,78.5,,2,126.6,110.4,125.1,63.8,46.5
20140614,23,CO,1.1,1.1,1.1,1.2,1,1.1,1.1,0.7,0.8,1.1,1.1,1.4,1.1,1.3,1.3,1.1,1.1,,0.9,0.7,0.7,0.8,0.5,0.3,0.8,0.4,0.6,1.3,,0.7,1.2,1.1,1,1.3,1.6
