date,hour,type,dongsi,tiantan,guanyuan,wanshouxigong,aotizhongxing,nongzhanguan,wanliu,beibuxingqu,zhiwuyuan,fentaihuayuan,yungang,gucheng,fangshan,daxing,yizhuang,tongzhou,shunyi,changping,mengtougou,pinggu,huairou,miyun,yanqing,dingling,badaling,miyunshuiku,donggaocun,yongledian,yufa,liulihe,qianmeng,yongdingmengxi,xizhimengbei,nansanhuan,dongsihuan
20140525,0,SO2,2.5,,2,2,2,2,3.7,17.5,2,2,2,2,2,5.6,,8.2,2,2,2,3.5,2.5,5.5,4.4,2,2,3.2,9,8.5,2,10.7,2,2,3.8,3.9,10.7
20140525,0,NO2,32.6,27.7,29.8,23.7,39.4,51,28.5,29,37.4,27.1,24.6,45.1,26.8,35,,66.8,,31.3,42.3,81.1,55,29,35.4,14.4,68,12.6,56.4,59.6,16.1,25.9,44.1,37.7,42,77,75.9
20140525,0,O3,49.1,58.3,67.3,71.3,37.9,29.8,47.4,27.5,39.9,56,56.5,36.5,43.5,39.5,,2,2,37.7,34.9,2,11.1,40.6,48.1,59.6,9,25.5,3.6,2,5.7,27,45.7,55.9,37.4,13.3,4.9
20140525,0,CO,1.1,1,1,0.9,0.7,1.5,0.8,0.9,0.2,1,1,0.9,1,0.8,,2.5,2.4,0.9,1,2.3,2.1,1.5,1.5,0.5,1.1,1.6,2,2.5,1,0.9,0.9,0.7,0.9,1,1.7
20140525,1,SO2,2.1,,2,2,2,2,4,18.4,2,2,2,2,2,5.6,,10,2,2,2,3.4,3.3,5.4,4.6,2,2,3,9.7,8,2,10.5,2,2,2,4.3,11.8
20140525,1,NO2,49.5,42.6,34,30.7,47.8,63.7,38.8,25.9,28.9,26.3,20.2,42.4,20.9,27.7,,66.3,,35.6,31.6,77.7,58.7,46.2,36.9,16.7,58.2,10,57.8,51.6,17.5,23.7,53.4,49.6,35.1,76,81.6
20140525,1,O3,24.9,28,52.7,54.3,17.9,17.3,36.8,29.2,55.9,51,57.9,42.3,50.7,45.4,,2,2,27.1,45.9,2,4.1,13.9,33.2,46.5,13.5,28.2,2.2,2,10.5,29.8,21.6,29.2,36,5.4,2
20140525,1,CO,1.6,1.6,1,1,1.1,2,0.8,0.9,0.1,1,1,0.9,1,0.8,,2.1,2.5,1.1,1,2.4,2.3,2.1,1.5,0.6,1,1.4,2,1.9,0.9,0.9,1.5,1.3,0.8,1,2.3
20140525,2,SO2,2,,2,2,2.6,2,,18.2,2,2.7,2,2,2,6.3,,6.5,5.1,2,2,3.3,3.8,6.7,4.8,2,2,2.6,11.2,7.1,2,,2.5,2,3.3,,14.2
20140525,2,NO2,53.4,46.3,38.9,34.4,54.7,67.2,34.9,26.3,27.1,23.6,15.7,42,18.8,23.5,,67.8,,38.6,32,81.8,58.4,57.4,29.9,16.8,57.7,16.4,62.5,40.3,18,22.2,53.1,49.6,39.9,76.8,81.5
20140525,2,O3,19.1,21.5,42.6,42.5,13,11.3,44.7,19.9,61.7,50.6,59.4,33.7,42.1,47.3,,2,2,18.1,31.8,2,2,2,36.1,40.2,12,14.4,2,9.3,11.1,35.8,15.8,31.2,20.8,4,2
20140525,2,CO,1.9,1.7,1.1,1.2,1.3,2.2,0.8,0.9,0.1,1,1,0.8,1,0.8,,1.9,1.8,1.4,0.9,2.4,2.2,2.5,1.5,0.7,0.9,1.8,2.2,1.6,1,0.9,1.8,1.3,1.2,1.2,2.2
20140525,3,SO2,2.1,,2,2,2.5,2,5.1,19.3,2,2,2,2,2,5.6,,3.9,2,2,2,3.2,2.5,7.8,4.4,2,3.2,2.5,10.3,7.3,2,11.6,2,2,4.9,4.4,13.3
20140525,3,NO2,36.8,26.5,29,23.7,42.3,54.8,30.4,30,36.5,25.2,14.5,35,20.2,23.3,,60.5,,41.4,26.2,84.5,57.6,56,28.7,14.8,66.2,26.2,59.2,31.5,14.9,19.8,36.3,35.3,37.9,71.1,80.5
20140525,3,O3,32.1,32.9,51.2,48.7,24.4,24.5,37.1,11.2,42.3,44.2,40.5,33.5,34.5,45,,2,2,9.6,2,2,2,2,35.4,36.4,2,2,2,11.9,9.7,38.5,33.6,40.6,25.1,4.9,2
20140525,3,CO,1.5,1.2,1,1,1.2,1.7,0.8,1.3,0.1,0.9,1,0.8,1.1,0.8,,1.7,,1.7,0.1,2.4,2.4,2.5,1.4,0.7,0.9,2.4,2.1,1.4,1,,1.3,1,0.9,,2
20140525,4,SO2,2,,2,2,2.3,2,4.7,13.6,2,2,2,2,2,5.6,,5.9,2,2,2,3.4,2,9.1,4.7,2,4.1,2.9,8,7.7,2,11.9,2,2,5.7,3.6,12.6
20140525,4,NO2,24.5,21.4,28.4,39.6,26.9,18.6,25.1,39.4,36,,15,32.1,20.9,18.2,,56.4,,48.7,,83.5,57,55.9,22.5,16.1,29.7,27.2,56.7,36.3,13,21.2,30.7,32.4,26.1,60.3,63.6
20140525,4,O3,36.8,32.3,44.7,36.9,38,37.6,,2.6,35,23.5,32.8,25.9,30,42.1,,2,2,5.1,25.7,2,2,2,43.1,29.3,51.8,2,2,5.5,5.6,,36.5,36.1,31.5,,7.6
20140525,4,CO,1.1,1,1,1,0.8,1.2,0.8,1.6,0.1,0.9,1,0.8,1.1,0.8,,1.6,1.9,2,0.5,2.4,2.5,2.4,1.4,0.8,0.7,2.3,2.1,1.3,1,0.9,1.1,0.7,0.8,0.9,1.4
20140525,5,SO2,2,,2,2,2.4,2,5,13.5,2,2,2,2,2,5,,2,2,2,2,3.4,2,8.9,5.7,2,9.6,3,8.7,7.8,2,12.1,2,2,2,3.7,13.1
20140525,5,NO2,25.5,24.3,28.6,21.8,26.6,31.8,,37.4,30.7,25.7,16.4,34.8,21.6,21.2,,56,,49.7,36.9,87.7,,,,19.3,,26.4,57.3,36.2,13.6,,44.2,32.8,30.5,,43.7
20140525,5,O3,29.6,25.6,36.1,35.7,28.9,36.2,25.2,2,30.6,26.3,25.8,17.6,28.5,38.2,,2,2,2,16.4,2,2,2,57.6,16.1,46,2,2,2,9.5,23,17.4,36.7,21.1,8.8,10.6
20140525,5,CO,1,0.9,1,1,0.7,1,0.8,1.6,0.1,1,1,0.8,1.2,0.9,,1.6,1,2.1,0.9,2.4,2.5,2.3,1.2,0.9,0.5,2.2,2.3,1.3,1,0.9,1.1,0.7,0.8,0.9,0.9
20140525,6,SO2,2,,2,2,2,2,5.2,14.2,2,2,2,2,2,5.4,,5.6,2,2,2,3.3,2,9,7.6,2,8.4,3,8.2,7.6,2,11.1,2,2,2.5,4.5,12.2
20140525,6,NO2,25.5,19.9,31,26.3,33.9,32.9,32.7,37.2,24.4,31.7,16.4,31.3,23.9,39.5,,55.1,,46.4,39.6,90.8,62.3,57.2,5.9,24.1,25.6,26.6,53,30.8,13.7,26.1,30.9,30.6,33.5,71,48
20140525,6,O3,26.8,35,28.3,34,17.4,27.9,15.3,2,20.8,17.1,14,16.4,26.1,16.8,,2,2,2.5,7.7,2,2,2,114.5,7.2,90.1,2,2,2,8.3,19.9,33.6,38.4,13.7,5.2,8.5
20140525,6,CO,1.1,1,1,1,0.7,1,0.8,1.9,0.1,1,1.1,0.9,1.2,1,,1.5,2.4,2.1,1,2.5,2.5,2.4,0.7,1.2,0.3,2.3,2.1,1.3,1,0.9,1.1,0.7,0.9,1,0.9
20140525,7,SO2,2,,2,2,2,2,4.9,13.8,3.1,2,2,2,2,6.8,,8.5,2,2,2,3.3,2,7.6,4.5,2,2,2.5,9.2,7.7,2,11.1,2,2.2,2,5.5,11.7
20140525,7,NO2,29.1,20.9,39.3,30.9,38.5,39.7,38.9,22.9,15.8,34.6,17.8,47.6,29.8,48,,54.5,,46.6,45.5,84.2,60.2,52,5.4,15.1,17.5,23.6,50.6,35.1,17.4,25.1,35.4,47.3,45.3,81.2,68.3
20140525,7,O3,23.3,27.9,24.4,23.7,20.3,20.7,15.4,34.8,73.3,11.9,13.6,7,16.6,9.2,,2,2,6.7,7.3,2,2,4.7,120.1,15.3,100.5,3.5,2.7,2,4.5,16.6,23.1,21.4,6.9,2,2.4
20140525,7,CO,1.1,1,1.1,1.1,0.7,1,0.8,1.1,0.1,1,1.1,1,1.4,1.1,,1.4,2.4,2.1,1,2.5,2.4,2.5,0.7,0.9,0.2,2.3,2,1.2,1.2,1.2,1.1,0.8,0.9,1.2,1.3
20140525,8,SO2,5.1,,5.7,2,4.1,3.9,8.8,14.5,6.6,2,2,2,2,8.5,,4.7,2,3.7,2,2.9,2,9.3,6.2,2,7.5,3.3,12.7,9.4,2,12.3,4.7,2.5,3.4,8.6,13.5
20140525,8,NO2,25,38.9,44.8,53.4,22.9,36.6,33.3,5,8.6,47.2,24.7,50.5,28.6,45.9,,53,,30.3,44.8,80.6,59.2,50.7,9.3,5.6,26.5,19.1,57.8,30.6,26.5,28.7,47.2,61.6,47.1,102.6,45.2
20140525,8,O3,53.2,24.6,43.2,12.3,68.5,57,45.5,80.7,97.7,8.6,29.4,12.7,18.4,16.4,,8.7,5.9,51.3,13.6,2,2.4,10.3,109.8,55.5,88.4,13.6,4.5,6.1,7.5,16.4,20.5,16.8,27.6,2,46.5
20140525,8,CO,0.7,1.1,0.8,1.2,0.3,0.5,0.5,0.3,0.1,1.1,1.1,1,1.5,1.2,,1.3,2.2,0.8,1,2.5,2.4,2.4,0.7,0.1,0.3,2.1,2.1,1.3,1.5,1.2,1,1,0.5,1.5,0.5
20140525,9,SO2,5.4,,5.8,2,3.4,3.7,10.4,10.2,2.9,2.8,2,2,2,10.8,,4,2,2.3,2,3.2,3.6,11,3.9,2.2,4.7,4.4,11.9,14.8,3,13.2,10.4,2.9,8.2,7.1,16.2
20140525,9,NO2,26.7,57.1,48.5,63.4,22.3,40.1,59.6,6,9.6,48.9,14.4,43,28.5,40.4,,54.5,,16.2,18.5,74.2,59.6,52.4,6.1,2.7,25.7,17.6,52,33.8,26.7,26.5,37.7,63.9,55.2,117.5,34.9
20140525,9,O3,68.2,22.3,49.7,12.5,72.2,68.5,26.6,81.5,92.9,20.5,71.5,38.9,40,28.2,,22.3,27.2,77.9,70.4,2,5.7,15.1,106.9,84.8,84.3,18.7,18.1,16.4,16.4,28.3,52.9,24.9,29.8,2,64.6
20140525,9,CO,0.4,0.9,0.7,1.2,0.2,0.3,0.4,0.2,0.1,1,0.6,0.6,0.8,1.2,,1.1,1.5,0.3,0.3,2.4,2.3,2.2,0.7,0.1,0.3,2,1.8,1.4,1.4,1.1,0.6,1,0.4,1.6,0.3
20140525,10,SO2,2.2,,2.6,2,2,2,7,8.7,2,3.2,2,6,2,9.6,,2,2,3.7,2,3.4,4.8,12.8,4.4,2.9,3.1,5.8,9.1,19.9,3.7,14.5,6.6,6,4.4,8,10.4
20140525,10,NO2,21.4,55.3,45.8,39.7,22.3,40.2,53.3,7.3,7.3,49.6,6.3,33.7,28.4,43.4,,37.1,,16,12.5,71.4,29.7,50.5,5.3,5,25.9,15.7,51.3,32.9,25.7,28,38.6,52.4,55.9,110.1,29.7
20140525,10,O3,72.7,34.8,55.9,52,71.6,69.7,36.1,83.2,97.8,36.7,97.9,67.2,52.9,44.4,,54.9,66.8,77.1,79.3,2,47.7,19.3,104.1,81.2,80.4,28,24.2,29.5,26.6,36.4,55.3,47.8,31.7,9.1,71.6
20140525,10,CO,0.3,0.7,0.6,0.6,0.3,0.2,0.3,0.2,0.1,0.5,0.3,0.3,0.5,0.5,,0.4,0.4,0.3,0.2,2.2,1.1,2,0.7,0.1,0.3,1.8,1.7,1.3,1.3,1.1,0.5,0.6,0.4,1.1,0.2
20140525,11,SO2,2,,2,2,2,2,5.4,8.5,2,2,2,2,2,5.1,,2,2,2.2,2,4.7,2,7.6,4.3,2,2,6.8,7.7,33.4,5.1,21.3,2.5,2.2,2.8,5,13.7
20140525,11,NO2,11.7,34.9,27.6,19.4,13.8,25,19,6.4,5.5,31.3,4.9,16.5,19.2,15.3,,24.3,,16.8,7.8,44.7,10.2,24.2,4.2,3,21.1,14.7,39.9,27.6,18.1,27.5,24.9,25.8,44.5,98.9,21.1
20140525,11,O3,86.9,72.4,74.4,81.4,82.9,87.9,71,85.6,99.9,63.9,101.7,84.8,67.5,80.5,,74.1,73.5,77.5,86.2,25.4,78.4,66.4,105.7,85,87.5,44.3,53.2,55.1,64.4,63.8,80.6,81,47.2,28.7,83.8
20140525,11,CO,0.3,0.3,0.4,0.3,0.2,0.2,0.2,0.2,0.1,0.3,0.3,0.1,0.4,0.2,,0.3,0.4,0.3,0.2,1.1,0.4,0.9,0.7,0.1,0.3,1.5,1.1,1,1.1,0.9,0.4,0.2,0.3,0.6,0.2
20140525,12,SO2,2,,2,2,2.3,2,6.7,10.8,2,2,2,2,2,3.9,,2,2,2,2,5.1,2,2.1,5.7,2,2,4.2,4.1,9.4,3.8,16.1,2.1,2,3.3,3.2,11.7
20140525,12,NO2,8.5,26,21.5,12.6,12.1,17.5,16.1,7.1,6,25.7,4.4,16.7,19.7,13.6,,16.5,,12.4,6.7,21.9,8.2,11.6,3.6,2.1,20,7.1,23.2,10.5,9.3,15.5,19.8,17.7,30.1,87.2,16.3
20140525,12,O3,92.3,85.7,82.6,92,87.4,97.7,76.8,87.9,101.7,74.3,103.1,86.7,75,87.2,,87.5,83.6,88.4,89.5,53.5,83.3,89.3,110.9,91.3,90.2,77.9,90.6,90.8,97.4,90.4,90.2,88.9,64.4,41.6,94.7
20140525,12,CO,0.2,0.3,0.3,0.2,0.2,0.1,0.2,0.2,0.1,0.3,0.3,0.1,0.4,0.2,,0.2,0.3,0.2,0.2,0.4,0.4,0.4,0.7,0.1,0.3,0.8,0.4,0.2,0.7,0.4,0.3,0.2,0.2,0.4,0.2
20140525,13,SO2,2.2,,2,2,2.3,2,5.6,10.2,2,2,2,2,2,2.9,,2,2,2,2,3.1,2,2,4.7,2,2,2.5,,6.1,2.7,10.4,2.7,2,3.6,4.5,9.9
20140525,13,NO2,7.3,21.5,16.9,9.7,11.9,16.3,12,7.6,6.3,21.3,3.6,13.9,15.1,15,,13.9,,14.3,6,12.8,6.5,9.7,3.2,2.6,24.3,2,,3,6.1,6.6,19.5,12.9,27.9,97.4,13.4
20140525,13,O3,97.4,88.7,91.8,97.7,93,104.9,84.8,96.6,106.9,82,106.9,92,75.8,90.5,,94,87.8,90.7,93.4,66.6,91.8,101,118,95.1,89.8,96.3,,101.1,105.5,101.5,96.6,97.8,69.8,48.2,103.4
20140525,13,CO,0.2,0.2,0.3,0.2,0.2,0.1,0.2,0.2,0.1,0.3,0.3,0.1,0.3,0.1,,0.2,0.3,0.2,0.2,0.3,0.3,0.2,0.7,0.1,0.3,0.4,,0.2,0.6,0.1,0.3,0.1,0.3,0.4,0.2
20140525,14,SO2,2,,2,2,3,2,5,10,2,2,2,2,2,2.6,,2,2,2,2,2,2,2,4,2,2,2,2,6.1,2,11.3,2,2,2,3.7,12.1
20140525,14,NO2,7.6,20,15.2,10.9,10.6,18.5,10.9,8,6.3,20.7,2.9,10.9,13.8,14.3,,13.5,,11.3,6.2,10.4,7.6,8.6,3,2.6,17.8,2,18.3,2,3.9,6.3,18.6,13.8,27.7,105.6,14
20140525,14,O3,102,97,97,100.8,97.5,109.7,89.9,98.3,110.9,88.4,116,97,83.3,96.3,,100.2,90.6,96.7,99.5,70.5,95.3,106,123.4,99,99.2,105.2,104.2,108.4,111.2,104.2,106.7,100.6,71.3,59.9,111.5
20140525,14,CO,0.2,0.2,0.3,0.2,0.2,0.1,0.2,0.2,0.1,0.3,0.3,0.1,0.3,0.1,,0.2,0.2,0.2,0.3,0.2,0.2,0.2,0.7,0.1,0.2,0.3,0.2,0.2,0.4,0.1,0.3,0.1,0.3,0.3,0.2
20140525,15,SO2,2.1,,2,2,2,2,5.7,10.3,2,2,2,2,2,2.1,,2,2,2,2,2,2,2,4.1,2,2,2.1,2,6.5,2,10.7,2.6,2,2,3.9,10.6
20140525,15,NO2,6.9,20.8,15.5,10,10.6,17.7,13.1,8.4,6.5,23.8,3.5,14.2,16.2,14.8,,12.7,,11.4,7,10.1,7.8,9.1,3.7,3.1,17.4,2,16.4,2,2,5.8,20,15.3,28.4,92.5,12.2
20140525,15,O3,105.6,97.5,98.5,103.2,99.1,110.3,90.2,102.5,114.1,86,115.4,96.1,82.9,98.7,,102.4,91.5,98.2,101.3,77.8,101,110,123.1,102.3,100.8,108.1,106.5,109.4,109.9,104.8,108,101,74.6,63.5,113.6
20140525,15,CO,0.2,0.2,0.3,0.2,0.2,0.1,0.2,0.2,0.1,0.3,0.2,0.1,0.3,0.1,,0.1,0.2,0.2,0.2,0.2,0.2,0.2,0.7,0.1,0.2,0.3,0.2,0.2,0.3,0.1,0.3,0.1,0.3,0.3,0.3
20140525,16,SO2,2,,2,2,2.6,2,4.8,11.5,2,2,2,2,2,2.4,,2,2,2,2,2,2,2,4,2,2,2,2,6.1,2,9.8,2,2,2,3.4,9.8
20140525,16,NO2,7.8,21.8,16,9.9,9.9,17.8,14.7,10,6.5,24.2,4.2,13.2,15.7,16.8,,15,,12.5,5.8,9.4,7.9,7.5,4,3.4,23.3,2,14.1,2,2,6.3,21.1,16.3,28.7,84.9,13.3
20140525,16,O3,108.3,98.5,101.2,105,102.2,113.4,91.9,103.5,117.8,89.9,118.5,101.3,86.4,99.6,,104.5,93.7,99.8,105.3,86.4,98.1,109.7,122.1,102.9,98.5,106.3,110.7,111.2,101.5,105.8,113.5,105.5,77.8,65.1,116.2
20140525,16,CO,0.2,0.2,0.3,0.2,0.2,0.1,0.2,0.2,0.1,0.3,0.2,0.1,0.3,0.1,,0.2,0.2,0.2,0.2,0.2,0.2,0.2,0.7,0.1,0.2,0.3,0.2,0.2,0.2,0.1,0.3,0.1,0.3,0.3,0.4
20140525,17,SO2,2,,2,2,3.7,2,4.4,11.6,2,2,2,2,2,2,,2,2,2,2,2,2,2,3.8,2,2,2,2,6.2,2,10.5,2,2,2,3.5,12.4
20140525,17,NO2,10,22,17.4,10,10.2,18.6,14.9,9.9,6.9,23.1,5.1,13.1,17.8,18.2,,15.5,,12.3,5.7,12.1,7.8,9.2,3.8,2.9,23.9,2,12.4,2,2,8,21.8,14.1,26.6,93.3,14.2
20140525,17,O3,105,99.7,99.5,105.7,102.6,112.9,92.4,103.2,118.1,91.2,117,102.1,87,99.7,,103.9,95.3,100.4,103.8,76.9,98.1,105.6,120.3,103.4,97.7,105.1,107.4,114,102,106.2,113.5,107,81.1,62.2,114.3
20140525,17,CO,0.2,0.2,0.3,0.2,0.2,0.1,0.2,0.2,0.1,0.3,0.2,0.1,0.3,0.1,,0.2,0.2,0.2,0.2,0.2,0.2,0.2,0.7,0.1,0.2,0.3,0.2,0.2,0.2,0.1,0.3,0.1,0.3,0.3,0.5
20140525,18,SO2,3.2,,2,2,3.7,2,6.6,11.2,2.2,2,2,2,2,2,,2,2,2,2,2,2,2,3.9,2,2,2,2,6.5,2,10.8,2.8,2,2.1,4.5,12.5
20140525,18,NO2,12.3,23.2,18.2,10.5,12.1,20.2,16,10.9,7.5,27.3,5.2,21,16.1,23.2,,15.7,,14.4,6.9,11.4,8.8,7.4,4.3,3.5,17.9,2,12.4,2,3.2,6.6,21.9,12.4,30.3,102.4,13.7
20140525,18,O3,100.9,97,98.5,104.6,97.3,108.2,90.2,100.8,115.7,86.4,116.8,95.2,88.5,93.7,,100.6,91.9,95.6,102.3,74.4,95.1,104.5,121.1,98.8,101.3,100.5,103.6,109.9,103,110.5,110.3,108,73.9,52.1,112.8
20140525,18,CO,0.2,0.2,0.4,0.2,0.2,0.1,0.2,0.2,0.1,0.3,0.2,0.1,0.3,0.2,,0.2,0.1,0.2,0.2,0.2,0.2,0.2,0.7,0.1,0.2,0.2,0.1,0.2,0.2,0.1,0.3,0.1,0.3,0.3,0.4
20140525,19,SO2,2.6,,3.1,2,2,2,8.3,9.5,3.4,2,2,2,2,2,,2,2,2,2,2,2,2,3.8,2,2,2,2,7.7,2,11.8,5.1,3.8,2,5.8,12.6
20140525,19,NO2,18.8,32.2,32.1,16.3,17.3,27.5,22,12.1,8.1,44.4,5.5,25.2,21.4,25.6,,21.4,,18,9.4,12.4,12.3,10.1,5.1,4.3,23.8,2,13.2,8.2,8.5,9.1,24.9,18.9,50.5,126.7,23.1
20140525,19,O3,92.5,81.1,82.9,96.3,88.8,98,82.9,97.2,116.1,64.3,116.1,90.5,78.7,87.8,,91.7,90.7,92.3,98.9,69.9,91.3,99.9,125.6,96,100.1,97.9,98.3,98,91.4,100,102.4,100.5,54.9,33.9,99.7
20140525,19,CO,0.3,0.3,0.5,0.3,0.2,0.1,0.2,0.2,0.1,0.3,0.2,0.1,0.3,0.2,,0.2,0.2,0.2,0.2,0.2,0.2,0.2,0.7,0.1,0.2,0.2,0.1,0.2,0.2,0.1,0.4,0.2,0.5,0.5,0.3
20140525,20,SO2,2.4,,2.2,2.2,2,2,5,8.3,2,2.2,2,3,2,2,,2,2,2,2,2,2,2,3.6,2,2,2,2,8.2,2,12.1,3.7,4.2,5.5,7.8,12.7
20140525,20,NO2,35.4,47.6,43.5,26.9,34.7,44.1,36.7,11.6,8,51.5,8,31.7,23,45.4,,29.1,,20.5,12,23.5,24,28.7,5,6,17,2,17.2,35.2,12.6,16.9,35.2,49.9,69.4,130.9,35.9
20140525,20,O3,74.4,64.9,70.7,84.2,65.3,79.4,68,100.1,115.3,56.9,112.7,87,76.1,67.6,,73.3,68.1,88,98.8,51.9,76,73,130,79.7,112.8,99.1,87.5,60.3,55.2,78.8,82.9,75,33.4,30.3,83
20140525,20,CO,0.4,0.4,0.5,0.3,0.3,0.2,0.3,0.2,0.1,0.3,0.2,0.2,0.3,0.3,,0.3,0.2,0.3,0.2,0.3,0.3,0.4,0.7,0.1,0.2,0.2,0.2,0.4,0.2,0.1,0.4,0.3,0.5,0.5,0.3
20140525,21,SO2,2,,2,2,2,2,3.7,7.9,2,4.4,2,4.7,2,3,,2,2,2,2.7,3.2,2,2.7,4,2,2,2,2,8.5,2,11.7,4.1,4,4,7,7.1
20140525,21,NO2,46.9,56.7,52.9,22.3,47.1,57.8,29,11.6,6.6,65,6.7,32.6,36,77.3,,53.8,,16.4,13,50.5,31,84.7,4.7,5.9,16.3,2,20.7,60.6,36.5,25.5,35.7,28.6,71.8,119.9,49.5
20140525,21,O3,61.3,54.1,61.4,87.8,48.6,64.8,75.5,101.9,117.7,41.7,113.3,84.1,58.6,33.8,,24.5,45.1,98.3,95.6,32.5,54.4,5,130,99.5,110.8,92,79,25.4,24.9,61.2,83.4,93.3,30.9,36.4,72.7
20140525,21,CO,0.5,0.4,0.5,0.3,0.4,0.3,0.2,0.2,0.1,0.4,0.2,0.2,0.4,0.5,,0.6,0.4,0.2,0.2,0.4,0.4,0.8,0.7,0.1,0.2,0.2,0.2,0.3,0.3,0.1,0.5,0.2,1.1,0.5,0.3
20140525,22,SO2,2,,2,2,2,2,2.9,8.3,2,3.3,2.9,4.9,2,2,,4.2,2,2,3.8,3.9,2,7.7,4.2,2,2,2.4,2,15.2,2,13.1,2,2.5,5.5,4.1,11.7
20140525,22,NO2,57.1,60.5,72,29.7,82.5,71,39.6,13.3,6.8,98.8,10.9,38.2,23.4,56.3,,64.9,,20,50.4,63.1,26.5,70.9,8.6,11.1,22.3,2.4,18.7,48.2,50.7,28,40.7,71.5,91.6,104,55.8
20140525,22,O3,51.6,32.9,32.3,71,9.6,49.3,61.4,90.8,113.1,2,102.6,72.4,70.3,49.3,,41.8,2,89.3,51,10.2,47.7,5,114.5,77.4,99.7,74.1,81.9,31.7,17,58.3,70.9,51.6,6.1,36.7,50.2
20140525,22,CO,0.6,0.4,0.6,0.3,0.5,0.4,0.2,0.2,0.1,0.5,0.2,0.2,0.3,0.3,,0.5,0.5,0.2,0.3,0.5,0.4,0.6,0.7,0.1,0.2,0.2,0.2,0.3,0.3,0.2,0.4,0.4,2.8,0.4,0.3
20140525,23,SO2,2,,2,2,3.1,2,4.2,9.4,2,5.9,2,10.8,2,2.6,,2.5,2,2,7,3.8,2,16.2,4.3,2,2,2.6,2,18,2,13.5,2,2,2,4.4,11.9
20140525,23,NO2,87.2,55.8,72.2,33.2,94.4,79,83.6,18.1,7.1,94.7,8,76.7,18.7,100.9,,74.1,,26.2,36.9,68.5,19.9,69.9,6.1,9.7,38.8,4.4,17.7,72.1,51.2,39.9,51.4,42.6,97.6,110.8,130.6
20140525,23,O3,21.6,20.3,30.5,64.5,2,36.2,22.7,73.8,108.9,2,101.6,33.6,68.2,3.6,,29.2,2,78.6,54.7,5.3,44.5,3.5,113.2,61.9,79,64.7,81.2,7,5.3,39.4,53.8,75.7,6.4,19.9,2
20140525,23,CO,0.7,0.4,0.7,0.3,0.7,0.5,0.4,0.2,0.1,0.5,0.2,0.6,0.3,0.8,,0.5,0.6,0.3,0.3,0.5,0.3,0.5,0.7,0.1,0.2,0.2,0.2,0.3,0.4,0.2,0.5,0.3,1,0.4,1.1
20140525,0,PM2.5,93.6,87.6,90.6,79.9,99.9,85.9,99.9,101,104.7,91.4,106.5,108.3,107.9,93,92.6,81,66.6,84.4,120.2,41.9,65.3,70.9,99.2,83.8,50.6,62.4,51.5,77.6,86,,95.7,90.4,89.1,89.8,81.7
20140525,0,PM10,,,,,,,,,,,,,,,,,,,,,,,,47.8,,,,,,,,,,,
20140525,0,AQI,120,112,114,112,113,105,110,109,99,119,105,114,105,116,112,93,80,89,103,54,80,64,90,76,92,65,50,94,102,13,120,119,116,123,106
20140525,1,PM2.5,100,91.8,89.5,88.4,97.7,91.9,97.1,105.1,103.4,92.8,99.1,94.6,105.4,89.4,95.8,83,78.6,88.1,114,44.9,68.4,59.6,108.1,89.6,51,67.6,65.6,99,80.9,,99.2,100.9,96,94.2,85.4
20140525,1,PM10,,,,,,,,,,,,,,,,,,,,,,,,54.7,,,,,,,,,,,
20140525,1,AQI,120,112,113,111,113,105,109,110,101,118,105,114,106,115,112,93,79,89,105,54,79,65,92,78,90,66,51,95,102,12,120,118,115,122,105
20140525,2,PM2.5,107.3,105,104.1,95.5,102.3,103.8,97.7,101.8,97.9,99.5,97.5,101.2,111,103.5,103.5,89.8,93.6,95,118.1,49.3,75.7,49.3,94.6,90.3,64.4,78.5,75.9,106.4,85.1,,105.6,105.6,99.6,109.7,93.2
20140525,2,PM10,,,,,,,,,,,,,,,,,,,,,,,,52,,,,,,,,,,,
20140525,2,AQI,121,112,113,110,113,106,108,110,102,117,106,113,106,116,113,94,81,89,104,55,79,65,94,79,90,67,54,98,101,12,120,118,115,123,105
20140525,3,PM2.5,116.8,106.9,107.2,103.6,101.8,105.3,113.1,97.1,108,114.3,115.9,103.2,125.2,121.5,115.3,113.9,101.8,88.2,106.1,66.2,82.1,57.2,94.2,88,89.3,63.3,80.5,121.6,88.8,,119.3,111.2,103.7,118.5,99
20140525,3,PM10,,,,,,,,,,,,,,,,,,,,,,,,44.6,,,,,,,,,,,
20140525,3,AQI,122,113,113,110,113,107,108,109,103,116,109,114,109,117,115,97,83,90,107,57,80,66,97,80,92,68,56,102,102,13,120,118,114,123,105
20140525,4,PM2.5,126.4,120.2,115.9,121.5,113.1,113.5,110.1,96,107.7,126.5,112,110.9,137,129.4,133.1,123,113.4,91.9,108.5,74.6,89.9,77.8,109.2,87.1,89.4,70,74,125.7,82.9,,125.9,136.1,114.2,129.3,97.8
20140525,4,PM10,,,,,,,,,,,,,,,,,,,,,,,,40.5,,,,,,,,,,,
20140525,4,AQI,123,114,114,112,113,109,109,109,105,117,112,115,114,119,117,101,87,91,110,59,81,67,100,82,94,69,58,106,103,11,121,120,115,124,105
20140525,5,PM2.5,140.3,134.7,126.7,129.2,120.3,131.7,122.3,95.3,108.9,150.1,108.5,131.2,151.3,128,135.5,126.5,121.4,94,112.6,93.5,101.5,84,110.1,84.7,92.3,77.3,74.2,131.8,84.3,,151,140,124.1,144.5,108.8
20140525,5,PM10,,,,,,,,,,,,,,,,,,,,,,,,36.8,,,,,,,,,,,
20140525,5,AQI,126,116,117,114,116,110,112,110,107,120,115,118,119,122,119,105,90,93,113,62,83,69,103,83,96,70,61,109,105,9,124,123,117,128,106
20140525,6,PM2.5,135.3,133,135.1,138.9,127.7,136.2,123.1,87.7,105.5,151.5,110.3,125.2,149.2,139.5,147.4,140,131.8,95.4,115.9,90.1,116.8,87,140.2,84.5,133.1,76,67.4,130.3,85.9,,144.5,139.3,133.9,156.9,113.8
20140525,6,PM10,,,,,,,,,,,,,,,,,,,,,,,,43.4,,,,,,,,,,,
20140525,6,AQI,129,119,120,117,119,114,114,111,109,123,119,121,124,126,123,107,94,95,117,65,86,70,107,85,100,71,63,113,107,14,128,126,120,131,108
20140525,7,PM2.5,137.5,134.4,127.8,140,125.4,131.2,125.6,161.4,121.7,147.9,103.8,126.9,157.8,150.3,153.2,150.8,148.4,94.9,124,95.2,116,100.8,204.5,88.1,178.8,70.5,75.3,137.7,96.1,,136.7,144.8,125.9,158.5,119.3
20140525,7,PM10,,,,,,,,,,,,,,,,,,,,,,,,59.1,,,,,,,,,,,
20140525,7,AQI,132,122,123,121,122,117,118,116,112,127,121,123,130,130,126,110,100,97,121,69,89,73,115,86,106,72,65,116,109,13,131,130,123,135,111
20140525,8,PM2.5,124.8,137.1,125.4,146,172.8,132.9,123.7,284,169.2,159.5,149.2,149.4,170.3,159.5,153.1,148.4,164.4,136.1,144.1,101.1,133.8,115.3,216.1,124.1,204.5,70.6,99,149,112,,152.7,157.3,154.6,168.3,114.4
20140525,8,PM10,,,,,,,,,,,,,,,,,,,,,,,,261.4,,,,,,,,,,,
20140525,8,AQI,134,125,126,125,127,119,121,128,118,132,125,127,135,134,130,115,105,101,125,72,94,77,123,90,113,73,68,121,112,15,134,133,127,140,112
20140525,9,PM2.5,131.5,160.8,162,151.8,193.7,148.6,144.3,281.2,166.9,164.4,160.8,138.2,153.2,171.7,165.7,165.7,182.8,178.8,127.5,107.4,144,112.9,219.7,159.4,211.7,100.1,117.3,157.4,168.6,,150,151.8,177.9,184.5,111
20140525,9,PM10,,,,,,,,,,,,,,,,,,,,,,,,492,,,,,,,,,,,
20140525,9,AQI,137,129,130,128,132,123,125,140,123,136,129,131,139,138,135,121,112,107,128,75,99,81,131,96,121,76,71,126,118,14,138,137,132,145,114
20140525,10,PM2.5,128.6,142.4,130.1,129.5,198.8,152.8,144.4,294.6,156.6,147.7,142.7,132.3,127.9,105.1,136.5,149.4,240.8,154.8,149.1,117.1,145.9,110.7,126.9,172.1,158.7,103,122.1,158.5,187.9,,141.3,161.4,179.3,192.4,131
20140525,10,PM10,,,,,,,,,,,,,,,,,,,,,,,,440.4,,,,,,,,,,,
20140525,10,AQI,139,133,132,131,138,128,130,153,129,139,133,134,142,139,138,125,121,113,133,78,104,85,134,103,126,79,75,131,124,14,141,141,137,150,117
20140525,11,PM2.5,106.3,150.6,139.9,123.7,154.8,132,116.3,146.3,108.5,137.2,160.2,114.8,144,144.3,103.7,173.5,208.6,96.7,118.2,131.1,145.9,127,30,105.2,44.5,127,136.9,190.9,183.6,,138.9,178.5,146,182.6,117.9
20140525,11,PM10,,,,,,,,,,,,,,,,,,,,,,,,272.4,,,,,,,,,,,
20140525,11,AQI,140,136,136,134,142,130,133,158,133,143,139,137,146,142,139,131,129,115,137,82,108,89,133,107,126,84,79,137,130,20,144,146,141,156,119
20140525,12,PM2.5,60.7,79.6,60.2,74.8,73.7,63.3,58.8,39.9,56.4,109.3,138.5,80.7,141,141.4,136.5,92.1,75.4,19.7,63.2,140.9,56.2,87.8,3.3,7.9,18.9,104.6,144.4,239.3,139.3,,62.3,96.3,65.7,124.9,51.8
20140525,12,PM10,,,,,,,,,,,,,,,,,,,,,,,,36.5,,,,,,,,,,,
20140525,12,AQI,138,136,135,134,142,130,133,156,133,146,143,139,150,146,142,132,129,114,137,87,108,92,130,106,125,87,85,145,133,29,143,146,141,159,118
20140525,13,PM2.5,21.4,30,26.6,28.9,22.5,22.9,17.8,25.3,14.4,40.6,48.8,21.9,92.9,65.2,70.8,32.8,19.4,19.6,24,67.2,11.8,12.5,19.1,7.8,10.9,36.5,,155.2,120.5,,28,25.9,20.5,40.5,14.6
20140525,13,PM10,,,,,,,,,,,,,,,,,,,,,,,,24.9,,,,,,218.9,,,,,
20140525,13,AQI,134,134,133,131,139,127,131,153,130,145,143,137,152,146,142,129,126,113,136,88,106,90,129,105,123,87,,148,136,86,140,143,138,156,115
20140525,14,PM2.5,25.6,17.5,7.4,3.7,21,16,13.5,14.3,11.6,16.1,21.4,15.8,27.5,22.1,34.3,9.7,21.1,3.5,11.3,8.9,14.1,6.9,13.8,14.7,17.1,6.8,19.7,57.7,129.4,,17.5,15.9,11,20.6,18.4
20140525,14,PM10,,,,,,,,,,,,,,,,,,,,,,,,36,,,,,,201.6,,,,,
20140525,14,AQI,130,131,130,128,136,124,128,150,127,142,140,134,150,143,140,124,124,109,133,86,104,88,127,104,121,85,87,147,140,88,137,140,135,153,112
20140525,15,PM2.5,11.2,9.2,6.2,14.7,17,12.4,10.7,32.3,3,9.3,12.9,11.5,9.3,14.9,25,10.8,15.1,8.5,8.8,10.6,11.2,8,16.4,6,12.1,8.4,9.3,8,94.2,,20.8,7.9,23,20.9,3
20140525,15,PM10,,,,,,,,,,,,,,,,,,,,,,,,39.1,,,,,,74.5,,,,,
20140525,15,AQI,127,128,126,125,133,121,124,147,124,139,137,130,147,140,137,121,122,106,129,85,102,85,125,102,118,83,87,143,141,86,134,137,132,149,109
20140525,16,PM2.5,3,13.3,10.1,10.4,16.6,10.2,7.9,21,8.6,13.7,11.5,21.6,10,3,18.8,13.2,15.5,10.5,3,7.4,9.7,3,10.4,12,8.3,10.2,5.3,10.6,16.1,,10.2,8.8,9.3,27.1,3
20140525,16,PM10,,,,,,,,,,,,,,,,,,,,,,,,30.5,,,,,,5,,,,,
20140525,16,AQI,123,125,122,122,130,118,120,144,120,134,133,127,143,136,133,117,119,104,125,84,100,83,123,100,115,82,86,139,138,84,130,133,128,146,105
20140525,17,PM2.5,3,7.7,14.7,5.2,16.2,3,7.7,24,15.1,5.6,6.3,8.7,10.1,3,9.8,7.9,11.2,12.1,10.1,6.2,15.9,13.1,9.9,7.4,6.5,12.5,7.4,15.7,7.6,,9.5,3,8.5,16.4,6.8
20140525,17,PM10,,,,,,,,,,,,,,,,,,,,,,,,32.1,,,,,,5,,,,,
20140525,17,AQI,118,121,119,118,127,114,117,140,117,130,129,122,139,132,128,114,117,101,121,83,97,82,120,98,112,80,85,136,135,82,126,129,124,142,100
20140525,18,PM2.5,3,18.1,13.8,12.7,13.6,12.5,3,29.4,11.4,11.3,4.3,10,11.5,20.5,11.8,10.5,11.8,6.1,8.8,5.7,11.2,6.9,6.4,4.8,6.5,10.2,6.6,16.3,12.2,,11,19.3,12.6,18.5,11.6
20140525,18,PM10,,,,,,,,,,,,,,,,,,,,,,,,19.4,,,,,,13.5,,,,,
20140525,18,AQI,112,117,114,114,122,110,112,137,113,126,124,118,135,128,124,112,115,98,117,83,96,80,116,95,107,78,84,134,131,80,121,125,120,138,97
20140525,19,PM2.5,3,9.3,6.2,9.8,11.8,7.2,10.1,25.5,3,9.7,11.5,13.5,11.7,13.7,8.7,6.4,12,3.5,7.7,3.3,6.9,5.2,14.4,3,3,5,6.4,23.5,7.1,,23.2,8.6,20.4,28.3,7.2
20140525,19,PM10,,,,,,,,,,,,,,,,,,,,,,,,29.5,,,,,,121.1,,,,,
20140525,19,AQI,108,113,110,109,118,107,107,134,109,121,119,114,131,123,120,110,114,94,113,81,93,79,112,92,103,76,83,132,125,82,117,120,116,133,94
20140525,20,PM2.5,4.5,15,9,15.2,11.1,13.4,10.4,5.3,3,12.2,8.3,17,8.7,27.7,14.6,3,15.7,5.5,9.7,9.2,12.2,15.2,3,3,10.5,6.9,8.6,15.4,13.8,,17.3,10.3,20.8,30,3
20140525,20,PM10,,,,,,,,,,,,,,,,,,,,,,,,26.8,,,,,,87.8,,,,,
20140525,20,AQI,104,109,105,105,115,104,103,129,104,116,114,110,126,119,117,107,112,91,108,80,92,77,108,88,99,75,81,130,121,82,113,116,112,129,91
20140525,21,PM2.5,3.8,13.8,17.9,3,16.1,12,9.8,5.2,10.1,16.7,4.6,15.4,13.2,13.3,17.7,59.4,22.3,13.3,9.1,11.7,11.3,27.2,13.5,4.4,6.4,6.5,10,26.6,8.9,,10.6,23.6,32.4,45.4,11
20140525,21,PM10,,,,,,,,,,,,,,,,,,,,,,,,5,,,,,,5,,,,,
20140525,21,AQI,99,105,101,101,111,100,99,124,100,112,109,104,121,115,113,107,110,88,103,78,89,76,104,84,94,73,80,127,116,81,109,112,109,126,88
20140525,22,PM2.5,3,13.2,17,10.5,22.8,15.5,9.2,10.5,13.3,18.5,7.1,15.1,13.6,14.6,23.7,21.4,30.5,10.5,12.2,31,13.7,26.1,5.2,9.6,6.3,4.4,9.2,33,23.9,,7.8,20.4,48.5,16.4,13.3
20140525,22,PM10,,,,,,,,,,,,,,,,,,,,,,,,52.9,,,,,,65.1,,,,,
20140525,22,AQI,94,101,97,96,108,97,94,120,96,108,103,99,116,110,110,105,108,84,97,78,87,75,99,81,89,71,79,125,111,81,104,108,107,122,84
20140525,23,PM2.5,3,15.7,3,13.1,25.9,18.1,9.6,26.6,3,20.9,7.1,14.8,11.7,34.2,27.1,26.6,29.5,13.6,17,27.9,15.2,22.1,19.2,18.6,9,7.7,9.1,30.2,17.8,,3,7.9,30.2,5.9,26
20140525,23,PM10,,,,,,,,,,,,,,,,,,,,80.9,,,,42.6,,,,,,84.2,,,,,
20140525,23,AQI,90,98,92,93,104,94,89,117,91,104,98,94,111,106,107,102,107,81,92,91,83,74,95,77,84,68,78,122,107,81,100,104,103,117,82
