date,hour,type,dongsi,tiantan,guanyuan,wanshouxigong,aotizhongxing,nongzhanguan,wanliu,beibuxingqu,zhiwuyuan,fentaihuayuan,yungang,gucheng,fangshan,daxing,yizhuang,tongzhou,shunyi,changping,mengtougou,pinggu,huairou,miyun,yanqing,dingling,badaling,miyunshuiku,donggaocun,yongledian,yufa,liulihe,qianmeng,yongdingmengxi,xizhimengbei,nansanhuan,dongsihuan
20141103,0,SO2,4.5,2,2.1,4.9,5.3,2.9,12,8.5,2,7.4,8.1,5.7,4.4,2,9.3,4.1,6.1,2.1,2,2.4,2,2,24.4,2,26.2,2.2,2,7.3,2,7,4,14.9,,7,
20141103,0,NO2,57.9,46.9,74.2,72.4,67.5,76.9,72.2,50.4,8.7,80.5,57.7,78.4,70.4,69.6,73.2,68.2,48.9,50.8,60.5,52,43.2,45.1,17,9,23.2,6.4,15.2,71.9,47.7,63.7,53.8,132.6,,105.2,
20141103,0,O3,3.7,3.7,2,2,2,2,2,2,46.2,2,2,5.4,2,2,14.6,2,2,9.3,2.4,4.7,8.9,2,51,33.2,43.5,50.4,58.5,2,2,2,2,2.4,,2,
20141103,0,CO,0.9,0.8,0.9,1.2,0.7,0.9,1.2,1.3,0.3,1.4,0.4,1.1,1.3,0.9,1,0.7,1.5,0.9,1,0.7,0.6,0.6,0.7,0.4,0.2,0.2,0.2,0.6,0.9,1,1.2,1.8,,1.1,
20141103,1,SO2,5.3,2,2.3,5,5.9,3.8,10.5,8.1,2,7.7,9.4,4.1,3.9,2,11.4,9.3,5.1,2,2,2,2,,30.8,3.1,31,2.2,2,9.3,2,6.2,3.1,11.6,,4.7,
20141103,1,NO2,64.4,59.1,71.4,73.1,73.4,77.8,68.7,49.2,13.5,79.3,61.1,67.2,64.7,63.5,74,75.7,51.6,26.1,50.2,37.2,29.7,,20.8,24,27,7.3,13.4,74.6,44.7,59.6,58.7,111.3,,102.6,
20141103,1,O3,2,4.4,2,2,2,2,2,2,42.5,2,2,4.6,2,2,12.9,2,2,28.5,2.6,10.3,19.7,,44.3,16.6,37,48.4,56.2,2,2,2,2,4.8,,2,
20141103,1,CO,0.8,1.1,0.8,1,0.9,1,1,0.8,0.3,1.3,0.4,1,1.2,0.8,1,0.8,1.6,0.6,0.8,0.8,0.6,,0.8,0.4,0.3,0.2,0.2,0.6,0.9,0.9,1.1,1.5,,0.9,
20141103,2,SO2,5.5,2,3.1,2.5,3.7,3.8,10.6,7.8,2,6.6,5.2,3.7,3.9,4.8,9.3,10.6,7.2,4.4,2,2,2,,31.5,4,30,2.3,2,8.1,2,6.9,2.6,6,,11.4,
20141103,2,NO2,61.8,53.2,68.2,69,61.6,79.2,68,52.8,14.8,75.7,46.9,61.9,61.3,59.8,69.9,78.8,53.3,20.5,50.9,15.3,31.1,,23.9,7.2,23.8,9.7,17.9,75.2,43.6,58.3,56.1,93.1,,105.8,
20141103,2,O3,2,4.2,2,2,2,2,2,2,39.4,2,2,3.2,2,2,11.5,2,2,34.7,2,30.7,11.8,,40.4,29.3,33,39.9,49.2,2,2,2,2,7.7,,2,
20141103,2,CO,0.9,1,0.7,1,0.9,0.8,1,0.9,0.3,1.1,0.3,1.1,1.1,0.8,1.1,0.8,1.6,0.5,0.6,0.4,0.4,,0.8,0.3,0.3,0.2,0.3,0.5,0.8,0.9,1.1,1.4,,0.9,
20141103,3,SO2,5.4,2,3.2,2.1,2,4.1,10.6,7.7,2,6.4,5.4,3.8,2,3.1,6.9,10.9,2,7.9,2,2,2,2,33.5,7.1,42.7,2,2.4,7.1,2,6.2,2.3,5.8,,7.7,
20141103,3,NO2,57.2,53,65.5,65.7,61.6,77.6,64.3,52.4,15,76.9,51,61.7,56.2,57,65.1,77.7,37.4,13.5,43.8,14.1,30.8,39.4,23.8,6.5,22.2,6.9,25.3,72.2,35.8,53.3,53.2,89,,105.7,
20141103,3,O3,2,4.4,2,2,2,2,2,2,39,2,2,2.4,2,2,12.5,2,2,42.9,2,29.2,8.8,2,38.2,33.7,35.7,40.5,40,2,2,2,2,8.5,,2,
20141103,3,CO,1.3,0.9,1,1,0.7,0.8,0.9,1,0.3,1.1,0.4,0.8,1.1,0.8,1,0.8,1.7,0.4,0.1,0.4,0.5,0.1,0.9,0.3,0.4,0.2,0.3,0.5,0.7,0.9,1.2,1.4,,1.1,
20141103,4,SO2,4.1,2,3,2.3,3.5,3.3,10,6,2,5.2,5.1,2.9,2,2.4,5.4,8.6,2,10.4,2,2,2,2,30.7,14.4,43.1,2,3.2,8.5,2,4.9,2.1,6.9,,6.4,
20141103,4,NO2,53.8,53.1,60.6,66.2,69.9,74.3,60.4,50.3,11.6,71.4,56.6,56.1,53.4,55,59.2,75,33.1,13.1,41.6,12.5,19.7,40.1,27.3,6.9,19,7.2,29.8,74.2,26.3,51.7,51.7,87.4,,100.7,
20141103,4,O3,2,4.3,2,2,2,2,2,2,50.6,2,2,3.9,2,2.3,9.1,2,2,42.5,5.1,32.4,23.9,2,30,42.4,38.3,40.2,29.8,2,2,2,2,7.7,,2,
20141103,4,CO,1.2,0.9,1.1,1.1,0.6,0.8,0.9,0.8,0.3,1.2,0.6,0.8,1.2,0.9,1,0.8,1.6,0.4,0.7,0.3,0.3,0.1,0.9,0.3,0.4,0.2,0.3,0.6,0.7,0.8,1.3,1.8,,1.1,
20141103,5,SO2,4.1,2,2.8,2.6,2,2.9,10.4,5.4,2,6,5.9,4.2,2,2,5.5,9.1,2,10.2,2,2,2,2,19.2,17.4,40.4,2,3.4,7.9,2,4.4,2.5,6.3,,7.6,
20141103,5,NO2,53.5,43.3,54.8,61.1,60.8,68.4,63.4,40.8,27.9,73.2,56.2,56.8,47.8,48.9,50.4,57.6,30.2,12.6,,7.4,20.1,37,33.8,8.2,16.3,7.9,27.5,72.4,24.5,46.3,50.5,79.2,,102.8,
20141103,5,O3,2,4.6,2,2,2,2,2,2,28.3,2,2,3.1,2,2.1,8.6,2,2,40.4,2,34.7,20.7,2,21.6,41.7,41.6,36,30.8,2,2,2,2,9.7,,2,
20141103,5,CO,1.1,1.1,1.2,1.1,0.5,1,1.1,1.3,0.4,1.2,0.5,0.8,1.2,0.9,1.2,0.7,1.5,0.4,1,0.3,0.4,0.1,0.9,0.3,0.4,0.2,0.3,0.6,0.8,0.8,1.5,2,,1.3,
20141103,6,SO2,6.3,2,3.1,2.9,3.3,4.2,9.7,5.8,2,5.6,7.5,4.7,2,2.5,6.5,13.5,2,11.2,2,2,2,,9.7,17.7,20.4,2,3.6,7.8,2,4.3,3.4,10.1,,9.9,
20141103,6,NO2,54.3,41.8,58.1,63.3,56.8,67,57.7,39.1,31.6,72.9,34.4,51.6,46.8,48.5,49.7,54.6,30,22.4,41.7,14.5,22.4,,26.4,7.2,12.4,7.9,24.3,73,24.7,42.4,45.1,88,,107.5,
20141103,6,O3,2,4.5,2,2,2,2,2,2,23.2,2,6.3,4.2,2,2,7.4,2.8,2,30.6,2.5,27.5,15.7,,14.6,43.9,51.7,33.2,37.2,2,2,2,2,6.3,,2,
20141103,6,CO,1,1.3,1.2,1.2,0.5,0.8,1.1,1.4,0.4,1.5,0.3,1.1,1.2,0.9,1.3,0.5,1.7,0.7,1.3,0.3,0.4,,1.1,0.3,0.3,0.2,0.3,0.6,0.8,0.8,1.6,2.3,,1.5,
20141103,7,SO2,5.6,2,3.5,3.1,2.7,7,11.3,5.4,2,6.9,7.1,4.1,3.4,3.3,7.6,14.3,2,14,2,2.7,2,2,11.3,14,28.7,2.2,3.4,7.3,2,3.5,4.7,24.7,,15.2,
20141103,7,NO2,51.4,40.5,60.1,62.8,60.8,63.8,59.7,45,28.9,76,37.6,49.8,49.5,53.6,52.9,51.7,30.7,28.5,41.3,26,34.7,36.2,31.5,7.1,13.6,7.8,23.1,72.1,26.1,38.6,37.8,131.5,,119.5,
20141103,7,O3,2,4.5,2,2,2,2,2,2,23.9,2,2,6.4,2,2,7.1,2,2,30.1,2.8,16.8,6,2.5,12,44.3,50.2,33.4,38.1,2,2,2,2,2,,2,
20141103,7,CO,1.2,1.5,1.5,1.4,0.5,0.6,1.3,1,0.4,1.9,0.4,1.3,1.5,1.2,1.4,1.2,1.4,0.5,1.5,0.5,0.3,0.1,1.1,0.4,0.4,0.2,0.3,0.6,0.7,0.8,1.9,2.8,,1.9,
20141103,8,SO2,7.8,2,6,4.1,4.3,9.7,16,6.2,2,8.8,10.6,7.6,6.1,6.5,8.6,17.6,3.7,14,3,2.3,2,2,13.9,8.9,29.6,2.7,3,8.1,2,3,5.8,27.9,,24.1,
20141103,8,NO2,53.2,36.4,67.3,69.6,66.7,70.9,72.4,37,38.9,82.6,47.9,51.3,57.9,57.6,53.8,52.8,33.3,49.4,48.8,41.6,33.4,32.5,38.6,18.2,15.3,6.2,23.5,65.7,30.5,34.3,37.1,134.1,,150.8,
20141103,8,O3,4.1,4.5,2,3.3,2,2,2,2,18.1,2,2,6.2,2,3,7.6,2,2,11.7,9.5,5.7,8.3,6,9.1,25.4,51.5,35.1,38.6,2,2,2,2,2,,2,
20141103,8,CO,1.7,1.7,2.4,1.9,1.1,1.1,1.9,1.3,0.6,2.3,0.6,1.7,1.8,1.3,1.6,1.6,1.5,0.7,1.4,0.7,0.5,0.2,1.2,0.6,0.3,0.2,0.3,0.7,0.7,0.9,2.4,3,,2.5,
20141103,9,SO2,9,5.2,8.5,5.9,8.7,11.2,18.3,13,2.3,11.4,7.9,6,8.2,10.1,14.6,26.1,8.2,11.7,9,4.3,2.8,3,22,11.1,23,2.8,2.9,11.1,8.7,4.2,6.8,19.3,,24.8,
20141103,9,NO2,69.4,59.6,74.8,80.4,82.8,74.9,77.6,44.3,31.4,86.9,42.3,59.4,67.8,62.4,71.7,66.2,30.5,48.3,51.8,44.7,24.4,25.6,46,11.8,13.2,7.1,24,70.1,40.8,43.4,54.1,122.1,,149.7,
20141103,9,O3,4,5,2,3.3,2,3.4,2,2,27,2,2,6.7,2,3.7,10.7,2,2.1,11.7,17.4,10.3,21.9,18.8,12.3,39.6,56.4,38.9,37.2,2.7,2,4.1,2,2,,2,
20141103,9,CO,2.2,2.1,2.1,1.7,1.8,1.4,1.7,1.3,0.5,2.2,0.6,1.4,1.4,1.5,2.2,1.4,1.5,1,1.3,0.8,0.4,0.2,1.5,0.5,0.3,0.2,0.2,0.8,0.9,0.8,1.9,2.2,,2.5,
20141103,10,SO2,10.3,7.4,6,6.3,7.4,12.2,12.4,14.3,3.6,7.4,3.9,,6.2,12.3,11.8,22,9.1,15,6.1,6.4,2,2,33.3,12,25.4,2.2,3.7,10.5,11.7,6.4,14.1,13.1,,24.3,
20141103,10,NO2,75.4,71.5,71.2,67.8,73.3,83.7,73.9,63.4,46.4,72.3,31.9,,81.2,84.1,60.8,72.1,33.6,36.7,50.9,45.8,18.5,24.5,30.5,14.6,13.2,6.4,20.5,62.9,38.2,36.3,65.7,112.7,,153.7,
20141103,10,O3,6.7,8.1,8.3,12.7,3.7,7,11.2,4.9,26.2,13,34.9,,4.2,8.6,25.8,4,7.6,29.2,19.5,21.2,32.9,28,33.8,40.6,57.5,44.5,46.4,11.5,13.1,28.3,2,7.5,,2,
20141103,10,CO,1.7,1,1.1,0.8,1,1.3,1,1.4,0.7,1,0.5,,1,1.3,1.1,1.1,1.6,0.7,0.8,0.8,0.3,0.1,1.1,0.4,0.3,0.2,0.3,0.6,0.7,0.5,1.6,1.2,,2.4,
20141103,11,SO2,6.5,5.4,3.5,5.3,4.3,5.7,8.9,9.1,3,4,2.5,3,4.3,7.6,7.4,18.8,10.2,10.6,2.3,6.5,4.2,2.7,31.4,14.6,28.1,2.4,6.1,9.4,7.4,5.4,12.3,8.3,,,
20141103,11,NO2,47.1,60.8,45.1,41.3,72.3,58,53.2,55.4,30.9,34.3,15.9,14.1,64.2,52.4,38.7,107.5,37.2,24.6,12.9,20.4,19.5,17.4,19.7,15.7,11.2,4.9,23.9,50.7,27,30.8,63.8,87.7,,,
20141103,11,O3,27.4,20.9,33.6,40.8,12.2,28.9,30.3,14.7,50.5,42,47.7,62.1,30.4,46.9,48,12.2,16.5,45.7,60.9,46,37.7,41,49.9,47,61.7,56,51,21.7,30.2,49.6,2,24.3,,,
20141103,11,CO,0.7,0.6,0.5,0.4,0.8,0.6,0.5,0.9,0.5,0.4,0.3,0.3,0.6,0.6,0.5,1.2,1.6,0.6,0.3,0.4,0.4,0.1,1,0.4,0.4,0.2,0.3,0.5,0.5,0.4,0.9,0.7,,,
20141103,12,SO2,5.3,4.6,2.2,4.9,2.6,3.8,8.3,7.6,2,3.6,3.6,3.2,2.5,5.4,8.1,10.1,7.7,10,2,9.2,8.9,10,30.4,13.7,28.3,2.3,8.2,7.2,4.4,6.7,7.3,5.7,,,
20141103,12,NO2,28.9,38.7,21.7,31.3,43.1,43.7,43.2,35.5,8.4,29.6,18.6,12,33.6,27.4,30.7,53.2,34.3,21.7,8.9,17.4,15.4,20.4,15.2,7.7,12.2,2.2,23.4,37,9.7,20.1,47,58.7,,,
20141103,12,O3,54.3,51.5,56.4,60.5,42.2,54.9,44.8,35.6,76.1,63.8,58.3,78,44,82.8,75.9,42.1,20.8,54.6,71.2,57.3,52.2,49.2,61.9,60,65.3,61.8,57.8,33.6,54,64.3,4.8,52.3,,,
20141103,12,CO,0.5,0.5,0.3,0.4,0.5,0.4,0.4,0.6,0.3,0.4,0.3,0.3,0.4,0.4,0.5,0.5,0.8,0.5,0.3,0.4,0.3,0.1,0.8,0.3,0.4,0.2,0.3,0.4,0.3,0.3,0.6,0.5,,,
20141103,13,SO2,4.7,3,2.8,4.3,2,4,9.9,8.4,2.3,3.8,3.4,3.2,2,3.9,5.2,5.7,6.8,8.1,2.3,7.2,11,11.4,21.9,11.3,21.5,8.3,6.5,7.4,3.8,7.2,5.8,3.8,,7.9,
20141103,13,NO2,16.4,15.7,24.8,21.1,25,37.8,42.3,28,8.8,27.8,16.8,13.2,21.3,13.9,12.4,18.7,38.4,14.4,13.4,14.6,14.4,14.9,13,2,13.5,4.9,25.9,30.3,4.4,15.2,38.9,29.9,,104.7,
20141103,13,O3,75.4,82.3,74,75.3,64,78.6,55.7,46.6,89.8,77.3,57.1,87.2,50.1,79.9,106.7,74.1,32.4,65.5,80.7,68.7,62.5,63.3,67.4,71,69.8,68.4,66.4,39.5,67.2,71.7,8,77.2,,35.2,
20141103,13,CO,0.4,0.3,0.3,0.3,0.4,0.3,0.4,0.5,0.4,0.3,0.3,0.3,0.3,0.3,0.3,0.3,0.5,0.4,0.3,0.3,0.4,0.1,0.8,0.3,0.4,0.4,0.3,0.3,0.2,0.2,0.5,0.2,,0.4,
20141103,14,SO2,3.9,2.6,2.2,3.4,3,3.2,9.2,7.5,2,3.1,2.8,2.9,2,3.7,3.7,5.3,4.5,6,2.3,8,9.6,11.5,13,10.5,11.8,12.2,9.4,7.4,3.9,6.8,5,3.8,,7.2,
20141103,14,NO2,14.1,11.4,17.4,18,26.9,27.8,37.8,25.8,8.6,20.7,16.6,12.8,19.7,11.7,6.6,14.6,27.2,13.3,14,27.5,19.4,16.5,9.8,2,11.7,6.7,35.4,25.3,2,12.9,35,18.9,,107.7,
20141103,14,O3,82,87.2,76.7,75.4,77.6,95.9,62.5,54.9,99.3,70.4,58,87.6,53.7,80.2,105.8,92.1,52.2,71.7,80.9,68.3,66.3,69.3,75.5,77.1,77,76.7,67.1,45.2,76.7,83.5,9.3,86.5,,30.1,
20141103,14,CO,0.4,0.3,0.3,0.3,0.3,0.2,0.3,0.4,0.4,0.3,0.3,0.3,0.3,0.2,0.2,0.2,0.3,0.4,0.3,0.4,0.4,0.1,0.7,0.3,0.3,0.4,0.3,0.3,0.2,0.2,0.4,0.2,,0.5,
20141103,15,SO2,4.3,2.9,2.3,3.8,2.3,3.3,7.9,7,2,3,2.9,3,2,4.5,4.4,4.8,3.9,5.2,2.2,6.4,7.7,9.3,10.9,9.5,11.1,12.4,6.2,7,3.1,5.4,5.2,2.6,,8.9,
20141103,15,NO2,12.1,11.5,14.4,18,21.7,29.8,39.2,22.3,7.3,16.8,23.4,15.2,23.8,13.9,6.6,10.7,23.4,13.8,10.7,34,13.8,25.9,9.7,2,17.5,9.2,36.1,19.9,2,14,40.2,35.2,,107.1,
20141103,15,O3,78.8,83.4,74.4,73.9,75.8,90.3,54.3,69.3,93.5,74.3,59.5,80.3,56.6,84.4,106.8,90,67.6,76.2,73.7,67,73.1,66.1,78.9,79.2,72.7,81.3,72.6,47.7,80.5,88.1,8.4,58.7,,22.9,
20141103,15,CO,0.3,0.3,0.3,0.3,0.3,0.2,0.3,0.4,0.4,0.2,0.3,0.3,0.3,0.2,0.2,0.2,0.3,0.4,0.3,0.4,0.3,0.1,0.7,0.3,0.3,0.4,0.3,0.2,0.2,0.2,0.4,0.3,,0.5,
20141103,16,SO2,4.4,3.4,2.3,3.9,2.4,3.2,8.5,6.8,2,3.2,2.9,2.9,2,4,4.3,6.2,3.7,2.5,2.2,5.3,4.5,6.5,13.1,8,14.6,10.8,5.7,8.7,3.9,6.3,5.4,2.4,,7,
20141103,16,NO2,14,12.7,18.8,20.6,20.8,30.3,40.6,22.5,7.7,24,27.7,12.8,26.5,14.8,7.8,11.1,19.6,16.7,11.9,25.8,19.8,26.1,10.2,2.5,16.2,15.2,30.9,19.7,2.6,20.5,47.1,24.1,,97.4,
20141103,16,O3,78.3,87.2,71.4,75.5,72.6,88,51.2,61.3,86.9,71.4,65.2,84,59.3,84.2,110.7,86,77.6,87,73.1,82.3,79.8,68.3,78.9,81.8,73.3,79.1,93,49.8,86.8,86,8.7,62.8,,17,
20141103,16,CO,0.4,0.3,0.3,0.3,0.3,0.2,0.3,0.3,0.3,0.3,0.3,0.3,0.3,0.2,0.2,0.2,0.2,0.4,0.3,0.3,0.3,0.1,0.7,0.3,0.4,0.4,0.3,0.2,0.3,0.3,0.5,0.2,,0.5,
20141103,17,SO2,5,3,3.2,4.3,2.5,3.7,8.9,8.7,2.2,4,4.3,3.5,2.3,5,5.3,5.3,4.2,2.5,2.2,5.4,4,,14.9,3.5,22.4,8,4.7,8.2,13.2,6.8,6.4,3.9,,2.8,
20141103,17,NO2,20,18.2,28.7,32,25.9,37.6,49.1,19.5,12.8,36.1,30.3,21.2,38,23.9,16,11.3,22.2,21.9,18.1,24.7,24.5,,11.8,12.9,44.3,16,25.4,22.4,8,21.7,52.2,32.3,,102.9,
20141103,17,O3,71,76.5,63.9,63.1,65.7,77.3,43.5,58.7,82.7,59.8,54.8,76.7,48.7,77.2,103.8,83.7,62.8,73.7,68.4,94.2,84.7,,76.2,79.6,42.9,81.3,102.7,48.2,73.4,83.7,9.5,59.8,,18,
20141103,17,CO,0.4,0.3,0.3,0.3,0.3,0.3,0.4,0.4,0.4,0.3,0.3,0.4,0.4,0.3,0.3,0.2,0.3,0.4,0.3,0.3,0.3,,0.7,0.3,0.5,0.3,0.2,0.2,0.3,0.3,0.5,0.7,,0.5,
20141103,18,SO2,,,,,,,,10,,,,,,,,,4.4,2.8,,5.6,3.5,,26.8,3.4,28.1,6.3,4.4,9.9,,,,,,,
20141103,18,NO2,,,,,,,,41.5,,,,,,,,,39.6,31.3,,36.7,41.5,,26.5,15.4,64.4,17.4,23.1,28.3,,,,,,,
20141103,18,O3,,,,,,,,30.9,,,,,,,,,31.5,61.1,,71.3,54.3,,55.9,62.1,15.4,90.4,86.9,41.6,,,,,,,
20141103,18,CO,,,,,,,,0.5,,,,,,,,,0.3,0.4,,0.5,0.4,,1,0.4,0.6,0.3,0.2,0.2,,,,,,,
20141103,19,SO2,,,,,,,,8.1,,,,,,,,,5.8,4.2,,8.8,4,,38.6,3.2,18.4,5.4,,12.1,,,,,,,
20141103,19,NO2,,,,,,,,47.6,,,,,,,,,54.7,82.1,,86.7,47,,28.7,16.3,22.5,14,,44.2,,,,,,,
20141103,19,O3,,,,,,,,15,,,,,,,,,6.7,11.6,,17.2,41.8,,49.2,46.4,49,94.5,,21.5,,,,,,,
20141103,19,CO,,,,,,,,0.5,,,,,,,,,0.5,0.9,,1.1,0.5,,1.1,0.4,0.4,0.3,,0.3,,,,,,,
20141103,20,SO2,8.5,2,,3.8,3.8,8.1,11.9,7.2,2.6,9.9,,,7.1,7.4,11.6,,7.5,5.3,3.1,6.5,4.4,,33.2,3.8,15.7,5.4,7.5,19.3,7,,5.7,11.2,,4.6,
20141103,20,NO2,73.2,70.5,,87,98.7,96.4,95.9,37.1,33,89.9,,,100.8,55.6,69.6,,58.3,63.9,78.1,50.9,85.6,,50.7,21.3,17.6,13.4,23.8,56.2,19.8,,83.1,99.5,,120.2,
20141103,20,O3,20,5.3,,8.4,2,14.2,3.9,16.1,40.6,2,,,2,35.7,34.7,,2.8,19.2,3.9,32.5,2.1,,16.2,40.8,56.5,87.2,79.3,14.2,47.3,,2,2,,2,
20141103,20,CO,0.8,0.9,,0.8,0.7,0.7,0.9,0.6,0.6,0.8,,,1,0.5,0.9,,0.6,0.9,1.3,1,1,,1.3,0.6,0.4,0.3,0.3,0.5,0.5,,1.3,0.9,,0.9,
20141103,21,SO2,8.7,2,9,,5.5,8.1,12.5,7,2.7,9.8,15.9,6.9,7.5,11.8,12,18.5,8.5,4.8,2.8,4.2,3.5,3.4,20.3,5.7,12,5.2,10.6,15.9,14.2,5,6.3,9,,,
20141103,21,NO2,72.2,80.7,67.1,,95.2,90.3,94.9,39.7,34.2,90,79.8,64.8,80.3,52.4,56.5,66.2,60.8,26.1,71.7,36,70.2,70,49.1,23.2,10.9,12.2,24.8,66,20.5,51.7,71.7,78.8,,,
20141103,21,O3,17,7.8,24.9,,3.3,17.2,3.7,7.5,37.2,2,2,19.7,7,32.4,40,12.3,2,44.4,4,37.1,5.1,2,4.8,37.9,59.4,76.9,74.3,9.3,45.1,31.4,4.2,13.2,,,
20141103,21,CO,0.8,0.7,0.6,,0.7,0.7,0.9,0.8,0.5,0.8,0.8,0.9,0.8,0.5,0.8,0.7,0.7,0.5,1.7,0.9,1.1,1.3,1.5,0.8,0.4,0.4,0.3,0.5,0.5,0.7,0.8,0.6,,,
20141103,22,SO2,11.5,3.1,10.2,,5.3,12.1,,6.6,2,11,13.1,7.7,7.4,18.1,13.3,20.2,4.1,,2.6,4.4,2.2,3.6,14.6,4,11.5,4.3,13.5,16.4,27.5,10.3,5.4,15.5,,7.2,
20141103,22,NO2,58.7,65.1,60.7,,87,87.9,,41.3,27.5,80.8,79.3,67.7,70.4,38.7,59.3,67,56.1,,64.2,27.2,46.9,55.2,42.2,13.9,8.7,13.2,26.2,66.3,26,60.8,68.5,72.5,,114.4,
20141103,22,O3,22.4,18.9,24.7,,5.3,14,,3,39.3,2,2,13.6,9.1,39.4,30.7,8.8,2,,3.2,43.2,16.1,9,3.2,44,60.7,55.4,69.4,12.8,40,22.8,3.7,18.4,,6.3,
20141103,22,CO,0.7,0.6,0.6,,0.7,0.6,,1.1,0.4,0.7,0.9,1.1,0.8,0.6,0.8,0.8,0.9,,1.4,0.6,0.7,0.9,2,0.5,0.3,0.4,0.4,0.6,0.5,0.7,0.8,0.6,,0.7,
20141103,23,SO2,16.3,6.7,13.4,,9.1,19.7,,6.4,2,12.4,10.2,9.2,9.4,,17.6,23.6,2.1,3.5,,3,2.2,,11.1,4,10.8,4,20.9,17.2,,6.8,6.2,21.8,,10,
20141103,23,NO2,53.4,63.5,63.5,,66.7,85.9,,35.4,29.2,77.1,60.6,72.3,71.8,,53.6,58.7,50.5,22.4,,19.7,26.4,,35.5,11.8,10.4,12.2,31.8,65.8,,62.5,62.2,72.1,,105.7,
20141103,23,O3,21.2,17.8,17.8,,14.5,12.1,,2,34.5,2,2,6.7,4.6,,30.2,13.6,2,44.1,,46.7,32,,2.7,41.6,56,51.8,58.3,14.2,,15.2,4.3,12.6,,6.7,
20141103,23,CO,0.7,0.7,0.7,,0.6,0.7,,1,0.5,0.8,0.7,1.1,0.9,,0.7,0.6,1.1,0.5,,0.5,0.6,,2,0.6,0.4,0.4,0.4,0.5,,0.7,0.8,0.7,,0.7,
20141103,0,PM2.5,10.7,8.4,14.7,24.1,11.8,14.9,22,33,8.5,36.2,30,39.7,75.2,56.5,40.4,33,16.1,28.3,32.2,25.7,12.7,23.3,11.3,8.5,13.7,3,3,33.5,42.2,87.2,28.7,36.3,28.1,36.9,25.9
20141103,0,PM10,52.5,37.4,22.1,43.3,46.6,33.4,55.5,65,8.7,112.1,49.8,81,132.4,78.8,53.2,129.3,39.6,57.8,67.2,44,34.2,40.2,20.3,14.4,31.6,5,5,59.9,59.5,178.8,62,82.7,53.4,62.5,85.5
20141103,0,AQI,29,30,38,37,34,39,37,26,16,41,29,40,60,43,37,46,34,40,33,32,22,30,16,13,20,18,19,42,36,54,27,67,34,53,31
20141103,1,PM2.5,15.7,20.3,21.3,34.5,15.8,21.4,22.4,13.5,9.9,49.4,28.4,33.4,66.5,55.3,70.5,44.9,16.7,8.6,28.3,28.6,20,,10.5,10.9,13.8,10.2,6.6,40.9,51.3,83.6,31.4,35.6,30.5,48.4,25.6
20141103,1,PM10,47,45.5,51.2,62.7,38.1,40.6,70.1,28.5,,76.2,71.1,88.5,121.3,75.4,103.8,60.7,44.6,28.3,46,45.6,,,26.7,13.6,37.4,15.7,12.3,44.6,74.8,148.1,70.6,70.7,107.6,75.6,71.6
20141103,1,AQI,33,31,36,37,37,39,36,25,16,40,31,43,62,45,37,47,32,41,34,33,15,,16,13,21,18,18,42,37,58,30,56,37,52,34
20141103,2,PM2.5,19.5,24.2,27.2,32.2,14.9,29.5,21.9,7.5,10.2,47.7,21.3,22.7,72.2,68.7,69.7,38.9,15,11.6,20.7,14.4,16.7,,16.5,5.3,23.1,16.4,8.8,39,58,79.8,34.7,35.6,47.1,48.7,27.1
20141103,2,PM10,65.6,53.2,50.9,70,43.8,47.1,70.7,36.9,13.6,90,80.2,71.8,118.1,83.4,107,57.7,39,17.9,39.4,17.2,32.6,,26.8,13.8,34.3,,16.9,52.2,71.2,138.4,65.6,60.4,102.7,92.5,56.2
20141103,2,AQI,31,32,35,35,31,40,37,27,15,43,27,46,63,46,38,47,32,41,33,29,16,,17,14,22,19,16,43,39,61,29,47,40,53,36
20141103,3,PM2.5,26.4,29.9,29.7,32.1,20.2,26.2,24.9,20.1,6,38.8,23.6,23.4,64.1,62.5,60.3,44.2,22,6.2,18.4,15.1,9.8,16.3,17.5,11,21.7,8.4,17.3,36.4,57.6,72.2,41.7,36,29.4,48.4,31.1
20141103,3,PM10,70.8,49,53.2,76.2,39.4,48.1,67.3,32.5,12.8,98.4,60.1,71.2,109.9,93.8,97.4,,51.2,16.5,40,,17.4,18.8,27,18.7,39.6,10.6,,54.7,71.4,118,72.5,49.5,95.2,78.7,63.4
20141103,3,AQI,31,33,33,33,31,39,39,27,15,44,27,48,59,46,41,47,32,41,33,29,16,31,19,14,23,19,16,44,41,64,31,45,43,53,38
20141103,4,PM2.5,23.8,29.1,29.7,38.6,21.5,28.5,24.5,21.4,3,56.6,28.7,22.8,62.8,58.8,63,36.6,20.9,9.4,17.8,11.6,10.3,8.1,18.1,9.2,18.6,3,3.8,49.8,49.2,66.8,46.2,40.6,32.2,47.8,39.5
20141103,4,PM10,64.4,55,53.4,64.7,25.8,54.6,62.7,44.9,18,82.4,80.4,67.4,98.2,82.4,84.1,98.5,32.2,22.4,33.7,,13,17.6,28.4,27.3,35,5,8,65.3,61.3,106.5,64,66.8,119.6,75.2,67.1
20141103,4,AQI,34,34,31,34,35,38,40,29,16,45,29,49,59,47,43,51,33,41,34,30,15,31,19,15,23,19,16,46,39,66,33,44,48,51,40
20141103,5,PM2.5,24.9,29.1,24.6,40.7,14.6,31.7,29.9,25.4,13.5,55.3,30,22.5,51.4,61.6,65.2,28.5,17.8,5.6,16.9,7.2,11.4,6.7,19.6,12.1,15.6,9,9.1,52.7,44.7,65.6,46.1,41,42,58.4,29.6
20141103,5,PM10,65.1,52,39.9,64.7,69.4,57.1,68.9,69.1,21.4,97.4,65.3,68.8,92.4,74.4,97.5,,22,20.2,40.5,8.3,11.6,11,29.4,23.6,31.3,12.8,,55.2,51.9,100.1,73,62.5,133.2,79.1,68.9
20141103,5,AQI,36,36,29,34,31,35,42,32,16,49,32,51,61,50,46,51,34,41,35,29,15,31,21,15,24,19,16,47,40,68,36,40,52,52,43
20141103,6,PM2.5,21.1,31.2,24.7,43.5,13.6,28.2,27.5,20.5,15.5,63,15.4,27.5,68,64.9,78.5,19.4,22.2,12.7,23.6,10.3,10.9,,25.9,11.4,14.7,7,12.6,52.3,48.1,64.7,52.2,49.7,35.7,66,40.8
20141103,6,PM10,32.1,51.8,45.2,68.9,,30.8,65.5,25.1,21.2,146.5,28.1,73.5,108.2,79.2,106.8,,27.1,28.2,43.2,,11.6,,26.8,23.1,29.2,,13.6,59,48.6,106.3,85.1,61.5,102,102.7,52.9
20141103,6,AQI,37,37,30,37,29,34,45,33,16,53,33,53,63,51,50,50,35,41,37,30,15,,21,16,24,19,16,48,41,71,39,44,53,54,44
20141103,7,PM2.5,17.4,39.6,34.6,46,15.8,21.5,31.4,14.7,11.8,70.5,19.3,30.4,61.7,71.2,87.2,63.3,11,9.8,28.1,8.6,8.1,13.3,25.8,6.3,15.1,12.2,10.1,49.6,46.1,59.4,49.7,63.9,54.7,72.1,35.5
20141103,7,PM10,86,63.5,65.6,80.2,39.6,29.9,77.4,23.7,24.3,128.7,49.3,67,124.5,72.9,90.1,116.6,,31.7,56.5,27,17.1,20,36.2,20.8,33,,,60.9,54.1,94.1,96.6,134.2,128.5,138.1,62.4
20141103,7,AQI,36,39,32,40,31,34,47,33,17,55,35,54,65,52,51,51,36,41,39,31,18,31,22,16,24,20,17,48,43,73,42,66,56,60,46
20141103,8,PM2.5,30,48.6,42.4,56,22.5,36,36.4,20.1,19.9,90.4,24.6,51.5,63.8,79.6,87.3,100.3,12,17.9,33.6,18.1,6.7,14.6,37,21.8,18.3,4,14,58.8,49.3,63.4,70.4,96.3,57.5,103.3,38.9
20141103,8,PM10,120.5,101.6,114.3,122.3,82.8,69.1,114.9,63.2,40.3,157.1,91.2,155,140.7,119.6,113.2,136.7,34.2,67.6,103.3,64.2,21.4,38.2,52.5,46.5,38.1,5,,87.9,73.6,113.3,131.9,171.9,133.2,204.9,77.3
20141103,8,AQI,39,42,36,44,34,36,51,36,20,57,38,57,67,53,53,54,37,41,42,32,17,30,23,18,25,19,16,50,44,75,46,68,58,76,47
20141103,9,PM2.5,42.8,60.7,48.2,54.5,33.5,37,41.2,33.1,16.9,68.6,22.4,35.1,77.4,90,107.6,91.2,20.1,23.6,40.9,22.5,11.3,12.5,53.2,14.7,14.4,8.3,6.1,83.5,95,79,52.6,66.9,39.8,96.6,49.7
20141103,9,PM10,138.5,109.9,59.5,92.3,75.1,77.7,101,60.6,42.6,144.6,82.1,126.9,124.6,145.3,171.8,133.4,58,98.7,113.7,72.5,,31.9,76.8,50.4,32,,57.7,106.4,144.7,107.8,115.1,105.1,87.9,201.5,92.8
20141103,9,AQI,44,45,38,47,42,38,52,37,19,60,41,60,69,56,56,56,38,43,46,34,16,31,27,19,26,19,18,52,49,76,50,62,59,75,51
20141103,10,PM2.5,32.5,40.7,22.5,30,24.3,45.2,17.1,51.5,21.6,41,10.7,,48.1,104.2,81.8,72.3,22.1,28.4,37.4,39.4,9,15.1,27.5,19.7,15.8,18.1,8.7,63,70.6,60.7,52.9,51.3,18.2,74,62.9
20141103,10,PM10,44.3,46.1,25.1,50,,68.5,53.4,113.5,56.5,54.9,50.9,,99.4,145,,157.6,22.1,71.6,85.2,93.3,17.3,40.3,42,42.8,34,,22.9,67.2,79.6,74.8,95.1,60.3,,125.6,85.8
20141103,10,AQI,46,46,38,48,37,42,52,41,24,60,43,,71,59,57,59,39,45,49,37,17,32,27,21,26,20,19,53,51,75,52,57,60,77,51
20141103,11,PM2.5,16.7,21.3,21.1,14.6,26,23.9,12.4,29.6,21.6,13.6,4.4,13.3,38.7,47.1,36.9,107.7,32.9,23.3,12.9,25.4,8.6,11.7,22,20.2,19.1,9.1,20.2,38.4,44.5,55.4,32.4,31,27,,26.4
20141103,11,PM10,,44.4,,40,44,27.8,30.3,36,47.1,21,26.1,,49.1,62.7,61,157.2,40.8,52.1,17.9,47.4,31.6,22.1,36.3,41.3,36.8,,33.9,44,55.2,68.2,49.1,51.7,,,45.1
20141103,11,AQI,47,47,39,49,37,40,53,41,22,60,44,63,72,59,58,63,40,46,50,38,17,31,29,22,27,20,20,53,51,74,52,54,61,,51
20141103,12,PM2.5,6.7,17.5,12.2,17.5,14.6,17.8,11.9,11.3,7.3,10.2,15.7,14,23.2,34.1,41.9,44.6,21.1,21.4,11.5,20.9,14.4,20.9,26,17,20.5,,25.5,24,15.6,18.4,31.4,20,17.3,,19.6
20141103,12,PM10,22.2,39.9,,48,20.7,31.7,17.8,,23.8,24.7,26.3,19.4,48.2,38.7,49.2,,55.1,39.7,15.9,36.8,23.2,29.7,36.3,26.8,35.3,,31.4,,20.5,22.6,34.7,28,,,22
20141103,12,AQI,47,48,39,50,37,40,53,41,24,61,45,63,72,60,60,63,42,46,50,39,18,31,29,22,27,20,21,53,52,73,53,55,61,62,51
20141103,13,PM2.5,9.1,15.1,16.2,13.1,12.2,23.6,15.8,8.5,17.5,26.3,9.9,17,15.8,11,35.4,16.3,20.9,13.7,13,12.1,13.3,15.4,19.5,9.5,19.8,,8.7,21.1,12.6,13,17.8,16.5,32,15.1,26.7
20141103,13,PM10,22.8,18.3,24.5,39.2,19.2,40.2,22.4,,26.6,,37.6,26.2,28,27.4,35.9,,29.8,27.1,23.2,24.4,31.8,25.5,37.1,17,30.2,111,9.9,,16.6,,26.6,17.5,,,31.7
20141103,13,AQI,48,48,40,51,38,40,53,41,29,62,44,62,71,60,61,65,43,44,50,40,20,31,31,23,28,22,21,53,52,75,53,54,62,63,51
20141103,14,PM2.5,8,14.7,16.9,5.5,21.2,24.6,11.4,12.2,19,19.4,17.9,14.7,7.4,6.9,19.3,14.9,14.5,11.7,18,19.5,21.4,17.5,13.2,10.4,9.8,5,22.6,13.8,14.6,16.2,10.6,14,27.6,16.9,23.3
20141103,14,PM10,13.6,,,23.8,21.2,,21.1,16.5,30.9,,24.4,27.7,26.7,8.5,,,25.7,21.1,23.5,38,29.9,24.2,24.5,16.2,18.9,79.1,40.6,,21.2,,18.4,,,36.1,
20141103,14,AQI,48,48,41,51,37,40,53,41,32,63,45,61,72,60,62,66,42,42,51,40,21,32,29,25,29,25,23,54,52,75,53,55,63,64,51
20141103,15,PM2.5,4.6,11.8,12.2,7.3,12.1,17.5,10.9,14.3,14.9,6.3,10.1,11.4,20.8,12.8,7.6,14.7,11,10,13.5,27.4,12.4,19.6,17.1,14.6,8.2,16.3,25.3,13.2,18.9,20.7,14,,19.5,15.6,19.5
20141103,15,PM10,14.7,23.1,21.2,30,19.6,25.6,38.3,23.3,32.9,15.9,27.6,34.6,31.4,25,26.6,,30.2,24.6,38,43.1,23.2,33.3,26.5,16.2,22.9,65.3,31.4,16.2,25.4,35.6,28.7,36.5,27.6,42,20.3
20141103,15,AQI,49,48,41,51,37,40,53,41,30,63,45,61,72,60,62,67,41,41,51,41,23,33,29,25,29,29,24,53,52,73,53,55,63,64,51
20141103,16,PM2.5,3,12,13.3,11,13.4,13.2,15,16.2,13.6,6.5,12.1,13.5,13.9,14.4,18.5,20.4,18.5,19.3,12.6,18.9,18.3,19.3,19.6,13.6,20.4,23.1,35.2,14.9,17.4,25.4,18.9,,11.5,17.7,13.1
20141103,16,PM10,16.9,25.9,24.8,39.3,25.8,22.4,32.1,38.3,38.7,26.3,34.4,29.5,49.7,27.7,35.5,45.5,35.2,41.8,41.8,40.5,31.2,31.7,24.7,19,28.3,58.4,66.5,24.8,44.9,55.9,37.6,27.7,32.1,,
20141103,16,AQI,48,48,40,51,36,39,53,41,28,63,46,61,72,61,62,67,41,41,51,42,25,33,30,26,30,33,30,53,53,74,53,55,63,65,52
20141103,17,PM2.5,9,10.1,20,13.7,12.3,14.5,12.2,18.7,14.9,16.5,19,13.7,28.7,18.9,15.2,17.4,12.3,15.7,16.9,24.4,19,,16.9,10.7,25.2,15.1,16,10.4,25.7,23.4,20.9,12.3,24.2,18,12.4
20141103,17,PM10,45,37.4,38.1,56.3,42,39,42.6,41.4,38.1,43.2,59.6,61.9,72.6,47.7,50.6,22,44.7,46.4,43.9,45.9,40,,27.3,45.8,35.5,54.6,,34.6,61.2,60.2,45.8,43.2,39.1,,46.8
20141103,17,AQI,48,48,41,51,37,39,53,42,26,63,48,62,73,61,62,66,42,41,52,42,27,,31,25,31,34,33,53,54,75,54,55,63,66,52
20141103,18,PM2.5,,,,,,,,18.8,,,,,,,,,17.2,19.5,,38.5,19.6,,28.4,14.8,27.6,17.2,16.3,18.3,,,,,,,
20141103,18,PM10,,,,,,,,115.8,,,,,,,,,74.4,57.3,,65.8,47.9,,39.7,49.1,42.4,58.9,27.8,45.1,,,,,,,
20141103,18,AQI,,,,,,,,47,,,,,,,,,42,41,,43,24,,31,25,33,36,28,53,,,,,,,
20141103,19,PM2.5,,,,,,,,23.3,,,,,,,,,22.6,38.1,,59.6,19.5,,42,22.9,24.5,18.6,,28.2,,,,,,,
20141103,19,PM10,,,,,,,,108,,,,,,,,,70.4,89.1,,103.5,70.2,,68.7,53.3,32.5,54.9,,94.2,,,,,,,
20141103,19,AQI,,,,,,,,51,,,,,,,,,43,43,,46,26,,34,27,32,39,,54,,,,,,,
20141103,20,PM2.5,37.5,27.8,,50.2,40.8,41.1,40.4,25.8,24.9,66.8,,,81.6,45.8,71.7,,33.8,36.2,46.8,64.7,28,,46.1,31.1,21.8,24.2,23.9,53,34.4,,54.8,58.5,51.2,59.7,41.9
20141103,20,PM10,101.7,68.6,,105.4,87.2,92.3,99.9,85.7,58.6,131,,,144.1,77.2,116.1,,85.6,83.8,120.1,100.3,90,,68.8,53.7,33.9,59.7,55,91.6,69.8,,107.1,101.2,103.6,113.7,63.7
20141103,20,AQI,53,49,,55,50,49,56,52,31,67,,,75,66,68,,43,45,56,50,43,,36,29,32,41,30,54,55,,58,61,67,71,54
20141103,21,PM2.5,39.5,39.5,41.3,,45,43.7,51.5,48,29.9,74.3,71,63.7,73.6,52.3,68.4,77.3,46.1,26.2,52.5,58.4,41.1,75.6,56.9,32.4,21.3,31.9,28.6,55.4,38.1,82,53.1,50.2,50.8,,43.6
20141103,21,PM10,99.2,64,80,,87.6,90.3,109.8,,51.9,124.6,118.8,116.2,125.1,85,113.4,145.4,101.3,56,120.9,78.9,82.8,135.3,74,58,29.7,63,60.1,93.5,78.5,139.8,95.4,89.1,93.6,,70.9
20141103,21,AQI,54,50,50,,48,49,57,52,33,69,55,65,75,67,71,76,44,46,56,51,36,45,38,30,32,45,32,55,56,78,59,62,68,,55
20141103,22,PM2.5,39.1,43.1,40.9,,46.1,46.1,,54.5,28.3,65.7,73,66.9,73.9,58.1,69.5,72.6,46.7,,45.3,43.1,35.2,66.1,85.2,21.1,20.2,21.5,29.9,66.1,58.3,87,57.6,54.9,52.3,59.5,47.2
20141103,22,PM10,96.9,65,81.3,,80.4,91.4,,81.1,47.4,108.3,125.2,128.8,126.4,93.5,118,124.1,126.1,,88.3,60.6,59.6,85.5,89.1,40.2,27.2,61.3,62.2,104.1,98.9,156.3,101.4,92.3,89.6,107.5,74.3
20141103,22,AQI,56,51,52,,50,51,,53,34,70,57,65,74,69,74,76,49,,56,52,35,45,41,31,33,45,33,57,58,79,61,62,70,74,56
20141103,23,PM2.5,45.8,45,52.3,,46.6,53.2,,46.8,33.6,66.7,70.5,64.9,72.7,,69.8,65.2,55.7,27,,35.8,27.7,,81.4,23.8,21.1,24.3,41.4,58.4,,92,65.8,64.9,59,69.8,56.3
20141103,23,PM10,107.3,81.8,93.2,,79.4,104,,72.8,53.3,107.9,115.6,117.3,134.3,,114.8,107.2,118.4,46.1,,49.3,39.1,,85.9,38.5,26.2,46.9,85.5,97.5,,154.5,109.3,113.7,102.7,118.7,87.6
20141103,23,AQI,58,52,53,,51,53,,54,36,71,58,65,74,,77,78,52,46,,52,36,,44,33,33,46,36,58,,80,62,63,71,75,56
