date,hour,type,dongsi,tiantan,guanyuan,wanshouxigong,aotizhongxing,nongzhanguan,wanliu,beibuxingqu,zhiwuyuan,fentaihuayuan,yungang,gucheng,fangshan,daxing,yizhuang,tongzhou,shunyi,changping,mengtougou,pinggu,huairou,miyun,yanqing,dingling,badaling,miyunshuiku,donggaocun,yongledian,yufa,liulihe,qianmeng,yongdingmengxi,xizhimengbei,nansanhuan,dongsihuan
20141009,0,SO2,10.4,2,6.3,2,7.8,4,10.6,5.2,3,2,6.7,3.2,4.7,6.8,6.6,19.5,2,3.8,2,4.9,2,7.8,2.2,2.8,,2.9,25.5,19,2,12.4,2,11.3,11.6,9.6,8.4
20141009,0,NO2,146.7,69.9,142.6,141.9,160.6,141.8,120.6,71.3,61.9,149.8,95.6,95.7,124.1,143.4,143,134.1,62.9,80.1,66.3,27.9,22.4,77.2,51.7,23.7,,14.2,51.8,63.5,35.8,38.3,141.9,152.9,137.4,126.7,107.7
20141009,0,O3,6.4,3.3,2,2,2,2,2,2,25.4,2,13.4,2,2,2,2,2,34.3,18.1,5.1,90.3,78.9,2,71.7,50.8,,55.6,94.8,5.7,2,2,2,2,2,2,2
20141009,0,CO,3.5,2.9,3,3.1,2.6,3.3,2.6,1.9,2.1,2.9,2.3,2.6,2.8,4.1,3.5,3.2,2.1,2,1.9,1.6,1.7,2.4,2.2,1.7,,2,1.5,2,1.5,1.6,3.2,3.2,2.7,3.3,3.6
20141009,1,SO2,9.9,2,5.3,2,6.4,4,12.5,4.6,2,3,7.1,2.6,3.8,8,7,27.1,2,4.6,2,4.7,2,3.5,2,2.1,,3.4,18.6,18.8,2,12.4,2,11.4,11,,8.3
20141009,1,NO2,140.7,83.7,128.2,131.3,130.6,134.4,112.8,61.1,48.4,136.7,87,82.9,102.3,128.4,142.5,131.4,45.7,87.2,60.4,27.1,22.6,60.2,42.7,22.7,,15.3,49.8,56.7,22.5,49.7,141.3,153.2,123.2,,102.9
20141009,1,O3,5.5,3.5,2,2,2,2,2,2,22.6,2,15.3,2,2,2,2,2,19.3,2,5.3,81.2,69.4,2,64.4,39.5,,51.4,79.4,5.4,2,2,2,2,2,,2
20141009,1,CO,3.4,2.8,2.7,2.8,2.1,3.1,2.5,1.9,2,2.8,2.2,2.7,2.2,4.4,3.5,3.3,1.9,2,1.9,1.6,1.8,2.4,2.1,1.7,,1.9,1.4,2,1.8,1.8,3,3.3,2.7,,3.1
20141009,2,SO2,8,2,4.7,2,4.9,3.4,,5.1,2.5,2,7,2,3.7,8.2,7.3,26.8,6.2,2,2,4.8,2,2.5,2,2.4,,2.1,16.9,17.2,2,10.9,2,12.5,9.4,10.5,11
20141009,2,NO2,123,67.8,113.1,104.6,111.5,127.4,103.6,51.7,44.6,118.3,81.4,72.1,89.7,123.3,136.3,121.8,35,78.9,49.2,24.7,19.5,49.7,49.8,22.9,,12.6,50.2,50.2,12.6,34.2,128.7,154.7,110.9,124.5,55.1
20141009,2,O3,2.6,3.5,2,2,2,2,2,2,23.9,2,13.4,2,2,2,2,2,8.7,2,11.7,74.4,62.7,2,48.2,36.1,,40.6,73.2,5,2,2,2,2,2,2,2
20141009,2,CO,2.9,2.7,2.6,2.4,2,3.1,2.4,1.8,2,2.7,2.2,2.4,1.9,4.2,3.5,3.2,1.4,2,1.9,1.5,1.7,2.3,2.1,1.7,,1.7,1.4,2,1.7,1.7,3,3.5,3,3,2.4
20141009,3,SO2,6.9,2.1,5.1,2,5.3,3,12.1,4.6,2,2,5.3,2,2.1,7.2,6.2,24,2,2,2,4.5,2,2.5,2,2,,2,15.8,17,2,10.9,2,15.6,8.5,9.9,4.2
20141009,3,NO2,115.9,54.5,108.7,104.2,108.8,124.4,96.5,43.5,37.7,107.7,87.6,68,82.3,107.2,129.2,110,37.2,47.8,44.6,23.7,18.8,48.8,34.8,22.1,,11,46.5,48.3,15.2,34.9,114.6,152.6,107.2,115.3,102.7
20141009,3,O3,4.4,4,2,2,2,2,2,2,25.6,2,2,2,2,2,2,2,3.5,22.1,12.2,67.1,51.5,2,43.6,32.2,,35.9,75.6,5.2,2,2,2,2,2,2,2
20141009,3,CO,2.1,2.6,2.6,2.6,2,3.2,2.3,1.8,1.9,2.7,2.2,2.3,2,3.7,3.2,3.3,,1.8,1.8,1.5,1.7,2.2,2,1.6,,1.7,1.3,1.8,1.5,1.5,2.7,3.4,2.7,2.9,2.9
20141009,4,SO2,6.2,2,4.6,2,4.2,2.8,11.6,4.5,2,2.5,4.3,2.1,2.9,7,7.4,19.8,2,2,2,3.8,2,2.1,2,2,,2.5,13,16.8,2,12.3,2,7.1,7.3,8.7,4.9
20141009,4,NO2,104,49.2,111.6,111.5,105.8,104.3,94.6,39.4,39.2,96.2,74,65.3,76.9,98.4,127.3,115.4,54.8,41.8,39.5,22.1,17.7,47.4,65.4,21.8,,11.7,45.4,44.8,14.3,24.2,103.4,124.1,107.8,107.4,99.8
20141009,4,O3,4.9,2,2,2,2,2,,,17.2,2,2.3,2.6,2,2,2,2,2,14.8,17,60.6,50.1,2,9.2,31.3,,40.8,67,,2,,3.1,2,2,2,2
20141009,4,CO,2,2.5,2.6,2.7,1.9,2.6,2.4,1.8,2,2.5,2.1,2.2,1.9,3.5,3.1,3.1,1.2,1.9,1.8,1.4,1.6,2.1,2.1,1.6,,1.7,1.4,1.9,1.6,1.5,2.4,2.7,2.5,2.7,2.7
20141009,6,SO2,,2,4,,,2.9,7.3,4.3,2,2,2.7,,,6,5.9,,,,2,,,,,,12.3,2,,,2,11.7,2,,,,
20141009,6,NO2,,,,,,,,,,,55.4,,,,,,,,,,,,,,,,,,,,,100.9,,,
20141009,6,O3,,,,,,,,,4.8,,2,4.3,,,,2,,,,,38,,,21.9,,,,3.1,2,,,,,2,
20141009,6,CO,,,,,,,,,2,,2.1,,,,,,,,,,,,,,,,,,,,,2.3,,,
20141009,7,SO2,4.2,2,4.4,2,4.1,2.6,8.7,4.1,2,2,2.3,2.1,2.1,5.5,4.8,16.5,2,2,2,2,2,2,2,2,10.3,2,4,18.4,2,12.3,2,11.6,8.5,12.9,2.8
20141009,7,NO2,96.2,51.6,97.9,86.7,99.4,92.8,84.3,36.3,57.4,80.7,47.5,75.5,66.4,80.7,99.7,96.4,61.2,49.1,43.6,58,23.2,46.6,57,16.7,64.1,7.9,39,50.4,59.1,49.1,92.4,110.9,92.7,90.3,91.1
20141009,7,O3,3.9,2,2,2,2,2,2,2,2,2,6.1,2,2,2,2,2,2,9.5,17.6,3.5,27.5,2,6.1,18.9,5.5,39,47.5,2.4,2,2,2,2,2,2,2
20141009,7,CO,2.5,2,2.5,2.3,1.9,2.5,2.1,1.8,2.1,2.7,1.9,2.7,2.3,3.1,2.7,3.1,2,1.9,1.7,1.6,1.7,1.9,2.2,1.6,,1.6,1.2,2,2.2,1.6,2.3,2.5,2.4,2.5,2.8
20141009,8,SO2,3.9,2,5.4,2,5.5,2.6,9.3,5,2,2,2.8,2.7,2.3,6.9,5.5,19.4,2,2.5,2,2,2,2.5,2,2,11.4,2,3.1,18.2,2,11.5,2,9.3,9.3,16.1,3.6
20141009,8,NO2,94.5,73.9,98.1,98.9,91.2,94.2,88,40.2,47.4,81.3,46.7,82.7,65.3,79.3,108.3,97.9,62.5,56.9,51.9,64.7,30.3,48.9,79.4,20,67.3,6.2,39.6,52.1,43.6,48,93.1,108.3,90.4,89.1,93.6
20141009,8,O3,4.9,2,2,2,2,2,2,2,5.6,2,11,2.8,2,2,2,2,2,2.1,10.6,2,20.2,2,2,19.7,10.4,34.8,27.1,4.3,2,2,2,2,2,2,2
20141009,8,CO,2.7,2.2,2.5,2.4,2,2.4,2.3,1.9,2.1,2.5,1.9,3.1,2.2,3.4,3,3,2,2.6,1.7,1.7,1.7,1.9,2.2,1.6,,1.6,1.2,2.1,1.9,1.5,2.4,2.5,2.2,2.9,2.9
20141009,9,SO2,7.6,4.4,7.7,2.3,6.5,4.8,9.2,4.6,2,2.8,4.9,3.1,4.1,6.9,6.9,19.9,2,2.4,2.8,3.3,2,3.9,2,2.6,13.2,2,5.7,18.3,2,10.7,2,10.5,13.5,15.9,2.2
20141009,9,NO2,98.8,96.3,97.5,105.7,95.5,101.3,98.3,55.6,50,85.4,52.2,88.2,74.5,114.9,105.6,112.8,64.7,65.6,44.8,68.6,35.4,53,70.3,27.3,63.5,5.6,46.2,57.3,48.8,53.6,97.3,112.4,87.1,95.6,105
20141009,9,O3,5.9,2.6,2,2.4,2,2,2,2,10.1,2,12.6,2.8,2,2,2,2,6.3,4.4,20.1,5,17.6,2.4,6.2,21.6,24.2,34.1,14.8,3.6,2,2,2.1,2,4.4,2,2
20141009,9,CO,2.6,2.5,2.4,2.5,2,2.4,2.2,2,2.1,2.3,1.9,2.8,2.2,3.2,3.1,3,2,2.2,1.7,1.9,1.9,2,2.2,1.7,2.3,1.6,1.2,2.2,2,1.6,2.5,2.5,2.1,3,2.9
20141009,10,SO2,10.3,9.9,10,3.4,10.3,9.2,12.3,3.3,4.4,6.7,7.4,6.2,5.9,11,9.3,15.6,4,4.1,4.2,6.9,3.3,5.2,2,4.3,14.9,3.9,19.8,18.4,2,9.4,2,14.5,15.4,14.8,2.1
20141009,10,NO2,100.5,128,100.8,102.2,96,106.1,97.2,70.3,75.1,96.9,64.1,90.6,85.1,118.8,108.4,118.5,58.9,87.4,45.9,56.9,65,50.3,67.1,25.3,62.9,5.9,65.3,74.9,90.4,91.9,101.6,119.6,91.2,98.6,139.2
20141009,10,O3,8.3,3.9,5.8,7.1,3.6,3.5,2,2,10.3,4.2,17,10.1,3,2.6,5.5,2,21.3,7.6,25.9,24.8,10.7,10.1,13.6,47.3,27.2,48.3,37,4.1,2,6.9,4,2,8,2,2
20141009,10,CO,2.5,2.6,2.3,2.4,2,2.2,2.3,2,2.2,2.5,2,2.5,2.2,2.8,2.9,2.7,1.8,2.4,1.7,1.6,1.9,1.9,2.1,1.6,2.3,1.6,1.4,2.2,2.3,1.9,2.4,2.6,2.1,2.8,2.8
20141009,11,SO2,12.7,12.1,13.7,4.8,11.5,12.9,15.5,5.5,9.6,10.5,12.7,7.8,10.4,15.6,12,,7.2,5.3,5.3,9.9,5.7,6.5,2,6.4,15.5,5.8,18.7,27.3,5.7,10.6,2,15.7,19.7,15,4.4
20141009,11,NO2,104.5,134.9,113,107.5,98,110,99,73.6,76.6,93.2,78.8,98.8,101.6,125.5,114,,49.4,109.9,50.8,63.6,44.8,46,59.5,33.5,61.6,6.4,57.6,98.1,123.1,85.6,105.4,126.7,107.1,109,124.9
20141009,11,O3,17.9,7.7,13.7,17.3,13.3,14,7,13.6,31.9,8.7,33.8,16.1,15.1,7.8,10.7,,46.4,6.4,35.2,47.1,43.8,35.4,24.6,58.2,48.5,66.3,50.9,10.1,3.5,18.7,13.4,3.6,10.7,2,4.3
20141009,11,CO,2.4,2.5,2.4,2.3,1.9,2.1,2.1,2,2.1,2.2,2.2,2.3,2.2,2.6,2.8,,1.7,2.5,1.6,1.6,1.8,1.8,2.1,1.8,2.4,1.7,1.3,2.1,2.5,1.9,2.4,2.5,2.2,2.7,2.3
20141009,12,SO2,12.2,14.6,16,6.6,12.7,12.5,16.8,9.5,14.1,12.1,13.3,9,12.2,17.9,14.7,40.1,10.1,7.5,8.8,15.5,9,11,5.1,8.8,15.2,10.5,6.7,29.1,10.3,14,2,17.4,24,15.9,4.3
20141009,12,NO2,93.9,135.5,102.8,99.2,99.6,94.7,90.3,71,45.8,90.4,90.1,100.8,115.2,138.4,124.9,136.3,45.1,96.7,59.7,68.6,43.5,34.2,53.9,46.7,53.9,7.1,76.9,106.8,123.1,75.2,92,123.1,99.5,114.7,113.5
20141009,12,O3,39.6,22.8,43.3,46.9,27.4,37.6,32,40.6,106.8,18.1,47.9,35.2,23,17.9,21.1,14.7,58.7,34.1,56.9,74.8,59.4,78,52.2,75.9,82.9,96.5,37.5,21.5,28.3,48.9,41.5,20,37.1,4.8,17.2
20141009,12,CO,2.3,2.3,2.2,2.2,1.9,2,1.9,2,1.9,2.1,2.2,2.2,2.3,2.6,2.6,3,1.7,2.1,1.8,1.6,1.8,1.7,2.1,1.8,2.3,1.7,1.4,1.9,2.4,1.9,2.2,2.3,2.1,2.5,2.1
20141009,13,SO2,12.8,13.8,17,8.4,13.3,14.7,16.8,11.8,15.6,11.4,13.1,10.5,11.7,21,17.5,23.2,16.1,10.3,9.1,17.5,11.2,16.7,6.4,10.1,14,14.4,14.8,28,13.4,17.8,2,21,25.3,17,10
20141009,13,NO2,86.4,125.1,91,84.9,79.7,74.7,90.2,69.3,41.7,87.4,68.5,89.3,103.7,149.9,127.7,140.9,41.5,42.7,95.1,45.6,31.5,28.3,35.1,61.8,60,6.9,63.5,95.6,92.1,81.4,93.8,123.8,103.5,123,103.2
20141009,13,O3,63.7,49.7,70.3,90.6,63.4,77.2,49.3,65.9,137.7,28.8,92.3,72.9,45.7,32.7,41.9,32.3,94,85.9,53.1,114.5,93,115.9,119.6,87.9,94.5,126.2,67.3,40.7,95.8,75.9,56.7,42.4,53.7,14,43.7
20141009,13,CO,2.2,2.2,2.1,2.2,1.8,1.9,1.9,2,1.8,2,2,2.1,2.2,2.7,2.5,2.2,1.6,,2.1,1.5,1.7,1.7,2,1.9,2.3,1.7,1.4,1.7,2.2,1.9,2.2,2.3,2,2.4,1.9
20141009,14,SO2,14.6,15.5,16.9,9.1,14,16.7,19,15.1,17.4,13.8,14.4,12.1,11.5,22.6,18.6,21.3,16,13.1,8.6,16.3,13.5,18.3,5.7,13.1,14.2,15.9,20.7,27.8,14.4,20.1,,20.8,25.2,18.4,13.6
20141009,14,NO2,84.4,117.1,92.8,94.5,72,78.6,83.9,69.3,44.7,82,57.8,73.2,95.6,132.1,110.1,141,48.5,36.9,87.4,41.5,27.8,24.5,34.5,38.9,90.7,6.7,55.4,75.8,52.9,82.7,115.7,128,98.9,144.5,107.9
20141009,14,O3,83.8,86,96.7,100.4,91,102.2,76.8,87.5,153.5,47.2,123.9,111.2,68.7,70.7,82.8,61.7,109.2,119.9,81,128.2,116.2,139.9,146.2,135.6,83.8,149.6,122.7,67,153.5,98.5,51.9,63.8,71.4,9.1,59.2
20141009,14,CO,2.2,2.2,2.2,2.3,1.7,1.9,1.9,1.9,1.8,2,1.9,2,2.2,2.5,2.4,1.7,1.7,1.6,2,1.4,1.7,1.6,2,1.8,2.3,1.6,1.5,1.5,1.8,1.9,2.2,2.4,2,2.8,1.9
20141009,15,SO2,16.1,15.8,15.5,9.6,12.3,15.8,17.1,15.4,16.1,13.8,15.6,12.4,11.9,20.8,16.9,30.5,13.3,11.9,10.5,15.3,12.3,16.7,5,14.6,13.6,18.7,20,27.8,12.8,19.8,,20.8,23.5,19.6,13.7
20141009,15,NO2,95.8,140.2,94.5,112.9,84.8,99.5,94.1,67.3,67.6,76.8,74.8,75.8,89.8,119.3,108.6,106,53.7,35.6,70.6,37.4,30.2,32.1,35.7,32.3,64.4,6.7,46.8,64.3,40.1,94,138.3,154.1,88.5,156.4,114.2
20141009,15,O3,96.7,83.5,113.5,107.5,90.8,98.6,83.7,101.4,124,64.7,130.6,137,92.5,95.7,101.6,105.4,119.2,139.8,123,153.3,124.4,143.6,157.6,145.1,135.1,179.5,177,79.6,171.3,112.3,61.3,59.3,101.5,12.6,71.3
20141009,15,CO,2.3,2.3,2.3,2.4,1.8,2.1,2,1.9,1.9,2,2.1,2.2,2.2,2.3,2.4,1.7,1.7,1.6,1.9,1.4,1.7,1.7,2,1.8,2.4,1.5,1.2,1.4,1.5,1.9,2.4,2.5,2,2.8,2
20141009,16,SO2,,,,,,,,,,,,,,,,,,,,,,,,,,,,,,,,,,,
20141009,16,NO2,,,,,,,,,,,,,,,,,,,,,,,,,,,,,,,,,,,
20141009,16,O3,,,,,,,,,,,,,,,,,,,,,,,,,,,,,,,,,,,
20141009,16,CO,,,,,,,,,,,,,,,,,,,,,,,,,,,,,,,,2.4,,,
20141009,17,SO2,13.7,13.6,10.8,4,9.2,11,12.3,8.2,12.2,7.3,14,10.4,8.8,13.3,13.2,17.1,11.7,7.5,7.3,13.5,9.7,12,7.9,11,14.4,13.1,17.2,23.6,5.5,11.1,4.7,16.8,19.9,19,9.6
20141009,17,NO2,132,135.6,129.3,128.1,127.8,104.5,109.4,69.8,60.5,101.4,96.1,95.3,125.4,131.4,82,90,68,60,103.4,45.5,36.6,37.2,51.7,39.3,129.2,7.9,46.7,61.6,36.8,65.6,169.5,173.3,113.1,171.9,185.5
20141009,17,O3,85,86.1,89.6,77.8,75.2,99.7,72.3,69.3,137,43.1,118.7,131.4,70.7,99.9,129,108.3,107.8,119.8,111.1,149.4,130.9,133.1,148.1,140.7,62.3,162.5,173.1,72.8,116.2,122.6,50.6,41.9,98.4,2,18.6
20141009,17,CO,2.3,2.1,2.5,2.4,1.8,2.1,2.1,1.9,2,2.2,2.2,2.3,2.3,2.3,2,1.3,1.7,1.6,2.1,1.4,1.7,1.7,2,1.8,2.5,1.6,1,1.3,1.4,1.7,2.4,2.4,2.2,2.8,2.5
20141009,18,SO2,10.4,6.2,5.5,2,6,7.2,8.8,4.8,6.1,5.2,11.4,7.1,6.6,8.2,7.8,10.7,5.6,3.8,3.9,10.1,4.4,8.7,6,5.6,13.7,13.1,13.6,20,2.2,3.5,2,12.4,14.8,17.3,4.3
20141009,18,NO2,171.3,133,154.9,131.6,142,122.9,158.2,67.7,59.2,138.6,107.7,133.6,149.6,122.1,129.2,155.5,77,60.5,129.7,82.1,59.2,60.6,60.6,36.6,106.6,10.8,47.4,79.9,54.5,61.6,176.2,197.3,141.1,175.6,127.5
20141009,18,O3,37.3,30,26.4,50.3,48.3,74.3,12.4,39.6,106.1,23.9,100.3,73.6,36.4,86.8,67.6,18.9,74.6,98.9,60.3,103.1,87.3,99.3,122.2,92.7,79.3,158.7,156,31.9,65.2,61.4,33.3,2.9,41.5,2,18.4
20141009,18,CO,2.7,2.1,2.8,2.5,2.1,2.1,2.3,1.9,1.9,2.2,2.3,2.6,2.5,2.2,2.1,1.6,1.8,1.7,2.2,1.7,2,1.8,2.1,1.8,2.4,1.6,1.1,1.4,1.4,1.6,2.5,2.8,2.9,3,2
20141009,19,SO2,8.5,2.6,4.9,2,5,4.8,8.5,3.7,4.1,3,11.6,4.9,5.9,5.9,5.1,14.6,3.2,2.2,2,6.5,2,4.9,3.4,2.9,11.2,7.8,12.4,17.5,2,2.6,2,18.6,14.8,17,2.4
20141009,19,NO2,205.4,118.5,187.3,146,179.2,156.5,170.3,66.6,57.6,155,93.2,165.4,180,192.3,166.2,158,148.1,86,125.9,109.6,57,138.7,59.3,36.1,159.6,12.5,49.5,107.1,30.8,93.7,186.6,217.5,194.1,172,143.8
20141009,19,O3,7.6,6.9,4.2,22.3,6.1,34,2,14.6,102.5,9.6,105,27.1,,12.1,16.5,2,8.4,59.5,26.6,54.9,66.5,5.8,110.1,69.3,8.7,133.9,148.3,4.1,47.2,19.2,10.7,2,3.2,2,2
20141009,19,CO,3.1,2.2,3.5,2.7,2.2,2.3,2.5,1.9,2,2.3,2.3,3.4,3,2.7,2.6,1.9,2.2,2,2.2,1.9,2.2,2.6,2.2,1.7,2.4,1.6,1.1,1.3,1.4,1.8,2.8,3.6,4,3,2.4
20141009,20,SO2,8,2,5.9,2,,3.7,9.4,3.5,4.3,2.7,11.1,4.7,5.5,6.5,5.1,10.7,2.1,2,2,5.2,2,4.1,2,2.1,9.5,6.8,9.2,15.4,2,4.4,2,27.8,12.5,19.7,3.1
20141009,20,NO2,209.2,86.3,198.7,169.2,,189.2,166.4,71,56.4,159,96.5,175.4,167.8,206.1,168.1,161,141.8,44,118.6,94.1,38.2,128,76.5,33.5,141.1,12.3,46.4,108.8,17.9,124.9,189.8,237.5,191.6,170,142.4
20141009,20,O3,7.1,2.6,2,2.8,,2,2,2,95.3,6.4,75.7,9.7,,2.5,13.1,2,2,75.1,11.7,42.4,74.9,2,90.5,54,2,123,142.6,4.6,23.5,5.2,2,2,2,2,2
20141009,20,CO,3.6,2.3,3.7,3,,2.7,2.9,1.9,2,,2.3,4.2,3.1,3.9,3.7,2.8,2.3,1.7,2.2,1.9,1.9,3,2.3,1.7,2.4,1.7,1,1.4,1.7,2,3.2,4.3,3.5,3.3,3
20141009,21,SO2,7.6,2.4,5.6,2,,3.3,10.2,3.9,3.5,2.5,7,4,5.4,7.2,6.5,22.4,2,2,2,2.7,2,4.2,2,2.5,9.4,3.8,6.9,14.4,2,4.1,2,24.6,10.5,18.2,4
20141009,21,NO2,166.7,119.1,191,173,,194.5,156.2,67.8,53,146,94.9,152.7,155.8,186.8,196.2,170.5,117.7,34,93,40.1,28.4,95.4,53.2,22.8,122.2,10.5,43.9,98.9,29.4,112.2,185,218.4,179.1,166.4,140.2
20141009,21,O3,10.7,3.1,2,2,,2,2,2,76.1,6.5,48.6,5.4,,2,11.2,2,2,77.1,17.4,70.1,83.1,2,113.9,66.5,20.5,95.9,136.4,5,4.6,2,2,2,2,2,2
20141009,21,CO,3.1,3,3.7,3.5,,3.1,2.8,1.9,1.9,,2.3,3.8,3.1,4.2,3.9,2.5,2.2,1.6,2,1.6,1.8,2.6,2.2,1.7,2.3,1.7,0.9,1.6,1.8,2,3.5,4.3,3.8,3.5,3.5
20141009,22,SO2,5.8,2.1,4.8,2,,3.2,8.7,4.2,2.9,2.4,6,2.8,5.7,6.1,9.1,20.9,2,2,2,2.1,2,5.7,2,2,10.3,2.2,8.3,15.1,2,2.5,2,14.4,9.2,18.5,2.3
20141009,22,NO2,178.8,111,170.6,146.8,,194,141.4,60.8,47,125.3,80,132.2,129.8,191.1,186.3,164.3,109.6,64.1,70.7,31.3,24,87.7,64.2,18.3,99.7,9.7,42.5,98.3,38.9,107.9,167.5,197,162.3,157,157.4
20141009,22,O3,6.6,2.6,2,2.6,,2,2,2,68.5,6.3,52.1,6.3,,2,8.9,2,8.8,41.6,28,73.7,86.1,3.5,63.8,57.8,56.8,84.1,146.1,5.2,2,9.1,2,2,2,2,2
20141009,22,CO,4.1,3.1,3.3,2.9,,3.6,2.6,1.9,1.8,,2.2,3.7,2.8,4.1,3.6,2.4,2.1,1.7,1.9,1.4,1.7,2,2.4,1.7,2.3,1.6,0.9,1.6,1.6,2,3.4,3.9,2.9,3.6,3.7
20141009,23,SO2,4.9,2,4,2,,2.7,7.6,3.1,2,2,5.4,2,5.6,7,8.4,17,2,2,2,2,2,3.1,2,2,10,2.7,9,15.3,2,2.8,2,16.1,8.5,16.2,4.6
20141009,23,NO2,160.3,75.7,150.3,137.2,,158,125.5,62.6,40.8,105.7,70.3,113.7,121.8,207.6,177.1,137.7,74,36.8,70.7,27.3,29.3,61.5,61,19.5,105.9,8.3,40.4,90,35.7,98.5,152.3,175.3,146.9,141.1,149.2
20141009,23,O3,4.5,2.2,2,2,,2,2,2,53.7,5.7,48.9,2,,2,4.3,2,35.1,60.8,25.4,77.6,68.4,13.4,62.9,55.5,52.1,90.6,147.5,5.6,2,2,2,2,2,2,2
20141009,23,CO,3.4,2.8,2.9,2.8,,3.3,2.3,2,1.8,,2.2,2.9,2.8,4.3,3.5,2.1,1.9,1.6,2,1.3,1.8,1.8,2.3,1.8,2.4,1.5,0.9,1.6,1.5,1.9,3,4,2.9,3.3,3.9
20141009,0,PM2.5,335.4,280.4,370,313.4,364.6,361.7,323.1,,418,348.8,335.2,311.9,315.1,445.8,439.8,,327.5,312,284,252.1,272.1,357.1,362.5,316.9,,370.9,210.4,314.9,315.7,324.6,411.4,397.6,357.7,382.4,358.1
20141009,0,PM10,391.6,,,,,,,,,,,329.7,339.5,,,,,,,,,,,,,,,,,375.4,,,,,
20141009,0,AQI,314,307,350,311,340,340,310,36,341,328,313,295,324,403,402,68,296,304,291,290,263,300,297,297,,293,275,350,362,348,375,363,339,354,336
20141009,1,PM2.5,323.7,280.4,355.2,295.6,342.9,350.9,315.1,,406,341.5,340.2,299,320.5,431.9,431.9,,318.9,323.1,281.9,244.7,282.8,347.5,355.9,330.7,,356.7,200.2,308.3,320.5,322,400.4,378,348.9,,349.8
20141009,1,PM10,357.3,,,,,,,,,,,302.3,365.2,,,,,,,,,,,,,,,,,380,,,,,
20141009,1,AQI,316,308,355,312,344,343,315,31,348,330,318,299,327,407,407,66,302,310,295,293,268,307,306,303,,300,276,354,364,352,380,367,344,,338
20141009,2,PM2.5,300.1,269.5,346.4,281.9,332.1,338,307.6,,401.6,337.6,345.1,296.9,327.8,401.2,433,,308.2,332.5,281.3,234.6,281.7,334.5,352.2,352.1,,342.6,202.1,285.2,317.9,310.3,386.4,367.2,347.6,350.1,333
20141009,2,PM10,333.8,,,,,,,,,,,,374.3,,,,,,,,,,,,,,,,,361.8,,,,,
20141009,2,AQI,318,310,359,314,347,345,321,26,354,335,324,301,330,409,410,61,306,315,299,295,274,314,316,310,,307,276,355,365,355,384,372,348,360,341
20141009,3,PM2.5,292.9,240.6,340.7,270.9,323.1,324.8,298.1,,378.7,331.3,334.1,283.9,325.7,364,405.3,,293.5,367.5,283.7,220.7,273.6,320.1,329,369.2,,326,209.5,234.9,310.6,288.2,362.5,347.3,344.1,337.9,319.9
20141009,3,PM10,329.5,,,,,,,,,,,,378,,,,,,,,,,,,,,,,,336.3,,,,,
20141009,3,AQI,320,311,363,316,352,349,326,22,361,340,330,305,334,409,412,55,311,322,303,297,278,320,322,317,,314,277,355,367,357,387,375,353,363,345
20141009,4,PM2.5,290.8,227.9,349.9,270.9,336.8,311.6,292.4,,370.9,329.4,326.5,306,326.1,342,408.4,,282.5,385,285.5,213.8,270.1,303.9,339.8,375.4,,300.7,219.4,196.7,304.2,279.2,370.6,336.6,342.3,336,314.2
20141009,4,PM10,314.3,,,,,,,,,,,,364.6,,,,,,,,,,,,,,,,,318,,,,,
20141009,4,AQI,323,311,368,317,357,352,330,20,366,346,335,309,339,409,414,58,316,330,307,298,283,326,329,324,,319,278,353,368,360,392,378,359,367,348
20141009,6,PM2.5,,,,268.1,336.1,,,,334.2,,315.9,,,,,,258.5,362.8,,191.6,,267.2,314.2,,,,216,160.4,,,,345,342.1,,302.4
20141009,6,PM10,315.1,,,,,,,,,,,,330,,,,,,,,,,,,,,,,,,,,,,
20141009,6,AQI,,,,,,,,,374,,345,,,,,,,,,,,,,,,,,348,368,,,388,,,
20141009,7,PM2.5,280.4,238.7,361.5,273.6,341.9,292.4,314.6,,323.6,309.8,285.6,288.9,310.6,315.1,368.6,,246.5,344.7,295.1,191.2,238.4,254.9,323.4,342,,271.6,211.1,150.9,186.5,272.8,368.1,351.2,355.2,348.5,287.6
20141009,7,PM10,317,,,,,,,,,,,,314,,,,,,,,,,,,,,,,,336.7,,,,,
20141009,7,AQI,336,314,386,326,374,362,344,19,377,359,348,323,353,412,423,49,328,347,320,300,293,339,346,342,33,332,282,345,364,366,406,393,376,382,360
20141009,8,PM2.5,280.2,254.2,368.9,270.7,332.1,280.5,320.4,,334.4,316.8,297.1,305.5,319.8,315.4,373.4,,247.4,353.4,294.4,189.8,235.8,253,323.8,329.1,,222.4,200,145.2,177.1,258.3,367.6,355.3,352.5,346,290.7
20141009,8,PM10,319.2,,,,,,,,,,,,,,,,,,,,,,,,,,,,,359.5,,,,,
20141009,8,AQI,340,317,392,329,378,365,349,21,381,363,352,327,358,414,426,49,331,352,325,299,296,342,352,347,34,334,282,342,358,369,410,398,383,388,364
20141009,9,PM2.5,272.1,275.4,353.4,286.8,335.8,283.6,353.6,,338.6,332.8,317.6,316.4,318.6,335.3,390,,249.9,355.3,291.6,204.8,250.6,262.3,321.4,341.2,,240.4,199.6,185.6,191.4,275.5,365.3,355.9,337.5,345.7,298
20141009,9,PM10,319.5,,,,,,,,,,,,320.1,,,,,,,,,,,,,,,,,417.4,,,,,
20141009,9,AQI,343,321,397,333,383,369,356,28,386,368,356,331,363,417,430,57,334,358,329,299,300,345,356,352,32,336,283,340,354,371,414,403,388,393,368
20141009,10,PM2.5,267.3,303.8,347.3,287.4,335.6,313.8,365.9,,388.6,342.9,333.5,314.9,325.9,,386.1,,269.5,395.5,285.4,215.7,270.8,282.2,328.4,361.7,,252.1,231.3,239.1,282,344.1,354.1,355.8,343.6,336.6,327.3
20141009,10,PM10,312.6,,,,,,,280.6,,,,,353.4,,,,,,,,,,,,,,,,,518.5,,,,,
20141009,10,AQI,346,324,401,336,388,373,362,143,391,373,357,335,367,420,434,60,338,365,332,299,304,349,361,357,32,339,284,338,354,375,417,406,393,397,373
20141009,11,PM2.5,278.8,300.3,354.9,289.4,338.2,317.4,345.9,,399,339.7,341.3,319.8,333,243,385.7,,267.6,401.9,287.6,221.2,268,283.1,334.8,366.2,,280.7,225.7,287.2,380.9,389.7,358.5,369.9,343.7,343.3,322.3
20141009,11,PM10,324.9,,,,,,,298.5,,,,,360.6,,,,,,,,,,,,,,,,,,,,,,
20141009,11,AQI,348,327,404,339,392,376,366,145,397,377,361,340,372,419,436,,342,372,335,298,308,353,365,362,31,342,284,338,356,381,419,409,397,401,376
20141009,12,PM2.5,287.3,305.3,364.8,300.1,345.9,337.1,348.2,,400.2,363.4,373.5,330.9,350.9,430.6,409.6,,264.5,400.2,325.4,238.2,275.3,286.7,356.9,,,287.4,,315,429.8,400.4,372.4,389.9,347.5,357.3,334.4
20141009,12,PM10,316.1,,,,,,,325.6,,,,,384.3,,,354.3,,,,,,,,,,,,,,411,,,,,
20141009,12,AQI,350,328,407,340,396,380,370,147,402,382,367,344,376,423,438,272,344,378,339,298,311,357,368,365,27,346,284,339,358,386,421,411,400,403,379
20141009,13,PM2.5,307,332.5,372.1,304.3,352.2,332.9,358.2,,397.2,362.7,363.4,326.3,362.2,452.5,441.3,,244.8,,361.3,258.5,271.3,274.2,369.7,,,278.4,126.2,305.6,476.1,402.1,385.1,403.3,363.2,367.6,326.4
20141009,13,PM10,361.9,,,,,,,358.1,,,,,378.3,,,370.2,,,,,,,,,,,,,,437,,,,,
20141009,13,AQI,352,331,409,342,400,383,375,148,406,386,371,348,380,427,441,271,344,381,343,298,314,360,373,367,30,350,278,337,361,391,423,414,403,405,382
20141009,14,PM2.5,329,367.5,418.2,319.8,367.5,361.3,375.7,,416.9,376.6,349.9,323.3,368,449.7,462.7,,260.5,129.4,366.8,246.1,264.6,279.4,366.6,178.5,,295.7,272.7,281.2,393.6,406.5,,422.1,400.5,402.6,346.4
20141009,14,PM10,354.5,,,,,,,330.5,,,,,391.1,,,400.6,,,,,,,,,,,,,,467.8,,,,,
20141009,14,AQI,353,335,413,344,403,387,379,149,409,390,374,352,384,431,444,271,344,375,348,297,316,362,377,363,46,353,277,334,361,395,426,418,407,408,385
20141009,15,PM2.5,345.9,381.1,436.6,343,,,402.7,,396.2,398.4,379.3,344.2,380.7,,468.7,,296.4,365.1,354.8,244.4,268.6,276,365.2,341.4,,285.2,243.4,265.5,343.3,430.3,240.2,455.4,429.6,433.6,361
20141009,15,PM10,404.3,,,,,,,329.4,,,,,411,,,390,,,,,,,,,,,,,,487.3,,,,,
20141009,15,AQI,360,342,416,346,404,388,383,151,412,395,379,356,388,433,447,270,344,379,351,294,317,364,382,366,43,356,276,330,358,400,423,421,410,412,387
20141009,16,PM2.5,,,,,,,,,,,,,,,,,,,,,,,,,,,,,,,,455.8,,,
20141009,16,PM10,,,,,,,,,,,,,,,,,,,,,,,,,,,,,,,,,,,
20141009,16,AQI,,,,,,,,,,,,,,,,,,,,,,,,,,,,,,,,424,,,
20141009,17,PM2.5,350.2,342.9,446.2,360.7,178.8,392.7,421.6,,424.3,406.3,395.4,367.7,376.8,306.5,436.5,,295.3,376.4,380,243.8,268.3,297.7,372.9,384.6,,296.4,212.7,268.6,263.5,,444.5,420.1,450.7,413.6,382.8
20141009,17,PM10,387.4,,,,,,,303,,,,,423.6,,,,,,,,,,,,,,,,,,,,,,
20141009,17,AQI,364,345,421,351,399,383,392,152,418,402,387,363,391,429,450,265,342,388,358,290,318,362,390,376,65,360,270,324,351,398,427,425,416,415,388
20141009,18,PM2.5,343.6,329.1,443.9,355.3,446.6,402.4,405.5,,410.2,412.6,398.6,373.8,384.6,487,418.9,,300.4,374.3,394.6,258.8,275.9,308.6,375.5,381.5,,317.9,225.6,263.5,261.5,181.6,443.9,405.4,463.6,434,368
20141009,18,PM10,407.3,,,,,,,271.2,,,,,435.8,,,375.5,,,,,,,,,,,,,,451.1,,,,,
20141009,18,AQI,365,346,422,357,401,385,395,151,420,403,390,366,391,430,450,259,341,390,362,289,318,360,393,381,54,359,268,321,350,389,427,425,418,417,388
20141009,19,PM2.5,347.8,330.2,448.3,351.3,435.7,409.9,402.2,,424.4,406.2,417,387.9,402.6,474.8,411.1,,320.6,388.1,378.5,272.4,290.1,342.6,374.6,373.4,,319.7,228.2,263.5,270.3,380.2,451.1,451.5,476.9,417.3,367.5
20141009,19,PM10,403.5,,,,,,,261.8,,,,,494.6,,,,,,,,,,,,,,,,,468.2,,,,,
20141009,19,AQI,366,346,424,358,403,386,397,150,423,405,395,371,392,430,449,253,340,393,365,288,318,358,396,386,80,358,267,316,350,388,428,426,421,417,389
20141009,20,PM2.5,370,301.8,460.3,355.6,,415.4,406.5,,429.5,419.9,419,427.8,428,496.2,409.9,,334.4,390.3,364.2,276.7,276.5,352.1,416.5,370.8,,333.2,214.9,265.3,301.7,411.2,445.3,457.1,454.7,426.6,365.9
20141009,20,PM10,448.2,,,,,,,259.4,,,,,498.5,,,503.4,,,,,,,,,,,,,,536.6,,,,,
20141009,20,AQI,367,346,426,360,,388,400,150,425,406,399,376,394,431,448,256,340,397,368,288,318,357,400,390,71,357,265,310,351,387,429,428,422,419,389
20141009,21,PM2.5,371.3,309.2,,364.3,,422.3,406.4,,425.2,424.4,429.3,410.7,426.8,491,447.2,,310.8,386.3,352.2,242.4,285,340.7,433.3,366.9,,330.8,204.2,280.9,335.2,404.1,454.5,461.4,449.1,418,377.1
20141009,21,PM10,422,,,,,,,245.2,,,,,485.9,,,412.7,,,,,,,,,,,,,,526.4,,,,,
20141009,21,AQI,368,347,425,361,,390,402,150,427,408,403,380,398,432,448,252,339,402,371,286,318,356,403,394,62,355,264,306,354,387,430,430,423,419,390
20141009,22,PM2.5,367.9,326.8,317.5,345.8,,429.3,400.8,,429.9,416.5,420.5,398.6,434.6,481,495.9,,313.1,404.5,351.3,222.5,296.1,310.5,420.8,362.5,,321.8,197.7,288.3,340.8,385.1,449.4,440.6,451.6,415.8,389.4
20141009,22,PM10,435.9,,,,,,,227.5,,,,,470.6,,,425,,,,,,,,,,,,,,457,,,,,
20141009,22,AQI,368,349,422,362,,392,403,149,429,409,405,384,402,433,449,247,338,405,373,284,320,353,405,398,50,353,263,304,357,387,430,430,424,420,391
20141009,23,PM2.5,357.7,300.9,384.7,329.9,,399.6,394.2,,413,399.2,409.2,374.3,426.5,471.6,498.3,,313.6,404,353.6,220.9,293.6,306.4,418.2,361,,320.7,212.8,282.5,327,360.5,441.4,432.6,451.6,404.1,389.3
20141009,23,PM10,396.2,,,,,,,224.1,,,,,446.2,,,,,,,,,,,,,,,,,429.8,,,,,
20141009,23,AQI,369,348,422,362,,393,405,149,430,410,407,386,405,434,450,242,337,408,376,282,321,351,407,400,53,352,264,302,357,386,431,431,427,420,392
