date,hour,type,dongsi,tiantan,guanyuan,wanshouxigong,aotizhongxing,nongzhanguan,wanliu,beibuxingqu,zhiwuyuan,fentaihuayuan,yungang,gucheng,fangshan,daxing,yizhuang,tongzhou,shunyi,changping,mengtougou,pinggu,huairou,miyun,yanqing,dingling,badaling,miyunshuiku,donggaocun,yongledian,yufa,liulihe,qianmeng,yongdingmengxi,xizhimengbei,nansanhuan,dongsihuan
20140302,0,PM2.5,121,126,123,131,110,112,125,50,74,157,95,122,162,132,116,129,133,36,54,126,91,61,94,29,7,,119,102,127,166,130,131,119,117,103
20140302,0,PM10,140,154,161,214,151,156,171,62,51,257,129,265,205,159,148,167,188,47,87,161,88,69,105,32,18,,122,208,156,247,152,155,121,133,139
20140302,0,AQI,93,89,90,95,103,96,99,117,67,108,25,107,113,99,99,121,109,75,81,96,121,89,124,61,44,78,78,102,84,159,94,92,97,97,107
20140302,1,PM2.5,131,131,130,138,118,129,121,59,63,166,75,93,160,151,128,130,131,52,42,122,98,53,107,26,8,20,111,156,162,150,137,138,120,145,122
20140302,1,PM10,141,152,161,207,182,178,165,67,44,223,105,270,205,179,162,146,157,81,65,142,117,67,93,32,16,22,113,221,186,201,147,162,124,146,218
20140302,1,AQI,92,89,88,93,99,96,97,111,63,107,21,103,112,99,99,115,108,70,75,97,118,86,122,55,38,73,80,103,89,157,94,92,93,96,105
20140302,2,PM2.5,134,138,132,146,136,136,128,82,65,164,86,85,178,162,135,107,119,121,49,117,104,39,81,34,6,17,108,105,167,141,139,138,123,149,131
20140302,2,PM10,204,183,169,232,210,195,194,123,43,221,122,223,232,191,168,122,135,179,77,127,124,45,83,43,12,27,112,100,189,177,190,208,132,194,210
20140302,2,AQI,91,88,86,92,96,93,95,106,59,106,24,99,113,100,100,108,107,68,70,97,116,81,115,49,33,68,82,102,94,154,93,91,92,95,101
20140302,3,PM2.5,122,118,132,128,127,113,132,122,72,163,74,103,170,153,113,121,111,127,61,111,104,66,71,38,5,21,114,90,141,126,122,117,127,123,110
20140302,3,PM10,150,148,167,235,163,148,212,154,87,222,134,162,232,197,122,140,121,150,106,130,118,103,83,41,12,27,122,96,144,161,131,132,175,138,179
20140302,3,AQI,89,86,85,89,94,87,93,104,56,106,32,96,113,99,101,105,105,68,65,97,114,79,108,45,25,64,85,101,98,150,92,89,92,93,96
20140302,4,PM2.5,97,113,120,111,114,115,134,118,135,133,132,133,167,114,102,123,109,121,125,115,99,115,101,44,10,28,114,99,147,124,98,110,114,119,108
20140302,4,PM10,116,131,137,197,144,150,173,139,189,168,212,235,228,126,125,148,124,141,202,148,116,151,101,49,19,32,119,117,196,187,118,111,126,100,197
20140302,4,AQI,87,84,84,88,91,84,92,101,58,104,36,96,111,98,99,103,103,69,64,98,112,80,103,41,20,60,87,100,98,147,88,87,90,90,91
20140302,5,PM2.5,125,113,116,120,127,128,119,115,125,132,134,125,127,103,117,117,107,108,126,117,108,122,76,54,15,32,111,105,149,145,102,99,113,126,120
20140302,5,PM10,131,139,138,170,152,164,157,130,144,164,213,171,158,126,143,132,129,137,182,153,128,150,90,64,18,36,119,107,185,208,121,121,117,102,237
20140302,5,AQI,87,83,84,88,89,82,91,97,62,105,36,95,108,96,96,102,101,70,65,99,109,81,98,39,17,57,90,98,99,145,86,85,90,90,88
20140302,6,PM2.5,107,128,127,126,118,120,125,118,119,137,126,124,126,120,115,108,114,113,122,119,117,123,59,57,12,38,112,110,105,109,123,109,99,131,116
20140302,6,PM10,122,147,149,207,138,149,165,129,126,167,162,159,163,141,140,123,128,149,174,156,139,157,74,85,15,39,117,102,119,138,126,120,121,109,262
20140302,6,AQI,88,86,87,91,88,82,93,94,65,106,34,94,107,93,93,101,100,72,66,99,107,82,91,39,28,54,91,98,98,140,88,86,91,92,87
20140302,7,PM2.5,99,119,117,129,112,109,124,118,100,138,134,130,138,116,103,111,118,103,95,120,110,123,57,88,27,41,109,111,112,105,102,111,99,134,107
20140302,7,PM10,103,131,131,171,120,126,149,135,113,175,166,150,191,132,122,126,134,127,128,145,131,157,64,106,30,47,110,91,122,130,112,114,103,111,206
20140302,7,AQI,89,89,90,94,88,85,96,93,68,110,35,96,114,92,89,99,100,75,68,99,106,83,85,41,34,51,93,96,99,136,90,88,92,96,85
20140302,8,PM2.5,91,111,111,120,108,122,116,120,125,137,145,130,134,118,107,122,116,98,83,125,103,127,51,98,17,50,107,109,139,113,94,117,90,122,111
20140302,8,PM10,99,116,122,151,122,144,148,145,137,173,176,150,181,133,126,145,139,123,131,171,116,164,68,113,25,56,112,117,176,168,105,102,98,92,245
20140302,8,AQI,90,91,93,98,89,88,98,91,73,114,37,99,119,94,89,98,100,78,72,99,105,85,80,44,23,48,93,94,102,133,92,91,93,99,84
20140302,9,PM2.5,95,97,117,123,116,123,128,132,115,136,149,140,147,123,122,128,121,119,116,136,110,147,118,103,33,53,95,109,153,130,96,103,94,106,117
20140302,9,PM10,105,123,135,163,142,149,149,144,133,168,171,163,189,141,150,169,153,143,174,201,127,184,139,133,50,57,99,128,203,172,109,115,96,106,253
20140302,9,AQI,92,93,97,103,92,93,102,90,78,119,35,104,124,99,92,98,100,82,77,99,103,86,78,48,36,45,93,91,104,130,94,93,96,102,87
20140302,10,PM2.5,135,107,129,131,137,128,140,136,121,147,158,140,147,127,129,136,144,125,142,123,120,167,99,132,40,76,92,148,164,145,138,127,133,139,128
20140302,10,PM10,167,124,159,163,159,167,168,156,137,179,169,156,185,162,161,170,164,138,196,171,146,221,119,205,56,85,101,174,197,181,139,141,142,101,197
20140302,10,AQI,98,97,103,108,97,98,108,89,84,124,35,111,131,105,97,100,101,87,84,100,103,89,76,54,22,43,92,93,110,130,99,98,101,107,92
20140302,11,PM2.5,121,148,148,150,144,140,178,151,130,163,154,167,165,143,139,136,144,146,155,117,134,176,75,137,38,112,104,156,163,142,144,146,126,123,128
20140302,11,PM10,135,154,170,197,157,166,221,160,140,196,174,199,200,174,171,163,155,158,206,176,152,218,87,154,46,114,116,165,176,176,151,164,140,134,183
20140302,11,AQI,103,104,109,115,104,104,116,96,90,131,33,119,138,112,104,105,105,94,91,103,105,95,77,60,20,44,95,99,117,132,106,105,106,112,98
20140302,12,PM2.5,124,151,156,164,153,151,158,162,137,169,168,186,153,154,147,146,157,166,171,126,155,163,67,157,34,108,111,140,177,148,126,137,145,161,139
20140302,12,PM10,147,161,165,187,170,191,175,166,145,196,193,194,194,185,181,178,161,186,211,152,177,199,90,163,52,126,123,141,209,170,151,150,113,123,195
20140302,12,AQI,108,112,117,122,112,111,124,104,96,139,36,128,146,119,111,112,111,102,100,109,109,103,78,68,22,47,100,105,126,138,112,111,113,120,105
20140302,13,PM2.5,130,145,159,153,158,158,155,166,164,181,174,158,170,154,150,144,145,176,180,138,166,165,32,162,20,126,123,165,184,152,133,134,128,161,136
20140302,13,PM10,137,154,170,178,175,180,166,169,140,200,191,161,197,186,179,165,166,193,221,154,180,168,21,171,33,138,125,167,209,176,152,140,136,126,183
20140302,13,AQI,114,118,125,129,120,119,131,112,104,148,39,135,154,127,118,119,117,111,109,115,116,110,79,76,23,53,105,113,135,143,118,118,119,127,112
20140302,14,PM2.5,126,148,158,154,155,155,157,147,131,174,173,145,164,160,149,148,147,159,166,127,171,134,10,164,6,141,117,163,174,157,130,131,148,165,135
20140302,14,PM10,139,159,162,157,164,179,172,150,133,200,186,154,198,182,170,152,161,172,197,147,180,138,29,167,38,141,123,167,185,177,145,138,118,110,181
20140302,14,AQI,120,126,133,137,128,127,139,119,110,157,40,142,162,135,126,127,124,118,118,121,124,117,79,84,26,59,110,121,144,150,125,124,126,135,118
20140302,15,PM2.5,157,153,140,164,132,145,141,123,126,167,158,172,161,152,142,139,125,136,160,117,146,123,13,135,13,122,98,143,160,150,125,132,144,154,126
20140302,15,PM10,168,155,148,181,153,176,155,134,138,197,181,185,193,170,160,145,139,150,186,146,155,139,33,142,40,118,116,151,166,184,145,148,98,128,165
20140302,15,AQI,128,133,140,145,135,135,146,126,116,166,171,151,170,143,133,133,131,125,125,127,130,123,80,91,26,64,115,128,152,156,130,130,133,142,125
20140302,16,PM2.5,137,141,143,153,125,133,134,139,124,150,161,161,146,147,136,148,121,25,151,102,126,113,7,36,14,145,87,132,135,152,117,122,136,147,120
20140302,16,PM10,147,152,154,163,141,166,161,144,149,183,197,173,179,156,158,167,143,73,193,139,127,117,26,5,41,148,99,145,144,171,130,127,110,115,194
20140302,16,AQI,134,140,147,153,141,141,153,133,122,173,173,159,177,150,139,141,136,125,132,132,135,128,80,92,27,71,120,133,159,164,136,136,140,150,130
20140302,17,PM2.5,116,131,131,142,127,136,136,116,126,153,145,152,136,134,139,138,113,98,148,101,116,93,17,19,18,,99,140,121,133,127,135,110,121,119
20140302,17,PM10,140,144,147,168,157,182,170,113,133,180,173,169,163,144,159,163,139,146,198,147,129,109,21,31,31,,126,126,135,145,127,141,118,122,177
20140302,17,AQI,139,146,153,160,146,148,159,138,127,181,174,165,183,156,145,147,141,129,137,137,140,132,81,93,27,,124,140,165,171,142,142,145,155,136
20140302,18,PM2.5,113,134,129,141,128,137,136,89,140,156,140,153,138,113,134,144,129,112,143,107,137,121,7,32,13,140,111,145,141,138,134,135,133,122,123
20140302,18,PM10,139,152,160,195,163,177,181,109,149,190,169,184,162,146,156,176,156,146,194,124,169,163,26,140,40,144,136,179,149,156,146,139,136,131,172
20140302,18,AQI,143,152,158,166,151,154,165,142,132,187,175,172,189,160,151,154,147,134,143,141,146,138,80,93,34,85,129,147,172,176,147,147,149,160,141
20140302,19,PM2.5,147,147,150,160,142,138,147,124,143,176,160,160,160,147,136,165,153,119,150,121,175,149,26,136,18,,116,201,122,149,155,153,142,128,123
20140302,19,PM10,164,163,181,219,190,184,194,156,146,206,191,219,193,167,156,194,188,161,211,135,210,235,31,183,30,,153,228,141,173,171,164,164,143,166
20140302,19,AQI,148,158,164,172,157,160,171,146,138,194,176,178,195,166,156,161,154,138,148,146,153,144,79,99,28,,134,157,177,181,152,154,152,165,145
20140302,20,PM2.5,166,151,150,159,146,151,152,127,121,188,175,181,183,174,164,210,173,152,162,152,193,162,46,134,12,143,144,196,162,171,169,157,130,141,135
20140302,20,PM10,171,156,167,221,177,190,188,147,134,234,233,235,224,205,189,238,204,207,222,204,229,238,55,171,16,150,180,232,179,242,175,176,139,162,180
20140302,20,AQI,156,164,170,178,163,166,176,149,142,201,183,184,201,174,163,170,161,142,154,151,161,150,80,104,28,98,139,166,183,185,159,161,155,170,150
20140302,21,PM2.5,184,180,160,182,160,167,175,152,128,197,201,183,218,181,182,235,198,160,191,172,214,167,27,115,12,129,192,229,229,232,184,190,128,160,168
20140302,21,PM10,203,191,190,256,197,212,227,188,105,236,298,225,267,195,198,241,238,212,296,207,241,220,28,134,17,149,222,254,233,341,198,205,150,173,262
20140302,21,AQI,162,171,175,184,169,172,181,152,147,206,188,188,205,180,169,179,169,146,160,156,170,155,79,109,29,104,147,176,194,191,166,168,157,175,157
20140302,22,PM2.5,197,,,194,182,209,186,158,104,210,186,174,238,201,217,224,240,160,153,200,195,181,24,102,20,135,188,284,221,220,202,211,176,166,194
20140302,22,PM10,207,220,217,253,213,261,224,188,111,275,268,202,288,224,232,268,244,212,247,237,223,199,27,133,39,136,193,306,254,293,213,234,192,179,300
20140302,22,AQI,169,175,177,190,175,179,186,157,149,210,191,191,210,187,177,188,180,150,165,164,176,162,78,113,30,110,153,188,202,197,172,176,162,179,164
20140302,23,PM2.5,233,,,231,220,228,193,146,116,239,210,196,270,242,249,258,264,164,141,206,239,170,39,107,50,115,165,260,192,211,235,239,201,199,225
20140302,23,PM10,244,254,239,319,254,259,225,177,94,294,285,308,340,289,263,274,268,187,195,227,278,183,76,123,91,121,174,232,204,263,247,249,217,226,320
20140302,23,AQI,176,176,179,197,182,187,190,162,153,214,195,195,215,195,186,198,190,158,169,171,184,168,74,117,33,115,155,200,206,200,180,183,169,185,173
