date,hour,type,dongsi,tiantan,guanyuan,wanshouxigong,aotizhongxing,nongzhanguan,wanliu,beibuxingqu,zhiwuyuan,fentaihuayuan,yungang,gucheng,fangshan,daxing,yizhuang,tongzhou,shunyi,changping,mengtougou,pinggu,huairou,miyun,yanqing,dingling,badaling,miyunshuiku,donggaocun,yongledian,yufa,liulihe,qianmeng,yongdingmengxi,xizhimengbei,nansanhuan,dongsihuan
20140412,0,SO2,30,12,37,29,36,30,27,17,15,26,31,21,31,33,32,43,51,14,8,9,11,14,13,9,7,,34,34,7,27,36,32,29,,20
20140412,0,NO2,88,88,93,90,103,82,115,129,47,110,112,122,99,78,99,99,114,52,95,43,45,57,102,36,125,28,54,74,63,53,114,98,143,,113
20140412,0,O3,14,5,21,11,4,17,4,2,51,2,3,6,6,24,3,2,2,42,3,27,46,10,12,63,9,65,40,2,2,27,6,6,6,,2
20140412,0,CO,2,2,2,2,2,2,2,1,1,2,2,2,2,2,2,3,3,1,1,2,1,2,2,1,1,2,3,3,1,2,2,2,2,,3
20140412,1,SO2,38,10,37,25,30,,26,14,18,26,26,24,30,35,33,29,30,11,7,8,8,15,12,7,8,,34,34,10,26,42,38,34,25,23
20140412,1,NO2,83,81,95,100,111,,119,101,70,112,102,120,104,75,106,96,107,40,82,37,40,59,43,34,125,21,49,75,82,72,111,93,134,126,87
20140412,1,O3,15,5,16,2,2,,2,2,27,2,4,6,2,22,2,2,2,48,4,26,44,2,49,60,2,58,41,2,2,8,7,7,6,5,17
20140412,1,CO,2,2,2,2,2,,2,1,2,2,2,2,2,2,2,3,3,1,1,2,1,2,1,1,1,1,3,3,2,2,2,2,2,2,2
20140412,2,SO2,38,11,,23,25,,30,,17,28,27,22,18,28,,,23,11,6,,7,39,13,6,4,,,31,6,21,37,31,,,20
20140412,2,NO2,92,83,105,95,93,,117,92,58,109,101,119,101,93,104,83,99,38,49,35,37,60,44,36,69,16,53,68,68,79,113,98,134,,97
20140412,2,O3,3,4,4,2,2,,2,2,31,2,2,5,2,4,2,2,2,48,30,25,42,2,44,49,33,54,31,2,2,3,2,2,2,,8
20140412,2,CO,2,2,2,2,2,,2,1,1,2,2,2,2,2,2,3,3,1,1,2,1,2,2,1,1,1,2,3,2,2,2,2,2,,2
20140412,3,SO2,36,8,31,19,20,34,19,14,18,27,26,14,12,28,24,17,21,10,8,7,7,22,11,5,4,,31,22,6,15,36,27,26,,14
20140412,3,NO2,88,82,98,90,77,93,116,97,62,108,66,102,91,98,104,79,95,36,36,34,38,50,44,30,50,17,55,56,66,87,111,97,139,,110
20140412,3,O3,4,4,7,2,2,2,2,2,29,2,30,6,2,2,2,2,2,48,46,21,38,9,37,49,46,51,21,2,2,2,2,2,2,,2
20140412,3,CO,2,2,,2,2,2,2,,1,2,2,2,2,2,,,3,1,1,,1,2,2,1,1,1,,3,2,2,2,2,,,2
20140412,4,SO2,35,7,24,15,18,,16,13,14,20,42,15,8,21,20,22,21,10,8,11,7,11,9,5,4,,33,16,6,14,34,14,18,17,17
20140412,4,NO2,,,97,88,88,,116,83,58,108,,85,82,96,101,94,90,34,33,32,42,26,36,27,32,16,55,57,61,85,113,94,148,126,142
20140412,4,O3,6,3,,2,2,,2,,32,2,4,14,2,2,,,2,48,46,,31,28,35,50,64,50,,2,2,2,2,2,,2,2
20140412,4,CO,2,2,2,2,2,,2,1,1,2,2,2,1,2,2,3,2,1,1,2,1,2,2,1,1,1,2,3,2,2,2,2,2,2,3
20140412,5,SO2,32,5,19,13,17,18,15,14,13,16,28,16,7,18,16,20,20,10,7,13,7,10,9,5,4,,32,15,6,14,28,11,16,,13
20140412,5,NO2,91,69,,88,,95,110,,56,112,71,80,80,92,,,89,30,35,,37,37,29,26,24,,,48,59,97,110,91,,,132
20140412,5,O3,5,4,2,2,2,2,2,2,31,2,22,18,2,2,2,2,2,50,43,13,33,15,38,50,79,48,16,2,2,2,2,2,2,,2
20140412,5,CO,2,2,2,2,2,2,1,1,1,2,1,2,1,2,2,4,2,1,1,2,1,2,2,1,1,1,2,3,2,2,2,2,2,,3
20140412,6,SO2,23,5,17,13,25,18,13,14,12,16,22,12,8,15,12,12,25,10,8,11,6,8,8,5,4,,35,10,6,14,19,14,14,23,9
20140412,6,NO2,97,67,111,88,103,100,106,74,59,116,61,60,81,88,85,90,82,43,35,34,40,40,43,24,31,19,56,37,56,92,109,98,161,148,139
20140412,6,O3,3,4,2,2,2,2,2,2,23,2,27,32,2,2,2,2,2,37,43,20,27,9,23,49,70,40,23,2,2,2,2,2,2,2,2
20140412,6,CO,2,2,2,2,2,3,1,1,1,2,1,1,2,2,2,4,2,1,1,2,1,1,2,1,1,1,2,3,2,2,2,3,2,3,4
20140412,7,SO2,25,6,21,12,24,,13,15,11,15,24,12,10,16,17,12,26,11,10,7,8,12,9,6,4,,39,14,5,14,19,24,16,26,10
20140412,7,NO2,100,73,108,86,98,,104,66,73,114,73,82,80,90,96,92,72,42,42,36,45,39,64,24,40,19,61,51,59,84,107,108,158,148,135
20140412,7,O3,4,5,2,2,2,,2,2,17,2,15,15,2,2,2,2,4,40,37,19,25,16,6,50,57,35,28,2,2,2,2,2,2,2,2
20140412,7,CO,3,2,2,2,2,,2,1,1,2,1,1,2,2,3,4,2,1,1,2,2,2,2,1,1,2,2,3,2,2,2,3,3,3,4
20140412,8,SO2,40,22,35,27,34,32,24,20,16,20,27,21,27,26,35,32,29,16,15,21,14,15,15,10,13,,43,47,13,24,29,32,22,29,24
20140412,8,NO2,108,110,114,106,89,98,103,68,71,115,57,97,88,101,103,105,69,43,39,46,53,37,73,23,52,22,59,64,67,84,111,116,151,153,117
20140412,8,O3,5,7,2,4,2,2,2,6,25,2,39,11,3,3,2,2,9,45,41,20,24,24,13,58,63,43,31,2,2,4,3,2,2,2,2
20140412,8,CO,3,3,3,2,2,3,2,1,1,2,1,2,2,3,3,4,2,1,1,2,2,2,2,1,1,1,2,3,2,1,2,3,3,3,4
20140412,9,SO2,41,31,38,35,34,38,35,,,,,,,,,,,,,,,,,,,,,,,,,,,,
20140412,9,NO2,110,128,122,118,84,102,105,,,,,,,,,,,,,,,,,,,,,,,,,,,,
20140412,9,O3,8,8,3,6,5,2,4,,,,,,,,,,,,,,,,,,,,,,,,,,,,
20140412,9,CO,3,3,3,3,2,3,2,,,,,,,,,,,,,,,,,,,,,,,,,,,,
20140412,10,SO2,37,35,35,36,33,39,40,40,27,31,31,35,27,32,34,42,32,24,33,46,43,25,17,17,13,,55,64,47,33,38,39,34,40,39
20140412,10,NO2,109,135,119,111,95,124,99,63,72,108,58,85,69,85,96,107,87,80,49,57,46,31,49,48,63,16,88,47,73,62,143,129,162,169,132
20140412,10,O3,20,11,21,21,19,5,24,49,53,20,70,43,40,36,29,27,24,36,71,42,61,56,62,75,73,78,28,53,32,54,10,7,13,2,6
20140412,10,CO,3,2,2,2,2,3,2,2,2,2,1,2,1,1,2,2,2,2,1,2,2,2,2,1,1,1,3,2,2,1,2,2,2,2,2
20140412,11,SO2,34,35,31,36,33,35,33,41,31,32,30,32,24,30,29,25,34,29,31,48,38,37,,19,12,,47,50,41,37,36,34,,,41
20140412,11,NO2,107,101,119,89,106,134,101,67,62,77,50,72,59,53,65,109,101,64,52,55,59,36,,51,53,18,68,25,48,37,126,106,,,150
20140412,11,O3,40,43,39,55,32,19,39,65,85,68,98,75,66,85,73,45,50,71,83,72,72,90,,99,88,95,79,92,71,100,36,33,,,12
20140412,11,CO,2,2,2,2,2,3,2,2,2,2,2,2,1,1,2,2,2,2,2,2,2,2,,1,1,1,2,2,2,1,2,2,,,3
20140412,12,SO2,27,27,27,27,30,25,31,40,25,23,31,29,22,27,28,23,38,30,27,39,29,38,17,19,12,,36,38,43,32,29,26,,27,35
20140412,12,NO2,61,55,70,50,96,70,81,65,54,43,41,53,37,32,39,72,92,58,37,47,48,28,,42,49,20,53,18,38,20,89,73,,145,108
20140412,12,O3,87,94,97,102,54,76,66,92,115,112,121,109,105,120,112,97,74,103,120,102,112,124,133,135,107,120,109,115,93,133,81,71,,37,56
20140412,12,CO,2,1,2,2,2,2,2,2,2,1,2,2,1,1,2,2,2,2,2,2,2,2,2,1,1,2,2,1,2,1,1,2,,2,2
20140412,13,SO2,23,26,21,25,23,23,24,37,23,21,31,25,27,24,24,23,29,30,26,31,32,37,17,23,15,,29,39,43,42,24,25,22,25,27
20140412,13,NO2,41,35,44,31,57,40,53,42,39,29,28,40,37,28,30,50,88,60,31,48,49,31,40,53,57,23,48,30,33,31,69,55,86,124,87
20140412,13,O3,122,130,135,132,99,118,93,133,140,141,170,136,115,139,129,129,92,110,157,112,125,131,145,137,115,147,127,129,113,138,111,98,98,54,85
20140412,13,CO,1,1,1,1,1,2,1,2,1,1,1,1,1,1,1,2,2,2,2,2,2,2,2,1,1,2,2,2,2,1,1,1,1,2,2
20140412,14,SO2,24,25,22,24,22,,26,36,21,19,32,27,24,24,24,27,24,26,23,28,34,36,21,25,20,,28,42,47,41,25,23,3,25,32
20140412,14,NO2,31,27,37,29,45,,50,32,27,27,26,35,34,32,36,43,60,58,27,41,80,34,41,68,67,30,46,25,38,27,69,45,92,124,74
20140412,14,O3,146,154,159,150,124,,109,153,177,148,167,169,121,143,136,141,125,124,179,131,111,136,159,133,119,147,144,140,128,150,128,121,107,61,108
20140412,14,CO,1,1,1,1,1,,1,1,1,1,1,1,1,1,2,1,2,2,1,2,2,2,2,2,2,2,2,1,2,1,1,1,1,2,2
20140412,15,SO2,25,28,18,24,21,23,22,36,22,16,30,25,22,27,26,27,24,20,29,24,28,34,25,22,21,,27,51,48,40,25,26,12,,28
20140412,15,NO2,35,35,36,33,49,26,50,28,28,27,25,34,36,34,28,44,45,37,31,36,98,45,50,67,73,36,41,25,41,25,75,63,82,,81
20140412,15,O3,138,139,157,142,128,141,108,186,181,155,170,167,124,144,159,143,156,156,165,147,108,136,160,142,122,143,176,133,147,153,116,101,112,,106
20140412,15,CO,1,1,1,1,1,1,1,1,1,1,1,1,1,2,2,2,2,1,1,2,2,2,2,2,2,2,2,1,3,1,1,1,1,,2
20140412,16,SO2,30,33,20,27,23,29,20,36,20,18,28,22,23,36,31,22,23,21,29,21,24,31,25,18,18,,30,58,39,38,30,29,19,,36
20140412,16,NO2,39,37,35,32,58,28,51,26,27,27,24,33,38,43,28,43,40,32,34,30,60,32,52,39,59,48,32,42,30,21,72,56,96,,74
20140412,16,O3,136,144,162,145,113,149,115,178,184,158,170,164,132,150,167,145,162,172,157,183,146,181,163,181,144,152,181,131,166,165,120,108,100,,122
20140412,16,CO,2,2,1,2,1,2,1,1,1,1,1,1,1,2,2,2,2,1,1,2,2,2,2,1,2,2,2,2,2,1,1,2,2,,2
20140412,17,SO2,35,40,27,35,29,34,23,37,20,30,32,25,29,38,39,39,25,18,24,25,23,27,23,18,19,,33,51,36,35,38,37,25,37,42
20140412,17,NO2,43,46,45,41,66,32,61,28,28,40,30,37,45,48,36,53,35,32,29,30,44,22,39,36,61,27,31,44,27,25,88,65,109,124,73
20140412,17,O3,140,146,158,145,104,153,107,170,175,154,171,160,140,158,178,129,169,162,157,155,165,184,183,189,159,186,168,130,184,157,114,111,96,71,128
20140412,17,CO,2,2,2,2,2,2,2,1,1,2,2,1,2,2,2,2,2,1,1,2,2,2,2,1,1,2,1,2,2,1,2,2,2,2,2
20140412,18,SO2,41,43,33,38,34,42,32,38,25,36,40,30,32,38,38,44,29,17,24,35,24,26,23,16,17,,33,46,25,32,42,40,29,40,53
20140412,18,NO2,54,52,54,48,86,51,69,31,37,49,41,48,52,50,42,71,40,32,31,35,47,24,41,39,63,23,34,43,19,29,103,72,119,142,74
20140412,18,O3,139,150,161,151,98,149,109,161,168,155,169,159,139,167,175,108,158,158,156,134,157,170,183,168,144,177,150,129,174,152,110,114,97,66,138
20140412,18,CO,2,2,2,2,2,3,2,1,1,2,2,2,2,2,2,2,2,1,1,2,2,2,2,1,1,1,1,2,1,1,2,2,2,3,2
20140412,19,SO2,39,37,36,36,36,39,33,42,31,36,32,33,23,32,33,42,34,23,26,27,25,27,20,17,14,,30,40,23,30,40,40,33,42,52
20140412,19,NO2,53,50,61,52,73,55,88,47,52,53,45,68,62,45,54,86,62,43,39,42,64,35,42,44,59,25,34,34,27,34,123,78,130,191,104
20140412,19,O3,145,143,160,143,111,143,94,147,155,156,138,140,105,174,157,90,113,143,142,116,129,146,164,154,135,166,141,106,146,141,98,112,98,26,102
20140412,19,CO,2,2,2,3,2,3,2,2,2,3,2,2,2,2,2,2,2,2,2,1,2,2,2,1,1,1,1,1,1,1,2,2,2,3,3
20140412,20,SO2,37,31,34,31,35,35,33,39,29,29,27,25,21,28,28,28,37,30,23,21,29,29,20,17,17,,23,35,16,27,36,34,36,34,42
20140412,20,NO2,58,55,73,64,79,67,96,56,59,103,48,90,91,66,72,95,66,52,55,52,59,29,48,50,97,24,35,32,25,31,129,87,169,186,127
20140412,20,O3,136,120,144,125,105,125,87,126,127,91,119,90,74,124,126,62,96,128,106,93,108,134,143,125,89,151,119,83,112,130,94,104,70,38,65
20140412,20,CO,2,2,2,2,2,2,2,2,2,2,2,2,2,2,2,2,2,2,2,2,2,2,2,2,1,1,1,1,1,1,2,2,3,2,3
20140412,21,SO2,32,30,29,25,30,34,25,27,20,22,25,22,21,22,25,18,40,30,18,22,26,31,22,15,20,,25,37,12,22,31,32,23,31,38
20140412,21,NO2,70,69,81,76,109,87,127,55,42,104,75,103,114,64,89,86,83,74,97,52,67,33,43,42,153,23,40,47,37,34,144,110,179,171,125
20140412,21,O3,98,93,107,85,63,59,36,88,112,52,79,68,44,106,50,40,69,94,53,84,84,110,135,107,40,133,96,56,73,93,55,55,46,24,27
20140412,21,CO,2,2,2,2,2,2,2,2,2,2,2,2,2,2,2,2,2,2,2,2,2,2,2,2,2,2,1,2,1,1,2,2,2,2,2
20140412,22,SO2,32,33,26,21,32,32,22,22,21,19,26,20,21,19,24,26,32,26,15,17,24,25,26,13,23,,23,44,9,22,30,31,25,,34
20140412,22,NO2,104,108,97,94,126,99,153,57,34,118,68,130,99,91,94,98,66,99,120,51,70,51,48,36,187,24,37,79,49,44,134,131,167,,127
20140412,22,O3,25,22,71,50,7,21,11,60,126,31,80,36,48,71,29,22,56,46,20,59,68,58,126,100,8,117,94,20,51,80,16,5,32,,8
20140412,22,CO,2,2,2,2,2,2,2,2,2,2,2,2,2,1,2,2,2,2,2,1,2,2,2,2,2,2,1,3,1,1,2,2,2,,2
20140412,23,SO2,30,21,24,21,28,29,21,20,33,20,26,18,19,24,20,30,37,27,11,27,20,25,23,,24,,30,43,11,21,28,27,25,,28
20140412,23,NO2,112,112,133,123,132,113,170,77,40,148,82,135,150,101,96,118,78,107,124,38,66,35,55,,161,29,40,99,42,75,136,123,165,,128
20140412,23,O3,12,5,16,9,2,3,2,30,109,5,59,23,5,48,30,3,36,26,4,71,57,71,105,,20,99,87,5,57,43,3,4,9,,2
20140412,23,CO,2,2,2,2,2,2,2,2,1,2,2,2,2,2,2,2,2,2,2,1,2,2,2,,2,2,1,2,1,1,2,2,2,,2
20140412,0,PM2.5,88,74,89,90,87,73,80,95,62,100,90,97,100,87,85,116,104,76,71,76,65,70,67,64,58,58,74,98,75,98,82,78,89,,83
20140412,0,PM10,116,93,121,138,135,82,137,209,87,187,149,235,151,110,107,177,161,108,173,110,83,140,101,76,69,72,101,145,127,158,125,119,124,,97
20140412,0,AQI,77,79,85,80,98,78,84,95,86,92,93,104,93,78,81,91,79,93,106,94,80,72,86,76,74,69,57,95,97,87,88,82,86,,98
20140412,1,PM2.5,92,78,88,90,103,,91,97,89,104,103,116,104,80,99,106,104,66,73,75,62,67,65,65,55,58,72,107,74,102,87,85,78,102,76
20140412,1,PM10,128,89,113,152,144,,143,171,126,173,167,252,139,110,133,107,181,90,137,89,91,86,81,67,62,138,82,150,118,168,140,120,113,136,53
20140412,1,AQI,78,79,85,81,100,,83,97,83,92,94,102,94,78,82,93,77,93,103,94,77,69,85,74,72,68,59,97,97,89,89,83,86,151,97
20140412,2,PM2.5,92,79,93,103,98,78,101,85,81,109,104,119,114,94,105,98,98,69,58,71,53,62,67,63,45,55,76,115,69,105,95,91,84,,71
20140412,2,PM10,144,88,126,160,126,,155,166,91,163,169,325,167,118,149,163,141,80,93,79,54,105,85,78,50,76,81,153,133,170,152,149,117,,107
20140412,2,AQI,80,80,86,83,100,80,84,98,79,91,95,104,96,79,83,95,77,92,99,95,75,67,83,74,70,65,60,100,97,91,89,84,86,151,97
20140412,3,PM2.5,89,83,95,101,97,87,91,74,61,114,84,82,104,109,106,113,101,67,58,70,58,65,70,67,48,46,86,113,79,105,93,95,96,,89
20140412,3,PM10,131,97,122,136,114,121,201,108,79,172,119,169,161,149,160,186,175,84,82,75,67,104,79,70,50,56,95,147,98,171,137,141,119,,134
20140412,3,AQI,80,80,86,84,100,81,85,99,78,93,96,101,98,81,85,96,78,92,94,95,73,65,84,74,68,63,62,102,97,94,90,85,87,153,98
20140412,4,PM2.5,100,82,94,106,105,,88,77,65,129,95,79,80,115,109,154,101,69,56,68,60,55,52,60,46,55,84,111,92,105,108,102,99,133,106
20140412,4,PM10,119,98,120,137,143,,165,125,77,194,155,108,114,162,177,304,144,81,80,75,69,80,61,60,53,19,90,130,128,201,147,160,151,213,228
20140412,4,AQI,81,80,87,86,102,,86,100,78,96,98,99,99,83,86,100,80,92,90,95,73,65,83,75,67,62,64,104,97,96,91,86,89,155,100
20140412,5,PM2.5,93,95,84,97,112,97,73,77,68,116,80,80,76,109,108,154,99,62,60,70,60,52,64,62,56,42,71,114,94,109,110,103,91,,127
20140412,5,PM10,132,104,116,125,205,135,130,96,88,247,111,114,135,109,160,307,122,71,84,70,69,72,70,63,57,73,80,153,170,236,144,132,157,,269
20140412,5,AQI,83,81,88,87,103,83,86,100,78,98,98,98,99,85,86,103,82,92,88,95,72,65,83,75,66,61,64,105,95,99,92,88,90,158,102
20140412,6,PM2.5,104,82,90,95,112,111,85,70,65,117,71,61,93,108,104,189,84,60,61,70,62,54,67,58,43,54,81,101,100,92,95,107,100,248,135
20140412,6,PM10,180,92,149,157,201,186,150,138,74,207,103,96,164,143,158,340,112,72,87,82,75,57,79,63,51,71,90,114,219,201,131,161,187,266,263
20140412,6,AQI,85,81,89,89,105,86,87,100,78,99,98,97,99,86,88,109,86,90,86,95,72,65,84,74,65,61,66,105,96,100,93,89,92,167,104
20140412,7,PM2.5,111,90,93,97,108,,94,82,72,111,80,72,99,115,120,172,74,68,64,69,65,51,55,62,58,70,82,110,95,93,97,106,111,173,149
20140412,7,PM10,245,131,178,157,178,,233,152,96,233,131,93,172,162,175,260,105,97,95,101,80,69,64,70,62,57,89,144,146,190,176,187,198,267,295
20140412,7,AQI,88,83,90,91,107,,89,98,79,101,97,96,100,87,91,114,89,90,84,95,73,66,83,74,66,62,69,106,96,101,94,91,94,173,102
20140412,8,PM2.5,125,109,114,91,99,128,97,93,76,113,87,85,104,144,129,196,73,78,65,83,69,55,81,57,62,46,91,139,104,101,118,115,105,149,139
20140412,8,PM10,229,184,188,149,184,234,205,149,112,222,125,141,181,311,206,244,116,89,115,139,93,86,123,81,77,48,116,192,146,206,223,231,147,245,208
20140412,8,AQI,92,87,94,93,109,94,91,98,79,104,98,97,101,91,96,120,90,92,83,97,74,66,84,74,67,62,73,110,97,103,98,94,97,177,105
20140412,9,PM2.5,142,128,121,111,107,127,94,112,,,,,,,,,,,,,,,,,,,,,,,,,,,
20140412,9,PM10,208,213,176,212,148,218,165,,,,,,,,,,,,,,,,,,,,,,,,,,,,
20140412,9,AQI,98,92,98,96,112,98,93,102,81,107,99,97,102,96,101,125,92,95,83,100,75,67,86,76,69,61,78,113,98,104,102,99,101,181,109
20140412,10,PM2.5,146,127,113,102,108,193,96,116,86,113,93,94,93,108,98,127,135,117,81,116,77,64,99,87,72,56,133,96,110,90,131,125,126,215,329
20140412,10,PM10,170,182,159,160,140,224,144,141,130,170,143,123,151,118,120,137,166,149,134,209,117,99,112,112,93,64,184,90,119,151,198,164,137,221,171
20140412,10,AQI,104,96,101,99,115,106,95,106,82,110,99,97,102,99,105,129,96,99,83,104,77,69,89,79,72,63,85,114,99,104,106,103,105,188,124
20140412,11,PM2.5,122,115,111,95,127,176,103,108,92,110,103,102,83,75,77,106,159,124,96,137,90,86,,87,79,64,97,87,83,95,121,97,,,233
20140412,11,PM10,142,118,138,117,151,182,133,146,120,125,142,135,115,90,82,112,185,143,142,157,130,116,,110,91,77,95,59,84,113,147,103,,,156
20140412,11,AQI,108,99,104,102,119,113,99,109,85,113,101,100,103,100,107,132,102,103,84,110,79,72,,82,74,64,89,115,100,105,110,106,,168,133
20140412,12,PM2.5,123,83,104,104,121,112,99,112,96,78,105,94,80,57,66,98,119,133,89,133,90,100,,88,65,52,70,53,93,70,91,88,,107,159
20140412,12,PM10,102,94,113,86,148,117,111,131,138,90,120,152,121,61,75,71,137,137,150,142,116,111,,114,95,59,84,66,101,71,104,89,,256,94
20140412,12,AQI,112,101,107,105,122,117,102,111,87,114,102,102,103,102,108,135,107,107,85,115,82,76,91,85,76,66,92,116,102,104,112,108,111,169,139
20140412,13,PM2.5,110,76,83,72,103,92,74,99,88,79,99,106,87,68,51,81,143,132,91,106,101,117,61,106,92,96,84,89,74,93,84,77,80,94,143
20140412,13,PM10,128,96,95,92,122,122,103,135,134,109,135,118,166,82,59,85,150,132,151,117,120,136,118,133,115,103,101,96,83,136,101,105,91,135,104
20140412,13,AQI,116,102,108,106,123,119,102,111,90,116,104,105,104,104,109,137,114,113,88,115,86,81,91,89,79,70,95,119,105,106,114,110,112,170,145
20140412,14,PM2.5,115,86,87,72,112,,83,97,83,78,93,95,76,57,75,76,399,110,89,126,117,110,104,118,95,106,95,90,98,91,88,79,81,110,114
20140412,14,PM10,71,96,104,116,129,,128,116,123,116,119,130,117,76,86,128,129,134,138,155,134,127,156,133,128,139,122,98,122,125,101,133,103,172,92
20140412,14,AQI,121,105,109,108,124,,103,112,92,117,106,107,105,106,112,139,134,115,89,119,90,86,94,93,82,74,99,121,108,108,116,113,113,173,148
20140412,15,PM2.5,91,84,78,66,95,103,77,106,86,87,92,91,87,80,61,90,95,135,96,135,128,116,113,125,107,106,108,89,122,81,93,84,79,,92
20140412,15,PM10,105,98,97,98,135,111,121,152,125,106,128,133,142,89,81,91,105,138,152,142,158,156,144,142,135,127,172,92,141,130,111,103,91,,99
20140412,15,AQI,124,107,110,110,125,125,104,114,93,120,107,109,108,108,113,142,137,119,91,125,94,90,97,97,85,78,103,123,111,110,118,116,114,173,150
20140412,16,PM2.5,91,88,81,75,93,101,76,95,83,85,91,90,93,84,65,87,73,115,99,127,105,116,119,105,92,128,98,116,105,79,101,84,62,,101
20140412,16,PM10,103,106,98,101,153,224,132,135,124,112,134,142,129,86,81,112,113,130,173,142,131,130,155,116,133,158,168,135,119,118,111,110,103,,111
20140412,16,AQI,127,110,112,112,127,128,106,115,94,123,110,111,111,111,115,144,138,121,94,129,98,95,101,99,87,83,107,128,111,112,121,117,115,,154
20140412,17,PM2.5,91,96,86,112,94,108,75,99,77,111,98,96,100,64,105,111,354,107,93,99,93,85,106,103,93,104,78,110,115,81,108,95,319,102,178
20140412,17,PM10,106,121,118,127,139,237,135,140,128,129,147,144,120,79,112,115,116,130,160,122,112,114,149,123,143,120,89,126,126,130,121,135,112,121,98
20140412,17,AQI,129,112,114,115,129,132,108,116,95,126,113,114,114,113,117,147,155,120,96,131,100,97,103,101,89,86,109,131,114,114,124,119,126,177,161
20140412,18,PM2.5,127,139,100,99,115,117,108,100,93,121,114,97,91,105,110,131,108,98,86,148,93,98,101,93,100,96,73,113,86,93,120,104,113,120,134
20140412,18,PM10,146,143,129,143,152,152,146,128,129,137,185,148,97,118,114,151,125,119,143,98,127,108,148,124,119,105,84,147,108,138,143,149,152,157,141
20140412,18,AQI,133,117,116,118,132,135,110,119,98,129,116,116,117,116,120,152,158,120,98,128,102,100,104,102,91,89,111,134,115,117,128,122,129,180,166
20140412,19,PM2.5,123,134,110,120,133,115,121,123,101,125,92,122,86,86,109,113,116,104,93,118,101,92,90,93,82,93,67,82,97,91,120,113,104,126,131
20140412,19,PM10,135,136,132,166,150,133,148,127,143,142,141,173,88,105,129,139,123,133,145,100,146,115,161,139,119,96,72,111,155,139,138,124,121,142,129
20140412,19,AQI,136,121,119,120,135,138,114,122,100,132,118,119,118,119,124,155,162,121,100,130,105,102,105,104,91,91,112,134,117,119,130,124,131,183,169
20140412,20,PM2.5,103,105,115,125,128,120,120,113,110,130,100,117,83,98,117,109,141,110,97,114,115,107,99,96,61,92,98,59,84,90,132,111,125,118,127
20140412,20,PM10,124,111,137,157,165,141,163,183,150,183,146,198,98,124,134,129,161,144,166,131,158,123,155,139,113,104,116,131,134,140,137,118,129,138,155
20140412,20,AQI,138,123,122,123,138,141,117,124,104,136,120,122,120,121,126,157,166,123,102,132,108,105,107,105,91,93,113,133,118,121,133,126,134,185,173
20140412,21,PM2.5,120,107,109,109,128,108,109,112,89,141,111,118,119,104,93,80,134,123,106,114,115,109,101,98,101,101,84,71,95,99,123,113,120,131,108
20140412,21,PM10,142,132,137,185,205,142,171,240,115,206,161,203,132,128,127,162,181,166,227,128,158,142,128,107,112,123,86,161,134,192,162,158,139,166,133
20140412,21,AQI,141,126,125,125,140,143,119,126,106,139,123,124,122,123,126,156,170,125,105,133,110,107,109,108,94,96,114,132,119,123,136,129,137,188,174
20140412,22,PM2.5,90,98,110,115,122,88,107,119,87,122,114,128,122,87,84,79,113,130,126,102,119,125,105,100,116,103,67,88,93,104,112,106,114,,84
20140412,22,PM10,151,152,166,181,159,148,176,139,108,189,144,235,131,115,115,161,154,184,281,129,144,148,133,109,119,118,87,167,129,165,157,172,145,,155
20140412,22,AQI,141,127,128,127,142,143,122,128,107,142,124,126,124,123,125,155,172,128,108,133,113,110,111,110,97,98,113,131,121,124,138,130,140,190,173
20140412,23,PM2.5,94,92,113,107,115,86,111,143,88,135,124,135,122,126,97,95,91,141,125,87,123,93,112,,94,115,76,93,112,110,99,104,106,,99
20140412,23,PM10,162,145,158,133,183,152,188,288,102,191,176,224,174,162,148,169,161,195,295,95,142,154,156,,121,128,91,158,138,195,152,137,142,,155
20140412,23,AQI,141,127,129,129,143,142,123,131,110,144,127,129,126,126,126,154,171,131,111,132,115,111,113,112,99,101,113,131,123,125,138,131,142,,172
