date,hour,type,dongsi,tiantan,guanyuan,wanshouxigong,aotizhongxing,nongzhanguan,wanliu,beibuxingqu,zhiwuyuan,fentaihuayuan,yungang,gucheng,fangshan,daxing,yizhuang,tongzhou,shunyi,changping,mengtougou,pinggu,huairou,miyun,yanqing,dingling,badaling,miyunshuiku,donggaocun,yongledian,yufa,liulihe,qianmeng,yongdingmengxi,xizhimengbei,nansanhuan,dongsihuan
20150723,0,PM2.5,32,23,31,3,24,17,28,21,27,18,,15,21,,21,24,23,10,13,39,6,23,5,6,20,44,69,17,23,16,31,27,24,26,25
20150723,0,PM10,,,,10,,,,,,,,,,14,,,,,,,,,15,8,,,,,33,,,,,,35
20150723,0,AQI,87,83,93,72,87,72,95,63,83,73,63,86,64,38,61,84,99,69,63,88,78,83,47,52,66,73,86,78,56,59,85,78,86,86,80
20150723,1,PM2.5,37,34,34,19,26,18,30,18,19,18,10,16,28,,30,31,31,10,14,14,5,24,14,5,36,32,20,28,31,18,35,27,27,29,30
20150723,1,PM10,,,,,,,,,,,11,,,5,,,,,,,,,,39,,,,,,23,,,34,,
20150723,1,AQI,86,82,92,70,85,71,93,62,80,72,61,84,64,36,60,84,97,67,60,84,76,81,47,51,66,73,85,77,56,58,85,77,84,85,79
20150723,2,PM2.5,49,34,41,38,32,24,37,25,23,24,19,29,42,,35,31,39,3,13,17,8,23,15,3,28,21,23,37,31,20,35,30,34,35,35
20150723,2,PM10,,,,,,,,,,27,33,95,,27,,,,5,,,10,,,5,,,,,,30,,,35,,45
20150723,2,AQI,86,81,92,71,84,70,92,61,77,71,60,83,63,35,59,83,96,64,57,83,73,79,46,50,65,71,84,76,56,58,84,77,83,84,78
20150723,3,PM2.5,48,36,46,48,32,29,35,27,33,32,29,41,46,,34,38,48,10,17,18,14,29,10,8,27,20,36,36,26,20,44,35,38,39,38
20150723,3,PM10,,,,,,,,,,,36,,,32,,,,,,,17,,29,21,,,,,,26,,,,,52
20150723,3,AQI,86,80,91,71,82,69,90,61,75,70,59,81,63,35,59,82,95,61,55,81,70,78,45,48,64,70,84,76,56,57,83,76,82,84,77
20150723,4,PM2.5,52,36,55,23,35,27,35,28,41,29,31,45,59,,41,45,44,8,11,14,18,36,17,6,29,21,63,55,21,26,49,40,40,38,37
20150723,4,PM10,,,,24,,,,,,56,,,,44,,,,8,,21,,,,,,,,55,,,,,,,55
20150723,4,AQI,85,80,90,69,81,68,88,60,74,69,58,80,63,38,58,82,94,58,53,79,68,77,44,47,63,69,85,76,56,56,82,75,81,82,76
20150723,5,PM2.5,51,40,50,36,40,29,35,25,41,30,28,46,52,,39,58,35,10,11,26,16,83,11,9,44,17,87,54,23,32,47,43,39,45,39
20150723,5,PM10,,,,,,,,,,86,44,,,59,66,,,18,,49,,,,53,,,,58,,72,,,,,49
20150723,5,AQI,84,79,89,69,78,66,85,59,72,67,57,78,62,37,58,80,93,56,51,78,66,79,43,46,62,67,87,77,56,56,82,74,79,82,75
20150723,6,PM2.5,46,38,49,40,39,25,36,28,38,38,25,42,54,,36,52,45,14,12,58,12,46,13,6,41,16,90,57,16,41,42,43,38,43,38
20150723,6,PM10,,,,,,,,,,46,44,,,69,52,,,18,,59,17,,,,,19,,64,30,79,,,,,72
20150723,6,AQI,81,77,86,68,76,65,83,58,71,65,56,76,62,39,57,79,91,54,49,79,65,78,42,45,62,66,89,77,55,56,79,73,76,80,73
20150723,7,PM2.5,46,35,49,52,41,35,41,27,33,39,21,21,41,,43,44,41,16,14,67,22,38,17,7,44,20,85,66,31,46,47,43,36,48,45
20150723,7,PM10,,36,,,77,45,45,,,,54,,43,101,116,,,28,,,28,51,51,52,,,,,47,93,,,48,73,74
20150723,7,AQI,78,75,83,68,73,63,80,57,68,64,54,72,61,42,57,78,88,53,48,80,62,77,41,44,61,64,90,78,54,56,77,71,73,78,71
20150723,8,PM2.5,48,42,46,12,40,34,43,36,44,32,19,27,35,57,48,55,45,19,12,69,31,45,18,14,40,17,96,86,48,40,48,40,39,46,43
20150723,8,PM10,,,,,,,,45,,,,67,,109,,68,,24,,91,31,,,,,,,,,,,41,54,,
20150723,8,AQI,76,73,81,64,70,61,77,55,67,62,51,69,60,57,56,76,86,51,45,80,60,76,41,43,60,64,92,79,55,56,75,68,70,75,68
20150723,9,PM2.5,45,43,54,19,41,37,53,35,45,31,14,32,39,65,64,68,70,28,14,78,54,63,21,12,48,14,106,96,59,37,54,46,40,44,40
20150723,9,PM10,,,,35,,,,,,,23,43,,,83,83,,33,,87,71,72,28,17,,18,,,88,,56,,57,76,69
20150723,9,AQI,73,70,79,61,67,58,75,54,64,61,46,66,58,56,57,76,85,49,42,80,58,76,39,41,59,60,95,80,56,54,73,66,68,73,65
20150723,10,PM2.5,42,56,49,53,45,35,51,33,46,33,16,32,38,60,75,81,117,26,11,93,94,78,27,18,59,33,99,94,57,39,42,52,40,51,46
20150723,10,PM10,,,,,,,,,,58,43,33,,,89,94,,36,,,104,,,,,70,,,,51,,52,,79,
20150723,10,AQI,71,68,77,59,64,55,72,53,61,57,41,62,57,55,58,75,86,46,37,81,59,77,37,39,58,60,97,82,56,53,70,64,66,70,63
20150723,11,PM2.5,45,50,55,32,48,40,49,22,40,37,19,36,28,51,80,97,132,29,19,96,102,96,35,18,62,,101,102,67,39,35,48,40,49,52
20150723,11,PM10,,,,36,,47,,,,,48,,47,,,,,39,,,,,36,35,,,,,,,,,47,81,125
20150723,11,AQI,68,66,74,56,62,54,70,53,59,57,38,59,56,55,58,76,88,43,37,83,60,78,35,36,59,61,98,84,57,53,67,63,64,68,61
20150723,12,PM2.5,56,53,57,48,51,48,55,27,44,45,27,45,37,63,84,96,141,24,37,81,91,97,38,30,35,,105,100,,41,45,51,42,51,59
20150723,12,PM10,61,,,,,51,,,,62,66,56,,75,93,,,,,,,,63,54,37,132,,,,55,66,,84,86,90
20150723,12,AQI,67,64,73,55,60,52,68,53,57,56,47,57,56,47,61,78,90,41,38,83,61,79,36,36,58,64,100,87,,53,66,62,61,69,60
20150723,13,PM2.5,70,68,74,66,59,58,62,37,46,54,36,53,40,73,91,94,133,30,45,90,78,71,38,34,45,,82,117,105,,62,60,,69,61
20150723,13,PM10,72,,,67,,,,38,,100,90,56,,131,,,,35,,,,,,60,,82,,,,,,,,94,69
20150723,13,AQI,,,,,,,,,,,,,,,,,,,,,,,,,,,,,,,,,,,
20150723,14,PM2.5,90,85,80,71,70,76,65,42,52,59,38,50,56,83,96,96,117,38,39,77,66,63,23,42,220,,73,121,110,,71,77,,78,68
20150723,14,PM10,,,,81,,,,,,66,64,,,99,,,,,,,,,,47,,65,,,,,,,,89,
20150723,14,AQI,,,,,,,,,,,,,,,,,,,,,,,,,,,,,,,,,,,
20150723,15,PM2.5,85,70,81,74,87,74,69,45,56,68,42,43,69,83,88,75,99,42,38,60,47,95,28,41,39,,46,116,102,,76,72,,79,68
20150723,15,PM10,,,,,,,,,,80,58,,,,,,,,,,,,,44,41,53,,,,,,,,,
20150723,15,AQI,,,,,,,,,,,,,,,,,,,,,,,,,,,,,,,,,,,
20150723,16,PM2.5,79,80,80,76,81,72,80,51,49,65,38,44,68,77,77,67,75,52,43,53,43,96,27,49,3,,54,92,92,,78,86,73,80,71
20150723,16,PM10,83,86,83,81,,,,64,50,69,60,113,,81,,,,62,,,,,32,50,5,63,54,,,,,,98,111,102
20150723,16,AQI,96,110,110,55,63,110,103,52,73,105,77,100,60,88,114,113,92,87,69,84,58,82,44,47,61,62,99,101,112,,76,82,61,75,74
20150723,17,PM2.5,90,76,66,75,78,77,,26,26,64,34,42,53,75,83,74,67,43,22,43,49,73,12,47,,,66,86,73,,84,80,67,87,69
20150723,17,PM10,,,73,,,89,17,,,,,,,96,116,80,,,,49,63,,16,,,62,,,76,,93,87,79,104,79
20150723,17,AQI,78,90,81,56,104,106,75,52,52,57,50,58,60,57,105,110,93,44,42,103,59,84,43,43,54,62,99,101,83,,67,65,61,69,104
20150723,18,PM2.5,56,60,41,48,41,55,,14,16,20,19,12,11,48,70,85,69,24,13,69,25,46,19,23,,,78,67,80,,64,62,36,61,54
20150723,18,PM10,,,,,,,5,15,16,,,13,,,,96,,,,102,,,73,,,,,,,,,,,,60
20150723,18,AQI,72,65,70,56,63,68,60,44,50,56,46,55,58,56,74,102,89,33,34,106,58,82,74,36,46,62,100,100,72,73,67,65,60,71,63
20150723,19,PM2.5,43,38,24,21,36,38,9,13,21,23,9,19,19,25,63,69,78,20,17,75,24,49,32,24,28,,84,71,81,10,38,26,20,29,43
20150723,19,PM10,53,,25,,,,37,18,,90,30,54,,,,71,,32,,101,,,33,,,,,75,100,37,52,,,65,48
20150723,19,AQI,71,65,68,54,61,55,57,39,49,57,43,54,56,56,75,84,90,30,29,102,56,80,63,36,72,59,101,98,74,58,66,64,58,69,62
20150723,20,PM2.5,34,27,36,23,27,25,22,21,22,29,18,21,9,18,31,78,52,33,21,73,23,44,32,28,31,,87,75,73,19,29,23,32,34,33
20150723,20,PM10,64,,,72,,44,64,,,84,62,40,16,38,,107,,54,,77,,,66,28,,21,,78,,65,44,53,91,106,51
20150723,20,AQI,70,63,67,53,60,53,57,39,49,58,44,53,54,56,73,82,88,32,28,84,53,78,54,37,73,57,100,96,76,58,64,62,58,71,60
20150723,21,PM2.5,38,30,37,22,36,23,25,19,20,31,17,22,18,31,32,78,36,30,18,82,22,48,41,33,24,,88,84,76,26,30,35,42,36,48
20150723,21,PM10,75,46,53,58,66,53,55,26,,93,34,42,26,103,96,132,,40,,119,25,50,57,39,24,27,,87,,27,49,79,102,106,86
20150723,21,AQI,71,64,68,54,69,54,58,39,49,59,44,53,54,57,73,83,89,33,29,84,52,77,42,37,73,55,100,95,76,57,65,63,62,68,63
20150723,22,PM2.5,56,31,43,42,42,24,39,23,24,34,16,26,19,32,37,85,32,30,17,70,26,51,54,38,33,,92,97,58,29,32,49,37,43,51
20150723,22,PM10,81,36,60,,80,44,100,31,,125,55,46,24,110,101,110,,38,,79,53,,68,41,,24,,,,72,54,94,85,99,136
20150723,22,AQI,73,64,69,56,75,55,59,40,50,63,46,53,54,59,75,87,89,34,29,82,53,76,44,38,74,53,101,99,78,57,66,65,63,70,68
20150723,23,PM2.5,55,30,47,30,39,32,38,30,20,31,26,37,19,39,51,82,32,34,16,52,28,64,57,36,16,,91,110,62,30,33,47,42,52,49
20150723,23,PM10,78,38,89,51,61,79,46,48,,62,90,55,30,94,88,129,46,54,,59,,,,,,26,,,,56,64,89,92,114,103
20150723,23,AQI,74,65,71,57,67,56,60,41,49,62,50,53,54,61,77,90,90,35,30,80,54,79,44,38,73,51,102,104,81,57,67,66,61,71,66
20150723,0,SO2,2,2,2,2,2,2,2,13,2,4,2,2,2,6,2,3,2,2,2,2,2,2,2,2,2,2,3,2,2,4,2,3,2,4,4
20150723,0,NO2,41,31,41,34,61,34,41,14,18,62,2,19,46,29,40,16,28,28,23,16,3,16,31,3,27,7,18,31,10,15,71,83,58,97,119
20150723,0,O3,60,58,61,44,86,65,55,23,51,28,61,93,45,,64,88,70,49,40,125,59,86,44,61,63,57,82,79,117,76,41,26,42,15,5
20150723,0,CO,0.8,0.7,0.8,0.8,0.7,0.9,0.7,0.4,0.3,0.8,0.1,0.1,0.5,0.8,0.8,0.4,0.6,0.2,0.5,0.6,0.4,0.6,0.4,0.4,0.5,0.7,0.5,0.3,0.7,0.3,0.8,1,0.8,1,0.9
20150723,1,SO2,2,2,2,2,2,2,2,14,2,5,2,2,2,6,2,3,2,2,2,2,2,2,2,2,4,2,2,2,2,4,2,2,2,3,3
20150723,1,NO2,46,35,44,41,51,35,44,25,9,42,2,20,44,39,33,26,42,14,16,13,3,13,19,5,86,6,16,45,31,23,69,61,62,81,113
20150723,1,O3,45,48,48,25,76,54,38,16,56,28,55,77,38,,50,58,43,49,35,125,53,80,52,53,4,65,97,54,74,46,20,35,21,15,2
20150723,1,CO,0.9,0.8,0.9,0.8,0.6,0.9,0.8,0.4,0.3,0.8,0.1,0.1,0.6,0.8,0.7,0.5,0.6,0.2,0.4,0.4,0.5,0.6,0.5,0.4,0.5,0.6,0.3,0.3,0.7,0.2,0.9,0.9,1,0.9,0.9
20150723,2,SO2,2,2,2,2,2,2,2,14,2,5,2,2,3,2,2,2,2,2,2,2,,2,2,2,2,2,2,2,4,4,2,2,7,3,5
20150723,2,NO2,62,40,44,34,64,37,55,22,8,57,6,54,45,52,60,21,32,2,24,12,2,15,29,4,48,3,10,41,15,12,58,67,67,76,98
20150723,2,O3,21,24,32,22,53,42,17,5,43,2,46,15,26,,27,61,36,62,15,110,38,69,28,55,28,66,75,29,47,38,19,11,14,10,2
20150723,2,CO,1.1,0.8,0.8,0.6,0.7,0.8,1,0.4,0.3,0.9,0.1,0.1,0.7,0.9,0.7,0.4,0.6,0.2,0.3,0.4,,0.6,0.4,0.4,0.5,0.5,0.3,0.4,0.5,0.2,0.8,1.1,0.9,0.9,0.9
20150723,3,SO2,2,2,2,2,2,2,2,14,2,5,2,2,3,2,2,2,2,2,2,2,2,2,2,2,2,2,2,2,2,4,2,2,5,2,6
20150723,3,NO2,66,30,47,39,49,58,49,17,11,53,19,43,46,69,85,18,33,2,17,15,6,17,50,5,35,4,11,44,7,28,67,57,70,69,101
20150723,3,O3,16,23,33,11,56,15,16,2,33,5,29,23,19,,9,54,27,55,2,101,,58,2,47,34,51,68,8,39,26,2,11,5,13,2
20150723,3,CO,1,0.8,0.8,0.9,0.6,0.8,0.7,0.4,0.3,0.8,0.1,0.3,0.7,1,0.7,0.5,0.6,0.2,0.1,0.4,0.5,0.5,0.4,0.4,0.4,0.5,0.3,0.4,0.6,0.2,0.9,0.9,0.9,0.8,0.9
20150723,4,SO2,2,2,2,2,2,2,2,15,2,5,2,2,3,2,2,2,2,2,2,2,2,2,2,2,2,2,2,2,2,4,2,2,2,2,6
20150723,4,NO2,54,42,53,44,44,62,46,28,12,82,26,34,63,75,65,27,26,7,10,15,,16,53,6,16,4,15,55,4,25,62,65,63,72,91
20150723,4,O3,25,11,12,8,48,10,,2,33,2,12,43,2,,15,23,30,42,35,93,,39,2,35,2,47,54,2,47,32,4,2,,5,2
20150723,4,CO,1,0.9,0.9,0.9,0.6,0.8,0.7,0.5,0.4,0.9,0.1,0.3,0.8,1.1,0.7,0.5,0.6,0.2,0.3,0.5,0.5,0.5,0.4,0.4,0.4,0.5,0.5,0.4,0.6,0.2,0.9,1.1,0.9,0.9,0.9
20150723,5,SO2,2,2,2,2,2,2,2,15,2,5,2,2,3,2,2,2,2,2,2,2,2,2,2,2,3,2,3,2,2,4,2,2,2,5,5
20150723,5,NO2,50,59,48,45,50,67,42,20,10,75,37,38,62,57,71,29,22,19,,28,,36,22,9,63,3,22,55,5,41,46,70,65,84,78
20150723,5,O3,19,3,17,11,36,4,12,2,30,2,2,41,2,,11,13,21,24,27,56,40,19,16,27,2,50,71,2,25,5,11,2,3,2,2
20150723,5,CO,0.9,1,0.8,0.9,0.6,0.8,0.7,0.5,0.4,1,0.1,0.3,0.7,1,0.7,0.6,0.6,0.3,0.3,0.6,0.5,0.6,0.4,0.4,0.5,0.5,0.7,0.4,0.6,0.2,0.7,1,0.8,1.1,0.9
20150723,6,SO2,2,2,2,2,2,2,2,15,2,5,2,2,3,2,2,2,2,2,2,2,2,2,2,2,2,2,4,2,2,4,2,2,5,5,7
20150723,6,NO2,40,44,47,39,54,61,44,15,11,67,25,31,61,60,85,33,51,36,12,28,4,38,26,10,44,3,18,56,5,36,47,64,68,74,73
20150723,6,O3,28,10,17,13,30,5,5,2,22,2,7,50,2,,5,14,2,11,35,49,35,6,22,28,2,45,78,2,32,5,12,2,4,2,2
20150723,6,CO,0.7,0.8,0.8,0.8,0.6,0.8,0.7,0.5,0.4,1,0.1,0.4,0.6,1.1,0.9,0.5,0.8,0.4,0.4,0.7,0.5,0.7,0.4,0.4,0.6,0.5,0.8,0.5,0.6,0.2,0.8,0.9,0.8,1,1.1
20150723,7,SO2,2,2,2,2,2,2,2,15,2,5,2,2,3,2,2,2,2,2,2,2,2,2,2,2,2,2,4,2,2,4,2,2,4,9,4
20150723,7,NO2,49,48,59,51,54,65,41,23,14,60,11,29,53,71,79,27,48,23,19,29,7,18,44,6,47,4,13,54,11,36,53,70,81,96,68
20150723,7,O3,25,11,12,15,46,4,13,2,29,2,18,53,5,,12,33,8,18,32,45,25,26,6,29,2,45,66,5,54,6,14,2,2,2,2
20150723,7,CO,0.8,0.8,0.9,0.9,0.6,1,0.7,0.5,0.4,0.9,0.1,0.4,0.7,1.4,0.9,0.5,0.8,0.3,0.5,0.8,0.6,0.7,0.4,0.4,0.6,0.5,0.7,0.6,0.7,0.3,0.8,0.9,0.9,1.4,0.9
20150723,8,SO2,2,2,2,2,2,2,2,16,2,5,2,2,3,2,2,3,2,2,2,2,2,2,2,2,2,2,8,2,2,4,2,2,4,8,3
20150723,8,NO2,53,62,61,50,52,56,47,35,36,59,3,39,53,79,77,29,49,38,18,33,7,25,35,6,20,3,16,42,31,34,53,71,69,114,88
20150723,8,O3,31,22,27,29,57,32,23,4,22,9,32,58,13,6,25,29,10,12,38,50,38,30,27,37,30,50,89,36,47,15,28,13,18,2,16
20150723,8,CO,0.9,0.9,0.9,0.8,0.7,0.8,0.8,0.6,0.5,0.8,0.1,0.6,0.6,1.5,0.9,0.6,0.8,0.4,0.5,0.9,0.6,0.8,0.4,0.4,0.5,0.5,0.9,0.6,0.8,0.3,0.8,0.9,0.9,1.2,0.8
20150723,9,SO2,2,2,2,2,2,2,2,18,2,5,2,2,3,2,2,5,2,2,2,2,4,2,2,2,4,2,10,2,2,4,2,2,2,6,3
20150723,9,NO2,41,62,61,45,47,39,63,24,24,62,6,38,50,82,63,29,52,51,18,27,15,39,22,23,24,3,22,30,50,28,55,81,71,109,87
20150723,9,O3,57,30,36,40,83,63,13,10,46,17,42,70,14,5,45,38,26,10,38,86,62,36,63,35,17,63,80,62,43,24,38,15,22,6,22
20150723,9,CO,0.8,0.9,1,0.8,0.8,0.7,0.9,0.7,0.5,0.9,0.1,1,0.6,1.5,0.8,0.6,0.9,0.4,0.5,0.9,0.8,0.9,0.5,0.4,0.6,0.6,0.8,0.6,1,0.3,0.8,1,0.9,1.2,1
20150723,10,SO2,2,2,2,2,2,2,2,18,2,5,2,2,3,2,2,6,2,2,2,6,6,3,3,2,66,3,10,2,2,5,2,2,5,7,3
20150723,10,NO2,48,66,63,46,58,36,66,20,23,73,12,42,48,81,58,,50,44,23,18,21,22,13,35,36,3,21,31,51,32,48,86,66,112,83
20150723,10,O3,57,26,43,44,,76,20,17,55,8,41,76,20,,58,56,55,21,39,127,73,74,77,30,20,78,98,73,40,24,,16,42,8,27
20150723,10,CO,0.8,0.9,1,0.9,0.8,0.7,0.9,0.6,0.5,0.9,0.1,1,0.6,1.4,0.9,0.8,1,0.4,0.5,0.9,0.9,0.8,0.5,,1.1,0.7,0.8,0.6,0.9,0.3,0.8,1,0.9,1.2,1
20150723,11,SO2,2,2,2,2,2,2,2,19,2,5,2,2,3,2,2,5,2,2,5,6,6,4,9,2,74,,10,2,2,5,2,2,4,7,3
20150723,11,NO2,52,55,55,53,59,42,71,20,32,77,18,40,50,70,63,56,37,31,26,14,21,16,15,24,27,4,17,29,59,34,44,78,62,120,88
20150723,11,O3,61,44,61,40,79,70,28,35,57,18,62,86,32,15,61,69,73,60,61,160,80,108,88,53,62,84,116,96,56,51,74,30,50,8,29
20150723,11,CO,0.9,0.9,1,0.9,0.9,0.8,1,0.5,0.6,1,0.1,1,0.7,1.2,0.9,0.8,1.1,0.4,0.6,1,1,0.9,0.5,,1,1,0.8,0.7,1,0.4,0.8,0.9,0.9,1.4,1.1
20150723,12,SO2,2,2,2,2,2,2,2,21,2,5,2,2,3,2,2,6,2,2,6,5,5,4,13,6,42,,9,2,,5,2,3,2,6,3
20150723,12,NO2,61,56,58,54,63,44,56,16,23,63,10,33,31,73,67,55,35,20,29,13,14,15,15,13,21,5,16,20,,28,72,82,71,138,92
20150723,12,O3,60,73,77,64,105,81,87,50,108,66,148,139,100,41,70,86,92,100,113,173,115,130,100,93,91,108,138,143,,91,52,51,53,20,35
20150723,12,CO,1.2,0.9,1.1,1,1,0.8,1,0.5,0.6,1,0.1,1,0.5,1.3,1,0.8,1.1,0.3,0.7,1,0.9,0.9,0.6,0.7,0.8,0.8,0.9,0.9,,0.7,1,1.1,1.1,1.4,1.1
20150723,13,SO2,2,2,2,2,,2,2,21,2,6,2,2,3,2,2,6,2,2,6,5,5,4,19,14,30,,8,2,2,,2,3,2,4,2
20150723,13,NO2,62,52,53,53,,54,48,16,18,49,3,22,30,68,52,44,37,14,22,12,11,10,15,14,18,5,12,20,,,66,69,66,131,87
20150723,13,O3,89,115,125,88,,106,136,69,158,124,176,195,108,84,117,123,102,129,176,185,126,146,122,117,121,118,161,175,152,,93,91,87,51,76
20150723,13,CO,1.1,0.9,1.1,1,,1,0.9,0.5,0.6,1,0.1,0.9,,1.4,1.1,0.8,1.1,0.3,0.7,1,0.8,0.7,0.6,0.6,0.7,0.9,0.8,1,1.4,,1,1,1.1,1.3,0.9
20150723,14,SO2,2,2,2,2,,2,2,22,2,6,2,2,3,2,2,6,2,2,6,2,4,3,16,11,12,4,5,3,2,,2,4,2,5,2
20150723,14,NO2,59,53,45,,,46,47,30,26,32,2,23,27,39,58,34,28,6,19,12,10,9,8,15,20,5,9,18,,,59,80,85,135,77
20150723,14,O3,122,151,165,109,,153,167,80,186,172,185,201,162,154,153,168,164,168,191,186,138,150,146,145,115,125,163,209,206,,128,114,102,76,119
20150723,14,CO,1.1,1,1,1.1,,0.9,0.9,0.6,0.7,1,0.1,1,0.6,1.2,1,0.8,1,0.3,0.8,0.9,0.7,0.7,0.6,0.6,0.7,0.9,0.6,1,1.3,,1,1.1,1.2,1.3,0.9
20150723,15,SO2,2,2,2,2,,2,2,22,2,6,2,2,3,2,2,5,2,2,6,4,4,2,13,7,7,4,7,4,2,,2,3,3,4,2
20150723,15,NO2,38,28,41,,,34,39,29,28,30,2,17,29,23,40,21,23,6,18,13,9,10,6,14,26,6,9,16,11,,53,62,66,128,68
20150723,15,O3,170,195,201,140,,191,205,87,193,200,201,192,165,206,208,197,184,187,176,190,136,161,153,156,134,141,165,215,234,,162,156,141,98,155
20150723,15,CO,1,0.8,1,1,,0.9,0.9,0.7,0.7,1.2,0.1,0.9,0.7,1,0.9,0.7,0.9,0.4,0.8,0.8,0.6,0.8,0.6,0.6,0.7,0.9,0.5,0.9,1.3,,0.9,1,1,1.2,0.8
20150723,16,SO2,2,2,2,2,,2,2,20,2,5,2,2,2,2,2,5,2,2,6,5,4,2,19,5,25,4,5,3,2,,2,3,5,5,2
20150723,16,NO2,28,26,37,,,29,39,31,18,27,2,18,26,14,20,19,22,10,23,11,11,11,9,17,45,6,10,13,9,,55,56,89,148,64
20150723,16,O3,197,218,218,151,,219,204,82,178,209,181,199,166,190,227,224,184,190,175,187,153,162,141,150,94,142,184,201,223,,180,185,137,100,179
20150723,16,CO,0.9,0.9,1,1,,0.9,0.9,0.8,0.7,1.2,0.1,1,0.7,0.9,0.9,0.6,0.8,0.5,0.7,0.6,0.7,0.7,0.7,0.6,0.7,1,0.5,0.8,1.2,,0.9,1,1.1,1.2,0.8
20150723,17,SO2,2,2,2,2,,2,2,17,2,5,2,2,3,2,2,5,2,2,6,3,4,3,10,4,5,3,5,3,2,,2,3,6,4,2
20150723,17,NO2,28,22,34,29,53,33,32,13,9,40,2,26,28,14,20,21,29,15,15,12,11,12,9,17,40,6,11,13,7,,72,45,60,131,37
20150723,17,O3,182,192,185,127,207,211,180,52,138,149,157,162,155,165,208,219,194,138,131,205,158,158,137,136,163,137,187,200,186,,150,160,135,83,207
20150723,17,CO,0.9,0.9,0.9,0.9,0.9,0.9,0.7,0.4,0.5,1.1,0.1,0.9,0.6,1,1,0.7,0.8,0.4,0.5,0.6,0.9,0.7,0.6,0.6,0.7,0.9,0.5,0.8,1,,0.9,0.9,0.9,1.1,0.7
20150723,18,SO2,2,2,2,2,2,2,2,14,2,5,2,2,3,2,2,5,2,2,6,4,3,2,4,4,2,4,5,2,2,25,2,2,6,5,2
20150723,18,NO2,26,23,45,34,52,32,36,15,6,58,2,28,22,26,25,33,47,32,13,22,9,10,14,10,41,6,16,13,5,144,66,44,63,141,36
20150723,18,O3,151,157,120,102,164,174,107,36,84,75,125,114,112,134,171,204,162,72,108,211,113,125,179,97,145,119,190,176,167,96,123,130,92,44,166
20150723,18,CO,0.8,0.8,0.8,0.8,0.7,0.8,0.6,0.4,0.4,0.7,0.1,0.8,0.3,0.8,0.9,0.8,0.8,0.4,0.5,0.7,0.5,0.6,0.6,0.5,0.8,0.7,0.6,0.6,1,0.1,0.9,0.8,0.8,1.2,0.6
20150723,19,SO2,2,2,2,2,2,2,2,15,2,5,2,2,3,2,2,4,2,2,5,2,3,2,3,2,3,2,4,2,2,3,2,2,5,7,2
20150723,19,NO2,51,38,74,59,66,57,58,14,7,71,2,35,28,37,39,34,45,32,28,26,6,12,18,9,48,5,17,17,5,23,85,84,81,138,79
20150723,19,O3,90,97,58,55,109,127,67,34,51,60,96,101,91,92,154,167,131,52,77,203,98,101,170,95,87,96,174,156,137,54,62,60,44,21,107
20150723,19,CO,0.9,0.7,0.8,0.8,0.8,0.9,0.6,0.4,0.4,0.8,0.1,0.9,0.4,0.7,0.9,0.7,0.9,0.5,0.5,0.7,0.5,0.5,0.6,0.5,0.7,0.6,0.6,0.7,1.1,0.5,0.9,0.8,0.7,1,0.6
20150723,20,SO2,2,2,2,2,2,2,2,18,2,5,2,2,3,2,2,4,2,2,5,2,3,2,2,2,3,2,3,2,2,3,2,2,6,6,2
20150723,20,NO2,61,66,72,65,83,82,68,25,10,102,23,40,23,52,67,52,35,59,34,23,8,20,22,12,84,4,17,23,6,44,74,90,100,141,113
20150723,20,O3,64,36,50,38,81,59,50,22,44,6,62,87,89,60,89,134,100,42,62,180,83,90,163,83,13,81,155,107,78,22,54,37,30,11,43
20150723,20,CO,0.8,0.8,0.9,0.9,0.7,0.9,0.7,0.4,0.4,0.9,0.1,0.9,0.3,0.7,0.8,0.8,0.7,0.6,0.6,0.8,0.5,0.5,0.6,0.6,0.6,0.6,0.6,0.7,1.1,0.4,0.9,0.9,0.9,1.1,0.7
20150723,21,SO2,2,2,2,2,2,2,2,18,2,5,2,2,3,2,2,5,2,2,6,2,3,2,2,2,2,2,3,2,2,4,2,4,4,5,2
20150723,21,NO2,89,63,91,82,136,86,73,31,9,115,19,41,32,85,114,74,31,46,35,47,17,18,31,11,76,5,17,32,11,47,78,116,123,128,108
20150723,21,O3,31,13,14,16,31,43,32,15,60,2,55,66,70,17,22,90,78,39,45,118,66,72,133,63,4,61,168,93,68,17,36,2,4,4,21
20150723,21,CO,1.2,0.9,1.1,1,1.2,1,0.8,0.5,0.3,1,0.1,1,0.4,0.9,0.9,0.9,0.6,0.5,0.6,0.9,0.6,0.6,0.7,0.6,0.6,0.5,0.6,1.2,1.1,0.3,0.9,1.2,1.2,1.3,0.9
20150723,22,SO2,2,2,2,2,2,2,2,16,2,6,2,2,3,2,2,5,2,2,6,2,3,2,2,2,2,2,3,2,2,4,2,8,4,5,4
20150723,22,NO2,100,64,102,91,149,81,95,34,13,111,12,52,31,96,134,91,37,37,38,25,10,14,37,9,41,6,17,27,14,59,102,117,124,128,136
20150723,22,O3,19,5,2,5,10,43,2,2,55,2,50,43,61,2,9,48,58,44,33,119,56,66,106,54,10,54,157,106,56,3,5,2,2,2,2
20150723,22,CO,1.4,1,1.3,1.2,1,1,1.3,0.4,0.3,1.1,0.1,1,0.4,1,1.2,0.9,0.6,0.5,0.6,0.8,0.6,0.6,0.7,0.6,0.5,0.5,0.8,1.6,0.9,0.3,1.1,1.8,1.2,1.4,1.5
20150723,23,SO2,2,2,2,2,2,2,2,17,2,6,2,2,3,2,2,6,2,2,5,2,2,2,2,2,2,2,4,2,2,4,2,9,7,7,3
20150723,23,NO2,97,52,103,89,132,106,85,39,13,103,61,59,46,93,135,108,50,17,31,20,8,29,44,10,9,5,25,30,10,50,105,122,122,127,125
20150723,23,O3,16,4,2,2,13,16,2,2,65,2,5,28,36,2,8,19,31,58,33,121,46,45,71,52,34,46,114,85,77,3,2,2,2,2,2
20150723,23,CO,1.3,1,1.5,1.3,1,1.2,1.2,0.5,0.4,1.1,0.1,1.2,0.5,1.1,1.2,1,0.7,0.5,0.6,0.7,0.6,0.7,0.7,0.6,0.5,0.5,1.5,1.2,0.9,0.3,1.2,1.9,1.4,1.6,1.3
