date,hour,type,dongsi,tiantan,guanyuan,wanshouxigong,aotizhongxing,nongzhanguan,wanliu,beibuxingqu,zhiwuyuan,fentaihuayuan,yungang,gucheng,fangshan,daxing,yizhuang,tongzhou,shunyi,changping,mengtougou,pinggu,huairou,miyun,yanqing,dingling,badaling,miyunshuiku,donggaocun,yongledian,yufa,liulihe,qianmeng,yongdingmengxi,xizhimengbei,nansanhuan,dongsihuan
20151019,0,SO2,5,7,5,5,7,7,4,6,3,2,7,5,11,5,8,11,9,2,3,11,8,2,2,6,3,7,12,2,2,4,7,15,4,11,9
20151019,0,NO2,40,47,24,50,46,43,35,56,21,62,35,46,35,33,63,77,66,40,26,50,61,51,42,35,55,28,34,45,33,36,53,62,53,66,46
20151019,0,O3,7,18,29,12,32,27,25,2,47,2,23,19,26,29,22,2,2,24,42,20,2,5,12,27,2,7,43,2,2,16,9,87,5,10,25
20151019,0,CO,0.5,0.4,0.4,0.5,0.6,0.6,0.4,0.5,0.4,0.4,0.5,0.6,0.6,0.5,0.7,0.8,0.9,0.6,0.3,0.7,1.2,1.1,0.7,0.7,0.7,0.8,0.4,0.8,0.7,0.3,0.4,0.4,0.5,0.5,0.5
20151019,1,SO2,4,5,5,3,5,5,4,7,2,2,4,4,11,4,6,10,5,2,2,8,7,2,2,5,2,6,12,2,2,3,6,16,3,9,7
20151019,1,NO2,42,49,22,55,43,47,28,56,16,59,28,40,36,32,64,75,64,37,32,49,50,52,35,30,53,23,34,38,33,37,54,56,49,65,46
20151019,1,O3,5,15,30,6,35,21,33,2,55,2,28,21,26,30,19,2,2,25,37,20,2,5,16,30,2,11,46,2,2,9,7,91,10,12,24
20151019,1,CO,0.4,0.4,0.4,0.5,0.5,0.5,0.4,0.4,0.4,0.4,0.4,0.4,0.6,0.5,0.7,0.9,0.9,0.5,0.4,0.6,1.1,1.1,0.6,0.6,0.6,0.7,0.4,0.7,0.8,0.3,0.4,0.4,0.4,0.5,0.4
20151019,2,SO2,5,4,6,3,4,6,5,8,2,4,2,3,9,5,6,9,2,2,2,7,5,2,3,,5,6,13,2,2,4,4,12,5,6,15
20151019,2,NO2,40,58,24,56,44,45,30,55,18,63,31,47,42,35,62,71,57,38,24,39,42,45,42,,54,23,21,40,30,37,56,71,49,62,72
20151019,2,O3,6,5,29,6,34,24,32,2,49,2,21,13,18,28,19,2,2,23,30,22,2,7,13,,2,11,51,2,2,7,4,84,10,10,4
20151019,2,CO,0.4,0.5,0.3,0.5,0.5,0.5,0.4,0.4,0.3,0.4,0.4,0.4,0.6,0.5,0.7,0.8,1,0.5,0.1,0.7,0.8,0.7,0.4,,0.6,0.6,0.3,0.8,0.6,0.3,0.4,0.4,0.3,0.4,0.6
20151019,3,SO2,5,4,5,5,5,7,5,9,2,4,2,2,8,6,6,13,2,2,2,6,4,2,2,4,4,7,10,2,2,4,3,11,5,9,13
20151019,3,NO2,37,60,15,58,42,40,28,49,27,62,27,68,46,29,60,71,54,37,40,36,43,49,42,23,50,22,19,43,32,35,59,73,43,73,73
20151019,3,O3,8,3,42,8,35,30,33,2,30,2,22,3,12,33,20,2,2,23,2,24,2,2,16,34,2,13,54,2,2,5,2,91,17,8,5
20151019,3,CO,0.4,0.5,0.3,0.4,0.4,0.4,0.3,0.4,0.3,0.4,0.4,0.3,0.7,0.4,0.4,0.9,0.8,0.6,0.1,0.6,0.5,0.7,0.4,0.6,0.4,0.5,0.4,0.7,0.5,0.3,0.4,0.5,0.3,0.4,0.5
20151019,4,SO2,5,5,6,5,4,6,5,8,2,4,2,2,10,6,6,12,3,2,2,5,5,2,2,3,4,6,6,2,2,5,3,12,6,10,17
20151019,4,NO2,35,59,15,57,42,39,28,45,24,52,32,65,45,54,58,74,54,35,43,36,46,48,45,35,49,21,17,44,29,39,54,76,34,71,74
20151019,4,O3,10,8,34,12,37,32,,2,29,5,17,10,8,5,19,2,2,19,8,20,2,2,12,16,2,13,46,2,2,3,7,76,,4,2
20151019,4,CO,0.4,0.5,0.3,0.4,0.4,0.4,0.3,0.4,0.3,0.3,0.4,0.3,0.7,0.7,0.4,0.7,0.6,0.6,0.2,0.5,0.6,0.5,0.4,0.6,0.4,0.5,0.4,0.6,0.5,0.4,0.4,0.6,0.3,0.5,0.8
20151019,5,SO2,5,5,6,6,5,6,4,8,2,5,2,2,10,6,6,11,3,2,2,5,4,2,2,2,3,5,6,2,2,5,3,12,5,12,14
20151019,5,NO2,36,62,29,55,38,61,51,45,16,51,37,63,45,52,59,62,53,38,,35,40,41,52,34,47,22,17,43,24,39,59,73,33,75,72
20151019,5,O3,9,4,30,10,41,6,15,2,34,2,11,2,9,3,16,2,2,15,4,16,2,6,3,12,2,8,39,2,2,3,2,80,29,2,2
20151019,5,CO,0.4,0.5,0.3,0.4,0.4,0.6,0.4,0.5,0.3,0.4,0.4,0.4,0.8,0.7,0.5,0.7,0.6,0.6,0.3,0.5,0.7,0.4,0.4,0.6,0.3,0.5,0.4,0.7,0.5,0.4,0.4,0.6,0.3,0.5,0.8
20151019,6,SO2,6,6,6,6,5,7,3,9,2,5,2,3,8,6,6,11,4,2,2,5,4,2,2,2,3,5,6,2,2,5,4,12,6,13,15
20151019,6,NO2,49,65,35,59,53,62,57,45,23,59,48,61,46,52,54,61,50,42,35,34,38,46,53,26,38,20,19,41,21,34,61,75,61,77,72
20151019,6,O3,2,2,24,4,24,2,2,2,22,2,3,2,2,2,14,2,2,8,2,13,3,2,2,19,8,9,31,2,2,3,2,87,9,2,2
20151019,6,CO,0.5,0.6,0.4,0.5,0.5,0.8,0.4,0.6,0.4,0.5,0.5,0.6,0.8,0.7,0.6,0.7,0.6,0.7,0.4,0.5,0.8,0.5,0.4,0.6,0.3,0.6,0.4,0.6,0.6,0.4,0.6,0.6,0.4,0.6,0.9
20151019,7,SO2,7,6,6,5,3,8,,10,2,5,2,2,6,7,6,12,3,2,2,4,4,2,2,2,2,6,5,4,2,5,4,13,9,20,17
20151019,7,NO2,59,62,53,56,68,63,,42,33,60,43,51,47,52,55,61,50,50,36,34,39,47,47,33,40,21,18,44,23,35,61,77,70,74,71
20151019,7,O3,2,2,2,2,2,2,,2,14,2,3,3,2,4,15,2,2,2,2,14,4,2,2,8,2,8,33,2,2,3,2,97,2,2,2
20151019,7,CO,0.6,0.8,0.6,0.6,0.8,0.8,,0.7,0.4,0.8,0.5,0.8,0.9,0.7,0.6,0.6,0.7,0.7,0.4,0.6,0.8,0.6,0.5,0.6,0.3,0.6,0.5,0.5,0.6,0.5,0.8,0.7,0.9,1,1.2
20151019,8,SO2,7,5,6,6,3,8,,9,2,5,3,3,6,8,8,14,4,2,2,5,5,2,2,2,2,5,6,8,2,8,6,14,9,19,14
20151019,8,NO2,56,54,55,53,66,63,,42,32,59,41,49,43,53,56,63,46,47,33,32,33,48,41,27,22,21,18,45,25,38,57,71,70,76,66
20151019,8,O3,2,2,2,4,3,2,,2,15,2,9,4,5,6,17,2,2,4,5,16,12,2,2,12,12,9,32,4,2,3,2,96,2,3,2
20151019,8,CO,0.8,0.8,0.8,0.8,1.1,0.9,,0.7,0.4,0.9,0.5,0.9,0.9,0.8,0.7,0.6,0.7,0.8,0.5,0.6,0.8,0.7,0.6,0.6,0.3,0.6,0.5,0.5,0.7,0.6,0.8,0.9,1.2,1.2,1.2
20151019,9,SO2,5,9,8,10,5,8,,11,2,6,8,4,11,12,10,13,6,3,3,6,7,2,4,4,7,6,7,8,3,7,8,16,8,18,11
20151019,9,NO2,57,59,56,51,69,65,,54,42,55,32,49,41,53,54,58,49,50,30,34,30,44,40,21,34,18,19,41,36,53,54,67,69,73,65
20151019,9,O3,2,7,2,8,5,3,,2,12,2,19,9,12,12,27,2,2,6,13,16,19,5,9,35,16,12,32,11,2,6,2,104,2,4,2
20151019,9,CO,0.9,0.7,0.9,0.8,1.3,1,,0.7,0.6,0.7,0.5,0.8,0.8,0.7,0.6,0.6,0.7,0.9,0.5,0.6,0.7,0.7,0.7,0.6,0.6,,0.6,0.5,0.9,0.5,0.8,0.8,1,1.1,1
20151019,10,SO2,8,10,9,10,8,8,,12,5,10,15,9,16,16,17,14,9,3,5,9,10,6,5,5,9,8,9,12,9,8,6,18,12,17,14
20151019,10,NO2,54,56,60,51,76,70,,56,43,50,30,36,44,39,47,52,49,49,31,46,,40,37,22,30,16,43,34,32,51,59,60,74,65,73
20151019,10,O3,,20,6,16,9,6,,3,23,,29,28,19,30,42,14,6,14,29,10,26,17,18,50,29,26,13,29,25,19,5,97,2,8,3
20151019,10,CO,0.3,0.7,0.9,0.7,1.3,1.1,,0.6,0.6,0.6,0.5,0.5,0.8,0.6,0.5,0.5,0.7,0.8,0.4,0.7,0.7,0.7,0.7,0.6,0.6,,0.6,0.5,0.7,0.5,0.8,0.8,1,0.9,1
20151019,11,SO2,7,9,10,11,9,9,,11,7,10,12,8,15,14,22,18,11,5,6,12,9,8,5,7,8,5,13,14,15,10,7,18,16,18,14
20151019,11,NO2,56,53,54,50,84,75,,54,45,35,31,40,42,31,43,58,57,51,28,39,22,26,29,24,28,10,20,29,29,47,61,59,74,69,81
20151019,11,O3,8,28,24,23,14,11,,14,31,,34,36,30,42,55,21,14,23,51,43,,42,36,59,41,,72,45,44,34,11,111,8,12,7
20151019,11,CO,0.6,0.6,0.6,0.7,1.3,1,,0.6,0.6,0.6,0.5,0.5,0.7,0.5,0.5,0.5,0.8,0.7,0.4,0.6,0.5,0.5,0.7,0.6,0.7,0.1,0.4,0.5,0.7,0.4,0.8,0.6,0.8,0.7,1
20151019,12,SO2,8,10,10,10,10,9,,13,7,10,9,9,16,15,,18,11,4,7,11,10,8,6,7,11,6,11,12,14,11,7,16,17,14,14
20151019,12,NO2,53,54,46,40,79,60,,54,46,40,31,37,39,29,36,54,71,51,33,47,,24,29,43,33,12,23,29,29,52,52,62,66,76,75
20151019,12,O3,14,35,38,39,25,28,,20,41,46,42,41,40,48,64,36,14,31,50,41,36,49,47,47,46,,68,58,50,37,26,99,18,6,19
20151019,12,CO,0.7,0.6,0.6,0.6,1.1,0.8,,0.5,0.6,0.8,0.5,0.5,0.7,0.6,0.5,0.5,0.8,0.7,0.4,0.6,0.5,0.5,0.7,0.8,0.8,,0.4,0.5,0.7,0.4,0.6,0.6,0.7,,0.8
20151019,13,SO2,8,11,9,12,10,10,,15,7,11,9,9,15,25,,21,10,4,9,10,8,7,8,7,13,6,11,11,12,11,9,13,16,15,12
20151019,13,NO2,42,48,47,36,53,53,,62,39,39,27,34,38,25,31,50,82,45,33,55,28,28,28,44,52,,29,34,22,48,48,61,60,81,58
20151019,13,O3,25,50,45,52,51,43,,21,57,58,53,53,48,65,77,53,14,43,57,41,40,51,61,55,42,,68,64,70,51,37,,30,15,41
20151019,13,CO,0.6,0.6,0.6,0.6,0.8,0.7,,0.6,0.6,0.6,0.6,0.5,0.8,0.6,0.6,0.5,0.9,0.7,0.4,0.7,0.6,0.5,0.8,0.8,0.9,0.4,0.4,0.5,0.8,0.4,0.6,0.4,0.6,0.8,0.6
20151019,14,SO2,9,13,10,13,10,10,,13,8,11,9,9,16,39,32,23,9,4,8,10,8,7,11,7,11,7,11,11,15,10,10,16,13,16,12
20151019,14,NO2,37,44,49,32,54,48,,64,38,35,33,34,40,28,28,46,96,45,33,61,31,34,28,42,49,15,27,25,20,46,47,61,70,73,67
20151019,14,O3,35,65,54,67,60,60,,29,62,77,71,67,67,73,95,70,16,52,73,50,49,55,76,65,46,63,84,82,85,64,50,57,31,23,48
20151019,14,CO,0.6,0.7,0.6,0.7,0.8,0.7,,0.6,0.6,0.6,0.7,0.6,0.8,0.7,1.3,0.5,1.1,0.7,0.5,0.7,0.6,0.6,0.9,0.8,0.7,0.5,0.4,0.5,0.8,0.5,0.6,0.5,0.8,1,0.7
20151019,15,SO2,13,21,11,20,11,14,,14,9,14,11,7,16,22,27,30,9,4,9,10,8,6,15,7,8,7,11,9,20,9,16,27,11,22,13
20151019,15,NO2,37,38,43,35,48,44,,61,40,40,35,38,42,29,28,43,95,57,33,62,36,55,35,41,60,19,28,25,23,46,52,59,74,85,63
20151019,15,O3,41,78,71,70,80,74,,35,76,78,115,95,84,81,107,84,20,51,125,58,51,48,80,76,34,64,96,88,95,70,53,63,37,20,63
20151019,15,CO,0.7,0.7,0.6,0.7,0.8,0.7,,0.5,0.6,0.6,0.7,0.6,0.8,0.7,0.6,0.6,1,0.8,0.5,0.7,0.7,0.7,1,0.8,0.6,0.6,0.4,0.5,0.9,0.5,0.7,0.5,0.8,1,0.7
20151019,16,SO2,27,31,18,24,17,27,,13,9,17,8,9,,14,20,35,9,5,8,10,7,5,12,7,8,7,11,8,17,8,27,34,12,23,18
20151019,16,NO2,42,42,49,41,50,51,,66,45,46,33,45,,33,29,41,83,66,37,60,45,72,46,49,72,30,36,26,27,46,60,68,86,104,57
20151019,16,O3,40,75,69,70,83,66,,38,84,84,92,140,,85,114,83,30,46,143,69,40,37,77,77,29,57,108,92,92,76,46,58,32,13,59
20151019,16,CO,0.7,0.7,0.7,0.7,0.9,0.8,,0.6,0.6,0.7,0.7,0.7,,0.7,0.6,0.6,0.9,0.8,0.5,0.7,0.7,0.7,1,0.9,0.6,0.7,0.5,0.5,0.9,0.6,0.7,0.6,0.9,1.1,0.6
20151019,17,SO2,19,16,14,12,21,23,,11,8,9,5,7,11,12,15,26,9,3,5,9,6,3,6,7,7,7,10,6,10,7,13,19,15,14,20
20151019,17,NO2,48,44,56,49,66,55,,72,48,51,27,54,49,46,33,40,66,68,44,52,,96,59,66,89,44,38,29,29,47,80,74,101,104,57
20151019,17,O3,40,70,70,65,70,63,,39,120,85,74,87,66,73,116,82,48,43,81,76,27,17,38,57,17,40,104,84,75,70,31,58,21,16,64
20151019,17,CO,0.7,0.7,0.7,0.8,1,0.8,,0.6,0.6,0.7,0.8,0.8,1,0.8,0.7,0.6,0.9,0.8,0.6,0.7,0.9,0.9,0.7,0.9,0.6,0.8,0.5,0.5,0.9,0.6,0.8,0.6,1.2,1.1,0.6
20151019,18,SO2,9,7,8,6,10,11,,10,2,6,3,5,10,8,11,22,7,2,3,6,5,2,4,4,5,5,5,2,5,6,7,13,11,9,9
20151019,18,NO2,50,46,61,52,90,63,,88,45,68,41,60,73,56,61,54,91,89,70,62,84,113,93,64,70,61,33,39,40,49,87,91,117,101,70
20151019,18,O3,39,59,65,51,48,51,,15,68,57,52,55,37,56,84,61,18,23,27,56,9,2,4,30,36,21,94,47,39,50,24,35,16,9,40
20151019,18,CO,0.8,0.8,0.8,0.8,1,0.8,,0.7,0.7,0.9,0.9,0.8,1.2,0.9,0.8,0.7,1,0.9,0.7,0.8,1,1.1,0.8,0.9,0.7,0.9,0.5,0.6,1,0.6,1,0.7,1.2,1.2,0.8
20151019,19,SO2,8,3,7,3,6,8,7,10,2,4,2,3,10,6,9,21,3,2,2,4,4,2,4,4,5,5,4,2,3,6,6,8,10,7,9
20151019,19,NO2,61,55,61,66,91,88,111,89,39,63,54,86,100,97,81,86,113,102,80,72,117,112,96,72,75,62,32,80,33,52,102,133,127,112,113
20151019,19,O3,27,25,54,28,43,24,3,2,58,47,36,21,7,17,55,26,2,4,10,38,2,2,2,16,28,19,83,2,15,23,5,2,4,2,2
20151019,19,CO,1,0.8,0.9,1,1.3,1,1.5,0.8,0.7,1,1,1.1,1.6,1.1,0.8,0.9,1.2,1.2,0.8,0.9,1.4,1.3,0.8,1,0.6,0.9,0.5,0.9,1,0.6,1.2,1.4,1.4,1.3,1.8
20151019,20,SO2,8,2,5,3,4,7,4,10,2,3,3,3,10,6,7,18,2,2,2,3,3,2,2,3,5,3,4,2,2,6,5,7,7,7,8
20151019,20,NO2,78,68,66,81,109,100,109,84,38,72,60,105,94,117,103,119,107,70,78,69,77,100,88,54,92,52,31,69,29,53,107,134,122,111,105
20151019,20,O3,13,5,38,9,20,8,2,2,39,25,27,3,4,3,28,2,2,17,5,33,2,2,6,28,9,15,72,2,9,15,2,2,2,2,2
20151019,20,CO,1.1,1,1,1.3,1.5,1.2,1.6,0.8,0.6,1.1,1.1,1.7,1.7,1.6,1,1.3,1.2,1,0.8,0.9,1.3,1.3,0.7,0.9,0.6,0.9,0.5,0.9,1.1,0.7,1.5,2,1.4,1.5,2
20151019,21,SO2,7,2,4,2,3,7,4,11,2,2,3,3,9,6,8,16,2,2,2,3,2,2,2,3,5,2,3,2,2,8,6,7,8,8,9
20151019,21,NO2,98,68,89,87,125,103,99,72,46,86,74,94,93,113,117,119,100,61,68,63,52,88,87,43,89,42,27,57,26,75,111,147,118,118,105
20151019,21,O3,2,2,9,3,3,3,2,2,34,4,12,2,3,5,19,2,2,20,6,31,3,2,5,31,12,15,69,2,2,4,2,2,2,2,2
20151019,21,CO,1.4,1.1,1.2,1.8,1.9,1.5,1.5,0.9,0.8,1.3,0.9,1.4,2,1.9,1.3,1.5,1.2,0.9,0.8,0.8,1.1,1.1,0.7,0.9,0.6,0.8,0.5,1.1,1.2,0.9,2,2.2,2.2,2.1,2.2
20151019,22,SO2,7,2,5,2,4,9,4,11,2,5,3,2,8,7,9,14,2,2,2,2,2,2,2,3,5,2,3,2,2,8,6,7,11,8,11
20151019,22,NO2,104,65,110,83,125,107,95,71,79,98,70,90,81,110,109,109,93,66,62,58,41,71,75,47,86,33,24,59,20,62,111,140,119,124,105
20151019,22,O3,2,2,2,3,4,5,2,2,17,2,11,2,2,4,18,2,2,13,13,31,8,2,15,25,7,18,68,2,2,4,2,2,2,2,2
20151019,22,CO,1.7,1.5,1.7,1.9,2.1,1.9,1.4,0.9,0.8,1.9,0.8,1.3,1.9,2.2,1.3,1.2,1.1,0.9,0.7,0.8,0.9,1.1,0.8,0.9,0.6,0.7,0.5,1.3,1.1,0.9,2,2.6,2.3,2.1,2.3
20151019,23,SO2,4,3,5,3,4,13,4,9,2,6,2,2,7,8,10,13,2,2,2,2,2,2,2,3,4,2,3,2,2,8,5,7,11,7,14
20151019,23,NO2,100,57,114,84,118,116,96,65,93,96,59,85,74,112,107,109,87,71,55,55,36,67,59,41,83,35,23,50,25,64,104,135,118,120,106
20151019,23,O3,2,2,2,3,4,4,2,2,4,2,18,2,2,5,18,2,2,6,15,30,7,2,23,25,8,14,66,2,2,4,2,2,2,2,2
20151019,23,CO,2.3,1.6,1.4,2.3,2.3,2.1,1.4,0.9,0.8,2.1,0.8,1.4,1.4,2.5,1.5,1.3,1,0.9,0.6,0.8,0.9,0.9,0.8,1,0.6,0.7,0.5,1.1,1.1,0.9,2.1,2.5,1.9,2,2.5
20151019,0,PM2.5,22,28,21,23,22,23,23,31,15,22,17,37,23,31,,39,35,26,13,35,43,39,33,21,32,39,36,44,27,22,24,21,24,28,22
20151019,0,PM10,51,43,56,65,49,52,52,142,59,61,72,97,29,51,,81,61,66,68,44,104,88,82,67,72,82,,53,,67,58,54,64,68,50
20151019,0,AQI,76,76,61,74,80,81,55,65,53,58,59,74,61,73,97,81,64,60,61,70,63,56,53,52,61,53,76,125,88,78,84,82,64,85,83
20151019,1,PM2.5,19,16,23,23,22,24,16,27,9,16,18,30,16,25,,42,33,17,13,32,50,38,24,21,29,33,30,41,23,25,18,24,25,28,25
20151019,1,PM10,53,35,48,61,45,46,40,132,42,55,53,80,25,46,67,111,77,56,56,50,112,77,59,66,56,65,,65,,59,61,56,59,64,48
20151019,1,AQI,62,64,60,62,65,65,54,66,52,57,58,74,56,63,90,69,60,59,60,60,65,56,53,53,61,53,66,108,74,67,70,68,63,72,69
20151019,2,PM2.5,19,20,18,21,18,21,14,33,8,13,21,24,21,21,,42,45,15,13,34,41,36,19,,25,32,23,50,22,26,21,23,26,24,25
20151019,2,PM10,45,36,39,47,38,38,32,177,32,55,48,66,29,43,67,78,83,39,42,49,106,73,51,,52,62,,62,34,58,51,57,44,55,76
20151019,2,AQI,58,54,59,58,56,55,53,68,53,57,58,72,55,62,85,60,60,59,60,53,66,57,53,,61,54,59,95,60,57,58,59,62,66,57
20151019,3,PM2.5,17,25,17,24,19,19,14,30,9,9,17,26,24,18,,46,42,17,17,34,37,32,17,15,23,34,25,44,24,26,29,23,20,24,24
20151019,3,PM10,34,39,31,44,29,34,28,140,29,47,32,76,30,37,66,95,60,38,36,40,49,61,48,42,42,50,,,28,73,41,51,35,63,60
20151019,3,AQI,57,52,58,58,55,53,53,70,53,57,57,72,53,61,81,61,60,58,60,51,65,57,53,54,61,53,53,85,52,57,57,59,61,65,57
20151019,4,PM2.5,15,20,12,16,18,18,24,30,12,16,16,34,28,32,,42,41,22,16,29,51,35,19,19,25,23,17,45,24,31,21,25,18,22,40
20151019,4,PM10,29,21,28,45,31,28,27,123,25,45,35,82,33,60,,58,45,34,66,29,100,54,46,83,42,55,,47,,72,39,49,34,61,123
20151019,4,AQI,56,51,57,57,54,52,52,72,53,58,56,71,52,60,81,61,59,59,61,50,65,56,53,56,61,53,49,80,47,57,57,58,60,65,58
20151019,5,PM2.5,17,19,15,22,18,31,22,30,6,18,20,31,29,40,,43,40,19,21,27,,28,19,20,21,34,14,45,21,32,23,31,24,34,39
20151019,5,PM10,38,32,38,47,32,52,44,103,24,55,34,69,39,79,,71,42,40,43,34,,50,46,70,44,55,27,59,,44,40,51,34,90,97
20151019,5,AQI,55,50,56,57,53,52,52,73,53,59,55,71,52,60,81,61,58,58,61,49,65,58,54,58,62,53,47,76,45,57,56,58,59,65,59
20151019,6,PM2.5,23,22,17,26,22,41,21,30,10,21,23,33,26,37,,44,39,24,23,29,,25,17,17,24,22,19,51,25,32,27,25,26,37,40
20151019,6,PM10,38,45,42,55,35,70,29,79,22,70,44,69,43,83,139,66,46,46,74,39,111,57,51,47,42,48,32,95,,39,60,57,46,81,97
20151019,6,AQI,54,50,56,57,53,53,52,75,53,59,56,70,51,60,83,61,58,57,62,48,68,57,54,58,62,54,42,74,45,56,56,58,58,65,60
20151019,7,PM2.5,25,37,26,19,31,36,,38,8,30,24,37,26,42,,43,32,23,22,26,39,32,24,19,34,24,21,56,28,34,36,31,39,39,41
20151019,7,PM10,51,75,62,64,53,66,,165,29,109,55,52,41,79,,61,58,54,65,42,73,66,58,61,40,55,25,86,,69,95,77,91,137,112
20151019,7,AQI,54,51,56,57,53,53,,77,54,61,56,69,51,61,83,60,57,57,63,48,68,57,55,58,63,56,39,70,44,56,57,58,59,66,61
20151019,8,PM2.5,33,44,33,32,41,38,,32,14,41,27,41,27,42,,40,35,27,26,30,41,27,27,23,34,26,25,61,30,54,39,38,47,45,49
20151019,8,PM10,83,87,80,79,91,92,,134,46,138,76,104,38,88,88,87,54,60,80,40,91,81,79,58,67,61,27,120,31,178,97,97,106,124,135
20151019,8,AQI,55,52,56,58,54,54,,77,55,63,57,70,52,62,81,60,57,58,62,48,70,59,55,58,62,57,38,66,43,60,58,59,60,67,63
20151019,9,PM2.5,35,37,43,39,53,46,,37,25,35,41,47,33,36,,40,42,26,27,29,47,30,47,22,52,27,16,52,37,53,37,36,57,47,50
20151019,9,PM10,89,46,99,95,111,96,,96,40,105,54,115,45,100,,96,81,86,74,60,71,110,96,64,67,58,38,84,41,101,114,96,118,150,116
20151019,9,AQI,56,52,57,59,55,55,,78,55,63,58,70,52,62,75,60,58,59,63,48,71,61,57,59,63,57,38,63,40,61,60,60,61,69,65
20151019,10,PM2.5,39,31,46,41,59,51,,44,32,31,38,44,38,31,,38,42,38,29,38,42,39,46,25,44,30,34,37,36,59,44,39,58,47,50
20151019,10,PM10,86,78,109,101,121,105,,74,74,98,91,77,54,91,102,97,78,70,76,62,118,118,109,60,79,58,45,70,41,61,107,89,131,123,107
20151019,10,AQI,56,53,58,60,56,56,,79,56,65,60,70,45,61,75,61,58,59,64,49,71,62,59,60,63,57,38,60,38,61,61,61,62,70,66
20151019,11,PM2.5,40,30,34,39,57,55,,42,32,32,37,43,40,3,,46,55,30,30,41,23,29,52,25,53,3,28,40,38,46,49,34,55,,57
20151019,11,PM10,96,75,88,107,115,110,,83,85,80,102,116,56,87,109,113,108,78,74,73,76,79,94,63,98,61,37,99,67,86,108,86,116,110,130
20151019,11,AQI,57,53,58,61,58,58,,80,58,66,60,71,44,61,76,63,59,60,65,50,71,63,60,61,65,57,39,60,38,60,61,61,65,70,67
20151019,12,PM2.5,50,43,40,43,55,51,,40,32,31,38,49,47,3,,43,50,32,28,43,41,30,63,35,68,3,35,48,40,56,50,45,50,,49
20151019,12,PM10,102,94,91,101,94,93,,87,103,119,107,111,62,105,71,109,101,78,111,73,83,72,107,91,109,,45,89,75,116,115,109,111,,101
20151019,12,AQI,58,54,59,62,59,59,,81,60,64,59,72,43,62,74,65,60,61,66,51,71,63,61,62,65,57,40,61,40,61,62,62,65,70,69
20151019,13,PM2.5,58,51,49,58,53,57,,45,35,45,48,55,51,47,,48,52,42,40,47,51,38,74,40,73,28,41,56,49,61,58,,59,43,51
20151019,13,PM10,116,109,105,120,94,107,,95,101,116,115,117,73,116,126,109,116,78,125,86,93,81,120,89,110,134,56,89,69,118,129,116,118,133,104
20151019,13,AQI,59,55,60,63,60,60,,82,60,65,60,70,44,63,76,66,61,61,65,52,71,65,63,63,67,58,41,62,42,62,63,63,65,71,69
20151019,14,PM2.5,66,57,64,68,59,67,,50,40,53,51,61,61,66,,58,70,49,44,62,52,46,78,43,54,39,53,55,55,66,62,,76,69,60
20151019,14,PM10,129,113,116,120,111,112,,105,108,124,129,123,82,124,118,113,136,85,127,100,105,85,120,92,91,113,63,86,84,116,138,125,135,143,120
20151019,14,AQI,60,56,61,64,60,61,,82,60,66,61,71,46,64,76,67,62,62,66,53,71,65,65,65,68,61,43,63,45,64,65,64,67,73,70
20151019,15,PM2.5,75,74,68,71,75,77,,49,45,57,67,,64,63,,67,80,46,57,69,47,60,91,50,41,45,59,62,65,76,67,73,80,77,65
20151019,15,PM10,132,116,122,126,133,112,,116,123,140,145,,90,128,124,124,131,98,148,101,116,101,128,98,69,97,72,100,79,133,138,130,150,150,122
20151019,15,AQI,62,57,62,65,62,62,,82,61,67,63,71,49,65,77,69,63,62,68,54,73,66,67,65,68,61,45,64,48,65,66,66,68,75,71
20151019,16,PM2.5,81,77,84,81,84,85,,56,51,66,69,,3,72,,76,78,49,60,77,67,70,87,54,47,56,76,63,67,88,76,76,84,81,3
20151019,16,PM10,135,125,139,133,125,120,,132,131,134,141,160,,138,139,134,120,115,163,100,128,124,133,103,75,106,80,97,88,125,142,138,157,166,119
20151019,16,AQI,64,59,64,67,64,64,,83,63,69,65,73,49,67,78,71,65,62,69,57,74,67,68,64,66,62,48,65,51,66,68,67,70,77,73
20151019,17,PM2.5,76,79,88,81,88,85,,59,58,68,70,89,,78,,72,78,54,61,72,69,83,55,55,51,59,66,77,72,90,76,74,92,85,48
20151019,17,PM10,141,122,146,144,151,122,,146,145,164,142,195,,139,130,127,125,138,194,102,139,139,88,126,92,124,78,110,84,142,151,147,171,176,135
20151019,17,AQI,66,60,66,69,66,65,,84,64,72,67,76,49,69,79,72,67,64,72,59,75,69,68,65,66,64,51,67,52,68,70,69,73,79,74
20151019,18,PM2.5,90,77,86,85,89,82,3,64,56,80,83,88,99,72,,73,82,48,67,75,70,88,56,50,56,71,67,89,80,94,90,85,99,90,77
20151019,18,PM10,164,119,154,141,158,130,,167,129,173,154,189,113,136,148,140,150,119,212,110,125,161,106,124,124,139,70,132,94,138,166,159,181,202,143
20151019,18,AQI,68,62,67,70,68,67,52,85,64,74,68,79,52,70,80,75,69,64,74,61,76,71,68,66,67,66,53,70,53,68,73,71,75,82,76
20151019,19,PM2.5,104,75,95,92,93,86,3,75,56,82,95,104,112,84,,87,83,60,74,81,94,97,55,58,50,80,80,102,74,94,96,108,115,97,93
20151019,19,PM10,168,104,153,140,160,127,,171,110,173,171,197,147,147,151,166,163,134,215,117,185,168,118,118,100,146,,198,,109,183,205,196,201,178
20151019,19,AQI,70,63,69,71,69,68,56,86,64,76,70,81,53,70,82,76,71,65,76,63,78,73,69,67,66,67,55,72,55,68,75,73,77,83,78
20151019,20,PM2.5,107,84,95,107,106,98,69,74,61,90,108,120,,94,,100,102,65,72,87,93,105,59,55,57,74,72,96,73,93,112,117,122,104,105
20151019,20,PM10,166,93,154,148,174,133,,164,115,208,180,214,,185,151,195,149,105,171,108,155,181,105,108,103,137,,137,,115,187,215,193,199,191
20151019,20,AQI,70,62,69,71,71,69,55,87,64,77,71,82,53,71,81,77,74,65,76,65,80,74,70,67,65,69,56,75,58,71,76,75,78,85,79
20151019,21,PM2.5,109,85,106,106,109,100,86,75,68,98,91,135,,123,,116,100,55,67,82,88,90,55,52,66,64,64,103,85,103,118,126,142,117,114
20151019,21,PM10,170,92,157,141,174,138,,191,125,213,165,236,,203,171,223,158,93,143,108,119,219,106,81,140,98,,124,,166,200,219,221,214,208
20151019,21,AQI,72,63,71,72,72,72,50,88,64,79,73,84,53,75,83,79,77,65,77,67,80,77,70,66,65,69,57,79,61,75,78,77,80,87,81
20151019,22,PM2.5,114,94,112,106,117,115,84,79,71,100,85,109,141,127,,104,103,54,66,86,83,92,66,55,72,60,69,116,82,108,119,126,134,118,117
20151019,22,PM10,185,100,171,137,171,162,,199,121,202,159,184,172,216,174,172,120,101,123,89,116,162,114,90,216,87,,147,,140,197,214,200,211,227
20151019,22,AQI,74,67,73,74,76,76,48,90,65,82,75,87,56,78,85,81,80,65,78,70,80,78,71,66,68,69,59,83,64,79,81,81,85,91,85
20151019,23,PM2.5,134,95,94,113,140,137,87,79,61,123,77,104,114,137,,112,89,53,66,80,78,83,69,52,85,66,70,105,75,102,123,123,125,122,132
20151019,23,PM10,213,108,166,141,215,207,,180,124,243,138,201,142,236,171,171,101,95,130,,81,116,113,81,240,87,,108,,152,199,208,213,208,263
20151019,23,AQI,78,70,75,76,82,82,51,92,66,86,76,89,60,82,86,84,82,65,80,72,79,78,71,66,71,68,61,87,67,83,84,84,90,94,89
