date,hour,type,dongsi,tiantan,guanyuan,wanshouxigong,aotizhongxing,nongzhanguan,wanliu,beibuxingqu,zhiwuyuan,fentaihuayuan,yungang,gucheng,fangshan,daxing,yizhuang,tongzhou,shunyi,changping,mengtougou,pinggu,huairou,miyun,yanqing,dingling,badaling,miyunshuiku,donggaocun,yongledian,yufa,liulihe,qianmeng,yongdingmengxi,xizhimengbei,nansanhuan,dongsihuan
20150831,0,SO2,2,,2,2,2,2,2,2,2,4,2,2,2,2,2,3,2,2,2,2,2,2,2,4,4,3,2,5,2,3,2,4,6,2,2
20150831,0,NO2,42,,45,37,37,47,11,17,9,54,14,15,16,38,55,39,30,20,9,12,3,20,18,6,37,4,7,38,32,18,39,65,49,64,59
20150831,0,O3,31,,46,35,45,34,52,,61,2,43,71,52,12,4,54,36,43,49,38,37,24,49,45,12,45,37,20,3,30,32,15,29,9,20
20150831,0,CO,1.2,,1,1.2,1,1.1,0.8,0.7,0.6,1.2,0.9,0.8,0.9,1.3,1.4,0.9,0.7,0.4,0.8,0.7,0.7,0.8,0.6,0.6,0.7,0.6,,0.8,1.7,0.6,1,1.3,1,1.2,0.9
20150831,1,SO2,2,,2,2,2,2,2,2,2,5,2,2,3,2,2,3,2,2,2,2,2,2,2,4,4,4,2,5,2,3,2,4,9,2,2
20150831,1,NO2,30,,35,27,36,39,17,16,9,33,13,18,16,29,55,48,25,16,8,12,5,8,9,5,21,4,7,47,33,16,25,40,40,52,41
20150831,1,O3,40,,57,41,44,36,38,,37,20,42,66,46,17,2,30,22,40,42,42,30,40,62,39,12,39,47,5,2,23,44,35,36,14,23
20150831,1,CO,1,,0.9,1,1,1,0.8,0.7,0.6,1.1,0.8,0.8,0.9,1.2,1.4,1,0.6,0.4,0.7,0.6,0.7,0.6,0.6,0.6,0.6,0.7,,0.9,1.8,0.6,0.8,1,0.9,1,0.8
20150831,2,SO2,2,,2,2,2,2,2,3,2,5,2,2,5,2,2,3,3,2,2,2,2,2,2,5,4,2,2,2,2,4,2,4,5,2,2
20150831,2,NO2,24,,31,21,32,28,13,15,8,41,11,14,19,33,54,57,30,21,10,13,2,11,9,4,4,4,7,47,43,19,30,37,33,53,35
20150831,2,O3,36,,52,53,47,51,32,,50,10,52,63,41,12,2,16,2,34,34,26,37,24,56,40,27,35,41,8,2,38,42,29,40,17,28
20150831,2,CO,0.9,,0.9,0.9,0.9,0.9,0.8,0.7,0.5,1.1,0.7,0.7,0.8,1.2,1.4,1,0.5,0.3,0.7,0.7,0.6,0.7,0.7,0.6,0.6,0.5,,0.9,1.7,0.6,0.8,0.9,0.8,0.8,0.7
20150831,3,SO2,2,,2,2,2,2,2,2,2,5,2,2,3,2,2,2,2,2,2,2,2,2,2,5,4,2,2,2,2,4,2,4,2,2,2
20150831,3,NO2,20,,32,22,22,24,8,13,8,36,10,15,14,42,20,57,13,10,9,9,2,19,25,4,21,4,9,51,28,16,30,32,27,45,32
20150831,3,O3,35,,52,46,56,58,50,,49,2,56,63,64,10,75,16,12,43,35,36,28,13,20,41,21,39,255,2,7,43,39,46,47,30,33
20150831,3,CO,0.7,,0.9,0.9,0.8,0.8,0.8,0.6,0.5,1,0.7,0.7,0.7,1.1,0.7,0.9,0.6,0.3,0.7,0.6,0.6,0.7,0.6,0.6,0.6,0.5,,0.9,1.6,0.7,0.8,0.8,0.9,0.7,0.5
20150831,4,SO2,2,,2,2,2,2,2,2,2,5,2,2,3,2,2,2,2,2,2,2,2,2,2,5,4,2,2,2,2,4,2,4,2,2,2
20150831,4,NO2,13,,24,15,20,18,3,11,6,27,8,10,11,23,14,29,17,10,14,15,6,20,29,5,5,4,8,51,21,14,17,22,35,47,36
20150831,4,O3,65,,68,68,64,53,49,,46,2,44,107,61,32,66,49,10,37,22,24,14,13,15,41,36,33,32,2,23,,69,65,38,33,23
20150831,4,CO,0.6,,0.8,0.8,0.9,0.8,0.7,0.6,0.5,0.9,0.7,0.6,0.7,0.8,0.6,0.7,0.4,0.4,0.7,0.6,0.7,0.6,0.6,0.6,0.6,0.4,,0.9,1.3,0.6,0.7,0.8,0.9,0.6,0.6
20150831,5,SO2,2,,2,2,2,2,2,2,2,5,2,2,3,2,2,2,2,2,2,2,2,2,2,4,4,2,2,2,2,4,2,4,7,2,2
20150831,5,NO2,19,,25,14,27,21,2,11,5,22,10,14,10,16,17,33,24,15,6,20,15,24,23,6,29,,6,51,20,18,15,21,23,42,25
20150831,5,O3,46,,64,72,46,43,66,,39,50,53,56,60,52,57,29,11,35,35,21,2,3,20,49,9,26,40,2,4,33,65,65,53,32,25
20150831,5,CO,0.9,,0.8,0.8,0.9,0.8,0.6,0.6,0.5,0.8,0.6,0.7,0.6,0.7,0.7,0.8,0.5,0.3,0.6,0.6,0.7,0.7,0.6,0.6,0.7,0.5,,0.9,1.3,0.6,0.6,0.7,0.8,0.6,0.6
20150831,6,SO2,2,,2,2,2,2,2,2,2,4,2,2,3,2,2,,2,2,2,2,2,2,2,4,4,2,2,2,2,4,2,4,5,2,2
20150831,6,NO2,23,,36,14,18,24,2,12,7,24,9,13,14,18,35,,16,52,7,11,12,11,16,7,21,4,6,44,20,19,18,45,39,66,27
20150831,6,O3,42,,51,78,73,29,64,,36,61,55,60,58,54,39,,23,3,37,42,5,27,17,56,8,28,37,8,8,28,53,41,39,27,27
20150831,6,CO,0.9,,0.8,0.8,0.8,0.9,0.6,0.6,0.5,0.9,0.7,0.7,0.7,0.7,0.8,,0.6,0.4,0.6,0.6,0.6,0.6,0.6,0.7,0.7,0.5,,0.9,1.3,0.6,0.7,0.9,0.8,0.7,0.6
20150831,7,SO2,2,,2,2,2,2,2,2,2,5,2,2,3,2,2,2,2,2,2,2,2,2,2,5,4,2,2,2,2,4,2,4,5,7,2
20150831,7,NO2,34,,41,21,35,22,16,15,6,30,12,29,20,38,53,48,18,41,12,15,13,9,10,8,21,4,6,39,21,20,22,70,65,83,64
20150831,7,O3,46,,39,60,42,35,20,,27,51,38,61,48,34,5,16,17,18,35,37,8,45,23,42,13,24,31,5,18,25,50,19,5,5,2
20150831,7,CO,0.9,,0.9,0.9,1.2,0.8,0.8,0.6,0.5,1,0.7,0.8,0.8,0.8,1,0.7,0.6,0.4,0.6,0.7,0.6,0.6,0.6,0.7,0.7,0.5,,0.9,1.3,0.6,0.8,1,1.1,1.1,0.8
20150831,8,SO2,2,,2,2,2,2,2,2,2,4,2,2,3,2,2,2,2,2,2,2,2,2,2,4,5,2,2,2,2,4,2,4,7,7,3
20150831,8,NO2,41,,50,35,37,25,25,13,14,64,14,40,29,48,38,44,19,29,12,28,15,16,13,9,19,5,6,37,21,17,39,83,48,83,66
20150831,8,O3,34,,21,38,31,42,8,,38,2,28,39,47,23,27,19,17,26,38,36,5,38,37,43,27,21,25,6,23,31,32,13,13,3,2
20150831,8,CO,0.9,,1,1,1.2,0.7,0.9,0.6,0.6,1.2,0.7,0.8,0.8,0.9,0.8,0.6,0.6,0.4,0.6,0.8,0.6,0.6,0.6,0.7,0.7,0.5,,0.9,1.2,0.5,0.9,1.1,0.9,1.1,0.8
20150831,9,SO2,2,,2,2,2,2,2,2,2,5,2,2,3,2,2,2,2,2,2,2,2,2,2,5,5,2,2,2,2,4,2,4,8,7,3
20150831,9,NO2,41,,51,41,29,33,27,13,15,55,21,33,40,64,55,41,19,46,8,28,11,16,15,8,20,4,6,30,22,17,46,81,49,89,66
20150831,9,O3,32,,28,45,37,32,20,,50,2,30,40,29,7,13,20,24,15,50,29,12,33,37,52,35,24,17,13,25,48,25,9,16,2,6
20150831,9,CO,0.9,,1,0.9,1,0.7,0.8,0.6,0.6,1.3,0.8,0.8,1,1.2,0.9,0.6,0.6,0.6,0.6,0.9,0.6,0.7,0.6,0.7,0.7,0.5,,0.7,1.2,0.5,0.9,1.1,0.9,1.4,0.9
20150831,10,SO2,2,2,2,2,2,2,2,2,2,5,2,2,3,2,2,2,2,2,2,2,2,2,2,5,4,4,2,2,2,3,2,5,7,4,3
20150831,10,NO2,36,45,34,35,22,38,25,22,14,47,22,32,30,58,46,34,16,39,9,25,8,12,12,11,9,4,7,18,21,19,38,58,40,74,68
20150831,10,O3,38,44,47,53,48,36,27,,55,23,38,47,42,11,27,41,27,18,54,50,17,46,46,55,46,30,15,30,38,42,36,37,29,12,12
20150831,10,CO,0.8,0.8,0.7,0.8,0.7,0.7,0.8,0.6,0.5,1.2,0.8,0.7,0.8,1.2,0.8,0.6,0.8,0.6,0.6,0.8,0.5,0.6,0.6,0.7,0.7,0.5,,0.6,1.2,0.6,0.7,0.8,0.8,1,0.8
20150831,11,SO2,2,2,2,2,2,2,2,2,2,5,2,2,3,2,2,2,2,2,2,2,2,2,2,5,4,4,2,4,2,4,2,5,3,4,3
20150831,11,NO2,28,46,26,31,20,33,15,16,12,34,35,28,49,44,45,33,16,27,16,28,6,7,5,20,2,3,6,18,19,13,35,61,35,75,67
20150831,11,O3,47,49,57,63,54,45,50,,72,43,29,59,34,22,22,52,34,55,56,47,19,53,86,53,97,34,35,42,18,60,44,40,38,17,15
20150831,11,CO,0.7,0.8,0.7,0.8,0.8,0.7,0.7,0.6,0.5,1,0.9,0.7,1,0.9,0.8,0.6,0.8,0.5,0.7,0.9,0.5,0.6,0.5,0.8,0.6,0.5,,0.6,1.2,0.5,0.7,0.8,0.7,0.9,0.9
20150831,12,SO2,2,,2,2,2,2,2,2,2,5,2,2,3,2,2,2,2,2,2,2,2,2,2,5,4,3,2,5,2,3,2,6,9,6,3
20150831,12,NO2,26,,20,32,20,22,8,11,12,35,30,28,32,33,31,21,15,19,22,27,8,5,4,6,2,3,8,16,16,13,56,73,36,,62
20150831,12,O3,56,,70,71,64,57,71,,82,54,42,68,62,44,67,79,44,84,60,49,28,52,92,97,105,40,27,56,59,73,32,34,45,7,17
20150831,12,CO,0.7,,0.7,0.8,0.7,0.6,0.6,0.6,0.5,1,0.9,0.7,0.8,0.8,0.7,0.5,0.6,0.4,0.7,0.8,0.6,0.6,0.4,0.7,0.6,0.5,,0.6,1.1,0.5,0.8,1,0.7,1.3,0.8
20150831,13,SO2,2,,2,2,2,2,2,2,2,4,2,2,3,2,2,2,2,2,2,2,2,2,2,4,4,4,2,5,2,4,2,4,5,3,3
20150831,13,NO2,27,,28,43,25,14,9,12,12,34,14,25,17,30,28,24,15,17,12,33,7,7,4,6,7,3,14,19,12,13,80,70,35,62,82
20150831,13,O3,78,,65,56,74,86,77,,86,52,80,72,100,42,75,64,67,89,77,51,36,56,88,92,75,40,24,75,81,73,6,35,47,22,24
20150831,13,CO,0.7,,0.7,0.9,0.7,0.6,0.6,0.6,0.5,1.1,0.8,0.7,0.7,0.8,0.7,0.5,0.6,0.4,0.6,0.9,0.6,0.6,0.4,0.7,0.7,0.5,,0.7,1.1,0.5,1.1,1,0.7,1.1,0.9
20150831,14,SO2,2,,2,2,2,2,2,2,2,4,2,2,3,2,2,2,2,2,2,2,2,2,2,5,3,4,2,5,2,4,2,4,2,4,2
20150831,14,NO2,34,,25,36,28,19,21,10,9,36,12,35,20,21,25,20,28,12,13,18,8,8,5,4,2,3,13,18,10,12,47,39,47,80,48
20150831,14,O3,72,,96,67,94,98,52,,95,59,84,68,102,49,84,80,57,90,63,69,38,53,104,107,104,47,58,86,66,65,61,74,59,23,64
20150831,14,CO,0.8,,0.7,0.9,0.7,0.6,0.7,0.5,0.4,1.1,0.7,0.7,0.7,0.8,0.7,0.5,0.6,0.3,0.7,0.7,0.6,0.6,0.5,0.6,0.6,0.5,,0.7,1.1,0.5,0.8,0.7,0.8,1.1,0.5
20150831,15,SO2,2,,2,2,2,2,2,2,2,5,2,2,3,2,2,2,2,,2,2,2,2,2,5,3,6,2,5,2,3,2,4,5,5,2
20150831,15,NO2,26,,31,41,21,23,16,12,6,48,14,31,19,20,21,29,40,11,14,12,9,7,7,6,2,3,8,20,12,11,25,55,45,77,61
20150831,15,O3,89,,82,51,113,95,66,,95,36,69,79,93,52,90,100,62,76,69,58,39,56,107,102,110,52,86,97,72,67,92,58,59,15,53
20150831,15,CO,0.7,,0.8,0.9,0.7,0.7,0.7,0.5,0.4,1.2,0.7,0.7,0.7,0.8,0.6,0.5,0.6,0.2,0.7,0.7,0.6,0.6,0.5,0.6,0.6,0.5,,0.7,1.1,0.5,0.6,0.8,0.8,1.2,0.7
20150831,16,SO2,2,2,2,2,2,2,2,2,2,5,2,2,3,2,2,2,2,,2,2,2,2,2,4,3,5,2,5,2,4,2,4,5,4,2
20150831,16,NO2,24,32,37,41,32,29,13,7,7,42,13,25,16,18,26,29,39,,16,11,5,5,6,6,2,3,10,17,12,11,30,60,59,,66
20150831,16,O3,92,74,64,58,92,91,63,,88,50,65,91,94,66,97,110,57,,62,71,42,54,108,99,97,53,74,102,87,70,87,48,33,18,51
20150831,16,CO,0.7,0.8,0.8,0.9,0.7,0.7,0.6,0.5,0.4,1.2,0.7,0.6,0.6,0.8,0.7,0.4,0.6,,0.7,0.7,0.6,0.6,0.5,0.6,0.6,0.5,,0.6,1.1,0.5,0.7,0.9,0.9,1.1,0.8
20150831,17,SO2,2,2,2,2,2,2,2,2,2,5,2,2,3,2,2,3,2,2,2,2,2,2,2,4,3,4,2,4,2,4,2,5,,5,3
20150831,17,NO2,37,33,38,40,26,40,21,11,9,43,16,22,18,24,24,23,24,15,13,11,2,6,7,4,8,3,9,18,9,11,38,64,,91,110
20150831,17,O3,81,73,69,70,102,84,61,,91,50,65,90,83,49,90,114,69,85,73,79,60,50,110,94,88,54,68,87,61,54,74,55,,15,20
20150831,17,CO,0.8,0.8,0.8,0.9,0.8,0.7,0.6,0.5,0.4,1.2,0.7,0.6,0.7,0.8,0.7,0.4,0.6,0.3,0.6,0.6,0.5,0.6,0.5,0.6,0.6,0.5,,0.6,1.1,0.5,0.8,0.9,,1.1,1.2
20150831,18,SO2,2,2,2,2,2,2,2,2,2,5,2,2,3,2,2,3,2,2,2,2,2,2,2,5,,4,2,4,2,4,2,6,,6,2
20150831,18,NO2,49,37,41,37,28,39,26,11,7,38,17,24,29,32,30,35,42,18,13,15,3,9,9,4,,4,9,15,8,12,46,92,,119,77
20150831,18,O3,62,60,79,66,105,76,65,,77,66,58,92,74,34,79,102,36,78,71,79,63,43,94,107,94,64,50,86,35,35,66,36,,7,37
20150831,18,CO,0.8,0.8,0.8,0.8,1.1,0.8,0.7,0.5,0.4,1.1,0.7,0.7,0.8,0.9,0.7,0.5,0.7,0.3,0.6,0.6,0.5,0.6,0.4,0.5,,0.6,,0.6,1.1,0.5,0.8,1,,1.3,0.8
20150831,19,SO2,2,2,2,2,2,2,2,2,2,4,2,2,3,2,2,3,2,2,2,2,2,2,2,,2,4,2,4,2,3,2,4,3,6,2
20150831,19,NO2,46,51,61,48,29,46,26,12,7,60,17,38,51,44,33,33,57,17,13,13,16,13,15,,24,3,11,25,9,13,49,107,77,103,65
20150831,19,O3,66,29,46,53,103,62,58,,94,47,49,68,52,37,64,99,23,81,68,86,42,68,73,,80,70,59,69,17,27,58,18,25,4,37
20150831,19,CO,0.9,1,0.9,0.9,1.2,0.8,0.7,0.5,0.4,1.2,0.7,0.7,0.9,1,0.7,0.5,0.7,0.2,0.6,0.7,0.6,0.7,0.4,,0.6,0.6,,0.6,1.1,0.5,0.8,1.2,1,1.3,0.8
20150831,20,SO2,2,2,2,2,2,2,2,2,2,5,2,2,3,2,2,2,2,2,2,2,2,2,2,4,2,4,2,4,2,4,2,5,5,6,3
20150831,20,NO2,46,56,59,38,31,38,27,13,10,62,19,36,43,57,46,35,33,13,19,11,4,6,12,5,27,2,9,28,13,15,40,104,78,102,96
20150831,20,O3,64,20,42,70,83,71,51,,65,24,49,64,63,19,40,79,46,76,52,92,76,72,65,81,63,71,59,59,17,22,67,13,19,2,12
20150831,20,CO,0.9,1,0.9,0.8,0.9,0.8,0.7,0.5,0.4,1.3,0.7,0.7,0.8,1,0.8,0.5,0.6,0.2,0.6,0.8,0.5,0.6,0.4,0.1,0.6,0.5,,0.6,1.1,0.6,0.7,1.2,0.9,1.3,1.1
20150831,21,SO2,2,2,2,2,2,2,2,2,2,5,2,2,3,2,2,2,2,2,2,2,2,2,2,4,2,3,2,4,,4,2,4,7,3,2
20150831,21,NO2,37,59,51,48,48,34,30,13,12,92,27,40,38,51,52,41,7,13,21,14,5,2,8,4,27,2,7,26,,24,46,71,54,87,75
20150831,21,O3,67,56,50,60,58,66,45,,75,2,49,45,65,25,44,57,75,69,30,73,65,80,69,73,53,69,56,53,,11,56,45,39,16,29
20150831,21,CO,0.8,0.8,0.9,0.8,1.1,0.7,0.7,0.5,0.4,1.5,0.8,0.8,0.8,1,0.8,0.5,0.5,0.2,0.7,0.9,0.5,0.5,0.3,0.1,0.6,0.5,,0.6,,0.6,0.8,0.9,0.9,1,0.7
20150831,22,SO2,2,2,2,2,2,2,2,2,2,4,2,2,3,2,2,2,2,2,2,2,2,2,2,4,2,4,2,3,2,3,2,4,7,2,2
20150831,22,NO2,29,31,28,27,23,17,10,11,13,46,24,24,42,52,29,13,4,12,12,9,6,4,6,5,50,2,8,23,8,19,30,39,40,47,50
20150831,22,O3,55,65,63,72,77,70,66,,68,29,44,67,52,25,62,72,79,61,60,64,61,72,67,61,42,61,39,50,30,31,52,62,45,42,41
20150831,22,CO,0.7,0.6,0.7,0.6,0.7,0.6,0.6,0.4,0.4,1.2,0.7,0.6,0.8,0.9,0.6,0.5,0.4,0.2,0.6,0.7,0.5,0.5,0.3,0.1,0.6,0.5,,0.6,0.9,0.6,0.6,0.6,0.7,0.6,0.5
20150831,23,SO2,2,2,2,2,2,2,2,2,2,5,2,2,3,2,2,2,2,2,2,2,2,2,2,4,2,4,2,3,2,4,2,4,6,2,2
20150831,23,NO2,20,26,19,19,17,17,2,8,6,22,14,15,27,19,18,12,5,12,7,10,2,4,5,5,21,2,8,17,12,20,20,37,41,38,61
20150831,23,O3,66,70,70,77,82,75,76,,89,59,61,82,51,42,70,71,66,46,76,59,58,66,65,53,65,55,36,58,19,40,64,59,43,47,38
20150831,23,CO,0.6,0.6,0.6,0.5,0.6,0.5,0.5,0.4,0.3,1,0.6,0.5,0.7,0.6,0.6,0.4,0.4,0.2,0.5,0.9,0.5,0.5,0.3,0.1,0.6,0.5,,0.9,1,0.5,0.5,0.6,0.7,0.5,0.5
20150831,0,PM2.5,56,,47,32,47,42,41,36,31,50,45,36,39,39,39,40,41,30,33,19,28,29,12,20,33,13,17,34,31,26,58,57,57,57,46
20150831,0,PM10,,,,38,,52,,,,,,,,40,44,46,42,,,,,,31,22,35,15,,,,,,,63,,66
20150831,0,AQI,43,,47,36,43,35,45,46,46,46,47,49,49,47,42,38,38,34,48,36,41,34,43,33,55,22,25,49,42,52,51,51,58,58,53
20150831,1,PM2.5,54,,45,32,44,46,40,38,28,47,40,32,22,42,43,46,43,22,30,6,26,21,21,17,28,14,15,41,33,25,50,55,47,55,50
20150831,1,PM10,,,,,,,,,,,,,,,,64,,,,,,,33,21,,,,,,,,,,,
20150831,1,AQI,44,,47,35,43,34,46,46,45,46,47,48,47,47,43,40,39,34,48,34,41,34,42,32,55,22,25,49,42,50,51,50,58,58,53
20150831,2,PM2.5,46,,45,25,45,44,50,35,24,48,33,29,40,43,42,49,45,25,26,13,24,18,20,21,28,15,15,47,35,30,47,48,35,51,50
20150831,2,PM10,,,,,,,,,,,,,,,,68,,,,,,18,29,,,17,,,,,,58,63,,
20150831,2,AQI,45,,48,36,44,35,46,46,44,46,46,47,46,47,44,42,40,33,46,33,41,33,41,32,54,22,25,49,42,49,51,51,58,59,53
20150831,3,PM2.5,43,,46,37,44,39,39,31,26,43,30,27,33,41,36,49,46,27,25,21,27,20,22,20,32,9,18,48,39,29,52,47,50,49,46
20150831,3,PM10,,,,,,,,,,,,,,,,65,,,,,,25,31,21,,14,18,,,,,,,,
20150831,3,AQI,46,,49,36,46,37,47,46,44,46,44,47,45,47,45,44,41,34,45,33,41,34,41,32,53,22,128,49,42,48,51,51,58,59,53
20150831,4,PM2.5,38,,34,17,43,40,26,34,22,31,26,19,21,33,30,46,41,17,26,27,24,20,16,22,27,11,17,48,33,23,42,36,39,37,44
20150831,4,PM10,,,,,,,,,,,,,,,,,,,,,29,,30,,,15,,,,,,,,,44
20150831,4,AQI,47,,49,35,47,38,47,47,43,46,44,46,44,47,45,44,41,33,44,33,40,34,40,31,52,22,26,52,42,46,51,51,58,59,53
20150831,5,PM2.5,38,,30,27,40,37,25,35,19,21,26,22,17,28,37,55,38,21,21,30,30,21,23,19,28,13,14,51,25,24,30,29,29,37,46
20150831,5,PM10,,,,,,,,,,,,26,,,,,,,,,,23,30,21,,16,,,,,,,,,
20150831,5,AQI,48,,49,36,48,39,47,47,42,46,44,45,44,47,45,45,42,33,43,34,40,34,39,31,52,22,26,52,42,45,51,51,58,59,51
20150831,6,PM2.5,38,,28,28,31,39,26,32,20,21,26,22,29,17,34,,30,28,19,14,27,17,18,18,30,11,13,56,28,20,34,36,29,28,46
20150831,6,PM10,,,,,,,,,21,,,,,,,,,30,,,,,27,22,,15,14,,,,,,29,,
20150831,6,AQI,49,,50,37,48,40,46,47,41,46,44,44,44,47,45,,42,34,42,33,40,34,38,31,52,21,26,52,42,44,51,51,57,60,51
20150831,7,PM2.5,36,,35,25,37,39,36,26,15,20,23,27,27,25,49,44,25,32,21,18,25,21,14,25,32,6,15,58,36,24,34,35,38,37,46
20150831,7,PM10,,,,25,,,,26,26,23,23,,,,53,,,,,,,,24,30,,14,15,,,,,,60,73,
20150831,7,AQI,50,,50,38,49,41,47,46,40,45,43,44,44,47,46,46,42,34,41,32,42,34,37,30,52,21,26,53,42,43,52,51,57,61,52
20150831,8,PM2.5,34,,39,31,29,26,26,31,24,32,20,30,29,27,42,34,21,25,16,19,25,15,13,25,38,9,12,55,38,20,41,37,38,41,37
20150831,8,PM10,,,,,,,28,36,30,37,24,33,,50,,,,32,19,,30,26,28,32,,17,18,,,21,,,,55,41
20150831,8,AQI,50,,51,39,49,41,47,46,39,45,43,43,44,48,47,46,42,34,40,32,41,34,35,30,52,21,26,53,42,43,52,52,57,61,51
20150831,9,PM2.5,31,,35,4,22,23,33,35,31,38,29,33,39,33,38,32,20,29,15,26,20,20,18,25,27,11,14,52,33,19,35,40,21,47,28
20150831,9,PM10,,,,24,,,,,,,36,,,64,,,,36,18,,26,36,30,34,,18,18,,37,,,,22,60,
20150831,9,AQI,50,,52,39,49,40,48,46,39,46,43,44,44,50,47,46,41,35,39,32,38,34,34,30,52,21,26,54,41,41,53,51,56,60,51
20150831,10,PM2.5,22,28,31,,22,23,29,35,26,32,28,31,45,45,35,29,21,25,17,19,17,19,14,28,27,19,17,39,37,23,31,24,25,38,28
20150831,10,PM10,,,,,,,,37,,,34,32,,48,,,35,49,24,,30,25,26,34,,,19,,,23,,,,,
20150831,10,AQI,49,41,52,29,48,40,48,46,39,47,43,44,45,49,47,46,41,35,38,32,39,34,33,31,52,22,25,53,40,40,52,52,56,60,51
20150831,11,PM2.5,18,20,22,16,22,20,24,34,22,19,38,25,48,31,32,24,25,25,27,23,17,12,7,30,18,13,13,39,40,25,23,24,26,33,28
20150831,11,PM10,,,,17,27,,,37,25,,,27,,,44,,38,,36,,51,22,,34,,19,14,,,,,,,,82
20150831,11,AQI,48,40,51,38,47,39,48,46,38,46,43,43,45,48,46,45,42,35,38,32,39,34,32,31,53,21,25,53,40,39,52,53,56,60,51
20150831,12,PM2.5,22,,24,13,27,18,18,25,27,22,39,24,36,25,25,21,23,11,26,23,19,16,3,20,10,13,22,38,30,11,24,29,28,,28
20150831,12,PM10,27,,,23,,,,,,,,27,,42,,,,,27,,31,,5,,17,15,23,,,,35,74,29,,74
20150831,12,AQI,47,,50,39,47,39,46,45,38,45,43,43,45,42,45,44,42,35,37,32,40,33,31,31,52,21,26,53,38,37,51,54,54,59,49
20150831,13,PM2.5,19,,23,17,24,11,21,28,28,29,27,27,21,29,26,28,17,14,17,40,17,13,3,18,20,12,26,36,19,21,32,31,28,,29
20150831,13,PM10,,,27,30,,15,22,,33,67,,46,,,,44,,,21,,,,10,,26,19,,,,31,57,38,38,,
20150831,13,AQI,46,,50,36,47,38,45,45,37,45,42,43,44,42,44,44,42,34,36,33,37,33,29,31,50,21,26,53,37,35,50,49,52,56,49
20150831,14,PM2.5,29,,22,51,18,14,22,24,16,36,25,31,21,28,26,21,20,9,19,35,21,18,3,14,22,13,27,38,32,17,34,20,16,34,21
20150831,14,PM10,32,,,,21,,40,,20,,,,,,,,,16,29,,35,21,7,,,13,,,,,,,,,40
20150831,14,AQI,46,,49,38,46,37,45,45,36,44,41,42,42,41,44,45,42,34,35,34,36,32,33,34,51,21,26,53,37,34,50,49,52,56,48
20150831,15,PM2.5,21,,22,,18,20,24,19,6,36,24,23,27,29,24,25,21,22,23,36,24,10,3,14,13,14,19,41,29,18,30,27,26,37,24
20150831,15,PM10,,,70,24,,,,,19,40,,,,,30,,,,,,27,17,10,14,,,,,,,,40,76,84,
20150831,15,AQI,46,,48,38,46,37,44,44,35,44,40,41,41,42,44,45,42,34,34,35,36,31,34,33,51,21,27,54,38,32,50,50,53,57,49
20150831,16,PM2.5,30,25,31,,21,19,23,16,10,31,26,21,23,27,27,22,21,,25,31,21,17,5,15,18,11,25,42,27,20,26,36,30,42,24
20150831,16,PM10,,,,74,32,,,,,,,,,,,,22,,,,,31,16,18,27,18,27,,,,35,,51,69,
20150831,16,AQI,46,37,48,38,46,37,44,43,34,45,40,41,41,43,45,45,42,,34,35,36,32,34,32,49,21,26,55,39,31,50,50,53,57,49
20150831,17,PM2.5,25,20,30,12,20,18,23,17,17,30,25,22,23,27,27,22,22,14,23,29,18,19,8,13,23,13,27,30,27,23,30,32,,44,27
20150831,17,PM10,31,,,,,,,,,,,,27,,45,,,21,,,,27,21,16,,18,,,,,34,,,75,49
20150831,17,AQI,47,39,49,37,45,38,44,43,33,46,40,40,41,44,46,45,43,33,34,36,35,31,35,30,51,21,26,55,40,31,51,50,,58,56
20150831,18,PM2.5,29,22,23,33,25,18,12,17,15,24,25,21,21,32,27,21,24,16,24,25,20,21,3,14,17,19,24,19,19,21,37,33,,38,28
20150831,18,PM10,,33,,34,,30,15,26,16,,,26,23,,,,31,16,,,27,25,5,16,,,27,,,22,,45,,40,90
20150831,18,AQI,48,40,49,38,46,38,43,42,33,47,41,41,42,48,47,48,43,33,34,36,35,31,30,34,51,21,27,55,41,32,53,52,,60,53
20150831,19,PM2.5,29,28,30,21,25,20,20,21,13,23,27,25,40,38,30,23,32,17,19,16,20,11,,,6,9,24,23,26,21,26,41,30,46,31
20150831,19,PM10,,33,66,36,31,27,26,,20,27,,34,,,48,39,48,,21,,38,,5,,,24,,30,,,,74,56,136,73
20150831,19,AQI,48,40,51,38,46,39,43,42,33,47,42,41,44,48,48,50,43,33,34,36,35,29,23,,51,22,27,55,42,32,53,54,52,61,54
20150831,20,PM2.5,33,36,39,41,27,25,24,23,22,33,24,28,30,42,32,27,27,9,24,13,17,14,,,6,11,19,30,26,21,32,47,25,61,37
20150831,20,PM10,37,,,,38,,31,25,31,75,28,39,,59,43,53,29,11,27,,,24,8,,7,,,33,,,,58,45,95,
20150831,20,AQI,49,41,50,40,45,39,42,42,33,48,42,41,44,50,48,51,43,32,34,35,34,28,22,30,46,23,27,56,42,32,52,54,51,62,54
20150831,21,PM2.5,33,32,39,50,33,21,27,26,20,40,31,31,31,43,36,30,7,10,24,29,11,9,,5,13,10,15,34,,22,28,32,33,47,30
20150831,21,PM10,41,,,,50,31,35,,25,47,38,51,,,,67,,28,38,,20,,10,21,15,12,,,,,39,,40,,34
20150831,21,AQI,49,41,49,43,45,40,41,41,32,48,43,40,45,50,48,53,41,31,34,35,33,27,22,29,36,22,27,57,,32,52,54,50,64,54
20150831,22,PM2.5,22,21,28,29,14,12,15,16,23,35,37,25,31,42,28,15,11,14,22,25,12,10,,7,8,5,21,35,15,28,16,19,24,24,18
20150831,22,PM10,,,33,30,16,,16,,25,,,26,,,,,,29,,,,,5,17,,5,,,,,31,26,44,31,
20150831,22,AQI,48,40,50,43,43,39,40,40,32,48,43,39,44,50,48,53,40,30,33,34,32,27,21,27,34,20,27,57,42,32,50,52,48,62,55
20150831,23,PM2.5,13,8,19,17,8,9,10,12,7,14,22,10,30,21,16,9,6,13,6,19,5,9,,11,8,7,20,30,20,30,13,10,11,10,15
20150831,23,PM10,,,,,9,,,12,,,23,,,,,,18,,,,5,,5,15,,,,,,,,11,23,22,16
20150831,23,AQI,46,36,50,40,41,38,38,39,30,46,42,37,44,51,47,53,38,28,32,34,30,25,21,27,31,18,27,57,42,33,48,50,47,59,53
