date,hour,type,dongsi,tiantan,guanyuan,wanshouxigong,aotizhongxing,nongzhanguan,wanliu,beibuxingqu,zhiwuyuan,fentaihuayuan,yungang,gucheng,fangshan,daxing,yizhuang,tongzhou,shunyi,changping,mengtougou,pinggu,huairou,miyun,yanqing,dingling,badaling,miyunshuiku,donggaocun,yongledian,yufa,liulihe,qianmeng,yongdingmengxi,xizhimengbei,nansanhuan,dongsihuan
20150313,0,SO2,57.2,52.8,45.5,56.2,49.3,57.3,38.9,30.7,29.4,47.4,47.1,45.8,47.3,62.4,57.2,74.1,32.6,23.6,30.9,42.7,31.9,50.2,19.1,14.7,5.6,33.6,32.6,49.7,35,73,59.2,65,58.1,69.1,49.7
20150313,0,NO2,91,90,98.5,93.3,107.7,105.4,116.3,79.2,84.4,99.7,91.4,98,89.6,92.9,82.1,104.1,80.4,65.2,81.8,55.4,74.5,61.7,71.7,24.7,38.6,44.7,111.7,,69.8,81,96.4,101.2,102.8,109.6,107.9
20150313,0,O3,8.1,3.4,11.5,4.8,13.6,10.2,2.3,3.1,13.3,2,11.4,2.6,12.6,2,12.9,2,15.8,23.1,5.2,31.8,11.6,37.6,12,47.2,2,39.4,37.7,2,2,10.2,3.2,2,13.4,2,7.4
20150313,0,CO,2.6,2,1.6,2.3,2.3,2,1.5,2.7,1.9,3.6,2,2.6,1.8,2.2,2,1.8,1.7,1.4,3.3,1.8,1.9,1.9,1.7,0.9,0.6,1.6,1.6,2.2,2,1.7,2.3,2.4,2,3.2,2.9
20150313,1,SO2,48.9,41.8,63.1,65.3,55,55.1,42.9,35.2,33.5,59.1,46.9,44.9,42.4,65.5,47.5,63,20.1,32.9,27.1,35.8,25.8,39.2,14,13,5.2,38.8,33,43.7,23.1,48,55.2,62,69.6,81.8,40.1
20150313,1,NO2,92.7,89.7,98.8,86.7,101.1,117.4,119.7,84.1,92.1,96.1,92.3,89.2,81.3,93,101.4,90.5,67.4,98.5,74,53.7,51.8,59.9,58.2,29.2,43.4,61,122.6,,64.1,74.3,95.3,93.8,95.4,114,112.2
20150313,1,O3,9.5,7.5,9.5,10.2,14.8,7.7,2,4.4,5.8,2,9.8,2,15.1,2,2,2,20.4,4,4,28.6,27.9,30.7,13.4,37.6,2,25.6,36.3,2,2,7.4,12.2,5.8,16.5,2,4
20150313,1,CO,2.7,2.3,2.3,2.1,2.3,2.5,1.7,2.9,2.1,2.5,2.2,1.9,1.7,2,2.3,1.8,1.8,2.3,3,1.8,1.6,1.9,2.2,1.4,0.5,1.7,1.7,2,2.2,2.4,2.4,2.4,2.3,2.8,2.9
20150313,2,SO2,56.1,40,42,47.1,61.6,58.4,56.5,32.1,36.3,53.4,46.2,46.5,41,57.2,39.7,25.5,15.3,34.1,26.4,25.9,15.3,37.2,18.9,13.7,5.4,43,23.2,27.1,12.4,42.4,56.5,35.7,42.6,48.3,36.2
20150313,2,NO2,101.7,100.5,108,101,114.4,115.6,128.7,90.1,91.6,95.6,93.1,88,91.4,101.2,93.2,83,56.7,80.7,68.8,66.2,42.4,59.7,61.1,30.8,34.9,55.1,65.2,,62.2,75.6,106.1,93.3,98.7,119.7,108.6
20150313,2,O3,5,2,6.8,3.2,7.3,6.4,2,2.4,6,2,8.5,2,6.5,2,2,2,26.1,12.9,3.1,11.5,26.6,27.5,15.3,35.4,2,32.1,61.8,2,2,6.6,3.1,2,13.7,2,3.5
20150313,2,CO,2.4,2.2,2.4,2.7,2.5,2.3,2.7,2.7,2,2.4,2.7,2.1,2.5,2.3,2.1,2,1.7,2,2.1,2.1,1.5,1.8,3,1,0.4,1.5,1.3,1.9,2.7,3.4,2.3,2.4,2.5,3,2.6
20150313,3,SO2,51.4,18.5,47.9,48.1,57.3,46.4,33.8,24.4,38,47.4,43.5,44.9,42.7,49.8,31.8,30.2,8.6,35,20.5,29.6,9.9,25.9,13.7,12.5,5.9,36.1,20.6,22,13.2,31.8,56.4,34.2,42.8,37.6,27
20150313,3,NO2,86.3,69.9,117.4,77.6,99.4,96.1,127.3,90.4,100.1,107.8,94.3,94.9,98.4,105.5,81.8,79.9,54.9,85.7,93.3,67.6,42.4,64.6,59.7,29.4,35.2,43.3,56.7,,68.7,77.6,88.5,76.2,108.2,110.6,94.5
20150313,3,O3,8.5,5.6,4.3,12.1,10.2,5.8,2,2.3,5.8,2,7.8,2,7.6,2,2,2,23.8,10.1,2,10.6,19.7,20.2,13.5,31.4,2,39.4,65.5,2,2,6.1,9.6,6.9,10.1,2,3.3
20150313,3,CO,2.3,1.8,2.4,1.8,2.2,2,2.9,2.6,2.4,2.7,2.7,2.5,2.8,2.2,1.9,1.1,1.8,2.4,0.1,2.1,1.7,1.9,2.6,1,0.1,1.4,1,2,2.8,3.4,1.9,2,2.9,2.1,2.5
20150313,4,SO2,33.4,5.6,46.2,33.1,37.9,35,33.7,19,38.5,38.3,34.1,32.1,31.7,39.8,32.6,36.7,9.5,35.9,23.3,23.9,8.7,25.5,12.8,12.6,5.8,20.6,22,20,10.7,33.3,45.2,19.7,42,31.6,15.4
20150313,4,NO2,67,62.1,113.6,76.4,89.1,85.1,119.9,86.9,91.7,98.1,91.7,100.4,104.4,94,76.8,82.8,59.2,93,83.8,61.1,42.7,74.5,58.8,49.5,40,40.7,46.5,,71.6,80.6,89.5,76,101.7,99,82.3
20150313,4,O3,11.7,2,2.4,3.6,8.8,12.2,2,2.3,4.7,2,8,2.8,5.1,2,2,2,18.9,4.1,7.5,11.9,20.7,8.6,8.6,15.6,2,26.9,71,2,2,6,4.4,2,8,2,3.5
20150313,4,CO,2.1,1.8,2.4,1.9,2.1,1.8,2.8,3,3.2,2,2.9,2.2,2.4,2.3,1.7,1.1,1.9,2.9,1.3,2.2,1.6,2.2,2.3,1.1,0.1,1.4,0.9,2,2.2,4,2,2.2,2.6,2,2.4
20150313,5,SO2,32.1,4.3,44,37,40.3,31.5,31.5,17.8,25.6,26.1,22.7,35.2,25.2,46,34.5,35.9,9.7,27.7,15.3,19.8,8.9,29.2,14.1,13.2,10.1,13.3,19.4,19.2,6.1,26.1,37.3,15.8,41.2,31,15.4
20150313,5,NO2,71,66,102.7,98.3,87.9,75.2,115,82.8,91.2,94.9,100.4,101.2,93.7,89.9,80.9,81,82.6,70.3,,51.3,45,71.2,54.1,52.9,48.6,38.8,42.8,,67.3,90.5,82.8,81,108.1,107.7,79.2
20150313,5,O3,9.4,2,2.5,2,7.6,15.3,2,2.4,4.3,2,7,2,3.7,2,2,2,5,8.4,4.1,11.1,16.2,7,10.6,13.7,2,18.9,68.9,2,2,4.9,4.4,2,8,2,3.9
20150313,5,CO,2.2,1.9,2.5,2.1,2,1.8,2.6,3.4,2.8,2.4,3,2.7,2.2,2.3,1.7,1.2,2.2,1.8,1.6,2.1,1.8,2.4,3.1,1.3,0.1,1.4,0.9,2.4,2.3,3.5,2,2.6,2.5,2,2.3
20150313,6,SO2,32,3.4,44,27.8,38.5,29.6,19.6,14.8,20,26.3,19.6,36.3,30.2,50,34.2,33.1,12.2,29.6,16.1,15,8.2,26.4,18.1,12.5,18.4,15.8,21.1,15.6,4.7,18.4,39.3,14.6,37.1,33.7,16.1
20150313,6,NO2,75.1,63.2,103.6,97.4,91.2,78.8,111.2,74.8,93.4,99.7,91.6,99.7,93.3,89.5,79.3,84.5,85,64.1,65.5,59.2,49.3,72.5,59.4,65.1,46.1,34,37.8,,63.2,91.3,89.5,86.9,107.6,123.4,83.7
20150313,6,O3,6.6,2,2,2,7.8,12.3,2,3.3,4.1,2,7.3,2,5.4,2,2.7,2,4.4,10.7,4.6,4.4,8.9,6.4,9,4.8,2,22.1,65.6,2,2,4.5,3,2,7.9,2,4.5
20150313,6,CO,2.3,1.8,2.6,2.3,2.1,1.9,2.6,3.3,2.5,3.4,3,3.1,3,2,1.9,2.4,2.4,1.6,1.9,2.3,1.9,2.1,2.3,1.6,0.2,1.2,0.9,2.6,3.4,3.1,2.2,2.6,3,2.6,2.5
20150313,7,SO2,30.9,3.6,41.3,27.5,36.9,34.9,24.3,12.7,20.4,33.1,27,34.1,32.8,32,30.7,28.5,7.2,26,18.1,13.1,9,21.9,17.5,14.6,33.3,12.6,19.4,19.2,3.4,13.3,41.9,23.8,39.2,43.2,15.5
20150313,7,NO2,84.9,64.9,103.9,108.7,93,90.2,112.2,73.6,94.9,106.5,79.7,85.3,90.1,89.2,84.7,81.4,76.8,69.6,73.3,58.8,64.4,61.8,53,42.2,44.7,26.9,66,,57.4,78.9,100.8,108.4,111.1,150.7,86.2
20150313,7,O3,5.2,2,2,2.5,8.9,7,2,3.9,4.2,2,6.8,2.2,7,2,2,2,4.4,8.5,4.1,2,2,7.8,10.9,21.2,2,26.1,53.4,2,2,4.9,2.8,2,4.9,2,5.8
20150313,7,CO,2.7,1.7,2.8,3.3,2.2,2.1,3.3,4,2.5,4.5,2.1,3,3.6,2.4,2,3.4,2.5,1.8,2.6,2.4,2,2,2.2,1.3,0.3,1,1.1,3.3,2.9,4.1,2.2,3.4,2.9,3.4,4.8
20150313,8,SO2,37.4,6.5,45.9,43.3,51.3,40.1,36,24.1,27.1,42.3,34.6,32.9,52.4,35.6,37.3,56.7,24.7,35.4,36,14.1,18.9,24.6,29.3,21.7,40.4,13.9,19.3,25.9,6.1,36.1,43.5,40.1,44.1,52.2,19.8
20150313,8,NO2,83.7,62.8,104.6,110,93.4,96.7,113.6,71.5,90.7,107.7,76.9,79.2,78.6,92.3,86,105.6,72.7,76.9,78,60.6,62.8,44.4,58.4,32.2,44.3,18.8,97.6,,59.1,76.9,92.4,112.7,121.2,156.2,99.8
20150313,8,O3,8.1,2.6,3,5.6,13.2,9.8,2,3.2,8.8,2,11.5,4.1,8.5,2,2,2,9.4,7.8,5.9,4.3,4.7,30.4,13.4,33.2,2,40.3,31.4,2,2,6,9.5,2,3.7,2,6.5
20150313,8,CO,3,1.9,3,2.7,2.4,2.6,3.5,4,2.5,4.8,2.1,3.2,3,3.7,2.6,4.7,2.3,2.3,3,2.7,1.8,1.2,2.3,1,0.4,0.7,1.6,3.6,2.6,4.2,2.2,3.2,3.2,3.8,5.1
20150313,9,SO2,54.1,40.9,66.4,54.9,51.4,53.7,68.3,62.8,46.3,56.3,55.7,42,50.5,72.6,62,69.2,23.9,44.9,33.7,27.3,11.5,9.9,75.5,9.2,52,10.1,35.4,44,38.4,74.2,55.9,56.9,60.8,62.1,65.6
20150313,9,NO2,82.1,89.2,101.4,110.5,84.8,92.8,115.9,84.8,77.1,111.1,89.5,87.3,76.4,101.9,97.9,94,45,74.9,56.1,62.2,34.6,18.7,55.9,11.2,42.1,6.9,78.6,,68.4,92,87.7,106.2,118.9,137,97
20150313,9,O3,16.1,7.7,7.9,15.1,25.6,18.8,2,7,24.5,2,16.4,5.9,14.4,3.3,2,9.8,39.6,16.4,18.2,14,38.2,68.4,25.6,68.5,2,68.4,40.6,2,2,10.9,19.3,5.3,9.5,2,10.8
20150313,9,CO,2.6,2.3,3,2.7,2.4,2.5,3.3,4,2.2,3.8,2.8,3.3,2.4,3.5,3,1.6,1.3,2.3,1.9,2.3,1,0.4,2.1,0.5,0.5,0.3,1.6,3.3,2.8,3.3,2.4,2.9,2.9,3.2,3.1
20150313,10,SO2,27.5,32,33.6,37.8,21.1,22.2,44.5,71.2,49.2,50.6,55.8,55.4,49.3,67,46.9,34.6,7.5,50.2,40.9,14.7,3.2,7,99.1,3.9,55,7.4,21.8,46.4,61.6,76.8,32.4,38.4,40,51.8,32.4
20150313,10,NO2,50,61,61.4,69.5,43.6,48.2,92,91.5,65.2,83.9,96.4,82,105.3,103,70.6,56.8,21.7,74.4,79.9,32.4,14.8,13.4,31.7,2,41.5,2,,,56.5,80.7,60.2,76,73.5,108,67
20150313,10,O3,36.4,37,32.1,42.9,55.7,47.5,19.1,15.3,39.2,21.7,20.3,,15.6,15.1,28.5,43.8,67.3,28,18.6,58.3,70.7,82.5,40.9,83.8,,96.2,68.4,6.4,26.9,34.4,53.4,29,36.4,7.1,30.9
20150313,10,CO,1.4,1.3,1.5,1.5,1.2,1,1.9,3.2,1.7,2.1,2.6,1.2,3,2.8,1.9,0.6,0.7,2.2,2.2,1,0.4,0.3,1.2,0.2,0.5,0.2,1,2.6,2.4,2.3,1.4,1.5,1.4,2,1.4
20150313,11,SO2,13.5,14.3,16.3,15.4,13.1,11.9,25.4,58.4,43.8,17.6,34.2,,46.1,28.5,10.3,10.2,,10.8,40.7,2,2,7.3,55.1,3.9,50.5,6.5,4.6,28.6,44.6,67.7,16.4,16.7,22.8,20.1,16.9
20150313,11,NO2,33.7,43.2,41.7,35.7,29.9,29.6,71.3,75.7,57,40.3,53.9,,79.8,57.4,25.9,22.1,5.2,17.1,37.4,7.7,8.9,9.3,26,2,43.1,2,7.3,,,100.2,36.1,55,56.1,76.1,49.2
20150313,11,O3,47.4,51.5,45.2,66.1,68.1,62.1,33.7,29.5,47.7,57.2,46.9,,31,51.6,67.8,74.4,2.9,75.8,48,90.7,85.6,94.6,61.7,97.4,,103.8,93.8,23.6,37.1,28.8,79.5,42.4,47.8,24.1,45.9
20150313,11,CO,0.8,0.7,0.9,0.7,0.7,0.5,1.2,2.3,1.5,0.9,1.3,,1.7,1.1,0.6,0.1,0.5,0.4,1.1,0.3,0.3,0.2,0.9,0.2,0.5,0.2,0.3,1.5,1.7,2.5,0.7,0.9,0.9,1,0.8
20150313,12,SO2,9.9,10.1,12.5,11.4,9.2,10.1,22.3,36.6,39.8,19.2,28.7,,21.7,20.6,9.1,6.5,9.6,20.2,30.2,2,2.8,5.6,29.9,3.3,41.7,5.1,3.9,16.9,22.9,46.5,,11.1,18.1,15.4,16.3
20150313,12,NO2,25.9,31.4,35.4,24.6,23.5,26.9,66.2,46.5,53.1,35.3,43,,41.5,45.3,20.5,16.5,3.5,19.3,29.1,7.3,5.9,9.3,15.7,2,42.3,2,3.9,,33.5,77.2,,48.4,46.6,59.5,50
20150313,12,O3,64.4,70.8,56.6,80.9,78.9,72.2,42.2,53.2,54.1,66.4,55.3,,49.8,64.1,77.2,85.6,2,80.8,56.5,95,94.5,99,80.6,106,12.4,106,98,34.3,60.9,50.1,,54.7,59.2,40,54.1
20150313,12,CO,0.6,0.5,0.7,0.5,0.6,0.5,1,1.2,1.3,0.7,1.1,,0.8,0.7,0.5,0.1,,0.5,0.8,0.3,0.3,0.2,0.6,0.2,0.4,0.2,0.3,0.9,1.1,1.6,,0.7,0.7,0.7,0.8
20150313,13,SO2,11.9,12.1,13.6,15.1,8.6,8.2,17.9,17,16.3,14.4,24.4,,18.8,16.1,8.7,5.6,7.2,19,23.5,2,3.5,5.2,23.6,2.6,28.2,4.2,3.8,13.9,13.5,26.7,16.2,13.9,21.2,17.5,12.8
20150313,13,NO2,22.4,28.2,31.5,23,21.7,24.9,60.4,24,12.2,32,38.8,24.1,34.7,35.3,18.9,15,3.6,18,38.2,5.6,5.6,8.5,11.7,2,37.8,2,3.4,,13.7,50,33,41.3,40.4,64.1,50.6
20150313,13,O3,68.6,81.9,65.9,88.7,87.7,82.9,50.6,77,86.2,77.8,63.1,62.3,57.4,82.9,88.9,93.7,,88.1,59.2,97.4,99,101.3,91.2,109.9,19.4,107.1,99.3,42,75.7,69.8,,67,68,43.6,61.8
20150313,13,CO,0.5,0.5,0.5,0.5,0.5,0.4,0.8,0.6,0.5,0.6,0.9,,0.7,0.5,0.4,0.1,0.1,0.5,0.9,0.3,0.3,0.2,0.5,0.2,0.2,0.2,0.3,0.6,0.6,1,0.7,0.6,0.6,0.7,0.7
20150313,14,SO2,10.4,12.1,10.8,13.9,6.3,7,13.7,13.3,9.8,12.5,18.9,12.3,15.5,18.4,11.6,4.9,4.9,16.4,8.6,2,2.8,4.3,14.9,7.9,18,3.5,3.8,11.9,9.5,20.9,15.1,15,16,18.9,11.7
20150313,14,NO2,21,27.5,29.5,25.7,18.6,24.2,55.1,21.8,11.9,26.8,31.6,16.2,31.9,34.8,17.2,13.2,,17.5,16.8,5.5,4.7,7.8,8.6,2,39.5,2,3.5,,7.9,46.9,28.8,46.5,37.6,74.5,47.4
20150313,14,O3,74.8,89,73.3,91.7,95.1,90.6,61.6,85.1,94.4,92.6,74.6,82.7,63.4,90.5,97,101.1,2,91.2,80.2,96.7,100.5,102.3,98,106.8,19.9,106.1,98.7,48.5,81.2,78.1,,69.7,75.3,41.9,70.3
20150313,14,CO,0.5,0.5,0.5,0.5,0.4,0.4,0.6,0.5,0.4,0.5,0.7,0.5,0.6,0.5,0.4,0.1,0.1,0.5,0.5,0.2,0.2,0.2,0.3,0.2,0.1,0.2,0.3,0.4,0.4,0.8,0.6,0.7,0.5,0.8,0.7
20150313,15,SO2,6.8,7.8,6.1,9.7,4.3,3.7,8.7,9.9,8,8.4,14.7,11.1,15.4,17.8,7.6,4.3,2,10.8,5.4,2,15.8,3.6,9.9,11.5,13.1,3.7,3.3,11.5,11,17.8,10.4,10.4,11.1,15,9.2
20150313,15,NO2,17.7,22.1,23.9,18.3,16,19.2,50.9,20.1,17.8,24.2,39.5,21.6,32.4,37.9,13.1,12.6,11.8,14.9,11.6,6,12.3,7.9,6.7,3.2,45.6,2,3,,,40.6,25.6,40.3,33.7,79.2,48.2
20150313,15,O3,81.1,101.6,81.8,103.1,100.1,97,67.7,88.2,90.9,101.8,80.3,81.7,68.1,94.1,109.6,101.5,88.3,95.9,88.9,95.2,96.8,101.6,103.2,105.8,15.6,107,97.3,52.1,84.7,94.7,,76.1,84,46,72.7
20150313,15,CO,0.4,0.4,0.4,0.4,0.3,0.3,0.5,0.4,0.5,0.4,0.6,0.5,0.6,0.5,0.3,0.1,0.1,0.4,0.3,0.2,0.4,0.2,0.3,0.3,0.1,0.2,0.2,0.3,0.4,0.7,0.5,0.5,0.4,0.8,0.7
20150313,16,SO2,4.9,5.8,4.8,6.6,4.4,4.1,8,10.6,5.5,5.8,13.7,9.4,14.5,15.3,4.6,4.6,2,10.4,7,2,7.5,3.5,6.9,11,10.5,3.6,3.4,10.9,12,16.4,7.9,7.1,9.3,10.9,10.2
20150313,16,NO2,19.1,22.5,23.8,17.2,15.9,20.4,53.2,19.4,18.1,22.3,44.9,23,32.3,30.9,11.3,14.4,10.6,14.5,25.9,5.5,8.6,6.6,6.5,3.2,53.5,2,4.2,,14.3,38.1,23,42.5,39.2,77.8,50.6
20150313,16,O3,81,103.3,82,105.4,101.9,95.9,67.8,90.5,92.5,106.5,84.9,83.1,70.9,101.8,114.3,100.7,96.7,96.2,77.2,95.2,99.9,102.8,103.8,106.8,10.5,105.7,97,53.4,86.8,99.9,,76.3,80.1,47.2,73.2
20150313,16,CO,0.4,0.3,0.3,0.3,0.3,0.3,0.4,0.4,0.4,0.3,0.6,0.5,0.6,0.5,0.3,0.1,0.2,0.4,0.5,0.2,0.3,0.2,0.2,0.3,0.1,0.2,0.2,0.3,0.5,0.7,0.4,0.5,0.4,0.7,0.7
20150313,17,SO2,5.6,6,4.9,6.4,5.3,4.6,8.2,10.2,5.8,5.5,13.1,9.9,12.9,15.1,4.2,4.9,2,8.2,7.9,2,2,5.1,3.1,8.5,8.6,3,4.2,11.2,12.4,16.5,8.4,7.4,12.3,12.8,10.5
20150313,17,NO2,23.9,24.9,26.5,26.7,21.7,25.7,57.4,16.8,19.6,28.2,49.2,30.2,37.7,32.1,14,14.4,11.5,18.3,31.3,6.4,4.6,8.6,4.5,2.6,59,2,5.7,,15.7,39.3,33.8,52.5,47.6,103,49.2
20150313,17,O3,76.7,101,81.3,96.1,97.9,92,66,90.1,92.8,99.9,82.5,78.5,68.6,102.1,112.8,102.3,98.8,92.1,75.5,94.9,102.7,99.8,105.9,106.7,8,104.5,96,54.6,87.2,101.6,,67.5,75,27.5,75.7
20150313,17,CO,0.5,0.3,0.3,0.4,0.4,0.3,0.4,0.4,0.4,0.5,0.6,0.5,0.6,0.5,0.3,0.1,0.2,0.4,0.5,0.2,0.2,0.2,0.2,0.2,0.1,0.1,0.3,0.3,0.5,0.7,0.5,0.6,0.5,0.8,0.7
20150313,18,SO2,7.2,6.9,6,8.3,5.9,6.7,8.3,10.8,9.3,6.7,14.2,13.2,14.7,17.2,4.8,7.3,2,11.5,12.5,2,2,3.6,3.1,6.6,8.3,3.1,4.8,11.5,10.6,15.7,9.6,11.9,11,16.8,10.8
20150313,18,NO2,36.2,31.5,45.5,40.2,32.5,37.3,80.7,18.8,37.8,38.2,48.4,43.2,48.3,45.2,28.3,23.3,13.8,34.1,46.5,10.5,10.6,8.1,14.1,4.6,61.8,2,5.8,,13.4,38.2,55.1,80,70,126.2,73.8
20150313,18,O3,65.8,91.9,67.1,81.7,86.2,80.5,44.2,85.2,76.4,85.4,75.8,67.1,59.4,85.7,97.3,90.9,96.3,74.4,59.4,90,93.5,101.8,91.4,100.9,8,101.9,96.4,52.3,87.5,99.8,75,41.6,55.3,17.9,50.3
20150313,18,CO,0.8,0.4,0.5,0.5,0.4,0.4,0.5,0.4,0.6,0.6,0.6,0.7,0.6,0.5,0.3,0.1,0.2,0.6,0.6,0.3,0.3,0.2,0.2,0.3,0.1,0.1,0.3,0.3,0.4,0.7,0.6,0.7,0.6,1.3,1
20150313,19,SO2,8.2,9.7,10,11.6,6.4,7.9,11.7,17.2,12.3,12.4,14.7,16.3,16.5,17.9,5.6,15.2,2.8,12.5,14.3,6,2,6.1,2.8,6.5,9,3,4.4,11.8,9.4,21.8,14.7,16.7,11.5,24.3,15.9
20150313,19,NO2,43.4,36.5,80.8,54.6,59.4,50,111,42.1,55.6,63.4,53.7,69.5,69.6,61.7,33.7,58.1,39.6,42.4,75.9,27.3,29,38.9,24.7,7.4,64.4,2,5.7,,14,49.3,76.8,98.4,77.9,133,92.5
20150313,19,O3,59.8,76.3,37.9,67.7,59.9,66.9,16.4,59.8,55.7,50.3,63,41.2,38.5,62.5,77.8,49.6,62.1,63.2,29.3,71.5,69.7,63.4,74.3,91.4,6.8,103,92.2,42.7,78.4,79.6,48.4,24.4,46.2,13.7,31.4
20150313,19,CO,1,0.4,0.6,0.7,0.6,0.5,0.7,0.6,0.7,0.9,0.7,0.8,0.8,0.6,0.4,0.1,0.4,0.6,0.8,0.5,0.4,0.5,0.3,0.3,0.1,0.2,0.3,0.5,0.5,0.8,0.7,1,0.7,2.1,1.3
20150313,20,SO2,11.4,7.8,13.5,14.2,8.3,12.1,14.9,21,12.1,13.6,15,22.9,22.1,25.9,8.8,26.7,8.1,19.1,19,14.4,2,12,3.3,8.1,7.7,4.5,7.3,11.8,10.2,28.3,13.7,16.2,17.7,26.8,17.9
20150313,20,NO2,70.2,41.5,87.5,66.9,72.5,74.3,125.6,61.6,55,74.8,69.8,95.4,71.1,83.6,50.3,103.1,68,58.5,92.5,58.9,49.2,62.4,39.6,15.2,52.2,2,11.1,,14.7,58.6,88.1,106.9,99.2,146.8,98.8
20150313,20,O3,32.7,52.3,29.3,49.3,46.6,41.4,2,37.1,44.2,33.1,40.9,15.2,35.1,33.3,62.5,8.6,31.4,45.2,12.9,40,39,31.2,49.2,69.4,18.1,100.4,81.9,21.9,74.2,57.8,28.1,7.8,30.1,2,16.4
20150313,20,CO,1.3,0.5,0.6,0.8,0.7,0.7,0.9,0.9,0.8,0.8,0.8,1.2,1,1,0.6,0.1,0.5,0.7,1.1,1,0.7,0.7,0.4,0.4,0.1,0.2,0.4,0.5,0.6,1.1,0.8,1,0.9,2.3,1.3
20150313,21,SO2,12.5,9,13,18.5,8.7,12.4,16.3,19.2,12.7,12.6,16.3,30.9,21.9,28.2,9,28.7,10.8,27.4,32.2,26.4,2.1,15.5,6.3,9.1,5.9,4.7,22.1,17,11.3,36.9,22.9,46.1,25,29,23.2
20150313,21,NO2,71.5,54,100.5,86.7,89.6,105.5,128.8,64.4,52.3,87.1,70.3,100.2,67.4,102.2,82.9,102.7,79.3,63.2,91.5,72.7,59.8,61.3,50.7,12.1,45.6,4.7,45.4,,20,89.8,101.7,113.7,103.9,137.9,102.6
20150313,21,O3,28.8,25.5,14.9,27.9,29.4,13.7,2,20.3,43.4,11.5,37.6,8.2,36,10.6,26.2,2,20.4,37.4,6.6,17.5,15.5,18.3,30.2,63.5,19.9,87.1,40.5,2,62.4,24.7,7.4,2.2,23.7,2,11.9
20150313,21,CO,1.4,0.7,0.8,1.1,0.8,0.8,1,1.1,0.7,0.9,0.9,1.5,1,1.1,0.7,0.4,0.7,1,1.4,1.5,1.2,1.1,0.6,0.6,0.1,0.2,1,0.7,0.8,1.4,1.3,1.1,0.9,2.9,1.8
20150313,22,SO2,17,17.5,12.3,16.7,15.7,13.8,22.9,20.9,12.5,16.6,17.5,30.8,22.4,28.7,14.3,31.8,12.4,13.4,19.9,34.8,8.4,29.7,23.7,7.3,4.9,3.8,29.8,27.7,17.4,45.2,32.7,43.1,24.6,32.8,28.7
20150313,22,NO2,85,76.2,106,91.4,101.1,109.3,133.2,70.7,52.9,104.7,60.8,106.3,84,98.1,82.5,97.5,79.8,38.4,88.2,56.2,56,67.3,67.5,8.8,40.9,5.5,48.2,,39.2,108.9,105.6,119.2,121.8,142.9,105.7
20150313,22,O3,17.7,3.9,6.2,21.4,19.9,11.6,2,10.1,40.3,2,45.1,5,19.3,11.2,24.6,2,11.8,50.7,5.6,30.3,8.9,13.4,14.7,66.2,20.3,79.1,38.5,2,42.2,7,4.1,2,9.4,2,7
20150313,22,CO,2.2,0.9,1,1.2,1,0.9,1.5,1.3,0.7,1.6,0.9,1.8,1.3,1.2,0.8,1,0.8,0.8,1.8,1.3,1.6,2.2,1.8,0.5,0.1,0.2,0.9,1.6,1,2.1,1.5,2,1.6,2.9,3
20150313,23,SO2,32.6,36.4,20.6,26.5,23.9,27,32.2,45.9,11.8,39.4,31.3,26.2,25.9,31.5,27.7,29.8,10.5,9.5,29.8,33.7,21.2,16.6,26.8,8.7,4.1,4.9,32.4,27.4,29,52.8,37.9,40.2,25.5,43.8,34.7
20150313,23,NO2,91.4,94.8,110.2,112.9,112.4,105.7,130.9,83.3,36.2,111.9,79,97.5,94,78.4,85.8,82.6,61.9,25.7,86.2,48.4,62.6,61.6,69,5.8,29.4,5.7,41,,60.7,102,105,113.9,120.4,144,103.3
20150313,23,O3,13.4,2,3.1,6.3,15.1,12.1,2,4.3,56.7,2,28.7,3.1,9.8,27.3,9.8,2,17.1,57.4,5.5,31.9,7.3,15.1,13.8,67.4,26.2,75.5,44.2,2,12,9.4,4.2,2,9.7,2,7.3
20150313,23,CO,2,1.6,1.2,1.6,1.5,1.6,2.1,2.9,0.6,3,1.1,1.9,1.6,0.9,1.8,0.2,0.9,0.8,2.5,1.2,1.4,1.1,2.1,0.6,0.1,0.2,0.8,1.8,1.4,3.8,2,2.1,1.5,3,2.6
20150313,0,PM2.5,122,120.9,84.7,113.9,112.9,117.6,84.9,,90.6,113.6,113.8,119.2,111.2,113.6,105.7,134.5,115.4,63.4,113.9,112.8,159.7,133.9,82.9,50.4,24.8,97,92.5,141.1,136.6,120.5,112.5,120.2,95.8,120.5,144.1
20150313,0,PM10,144.4,133.2,101.3,143,145.9,153.8,124.4,141.5,115.4,142.9,154.2,193.2,156.1,128,120.5,,131.5,105.3,129.3,,192.9,179.8,84.6,54.8,,185.9,103.7,,,140.6,141.3,161.3,151.6,151.7,187.5
20150313,0,AQI,105,101,98,100,107,106,98,78,87,107,107,108,110,113,111,127,95,82,87,98,81,64,83,69,55,51,91,129,103,131,101,108,101,108,123
20150313,1,PM2.5,122.7,119.7,106.1,106,115,143,87.8,,101.6,118.1,119,105.7,104.6,122.2,147,127.6,117.1,134,101.4,109,113.2,126.4,98.5,83.5,12.7,122.3,86.4,123.1,137.3,122.7,100.2,120.6,112.6,118.4,155.4
20150313,1,PM10,131.5,125.3,126.4,121.4,153.1,173.6,123.2,167.3,127,142.1,143.4,139.4,131.7,136.8,174.5,,119.5,225.7,114.1,,,155.1,,,,204.5,100.2,,,129.3,136.4,152.3,149.9,125.7,200.8
20150313,1,AQI,106,102,99,101,109,110,98,80,89,108,108,109,109,115,115,131,97,87,89,101,82,68,86,72,52,54,93,132,106,129,102,109,102,110,127
20150313,2,PM2.5,137,132.8,120.2,134.8,139.1,135.7,110.3,,106.5,118.2,112.2,109.5,108.2,133,133.5,145.4,97.4,123.8,90.9,120.1,113.9,115,131.3,56.5,19.9,105.5,57.9,131.3,143.1,160.4,136.4,148,119,143.9,141.7
20150313,2,PM10,144.8,,144.3,173.7,175.3,,151.6,213.2,121.1,121.2,136.9,133.7,152.1,152,,,,145,105.4,120.4,,126,,57.3,23.8,142.8,,,,184.2,140.3,169.7,187.4,168.7,152.9
20150313,2,AQI,110,105,101,104,113,113,99,83,92,109,108,109,110,118,118,135,99,90,92,104,84,70,91,73,51,55,94,134,109,131,105,113,103,113,130
20150313,3,PM2.5,121.6,115.2,133.5,114.8,124.3,121.8,149.3,,136.3,139.4,124,113.1,132.3,139.1,127.6,133.5,101.7,116,134.6,133.6,124.8,110.2,97.8,57.6,29.1,95,43.6,127.1,154.2,164.8,107.9,121.2,144.7,128.4,135.5
20150313,3,PM10,,,140.2,,126.8,,188.8,156.7,154.1,162,131.4,153.4,174.5,139.3,,,,137,172.9,141.1,,118.8,,,,119,,,,,,,181.5,,143.9
20150313,3,AQI,112,107,104,106,115,115,102,84,95,111,107,109,111,121,121,138,100,93,96,108,86,73,93,74,51,56,94,137,113,134,107,115,106,115,132
20150313,4,PM2.5,114.3,110,124.1,108.3,114.5,112.4,136.1,,103.6,118.4,113.7,138.1,144.1,127.7,108.1,112.4,99.9,123.8,125.8,145,114.5,120.3,77.1,64.9,22.2,85.9,35.3,117.2,133.7,165,111.6,112.3,137.1,115.6,133
20150313,4,PM10,,,,,,,158,151,110.6,,148.8,190.5,171.4,,,113,,148.1,,,,128,,70.8,,106.9,,,,,,,140.7,,
20150313,4,AQI,113,108,105,107,118,117,104,85,96,113,107,110,113,124,123,139,101,96,100,113,87,76,93,75,50,57,93,139,116,137,108,116,108,117,134
20150313,5,PM2.5,104.9,105.1,130.2,111.3,124.4,105.9,131.1,,120.6,106.6,139.8,136.3,136,117.3,98.9,119.6,118.8,89.7,84.8,138.1,117.4,123.1,90.6,76,33.6,89.3,35.3,121,141.2,153,109.2,108.3,121.8,110.5,130
20150313,5,PM10,,,,,,,155.1,153.2,121.7,,186,148.5,138.5,,,123.4,,,89.8,,,150.1,,83.4,39.6,110.8,42.3,,,157.6,,,134.6,,138.3
20150313,5,AQI,114,109,107,108,120,118,106,87,99,114,110,112,115,125,124,141,103,96,102,117,90,79,94,77,49,58,92,141,119,136,109,117,109,118,136
20150313,6,PM2.5,103.9,100.8,123.8,103,127.3,102.8,125.3,,118.9,122.3,133.1,130.9,136.1,105.4,95.8,157.4,125.1,80.7,87.1,137.7,118.1,126.7,65.8,93.7,33,75.6,39.2,124.1,175.6,149.2,107.3,110.2,139.3,113.3,129.2
20150313,6,PM10,,,124,,,,143.7,153.6,,123.1,155,141.4,154,,100.3,162.8,,88.9,89.6,,,149.7,,97.4,48.4,93.6,45.6,,,,,,150.9,113.4,146.4
20150313,6,AQI,115,110,109,109,123,119,108,88,101,115,113,115,116,125,125,144,105,97,104,121,93,82,92,80,49,59,91,144,123,136,110,118,112,119,138
20150313,7,PM2.5,112.9,91.8,122.8,107.2,127.1,103.9,124.6,,123,137.6,107.7,122.8,144.4,103,104.4,196.8,120.9,79.4,100.7,145,117.7,101.5,70.6,73.2,26.7,63,49,141.3,148.7,155.5,85,108.2,131.9,118.9,141.9
20150313,7,PM10,,,131.5,,,,148,166.2,,173.8,142.6,,192.3,113.3,105.1,,,99.7,115.9,,,111.3,,,44.7,65.1,57.7,142.9,,,,111.2,154,142.9,164.3
20150313,7,AQI,116,110,111,110,126,119,110,89,103,118,114,117,119,125,125,148,108,99,107,126,95,85,92,81,49,59,91,147,126,137,110,120,115,120,139
20150313,8,PM2.5,121.4,83.4,124.1,100.4,131.9,112.9,131.2,,123.8,149.5,107,110.2,135.3,139.9,108.1,232.7,117.6,95.2,112.5,159,107.9,64.9,76.9,49,32.1,36.8,98.1,151.2,182.8,165.6,82,103.3,133.4,119.9,153.1
20150313,8,PM10,127,,137.7,104.7,135.5,,168.8,173.3,,194.1,138,122.6,175.3,168.4,122.3,278,127.6,125.7,145.3,165.6,117.6,84.1,90.5,56.9,49.3,41.1,127.7,163.7,229.4,181.9,,135.1,171.7,173.7,187.1
20150313,8,AQI,118,110,113,111,129,120,112,90,106,121,115,118,121,127,125,154,110,101,111,131,97,85,93,82,49,58,93,149,132,140,110,120,117,122,141
20150313,9,PM2.5,133.5,110,134.8,122.5,136.2,128.9,146,,123.9,154.6,147.3,124,119.4,159.2,123.5,165.4,71.5,112.3,80.7,128.3,65.8,13.8,112.4,23.3,35.8,21.8,110.6,170.6,151.9,154.6,116.4,125.3,151.5,128.2,148.6
20150313,9,PM10,135.9,121.1,,146.9,141.1,,183.9,197.1,129.8,207,204.3,167.5,169.5,179.7,151.9,,,164.9,109.4,133.9,73.9,32.8,115.4,24,61.6,,121.1,188.6,155.5,181.1,138.6,158.1,,171.7,151.3
20150313,9,AQI,120,112,116,114,132,122,114,92,108,125,118,121,122,129,126,154,109,103,113,134,96,84,92,80,49,59,96,152,135,143,112,122,121,124,142
20150313,10,PM2.5,66,74.6,88.4,90.7,71.6,66.2,93.4,,103.7,124.5,134.7,119,150.3,123.2,111.4,80.1,14.3,118,114.6,52.3,22.9,12.9,52.4,4.5,38.6,11.2,63.8,148,116.1,134.1,84,84.3,78.8,109.4,71.4
20150313,10,PM10,,,,,,,,188.6,,125.6,150.7,126.8,218.7,133,111.7,,22.9,136.7,142,78.3,36.2,17.2,54.3,14.1,74,,,,125.8,,,,,,73.8
20150313,10,AQI,119,111,117,114,131,120,115,93,110,127,121,122,125,130,126,152,106,104,116,132,93,82,91,77,49,59,95,154,135,144,112,122,120,125,140
20150313,11,PM2.5,32.2,31.5,44.3,33.1,32.6,28.9,52.1,,85.3,44.3,76.8,,110.8,58.1,33.1,19,10.9,9.1,70.9,13.2,9.8,7.4,43.7,13.6,35.7,8.3,13.2,63.2,102.8,145.8,30.4,37.8,36.4,49,32.3
20150313,11,PM10,36.2,35.1,,,,,,123.5,,,,,,,36.3,19.4,16.3,,,13.7,19.9,,50.3,,96,,18,,,,,,,72.4,
20150313,11,AQI,116,109,115,112,126,116,114,93,110,125,119,,127,128,122,145,103,100,116,129,91,81,89,73,50,60,91,151,135,146,109,120,118,123,136
20150313,12,PM2.5,21.4,24.1,37.5,21.4,28,25.8,36.7,,78.6,40.1,46.4,,48.9,34.7,22.3,11.5,8.8,8.4,37.3,9,11.7,3.1,34.2,9.8,36.2,3,9.3,20.6,64.4,104.6,34.3,26.3,31.1,31.1,25.3
20150313,12,PM10,,,,,,,,44.7,,,,,,,,,,17.3,,32.2,12,8.9,36.4,,89.1,5,14.1,,,,,,,,
20150313,12,AQI,113,107,113,109,122,113,112,90,111,123,118,123,126,125,117,139,101,95,113,125,89,81,88,68,51,60,87,146,134,147,107,118,116,121,131
20150313,13,PM2.5,22.6,23.4,29.1,19.8,27.5,28.9,29.6,,25.1,35.5,49.6,15.2,33.7,22.9,21.5,17,11.3,16.6,54.9,7.5,11.3,5.6,27.4,11.4,24.3,5.9,4.4,9.8,38.7,61.9,28.5,33.2,26.8,30,22.4
20150313,13,PM10,24.3,24.6,,21.7,,,,15.5,,,,,,,,,,26.6,,24.5,13.4,,45.2,,54.9,8.9,12.1,,,,,,,,
20150313,13,AQI,111,105,111,107,118,111,111,87,109,122,117,121,124,122,114,135,99,92,111,122,89,81,86,65,51,58,84,141,132,146,105,116,114,119,128
20150313,14,PM2.5,25.5,29.6,25.2,24.2,18.9,28.9,26.2,,18,31.7,39.2,16.3,35.9,28,21.5,11.5,3,21.9,26.3,3.3,6.7,3.6,25.6,6.1,17.3,5.4,6.8,14.6,,47.2,30.9,27.5,28.9,33,23.1
20150313,14,PM10,,,,29.5,,,,11.8,25.1,,,81.5,,,23.9,,5,33.2,,5,8.7,7.4,33.4,19.6,54.9,,,,8.6,,,,,36.8,
20150313,14,AQI,109,103,110,106,114,110,110,86,108,121,117,119,123,120,113,133,98,90,110,119,88,80,84,61,52,58,81,136,135,145,104,114,113,118,126
20150313,15,PM2.5,14.9,19.4,22.1,18.5,9.4,25.8,14.1,,21,25.2,29.6,22,43.3,26.3,22.9,14,6.8,17.1,6.9,7,12.7,15.2,23.2,14.1,20.6,3,5.4,12.2,,43,8.8,20.7,15.4,36.2,16.6
20150313,15,PM10,,,,20.1,,,,14.2,,28.3,32.4,65.8,,28.3,,,11.4,29.8,16.9,,21.6,,27.3,32.8,48.3,5,,15.6,19.1,,13.8,,,36.6,
20150313,15,AQI,107,102,109,105,110,109,108,85,107,120,116,118,122,119,112,131,97,90,108,118,89,81,84,60,53,58,78,135,139,145,102,113,111,118,125
20150313,16,PM2.5,14.2,12.6,11.7,14.2,13.5,20.1,15.2,,12.1,20.5,31.4,20,34.2,25.7,16.1,10.8,3.7,15.8,24.2,4.9,7.2,3,15.1,12,21.8,3,4.8,13.1,11.9,44.6,12.6,17.7,9.6,26.6,12.6
20150313,16,PM10,15.5,18.3,13.8,16.1,14.9,,17.9,21.3,19.6,32.8,38.4,57.7,42.7,32.8,18.6,14.2,10.6,29.8,41.8,5,14.9,7.4,32.3,31.4,41.9,10.1,5,,25.4,,15.2,,,,16.4
20150313,16,AQI,106,100,107,104,107,107,107,84,105,118,116,116,122,118,110,129,96,89,106,117,88,81,83,59,53,58,75,132,137,145,101,111,109,117,123
20150313,17,PM2.5,17.5,15.1,15.7,14.7,14.8,24,17.7,,16.6,16.5,33.1,24.1,30.9,33.1,19.8,3,7.7,11.3,31.9,7.3,8.9,3,11.3,10.7,16.4,3,5.3,11.7,31.4,53.2,6.3,25.5,14.8,25.4,15.8
20150313,17,PM10,23,23,29.1,28.4,18,,20.7,16.5,19.4,54.4,50.3,63.5,47.6,35.3,26,12,,28.9,39.1,,14,11.8,23.1,28.8,38.1,12.5,7.7,,,,10.3,32,19.8,43.9,
20150313,17,AQI,104,98,105,102,105,106,105,83,103,117,115,115,121,117,108,127,95,88,105,115,88,81,81,58,53,58,73,129,137,145,99,110,107,115,122
20150313,18,PM2.5,23.8,19.1,19.3,17.3,16.8,23.9,18.7,,24.9,25.2,34.7,30.4,35.1,34.6,17.8,14.6,9.6,14.8,34.4,5.6,8.6,8.1,8.4,11.2,16.3,3.4,3,13.9,30.4,52.1,23.6,23.2,22.1,26.6,20.9
20150313,18,PM10,37.1,33.6,28.3,35.4,38.1,,40.7,11.6,33.2,40.4,57.7,79.7,54.1,44.6,27.3,23.8,13.6,33.5,56.7,8.7,24.4,14.1,18.6,26.6,42.7,12,10.2,14,36.7,,32.7,35.8,37.1,50,47.4
20150313,18,AQI,102,97,104,101,103,104,104,81,102,115,114,113,120,116,106,125,94,86,104,113,87,81,80,56,52,58,70,126,136,146,97,108,106,114,119
20150313,19,PM2.5,23.1,25.6,32.7,24.8,24.6,15.8,23.7,,34.9,37.4,38,40,44.8,38.5,,23,13.8,21.2,46.5,11.5,12.3,12.7,11.4,9.4,13.7,3.5,5.1,28.4,37.5,67.8,31,29.1,25.4,31.7,29.4
20150313,19,PM10,46.7,37.2,47.5,49,49,30.3,51.9,46.9,51.8,61.8,67.9,105.5,74.2,56.5,,49.3,22.3,56.5,84.1,28.4,36.4,33.8,26.4,35.4,35.4,11.2,14.7,45.6,,70.8,35.7,57.7,47.9,58.6,56.6
20150313,19,AQI,100,95,103,99,102,101,102,80,101,114,114,112,120,115,106,121,92,85,103,110,87,80,78,54,52,58,68,122,137,147,96,106,105,112,117
20150313,20,PM2.5,32.2,27,33.8,32.6,29.9,29.3,34.4,,41.5,41.4,46.8,57.4,60.5,51.6,19.2,47.1,28.4,35.6,58.9,46.5,27.8,27.6,12.2,20.3,11.7,3.7,13.1,25.1,42.4,99.9,21.5,37,32.9,40.4,36.7
20150313,20,PM10,61.9,41.6,49.2,55.3,52.5,49.8,78.8,73.6,49.1,72.5,81.4,130.3,89.2,83.4,49,79.5,48.5,66.3,100.9,67.5,53.2,65.4,30.5,38,22.1,12.8,32.8,40.3,47.1,122.5,46.1,70.5,59.7,81.4,64.3
20150313,20,AQI,98,93,101,97,100,99,101,79,100,112,113,111,120,113,102,119,89,83,102,106,86,79,77,53,51,58,64,119,136,148,93,103,103,110,114
20150313,21,PM2.5,39.4,25.1,31.9,43.6,34.4,35.9,35,,48.9,41,57.1,74.1,62,64.5,43.7,54.4,39.1,46.6,66.6,77.5,51,56.3,17.6,25,11.6,8.2,60.3,47.5,57.5,112.7,52.4,43.4,39.7,64.9,45.1
20150313,21,PM10,59.1,40.9,53.3,67.2,60.4,45.2,66,73.7,50.3,70.2,72.6,136.7,86.7,79.7,62.4,109.7,58.8,67.6,98.6,164.4,69.8,126.5,32.3,28.8,,24.9,189.3,78.2,59.4,126.4,54.8,57.7,62,93.9,82
20150313,21,AQI,96,90,99,95,97,96,99,79,99,110,112,110,119,111,99,117,85,83,101,104,85,79,75,52,51,58,63,113,134,148,91,101,101,109,111
20150313,22,PM2.5,38.9,40,43.2,55.8,36.6,41.9,50.6,,41,39.4,56.1,86.6,69.3,68.9,51.5,82.6,52.3,32.6,71.5,78.5,75.7,90.8,58.5,19.8,7.7,6.6,54.6,90.7,73.1,153.6,50.8,68.7,49,77.4,70.3
20150313,22,PM10,55,49.9,61.7,73,63.5,,111.4,82.2,53.1,75.8,78.2,142.3,97.1,80.4,73.8,139.5,114.9,38.8,109.3,152.3,88.1,121.8,64.9,28,14.3,17.9,101.2,209.2,81.3,196.7,64.4,109.9,89.1,98.5,145.2
20150313,22,AQI,93,88,97,93,95,94,98,78,99,107,111,110,118,109,97,114,82,82,99,100,86,79,75,50,50,58,59,111,133,151,89,99,100,107,109
20150313,23,PM2.5,55.4,64.5,53.5,74.7,54.9,68.1,68.5,,38.4,85.3,77.5,85,81.9,65.1,82.8,71.7,80.3,26.2,74.7,74.8,88.8,47.6,82.2,24.4,10.4,12.3,46.5,76.3,123.9,202.8,64.6,88.5,47.4,97.9,105.9
20150313,23,PM10,97.6,90.1,68.2,96.2,110.8,175.1,135.4,127.2,40.9,129.8,101.8,157.1,110.9,96.1,149,122.8,134.8,40.4,120,108.8,172.2,77.9,84.5,24.9,,19.9,72.6,124.8,206.3,243.8,121.4,171.9,80,136.4,203
20150313,23,AQI,91,86,95,90,93,93,97,78,97,105,109,109,117,107,96,110,78,80,98,97,85,76,76,49,49,56,56,107,134,155,87,97,98,106,108
