date,hour,type,dongsi,tiantan,guanyuan,wanshouxigong,aotizhongxing,nongzhanguan,wanliu,beibuxingqu,zhiwuyuan,fentaihuayuan,yungang,gucheng,fangshan,daxing,yizhuang,tongzhou,shunyi,changping,mengtougou,pinggu,huairou,miyun,yanqing,dingling,badaling,miyunshuiku,donggaocun,yongledian,yufa,liulihe,qianmeng,yongdingmengxi,xizhimengbei,nansanhuan,dongsihuan
20150904,0,PM2.5,43,41,40,38,38,39,29,25,13,34,27,25,27,51,52,35,24,37,17,21,23,26,8,17,21,14,14,41,44,26,50,45,41,47,47
20150904,0,PM10,68,59,81,66,74,61,66,,38,94,57,57,48,76,76,68,37,52,26,31,31,46,27,29,28,27,21,45,,,67,78,97,97,81
20150904,0,AQI,36,34,38,30,34,35,28,27,22,37,27,30,26,41,39,44,27,30,27,33,26,31,25,27,29,21,25,38,36,25,38,50,52,54,50
20150904,1,PM2.5,54,48,47,49,47,50,38,26,18,50,31,31,33,58,66,44,27,34,17,19,25,25,6,22,25,19,17,45,50,25,55,56,42,59,54
20150904,1,PM10,72,59,77,65,74,61,67,37,41,80,56,67,50,78,85,65,42,45,19,25,35,47,28,42,32,,24,48,,30,74,88,98,93,91
20150904,1,AQI,38,33,40,32,34,33,30,27,23,39,28,33,27,42,41,45,28,27,27,33,27,32,25,31,24,21,25,39,36,26,40,51,54,55,51
20150904,2,PM2.5,62,62,60,57,55,55,46,29,19,55,43,47,56,67,76,43,30,29,12,22,24,29,14,27,26,20,26,52,52,27,68,65,58,65,56
20150904,2,PM10,75,63,79,66,74,,58,37,42,76,60,69,62,73,,61,33,37,21,30,37,35,29,44,35,,28,55,,27,77,92,102,104,71
20150904,2,AQI,39,33,43,34,36,32,32,29,25,42,30,34,51,44,41,44,28,28,27,33,28,33,26,31,25,22,26,41,36,26,42,52,55,56,51
20150904,3,PM2.5,69,76,64,68,60,53,53,31,32,63,55,48,60,72,71,48,26,34,17,22,26,26,11,28,35,16,24,48,58,28,83,75,65,76,66
20150904,3,PM10,,,77,,70,,53,,49,75,61,64,,75,,55,31,43,32,,38,32,33,43,48,18,25,,,31,,,103,99,
20150904,3,AQI,40,31,46,34,37,32,33,29,26,46,32,36,30,47,41,44,28,29,28,34,28,33,26,25,30,22,142,41,36,26,42,52,57,58,51
20150904,4,PM2.5,69,70,73,67,67,61,42,32,40,74,59,38,81,77,71,56,27,34,35,20,23,24,12,28,39,17,19,57,66,30,70,71,78,77,63
20150904,4,PM10,,,77,,,,,33,52,81,62,,,79,,57,31,38,48,,34,,34,42,,26,19,,,35,,,89,,
20150904,4,AQI,40,34,49,34,37,32,34,30,28,48,34,37,35,48,41,44,29,30,30,34,29,33,26,26,37,23,22,42,38,27,42,52,58,59,52
20150904,5,PM2.5,78,70,80,76,72,60,44,35,49,80,33,36,86,82,73,56,24,34,37,17,31,20,18,33,41,19,23,61,66,34,74,72,73,74,55
20150904,5,PM10,,,,,,,,,54,,,43,,86,,,26,,44,24,36,21,35,39,42,23,28,,,36,,74,93,,
20150904,5,AQI,40,37,49,38,38,32,35,31,29,50,35,38,38,50,42,45,29,31,31,35,29,34,27,27,42,24,23,43,40,28,42,54,60,59,52
20150904,6,PM2.5,74,71,94,72,70,55,40,41,55,85,37,40,91,81,69,46,25,35,40,22,27,23,21,30,44,13,27,61,74,41,79,77,90,80,60
20150904,6,PM10,,,,,,,48,48,55,,43,45,,,,50,30,,42,25,34,,36,37,47,23,,,,,,,100,91,
20150904,6,AQI,42,41,50,41,39,35,36,33,31,51,36,39,43,51,45,45,30,32,32,35,30,35,27,28,32,24,23,43,43,29,46,54,62,61,53
20150904,7,PM2.5,65,65,85,71,58,55,49,44,50,96,43,46,97,85,66,51,25,35,31,19,24,21,25,33,48,14,32,57,66,36,72,73,79,85,59
20150904,7,PM10,,,,,,,54,50,,,52,51,,,,55,28,36,35,33,34,28,55,39,55,18,35,,,56,,,,89,
20150904,7,AQI,45,44,52,45,42,38,38,34,32,52,38,40,48,52,48,47,31,33,32,36,31,35,28,28,31,24,24,45,46,29,49,55,63,63,53
20150904,8,PM2.5,57,72,71,63,57,53,60,47,46,85,50,52,101,76,66,56,27,37,27,21,25,29,38,37,60,18,33,66,66,47,71,69,66,79,57
20150904,8,PM10,,,,,,,64,,54,,57,65,,,68,86,37,38,38,53,33,33,63,45,64,31,37,83,86,61,,,,95,67
20150904,8,AQI,48,48,55,48,45,41,40,34,33,52,39,42,53,52,52,50,32,34,33,37,32,36,30,29,34,25,25,48,48,30,53,55,63,64,55
20150904,9,PM2.5,59,70,69,67,59,52,71,50,56,78,56,59,103,79,75,63,32,35,35,32,24,19,38,36,67,18,33,68,79,63,70,67,68,81,60
20150904,9,PM10,60,,,,67,55,,52,64,,63,68,,86,82,90,45,48,50,58,42,45,68,47,76,23,42,92,105,76,77,75,73,121,86
20150904,9,AQI,52,52,58,52,48,44,41,35,35,54,41,44,58,55,55,52,33,35,34,38,33,38,31,31,37,25,27,50,52,33,56,56,65,65,57
20150904,10,PM2.5,66,77,73,75,66,57,71,58,65,78,64,66,96,96,85,61,39,44,51,33,29,27,44,35,71,16,32,81,88,107,86,75,65,88,70
20150904,10,PM10,73,,,,71,69,,,,,69,,,,88,102,60,,66,83,42,48,64,44,77,20,42,105,,,87,101,84,121,115
20150904,10,AQI,55,55,61,55,52,47,44,37,36,57,43,45,62,60,59,54,35,35,36,41,34,38,33,32,40,26,28,54,56,39,60,58,65,66,59
20150904,11,PM2.5,77,82,81,81,71,72,72,65,62,85,81,65,92,98,88,68,46,41,63,35,29,30,46,35,76,16,41,83,100,111,92,82,78,96,76
20150904,11,PM10,92,,89,,87,79,77,,69,111,82,72,,,,103,64,49,71,42,40,49,59,45,,37,,89,,,,105,160,143,112
20150904,11,AQI,58,59,64,59,55,51,48,41,39,61,46,47,66,65,63,56,37,37,38,42,34,40,34,32,44,26,30,58,60,45,64,61,67,68,61
20150904,12,PM2.5,82,93,83,85,79,74,82,70,70,90,67,69,83,95,91,60,54,48,68,39,29,31,44,42,,20,33,85,107,106,93,89,84,106,84
20150904,12,PM10,89,,83,,90,,,83,,96,,,,128,,76,67,71,,56,44,39,56,51,,,,,,,,95,109,139,102
20150904,12,AQI,62,63,67,62,58,54,52,44,43,66,49,49,70,69,67,56,39,39,38,43,35,40,36,34,,27,31,61,65,51,68,65,68,73,62
20150904,13,PM2.5,82,86,86,91,79,62,88,78,76,91,45,76,96,99,83,50,49,51,66,37,33,33,39,49,,16,20,74,76,96,96,86,82,98,71
20150904,13,PM10,85,,88,,83,,,79,,,,,,108,90,67,52,58,,49,48,,58,53,,31,,,,,,111,109,133,89
20150904,13,AQI,65,67,71,66,62,57,56,48,47,70,51,53,74,74,71,57,41,41,42,44,36,40,38,35,,28,32,64,68,55,72,69,70,77,64
20150904,14,PM2.5,70,68,79,80,66,53,62,72,50,86,48,79,91,76,59,58,40,55,56,32,31,31,39,55,,17,22,79,37,79,77,77,73,86,60
20150904,14,PM10,,,,,67,60,,,,,,,,,,68,44,56,,35,,,46,,,26,,80,,,,,92,126,87
20150904,14,AQI,68,70,74,70,64,59,58,52,49,73,53,56,78,77,73,58,42,44,44,44,37,41,40,37,,29,32,67,69,58,76,73,73,81,66
20150904,15,PM2.5,54,57,61,51,53,51,42,52,20,62,56,27,75,43,45,37,24,52,33,24,27,17,34,37,,27,29,65,31,72,56,47,56,57,54
20150904,15,PM10,,,,,,,,,,,,,,,,,,,,,,,,,,51,,,,,,,,,
20150904,15,AQI,70,73,76,72,67,61,59,54,50,76,55,57,81,79,75,60,43,46,45,44,37,41,41,39,,30,35,70,70,62,78,74,74,83,68
20150904,16,PM2.5,42,44,55,42,46,35,41,45,25,48,35,20,37,43,40,30,22,43,20,26,25,18,15,35,,8,33,57,28,53,47,45,40,50,35
20150904,16,PM10,,,,,,,,,,,,,,,,,,,,32,,39,,,,,,,,,,,,,
20150904,16,AQI,71,74,77,73,68,62,61,55,50,78,56,57,83,80,76,61,44,48,45,45,39,40,42,40,,31,35,72,70,64,80,76,75,84,69
20150904,17,PM2.5,38,40,25,30,34,34,33,29,21,29,27,21,12,27,49,45,22,28,20,25,16,19,17,25,,15,32,55,16,21,37,35,34,33,48
20150904,17,PM10,,,,,,,,,,,,,18,,,,,,,26,,,22,,,15,,,,,,,,,
20150904,17,AQI,73,76,78,74,69,63,62,56,51,79,57,57,82,81,78,62,44,49,46,44,40,40,42,41,,31,36,74,70,64,81,77,76,85,71
20150904,18,PM2.5,22,18,16,23,19,15,17,18,10,18,20,22,11,19,46,41,26,21,23,31,18,20,13,21,,13,37,46,15,,25,20,17,29,28
20150904,18,PM10,,,,,,,,,,,,,,,,,28,,,,112,,16,,,16,,,,,,27,,49,
20150904,18,AQI,73,76,77,75,69,64,62,56,51,79,57,58,82,82,80,63,44,50,46,43,44,41,41,42,,29,37,76,70,,82,78,75,86,72
20150904,19,PM2.5,39,45,38,41,35,33,27,19,19,30,27,25,24,35,42,36,35,19,19,35,25,21,6,14,,14,37,42,24,19,40,40,35,49,47
20150904,19,PM10,,,,,,,,,,,,1000,,,,,,,21,,,,9,,,16,,,24,,,,47,55,
20150904,19,AQI,75,78,79,76,71,65,63,56,51,80,58,86,83,82,81,64,44,50,47,43,44,41,41,42,,28,39,77,71,65,83,79,76,87,73
20150904,20,PM2.5,43,36,43,40,41,34,39,29,24,43,43,38,40,33,46,38,41,32,27,38,35,27,3,23,,20,30,35,32,18,42,44,42,45,45
20150904,20,PM10,,,,,,,,,24,,,,,,,,,,33,,,,5,,,,,,,,,,,48,
20150904,20,AQI,76,79,80,77,72,66,64,57,52,81,59,89,84,83,83,65,45,51,47,41,44,41,39,42,57,27,39,77,72,65,84,80,77,88,75
20150904,21,PM2.5,37,37,41,40,41,30,41,42,35,40,36,38,34,28,42,38,48,36,34,40,33,30,,26,10,23,22,28,25,29,39,42,38,48,45
20150904,21,PM10,,,,,,,,,,,,,,,,,,,,,,,5,,,,,,,,,,,52,
20150904,21,AQI,77,79,81,78,73,66,65,58,53,82,60,91,84,84,84,65,47,52,47,41,43,40,38,43,57,27,39,77,72,66,85,81,77,89,75
20150904,22,PM2.5,29,27,33,29,37,25,34,44,39,26,27,29,23,23,25,33,41,40,37,36,30,27,3,29,11,17,19,23,18,31,35,31,26,38,39
20150904,22,PM10,,,,,,,,,,,,,,,,,,,,,,,7,,,,,,,,,,,,
20150904,22,AQI,77,79,81,78,73,66,66,59,54,82,61,94,84,84,83,66,47,53,49,41,43,39,36,44,56,26,39,77,72,66,85,81,78,89,75
20150904,23,PM2.5,21,23,24,19,24,15,21,38,22,21,21,18,17,20,19,19,31,37,17,29,30,25,3,30,12,19,19,21,11,21,29,20,19,21,27
20150904,23,PM10,,,,,,,,,,,,,,,,,,,,,,,5,,,,,,,,,,,,
20150904,23,AQI,76,79,81,77,73,65,66,60,55,82,60,98,83,83,82,65,47,53,48,41,43,39,35,45,56,26,40,76,71,66,84,80,77,88,75
20150904,0,SO2,2,5,2,2,2,4,2,2,2,5,2,2,3,5,2,3,2,3,2,2,2,2,2,2,2,2,2,6,5,4,2,7,3,2,3
20150904,0,NO2,28,20,28,23,25,23,15,12,14,29,20,30,22,26,43,24,10,24,18,9,2,15,8,8,8,4,11,22,12,18,35,32,36,45,50
20150904,0,O3,89,106,96,92,109,112,82,,66,95,60,60,63,77,80,75,67,95,37,80,77,80,77,86,93,53,77,47,55,19,82,80,75,67,79
20150904,0,CO,1.1,1.1,1.1,1.2,1.1,1,0.8,0.4,0.4,1,0.6,0.6,0.6,1.2,1,0.6,0.5,0.5,0.5,0.6,0.6,0.7,0.4,0.5,0.5,0.6,0.1,0.5,1.6,0.4,1.1,1.1,1,1,0.9
20150904,1,SO2,2,5,2,2,2,3,2,2,2,6,2,2,3,5,3,3,2,3,2,2,2,2,2,2,2,2,2,5,5,4,2,7,2,2,3
20150904,1,NO2,27,17,28,20,27,21,11,13,17,24,18,33,22,24,33,31,10,20,8,8,3,18,7,9,9,4,11,25,10,17,28,24,29,47,57
20150904,1,O3,82,104,89,87,98,102,84,,44,94,55,59,65,69,98,48,47,80,54,82,71,58,70,97,67,46,78,31,38,21,85,84,74,59,61
20150904,1,CO,1.2,1.2,1.1,1.2,1.2,1.1,1,0.5,0.4,1.1,0.7,0.7,0.8,1.3,1.4,0.6,0.5,0.4,0.4,0.6,0.6,0.7,0.4,0.7,0.5,0.7,0.1,0.6,1.7,0.5,1.1,1.2,1,1,0.9
20150904,2,SO2,3,4,2,2,2,2,2,2,2,6,2,2,6,5,3,3,5,3,2,2,2,2,2,2,3,2,4,2,4,3,2,6,2,2,2
20150904,2,NO2,24,18,29,20,25,17,9,13,18,25,17,26,26,25,16,34,14,15,12,8,3,14,11,8,7,4,12,36,8,18,23,20,29,53,52
20150904,2,O3,65,105,91,86,93,97,77,,45,82,51,66,67,62,116,37,28,68,41,74,61,51,71,98,74,39,82,19,21,19,91,91,72,48,49
20150904,2,CO,1.3,1.4,1.2,1.3,1.3,1.2,1,0.5,0.4,1.1,0.8,1,5,1.4,1.6,0.6,0.3,0.3,0.4,0.6,0.6,0.8,0.4,0.7,0.6,0.5,0.1,0.7,1.8,0.5,1.4,1.5,1.2,1.1,0.8
20150904,3,SO2,2,5,2,2,2,2,2,2,2,5,2,2,4,4,2,3,2,3,2,2,2,2,2,2,3,2,2,2,4,3,2,6,4,2,2
20150904,3,NO2,22,28,32,16,22,19,8,12,18,22,15,25,25,25,23,23,11,15,13,7,2,8,13,8,60,4,13,39,9,20,34,24,37,38,62
20150904,3,O3,52,84,94,88,89,75,67,,38,76,50,60,62,55,64,51,36,66,38,71,42,42,62,,34,43,283,13,21,12,71,78,68,67,30
20150904,3,CO,1,1.4,1.4,1.6,1.3,1,1,0.5,0.6,1.2,1,1.1,1.4,1.7,1.1,0.6,0.4,0.4,0.5,0.5,0.6,0.6,0.5,0.6,0.7,0.5,0.3,0.7,2.1,0.4,1.5,1.5,1.4,1.3,0.8
20150904,4,SO2,2,4,2,2,2,2,2,2,2,6,2,2,4,4,2,3,2,4,2,2,2,2,2,4,3,2,4,2,5,3,2,6,5,2,2
20150904,4,NO2,23,26,39,23,25,19,11,10,15,16,17,31,22,26,26,18,11,14,13,7,2,11,25,8,73,5,14,20,8,22,44,34,29,35,65
20150904,4,O3,62,45,82,63,,70,39,,58,96,35,34,53,43,43,59,28,57,45,74,38,31,41,,17,33,65,38,16,,31,46,61,54,13
20150904,4,CO,0.9,1.2,1.5,1.4,1.2,1.1,0.7,0.5,0.6,1.5,1.1,0.8,1.3,1.8,1,0.6,0.3,0.5,0.6,0.5,0.6,0.7,0.5,0.7,0.7,0.5,0.3,0.6,2.3,0.3,1.1,1.2,1.3,1.2,0.8
20150904,5,SO2,2,4,2,2,2,2,2,2,2,6,2,2,3,5,2,3,2,4,2,2,2,2,2,4,3,2,4,2,4,3,2,6,7,2,3
20150904,5,NO2,18,25,46,24,25,21,14,10,14,18,16,24,25,31,21,17,10,12,12,7,7,12,16,8,83,,14,14,9,20,43,28,35,40,56
20150904,5,O3,66,47,62,56,62,54,29,,63,93,29,41,47,33,50,56,26,70,46,73,28,25,49,72,2,34,66,37,13,13,34,54,47,34,10
20150904,5,CO,1.3,1.2,1.3,1.3,1.3,1,0.7,0.5,0.6,1.6,0.7,0.7,1.4,1.7,0.9,0.6,0.4,0.4,0.6,0.6,0.7,0.6,0.5,0.7,0.7,0.5,0.5,0.5,2.4,0.4,1.2,1.3,1.3,1,0.8
20150904,6,SO2,4,5,2,2,2,2,2,2,2,6,,2,3,4,2,4,2,5,2,2,2,2,2,2,3,2,9,2,4,3,2,6,3,2,3
20150904,6,NO2,18,23,43,19,25,23,15,13,13,25,16,25,26,33,20,21,10,13,11,9,13,14,15,7,64,4,15,16,9,21,49,33,35,43,53
20150904,6,O3,66,59,72,61,58,42,25,,55,35,20,38,47,26,44,44,32,75,44,70,15,16,42,49,14,31,64,38,8,9,31,46,55,34,17
20150904,6,CO,1.2,1.1,1.5,1.2,1.2,0.9,0.7,0.5,0.6,1.4,0.5,0.7,1.6,1.4,0.8,0.7,0.6,0.4,0.6,0.6,0.6,0.6,0.5,0.7,0.7,0.5,0.7,0.6,2.6,0.4,1.1,1.2,1.4,1,0.7
20150904,7,SO2,4,6,2,2,2,3,2,2,2,5,7,2,3,4,3,4,2,5,2,2,2,2,2,2,3,2,12,2,4,3,2,7,3,2,4
20150904,7,NO2,26,26,44,23,30,24,18,15,21,27,18,26,32,35,24,27,16,17,11,11,13,19,22,10,53,4,22,22,11,23,49,54,40,85,60
20150904,7,O3,44,58,69,53,52,38,25,,26,68,19,38,40,26,38,31,30,62,35,72,16,11,40,38,22,23,51,28,32,9,27,34,40,7,9
20150904,7,CO,1.2,1,1.2,1.1,1,0.8,0.8,0.6,0.6,1.4,0.7,0.7,1.7,1.3,0.7,1.2,0.6,0.5,0.6,0.6,0.6,0.6,0.7,0.8,0.7,0.5,1.4,1,2.8,0.4,1,1.1,1.2,1.1,0.9
20150904,8,SO2,5,6,3,3,3,4,3,2,2,6,2,2,4,5,3,7,2,7,2,2,2,2,3,4,3,2,18,2,4,3,2,9,5,2,5
20150904,8,NO2,34,33,49,27,30,29,21,16,21,31,21,30,35,39,23,35,20,22,11,14,9,19,26,20,37,4,26,28,10,27,65,56,39,82,53
20150904,8,O3,32,49,48,51,52,34,30,,26,59,17,38,38,21,43,24,39,53,34,65,23,22,45,48,35,29,42,29,40,17,11,32,36,9,14
20150904,8,CO,1,1,1.1,1.1,1.2,1.1,0.9,0.6,0.7,1.1,,0.8,,1.1,0.9,2.1,0.7,1.1,0.5,0.7,0.6,0.7,0.7,1,0.8,0.5,2.3,1.4,3.1,0.5,1.1,1.1,1,1.1,1.1
20150904,9,SO2,6,6,3,2,4,6,4,2,2,6,2,2,4,5,3,7,2,9,2,5,2,2,3,7,3,2,21,2,4,3,2,8,5,2,7
20150904,9,NO2,39,36,53,31,33,35,20,17,18,30,23,38,38,30,28,35,19,28,14,18,11,14,21,14,21,3,25,27,13,30,64,55,52,72,56
20150904,9,O3,31,46,46,53,50,33,51,,44,71,22,35,44,31,41,31,43,49,34,58,25,42,58,63,49,41,51,33,35,20,15,30,25,15,15
20150904,9,CO,1.4,1.3,1.1,1.2,1.6,1.5,1,0.6,0.7,1.1,1,0.9,1.5,1.2,1.1,2.5,1.3,1.4,0.7,1.5,0.7,0.7,0.8,1.4,0.9,0.6,2.2,1.7,2.5,0.7,1.3,1.3,1.1,1.4,2
20150904,10,SO2,7,6,3,2,6,8,4,2,2,7,2,2,4,5,3,7,3,10,2,7,2,2,3,10,3,2,19,2,5,3,2,9,6,2,8
20150904,10,NO2,40,33,55,31,44,33,21,19,23,31,28,39,37,35,26,35,24,29,18,23,18,14,16,16,21,3,24,32,13,31,69,57,48,87,61
20150904,10,O3,33,62,49,58,41,43,57,,53,77,29,44,50,35,53,40,36,54,39,58,30,44,67,64,49,52,56,36,40,29,19,38,35,22,22
20150904,10,CO,1.9,1.5,1.3,1.4,2.5,2.4,1.1,0.7,0.8,1.1,1,1,1.3,1.5,1.4,2.7,2.1,1.5,0.9,1.8,0.7,0.7,0.8,1.7,1.2,0.6,2,2.2,2.3,0.9,1.6,1.5,1.3,1.5,2.5
20150904,11,SO2,7,6,3,3,7,8,3,2,2,6,2,2,3,5,4,7,3,10,2,8,2,2,3,10,4,2,19,2,4,3,2,9,5,2,7
20150904,11,NO2,43,34,62,35,44,35,27,21,26,41,32,46,42,31,25,33,23,29,24,19,9,12,11,15,23,3,32,35,17,29,71,63,59,92,68
20150904,11,O3,41,71,42,59,53,53,52,,43,63,36,38,40,39,61,48,38,60,41,71,51,49,84,68,56,57,54,33,36,35,26,44,28,20,30
20150904,11,CO,2.6,2,1.8,1.7,3,2.5,1.4,0.9,0.9,1.3,1.3,1.2,1.3,1.6,1.8,2.8,2.5,1.6,1,1.9,0.8,0.7,1,1.7,1.4,0.6,2.4,2.7,2.2,0.8,2.1,2,2,1.8,2.8
20150904,12,SO2,7,8,3,3,6,7,2,2,2,5,2,2,3,5,4,9,4,9,2,7,3,2,3,10,,2,11,2,5,3,2,9,4,2,7
20150904,12,NO2,43,38,67,36,44,35,35,28,27,36,23,46,38,35,31,39,29,30,31,26,6,11,9,14,,3,33,40,18,28,71,56,66,107,66
20150904,12,O3,47,72,45,65,60,59,38,,39,71,66,47,51,40,55,45,38,61,48,66,58,56,94,77,,70,65,31,45,40,28,50,23,14,36
20150904,12,CO,2.8,2.3,2.5,2.1,3,2.7,2.1,1.6,1.3,1.5,1.1,1.5,1.3,1.7,2.4,3.5,3.3,2.1,1.3,2.7,0.8,0.8,0.9,1.7,,0.6,2.2,3.1,1.8,0.8,2.4,2.3,2.6,2.3,2.8
20150904,13,SO2,8,8,4,3,7,8,3,2,2,6,2,2,3,4,4,10,5,8,2,2,5,4,3,6,,2,5,6,5,4,3,9,6,2,8
20150904,13,NO2,42,42,64,37,48,35,40,29,30,37,15,48,42,28,34,40,24,31,31,20,7,10,10,18,,3,19,36,15,23,77,61,58,93,66
20150904,13,O3,48,59,58,64,57,59,32,,44,78,74,46,47,38,42,50,50,59,49,81,66,81,90,64,,67,97,36,63,46,20,39,36,15,32
20150904,13,CO,3.4,3,2.8,2.6,3.8,3.4,2.6,1.9,1.7,1.8,1,1.8,1.4,1.8,3.2,3.5,3.1,2.5,1.4,2,1.2,1.1,0.9,2,,0.7,1.2,3.2,1.5,0.8,3.1,2.9,2.8,2.8,3.6
20150904,14,SO2,5,5,3,2,5,3,2,2,2,6,2,2,3,4,2,4,2,4,2,2,3,3,2,5,,2,2,3,4,3,2,7,6,2,6
20150904,14,NO2,45,49,67,46,48,39,24,31,18,41,17,44,32,30,33,39,17,31,27,14,10,12,12,18,,3,16,41,10,21,71,64,65,85,67
20150904,14,O3,40,38,43,37,50,47,53,,77,54,55,50,56,35,49,56,68,53,58,93,82,91,75,62,,76,94,47,81,41,10,25,20,6,22
20150904,14,CO,3.8,3.8,3.7,3.8,4.2,3.6,2.1,2.2,1.4,3,1,2,1.3,1.7,3.4,3.2,2.5,2.7,1.1,1.5,1.8,1.2,1,2.1,,0.7,0.9,3.8,1.1,0.7,3.9,3.9,3.8,4,3.7
20150904,15,SO2,3,4,2,2,2,2,2,2,2,6,2,2,3,4,2,2,2,2,2,2,2,2,2,2,,2,2,2,4,4,2,7,7,2,4
20150904,15,NO2,46,50,60,43,46,40,32,28,14,49,23,20,27,28,26,30,10,27,24,9,4,10,13,12,,2,15,36,15,19,66,67,66,95,72
20150904,15,O3,45,43,49,43,52,50,44,,99,44,59,97,63,39,69,69,84,52,65,108,86,100,77,91,,55,112,51,86,40,16,32,20,6,20
20150904,15,CO,3.5,3.4,3.3,3.2,4,3.3,2.6,2.3,1.3,3.2,1.1,1.1,1.2,1.3,2.1,1.9,1.4,1.8,1.1,0.9,1.1,0.8,0.9,1.5,,0.8,0.7,2.9,0.9,0.6,3.6,3.2,3.5,3.5,3.5
20150904,16,SO2,2,3,2,2,2,2,2,2,2,6,2,2,3,4,2,2,2,2,2,2,2,2,2,2,,2,2,2,4,3,2,6,3,2,3
20150904,16,NO2,39,41,57,39,44,33,30,28,33,42,17,26,25,42,25,30,7,24,22,12,5,11,12,9,,3,22,39,8,17,66,52,68,109,63
20150904,16,O3,54,59,52,56,60,61,51,,59,65,80,83,83,33,75,60,84,60,57,101,79,85,93,90,,77,91,55,109,66,21,51,24,8,40
20150904,16,CO,2.5,2.3,2.7,2.4,2.9,2.2,2.5,2.2,2.6,2.1,1.2,1.5,0.7,2.1,2.2,2.1,1,1.6,1.3,1,1,0.7,0.9,1.4,,0.9,1.4,3.1,0.9,0.4,2.4,2.3,2.8,2.6,2.2
20150904,17,SO2,2,3,2,2,2,2,2,2,2,5,2,2,3,3,2,2,2,2,2,2,2,2,2,2,,2,2,2,5,3,2,6,2,2,3
20150904,17,NO2,30,32,38,27,36,31,26,27,27,22,11,35,24,23,30,33,6,21,19,12,6,13,18,11,,2,19,38,16,14,53,57,50,84,55
20150904,17,O3,66,73,83,84,76,66,60,,68,108,104,66,100,62,64,56,81,80,86,105,79,79,78,95,,74,68,57,99,77,47,63,51,34,45
20150904,17,CO,2.1,2.2,1.8,1.6,2.4,2.3,1.9,1.8,1.9,1.1,0.7,1.9,0.7,0.9,2.6,2.3,1,1.2,1,1.1,0.8,0.7,1,1.3,,0.6,1.4,2.7,1,0.1,2,1.9,1.9,1.8,2.4
20150904,18,SO2,2,2,2,2,2,2,2,2,2,5,2,2,3,4,2,3,2,2,2,2,2,2,2,2,,2,2,2,4,,2,5,5,2,2
20150904,18,NO2,26,29,30,29,25,25,12,24,15,23,16,29,24,34,28,33,10,16,17,17,7,12,14,12,,2,24,33,9,,57,76,36,112,63
20150904,18,O3,88,89,97,92,109,81,91,,100,116,99,87,91,49,72,60,72,90,84,91,72,75,92,103,,78,63,57,101,,53,59,74,18,47
20150904,18,CO,1.1,1.1,0.9,1,1,1.5,0.9,1.6,0.8,0.6,0.7,0.9,0.6,1,2.3,2.1,1.3,0.8,0.8,1.4,0.8,0.8,0.8,1.3,,0.6,2,2.3,0.9,,1.1,1.2,0.8,1.3,1.8
20150904,19,SO2,2,2,2,2,2,2,2,2,2,5,2,2,3,3,2,3,2,2,2,2,2,2,2,2,,2,3,2,4,3,2,5,5,2,2
20150904,19,NO2,34,42,44,36,40,30,25,22,22,38,25,35,40,40,24,29,15,20,26,20,7,17,28,13,,2,25,25,13,18,72,54,55,107,74
20150904,19,O3,63,61,67,63,75,71,71,,78,79,81,83,66,36,75,66,65,91,76,87,70,64,72,107,,69,65,65,78,68,18,53,45,9,26
20150904,19,CO,1.9,2.1,1.6,2,2,1.9,1.3,1.1,0.7,1.5,1,0.8,1.1,2.1,1.9,1.8,1.9,0.7,0.7,1.8,1.1,0.9,1.1,1.3,,0.6,2.2,1.9,1.4,0.1,2.1,2.1,1.5,2.3,2.1
20150904,20,SO2,2,2,2,2,2,2,2,2,2,5,2,2,3,3,2,2,2,2,2,2,2,2,2,2,6,2,2,2,5,3,2,5,2,2,2
20150904,20,NO2,31,37,41,35,33,28,22,27,25,34,26,39,30,31,26,25,18,26,33,20,8,15,17,13,13,2,22,18,18,15,53,59,61,85,64
20150904,20,O3,62,59,64,56,74,70,63,,66,72,73,59,66,39,62,61,55,68,58,82,67,69,85,100,122,75,62,77,66,72,32,41,34,16,33
20150904,20,CO,1.7,1.9,1.7,2.1,2,1.7,1.6,1.1,0.9,1.7,1.7,1.6,1.7,1.8,2.1,1.7,2.2,1.2,1,1.8,1.4,1.1,1.1,1.3,1.7,0.7,1.7,1.2,2.4,0.2,1.9,2.1,1.8,2.1,1.7
20150904,21,SO2,2,2,2,2,2,2,2,2,2,5,2,2,3,3,2,2,2,2,2,2,2,2,2,2,4,2,2,2,5,3,2,5,3,2,2
20150904,21,NO2,25,26,36,29,38,22,16,26,33,23,23,30,22,21,19,27,13,21,26,14,8,11,13,12,23,4,18,13,10,19,47,45,40,84,62
20150904,21,O3,69,71,66,62,68,70,64,,59,85,68,64,70,50,78,46,49,73,59,73,64,69,90,80,130,77,85,82,101,59,41,51,49,10,29
20150904,21,CO,1.5,1.7,1.7,1.9,1.8,1.6,1.6,1.4,1.4,1.5,1.6,1.6,1.5,1.3,1.5,1.9,2.3,1.2,1.6,1.8,1.2,1.2,0.9,1.3,1.2,1,0.9,1,1.5,0.5,1.7,1.8,1.6,2.1,1.7
20150904,22,SO2,2,2,2,2,2,2,2,2,2,5,2,2,3,4,2,2,2,2,2,2,2,2,2,2,4,2,2,2,4,3,2,5,3,2,2
20150904,22,NO2,20,16,24,19,30,17,7,24,24,18,16,23,19,16,12,21,8,27,19,14,5,12,13,13,30,3,14,9,9,16,33,44,31,76,51
20150904,22,O3,75,94,87,84,73,80,82,,71,101,90,77,87,57,98,65,58,59,73,67,67,65,85,85,113,69,92,97,107,68,62,63,59,35,46
20150904,22,CO,1.2,1,1.2,1.2,1.6,1.3,1.2,1.3,1.3,0.9,1,1.2,0.9,0.8,0.7,1.4,1.8,1.7,1.3,1.8,1.1,1.4,0.8,1.8,1.4,0.9,0.6,0.6,1.1,0.8,1.2,1.2,1.2,1.1,1.4
20150904,23,SO2,2,2,2,2,2,2,2,2,2,4,2,2,3,3,2,2,2,2,2,2,2,2,2,2,3,2,2,2,4,3,2,4,2,2,2
20150904,23,NO2,15,16,19,21,15,12,2,20,14,14,12,13,12,16,13,15,5,24,11,12,4,12,8,14,16,4,12,8,6,13,28,39,23,52,39
20150904,23,O3,84,93,92,84,105,97,94,,91,107,98,100,99,56,94,86,66,61,91,76,60,64,91,88,143,52,90,101,117,85,70,75,71,53,68
20150904,23,CO,0.9,0.8,0.8,0.8,1,0.9,0.7,1.2,0.8,0.5,0.7,0.6,0.7,0.7,0.7,0.7,1.4,1.7,0.7,1.4,1.4,1.3,0.8,1.9,1.2,1.1,0.6,0.5,1,0.4,0.8,0.8,0.8,0.7,0.8
