date,hour,type,dongsi,tiantan,guanyuan,wanshouxigong,aotizhongxing,nongzhanguan,wanliu,beibuxingqu,zhiwuyuan,fentaihuayuan,yungang,gucheng,fangshan,daxing,yizhuang,tongzhou,shunyi,changping,mengtougou,pinggu,huairou,miyun,yanqing,dingling,badaling,miyunshuiku,donggaocun,yongledian,yufa,liulihe,qianmeng,yongdingmengxi,xizhimengbei,nansanhuan,dongsihuan
20150105,0,PM2.5,245.7,179.2,170.2,156.1,214,306,307.9,283,300.2,238.7,331.4,289.3,341.1,280.1,306.7,217.5,48.8,268.4,268.3,82.3,116.5,219.7,241.9,225.2,260.7,159.2,52.1,227.5,384.3,385.9,228.5,216.2,214,210.2,332.5
20150105,0,PM10,261.8,198.1,201.9,234.3,248,357,379.3,353.8,311.1,251.7,341.5,327.1,431,299.9,,236.8,160.8,287.2,328.2,91.5,208.4,298.1,273.5,,294.1,250.7,74.2,237.5,415.4,,,,228.4,,363.5
20150105,0,AQI,243,223,208,195,240,254,247,272,218,277,245,220,309,370,338,314,186,273,183,229,124,197,203,207,132,143,166,411,385,398,264,268,256,268,285
20150105,1,PM2.5,188.4,147.6,142.7,141.3,195.7,253.3,292.7,289.8,322.5,222,309.5,263.3,235.1,232.5,231.5,159.9,241.1,232,262.8,71,108.6,270.6,224.2,328.2,239.8,206.2,59,173.2,349.3,371.7,192.4,179.9,188.5,178.9,255.1
20150105,1,PM10,,179.5,166.8,218.9,230,300.7,350.7,326.9,331.7,233.7,370.2,310.3,265.2,243.1,,169.2,,254,324.2,88.7,181.6,327.2,245.4,,260.7,308.3,87.1,188.2,380.8,,,,204,,272
20150105,1,AQI,240,220,206,192,235,251,251,274,224,272,250,225,306,367,335,304,189,275,191,223,123,202,205,214,141,147,162,405,386,393,260,263,252,264,277
20150105,2,PM2.5,144.9,132.1,108.6,125,176,202,303.5,307.5,257.4,186.9,292.8,260.5,223.7,181.6,201.3,135.6,249.3,200.7,264.5,91.1,107.9,239.8,209.3,251.4,239.5,209,71.1,149.5,354.5,357.5,172.7,159.4,137.6,156.4,228.1
20150105,2,PM10,162.6,158.6,131.5,191.7,223.8,249.6,363.9,347.8,,205,295.8,310.7,239.2,,,168.1,,229.9,314.7,100.4,192.5,301.9,215.6,,257.1,313.3,97.3,165.6,362.6,,179.8,160,158.6,170.6,249.9
20150105,2,AQI,236,216,202,188,229,247,255,276,226,267,254,229,301,362,327,294,195,275,199,219,122,206,206,216,150,152,159,399,384,387,254,257,248,258,271
20150105,3,PM2.5,148.2,130.6,106.6,111.4,156.7,170.9,291.8,313.5,192.2,177.2,288.5,214.7,193,161.2,197.2,131.7,155.7,278.5,258.9,112.7,94.4,224.2,204,268,241.9,197.5,113.9,171.8,277,365.8,158.6,145.5,148,151.3,204.8
20150105,3,PM10,169.6,143.5,138.4,184.8,189.5,209,353.6,337.5,,181.5,313.7,236,209,170.5,,139.9,193.8,315,293.1,140,172.3,289.7,211.1,,257.3,285.6,139.7,193.7,286.1,,158.6,,179.9,164.6,272.2
20150105,3,AQI,232,212,198,183,224,244,258,278,226,263,257,231,295,350,320,285,195,277,204,217,122,210,206,221,162,158,159,389,382,381,248,251,244,253,266
20150105,4,PM2.5,149.6,124.5,172,105.6,172.2,159.3,273.6,325.1,167.3,194.9,275.7,187.2,180.8,141,229.3,147.2,178.6,266.6,226.8,137.7,102.6,226.4,236.3,246.4,235.6,190.5,87.9,167,238.1,352.6,157.1,151.9,263.3,150.5,189.9
20150105,4,PM10,165.7,135.8,204.9,182.2,207.5,200,316.9,337.5,,231.8,288.9,187.8,192,154,,163.7,181.8,309.1,252.9,152.3,174.6,281.5,242.9,,,267,97.9,193,,,,,321.8,165.9,285.3
20150105,4,AQI,230,207,197,178,224,242,261,281,225,261,260,234,291,337,316,279,197,277,208,216,123,214,208,226,172,163,158,377,377,374,243,245,243,247,262
20150105,5,PM2.5,130.4,124.5,156.3,114.1,204.8,151.2,266.9,304.5,170.6,226.3,275.8,206.3,203.4,141.6,203.3,189.7,179.9,207,212.7,134.2,107.8,219.6,236.6,213.1,240.9,186,79.2,149.7,211.1,339.4,160.2,159.3,220.8,155.3,192
20150105,5,PM10,156.6,166.4,197.9,193,246,188.4,298.3,313.6,,289.7,314.4,216.6,233.8,167.3,,216.7,220.1,230.2,243.4,158.9,191.6,262.3,270.8,,266,275,109.3,182.1,212,,165.8,167.7,279.6,172.6,267
20150105,5,AQI,230,204,195,175,225,241,264,283,225,259,264,235,291,327,312,275,200,277,212,212,125,218,210,229,183,168,156,365,372,369,242,244,242,245,262
20150105,6,PM2.5,187.7,110.1,163.3,115.2,211.4,153.1,206.8,294.5,164,210,267.7,216.3,233.7,141.4,214.8,163.3,159.5,182.1,186.7,133.8,115.6,200.3,248.6,199.9,187.6,181.3,94.8,143.5,186.3,323.7,176.6,153.5,212.3,154.2,172.2
20150105,6,PM10,211.2,140.8,209.7,192,257.6,205,251.8,301.5,,247,278.5,233,248.3,168.6,,193.4,200.9,191.8,209.3,157.1,193.8,247.2,279.1,,197.2,264.2,120.2,187.8,197,,184.1,167.2,251,173.3,211.7
20150105,6,AQI,233,203,196,176,227,242,264,284,225,258,267,237,291,317,313,273,203,276,216,211,127,222,213,232,190,173,155,352,366,364,243,244,243,245,263
20150105,7,PM2.5,194.6,131.8,146.4,122.7,179.9,155.4,211.5,284.8,166,187.8,237.1,216,246.1,156.5,194.1,143.8,147.9,199.5,215.9,140.4,126.6,195,255.6,198.3,186.1,179.8,91.9,151.6,158.9,303.9,195.7,178.5,192.8,162.5,195.4
20150105,7,PM10,204.5,151.8,193.4,206.4,206.1,204.8,246.6,297.8,,218.8,255.5,229.4,266.6,189.4,,175.7,188.4,217.7,237.2,166.2,231.7,240.6,266.9,198.5,206.7,250.1,113,194.4,169,,210.7,202.3,235.5,197.8,218
20150105,7,AQI,236,204,199,178,229,244,263,286,225,256,270,239,292,308,313,272,205,276,220,210,129,226,217,235,198,178,153,340,358,359,246,246,245,247,265
20150105,8,PM2.5,169.4,147.4,126,115.5,157.2,170.5,192.4,274.5,162.3,175,252.9,221.5,234.1,150.6,183,172.7,132,244.4,198.9,147.3,116.4,198.3,251.3,195.9,170,164.5,103.1,164.7,198.2,293.9,195.6,190.2,156.7,174.7,192.4
20150105,8,PM10,210.7,193.6,167.9,208.6,199.2,226.2,243.1,285.2,,209.7,,237.2,266.6,195.2,195.5,214.5,194.1,304,222.7,183,212.1,249.1,281.9,199.2,195,232.4,146.7,219.2,206,,220.9,223.6,193.6,212.2,218.1
20150105,8,AQI,237,205,199,178,226,246,262,286,224,254,274,239,291,297,314,273,207,277,223,210,132,230,221,242,204,183,154,328,351,354,248,248,243,248,265
20150105,9,PM2.5,,141.9,115.2,120.4,149.5,150.7,190.2,281.8,180.6,160.5,275,204.1,199.7,160.8,171.9,173.7,219.9,213.8,191.4,143.6,110.7,193.4,260.2,134.4,131.2,150.3,102.2,198.6,169.3,285.9,163.3,174.1,154.2,180,201.4
20150105,9,PM10,,196.6,152,226.4,197,215.6,243.8,316.4,181.6,192.3,305.2,230.1,276.2,216.7,212.9,211.1,235.3,259.2,246,192.6,195.6,252.9,295.3,155.3,174.2,205.9,140.2,267.7,203.8,,192.3,200.9,200.4,231.6,239.3
20150105,9,AQI,,206,198,180,227,247,260,287,224,250,280,239,289,288,311,274,213,272,224,207,135,233,225,245,206,187,154,319,343,349,249,249,241,248,266
20150105,10,PM2.5,143.3,147.4,126.8,112.7,183.8,168.9,211.2,300.1,206.8,148.4,262.8,207.2,296.8,241.9,228.6,187.9,159,228.7,219,144.1,123.7,182.1,283.1,71.3,102.5,144.4,131.7,231.7,167.5,346,175.1,159.8,155.9,165.6,235.3
20150105,10,PM10,185.9,193.1,179.5,206.5,249.9,248.2,290.7,346.6,211.6,189.5,276.8,245,455.5,332.1,298.7,227,223,302.2,329.8,231.4,228.2,236.2,320.4,125.4,194.4,196.2,168,302.7,214.4,,192,196.2,205.7,212.6,287.1
20150105,10,AQI,239,208,197,180,229,250,261,287,224,247,284,240,291,282,302,275,216,269,225,205,138,236,230,243,208,190,157,310,330,347,250,249,240,245,270
20150105,11,PM2.5,,135.7,135.8,114.5,171.4,169.5,197.5,288.3,186.2,218.2,254.4,226.8,,279.1,198.1,173.5,197.7,123.5,198.2,150.7,120.9,183.9,229.7,56.8,56.3,143.7,123.9,233.8,199.8,363.7,174.9,156.5,168.7,168.4,185.3
20150105,11,PM10,228.6,176.1,158.8,198.6,242.6,247.8,242.2,312.1,199.9,313.6,290,271.6,373.2,369.5,264.9,203.4,230.6,194.2,265.1,408.1,222.3,217,249.8,110.5,188.9,202.7,145.1,312.5,261.3,,193.6,187.5,233.9,203.9,241.1
20150105,11,AQI,241,206,196,178,231,253,261,290,227,248,289,241,291,281,296,272,221,265,226,203,141,240,232,236,207,195,152,305,319,349,250,247,239,242,273
20150105,12,PM2.5,,81.6,85.7,73.6,88.3,155.6,149.6,183.4,93.9,154.2,,173,,211.5,183.4,201.9,160.5,50.8,106,169.5,112.5,146.1,103.6,14.3,43.3,,125.6,237.5,191,236,108.2,102.5,90.1,119.1,184.2
20150105,12,PM10,,146.6,111.5,155.9,151.4,221.3,203.7,214.6,135.4,202.9,,187,291.6,267.1,217,251.4,196.6,113.1,149.9,238.7,193.4,170.4,152.1,68.2,215.3,,154.1,309.3,238.4,,127.1,169.2,170.3,168.6,228.9
20150105,12,AQI,245,205,194,177,231,256,261,290,225,247,294,248,291,279,296,270,225,257,225,199,143,243,230,227,206,200,146,302,311,346,250,245,239,241,275
20150105,13,PM2.5,26.3,40,48.7,34.7,39.7,38.7,45.5,32,51.6,72.5,12.7,29.3,130,80.9,,140.9,123,41.4,19.4,132.5,114,74.4,47.4,15.7,46.4,,135.7,146.1,187.9,228.9,50.1,51.9,54.3,59.3,27.3
20150105,13,PM10,134,132.5,109.9,140.4,145,124.3,132.2,86.6,109.5,142.5,196.1,87,203.5,160.6,140,166.7,138.7,169.1,72.9,239.9,203.9,97.2,73.8,63.4,257,218.2,153,201.7,221.1,,128.7,138.2,178.3,137.4,128.8
20150105,13,AQI,242,204,193,175,229,253,259,281,223,244,291,245,289,275,298,268,224,248,221,192,145,243,227,219,205,204,139,293,307,347,247,243,237,239,271
20150105,14,PM2.5,25,33.8,30.1,23.9,29.6,27.7,27.3,23.6,24.5,35.6,21.3,27.6,31.5,37.4,,93.4,98.2,21.9,17.1,34,,28.4,15.5,10.9,28.5,10.8,38.8,71.1,,129.6,38.9,36.6,34,33.6,18.3
20150105,14,PM10,188.2,173.4,109.9,158,154,207.3,107.3,83.2,81,157.6,171.3,83.5,234.7,155.1,1000,113.6,102.9,106.1,89.5,97.2,133.5,260.6,76,73.5,182,201,109.3,146.5,,202.3,139.9,188.4,166.5,165.7,194.7
20150105,14,AQI,239,201,190,173,226,250,257,273,220,242,288,243,285,270,302,264,222,240,219,181,145,242,223,213,204,203,137,281,,345,244,240,235,236,267
20150105,15,PM2.5,16,22.6,20.7,20.3,21.2,16.5,23.9,20.1,18.4,21.6,22.1,20.1,32.1,27.6,11,29.8,94.1,16.5,15.1,27.4,10.6,30.2,15.1,14.4,7.8,27.3,25,45.3,32.8,19.9,27.9,28.9,25.6,33.3,3
20150105,15,PM10,143,141.3,80,116.2,134.3,139.5,98,70.8,69.7,103.9,134.6,63.1,229.9,168.8,186.5,133.3,,105.2,75.3,293.9,154.9,164.4,49.3,103.9,58.3,256.2,123.1,144.6,252.6,124.7,111.6,133.5,118.7,122.3,170.9
20150105,15,AQI,234,198,187,170,222,241,254,271,218,239,285,241,282,265,293,255,219,232,217,169,139,239,219,207,201,202,132,271,296,340,240,236,231,233,260
20150105,16,PM2.5,9.4,14.4,17.5,11.3,15.6,14.2,16.6,12.4,18.3,17.3,17.1,15.7,24.5,16.1,21.9,16.8,3,12.1,15.8,26.3,16.9,15.2,8,10.9,15.9,19.7,25.5,24.6,23.5,17.2,19.6,22.6,18.3,22.8,3
20150105,16,PM10,239.7,136.9,63.1,116.7,160.7,147.8,153.1,75.1,80,94.5,122,81.9,62.1,114,120.3,107.2,149.3,182,58.2,274.1,93.8,121.8,39.1,56.1,53,165.7,144.8,166,212.9,47,134,146.9,213.5,108.9,102.2
20150105,16,AQI,227,191,183,164,217,234,250,266,215,236,282,238,279,258,284,246,212,226,216,161,138,234,216,200,198,199,126,261,288,334,235,231,227,228,252
20150105,17,PM2.5,10.4,7.9,14.7,11.8,12,16.3,16.2,10.5,13.1,15.1,16.5,13,15.2,11.2,14.7,28.9,3,16.3,12.1,13.1,10.4,8.7,8.3,6.2,10.1,3.2,9.1,28,18,11.4,13.8,15.6,17.8,24.7,3
20150105,17,PM10,122.1,128.6,105.6,129,110.5,78.7,178,75.4,89.9,135.1,144.1,90.3,85.1,124.1,120.2,127.9,96.1,96.7,80.4,69.4,81.5,42.6,32,53.7,39.6,59.6,56.6,177.8,183.5,29,103.7,163.4,236.1,163.6,61.3
20150105,17,AQI,218,182,176,158,211,227,246,262,211,231,278,233,272,248,274,237,211,222,213,155,134,228,212,190,196,193,118,248,278,328,227,223,221,221,244
20150105,18,PM2.5,6.2,6.2,,8.9,9.8,10.1,13.6,9,17.2,8.6,11.6,9.9,14.8,12.8,14.5,21.1,3,8.1,6.7,10.3,10,4.9,7.1,5.2,6.8,3,6,21.1,13.3,7.7,7.8,11.6,9.8,18.9,3
20150105,18,PM10,83.9,78.7,74,193,61.3,60.2,99,40.1,58.5,99.2,109.9,64.3,76.8,186.7,53.8,69.9,57.3,59.6,62.4,45,51.2,22,35.9,72,42.2,44.6,25.2,113.1,165.1,28.4,67.4,215.4,138.1,133.6,43.7
20150105,18,AQI,209,171,175,149,203,221,239,257,207,223,268,229,260,237,263,226,204,217,209,146,130,220,210,181,191,185,109,234,267,321,218,214,213,211,234
20150105,19,PM2.5,5.1,,5.3,,14,10.7,13.7,11.1,13.3,13.7,12.9,7.5,8.5,10.3,7,16.6,56.8,5.3,4.3,9.8,9.7,8.6,7.2,3.7,8.9,3.8,4.4,23.4,14.5,12,7.4,10.6,9.4,24.2,3
20150105,19,PM10,153.6,,56.9,96.4,177.7,72.2,101.8,51,55.8,74.4,109.4,45.1,42.4,92.6,42.8,34.6,,62.8,52.3,13.5,32.5,19.6,20.8,87.5,22.5,45.4,9.4,60.8,104.5,43.4,67.2,131.9,143.8,103.9,55.9
20150105,19,AQI,194,,162,145,192,209,230,246,202,214,257,220,245,224,249,211,193,209,203,135,125,211,207,173,184,177,100,216,255,311,206,202,203,200,222
20150105,20,PM2.5,7.7,,10.1,,9.9,6.9,11.9,6,9.5,9.7,6.1,10.4,12.2,9.3,8.7,10.1,23.6,7.7,4.2,7,12.7,3,4.7,6.5,6.3,6.7,5.8,27.5,7.8,10.9,9.6,9.6,12.3,8.1,7.6
20150105,20,PM10,85.7,,25.8,53.6,53.7,65.1,86.6,43.6,55.8,84.5,95.7,43.6,90.3,72.1,46.7,20.1,26,108.9,41.4,13.2,27.7,20.1,5,44.9,15.2,61,,54.1,72.9,22.9,50.5,79.6,79.3,65.8,58.5
20150105,20,AQI,174,,149,138,177,194,219,239,192,203,244,210,230,209,235,193,182,201,193,126,118,200,204,165,176,165,95,200,239,298,189,183,188,182,210
20150105,21,PM2.5,6.1,10.5,4.3,3,3,3,7.8,3.7,8.3,6.6,6.5,7.9,14.3,7,7.6,10.5,3,4.2,3,6,9.3,6.1,6.3,6.4,8.2,3.9,7.6,7.4,11.9,8.7,4.6,9.4,9.5,5.4,8.4
20150105,21,PM10,37.9,36.4,14.2,27.4,34.8,36,34.6,12.4,18.6,39.1,66.3,23.3,30.4,62.3,28,33.7,18.2,9,27.2,20.7,20.1,11.2,,45.1,10,51.8,,61.7,63.6,,13.8,44.4,45.3,44.5,29.8
20150105,21,AQI,152,130,136,126,159,174,208,231,178,186,230,198,213,190,218,175,166,187,181,118,110,185,198,157,164,152,91,183,227,282,169,162,170,164,194
20150105,22,PM2.5,3.5,5.1,4,5.5,8.8,3,6.4,7.3,9.2,7.8,7.7,3,14.4,7,6.1,10,3,6.8,3,8,8.2,6.9,5.2,7.6,11.6,6.2,5,8.6,5.9,7.7,8.1,6,3.9,6.8,4.5
20150105,22,PM10,18.5,21.7,5,17.7,11.3,25.9,15.7,30.6,20.9,19.2,69.9,20.2,,27.7,53,11.4,17.1,,24.6,9.2,13.7,7.1,,95.1,38.2,30,5,39.9,41,,16.6,32.5,23.4,27.4,5.9
20150105,22,AQI,133,115,123,111,144,154,198,222,164,167,216,183,197,167,193,158,154,171,172,112,103,171,185,149,150,141,88,168,214,265,148,142,151,143,176
20150105,23,PM2.5,5.9,5.3,5.6,3.4,5.5,3,11.4,7.2,11.7,7.1,11.5,3,14.7,9.1,5.4,8.9,4.9,9.6,3,6.9,6.7,5.1,18.9,3,12.8,3,8.1,20.3,8.6,5.1,9,8,9,7.3,4.1
20150105,23,PM10,13.9,10.7,21.9,24.8,14.7,34.9,19.9,18,17.6,22.3,54.3,11.1,,26.5,35.5,,15.6,19.1,15.5,,11.8,6.2,,9.6,42.4,18.9,19.1,26.8,16.1,,10.4,22.2,27.3,26.8,41.2
20150105,23,AQI,119,105,111,102,133,138,182,212,151,148,201,167,175,148,171,141,144,156,160,108,98,158,172,137,137,132,85,154,195,250,135,128,137,130,156
20150105,0,SO2,93.3,91.6,88.1,86.2,112.4,128.7,116.4,74.2,150,100.8,113.2,120.9,99,120.3,96,120.2,94,131.4,158.4,50.5,73.1,96.4,116.2,71.7,133.7,104.2,56.6,70.8,94.8,142.5,91.8,98.8,96,102.8,127.2
20150105,0,NO2,116.1,113.9,127.8,129.8,147.1,141.7,149.6,107.8,165.5,128.1,154.1,154.2,157,140.5,114.1,98.5,86.1,133.4,153.6,52.1,101.6,108.2,130.1,101.4,143,70,63.1,119.4,153.5,176.6,117,114.3,115.9,129.3,113.5
20150105,0,O3,3.3,9.7,4.4,2,2,2.2,2,14.9,14.3,2,18.2,4.6,11.7,2.7,6.3,12.6,8.6,6.3,11.2,25.1,2,2,19.7,2,3.9,3.7,26.9,2,2,6.3,2,2,13.8,2,2
20150105,0,CO,5.1,4.3,4.6,4.7,5.3,6.1,7.3,6.5,6.7,5.1,6.9,6.4,6.2,5.8,4.8,5.6,3.2,6.1,6.6,2.2,3.8,5.7,5.7,4.5,5.7,3.9,1.8,3.2,6.9,7.6,4.5,4.9,4.9,4.7,8.2
20150105,1,SO2,86.6,84.8,81.5,84.3,109.8,118.1,131,68.5,153.3,96.7,117.5,121.9,76.6,105.3,86.8,107.6,96.5,113,151.1,46.9,64.4,108.8,102.9,91.6,118.1,92.5,63,71.7,85.1,133.5,84,87.8,92.4,91.7,124.2
20150105,1,NO2,93,101.5,109.3,116.7,131.9,121,143.4,100,161.5,120.9,155.1,142.3,125.5,114.9,96,84.2,72.6,118.1,150.9,51.1,95.7,110.5,120.1,106,133.7,67.5,66,108.8,140.8,165.7,102.3,99.1,103.9,109.5,87.3
20150105,1,O3,2.3,10,4.2,2,2,2,2.5,14.5,12,2,14.6,4.6,9,3.7,7,9.6,6.6,5.1,11.2,23,2,2.7,18.7,2.2,2.8,6.1,22.9,2,2,5.1,2,2,14.3,2,2
20150105,1,CO,4.3,3.7,3.7,4.1,4.8,5.2,7.4,6.8,7.1,4.8,6.8,5.9,4.1,4.6,3.8,4.5,3,4.7,6.7,2.2,3.5,7,5.3,7.4,4.9,4.9,1.9,2.9,6.9,7.2,4,4.1,4.4,3.9,6.4
20150105,2,SO2,77.5,59.4,82.9,76.6,91.2,109.5,,64.8,99.1,84.2,109.2,120.6,64.9,90,85.2,104.5,89.5,110,142.6,47.3,63.5,114.6,81.4,71.6,120.6,103.9,63.5,66.6,69.5,115.7,82.6,79.1,92.3,90.1,86.8
20150105,2,NO2,79.8,92.7,97.3,107.3,124.3,108.6,146.5,98.7,133.9,109,141.8,139.8,114.3,101.1,90.8,84.2,51.7,111.6,149.1,55.4,96,110.3,103.7,94.6,137.5,68,61.8,98.6,129.8,153.9,95.1,95.8,91.2,102.1,69.8
20150105,2,O3,2,9.9,3.6,2,2,2,2.5,16.5,7.8,2,12.9,4.5,6.7,3.8,6.1,4.4,2,5.9,10.9,19.5,2,2,19.2,2,3.1,6.4,25.6,2,2,5.4,2,2,14.2,2,2
20150105,2,CO,4.2,3.5,3.4,3.7,4.5,4.5,7.6,10,5.6,4.2,5.7,6,3.1,3.7,3.6,4.1,2.3,4.6,7,2.4,3.5,5.8,4.9,5.5,5,5,2,2.9,7,7.1,4,4,3.6,4.1,5.9
20150105,3,SO2,82.1,48.1,81.1,76.3,83.6,97.2,124.3,63,75.1,69.9,112.8,98.2,58.8,98.1,87.7,96.3,43,124,117,65,60.8,118.5,77.2,77.9,123.7,103,80.1,65.1,72,126.1,81.9,68.6,94.9,79.8,75.6
20150105,3,NO2,86.3,89.3,99.8,105.3,114.3,100.9,138.2,100.6,112.9,104.6,142.5,120,105.3,96.3,88.1,80.2,54.3,126.8,137.5,77.8,93.8,111.2,99.2,105.7,133.6,70.3,93,94.1,110.4,152.3,92.6,87.6,92.9,98.5,59.1
20150105,3,O3,2,10.3,4.4,2.1,2,2,2.1,15.8,5.7,2,15.8,3.3,7,4.1,5.7,6.3,2.3,7.5,9.9,10.1,2,2,20.6,2,3.5,6.1,2.3,2,2,6.1,2,2,14.3,2,2
20150105,3,CO,3,3.4,3.6,3.8,4.3,4,7.4,9.6,3.6,4.1,6.6,4.9,3.6,3.7,3.9,4.6,,6.8,7,3.6,3.3,5.7,5,5.9,5.2,4.6,3.7,3.3,6.2,7.8,3.7,4.2,4.5,3.9,4.8
20150105,4,SO2,80.3,54.2,105.8,85.9,94.6,94.5,116.1,69.3,72.1,99.9,105.4,88.3,49.5,96.6,107.1,107.5,41,106.1,106,56.6,61.3,103.5,89,76.3,108,97.4,60.7,63.7,67.8,111.9,80.6,87.5,118.8,90.2,85.5
20150105,4,NO2,87.9,86.4,121.8,104.4,116.9,101.4,132.1,103.3,108.8,121.1,131.6,110.7,102.5,93.9,90.2,80.8,67.5,124.9,126,74.4,94.5,104,113.1,104.6,127.4,68.5,85.3,90.4,97.5,142.8,92.6,94.2,117.4,103.5,59.7
20150105,4,O3,2.7,10.5,6.1,2,2,2,,,10.5,2,13.7,2.9,7.1,3.8,5.8,8.8,9.4,14.9,9.3,9.4,2,2,20.3,2,3.3,7.4,4.4,,2,,2,2,12.2,2,2
20150105,4,CO,3.2,3.6,5.5,4,4.6,4,7.4,11.5,3.5,5.2,6.2,4.4,3.2,4.1,4.7,4.9,2.2,6.9,6.2,4.5,3.5,6.4,5.7,5.3,5,4.4,2.5,3.3,5,7.9,4,4.3,6.9,4.3,5.7
20150105,5,SO2,89.9,78.2,104.3,82.9,115.2,101.2,118.3,63.8,81,110.9,107.2,89.8,53.3,105.9,100.2,108.7,57.1,102,100.5,59.2,59.7,104.6,88.5,72.5,108.9,94.9,55.5,65.2,62.5,101.7,86.8,88.1,114.1,95.8,80.4
20150105,5,NO2,90,94.8,121.2,109.3,128.6,100.3,137.8,100.1,112.3,126.1,131.7,114.6,111.1,95.9,89.8,81.3,95,109,122.3,74.5,96.9,102.6,121.9,99.7,131.5,,79.2,89.4,88.1,132.8,94.3,96.6,117.7,108.2,80.2
20150105,5,O3,2.1,8.6,4.7,2,2,2,2,14.1,11.9,2,13.6,3.5,9,3.7,6,12,13.3,11,8.5,8.8,2,2,20.1,2,3.7,6.7,8.2,2,2,7.3,2,2,10.6,2,2
20150105,5,CO,4.2,4,5.4,4.2,5.8,4,7,9.7,3.6,6,6.2,4.9,4.1,4.5,4.3,6.3,4.1,5.2,5.3,4.7,4.2,5.9,5.9,4.6,5.2,4.3,2.2,3.3,4.9,7.7,4.1,4.6,6.2,4.6,6.8
20150105,6,SO2,96,81.3,109.1,97,124.1,101.2,109.2,62.7,77.2,109.6,103.7,96.8,81.8,113.2,111,118.5,86.9,106.6,95.4,55.5,65.5,88.5,89.6,76.2,101.2,80.8,61.2,76.4,61.7,104,102.7,101.3,113.5,102.1,88.3
20150105,6,NO2,106.2,94.6,124.2,111.6,131.7,108.2,123,97.3,107,122.2,131.6,122.2,122.4,96.8,92.3,88,94.9,108.7,115.3,74.1,100.6,97.5,126,103.5,113.9,66.6,91.4,94.3,81.9,127.2,107.1,100.1,114.9,107,89.7
20150105,6,O3,3.8,9,4.9,2,2,2,2,13.7,12.2,2,13.2,3.9,11.6,3.7,2.7,7.1,19.2,10.1,7.6,8.6,2,2,20,2,3.1,5.5,2,2,2,6.8,2.1,2,11.1,2,2
20150105,6,CO,5.1,4,5.4,4.4,6.1,4.1,6,11.5,3.7,5.8,5.8,5.6,5.7,4.6,4.8,4.7,5.1,4.7,4.5,4.7,4.3,5.8,6.1,4.4,3.8,4.5,3.2,3.4,4.4,8.9,4.7,4.5,5.9,4.8,5.3
20150105,7,SO2,100.8,67,106.2,98.2,107.9,98.3,107.3,64.9,74.3,103.3,107,94.3,85.9,121.9,133.9,109.6,89.5,109.7,101,60,74.3,84.4,84.2,74.7,134.8,86.3,63,82.7,67.5,104.9,107,110.2,108.4,112.3,89
20150105,7,NO2,110.3,98.9,120.7,113.7,121,108.9,121.1,99.5,107.7,118.2,126.1,120.9,124,103.8,95.1,84.9,97.2,107.6,119,76.6,111.3,98.4,122.6,103.2,111.5,67.3,91.9,98.1,82.7,124.2,112.8,107.6,109.4,111.5,92.7
20150105,7,O3,3.6,11.6,4.5,2.8,2,2,2,12.9,12,2,11.2,4.1,12.6,3.8,2,6.4,17.3,14.8,8.7,8.6,2,2,20.2,2,3.4,5.4,2,2,2,6.3,2.1,2.1,10.3,2,2
20150105,7,CO,5.3,4.4,5.2,4.8,5.2,4.2,6.4,12.3,3.9,5.3,5.5,5.5,6.2,5.3,5.2,4.6,4.8,5.7,5.6,5,4.8,5.6,6.2,4.4,3.8,4.3,2.7,3.5,4.5,8.8,5.3,5.2,5.8,5.7,5.6
20150105,8,SO2,101.3,93,99.1,103.6,113.5,106.4,102.6,56.5,68.3,101,124,92.7,86.2,131.9,142.1,124.8,102.4,119.8,94.6,73.9,90.4,82.5,86.9,66.2,135.8,82.7,73.2,77,62.2,97.1,107.9,118,102.8,123,99.1
20150105,8,NO2,106,112.5,110.4,115.6,122.6,115,119.8,96.9,105.5,113.8,126.3,120.8,121,107.9,98.4,95.1,98,111.9,116.2,85,109.8,100.1,123.5,97.9,97,67.6,102.3,97.4,79.2,116.8,114.9,109.7,103.7,113.8,94.6
20150105,8,O3,3.5,13,4,3,2,2,2,12.3,12.1,2,12.6,5.6,11.3,3.6,2,9.4,16.6,15.6,8.5,9.1,2,2,22.2,2,3.3,4.5,2,2,2,6.6,2.1,2,9.4,2,2
20150105,8,CO,5.1,5,4.6,4.8,5.3,4.6,5.9,11.3,4.1,5.1,5.9,6.3,5.9,5.6,5.2,5.5,4.3,7.5,5,5.4,4.3,5.7,6.5,4.4,3.2,4.1,2.9,3.7,5.4,8.5,5.3,5.6,4.9,6,5.3
20150105,9,SO2,,91,96.6,104.7,121.8,112.9,107.2,59.6,81.4,94.9,132.8,94.9,81.6,146.1,137.7,138,119.7,116.8,95,72.2,67.7,88.9,92.3,87.5,124.5,70.9,80.9,87.1,62.9,88.7,102.6,118.9,106.8,125.3,114.1
20150105,9,NO2,,107.5,108.7,120.8,121.7,111.7,123,97,111,109.2,128.2,120.7,118.1,112.5,103.5,102.3,105.8,107.8,121.8,76.9,97.7,98.6,127,74.9,77.2,61,100.4,100.2,73.9,107.6,108.3,109.1,103.1,121.5,89
20150105,9,O3,,12.4,6.2,3.9,2,2,2,12.4,13.2,2,16.9,4.4,9.3,5.9,2,8.6,19.8,12.3,9.4,9.8,2,2.2,24.7,8.2,5.5,7.9,5.3,2,2,7.4,2,2,10.8,2,2
20150105,9,CO,,4.7,4.5,5,5.2,4.2,5.5,10.9,5.3,4.7,6.4,6.1,5.2,6.2,5.6,5.2,5.5,6.1,5.1,4.9,4,5.4,6.9,2.6,2.5,3.7,2.9,4,5.2,8.3,4.9,5.4,5.3,6.3,6.8
20150105,10,SO2,112.3,94.3,107.8,109.4,142.6,127.1,121.4,88.9,105.1,96.1,120.3,108.9,91.3,146.5,122.7,128.7,97.6,109.9,96.6,78.2,83.9,86.7,87.8,67.9,96.7,68.5,85.8,90.8,81.1,134.7,102.4,110.9,120.2,122.4,143.4
20150105,10,NO2,101.8,109.8,116.4,115,136.1,120.3,128.8,101.5,122.9,108.7,130.8,127.9,134.6,129.2,115,108.3,100.6,111.5,128.1,80.8,116.2,96.7,122.2,45.4,57.5,54.1,97.6,103.8,80.1,125.9,108.2,106.2,104.6,119.8,100.1
20150105,10,O3,5.4,,6.7,4.1,2,3.2,2,13.5,14.3,2,14.4,5,16.6,7.9,7.3,10.9,19,10.7,9.5,10.1,2,3.5,28.3,27.2,16.2,20.3,9.4,2,2,8.3,3.4,2.2,11.5,2,2
20150105,10,CO,4.5,4.7,5,4.4,6.3,4.8,6.4,11.1,6.5,4.5,5.4,5.7,7.6,8,5.7,5.1,4.7,6.8,5.7,4.5,4.3,4.7,7.1,1.2,1.8,3.4,3.4,4.5,4.9,8.8,4.9,4.8,5,5.6,7.8
20150105,11,SO2,112.4,108.2,109.4,118.1,138.8,109.3,119.1,121.5,86.5,114.5,115.6,106.1,105.7,150.1,129.1,110.9,86.7,66.3,108.5,83.9,84.9,89.7,92.5,36.7,43.5,66.1,82.6,108.7,114.5,149.2,108.1,115.4,123.1,122.8,139.4
20150105,11,NO2,111.5,113.4,117.7,115,130.8,117.4,123.7,112.1,109.4,146.9,127.3,133.3,140.4,140.9,125.1,107.5,107.9,69,127.3,85.5,110.2,95.2,98,28.1,27.1,48.8,88.4,118.9,101.1,138.7,108.5,105.9,110.2,128.4,106.2
20150105,11,O3,9.5,13.1,9.2,7.4,2,7.5,2,12,23.3,2,17.9,6.5,32.1,5,6,11.3,23,17.6,9.9,15,8.6,8,27.8,49.1,43.8,29.7,26.7,2,2,7.4,6.7,4,13.3,2,2
20150105,11,CO,4.8,4.3,4.7,4.2,5,4.2,5.2,9.5,4.3,6.7,5.1,5.8,6.6,6.8,5.5,4.5,4.6,2.8,5.1,4,3.9,4.4,4.5,0.9,0.7,3.3,3.1,4.3,5.3,6.8,4.5,4.4,5,5.3,5
20150105,12,SO2,47.9,52.1,51.8,65.2,52.8,69.9,75.3,90.1,54.4,76.3,102.9,79.6,106.3,117.1,104.4,106.6,67.8,23.3,53.6,80.2,73.4,66.6,42.4,2.1,26.7,40.9,76.4,100.1,127.2,132.9,49.5,52.5,46.7,74.2,115.6
20150105,12,NO2,55.8,62.8,77.1,72.9,70.1,95,93.7,89.7,57,95.5,124.6,108.8,137.4,133.7,111.8,121.8,97.1,32.3,64.1,93.5,95.1,74.1,50.6,3.7,23.5,31.8,78.4,131.8,98.3,120.1,57.8,66.3,72.6,88.4,106.1
20150105,12,O3,40.4,39.4,21.2,24,14.7,26.1,9.3,14.2,48,7.3,24.5,11.5,17.6,7.2,14.6,16.6,33.6,45.1,31.5,23.9,17.2,25.4,44,74.3,47.2,48.4,38.4,2.7,7.5,11.5,32,22.8,28.9,6.2,4.6
20150105,12,CO,1.7,1.9,2.2,2.2,2,2.8,3.3,6.6,2,3.5,4.7,4,5.4,5.1,4.3,4.5,3.6,0.9,2.4,4,3.4,3.2,1.9,0.3,0.5,2.2,3.1,3.9,4.7,4.9,1.9,1.9,1.8,2.8,4.6
20150105,13,SO2,24.4,26.3,24.5,34.2,27.1,17.2,30.6,31.2,24.9,32.4,17.8,13.7,60.8,43.6,,62.7,48.5,20.4,8.7,44.3,75.3,31.8,10.8,2,48.2,2.7,57.1,71.8,108,122.3,27,26,30.4,38,19.5
20150105,13,NO2,26.6,30.4,35.9,34,16.5,31.2,37.2,43.5,22.5,42.8,27.2,13,96.7,52.8,24,85,72.7,21.4,7.4,59.5,103.6,34.9,22.1,3.6,25.3,2.9,78.8,109,107,125.9,26.4,36.1,41,53,29.5
20150105,13,O3,60.3,58.9,43,46,38.5,72,31.1,26.2,68.8,35.2,61.1,58.1,25.4,30.9,53.7,27.7,45.9,57.5,60.9,44.9,17.2,60.8,68.1,73.9,46.8,80.9,46.5,11.1,9.9,16.9,54.9,42.9,49.4,22.4,48.5
20150105,13,CO,0.7,0.6,0.9,1,0.7,0.5,1.1,3.6,0.9,1.2,0.8,0.4,3.6,1.5,0.6,2.9,2.6,0.6,0.3,2.4,3.4,1.4,0.8,0.3,0.5,0.3,2.8,2.8,4.3,4.5,0.7,0.8,0.9,1.2,0.7
20150105,14,SO2,17.1,16.9,9.2,19.9,17.8,10.1,16.7,23.6,7.4,11.9,5.1,5.9,14,19.6,,35.7,28.9,16.4,3.9,6.6,44.8,8.3,2,2,29.4,2,11.8,42.3,,50.1,16.6,15.4,15.3,23.8,12.2
20150105,14,NO2,19.1,21.6,25.4,17.9,9.9,22.1,25.9,34.2,7.1,26.7,17,12.1,31.2,22.2,15.4,55.8,48.9,17.3,5.4,12.1,61.7,10.6,9.9,3.1,22.1,2,33.2,72.9,,62.2,17.9,25.2,31.4,39.1,13.4
20150105,14,O3,67.1,66.1,50.8,57.3,44.9,84.5,37.1,31.3,79.1,48.9,73.1,64.3,36.4,54.6,64.3,42.2,55.4,64.5,66.6,70.6,45.2,90,78.5,75.8,54.8,80.1,67.9,22.9,,46.3,61.7,52.3,57.4,32.4,61.5
20150105,14,CO,0.5,0.4,0.5,0.5,0.6,0.4,0.6,2.6,0.3,0.6,0.3,0.3,1.3,0.5,0.5,1.9,1.5,0.5,0.3,0.5,1.8,0.3,0.3,0.2,0.4,0.1,0.6,1.8,,1.9,0.5,0.5,0.5,0.7,0.3
20150105,15,SO2,11.9,14.9,9.7,18.7,11.5,5.3,16.4,22.2,8.5,12,5.5,6.9,10.2,16.8,11.9,7.5,12.6,4.9,5.1,2,3.6,5.8,2,2,5.6,2,5.8,29.4,8.1,8.1,15,13.7,16.7,20.8,3.7
20150105,15,NO2,14.8,20.1,24.9,17.4,6.9,18.9,21.3,32.3,5.8,22.6,19.5,12.4,29.1,18.9,14.3,25.5,36.5,13.2,5.2,7.1,13.3,8.1,10.3,2.7,3.2,2,20.6,62.1,6.9,14,17.4,23.1,33.7,39.2,8.5
20150105,15,O3,73.2,67.6,52.4,59.1,51.8,89.8,41.1,34.2,82.8,56.5,74.3,66.3,35.5,62.8,76.7,57.3,60.2,71.7,69.5,75.2,69.5,90.8,76.1,75.3,76.1,78.3,70.5,25.3,60.1,69,63.9,56.4,55.9,34.3,69.2
20150105,15,CO,0.3,0.3,0.4,0.5,0.5,0.3,0.5,1.9,0.2,0.5,0.3,0.3,1,0.4,0.4,0.7,0.8,0.3,0.3,0.3,0.4,0.2,0.3,0.2,0.2,0.1,0.4,1.3,0.4,0.4,0.4,0.4,0.5,0.6,0.2
20150105,16,SO2,2.5,3.9,2,8.2,3,2.2,7.8,16.5,5.6,6.4,6.2,6.7,9.7,13,5.2,5.5,2.1,3.7,7.2,2,2.9,5.9,2,2.3,5.1,2,5.8,18.7,9.4,8.5,4.7,3.6,5.4,11.4,2.9
20150105,16,NO2,11.4,15.5,20.9,15,2,20.9,17,28.8,4.9,22.3,20.1,10.8,21,18.9,12,20.4,16.8,12.6,5.2,6.6,11.1,7.5,10.8,2.9,2.3,2,18.6,48.7,7.3,13.5,12.9,23.7,25.4,34.6,12.8
20150105,16,O3,83.7,78.7,58.8,63.8,62.6,87.4,43.3,35.5,84.1,57.7,73.7,67.7,39.4,65.2,89.5,60.2,68.5,72.9,68.9,74.9,70.3,93.1,76.3,75.7,77.2,79.1,68.6,28.7,61.7,70.1,75.6,60.4,66.5,41.1,62.7
20150105,16,CO,0.2,0.2,0.3,0.4,0.4,0.3,0.3,1.4,0.1,0.4,0.3,0.2,0.6,0.3,0.3,0.6,0.3,0.3,0.3,0.3,0.3,0.2,0.3,0.2,0.2,0.1,0.3,0.8,0.4,0.3,0.2,0.3,0.4,0.5,0.2
20150105,17,SO2,3.2,3,2,4.9,3,3.2,5.5,10.4,2,2.8,5.9,2.9,14.5,6.6,3.7,5.8,2,4.1,8.4,2,3.4,8.7,2,2.2,5.1,2,5.9,17,6.2,11.4,3.9,2,2.5,6.7,3.7
20150105,17,NO2,12.9,18.6,19.9,16,2,21.3,17,27,5.8,23,17.8,11.5,18.2,19.5,13.2,20,14.5,13,5,9.8,9.7,8.7,11.8,2.8,2.4,2,17.8,43.4,9.6,15.6,15.2,29.2,25.2,39.3,15.8
20150105,17,O3,80,76.9,61.9,65.5,58.4,83.4,43.7,37.3,83.9,58,72.6,66.5,46.4,67.5,91.8,59.2,67.2,74.5,68.8,73.2,74.8,91.5,75.5,75.5,77.3,80,69,28.3,60,68.7,74.5,56.9,68.4,42.6,58.1
20150105,17,CO,0.3,0.2,0.3,0.3,0.4,0.3,0.3,1,0.1,0.3,0.3,0.2,0.5,0.3,0.2,0.6,0.2,0.3,0.2,0.3,0.3,0.2,0.3,0.2,0.2,0.1,0.3,0.6,0.3,0.3,0.2,0.3,0.4,0.4,0.2
20150105,18,SO2,3.4,2.9,2,5.2,3,4.3,6.8,9.3,2.8,3.6,6.9,3,16.4,5.7,4.5,8.7,5,3.9,5.5,2.9,2.4,8.7,2,2,4.8,2,6,15.5,2.8,11.9,3.5,2,2.1,7.5,4.2
20150105,18,NO2,14.6,20.6,20,15.5,2.7,24.8,21.4,24.6,11.7,27.8,18.8,16.2,22,21.9,17.6,24,31.1,16.5,5.2,12.3,14.1,9.5,14.8,2.1,3.4,2,18.3,38.6,10.6,17.5,15.2,30.1,26.5,45.4,17.5
20150105,18,O3,75.9,72.7,61,65.7,56.9,76.4,39.9,37.4,76.2,51.6,70.1,62.4,44.6,65.9,87.7,56.3,48.9,72.9,69.5,71.2,68.8,91.2,71.7,76.6,76.5,79.5,69.6,28.9,59.6,68.4,72.9,56.8,65.2,35.4,54
20150105,18,CO,0.3,0.2,0.3,0.3,0.4,0.3,0.4,0.8,0.2,0.4,0.3,0.3,0.5,0.3,0.2,0.6,0.4,0.3,0.2,0.3,0.3,0.2,0.3,0.2,0.2,0.1,0.3,0.5,0.3,0.3,0.2,0.3,0.3,0.5,0.3
20150105,19,SO2,3.4,,2,4.7,2.8,3.9,6.4,8.6,2,3.2,2.4,2.6,13.3,6.4,4.6,8.5,2,2,2.7,3.5,2.5,6.6,2,2.2,4.6,2,5.5,19,4.2,11.3,3.2,2,2.6,7.7,3.5
20150105,19,NO2,12.6,,22.5,19.5,2,22.6,22.8,20.1,6.7,29.2,15.9,13.5,23.5,24,19.4,23.2,21.1,10.1,5,11.3,15.5,6.7,9.9,2.2,2,2,18,44.7,13.5,14.5,16.5,29.1,31.4,57.1,23.3
20150105,19,O3,81,,58.7,63.4,59.5,79.8,39.4,38.6,82.5,50,75.3,65.1,41.7,65.2,87.1,57.7,59.8,79.7,69.8,71.7,66.3,96.9,77.6,76.3,79.5,82.3,69.1,22.7,56.4,73.6,73.6,57.5,62,34.7,52.3
20150105,19,CO,0.3,,0.3,0.4,0.4,0.3,0.4,0.7,0.1,0.4,0.2,0.2,0.5,0.3,0.3,0.6,0.3,0.3,0.2,0.4,0.3,0.2,0.3,0.2,0.2,0.1,0.3,0.5,0.4,0.3,0.2,0.3,0.4,0.5,0.3
20150105,20,SO2,3.4,,2,5.1,3.1,3.3,5.7,7.5,2,3,3.1,2.2,9.1,6.4,4.4,5.5,3.3,2,3.2,2.7,9.8,7,2,2.2,5.3,2,5.1,20.6,3.2,11.9,4.2,2,3.7,6.4,2.8
20150105,20,NO2,12.1,,22.9,18.3,2,20,22.1,15.9,6.1,27.1,16.2,11.1,12.9,24.5,14.8,21.9,20.7,9.8,3.5,7.2,12.7,6,8.7,2,2,2,15,48.4,12.1,15.5,15.7,27.8,28.4,45.4,20.4
20150105,20,O3,80.4,,56.3,62.5,57.5,81.8,40.4,39.5,81.9,53.4,73.2,67.9,45.8,65.1,90.9,58.4,61.5,77.8,69.4,75.6,70.2,95.2,77.6,75.3,77.3,82.7,69.1,20.2,58.1,72.7,74.3,55.6,64,35.6,56.9
20150105,20,CO,0.2,,0.3,0.3,0.4,0.2,0.3,0.6,0.1,0.3,0.2,0.2,0.4,0.3,0.3,0.5,0.3,0.2,0.2,0.3,0.3,0.2,0.2,0.2,0.2,0.1,0.3,0.5,0.4,0.2,0.2,0.3,0.4,0.4,0.2
20150105,21,SO2,3.5,3.3,2,4.7,3.7,3.5,7.7,6.9,2,4.2,7,3.1,15.6,6.8,4.3,5.8,4.1,2,5.7,2.4,12.6,5.7,2,2.4,9.6,2,4.7,15.4,2.9,25.3,3.8,2,2,5.7,4
20150105,21,NO2,11.6,12.8,21.9,15.1,2,18.9,23.8,13.1,5.7,29.1,18.3,20.3,16.7,21.1,12.6,24.1,20,10.2,3.7,4.9,12.5,6.4,8.5,2,11.7,2,13.3,42.8,9.7,22.8,14.1,26,27.7,35.3,18.4
20150105,21,O3,81.6,78.5,55.8,64,59,81.6,37.2,38.4,80.6,48.9,68.4,57.2,48.4,66,95.4,56.5,61.2,77.1,68.7,79.4,70.6,92.7,77.2,76.1,66.2,82.9,71.4,26.4,59.9,63.4,75.6,57.7,64.9,40.7,57.3
20150105,21,CO,0.3,0.1,0.3,0.3,0.4,0.2,0.4,0.5,0.1,0.4,0.3,0.2,0.5,0.3,0.3,0.4,0.3,0.3,0.3,0.3,0.3,0.2,0.3,0.2,0.2,0.1,0.3,0.4,0.4,0.3,0.2,0.3,0.4,0.4,0.2
20150105,22,SO2,3.8,3.4,2,5,3.5,4.3,7.8,10.5,5.1,5.9,8.6,8.6,10.6,8.3,4.5,6.2,4.2,2,9.4,2.8,4.1,7.4,2,2.2,20.7,2,7.3,14.6,4.6,28.8,4,2,2.6,5.3,3.6
20150105,22,NO2,11.7,12.9,23.8,15.2,2,16.7,27.9,15.1,6.3,33.7,17.1,15.3,12.2,28.3,8.2,21,17.9,14.7,3.3,5.3,10.3,4.7,6.3,2,28.1,2,,42.8,14.1,26.6,11.9,25.2,32.1,40.5,21.6
20150105,22,O3,82.2,78.2,52.8,63.4,59.8,85.4,33.5,35.3,78.5,40.3,68.9,60.6,52.2,55.6,100.4,57.6,61.9,72.8,67.7,78.3,71.8,94.5,80.2,76.7,40.1,81.2,70.5,25.2,53.5,60.4,78.2,58.9,61.7,40.8,56.6
20150105,22,CO,0.3,0.1,0.3,0.3,0.4,0.3,0.4,0.5,0.1,0.4,0.3,0.3,0.5,0.3,0.3,0.4,0.3,0.3,0.2,0.3,0.3,0.2,0.2,0.2,0.4,0.1,0.3,0.4,0.4,0.3,0.1,0.3,0.4,0.4,0.2
20150105,23,SO2,4.9,5.1,7.6,11.8,2.8,4.1,12.8,13.3,11,12.1,8.8,8.2,12,13,4.9,5.9,3.4,2,8.2,2.6,2.7,9.4,5.7,2.2,32.5,2,3.8,16.4,4.8,13.1,6.4,4.1,9.5,11,4.4
20150105,23,NO2,13,16.5,26.5,21.7,2.2,14.4,23,10.8,7.7,29,23.7,9.8,14,22.2,8.4,21,11.8,18.9,3.7,3.2,6.6,4.4,8.3,2,19.1,2,8,50.8,10.7,16.8,18.4,31.2,36.4,40.5,18.6
20150105,23,O3,79.8,72,44.1,53.3,56.5,87.3,34.1,37.2,75.7,42.3,66.8,66.8,49,58,98.3,56.8,66.1,64.9,67.4,81.1,76.1,92,77.6,75.6,46.2,81.4,73.2,18.4,54.2,68.7,67.6,50.4,52.3,34.3,58.9
20150105,23,CO,0.3,0.2,0.3,0.4,0.4,0.2,0.4,0.4,0.2,0.4,0.4,0.2,0.6,0.3,0.3,0.4,0.3,0.4,0.3,0.3,0.3,0.3,0.4,0.2,0.4,0.1,0.2,0.5,0.6,0.3,0.2,0.4,0.4,0.5,0.2
