date,hour,type,dongsi,tiantan,guanyuan,wanshouxigong,aotizhongxing,nongzhanguan,wanliu,beibuxingqu,zhiwuyuan,fentaihuayuan,yungang,gucheng,fangshan,daxing,yizhuang,tongzhou,shunyi,changping,mengtougou,pinggu,huairou,miyun,yanqing,dingling,badaling,miyunshuiku,donggaocun,yongledian,yufa,liulihe,qianmeng,yongdingmengxi,xizhimengbei,nansanhuan,dongsihuan
20150710,0,SO2,10,8,11,9,9,12,11,10,8,19,4,9,10,14,9,19,10,4,10,10,8,10,4,5,10,7,10,8,2,7,8,11,10,13,
20150710,0,NO2,41,46,48,44,58,57,38,39,21,63,28,54,34,38,35,60,42,32,51,24,23,22,25,22,75,12,26,42,24,28,68,67,68,94,
20150710,0,O3,65,71,63,59,82,68,77,79,98,39,72,66,73,79,77,49,62,90,62,102,92,126,146,106,65,134,84,34,56,67,47,49,49,21,
20150710,0,CO,0.6,0.6,0.6,0.7,0.5,0.7,0.7,0.6,0.5,1.6,0.6,0.5,0.5,0.6,0.5,0.5,0.5,0.5,0.5,0.5,0.5,1.7,0.5,0.3,0.7,0.5,0.3,0.6,1.1,0.8,0.5,0.6,0.5,0.7,
20150710,1,SO2,9,8,9,8,6,10,24,5,5,27,6,8,243,12,11,18,13,4,10,9,9,12,6,5,10,7,9,8,2,8,8,13,8,13,
20150710,1,NO2,32,38,40,40,49,33,32,53,22,40,30,78,24,42,35,66,41,36,74,22,27,29,35,22,78,14,23,50,29,20,51,57,50,91,
20150710,1,O3,68,71,64,62,75,82,70,43,72,55,63,28,77,67,67,29,31,68,22,88,68,93,112,95,42,106,83,20,40,69,59,54,54,20,
20150710,1,CO,0.5,0.5,0.6,0.6,0.5,0.6,2.8,0.6,0.4,2.8,0.7,0.7,0.5,0.8,0.6,0.6,0.5,0.5,0.6,0.4,0.5,1.7,0.5,0.3,0.6,0.6,0.3,0.7,1.2,0.5,0.5,0.5,0.5,0.6,
20150710,2,SO2,11,10,10,9,12,9,18,9,5,17,5,6,46,13,12,18,10,8,11,9,14,13,7,7,10,11,5,8,2,7,9,13,9,11,
20150710,2,NO2,25,38,33,36,46,27,36,78,69,44,19,80,22,55,38,79,41,52,61,20,32,26,33,22,110,17,20,55,34,17,52,58,48,86,
20150710,2,O3,56,70,68,58,76,82,62,11,21,45,69,20,69,46,57,11,2,43,32,83,44,79,95,84,2,89,72,7,17,60,52,49,55,22,
20150710,2,CO,0.6,0.6,1,1.1,0.5,0.6,2,0.9,0.8,1.3,0.5,0.6,0.3,1.2,0.7,0.6,0.4,0.4,0.8,0.5,0.5,1.6,0.5,0.3,0.6,0.4,0.3,0.6,1.1,0.5,0.8,1,0.7,1.1,
20150710,3,SO2,10,12,13,12,16,10,12,9,3,15,4,5,9,16,11,20,2,8,12,10,15,11,7,6,10,10,2,6,2,7,10,16,8,14,
20150710,3,NO2,26,33,37,49,51,30,38,69,40,48,18,74,21,64,60,56,27,47,64,26,38,32,35,22,110,17,25,52,28,35,44,48,45,86,
20150710,3,O3,48,69,55,40,65,72,51,9,41,33,72,25,81,34,30,24,16,40,27,72,30,58,74,72,2,78,276,6,14,33,56,54,50,17,
20150710,3,CO,0.7,1.2,1.4,1.8,1.7,0.6,1.5,0.8,0.6,1.1,0.4,0.5,0.4,1.7,0.7,0.5,0.4,0.5,0.7,0.6,0.5,1.6,0.5,0.2,0.7,0.5,0.3,0.5,1,0.6,1.5,1.5,1.4,1.6,
20150710,4,SO2,9,9,13,8,10,12,11,10,2,16,5,6,10,12,11,12,2,8,12,8,13,11,6,5,14,12,3,5,2,7,7,13,9,11,
20150710,4,NO2,36,32,31,30,57,87,39,73,51,66,20,76,33,39,77,41,22,41,67,24,35,31,43,22,103,19,31,47,21,68,51,53,35,78,
20150710,4,O3,33,46,58,56,,6,45,,32,11,56,20,44,55,4,35,25,43,20,65,26,49,54,70,2,53,57,9,22,,43,44,55,19,
20150710,4,CO,0.5,0.6,1.5,0.9,0.8,0.9,1.4,0.8,0.6,1.6,0.5,0.5,0.4,0.8,0.9,0.3,0.3,0.5,0.6,0.5,0.5,1.6,0.6,0.2,1,0.5,0.2,0.4,0.8,0.7,0.5,0.6,1.1,0.7,
20150710,5,SO2,14,14,11,12,13,14,8,9,2,13,5,7,8,14,7,9,2,8,9,6,8,12,5,9,12,13,3,4,2,7,9,17,7,14,
20150710,5,NO2,56,65,59,69,81,70,27,75,34,49,40,87,51,75,48,36,29,41,83,23,27,34,35,26,96,,23,36,25,67,82,74,63,90,
20150710,5,O3,13,12,23,10,13,8,55,2,33,24,39,5,27,11,24,32,26,36,2,61,21,42,55,75,2,49,58,12,18,2,2,10,24,2,
20150710,5,CO,0.9,0.9,0.8,0.9,0.8,0.9,0.9,0.7,0.6,0.7,0.7,0.6,0.7,0.8,0.5,0.3,0.4,0.5,0.7,0.4,0.6,1.6,0.6,0.2,1,0.5,0.4,0.4,0.7,0.6,1,1,0.6,0.9,
20150710,6,SO2,10,7,14,8,7,9,10,10,2,14,5,8,8,10,5,9,2,9,8,5,,12,5,8,11,12,4,4,2,7,6,11,9,11,
20150710,6,NO2,49,48,60,49,51,45,63,76,37,67,52,88,62,66,36,35,32,36,54,21,,36,45,26,90,19,22,39,41,64,57,60,76,80,3
20150710,6,O3,19,29,11,20,39,26,12,2,35,2,23,3,15,9,34,32,34,38,17,65,,45,46,62,2,45,45,13,2,3,16,15,7,2,
20150710,6,CO,0.8,0.6,0.9,0.8,0.5,0.7,0.8,0.7,0.6,1,0.8,0.9,0.7,0.7,0.5,0.4,0.6,0.5,0.7,0.4,,1.7,0.6,0.2,0.9,0.5,0.4,0.4,0.9,0.6,0.6,0.7,0.8,0.8,0.1
20150710,7,SO2,10,6,11,6,7,9,13,8,2,11,6,8,8,9,4,10,2,7,8,6,7,13,5,6,10,10,9,5,2,6,6,12,7,13,4
20150710,7,NO2,44,48,46,45,52,44,69,63,43,57,64,81,67,56,31,35,36,26,63,29,24,28,50,54,88,16,23,36,40,52,75,69,68,85,71
20150710,7,O3,26,32,23,25,38,26,2,4,26,2,14,7,8,18,45,42,32,48,15,55,31,48,38,20,2,44,49,23,4,13,4,13,11,2,2
20150710,7,CO,0.9,0.7,0.8,0.8,0.6,0.7,1,0.6,0.7,0.9,1,0.8,0.9,0.6,0.5,0.6,0.7,0.5,0.8,0.5,0.6,1.8,0.6,0.4,0.8,0.6,0.6,0.5,0.9,0.6,0.9,0.8,0.7,1,0.4
20150710,8,SO2,10,6,12,7,8,10,13,2,4,14,4,10,6,11,6,15,2,8,9,13,7,16,7,8,11,8,15,11,2,9,6,14,6,14,
20150710,8,NO2,41,44,39,42,60,37,63,57,47,52,52,76,54,45,27,33,34,26,63,36,22,39,36,56,67,15,26,29,38,53,73,73,62,93,
20150710,8,O3,39,45,38,37,38,49,10,14,33,17,31,18,24,37,62,59,40,52,23,51,42,44,56,23,2,53,56,41,25,25,16,21,22,2,
20150710,8,CO,0.7,0.7,0.8,0.7,0.6,0.7,0.8,0.6,0.8,1,0.9,0.9,0.9,0.6,0.5,0.8,0.8,0.5,0.9,0.6,0.7,1.9,0.7,0.4,0.7,0.6,1.2,0.7,0.8,0.8,0.7,0.9,0.8,1,
20150710,9,SO2,11,9,12,10,9,13,12,15,7,16,2,7,5,16,9,24,2,9,8,23,13,13,7,13,10,11,24,11,3,10,10,16,8,15,
20150710,9,NO2,34,34,33,35,49,29,43,53,54,44,41,59,43,32,27,30,30,25,63,31,19,24,29,35,44,12,29,23,30,46,65,67,53,97,
20150710,9,O3,56,71,58,62,73,77,48,30,45,42,56,43,46,63,75,76,52,62,35,70,64,72,73,65,29,76,73,67,59,44,35,40,43,10,
20150710,9,CO,0.7,0.7,0.7,0.7,0.6,0.8,0.9,0.6,0.8,0.8,0.9,0.8,0.6,0.7,0.6,0.8,1,0.6,1.1,0.8,0.7,1.7,0.7,0.3,0.8,0.6,1.9,0.7,1,1.2,0.7,0.9,0.6,1,
20150710,10,SO2,11,10,13,11,10,13,10,22,7,16,2,4,6,15,10,27,,7,7,26,13,13,7,12,9,10,33,11,3,9,11,15,6,16,
20150710,10,NO2,31,30,32,30,42,28,34,55,45,38,27,52,32,22,20,29,13,26,61,19,17,20,27,26,33,11,25,19,16,31,58,53,49,101,
20150710,10,O3,76,96,77,82,109,93,77,45,70,69,88,66,78,93,109,97,48,73,46,110,79,99,85,89,57,85,97,86,108,72,62,67,60,21,
20150710,10,CO,0.8,0.7,0.8,0.7,0.7,0.9,0.8,0.6,0.7,0.9,0.9,0.7,0.7,0.6,0.5,0.9,0.7,0.6,1,1.2,0.7,1.7,0.7,0.4,0.8,0.6,1.2,0.8,0.9,1,0.7,0.8,0.7,1,
20150710,11,SO2,9,9,11,10,9,12,9,24,4,15,2,3,,14,9,20,5,7,7,25,15,14,7,9,8,11,29,11,7,8,9,13,7,16,
20150710,11,NO2,30,29,27,28,40,23,33,51,41,28,26,35,30,19,23,27,23,26,40,15,18,12,21,21,26,9,19,17,13,28,48,47,45,111,
20150710,11,O3,99,123,99,102,136,125,98,66,84,95,110,106,52,118,127,126,105,92,84,131,101,122,110,114,94,104,118,101,142,96,92,92,80,32,
20150710,11,CO,0.8,0.7,0.8,0.7,0.8,0.8,0.8,0.7,0.8,0.9,0.9,0.6,0.4,0.6,0.5,0.8,1.1,0.5,0.9,1.1,0.9,1.6,0.5,0.3,0.7,0.6,1.1,0.8,0.8,0.9,0.7,0.7,0.6,1,
20150710,12,SO2,8,9,10,10,9,9,9,28,4,16,2,3,21,15,7,13,5,7,7,20,21,12,7,9,7,13,18,9,9,11,9,12,6,16,
20150710,12,NO2,21,19,25,25,34,17,23,47,29,23,20,29,24,17,15,18,18,17,23,17,17,10,15,21,28,8,19,11,11,17,50,43,47,95,70
20150710,12,O3,135,165,137,138,192,156,143,91,119,145,158,141,149,151,157,157,133,130,132,134,128,135,153,138,125,123,128,120,176,139,122,131,108,81,
20150710,12,CO,0.6,0.6,0.7,0.6,0.7,0.6,0.7,0.7,0.7,0.8,0.8,0.5,0.6,0.6,0.4,0.6,1,0.5,0.8,1.1,1.2,1.8,0.5,0.3,0.7,0.7,1.1,0.6,0.7,0.7,0.6,0.6,0.6,0.7,
20150710,13,SO2,7,7,10,9,8,7,10,28,4,18,5,4,12,13,5,11,4,7,6,14,19,12,7,10,6,14,15,6,12,12,8,11,7,16,5
20150710,13,NO2,17,15,19,19,26,15,20,36,20,16,15,21,23,13,13,13,11,16,21,13,12,8,18,20,32,7,14,8,14,16,51,38,65,116,56
20150710,13,O3,162,184,173,162,224,179,194,139,170,195,195,200,175,172,166,158,156,169,174,163,162,152,185,184,156,134,168,129,209,175,139,150,119,86,144
20150710,13,CO,0.6,0.5,0.6,0.6,0.5,0.6,0.6,0.6,0.6,0.8,0.7,0.5,0.6,0.6,0.4,0.5,0.8,0.7,0.8,1.3,1,2,0.6,0.4,0.7,0.9,1,0.4,0.6,0.7,0.5,0.5,0.6,0.8,0.1
20150710,14,SO2,7,7,9,8,8,7,9,29,5,14,7,6,8,12,5,9,2,6,7,13,12,11,6,10,5,16,11,6,13,11,7,10,9,14,5
20150710,14,NO2,15,14,17,19,22,15,19,35,10,18,14,15,24,12,16,13,11,15,17,10,13,9,22,19,30,8,14,9,16,15,39,39,64,115,66
20150710,14,O3,171,205,201,179,241,191,220,176,203,202,204,210,192,188,192,160,163,204,188,199,193,175,211,225,196,151,187,148,229,197,174,166,139,102,153
20150710,14,CO,0.5,0.5,0.6,0.6,0.4,0.5,0.6,0.5,0.6,0.8,0.7,0.4,0.6,0.5,0.4,0.4,0.6,0.6,0.8,1.2,0.8,2,0.6,0.5,0.8,1,1,0.3,0.6,0.7,0.5,0.6,0.6,0.8,0.1
20150710,15,SO2,7,7,9,8,9,8,9,35,5,14,8,5,6,13,5,8,2,7,6,9,8,8,5,8,6,12,8,8,14,14,8,11,11,13,5
20150710,15,NO2,15,15,16,19,22,16,20,33,8,15,14,16,26,15,21,14,10,14,17,10,15,9,26,19,25,7,12,11,26,12,47,46,43,114,59
20150710,15,O3,185,215,208,188,258,209,223,184,209,211,221,221,203,211,200,182,171,227,199,198,220,189,231,258,240,163,180,184,246,202,177,169,160,111,177
20150710,15,CO,0.6,0.6,0.6,0.7,0.5,0.6,0.6,0.6,0.6,0.8,0.7,0.5,0.6,0.6,0.5,0.3,0.6,0.5,0.8,0.9,0.9,1.9,0.7,0.3,0.8,1,0.7,0.4,0.9,0.6,0.6,0.7,0.6,0.8,0.1
20150710,16,SO2,8,8,9,9,9,9,9,35,3,15,8,5,7,14,6,10,2,7,6,6,6,7,5,9,8,10,6,8,13,12,7,11,27,13,6
20150710,16,NO2,15,15,17,20,24,16,20,37,8,18,14,17,29,18,20,17,11,11,19,8,15,11,21,19,19,9,11,12,33,13,44,48,52,121,52
20150710,16,O3,192,231,220,202,261,213,232,187,219,228,231,235,218,226,220,204,171,229,210,182,212,209,249,266,265,181,166,197,240,215,195,189,166,124,192
20150710,16,CO,0.7,0.6,0.7,0.7,0.5,0.7,0.7,0.6,0.7,0.9,0.8,0.5,0.8,0.7,0.5,0.3,0.6,0.5,0.9,0.6,0.9,1.4,0.7,0.3,0.7,1,0.4,0.4,0.8,0.6,0.6,0.7,0.6,0.9,0.2
20150710,17,SO2,7,7,10,8,10,10,10,32,4,14,8,5,7,13,6,10,2,7,6,6,5,6,6,9,8,9,7,7,11,13,7,11,15,12,6
20150710,17,NO2,18,15,20,21,26,22,21,42,9,24,15,18,29,20,17,18,13,11,19,10,13,12,20,17,33,9,10,13,32,11,58,57,63,111,72
20150710,17,O3,204,246,229,214,278,222,240,189,227,232,244,248,223,234,248,215,183,220,212,177,201,198,254,254,237,184,168,214,223,216,197,195,158,141,191
20150710,17,CO,0.7,0.8,0.8,0.8,0.6,0.7,0.8,0.7,0.8,1.1,0.9,0.7,0.8,0.8,0.7,0.4,0.5,0.6,0.8,0.4,0.6,1.2,0.6,0.4,0.7,1,0.3,0.4,0.5,0.6,0.8,0.8,0.8,1,0.2
20150710,18,SO2,8,8,10,8,9,11,9,25,5,15,8,6,8,12,7,13,2,7,6,8,5,6,6,10,8,8,9,8,9,12,8,11,30,13,7
20150710,18,NO2,20,16,24,22,28,22,25,42,10,22,16,21,29,19,20,20,16,14,23,12,16,18,19,16,34,9,12,14,26,11,56,63,89,138,82
20150710,18,O3,207,245,221,205,273,236,239,192,233,226,231,243,208,214,243,235,191,225,216,191,200,188,245,253,232,175,179,191,215,209,201,187,137,120,192
20150710,18,CO,0.9,0.8,0.9,0.8,0.7,0.9,0.9,0.7,0.8,0.9,0.7,0.7,0.5,0.5,0.7,0.6,0.6,0.7,0.8,0.5,0.6,1.1,0.7,0.4,0.8,0.8,0.3,0.4,0.5,0.5,0.8,0.9,1,1,0.5
20150710,19,SO2,8,7,10,8,10,9,9,21,5,15,9,8,11,13,7,12,2,8,7,8,5,6,5,10,8,8,9,10,9,10,7,11,19,13,8
20150710,19,NO2,19,16,24,26,32,32,30,46,14,34,14,23,38,26,20,26,22,17,29,14,17,16,22,18,52,8,13,15,23,11,64,44,78,157,73
20150710,19,O3,189,222,206,187,257,202,217,187,212,200,220,222,201,201,230,207,178,223,200,180,195,180,239,254,207,156,168,182,224,189,171,189,137,86,186
20150710,19,CO,0.7,0.6,0.7,0.7,0.6,0.8,0.7,0.7,0.6,0.8,0.6,0.5,0.6,0.6,0.6,0.6,0.6,0.8,0.7,0.5,0.6,1,0.7,0.6,0.9,0.6,0.3,0.5,0.6,0.6,0.6,0.6,0.8,0.9,0.3
20150710,20,SO2,9,8,12,9,11,10,11,17,6,16,9,9,11,15,7,12,2,8,8,9,6,7,5,11,8,9,7,18,6,7,9,12,12,13,8
20150710,20,NO2,22,25,28,29,27,37,39,39,21,40,21,31,42,38,28,29,25,24,29,15,18,18,21,22,32,8,15,23,19,13,77,68,68,158,84
20150710,20,O3,182,206,195,175,246,185,194,179,194,189,198,207,182,185,197,175,151,196,188,159,171,173,231,237,226,152,153,180,197,146,155,156,140,77,147
20150710,20,CO,0.7,0.6,0.7,0.7,0.5,0.7,0.7,0.6,0.6,0.9,0.7,0.6,0.6,0.7,0.6,0.5,0.6,0.6,0.7,0.5,0.6,1.1,0.7,0.5,0.9,0.6,0.3,0.5,0.6,0.6,0.7,0.8,0.7,1,0.2
20150710,21,SO2,8,12,12,9,12,13,11,18,6,15,7,9,11,17,11,21,2,7,9,8,5,7,5,10,8,9,9,20,3,7,8,15,10,11,4
20150710,21,NO2,36,38,36,42,48,36,56,42,43,41,30,63,47,62,35,33,29,31,37,18,17,15,21,22,37,10,17,26,17,21,81,82,55,165,105
20150710,21,O3,145,180,165,140,207,162,161,160,137,170,164,150,153,136,177,164,116,161,167,150,143,160,221,209,199,147,153,139,165,104,127,126,137,54,112
20150710,21,CO,0.8,0.8,0.8,0.9,0.7,0.8,0.9,0.6,0.7,0.9,0.8,0.6,0.7,0.9,0.7,0.5,0.5,0.6,0.8,0.6,0.6,1.1,0.7,0.4,0.8,0.6,0.6,0.5,0.6,0.6,0.8,1,0.7,1.2,0.4
20150710,22,SO2,13,20,18,17,19,21,17,17,4,18,5,6,11,21,14,26,3,5,10,11,6,7,2,9,2,9,13,15,5,7,13,24,7,11,4
20150710,22,NO2,40,44,37,45,50,37,34,51,39,48,50,79,48,49,37,33,27,22,80,18,21,13,12,24,39,9,20,23,19,30,67,74,46,142,103
20150710,22,O3,122,152,133,129,192,146,162,126,126,142,128,116,139,127,135,135,118,147,100,149,120,145,197,175,153,134,136,102,165,104,121,108,123,56,92
20150710,22,CO,0.8,0.8,0.9,0.9,0.7,0.8,0.8,0.6,0.7,1,0.9,0.7,0.7,1,0.6,0.4,0.5,0.5,0.8,0.8,0.6,1,0.5,0.3,0.7,0.5,0.6,0.4,0.8,0.7,0.8,1,0.7,1.1,0.4
20150710,23,SO2,14,20,19,16,19,21,19,16,3,19,2,4,10,20,14,24,6,4,7,12,9,9,2,3,2,8,12,10,6,6,14,27,6,13,7
20150710,23,NO2,39,49,38,47,57,43,37,55,39,59,60,53,43,44,41,33,36,18,65,24,20,12,14,16,25,9,19,23,17,81,68,71,48,133,107
20150710,23,O3,93,110,100,97,139,105,130,106,111,99,93,123,123,111,97,100,92,141,92,113,117,152,167,164,132,122,104,78,163,34,84,82,94,30,57
20150710,23,CO,0.8,0.7,0.8,0.9,0.7,0.8,0.8,0.7,0.7,1,1,0.8,0.7,1,0.6,0.4,0.8,0.5,0.8,0.6,0.6,1.2,0.5,0.3,0.7,0.6,0.3,0.4,0.9,0.7,0.7,0.9,0.7,1,0.4
20150710,0,PM2.5,35,31,34,15,32,25,32,29,27,29,20,32,23,25,30,38,33,38,22,37,32,36,36,33,37,36,30,37,26,31,30,28,26,32,
20150710,0,PM10,65,57,68,58,90,66,74,56,50,66,53,92,,40,42,83,88,52,53,56,63,79,56,36,55,59,45,73,36,83,74,66,97,82,
20150710,0,AQI,100,93,100,87,97,83,106,111,90,89,98,105,102,88,85,84,95,103,93,74,85,80,99,95,109,74,80,89,84,118,97,92,90,99,
20150710,1,PM2.5,26,28,26,17,25,16,34,27,20,27,24,36,19,24,24,37,39,37,23,30,31,37,35,34,34,35,29,43,20,28,25,23,15,29,
20150710,1,PM10,44,48,53,53,37,59,40,75,45,89,58,140,47,57,103,81,85,59,61,47,67,73,60,51,63,55,39,79,32,,44,55,57,81,
20150710,1,AQI,98,91,98,86,95,80,104,109,88,88,96,103,99,86,81,83,94,101,90,74,84,79,98,93,107,72,79,87,81,113,94,89,88,97,
20150710,2,PM2.5,15,23,27,43,27,5,28,29,28,23,13,32,21,26,23,42,39,36,25,32,30,28,29,34,30,37,28,41,22,30,26,26,15,27,
20150710,2,PM10,51,46,34,61,44,50,50,121,70,78,41,132,26,60,67,86,86,96,48,99,65,49,65,47,70,61,34,85,46,63,74,74,47,84,
20150710,2,AQI,94,88,96,85,91,76,102,107,86,85,92,100,95,83,78,82,93,100,88,73,82,77,96,92,104,72,77,85,78,108,92,87,86,95,
20150710,3,PM2.5,27,27,33,67,28,8,30,24,21,24,18,34,18,35,25,47,42,40,22,32,34,32,27,35,31,37,35,51,21,28,27,27,28,34,
20150710,3,PM10,61,58,49,,95,43,59,94,55,87,33,108,38,95,91,95,87,76,56,92,83,65,59,51,58,52,38,91,32,42,118,75,66,78,
20150710,3,AQI,91,86,93,85,88,73,100,105,84,83,89,97,91,81,75,81,91,99,86,72,81,76,93,90,102,72,138,83,74,103,88,84,84,94,
20150710,4,PM2.5,25,21,32,29,29,29,26,25,21,29,20,37,19,32,46,46,47,36,24,31,35,30,26,34,29,31,41,54,23,38,22,22,22,29,
20150710,4,PM10,39,44,92,54,84,118,61,73,62,166,55,104,29,64,169,88,83,63,68,,65,63,62,73,61,50,,78,34,102,68,50,116,75,
20150710,4,AQI,87,82,89,82,85,71,96,103,82,80,85,93,86,78,73,79,89,97,83,73,80,75,90,88,100,71,73,81,71,98,85,81,81,90,
20150710,5,PM2.5,47,49,38,3,48,37,21,28,24,23,26,37,36,42,50,61,49,37,29,31,36,33,30,34,39,33,42,59,30,42,41,43,26,47,
20150710,5,PM10,125,115,54,88,144,125,78,68,56,74,84,134,109,88,165,76,74,77,94,63,59,65,58,76,65,53,,69,31,105,158,124,74,123,
20150710,5,AQI,84,80,86,79,83,69,93,101,79,77,81,90,83,76,73,78,87,96,81,73,79,74,87,86,98,70,71,79,68,93,82,79,78,88,
20150710,6,PM2.5,57,59,54,53,54,44,37,30,19,38,28,42,47,66,57,58,58,44,30,28,,29,30,30,41,31,39,63,37,47,57,54,38,61,
20150710,6,PM10,106,89,145,102,133,96,73,67,55,175,106,167,63,133,91,74,76,89,61,38,,57,56,86,59,57,,78,46,115,180,98,156,129,
20150710,6,AQI,82,78,84,77,80,67,91,99,76,76,78,88,79,74,73,76,85,94,78,72,,72,85,84,96,69,69,77,65,88,80,76,78,86,2
20150710,7,PM2.5,64,67,63,44,61,53,47,36,30,51,45,44,55,67,57,62,47,43,33,34,35,33,32,37,34,33,49,67,51,49,59,63,50,66,
20150710,7,PM10,77,,105,80,100,82,129,69,62,145,125,125,100,101,81,63,66,82,105,128,68,78,72,90,64,52,,82,80,97,96,90,140,117,
20150710,7,AQI,80,77,82,73,78,65,89,98,74,76,75,86,77,72,72,75,82,92,76,72,76,70,82,82,94,68,69,75,63,84,78,75,78,83,36
20150710,8,PM2.5,57,58,64,54,68,45,61,42,35,55,59,50,69,69,52,56,55,46,34,47,37,39,34,45,51,27,54,68,65,54,57,61,51,66,
20150710,8,PM10,,60,90,72,95,53,121,79,68,146,131,139,134,88,68,,62,85,91,137,70,90,72,99,89,40,,82,86,114,96,81,136,125,
20150710,8,AQI,77,74,79,71,76,64,87,96,71,76,73,84,74,71,71,74,80,91,74,72,74,68,79,81,92,66,68,74,61,79,77,73,77,81,
20150710,9,PM2.5,51,55,58,70,56,43,60,55,52,54,57,59,65,72,54,44,59,60,45,35,36,35,30,42,50,26,59,60,62,62,57,57,48,59,
20150710,9,PM10,54,,76,,69,49,90,83,95,95,88,146,78,78,78,62,60,119,107,39,46,64,54,94,53,36,,68,87,100,73,77,75,86,
20150710,9,AQI,75,72,79,69,73,62,84,94,69,75,70,83,72,69,70,71,77,89,71,70,73,66,76,79,89,65,66,72,59,75,74,70,76,78,
20150710,10,PM2.5,55,57,52,55,51,42,62,65,51,51,53,65,62,64,46,51,57,57,58,26,36,33,35,52,40,23,44,47,54,68,53,51,44,59,
20150710,10,PM10,56,60,69,59,51,53,62,72,75,81,71,84,,74,57,56,,61,114,38,63,55,52,149,48,,,53,,77,86,65,73,87,
20150710,10,AQI,73,69,77,67,73,60,81,93,66,74,67,81,70,68,69,70,75,87,69,68,71,65,73,77,86,63,64,69,57,71,73,68,75,76,
20150710,11,PM2.5,56,55,58,76,53,37,59,79,59,53,54,59,62,57,37,46,48,59,57,25,50,24,28,40,41,23,34,45,41,63,54,52,51,66,
20150710,11,PM10,,,69,,,44,61,84,82,96,66,73,,,,54,49,,72,,63,37,51,42,49,41,,,,69,,53,61,85,
20150710,11,AQI,71,68,75,68,73,59,78,91,65,74,65,80,68,67,69,69,74,84,67,68,70,62,70,73,83,61,61,67,56,68,73,67,74,76,
20150710,12,PM2.5,46,42,58,51,54,24,54,91,52,50,61,62,64,64,30,34,39,45,48,28,44,26,36,45,54,23,34,24,42,55,42,46,51,49,
20150710,12,PM10,,,,,,40,,,54,69,88,80,,,,,42,51,72,,63,39,58,72,73,35,39,,,,,,58,54,
20150710,12,AQI,69,66,73,66,91,59,75,88,62,73,64,79,66,68,70,67,72,81,64,67,68,61,68,70,81,59,58,66,71,66,73,66,73,75,35
20150710,13,PM2.5,45,38,49,36,48,31,56,91,55,45,63,68,59,54,26,31,39,61,61,27,39,24,47,52,75,27,37,19,35,54,45,40,49,46,19
20150710,13,PM10,,,,48,,39,,,59,,,,,,42,34,,62,79,42,,44,75,81,115,37,45,,,78,,43,,71,96
20150710,13,AQI,68,81,71,65,112,74,93,86,63,94,94,100,70,67,68,65,70,79,68,65,67,60,81,80,79,57,61,64,105,69,73,65,73,74,45
20150710,14,PM2.5,46,41,53,42,52,40,58,98,51,48,51,58,54,44,29,30,28,49,53,30,37,31,63,54,85,23,38,20,37,51,48,45,50,51,
20150710,14,PM10,50,54,54,57,70,53,,,53,52,68,,,,,30,42,,66,51,69,47,96,66,99,27,,36,,,71,55,73,69,67
20150710,14,AQI,66,103,101,74,121,90,110,84,102,102,102,106,91,85,91,63,67,103,85,100,91,70,106,113,95,54,84,61,115,96,71,63,72,73,48
20150710,15,PM2.5,50,40,52,45,55,41,56,95,47,45,49,55,60,52,33,31,31,65,59,39,43,32,70,55,83,31,30,28,40,46,51,44,49,53,42
20150710,15,PM10,59,52,59,66,80,61,62,,71,74,67,97,,,51,43,45,,81,57,77,65,94,67,,,40,44,49,,,60,70,79,
20150710,15,AQI,82,108,105,85,129,105,112,84,105,106,111,111,102,106,100,78,64,114,100,98,110,87,116,129,120,54,76,81,123,102,72,62,72,73,72
20150710,16,PM2.5,55,51,63,49,64,45,80,99,55,50,51,58,51,54,47,41,36,66,55,25,43,41,67,61,76,36,26,30,45,55,58,53,56,59,48
20150710,16,PM10,73,68,76,77,81,71,,,77,67,67,77,,78,75,51,47,74,81,40,65,71,79,96,79,37,,52,54,88,67,74,91,96,101
20150710,16,AQI,90,116,111,101,131,107,117,85,110,115,116,118,109,114,111,102,64,115,106,78,106,105,125,133,133,76,58,97,121,108,95,87,73,73,90
20150710,17,PM2.5,64,63,63,63,72,58,81,105,52,53,54,63,57,44,47,38,38,74,59,26,40,44,64,64,76,38,25,41,53,55,61,58,62,64,56
20150710,17,PM10,85,80,91,89,98,82,88,,80,79,80,91,,53,,53,57,76,84,54,71,68,92,99,,71,35,69,,58,100,79,104,105,90
20150710,17,AQI,103,124,115,108,139,111,121,87,114,117,123,125,112,117,124,108,79,110,106,72,101,99,127,127,119,80,61,107,112,108,97,94,72,73,89
20150710,18,PM2.5,58,55,74,63,72,52,79,,58,53,58,68,56,46,48,53,40,73,72,34,47,39,65,69,78,37,35,33,60,68,62,55,62,64,52
20150710,18,PM10,74,75,,90,76,68,,88,89,71,85,83,,61,67,74,63,87,112,73,73,71,100,107,98,160,41,68,63,94,,84,83,109,64
20150710,18,AQI,104,123,111,103,137,119,120,91,117,114,116,122,104,108,122,118,89,113,109,90,101,85,123,127,117,69,75,90,108,105,101,84,72,72,90
20150710,19,PM2.5,63,55,60,56,68,57,69,,57,54,66,68,65,43,47,43,42,73,67,39,47,34,66,67,71,32,35,37,57,73,61,58,62,68,53
20150710,19,PM10,75,81,78,94,86,64,87,104,83,81,115,97,95,95,54,110,76,82,99,78,74,66,107,104,93,41,42,80,107,135,,82,92,119,117
20150710,19,AQI,86,112,103,85,129,101,109,84,107,100,111,112,101,101,115,104,73,112,100,76,94,76,120,127,104,52,61,78,112,87,71,86,73,79,83
20150710,20,PM2.5,76,70,84,71,71,55,72,59,70,64,70,92,71,48,49,33,42,72,79,38,43,35,65,72,73,37,32,67,71,77,73,69,64,80,60
20150710,20,PM10,99,91,102,119,112,103,101,96,111,136,125,139,105,114,206,87,43,75,130,84,76,75,87,101,97,76,44,114,103,119,124,110,131,138,114
20150710,20,AQI,79,103,95,70,124,82,93,75,93,86,98,104,78,82,97,69,59,96,86,60,65,67,116,119,113,52,52,76,97,69,72,63,73,79,72
20150710,21,PM2.5,64,72,77,72,66,50,81,99,72,67,73,94,82,62,65,58,37,67,81,37,37,38,69,70,73,37,44,75,64,80,68,66,67,79,57
20150710,21,PM10,210,159,192,160,227,186,135,136,116,229,123,160,104,204,172,117,98,144,143,91,70,70,104,117,106,38,60,100,109,139,339,184,233,187,149
20150710,21,AQI,66,75,72,66,104,62,72,73,61,76,65,81,68,68,73,62,59,73,67,60,61,57,111,105,99,52,52,64,59,72,79,66,76,83,75
20150710,22,PM2.5,83,82,73,85,78,66,75,105,71,63,84,92,91,79,75,67,51,43,87,52,39,35,59,45,58,33,57,60,59,90,86,83,70,85,78
20150710,22,PM10,127,126,140,131,146,115,202,144,134,248,197,278,112,169,120,98,89,102,175,110,102,64,93,126,131,52,63,72,108,125,138,128,171,162,133
20150710,22,AQI,69,68,74,69,91,64,74,77,62,80,69,85,71,71,73,63,60,73,69,61,60,57,97,69,74,52,54,65,61,73,82,67,76,77,77
20150710,23,PM2.5,84,78,84,82,84,69,81,,72,72,78,81,87,83,67,59,64,56,75,45,47,37,36,56,44,37,44,58,69,101,75,79,72,83,78
20150710,23,PM10,104,117,121,116,112,99,117,119,108,147,242,147,171,110,107,80,73,84,181,107,96,68,,131,,57,,71,79,166,111,119,132,139,122
20150710,23,AQI,72,70,76,71,75,63,77,71,64,81,73,87,74,72,73,64,62,73,72,62,61,57,63,68,75,52,55,66,63,77,82,69,76,77,78
