date,hour,type,dongsi,tiantan,guanyuan,wanshouxigong,aotizhongxing,nongzhanguan,wanliu,beibuxingqu,zhiwuyuan,fentaihuayuan,yungang,gucheng,fangshan,daxing,yizhuang,tongzhou,shunyi,changping,mengtougou,pinggu,huairou,miyun,yanqing,dingling,badaling,miyunshuiku,donggaocun,yongledian,yufa,liulihe,qianmeng,yongdingmengxi,xizhimengbei,nansanhuan,dongsihuan
20151206,0,SO2,30,14,28,29,25,25,28,15,19,31,23,32,43,27,37,37,30,7,11,20,6,9,16,6,5,6,14,22,29,14,36,40,32,26,28
20151206,0,NO2,74,91,81,68,95,91,75,81,88,77,89,80,97,74,74,72,84,43,67,28,37,50,36,32,40,14,50,75,79,87,86,89,84,44,71
20151206,0,O3,3,3,2,4,7,2,2,2,3,2,6,2,5,4,4,2,16,16,4,24,21,2,9,17,13,23,6,12,2,2,2,2,2,4,4
20151206,0,CO,2.3,2.6,1.8,2.5,1.8,1.8,1.7,3.4,2.2,2.4,2.8,3.4,4.9,1.8,1.9,1.9,6.6,1.6,1.8,1.1,1.5,1.7,2.8,0.8,0.5,0.4,1.4,3.8,2.9,5.9,2.8,3.1,1.8,2.2,1.9
20151206,1,SO2,25,9,35,33,30,27,33,14,15,35,19,26,33,29,34,37,21,6,5,25,5,7,18,6,4,6,11,17,25,15,32,29,37,25,20
20151206,1,NO2,68,79,83,69,93,92,87,78,85,80,86,73,87,75,73,71,67,46,65,32,21,44,42,43,51,12,53,74,69,88,84,86,84,46,68
20151206,1,O3,2,3,2,6,8,2,4,2,3,2,5,2,4,5,4,2,10,12,3,18,28,3,10,9,3,23,2,15,2,2,2,2,2,6,4
20151206,1,CO,2.2,2.7,1.9,3.1,2.2,1.9,3.9,3.9,2.1,2.6,2.4,3,4.7,2.3,2,1.8,5.1,1.7,1.7,1.4,1.2,1.8,3.1,1,0.6,0.5,1.5,4.9,2.8,5.7,2.7,3.4,1.8,2.5,1.7
20151206,2,SO2,36,6,44,41,37,31,22,15,15,24,18,22,26,26,34,35,17,7,5,17,6,5,16,10,5,5,8,14,17,15,39,27,43,28,25
20151206,2,NO2,68,72,86,70,99,94,91,75,84,75,87,66,82,75,74,70,60,54,57,32,18,44,42,45,54,12,43,72,71,88,78,77,85,62,57
20151206,2,O3,3,3,2,8,12,2,3,2,2,2,5,2,3,11,6,2,4,9,4,17,25,2,7,6,3,22,2,9,2,2,2,2,2,8,4
20151206,2,CO,2.2,2.6,1.9,2.7,3.5,2.2,4.3,4.2,1.9,2.5,2.4,2.9,3.9,3.1,2.4,2.1,3.1,1.5,1.3,1.2,1,1.7,2.4,1.6,0.6,0.5,1.5,4.1,2.4,6.2,2.4,2.6,2.1,2.5,2.1
20151206,3,SO2,45,7,52,43,37,41,23,14,13,27,21,22,28,31,31,31,13,8,2,14,5,5,11,7,6,6,8,16,20,15,37,34,52,31,29
20151206,3,NO2,69,79,91,72,99,94,82,72,77,79,88,69,80,77,74,67,55,66,50,38,15,45,26,45,47,22,48,60,73,84,77,78,87,69,73
20151206,3,O3,3,3,2,8,19,4,3,2,2,2,7,2,3,12,6,2,2,3,2,12,27,2,7,6,4,10,2,11,2,2,2,2,2,8,5
20151206,3,CO,2.3,2.5,2.9,3.8,6.4,2.4,3.8,4.6,1.6,3.4,3.7,3.1,3.9,3.4,2.5,1.9,2.2,1.8,0.1,1.3,0.9,1.6,2.2,1.1,0.8,0.5,1.5,5.1,3,9.3,2.4,2.4,4.6,2.4,2.3
20151206,4,SO2,44,6,47,42,23,41,32,15,14,28,17,26,37,29,31,32,11,12,4,11,4,4,10,7,6,5,12,18,12,14,35,28,51,32,27
20151206,4,NO2,78,73,94,71,86,97,74,71,72,79,72,63,83,76,65,68,51,65,48,35,23,45,24,51,50,25,46,62,66,73,79,74,85,47,59
20151206,4,O3,4,3,6,11,18,10,,2,2,5,4,2,4,16,6,2,2,4,11,17,23,2,9,2,3,6,7,12,2,2,2,2,,11,7
20151206,4,CO,3.9,2.5,4,3.4,5.4,3.3,3.1,5.2,1.5,4.1,2.3,3.8,5.7,3.7,2.7,2.6,2.1,3.5,1,1.1,0.9,1.4,2.2,1.2,0.9,0.6,1.5,6.4,3.1,10.8,2.8,2.6,5.2,2.9,3.5
20151206,5,SO2,33,11,39,48,18,26,31,15,28,32,9,27,35,29,26,30,8,11,4,8,5,5,12,7,11,5,15,20,10,14,32,29,44,37,24
20151206,5,NO2,78,81,81,69,82,96,71,70,79,77,66,68,83,75,60,71,49,68,,33,36,46,28,54,75,16,48,63,60,68,87,88,100,61,49
20151206,5,O3,5,4,4,12,15,14,5,2,5,3,4,2,4,15,5,2,2,3,9,19,17,2,10,2,2,14,4,10,2,2,2,2,3,11,9
20151206,5,CO,4.9,3.8,3.9,4.7,4.9,5.1,3,6.3,2.1,5.7,2.6,3.8,7.5,3.6,2.7,4.1,1.7,2.2,1.1,1.1,1.1,1.2,2.6,1.2,0.9,0.6,1.7,5.8,3.4,12.1,4.6,4.7,4.2,3.8,5
20151206,6,SO2,31,12,32,37,12,26,27,16,23,29,4,29,33,29,25,33,7,9,7,8,4,4,14,7,9,6,11,18,9,15,25,28,32,35,21
20151206,6,NO2,74,82,77,64,73,93,69,70,77,76,58,69,79,84,79,71,48,68,38,40,31,47,33,55,70,19,50,68,65,66,83,85,91,55,49
20151206,6,O3,3,4,3,14,10,12,3,2,5,3,3,2,2,15,4,2,2,3,10,11,21,2,10,2,2,8,2,8,2,2,2,2,2,12,7
20151206,6,CO,3.8,4.5,3.4,5.1,3.4,4.9,3.3,6.7,3.6,3.2,2,3.3,5,5.2,2.7,4,1.3,2.1,1.3,1.3,1,1,2.8,1.2,1.1,0.6,1.6,4.4,3.9,12.4,4.4,4.5,2.7,4.9,4.2
20151206,7,SO2,27,8,26,27,7,23,24,15,24,24,5,24,33,27,22,32,6,9,8,9,5,5,17,6,7,6,16,35,6,14,20,22,28,33,19
20151206,7,NO2,63,73,68,61,71,82,63,71,73,75,65,64,79,89,80,71,49,69,44,35,41,47,40,53,51,19,55,78,65,69,72,77,86,50,45
20151206,7,O3,2,3,2,11,8,7,2,2,4,3,5,2,2,15,4,2,2,3,5,15,15,2,8,2,2,9,2,2,2,2,2,2,2,11,5
20151206,7,CO,2.5,4.1,2.3,3.9,2.5,3.8,1.4,6.6,3.4,3.9,2.7,2.4,3.7,5.7,3.1,4.2,1,2,1.3,1.3,1.2,1,2.5,1.3,0.9,0.6,1.6,3.7,3.7,10.6,3.3,3.6,2.2,4.4,3.4
20151206,8,SO2,22,5,25,23,6,22,24,15,24,24,6,30,35,31,22,30,6,8,9,10,7,7,13,5,8,7,17,40,4,14,20,19,28,28,19
20151206,8,NO2,60,62,66,57,72,79,62,73,71,70,64,67,75,91,80,70,50,67,45,40,41,49,28,55,50,19,53,80,56,67,70,69,85,32,40
20151206,8,O3,2,3,2,8,8,5,2,2,4,2,4,2,2,16,7,2,2,3,4,12,15,2,9,2,3,10,2,3,2,2,2,2,2,9,5
20151206,8,CO,2.5,3.3,2.2,3,2,3.5,1.1,6.8,2.3,3.5,2.5,2.9,3,6,5,5.6,1,1.7,1.2,1.6,1.1,1.2,2.7,1.3,1,0.7,1.5,3.6,4.1,10.5,2.6,2.7,2.2,3.5,3.8
20151206,9,SO2,25,12,33,28,14,26,31,15,24,34,13,34,40,65,38,37,12,17,14,26,11,10,13,8,12,8,27,59,6,13,28,26,31,32,24
20151206,9,NO2,61,69,67,58,70,80,59,73,59,68,64,67,73,91,89,73,50,65,45,48,38,47,23,49,50,17,47,79,46,73,72,72,84,47,47
20151206,9,O3,3,3,2,8,9,4,3,2,10,2,5,2,2,14,8,2,2,4,6,13,18,5,10,4,6,12,4,8,2,2,2,2,2,8,5
20151206,9,CO,2.5,2.7,2.1,2.7,2.1,3,1.2,6.4,1.2,2.6,2.7,2.7,2.8,5,6.1,5.3,1.2,1.5,1.4,2.1,1.2,1.2,2.8,1.4,0.9,0.7,1.2,4,4.2,8.7,2.4,2.5,2.1,3.2,3.3
20151206,10,SO2,37,28,40,34,14,31,43,27,28,40,26,34,46,74,54,45,15,33,21,29,11,13,24,13,24,8,40,69,28,15,31,31,39,36,40
20151206,10,NO2,68,86,71,63,69,88,65,75,55,72,68,65,76,95,98,81,44,80,51,51,37,41,25,44,69,15,66,87,70,87,80,83,90,58,62
20151206,10,O3,4,4,4,8,11,4,5,2,17,2,5,2,3,13,6,2,2,6,9,17,23,10,13,13,9,16,2,9,2,2,2,2,2,8,5
20151206,10,CO,2.6,2.9,2,2.6,2.3,3,1.5,5.3,1.2,2.4,2.4,2.5,2.8,4.3,4.7,4.7,1.1,2.6,1.6,2.4,0.9,1.1,2.4,1.4,1.1,0.7,3.6,4,4.5,6.7,2.4,2.7,2,3.3,3.2
20151206,11,SO2,41,32,41,43,25,39,43,36,33,45,33,41,60,67,58,51,31,34,28,28,13,17,24,22,30,8,43,82,53,27,39,42,50,43,48
20151206,11,NO2,74,95,75,72,76,100,63,82,57,79,72,69,90,121,105,92,56,84,58,59,35,34,,46,49,14,66,93,92,92,86,92,97,74,71
20151206,11,O3,6,5,7,11,14,6,9,2,23,2,6,4,4,13,7,2,5,7,15,18,31,20,23,22,20,21,2,10,2,2,4,2,2,9,6
20151206,11,CO,2.5,2.8,2,2.7,2.4,3,1.4,4,1.5,2.3,2.3,2.9,2.7,5.3,4.3,4.1,1.4,2.3,1.6,2.6,1,0.9,1.4,1.2,0.9,0.6,2.8,3.7,4.1,5.3,2.6,2.8,2,3.1,3.3
20151206,12,SO2,40,36,41,43,37,48,44,30,37,46,40,45,50,75,61,63,54,32,29,30,13,15,24,25,32,9,34,89,82,53,43,41,52,46,52
20151206,12,NO2,83,104,86,85,84,110,66,88,65,89,85,77,100,123,115,100,75,97,73,61,31,25,43,52,48,15,64,97,104,122,92,103,104,77,90
20151206,12,O3,7,5,10,12,21,10,13,2,26,3,7,6,5,15,9,2,7,6,13,24,39,35,32,27,22,25,4,17,10,2,6,2,3,9,7
20151206,12,CO,2.7,2.7,2.3,2.9,2.4,3,1.4,3.2,1.7,2.5,2.6,2.9,2.7,4.5,3.9,3.7,2.1,2.8,1.9,2.3,0.9,0.7,1.5,1.4,0.9,0.6,2.5,3,3.9,5,2.5,2.7,2.3,3.4,3.1
20151206,13,SO2,42,40,40,43,45,51,44,29,39,46,39,41,69,73,65,71,60,26,32,39,25,18,23,27,28,11,39,75,101,57,42,41,51,53,54
20151206,13,NO2,98,117,102,98,103,128,75,97,74,107,103,76,144,124,120,101,83,78,83,60,35,31,43,80,57,16,56,100,108,145,106,122,115,109,105
20151206,13,O3,8,6,11,12,20,11,14,2,24,5,7,10,5,15,11,3,8,13,14,32,44,36,42,13,18,30,21,21,22,2,6,2,4,10,8
20151206,13,CO,2.9,2.9,2.4,3.1,2.8,3,1.6,2.9,1.9,2.8,2.7,2.6,3.9,3.9,3.7,3.2,2.2,1.8,2.1,1.9,1.1,0.8,1.4,2.1,1,0.6,1.7,2.5,3.6,4.9,2.7,3.1,2.4,3.9,3.2
20151206,14,SO2,43,49,38,44,44,52,41,26,38,53,43,40,75,71,64,65,51,25,33,29,28,24,24,26,27,16,30,81,87,57,43,58,49,60,57
20151206,14,NO2,112,131,116,105,125,137,86,103,74,131,130,80,147,118,114,113,82,70,94,44,42,41,35,69,73,20,34,123,82,149,118,137,129,112,108
20151206,14,O3,8,7,9,12,16,11,11,2,24,5,8,10,7,20,16,7,10,17,12,55,44,31,44,20,22,34,51,19,45,2,5,2,3,10,8
20151206,14,CO,3.2,3.1,2.7,3.1,3.2,3.1,1.7,2.5,1.8,3.4,3.4,2.5,3.5,3.3,2.9,3.1,2.1,1.6,2.1,1.2,1.3,1,1.2,1.9,1.3,0.8,1.1,2.8,2.3,4.2,2.9,3.3,2.6,3.7,3.3
20151206,15,SO2,45,58,39,61,47,52,40,26,38,63,54,39,79,63,52,57,46,26,31,24,31,31,21,30,26,22,30,66,86,49,53,65,45,59,
20151206,15,NO2,118,143,124,120,139,143,95,108,89,135,141,91,109,93,95,102,90,78,102,36,54,50,45,67,84,25,40,82,67,139,136,138,142,121,
20151206,15,O3,6,7,6,12,13,9,8,2,17,4,9,7,19,33,30,16,9,15,9,69,37,25,31,22,14,35,44,42,60,4,4,4,2,9,
20151206,15,CO,3.4,3.3,2.9,3.2,3.2,3.3,1.8,2.3,1.9,3.3,3.5,2.7,2.4,2.5,2.3,2.5,2.2,1.7,2.3,1.1,1.4,1.2,1.1,1.8,1.5,0.9,1.2,1.8,2,3.6,3.2,3,2.8,3.5,
20151206,16,SO2,51,51,39,57,45,59,37,20,38,59,47,37,68,59,60,53,47,27,29,26,31,41,18,33,25,23,34,50,79,39,52,59,47,58,60
20151206,16,NO2,124,118,129,112,147,154,113,114,100,130,107,98,103,110,80,82,99,83,108,62,66,58,48,71,104,29,68,69,66,137,135,129,149,113,121
20151206,16,O3,4,12,3,15,12,7,5,2,9,4,17,3,24,18,36,28,6,12,6,48,28,17,32,18,5,34,18,54,57,4,3,6,2,10,5
20151206,16,CO,3.4,2.5,3,2.8,3.6,3.5,2.2,2.2,2.1,2.8,2.5,2.8,2.4,2.5,1.9,2,2.5,1.7,2.4,1.4,1.5,1.3,1,1.8,2,1,1.6,1.8,1.9,3.4,3,2.6,2.9,3,3.9
20151206,17,SO2,55,27,42,50,42,57,32,12,25,45,32,36,60,58,58,48,29,20,22,36,20,20,22,22,20,21,24,39,56,24,46,48,49,52,48
20151206,17,NO2,127,113,130,116,156,151,118,116,96,116,105,104,118,116,90,87,105,89,109,88,73,65,70,75,106,30,82,76,74,140,141,126,155,106,115
20151206,17,O3,3,8,2,10,9,5,3,2,5,2,14,2,11,11,24,15,2,6,4,20,20,12,39,7,2,31,2,39,44,2,2,2,2,8,5
20151206,17,CO,3.5,2.5,3.2,3.2,3.8,3.5,2.5,2.2,2,2.7,2.7,3,2.7,2.6,1.9,1.9,2.6,1.7,2.5,2,1.7,1.5,1.6,1.8,2,1,1.9,2.2,2.4,3.3,3.5,2.5,3.4,2.9,3.7
20151206,18,SO2,54,12,46,,,,,,,,,,,,,,,,,,,,,,,,,,,,,,,,
20151206,18,NO2,124,119,136,,,,,,,,,,,,,,,,,,,,,,,,,,,,,,,,
20151206,18,O3,3,3,2,,,,,,,,,,,,,,,,,,,,,,,,,,,,,,,,
20151206,18,CO,3.4,3.2,3.4,,,,,,,,,,,,,,,,,,,,,,,,,,,,,,,,
20151206,19,SO2,51,7,49,46,37,49,32,9,26,37,25,38,55,63,48,55,21,16,12,35,20,20,21,13,16,22,22,31,,15,39,35,58,43,30
20151206,19,NO2,117,112,133,119,137,151,105,103,97,126,115,105,125,121,110,119,96,89,101,91,76,85,80,76,99,40,94,115,,139,133,137,151,104,103
20151206,19,O3,3,3,3,8,11,6,3,2,3,2,7,2,3,11,2,2,2,4,6,14,19,9,6,2,2,15,2,9,,2,2,2,2,9,4
20151206,19,CO,3.5,3.7,3.3,3.7,4.7,3.9,2.7,2.7,2,3.8,3.8,3.2,4.1,3.4,2,3.6,2.4,2.5,3.7,2.7,2.4,3.4,1.9,2,1.9,1.2,2.1,3.5,,4.1,3.6,3.8,3.3,4,4.3
20151206,20,SO2,46,14,53,50,32,46,43,9,28,42,25,43,52,71,51,51,21,19,21,23,19,18,19,17,17,11,24,47,29,16,38,37,55,46,38
20151206,20,NO2,99,117,118,111,123,143,100,101,97,124,108,99,124,125,113,114,92,88,97,73,72,72,77,72,97,39,95,127,70,127,112,117,132,103,94
20151206,20,O3,3,3,3,7,10,7,4,2,3,2,7,2,3,17,4,2,3,3,4,15,19,8,6,2,2,6,2,10,12,2,2,2,2,8,5
20151206,20,CO,2.9,3.3,3.1,3.4,4,3.9,2.9,3.1,2.1,3.9,3.7,3.2,4.2,5.3,3.2,3.8,2.6,2.3,4.1,2.7,2.2,3,2,2.1,1.9,1.4,2,3.8,3.1,4.4,2.8,2.9,2.9,3.6,4
20151206,21,SO2,46,11,48,44,55,44,48,10,26,46,23,51,53,88,51,53,29,17,12,23,18,15,24,19,19,13,24,43,25,16,36,34,56,41,40
20151206,21,NO2,98,103,111,101,126,135,100,97,104,117,101,101,113,137,118,106,86,88,87,68,69,70,78,67,106,40,91,120,85,123,108,109,129,95,83
20151206,21,O3,3,2,2,8,11,8,4,2,3,2,6,2,2,19,5,2,3,3,3,13,19,5,8,3,2,3,2,13,9,2,2,2,2,8,5
20151206,21,CO,3.1,2.9,2.8,3.3,3.9,3.9,3,3.5,2.2,3.4,3.5,4.2,3.5,6.1,3.5,3.5,2.4,2.5,3,2.5,2.8,2.6,2.4,1.8,1.9,1.6,1.8,4.9,4.8,5.1,2.9,2.8,2.8,3.4,3.4
20151206,22,SO2,51,20,55,45,54,41,48,9,26,45,23,48,53,137,49,55,27,17,15,20,16,13,23,22,20,13,26,57,28,17,38,36,59,37,38
20151206,22,NO2,103,118,111,97,128,130,98,93,107,107,100,99,109,161,127,99,85,89,89,64,66,62,74,76,110,37,92,113,96,116,108,112,128,90,78
20151206,22,O3,3,3,2,8,13,9,3,2,3,2,6,2,2,25,8,2,4,3,4,15,19,4,9,2,2,5,2,15,4,2,2,2,2,8,6
20151206,22,CO,3.3,3.1,3.3,3.2,4.5,4,2.8,3.7,2.2,3.2,3.6,4.6,3.1,8.2,4.4,3.3,2.7,2.6,3.3,2.3,3,2.4,2.5,2.3,2.1,1.5,1.8,5.5,5.8,6.1,3.1,3.3,3.5,3.3,3.6
20151206,23,SO2,59,15,55,50,55,43,49,9,32,46,21,47,54,108,54,52,20,18,17,21,16,11,21,21,14,13,32,60,20,19,48,42,61,40,46
20151206,23,NO2,104,107,109,96,126,124,97,88,103,103,97,100,109,140,123,92,81,85,88,64,64,58,67,73,100,38,89,105,83,111,107,109,131,100,72
20151206,23,O3,3,2,3,8,14,10,3,2,3,2,7,2,2,20,9,2,3,3,4,15,19,5,11,2,2,3,2,11,2,2,2,2,2,9,7
20151206,23,CO,3.6,3.2,3.2,3.4,5.2,4.2,3.1,3.8,2,3.5,4,4.1,3.2,6.6,4.6,3,2.6,2.2,3.7,2.1,3.4,2.6,3,2.2,2.1,1.4,1.7,4.1,5,5.7,3.3,3.3,3.5,3.4,5.6
20151206,0,PM2.5,81,95,80,75,61,61,89,143,100,113,126,109,191,62,88,81,265,60,67,44,62,76,107,32,25,16,38,122,115,333,95,114,81,70,68
20151206,0,PM10,107,120,103,89,85,69,104,378,125,132,157,141,,72,107,98,,,,,,98,128,38,38,18,,,123,,120,165,110,146,97
20151206,0,AQI,71,78,69,72,66,62,85,110,57,95,105,103,153,124,82,66,80,39,64,91,51,61,77,30,49,20,40,119,158,251,82,86,75,88,74
20151206,1,PM2.5,87,94,104,103,84,69,119,142,105,128,113,101,196,84,90,77,226,56,67,57,47,73,125,37,28,21,43,152,104,345,107,130,108,100,67
20151206,1,PM10,107,113,117,118,107,,148,305,119,142,129,123,,88,102,87,,,,,,,148,41,34,,,,118,,131,191,121,168,86
20151206,1,AQI,69,78,68,72,65,60,85,113,60,93,107,103,154,118,80,62,89,40,64,85,51,61,83,31,50,20,41,121,154,255,81,86,74,87,69
20151206,2,PM2.5,114,105,111,125,121,84,135,145,82,128,122,88,176,135,117,86,145,46,59,54,49,61,108,62,30,16,41,130,108,332,119,122,112,127,78
20151206,2,PM10,128,111,122,139,137,89,169,301,101,138,132,104,,,127,92,,50,,,,62,136,,36,,,,118,,128,144,130,171,132
20151206,2,AQI,69,78,69,73,65,59,85,117,62,94,107,106,155,116,78,61,93,41,67,77,51,62,88,32,50,20,42,121,150,258,82,86,74,86,66
20151206,3,PM2.5,126,111,119,128,184,114,119,148,73,144,139,86,157,154,122,91,93,57,50,46,42,48,107,45,32,16,44,144,139,374,129,141,128,141,107
20151206,3,PM10,,123,139,133,225,,141,243,95,168,159,98,,155,126,92,,60,,,,51,,47,39,20,,,155,,137,147,176,178,119
20151206,3,AQI,71,77,71,74,71,61,85,121,64,100,108,109,155,116,78,63,95,44,69,72,52,62,91,33,51,19,43,123,148,262,83,86,74,86,66
20151206,4,PM2.5,143,113,131,134,172,133,109,149,59,160,96,83,187,172,127,101,84,77,49,43,47,42,104,50,38,21,39,163,145,353,138,143,162,151,140
20151206,4,PM10,160,123,160,137,190,135,112,189,,230,99,94,,,129,106,,106,,,,61,,53,44,,,,154,,145,180,211,197,164
20151206,4,AQI,77,78,74,78,79,67,85,124,66,105,108,111,157,117,78,66,97,47,72,68,52,62,92,36,51,19,45,125,148,266,85,90,80,90,70
20151206,5,PM2.5,166,127,128,135,152,179,102,143,63,143,77,78,207,177,123,136,64,57,46,38,44,27,107,51,41,18,44,149,153,355,152,155,151,147,194
20151206,5,PM10,210,150,152,153,173,186,111,220,88,219,82,101,,,134,147,,68,46,,,35,,55,49,,,,161,,174,208,189,203,201
20151206,5,AQI,85,79,79,83,85,76,88,125,68,108,107,112,161,120,82,72,99,50,73,67,53,62,94,37,51,19,46,126,148,269,91,96,87,94,78
20151206,6,PM2.5,149,153,127,151,97,165,90,136,74,112,60,94,135,178,122,150,42,61,40,39,36,29,104,49,37,18,61,135,152,347,165,164,114,159,168
20151206,6,PM10,,172,147,170,103,166,95,183,111,128,67,105,,193,133,150,,69,41,,,29,112,55,51,21,,136,158,,174,196,126,211,168
20151206,6,AQI,93,86,85,90,90,84,91,127,72,108,107,114,163,122,87,78,100,52,74,67,54,62,96,39,51,19,48,126,147,273,99,102,92,101,85
20151206,7,PM2.5,102,144,84,138,70,133,50,129,40,121,76,63,100,190,138,152,35,60,45,37,38,30,88,61,39,21,54,137,159,292,130,139,74,154,123
20151206,7,PM10,129,156,92,146,,,54,164,87,143,96,74,,202,159,166,,77,48,,,36,112,63,45,25,,164,169,,132,174,106,208,135
20151206,7,AQI,97,92,88,96,92,90,92,128,73,109,106,115,161,129,92,84,101,54,75,67,55,62,98,42,52,19,51,126,145,274,104,109,94,108,90
20151206,8,PM2.5,84,122,65,103,54,109,49,131,21,108,70,68,97,202,159,195,34,57,42,47,34,40,91,69,44,23,54,136,166,275,93,96,66,124,116
20151206,8,PM10,93,126,79,,61,111,54,154,72,133,86,89,,218,187,252,35,83,57,,,51,112,90,56,25,,187,176,,103,138,101,166,152
20151206,8,AQI,101,98,91,100,94,95,93,127,73,112,106,117,159,133,99,93,101,56,75,71,55,62,101,45,52,20,53,128,144,274,108,113,96,113,94
20151206,9,PM2.5,83,94,66,84,59,91,52,129,22,87,76,70,79,196,212,193,37,58,50,69,43,50,98,76,47,27,56,151,169,233,91,100,62,103,97
20151206,9,PM10,112,132,87,98,77,102,58,163,54,116,110,94,,204,236,245,52,73,66,85,51,70,108,99,54,29,,204,188,,123,140,107,156,130
20151206,9,AQI,103,102,93,103,96,98,95,127,73,115,108,118,155,134,108,102,102,58,75,71,55,62,103,48,53,21,56,129,143,272,111,116,98,116,96
20151206,10,PM2.5,102,104,75,93,60,98,62,130,51,87,77,74,89,177,202,193,44,98,64,72,39,44,109,68,53,24,159,180,211,206,96,112,75,121,100
20151206,10,PM10,121,139,97,111,87,116,78,141,,110,114,94,,191,240,243,53,130,83,121,59,66,121,85,64,,,210,240,,154,164,110,197,138
20151206,10,AQI,108,106,96,107,97,102,97,127,75,119,109,120,153,136,116,110,101,62,77,73,55,62,107,51,54,21,60,131,144,273,115,121,101,120,100
20151206,11,PM2.5,113,117,78,110,73,113,64,108,61,102,79,91,108,188,208,197,68,107,73,,56,44,82,65,44,27,147,212,231,171,117,130,81,130,124
20151206,11,PM10,151,150,102,129,101,136,81,116,69,124,113,116,,239,246,250,88,136,86,150,67,53,88,67,52,,,231,272,,147,169,129,195,164
20151206,11,AQI,109,111,99,112,100,104,96,130,76,123,112,123,153,144,125,117,104,66,78,78,56,63,109,54,54,22,65,137,152,274,120,126,104,126,105
20151206,12,PM2.5,128,122,103,131,100,137,75,91,76,116,103,110,126,230,211,190,122,123,81,,52,36,79,68,48,35,123,229,260,201,132,139,105,149,148
20151206,12,PM10,166,157,127,152,124,157,92,95,93,142,143,139,126,279,233,242,135,166,109,137,59,40,85,86,55,,,,299,209,154,170,150,221,182
20151206,12,AQI,115,117,103,117,104,107,99,132,78,127,115,127,158,155,135,125,109,72,81,79,58,64,109,57,55,24,68,147,163,277,125,132,107,132,112
20151206,13,PM2.5,163,147,128,145,129,165,101,107,87,152,126,115,223,213,232,185,138,91,93,,57,44,80,104,57,35,91,217,263,254,145,163,124,189,178
20151206,13,PM10,190,173,155,171,156,174,110,116,113,177,165,133,,248,248,219,149,120,122,100,57,53,86,136,66,,,,302,,183,212,167,271,210
20151206,13,AQI,122,120,108,124,109,115,103,137,81,134,120,131,170,166,146,135,116,76,84,79,60,66,109,62,55,25,71,158,177,284,131,139,112,141,120
20151206,14,PM2.5,194,181,149,160,158,192,117,106,86,203,174,120,257,215,203,210,138,84,111,,67,57,84,103,81,44,70,257,195,296,174,201,147,210,199
20151206,14,PM10,227,211,181,191,186,201,126,110,110,233,233,134,,228,210,241,142,96,144,48,68,70,,130,90,45,,,208,,197,242,193,292,234
20151206,14,AQI,131,128,115,131,117,124,108,142,85,143,128,132,183,178,156,145,122,80,88,76,63,69,112,67,57,28,74,172,188,293,139,149,119,150,130
20151206,15,PM2.5,214,207,171,200,169,204,132,109,104,227,226,133,219,198,202,196,163,94,118,,80,64,69,103,94,53,79,196,182,307,205,210,169,219,
20151206,15,PM10,260,248,208,226,199,221,147,120,130,265,291,151,,,,201,165,112,153,61,84,89,71,116,100,59,,,184,,238,244,224,307,
20151206,15,AQI,141,138,122,140,124,133,114,147,89,154,139,134,194,187,166,155,130,84,92,74,67,72,115,71,55,31,77,182,197,302,148,159,126,162,
20151206,16,PM2.5,228,187,187,199,204,232,157,121,94,226,204,142,231,201,185,165,168,107,126,22,89,74,62,109,116,60,117,190,166,305,206,204,188,209,245
20151206,16,PM10,283,201,229,218,238,260,180,134,164,253,244,169,,204,,,169,124,176,110,93,92,73,126,131,68,,,167,,241,227,245,270,308
20151206,16,AQI,152,146,130,149,134,145,121,153,93,165,148,140,203,198,176,165,139,89,97,75,72,76,117,77,60,34,83,192,204,311,157,169,135,172,148
20151206,17,PM2.5,246,177,200,213,220,236,170,131,120,215,202,156,243,213,183,166,175,103,128,94,86,88,105,112,116,60,130,197,171,316,246,210,215,201,242
20151206,17,PM10,307,187,247,236,264,257,195,151,130,252,233,183,,,,178,,123,175,148,92,107,129,126,135,68,,,178,,301,237,275,253,279
20151206,17,AQI,165,154,139,159,143,156,128,159,97,175,155,145,210,206,185,174,147,92,101,77,75,80,120,81,65,37,89,202,210,321,170,180,144,181,161
20151206,18,PM2.5,234,206,218,,,,,,,,,,,,,,,,,,,,,,,,,,,,,,,,
20151206,18,PM10,282,248,270,,,,,,,,,,,,,,,,,,,,,,,,,,,,,,,,
20151206,18,AQI,176,165,147,,,,,,,,,,,,,,,,,,,,,,,,,,,,,,,,
20151206,19,PM2.5,223,222,212,233,202,236,169,156,122,218,187,173,247,257,193,255,152,127,173,168,137,181,119,112,107,82,153,287,,354,235,245,210,244,253
20151206,19,PM10,265,248,255,259,238,245,204,189,143,253,261,201,252,259,,289,157,147,232,176,,350,140,127,123,94,,,,387,271,317,266,338,289
20151206,19,AQI,185,175,155,180,160,180,138,167,105,189,165,151,222,218,202,198,163,101,108,84,83,90,127,90,73,46,102,218,,338,191,201,161,200,187
20151206,20,PM2.5,181,204,185,206,169,221,155,183,125,215,180,166,214,290,211,274,162,119,170,164,138,157,123,108,111,85,150,301,237,322,186,199,174,218,224
20151206,20,PM10,203,227,214,231,191,233,188,196,150,250,237,188,,314,220,289,,137,224,,,220,143,116,122,91,,,,326,191,234,213,275,251
20151206,20,AQI,189,183,160,186,165,188,141,173,109,194,169,154,225,225,207,207,170,105,113,87,88,91,129,94,78,50,109,228,232,344,196,205,165,205,196
20151206,21,PM2.5,179,172,157,188,170,220,156,180,145,205,162,177,185,329,244,254,151,122,135,149,135,133,143,112,115,106,154,327,288,323,167,181,164,192,190
20151206,21,PM10,196,183,180,203,187,220,177,220,163,229,206,210,,347,250,263,,138,172,,,189,159,,125,,,329,366,328,178,211,194,243,203
20151206,21,AQI,194,188,164,190,169,196,143,178,113,200,171,153,228,236,214,214,173,110,115,90,93,93,131,99,83,54,115,238,241,347,199,208,168,207,202
20151206,22,PM2.5,190,201,158,178,186,210,153,192,153,182,168,184,175,426,298,224,156,127,139,146,138,125,143,133,128,97,142,356,375,336,174,197,174,178,188
20151206,22,PM10,209,207,187,188,218,,158,195,177,193,202,217,,486,312,,,142,177,,,137,154,,138,,,,398,,183,228,214,221,201
20151206,22,AQI,201,194,170,196,175,204,147,182,115,205,173,154,230,251,223,220,170,114,118,95,97,96,134,105,88,58,120,248,245,352,203,211,175,211,208
20151206,23,PM2.5,203,185,161,178,207,208,147,181,151,174,170,176,175,342,302,197,160,130,147,143,135,135,176,144,139,94,120,277,287,295,175,184,180,202,234
20151206,23,PM10,218,,183,190,245,209,152,184,,186,201,198,,359,,198,,131,185,,,137,,,141,,,,404,,186,211,215,245,291
20151206,23,AQI,206,200,177,202,184,211,151,185,118,208,176,154,229,262,232,225,164,118,122,100,99,99,139,110,94,62,124,255,249,353,206,215,182,216,215
