date,hour,type,dongsi,tiantan,guanyuan,wanshouxigong,aotizhongxing,nongzhanguan,wanliu,beibuxingqu,zhiwuyuan,fentaihuayuan,yungang,gucheng,fangshan,daxing,yizhuang,tongzhou,shunyi,changping,mengtougou,pinggu,huairou,miyun,yanqing,dingling,badaling,miyunshuiku,donggaocun,yongledian,yufa,liulihe,qianmeng,yongdingmengxi,xizhimengbei,nansanhuan,dongsihuan
20150918,0,SO2,14,10,7,4,8,8,6,3,5,6,6,4,11,7,7,13,2,4,2,4,2,2,2,2,7,5,9,2,2,5,8,24,36,17,12
20150918,0,NO2,124,111,96,123,145,145,73,70,32,107,59,64,106,118,72,160,80,145,23,13,15,46,28,20,106,10,18,36,26,49,156,183,137,174,154
20150918,0,O3,26,3,38,9,36,3,50,2,132,2,54,40,16,10,66,3,9,2,81,119,101,70,113,119,33,108,160,21,7,11,2,4,13,2,2
20150918,0,CO,1.9,2,1.7,2,2,2.1,1.5,1.3,1.1,1.8,1.4,1.3,1.5,1.6,1.1,0.3,1.2,1.4,1.2,1,1.2,1.2,1.1,1.1,1.2,1.1,0.8,1.1,1.3,1.2,2.1,2.5,1.8,1.9,2.1
20150918,1,SO2,7,10,4,2,6,6,3,4,3,4,3,2,8,5,5,12,2,3,2,4,2,2,2,2,2,6,10,2,2,4,2,25,37,11,11
20150918,1,NO2,113,117,95,89,117,151,76,60,22,59,73,64,108,107,88,159,45,90,26,12,9,49,30,24,85,10,20,60,33,69,137,149,149,149,154
20150918,1,O3,17,2,22,20,39,2,32,2,113,3,30,30,4,9,32,2,25,37,71,124,110,54,103,92,34,102,138,12,24,3,2,5,2,2,2
20150918,1,CO,1.8,1.9,1.7,1.8,2,2.2,1.5,1.3,1.1,1.7,1.3,1.4,1.5,1.6,1.1,0.4,1,1.2,1.2,1,1.1,1.2,1.1,1.1,1.2,1.2,0.9,1.2,1.4,1.2,1.7,2,1.9,1.9,2
20150918,2,SO2,4,7,2,2,3,3,2,7,2,2,3,2,9,2,5,10,6,4,2,4,2,2,,2,2,2,8,2,2,5,2,27,41,7,11
20150918,2,NO2,101,112,100,91,96,128,78,54,19,58,42,50,105,68,76,140,25,39,19,11,8,39,,23,67,10,19,72,27,63,120,128,113,108,134
20150918,2,O3,8,2,7,3,34,2,11,2,81,2,36,48,2,16,27,2,14,68,75,117,106,60,,82,54,85,128,2,2,3,2,2,2,2,2
20150918,2,CO,1.7,1.8,1.8,1.9,1.8,2.1,1.5,1.3,1.1,1.6,1.1,1.3,1.4,1.6,1.2,0.5,0.7,1.1,1.2,0.9,1.1,1.2,,1.1,1.1,1,0.9,1.1,1.4,1.2,1.8,1.9,1.7,1.7,2
20150918,3,SO2,3,7,2,2,3,2,2,7,2,2,2,2,6,2,3,8,2,3,2,3,2,2,,3,2,2,2,2,2,5,2,28,42,5,10
20150918,3,NO2,86,99,79,94,94,112,89,36,22,44,39,32,94,67,86,123,27,37,15,12,7,47,,13,44,9,21,76,36,57,94,110,98,112,116
20150918,3,O3,6,3,21,4,26,2,2,2,122,6,32,71,4,8,4,2,15,69,75,104,99,41,,133,59,83,293,2,2,3,2,6,5,2,2
20150918,3,CO,1.3,1.7,1.6,1.8,1.6,1.9,1.5,1.2,1,1.5,1.2,1.2,1.4,1.7,1.3,0.4,0.8,1.1,1.1,1,1.1,1.2,,0.9,0.9,1,1,1.1,1.5,1.2,1.6,1.7,1.4,1.6,1.5
20150918,4,SO2,4,7,3,2,3,3,2,6,3,2,2,2,5,2,3,9,2,3,2,2,2,2,,2,2,2,5,2,2,5,2,30,44,4,6
20150918,4,NO2,72,76,68,54,107,69,40,35,22,33,26,23,66,87,109,126,33,31,14,18,7,20,,13,12,7,19,77,38,58,69,88,86,79,105
20150918,4,O3,35,18,49,38,,28,50,,133,41,39,78,36,4,2,2,32,58,76,68,99,72,,99,105,99,71,2,2,,13,14,20,15,2
20150918,4,CO,1,1.4,1.4,1.5,1.5,1.3,1.3,1.2,0.9,1.4,1,1.2,1.2,1.7,1.6,0.5,0.7,0.9,1.1,1,1.1,1.2,,0.8,0.8,1.1,1.1,1.1,1.5,1.2,1.3,1.5,1.3,1.2,1.1
20150918,5,SO2,4,5,2,2,3,4,2,8,2,2,2,2,5,2,4,7,2,2,2,3,2,2,,2,2,2,3,2,2,5,2,32,41,5,7
20150918,5,NO2,39,49,75,57,32,41,37,34,19,18,22,18,35,69,97,101,28,23,11,12,9,15,,13,32,,36,84,47,49,61,74,80,84,113
20150918,5,O3,68,32,46,43,104,74,48,17,100,70,47,80,63,28,13,2,50,68,70,100,91,95,,87,76,97,29,2,2,3,30,32,34,11,2
20150918,5,CO,1,1.1,1.2,1.3,1,1,1.1,1.1,0.8,1.2,1,1,1.1,1.5,1.3,0.3,0.8,0.8,1,0.9,1,1,,0.8,0.7,0.8,0.9,1.2,1.6,1.2,1.1,1.3,1.1,1.2,1
20150918,6,SO2,5,5,3,2,3,2,2,6,2,2,2,2,4,2,4,6,2,2,2,3,2,2,,2,2,2,4,2,2,5,2,31,45,4,7
20150918,6,NO2,25,35,37,28,31,63,43,27,16,25,31,35,68,70,95,60,20,18,26,22,15,10,,8,65,5,17,91,52,44,32,64,46,80,117
20150918,6,O3,93,52,92,81,108,38,40,18,93,48,46,59,21,19,10,44,85,77,56,94,69,93,,104,27,80,102,2,2,3,68,55,55,29,2
20150918,6,CO,0.8,0.9,0.9,1,1,1.1,0.9,1,0.8,1,1.2,1,1.2,1.5,1.2,0.1,1,0.7,0.9,0.9,0.9,0.8,,0.6,0.8,0.8,0.7,1.4,1.6,1.1,0.8,0.9,0.9,0.9,1.2
20150918,7,SO2,4,3,2,2,2,3,2,7,2,2,,2,,2,4,5,2,2,2,2,2,,,2,2,2,3,2,2,5,2,30,45,11,6
20150918,7,NO2,49,33,60,27,63,61,67,30,27,29,32,46,69,63,94,52,24,24,45,21,18,15,,9,73,5,20,79,39,39,45,107,93,117,115
20150918,7,O3,68,31,51,63,68,45,8,9,61,36,23,37,22,39,9,52,78,58,35,96,62,60,,86,20,84,70,2,2,3,54,6,18,3,6
20150918,7,CO,1,0.8,1,0.9,1.2,1.2,1.1,0.9,0.8,1,0.6,0.9,1,1.1,1.2,0.1,0.8,0.7,1.1,0.9,0.8,0.6,,0.7,0.9,0.7,0.7,1.4,1.6,1,0.9,1,1.1,1.2,1.2
20150918,8,SO2,4,4,3,2,3,3,2,6,2,2,,2,,2,4,6,2,3,2,2,2,,,2,5,2,2,2,2,5,2,30,41,11,5
20150918,8,NO2,67,60,82,43,75,56,72,21,22,42,44,52,86,75,87,61,24,35,60,25,18,37,,14,27,3,23,75,38,39,65,113,86,112,99
20150918,8,O3,58,19,31,54,63,55,5,2,48,17,20,35,14,25,17,47,77,54,22,84,54,41,,71,57,79,45,20,4,3,36,6,27,4,19
20150918,8,CO,1.1,1.1,1.2,1.1,1.3,1.1,1.1,0.9,0.7,1.2,0.8,0.9,1,1.2,1.3,0.1,0.7,0.9,1.2,0.8,0.9,0.7,,0.7,1,0.6,0.7,1.2,1.6,0.9,1.2,1.2,1.2,1.4,1.1
20150918,9,SO2,4,7,4,2,4,4,5,6,5,3,3,2,19,4,6,7,2,7,2,3,2,275,,6,9,2,4,2,2,4,2,33,33,8,6
20150918,9,NO2,54,86,64,55,52,52,61,,19,39,46,36,74,75,69,46,19,33,33,14,20,21,,14,18,4,19,50,39,52,59,97,69,109,97
20150918,9,O3,67,32,63,67,86,68,34,20,79,36,40,77,34,36,53,70,80,57,52,96,64,57,,81,58,71,77,63,40,21,49,38,47,19,31
20150918,9,CO,1,1.1,1.2,1.2,1.1,0.9,1.1,0.8,0.6,1.3,1,0.8,1.1,1.4,1.1,0.1,0.7,0.9,1,0.6,0.9,0.6,,0.7,0.8,0.7,0.6,0.9,1.7,0.8,1.1,1.1,1.1,1.3,1
20150918,10,SO2,5,8,6,4,5,5,6,8,5,5,5,4,9,6,7,9,2,10,2,4,3,10,11,10,12,2,5,2,2,5,2,35,31,8,7
20150918,10,NO2,42,63,47,46,42,32,43,11,18,27,15,33,61,,52,32,15,27,17,14,20,8,12,14,22,4,18,36,28,48,73,67,64,93,59
20150918,10,O3,78,49,86,81,95,92,60,30,87,66,48,84,55,67,78,96,99,62,78,114,83,74,45,84,63,84,90,100,105,51,14,70,52,36,68
20150918,10,CO,1,1,1.1,1.1,1.1,0.9,1,0.9,0.7,1.1,,0.8,,1.3,0.9,0.1,0.7,0.9,0.8,0.7,0.9,,,0.7,0.8,0.7,0.5,0.7,1.2,0.8,1,0.9,1.1,1,0.7
20150918,11,SO2,6,8,7,6,8,7,7,8,6,6,6,4,10,7,7,10,2,8,2,4,2,3,6,5,15,2,4,2,4,6,3,36,35,11,8
20150918,11,NO2,33,54,46,39,39,31,37,10,13,23,10,29,53,48,44,,19,25,27,8,18,8,14,11,22,3,17,23,26,38,38,66,64,83,39
20150918,11,O3,87,59,86,90,95,96,63,42,100,78,74,,70,92,91,100,104,67,79,125,102,75,75,92,68,91,104,130,135,92,81,75,48,48,88
20150918,11,CO,0.9,1,1,1.1,1.1,0.9,0.9,0.8,0.7,1.1,,0.7,,1.1,0.9,0.1,0.7,0.7,0.9,0.6,0.9,4.9,,0.5,,0.7,0.5,0.6,1.2,0.7,0.9,0.9,1,1,0.6
20150918,12,SO2,6,9,5,5,7,7,6,8,5,5,6,5,10,5,7,9,2,5,2,4,2,2,11,3,10,2,3,2,5,6,3,34,37,16,10
20150918,12,NO2,27,51,,26,32,21,11,6,9,15,22,19,41,32,31,29,15,19,31,7,8,9,14,10,32,3,12,15,32,30,32,56,56,81,33
20150918,12,O3,90,64,,97,98,107,91,52,111,91,104,,106,109,109,125,119,80,95,126,111,76,79,100,77,93,106,150,147,120,86,80,53,45,100
20150918,12,CO,0.7,0.8,0.7,0.8,1,0.7,0.6,0.6,0.5,0.8,0.8,0.6,0.9,0.9,0.8,0.1,0.7,0.5,0.9,0.5,0.7,4.9,,0.4,,0.6,0.4,0.5,1.2,0.7,0.7,0.7,0.7,0.8,0.5
20150918,13,SO2,4,7,4,3,3,4,4,9,3,2,4,2,8,2,6,8,2,4,2,3,2,2,8,2,8,2,3,2,4,7,2,30,29,11,8
20150918,13,NO2,17,38,22,18,17,12,4,6,5,9,15,7,29,20,26,23,10,16,11,5,2,6,7,9,36,2,11,18,20,27,26,40,47,62,39
20150918,13,O3,103,79,111,108,117,118,103,55,110,106,,116,,116,126,146,122,88,106,121,90,,102,108,81,86,99,176,160,136,97,96,63,57,102
20150918,13,CO,0.5,0.6,0.6,0.6,0.6,0.5,0.4,0.5,0.4,0.5,0.6,0.2,0.7,0.6,0.7,,0.6,0.5,0.6,0.4,0.4,0.7,,0.3,,0.5,0.3,0.5,0.8,0.6,0.6,0.5,0.5,0.6,0.4
20150918,14,SO2,2,5,,2,2,2,4,8,2,2,3,3,6,2,5,7,2,3,2,2,2,2,,2,,2,2,2,2,7,2,24,11,9,5
20150918,14,NO2,11,25,,15,14,9,5,6,5,9,2,7,20,19,20,19,8,15,7,5,3,7,6,8,24,2,10,15,18,22,19,28,47,78,22
20150918,14,O3,112,99,,116,122,129,106,59,111,104,,118,,118,133,153,107,94,108,111,95,,115,114,97,79,92,180,167,160,111,116,63,61,122
20150918,14,CO,0.4,0.4,,0.5,0.4,0.4,0.4,0.4,0.4,0.4,0.5,0.2,0.5,0.4,0.5,,0.4,0.4,0.6,0.3,0.4,0.4,0.5,0.3,0.5,0.4,0.3,0.5,0.6,0.5,0.4,0.3,0.5,0.6,0.2
20150918,15,SO2,2,4,,2,2,2,3,8,3,2,3,2,5,2,3,6,2,3,2,2,,2,2,2,,2,2,2,2,6,2,22,8,6,4
20150918,15,NO2,13,28,,12,16,10,5,7,6,12,2,6,23,26,15,18,10,18,7,6,,8,7,11,,2,9,15,14,19,17,36,35,78,18
20150918,15,O3,107,98,,116,120,122,113,61,113,100,,120,210,114,132,145,102,98,101,107,,90,122,119,,79,88,173,162,173,112,110,79,51,115
20150918,15,CO,0.3,0.3,,0.4,0.7,0.3,0.4,0.4,0.4,0.4,0.5,0.2,0.5,0.4,0.4,0.4,0.3,0.4,0.5,0.3,,0.4,0.6,0.3,,0.4,0.2,0.4,0.4,0.5,0.3,0.3,0.4,0.5,0.3
20150918,16,SO2,2,3,,2,2,2,3,7,2,2,4,2,6,2,2,5,2,5,2,2,2,2,2,2,,2,2,2,2,6,2,22,8,4,3
20150918,16,NO2,14,33,,12,20,12,7,7,5,11,,10,,26,15,17,10,23,7,7,2,,6,10,61,2,9,12,14,18,13,41,42,68,34
20150918,16,O3,113,97,,119,127,123,110,62,111,104,,118,86,114,120,144,106,97,103,104,110,59,115,122,67,78,85,145,153,179,120,105,79,55,108
20150918,16,CO,0.3,0.3,,0.4,0.4,0.4,0.3,0.4,0.4,0.4,0.3,0.2,0.4,0.4,0.3,0.4,0.3,0.5,0.4,0.3,0.3,0.3,0.5,0.3,0.4,0.4,0.2,0.3,0.4,0.5,0.3,0.2,0.4,0.5,0.2
20150918,17,SO2,2,3,,2,2,2,3,7,2,2,3,2,5,2,2,5,2,4,2,2,2,2,2,2,6,2,2,2,2,5,2,21,7,5,4
20150918,17,NO2,20,38,,16,29,15,12,9,7,15,,13,,28,21,20,12,26,9,9,4,,10,12,56,2,9,13,17,17,16,46,50,96,83
20150918,17,O3,112,92,,112,129,129,102,56,107,95,,114,81,110,118,132,102,97,104,98,116,64,101,120,68,78,81,139,132,159,114,103,72,47,75
20150918,17,CO,0.4,0.3,,0.4,0.4,0.4,0.3,0.4,0.3,0.4,0.4,0.2,0.4,0.4,0.4,0.4,0.3,0.5,0.4,0.3,0.3,0.3,0.4,0.2,0.4,0.3,0.2,0.3,0.4,0.4,0.4,0.2,0.4,0.6,0.6
20150918,18,SO2,2,4,3,2,3,2,3,6,2,2,3,2,6,2,2,5,2,3,2,2,2,2,2,2,10,2,2,2,2,5,2,21,7,6,4
20150918,18,NO2,34,49,32,23,49,27,18,11,10,28,18,20,47,41,33,28,22,27,30,19,8,19,36,14,56,3,12,28,14,17,46,45,62,90,110
20150918,18,O3,108,83,96,102,116,119,90,43,80,61,,103,144,94,122,114,84,106,72,83,102,79,64,97,26,75,73,111,92,127,89,103,68,38,48
20150918,18,CO,0.5,0.4,0.6,0.5,0.5,0.5,0.4,0.4,0.3,0.5,0.5,0.3,0.7,0.5,0.5,0.4,0.3,0.6,0.5,0.3,0.3,0.4,0.4,0.3,0.4,0.3,0.2,0.3,0.5,0.4,0.5,0.3,0.5,0.7,0.8
20150918,19,SO2,2,4,2,2,3,2,2,7,2,2,,3,6,2,3,5,2,2,2,2,2,2,2,2,4,2,2,3,2,4,2,20,6,6,5
20150918,19,NO2,53,57,39,58,102,46,61,37,15,40,,58,80,65,66,77,34,45,57,44,11,61,62,15,24,8,13,56,11,34,84,105,77,120,123
20150918,19,O3,87,79,98,71,68,93,59,23,74,45,,78,120,88,75,57,59,75,33,42,86,18,18,69,41,53,64,58,66,65,54,50,56,18,18
20150918,19,CO,0.7,0.5,0.7,0.8,1,0.7,0.6,0.5,0.4,0.7,,0.6,0.9,0.7,0.6,0.6,0.4,0.6,0.6,0.5,0.5,0.7,0.7,0.3,0.3,0.3,0.2,0.4,0.5,0.5,0.8,0.6,0.6,1,0.9
20150918,20,SO2,3,3,2,2,3,2,2,6,2,2,,4,8,3,2,8,2,2,2,3,2,2,2,2,5,2,2,3,2,4,2,20,8,5,5
20150918,20,NO2,100,55,75,83,138,78,104,34,34,37,,66,98,86,119,121,87,34,38,50,9,68,63,17,11,6,12,67,19,29,135,153,139,134,112
20150918,20,O3,33,34,40,30,14,49,15,2,61,69,,71,81,61,7,6,2,53,36,18,76,2,8,62,62,50,62,8,54,42,3,14,2,6,2
20150918,20,CO,1.2,0.6,0.9,1.2,1.3,0.9,1,0.5,0.5,0.9,,0.8,1,0.8,0.9,1.1,0.9,0.5,0.6,0.6,0.5,0.8,0.7,0.3,0.2,0.3,0.2,0.5,0.7,0.5,1.3,1.2,1.2,1.2,1
20150918,21,SO2,2,3,3,2,3,2,2,6,2,2,,4,7,3,4,8,2,2,2,4,2,2,2,2,15,2,2,2,2,4,2,22,9,7,4
20150918,21,NO2,126,76,106,104,155,134,120,58,46,41,,89,142,108,119,130,94,27,26,25,6,63,59,23,22,4,15,76,22,75,135,143,139,136,104
20150918,21,O3,5,5,6,9,3,4,2,2,45,35,,3,19,38,3,2,2,54,48,37,69,2,6,47,57,49,55,2,23,18,2,15,2,2,4
20150918,21,CO,1.3,0.8,1.3,1.2,1.6,1.2,1.2,0.6,0.5,1.1,,1,1.4,1,1,1.1,1.2,0.4,0.5,0.5,0.4,0.7,0.6,0.3,0.2,0.3,0.2,0.5,1.1,0.5,1.5,1.3,1.8,1.5,1
20150918,22,SO2,2,5,2,2,4,2,3,6,2,2,,4,7,3,6,9,2,2,2,3,2,2,2,2,5,2,2,3,2,4,2,23,8,5,9
20150918,22,NO2,129,106,105,116,144,129,95,59,38,65,,67,136,116,122,143,67,29,21,27,23,62,46,19,6,5,14,79,23,67,129,145,128,140,121
20150918,22,O3,2,2,4,2,2,4,2,2,73,2,,16,2,35,3,2,6,48,56,30,38,2,5,55,73,47,48,2,16,14,2,14,2,2,2
20150918,22,CO,1.7,1.1,1.2,1.2,1.9,1.6,1,0.5,0.6,1.3,,0.7,1.3,1.3,0.9,1.2,0.6,0.4,0.4,0.5,0.5,0.7,0.6,0.3,0.2,0.3,0.2,0.5,1,0.6,1.5,1.4,1.3,1.1,1.8
20150918,23,SO2,3,6,2,2,4,3,2,5,2,4,,3,9,3,5,12,2,2,2,2,2,2,2,2,3,2,2,4,2,5,2,23,7,5,13
20150918,23,NO2,113,110,81,107,122,118,80,53,24,49,,34,79,138,121,136,41,27,21,20,10,57,47,14,21,8,12,94,22,69,111,129,105,126,117
20150918,23,O3,2,2,11,4,2,2,2,2,72,2,,51,28,3,2,2,31,50,57,38,51,2,5,56,50,44,49,2,7,4,2,16,2,2,2
20150918,23,CO,1.4,1.4,0.8,1.1,1.1,1.3,0.7,0.7,0.4,1.2,,0.4,0.8,1.4,1.2,1.4,0.4,0.4,0.4,0.4,0.4,0.6,0.5,0.2,0.2,0.3,0.1,0.6,0.9,0.6,1.2,1.1,0.7,1.3,2.3
20150918,0,PM2.5,183,146,199,174,241,163,209,149,192,169,118,140,145,156,157,151,177,166,102,120,162,168,126,140,163,147,104,139,119,167,173,174,213,173,163
20150918,0,PM10,226,164,239,,272,173,226,202,,257,180,172,153,209,165,217,,,133,121,,,135,,217,,,,,178,213,240,328,245,226
20150918,0,AQI,206,191,201,207,207,208,196,161,164,187,145,175,165,193,201,196,213,185,122,160,200,192,136,170,178,174,140,187,149,161,208,208,193,205,203
20150918,1,PM2.5,255,173,236,213,252,190,210,150,175,192,125,157,145,158,156,159,175,161,105,121,150,171,128,140,148,146,115,157,128,192,214,213,239,187,198
20150918,1,PM10,281,195,263,246,,207,231,160,,250,198,207,184,218,175,237,,,139,121,,,139,,,,,,,218,310,280,416,301,290
20150918,1,AQI,210,193,205,209,211,209,200,164,167,188,144,178,167,194,201,197,214,188,123,161,202,194,138,172,181,175,140,187,150,165,210,209,199,206,204
20150918,2,PM2.5,248,209,237,222,237,227,205,148,170,212,131,178,141,169,165,162,191,156,106,110,144,163,,144,152,144,119,155,132,179,221,217,229,211,193
20150918,2,PM10,,,,,,,,,,241,171,183,153,193,190,244,,,121,116,,,,150,,,,,,201,224,,241,,298
20150918,2,AQI,214,196,208,212,215,213,202,167,170,191,145,183,169,196,202,197,215,191,125,161,203,196,,174,183,177,141,187,152,168,212,211,204,208,206
20150918,3,PM2.5,251,214,228,234,228,230,201,140,173,213,124,156,139,166,177,166,193,136,99,115,144,157,,95,46,147,129,158,132,168,225,230,204,219,209
20150918,3,PM10,,,,,,,,,,,147,,,168,185,249,,,116,127,,,,,,,,,,185,,,,,215
20150918,3,AQI,218,200,212,214,217,216,204,170,172,197,145,186,170,196,203,197,216,193,126,161,204,198,,174,179,178,147,187,153,171,215,213,206,210,208
20150918,4,PM2.5,223,208,197,226,206,214,185,135,151,194,110,150,122,173,190,179,202,41,102,119,145,162,,31,43,128,131,158,129,156,212,217,180,212,198
20150918,4,PM10,,,,,,,,,,,122,,,184,,244,,,105,123,,,,,,,,,,180,,,,,
20150918,4,AQI,221,203,213,217,221,217,206,172,173,200,146,187,170,197,203,198,218,188,127,162,204,200,,170,175,179,144,188,154,173,217,215,207,212,208
20150918,5,PM2.5,144,160,163,190,87,128,154,115,90,135,110,136,127,201,196,174,182,43,92,114,111,99,,43,54,66,121,176,139,145,167,192,121,195,163
20150918,5,PM10,,,,,,,,,,,122,,,,,205,,,,,,,,,,,,179,,166,,,,,
20150918,5,AQI,219,203,213,218,217,215,205,173,170,199,146,186,172,198,204,199,219,184,127,162,204,199,,165,172,176,144,190,156,175,217,217,205,213,208
20150918,6,PM2.5,50,70,74,91,53,123,93,80,100,101,120,144,136,189,183,173,146,40,74,99,90,60,,43,54,50,103,190,147,133,63,73,57,103,160
20150918,6,PM10,,,,,,,,,,,133,,,,,199,,,77,105,,,,,,,,204,,142,,,,,
20150918,6,AQI,213,200,209,215,212,213,202,172,167,196,147,186,172,199,204,199,219,179,127,161,202,195,,161,168,172,144,193,158,176,213,213,200,210,208
20150918,7,PM2.5,81,51,55,56,89,162,74,64,92,72,117,101,138,104,194,161,92,49,101,82,57,62,,49,63,53,93,192,143,116,60,61,49,68,170
20150918,7,PM10,,,,,,,,,,,,,,,,,,,129,,,,,,67,,,219,,132,,,,,
20150918,7,AQI,208,194,203,210,208,213,197,170,164,191,148,184,172,194,205,197,216,174,128,159,198,191,,157,166,168,142,196,161,176,208,208,193,206,209
20150918,8,PM2.5,105,95,71,66,118,140,69,63,76,56,92,75,118,69,176,142,62,64,111,80,52,61,,58,74,21,90,184,145,101,81,79,82,80,142
20150918,8,PM10,,,,,,,,,,,,,,,,,,,129,,,,,,,,,188,148,172,,,,111,
20150918,8,AQI,205,190,199,205,206,212,192,167,160,184,147,181,172,188,204,196,213,171,129,157,194,187,,153,164,163,141,198,164,175,204,204,190,202,207
20150918,9,PM2.5,84,86,97,131,86,84,79,71,52,76,71,81,92,88,125,95,57,70,103,42,75,40,,56,50,37,65,146,163,107,100,91,77,100,87
20150918,9,PM10,,,,,,,,,,,79,,,105,,,,,,,,,,,,,,,,,,,81,107,
20150918,9,AQI,200,184,195,203,203,207,187,164,155,180,145,176,169,181,201,191,209,167,131,152,190,181,,149,161,158,139,194,165,175,202,200,185,198,204
20150918,10,PM2.5,75,71,85,78,84,71,89,87,62,73,71,80,71,83,89,55,50,56,60,41,62,39,,44,33,42,56,88,96,112,,81,78,84,71
20150918,10,PM10,,,,,87,,,,,,95,81,,113,,,,,,46,,,,,,,,,,,,,88,102,
20150918,10,AQI,196,178,190,198,199,202,183,161,150,175,141,171,165,174,194,182,204,162,129,147,186,176,149,145,156,154,135,186,159,173,121,194,181,193,199
20150918,11,PM2.5,79,82,87,79,78,75,83,73,56,76,67,77,78,78,76,54,58,26,61,34,60,31,32,30,39,34,40,60,78,87,57,80,65,84,66
20150918,11,PM10,,,,,,,,,,,92,,,88,,,,,86,,65,34,,,62,,,,86,,,,,,
20150918,11,AQI,192,171,185,191,195,196,179,158,146,170,136,168,161,168,186,174,198,154,127,141,182,170,144,139,151,150,130,178,153,168,191,187,176,187,193
20150918,12,PM2.5,51,64,55,43,44,57,46,25,44,49,56,63,68,60,56,56,59,25,54,35,50,42,12,21,38,28,31,41,83,80,46,54,40,53,49
20150918,12,PM10,,,,,,,,,,,82,,,,,,,,63,,,,,,,,,,,,,,,,
20150918,12,AQI,187,164,178,183,187,188,172,155,141,165,133,164,157,163,179,167,189,147,126,136,175,165,137,132,149,146,127,170,149,165,182,180,169,180,185
20150918,13,PM2.5,28,38,35,24,25,28,19,18,22,15,38,22,53,29,45,47,46,21,29,28,22,35,19,18,25,20,20,53,44,63,43,31,28,34,30
20150918,13,PM10,,,,,,,,,,,51,,,,,,,,,,,,,,,,,,,,,,,,
20150918,13,AQI,178,156,171,175,179,178,164,148,135,157,130,159,153,158,175,161,180,140,121,130,168,159,130,126,154,142,122,168,146,162,174,171,162,172,175
20150918,14,PM2.5,19,24,,21,18,18,12,10,16,10,20,15,35,14,30,30,19,20,20,17,16,15,3,10,20,13,18,42,35,55,25,20,32,25,26
20150918,14,PM10,,,,,,,,,,,35,,,,,,,,,,33,,5,,,,,,,63,,,,,
20150918,14,AQI,170,150,,169,170,170,157,140,130,151,128,152,149,152,170,158,170,133,116,124,159,152,123,119,159,137,116,162,143,161,167,166,156,167,167
20150918,15,PM2.5,15,21,,14,17,15,16,9,11,17,8,17,18,13,16,30,15,12,15,16,,20,,4,,10,10,37,16,53,8,19,27,,25
20150918,15,PM10,,,,,,,,,,,31,,,31,,,20,,,,,,5,9,,,,,,,,,,15,43
20150918,15,AQI,164,146,,164,165,164,152,135,126,147,124,147,144,148,166,153,159,126,112,118,,145,122,112,,131,110,157,138,158,162,161,152,168,162
20150918,16,PM2.5,12,14,,11,14,15,12,11,9,9,17,15,16,13,16,24,25,10,14,10,,7,20,12,17,10,15,20,18,49,12,12,18,13,12
20150918,16,PM10,,,,,20,,,12,,,24,20,,14,,,,,,14,,,20,,,,,26,25,,,,,15,25
20150918,16,AQI,159,141,,158,159,158,146,129,122,142,120,142,140,144,160,149,151,119,108,113,154,137,115,105,171,124,106,155,134,155,156,155,147,162,157
20150918,17,PM2.5,14,15,,18,17,17,13,14,6,10,14,16,18,8,14,23,22,14,12,18,17,33,,7,14,6,14,21,24,44,3,16,14,22,20
20150918,17,PM10,18,,,,32,21,29,28,21,13,32,28,19,26,35,38,,62,23,,,,5,12,,,,37,57,72,23,17,17,26,69
20150918,17,AQI,153,137,,153,153,153,141,124,118,137,116,137,136,140,154,145,146,112,104,108,144,129,112,98,178,116,102,151,131,152,150,150,142,157,153
20150918,18,PM2.5,17,19,28,16,23,23,13,18,11,12,16,16,37,15,24,17,21,29,16,18,9,3,,6,16,9,11,33,10,44,24,15,27,19,30
20150918,18,PM10,53,44,41,32,46,41,26,38,26,27,47,41,98,29,82,27,,65,46,26,33,15,25,58,94,22,24,71,85,93,115,46,42,51,97
20150918,18,AQI,148,132,164,147,148,148,136,119,113,132,112,132,132,135,150,140,141,105,100,104,135,122,109,91,170,108,98,147,127,148,144,145,138,150,148
20150918,19,PM2.5,27,21,26,30,29,29,22,21,8,24,,39,54,27,26,22,17,22,21,19,25,21,6,16,4,4,10,28,17,61,31,26,36,32,27
20150918,19,PM10,53,54,65,116,58,42,61,65,12,150,,150,92,89,76,67,32,38,85,77,51,138,82,35,5,26,12,91,39,103,92,92,69,143,133
20150918,19,AQI,142,127,157,142,143,143,130,113,109,127,,127,129,131,145,135,135,98,96,98,125,114,97,85,162,99,94,143,122,145,139,140,133,145,144
20150918,20,PM2.5,69,34,38,72,43,32,33,32,19,43,,67,69,43,34,44,26,25,21,26,20,31,7,14,5,9,13,46,25,74,54,42,55,49,29
20150918,20,PM10,103,59,90,112,113,54,78,92,33,174,,143,116,82,98,136,62,,64,69,23,97,35,20,20,,23,167,,78,119,111,113,124,142
20150918,20,AQI,138,123,150,138,137,138,125,107,105,122,,123,126,126,141,131,128,91,91,93,116,107,85,79,117,90,90,139,118,143,134,135,129,140,139
20150918,21,PM2.5,77,36,54,60,49,42,42,38,25,55,,52,82,46,40,61,40,16,16,31,13,28,4,10,9,3,18,55,52,80,69,46,69,59,36
20150918,21,PM10,106,59,135,84,107,69,88,133,38,92,,127,122,84,107,155,109,,28,,,39,60,24,155,11,19,105,67,140,130,106,138,136,
20150918,21,AQI,134,118,144,132,131,132,120,100,101,117,,117,123,121,137,128,122,85,87,87,107,100,71,72,106,82,86,134,116,140,128,129,125,135,134
20150918,22,PM2.5,68,38,46,47,54,54,39,35,26,51,,47,89,51,45,58,33,14,11,18,23,24,,12,11,10,13,57,46,69,67,58,51,50,52
20150918,22,PM10,116,58,88,61,103,78,85,146,44,112,,69,138,97,88,154,,19,21,61,34,43,60,25,140,,16,96,48,113,125,102,112,125,86
20150918,22,AQI,129,113,137,125,125,127,115,94,97,112,,110,119,116,131,124,115,78,82,81,99,92,62,66,85,74,82,130,113,137,122,123,119,128,128
20150918,23,PM2.5,56,39,38,48,37,49,28,34,26,46,,28,63,61,50,66,21,15,11,27,19,24,,6,4,4,14,61,49,79,49,45,42,48,70
20150918,23,PM10,96,83,50,52,74,81,34,130,37,139,,32,,123,114,187,,,23,,33,25,50,14,19,12,,96,49,111,87,85,74,113,200
20150918,23,AQI,123,107,130,119,118,121,108,87,91,106,,104,114,112,126,119,107,71,77,77,90,85,51,59,69,66,77,126,109,132,116,116,113,122,123
