date,hour,type,dongsi,tiantan,guanyuan,wanshouxigong,aotizhongxing,nongzhanguan,wanliu,beibuxingqu,zhiwuyuan,fentaihuayuan,yungang,gucheng,fangshan,daxing,yizhuang,tongzhou,shunyi,changping,mengtougou,pinggu,huairou,miyun,yanqing,dingling,badaling,miyunshuiku,donggaocun,yongledian,yufa,liulihe,qianmeng,yongdingmengxi,xizhimengbei,nansanhuan,dongsihuan
20150619,0,SO2,3.3,2,2,2.6,2,2.6,3,29.5,2,6.1,2.3,3.8,4.2,2,2,4,3.7,15.3,2,2.3,2.6,2.9,2,4.4,26.9,2,2,5,2,5.7,2,2.6,5.2,7.5,2
20150619,0,NO2,18.6,41.6,23.3,25.4,33.1,36.2,23.2,11.1,10.9,60.9,13.5,15.9,26.4,30.7,58.7,64.3,80,15.1,6.4,23.9,4.9,6.9,14.3,11.8,29.6,3.1,44.3,41.7,16.4,8.8,25.5,31.3,34.5,103.8,37.1
20150619,0,O3,73.1,52.6,63.2,67.4,79.7,75.5,66.5,79.1,88.1,25.2,82.8,84.9,54.2,66.8,30.6,35,2,71.3,90.7,52,,78.5,75,87.4,75.3,76.5,29.1,50.7,89.2,70.8,71.5,63.8,53.7,11.9,61.1
20150619,0,CO,0.4,0.4,0.1,0.1,0.1,0.4,0.5,0.2,0.1,0.3,0.2,0.6,0.3,0.2,0.5,0.4,0.3,0.5,0.2,0.2,0.2,0.1,0.2,0.1,0.5,0.4,0.2,0.2,0.1,0.2,0.3,0.3,0.3,0.5,0.2
20150619,1,SO2,3.8,2.1,2,3.5,3.6,3.6,3.3,30.9,2,5.7,2,3,6.8,2,2,4.4,2,2.6,2,2,,2.6,7.7,2,39.9,2,3.1,3.9,2,5.4,2,3.2,5,5.7,3.7
20150619,1,NO2,18.6,28.7,17,15.5,26.5,26.8,17.1,16.3,11.3,45.9,10.1,14.8,41.2,30.8,50.6,46,11.9,7,8,16,4.6,5.7,15.5,5.8,63.1,3.2,37.6,25.7,10.3,16.4,19.5,19.7,24.9,67.3,22.4
20150619,1,O3,74.2,75.3,69.1,83.6,86.9,85,78.9,66.4,83.9,44.3,88.3,80.1,43.3,60.2,30.4,45,58.9,68.6,78,64.2,,76.4,62.8,85.2,34.3,71.3,37.1,83.8,85.2,56.6,79.1,69.2,64.3,43.4,79.2
20150619,1,CO,0.4,0.3,0.2,0.1,0.1,0.3,0.5,0.2,0.1,0.3,0.2,0.5,0.3,0.2,0.4,0.3,0.2,0.4,0.2,0.2,0.3,0.1,0.4,0.1,0.6,0.4,0.2,0.2,0.1,0.2,0.3,0.2,0.2,0.2,0.2
20150619,2,SO2,7,3,2,3.1,6.3,4.7,3.6,30.9,2,5.2,2,6,5.4,2.2,2.9,5.7,2.1,2,2,2.3,3.2,3.1,6.2,2.7,63.8,2,2.3,4.7,2.4,5.4,2,3.7,6.6,5.6,5.7
20150619,2,NO2,22.6,33.2,24.1,15.4,41.5,31.6,36.4,36.7,12,74.1,15,21.7,40.6,35.9,43.8,28.4,15,19.8,13.2,23.8,2.9,6.5,17.8,16.3,47.3,3.3,20.2,31.3,8.9,19.9,44.6,38.8,48.5,77.4,69.4
20150619,2,O3,63.8,63.4,50.1,76.5,59.8,61.9,47.5,38.8,76,11.6,74.8,51.5,40.9,53.7,36.1,44.4,54.6,52.1,46.4,58.2,,69,53.2,65.5,37.7,71.6,64.3,65.9,85.4,47.1,47.5,43.3,40.7,31.3,21.2
20150619,2,CO,0.5,0.4,0.2,0.1,0.1,0.3,0.5,0.3,0.1,0.3,0.2,0.7,0.3,0.2,0.3,0.2,0.2,0.4,0.2,0.2,,0.1,0.4,0.1,0.8,0.3,0.2,0.3,0.1,0.2,0.3,0.2,0.3,0.2,0.2
20150619,3,SO2,3.4,2,2,3.8,2,3.1,4.8,32.9,2,5.5,2,6,5.3,3.4,2,6.6,2,5.5,2,2.6,3.5,3,2,4.8,22.9,2,7.6,2.9,2,5.2,2,3,5,5.1,5.8
20150619,3,NO2,25.1,42,25.1,26.4,52.9,27.4,41.9,47.6,11.5,49.8,19.4,15.8,36.5,40.8,35.2,29.8,16.4,66.8,19.5,14.9,3.8,6.5,14.5,20.2,34.8,3.1,24.3,39.4,16.1,26.4,41.5,34.5,38.5,66.6,80
20150619,3,O3,50.9,41.6,44.4,55.5,37.3,58.7,36,24.4,71.6,31.4,60.3,56,61.5,51.9,36.9,40.7,48.5,16.1,2,65.8,,71.5,60.5,52,35.5,69.2,71.3,39.5,65.6,41.7,37.9,41.6,39.9,26.2,6.6
20150619,3,CO,0.4,0.4,0.1,0.1,0.1,0.3,0.6,0.3,0.1,0.3,0.2,0.6,0.3,0.3,0.2,0.2,0.2,0.5,0.1,0.3,,0.1,0.2,0.1,0.4,0.3,0.3,0.3,0.4,0.2,0.3,0.3,0.2,0.3,0.3
20150619,4,SO2,4,2,2,3.1,2,2.9,3.6,32.4,2,6.5,2.3,4.9,6.6,3.7,2,5.1,2,11.7,2,2,3.1,3.6,2,17,21.5,2.2,6.8,2.3,2,5.6,2,2.7,3.7,4.8,5.5
20150619,4,NO2,31.2,41.1,26.8,34.6,48,32.9,33.9,62.6,22.1,45.5,41,44.3,37.9,42.1,38.8,35.4,13,19.4,27.8,13.7,,8.4,12,13.6,44.2,5.5,18.6,57.4,47.7,16.4,53.4,50.2,45.1,79,78.2
20150619,4,O3,42.6,23.6,35.4,32.2,40.1,44.8,,11.8,53.5,15.6,36.8,36.9,67.8,65.9,36.8,23.8,49.4,47.9,44.5,65.1,,58.5,49.5,59.3,21.8,62.6,50.1,21.4,11.3,58.8,21.5,23.1,27.9,8.9,4.3
20150619,4,CO,0.5,0.4,0.2,0.1,0.1,0.4,0.6,0.3,0.2,0.3,0.4,0.5,0.5,0.4,0.3,0.2,0.2,0.5,0.2,0.3,0.2,0.1,0.2,0.2,0.5,0.3,0.1,0.3,0.5,0.3,0.4,0.4,0.3,0.4,0.3
20150619,5,SO2,3.9,2,2,2.4,2,2.4,3.2,35,2,5.3,2.7,3.1,7.4,2.5,2,3.3,2,4.8,2,2,2.9,2.5,2,5.2,2.3,2,2,2.9,2,5.4,2,2,2.7,2,3.2
20150619,5,NO2,15.4,23.3,17,18.1,32.3,21.7,12.4,26.8,23,44.4,29.9,30.6,31,40.6,29.3,16.4,12.7,7.9,,13.3,,10.2,11.1,12.3,18.7,4.7,18.5,55.3,42.5,20.8,29.3,22.2,29.2,28.5,61.6
20150619,5,O3,60.1,66.3,46.1,55.6,42.9,62.7,58.6,36,49.1,25.3,54.8,38.2,68.8,55.4,41.2,58.9,43.6,51.6,37.8,53.1,,51,39.1,52.4,32.2,54.2,28.4,18.7,18.2,56.6,46,52.8,41,35.3,16.9
20150619,5,CO,0.4,0.4,0.2,0.1,0.1,0.4,0.5,0.3,0.2,0.3,0.4,0.6,0.5,0.4,0.2,0.1,0.3,0.5,0.3,0.2,0.3,0.1,0.2,0.1,0.3,0.3,0.1,0.3,0.5,0.4,0.4,0.3,0.2,0.3,0.2
20150619,6,SO2,4.9,2.3,2,2.5,2,2.4,4.4,31.7,2,4.5,2,2.2,4.4,3.7,2,2.7,2,2,2,2,2.4,2.5,2,2,2,2,2,2.8,2,5.7,2,2,3.3,2,3.4
20150619,6,NO2,19.1,23.7,20,16,30.6,29,11.9,23.1,14.4,29.6,16.1,24.4,19.4,27.9,18.8,28.5,10.9,4.5,21.9,10.8,10.8,15.8,8.8,5.5,33.1,4.7,15.8,41,33.4,28.5,25.9,26.2,32.6,35.4,64.5
20150619,6,O3,46.8,54.7,40.3,51.6,39.8,44,53.1,35.7,51.3,28.9,41.4,44.2,46.1,51.8,55,35.4,38.2,41.9,39.7,52.7,,46.8,47.8,48.8,29.7,51.2,23.7,25.1,49.4,49.1,41.3,43.9,36.5,30,9.1
20150619,6,CO,0.5,0.5,0.3,0.1,0.2,0.4,0.6,0.3,0.3,0.4,0.4,0.7,0.3,0.3,0.2,0.2,0.3,0.4,0.4,0.3,0.3,0.1,0.3,0.1,0.3,0.3,0.1,0.2,0.5,0.4,0.4,0.4,0.2,0.4,0.3
20150619,7,SO2,3.8,2,2,2.5,2,2.6,3,28.3,2,4.4,2,2,4.3,3.8,2,2.5,2,2,2,2,2.9,2.6,2,2,2,2.6,2,2.5,2,6.2,2,2,4.1,2.9,2.5
20150619,7,NO2,19.9,24.1,23.8,18.6,26.4,29.5,15.5,18,13.1,33.2,13.8,18.5,19.6,27.5,28.7,26.1,26,8.1,14.8,11.2,9.2,14.4,9.4,6.7,14.6,8.2,11.2,34.8,15.7,16.6,23.4,36,31.3,54.3,54.3
20150619,7,O3,45,53.5,35.7,50.9,47.6,47.8,48.4,29.4,50.1,24.7,40.8,51,39.7,45.6,38.7,35.4,24.3,29.9,42.5,48.4,,41.3,48.3,42.8,57.3,45.2,34.6,29.1,52.9,47,42.5,33.5,37.3,15.8,17.7
20150619,7,CO,0.5,0.5,0.3,0.1,0.3,0.4,0.6,0.2,0.2,0.4,0.4,0.6,0.3,0.3,0.3,0.2,0.4,0.4,0.3,0.3,0.3,0.1,0.3,0.1,0.3,0.5,0.1,0.2,0.4,0.2,0.4,0.4,0.2,0.4,0.4
20150619,8,SO2,3.2,2,2,2.1,2,2.3,2.5,31.2,2,4,2,2,3.9,3.2,2,2,2,2,2,2,3.6,4.3,2.5,2,3.2,2.6,2,2,2,5.9,2,2,4.6,3.6,3.3
20150619,8,NO2,24,27.3,25.8,20.4,34.6,32.9,25.8,17,14.4,32.8,16.8,24.4,22.1,32.6,31.8,35.2,30.3,8.7,20.7,15,4.7,10.6,9.1,2.7,21.5,4.5,9.9,30.2,16.6,15.3,28.5,43.1,45.7,63.8,60.1
20150619,8,O3,40.8,48.2,32.1,48.5,38.3,43.1,34.2,28.3,46.6,23.3,34.3,44.1,35.7,38.6,33.2,27.2,18.6,30.1,35.8,43.3,,47,48.2,48.3,50.9,52,37.1,26.4,48.2,45.3,38.7,29,23.1,10.2,14.3
20150619,8,CO,0.5,0.5,0.3,0.2,0.2,0.5,0.7,0.2,0.2,0.4,0.4,0.7,0.4,0.4,0.3,0.2,0.4,0.4,0.4,0.4,0.3,0.1,0.5,0.1,0.3,0.4,0.1,0.3,0.4,0.2,0.4,0.4,0.4,0.6,0.5
20150619,9,SO2,3.1,2,2,2,2,2.2,2.4,31.5,2,3.9,2,2,3.4,2.3,2,2,2,2,2,2,3.9,4.6,3.2,2.4,2,3.6,2,2,2,5.2,2,2,4.1,4.8,3.6
20150619,9,NO2,28.5,39.4,27.1,21.8,41.7,33.3,31.3,19.2,19.3,40.9,20.3,28,28.4,35.2,35.1,33.6,23.1,8.1,21.2,12.8,5.1,11.3,6,2.5,13.2,3.8,11.2,31.7,19.1,20,36.5,50.6,47,66.9,59.3
20150619,9,O3,36.6,33.6,26.1,43.3,26.5,36.6,25.8,26.4,37.1,10.3,30.5,36.3,27,31.6,28.1,26.6,23.1,35.9,30.9,50.5,,55.4,53.2,55.2,55.7,63.9,45,26.7,46.1,37.9,27.8,20,21.8,5.7,9.9
20150619,9,CO,0.6,0.6,0.4,0.2,0.5,0.5,0.7,0.3,0.3,0.5,0.4,0.7,0.5,0.5,0.3,0.2,0.4,0.4,0.4,0.4,0.3,0.1,0.3,0.1,0.3,0.4,0.1,0.3,0.4,0.2,0.5,0.5,0.5,0.7,0.7
20150619,10,SO2,4.2,2,2,2.5,2,3.5,3.3,35.1,2,4.2,2,2,3.6,2.4,2,2.4,2,2,2,2.2,4.6,4.7,3.5,4.2,2,3.9,3.6,2,2,5.3,2,2.7,4.9,6.5,3.5
20150619,10,NO2,37.6,42.3,27.1,25.6,33.8,42.7,19,22.8,18,38.3,23.8,31.9,31.8,39.9,34,33.6,18.7,5.5,17.7,10.4,3.7,10.4,9.6,3.3,16.7,4.6,11.9,29,14.7,22.3,54,51,40.7,72.9,60.6
20150619,10,O3,30.7,28.8,29.8,39.1,36.6,30.4,44.4,33.4,40.4,15.3,27.3,34.8,22.5,26.7,29.5,25.3,29.8,44.3,37.1,60.9,,62.6,42.9,58.3,52.4,69.1,63.2,32.7,49.3,30.9,16.6,19.5,28.1,2,14.6
20150619,10,CO,0.7,0.7,0.4,0.3,0.4,0.6,0.7,0.3,0.3,0.5,0.5,0.8,0.5,0.5,0.3,0.2,0.4,0.4,0.4,0.5,0.3,0.1,,0.1,0.3,0.5,0.4,0.2,0.4,0.3,0.7,0.8,0.4,1,0.7
20150619,11,SO2,4.8,2.4,2,3.3,2,3.8,3.3,,2,6.3,2,2,3.6,4.1,2,4.4,2,2,2,5.2,4,4.4,2.9,3,4.7,4,7.1,2,2,4.9,2,4,6.2,5.6,2.6
20150619,11,NO2,30.3,38.2,20.8,31.6,33.6,28.4,14.9,12.2,14.9,32.3,28.3,21.9,27.1,27.3,22.1,22.1,12.6,2.8,14.7,13.9,3.4,7.3,8.9,4.3,14.1,3.6,17.8,27.9,10.7,21.3,50.1,49.6,40.8,77.6,49.5
20150619,11,O3,46.9,48.1,42,46.7,46.6,54.8,56,50,50.8,31.1,36.1,51.4,33.3,49.8,53.8,51.6,55.8,39.4,48.4,71,,73.5,49.1,57.7,58.1,79.2,65.6,39.1,49.5,40.8,26.2,33.1,35.9,11.1,33.2
20150619,11,CO,0.7,0.6,0.3,0.3,0.4,0.5,0.7,0.2,0.3,0.5,0.6,0.7,0.4,0.4,0.3,0.3,0.4,0.4,0.4,0.9,0.3,0.1,0.4,0.1,0.3,0.4,0.7,0.3,0.4,0.3,0.7,0.6,0.5,1,0.5
20150619,12,SO2,5.1,2.5,2,3.4,2,4.9,3.7,13.4,2,6,2,2,3.8,4.7,2,5.8,2,2,2,11.2,3.9,4.5,2,2,2.3,4.1,9.6,3.3,2,6.3,2,2.9,5.9,5.9,3.5
20150619,12,NO2,19.7,28.2,21.3,22,25.6,24.2,16.3,10.3,12,28.2,13.9,18.8,29,27.5,20.2,22.2,11.9,2,12.1,15.6,3.7,6.7,6.3,2.8,11.1,3.8,21,19.3,9.2,19.7,44.6,40.1,41,78.5,53.2
20150619,12,O3,65.4,64.8,52.6,66.1,71.3,72.8,62.6,53.9,61.5,42.5,54.9,62.2,39.3,63.8,72.4,60.4,69.3,56.1,60.9,78.9,,78.8,58.2,66.1,70.9,88.1,71.5,64.4,58.5,54.2,37.9,54.4,45.6,12.7,44.6
20150619,12,CO,0.6,0.5,0.3,0.2,0.4,0.5,0.7,0.3,0.3,0.4,0.4,0.7,0.5,0.5,0.3,0.6,0.5,0.4,0.4,1.2,0.3,0.1,0.3,0.1,0.3,0.4,0.8,0.4,0.4,0.3,0.6,0.5,0.5,0.9,0.6
20150619,13,SO2,5.9,3.1,2,3.8,2,7.2,3.2,13.4,2,6.2,2,2.3,4,4.8,3.3,7.1,2,2,2,5.1,3.3,4.3,2,2,2,5.3,7.7,4.2,2,7,2,3.2,4.6,5.8,4
20150619,13,NO2,17,24.2,17.2,18,21.4,24.7,7.6,7.8,8.7,23.9,14.5,13.9,20.7,22.4,15.9,17.2,9.1,2,10.7,21.4,2,6.6,3.2,2,8.2,4.1,21.4,20.1,11.3,23.1,34.1,31,34.2,73.7,59
20150619,13,O3,84.1,87.5,73.6,86.9,86.8,91.5,87.5,66.9,79.4,63.3,63.5,78.4,62.8,85.2,93.4,77.2,73.6,66.8,69.9,73.7,,85.7,67,68.9,73,85.1,72.5,84.8,73,63.5,62.3,74,61.9,31.9,55.1
20150619,13,CO,0.7,0.6,0.3,0.2,0.4,0.8,0.6,0.2,0.3,0.5,0.4,0.7,0.4,0.5,0.6,0.6,0.5,0.3,0.4,1.3,0.3,0.1,0.3,0.1,0.3,0.5,0.8,0.6,0.4,0.3,0.7,0.5,0.4,0.8,0.8
20150619,14,SO2,7.5,4,2,4.4,2.1,8.1,3.3,12.8,2,5.6,2,2.1,4,5.1,2.7,7.6,2.3,2,2,2.1,3.6,4.4,2,2,2,5.6,3.6,3.6,2,5.1,2,3.5,6.5,7.4,6.5
20150619,14,NO2,20.5,28.9,16.5,18.9,22,24.6,8.5,7.3,9,24.4,11.5,12.5,22,15.9,13.3,18,17,3.5,12.3,24.3,2,10.1,2.9,2,5.9,4.4,20.5,22.6,9.1,20.1,40.4,38.8,31.2,79.2,52.9
20150619,14,O3,89.8,93.8,89.7,98.3,101.6,97.7,99,63.4,87.8,76.9,70.5,96.1,73.8,102.5,106.8,84.9,71.9,60.5,83.9,61.7,,81.5,74.2,72.6,81,95.4,54,83,95.1,59.3,67.6,75.9,69.8,36,69.9
20150619,14,CO,0.9,0.8,0.4,0.4,0.4,0.9,0.7,0.2,0.3,0.5,0.3,0.7,0.4,0.6,0.5,0.8,0.8,0.3,0.4,1.4,0.3,0.1,0.3,0.1,0.3,0.6,0.8,0.8,0.3,0.3,0.8,0.7,0.5,1.1,0.9
20150619,15,SO2,7.4,4.4,2,4.9,2.8,6.9,3.8,9.4,2,5.9,2.3,2,3.5,4.2,2.9,6.7,2,2,2,4.3,4.3,6.1,2,2,2,7.9,4.7,2.4,2,5.9,2,3.8,6,6.6,6.8
20150619,15,NO2,22.1,26.9,20.4,21,28,24.7,10.9,9.2,9.4,28.2,11.6,13.4,28.8,18.6,14.7,23.1,16.2,2,9.6,23.2,5.1,13.3,4.3,3.2,8.3,5.1,18.6,22.4,6.6,15.9,44.1,40.4,33.5,86.1,54.9
20150619,15,O3,86.9,100.5,91.5,100.2,91.3,95.6,103.4,63,87.2,84.4,85.2,101.2,70.7,108.9,110.1,85.6,57.8,60.9,79.4,70,,87.6,69.3,78.5,80.8,105,67.5,87.3,109.9,79.4,68.7,82.1,76.6,37.5,62.5
20150619,15,CO,1.1,1,0.6,0.6,0.7,1,0.7,0.2,0.3,0.6,0.4,0.7,0.5,0.7,0.7,1,0.8,0.4,0.4,1.4,0.5,0.3,0.3,0.1,0.3,0.7,0.8,0.7,0.4,0.3,1,1,0.6,1.2,1.1
20150619,16,SO2,4,2,2,2.7,2,2.6,3.3,6.8,2,5.1,2.7,2,3.4,4,2.4,6.2,2,2,2,7.1,5,6.4,2,2,2,5.6,6.7,2.4,2,6.2,2,2,5.5,4.7,3.9
20150619,16,NO2,25.9,30.1,24.2,18.6,30,26.9,17.4,2.4,8.9,26.7,14.9,20.4,30.1,24.7,23.7,23.7,18.4,5.6,8.1,21.3,6.2,9.5,4,4.5,4.9,4.3,20.3,23.8,5.7,15.1,51.7,33.6,41,64.1,63.6
20150619,16,O3,58.2,60.3,52.7,65.8,59.6,57.5,70,47,67.2,58.7,81,78,72.7,83.7,80.8,70.2,56.2,67.4,76.8,82.5,,106.2,72.8,78.7,85.4,104.6,71.1,86.3,116.8,96.6,31.5,53.5,38.2,26.5,26.9
20150619,16,CO,0.9,0.9,0.5,0.5,0.6,0.9,0.9,0.3,0.4,0.6,0.5,0.9,0.5,0.9,0.9,0.8,1,0.5,0.4,1.3,0.6,0.2,0.3,0.1,0.3,0.6,0.8,0.8,0.5,0.4,0.9,0.8,0.7,1,1
20150619,17,SO2,5.2,2.4,2,3,2,4.9,3.8,6.5,2,5,2.6,2,3.3,5,3,7.1,2,2,2,7.2,4.3,4.5,2,2,2,4.1,7.2,3.6,2,5.9,2,2,2,4.8,4.1
20150619,17,NO2,25.9,36.4,23.9,25.6,35.3,21.3,23.6,2,7.9,33.8,13,23.9,18.3,28.2,21,21.9,16.3,13.9,8,19.6,3.1,8.3,4.1,17.1,6.2,3.2,19.2,18.4,7.9,14.7,44.6,45.2,48.3,71.3,57.7
20150619,17,O3,62.5,52.1,58.5,59.4,67,81.3,68.1,54.6,73.8,45.2,73.1,69.9,70.3,66.4,82.2,80,66.9,65.1,80,92.9,,113,76.8,74.1,86.4,116,81,100,101.4,79.5,43.1,44.5,36.1,14,48.1
20150619,17,CO,0.9,0.9,0.6,0.6,0.6,0.7,0.9,0.3,0.4,0.7,0.5,0.9,0.4,0.8,0.6,0.6,0.9,0.6,0.5,1.2,0.4,0.2,0.3,0.2,0.3,0.6,0.7,0.7,0.8,0.4,0.9,0.9,0.8,1.2,0.8
20150619,18,SO2,6.8,4.9,2,3.9,2.7,6.3,5.1,7.5,2,6.2,3.2,2,3.7,5.8,2.2,6.5,2.3,2,2,4.7,3.9,4.1,2,2.2,2,4,6.1,2.7,2,6,2,3.6,5.2,5.4,5.6
20150619,18,NO2,26.3,30.8,30.9,24.9,34.1,23.6,21.4,2,15.2,43.8,19.4,27,25.7,26.5,19.1,21.3,16,15.8,11.4,12.8,4.2,12,5.1,19,7.3,3.4,14.6,17,10.1,8.9,50,49.5,63.5,74.2,59.2
20150619,18,O3,78.9,87.9,64.1,79.2,83.6,93.3,84.7,67.2,76.5,51.3,77.6,75.6,71.4,82,94.3,88.5,79,70.7,86.3,99.2,,113,82.6,79.6,92.6,111.7,87.9,93.1,106,82,50,70.5,36.2,31.6,59.4
20150619,18,CO,0.9,0.8,0.7,0.5,0.6,0.8,0.9,0.4,0.5,0.8,0.5,0.9,0.5,0.7,0.5,0.6,0.9,0.5,0.5,0.9,0.5,0.2,0.3,0.2,0.3,0.5,0.6,0.6,0.8,0.3,0.9,0.7,1,1,0.9
20150619,19,SO2,7.1,4.4,2,3.8,2.5,5.8,5,5,2,5.9,3.3,2.1,4.1,5.6,2.5,9.3,2.1,2,2,4.1,3.7,4.5,2,2.3,2,4.2,4.1,2.4,2,5.6,2,3.9,2.5,5.8,4.7
20150619,19,NO2,31.3,39.9,33.7,26.2,41.6,28.5,23.2,2,12.5,46.6,27.1,31.9,38.6,29.1,22.2,28,19.4,16.6,24.1,13,5.8,12.6,4,21.3,13.1,4.4,19.6,17.6,5.5,12.3,56.8,47.6,44.3,80.6,69.3
20150619,19,O3,76.5,80.2,67.6,77.7,77.6,89,85,66.5,51.7,53.4,72.2,75,63.6,85.4,94.9,85.8,78.9,67.6,72.5,93.3,,110.4,81.6,77.7,93.4,104.9,83.6,87.1,107.7,84.1,49.9,65.8,55.5,23.7,51.1
20150619,19,CO,1,0.9,0.7,0.5,0.6,0.9,0.9,0.4,0.5,0.7,0.6,1.1,0.7,0.7,0.5,0.7,0.9,0.5,0.6,0.9,0.5,0.2,0.3,0.2,0.4,0.5,0.7,0.5,0.7,0.4,0.9,0.8,0.7,1.1,0.9
20150619,20,SO2,6.8,3,2,2.9,2.2,5,4.5,6.7,2,5.4,3.3,2,3.8,5.6,2.8,9.6,2,2,2,2.4,4.9,4.7,2,2.5,2,4.3,2.2,2,2,5.2,2,3,2,4.6,3.3
20150619,20,NO2,41.8,43.5,37.2,33.3,45.1,37.8,45.2,3.6,9.9,54.1,32.2,40.3,55.8,37.8,30.4,36.9,25.8,30.6,37.5,15.6,17.5,17,7.2,20.7,39.2,5.5,17.8,27.3,5.7,23.9,49,68.7,47.8,79.4,54.9
20150619,20,O3,64.8,58.5,60.7,59.6,75.4,80.2,53.3,45.1,23,45.2,56.9,66.6,46.3,75.1,82.9,73,66.9,54.7,55.1,81.2,,98,72.1,58.2,46,97.9,64.7,69.3,82,65.7,58.1,39,51.8,22.4,46.3
20150619,20,CO,1,0.9,0.7,0.6,0.7,0.9,1,0.4,0.4,0.8,0.7,1,0.7,0.8,0.6,0.7,0.8,0.6,0.7,0.8,0.7,0.2,0.3,0.2,0.4,0.5,0.6,0.7,0.7,0.5,1,0.9,0.7,1.1,0.7
20150619,21,SO2,6,2,2,2.5,2,4.4,3.8,4.1,2,5,3,2,3.6,5.8,3.1,6.7,2,2,2,2,4.2,4.2,2,2,2,3.6,2,2,2,4.8,2,5.5,4.2,4.7,5.3
20150619,21,NO2,52,31,48.4,48.6,77.2,50.7,60,4.6,12.5,58.4,38.1,48.6,63.9,49.1,41.9,36.8,38.1,48.8,46.9,24.2,23.6,18.8,10.6,19.8,25.6,7,15.6,45.1,7.4,36.2,65,87.9,56.8,84.7,90.6
20150619,21,O3,46.9,22.3,41.2,34.4,25.3,61,29.3,22.8,31.2,31.3,50.1,50.8,30.8,57.9,63.7,67.5,43.5,30.7,33.5,63.9,,85.4,62.7,46.5,51,85.6,58,34,54.5,39.5,38.4,7.3,37.7,13.2,10.2
20150619,21,CO,1.2,0.9,0.8,0.8,0.9,1.1,1.1,0.4,0.4,0.9,0.7,1,0.8,0.9,0.7,0.7,0.9,0.6,0.7,1,0.7,0.3,0.3,0.2,0.3,0.5,0.5,0.7,0.9,0.5,1,1.5,0.8,1.2,1.4
20150619,22,SO2,5.9,2,2,2.1,2,4,3.1,6.3,2,4.9,3.1,2.2,4,5.9,3,7.3,2,2,2,2,3.5,4,2,2,2,3,2,2,2,4.4,2,6,4.1,4.1,3.9
20150619,22,NO2,64.4,30.8,51.5,46.1,86.1,74.9,63.9,11.5,15,92,52.1,86.2,85.5,46.8,55.1,66.6,58.5,34.6,48.8,27.3,16.9,33,24.2,18.3,23.9,9.1,15.2,59.7,7.1,27.8,96.6,84.6,83.7,85.3,93.2
20150619,22,O3,27.9,21.6,27.4,31,9.5,23.6,2,3.8,35.1,2,28.1,9.6,2,53,39.7,32.2,14.1,25.3,11.5,46.7,,52.8,42,43.6,47.6,73.4,51,7.8,27,23.7,3.6,6.3,12.4,8.9,2
20150619,22,CO,1.6,0.9,0.9,0.8,1,1.2,1.1,0.5,0.4,1.1,0.7,1.4,1.1,0.9,0.8,0.9,1.1,0.6,0.6,1,0.6,0.4,0.3,0.2,0.3,0.5,0.5,0.8,0.9,0.5,1.4,1.5,1.2,1.1,1.3
20150619,23,SO2,5.4,2,2,2,2,3.3,3,7.6,2,5.5,3.2,2.7,4.1,5.2,2.3,6.9,2,2,2,2,3.6,3.5,2,2,2,2.8,2,2,2,4.4,2,9,6.3,3.7,6.7
20150619,23,NO2,64.7,31.8,62.7,63.5,89.1,95.9,52.7,14.4,18.6,112.8,48.5,86.5,69.8,82.8,75.4,71.3,76.7,21.7,48.4,39.3,16,50.1,19.6,18,17.7,7.6,13.7,66.6,5.9,35.6,96.8,88.2,86.4,86,96
20150619,23,O3,24.1,11.8,7.6,9.8,2,3.3,11.2,2,34.8,2,20.2,2,2,6.2,14.2,27.1,2,31.4,5.3,20.7,,24.8,45,36.2,49.6,73.3,51.4,2,15.4,17.1,2.4,2.2,7.2,2.5,2
20150619,23,CO,1.4,0.9,0.9,1,1.2,1.4,0.9,0.7,0.4,1.1,0.6,1.3,0.9,1.2,0.9,0.9,1.1,0.5,0.6,1,0.7,0.4,0.3,0.2,0.3,0.4,0.4,0.8,0.9,0.5,1.4,1.9,1.3,1.3,1.7
20150619,0,PM2.5,9.2,13.9,8.9,8.2,8.8,7.1,6.9,11,3,3,3.3,10.4,12,16.5,11.2,21.6,18.1,7.4,5.3,3,11.9,5.1,3,6,10.9,4.6,12,20.7,14.6,10.3,7.5,,7,16.8,4.7
20150619,0,PM10,26.5,38.3,26.1,18.9,44.2,7.9,31.1,26.5,16,56.5,27.3,44.4,29.2,44.1,26.4,,53.9,41.7,28.5,29.5,33,29.4,9.4,32.7,51.8,14.1,27.7,29.3,20.9,27,23.1,26.5,37.5,63.6,14.5
20150619,0,AQI,34,28,29,33,36,29,33,26,28,31,26,36,46,34,34,39,40,23,29,41,14,25,24,28,24,24,28,51,75,52,42,24,41,52,55
20150619,1,PM2.5,4.6,5.2,9.2,9.1,6.8,7.1,3,9.9,3,3,6.5,9.5,13.1,12.8,12.3,20.5,5.7,6.9,4.5,3,8.6,3,10.1,12.9,16.7,11.4,20.1,16.2,9.9,11.5,6.5,,6.9,9.6,5.3
20150619,1,PM10,28.6,27.6,26.7,36.7,22.8,32.8,26.7,40.1,24.4,54.4,29.3,39.6,25.1,39.7,69.7,,30.7,23.4,22,23.3,34.3,23.5,60.4,24.4,38.1,22,45.1,,174.4,33.7,54.1,38,36.1,46,42.3
20150619,1,AQI,32,25,24,30,32,27,31,26,27,27,28,34,43,33,34,35,32,22,25,37,15,24,20,27,32,23,27,47,73,52,40,22,39,47,53
20150619,2,PM2.5,8.4,6.7,5.9,3,8.2,9,3,12.5,3,3,3,5.8,11.8,8.1,11.3,19.6,7.8,3.8,8.4,3,9.2,4,6.5,4.4,11.8,3,27,17.7,13.7,14.7,13.7,,11.2,10.3,7.1
20150619,2,PM10,35.1,43.4,28.5,37.4,49.8,50,36.7,67.8,22.7,66.7,23.5,43,57.3,36.6,46.9,,16.6,31.4,30.5,94.5,22.2,10.6,35.6,39.2,40.6,5.4,42.9,41.1,17.9,41.4,70.5,53.3,55.3,56.3,93.6
20150619,2,AQI,30,26,24,29,29,24,30,28,24,38,25,31,43,32,31,32,26,19,18,36,15,23,21,22,24,23,26,46,71,51,40,22,36,46,52
20150619,3,PM2.5,7.6,11,12.7,3,9.6,6.2,5.8,13,3,3,10.1,12.2,15.5,15.1,8.4,17.9,8.9,11.5,6.1,3,3,5.4,5.1,11.3,9.4,3.7,30.8,15.8,14.3,14.9,13.9,,7.5,11.7,6.7
20150619,3,PM10,25.6,83.2,33.6,43,33.2,24.2,29.4,44.8,26.6,47.3,42.1,31.2,43.2,32.1,136.3,,33.4,34.7,24.7,18.6,13.8,7.2,10.2,78.7,39,5.1,47.5,84.9,100.8,44,126.8,66.2,57.8,45.9,123.5
20150619,3,AQI,27,29,25,27,30,21,30,29,23,29,24,30,40,30,37,29,26,34,19,32,15,23,21,25,24,22,25,50,71,50,42,22,34,45,52
20150619,4,PM2.5,8.7,15.9,10.4,4.2,6.7,6.3,6.3,11,4,3,10.6,11,23.7,13.2,8,28.3,6.1,9.8,8.8,3,3,3,5.3,7.3,10.1,3.3,15.9,24.7,22.9,19.1,14.1,,6.8,17.2,9.6
20150619,4,PM10,29.9,54.6,35,89.9,41.1,42.5,38.2,60.7,25.3,52,71.5,66.1,45.6,65.5,,,40.7,47.7,33.2,65.1,49.7,33.4,49.5,57.9,78.7,20.6,29.2,35.3,50.6,44.7,96.3,66.9,59.1,71.9,154.5
20150619,4,AQI,25,31,26,31,29,22,30,32,17,30,27,32,35,30,35,25,27,22,21,33,17,23,21,27,27,20,26,49,70,49,45,26,35,46,52
20150619,5,PM2.5,5.2,9.7,15.7,5.3,11.3,5.3,9,8.4,8.6,22.9,16.3,9.4,24.9,14.1,8.2,21.8,8.2,11,6.4,9.9,8.5,4.7,5.9,9.4,11,4.7,13.2,21.6,21.4,26.7,7.4,,9.2,10.5,5
20150619,5,PM10,21.4,28,59.8,63.6,94.8,43.9,39.5,47.5,45.6,142.5,80.6,80.7,71.6,43.3,46.8,,50.1,54.2,56.9,145.4,43.9,25.7,38.1,68.5,30.5,19.2,,33.6,,55,93.9,58.5,118.6,49.1,156.1
20150619,5,AQI,25,30,29,33,33,23,31,30,16,36,30,35,38,30,35,23,28,24,23,39,19,24,23,29,28,17,26,47,70,49,47,25,39,46,55
20150619,6,PM2.5,6.5,7.3,4,3,6.7,8.7,7.5,11.3,6.4,19.6,5.4,7.3,10,7,6.5,24.2,6.8,8.2,4.7,15.6,10.5,5,6.7,7.1,8.1,6,11.5,12,23.6,32.3,7.5,,9.6,10,3
20150619,6,PM10,11,16.3,32.4,13.5,39.6,26.8,11.2,45.5,23.8,36.8,66.6,33.6,43.2,15.6,21.2,,32.2,56.6,18.5,83,36.4,17.4,19.2,25.1,12.9,,33.3,22.6,,53.7,,19.4,31,16,36.4
20150619,6,AQI,24,30,29,33,35,23,30,29,17,36,32,35,38,31,35,23,29,26,24,41,20,23,21,29,27,16,26,45,70,46,48,25,39,46,54
20150619,7,PM2.5,5.8,7.9,5.9,4,8.1,3.6,3,7.5,4.6,28,5.9,3.7,9.8,7,5.3,33.6,7.3,10.1,8.6,13.2,9.2,4.6,5.4,5.5,9.1,4.5,11,11.2,10.2,7.5,9.9,,3,10.1,3.5
20150619,7,PM10,11.3,20.2,35.9,20.6,16,14.6,16.6,24.5,12.4,35.8,19.8,16.4,14.6,21.2,51.9,,18.9,26.5,11,45.8,19.7,19.6,10,38,,8.9,12.4,39.4,,23,32,23,30.3,29,23.7
20150619,7,AQI,23,30,30,34,33,23,29,30,17,37,32,35,35,31,35,23,29,26,24,41,20,21,21,28,28,15,25,45,62,40,47,26,39,45,55
20150619,8,PM2.5,10.6,9.1,7.8,4.3,8.8,6.8,10,7.9,8.5,25.2,3,7.8,6.9,6.2,9.5,33.4,6.4,6.8,5.6,13.1,4.2,6.1,7.4,5.9,3.8,7.7,9.5,15.6,3.7,8.9,7.6,,10.7,8.5,6.3
20150619,8,PM10,,14.1,32.9,11.3,,16.5,18.3,10.2,12.9,,12.9,15.7,20.7,17.8,25.6,,19.1,8.5,13.1,14,11,11.7,13,,5,,11.9,39.1,45.1,24.8,,11.6,28.3,29.2,38.5
20150619,8,AQI,23,30,30,33,34,23,29,29,17,38,32,35,34,31,36,24,27,26,24,40,20,20,20,28,26,17,25,45,62,39,47,26,39,44,55
20150619,9,PM2.5,6.5,3.2,12,4.9,9.8,8.5,10.5,8.5,8.7,29.6,10.2,9,11.8,7,7.5,36.7,9.4,4.5,7.4,15.9,,3.2,4.2,3.9,8.5,9.7,10.9,11.2,8.6,11.3,6.6,,3.2,11.1,5.7
20150619,9,PM10,11.2,22.9,33.7,21.1,16.6,17.8,11.9,16.6,9.2,29.7,19.8,22.6,23.7,29,24.2,,29.7,10.9,17.5,,5.5,13.7,5,5,10.8,,,12.3,45,40.2,52.4,15.5,27.5,37.2,46.5
20150619,9,AQI,22,30,30,34,33,23,29,30,17,39,31,35,34,31,37,26,28,25,24,41,20,20,20,28,26,20,25,42,61,40,48,26,39,45,56
20150619,10,PM2.5,10.6,9.1,10.5,12.7,12.1,16.5,6.4,,9.2,31,7.4,9.7,12.9,9.5,14.7,38.2,11.6,3,4.4,15.7,9.4,6.5,8,3.6,10.4,7.2,12.6,9.3,4,10.4,15,,9.7,17.4,9.8
20150619,10,PM10,23.5,34.1,35.4,23.9,17.3,23.2,,,14.9,,26.1,18.2,24.9,20.4,52.4,,,17,20.2,26.5,16.7,11,23,5,13.4,,20.1,,33.9,41.7,64.4,24.7,12,54.5,70.3
20150619,10,AQI,22,30,31,33,32,23,29,30,17,41,32,34,33,31,39,28,28,25,24,42,20,20,20,27,25,22,24,42,60,41,50,27,38,45,58
20150619,11,PM2.5,18.8,19.6,7.6,15.7,12.3,20.7,6.3,,8.7,23.2,10.8,9.5,14.7,12.8,20.9,40.5,14.7,5.7,8.8,24.4,7.4,6.2,12,9.7,10.1,4.2,22.5,13.3,9.8,7.7,28.6,,15.6,21.2,9.5
20150619,11,PM10,25.7,,25.3,,25.4,22.2,13.6,,14.8,,,14.8,,19.4,,,18.5,23.6,29.1,54.9,14.7,12.4,25.5,37.9,14,5,31.9,,44.5,16.5,,17,49,39.4,
20150619,11,AQI,23,31,30,34,32,24,29,31,18,41,32,34,33,30,40,30,28,26,25,44,20,23,21,28,25,25,25,42,59,42,51,27,39,45,59
20150619,12,PM2.5,19.3,17.3,11.1,12.5,18.4,14.8,13.6,9.9,13.4,26,8,11.9,19.6,16.8,26.7,52.2,21.7,8.5,11.2,30.1,12.3,9,10,6.5,15.1,5.8,28.7,16,5.2,12.9,19.7,,10.2,21.8,14.4
20150619,12,PM10,31.3,,24.4,14.6,32.5,23.9,15.5,,14.3,,,31.8,,25,27.7,,27.1,,35.2,,19.5,,18,,19.8,,,18.6,,24.6,20.4,19.9,30.9,59.8,51
20150619,12,AQI,23,32,30,33,32,24,29,31,20,43,33,34,35,31,40,32,28,27,25,46,20,25,21,28,26,28,25,41,60,43,51,28,39,46,59
20150619,13,PM2.5,29.6,30.1,15.6,20.2,18.9,30.9,10.4,11.9,7.9,26.4,,7.7,23,17.8,34.3,49.4,20.8,9.3,13.5,45.1,5.7,9.2,8.7,7.6,6.7,11.5,34.6,30.7,12.9,18.9,24,,17,26.6,32.7
20150619,13,PM10,34.7,33,32.8,35.3,32.3,44.1,16.1,,,,5,17.7,,30.4,,,,,24.4,133.9,27.6,13.6,,9,14.1,,,36.3,15.4,,51.8,27.2,40.6,57,66
20150619,13,AQI,27,33,30,34,32,29,29,31,25,45,32,34,35,31,42,34,28,27,25,51,21,27,21,29,25,27,25,41,60,43,52,28,40,48,61
20150619,14,PM2.5,47.5,44.1,23,23.5,29,40.1,8.5,11.7,14.2,25.5,,6.6,19.6,29.6,30.3,58.6,32.2,17.9,9.6,60.7,7.2,10.8,3,4.7,5.4,13.3,35.5,40.4,12.3,39.3,40.1,,21.7,45.1,37.5
20150619,14,PM10,49.8,53.5,34.8,49.2,32,47.8,19.6,,,,,24.3,45.8,,32.7,,45.3,,24.9,65.8,7.7,19.2,17.2,5,,13.8,38.1,,,40.1,60.7,58.8,45.3,73.2,
20150619,14,AQI,29,34,30,35,32,31,31,31,28,47,32,34,35,33,43,37,29,27,27,53,21,26,24,29,26,30,26,43,62,43,52,31,41,50,62
20150619,15,PM2.5,48.6,44.3,38,35.2,39.9,43.6,16.1,7.9,7.5,18.3,7.6,14.7,21.9,25.2,32.2,68.6,24.7,3,7.5,54.4,15.2,10,7.3,3.6,4.9,13.8,32.7,31.1,9.6,20.6,45.2,,34.2,44.7,41.8
20150619,15,PM10,54.9,,48.1,44.8,64.6,48.6,25.7,12.1,11.9,53.7,106.1,23.5,42.1,38,39.4,,,44.2,21.7,,34.7,18.3,7.9,5,5,,,,68.3,,,43.5,71.2,75.5,122.4
20150619,15,AQI,28,35,31,36,34,30,33,31,28,49,36,34,37,35,42,40,29,29,25,54,22,28,22,28,26,33,27,43,63,44,52,32,43,51,65
20150619,16,PM2.5,26.7,33.9,23.6,16.2,20.7,24.1,18.7,6.9,20.2,3,18.5,,33.4,28.2,42.1,62.3,33.1,6.9,9.1,59.9,14.7,7.7,4,6,9.5,7.5,39.8,36.3,14.1,28.2,31.5,,15.1,28.4,18.7
20150619,16,PM10,28.4,54.8,47.3,66.8,39.3,38.5,48.7,18.2,46.4,52.7,82,62.8,,59,74.9,,,8.6,44,,18.7,14.5,5,17.5,,,,,,30,113.2,50.6,67.6,77.1,48.4
20150619,16,AQI,29,37,32,39,35,29,31,32,21,51,38,36,37,34,45,43,30,29,26,55,22,34,23,28,27,33,27,45,63,43,54,34,45,52,66
20150619,17,PM2.5,25.2,29.6,19.1,19.7,22.6,21.1,12.9,12.3,5.4,,16.2,,13.6,22.4,35.6,,28.8,19.2,8.4,55.2,11.7,9.5,3,12.2,12,6.6,38.9,35.4,30.4,26.9,28.4,,16.9,33.8,17.6
20150619,17,PM10,,,27.7,,,,16.5,,11.3,23.3,51.6,18.4,,,,,,28.1,17.3,,,,5,86.3,,,,,143.4,,,9.2,33,44.6,
20150619,17,AQI,29,38,32,39,35,30,27,33,24,51,40,36,37,35,47,45,31,30,26,57,22,36,24,31,27,37,28,45,66,43,54,34,45,53,67
20150619,18,PM2.5,27.9,22.1,24.3,16.4,23.6,21.1,21.5,12.1,16.6,,12.9,,16.8,21.5,11.8,,28.4,24.8,11.4,36.2,13.5,11.8,6,14.8,8.3,7.6,27.9,28.3,25.5,14.6,26.1,,25.9,22.7,19.9
20150619,18,PM10,,,27.6,,,,,,17.2,5.1,42.8,27.7,,,,,,,21.2,,19.7,18.2,10,28.9,,10,,,,14.8,,5,43.4,37.4,
20150619,18,AQI,30,38,32,38,36,30,27,33,24,50,41,35,37,35,47,46,32,30,27,57,23,36,26,32,29,35,29,45,63,42,54,33,46,52,62
20150619,19,PM2.5,28.2,27.2,22.9,17.2,20.4,21.2,15.4,19.9,16.9,22.2,20,,25.1,15.2,18,169,29.4,21.4,15.2,36.3,9.3,11,3,11.1,6.4,11.2,39.8,20.7,24.4,16.9,29.7,,23.6,27.3,19
20150619,19,PM10,38.6,28.9,30.7,28.1,,28.3,26.1,,28.1,23.5,46.5,34.9,26.5,22.9,32.7,,,29.5,29.6,,11.5,21,37,29.3,19.5,15.1,,,,21.4,,30,28.4,67.8,60.6
20150619,19,AQI,30,38,33,38,37,30,27,33,21,48,41,35,37,35,46,55,33,30,25,58,23,35,26,33,30,33,31,47,61,38,55,33,45,52,61
20150619,20,PM2.5,31.4,29.5,24.3,25.7,19.2,27.7,22,13,14.9,31.3,16.3,,30.3,18.2,23.7,430.4,21.1,25.7,19.6,32.6,17.9,12.7,9.3,12.9,3.4,8.7,29,28.4,22.4,21.9,27.6,,24.1,30.1,19.9
20150619,20,PM10,35.4,49.3,33.4,35.5,74.7,,43.1,,,,51.8,42.2,,33.7,39,,25.9,,41.6,56.3,50.1,29.9,23.5,28.2,44.4,16.1,,43.4,77.7,32.1,30.5,45.7,34.7,62.1,62.8
20150619,20,AQI,31,40,33,38,39,31,27,33,20,49,42,35,35,34,46,79,33,31,27,57,24,31,23,32,28,31,32,43,61,34,55,35,45,52,60
20150619,21,PM2.5,41.3,25.6,31.3,31.2,27.6,28.5,21.2,19.7,8.6,46.4,18.8,,25.4,24.6,26.4,,31.5,17.8,21.1,50.6,23,15.2,5.1,13.3,8.4,12,28.3,43.2,28.1,31.4,27.9,,25.8,31.8,30.4
20150619,21,PM10,51,47.7,46.7,55.1,73.3,41.2,52.2,22.3,9,,55,46,45.8,41.3,45.3,,46.5,36.2,55.4,64.6,54.9,30.7,17.4,27.6,16.9,19.6,,75.3,,50.8,40.1,90.5,67.9,74,90.9
20150619,21,AQI,31,39,34,39,41,31,30,33,20,49,45,36,36,35,48,82,34,31,28,56,26,27,22,33,28,27,33,40,61,36,55,44,46,52,62
20150619,22,PM2.5,59.7,27.8,32.4,31.6,42.6,36.8,24.3,22.7,11.6,55.6,25.3,,44.4,29.7,31.4,,37.8,22.4,22.4,53.7,24.2,23.7,10.6,14.3,5.8,9.4,26.3,42.6,35.9,29.3,35.3,,37.1,33.9,34.8
20150619,22,PM10,85.7,,47.7,44.6,83.4,58.1,57,23.4,13.2,70.3,75.7,99.2,77.3,47.8,54.6,,57.8,35,52.5,64.8,31.3,50.1,15.1,20.8,,11.8,,68.9,49.4,43.4,68.6,86.8,87.5,68.2,97.9
20150619,22,AQI,33,39,35,38,44,38,32,33,20,49,47,44,43,36,48,85,35,31,29,56,26,23,21,32,29,23,34,42,57,35,57,43,47,52,62
20150619,23,PM2.5,69.2,23.2,34.6,50.7,39.5,43,16,28.9,14.1,60.9,22.1,,43.6,37.8,34.8,,38.4,17.5,15.8,51.3,25.6,28.2,7.9,13.9,8.4,13.7,25.5,47.9,35.8,30.5,43.5,,40.1,44.3,38
20150619,23,PM10,70.1,28.2,48.5,66.3,92.4,63.9,26.4,,17.6,63,65.1,121.4,61.6,86.6,65.7,,47.2,19.1,50.9,,35.5,51.3,,24.9,,,,61.8,,41.6,75.1,112.8,84.5,81.2,98.7
20150619,23,AQI,35,38,36,40,47,48,29,33,20,57,48,44,42,42,49,87,39,31,31,56,27,26,21,32,27,23,35,43,57,36,57,45,50,53,63
