date,hour,type,dongsi,tiantan,guanyuan,wanshouxigong,aotizhongxing,nongzhanguan,wanliu,beibuxingqu,zhiwuyuan,fentaihuayuan,yungang,gucheng,fangshan,daxing,yizhuang,tongzhou,shunyi,changping,mengtougou,pinggu,huairou,miyun,yanqing,dingling,badaling,miyunshuiku,donggaocun,yongledian,yufa,liulihe,qianmeng,yongdingmengxi,xizhimengbei,nansanhuan,dongsihuan
20150919,0,SO2,2,5,2,2,4,2,2,7,2,3,,2,7,4,6,12,2,2,2,2,2,2,2,2,4,2,2,4,2,5,2,24,8,4,15
20150919,0,NO2,98,90,83,91,108,106,67,52,18,54,,26,61,133,122,111,37,37,17,19,11,54,40,25,17,7,7,85,46,66,95,116,102,109,104
20150919,0,O3,2,2,2,4,2,2,5,2,60,2,,64,35,4,2,2,32,34,59,41,49,2,4,42,50,38,56,2,2,3,2,17,2,2,2
20150919,0,CO,1.2,1.1,0.8,0.8,0.8,1.2,0.6,0.7,0.3,1.4,,0.3,0.6,1.5,1.8,1,0.3,0.4,0.3,0.3,0.4,0.5,0.4,0.2,0.2,0.3,0.1,0.7,1.1,0.6,0.9,1.1,0.8,0.9,2.3
20150919,1,SO2,2,3,2,2,3,2,2,8,2,3,,2,8,2,4,10,2,2,2,2,2,2,2,2,5,2,2,4,2,4,2,23,7,4,7
20150919,1,NO2,88,70,85,89,109,92,66,46,18,47,,17,92,112,100,100,42,40,13,13,6,42,46,24,46,9,15,81,69,68,99,102,99,100,90
20150919,1,O3,2,2,2,2,2,2,2,2,53,2,,58,3,3,2,2,25,32,56,43,47,11,6,46,10,33,39,2,2,3,2,17,2,2,2
20150919,1,CO,1,0.8,0.8,0.8,0.7,0.9,0.7,0.7,0.3,1.2,,0.2,0.7,1.2,1.2,0.8,0.3,0.4,0.5,0.3,0.4,0.4,0.4,0.2,0.2,0.2,0.2,0.7,1.3,0.5,0.7,0.9,0.8,0.8,0.9
20150919,2,SO2,2,3,2,2,3,2,2,9,2,4,,3,8,2,5,7,2,2,3,2,2,2,2,2,3,2,2,4,2,5,6,7,4,4,9
20150919,2,NO2,79,64,78,83,98,79,64,43,29,43,,37,90,98,84,88,35,39,13,13,9,35,31,11,58,10,21,69,58,56,101,92,94,92,80
20150919,2,O3,2,2,3,2,2,2,2,2,39,2,,15,2,2,2,2,23,32,40,39,38,20,5,66,2,32,37,2,2,2,2,17,2,2,2
20150919,2,CO,0.7,0.7,0.7,0.7,0.6,0.7,0.7,0.7,0.3,1.3,,0.3,0.8,0.9,0.7,0.7,0.3,0.4,0.2,0.3,0.3,0.3,0.4,0.2,0.2,0.3,0.3,0.7,1.1,0.5,0.7,0.9,0.7,0.6,0.8
20150919,3,SO2,2,3,2,2,3,2,2,9,2,3,,2,6,2,5,8,2,2,2,2,2,2,2,2,3,2,2,3,2,4,2,8,4,4,6
20150919,3,NO2,75,63,58,77,88,76,58,37,51,42,,54,75,89,81,86,33,36,10,18,9,21,33,26,50,10,23,68,57,56,78,88,84,81,73
20150919,3,O3,2,2,17,2,2,2,2,2,11,2,,6,8,2,2,2,24,33,3,21,39,37,5,45,5,30,29,2,2,2,2,16,2,2,2
20150919,3,CO,0.7,0.6,0.4,0.6,0.5,0.7,0.8,0.7,0.4,1.1,,0.5,0.5,0.8,0.7,0.1,0.3,0.4,0.1,0.3,0.2,0.3,0.4,0.2,0.3,0.3,0.2,1.1,1.1,0.4,0.6,0.6,0.5,0.5,0.6
20150919,4,SO2,2,3,2,2,2,2,2,8,2,2,,3,5,2,5,7,2,3,2,2,2,2,2,2,16,2,2,4,2,4,2,9,4,3,12
20150919,4,NO2,60,54,63,66,86,74,57,37,47,38,,64,66,86,81,84,51,61,12,13,9,34,27,21,41,10,19,67,67,46,77,84,80,74,72
20150919,4,O3,9,2,2,3,2,2,,2,16,2,,6,9,4,2,2,2,11,48,27,22,16,2,50,10,30,32,2,2,3,2,5,,3,2
20150919,4,CO,0.5,0.6,0.5,0.5,0.5,0.6,0.7,0.8,0.4,0.9,,0.6,0.4,0.8,0.9,0.1,0.4,0.5,0.2,0.3,0.2,0.4,0.4,0.2,0.3,0.3,0.2,1.5,1.2,0.3,0.4,0.8,0.6,0.4,0.7
20150919,5,SO2,2,2,2,2,2,2,2,7,2,2,,3,6,3,5,5,2,2,2,2,2,2,2,2,2,2,2,4,2,4,2,8,4,3,7
20150919,5,NO2,47,55,65,53,80,40,53,32,40,36,,,61,68,77,71,46,58,,22,9,26,25,19,20,10,15,67,67,52,56,79,73,75,71
20150919,5,O3,20,2,2,7,2,26,2,2,19,2,,40,15,12,2,2,5,14,43,13,22,30,2,53,19,29,44,2,2,3,2,4,2,2,2
20150919,5,CO,0.4,0.5,0.6,0.5,0.6,0.4,0.6,0.7,0.3,0.7,,0.3,0.4,0.6,0.9,0.1,0.3,0.5,0.2,0.3,0.2,0.3,0.3,0.2,0.3,0.3,0.3,2,1.2,0.3,0.4,0.6,0.5,0.4,0.4
20150919,6,SO2,2,2,2,2,2,2,2,8,2,2,,2,5,2,5,6,2,2,2,2,2,2,2,2,2,2,4,4,2,4,2,8,3,3,3
20150919,6,NO2,48,46,62,54,73,45,52,37,33,36,,56,45,71,75,68,28,67,11,25,7,30,28,14,30,10,30,63,67,44,51,77,74,70,62
20150919,6,O3,17,2,2,10,7,22,2,2,23,2,,11,26,2,2,2,30,8,54,16,20,31,2,58,8,26,11,2,2,3,11,5,2,4,2
20150919,6,CO,0.4,0.4,0.6,0.5,0.6,0.4,0.7,0.6,0.3,0.7,,0.6,0.4,0.8,0.6,0.1,0.3,0.4,0.3,0.4,0.2,0.3,0.3,0.2,0.3,0.3,0.5,1.9,1.3,0.3,0.4,0.5,0.5,0.4,0.2
20150919,7,SO2,2,2,2,2,2,2,2,8,2,3,,2,5,3,4,4,2,2,2,2,2,,2,2,2,2,2,5,2,3,2,8,4,7,8
20150919,7,NO2,57,42,59,53,61,54,51,37,30,35,,46,54,74,69,61,22,51,18,30,15,29,29,15,20,9,25,63,61,45,52,88,72,79,67
20150919,7,O3,10,4,3,8,18,9,2,2,25,2,,18,15,3,2,2,39,19,47,4,8,26,2,53,21,26,17,2,2,3,10,4,2,2,2
20150919,7,CO,0.4,0.4,0.5,0.5,0.5,0.4,0.8,0.6,0.3,0.7,,0.5,0.5,0.8,0.4,0.1,0.2,0.5,0.3,0.5,0.3,0.3,0.3,0.2,0.3,0.3,0.4,1.5,1.5,0.2,0.4,0.7,0.5,0.6,0.6
20150919,8,SO2,2,2,2,2,2,2,2,7,2,3,,4,6,5,4,5,2,2,2,2,2,,2,2,2,2,3,8,2,4,2,9,3,6,7
20150919,8,NO2,49,57,52,49,55,48,52,32,45,34,,57,65,72,55,59,22,31,15,27,19,27,31,18,30,7,14,61,54,49,51,75,64,72,64
20150919,8,O3,18,10,14,17,22,13,2,2,10,2,,6,10,6,12,12,41,31,48,16,12,29,7,50,14,28,29,5,2,6,14,12,6,6,4
20150919,8,CO,0.4,0.4,0.6,0.5,0.4,0.4,0.7,0.6,0.5,0.7,,0.7,0.6,0.8,0.5,0.1,0.2,0.4,0.3,0.5,0.3,0.3,0.3,0.2,0.4,0.3,0.3,0.7,1.1,0.3,0.4,0.5,0.5,0.6,0.5
20150919,9,SO2,2,3,2,2,2,2,2,9,3,3,,4,6,4,3,5,2,3,2,2,2,274,2,2,2,2,3,6,2,6,2,10,3,6,6
20150919,9,NO2,39,59,35,38,51,41,38,18,54,30,,52,66,63,37,56,17,42,21,26,15,20,35,22,32,7,11,57,39,52,38,59,50,60,56
20150919,9,O3,29,17,32,34,29,29,18,2,9,2,,12,15,16,37,23,46,28,42,32,25,37,15,54,22,30,38,14,25,14,30,25,19,14,15
20150919,9,CO,0.4,0.5,0.4,0.4,0.5,0.4,0.5,0.6,0.6,0.5,,0.6,0.7,0.6,0.4,0.1,0.2,0.5,0.3,0.5,0.3,0.2,0.5,0.3,0.4,0.3,0.3,0.4,0.7,0.3,0.4,0.4,0.4,0.5,0.4
20150919,10,SO2,2,3,2,2,2,2,2,9,2,2,,3,6,2,3,4,2,5,2,3,2,6,2,2,2,2,6,6,2,7,2,9,3,6,5
20150919,10,NO2,37,55,35,36,47,31,34,19,38,25,,48,59,46,43,48,15,48,18,19,13,16,31,24,25,6,18,47,38,47,36,52,53,63,54
20150919,10,O3,38,27,39,44,42,46,31,5,35,17,,23,29,38,44,39,54,30,49,53,38,42,28,58,37,42,42,39,40,29,39,40,25,19,27
20150919,10,CO,0.4,0.4,0.5,0.4,0.7,0.4,0.4,0.5,0.4,0.5,,0.5,0.6,0.5,0.4,0.1,0.2,0.5,0.3,0.4,0.3,,0.5,0.2,0.4,0.3,0.2,0.3,0.5,0.3,0.3,0.3,0.4,0.5,0.4
20150919,11,SO2,2,3,2,2,2,2,2,9,2,2,,2,5,2,4,4,2,4,2,3,2,2,2,2,2,2,5,3,2,6,2,10,3,6,4
20150919,11,NO2,36,43,30,32,34,24,31,15,14,20,,31,50,34,44,28,13,47,25,8,10,14,26,30,25,5,21,25,31,47,41,52,49,68,51
20150919,11,O3,49,46,58,60,65,62,48,19,74,41,,56,46,63,58,74,67,41,55,73,50,46,42,56,50,55,54,83,74,41,43,48,38,28,42
20150919,11,CO,0.4,0.4,0.4,0.4,0.4,0.4,0.4,0.4,0.2,0.4,,0.4,0.5,0.4,0.4,0.1,0.2,0.5,0.4,0.3,0.3,4.9,0.4,0.3,0.4,0.3,0.2,0.3,0.6,0.2,0.4,0.3,0.4,0.6,0.3
20150919,12,SO2,2,4,2,2,2,3,2,7,2,2,,2,5,4,4,4,2,2,2,2,2,2,2,2,2,2,5,3,4,5,2,10,3,6,4
20150919,12,NO2,31,36,27,35,35,23,24,11,22,16,,26,36,29,29,25,12,30,21,6,7,13,20,27,15,4,15,21,22,41,35,45,48,67,56
20150919,12,O3,68,69,81,71,81,82,71,36,74,68,,74,72,85,93,95,77,68,70,91,67,56,59,77,80,70,75,115,112,62,68,68,51,38,55
20150919,12,CO,0.4,0.4,0.4,0.5,0.5,0.4,0.4,0.4,0.3,0.4,,0.3,0.4,0.5,0.4,0.1,0.2,0.4,0.4,0.3,0.2,4.9,0.3,0.3,0.4,0.3,0.2,0.3,0.7,0.3,0.4,0.3,0.3,0.6,0.3
20150919,13,SO2,2,4,2,3,3,3,2,6,2,2,,3,5,4,4,4,2,3,2,2,2,2,2,2,2,2,4,4,4,5,2,11,3,8,2
20150919,13,NO2,27,31,22,30,33,19,27,10,17,16,,25,32,31,23,24,12,20,18,6,5,13,10,16,7,4,12,21,21,37,46,46,48,94,37
20150919,13,O3,88,86,100,94,100,100,85,50,94,84,,99,93,99,109,112,87,92,89,107,77,63,82,108,104,76,88,163,133,84,74,78,66,37,87
20150919,13,CO,0.4,0.4,0.4,0.5,0.6,0.3,0.4,0.3,0.4,0.4,,0.4,0.4,0.4,0.4,0.1,0.2,0.4,0.4,0.3,0.2,4.9,0.3,0.2,0.4,0.3,0.2,0.3,0.7,0.3,0.4,0.3,0.4,0.7,0.2
20150919,14,SO2,2,3,2,3,3,3,2,9,2,2,,3,6,4,3,5,2,3,2,2,2,2,2,2,2,2,3,3,3,5,2,11,4,7,3
20150919,14,NO2,24,29,20,28,34,18,21,11,14,16,,20,30,23,15,22,11,21,17,5,5,12,8,13,13,4,10,14,14,24,52,46,49,89,54
20150919,14,O3,98,102,115,110,113,113,105,59,115,102,,114,115,133,128,128,92,103,103,109,84,66,94,124,101,77,97,169,148,110,83,89,78,53,86
20150919,14,CO,0.4,0.3,0.4,0.5,0.5,0.3,0.4,0.4,0.4,0.4,,0.4,0.4,0.4,0.3,0.1,0.2,0.4,0.5,0.2,0.2,4.9,0.3,0.2,0.4,0.2,0.2,0.3,0.5,0.2,0.4,0.2,0.5,0.7,0.3
20150919,15,SO2,2,4,2,3,2,3,2,8,2,2,,3,6,3,4,6,2,3,2,2,2,2,2,2,4,2,2,2,2,5,2,10,3,6,2
20150919,15,NO2,23,30,24,25,34,18,30,11,19,13,,19,26,15,18,22,12,19,19,5,6,11,9,15,29,4,9,12,10,16,42,55,56,89,38
20150919,15,O3,112,122,127,126,126,130,109,70,121,122,,125,138,161,156,152,99,114,111,110,92,70,106,136,94,78,92,166,158,128,113,94,82,57,117
20150919,15,CO,0.4,0.3,0.4,0.4,0.4,0.3,0.4,0.4,0.4,0.4,,0.4,0.4,0.4,0.4,0.1,0.2,0.5,0.5,0.2,0.2,4.9,0.4,0.3,0.4,0.2,0.2,0.2,0.5,0.2,0.4,0.2,0.5,0.6,0.2
20150919,16,SO2,2,4,2,3,2,3,2,7,2,2,,,5,3,4,6,2,3,2,2,2,2,2,2,5,2,2,2,2,5,2,13,3,7,2
20150919,16,NO2,24,26,24,24,38,19,30,12,20,12,,,,14,20,21,16,21,21,4,7,,11,16,28,4,9,9,11,16,49,46,50,105,66
20150919,16,O3,131,139,139,147,142,158,118,75,119,158,,,98,156,155,174,110,121,123,114,98,62,110,144,114,76,95,156,161,140,121,129,105,76,120
20150919,16,CO,0.4,0.3,0.4,0.4,0.4,0.4,0.4,0.4,0.4,0.4,,,0.4,0.8,0.4,0.1,0.2,0.5,0.5,0.2,0.2,0.4,0.4,0.3,0.5,0.3,0.2,0.2,0.5,0.3,0.4,0.2,0.4,0.6,0.3
20150919,17,SO2,3,5,3,4,3,3,,8,2,2,,3,6,3,3,6,2,3,2,2,2,2,2,2,,2,2,2,2,5,3,14,4,7,3
20150919,17,NO2,24,22,21,22,40,23,,13,19,11,,16,,19,25,18,22,27,26,5,9,,14,19,,4,8,10,12,17,49,62,59,118,88
20150919,17,O3,148,150,173,155,161,167,,73,136,157,,163,103,155,145,174,114,120,140,120,102,81,123,151,,79,97,151,164,148,132,123,119,70,119
20150919,17,CO,0.4,0.3,0.4,0.4,0.4,0.4,,0.4,0.4,0.3,,0.4,0.4,1.1,0.4,0.1,0.2,0.5,0.5,0.2,0.2,0.3,0.4,0.3,,0.3,0.1,0.2,0.5,0.3,0.4,0.3,0.5,0.7,0.5
20150919,18,SO2,3,4,2,,4,3,,,2,2,,3,6,3,3,7,2,,2,2,2,2,2,2,,2,2,2,2,5,2,,,6,
20150919,18,NO2,27,23,21,,61,28,,,20,18,,24,41,20,15,29,37,,32,10,14,16,24,21,,5,9,12,11,18,64,,,106,
20150919,18,O3,138,135,153,,149,154,,,127,135,,141,139,144,154,160,103,,124,118,101,98,124,122,,76,98,135,121,104,109,,,64,
20150919,18,CO,0.4,0.3,0.4,,0.5,0.4,,,0.4,0.4,,0.4,0.6,0.8,0.4,0.1,0.3,,0.5,0.3,0.2,0.3,0.5,0.4,,0.3,0.1,0.3,0.6,0.3,0.4,,,0.8,
20150919,19,SO2,3,3,2,,3,4,,,2,2,,4,6,3,3,13,2,,2,2,2,2,2,2,,2,2,3,2,4,3,,,4,
20150919,19,NO2,37,32,30,,77,37,,,21,38,,42,76,45,31,60,58,,56,40,26,63,39,21,,9,11,26,14,26,81,,,96,
20150919,19,O3,118,105,131,,121,133,,,101,75,,113,95,104,132,104,89,,74,72,72,45,100,86,,63,96,83,103,62,,,,55,
20150919,19,CO,0.5,0.4,0.6,,0.6,0.5,,,0.4,0.6,,0.6,0.7,0.6,0.5,0.1,0.4,,0.7,0.5,0.4,0.6,0.5,0.6,,0.3,0.1,0.3,0.7,0.3,0.6,,,0.9,
20150919,20,SO2,3,2,2,,4,4,,,2,2,,5,7,3,4,9,2,,2,2,2,2,2,2,,2,2,2,2,4,3,,,5,
20150919,20,NO2,58,41,56,,75,51,,,20,38,,73,117,103,43,62,73,,62,63,14,96,63,17,,14,15,30,12,34,112,,,101,
20150919,20,O3,77,48,73,,94,98,,,100,55,,66,37,34,99,86,70,,55,22,60,2,53,74,,45,96,54,77,26,,,,26,
20150919,20,CO,0.7,0.6,0.8,,0.8,0.7,,,0.4,0.7,,0.8,0.9,0.9,0.6,0.1,0.5,,0.7,0.7,0.4,0.8,0.6,0.5,,0.3,0.1,0.4,0.8,0.3,0.8,,,1,
20150919,21,SO2,4,3,3,,4,4,,,,2,,3,8,4,4,12,2,,2,3,2,2,2,2,,,,2,,,,,,,
20150919,21,NO2,83,70,65,,117,86,,,,49,,85,136,135,51,82,98,,53,24,11,71,93,18,,,,54,,,,,,,
20150919,21,O3,45,26,56,,45,55,,,,23,,33,4,3,79,62,27,,44,43,65,4,6,73,,,,28,,,,,,,
20150919,21,CO,0.9,0.8,0.9,,1,0.8,,,,0.9,,1,1.4,1,0.7,0.1,0.6,,0.6,0.5,0.3,0.7,0.7,0.4,,,,0.5,,,,,,,
20150919,22,SO2,5,3,3,,6,4,,,,2,,3,7,8,9,14,2,,2,2,2,2,2,2,,,,3,,,,,,,
20150919,22,NO2,94,80,94,,146,92,,,,72,,107,105,102,63,97,128,,33,15,10,54,61,21,,,,64,,,,,,,
20150919,22,O3,34,13,18,,16,44,,,,2,,2,11,33,71,40,2,,59,50,63,11,21,69,,,,48,,,,,,,
20150919,22,CO,1,0.9,1.1,,1.4,0.9,,,,1.2,,1.3,1,1,1.1,0.2,0.8,,0.5,0.4,0.4,0.5,0.6,0.3,,,,0.9,,,,,,,
20150919,23,SO2,15,10,8,,9,16,,,,2,,3,6,13,12,15,2,,2,2,2,2,2,2,,,,3,,,13,,,,
20150919,23,NO2,70,75,115,,124,67,,,,58,,97,105,53,43,81,93,,23,16,11,33,30,27,,,,54,,,101,,,,
20150919,23,O3,56,43,8,,37,83,,,,3,,2,6,84,99,55,2,,74,49,53,20,47,59,,,,54,,,,,,,
20150919,23,CO,1.1,1.1,1.2,,1.4,1.2,,,,1.1,,0.9,1,1.2,1.4,0.5,0.8,,0.5,0.4,0.4,0.5,0.5,0.3,,,,1.2,,,1.1,,,,
20150919,0,PM2.5,43,39,28,33,32,45,25,35,20,49,,25,35,63,69,43,17,15,9,23,12,21,,6,8,6,7,65,47,78,43,36,23,34,74
20150919,0,PM10,83,63,57,34,62,83,52,141,24,155,,37,,166,182,71,22,15,23,,,,29,30,8,8,,121,55,116,52,95,78,77,175
20150919,0,AQI,116,102,120,112,107,115,99,81,82,100,,98,108,107,121,113,99,63,73,72,82,77,43,52,57,59,72,123,106,128,109,109,103,114,118
20150919,1,PM2.5,39,29,30,19,27,36,28,27,15,38,,13,39,44,48,30,11,13,10,22,12,14,,8,8,5,11,60,57,65,26,32,23,32,42
20150919,1,PM10,64,45,55,49,50,55,62,118,22,103,,16,73,95,68,73,,,19,,,,10,23,48,7,14,88,65,104,51,66,66,63,
20150919,1,AQI,104,94,107,102,95,107,89,75,73,92,,91,103,101,115,106,90,55,68,66,74,69,33,45,56,51,67,118,102,121,98,99,91,106,110
20150919,2,PM2.5,28,22,21,18,24,27,37,36,18,41,,19,52,35,29,30,10,9,7,19,9,11,,7,11,8,15,54,58,58,30,29,18,25,33
20150919,2,PM10,42,28,35,26,40,50,56,167,20,105,,53,71,56,42,69,25,20,18,28,12,,28,8,60,,21,82,,88,51,63,60,43,70
20150919,2,AQI,93,84,95,91,84,96,80,74,65,83,,82,98,94,108,99,81,47,63,62,66,61,32,36,56,43,61,112,98,115,88,89,80,96,101
20150919,3,PM2.5,28,17,14,25,20,29,27,28,23,35,,24,30,24,28,40,13,9,6,21,14,12,,10,13,7,10,73,55,46,22,24,25,19,28
20150919,3,PM10,42,24,,39,31,43,67,91,29,66,,84,,55,72,93,,13,18,,15,,33,37,41,10,23,128,,71,38,69,46,43,
20150919,3,AQI,81,74,82,80,73,86,71,74,58,77,,76,92,86,101,93,72,40,58,57,59,53,32,31,55,35,55,108,94,109,77,79,71,85,92
20150919,4,PM2.5,15,20,14,16,16,22,20,33,20,30,,36,16,24,34,37,12,16,5,15,7,4,,12,39,6,17,88,46,34,19,27,16,14,29
20150919,4,PM10,17,24,29,17,34,27,44,79,26,34,,55,21,47,63,,18,,16,,,13,35,31,115,,,121,56,49,,76,41,15,62
20150919,4,AQI,70,64,71,70,63,76,63,73,51,74,,70,87,79,92,86,62,38,53,52,51,51,33,30,58,28,49,104,90,102,66,69,63,74,83
20150919,5,PM2.5,9,19,19,10,17,8,27,28,18,25,,11,22,22,37,22,11,10,8,23,10,13,3,4,16,10,11,104,36,32,14,21,22,14,18
20150919,5,PM10,15,,41,,42,,38,59,19,29,,,26,35,50,28,,12,14,35,,,35,26,114,,18,147,52,48,43,29,50,35,
20150919,5,AQI,63,57,62,60,60,69,56,72,47,72,,63,81,69,84,78,53,36,49,51,44,51,33,28,59,25,42,100,84,96,64,62,61,64,76
20150919,6,PM2.5,11,12,17,11,18,9,18,24,12,23,,22,10,23,22,42,11,6,7,25,7,4,8,3,19,6,22,105,36,26,12,15,21,12,9
20150919,6,PM10,22,14,17,22,,15,47,61,12,59,,48,14,58,,,,,19,27,,5,37,14,111,9,33,117,49,64,,37,40,19,21
20150919,6,AQI,61,54,59,56,58,64,53,71,41,70,,58,75,62,76,71,45,34,46,43,39,46,33,26,61,22,38,96,79,91,64,61,60,61,72
20150919,7,PM2.5,17,13,16,10,13,9,24,20,8,20,,13,22,23,16,15,9,5,6,26,9,11,,3,12,6,18,87,44,29,10,20,16,16,17
20150919,7,PM10,40,21,25,18,23,25,48,104,13,69,,52,35,56,35,18,,35,21,69,22,14,38,20,20,13,22,,69,81,29,73,42,60,53
20150919,7,AQI,58,52,57,54,54,56,53,71,36,70,,58,69,62,66,68,41,32,40,46,36,43,33,25,59,19,33,91,73,86,62,61,60,61,71
20150919,8,PM2.5,13,5,16,12,13,12,14,20,11,15,,27,21,21,17,14,7,3,6,30,8,3,3,7,9,6,11,51,42,29,12,14,8,19,16
20150919,8,PM10,41,14,24,,37,26,43,62,43,,,97,42,72,44,38,13,19,25,122,40,14,26,34,28,9,21,54,64,70,56,37,37,80,36
20150919,8,AQI,54,47,53,51,54,49,52,70,32,70,,59,64,62,64,67,38,30,35,52,33,40,33,25,58,18,28,84,68,82,62,60,59,60,69
20150919,9,PM2.5,9,16,11,11,15,9,14,28,20,14,,25,22,18,16,16,5,22,7,24,6,7,3,12,11,5,7,34,19,23,9,14,14,15,12
20150919,9,PM10,37,29,23,25,47,28,35,69,49,,,64,55,60,23,56,18,,36,37,14,12,43,22,26,8,18,67,,30,37,41,31,49,
20150919,9,AQI,53,43,50,50,53,47,52,70,31,70,,59,60,61,62,66,36,30,35,51,32,68,34,25,57,16,25,78,60,78,60,59,57,59,69
20150919,10,PM2.5,8,9,15,11,14,17,14,29,9,6,,19,16,7,11,16,4,11,6,23,12,8,4,9,10,3,10,32,12,21,18,10,12,12,14
20150919,10,PM10,35,26,30,29,40,28,21,60,12,,,49,65,38,55,59,10,19,30,47,50,27,41,18,13,8,13,68,18,34,36,29,41,44,35
20150919,10,AQI,53,41,49,48,52,45,51,69,27,70,,58,58,59,62,65,33,29,34,51,33,37,34,25,55,14,22,75,56,73,59,58,56,57,67
20150919,11,PM2.5,13,14,15,9,14,14,11,24,5,7,,14,14,13,12,12,6,19,8,15,3,10,,10,13,3,12,16,11,17,9,12,15,18,12
20150919,11,PM10,35,27,16,27,29,31,12,39,5,10,,,15,32,52,31,8,37,19,,21,,33,26,,5,22,,21,,54,32,35,45,71
20150919,11,AQI,52,40,47,47,51,45,49,68,26,67,,58,57,58,61,64,31,30,31,51,30,49,34,25,55,18,20,73,53,70,59,57,55,57,67
20150919,12,PM2.5,14,14,16,14,14,16,6,8,7,12,,12,15,7,18,16,3,20,7,11,4,9,,7,3,3,7,21,22,16,16,13,18,15,
20150919,12,PM10,26,22,18,36,36,26,23,23,23,,,43,150,38,34,30,7,,10,,14,,8,17,5,5,15,39,39,26,28,26,44,39,
20150919,12,AQI,52,39,46,46,51,44,48,66,26,67,,57,59,57,60,62,29,30,28,51,29,49,33,25,54,22,24,72,51,66,58,56,55,56,67
20150919,13,PM2.5,19,8,21,19,14,10,12,8,10,4,,16,14,20,13,11,6,11,5,10,5,27,,13,9,3,4,29,22,18,17,11,21,20,4
20150919,13,PM10,22,17,,20,23,12,20,25,19,15,,35,18,39,24,23,,21,28,23,,,5,21,20,5,5,40,35,34,33,30,33,57,
20150919,13,AQI,51,38,46,45,50,42,47,65,30,65,,57,58,56,59,61,29,29,28,49,29,49,32,34,53,24,28,70,50,64,57,56,54,56,67
20150919,14,PM2.5,13,8,20,13,13,11,12,11,9,13,,15,20,18,11,4,18,7,14,7,,3,,9,6,8,4,28,16,17,18,17,20,22,9
20150919,14,PM10,20,19,22,23,22,,12,23,14,30,,25,24,29,,30,,21,30,,6,5,5,17,16,,5,33,27,28,18,26,36,53,14
20150919,14,AQI,50,37,45,44,49,42,45,64,36,64,,56,57,56,59,60,29,33,33,49,27,49,32,39,52,25,31,70,49,63,56,55,54,56,65
20150919,15,PM2.5,15,13,22,20,15,10,15,15,12,15,,16,15,17,13,15,10,13,12,15,3,15,,15,9,3,3,19,12,15,27,18,20,25,12
20150919,15,PM10,24,28,29,36,24,20,24,29,14,30,,37,22,30,54,42,10,19,33,,5,,7,24,40,5,6,25,21,31,36,40,37,65,14
20150919,15,AQI,49,39,44,44,48,41,44,63,38,63,,55,56,56,59,59,31,36,35,49,29,49,34,43,52,25,29,69,50,62,55,54,53,57,64
20150919,16,PM2.5,14,18,23,11,17,11,12,14,12,14,,,9,12,15,11,7,15,10,6,3,16,,11,10,4,7,13,9,18,18,13,19,25,16
20150919,16,PM10,37,31,35,35,33,31,29,30,24,45,,,20,25,38,40,16,20,37,9,5,33,25,30,44,7,10,15,,33,54,41,45,67,30
20150919,16,AQI,48,44,44,46,49,50,44,63,38,62,,,55,56,58,68,35,38,39,49,31,35,35,45,51,24,30,68,52,61,55,54,53,58,64
20150919,17,PM2.5,20,6,19,22,18,20,,15,16,11,,19,18,16,13,12,6,18,19,9,,,3,10,,5,3,16,20,23,23,20,28,28,21
20150919,17,PM10,42,34,47,45,43,40,,48,37,41,,62,32,34,40,46,22,18,54,9,10,5,31,31,,,13,30,54,45,56,50,100,66,43
20150919,17,AQI,49,47,67,49,51,59,,64,43,63,,57,55,56,58,68,36,38,44,46,32,33,39,48,,25,31,68,56,60,56,55,55,60,63
20150919,18,PM2.5,21,16,20,,23,17,,,17,14,,23,20,10,18,15,15,,16,10,4,10,3,15,,8,7,21,16,19,23,,,27,
20150919,18,PM10,47,36,47,,61,35,,,44,45,,78,31,30,20,59,32,,57,38,17,,42,59,,17,9,71,81,86,60,,,84,
20150919,18,AQI,49,43,48,,50,49,,,40,63,,58,54,56,57,60,33,,39,47,32,34,39,39,,24,31,67,48,60,55,,,60,
20150919,19,PM2.5,21,21,23,,25,22,,,17,20,,32,26,15,19,24,21,,24,18,26,15,10,19,,7,13,23,15,22,23,,,30,
20150919,19,PM10,53,43,55,,72,41,,,27,74,,105,45,48,51,82,45,,101,83,67,91,49,37,,49,,79,18,77,77,,,88,
20150919,19,AQI,49,35,45,,50,42,,,32,61,,57,52,55,56,60,29,,32,48,23,32,32,27,,20,31,67,47,59,54,,,59,
20150919,20,PM2.5,26,21,25,,29,25,,,15,33,,51,29,33,23,26,30,,31,33,18,44,13,28,,10,13,27,39,21,39,,,38,
20150919,20,PM10,64,48,65,,71,46,,,33,131,,144,65,84,48,81,76,,121,104,40,147,81,40,,21,30,85,52,50,90,,,110,
20150919,20,AQI,47,35,43,,48,41,,,32,60,,57,59,55,55,59,37,,34,50,24,49,34,27,,15,31,66,48,59,57,,,58,
20150919,21,PM2.5,39,28,39,,37,34,,,,43,,58,60,37,30,42,38,,25,30,15,28,17,17,,,,36,,,,,,,
20150919,21,PM10,82,51,76,,89,61,,,,151,,158,122,89,61,99,95,,100,57,32,58,88,29,,,,41,,,,,,,
20150919,21,AQI,46,36,41,,59,43,,,,62,,57,69,68,54,58,50,,37,51,25,36,47,27,,,,65,,,,,,,
20150919,22,PM2.5,44,33,33,,44,32,,,,64,,76,56,47,47,52,49,,21,21,13,17,21,14,,,,64,,,,,,,
20150919,22,PM10,85,63,81,,108,57,,,,181,,212,95,108,166,180,119,,60,29,30,49,64,30,,,,114,,,,,,,
20150919,22,AQI,47,41,47,,74,46,,,,63,,61,53,56,56,58,65,,38,48,25,36,36,27,,,,65,,,,,,,
20150919,23,PM2.5,64,63,56,,55,72,,,,57,,77,44,73,85,77,51,,18,19,17,17,17,15,,,,84,,,71,,,,
20150919,23,PM10,134,104,121,,118,125,,,,131,,171,79,134,173,202,123,,35,28,28,40,51,44,,,,122,,,189,,,,
20150919,23,AQI,47,38,58,,62,42,,,,63,,64,53,56,57,58,47,,39,47,24,37,36,28,,,,67,,,53,,,,
