date,hour,type,dongsi,tiantan,guanyuan,wanshouxigong,aotizhongxing,nongzhanguan,wanliu,beibuxingqu,zhiwuyuan,fentaihuayuan,yungang,gucheng,fangshan,daxing,yizhuang,tongzhou,shunyi,changping,mengtougou,pinggu,huairou,miyun,yanqing,dingling,badaling,miyunshuiku,donggaocun,yongledian,yufa,liulihe,qianmeng,yongdingmengxi,xizhimengbei,nansanhuan,dongsihuan
20150602,0,SO2,15.1,12.6,10.7,9.1,2,11.1,9.8,14.8,7.3,10.9,5.3,6.5,6.5,11.5,6.1,9.6,10.4,6.7,3.2,8,4.5,2.9,5.2,28.8,5.5,2.2,10.7,7.1,3.8,7.9,,12.1,3.8,13.1,16.2
20150602,0,NO2,46.4,53.3,44.5,50.2,55.3,45,92.9,60.7,56.2,64.7,78.4,106.1,79.8,74.8,41.7,53.8,31.2,28,73.9,13.1,20.4,36.8,55.4,18,,15.3,20.6,24.7,16.8,10.8,,66.9,56.8,115.2,107.2
20150602,0,O3,105.7,114.5,130.9,105.3,94.9,100.4,83.7,44.1,86.8,104.5,59,38.3,43.9,70.1,97.9,89.5,94.2,121.6,60.1,141.3,90.8,59.9,105.3,164.7,166.9,63.8,118.6,,122.9,106.8,,55.7,100.3,51.6,45.2
20150602,0,CO,1.3,1.4,1.6,1.6,1.4,1.1,1.6,1.1,0.9,1.6,0.9,1.2,0.9,0.9,1,1,1.1,1.1,0.9,0.8,0.9,0.5,1,0.7,0.8,0.6,0.8,0.7,0.6,0.4,,1.5,1.4,1.7,0.9
20150602,1,SO2,12.3,10.5,10.4,8.6,6.6,10.6,11,16.9,7.5,13.3,5.8,7.3,6.2,6.9,4.7,7.4,12,5.6,2,9.5,7.2,3.5,5.9,28.3,4.4,2.7,11.4,6.5,3.7,6.6,,12,14.1,14,15.8
20150602,1,NO2,47.1,46.8,45.9,44.5,55.2,46.7,50.2,44.9,57.9,61.6,102,76.2,112.7,64.5,40.9,50.7,23.6,22.2,51.3,17.7,17.4,69.1,64.3,26.2,,15.5,24.2,22.5,27.6,51.6,,45.6,52.5,100.6,87.5
20150602,1,O3,68.4,88.7,80,83.9,90.6,72.6,88.5,62.3,73.1,73.6,34.5,68.9,8.3,67.5,78.1,72.7,73.9,101.3,85,125.9,107.3,28.2,82.6,141.3,175,69.8,95.8,,90.3,44.9,,58.4,66.6,38.4,32.8
20150602,1,CO,1,0.9,1.1,1,1,1.1,1.2,1.1,1.1,1.2,1.1,1.3,1,0.8,0.8,0.9,1,1,1.4,1,1,0.6,0.9,0.6,0.9,0.6,1.2,0.7,0.6,0.4,,1.1,0.9,1,0.9
20150602,2,SO2,11.6,9.9,10,9.7,11.7,10.1,9.8,15,9.5,12.4,5.3,8.5,2.2,6.8,4.9,7.3,19.5,8.5,2,8.3,8.2,2.3,2,9.5,2.8,2,10,7.1,3.3,5.9,,11,11.2,11.2,15.1
20150602,2,NO2,37.6,44.1,36.9,40.9,39.2,39.6,43.4,41,41.1,57.3,60.4,49.6,60.4,53.8,40.4,44.6,21.7,23.7,35,14.8,22.9,60.1,6.4,23.8,,15.9,19.4,26.1,26.4,74.7,,37.8,43.8,73.2,68.8
20150602,2,O3,55.2,78.9,79.8,73.5,90.1,77,77.1,55.7,69.8,51.9,51.8,72.7,36.1,65.2,70.7,71,31.4,73.4,88.2,118.2,78.6,25.6,88.8,117.9,109.4,65.1,108.8,,85.2,15.9,,47.7,65.5,45.2,35.4
20150602,2,CO,1.2,1,1.1,1.1,1.1,1.2,1.1,1,0.9,1,1.2,1,0.7,0.8,1,1,1.4,0.8,1.3,0.9,1,0.6,0.2,0.6,0.4,0.6,1.2,1.5,0.6,0.5,,1,0.9,1,0.8
20150602,3,SO2,15.3,11.8,10.6,10.2,13.3,14.8,11.5,14.3,8.1,11.2,4.9,8.2,2,7.2,5.4,9.1,7.6,6.2,5,9.6,7.1,2.3,2,2,2,2,4.4,8.6,2.6,6.1,,10.9,6.6,9,13.5
20150602,3,NO2,34.1,39.1,33.1,35.8,42.5,35.3,34.3,35.7,34.6,44.6,53.2,40.1,50.7,44.5,29.9,36.6,20.5,23.9,27.1,14.4,24.3,49.3,2,2,,17.4,19.1,30.5,19.1,58,,36.3,40.6,61,67.3
20150602,3,O3,51,80,79.5,74,81.5,77.3,81.9,54.8,73.7,59,47.1,76.9,36.2,67,77.2,73.8,32.8,67.4,90.7,113.5,48.6,22.6,86.8,72.9,95.1,55.2,300.2,,87.5,35.8,,47,64.9,52.1,45.3
20150602,3,CO,1.2,1.5,1.4,1.3,1.8,1.7,1.3,0.9,1,1.2,1.1,1.1,0.9,1.2,1.7,1.5,,0.9,1.1,1,1,0.7,0.1,0.2,0.1,0.6,1,1.9,1.1,0.7,,1.4,1.2,1.2,1.8
20150602,4,SO2,24.5,21.8,17.1,17.7,15.4,20.4,15.1,14.1,7,12.7,4.6,9.6,2,9.3,12.6,14.1,6.7,2,3.5,11.6,8.4,2,2,2,2,2,10.6,14.1,2.4,5.5,,17.1,11,14.1,18
20150602,4,NO2,37.2,49.7,34.5,41.9,45.2,41.2,33.7,37.2,29.4,44.5,41.3,31.3,49.4,42.4,39.9,41.2,26.6,2,41.4,17.3,18.5,51.4,2,2,,14.6,16.7,33.4,14.6,38.6,,45.7,45.3,71.3,82.3
20150602,4,O3,67.8,59.3,73.3,60.4,,68.4,77.7,33.3,71.5,51.2,49.4,86,31.1,64.5,54.8,62.6,34.6,57.3,57.7,102.8,78.6,24.6,90.9,63.8,98.5,74.4,111.4,,86.2,,,26.6,58.6,33.1,28.9
20150602,4,CO,1.7,2.3,2.1,2.1,2,2.2,1.8,1,1.4,1.7,1.3,1.5,1.1,1.8,2.5,2.2,1.1,0.3,1.2,1.3,1.1,0.7,0.1,0.2,0.1,0.7,1.2,2.2,1.8,0.8,,2.2,1.7,2.2,1.9
20150602,5,SO2,23.2,21.1,16.5,17.7,15.2,17.6,9.9,16,6.4,18.7,4.1,10.6,2,15.8,13.2,15.5,7.6,2,2.7,10.1,4.6,2,2,2,2,2,9,12.3,2,5.2,,17.4,14,15.5,17.7
20150602,5,NO2,32.9,50.7,34.7,39.4,44.4,37.9,55.3,32.8,22.6,47.1,41.9,35.4,40.1,50.9,46.8,45.2,87.3,2,40.8,21.1,12,43,2,3.7,,,15.2,31.4,17.1,29.1,,45.4,45.1,70.3,97.8
20150602,5,O3,71.2,60.5,72,66.7,68.5,68.7,42.9,34.6,71.2,48.3,45.3,76,34.5,48.6,47.6,55,3.3,65.4,46.8,86,77.2,29.7,89.9,64.8,71.6,75.3,108.3,,70.8,55.5,,23.2,52.3,29.6,12.8
20150602,5,CO,2.1,2.3,2,2.2,1.9,2.1,1.7,0.8,0.8,2.1,1.7,1.4,1.5,2.6,2.5,2.4,1.5,0.2,0.9,1.2,0.6,0.7,0.1,0.2,0.1,0.6,1.2,2,2.3,1.3,,2.3,1.8,2.3,1.7
20150602,6,SO2,12.9,19.1,4.2,10.9,5.8,17.1,4,14.5,2,15.5,6.6,3.8,2,18.9,13.8,16.6,9.4,2,2,9.2,3.3,2,2,2,3.8,2,5.8,14.1,2.7,4.1,,19.8,8.8,17.7,16.8
20150602,6,NO2,30,44.9,13.6,23.3,22.7,39.6,31.3,41.4,9.6,43.7,37.9,16,63.2,62.7,44.2,48.8,84.6,2.8,21.3,33.2,25.7,56.6,3.8,3.9,,6.5,25.3,36.7,29.3,39.6,,49.6,21.3,71.2,102.9
20150602,6,O3,63.5,63.8,77.7,75.1,76.9,64.4,57.7,26.6,79.7,39.7,55.8,83.5,17,40,53.9,52.8,8.4,73.5,60.3,71.6,50.8,18.8,85.9,64.3,62.6,83.8,62.9,,50.8,38.9,,24.5,61.6,32.1,10.8
20150602,6,CO,1.3,1.6,0.4,1.1,0.5,1.9,0.5,0.5,0.3,0.9,1.2,0.4,2.1,2.5,2.3,2.2,2,0.2,0.5,1.3,0.6,0.8,0.1,0.2,0.2,0.4,1.2,2.2,2.8,1.8,,1.7,0.3,1.7,1.9
20150602,7,SO2,2,2,2,2,2,3.6,2,,2,4.1,5.1,2,2,7.6,18.9,10,8.4,2,2,15.4,3.2,3.2,2,2,2,2,6.8,23.4,5.9,4.3,,2.5,2,3.7,7.1
20150602,7,NO2,12.6,21.3,15.1,11.6,10.8,23.6,21.4,,8.2,37.5,20.3,11,44.5,38.5,45.8,36,52.9,6.1,17,39.3,30.6,26.2,4.9,4.4,,2,28,39.2,26.9,43.4,,27.9,31.9,53.9,21.8
20150602,7,O3,73.9,76.6,76,83,89.4,69.6,71.3,,81.5,41.7,64.8,89.1,28.2,56.9,64.5,63.7,33.1,72.2,62.7,70,42.7,59.2,83.5,64.5,99.1,94,56.4,,64,39.5,,40.2,55.3,44,69.4
20150602,7,CO,0.3,0.2,0.2,0.2,0.2,0.4,0.3,,0.3,0.3,0.5,0.2,0.9,0.8,2.1,1.1,1.1,0.2,0.3,1.7,0.6,0.4,0.1,0.2,0.1,0.4,1.2,2.3,2.7,2.1,,0.2,0.2,0.3,0.3
20150602,8,SO2,2,2,2,2,2,2,2,,2,3.7,2.5,2,2,2,2,14.5,2,2,2,7.3,2,2,2,2,2,2,11,26.7,11.5,16.9,,2,2,3.7,2
20150602,8,NO2,11.8,22.9,17.7,13.7,8.4,17.7,15.7,,7.8,31.5,14.7,12.9,18.4,23.7,18.4,66.4,23.9,6.6,2.8,19.5,5.6,7.4,6.3,4,,2,27.9,36.4,21.5,25.4,,33.7,33.9,65.7,12
20150602,8,O3,81.5,78.8,74.7,82.5,94.1,78.6,83.7,,85.1,52.7,79.2,90.3,54.5,75.6,80.1,44.2,60.2,72,79.9,80.3,74.3,86.8,82.1,67.8,98.1,97.9,67.3,,74.2,61.2,,39.6,56.7,41.2,83.8
20150602,8,CO,0.2,0.2,0.2,0.2,0.2,0.2,0.2,,0.3,0.2,0.3,0.2,0.3,0.2,0.4,0.9,0.4,0.3,0.3,0.6,0.2,0.2,0.1,0.2,0.1,0.5,1,2.2,1.2,0.8,,0.2,0.3,0.4,0.2
20150602,9,SO2,2,2,2,2,2,2,2,14.6,2,3.2,2.7,2.8,2,2,2,2,2,2,2,2,2,2,2,2,2,2,2,11.4,2.6,6.9,,2,2,3.3,2
20150602,9,NO2,11.3,29.1,16.2,13.5,7,14,15.3,4.8,5.1,26.7,12.3,11.3,19.3,19.5,14.6,46.6,13.5,6.5,3.5,8,7.9,5.7,5.4,4.6,,2,5.2,29,16.5,3.7,,33.2,30.7,60.8,10.5
20150602,9,O3,85.7,76.8,79,84.5,99,85.1,91.7,69.2,91.4,62,85.2,95.3,62,85.5,86.5,54.9,73.5,73.9,81.4,93.9,61.3,95.1,86.8,66.9,100.2,,81.2,,86.4,88.8,,42.8,64.2,45,89
20150602,9,CO,0.2,0.3,0.2,0.2,0.2,0.2,0.2,0.1,0.3,0.2,0.2,0.2,0.3,0.2,0.2,0.2,0.2,0.3,0.3,0.1,0.2,0.1,0.1,0.2,0.2,0.4,0.1,1.1,0.2,0.2,,0.2,0.2,0.4,0.1
20150602,10,SO2,2,2,2,2,2,2,2,7.9,2,2.6,4.3,2,2,2,2,2,2,2,2.2,2,2,2,2,,2,2,2,2,2.8,3.9,,2,2,3,2
20150602,10,NO2,13.1,25.8,14.3,12.7,8.2,11.9,15.3,8.3,4.2,18.5,10.3,11.8,19.2,17.9,13.1,25.8,10.5,7.8,3.6,8.2,7.2,6.7,3.4,5.8,12.3,2,4.4,12.1,14.4,2.7,,24.8,30.3,62.5,11.8
20150602,10,O3,86,82.8,85.2,89.4,99,89.7,95.5,72.1,96.5,76.6,87,97.8,68.6,93,89.6,76.4,75.9,73.2,83.2,97.3,70.3,95.5,91.2,67.6,,102.6,84.6,,98.2,93.9,,52.6,64.9,49.9,90.8
20150602,10,CO,0.2,0.2,0.2,0.2,0.2,0.2,0.2,0.1,0.3,0.2,0.2,0.2,0.3,0.2,0.2,0.2,0.2,0.2,0.3,0.1,0.2,0.1,0.1,0.2,0.1,0.4,0.1,0.4,0.2,0.2,,0.2,0.2,0.4,0.1
20150602,11,SO2,2,2,2,2,2,2,,12,2,2.9,2,2,2,2,2,2,2,2,2,2,2,2,2.4,2,2,2,2,2,2,5.2,,2,2,3.3,2
20150602,11,NO2,12.7,23.5,16.1,12.3,6.3,12.3,,9.1,3.5,17.3,7.5,9.5,16.4,16.4,12.4,28.6,10.7,6.8,2,7.5,7.7,7.1,4.5,,12.3,2,4.7,,17.6,,,21.3,32.4,65.5,9.1
20150602,11,O3,92.2,88.7,84.1,92.2,106.8,94.8,,74.8,98.4,80.5,90.4,103.9,73.4,97.9,94.1,75.6,78.3,75.3,89.3,101.2,78.8,100.2,91.9,73,,108.7,90,,102.5,96.9,,59.1,65.5,54.4,99.6
20150602,11,CO,0.2,0.2,0.2,0.2,0.2,0.2,,0.1,0.3,0.2,0.2,0.2,0.3,0.1,0.2,0.1,0.2,0.2,0.3,0.1,0.2,0.1,0.2,0.1,0.1,0.3,0.1,0.2,,0.2,,0.2,0.2,0.3,0.1
20150602,12,SO2,2,2,2,2,2,2,2,12.9,2,2.6,2,2,2,2,2,2,2,2,2,2,2,2,2,2,2,2,2,2,2,6.7,,2,2,2.9,2
20150602,12,NO2,13.2,24.4,14.2,11.2,6.4,12.2,11,9.5,2.9,19.6,5.8,9.1,16.7,16.9,10.2,25.3,10,6,2,5.8,8,7.4,4.1,,9.5,2,4,9,16.5,2,,18.7,32.7,54.9,16
20150602,12,O3,94.3,92.6,91,97.9,108.9,98.5,116.1,77.9,102.3,83.7,91.7,108.2,76.2,103.9,102.2,85.2,84.6,81.3,91.4,105.9,84,105.7,95.7,77.6,,111.5,92.5,,106.5,101.7,,67.4,69.7,63.8,98.8
20150602,12,CO,0.2,0.2,0.2,0.2,0.2,0.2,0.2,0.1,0.3,0.2,0.2,0.2,0.2,0.1,0.2,0.2,0.2,0.2,0.3,0.1,0.2,0.1,0.1,0.1,0.1,0.3,0.1,0.2,0.2,0.2,,0.2,0.2,0.3,0.2
20150602,13,SO2,2,2,2,2,2,2,2,15,2,2,2,,2,2,2,2,2,2,2,2,2,2,2,2,2,2,2,2,2,7,2,2,2,3,2
20150602,13,NO2,12,20,14,9,6,12,13,9,3,15,5,,16,17,10,13,9,6,2,5,7,7,3,2,16,2,5,7,16,2,23,21,35,57,13
20150602,13,O3,99,101,96,104,115,102,122,80,104,91,95,,78,109,105,106,89,85,93,109,85,110,101,85,500,117,94,208,112,107,96,66,71,65,107
20150602,13,CO,0.2,0.2,0.2,0.2,0.2,0.2,0.2,0.1,0.3,0.2,0.2,,0.3,0.1,0.2,0.2,0.2,0.2,0.4,0.1,0.2,0.1,0.1,0.1,0.1,0.2,0.1,0.2,0.2,0.2,0.2,0.2,0.2,0.3,0.1
20150602,14,SO2,2,2,2,2,2,2,2,17,2,2,2,,2,2,2,2,2,2,2,2,2,2,2,2,2,2,2,2,2,4,2,2,2,3,2
20150602,14,NO2,12,23,15,9,7,13,16,9,3,17,6,,22,20,11,15,10,5,5,4,7,8,3,4,16,2,4,8,19,2,26,32,41,65,27
20150602,14,O3,105,105,101,110,118,108,125,84,108,94,97,,80,113,111,110,91,89,94,114,88,113,99,87,,119,97,,116,106,98,68,71,65,103
20150602,14,CO,0.2,0.2,0.1,0.2,0.2,0.2,0.2,0.1,0.2,0.2,0.2,,0.3,0.1,0.3,0.2,0.2,0.2,0.5,0.2,0.2,0.1,0.2,0.1,0.1,0.3,0.1,0.2,0.2,0.2,0.2,0.2,0.3,0.4,0.2
20150602,15,SO2,2,2,2,2,2,2,2,18,2,3,2,2,2,2,2,2,2,2,2,2,2,2,2,2,2,2,2,2,2,3,,2,2,2,3
20150602,15,NO2,14,22,16,10,7,12,13,11,3,22,6,10,27,21,13,15,10,7,3,5,8,9,3,5,22,2,5,9,17,2,,27,40,61,24
20150602,15,O3,107,110,101,113,123,112,130,82,110,95,101,113,78,117,115,115,93,84,97,116,89,110,96,82,,115,99,,118,107,,76,76,75,113
20150602,15,CO,0.2,0.2,0.1,0.2,0.1,0.2,0.2,0.1,0.2,0.2,0.2,0.1,0.3,0.1,0.2,0.2,0.2,0.2,0.5,0.1,0.1,0.1,0.2,0.1,0.1,0.3,0.1,0.2,0.2,0.2,,0.2,0.2,0.3,0.1
20150602,16,SO2,2,2,2,2,2,2,2,15,2,2,2,2,83,2,2,2,2,2,2,2,2,2,2,2,2,2,2,2,2,3,,2,2,3,4
20150602,16,NO2,14,27,17,10,8,13,13,12,3,21,6,9,36,24,13,17,10,6,2,5,8,10,5,5,24,2,4,8,17,2,,34,35,66,29
20150602,16,O3,105,102,97,108,118,110,125,80,107,92,102,112,70,113,118,114,93,84,93,113,88,108,94,82,,112,98,,122,107,,64,72,67,111
20150602,16,CO,0.2,0.2,0.1,0.2,0.2,0.2,0.2,0.1,0.2,0.2,0.2,0.1,0.4,0.1,0.2,0.2,0.2,0.2,0.4,0.1,0.1,0.1,0.2,0.1,0.1,0.3,0.1,0.2,0.2,0.2,,0.2,0.3,0.3,0.1
20150602,17,SO2,2,2,2,2,2,2,2,17,2,3,24,2,3,2,2,2,2,2,2,2,2,2,2,2,2,2,2,2,2,3,,2,2,3,5
20150602,17,NO2,16,29,17,11,9,16,15,12,3,27,2,12,30,23,14,18,13,8,7,6,7,10,4,4,15,2,5,9,18,2,,16,39,77,49
20150602,17,O3,99,98,94,104,116,104,119,78,104,81,95,107,73,109,115,109,92,81,91,109,86,105,93,80,,109,95,,117,108,,76,71,55,92
20150602,17,CO,0.2,0.1,0.1,0.2,0.2,0.2,0.3,0.1,0.1,0.2,0.2,0.2,0.3,0.1,0.2,0.2,0.2,0.2,0.4,0.1,0.1,0.1,0.2,0.1,0.1,0.3,0.1,0.2,0.2,0.2,,0.2,0.3,0.4,0.2
20150602,18,SO2,2,2,2,2,2,2,2,13,2,3,2,2,3,2,2,2,2,2,2,2,2,2,2,2,2,2,2,2,2,3,,2,2,5,4
20150602,18,NO2,18,40,24,12,12,19,16,12,4,37,2,13,28,28,22,23,13,9,6,10,10,11,7,4,11,2,5,8,20,2,,29,40,89,31
20150602,18,O3,96,86,84,101,111,99,114,75,101,69,97,104,70,100,105,101,87,79,89,102,85,100,89,77,,105,90,,112,105,,63,66,43,105
20150602,18,CO,0.2,0.2,0.2,0.2,0.2,0.2,0.3,0.1,0.1,0.3,0.1,0.2,0.3,0.1,0.3,0.2,0.2,0.2,0.3,0.1,0.2,0.1,0.2,0.1,0.1,0.3,0.1,0.2,0.3,0.2,,0.2,0.3,0.4,0.1
20150602,19,SO2,2,2,2,2,2,2,2,8,2,3,2,2,3,2,2,2,2,2,2,2,2,2,2,2,2,2,2,2,2,5,,2,2,5,4
20150602,19,NO2,26,42,37,17,23,31,26,13,4,39,6,12,27,37,23,30,26,14,3,12,10,11,7,3,21,2,5,10,10,6,,33,64,97,79
20150602,19,O3,84,78,67,90,97,83,98,71,95,61,90,101,63,87,127,99,77,73,89,98,79,97,87,74,,102,86,,109,89,,56,46,36,59
20150602,19,CO,0.2,0.2,0.2,0.2,0.2,0.2,0.3,0.1,0.1,0.2,0.1,0.2,0.3,0.2,0.3,0.2,0.2,0.2,0.2,0.2,0.2,0.1,0.1,0.1,0.1,0.2,0.1,0.2,0.3,0.2,,0.2,0.4,0.5,0.5
20150602,20,SO2,2,2,2,2,2,2,2,6,2,3,2,2,3,2,2,2,2,2,2,2,2,2,2,2,2,2,2,2,3,6,,2,2,5,5
20150602,20,NO2,43,46,45,24,36,36,32,17,5,59,12,16,27,45,43,41,19,16,10,13,11,13,9,4,14,2,5,24,12,15,,54,73,99,136
20150602,20,O3,64,67,52,76,79,85,85,61,91,34,83,92,54,72,98,85,71,64,78,96,73,94,83,68,,102,86,,105,71,,30,32,25,17
20150602,20,CO,0.4,0.3,0.2,0.3,0.4,0.3,0.3,0.1,0.1,0.3,0.2,0.2,0.3,0.2,0.4,0.3,0.2,0.3,0.2,0.2,0.2,0.1,0.2,0.1,0.1,0.3,0.1,0.2,0.3,0.2,,0.3,0.5,0.5,0.9
20150602,21,SO2,2,2,2,2,2,2,2,10,2,4,2,2,3,2,2,2,2,2,2,2,2,2,2,2,3,2,2,3,3,6,,3,2,6,3
20150602,21,NO2,68,75,63,35,73,58,81,27,10,61,22,16,27,104,100,87,25,20,55,18,13,11,22,4,62,3,6,55,18,37,,92,77,105,120
20150602,21,O3,34,29,26,45,35,53,21,36,78,23,71,86,49,25,28,35,59,55,25,84,66,95,64,62,,90,77,,86,47,,2,26,5,2
20150602,21,CO,0.5,0.4,0.4,0.4,0.5,0.4,0.5,0.2,0.2,0.3,0.2,0.2,0.3,0.5,0.6,0.5,0.2,0.3,0.3,0.2,0.2,0.1,0.2,0.1,0.2,0.3,0.1,0.3,0.4,0.3,,0.5,0.6,0.7,0.9
20150602,22,SO2,2,2,2,2,2,3,2,12,2,4,3,2,5,2,2,2,2,2,2,8,2,2,2,2,2,2,8,9,3,4,,6,2,5,8
20150602,22,NO2,87,75,62,50,92,89,71,35,11,82,33,19,52,137,89,105,27,21,49,37,21,14,36,4,10,6,26,39,34,27,,95,82,105,115
20150602,22,O3,15,32,25,25,15,13,26,23,74,2,62,79,26,3,21,13,54,52,22,85,48,89,40,63,,73,100,,48,57,,2,16,2,2
20150602,22,CO,0.6,0.4,0.4,0.5,0.6,0.7,0.6,0.2,0.2,0.4,0.2,0.2,0.4,0.8,0.5,0.7,0.2,0.3,0.4,0.6,0.2,0.1,0.3,0.2,0.1,0.9,0.4,0.8,0.7,0.3,,0.7,0.7,0.8,1.3
20150602,23,SO2,2,4,2,2,2,5,3,17,2,6,2,2,5,2,3,3,4,2,2,13,2,2,2,2,2,2,9,16,4,5,,5,2,5,8
20150602,23,NO2,75,70,75,47,95,87,84,55,9,97,42,69,83,121,68,92,38,20,37,27,31,42,43,4,9,5,25,33,41,52,,78,90,95,106
20150602,23,O3,23,36,7,34,11,15,7,5,77,2,32,12,2,3,38,19,70,51,30,104,30,45,23,62,,74,94,,49,41,,2,7,8,7
20150602,23,CO,0.5,0.4,0.5,0.4,0.5,0.6,0.8,0.3,0.2,0.6,0.3,0.5,0.6,0.6,0.7,0.6,0.5,0.2,0.3,0.6,0.2,0.3,0.3,0.2,0.1,0.7,0.2,1,0.7,0.3,,0.4,0.6,0.6,0.9
20150602,0,PM2.5,137,131.6,151.1,152.7,120.9,109.1,133.4,135.6,,182.2,70.2,91.7,78.3,87,88.1,94.8,55,121.2,61.5,47,74.9,47.2,109,104.4,78.8,46.6,52.7,54.3,46,44.5,,146,150.5,159.2,75.4
20150602,0,PM10,,157.7,256.4,207.9,158.7,,,196.5,196.9,272.2,133.1,201.4,127.9,,,,79.9,170.4,142.1,94.8,78,79,171,155.3,140.2,48.1,76.9,94.7,,62.6,,,257.1,197.3,
20150602,0,AQI,139,124,125,119,137,135,119,123,91,142,105,119,127,131,140,140,137,108,85,118,105,91,98,98,97,74,162,150,138,140,,135,130,141,140
20150602,1,PM2.5,63,59.5,80,73.2,58.2,60.8,97.6,119.9,,137.6,82.9,122.1,75.4,60.2,42.4,54.5,53,95,122.8,46.1,78.6,50.7,98.7,98.3,89.8,47.5,54.3,62.8,34,49.4,,63.7,75.4,70.3,47.4
20150602,1,PM10,96.5,116.8,89.6,94.2,67.2,118.5,,146.1,232.9,,163.1,301.9,140.7,122.4,128,123,86.7,129.7,249.9,101.3,,101.5,137.1,180.9,168,59.8,86.4,116.5,56.5,104.7,,,128,71.5,134.6
20150602,1,AQI,138,123,124,119,136,134,120,124,94,144,106,122,127,130,138,139,136,110,88,118,106,91,99,100,99,74,159,149,136,138,,134,128,141,139
20150602,2,PM2.5,56.9,52,54.1,53.4,57.1,64.4,60.7,88.3,,65.3,103.1,74,77.4,54.6,52.4,57.1,64.4,62.6,126.9,44.1,64.1,58.4,23.7,84.2,32.5,53,52.8,95.1,41.6,65.6,,53.3,50.8,56.1,52.2
20150602,2,PM10,104.7,118.1,131.9,120.2,117.8,126.9,200.9,121.5,132.9,135.3,135.3,87.7,163.2,122.2,153.7,134.3,101.1,119.8,174.7,75.8,74.3,107.8,,136.3,,61.8,67.5,116.8,89.8,154,,109.1,131.8,145.5,159.7
20150602,2,AQI,137,122,122,118,134,133,119,125,95,143,107,119,126,128,137,137,135,111,89,117,106,90,100,101,101,74,156,149,133,136,,133,127,139,138
20150602,3,PM2.5,74.1,74.6,70.8,83.6,68.8,82.5,61,65.6,,72.9,63.7,58.4,60.9,66.6,89.5,79.5,65.3,55.7,77.2,40.8,58.7,63.4,14.7,15.9,14.8,55.5,54.8,96.8,77.4,76.9,,71.3,68.5,67.6,66.8
20150602,3,PM10,108.5,136.1,142.1,135.7,119.2,109.5,99.5,86.6,117.9,152.6,91.8,142.8,127.1,166.1,131.4,135.7,91.9,91.5,128.6,84,121.8,95.1,77,48.8,81.2,67.7,65.4,,191.5,97.4,,150.2,144.2,157,107.6
20150602,3,AQI,136,121,121,117,133,133,118,124,95,140,106,118,124,127,137,137,135,111,91,116,106,90,100,100,102,74,152,149,133,136,,132,126,138,137
20150602,4,PM2.5,87.9,86.3,77.6,74.1,70.7,86.1,73.8,60.2,,92.7,65.6,68.5,72.5,89,103,92.7,71,12.3,54.4,43.8,58.9,69.4,7.7,7.4,8.3,64.7,56.2,104.9,96,72.8,,91.8,70.7,91.6,68
20150602,4,PM10,102.4,120.4,134.1,117.9,91.9,115.5,119.8,98.8,108.3,136,98,146.6,121.2,116.7,115.5,115.9,94.9,36.1,88.3,115.8,71.8,120.7,46.7,46.6,44.8,,64.9,,123,122.8,,105.8,132.1,141.2,131.1
20150602,4,AQI,135,121,121,116,133,132,118,122,95,139,105,118,123,126,137,137,134,109,91,115,106,90,100,99,101,74,148,149,133,134,,132,125,138,136
20150602,5,PM2.5,84.2,83.4,74.1,75.8,64.6,80.4,67.5,52.9,,99.7,81.3,63.4,87.4,97.1,97.4,91.6,68.6,10.3,45,48,95.3,60.7,6.3,4.4,3.6,61.1,53.7,99.4,99.2,97,,86,69,91.3,77.6
20150602,5,PM10,,106.3,87.7,103.4,71.9,91.4,,,24.6,116.4,94.6,,124.1,113.3,106.6,103.8,92,21.9,,110.5,,70.1,9.4,23.6,29.2,,67.5,,,148.7,,112.8,124,129,115.7
20150602,5,AQI,135,120,120,116,132,132,119,121,93,138,105,119,122,126,137,136,133,107,92,114,108,89,98,98,99,75,144,149,133,133,,131,124,137,136
20150602,6,PM2.5,53.5,62.5,23,57.7,34.9,81.6,7.2,48.1,,32,53.6,28.1,92.7,91.7,84,85.7,71.1,16.7,22.5,58.1,15.4,68.6,7.3,3,6.8,38.5,54.2,97,113.6,106.3,,72.9,18.2,72,69.9
20150602,6,PM10,,,,,,,,54.6,5,,,,119.9,103.6,107.1,105.4,103.4,26.6,66,121.7,123.5,105.4,19,17.2,29.5,,59.7,,,,,,,,
20150602,6,AQI,132,119,119,115,129,131,115,119,90,134,105,120,122,126,136,135,132,106,92,113,106,89,96,97,98,74,140,149,134,132,,129,124,135,135
20150602,7,PM2.5,9.3,3,16.2,3,7.3,24.6,17.1,,,3,20.9,15.3,48.5,73.4,83.5,60.5,46.8,6,13.5,76.8,55.3,37.9,6.8,4.4,3.4,10.7,61.6,101.6,106,113.3,,13.9,6.3,17.7,3
20150602,7,PM10,47.8,33.1,23.7,52.4,19,,,,34,25.9,,,,,95.4,95.4,,43.3,55.7,164.7,,,26.3,19.8,22.8,,89.4,,,,,,77.8,24.9,5
20150602,7,AQI,128,114,115,111,124,128,112,,88,130,103,122,119,124,134,133,129,103,91,113,106,88,94,95,96,71,136,148,134,132,,125,121,129,130
20150602,8,PM2.5,13.2,6.4,30.3,3,10,5.5,21.3,3,,3,7.2,15.5,17.2,19.1,45.1,34.1,21.5,10.4,9.2,34.5,16.6,31.7,7.8,5.5,10.8,4.1,27.9,98.7,58,50.6,,15.7,4.9,17.1,3
20150602,8,PM10,162,87.1,46.8,71,61,41.5,97.3,,25.2,88,51.1,50,26.6,71.1,,,,56.5,63,,,,23,32.4,34.8,40.2,,122.2,,,,85.4,142.3,73.5,61
20150602,8,AQI,124,110,112,106,120,123,109,115,85,125,100,117,115,119,131,129,124,101,90,110,103,87,92,94,94,68,130,148,132,127,,121,119,124,126
20150602,9,PM2.5,3,7.5,3,8.7,14.6,12.7,20.2,22.9,,3,10.5,17.1,9.6,9.9,10.4,21.3,19.4,7.4,19.3,6.6,6.2,33.2,6.5,3,4.3,5.5,23.9,51.9,31,21.8,,17.8,9.3,9.2,3
20150602,9,PM10,93.3,88.8,26.1,48.7,82.7,50.8,46.5,89.6,45.3,107.9,40.9,65.7,70.9,75.2,112.5,102.2,32.8,50,133.9,89.3,81.5,135.1,33.5,27.8,32,24.2,,,,,,82.8,121.6,54.3,56
20150602,9,AQI,119,110,107,103,114,118,105,111,83,120,97,114,111,113,125,124,119,97,90,104,100,86,91,92,92,65,124,145,127,121,,117,116,120,120
20150602,10,PM2.5,3,6.4,3,6.9,14,12,14.3,24.6,,3,7.9,7.2,24.1,4.5,10.8,14.4,9.7,8.6,12.7,10.8,14.3,37.7,5.2,3.8,3.1,8,3,13,3,5.7,,13.5,10.7,18.1,3
20150602,10,PM10,46.7,85.6,80.6,59.4,33.6,46.7,78.7,108.5,64.5,168.6,54.3,75.1,74.3,74.4,82,202.4,68.8,34.3,74.9,89.6,33.8,65.3,17.4,9.4,58,16.3,32.8,80,81.2,12.8,,92,157.3,66.6,42.2
20150602,10,AQI,113,104,104,99,109,113,100,107,81,116,93,111,107,106,118,119,113,95,89,100,97,84,89,90,91,62,117,139,120,115,,111,115,115,114
20150602,11,PM2.5,8,3.1,12.3,3,13.2,16.4,20,12.6,,3,11.3,13.7,15.5,3.9,18.6,36.2,29.3,10,7.9,8.1,10.5,27.1,6,8.8,4.4,15.4,14.4,16.1,42.1,14.6,,6.4,11.7,15.3,3.1
20150602,11,PM10,46,47,54.2,38.4,24.2,34.3,,86.4,39,152,42,78.9,53,82.7,50,395.9,,25.1,75.2,33.7,16.8,30.6,31.1,22.3,105.3,,45.8,132,102.4,43.6,,34.8,77.4,54.8,5.6
20150602,11,AQI,107,98,100,94,103,113,97,103,79,114,88,108,101,100,113,114,108,91,87,95,94,82,87,87,91,59,109,133,115,109,,105,111,109,109
20150602,12,PM2.5,25.8,3,19.3,5.3,7.7,13.2,41.2,22,,3,14.6,3,14,12.8,17.8,25.3,13.9,9.7,16.3,26.6,9.2,36,3.9,7.6,6.8,3.5,10.3,9.3,28.1,3,,11,13.5,14.6,3
20150602,12,PM10,40,45.1,,28.2,36.1,35.7,,55.3,25.4,107.8,41.5,36.5,31.1,52.9,41.2,207.9,14.6,57.6,78.8,53.3,,,16.5,19.7,24.1,13.1,56.6,62.4,,32,,23.4,78.9,53.5,5
20150602,12,AQI,102,92,98,90,97,114,97,98,76,112,85,106,97,95,106,114,103,87,86,91,91,82,85,83,88,58,102,126,110,102,,100,107,103,104
20150602,13,PM2.5,12,3,13,6,40,13,11,27,22,3,5,3,14,26,34,24,3,11,10,6,3,19,7,9,3,3,13,9,13,3,3,13,10,6,8
20150602,13,PM10,14,30,,22,5,22,14,28,13.1,48,22,,26,36,27,28,5,83,5,7,5,5,14,32,28,11,22,21,34,5,5,13,50,21,43
20150602,13,AQI,103,87,96,86,92,108,92,97,127,108,80,104,91,90,101,99,101,85,86,86,88,77,83,80,225,56,94,120,105,95,90,95,104,99,100
20150602,14,PM2.5,3,9,13,4,,17,3,3,20,3,6,,11,5,6,10,,12,9,6,,14,8,12,6,18,5,9,5,16,9,16,14,15,9
20150602,14,PM10,19,24,,16,28,20,5,26,,29,24,,34,27,23,23,8,34,30,,5,,18,32,26,,5,18,46,,,,55,,23
20150602,14,AQI,95,83,95,82,89,102,88,90,120,103,74,,85,86,94,92,99,83,83,84,86,75,79,77,78,54,86,113,98,89,87,93,100,97,96
20150602,15,PM2.5,6,8,14,5,7,11,3,3,,3,4,4,,7,10,9,15,18,9,15,3,38,7,10,4,8,3,10,3,17,,13,7,14,12
20150602,15,PM10,28,33,,16,10,16,5,38,21,24,27,59,19,19,21,18,16,54,,,6,,17,25,30,28,24,18,15,,,,48,,
20150602,15,AQI,88,79,92,78,82,95,83,84,77,99,69,100,82,84,88,86,93,80,82,81,80,73,76,74,74,49,78,107,92,83,,93,96,96,96
20150602,16,PM2.5,7,11,23,3,33,20,,9,,3,3,3,,3,8,3,9,18,11,20,10,21,3,9,8,14,15,12,18,3,,16,7,25,6
20150602,16,PM10,31,28,,24,,22,10,34,,14,30,48,79,28,30,27,,46,,,16,30,19,30,17,29,17,17,20,5,,21,48,,13
20150602,16,AQI,83,77,91,75,78,89,79,77,70,95,66,98,79,80,86,81,87,77,81,79,74,71,71,71,70,45,71,101,87,77,,89,93,95,91
20150602,17,PM2.5,3,3,24,6,20,23,,10,,3,,3,4,3,3,7,35,12,10,7,18,33,3,8,3,13,22,6,3,38,,12,12,8,6
20150602,17,PM10,37,28,,24,,31,5,32,,32,12,44,21,19,11,20,48,34,51,,,,17,29,26,31,28,21,23,,,17,50,31,25
20150602,17,AQI,78,74,90,73,77,84,75,71,70,91,62,91,72,76,82,76,83,74,77,74,68,71,69,67,67,43,65,95,81,74,,86,90,92,85
20150602,18,PM2.5,11,9,28,3,19,14,19,18,,3,3,6,32,20,3,9,3,4,9,9,14,3,8,19,3,12,9,3,3,30,,17,10,11,8
20150602,18,PM10,37,28,,16,20,30,,24,31,27,17,46,,21,47,33,53,32,30,16,,34,18,29,27,27,25,24,5,,,17,45,30,43
20150602,18,AQI,73,74,90,71,74,79,75,69,68,89,61,88,73,74,81,73,77,70,75,70,62,69,64,63,63,42,59,88,75,70,,83,89,90,79
20150602,19,PM2.5,11,10,22,9,28,15,19,15,,3,8,4,3,6,3,5,30,12,11,11,15,25,3,18,6,8,98,6,27,3,,15,9,12,9
20150602,19,PM10,36,38,,35,30,35,41,55,24,35,13,52,38,28,87,50,45,36,,61,31,41,24,26,27,35,,77,206,216,,28,55,44,50
20150602,19,AQI,71,73,92,70,72,72,72,69,66,86,59,85,71,72,80,72,71,66,75,69,57,67,59,60,58,40,58,81,71,67,,80,88,87,73
20150602,20,PM2.5,13,15,17,5,23,15,14,15,,3,3,4,18,15,29,20,8,9,7,7,8,17,3,12,5,10,11,15,3,6,,15,10,13,18
20150602,20,PM10,50,42,26,54,35,58,26,66,28,47,22,50,32,27,42,42,9,35,26,49,40,43,21,33,26,26,24,89,208,137,,47,56,45,165
20150602,20,AQI,68,71,87,67,70,69,70,68,64,82,57,81,69,69,79,71,65,63,73,68,56,65,55,57,55,38,53,73,73,69,,76,85,82,75
20150602,21,PM2.5,20,9,20,14,14,22,17,26,,3,8,8,9,11,24,19,8,10,15,9,10,16,4,12,11,8,3,30,3,3,,19,10,16,19
20150602,21,PM10,61,67,49,94,73,39,82,100,24,64,34,52,50,111,102,84,45,38,64,92,50,30,46,36,30,58,65,55,69,7,,70,60,90,115
20150602,21,AQI,64,69,84,66,67,65,68,67,63,78,56,78,67,68,74,67,57,59,72,66,56,62,52,54,53,39,51,67,70,66,,72,82,79,68
20150602,22,PM2.5,19,17,24,15,17,29,40,3,,3,12,11,16,25,22,25,15,10,19,30,9,8,14,11,5,11,44,54,50,31,,23,15,25,38
20150602,22,PM10,62,47,36,51,50,69,79,48,,91,35,46,61,87,27,61,39,36,44,622,104,35,42,34,33,45,281,246,87,70,,68,86,88,107
20150602,22,AQI,59,64,75,62,59,58,65,65,62,75,55,73,65,69,67,62,53,56,70,79,56,61,45,51,51,38,56,65,68,66,,63,78,71,64
20150602,23,PM2.5,15,12,19,8,21,26,59,33,,3,17,21,32,34,23,27,48,10,10,42,25,24,15,8,3,9,50,60,38,43,,14,16,19,33
20150602,23,PM10,61,78,76,30,75,141,121,40,40,73,56,101,84,55,332,176,301,41,33,203,126,81,57,27,29,11,117,146,,108,,71,80,115,343
20150602,23,AQI,56,60,68,57,56,55,58,62,59,70,54,70,62,61,69,61,59,53,68,83,54,61,40,45,47,36,57,66,68,67,,57,74,66,67
