date,hour,type,dongsi,tiantan,guanyuan,wanshouxigong,aotizhongxing,nongzhanguan,wanliu,beibuxingqu,zhiwuyuan,fentaihuayuan,yungang,gucheng,fangshan,daxing,yizhuang,tongzhou,shunyi,changping,mengtougou,pinggu,huairou,miyun,yanqing,dingling,badaling,miyunshuiku,donggaocun,yongledian,yufa,liulihe,qianmeng,yongdingmengxi,xizhimengbei,nansanhuan,dongsihuan
20150518,0,SO2,6.5,4.3,7.4,3.8,6,2,2.6,6.4,5.1,8.6,3.2,6.2,2,6.5,4.4,7.3,2.6,2.9,2,2,2,2.8,2,2.1,2.2,4.3,2.3,4.6,2,5.9,9.3,11.5,2,14.1,8.4
20150518,0,NO2,78.9,89.7,77.7,100.9,86.7,126.8,96.1,52.4,18.4,133.4,54.5,48.8,60.3,64.7,112.7,58,53,17.8,54.3,24.4,11.2,52.1,18.7,8.9,46.6,11.5,14.8,46.3,17.9,15.8,101.9,112.4,96.1,137.8,110.3
20150518,0,O3,46.3,26.1,58.7,45.8,62.5,7.2,34.8,19.9,95.5,2,58.4,79.7,29.7,42,2,51,26.4,76,46.8,101.1,70,29.8,52.2,75.1,46.2,118.7,99.9,10.3,73.1,73,43.8,17.5,46.4,2,2
20150518,0,CO,1.7,1.7,1.6,1.7,1.3,1.9,1.5,1.1,0.7,1.5,1.3,1.5,1.3,1.2,1.6,0.9,1.5,0.7,1.1,0.9,0.9,1.5,0.5,0.5,0.9,1.1,0.6,0.9,0.7,0.7,1.7,1.7,1.2,1.9,1.6
20150518,1,SO2,7.5,227.1,6.4,3.7,2.4,2,3.5,5.8,4,7.7,2.9,6.8,2,6.5,2.1,7.1,2,2,2.1,2,2,2.5,2,2,2,3,2.5,3.6,2,5.5,8.9,11,2,11.7,10.8
20150518,1,NO2,79.1,96.5,89,112.2,90.3,116,65.7,55.9,15.7,80.7,25.2,49.7,29.2,26.9,50,82.3,49.7,18.4,66.6,22.5,9.7,60.3,16.9,7.6,33.6,11,14.6,41.7,7.7,13,119.2,97.5,94.2,110.1,112.7
20150518,1,O3,41.9,21.5,34,26.5,37.6,11.7,60.6,10.4,66.7,12.9,80.7,57.2,60.8,60.9,37.1,18.9,19.8,68.2,34.1,75.4,52.7,18.9,41.1,64.8,52.2,107.3,90,19.8,86.6,68.2,20.2,16.7,34.9,10.3,2
20150518,1,CO,1.6,1.6,1.5,1.5,1.3,1.8,1.1,1,0.4,1.3,1,1,0.9,1,0.9,1.1,1.4,0.6,1,0.9,0.9,1.5,0.5,0.4,0.7,1,0.6,0.9,0.7,0.6,1.6,1.5,1.2,1.5,1.9
20150518,2,SO2,6,35,4.7,3.5,2.4,2.9,2.7,7.2,3.5,5.5,2.1,5.6,2,2.2,2.1,4.9,2,2,2.7,2,2,2.8,2,2,4.3,2.5,2.2,3.2,2,5.5,6.2,6.1,8.4,8.1,11.9
20150518,2,NO2,87,70.2,64.5,65.1,93.3,101.6,52.2,48.1,25.6,46.1,34.7,83.9,28.7,21.6,22.8,57.3,61.1,13.5,92.5,16.1,11.1,57.6,53.8,8,23.3,11.4,15.4,38.4,5.2,14,92.6,61,100.2,81.3,115.4
20150518,2,O3,23.2,31,39.1,46.9,26.2,11.3,57.2,2,66.2,45,59.1,15.3,59.1,56.3,50.7,27.9,8.8,64.1,4.4,79,33.6,17.4,2.1,57.8,75.2,94.6,81.1,22.8,51.9,50.6,14.7,14.2,23.9,6.6,2
20150518,2,CO,1.4,1.3,1.2,1.3,1.5,1.8,0.9,1,0.6,1.1,1,1.1,0.8,1,0.8,1,1.3,0.5,0.9,0.8,0.7,1.4,0.6,0.3,0.6,1,0.6,0.9,0.5,0.6,1.4,1.1,0.9,1.3,1.9
20150518,3,SO2,3.7,2,2,2,2,2,2,6.7,3,4.1,2,2.8,,2,2,3.9,2,2,2,2,2,2,2,2,10.5,2,2,2.7,2,5.1,3.8,3.8,4.4,5.2,12
20150518,3,NO2,71.3,54.4,40.8,57.5,98.9,108.7,51.9,39.2,36.6,70.2,38.9,100.1,,20.5,33.1,59.6,47.9,13,76.2,16.4,11,46,36.2,10.7,86.8,12.2,18.6,44.6,8.3,19.8,86.3,50.2,103.4,71,90.3
20150518,3,O3,18.7,13.8,60.2,41.9,7.4,2,39.9,2,57.6,6.9,37.4,3.8,,58.2,46.6,5.7,13.3,61.9,2,75.7,24.9,17.9,13.5,54.9,13.4,78.7,40.9,11.3,18.9,35.6,11.3,20.9,18.1,12.3,2
20150518,3,CO,1.3,1.2,1.1,1.2,1.4,1.7,1.1,1,0.8,1.1,0.9,0.9,,1,1,0.9,1.1,0.5,0.1,0.7,0.6,1.2,0.6,0.3,0.7,0.9,0.6,0.8,0.7,0.6,1.4,1.1,1.1,1.1,1.8
20150518,4,SO2,3,2,2,2,2,2.2,2,5.5,3.2,3.4,2,2.3,2,2,2,4.5,2,2,2,2,2,2.1,2,2.2,14.1,2,2,2.4,2,4.3,3.8,3.7,3.8,5.2,10
20150518,4,NO2,57.9,53.6,40.4,61.6,109.3,74.6,61.2,35.8,41.9,80.8,24,91.4,39.5,29,58.4,60.4,55.7,36.3,49.7,18.7,6.3,42.7,29.2,9.4,57.7,10.4,16.2,45.7,30.3,40.6,67.6,50.3,78.5,89.2,88.1
20150518,4,O3,27.4,14.7,44.7,42.4,2,27.9,,2,37.7,2,43.5,6.1,36,40.7,14.4,7.3,2,34.9,20,66.3,50.4,27.5,13.6,72.1,30.8,65.8,53.1,5.5,2,9.8,31.7,31.6,25.4,2,2
20150518,4,CO,1.3,1.2,1.1,1.2,1.3,1.3,1.1,1,0.7,1,0.9,0.7,0.8,1,1.1,1,1.3,0.7,0.5,0.8,0.6,1.3,0.5,0.3,0.6,0.9,0.6,0.7,0.7,0.6,1.3,1.1,1.1,1.1,1.7
20150518,5,SO2,2.3,2,2,2,2,2.1,2,5,4.7,3.5,2,3.6,2,2,2,4.5,2,2,2,2,2,2,2,9.8,17.8,2,2,2.3,2,3.9,4.3,3.4,2.8,6.4,6.4
20150518,5,NO2,51,48.4,67.3,59.9,112,61,72.8,41.1,27.8,93.1,28.5,60.1,47.3,47,52.5,80.2,52.4,75,,39.1,7.2,46,38.9,14.6,39.8,8.8,18.2,48.5,41.6,46.3,64.4,53.3,72.4,86.2,71.9
20150518,5,O3,31.3,17.1,14.5,34.5,2,34.8,2,2,53.3,2,54.2,20.3,29,34.1,31.1,2,2,2,38.4,33.3,38,10.8,2,76.2,34.3,66.3,43.6,2,2,4.3,28.3,29.8,10.4,2,6.1
20150518,5,CO,1.2,1.1,1.1,1.1,1.2,1.1,1,0.9,0.5,1,0.9,0.9,0.9,0.9,1.1,1.2,1.2,0.8,0.4,0.8,0.6,1.2,0.5,0.4,0.6,0.8,0.6,0.7,0.8,0.7,1.1,1.1,1.1,1.1,1
20150518,6,SO2,3.5,2,2,2,3.9,3.3,2,5.7,5.6,5.1,2.5,6.1,2,2,2,4.5,2,5.9,2,2,2,2,2,7.2,21.9,2,2,2.4,2,4.1,3.9,5.5,2,7.2,5.9
20150518,6,NO2,71.5,60.8,72.1,62.5,84.6,79.4,70.5,39.8,9.3,79.3,18.7,24.7,59.7,50.7,72.9,95.9,59.5,32.9,13.9,45,13.6,46.8,41.4,15.1,25.4,8.5,19.5,51.6,29.5,36.2,82.2,65.7,79.1,89.2,101
20150518,6,O3,15.8,7.6,6.4,20.3,17.6,21.6,3.4,11.2,83.2,2,73.1,77,6,43.9,20.5,2,4.3,45.7,76.4,13.3,18.7,12.6,2,73.4,67.3,67.8,28.1,2,2,7.7,10.6,14.8,10.1,2,4.4
20150518,6,CO,1.1,1.1,1.2,1.1,0.9,1,1,0.7,0.2,0.8,0.5,0.4,1.1,1,1.1,1.4,0.9,0.6,0.2,0.9,0.6,1.2,0.5,0.3,0.4,0.7,0.6,0.8,0.8,0.7,1.2,1.2,1,1.2,0.9
20150518,7,SO2,8,7.6,9,4.1,5.2,6.5,6.2,9.3,9.2,9.5,2,3.9,2,2.7,5.7,11.1,2,2,2,2,2,2.7,2,2,9.1,2,2,2.8,2,4.5,7.6,9.9,9.9,11.8,7.2
20150518,7,NO2,39.1,63.3,50.6,51.2,40.6,50.7,59.1,28.3,22.3,51.4,10.1,35.4,58.7,60.7,57.6,55.5,51.4,13.1,15.7,34.6,30.3,32.4,23.5,6.3,25.9,5.2,18.3,50.6,28.1,34.9,60.3,69.9,56.7,86.5,65.9
20150518,7,O3,48.8,34.5,37,38.4,56.5,47,29.7,39.7,69,18.3,95.6,66.7,23.7,31.7,24.8,42.5,27.4,74.8,83,35.2,24.9,36.4,55.7,90.2,69,85.8,30.9,9.2,2,5.3,31.9,19,23.9,2,27.3
20150518,7,CO,0.6,0.9,0.7,0.9,0.4,0.7,0.7,0.5,0.3,0.5,0.3,0.5,0.7,1.1,1,0.6,0.6,0.3,0.1,0.8,0.7,1,0.3,0.2,0.4,0.5,0.6,0.9,0.9,0.8,0.9,0.9,0.6,1.1,0.5
20150518,8,SO2,2,3.1,2,3.9,2,2,3.4,8,5.4,8.3,5,7,2,6.6,4.3,4.3,2.1,2,2,2,2,4.2,2,2,12.4,2,3.6,3.9,2,5.9,2.5,4,4.1,11.5,5.5
20150518,8,NO2,13.6,28.7,26.3,24,14,23.2,26.5,14.1,14.1,31.5,28.7,23.7,28.6,41.6,24.2,22.1,27.3,12.9,15,11.8,9.7,11.8,13.2,5.2,31.9,2,21.6,40.6,37.4,32.4,20.4,43.6,26.1,65.6,29.8
20150518,8,O3,82.5,82.6,66.3,89.4,90.4,83.1,75.8,58.9,80.1,45.9,65.3,74.3,57.4,58,72.8,74.8,54.4,77.3,87.1,86.2,81.9,78.2,86.3,100.6,63.9,112.2,62.7,36.7,24.7,32,75.4,53.8,59.1,25.9,71.1
20150518,8,CO,0.3,0.4,0.4,0.4,0.2,0.3,0.3,0.3,0.2,0.4,0.4,0.4,0.3,0.6,0.4,0.2,0.6,0.3,0.2,0.3,0.3,0.4,0.2,0.2,0.5,0.3,0.6,0.6,0.9,0.6,0.3,0.4,0.3,0.5,0.2
20150518,9,SO2,2,2,2,2,2,2,2.2,7.2,4.2,3.9,2.3,4.9,2,2.3,2,2.8,2,2,2,2,2,2,2,2,10.7,2,3,2,2.9,7.2,2,2,2,3.8,3.9
20150518,9,NO2,11.2,28.6,18.5,17.3,11.4,18,24.1,14.4,10.4,24.6,13.8,15.4,22.3,27.2,19.1,15.1,14.5,6.4,10.3,10.7,9.5,7.3,9.5,6.9,23.2,2,12.1,38.7,31.3,16.7,14.9,34.8,18.7,55.8,34.2
20150518,9,O3,93,92.7,83.1,106.2,99.6,93.8,87.2,65.9,88.8,64.5,90.4,90.4,73.1,81.4,88.8,88.6,76.8,85,89.6,94.2,87.6,95.2,91.8,99.1,83.8,121.2,89.6,48,64.1,73.9,88.8,69.4,75.9,48,76.5
20150518,9,CO,0.3,0.3,0.3,0.3,0.3,0.2,0.3,0.3,0.2,0.3,0.3,0.4,0.3,0.3,0.3,0.2,0.2,0.3,0.2,0.2,0.3,0.4,0.2,0.2,0.4,0.3,0.3,0.4,0.5,0.4,0.3,0.3,0.3,0.4,0.3
20150518,10,SO2,2,3.7,2,2,2,2,2,6.9,3.1,4.7,2.1,3.1,2,2,2,2.7,2,2,2,2,2,2,3.2,2,7.1,2,2,2,2,5.6,2.9,4.2,2,4.3,4.1
20150518,10,NO2,12.4,30.5,16.2,14.1,13.2,16.5,23.2,13.9,9.2,21,10.6,16.3,17.9,25.1,17.1,,11.4,6.3,8.9,11.7,8.8,7.1,9.6,9,21,2,10.7,41,20.5,10.6,15.4,34.6,35.4,65,40.1
20150518,10,O3,94.1,86.4,88,107.9,100.1,96.2,96.7,74.8,92.2,74.6,94.2,97.8,85.4,89.3,93.3,82,80.9,86.9,94.5,102.7,88,101.4,96.5,99.6,92.5,122,96.6,56.6,93.1,95.7,90.8,73.6,62.3,43.1,73.3
20150518,10,CO,0.3,0.4,0.3,0.3,0.3,0.2,0.3,0.3,0.2,0.3,0.3,0.3,0.2,0.3,0.3,0.2,0.2,0.2,0.2,0.2,0.3,0.3,0.3,0.2,0.4,0.2,0.2,0.3,0.3,0.3,0.3,0.3,0.4,0.5,0.3
20150518,11,SO2,2.1,3.3,2,2,2,2.7,2,6.2,2.3,3.3,2,2,2,2,2,2.7,2,2,2,2,,2,2,2,2.6,2,2.4,2,2,3.8,2.4,3,,4.7,5.2
20150518,11,NO2,11.1,27,18,13.2,12.1,16.3,24.7,11.8,6.1,21.8,7.5,13.3,15.5,22.5,17.5,30.8,10.8,12.9,8.7,9.5,6.1,7.8,7.9,10.5,17.2,2,,39,24.3,9.4,15.6,31,28.4,62.9,25.9
20150518,11,O3,101.3,94.6,91.8,114,105.7,104.5,105,81.2,102.8,82.4,109.5,103.6,90.6,98.1,98.8,89.6,83.1,84.5,96.3,107.2,83.5,106.6,102.1,101.9,102,123.8,84.2,61.6,100,104.6,96,83.3,,52.1,94.1
20150518,11,CO,0.3,0.3,0.3,0.3,0.2,0.3,0.3,0.3,0.2,0.3,0.3,0.4,0.2,0.3,0.3,0.2,0.2,0.3,0.3,0.2,0.2,0.3,0.3,0.2,0.3,0.2,0.2,0.3,0.3,0.3,0.3,0.3,0.4,0.4,0.3
20150518,12,SO2,2,2.5,2,2,2,2,2,7.2,3,4,2,2.4,2,2,2,3,2,2,2,2,,2,2,2,2.7,2,2.3,2,2,2.3,2,2.9,7.1,4.6,4.4
20150518,12,NO2,12.4,26,16.8,13.4,10.5,15.7,19.8,10.2,4.5,23.1,6.4,12.1,17.7,15.6,17.1,33.1,13.7,13.7,9.8,8.2,7.1,9,6.8,11.1,19.5,2,5.5,43.4,29,7.6,17.1,22.7,30.7,64.2,26.5
20150518,12,O3,102.7,102.7,99.8,121.7,115.2,110.2,116.5,86,108.3,89.1,112.2,114.8,91.9,114.3,106.6,97.4,82.7,87.7,100.7,110.8,92,109,108.6,107.6,105.6,125.2,,67.1,107.3,109,101.1,97.6,69.3,60.6,99.8
20150518,12,CO,0.3,0.3,0.3,0.3,0.2,0.2,0.3,0.3,0.2,0.3,0.2,0.6,0.2,0.2,0.4,0.2,0.2,0.3,0.3,0.3,,0.3,0.3,0.2,0.3,0.2,0.1,0.3,0.3,0.3,0.3,0.3,0.6,0.4,0.3
20150518,13,SO2,2,2.1,2,2,2,2,2,5.9,2,2.6,2,2,2,2,2,3.3,2,2,2,2,2,2,2,2,3.8,2,2,2,2,2.2,2,2,2,2.8,3.9
20150518,13,NO2,9.3,20,13.6,9.9,7.8,13.1,17.4,10.5,4.4,21.1,5.3,11.1,15.1,17.5,11.7,19.1,13.8,13.6,7.2,7.3,7.9,7.3,3.4,11.6,24.8,2,5.5,42.5,37,,13.1,12.5,22.1,45.2,12.9
20150518,13,O3,108.3,114.6,110.3,130.2,122.2,117.1,125,91,113.8,98.1,114.8,121.6,95.9,121.6,116.6,115.3,92.9,90.7,107.9,114.8,93.3,117.1,114.3,111.3,98.2,140.5,116.5,73.3,112.2,121,110.6,110.6,86.8,72.1,117.3
20150518,13,CO,0.3,0.2,0.2,0.3,0.2,0.2,0.3,0.2,0.2,0.3,0.2,0.5,0.2,0.2,0.3,0.2,0.2,0.3,0.3,0.2,,0.3,0.2,0.2,0.3,0.2,0.2,0.3,0.2,0.2,0.3,0.2,0.5,0.4,0.2
20150518,14,SO2,2,2,2,2,2,2,2,6.3,2,2,2,2,2,2,2,2.5,2,2,2,2,2,2,2,2,2,2,2,2,2,2.5,2,2,2,2.2,3.4
20150518,14,NO2,8.4,19.7,13.4,9.6,8.6,14.9,17.3,9.4,4.3,22,5.5,15.4,16.1,18.3,10.3,14.6,16.1,13.2,7.5,6.3,8.4,7.9,3.2,11.2,16.3,2,6.2,41.1,29.6,,13,12.9,22,56.5,12.6
20150518,14,O3,110.7,115.8,108.6,129.5,121.5,116.8,122.4,89.3,115.3,97.9,117.3,117.5,96.1,121.8,121.2,118.8,88.7,91.9,108.2,120,,119,116,113,113.1,136.3,120.9,75.1,110.4,122.3,110.7,109.2,86.1,72,120.1
20150518,14,CO,0.2,0.2,0.2,0.3,0.2,0.2,0.3,0.2,0.2,0.3,0.2,0.5,0.2,0.2,0.3,0.2,0.2,0.2,0.3,0.2,0.3,0.3,0.2,0.1,0.2,0.2,0.2,0.3,0.2,,0.3,0.2,0.4,0.4,0.2
20150518,15,SO2,2,2.7,2,2,2,2.4,2,6.2,2.9,2,2,2,2,2,2,2.9,2,2,2,2,2,2,2,2,2,2,2,2,2,2.1,2,2.8,2,2.6,4.4
20150518,15,NO2,10.4,24.3,14.9,10.2,9.6,16,20.4,9.5,4.5,22.9,6,11.9,20.3,22.3,10.7,14.2,15.1,11.2,7.9,8.1,8.8,8.4,3.7,10.9,21,2,5.9,45.6,36.4,6.1,14.1,10.4,20.8,58.2,13.5
20150518,15,O3,111.4,112.7,109.3,131,122.1,117.4,122.1,90.9,117.2,98.7,118.8,122.8,96.2,119.1,120.8,117.1,86.8,94.2,109.1,119,,115.6,113.1,110.9,104.3,134.4,125,75.1,101.6,123.3,111.3,113.5,88.7,75.4,122.7
20150518,15,CO,0.3,0.2,0.2,0.3,0.2,0.2,0.3,0.2,0.2,0.3,0.2,0.5,0.2,0.2,0.3,0.2,0.2,0.3,0.3,0.2,0.1,0.3,0.2,0.1,0.2,0.2,0.2,0.2,0.2,,0.3,0.2,0.4,0.3,0.2
20150518,16,SO2,2,2.8,2,2,2,2,2,6.4,2.8,2,2,2,2,2,2,3.8,2,,2,2,2,2,2,2,2,2,2,2,2,2,2,2.5,4.4,2.8,2.9
20150518,16,NO2,9.8,22.7,16.8,10.7,10.8,17.1,21.1,10,4.2,27.1,6.6,11.8,22.5,21.7,11.6,37,16.7,11.1,9.1,8.6,,8.6,3.3,11.4,19.8,2,6.8,44.4,43.1,4.3,14.2,,24.1,58,14.5
20150518,16,O3,109.6,111.5,105.3,127,119.3,114,117.9,90.9,114,91.4,118.5,119.8,94.2,121.5,119.7,99.6,85.1,66.1,105.5,115,94.1,111.9,111.8,109.7,106.7,125.4,121.6,75.6,107.6,,108.3,109.8,81.6,76.9,118.4
20150518,16,CO,0.3,0.2,0.2,0.3,0.2,0.2,0.3,0.2,0.2,0.3,0.2,0.5,0.2,0.2,0.4,0.2,0.2,0.2,0.3,0.2,0.2,0.3,0.2,0.1,0.2,0.2,0.2,0.2,0.2,0.2,0.3,0.2,0.4,0.3,0.2
20150518,17,SO2,2,2.7,2,2,2,2,2,5.5,3.1,2,2,2,2,2,2,3.1,2,,2,2,2,2,2,2,2,2,2,2,2,3.1,2,2.7,5.1,2.9,3.1
20150518,17,NO2,12.1,26.5,18.5,12.5,11,19.8,18.5,10.2,4.2,30.7,9.5,14,22.5,24.3,13.8,32.4,16.3,11.2,8.2,10.1,,8.5,4,10.9,19,2,6.3,38.7,41.1,,17.1,21.7,33.2,64.3,15.4
20150518,17,O3,107.9,107.1,102.2,124,117.5,111.2,120.1,88.8,112.7,84.3,114.9,117,90.9,116.2,115.1,100.3,83.7,48.5,104.7,111.6,88.9,108.4,109.2,107.5,105.1,123.4,118.5,74.7,104.4,129.8,106,104.7,74.7,70.1,118.8
20150518,17,CO,0.3,0.3,0.2,0.3,0.2,0.2,0.3,0.2,0.2,0.5,0.2,0.5,0.3,0.2,0.4,0.2,0.2,0.1,0.3,0.2,0.2,0.3,0.2,0.1,0.2,0.3,0.2,0.2,0.2,0.2,0.3,0.2,0.5,0.3,0.2
20150518,18,SO2,3.3,3.4,2,3,2,2.6,2,4.3,3.6,2,2,2,2,2,2.1,2.4,2,,2,2,2,2,2,2,2,2,2,2,2,2.8,2,3.5,4.6,5,3.3
20150518,18,NO2,14.7,31.2,23.1,14.6,14.2,21.6,21.8,12.1,4.2,36,20.2,19,25.9,27.6,19.3,18.1,20.9,12.4,9.2,12,14.9,9.5,4.2,10.7,13.1,2,7.1,34.5,33.5,9.7,18.8,30.5,30.9,81.5,18
20150518,18,O3,101.4,98.9,96,118.2,111.9,105.7,110.9,84.5,109.2,76.6,115.1,110.9,89.9,111.9,107.3,106.1,78.4,71.9,100.6,105,83.5,104.1,106.3,105.1,107.4,114.9,115.1,73.2,98.6,139.9,101,95.2,73.8,55.6,111.2
20150518,18,CO,0.3,0.3,0.3,0.3,0.2,0.2,0.3,0.4,0.2,0.4,0.2,0.6,0.3,0.2,0.4,0.2,0.2,0.2,0.2,0.2,0.2,0.3,0.2,0.1,0.2,0.2,0.2,0.2,0.2,0.2,0.3,0.3,0.5,0.4,0.2
20150518,19,SO2,2.1,2.8,2,2.2,2,2,2,3.2,2.7,2,2,2,2,2,2,2.1,2,2,2,2,2,2,2,2,2,2,2,2,2,3.3,2,2.4,4.4,6.2,2
20150518,19,NO2,20.7,34.8,33.5,19.3,20.9,31.5,22.1,12.7,4.8,51.1,23.5,20.2,28.7,37.4,19.9,28.4,24.9,12.1,12.3,12.8,20.1,10.7,6.6,11.1,13.7,2,6.1,34.3,17.5,14.8,24.9,28.8,50,86.4,25.1
20150518,19,O3,90.8,91.1,79,106.2,99,91,104.3,78.2,100.8,51.9,108,103.2,80,98.1,101.7,89.6,73.3,85.3,92.9,95.8,72.9,95.7,97.7,101.3,102.5,113,105.3,67.1,78.3,115.3,91,89.1,54.5,41.8,97.9
20150518,19,CO,0.3,0.3,0.3,0.3,0.2,0.3,0.3,0.3,0.2,0.3,0.2,0.6,0.3,0.2,0.5,0.2,0.2,0.2,0.2,0.2,0.2,0.3,0.2,0.1,0.2,0.2,0.2,0.2,0.3,0.2,0.3,0.3,0.6,0.5,0.2
20150518,20,SO2,2,2,2,2,2,2,2,3.4,2,3.5,2,2,2,2,2,2,2,2,2,2,2,2,2,2,2,2,2.3,2,2,4.1,2,2,2,5.5,2
20150518,20,NO2,25.2,47.1,35,24.4,24.9,37.4,24.8,10.4,4.4,54.7,25.4,17,50.3,53.9,29.2,36.3,35.3,15.3,9.4,13.7,16,7.6,7.2,11,11.2,2,6.5,35,13.6,37.2,31.5,39.6,50.1,102.3,26.4
20150518,20,O3,79.1,70,69.1,90.6,88.6,79.1,91.8,76.3,96.7,38.5,97.6,98.4,49,70.5,83,67.8,60.8,78,90.7,90.5,72.5,98.7,92.1,91.7,99.9,112.2,96,56.6,57.5,65.5,76.2,70.4,48.4,27.5,89.3
20150518,20,CO,0.3,0.3,0.3,0.3,0.2,0.3,0.3,0.2,0.2,0.4,0.2,0.6,0.3,0.3,0.5,0.2,0.2,0.2,0.1,0.2,0.2,0.3,0.2,0.1,0.2,0.2,0.2,0.2,0.3,0.2,0.3,0.3,0.6,0.4,0.2
20150518,21,SO2,2,2,2,2,2,2,2,2.9,2,2,4.3,2,2,2,2,7.8,2,2,2,2,2,2,2,2,2,2,2,2,2,3.5,2,2,2,3.8,3.3
20150518,21,NO2,35.2,46.7,32.4,25.7,43.9,56.1,22.7,14.2,3.8,47.9,32.8,15.2,31.9,43.3,31.7,99.1,19.3,11.2,8.3,13.9,8.8,7,6.1,10,10.1,2,7.7,42.5,20,64.7,32,36.8,52,89.3,67
20150518,21,O3,63.7,64.3,66.1,82.7,61.2,55.2,87.7,65.2,92.6,36.9,89,93.2,58.9,73.2,73.8,2,65.9,76.4,84.8,87.8,79.9,100.7,93.1,92.8,97.9,116.9,91.9,37.1,37.6,28.5,71,69,41.3,26.2,36.8
20150518,21,CO,0.4,0.3,0.3,0.3,0.3,0.3,0.3,0.2,0.2,0.3,0.2,0.6,0.3,0.3,0.6,0.4,0.2,0.2,0.1,0.2,0.2,0.3,0.2,0.1,0.2,0.2,0.2,0.2,0.4,0.3,0.3,0.3,0.6,0.5,0.6
20150518,22,SO2,2,2,2,2,2,2,2,2.8,2,2,3.6,2,2.5,2,2,4.7,2,2,2,2,2,2,2,2,2,2,2,2,2,4.2,2,2,2,2,2
20150518,22,NO2,41.3,47.6,46.7,30.5,48.2,45.2,46.8,21.5,4.4,32.4,34.3,12.5,38.6,41.1,64.3,99.8,11.9,9.7,7.6,12.6,7.5,7.1,4.8,9.7,8.7,2,9.7,52.5,23.9,79.7,49.8,54.2,77.8,75.5,58.1
20150518,22,O3,54.7,56.8,46.7,69.3,52.7,58.2,53.6,53.9,87.5,52.2,76.3,92.3,49.2,69.9,34.2,2,76.8,76.6,82.1,91.3,86.7,107.7,99.4,97.7,102.2,126.9,94.6,16.9,19,8.4,46.2,47.2,16.6,28.7,44.7
20150518,22,CO,0.5,0.3,0.3,0.3,0.3,0.4,0.4,0.3,0.2,0.3,0.2,0.5,0.3,0.2,0.5,0.4,0.1,0.2,0.1,0.2,0.2,0.3,0.2,0.1,0.2,0.2,0.2,0.3,0.4,0.4,0.4,0.3,0.7,0.4,0.4
20150518,23,SO2,2,2,2,2,2,2,2,3.7,2,2,3.5,2,2,2,2,3.1,2,2,2,2,2,2,2,2,2,2,2,2,2,4.8,2,2,2,2.1,2
20150518,23,NO2,29.9,54.6,47.6,32.6,32.9,45.6,73.1,29.3,5.3,35.2,36.3,12.8,12.3,24.7,56.8,54.5,11.3,8.2,4,10.9,5.2,7.7,8.8,9.4,10.5,2,5,60.1,34.8,61.9,38.3,70.7,53.8,83.5,49.1
20150518,23,O3,61.4,39.4,40.2,59.4,63.9,55.6,17.9,46.9,83.6,43.6,83.6,90.5,69.2,83.7,36.5,40,83.2,81.9,88.6,100.9,95.7,109,92.5,102.2,109,126.3,108.2,7.5,37.7,21.1,52,27.7,32.6,18,50
20150518,23,CO,0.4,0.3,0.3,0.3,0.2,0.3,0.4,0.2,0.2,0.2,0.3,0.5,0.2,0.2,0.5,0.2,0.1,0.2,0.1,0.1,0.1,0.3,0.2,0.1,0.2,0.3,0.2,0.3,0.3,0.3,0.3,0.3,0.6,0.4,0.4
20150518,0,PM2.5,218,181.1,175.7,177.4,170.9,192.5,187.6,196.9,113.9,200.7,181.5,161.3,191.6,128.9,192.9,78.9,170.6,60.6,160.8,90.7,88.2,143,49.8,39.5,112.2,118.7,42,105.4,58.1,85.6,209.5,208.8,154,183.7,229.3
20150518,0,PM10,,200.4,209.3,208.7,174.5,203.3,,,,262.7,,184,,163.3,232.9,,,,,,,,,42.7,,,,118.6,97.1,,218.8,231.4,191.1,274.7,
20150518,0,AQI,204,168,181,162,179,177,189,228,173,206,199,193,212,155,168,147,173,166,183,139,161,180,151,162,152,155,150,135,121,174,192,184,178,185,212
20150518,1,PM2.5,204.6,188.1,169.5,180,160,199.4,154.4,180.9,60.5,200.6,131.4,103.1,112.9,117.7,132.6,114.5,178.6,48,148.7,94,79,142.8,56.8,20.6,75.3,120.3,58.3,131,74.4,58.4,206.2,205,155.7,201.2,225.4
20150518,1,PM10,,193.1,200.4,222,187.9,203.9,,,,232.7,,,,,,127,,,,,,,,,,,62.4,,,,257,251.4,216.9,229.8,
20150518,1,AQI,209,175,187,169,184,184,194,230,172,211,202,194,213,157,171,148,179,164,187,141,160,184,150,159,152,159,147,137,120,173,200,191,184,192,217
20150518,2,PM2.5,212.9,170.8,146.2,157.2,169.6,192,109.1,182.6,58.6,154,100.6,111.2,83.6,123,116.8,146.1,166.8,41,136.1,68.5,74.1,136,67.4,4.8,65.6,111.1,65.7,120.1,51.5,54.7,190,176.7,138.6,160.7,233.2
20150518,2,PM10,216.2,177.5,202.8,182.1,186.2,211.3,133.7,,81.8,,,227.9,,,,156.6,,,148.1,76.3,,,,9.5,,,,,,,249.8,187.6,199,169.8,
20150518,2,AQI,214,180,191,173,190,190,196,232,172,213,203,196,212,159,172,151,184,162,190,141,159,188,150,155,152,161,144,137,118,170,204,197,189,197,223
20150518,3,PM2.5,205.8,158.2,140.5,146.7,175.9,186.8,116.6,174.9,125.4,147.8,91.2,126.4,,121.7,134.4,147.5,142.6,37.4,138,71.5,71.6,128.2,58.4,12.2,68.8,112.8,67,100.7,46.8,60.2,177.5,166,141,153.1,206.6
20150518,3,PM10,,,168.8,,196.1,204.3,121.8,,144.3,,,191.6,,,,149,,,155.6,,,,,25,,,,,,,192.2,,208.4,,
20150518,3,AQI,219,184,194,177,195,196,198,233,174,215,203,199,,161,175,154,187,160,192,141,158,190,149,152,152,163,141,136,114,166,207,201,192,201,227
20150518,4,PM2.5,191.2,155.9,125.6,142.4,162.6,176.3,117.9,159.6,124.7,135.9,97.4,132.4,98.3,107.8,139.2,165.2,152.8,35.7,112.5,72.4,52.5,124.6,61.3,27.5,63.6,101.2,71.4,95,46.3,65.9,175.6,163.1,132.6,143.5,187.4
20150518,4,PM10,,,136.7,,,182.9,,,128.1,,,151.8,,,,174.9,,43.8,120.4,,,,,29.8,,,,,,,,,155,,
20150518,4,AQI,222,187,195,179,198,201,198,235,177,214,202,201,210,160,176,156,190,158,194,140,156,192,148,150,151,164,137,135,110,162,210,203,195,202,230
20150518,5,PM2.5,155.3,129.4,128.6,109.9,146.1,152.8,128,136.6,80.2,116.3,89.1,101.8,102,96.6,139.6,164.3,139.5,36.8,86.3,71.7,45.5,120.1,51.3,32.2,39.9,87.2,67.8,91.3,53.1,73.9,133.5,130.5,122.6,113.4,160.3
20150518,5,PM10,,,,,,,,,,123.4,,,,,,173.5,,64.6,111.4,,,,,49.3,,,,,,,,,141,133,
20150518,5,AQI,223,188,195,179,200,202,199,236,177,213,201,200,208,159,176,159,191,155,195,139,154,193,147,148,150,164,132,135,107,157,210,203,196,202,231
20150518,6,PM2.5,136.8,117.1,117.9,114,105.6,124.4,119.8,107.9,27.4,73.8,53.1,30.3,111.9,89.8,125.7,180.6,99.7,32.4,35,74.1,41.8,114.7,54.2,26,70.3,82.2,63.3,111.7,49.7,72.2,138.2,126.5,120.2,102.7,121.2
20150518,6,PM10,,,,,,,,,,,150.1,,,,,,,60.7,72.5,,49,,61.1,28.6,,,,114,,,,,,117.6,
20150518,6,AQI,224,188,195,179,199,202,197,236,173,211,196,194,206,158,176,163,189,153,193,138,152,194,146,145,150,163,128,136,105,151,210,203,196,201,230
20150518,7,PM2.5,73.9,86.1,59.5,84,61.2,68.8,74.3,105.2,32.1,3,22.5,37,73.7,88.1,115.1,83.6,52.7,56.1,33.1,82.5,59.2,89.1,32,35.2,56.9,49.8,65.4,122.8,52,71.8,95.3,97.6,148.8,84.1,30.3
20150518,7,PM10,,,,,93,,,,115.4,24.4,92.1,131.5,,,,,85.5,156.5,129.1,,,100.5,62.7,98.7,176.8,,102.7,,167.8,353.9,,,,106.1,
20150518,7,AQI,221,186,191,177,195,200,194,235,170,205,188,189,202,157,177,161,183,151,190,137,150,192,143,142,148,160,124,137,103,146,209,202,198,198,225
20150518,8,PM2.5,3,25.2,42.2,27.9,33.2,29.8,26,126.3,33.7,3,27.3,33.2,45.4,45.3,40.3,30.6,71.3,58.9,35,57.4,30.6,41.2,22.9,25.3,72.5,34.4,70.6,48.4,62.9,78.8,26.8,35.4,31.9,17.9,47.3
20150518,8,PM10,91,146.3,,,98.6,78.9,70.2,172.5,173.7,76.3,141.1,89.9,60.5,81.1,112.1,100.3,,128,87.8,,,55.5,78.3,99.8,105.6,,,72.4,184.7,,60.4,140.2,108.2,146.8,
20150518,8,AQI,216,181,186,173,189,195,187,235,165,198,180,182,197,155,173,158,180,148,185,134,145,186,140,137,147,155,121,135,103,143,205,199,191,191,221
20150518,9,PM2.5,,18.9,34.2,19.1,25.1,24,31.5,106.6,34.5,77.3,30.3,24.8,49,28.6,28.9,34.5,28.7,35.1,38.2,35.5,25.2,24.7,31.1,10.1,81.3,27.5,33.7,31.9,49.2,40.7,25.9,33.3,157.6,23.7,63.9
20150518,9,PM10,89,142.9,49.9,64.5,101.4,101,116.7,127.1,131.4,116.6,130.8,157.1,,173.3,128.8,133,83.8,89.5,111.1,,,85.1,93,88.4,94.9,,40.5,131.7,,,97.6,164.4,,132.3,123.9
20150518,9,AQI,218,177,181,168,183,190,180,232,159,194,173,174,192,151,170,154,175,142,178,131,140,180,137,131,146,150,116,132,103,137,202,194,192,185,218
20150518,10,PM2.5,,21.6,38.4,20.4,46.1,23.1,22.5,108.2,36.7,,28.9,25.8,29.3,23.4,28.8,27.5,8.9,42.4,24,26.4,28.1,26.4,22.8,9.8,75.7,24.2,30.1,25.1,16.2,71.5,39,34.7,,,67.5
20150518,10,PM10,98.8,123.3,73.9,102.1,86.9,110.9,90.9,119.7,104.3,93.4,114.4,109.6,38.3,130.6,136.4,152.5,56.6,65,38,39.3,32.4,73,95.4,64.9,96.5,,73.4,122.4,53.9,,124.5,132.5,132.5,128.8,
20150518,10,AQI,220,172,176,163,179,184,173,228,152,194,165,166,184,146,164,150,168,136,171,126,135,171,132,124,144,144,110,128,99,133,197,190,190,186,215
20150518,11,PM2.5,138.1,15.6,28.6,21,27.9,25.6,20.5,52.6,22.5,31,19.4,,24.3,13.2,23.8,24.1,18.4,41.5,18.9,26.7,11.4,10.4,18.2,3.4,47,24.1,,22.9,33.5,32.2,27.7,32.1,,16.9,35.2
20150518,11,PM10,,107,71.1,89.4,88.2,87.7,74.7,65.6,52.4,68.4,87.6,40.3,27.9,116.1,109.9,132.5,45.5,86.9,41.1,76.1,35.7,64.5,51.5,69.7,128.4,34.4,,91.3,96,,103.7,101.6,,125.9,104.1
20150518,11,AQI,219,165,170,158,173,178,166,222,144,186,158,163,176,140,158,145,162,129,162,120,128,163,128,116,140,137,106,123,96,125,190,183,190,177,210
20150518,12,PM2.5,29,17.2,27.6,19.1,27.4,14.3,11.4,43.7,12.4,34.5,16.8,,27.5,35.5,21.7,21.7,3,40.8,17,27.3,20.1,9.1,15.2,18.4,47.3,11.3,16.6,19.2,7.8,17.9,26.2,30.8,,24.9,36.1
20150518,12,PM10,35.7,69.6,,,64,66.8,18.2,60.2,45.9,,71,66.7,41.1,68.6,95,90.2,38.3,122.2,35.8,44.8,,25.6,38.6,84,98.8,27.2,70.1,74.2,54.1,91.9,41.6,49.5,,76.9,45.4
20150518,12,AQI,212,158,164,151,166,170,159,215,138,178,150,161,168,135,152,139,154,122,155,114,122,152,123,108,134,130,99,118,92,121,183,177,190,167,204
20150518,13,PM2.5,6.2,14.2,23.5,6.5,12.8,15.4,3,44.7,18.3,27.4,14.8,5.5,40.2,18.3,20.9,21.1,19.5,34.6,18.1,20.1,15.3,15.6,14.2,25.9,34,8.1,15.5,18.1,23.9,20.3,21.1,17.2,,103.7,22.9
20150518,13,PM10,56.9,110.1,60.1,51.8,70.9,25.9,61.8,49.3,57.9,59.9,68.2,96.1,49.6,83.4,87.1,118.3,50.1,143.3,45.1,,,30,31.4,61,37.3,,47,78.5,65.4,38.7,53,78.8,135.3,,32.3
20150518,13,AQI,206,152,157,146,159,163,151,209,131,170,143,151,160,130,146,135,148,116,147,109,116,142,116,100,127,122,92,114,89,114,175,170,189,164,198
20150518,14,PM2.5,3,10.8,23.1,10.5,8.4,13.9,11,29.6,10.7,3,10,11,29.4,16,12.5,24.2,3,40.5,12.5,21.3,17.2,12.4,9.8,19.4,47.4,4.9,8.9,16.3,3,36.4,16.7,7.4,,19.2,22.2
20150518,14,PM10,46,86.3,27.2,12.9,43.6,48.2,22.2,42,40.9,30.4,60.8,41.6,,77.5,78.2,170.1,41.2,161.2,25,,35.4,42.9,20.1,46.5,,24.3,23.3,88.2,92,,57,56.3,67.6,71.8,68.8
20150518,14,AQI,199,146,150,140,151,156,144,203,123,161,136,143,152,125,141,130,141,110,140,105,109,135,107,93,121,114,86,110,88,114,167,162,189,154,189
20150518,15,PM2.5,3,3,21.9,14.1,14.6,16.8,12.3,35.7,18.2,19.6,12.5,11.6,18.5,4.4,16,12.6,13.9,67.1,15.7,27.6,12.9,3,3,14.2,43.8,6.9,7.5,14,21.1,18.8,12.5,15.1,,20.6,18
20150518,15,PM10,42.9,66.5,,34,53.8,41.8,34.3,47.7,40.8,54.5,48.8,83.3,24.9,70.7,64.8,149.4,52.5,,25.8,89.7,32.9,39.5,43,21.6,,35.4,26.8,133.3,31.2,,47.6,77.7,73.2,77.9,46.8
20150518,15,AQI,190,140,144,134,144,149,137,195,117,153,129,135,144,119,137,125,135,105,133,100,102,127,100,85,115,107,81,107,84,111,159,154,190,146,180
20150518,16,PM2.5,3,11,25.9,9.7,14.7,12.1,13.1,15.2,18.5,5.3,13.5,12.7,15.3,17.7,19.1,15.5,4.4,227.3,22.8,43.8,9.3,17.9,19.2,15.5,39.1,7.8,11.7,18.7,32.2,3,21.6,4.8,,28.9,17.7
20150518,16,PM10,63.2,75.6,31.1,30.8,55.2,50.8,55.4,56.5,33.3,49.3,50.4,64.6,23.9,56,54.1,126.2,37.1,,,59.6,36.5,46.3,31.3,31.3,72.5,48.3,37.6,91.6,80.7,63.3,53.1,52.5,116.1,56.9,18.6
20150518,16,AQI,180,134,138,129,137,142,130,183,109,145,121,127,137,114,131,120,127,109,125,96,95,119,94,76,110,100,76,103,77,103,151,147,190,137,171
20150518,17,PM2.5,3,10.7,,11.1,11.6,18.1,10.6,37.8,5.9,4.2,10.4,13.7,18.3,10.7,9.8,17.8,16.2,,21.3,30.5,11.8,15.3,16.2,12.7,33.2,14.1,11.9,12.9,7.8,35.3,17.2,3.4,,27.6,33.4
20150518,17,PM10,53.6,62.1,,30.5,101.6,61.4,38.4,54.7,49.2,40.1,39.1,43.2,22.7,46.2,53.3,141.7,29.3,62.3,,46.1,,52.1,35.1,29.1,,52.5,34.5,87.9,27.3,128.7,64.3,48.9,85.4,62,89.9
20150518,17,AQI,169,127,136,123,130,135,122,173,101,137,114,119,129,108,127,114,121,105,118,91,88,113,86,68,103,94,72,99,71,99,144,139,190,129,162
20150518,18,PM2.5,9,8.9,31.4,8.3,14.6,10,7.4,30.2,19.1,30.9,12.9,10.7,22.2,17.1,11.4,17.7,16.5,58.1,13.1,31.5,6.8,9.4,8.1,3,33.9,28.2,3.1,11.8,23.4,30.4,17.6,14.2,,25.9,20.6
20150518,18,PM10,47,68.8,,44,50,45.6,51.4,44.4,45.3,40.9,40.7,52.1,,54.9,65.6,97.7,30,,17.2,45.9,21.7,91,31.1,28.7,,123.8,30.7,72.2,81.2,63.2,54.3,69,70.7,72.5,49.5
20150518,18,AQI,158,119,129,116,123,127,114,163,93,129,106,110,121,102,120,109,114,100,110,87,81,106,78,60,96,89,67,94,70,84,136,132,191,120,152
20150518,19,PM2.5,6.4,5.7,37.1,9.2,9.2,16.2,5.6,30.3,7.3,17.6,9.1,14.5,24.7,3,11.5,15.1,13.3,,9.7,55.9,16.4,11.9,16.8,14,36.7,31,21.1,11.9,31.4,31.3,12.5,4.4,,26,20.1
20150518,19,PM10,40.2,51.3,,49.1,54.1,48.3,33.1,48.4,29.7,36.7,33.5,32.4,,55.2,53.3,55.3,36.1,51.2,19.6,152.6,61.1,116.4,38.2,42.2,,122.3,102.4,67.7,187.5,154.4,41.8,50.9,64.2,74.5,44.9
20150518,19,AQI,146,113,122,108,116,121,106,153,85,120,97,101,112,94,112,102,108,95,101,84,74,99,70,57,90,84,63,89,71,86,129,124,186,109,143
20150518,20,PM2.5,11.9,10.8,27.4,13.7,9.5,12.6,7.6,17.2,14.4,21.2,10.8,12.1,30.2,12.2,15.8,19.3,16,4.1,16,44.1,14.7,21.4,14.6,11.9,36.2,48.1,31.5,13.2,12.8,25.7,21.8,12.2,,19.8,16.2
20150518,20,PM10,39.8,55.5,36.1,38.2,32,21.1,32.5,31.6,35.9,28.1,35,37.3,37,44.5,49.7,85.5,66.1,49.3,25.8,161,83.8,181.4,61.8,49.3,37.8,182.4,131.5,64.1,93.1,168.2,46.3,52.5,69.1,60.4,39.2
20150518,20,AQI,136,105,115,101,108,113,97,142,77,111,88,93,104,86,105,96,102,86,93,81,66,92,62,54,84,80,60,83,71,90,121,116,186,106,133
20150518,21,PM2.5,13.3,15.7,12.1,16.2,15.2,14.3,9.8,25.9,4.9,3,11.2,12.6,16.7,13.8,10.3,95.2,13.2,18,12.3,38.5,29.4,37.1,23.4,15.9,23.7,130.2,31.5,12.8,30.3,47.6,12.9,8.4,,21.3,29.8
20150518,21,PM10,51.6,52.9,36.6,,51.5,70.2,45.1,53.4,38.3,43.4,56.4,55.3,32.6,63.5,55.4,292,118.7,84.7,37.1,206.9,191.4,297.1,133.9,115.1,75.1,451.3,136.5,85.3,83.7,129.2,38.2,43.7,65,59.7,71.8
20150518,21,AQI,124,97,106,93,100,105,89,132,68,101,79,83,94,78,97,95,95,77,84,77,60,86,54,52,77,81,61,77,71,92,112,107,186,103,125
20150518,22,PM2.5,76.8,13.2,26.5,5.7,15.5,18.1,14.4,52.5,9.1,20.3,10.2,15.4,24.3,11.1,15.3,37.1,32.8,33.8,13.9,65.9,39.4,59.8,25.7,29.6,30.9,131.3,76.3,25.9,12.9,40.8,71,12.5,,19.1,43.8
20150518,22,PM10,80.9,74.9,64.1,78.9,82.7,73.2,67,80.9,59.5,46.8,50.6,68.5,27.4,62.5,72.6,160.8,190.8,146.5,42.6,378.6,206.9,327.9,136,208.1,97.6,364.2,306.6,104.2,,66.9,75.7,69.1,83.3,71.1,87.6
20150518,22,AQI,116,89,96,85,92,97,80,123,63,91,69,76,84,71,89,95,87,73,75,83,61,82,56,56,74,84,66,74,71,88,106,98,179,99,117
20150518,23,PM2.5,127.7,17.4,23.4,20.7,29.6,26.2,18.6,81,13.2,3,14.8,19.3,28.7,26.2,24.3,29.3,36.4,36.3,26.2,102.4,44.3,50.1,27,28,32.7,63.1,145.9,22.3,22,48.8,27.1,19,,25.5,72.8
20150518,23,PM10,147.7,144.4,135.1,93.5,136.6,148.1,111.8,104.8,66.3,71.5,88.9,90.5,30.2,85.3,120.7,149.8,206.2,135.3,49.2,534.8,151.6,257.7,93.6,154.6,68.6,161.1,487.9,77,,,111.8,136.5,152.6,116.2,139.7
20150518,23,AQI,111,80,87,77,83,89,71,115,62,79,63,73,75,68,80,95,81,74,67,99,65,81,57,58,73,85,79,72,72,88,96,88,172,92,109
