date,hour,type,dongsi,tiantan,guanyuan,wanshouxigong,aotizhongxing,nongzhanguan,wanliu,beibuxingqu,zhiwuyuan,fentaihuayuan,yungang,gucheng,fangshan,daxing,yizhuang,tongzhou,shunyi,changping,mengtougou,pinggu,huairou,miyun,yanqing,dingling,badaling,miyunshuiku,donggaocun,yongledian,yufa,liulihe,qianmeng,yongdingmengxi,xizhimengbei,nansanhuan,dongsihuan
20151222,0,PM2.5,370,357,262,334,276,417,288,370,192,406,231,313,475,608,465,423,345,214,135,244,165,179,335,121,96,84,195,507,541,831,352,388,291,388,476
20151222,0,PM10,382,,262,,,,,,196,,,,,,,,,238,,,,,,,,,,,607,,,,298,394,
20151222,0,AQI,295,301,302,321,295,305,300,341,226,349,282,285,383,461,403,315,239,251,218,312,191,201,289,249,173,139,259,498,481,500,317,328,323,341,327
20151222,1,PM2.5,369,345,271,276,325,419,293,362,181,318,194,241,372,590,469,465,214,324,113,229,166,149,369,124,98,82,173,517,596,814,326,356,314,337,479
20151222,1,PM10,376,,,,,,,,183,,,,,,,,,347,,,,,,,,,,,693,,,,,363,
20151222,1,AQI,297,303,302,321,295,305,303,345,226,351,281,287,385,457,402,318,240,258,215,311,191,200,293,247,171,136,258,496,486,500,318,330,323,342,327
20151222,2,PM2.5,348,325,305,319,354,382,329,362,178,307,154,211,403,605,486,466,205,234,107,211,143,114,279,115,99,85,183,535,601,617,324,338,368,333,442
20151222,2,PM10,,,,,,,,,,,,,,,,,,,,,,,,,,,,,738,,,,,357,
20151222,2,AQI,299,306,304,323,297,306,308,347,226,353,278,288,388,456,401,321,238,261,213,309,189,197,294,244,168,134,258,493,491,500,319,332,326,343,327
20151222,3,PM2.5,294,310,307,306,298,336,329,328,182,320,126,278,340,777,486,353,168,254,97,223,136,115,226,107,112,90,200,562,604,671,330,332,324,333,388
20151222,3,PM10,,,,,,,,,185,,,,,,,,,256,,,,,,,,,,,668,,,,,342,
20151222,3,AQI,302,308,306,324,298,307,313,348,226,356,276,291,389,465,401,319,238,266,211,308,187,195,295,242,168,132,260,491,497,500,321,333,328,346,327
20151222,4,PM2.5,178,301,232,236,273,296,307,333,171,328,104,243,298,677,464,275,148,134,99,180,125,108,262,103,116,82,230,560,550,593,251,301,273,306,339
20151222,4,PM10,,,,,,,,,,,,,,,,,,,,,,,,,,,,,602,,,,,,
20151222,4,AQI,301,310,307,325,300,309,317,348,226,359,274,294,388,467,402,316,238,265,210,305,185,192,296,240,167,129,263,489,499,500,323,337,329,349,328
20151222,5,PM2.5,146,261,173,172,265,215,248,325,168,319,127,143,210,547,370,169,120,112,94,185,121,104,219,102,115,81,210,558,540,628,177,252,246,237,274
20151222,5,PM10,,,,,,,,,,,,,,,,,,,,,,,,,,,,,578,,,,252,,
20151222,5,AQI,300,313,306,324,301,310,319,349,226,362,273,294,384,468,403,313,235,263,208,304,184,190,297,239,166,127,265,486,500,500,324,340,330,351,328
20151222,6,PM2.5,163,209,172,168,314,210,232,320,142,299,116,117,210,492,249,176,116,116,89,225,115,107,212,110,111,79,196,580,561,580,164,212,222,211,265
20151222,6,PM10,,,,,,,,,,,,,,,,,,117,,,,,,,,,,,614,,,,,,
20151222,6,AQI,300,315,305,324,305,312,320,349,225,364,271,294,383,472,402,312,233,262,207,304,182,189,297,238,164,125,267,484,500,500,323,342,330,352,330
20151222,7,PM2.5,230,167,211,155,250,267,236,307,135,227,141,102,193,472,231,170,109,118,88,185,110,100,228,119,110,78,191,548,600,441,185,188,289,206,326
20151222,7,PM10,,,,,,,,,,,,,,,,,,127,,,,,,,,,,,664,,,,,,
20151222,7,AQI,301,315,305,323,305,316,322,349,224,364,271,291,382,476,402,311,231,260,206,304,181,187,298,237,162,122,269,479,500,500,324,342,333,352,334
20151222,8,PM2.5,224,163,247,224,146,222,213,275,145,177,132,178,169,426,224,174,106,150,91,160,107,112,175,117,124,80,199,511,607,371,248,244,261,211,225
20151222,8,PM10,,,,,,,,,,,,,,,,,,158,,,,,,,,,,,633,,,,,229,
20151222,8,AQI,301,315,307,325,300,318,321,349,224,364,270,292,380,478,403,311,229,260,206,301,178,185,298,236,161,120,272,472,500,500,325,344,334,353,335
20151222,9,PM2.5,149,211,199,181,129,151,201,293,153,220,114,204,198,283,241,226,106,181,89,185,114,121,299,129,116,82,240,551,607,387,163,195,196,206,176
20151222,9,PM10,,,,,,,,,,,,,,,,,,225,,,,,,140,135,,,,655,,,,,221,
20151222,9,AQI,300,316,307,322,294,317,320,348,224,364,270,292,380,475,404,314,227,260,205,297,176,184,301,235,159,118,276,467,500,500,322,342,332,352,334
20151222,10,PM2.5,163,175,161,131,140,152,157,314,,208,140,181,203,,216,264,113,303,100,176,112,133,308,134,123,89,300,572,601,446,146,156,178,156,186
20151222,10,PM10,,,,,,,,,,,,,,,,,,350,,,,,,140,127,,,,620,,,160,,176,194
20151222,10,AQI,300,314,305,317,290,317,315,348,122,363,269,290,380,,405,317,227,264,203,294,175,183,304,232,159,116,284,463,500,500,320,339,329,348,335
20151222,11,PM2.5,265,188,162,162,189,182,156,308,,204,163,179,221,,324,345,119,204,119,218,119,130,256,152,143,90,307,554,494,382,187,174,186,165,209
20151222,11,PM10,,,,,,,,,245,,,,,,,,,233,,,,,,,,,,,498,,,187,,189,234
20151222,11,AQI,304,313,302,313,291,313,311,349,124,361,269,288,379,,407,322,226,263,201,289,175,182,305,229,159,115,287,465,500,500,318,336,327,343,335
20151222,12,PM2.5,334,305,251,241,272,272,201,198,121,191,184,218,201,,422,448,129,207,137,254,107,122,278,185,153,93,413,614,479,249,308,303,267,258,267
20151222,12,PM10,338,,,244,,,,,221,,,,,,,455,,240,,,,,,,,,,,528,,,318,276,307,273
20151222,12,AQI,311,315,303,312,295,314,310,348,219,358,269,288,375,,410,333,225,257,200,288,175,182,306,228,160,114,294,471,500,500,320,336,328,342,338
20151222,13,PM2.5,387,391,288,327,307,342,267,220,203,283,196,248,204,,510,455,158,200,183,234,105,113,237,215,165,90,351,553,535,180,362,393,308,368,344
20151222,13,PM10,399,,,,,,,,251,,,,,,,,,215,,,,,,221,,,,,565,,,420,320,406,349
20151222,13,AQI,317,321,304,315,298,319,310,348,220,358,268,289,369,,412,344,226,253,200,288,174,182,307,224,161,113,300,478,500,500,323,342,329,345,344
20151222,14,PM2.5,415,412,311,384,355,377,297,273,213,333,231,293,231,,580,484,192,226,245,254,105,114,233,239,173,85,444,413,,247,405,440,333,419,394
20151222,14,PM10,426,,317,393,364,,,,258,,241,,,,,,,255,,,,,,244,,,,,670,,,468,347,487,400
20151222,14,AQI,326,328,306,321,303,327,312,350,222,360,269,292,367,,419,356,228,252,203,289,173,182,308,223,162,113,309,482,500,500,330,350,331,352,352
20151222,15,PM2.5,429,475,352,423,388,434,338,328,219,398,263,322,321,,619,407,231,261,277,467,134,109,216,259,181,79,478,381,,273,435,479,388,454,473
20151222,15,PM10,451,478,373,441,414,,,,263,,281,,,,,,,308,,495,,,,268,187,,,,803,,451,522,415,526,482
20151222,15,AQI,336,339,311,329,311,337,317,353,225,366,271,296,370,,428,365,231,255,207,298,175,182,308,220,163,113,318,486,500,500,340,361,337,361,364
20151222,16,PM2.5,489,569,408,515,470,502,396,346,234,499,334,343,468,,442,339,259,337,303,422,165,108,199,333,170,97,447,340,672,324,541,580,419,576,520
20151222,16,PM10,533,577,443,568,507,,,,273,507,362,,,,,,,422,307,449,,,,369,182,,,,756,340,566,644,456,651,530
20151222,16,AQI,349,354,320,343,323,351,324,356,229,377,276,300,377,,435,374,236,261,212,305,179,183,309,223,164,113,326,490,500,500,355,377,346,377,379
20151222,17,PM2.5,507,478,462,545,483,450,390,362,246,629,513,365,612,,372,332,448,308,323,415,168,129,206,409,164,96,436,337,476,525,508,512,488,568,461
20151222,17,PM10,548,,505,559,514,,,,274,648,594,,,,,,,378,332,442,,145,,450,174,96,,,513,,511,522,535,609,
20151222,17,AQI,362,367,331,357,336,363,331,361,231,391,286,306,390,,440,382,249,266,215,311,183,185,309,229,165,114,335,493,500,500,368,390,357,390,392
20151222,18,PM2.5,477,442,511,465,485,426,398,359,240,582,622,372,696,,377,317,421,293,309,437,188,148,211,397,160,111,436,348,370,690,471,469,492,505,423
20151222,18,PM10,490,,557,470,521,,,,256,583,728,,,,386,327,,371,313,469,,170,,412,,116,,,445,,473,484,537,593,
20151222,18,AQI,374,377,342,365,350,375,338,365,233,401,311,311,404,,441,388,260,270,217,355,187,188,308,234,166,115,341,496,500,500,378,399,367,399,402
20151222,19,PM2.5,466,455,478,472,483,413,394,367,268,536,580,444,558,,365,318,381,311,274,455,325,215,251,360,145,126,423,371,317,700,469,478,484,494,413
20151222,19,PM10,476,,512,,499,,,,280,,667,452,,,402,344,,402,,486,340,245,269,377,157,129,,,458,,,496,515,550,415
20151222,19,AQI,382,386,348,368,362,384,343,369,238,405,352,317,407,,439,391,269,274,218,361,196,192,309,239,168,118,344,497,500,500,383,402,374,402,409
20151222,20,PM2.5,427,447,460,470,419,391,387,415,268,510,487,,467,,337,310,367,326,318,472,514,362,330,337,143,126,393,381,310,504,466,460,501,480,403
20151222,20,PM10,,,489,477,,,,,278,,543,594,,,379,368,378,383,359,482,540,432,348,349,158,136,,383,481,,,481,526,516,
20151222,20,AQI,383,389,353,371,365,384,345,373,241,407,367,90,406,,435,388,277,278,222,364,212,200,310,243,171,120,349,495,500,500,385,403,380,403,410
20151222,21,PM2.5,403,416,440,449,378,386,383,414,267,496,487,538,452,369,361,326,391,317,595,467,484,438,341,344,144,178,405,396,299,462,445,440,455,472,398
20151222,21,PM10,,,458,,,,,,288,,536,,,,423,380,,372,643,491,524,515,,,150,198,,401,428,,,463,456,511,
20151222,21,AQI,383,390,357,373,366,385,346,378,245,409,393,333,404,500,432,385,285,283,259,367,225,206,310,249,174,125,355,493,500,500,386,404,384,404,410
20151222,22,PM2.5,386,381,396,417,378,366,393,398,273,486,491,546,438,377,372,345,409,402,575,461,442,440,318,321,147,,427,384,307,429,421,408,416,453,386
20151222,22,PM10,,,405,,,,,,285,,551,,,,414,364,,510,616,466,477,523,,,158,374,,385,502,,,426,417,472,388
20151222,22,AQI,384,390,359,374,368,384,349,381,250,410,401,342,401,498,429,383,286,293,311,366,363,216,311,257,177,113,363,491,500,496,401,403,385,405,409
20151222,23,PM2.5,357,328,398,393,364,355,436,398,275,455,524,584,429,363,354,361,386,365,438,490,468,431,299,299,150,,390,380,328,356,374,380,424,439,360
20151222,23,PM10,,329,410,419,376,,,,289,,627,,446,403,,,,501,,513,506,506,,,157,272,,,520,,382,381,,462,369
20151222,23,AQI,383,388,361,374,373,382,353,383,254,410,413,352,399,491,427,382,286,296,311,372,372,225,312,264,180,120,370,485,500,492,386,403,389,405,407
20151222,0,SO2,44,4,42,26,44,35,43,7,14,17,23,30,30,41,24,42,6,12,8,17,9,11,12,15,8,11,8,12,4,12,23,13,35,22,27
20151222,0,NO2,156,119,130,138,135,179,123,83,134,153,111,121,154,184,151,177,87,89,65,53,55,49,81,39,41,16,89,127,92,111,159,179,129,155,130
20151222,0,O3,4,2,2,9,14,23,4,2,5,4,6,2,4,21,4,2,8,4,5,13,18,6,22,22,18,28,13,17,2,2,2,2,3,8,10
20151222,0,CO,6.9,5.4,5.2,5.9,6.6,8.5,4.8,6.6,3.9,8.2,4.6,7.5,8.6,11.2,7.3,8.2,4.6,5.1,2.6,3,2.6,2.8,5.5,1.5,1.1,1,1.8,8.2,8.6,9.2,6.4,7.3,5.7,6.5,9.5
20151222,1,SO2,48,6,46,35,54,48,43,9,22,19,21,20,36,33,27,54,10,13,7,14,7,10,14,16,7,10,7,14,4,11,30,15,53,24,26
20151222,1,NO2,140,121,129,121,122,152,114,77,124,134,95,79,134,175,152,166,69,85,52,46,37,49,75,37,50,15,73,131,82,105,147,164,133,142,112
20151222,1,O3,4,2,2,11,20,27,7,2,5,3,5,2,2,19,5,2,4,8,10,14,21,4,25,22,8,27,19,17,2,2,2,2,4,9,10
20151222,1,CO,6.6,6,5.3,5.6,8.1,8.3,5.5,7,6,6.9,4.1,5,7.2,11,7.2,8.2,3,7.8,2,2.9,2.3,2.4,6,1.5,1.2,1.1,1.6,8.4,8.2,9.5,6.4,6.9,6.2,6.4,10
20151222,2,SO2,44,7,48,41,46,35,42,9,20,27,17,20,40,30,30,42,9,11,8,7,5,11,11,13,7,8,7,17,2,12,33,27,276,26,24
20151222,2,NO2,118,124,132,125,119,139,107,72,116,123,79,78,125,168,151,130,67,77,47,43,26,49,74,34,45,16,58,124,82,107,136,150,135,136,103
20151222,2,O3,4,2,3,13,19,19,9,2,5,3,4,2,5,19,6,2,6,4,9,14,23,4,17,20,11,23,18,19,2,2,2,2,5,11,8
20151222,2,CO,5.9,6.3,5.8,6.2,8,6.9,6.3,7.6,5.9,6.4,3.3,5,8.9,11.8,8.1,8.4,3.4,6,1.5,2.7,1.7,1.9,4.6,1.5,1.1,1.1,1.6,10.1,8.5,10.6,6.3,6.4,7.2,6.3,8.7
20151222,3,SO2,29,7,37,34,35,27,35,10,13,31,13,28,32,29,37,29,10,11,5,8,4,10,8,12,8,8,6,14,2,12,31,24,34,24,23
20151222,3,NO2,93,108,115,104,110,130,103,68,114,122,62,104,109,156,144,114,62,74,43,46,26,49,67,30,52,18,73,107,113,101,119,131,117,121,94
20151222,3,O3,3,2,2,11,14,17,8,2,5,6,7,2,3,30,7,2,4,5,2,12,22,3,14,22,8,18,13,20,2,2,2,2,3,10,7
20151222,3,CO,4.3,6,4.9,4.6,6.1,5.6,6.1,8.3,4,6.4,3,4.4,7.3,19.2,8.9,5,2.8,7.3,0.1,2.9,1.6,2,4,1.2,1.5,1.2,1.8,10.8,8.3,10.2,5.2,5,4.6,5.1,7.1
20151222,4,SO2,23,6,24,24,25,22,29,10,11,24,9,23,30,24,31,29,8,11,5,7,3,9,7,11,8,7,7,13,2,11,22,19,26,17,22
20151222,4,NO2,68,90,94,82,100,116,105,64,108,115,48,91,97,163,128,119,59,73,46,35,25,48,63,30,53,18,86,94,87,97,94,109,102,104,79
20151222,4,O3,2,2,4,10,12,16,,2,4,8,13,5,2,27,6,2,3,2,21,20,24,3,17,23,8,17,2,19,2,2,2,2,,11,6
20151222,4,CO,3,5.1,3.8,3.4,5.6,5.1,4.9,9.1,2.9,7,2.3,3.8,7.2,15.9,8.3,4.3,2.6,3.2,1.1,2.4,1.5,1.9,4.4,1.2,1.5,1.1,2.1,12.7,8.2,10.2,3.7,4.2,4.5,4.5,6.2
20151222,5,SO2,22,4,17,17,24,19,24,10,13,19,8,16,33,21,25,29,7,10,3,7,2,7,7,10,8,8,6,14,3,11,17,14,20,15,18
20151222,5,NO2,67,69,73,66,102,99,102,62,111,103,64,52,87,149,104,90,57,71,,42,34,49,62,32,51,20,82,112,91,92,76,83,95,87,72
20151222,5,O3,2,2,3,8,12,11,3,2,5,7,6,3,2,21,5,2,2,2,16,14,20,2,13,19,6,17,2,19,2,2,2,2,3,9,5
20151222,5,CO,2.4,4.3,2.6,2.8,5.9,3.7,4.8,9.6,2.6,7,2.4,2.4,5.3,13.5,6.2,3.1,2.1,2.2,1.2,3.1,1.7,1.9,3.4,1.3,1.4,1.1,2,11,8.9,11.9,2.6,4,4.7,3.6,6.7
20151222,6,SO2,25,3,16,15,29,24,20,9,9,19,8,18,29,19,27,28,6,13,4,7,2,7,5,10,10,7,5,14,3,11,17,15,23,15,19
20151222,6,NO2,75,59,77,66,117,104,95,59,87,97,68,49,81,125,86,94,55,72,34,45,32,50,56,36,58,18,71,103,86,85,79,84,91,82,73
20151222,6,O3,2,2,3,7,12,13,3,2,4,4,6,12,2,20,4,2,2,2,22,11,21,2,15,16,3,17,2,21,2,2,2,2,2,9,6
20151222,6,CO,2.6,3.4,3.1,2.6,8.3,4.7,5.7,10,2,6.6,2.2,2.1,5.1,15,4.7,3.4,1.9,1.8,1.4,5,1.8,2,4.1,1.4,1.5,1.1,1.8,12,10.1,12.6,3,3.5,3.9,3.6,6.5
20151222,7,SO2,36,2,20,20,32,30,22,9,7,18,10,16,25,20,26,29,6,13,7,8,2,10,7,12,12,7,5,13,2,10,18,19,23,23,26
20151222,7,NO2,93,59,90,72,112,118,94,56,86,84,80,54,84,131,93,87,53,69,46,45,39,50,52,36,58,18,64,94,94,80,86,94,113,75,78
20151222,7,O3,4,2,4,7,9,17,4,2,4,2,3,6,2,19,5,2,2,3,12,11,15,2,15,18,3,17,2,19,2,2,2,2,3,8,7
20151222,7,CO,4.1,2.7,4.7,2.4,5.9,6.4,6.3,10.2,2.1,5.4,2.7,2,4.3,15.4,4.8,3.1,1.9,1.9,1.3,3.7,1.7,2.1,4.2,1.3,1.5,1.1,2.1,11.4,11,12.4,3.7,3.5,6.5,3.5,8.4
20151222,8,SO2,35,3,24,25,31,35,25,9,6,19,15,19,28,22,28,26,4,7,7,10,2,11,6,12,10,9,13,11,2,10,21,19,30,24,28
20151222,8,NO2,85,68,101,86,79,103,91,56,90,79,73,81,85,137,86,80,54,71,52,51,43,51,55,43,58,18,63,95,69,76,101,106,112,86,71
20151222,8,O3,3,2,4,11,7,11,4,2,4,2,4,2,2,18,4,2,2,2,8,9,14,3,12,10,2,17,2,18,2,2,2,2,2,9,4
20151222,8,CO,4.1,3.1,5.1,4.3,3.1,4.7,5.7,10.1,2.3,5.1,2.4,4,3.9,13.8,4.9,3.2,2,3.3,1.3,3,1.8,2.2,3.2,1.5,2,1.1,3,10.3,11.1,11.3,4.8,4.7,4.9,3.9,5
20151222,9,SO2,29,4,28,34,23,30,42,9,15,21,17,28,40,36,35,32,5,12,11,17,3,19,10,15,15,10,34,11,2,10,26,23,21,27,26
20151222,9,NO2,67,76,88,72,71,96,90,55,90,94,58,85,91,118,90,88,54,85,38,55,41,51,61,41,61,18,84,93,71,76,79,91,91,83,66
20151222,9,O3,3,2,4,8,8,9,4,2,7,2,6,2,2,11,5,2,2,5,18,12,15,6,20,10,4,16,2,19,2,2,2,2,2,8,4
20151222,9,CO,3,4.1,4,2.9,3,3.4,5,10.1,3.3,6.3,2.5,4.3,4.1,7.1,5.7,4.5,1.9,5,1.3,3.9,2.1,2.2,6.1,1.8,1.8,1.2,5,10.3,10.9,11.5,3,3.3,3.6,3.8,4.2
20151222,10,SO2,28,7,31,31,,35,44,9,32,33,20,36,46,,38,38,15,42,17,22,10,28,17,16,27,15,20,13,6,10,27,27,,28,32
20151222,10,NO2,73,76,76,62,82,102,72,58,90,95,65,,93,,83,95,53,96,43,54,44,51,73,32,67,17,58,97,95,76,75,81,80,74,74
20151222,10,O3,3,,4,8,9,9,3,2,8,2,6,3,2,,4,2,3,6,16,14,19,8,17,18,5,20,7,15,2,2,,2,2,7,5
20151222,10,CO,3.4,3.2,3.3,2.4,3.2,3.5,,10.2,5.3,4.2,3.1,3,4.5,,4.7,5.5,1.8,7,1.7,3.1,1.8,2.3,4.7,1.7,1.6,1.2,4.3,9.9,11,11.7,2.8,3,3.1,3.1,4.3
20151222,11,SO2,38,16,27,29,34,35,42,10,32,38,21,42,51,,38,51,20,44,23,30,15,32,22,25,41,18,20,17,12,10,27,28,11,27,32
20151222,11,NO2,90,98,78,71,92,120,70,68,69,93,74,73,96,,99,113,55,94,52,58,41,50,82,43,65,16,62,113,108,83,89,90,86,78,88
20151222,11,O3,4,4,5,9,10,11,5,2,13,2,8,5,3,,4,2,5,3,19,16,27,10,14,21,12,25,6,9,2,2,2,2,2,8,6
20151222,11,CO,4.1,3.3,3,3.3,3.8,4,1,10,2.7,4.6,3.3,3.1,4.7,,5.8,6.2,1.9,4,1.8,3.5,1.7,2.2,3.5,2,1.7,1.2,4.7,8,9.9,9.5,3.6,3.5,3,3.5,4.1
20151222,12,SO2,56,28,34,36,51,51,50,10,37,35,29,41,63,,49,75,23,39,29,31,13,45,31,38,66,16,26,24,16,11,41,37,37,30,39
20151222,12,NO2,104,121,104,94,105,134,81,80,66,84,77,77,99,,114,132,55,99,61,64,36,46,93,66,64,15,67,124,121,102,117,125,107,102,97
20151222,12,O3,5,4,6,11,13,13,6,2,20,2,8,6,3,,5,2,6,3,20,16,32,18,20,17,17,27,19,8,2,2,2,2,2,9,5
20151222,12,CO,5,4.6,3.9,4.2,4.5,4.6,1.4,8.6,2.6,3.2,3.3,3.4,3.5,,7.1,8.8,1.9,3.7,2,4.1,1.4,2.1,3.5,2.5,1.9,1.2,6.4,8.4,8.1,7.4,4.5,4.7,3.9,4.3,4.6
20151222,13,SO2,77,44,37,44,57,66,50,11,40,44,30,41,62,,67,85,31,33,34,23,12,46,48,42,67,17,30,19,21,12,53,50,37,38,52
20151222,13,NO2,120,140,115,111,122,155,92,91,80,113,86,86,114,,130,137,64,93,79,57,39,43,88,84,71,15,80,112,132,108,129,143,115,124,110
20151222,13,O3,5,4,6,12,12,13,8,2,20,2,6,6,2,,4,2,6,7,14,17,31,25,26,14,17,33,8,7,2,2,2,2,3,10,5
20151222,13,CO,6.5,6,4.1,4.7,5.2,6,1.9,6.9,3,4,3.5,3.5,4,,8.9,9.1,2.5,2.9,2.7,3.2,1.4,1.9,2.8,3.2,2.1,1.2,5.4,7.9,8.2,5.8,5.3,6,4,5.3,5.9
20151222,14,SO2,78,50,41,60,67,73,52,11,39,44,30,41,45,,60,63,42,36,38,22,14,54,56,39,61,19,30,17,24,13,61,60,41,46,62
20151222,14,NO2,128,150,119,124,143,164,101,98,87,127,98,96,121,,135,138,77,99,89,71,40,49,91,85,75,15,98,102,146,112,142,154,125,138,119
20151222,14,O3,5,4,6,12,11,14,9,2,20,2,7,8,2,,4,2,7,9,14,18,34,23,30,19,16,37,11,4,2,2,2,2,3,10,5
20151222,14,CO,6.9,6.6,4.3,5.9,6.7,6.4,2.1,5.9,3.2,4.6,3.7,3.8,4.1,,9.7,9.2,3.3,3.4,3,3.8,1.4,1.8,2.6,3.1,2.1,1.1,6.7,6.6,9.1,5,6.4,7,4.4,6.6,6.6
20151222,15,SO2,71,49,47,64,74,69,51,10,37,65,29,41,42,,28,25,48,43,34,24,18,34,51,38,65,25,34,17,23,14,59,59,45,47,62
20151222,15,NO2,132,156,134,133,157,174,117,107,94,142,108,104,143,,120,131,90,118,98,106,55,35,91,90,82,14,107,102,156,126,154,163,143,144,128
20151222,15,O3,4,3,5,11,10,15,7,2,19,2,7,7,3,,3,2,5,5,11,12,29,37,32,17,12,43,9,4,2,2,2,2,2,10,5
20151222,15,CO,7.1,8.1,5.5,7.2,8.2,7.4,2.8,5.3,3.2,5.5,4,4.1,5,,9.3,7.1,3.9,4.7,3.3,7.3,1.7,1.5,2.4,3.4,2.2,1.1,7.5,5.6,10,4.8,7.2,8.1,5.6,7.5,8.2
20151222,16,SO2,62,32,52,52,88,58,58,10,33,50,23,40,51,,17,19,42,42,30,31,22,28,41,51,69,30,27,16,13,13,45,42,46,40,49
20151222,16,NO2,135,148,147,134,169,175,134,117,97,153,123,114,167,,113,133,96,145,108,105,69,41,89,116,82,18,107,104,134,130,149,155,153,137,125
20151222,16,O3,4,2,3,12,10,15,6,2,19,2,8,4,3,,2,2,4,2,8,10,23,32,33,7,10,41,4,3,2,2,2,2,2,8,5
20151222,16,CO,8.2,9.5,6.8,9.1,10.2,8.4,4.4,5.1,3.2,8.3,5.3,4.5,7.2,,6.9,5.7,4.4,6.3,3.6,7.2,2.1,1.4,2.2,5.6,2.2,1.3,7.7,4.4,9.8,4.6,9.1,9.7,7.3,10.1,8.8
20151222,17,SO2,38,17,44,23,75,25,59,9,23,30,20,41,47,,17,19,16,24,21,26,17,27,29,53,58,29,21,15,19,13,24,21,58,27,29
20151222,17,NO2,122,134,148,116,165,158,138,122,104,143,158,119,169,,115,134,110,132,119,106,72,75,99,129,83,20,103,109,126,143,134,139,159,122,111
20151222,17,O3,3,2,3,9,10,10,5,2,9,6,12,2,3,,2,2,5,2,4,8,18,4,21,3,5,38,2,3,2,2,2,2,2,9,3
20151222,17,CO,8.7,7.8,7.9,8.8,9.9,8,5,5.2,3.6,10.1,9.6,5,9.2,,5.9,5.2,8.3,5.5,4.1,7.2,2.3,2.2,2.1,6.7,2.2,1.4,7.5,4.1,8.1,5.2,8.4,8.2,8.5,9.1,8.3
20151222,18,SO2,33,17,28,22,43,24,65,8,16,22,21,48,26,,16,18,9,13,18,23,15,27,21,34,30,28,17,14,21,14,24,26,49,28,27
20151222,18,NO2,118,132,136,114,144,162,142,120,99,129,145,123,145,,114,132,111,127,106,107,74,74,116,116,88,26,97,107,120,142,131,137,153,128,114
20151222,18,O3,3,2,3,8,10,10,5,2,5,2,13,2,3,,2,2,4,2,4,9,18,4,10,2,2,28,2,4,2,2,2,2,2,8,3
20151222,18,CO,8.2,7.5,8.9,7.9,11.1,7.8,5.4,5.3,3.7,9.7,10.6,5.8,9.5,,6.1,5.4,8.1,5.7,3.9,7.5,2.7,2.5,2.6,6.4,2,1.6,7.4,4.3,7.3,6.4,8,8,8.8,8.6,7.9
20151222,19,SO2,43,20,27,23,39,26,69,8,31,20,14,52,26,,15,18,9,13,28,24,11,25,21,26,23,29,15,14,20,13,24,28,55,31,29
20151222,19,NO2,123,135,133,115,144,162,141,116,103,124,129,133,138,,107,130,117,126,101,106,90,75,117,102,83,35,96,103,112,130,131,139,146,119,114
20151222,19,O3,3,2,4,9,10,9,5,2,6,2,8,3,2,,2,2,3,3,4,10,23,9,17,2,2,16,2,6,2,2,2,2,2,8,3
20151222,19,CO,8.1,7.3,8.7,8,10.8,7.2,5.4,5.5,5.6,8.3,9.5,8.1,7.7,,6,5.4,7,6.6,4.1,7.7,5.9,3.8,3.9,5.9,1.9,1.8,7.3,4.8,6.7,6.8,7.6,7.8,8.5,8.3,7.2
20151222,20,SO2,43,20,25,26,42,31,68,8,28,21,14,25,27,,14,18,10,20,25,23,12,22,21,21,47,20,18,15,19,12,28,28,45,32,28
20151222,20,NO2,119,131,132,118,147,164,139,111,104,128,126,127,136,,106,128,116,122,109,105,101,92,114,92,87,34,100,105,107,124,131,139,141,120,114
20151222,20,O3,3,2,3,9,8,9,5,2,6,2,7,2,2,,2,2,3,3,5,9,28,12,22,2,2,11,2,7,2,2,2,2,2,8,3
20151222,20,CO,7.7,6.9,7.9,7.7,9,6.7,5.3,5.8,4.9,7.6,8.2,8.9,6.6,,5.6,5.4,6.8,6.4,6.1,7.4,9.2,6.7,5,5.4,1.9,1.8,7.3,5.1,6.6,6.5,7.2,7.2,9.2,7.5,6.5
20151222,21,SO2,44,21,25,28,42,33,69,9,26,23,14,25,26,25,15,19,12,18,11,22,12,14,28,24,51,29,19,16,18,12,30,30,39,28,27
20151222,21,NO2,119,129,131,115,149,160,137,107,103,129,127,122,135,124,109,127,113,116,132,106,105,95,111,89,89,58,98,104,102,120,129,134,140,120,111
20151222,21,O3,3,2,3,8,7,9,5,2,6,2,8,2,2,7,2,2,4,3,5,9,24,9,23,2,2,2,2,7,2,2,2,2,2,8,4
20151222,21,CO,7.1,6.7,7.7,7.3,8,6.5,5.4,6.3,5.3,7.8,8.5,8.7,6.7,6.8,5.9,5.4,7,6.2,9.8,7.3,8.7,7.8,5.2,5.9,1.9,2.9,7.3,5.4,6.5,6.5,7.1,6.9,8.4,7.5,6.4
20151222,22,SO2,44,12,25,21,35,28,49,9,17,19,10,22,31,23,15,19,11,17,7,19,13,10,23,20,63,24,20,16,18,12,24,27,40,27,26
20151222,22,NO2,114,100,130,111,149,153,134,101,103,125,125,121,133,125,109,129,106,118,128,104,105,96,98,79,94,71,98,105,102,114,124,132,140,115,108
20151222,22,O3,3,2,3,8,7,9,6,2,5,2,10,2,2,7,2,2,5,5,5,9,23,7,19,2,2,2,2,6,2,2,2,2,2,8,4
20151222,22,CO,6.6,6.3,7.4,7,8.3,6.2,6.4,6.6,5,7.7,9,9.3,6.8,6.8,5.7,5.3,7,9.1,9.8,7.2,8.1,7.7,4.9,5.2,2,5.4,7.3,5.4,6.3,6.3,6.7,6.7,7.9,7.4,6.5
20151222,23,SO2,45,9,23,17,30,21,35,9,16,18,9,23,27,19,17,23,10,12,7,16,13,8,20,15,58,18,18,16,15,13,23,23,33,26,23
20151222,23,NO2,111,101,130,108,142,148,130,93,108,123,121,121,136,122,121,133,101,117,92,101,100,94,95,76,83,54,97,101,99,119,124,123,142,114,106
20151222,23,O3,3,2,3,9,8,10,6,2,6,2,10,2,2,9,2,2,4,2,4,10,26,9,19,2,2,2,2,7,2,2,2,2,2,8,4
20151222,23,CO,6.3,6.1,7.5,7.3,8.3,6.2,7.5,6.9,4.8,7.3,9.6,9.8,7.2,7.6,5.5,5.4,6.9,8.7,7.4,7.8,8.6,7.9,4.5,4.8,2,3.8,6.5,5.7,6.4,5.8,6.3,6.5,8.8,7.4,6.2
