date,hour,type,dongsi,tiantan,guanyuan,wanshouxigong,aotizhongxing,nongzhanguan,wanliu,beibuxingqu,zhiwuyuan,fentaihuayuan,yungang,gucheng,fangshan,daxing,yizhuang,tongzhou,shunyi,changping,mengtougou,pinggu,huairou,miyun,yanqing,dingling,badaling,miyunshuiku,donggaocun,yongledian,yufa,liulihe,qianmeng,yongdingmengxi,xizhimengbei,nansanhuan,dongsihuan
20151101,0,SO2,17,2,7,3,9,17,2,18,2,8,8,4,8,7,12,21,2,2,2,6,2,2,4,9,7,2,10,5,8,8,11,12,16,14,19
20151101,0,NO2,90,71,91,85,104,108,79,52,51,90,61,69,72,85,87,62,67,44,58,62,35,47,60,38,54,18,56,52,80,69,96,121,98,105,67
20151101,0,O3,2,2,2,3,7,5,2,2,12,2,3,2,3,10,6,2,2,21,4,18,22,2,6,21,9,15,35,2,2,2,2,2,2,4,2
20151101,0,CO,1.3,1.6,1.3,1.4,1.9,1.3,1.4,1.5,0.4,1.4,0.9,1.6,1.7,1.7,1.6,1.9,1.6,0.4,0.5,1.3,0.7,0.8,1.3,1.2,0.6,0.4,1.1,1.9,1.7,1,1.7,2.1,1.8,1.4,2.4
20151101,1,SO2,12,2,6,2,8,12,2,18,2,9,6,4,8,5,8,22,2,2,2,6,2,2,6,9,7,2,10,9,5,9,8,10,15,17,
20151101,1,NO2,88,66,86,78,93,96,69,54,57,78,47,67,64,84,80,59,49,57,57,52,30,50,63,33,51,23,55,44,69,60,89,111,91,112,
20151101,1,O3,3,2,2,3,7,6,2,2,5,2,4,2,3,10,6,2,2,12,2,17,23,2,4,24,10,13,34,2,2,2,2,2,2,4,
20151101,1,CO,1.9,1.3,1.2,1.5,1.7,1.5,1.4,1.6,0.4,1.4,0.6,1.3,1.8,1.7,1.6,2.1,2.2,0.6,0.6,1.6,0.6,0.7,1.2,1.1,0.5,0.5,1.1,2.4,1.7,1.1,1.4,2.2,1.8,1.7,
20151101,2,SO2,8,2,6,2,8,20,2,15,2,9,3,3,10,4,7,15,9,2,2,,2,2,4,9,21,3,9,3,3,8,6,11,14,18,33
20151101,2,NO2,75,69,83,69,90,104,70,48,60,74,41,61,63,77,79,54,29,62,48,,26,47,53,33,63,23,56,40,58,62,82,99,89,112,
20151101,2,O3,2,2,2,4,7,9,2,2,3,2,2,2,2,10,6,2,2,4,6,,24,2,4,22,10,9,31,2,2,2,2,2,2,4,2
20151101,2,CO,1.5,1.4,1.2,1.7,1.6,2.5,1.2,1.6,0.5,1.5,0.5,1.4,1.6,1.7,1.7,2.4,0.7,0.8,0.5,,0.6,0.6,1.3,1,0.6,0.4,1.2,2.5,1.7,1.1,1.4,2.1,1.5,1.9,3.6
20151101,3,SO2,,,,,,,,,,,,,,,,,,,,,,,,,,,,,,,,,,,
20151101,3,NO2,,,,,,,,,,,,,,,,,,,,,,,,,,,,,,,,,,,
20151101,3,O3,,,,,,,,,,,,,,,,,,,,,,,,,,,,,,,,,,,
20151101,3,CO,,,,,,,,,,,,,,,,,,,,,,,,,,,,,,,,,,,
20151101,4,SO2,,,,,,,,,,,,,,,,,,,,,,,,,,,,,,,,,,,
20151101,4,NO2,,,,,,,,,,,,,,,,,,,,,,,,,,,,,,,,,,,
20151101,4,O3,,,,,,,,,,,,,,,,,,,,,,,,,,,,,,,,,,,
20151101,4,CO,,,,,,,,,,,,,,,,,,,,,,,,,,,,,,,,,,,
20151101,5,SO2,,,,,,,,,,,,,,,,,,,,,,,,,,,,,,,,,,,
20151101,5,NO2,,,,,,,,,,,,,,,,,,,,,,,,,,,,,,,,,,,
20151101,5,O3,,,,,,,,,,,,,,,,,,,,,,,,,,,,,,,,,,,
20151101,5,CO,,,,,,,,,,,,,,,,,,,,,,,,,,,,,,,,,,,
20151101,6,SO2,,,,,,,,,,,,,,,,,,,,,,,,,,,,,,,,,,,
20151101,6,NO2,,,,,,,,,,,,,,,,,,,,,,,,,,,,,,,,,,,
20151101,6,O3,,,,,,,,,,,,,,,,,,,,,,,,,,,,,,,,,,,
20151101,6,CO,,,,,,,,,,,,,,,,,,,,,,,,,,,,,,,,,,,
20151101,7,SO2,,,,,,,,,,,,,,,,,,,,,,,,,,,,,,,,,,,
20151101,7,NO2,,,,,,,,,,,,,,,,,,,,,,,,,,,,,,,,,,,
20151101,7,O3,,,,,,,,,,,,,,,,,,,,,,,,,,,,,,,,,,,
20151101,7,CO,,,,,,,,,,,,,,,,,,,,,,,,,,,,,,,,,,,
20151101,8,SO2,3,2,3,2,2,6,3,19,2,6,2,3,11,4,7,7,3,10,2,,2,2,2,20,43,5,7,7,2,8,4,13,12,15,10
20151101,8,NO2,53,40,60,50,61,55,57,36,48,66,39,56,66,64,63,39,51,56,45,,40,43,32,44,34,16,66,29,27,31,57,71,64,73,47
20151101,8,O3,4,2,2,3,6,3,2,2,8,2,9,3,3,6,9,2,2,4,5,,13,2,4,11,26,13,28,3,2,2,2,2,2,2,2
20151101,8,CO,0.8,0.7,1,0.7,0.9,0.7,2.3,1.9,0.6,1.5,0.7,2.2,1.9,1.3,1,0.9,0.8,1.1,0.6,,0.8,0.7,1.3,1.3,0.7,0.4,1,2.3,2.1,1.1,0.8,1,1.7,1.1,1.1
20151101,9,SO2,3,2,3,2,2,6,3,19,2,6,2,3,11,4,7,7,3,10,2,,2,,2,20,43,5,7,7,2,,4,13,12,15,10
20151101,9,NO2,53,40,60,50,61,55,57,36,48,66,39,56,66,64,63,39,51,56,45,,40,,32,44,34,16,66,29,27,,57,71,64,73,47
20151101,9,O3,4,2,2,3,6,3,2,2,8,2,9,3,3,6,9,2,2,4,5,,13,2,4,11,26,13,28,3,2,2,2,2,2,2,2
20151101,9,CO,0.8,0.7,1,0.7,,0.7,2.3,1.9,0.6,1.5,0.7,,1.9,1.3,,0.9,0.8,,0.6,,0.8,,1.3,1.3,0.7,0.4,1,2.3,2.1,,0.8,1,1.7,1.1,1.1
20151101,10,SO2,8,5,13,8,8,9,9,18,6,15,6,8,14,10,11,14,4,16,10,,2,3,29,28,30,5,8,11,7,6,9,18,16,18,11
20151101,10,NO2,48,64,65,58,70,58,73,66,70,63,48,80,68,81,65,48,36,65,53,,27,36,47,22,22,10,41,86,106,69,55,70,72,79,60
20151101,10,O3,18,10,11,11,14,9,3,2,5,2,13,3,13,10,18,5,20,8,13,,28,12,10,53,47,30,57,7,2,9,7,4,2,5,9
20151101,10,CO,0.7,0.8,1,0.9,1.1,0.8,1.4,1.7,1.1,1,0.8,1.5,1.1,1.4,1,0.8,0.5,1.6,0.7,,0.5,0.5,1.2,1,0.5,0.3,0.6,2.4,2.3,0.9,0.8,0.8,1.2,1.2,1
20151101,11,SO2,11,8,16,13,15,15,16,18,8,18,8,12,16,13,14,14,5,16,15,,3,5,27,23,22,5,8,10,18,8,14,20,18,21,15
20151101,11,NO2,52,66,64,58,73,56,63,68,71,57,58,81,80,102,69,45,29,29,64,,25,19,44,17,21,9,43,91,111,69,59,72,81,83,60
20151101,11,O3,21,14,16,18,22,19,12,5,10,7,23,6,17,11,26,17,31,33,10,,37,39,17,61,52,39,58,12,5,17,12,9,3,8,16
20151101,11,CO,0.8,0.8,0.9,0.9,1.3,0.8,0.9,1.2,1,0.8,0.9,1.2,1.3,1.5,1,0.7,0.4,0.5,0.7,,0.4,0.3,0.9,0.9,0.4,0.3,0.5,1.5,1.7,0.8,0.8,0.8,1.1,1.3,0.8
20151101,12,SO2,11,7,12,11,15,15,12,18,8,13,9,14,13,11,13,14,7,7,11,,3,4,28,20,16,4,6,8,19,10,13,25,17,19,14
20151101,12,NO2,54,69,57,51,81,58,57,60,63,77,66,76,69,102,72,36,39,27,70,,24,16,35,15,20,7,49,88,79,71,69,81,76,87,54
20151101,12,O3,27,20,25,27,26,26,22,13,23,7,40,48,33,15,32,30,30,42,49,,47,46,30,66,57,48,55,23,30,26,13,13,7,11,28
20151101,12,CO,0.8,0.8,0.8,0.7,1.3,0.7,0.7,0.9,0.8,1,0.7,0.8,1,1.3,0.9,0.6,0.5,0.4,0.6,,0.4,0.3,0.8,0.9,0.4,0.2,0.5,1,1.1,0.7,0.9,0.9,0.9,1.2,0.7
20151101,13,SO2,9,7,10,10,12,12,10,16,9,13,7,10,14,10,14,12,8,6,7,,4,3,22,15,13,4,7,7,18,11,12,20,13,18,13
20151101,13,NO2,51,82,61,80,75,63,80,52,74,78,52,60,66,79,109,36,38,32,49,,24,18,25,10,27,4,56,67,81,74,70,92,68,109,62
20151101,13,O3,33,20,32,22,32,32,21,21,40,45,36,86,38,41,26,36,35,40,119,,51,52,48,77,53,57,54,41,42,40,20,15,15,13,32
20151101,13,CO,0.7,0.8,0.8,0.9,1,0.8,0.9,0.7,0.8,0.7,0.7,0.7,1,0.9,1.2,0.5,0.5,0.4,0.5,,0.5,0.3,0.6,0.8,0.4,0.2,0.5,0.7,1.1,0.7,0.9,0.9,0.8,1.2,0.8
20151101,14,SO2,9,6,10,9,10,11,8,15,7,11,8,9,15,11,11,10,9,5,6,,5,2,15,12,11,3,4,6,16,11,11,18,14,16,11
20151101,14,NO2,72,82,70,69,78,79,80,54,55,56,52,54,67,66,85,39,35,25,44,,30,16,16,11,38,3,32,65,57,81,90,89,103,114,69
20151101,14,O3,42,48,56,54,46,33,47,25,89,50,44,67,50,58,44,39,39,49,94,,49,61,65,80,54,62,77,46,72,47,36,44,22,25,35
20151101,14,CO,0.8,0.7,0.8,0.7,0.9,0.8,0.7,0.6,0.6,0.6,0.6,0.6,1,0.8,0.9,0.6,0.5,0.3,0.4,,0.5,0.3,0.5,0.8,0.4,0.2,0.3,0.6,1,0.7,0.8,0.7,0.9,1,0.8
20151101,15,SO2,7,5,8,8,9,10,8,14,8,11,7,9,13,11,11,11,8,5,7,,5,3,13,12,12,3,4,6,14,10,9,14,11,15,10
20151101,15,NO2,52,56,55,54,81,73,73,60,52,60,53,52,73,62,58,70,40,31,50,,31,15,15,12,37,2,30,64,47,78,72,66,83,104,78
20151101,15,O3,58,64,60,58,62,55,48,37,76,55,46,75,55,67,73,27,36,51,92,,49,65,70,80,55,64,79,52,85,52,41,56,33,23,56
20151101,15,CO,0.6,0.5,0.6,0.6,0.8,0.7,0.7,0.6,0.5,0.6,0.6,0.6,1,0.8,0.6,0.8,0.5,0.3,0.5,,0.5,0.3,0.4,0.8,0.4,0.2,0.3,0.6,1,0.6,0.6,0.5,0.7,1,0.7
20151101,16,SO2,8,6,9,7,9,10,8,14,8,11,7,7,12,8,11,9,7,6,5,,6,5,11,13,13,5,5,5,15,8,10,17,12,13,9
20151101,16,NO2,56,62,63,61,82,69,79,72,53,70,54,60,86,59,51,60,66,55,56,,34,19,17,18,49,6,35,41,51,57,83,78,99,98,61
20151101,16,O3,61,70,69,66,60,54,57,37,72,59,41,57,44,72,85,45,30,53,58,,49,58,71,78,47,62,72,65,94,64,42,60,32,35,63
20151101,16,CO,0.6,0.6,0.7,0.6,0.8,0.6,0.6,0.6,0.5,0.7,0.7,0.6,1,0.7,0.6,0.6,0.6,0.5,0.5,,0.5,0.3,0.4,0.9,0.4,0.2,0.4,0.4,1.1,0.5,0.7,0.6,0.8,0.9,0.6
20151101,17,SO2,7,3,8,5,9,10,6,12,7,10,5,7,10,7,9,11,7,6,3,,6,5,9,14,11,7,7,8,11,7,9,16,12,13,9
20151101,17,NO2,73,77,84,86,105,83,98,84,68,103,52,84,85,84,57,64,79,68,67,,74,35,18,55,56,14,57,49,57,59,106,96,119,130,74
20151101,17,O3,53,55,42,37,54,56,24,23,47,11,40,33,37,48,79,39,28,52,39,,42,41,69,65,45,51,49,66,68,56,24,39,14,15,66
20151101,17,CO,0.7,0.6,0.8,0.8,0.9,0.7,0.8,0.6,0.5,0.8,0.6,0.7,0.9,0.8,0.6,0.6,0.7,0.6,0.5,,0.7,0.4,0.4,1.1,0.4,0.3,0.5,0.6,1.1,0.5,0.8,0.7,1,1.1,0.6
20151101,18,SO2,7,2,8,3,7,9,5,12,2,8,4,6,12,7,9,10,11,5,3,,6,2,8,14,10,9,9,6,10,6,9,16,13,11,7
20151101,18,NO2,105,109,104,111,134,117,113,106,63,116,63,99,116,89,96,76,120,101,106,,89,79,23,61,45,21,113,61,77,53,127,137,133,131,104
20151101,18,O3,18,13,16,11,14,19,6,2,35,2,29,13,7,29,30,24,3,21,5,,34,2,61,52,45,40,13,45,34,51,2,2,2,4,29
20151101,18,CO,0.9,0.8,0.9,1.1,1.2,0.9,0.9,0.7,0.5,1.2,0.7,0.8,1.3,0.9,0.8,0.7,0.9,0.8,0.9,,0.8,0.7,0.4,1.1,0.5,0.3,0.9,0.6,1.3,0.5,1.1,1,1.3,1.3,0.8
20151101,19,SO2,8,2,8,4,7,10,5,13,2,8,3,7,14,10,10,11,10,4,2,,4,3,11,11,8,11,8,5,10,5,10,18,13,11,8
20151101,19,NO2,105,111,102,112,142,108,118,99,53,115,82,107,118,98,101,80,130,120,104,,109,98,45,70,59,47,76,94,106,71,120,126,133,116,102
20151101,19,O3,9,2,15,3,8,18,2,2,36,2,7,4,4,15,15,16,2,3,3,,22,2,35,18,22,14,43,16,6,31,2,2,2,3,25
20151101,19,CO,1,1,1,1.7,1.3,0.9,1,0.8,0.5,1.2,0.9,1,1.3,1.1,1,0.8,1.1,1.2,1.3,,1,1.3,0.8,1.4,0.5,0.6,0.7,0.8,1.9,0.7,1.2,1,1.3,1.3,0.8
20151101,20,SO2,10,2,10,4,9,14,6,18,2,8,3,7,15,22,14,15,6,4,2,,3,2,10,12,6,8,8,11,9,5,12,22,13,14,11
20151101,20,NO2,97,103,105,102,132,111,109,92,51,109,75,106,118,77,106,88,118,86,81,,114,93,72,111,54,55,57,91,109,74,107,114,123,119,99
20151101,20,O3,7,4,6,3,9,9,2,2,27,2,8,3,3,35,9,3,3,15,2,,12,6,7,13,17,7,61,31,2,22,2,2,2,4,19
20151101,20,CO,1.1,1,1,1.3,1.2,1.1,0.9,1.9,0.5,1.4,0.9,1.2,1.4,1.1,1.4,0.9,2,1,1,,1.6,2.5,0.9,1.2,0.5,0.6,0.7,1.4,2,0.8,1.2,1,1.3,1.3,0.9
20151101,21,SO2,14,2,12,4,11,18,4,15,2,9,4,6,15,21,15,27,4,3,2,,2,2,9,11,10,3,11,11,13,5,13,25,16,18,14
20151101,21,NO2,100,102,106,100,135,112,105,91,48,107,72,101,114,84,106,91,110,57,75,,91,82,73,40,55,16,55,100,99,78,110,118,122,116,102
20151101,21,O3,4,3,3,4,5,8,2,2,26,2,7,4,3,26,8,2,2,24,2,,11,3,6,37,14,24,65,18,2,13,2,2,2,4,15
20151101,21,CO,1.2,1.1,1.2,1.5,1.4,1.1,1.1,2,0.4,1.3,1,1.7,1.7,1.3,1.5,1.1,2,0.7,1.2,,1.4,1.6,1.3,1.1,0.5,0.4,0.9,1.6,1.9,0.9,1.5,1.1,1.4,1.5,1
20151101,22,SO2,13,2,7,3,6,14,4,16,2,7,5,4,14,13,13,30,3,2,2,,2,2,7,11,11,3,16,3,15,5,11,21,16,15,12
20151101,22,NO2,99,96,104,96,130,112,100,78,48,94,55,90,106,89,105,85,100,63,71,,65,80,67,47,40,15,57,86,99,82,104,115,113,103,97
20151101,22,O3,4,2,2,3,3,5,2,2,24,2,15,2,2,16,7,2,2,15,2,,15,2,7,21,32,25,60,10,2,8,2,2,2,4,2
20151101,22,CO,1.2,1.1,1.5,1.5,1.5,1.3,1.3,2.3,0.4,1.5,0.8,1.8,1.6,1.5,1.6,1.5,1.5,0.8,1.1,,1.1,1.2,1.6,1.1,0.5,0.4,1.1,1.5,1.8,0.9,1.5,1.4,1.8,1.4,1.6
20151101,23,SO2,12,2,6,,,9,3,16,2,7,3,4,10,8,11,21,2,2,2,,2,2,5,10,11,3,13,3,16,6,9,10,18,15,13
20151101,23,NO2,100,78,104,,,109,91,68,53,88,42,82,98,93,98,67,89,77,70,,45,71,53,38,44,20,59,79,101,90,102,120,104,109,87
20151101,23,O3,2,2,2,,,5,2,2,19,2,24,4,4,11,7,2,2,3,2,,23,2,8,24,40,18,48,5,2,2,2,2,2,3,2
20151101,23,CO,1.4,1.1,1.8,,,1.4,1.5,2.2,0.5,1.9,0.6,2.4,2.2,1.9,1.6,2.2,1.4,1.3,1.1,,0.8,1.4,1.7,0.9,0.5,0.4,1,1.7,1.9,0.9,1.5,2.3,2.7,1.4,1.9
20151101,0,PM2.5,114,100,88,114,83,108,71,80,32,130,67,79,96,136,134,136,103,39,33,99,41,40,77,34,29,19,95,133,142,132,114,133,83,140,108
20151101,0,PM10,162,120,116,160,132,118,117,196,50,186,95,142,115,163,179,262,121,47,65,100,47,73,105,48,41,26,,145,144,166,180,201,150,245,179
20151101,0,AQI,66,60,64,63,60,67,63,88,44,91,60,79,76,86,89,76,54,62,71,47,40,61,57,51,43,26,33,98,86,90,68,73,74,84,73
20151101,1,PM2.5,125,105,73,118,85,103,66,74,37,89,61,72,95,133,135,149,83,34,36,90,40,34,72,33,32,21,97,150,143,123,100,134,81,145,
20151101,1,PM10,161,114,84,156,124,120,92,153,52,212,86,125,138,171,165,239,87,63,87,,42,47,120,51,32,24,,173,143,165,125,236,144,260,
20151101,1,AQI,68,63,64,64,60,69,64,88,44,93,61,79,77,88,91,78,55,62,71,48,40,61,59,51,44,27,37,102,90,93,69,76,73,87,
20151101,2,PM2.5,87,109,64,111,84,125,60,69,36,84,45,54,90,133,139,152,70,47,31,,36,24,69,31,37,25,110,147,150,125,80,119,86,142,174
20151101,2,PM10,124,119,91,148,121,,83,139,56,212,60,95,144,165,169,241,73,68,58,,39,46,92,62,47,38,,148,,166,107,206,152,261,318
20151101,2,AQI,,,,,,,,,,,,,,,,,,,,,,,,,,,,,,,,,,,
20151101,3,PM2.5,,,,,,,,,,,,,,,,,,,,,,,,,,,,,,,,,,,
20151101,3,PM10,,,,,,,,,,,,,,,,,,,,,,,,,,,,,,,,,,,
20151101,3,AQI,,,,,,,,,,,,,,,,,,,,,,,,,,,,,,,,,,,
20151101,4,PM2.5,,,,,,,,,,,,,,,,,,,,,,,,,,,,,,,,,,,
20151101,4,PM10,,,,,,,,,,,,,,,,,,,,,,,,,,,,,,,,,,,
20151101,4,AQI,,,,,,,,,,,,,,,,,,,,,,,,,,,,,,,,,,,
20151101,5,PM2.5,,,,,,,,,,,,,,,,,,,,,,,,,,,,,,,,,,,
20151101,5,PM10,,,,,,,,,,,,,,,,,,,,,,,,,,,,,,,,,,,
20151101,5,AQI,,,,,,,,,,,,,,,,,,,,,,,,,,,,,,,,,,,
20151101,6,PM2.5,,,,,,,,,,,,,,,,,,,,,,,,,,,,,,,,,,,
20151101,6,PM10,,,,,,,,,,,,,,,,,,,,,,,,,,,,,,,,,,,
20151101,6,AQI,,,,,,,,,,,,,,,,,,,,,,,,,,,,,,,,,,,
20151101,7,PM2.5,,,,,,,,,,,,,,,,,,,,,,,,,,,,,,,,,,,
20151101,7,PM10,,,,,,,,,,,,,,,,,,,,,,,,,,,,,,,,,,,
20151101,7,AQI,,,,,,,,,,,,,,,,,,,,,,,,,,,,,,,,,,,
20151101,8,PM2.5,38,35,36,27,37,39,69,75,42,62,41,74,73,56,65,49,41,43,31,,40,39,58,39,30,26,97,163,130,86,36,43,52,51,51
20151101,8,PM10,71,57,52,46,54,,120,142,56,129,60,187,104,66,99,71,56,75,85,,62,63,84,73,124,42,,194,,105,65,108,122,111,79
20151101,8,AQI,78,71,68,73,66,82,70,90,51,90,65,82,84,101,110,104,63,60,68,,45,62,59,57,52,33,69,125,114,105,77,85,74,92,90
20151101,9,PM2.5,38,35,36,27,,39,69,75,42,62,41,,73,56,,49,41,43,31,,40,39,58,39,30,26,97,163,130,86,36,43,52,51,51
20151101,9,PM10,71,57,52,46,54,,120,142,56,129,60,187,104,66,,71,56,75,85,,62,63,84,73,124,42,,194,,105,65,108,122,111,79
20151101,9,AQI,,,,,,,,,,,,,,,,,,,,,,,,,,,,,,,,,,,
20151101,10,PM2.5,44,48,51,46,53,43,59,82,56,46,46,76,53,68,67,59,35,74,36,,31,43,66,16,24,18,63,205,158,78,48,52,56,50,44
20151101,10,PM10,70,71,61,65,81,54,83,124,84,65,102,127,71,137,130,97,58,162,99,,52,58,106,29,49,24,,242,187,92,105,89,96,106,70
20151101,10,AQI,80,74,71,76,69,84,74,91,52,91,66,86,86,103,111,107,65,61,69,,46,63,62,56,52,35,75,136,124,107,80,89,77,94,92
20151101,11,PM2.5,46,42,41,40,60,48,41,62,61,40,53,73,66,83,61,50,27,17,84,,28,15,58,15,24,22,51,143,129,66,49,44,54,50,48
20151101,11,PM10,69,63,60,59,82,,56,88,78,51,109,120,90,150,118,67,51,20,139,,48,22,68,26,47,,,159,,79,58,68,97,95,64
20151101,11,AQI,81,75,71,77,71,86,75,92,53,92,67,88,88,106,113,108,66,59,70,,47,63,62,55,52,35,78,140,129,108,81,90,79,95,93
20151101,12,PM2.5,44,38,37,30,55,33,39,45,38,54,61,62,61,85,51,41,34,15,52,,28,19,31,9,17,10,49,105,90,66,45,44,49,50,35
20151101,12,PM10,61,55,,42,79,45,41,66,66,117,98,93,70,152,102,60,,24,132,,38,19,52,26,50,17,,,,76,57,70,80,96,52
20151101,12,AQI,82,76,72,78,73,87,76,92,54,93,68,89,90,109,114,109,68,59,71,,48,62,63,53,53,36,80,144,132,111,82,91,80,97,94
20151101,13,PM2.5,37,46,40,56,49,38,45,26,45,63,62,74,67,69,99,34,34,14,55,,31,18,30,14,22,8,47,72,84,79,41,55,35,90,35
20151101,13,PM10,50,78,64,119,60,41,73,42,83,98,64,90,,74,167,49,41,27,64,,43,,36,17,43,9,,,100,83,70,109,59,165,52
20151101,13,AQI,83,77,73,79,75,88,77,92,54,94,70,92,92,111,118,109,69,58,72,,50,63,64,53,53,35,82,146,136,114,82,92,80,100,95
20151101,14,PM2.5,59,69,59,68,45,46,65,23,54,58,62,63,58,65,80,34,30,14,45,,29,3,14,10,17,6,20,59,89,80,71,66,57,75,40
20151101,14,PM10,108,103,76,87,69,74,73,42,77,69,,73,61,68,113,52,43,22,68,,43,7,33,19,51,,,66,,85,118,104,105,123,65
20151101,14,AQI,85,79,74,81,76,88,79,92,55,95,72,94,93,113,120,110,70,58,72,,51,63,64,52,54,35,82,148,139,116,84,94,82,102,96
20151101,15,PM2.5,62,56,56,50,58,64,58,29,49,58,34,55,65,62,59,65,21,18,50,,29,4,19,11,21,5,15,67,93,77,55,53,54,70,55
20151101,15,PM10,77,67,62,67,81,94,68,62,69,79,67,79,69,85,80,145,32,32,80,,,21,45,29,52,9,,,,,71,77,79,114,91
20151101,15,AQI,86,80,76,83,77,90,81,92,55,95,73,95,95,114,122,112,70,58,73,,52,64,65,51,54,35,83,150,143,118,86,95,83,104,97
20151101,16,PM2.5,61,69,60,61,59,56,51,42,45,63,81,57,76,60,64,60,39,31,55,,24,3,20,14,23,9,19,41,106,58,65,63,60,68,50
20151101,16,PM10,92,80,72,78,84,72,67,92,65,87,101,97,84,,84,97,61,68,111,,31,29,52,38,61,22,,45,,,98,88,88,111,66
20151101,16,AQI,88,82,77,85,79,92,82,93,56,97,75,96,97,116,124,114,71,59,74,,52,64,64,51,55,35,83,150,147,120,88,97,85,105,99
20151101,17,PM2.5,63,59,72,70,66,63,61,47,53,78,73,72,66,69,71,63,57,47,53,,46,8,25,39,21,19,30,80,104,74,74,67,71,74,60
20151101,17,PM10,106,84,99,100,101,78,93,113,79,114,84,134,67,115,94,131,73,77,102,,80,29,43,87,62,35,37,92,113,83,121,106,109,141,82
20151101,17,AQI,90,84,79,87,81,94,83,93,56,99,77,98,99,118,126,116,72,59,75,,53,64,65,52,54,36,84,154,151,121,90,99,87,108,100
20151101,18,PM2.5,83,80,79,81,83,76,70,54,60,85,62,76,79,79,84,79,68,58,62,,61,33,12,46,22,20,77,94,116,71,88,85,83,98,72
20151101,18,PM10,150,96,104,125,122,108,101,141,67,150,105,137,110,105,130,136,85,112,181,,84,85,34,84,61,57,91,101,138,83,168,140,135,177,96
20151101,18,AQI,92,86,81,90,83,95,85,93,57,101,77,99,100,121,129,118,73,60,76,,55,63,64,52,53,36,87,158,155,122,92,102,89,111,103
20151101,19,PM2.5,92,85,83,96,90,89,75,69,45,98,91,92,108,99,105,92,79,77,81,,73,51,39,58,27,40,66,109,191,112,98,93,92,100,83
20151101,19,PM10,137,98,121,141,131,108,120,189,71,168,148,166,143,135,159,159,102,129,245,,105,192,67,114,72,94,,129,211,131,154,140,151,161,110
20151101,19,AQI,94,89,83,92,85,98,86,94,57,103,79,98,102,123,131,121,75,61,75,,56,64,65,52,54,38,88,159,163,125,95,104,91,113,105
20151101,20,PM2.5,105,94,105,107,102,105,88,208,45,127,91,102,125,120,152,124,129,70,67,,91,113,50,51,33,42,74,190,204,130,111,114,110,120,97
20151101,20,PM10,160,117,149,160,143,125,128,390,66,204,145,192,147,150,210,174,174,106,169,,143,216,78,86,81,117,,213,207,145,176,171,171,206,130
20151101,20,AQI,96,92,85,95,88,100,87,99,58,106,79,99,104,126,134,125,79,61,75,,58,62,65,56,54,41,91,165,171,128,97,107,93,115,107
20151101,21,PM2.5,128,125,122,124,124,127,95,124,38,129,95,133,139,121,170,146,136,47,71,,89,98,56,45,49,24,126,216,198,138,128,134,129,139,117
20151101,21,PM10,172,143,160,168,169,143,148,236,52,192,132,225,163,170,220,201,176,67,145,,108,172,101,68,146,43,,,,152,194,184,186,228,147
20151101,21,AQI,99,96,88,97,90,103,88,99,58,108,81,100,107,128,138,128,82,61,75,,60,60,66,53,56,40,96,173,177,131,99,109,96,117,110
20151101,22,PM2.5,131,126,127,123,125,123,94,140,34,141,67,108,138,139,176,167,115,42,63,,75,71,81,43,43,28,158,199,194,132,128,139,128,144,124
20151101,22,PM10,165,142,158,156,152,137,171,251,53,195,91,194,166,189,227,266,140,65,110,,77,188,108,122,85,36,,,,139,184,193,188,224,183
20151101,22,AQI,101,99,90,98,93,105,89,99,58,110,80,100,108,130,140,131,83,60,75,,62,61,67,54,57,39,103,178,181,131,101,110,98,119,112
20151101,23,PM2.5,133,122,118,,,125,96,140,42,135,63,119,164,156,172,201,114,56,55,,57,88,82,25,41,32,139,195,200,126,130,155,128,151,130
20151101,23,PM10,165,122,154,,,132,166,289,56,214,64,208,206,203,212,355,131,102,119,,65,192,118,66,73,51,,,208,140,173,214,209,278,196
20151101,23,AQI,103,100,92,,,107,90,102,59,110,79,101,111,131,143,135,82,61,76,,62,62,68,55,57,40,108,183,184,131,102,111,99,120,114
