date,hour,type,dongsi,tiantan,guanyuan,wanshouxigong,aotizhongxing,nongzhanguan,wanliu,beibuxingqu,zhiwuyuan,fentaihuayuan,yungang,gucheng,fangshan,daxing,yizhuang,tongzhou,shunyi,changping,mengtougou,pinggu,huairou,miyun,yanqing,dingling,badaling,miyunshuiku,donggaocun,yongledian,yufa,liulihe,qianmeng,yongdingmengxi,xizhimengbei,nansanhuan,dongsihuan
20150703,0,PM2.5,48.4,13.8,22,17,14.3,20.3,25.9,32.1,,24.2,12.5,20.4,24.5,25.2,30,23.8,11.7,7.4,13.2,12.4,7.2,11.2,34.4,6.3,3,5.2,19.1,36.9,15.6,26.3,26.4,49,25.7,24.8,3
20150703,0,PM10,86.2,39,66.9,37,41.7,54.2,69.3,88.1,10.9,130.1,50.7,65.2,74.4,70.5,126.7,127.3,27.1,22.4,27.1,71.7,26.3,26.2,60.9,50.2,5,6.3,32.8,88.9,,112.8,104.5,147.4,105.7,58.4,105
20150703,0,AQI,42,31,41,35,42,44,39,50,24,53,24,36,37,51,45,40,20,16,18,53,20,29,31,16,21,19,17,31,24,42,48,59,45,51,43
20150703,1,PM2.5,22.2,20.1,20.5,19.6,25.5,30.2,21.4,47.3,,23.5,8.5,15,28.3,23.5,31.6,25.8,21.8,9.8,11.2,10.6,3,3.7,20.6,4,3,7.3,10,39.7,16,42.7,25.4,33.7,28.4,32.9,3
20150703,1,PM10,96.9,81.7,66.6,62,99.5,109.9,43.8,141,15.8,132.6,46.8,71.1,66.2,147.9,210.5,94.4,97.7,23.9,29,48.6,14.6,22.6,36.6,14.4,7.4,15.5,23.3,77.3,33.2,116.6,153.7,103.5,99.2,127.8,130.5
20150703,1,AQI,37,31,40,33,43,43,37,54,24,55,27,35,37,42,52,41,32,17,18,53,21,28,32,17,19,16,17,34,25,48,53,48,49,55,50
20150703,2,PM2.5,24.9,24.9,26.4,26.6,28.1,23.9,20.5,38.8,,26.7,27.2,23.2,33.4,26.8,30.5,19.7,22.4,6.8,12.8,14.8,6.4,8.7,25.4,5,8.3,7,10.6,24.8,31.4,32.7,21.4,24.9,20.5,35.8,83.6
20150703,2,PM10,63.7,73.9,95,71.2,93.3,59.8,88.4,101,36.2,152,113.4,117.2,136.1,80,80.8,57.6,71.2,46.9,37.2,41.9,16.1,26.7,50.5,27.4,,18.2,25.6,54.6,69.5,101.7,68.2,66.8,123.9,115.1,104.4
20150703,2,AQI,34,29,39,27,31,31,34,55,24,57,31,31,44,40,52,42,34,23,20,52,20,28,33,17,21,16,17,35,28,51,54,50,53,52,52
20150703,3,PM2.5,14.5,18.5,19.3,20,20.2,21.8,26.8,38.4,,25.2,28.8,25.1,29.7,22.4,27,16.4,17.7,7,11.6,13.5,9.3,3,17.6,4.8,3,8.1,13.6,25.9,32.1,34.8,21.1,22.1,18,29.2,13.3
20150703,3,PM10,49.9,59.6,49.5,52.6,61.1,64.8,58.3,83.9,48.1,75.7,75.8,64.3,61.7,48.8,57.4,71.1,47.3,30.2,44.3,65.3,17.2,13.2,43.4,56.8,5.9,,24.9,56.8,55.2,90.8,41.3,53.9,61.2,59.5,96
20150703,3,AQI,35,31,42,29,33,33,36,53,24,57,25,34,47,40,53,44,29,24,21,54,19,27,35,22,17,16,17,36,32,52,55,51,54,53,54
20150703,4,PM2.5,16,21,14.2,14.1,17.9,24.6,21.3,33.1,,19.9,25.2,25.9,23.7,17.2,21.1,18.8,16.6,7.2,13.6,12.1,4.5,6.8,15.2,6.5,15.3,9.2,13.3,25.9,29.2,33.6,20.9,21.4,15.3,16.4,22
20150703,4,PM10,58.5,51.2,52.3,49.4,80.4,69.6,36.2,72.6,45.4,56.5,58.8,86.3,,45.8,57.7,78.3,48.8,17.1,46.3,67.5,13.2,21.7,,29.1,54.3,11.6,26.5,55.6,40.4,55.7,52.4,54.8,86.6,46.8,80
20150703,4,AQI,37,33,44,30,37,35,37,51,24,57,26,36,50,41,55,46,30,21,23,54,19,27,35,20,30,15,18,37,32,52,56,51,56,54,55
20150703,5,PM2.5,21.1,14.5,16.5,18,26.5,26.9,16.3,37.6,,22.2,18.6,20.4,29.4,27.5,23.5,24.3,23.1,12.5,10.5,15.8,4.3,7.5,18.2,10.7,21.3,10.5,12.8,25.7,26.1,29.7,19.4,19.8,17.5,22.9,31.4
20150703,5,PM10,70.1,47.5,52.8,43.5,84.1,73.3,54.2,85.7,37.5,94.6,50.2,55.2,71.3,60.2,76.8,81.7,57.7,28.2,43.3,43.5,9.1,26.5,25.3,43.7,53.4,16.1,14.6,64.1,30.4,47.2,88.8,64.4,104.1,64.5,106.6
20150703,5,AQI,40,34,46,31,41,38,38,52,24,58,28,37,51,44,56,49,32,22,25,55,19,27,36,21,21,15,18,39,34,53,58,52,58,54,56
20150703,6,PM2.5,25.3,22,26,18.3,,30.1,32.6,34.7,,23.2,24.1,26.6,40.9,39.3,28.7,27.2,20.3,16.2,11.2,18.3,5.4,5.3,19.6,11.8,10.3,5.9,17.8,31.9,24.3,29,32.8,26.8,21.9,28.7,58.2
20150703,6,PM10,77.5,47.3,58.8,51.5,62.8,85.5,71.3,86,34,146.6,65.9,79.7,76,70.5,100.7,89.6,41.9,45.8,36.3,83.3,16.2,38.4,34.1,60.3,33.3,13,35,72.4,36.6,56.1,97.4,95.5,106.4,108.6,112
20150703,6,AQI,42,35,48,32,43,41,40,53,24,61,30,40,53,46,57,51,33,22,26,57,19,28,36,24,21,16,20,41,35,54,59,52,59,55,56
20150703,7,PM2.5,31.2,30.2,35.2,27.4,,30.1,29.8,33.1,,23.4,20.6,18.8,38.7,27.2,34.4,39.6,15.1,21,11.6,22.6,11.6,9.8,13.8,10.4,29.4,5.1,21.5,49,30.4,36.2,35.3,34.5,21.2,34.9,14.3
20150703,7,PM10,74.5,63.1,70.5,60.2,,76,68.2,71.3,45.9,84,68.9,66.2,65.9,67.5,87.7,113.4,34.9,66.6,39.4,,33.9,19.5,26,51.2,,13.6,50.3,102.1,46,71.6,87.4,92.8,74.5,105.1,139.9
20150703,7,AQI,44,36,50,33,43,44,42,53,26,61,32,41,54,47,58,52,32,25,27,57,19,27,37,26,21,16,21,44,35,54,61,53,60,55,58
20150703,8,PM2.5,34.4,38.7,30.1,33.3,26.4,46.4,47.3,29.7,,26.3,24.6,21.3,27.2,32.4,39.2,45.7,12.4,17.9,11.6,20.3,14.6,3.7,13,18,15.6,7,13.3,43.9,40.7,28,32.1,36.4,23.6,40.6,21.7
20150703,8,PM10,76.6,83.6,66.2,71.8,72.8,106.5,,60.1,50.7,97,54.4,67.1,,65.3,67.1,117,15.2,89.2,44.2,54.9,36.9,24.3,20.9,101.7,17.7,10.5,27,88.9,53,30.9,71.6,79.3,74.1,95.4,117.4
20150703,8,AQI,46,38,51,35,45,48,42,54,27,63,34,42,54,49,58,53,31,29,29,57,19,26,36,30,21,17,21,46,36,54,62,54,61,56,60
20150703,9,PM2.5,16.1,23.2,28.7,34.6,35.7,18.8,26.5,26.2,,27.6,20.3,26.9,27.1,24.7,41.3,36.4,8.5,19.7,13.4,19.5,9.4,4.7,18,24.3,8,3,25.8,50.5,28.9,16.3,29.9,30.2,27.8,38.6,4.9
20150703,9,PM10,38.3,58.1,67.2,68.6,64.7,54.3,56.1,55,60.1,55.3,60.3,79,36.2,65.1,72.8,80.7,19,79.6,52.6,76.8,24.7,5,32.2,86.3,16.1,5,37.1,84.4,41.5,26.8,,60.2,91.6,88.1,24.6
20150703,9,AQI,47,40,52,36,47,50,44,54,29,64,36,44,53,51,59,54,31,32,31,57,19,25,36,33,21,20,22,48,37,54,63,54,63,57,61
20150703,10,PM2.5,11.6,13.6,21.3,14.5,15.5,9.6,26.6,37.9,,26.9,19.2,26.6,25.3,23,36.9,23.2,6,17.9,18.2,15.7,3.7,7.3,15.4,26.4,8.8,4.2,11.9,34.1,23.9,23.9,12.2,16.7,23.1,21.6,
20150703,10,PM10,24.5,31,38.8,41.2,26.1,19,62.5,70.2,61.8,54,49,68.4,43.4,55.7,76.8,56.6,,86.9,48.1,,20.2,,33.2,75.1,36.2,5,19.6,66.3,,,26.4,36.2,50.3,48.7,5
20150703,10,AQI,47,40,53,37,46,50,45,55,31,64,37,46,52,52,61,55,31,36,33,57,19,26,35,35,22,23,23,50,37,54,62,55,64,58,61
20150703,11,PM2.5,9.3,16.9,19.4,19.5,11.2,12.5,18.9,39.1,23,18.1,22.2,29.1,26.8,43.8,36,32.9,7.5,25.4,30.8,14.8,12.9,13,9.8,30.2,18.2,3,4.5,27.4,18.8,10.8,12.2,18.3,16.4,19.1,3
20150703,11,PM10,23.8,40.6,21.7,44.8,22.3,28.4,36.8,64.4,61.5,51.1,56.9,61.2,42.8,70.3,59.7,73.2,,50.6,66.1,,16.8,,11.2,84.1,43.6,5,20.1,53.7,22.1,35.1,84.1,45.1,31.9,72.1,42.4
20150703,11,AQI,48,41,52,38,47,49,44,57,32,65,39,48,52,53,60,56,32,39,36,57,19,27,35,37,23,25,23,51,36,54,62,55,62,59,61
20150703,12,PM2.5,13.6,21.8,14.4,24.7,15.6,13.4,6.7,19.7,23.8,17.3,27.1,27,30.9,34.7,35.2,26.5,10.2,15.6,22.2,13,13.4,18.8,12,19.6,22.5,3,17.4,21.9,18.7,18.8,18.3,24.7,14.3,39.1,3
20150703,12,PM10,36.5,55.8,38,60.8,23.5,36.6,27.7,46.8,41.5,71.7,67.7,61.1,42.1,58.8,60.9,61.7,,42.7,58.6,,21.3,,14,50.7,53,5,,47.7,33.3,26.2,82.7,58.2,35.8,90.7,16.7
20150703,12,AQI,47,43,52,40,46,48,45,58,32,65,42,50,52,55,62,57,33,39,37,57,21,27,34,39,27,26,25,51,36,55,63,56,61,59,59
20150703,13,PM2.5,18.9,36.2,25.6,33.9,14.2,17,9.7,24.6,20.5,32.8,34.3,30.8,26.1,34.8,35.9,26.4,7.6,20.3,25.7,11.4,3,7.8,14.3,17.9,27.2,3,6.7,23.1,17.2,17.1,34,31,20.5,46.9,3
20150703,13,PM10,44.6,65.1,55.5,68.8,43.9,38.6,44.7,42.6,39.6,95.2,72.6,71.1,36.3,53.1,71.3,63,11.7,42,59.3,,8.4,,,43.1,62,5,,44.4,23.9,32.7,78.4,62.8,64.8,88.4,61.6
20150703,13,AQI,49,45,52,43,47,48,47,57,34,65,44,51,51,54,62,58,33,41,38,57,25,27,34,42,33,28,28,52,46,55,63,58,61,60,60
20150703,14,PM2.5,33.4,36.1,41.4,41.2,22.4,35.2,31.5,25.9,31.7,37.2,34.9,42.8,27.3,34.5,36.1,23.4,11.9,30.7,38.4,8.1,3,12.2,10,22.4,24.7,3,11.2,21.2,25.5,17.4,46.4,42.3,33.6,46.8,3
20150703,14,PM10,71.5,64.1,73.6,69.1,56.8,75.6,68,41.2,59.8,67.8,59.1,73,27.4,39.8,74.9,56.7,,39.6,61.2,15.5,13.5,,31.8,48.2,55.9,9.1,,42.3,,30.5,71.2,65.7,88.8,79.7,40.5
20150703,14,AQI,51,56,53,47,50,50,48,57,35,67,68,53,54,64,63,59,35,41,45,56,28,29,37,48,38,29,30,53,54,54,64,59,63,65,59
20150703,15,PM2.5,45.3,40.6,47.2,37.5,36.9,38.7,45.3,42.7,39.5,36.8,23.3,40,26.9,16.7,34.9,21.1,9.6,30.5,35.2,7.4,11.4,9.9,15.9,21.9,30,5.1,9.5,22.2,13,19.5,45.5,40.8,39.8,47.3,3
20150703,15,PM10,78.4,64.5,75,63.6,94.9,69,78.1,73.3,68.1,73.8,48.7,65.9,36.5,39.4,58.3,37.7,26.6,43.7,60.6,,22.2,16.8,35.4,60.9,49.8,11.3,13.8,47.1,23.1,34.3,90.2,66.1,98.6,77,72.6
20150703,15,AQI,68,105,94,84,97,89,95,57,40,97,95,104,75,82,81,59,37,49,74,56,34,32,41,67,46,30,34,57,61,57,65,62,63,67,61
20150703,16,PM2.5,45.1,40.1,46.7,32.8,54.1,44.4,40.7,43.4,,24.1,26.9,31.9,23.4,22.9,31.8,16.7,16.8,36.5,28.5,14,7.8,3,34.3,26.8,33.4,4,11.2,23.2,21.2,17.8,36.6,33.9,43.6,49.4,47.5
20150703,16,PM10,73.7,55.9,62.3,53.6,101.9,81.7,77.1,71.1,,50.6,49.6,64.9,,36.2,49.7,39.6,29.6,57.7,56.7,19.6,29.3,25.4,56.3,49.1,50.4,5,24.4,48.5,27.7,30.5,85.6,56.2,81.3,64.1,95.6
20150703,16,AQI,102,114,110,96,120,112,111,65,,102,103,108,78,100,102,74,44,77,80,54,45,38,46,103,72,35,40,70,73,68,85,61,63,61,73
20150703,17,PM2.5,36.5,31.2,34.9,26.2,44.6,37,27.8,34.7,,22.8,18.8,28.1,18.8,10.9,26.1,23.9,14.1,47.4,22.1,13.5,19.9,3,40.9,35.9,44.2,3.8,13.8,21.7,14.3,21.8,27.9,28.1,31.6,36.8,3
20150703,17,PM10,60.3,50.8,56.1,49,68.6,65.1,53.9,56.9,,59.7,35.1,59.8,22.9,44.9,49.9,50.1,26.7,73.6,48.4,99.2,44.3,27.4,67.1,79.8,74.2,12.6,29.8,45.2,23.3,34.2,84.1,50,68.7,79.3,95.6
20150703,17,AQI,101,111,106,90,124,113,108,75,,103,97,108,70,103,103,102,47,104,78,56,50,44,72,119,109,40,45,70,67,90,67,61,63,62,67
20150703,18,PM2.5,30.9,26.6,32.1,25.9,35.6,35.9,33.7,34,17.9,21.4,19.3,22.5,18.5,25.8,22,24.3,11.8,39,21.1,18.6,34.6,19.1,47.7,38.9,43,11.5,16.8,22.1,11.6,14.8,29.8,30.1,26.6,39,10.8
20150703,18,PM10,61.5,46.7,54.7,49.6,81.9,58.4,51,55,40.6,54.3,41.9,51.1,21.6,31.9,53,56.3,39.3,63.3,45,123.5,74.8,38.8,85.8,92.6,67,42.1,37.2,44.9,28.5,30.8,86.4,54.8,69.7,77,59
20150703,18,AQI,89,109,104,89,116,107,102,66,88,95,96,98,78,101,99,108,49,97,62,57,94,49,104,125,117,52,47,60,58,81,68,62,63,73,64
20150703,19,PM2.5,26.9,23.7,27.8,29.3,31.7,32.1,24.6,27.4,18.5,17.4,19.3,27.4,22.3,17.4,20.9,27.5,30.9,21.7,23.7,20,29.9,13.7,37.6,28,30.3,15.7,14.3,22.1,22.6,28,33.2,24.4,28.2,37.9,3
20150703,19,PM10,55.8,40.6,51.5,47.6,73.5,59.4,44.2,52.1,42,41,45,63.6,34.7,42.9,53.8,71.1,66.1,48.5,53.1,83.2,56.1,46.1,70.3,64.2,54.4,26.8,34.9,60.6,61.2,48.4,57.1,46.5,66.6,76,95.1
20150703,19,AQI,74,102,90,69,109,97,85,60,81,82,95,96,72,76,72,73,69,75,60,58,72,47,108,112,104,65,45,55,86,92,68,63,64,83,64
20150703,20,PM2.5,26.9,23.4,32.1,30,28.5,28.7,26.3,31.1,15.4,20,22.3,28.9,25.3,26,24.8,25.3,30.5,16.2,19.7,18.7,29.4,26.5,41.1,24.2,24.9,20.2,23.1,31.9,28.5,30.1,26.3,28.6,28.6,33.4,3
20150703,20,PM10,76.6,62.8,71.2,70.5,63.5,81,49.9,53.4,45.1,111.5,76.9,72.4,83.8,109.8,149.8,102.8,73.7,46.7,49.3,82.1,78.7,73.7,54.1,56.4,40,62.1,53.7,82.3,71.6,90.2,119,91.2,74.2,98.6,90.4
20150703,20,AQI,56,72,65,53,89,56,57,60,55,68,67,59,57,57,66,62,45,50,49,59,49,48,94,88,52,69,44,56,54,57,67,63,65,65,65
20150703,21,PM2.5,33.1,35.7,36.2,35.4,36.8,36,31.2,26.8,29.7,25.7,29.1,35.9,34.8,29.2,30.3,33.1,30.8,29.5,27.6,31.8,27.2,19.1,32.2,25.6,22.6,18.7,33.4,27.3,30,29.8,32.6,33.1,32.8,39.5,3
20150703,21,PM10,124.4,98.2,115.1,101.6,178.5,119.8,125.8,80.3,89.5,136.3,114.2,149.8,86.2,85,98,100.6,113,59.9,141.3,179.5,86.9,70.9,39.2,69.8,39.8,53,62.8,62.9,59,85.8,131.3,103.6,160.9,113.6,123.2
20150703,21,AQI,58,54,56,54,60,58,56,61,45,70,55,61,53,58,67,63,47,49,51,60,38,43,76,54,49,50,40,57,42,55,68,64,67,66,66
20150703,22,PM2.5,33.8,33.1,35.2,33.6,38.9,35.1,34.4,47.7,31.1,26,30.4,40,31.2,30.5,29.5,30.5,35.7,39.6,30.8,32.2,35,26.7,32.9,30.1,25.1,22.2,39,22.2,14.6,27.4,34.2,29.8,32.5,36.7,7.1
20150703,22,PM10,80.4,71.4,89.7,78.9,112.7,83.4,91,94.4,84.1,104.7,81.5,106.7,56.4,67.2,68.8,79,81,110.4,94.6,80.2,125.9,108.9,50,84.8,54.1,66.7,59.4,46.2,21.7,48.4,79.8,72.7,99.7,78.7,104.3
20150703,22,AQI,58,55,57,55,61,59,56,62,47,70,56,63,54,58,67,64,49,51,52,61,36,40,48,55,42,47,33,57,41,54,67,62,67,66,67
20150703,23,PM2.5,22,23.9,30.6,28,26.1,28.3,34.9,35.9,30.2,28.8,23,33.3,26.1,24.3,15.4,12.5,33.3,27.4,28.4,35,41.2,34.3,37,33.9,33.1,33.8,33.3,14.4,11.6,22.7,23.2,21.6,26.2,32.9,3
20150703,23,PM10,41.1,39.2,72.8,59.4,59,42.9,78.5,68.6,77.7,55.7,62.8,59,,34.6,,32.8,69.8,80.5,77.9,64.1,104.2,77.1,76,101.1,104.5,63.3,37.2,23.5,23.2,44.7,,42.6,75.5,65.7,54.6
20150703,23,AQI,58,54,57,55,62,59,57,61,50,68,57,63,54,57,66,63,50,52,53,62,38,38,47,56,45,42,33,56,40,53,67,60,67,67,67
20150703,0,SO2,2,2,2.6,2,2,3.2,2.1,3.7,,7.1,2,4.2,7.1,2,3.8,6.8,5.6,2,5.8,2,2,3.6,2,2,2,2,5.7,3.8,2,5.8,3.5,17.8,4.6,5.5,9.8
20150703,0,NO2,84,61.2,80.3,69.1,83.9,87.7,76.1,99.2,,91.3,47.5,70.7,72.5,100.3,88.5,79.8,34.4,18.8,27.1,23.2,20.4,54.1,50.1,20.4,8,6.2,19.2,60.9,31.5,69.4,94,117.8,89,100.6,84.2
20150703,0,O3,3,4.9,2,2,2.4,2,2,2,,2,25,12,3.2,2,2.1,8.2,28.5,45.4,39.7,45,18,14.2,2,47.9,66.9,59.3,51.3,13.8,14.4,3.2,10.1,2,2,2,2
20150703,0,CO,1.3,0.8,1,0.8,0.6,0.7,0.7,0.3,,0.9,0.3,0.8,0.4,0.9,0.7,0.5,0.2,0.3,0.2,0.3,0.3,0.1,0.3,0.1,0.2,0.7,0.5,0.6,0.8,0.3,0.9,1.6,1.4,0.8,1.2
20150703,1,SO2,7.1,10.4,2.6,5.2,5.9,6.5,2.3,4.3,,8.2,2.2,4.7,6.1,5.8,9.9,11.9,7.3,2,6.2,2.7,2,3.2,2.2,2,2,2,3.6,7.6,2.9,6.5,5,10.8,5.1,9.5,9.5
20150703,1,NO2,73.3,61.6,78.4,65.7,84.5,85.3,73.6,107.4,,86,53.2,70,68.6,83.8,58.4,47,63,14.2,23.8,18.1,12.2,37,50.4,14.3,13.9,10.1,11.2,47.1,38.8,72.1,81.6,77.2,86.2,109.4,99.5
20150703,1,O3,11.9,31.4,2,15.6,8.8,7.4,2,2,,2,18,3.1,2,15.5,30.5,42.6,9.3,44.6,34.9,46.2,26.5,31.4,2,51.5,58.4,50.5,51.9,29.5,11,3.3,15.8,10.5,2,2,2
20150703,1,CO,0.8,1,0.8,0.9,0.6,0.8,0.7,0.4,,0.8,0.3,0.6,0.4,1.1,1,0.7,0.5,0.3,0.2,0.5,0.3,0.1,0.3,0.1,0.2,0.7,0.3,1.1,0.4,0.3,0.8,1.2,1.1,0.9,0.9
20150703,2,SO2,8.8,11.5,8.7,9.9,8.4,7.7,7.7,4.4,,11.4,7.1,8,7.8,11.6,10.5,11.7,6.2,2,8.3,4.5,2,3.5,2,2,2,2,3.5,7.1,3.8,5.5,6.7,9.3,6.3,9.9,7
20150703,2,NO2,37,41.9,41.6,41.5,57.7,41,67,108.6,,41.8,61.8,58.9,68.9,56.3,43.5,33,67.6,44.5,27.9,17.3,11.4,33.7,50.5,26.9,40.6,9.1,10.6,46,40.9,69.4,48.3,36.5,68.9,96.1,94.5
20150703,2,O3,40.6,44.8,37.9,39.1,38.6,41.8,11,2,,30.1,20.6,7.3,13.8,31.9,36.4,35.6,2,20.6,21.6,44.4,22.3,28,2,38.9,26.5,48.9,50.1,19.3,18.8,7.4,38.1,24.7,19.3,7.5,2
20150703,2,CO,0.8,1,0.8,1,0.7,0.7,0.8,0.4,,1.1,1.1,0.7,1,1.3,1,0.7,0.6,0.3,0.1,0.5,0.2,0.1,0.2,0.1,0.2,0.7,0.4,1.2,0.8,0.5,0.8,0.9,0.8,1,0.7
20150703,3,SO2,10.3,14.4,7.3,10.1,8.2,9,6.2,6.1,,10.5,8.1,9.3,10.1,11.3,11.7,19.7,6.8,2,5.5,3.1,2,3.8,2,2,2,2,3.7,9.7,2.1,6.6,7,9.7,7.4,10,6.4
20150703,3,NO2,40.3,40.3,36.6,38.7,48.4,50.8,44,105.9,,42.4,40.9,67,43.3,52.2,45.8,48.5,53.9,47.7,32.4,19.1,10.5,23.7,43.9,43.5,32.1,9.4,12.4,43.1,30.9,72.2,54.7,37.3,58.2,82.1,79.4
20150703,3,O3,25.9,31.8,35.2,32.1,32.5,24.5,30.3,2,,19.8,35,2.8,33.8,26.6,27.6,13.1,2.7,14.7,2,38.2,15.8,36.2,2,16.5,38.8,48.9,40.9,15.4,14.1,12,24.7,19.5,16.6,5.4,2
20150703,3,CO,1,1.2,0.7,1.1,0.7,0.9,0.7,0.4,,1,1.2,0.9,1.2,1.3,1.3,1.5,0.4,0.3,0.1,0.5,0.2,0.1,0.3,0.1,0.2,0.7,0.5,1.3,1.3,1,0.9,1.2,0.7,1,0.8
20150703,4,SO2,19.8,10.6,10.6,12.6,13,13.7,7.1,5.2,,10.9,6.7,7.1,11.1,13.6,14.1,26.1,5.6,2,5.6,2,2,3.9,2,2,4,2,3.2,8.6,2,8.8,12.5,9.8,10.7,10,4.5
20150703,4,NO2,51.5,41.1,43.5,38,59.1,60.9,44.7,100.1,,54.5,42.5,70.5,40.8,55.2,59.2,57.8,50.4,32.1,39.6,28.2,8.6,28.7,48.2,25.9,58.9,11.3,12.4,52,24.8,55.1,66,43.4,59.8,71.4,67.5
20150703,4,O3,11.2,16.9,15.6,17.6,13.6,2.5,,2,,2,26.2,3.5,26.4,18.2,4.8,2,2,20.8,7,13.9,15.8,25.7,2,27.6,12.8,43.3,33.5,2.6,6.8,21.5,2,7.3,4.8,4.6,2
20150703,4,CO,1.7,1.6,1.1,1.6,1.2,1.6,0.8,0.4,,1.1,1.1,0.6,1.1,1.5,1.5,1.8,0.5,0.4,0.3,0.6,0.2,0.1,0.3,0.1,0.4,0.8,0.6,1.5,1.4,1,1.5,1.4,1.1,1.3,1
20150703,5,SO2,16.3,9.3,18.2,8.4,10.5,12.3,4.3,5.8,,12.1,9.4,13.1,10.6,16.3,13.7,33.7,5.1,2,5.5,2,2,3.8,2,2,2.4,2,2.8,5.6,2.1,10.8,16.8,6.3,13.2,12.9,9.7
20150703,5,NO2,60,44.9,51.4,43.8,60.8,60.4,56.1,103.3,,66.2,48.5,56.1,62,65.3,59.7,60,57.8,43,,31.6,8.4,39,39.3,23.8,35.3,9.5,12.1,54.2,27.1,54.9,75.7,55.4,66,74.4,62.3
20150703,5,O3,2,8.6,11.1,8.6,5.4,2,2,2,,2,17.8,5.1,3.9,7.7,2,2,2,11.8,12.2,8.3,16,16.1,2,29.6,22.5,46.7,33.3,2,2.8,15.4,2,2,2,2,2
20150703,5,CO,1.8,1.8,1.6,1.7,1.6,1.7,0.9,0.3,,1.5,1.2,1.2,1.1,1.8,1.7,2,0.6,0.4,0.4,0.5,0.2,0.1,0.3,0.1,0.5,0.7,0.5,1.6,1.4,0.9,1.9,1.8,1.6,1.6,1.7
20150703,6,SO2,17.8,5.1,26.9,7.6,11.2,12.5,3.9,4.9,,13.6,11.5,7.7,10,21.2,17.8,45.9,6.6,2,6.5,2.4,2,4.6,2,2,2.3,2,3.3,5.9,2,12.4,22.5,11.7,11.9,15.3,10.6
20150703,6,NO2,55.7,37.4,50.3,44.7,58.1,60,55.8,101.8,,67.6,48.6,56.9,61.8,67.5,59.1,64.4,57.2,28.5,29.5,35.2,8.8,43.1,43.5,20.6,28.4,7.5,27.8,52,28.4,57.7,73.3,75.2,69.1,83.8,63.3
20150703,6,O3,5.1,6.9,16,7.7,6.3,3,2,2,,2,15.5,3.8,3.2,5.9,2,2,2,23.5,19.7,4.5,14.3,10.8,2,30.5,29.3,51,14,2,2,15,2,2,2,2,2
20150703,6,CO,2.1,1.9,2.1,1.9,1.9,2,1,0.4,,1.8,1.2,0.9,1.2,2,2,2.3,0.6,0.5,0.4,0.6,0.2,0.1,0.4,0.1,0.5,0.7,0.5,1.8,1.7,1,2.5,2.4,2,1.9,2.1
20150703,7,SO2,36.4,24.1,41.5,27.4,28,25.9,8.6,3.3,,28,9.2,8.7,13.8,29.7,30,53.2,6.5,3.8,7.2,4,2,4.9,2,4,4.3,2,4.2,16.7,4.3,19.8,33.3,33.8,21.1,25.7,18
20150703,7,NO2,54.1,48.8,49.9,43.7,56.1,56.1,53.4,76.5,,60.3,40.1,51.6,56.3,57.4,59.9,63.6,45.4,35.6,22.7,26.5,13.9,19.7,28.6,21.7,39.3,6.7,21.4,49.4,31.4,50.6,68.8,70.9,66.8,91.1,74
20150703,7,O3,16.4,16.6,24.5,23.7,17.6,8.8,2,2,,2,23.2,16,8.8,18.6,12.4,7.8,7.2,21.2,30.3,18.6,11.2,43,16.6,33.6,24.1,48.6,10.9,6,12.1,21.4,5.7,6,8,2,2
20150703,7,CO,2.6,2.7,2.5,2.5,2.3,2.2,1.3,0.4,,2,1.2,1,1.3,2,2.3,2.6,0.4,0.7,0.5,0.6,0.4,0.1,0.3,0.2,0.6,0.8,0.6,2,1.8,1,2.8,3,2.1,2.6,2.7
20150703,8,SO2,43.6,47.9,33.8,45.9,40.9,47.4,34.1,5.5,,45.7,25.7,21.6,22.3,36.8,46.7,60.2,5,7,8.6,4.6,2,3.2,2,6.2,6,2,6.6,28.8,14.5,19.3,42.5,57.5,30.3,46.1,42.9
20150703,8,NO2,49.9,57.6,46.5,49,58.8,64.3,42.7,62.1,,52.4,37.7,46.4,41.8,49.1,46.5,67.2,24.7,51.3,25.6,26,20.1,11.5,16.3,25.4,32.4,5,18.3,48.4,34.9,34.1,77.9,70.8,65.4,101.6,81.3
20150703,8,O3,27.5,27.2,31,33.8,28.1,19.9,27.3,7,,11.6,41.5,30.9,29.5,35.2,40.1,17.9,31.1,18.4,33.9,28.1,18.2,54.8,34.6,44.6,33.8,54.4,25.5,23.2,33.2,45.1,6.2,14.7,16.8,2,6.9
20150703,8,CO,2.6,2.9,2.2,2.7,2.4,2.9,2.1,0.4,,2.4,1.7,1.5,1.4,2.1,2.5,2.5,0.3,0.8,0.7,0.7,0.3,0.1,0.3,0.3,0.4,0.8,0.6,2.3,1.7,0.9,2.7,3,2.1,2.9,3.1
20150703,9,SO2,13,26.5,26.8,32.6,27.5,14,27.9,8.1,,39.4,29,24.5,25.7,36.7,52.7,49.4,4.7,13.5,13.2,5.5,2,2.9,2,9.7,3.7,2,10.9,45.5,19,18,26.8,36.8,35.5,41,20.1
20150703,9,NO2,28.8,41.6,44.5,47.6,50.6,29.6,44.3,56.1,,46.7,36.8,52.9,40.2,42.7,43.9,59.7,16.6,48.7,32,26.2,10.6,9.8,26.6,34.6,21,2.8,24.3,49.3,28.2,29.4,59,61.7,58.9,95.6,55.2
20150703,9,O3,45.9,43.2,41.1,37.6,43.1,49.6,35.9,22.4,,26.4,50.9,34.7,40.5,48.5,49,29.7,42.9,30.2,41.3,43.5,32.5,61.3,30.9,53.9,51.5,63.4,31.1,43,48.8,55.2,16.8,24.7,27,5.2,23
20150703,9,CO,0.9,1.4,1.7,1.9,1.5,0.8,1.8,0.6,,2.1,1.8,1.7,1.3,2,2.7,1.9,0.2,1.2,1.2,0.7,0.3,0.1,0.4,0.6,0.4,0.9,0.6,3,1.3,0.9,1.3,1.9,1.8,2.2,0.7
20150703,10,SO2,2.9,7.4,9.7,10.4,5.7,2.5,23.4,17,,29.1,19.6,24.2,25,36.3,42.2,32,4,21.8,14.7,3.4,2,2.8,2,18.2,4.2,2,8.7,31.3,21.8,13.6,8.4,13.5,29.4,21.3,7
20150703,10,NO2,23.5,33.7,32.4,32.5,34.8,16.3,41.7,74.6,,43.7,28.6,48.7,39.1,38.3,39.3,40.8,12.6,53.7,31.6,15.5,5.5,8.3,22.7,39.5,24.6,2.2,18.1,41.1,33.2,21.5,45,53,54,86,47.3
20150703,10,O3,56.6,54.1,59.3,54.7,58.9,68.8,50.2,26.7,,35.1,64.7,50.8,51.9,60.7,61.4,50.1,55.3,38.8,50.4,64.6,47.1,69.7,43,59.9,67.7,71.7,46.1,53.7,60.2,69.2,32.4,38.1,35.6,19.8,40.9
20150703,10,CO,0.5,0.6,0.8,0.8,0.4,0.3,1.5,1.1,,1.5,1.3,1.7,1.2,2,2.4,1.3,0.2,1.6,1.2,0.4,0.3,0.1,0.3,1.1,0.5,0.8,0.5,2.2,1.2,0.7,0.6,0.9,0.9,1,0.4
20150703,11,SO2,2,8.3,2.6,9.4,2.7,2.3,7.7,23.6,,16.2,21,21.5,,42.7,35.6,32.5,4.1,12.1,21.8,2.3,2,2.9,2,19.6,6.1,2,5.5,22.6,24.3,11,5.7,14.8,9,20.8,5
20150703,11,NO2,17.8,34.2,24,33.8,25.2,12.7,33.2,67.5,,35.2,31.9,47.4,38.7,35.7,33.9,43.4,9.2,32.7,39.8,10.8,6.1,6.7,11.4,40,32.5,2.1,14.5,33,22.6,16.6,47.1,58,39.6,91.6,48
20150703,11,O3,74.2,70,77.8,66.8,81.8,87.7,66.9,43.6,,54.4,74.2,66.5,36,82.4,79,62.5,69,64.5,59.1,82,55.5,75.2,71.8,73.7,73.5,77.6,60.7,67.1,83,86.3,44.1,46.8,54.2,28.6,59.5
20150703,11,CO,0.4,0.6,0.4,0.7,0.3,0.3,0.8,1.3,,0.9,1.3,1.5,0.8,2.3,2.1,1.4,0.2,0.9,1.6,0.4,0.3,0.1,0.3,1.1,0.6,0.8,0.3,1.6,1.2,0.6,0.5,0.9,0.4,1.2,0.4
20150703,12,SO2,2.2,17.5,3.9,16.4,2.4,2.7,4.1,18.9,,22.7,22,14.4,37.5,34.9,28.6,24.2,4,6.5,18.6,2,2,2.6,2,8.1,8.3,2,3.4,15.9,21,11.4,12,19,5.2,32.4,5.5
20150703,12,NO2,24.6,37.5,29.2,37.6,21.1,16.4,26.4,52.4,,40.9,30.4,39.3,34.3,30.6,31.3,37.1,8.2,20.5,34.1,8.4,6.7,6.8,7.8,25.3,35.2,2.1,12.2,26.6,19.2,16.2,55.1,54.9,44,109.2,44.1
20150703,12,O3,89.9,91.6,91.7,85.2,113.6,104.9,93.5,63.7,,75.3,96.6,84.3,94.1,109.3,105.9,86.4,83.5,86.9,76.9,94.6,66.8,79.7,86.7,104.6,85.3,82.3,79.4,86.9,109.9,107,58.5,67.5,69.8,40.6,79.5
20150703,12,CO,0.5,1.1,0.5,1.1,0.3,0.3,0.5,0.8,,1.3,1.4,1.1,1.3,1.9,1.9,1.2,0.2,0.6,1.4,0.4,0.3,0.1,0.3,0.4,0.8,0.8,0.2,1.3,1.3,0.6,0.9,1.2,0.4,1.9,0.3
20150703,13,SO2,5.7,21.6,10.3,24.6,3.2,5.1,7.1,18.2,,31.5,25.3,17.3,20.4,26.8,23.6,20.9,4.4,5.8,15.2,2,2,2.7,2.2,5.7,10.4,2,2.3,11.7,19,9.8,16.6,25.8,9.3,31,7.9
20150703,13,NO2,28.5,36,35.1,38.4,23.3,19.7,31.8,54.4,,39.3,27.8,37.6,27.5,23.9,32,32.8,9.5,17.9,32.5,5.1,5.5,7,6.1,18.7,39.1,2.2,9.6,21.1,17.3,14.1,54.8,55.7,56.1,115.7,60.9
20150703,13,O3,104.6,126.1,113.3,115.5,140.8,124.3,111.8,81.7,,118.3,133.9,113.4,103.6,141.8,130.9,114.1,98,105.5,97.3,102.8,78.2,86,102.9,131.4,102.6,88.1,87,113.4,144.9,126.4,86.5,96.3,79.3,61.2,90.2
20150703,13,CO,0.7,1.3,0.9,1.6,0.3,0.5,0.7,0.8,,1.7,1.6,1.3,,1.5,1.6,1.1,0.2,0.6,1.4,0.3,0.3,0.1,0.3,0.3,1,0.7,0.2,1.1,1.2,0.5,1.1,1.5,0.6,1.8,0.5
20150703,14,SO2,14.6,22.4,19.2,23.6,6.9,13.7,17.8,15.6,,29.2,18.9,22.4,15.4,19.8,19,16.2,4.5,4.5,15.9,2,2,2.9,3.7,5.8,10.3,2,2,9.5,16.2,9.5,19.9,25.3,18.9,28.4,13
20150703,14,NO2,32.2,32.3,35.4,33.1,30.9,28.3,36.6,51.1,,29.9,18,31,20.8,16,28.6,25.3,9.4,15.9,29.7,4.6,6.3,6.5,9.8,18.3,40,2.2,7.7,17.2,21.6,12.9,58.2,58.5,75.6,129.6,68.1
20150703,14,O3,134.3,164.2,150.1,149.3,159.7,147.5,144.8,104.6,,164.8,174.2,160,162.6,170.8,161.5,148.6,109.8,125.7,141.7,108.4,87,91.3,116.6,151.4,120.4,91.9,94.5,138.5,163.2,149.8,,125.4,94.5,81.8,112.5
20150703,14,CO,1.2,1.4,1.4,1.6,0.5,0.9,1.3,0.7,,1.6,1.2,1.5,0.8,1.3,1.4,0.9,0.2,0.5,1.8,0.3,0.3,0.1,0.5,0.3,0.9,0.8,0.2,0.8,1,0.5,1.4,1.6,1.2,1.9,0.9
20150703,15,SO2,18.3,20.9,19.6,19.5,15.5,16.9,21.5,25.5,,23.2,13.1,17.9,12.5,15.5,14.3,9.5,5.1,4,12.7,2,2,3.6,5.5,5,9.3,2,3.4,7.3,13.3,9.5,19.5,22.9,23.1,24.7,18.7
20150703,15,NO2,28.8,24.3,31.2,25,37.1,26.9,33.3,56,,22.8,14,21.5,20.8,15.6,23.5,17.3,10.3,18.2,20.5,4.2,7.4,8.1,13.7,18.9,39.7,2.3,11.3,14.6,28.3,12,48.3,47.1,56.4,132.4,70.7
20150703,15,O3,174,209.6,194.7,186.7,197.2,190.7,195.7,140.9,,197,195.4,207.1,179.4,185.6,184.2,163.8,117.3,153.9,179.1,111.9,106.2,99.7,129.7,173.3,145.1,93.8,108.4,165.6,168.5,165.3,169,169.1,141.3,105.5,154.6
20150703,15,CO,1.5,1.5,1.5,1.5,1.1,1.2,1.5,1.3,,1.4,1,1.2,0.8,1.1,1.2,0.5,0.2,0.6,1.4,0.2,0.3,0.1,0.7,0.3,0.9,0.8,0.2,0.7,0.8,0.4,1.4,1.5,1.4,1.6,1.2
20150703,16,SO2,16.1,17.5,15.7,15.4,17.4,16.6,16.6,26.3,,18.5,12,12.5,11,13.4,11.7,8,5.2,6.8,10.3,2,2,3.9,5.9,5,8.9,2,5.2,6.4,12.5,7.7,15.6,18.8,20.8,21.1,17.7
20150703,16,NO2,22.2,18.7,24.4,20.3,36.1,26.8,26.4,50.4,,19.7,12.3,19.1,25.3,15,19.4,15.9,13.8,22.6,20,5.2,11.6,9.9,21.2,20.2,35.6,3.7,14.1,12.8,34.7,11.1,43.8,59.5,66.9,106.2,78.3
20150703,16,O3,202.7,227.5,218.3,196.2,239.8,223.3,220.7,171.4,,202.1,204.3,214.4,182.4,199.7,202.4,178.6,137.8,181.1,184,121.3,142.1,119,147,205.6,176.9,109.6,127.7,175.6,178,174,187.7,166.8,155.2,132.6,177.8
20150703,16,CO,1.4,1.3,1.3,1.2,1.3,1.3,1.4,1.2,,1.1,1,1,0.7,1,1,0.5,0.3,0.8,1.2,0.2,0.3,0.1,0.9,0.3,0.9,0.8,0.3,0.6,0.7,0.3,1.3,1.4,1.4,1.3,1.3
20150703,17,SO2,13.1,13.8,11.4,11.5,14.5,14,12.4,20.5,,15.4,8.3,10.6,9,11.4,9.7,10,6.9,15.1,10.1,3.9,2.3,4.5,7.4,11.5,15.5,2,6.2,6.2,11.5,7.7,12.4,14.7,18.2,18.1,14.8
20150703,17,NO2,18.7,17,23.9,20.7,28.3,24.5,24.6,39,,22.3,11.2,18.4,24.8,17,19.9,17.4,14.1,25,19.5,9.8,18.4,14.3,25.2,25.3,37.6,4.7,16.8,13.5,38.6,11.9,56,57.8,61.5,118.6,90
20150703,17,O3,200.5,220.6,211.9,191.7,246.5,224.7,216,179.5,,205.2,197.5,214.9,175.3,205.2,206,203.9,148.7,207.6,182.1,148.8,159.6,140.4,176.9,237.6,216.7,126.3,143.6,175.8,173.4,191.5,169.2,166.5,156.5,123.6,173.3
20150703,17,CO,1.2,1,1.1,1,1.1,1.1,1,1,,1,0.7,0.9,0.6,0.9,0.8,0.6,0.4,1.3,1.1,0.4,0.4,0.1,1,0.8,1.3,0.9,0.3,0.6,0.7,0.5,1,1.1,1.1,1.2,1.3
20150703,18,SO2,10.4,11.2,9,9.4,10.9,11.8,9.6,14.6,6.7,13.5,7.4,7.4,9.3,10.4,8,11.4,6.6,10.9,9.5,4.8,6.9,5.2,10.9,13.2,14.5,2,5.7,5.3,8,8.6,10,12.9,16.1,16.8,12.9
20150703,18,NO2,20.7,16.7,24.9,20.4,30.6,26.3,29.1,39.6,2,23.3,11.9,20.1,26.2,15.6,24.5,21.2,17.3,20.1,20.6,12.1,22.1,15.7,28.1,21.5,44.7,7.5,16.1,14.3,31.4,10,48.5,70.2,65.6,145,103.5
20150703,18,O3,191.1,216.9,206.8,190.5,232,213.9,202.2,172.2,190.2,195.9,196.5,198.1,182,201.4,199.2,215.6,155,197.3,169.1,164,194.9,154.7,206.5,248.8,232.9,160.8,147.4,167.9,165.8,184.5,173.7,152,143.3,96.1,150.2
20150703,18,CO,1,0.9,0.9,0.9,0.9,1,0.9,0.8,0.6,0.9,0.7,0.7,0.6,0.7,0.8,0.7,0.4,1.1,0.8,0.4,0.7,0.1,1.2,0.9,1.2,0.9,0.3,0.5,0.6,0.4,0.9,1,1,1.1,1.2
20150703,19,SO2,8.8,9.4,7.8,8.1,9.7,10.3,8.2,8.5,6.1,12.5,7.7,7.8,9.9,9.7,7.1,10.9,10.3,7.6,10.9,4.2,5.4,4.3,8.6,9.5,10.9,2.2,4.7,6.6,11.1,9.2,8.4,11.4,15.1,15.8,11.2
20150703,19,NO2,24,17.7,28.9,24,34.3,30,31.8,35.3,2,26.2,13.8,23.3,29,22.8,30.2,29.9,27,20,26,14.7,26.3,18.7,22.8,21.5,51.6,8.7,14.1,20,20.7,12.1,59.4,66.1,79.1,165.2,106.7
20150703,19,O3,178.6,202.2,192,174.7,217.1,196.8,187.7,156.2,184.2,185.5,195.6,196.3,177,180.2,177.3,177.7,174.8,179.7,167.5,152.4,177.2,148.4,215.8,223.6,207.2,171.3,142.1,145.3,188.2,193,150.3,139.8,130.5,64.2,133.4
20150703,19,CO,0.9,0.8,0.9,0.9,0.8,0.9,0.8,0.7,0.5,0.8,0.7,0.8,0.6,0.7,0.7,0.7,0.6,0.8,0.8,0.4,0.7,0.3,1,0.7,1,0.9,0.3,0.6,1,0.5,0.8,0.9,0.9,1.1,1.1
20150703,20,SO2,8.5,11.4,8.4,10,11.1,9.3,7.8,6.6,5.4,13.7,7.3,7.8,10.6,15.4,9.5,12.5,7,6,10.8,4.3,5,6.1,5.3,6.2,8,3.8,6,11.5,16.4,9.6,9.1,13.5,13.8,14.4,10.5
20150703,20,NO2,27.9,23.5,27.3,27.9,35.6,36.2,35,41,2,26,18.8,36,28,31.7,67.6,36.7,31.4,27.5,31.5,17.6,27.6,20,24.8,22,68.7,9.3,15.7,30.7,28.3,18.7,51.6,77.1,67.6,114.8,114.5
20150703,20,O3,155.2,177.5,172,151.9,191.2,162.4,165.1,146.6,163.4,167.7,173.5,165.8,165.2,163.9,119.1,141.7,141.7,159.3,154.6,140.9,154.4,152,195.2,189.7,161.3,174.5,138.3,124.2,163.2,164.9,137.6,109.5,116.7,91,91.3
20150703,20,CO,0.9,0.9,0.8,1,0.7,0.8,0.8,0.7,0.5,0.9,0.8,0.8,0.8,0.9,0.7,0.7,0.6,0.7,0.8,0.5,0.7,0.5,0.9,0.4,0.9,1.1,0.5,0.8,2.3,0.7,0.8,1,0.8,1,1.1
20150703,21,SO2,16.1,18.5,15.2,15.4,18.2,16.4,14.9,5.4,9.4,18,11.5,13,13.1,15.4,12.8,16.9,7.3,6.6,9.9,9.3,5.7,6.9,3.7,4.8,6.5,4,10.7,7.2,11.2,10.4,14.7,18.5,14.2,16.4,11.4
20150703,21,NO2,29.2,29.6,31.3,31.5,36.4,38.7,36.1,46,2.9,29.3,23.4,40.5,29,33.1,89,39.1,32.4,35.1,27,23.8,28.7,20.4,19.2,28.3,96.5,10.7,25.1,33.6,24.2,22.5,55.6,61.9,73.4,96.5,79
20150703,21,O3,134.3,153.3,152.2,134,166.5,143.5,148.4,123.5,142.8,148.9,150.2,148.5,140.5,140.3,78.8,123.4,116.7,138.1,140.3,136.3,120.3,135.8,180.7,139.9,103.7,159.5,127.7,98.5,133.9,137.8,116.3,105.8,96,88,107.1
20150703,21,CO,1.3,1.3,1.2,1.3,1.1,1.1,1,0.7,0.7,1,1.3,1,1.6,0.9,1.2,0.9,0.7,0.8,1.1,0.9,0.7,0.5,0.7,0.5,0.7,1.1,0.7,0.8,1.8,0.6,1.3,1.4,1.3,1.3,1
20150703,22,SO2,14.6,15.1,13.5,12.7,17.6,17.2,16.1,6.6,11.2,18.6,11.6,13.9,13.7,16.3,12.2,14.8,12.5,10.9,9.8,13,11.3,15.1,4,7,8.5,7.2,13.5,4,7,11.1,13,14.9,13.2,13.8,14
20150703,22,NO2,30.6,25.5,29.7,30.5,36.2,41.6,36.5,41.1,2,34.7,21,37.2,27.8,33.7,67,41.3,32.4,33.4,33.6,24.6,31.2,21.4,28.1,34.2,82.9,12.9,29.6,36.3,12.9,19.5,51.6,55,61.5,84.2,78.2
20150703,22,O3,110.8,128.9,127.3,114.6,143.2,115.3,123,111.6,122.2,108.1,124.7,123.5,118.6,108.7,69.7,99.1,105.7,124.1,111.9,115.6,94.9,125.9,153.6,129.5,106.9,147.6,103.2,71.5,105.9,123.2,97.4,89.2,89,77,90
20150703,22,CO,1.5,1.3,1.1,1.1,1.2,1.6,1.1,1,1,1.3,1.3,1.5,1,1.3,1.5,0.8,0.8,1,1.2,0.8,0.9,0.9,0.7,0.6,0.8,1.3,0.7,0.6,0.6,0.6,1.1,1.1,1.1,1,1.4
20150703,23,SO2,9.3,9.9,14.5,12.6,11.5,13,16.8,6.6,9.8,18.3,9.3,11.8,13.8,19.4,7.5,9.7,4.5,12.6,9.5,12.8,12.2,17.9,5.1,13.8,14.5,12.9,11.2,2,5.5,9.3,10.4,13.2,10.7,13.4,12
20150703,23,NO2,22.7,20.6,34.6,29.4,30.9,35.3,46.8,36.5,13.7,43.3,17,27.5,23.3,32.6,38.5,29.3,37.4,26.8,26.7,27.2,30.1,21.4,19.1,26.5,53.7,15.1,30.3,36.3,14.1,16.4,39.5,50.2,53,96,57
20150703,23,O3,87.8,100.2,102,89.9,118.9,93.3,84.5,96.7,91.4,71.7,110.3,119.5,104.9,77.2,66.3,80.6,79.1,114.7,106.4,96.5,84.5,114.9,147.7,138.4,124.9,132.3,79.6,52.8,80.9,102.8,78.3,65.6,78.2,36.2,74.7
20150703,23,CO,1,0.8,1.4,1.2,1,1.3,1.4,1.1,1.2,1.4,0.9,1,0.6,1.5,0.8,0.4,0.7,1.2,0.9,0.8,1,1,0.8,0.8,1.1,1.5,0.6,0.4,0.4,0.6,0.9,1,1.2,1.3,1.2
