date,hour,type,dongsi,tiantan,guanyuan,wanshouxigong,aotizhongxing,nongzhanguan,wanliu,beibuxingqu,zhiwuyuan,fentaihuayuan,yungang,gucheng,fangshan,daxing,yizhuang,tongzhou,shunyi,changping,mengtougou,pinggu,huairou,miyun,yanqing,dingling,badaling,miyunshuiku,donggaocun,yongledian,yufa,liulihe,qianmeng,yongdingmengxi,xizhimengbei,nansanhuan,dongsihuan
20150914,0,PM2.5,41,40,37,39,38,33,32,28,13,48,18,32,42,44,57,35,46,22,,28,24,28,16,14,10,17,25,47,32,43,38,38,40,44,33
20150914,0,PM10,101,75,99,95,91,91,78,114,50,149,41,79,88,85,128,102,98,34,,54,39,84,42,37,26,30,40,74,59,76,109,117,132,133,86
20150914,0,AQI,52,44,52,52,59,52,53,66,31,65,52,65,51,58,64,63,45,36,,53,37,46,47,30,31,21,28,53,43,53,57,63,66,73,60
20150914,1,PM2.5,43,40,45,43,49,39,31,29,15,49,18,25,49,53,61,50,48,17,,25,20,24,12,18,16,17,30,55,41,54,43,47,42,47,39
20150914,1,PM10,113,80,100,97,177,103,85,107,41,132,41,75,86,95,108,128,88,31,,43,26,49,33,50,24,21,43,83,60,87,117,127,129,139,103
20150914,1,AQI,53,46,53,53,56,53,53,65,32,66,52,65,52,59,64,64,46,36,,52,37,48,46,31,31,22,28,54,44,53,58,64,67,74,61
20150914,2,PM2.5,55,43,45,53,40,46,33,24,12,54,18,23,44,68,64,55,54,15,,30,19,27,10,17,17,17,31,57,51,62,50,48,49,60,45
20150914,2,PM10,115,72,91,93,115,105,88,113,40,150,50,45,81,114,111,136,122,34,,49,24,49,28,40,24,28,44,92,62,73,121,124,173,128,107
20150914,2,AQI,55,47,53,54,58,54,54,64,34,68,52,65,53,59,65,65,49,36,,53,37,49,46,31,31,22,29,54,44,52,59,66,69,74,61
20150914,3,PM2.5,61,46,47,53,35,48,29,24,19,59,23,18,38,68,70,62,47,17,,26,18,18,8,16,12,20,39,54,59,73,62,60,41,81,57
20150914,3,PM10,122,77,93,93,101,109,65,90,46,138,70,42,53,109,121,134,113,32,,46,30,23,25,40,27,27,61,71,79,84,106,121,90,147,158
20150914,3,AQI,56,49,54,54,61,55,53,64,35,70,53,64,54,61,66,66,51,36,,53,38,49,46,32,31,23,30,54,46,53,60,67,69,76,63
20150914,4,PM2.5,72,54,35,70,53,52,33,23,26,83,18,16,54,74,73,71,42,20,,28,19,25,10,12,11,18,47,60,64,73,70,73,39,74,62
20150914,4,PM10,126,76,84,104,117,98,71,103,63,175,52,40,81,113,111,138,70,31,,47,28,27,40,47,25,30,69,80,,102,123,146,117,140,175
20150914,4,AQI,58,50,55,56,59,56,53,64,37,72,54,63,54,62,67,66,52,36,,54,38,48,47,33,31,24,32,55,46,54,61,69,70,76,64
20150914,5,PM2.5,76,58,37,78,56,62,36,25,32,88,18,18,42,74,77,75,36,14,,27,19,23,8,13,20,14,54,61,59,57,75,79,40,86,61
20150914,5,PM10,130,73,89,112,116,113,83,110,84,180,47,44,74,93,110,149,73,30,,44,32,31,33,33,31,26,68,71,,87,136,143,127,168,155
20150914,5,AQI,59,51,56,57,61,58,54,63,40,73,54,63,55,62,67,67,54,36,,54,38,49,48,34,31,25,34,55,47,54,63,71,71,78,65
20150914,6,PM2.5,54,69,47,77,48,55,37,29,29,80,17,18,42,76,82,79,38,20,,30,21,30,12,16,18,21,59,65,61,46,67,82,49,89,68
20150914,6,PM10,129,82,103,108,95,103,71,95,61,153,43,38,99,99,107,144,62,36,,46,30,31,52,38,35,29,69,78,,81,130,152,117,176,183
20150914,6,AQI,61,52,57,58,62,59,54,63,42,74,54,62,56,63,68,69,54,36,,54,38,50,49,35,32,26,36,55,47,55,64,72,71,79,66
20150914,7,PM2.5,59,67,53,83,40,66,35,30,35,42,18,24,54,84,88,89,42,27,,31,24,26,14,21,19,18,59,67,63,48,49,91,50,98,68
20150914,7,PM10,132,91,104,121,81,126,83,109,67,105,51,63,101,136,134,161,89,50,,57,40,56,79,44,44,32,72,91,75,111,108,185,115,224,159
20150914,7,AQI,63,53,58,59,63,60,54,63,44,74,54,62,56,65,68,71,56,37,,55,38,50,50,36,32,27,38,55,49,56,65,75,71,81,67
20150914,8,PM2.5,65,64,55,68,45,66,39,32,31,41,23,35,45,92,99,89,58,20,,35,27,28,18,29,26,14,56,81,72,49,58,74,52,97,72
20150914,8,PM10,122,123,104,109,92,125,86,92,70,86,59,96,88,124,132,172,110,62,,85,67,59,89,58,80,29,67,117,145,129,113,157,127,228,181
20150914,8,AQI,64,54,59,61,64,62,54,63,46,74,53,61,57,65,69,73,58,38,,56,39,51,46,37,34,27,40,56,49,57,67,77,73,81,70
20150914,9,PM2.5,76,67,57,70,59,74,57,31,51,50,31,,38,101,105,105,78,40,,39,30,24,19,31,35,23,62,91,79,73,61,70,65,75,83
20150914,9,PM10,145,129,117,121,118,153,119,65,87,114,91,,81,177,166,201,140,68,,99,72,71,80,60,74,31,79,102,,140,141,144,152,165,196
20150914,9,AQI,67,56,60,63,66,65,56,64,49,75,54,,58,67,71,75,60,38,,57,40,51,48,39,36,28,43,58,52,58,69,79,75,83,72
20150914,10,PM2.5,93,99,74,87,82,92,80,44,50,69,55,,56,103,110,108,97,44,,52,32,22,13,26,41,21,75,97,89,84,91,102,79,103,106
20150914,10,PM10,166,178,128,155,149,179,137,98,93,159,142,,90,187,167,190,147,101,,145,89,65,51,66,79,26,105,136,111,98,174,201,193,224,187
20150914,10,AQI,70,65,62,65,68,68,58,65,51,78,55,,58,70,73,78,62,41,,59,41,52,48,40,37,29,46,62,55,59,71,81,78,86,75
20150914,11,PM2.5,117,109,93,117,102,116,96,53,,84,73,,71,93,127,115,124,46,,88,52,48,19,37,46,22,76,104,93,74,109,113,88,116,124
20150914,11,PM10,195,176,143,180,176,215,139,104,,167,146,,106,156,154,190,159,80,,178,92,84,61,85,67,35,83,133,130,101,177,203,187,212,221
20150914,11,AQI,73,62,67,68,71,72,60,66,51,79,57,,60,73,75,81,65,44,,61,44,53,49,43,40,29,49,66,59,61,75,86,81,90,80
20150914,12,PM2.5,116,100,106,95,119,109,98,74,,96,79,,101,94,108,101,131,82,47,81,73,48,18,51,49,37,66,93,87,94,103,107,95,106,107
20150914,12,PM10,132,134,140,132,185,145,127,122,,117,159,,130,,120,143,177,112,,90,118,97,57,90,74,55,73,117,120,121,152,167,173,189,149
20150914,12,AQI,74,64,66,71,81,74,63,68,52,81,59,,62,74,80,84,68,48,31,62,48,55,49,46,48,36,51,70,63,63,76,87,83,93,82
20150914,13,PM2.5,120,109,95,103,104,96,94,73,,81,107,,85,93,85,76,131,91,75,66,87,79,20,79,56,49,69,79,78,115,107,109,91,104,82
20150914,13,PM10,158,128,125,133,109,113,96,113,62,101,162,,,129,112,100,146,104,112,99,121,93,39,110,78,82,79,89,85,,122,133,115,141,95
20150914,13,AQI,77,66,69,74,74,75,64,70,53,82,61,,63,76,83,85,71,51,33,71,51,56,49,71,50,44,54,74,66,65,78,87,85,94,82
20150914,14,PM2.5,111,83,88,92,116,100,84,73,,102,86,,105,80,81,67,110,110,87,73,116,45,22,83,70,53,78,67,69,109,94,91,81,92,85
20150914,14,PM10,135,106,100,105,155,137,92,113,,159,87,,115,,82,95,119,145,114,133,143,60,64,120,109,79,84,,81,130,128,129,117,147,92
20150914,14,AQI,79,70,70,78,77,77,66,72,53,85,62,,65,80,87,86,75,53,43,94,53,62,51,61,93,48,65,77,78,71,80,87,86,96,83
20150914,15,PM2.5,94,79,81,90,91,66,97,83,92,68,91,94,80,69,55,59,67,115,59,64,115,65,48,109,90,55,62,54,70,94,84,86,85,96,69
20150914,15,PM10,,92,96,113,107,,,135,,,124,,,108,,79,,,71,76,133,94,103,140,123,80,,68,83,113,105,122,129,150,
20150914,15,AQI,83,74,72,82,79,79,67,74,71,87,64,65,67,87,90,87,78,54,91,92,56,83,74,55,64,50,61,92,85,75,81,87,88,98,85
20150914,16,PM2.5,77,67,79,74,89,54,60,85,60,62,64,77,59,71,38,56,82,69,74,63,90,71,85,100,100,50,50,54,55,77,77,74,83,75,49
20150914,16,PM10,,79,111,95,115,57,86,108,,108,94,125,92,96,,113,113,,109,98,107,84,144,133,111,84,57,77,59,102,91,100,148,119,
20150914,16,AQI,86,90,73,84,82,80,68,75,61,89,66,78,71,91,91,101,81,54,92,99,95,77,55,57,52,57,65,103,102,78,82,88,89,100,87
20150914,17,PM2.5,55,46,66,63,70,38,74,67,55,54,63,71,67,55,34,60,58,72,55,57,76,59,86,94,79,57,42,58,55,64,58,50,67,67,39
20150914,17,PM10,,49,85,71,83,43,86,114,59,74,104,105,76,,90,118,73,115,107,77,98,76,125,126,88,78,61,106,117,87,,70,74,105,
20150914,17,AQI,88,79,74,87,81,79,69,77,69,89,67,79,73,93,92,90,84,57,90,68,89,66,75,99,76,49,64,104,76,81,84,89,90,101,88
20150914,18,PM2.5,44,45,61,52,54,37,58,68,56,54,52,61,48,45,49,66,67,74,79,55,79,78,68,75,69,39,34,53,43,63,51,51,63,59,33
20150914,18,PM10,76,65,96,81,89,66,86,127,,101,75,93,,,121,137,94,99,134,109,105,,109,98,98,57,49,77,,112,80,93,105,126,67
20150914,18,AQI,89,80,77,89,82,79,72,78,55,91,68,69,74,90,94,102,86,60,92,67,92,69,59,80,62,44,65,85,77,84,85,90,91,102,89
20150914,19,PM2.5,53,43,61,61,58,47,62,70,52,48,45,54,51,52,53,72,70,77,62,47,77,58,72,68,71,45,45,60,41,63,58,56,63,61,59
20150914,19,PM10,108,89,91,90,103,121,83,117,,74,73,104,90,77,93,169,108,107,112,105,115,109,118,96,105,76,62,87,,100,130,125,92,148,201
20150914,19,AQI,91,82,79,91,84,81,74,79,56,90,68,70,76,92,96,93,89,63,91,67,65,61,60,60,57,46,67,87,78,86,87,91,91,103,93
20150914,20,PM2.5,69,55,60,59,64,57,52,74,40,58,60,64,69,55,57,77,79,83,71,58,80,56,73,62,74,54,53,67,51,80,74,65,58,64,82
20150914,20,PM10,108,95,98,102,125,83,86,113,,136,123,154,109,118,94,172,129,118,159,111,137,96,137,78,103,92,67,102,,195,116,137,112,145,146
20150914,20,AQI,93,83,81,92,86,81,75,80,56,90,69,71,78,93,97,94,91,66,91,67,68,61,61,61,67,48,68,89,79,89,89,93,90,103,94
20150914,21,PM2.5,66,50,62,74,72,61,59,86,42,57,63,78,73,68,61,76,81,77,90,68,90,64,83,57,80,52,61,81,49,96,77,81,65,75,75
20150914,21,PM10,99,86,105,118,103,98,122,138,48,113,131,168,95,101,96,146,127,114,213,127,121,118,137,74,100,73,69,93,61,186,113,159,134,158,175
20150914,21,AQI,94,85,82,94,88,83,77,81,56,90,70,72,79,94,98,95,94,69,94,68,71,61,62,62,67,49,71,92,80,93,91,96,90,104,97
20150914,22,PM2.5,69,64,79,84,76,65,76,85,46,65,74,80,87,71,78,86,82,81,79,70,88,74,82,54,70,58,78,99,58,90,80,88,80,91,75
20150914,22,PM10,108,81,114,105,118,106,145,153,48,100,134,164,114,107,133,163,147,100,153,91,102,120,123,71,85,70,,110,60,160,111,156,140,168,168
20150914,22,AQI,96,86,85,97,90,85,79,82,57,89,71,71,82,96,99,98,96,72,95,69,74,62,64,64,63,50,73,95,82,96,94,99,91,106,99
20150914,23,PM2.5,85,77,79,80,82,74,78,91,51,68,80,92,83,78,86,100,101,69,73,61,88,62,85,63,70,65,84,116,69,80,87,93,74,91,81
20150914,23,PM10,117,96,120,119,120,97,123,150,58,90,139,180,106,96,124,182,148,82,115,82,106,116,109,74,77,71,,117,71,107,132,163,114,169,162
20150914,23,AQI,99,89,87,99,92,88,81,82,59,88,72,73,84,99,100,102,99,74,95,69,78,63,65,66,67,51,76,96,84,99,96,102,90,108,101
20150914,0,SO2,9,3,4,3,8,9,2,7,2,2,2,3,6,9,11,16,2,2,,2,2,2,2,2,2,2,5,8,5,4,4,14,4,8,9
20150914,0,NO2,54,64,69,56,67,67,66,69,37,94,23,82,91,58,75,72,89,31,,18,13,66,31,17,5,9,19,43,38,38,78,83,99,104,54
20150914,0,O3,47,37,28,30,59,48,23,,41,2,56,6,4,49,30,46,2,65,,65,50,2,38,62,,50,,53,44,38,27,34,15,9,67
20150914,0,CO,0.7,0.7,0.7,0.7,0.7,0.6,0.6,0.5,2.2,0.9,0.4,0.6,0.9,0.7,0.7,0.2,0.8,0.6,,0.4,0.4,0.5,0.4,0.4,0.4,0.4,0.3,0.5,0.9,0.4,0.6,0.7,0.6,0.7,0.4
20150914,1,SO2,8,2,4,2,9,10,2,6,2,2,2,2,6,19,19,20,,2,,2,2,2,2,2,2,2,6,9,6,4,3,16,2,6,11
20150914,1,NO2,70,60,76,70,102,68,79,67,30,90,32,72,87,61,57,73,63,28,,16,11,44,22,22,6,9,22,44,29,44,88,87,103,94,58
20150914,1,O3,24,26,15,5,21,39,2,,43,2,40,6,2,38,42,34,2,60,,64,45,15,41,52,,53,,52,64,27,9,25,5,6,53
20150914,1,CO,0.7,0.7,0.7,0.8,0.8,0.7,0.7,0.6,0.3,0.9,0.5,0.6,1,0.8,0.7,0.3,0.7,0.5,,0.4,0.4,0.5,0.4,0.4,0.4,0.5,0.3,0.7,1,0.5,0.7,0.7,0.6,0.6,0.4
20150914,2,SO2,8,3,2,2,2,9,2,5,2,2,5,2,9,27,16,16,,2,,2,2,2,2,2,2,2,7,4,12,4,2,14,6,6,11
20150914,2,NO2,71,57,78,66,114,65,79,67,26,86,48,57,78,51,63,94,36,30,,15,9,44,20,17,5,9,25,56,27,39,92,93,102,94,61
20150914,2,O3,13,13,3,2,4,34,2,,37,2,27,15,2,41,32,5,2,48,,61,40,10,35,53,,45,,28,91,12,2,12,2,5,41
20150914,2,CO,0.7,0.7,0.7,0.8,0.8,0.7,0.8,0.6,0.3,0.9,0.4,0.5,1,0.9,0.7,0.3,,0.5,,0.4,0.4,0.5,0.3,0.4,0.4,0.4,0.3,0.7,1,0.5,0.8,0.8,1,0.7,0.4
20150914,3,SO2,8,3,2,2,2,8,2,3,2,2,4,2,5,14,11,9,2,2,,2,2,2,2,2,2,2,3,2,12,4,3,15,5,9,15
20150914,3,NO2,80,61,81,63,122,69,80,64,31,82,72,60,70,52,56,80,32,33,,13,10,33,21,18,7,8,25,63,26,44,85,93,102,83,99
20150914,3,O3,3,6,2,2,2,24,2,,36,2,5,6,2,26,32,7,,42,,60,37,15,29,50,,39,,2,65,5,2,4,2,5,2
20150914,3,CO,0.7,0.7,0.8,0.8,0.9,0.7,0.7,0.5,0.4,1,0.5,0.6,0.7,1,0.8,0.4,,0.6,,0.4,0.4,0.5,0.3,0.4,0.4,0.4,0.4,0.8,1,0.4,0.8,1,1,0.7,0.7
20150914,4,SO2,15,3,2,3,2,7,2,3,2,3,2,2,6,9,8,8,2,2,,2,2,2,2,2,2,2,7,2,3,5,7,20,5,12,16
20150914,4,NO2,80,53,86,60,111,85,76,66,45,78,59,54,67,56,47,82,,29,,13,9,46,45,20,6,7,30,58,28,46,84,94,97,85,95
20150914,4,O3,3,2,2,2,,5,2,,26,2,4,8,2,22,37,2,,38,,56,32,7,2,42,,34,,2,17,,2,4,2,4,2
20150914,4,CO,0.7,0.8,0.8,0.9,1,0.8,0.6,0.5,0.4,1,0.4,0.6,0.9,1,0.7,0.4,0.3,0.6,,0.4,0.4,0.5,0.3,0.4,0.4,0.4,0.5,0.8,1,0.5,0.9,1.1,0.7,0.8,1
20150914,5,SO2,13,2,2,4,2,8,2,5,2,5,2,2,5,6,7,7,2,2,,2,2,2,2,2,2,2,7,2,2,5,8,16,8,14,11
20150914,5,NO2,76,47,86,58,98,86,72,68,65,72,47,57,51,48,44,78,,27,,12,8,50,40,15,7,,29,46,23,35,81,89,90,82,80
20150914,5,O3,2,2,2,2,2,2,2,,9,2,7,2,2,19,31,2,2,40,,52,27,2,2,41,,30,,2,2,2,2,5,2,4,2
20150914,5,CO,1,1,0.8,1,1,0.9,0.6,0.5,0.5,1.1,0.4,0.6,0.8,1,0.7,0.4,0.4,0.5,,0.4,0.4,0.5,0.3,0.4,0.4,0.4,0.6,0.9,1,0.5,1,1.3,0.7,1,1
20150914,6,SO2,4,3,2,4,2,3,2,6,2,7,2,2,6,5,6,6,2,2,,2,2,2,2,2,2,2,6,3,2,6,5,12,5,15,18
20150914,6,NO2,81,45,87,54,91,78,69,66,47,75,40,55,54,49,54,78,56,27,,14,14,50,36,17,11,8,28,44,21,36,79,81,89,92,72
20150914,6,O3,2,2,2,2,2,2,2,,13,2,13,4,2,12,17,2,2,40,,50,15,2,2,38,,26,,2,2,2,2,6,2,4,2
20150914,6,CO,1.1,1.1,0.9,1,0.9,1,0.6,0.5,0.5,1.1,0.4,0.6,1,1,0.8,0.5,0.6,0.6,,0.4,0.4,0.5,0.4,0.4,0.4,0.4,0.6,1.1,0.9,0.5,0.9,2,0.6,1.2,1.4
20150914,7,SO2,3,3,2,3,2,4,3,5,2,3,2,2,9,6,6,7,2,2,,2,2,2,3,2,2,2,5,2,2,6,3,14,4,16,13
20150914,7,NO2,77,40,85,50,81,77,69,62,42,77,35,59,62,59,60,76,56,38,,21,16,44,42,18,14,9,24,39,19,36,81,88,83,88,62
20150914,7,O3,2,3,2,2,2,2,2,,11,2,14,5,2,3,8,2,2,28,,43,7,2,2,30,,23,,2,2,2,2,6,2,4,2
20150914,7,CO,1.2,1.1,0.9,1.2,0.8,1.2,0.7,0.6,0.5,0.9,0.5,0.7,1,1.2,0.8,0.8,0.7,0.7,,0.5,0.5,1,0.5,0.5,0.5,0.4,0.6,1.2,0.9,0.5,1.1,2.2,0.7,1.4,1.2
20150914,8,SO2,6,6,6,6,2,5,4,3,2,4,2,3,9,11,13,11,2,3,,2,2,2,2,2,2,2,4,4,3,6,3,15,2,19,12
20150914,8,NO2,80,84,78,64,79,80,62,70,46,74,37,69,60,60,57,75,58,44,,32,30,38,47,20,39,6,22,52,38,44,81,96,82,103,81
20150914,8,O3,5,3,10,7,7,2,3,,19,2,16,8,3,10,17,4,2,20,,32,2,9,2,28,,26,,7,2,2,2,7,2,4,2
20150914,8,CO,1.2,1.3,0.9,1.1,0.9,1.2,0.8,0.7,0.6,0.9,0.5,0.8,0.8,1.2,0.9,0.6,0.8,0.8,,0.6,0.6,0.6,0.6,0.6,0.5,0.5,0.6,1.2,1,0.6,1,1.3,0.8,1.6,1.4
20150914,9,SO2,10,10,11,7,2,7,8,4,10,7,3,,9,20,16,16,5,5,,3,3,2,4,2,4,2,11,10,16,5,4,15,2,14,12
20150914,9,NO2,87,111,86,71,84,95,60,70,33,73,46,,68,84,67,82,65,65,,34,37,27,48,33,,6,,54,46,62,92,111,87,104,95
20150914,9,O3,11,5,16,13,13,4,13,,59,2,18,,12,11,21,12,2,23,,44,8,24,11,43,,36,,30,39,5,6,11,7,6,2
20150914,9,CO,1.2,1.3,1,1.1,1,1.2,0.8,0.6,0.5,0.9,0.7,,0.8,1.4,0.9,0.7,0.9,0.9,,0.7,0.5,0.6,0.6,0.6,0.5,0.5,0.7,1.1,1.1,0.7,1.1,1.2,0.7,1.3,1.5
20150914,10,SO2,11,16,11,10,10,12,16,3,12,11,9,,10,23,23,22,9,6,,7,7,3,3,2,6,2,12,14,28,8,9,25,14,20,16
20150914,10,NO2,109,129,103,94,109,109,71,69,36,102,53,,83,84,77,75,56,79,,34,21,17,24,29,33,6,55,62,46,70,122,137,110,148,122
20150914,10,O3,13,12,25,17,25,16,27,17,72,7,32,,23,,32,39,32,21,,62,48,52,66,75,,63,20,48,71,24,9,20,10,8,10
20150914,10,CO,1.4,1.6,1.1,1.4,1.2,1.2,0.9,0.6,0.6,1.2,0.9,,0.8,1.3,0.9,0.6,1,1,,0.8,0.5,0.5,0.4,0.5,0.6,0.5,0.8,1.1,1.1,0.6,1.3,1.7,1,1.7,1.3
20150914,11,SO2,13,22,,20,10,14,18,7,16,12,10,,11,29,31,33,,8,,19,,7,6,4,8,6,29,18,23,9,17,32,,29,17
20150914,11,NO2,134,123,132,94,139,128,78,62,35,121,21,,99,61,67,61,2,43,,40,11,26,19,41,21,6,25,51,45,77,127,132,134,140,148
20150914,11,O3,22,34,28,43,27,24,47,45,97,21,50,,36,78,76,105,2,77,,88,83,71,107,77,128,82,122,96,84,39,26,38,20,19,19
20150914,11,CO,1.5,1.4,1.2,1.5,1.5,1.3,1,0.6,,1.4,1,,0.9,1.1,0.9,0.6,0.1,0.7,,1,0.4,0.6,0.4,,0.6,0.5,0.7,1,1.2,0.6,1.3,1.5,1.1,1.5,1.3
20150914,12,SO2,23,28,,26,12,27,15,11,8,20,15,,19,38,37,37,,15,7,28,,12,9,9,10,16,25,17,20,11,22,40,13,35,27
20150914,12,NO2,85,63,119,51,160,76,94,61,51,88,54,,82,38,32,36,2,41,48,22,12,20,16,26,22,6,22,37,31,67,84,95,145,123,109
20150914,12,O3,84,114,67,109,46,101,66,65,,83,82,,95,126,143,176,2,114,98,157,118,113,132,130,151,112,137,142,117,81,81,89,41,50,76
20150914,12,CO,1.2,1,,1.1,1.6,1.1,1.1,0.7,0.8,1.2,1.1,,1,1.1,0.8,0.5,,0.9,1.4,0.8,,0.7,0.5,,0.7,0.7,0.6,0.9,1.1,0.7,1.1,1.2,1.3,1.2,1
20150914,13,SO2,31,33,25,30,21,32,19,10,6,28,20,,29,33,22,31,2,15,5,23,23,18,9,14,11,21,21,14,17,18,27,42,5,36,33
20150914,13,NO2,43,39,59,33,73,30,70,70,65,39,50,,37,28,30,23,2,51,65,16,14,15,15,27,27,8,24,22,25,46,55,69,88,106,70
20150914,13,O3,142,161,125,150,139,172,109,75,,147,137,,148,146,147,177,2,133,98,176,149,160,141,177,157,140,148,172,157,122,133,134,96,77,133
20150914,13,CO,1,0.9,,1,1.1,0.8,1,0.7,0.9,1,1.1,,0.8,0.9,0.6,0.3,,1,1.3,0.7,,0.8,0.5,,0.7,0.8,0.7,0.7,1,0.7,0.9,1,0.8,1,0.8
20150914,14,SO2,26,26,27,27,24,27,26,9,13,29,23,,36,31,20,27,2,14,6,20,14,17,9,14,13,20,19,14,17,19,20,33,22,30,26
20150914,14,NO2,31,28,37,23,48,29,30,76,32,29,17,,33,23,21,20,3,86,43,15,17,14,16,45,28,8,20,16,19,,52,69,70,100,64
20150914,14,O3,144,157,,150,170,168,147,80,154,165,153,,155,171,161,172,,115,136,195,,169,153,169,194,154,172,178,182,138,119,119,107,77,138
20150914,14,CO,0.9,0.8,0.9,0.9,1,0.8,0.8,0.8,0.8,1,0.8,,0.9,0.9,0.6,0.3,0.2,1.2,1.2,0.8,0.6,0.7,0.5,0.8,0.8,0.7,0.7,0.6,1,0.7,0.8,0.9,0.7,1,0.7
20150914,15,SO2,24,26,25,25,23,23,27,11,19,26,25,,27,23,19,26,2,18,11,15,12,16,9,17,12,17,16,11,16,16,23,34,23,29,25
20150914,15,NO2,25,25,32,24,38,20,24,58,24,29,11,,26,22,16,19,4,66,19,15,16,16,26,59,56,7,16,13,19,33,50,82,50,107,49
20150914,15,O3,157,177,,165,171,179,160,106,176,163,171,,170,189,176,186,,143,140,193,,186,179,,171,160,168,193,188,158,141,127,130,89,150
20150914,15,CO,0.8,0.8,0.8,0.9,0.9,0.7,0.7,0.7,0.8,0.8,0.9,,0.7,0.8,0.5,0.3,0.1,1.1,0.9,0.7,0.4,0.7,0.6,0.9,0.9,0.7,0.6,0.6,0.9,0.6,0.7,0.9,0.6,1,0.6
20150914,16,SO2,19,22,18,19,19,20,20,14,16,18,17,21,21,20,16,23,7,21,10,14,19,15,10,21,14,17,13,12,14,13,18,28,17,24,21
20150914,16,NO2,20,20,,21,40,19,22,49,18,27,7,15,27,23,17,19,,32,23,13,,20,53,32,79,7,16,18,16,33,48,61,61,105,40
20150914,16,O3,171,192,165,181,185,184,162,107,168,179,172,182,176,192,164,201,,152,155,199,195,181,160,,139,166,171,206,203,161,154,153,134,98,159
20150914,16,CO,0.7,0.7,0.7,0.8,0.9,0.6,0.6,0.7,0.7,0.8,0.7,0.6,0.7,0.8,0.4,0.3,0.4,0.8,0.9,0.7,0.7,0.8,0.8,0.8,1,0.8,0.6,1.2,0.9,0.6,0.7,0.8,0.6,0.9,0.5
20150914,17,SO2,17,21,13,17,16,18,16,12,11,17,15,17,19,21,14,22,3,19,9,12,19,14,14,22,18,14,12,11,8,9,17,26,11,22,19
20150914,17,NO2,20,18,,20,39,20,31,47,19,25,15,17,31,23,15,32,,33,26,18,,24,35,28,43,8,17,18,13,32,56,58,79,116,65
20150914,17,O3,158,174,131,169,184,167,160,103,175,180,171,183,178,194,170,191,,163,153,174,191,172,180,199,181,154,166,206,162,150,132,143,114,78,129
20150914,17,CO,0.6,0.6,0.6,0.7,0.7,0.5,0.7,0.7,0.7,0.8,0.7,0.6,0.7,0.8,0.4,0.4,0.1,0.9,0.8,0.8,0.7,0.7,0.8,0.8,0.8,0.8,0.7,1.2,1,0.5,0.6,0.6,0.6,1,0.6
20150914,18,SO2,17,18,15,15,15,17,17,6,8,14,10,15,20,17,14,23,11,13,7,13,15,11,12,18,16,13,7,9,5,7,14,25,10,19,17
20150914,18,NO2,23,21,32,25,41,28,30,55,23,32,19,19,34,23,24,35,32,41,36,23,29,22,37,26,40,8,16,17,11,36,61,77,77,138,51
20150914,18,O3,154,175,180,164,169,160,158,84,154,175,152,170,154,185,180,203,,147,153,168,193,175,166,183,169,139,130,181,113,115,130,130,118,61,138
20150914,18,CO,0.7,0.6,0.8,0.8,0.7,0.6,0.7,0.7,0.7,0.8,0.7,0.6,0.6,0.7,0.7,0.8,0.7,0.9,0.9,0.8,0.8,0.8,0.7,0.7,0.7,0.7,0.4,0.8,0.9,0.5,0.7,0.8,0.6,1,0.5
20150914,19,SO2,14,14,11,10,12,16,14,2,2,11,10,14,19,15,13,23,8,9,5,8,12,6,8,7,12,12,4,5,4,5,9,23,10,15,14
20150914,19,NO2,32,30,43,30,45,40,56,60,24,64,24,32,87,47,47,52,61,57,47,35,43,54,48,20,112,9,20,30,15,42,70,106,60,137,107
20150914,19,O3,143,159,155,139,162,159,123,51,114,99,132,124,92,139,144,168,,113,121,138,151,126,146,127,61,146,123,134,106,58,114,91,126,40,106
20150914,19,CO,0.9,0.8,0.8,0.9,0.8,0.8,0.8,0.7,0.6,0.8,0.7,0.6,0.8,0.9,0.9,1.1,1,1,0.8,0.6,0.8,0.9,0.7,0.7,0.8,0.7,0.5,0.8,0.8,0.5,0.8,1.1,0.6,1.1,1.1
20150914,20,SO2,16,12,11,8,11,16,12,2,2,5,10,13,18,15,12,19,4,7,3,7,7,4,4,4,9,8,5,2,2,5,8,22,7,11,20
20150914,20,NO2,48,40,45,38,58,55,83,58,20,65,42,68,112,62,46,66,80,54,77,34,44,48,64,16,134,10,23,37,18,101,94,140,76,103,175
20150914,20,O3,116,114,131,105,141,124,69,38,105,78,109,57,53,102,126,119,,103,57,125,107,121,97,113,22,130,116,73,81,7,70,37,92,48,27
20150914,20,CO,1.2,1,1,1,1.2,1,0.8,0.8,0.5,1,0.8,0.9,0.9,1.1,0.9,1,1.3,1,1,0.8,1,1,0.8,0.6,0.8,0.7,0.7,0.9,0.8,0.5,1.1,1.3,0.8,1,2
20150914,21,SO2,17,6,13,7,13,15,10,2,2,4,11,10,15,13,12,21,2,5,2,3,3,2,2,3,8,2,8,2,2,5,9,24,7,12,16
20150914,21,NO2,49,43,58,42,77,91,119,88,23,75,48,77,73,66,47,76,85,59,104,23,28,97,69,15,133,9,24,56,22,93,101,161,76,112,154
20150914,21,O3,104,62,102,84,106,73,24,2,101,49,96,34,75,84,116,90,,88,5,110,91,47,73,95,19,88,116,54,39,2,49,5,77,38,16
20150914,21,CO,1.2,1.1,1.1,1.2,1.3,1.2,1,0.9,0.5,1,0.8,1.2,0.9,1.2,0.8,0.8,1.1,1.1,1.1,0.8,0.9,1.1,0.9,0.6,0.8,0.7,0.7,0.8,0.8,0.6,1.2,1.9,0.9,1.3,1.5
20150914,22,SO2,19,6,15,8,10,16,7,4,2,4,9,8,13,15,16,19,2,4,2,2,2,2,2,2,6,2,11,3,2,4,10,24,6,15,10
20150914,22,NO2,64,47,75,58,119,106,127,85,26,85,64,83,105,74,74,82,108,57,64,21,20,86,67,15,66,11,27,48,29,83,103,153,101,132,147
20150914,22,O3,84,54,78,61,55,56,4,2,95,31,65,19,33,68,83,69,,73,18,99,82,32,58,84,77,75,112,78,38,2,41,11,44,18,2
20150914,22,CO,1.2,1.1,1.3,1.3,1.6,1.2,1.2,0.9,0.6,1.2,0.9,1,1.1,1.1,0.9,0.7,1.1,1,1,0.8,0.9,1,0.8,0.6,0.7,0.7,0.7,0.7,0.9,0.6,1.3,1.5,1.3,1.5,1.6
20150914,23,SO2,22,7,15,9,13,20,9,2,2,9,6,8,12,12,12,17,2,3,2,2,2,2,2,2,4,2,11,2,2,4,11,26,10,14,13
20150914,23,NO2,65,69,84,61,98,75,126,90,35,64,85,89,74,72,63,95,111,37,65,17,21,72,28,15,41,10,28,40,27,57,126,146,106,127,156
20150914,23,O3,73,45,62,55,71,82,11,2,76,18,27,2,48,57,70,44,,81,22,106,70,21,68,81,89,71,106,76,23,2,18,14,47,15,4
20150914,23,CO,1.1,1.1,1.1,1.1,1.4,1.1,1.3,0.8,0.6,0.9,1,1.2,0.9,1,0.9,0.6,1.1,0.9,0.9,0.7,0.9,0.9,0.7,0.7,0.7,0.7,0.9,0.8,0.9,0.6,1.3,1.4,0.9,1.2,1.5
