date,hour,type,dongsi,tiantan,guanyuan,wanshouxigong,aotizhongxing,nongzhanguan,wanliu,beibuxingqu,zhiwuyuan,fentaihuayuan,yungang,gucheng,fangshan,daxing,yizhuang,tongzhou,shunyi,changping,mengtougou,pinggu,huairou,miyun,yanqing,dingling,badaling,miyunshuiku,donggaocun,yongledian,yufa,liulihe,qianmeng,yongdingmengxi,xizhimengbei,nansanhuan,dongsihuan
20150804,0,PM2.5,11,7,13,,9,,7,16,21,15,14,13,25,14,7,8,15,10,18,19,8,9,,3,10,8,18,16,16,25,6,9,4,11,6
20150804,0,PM10,,,,5,16,5,20,32,24,49,33,111,33,,18,8,19,12,70,,,,23,14,,,19,33,,28,,12,5,30,8
20150804,0,AQI,97,96,100,97,334,83,106,75,108,94,70,107,92,103,106,101,85,62,58,83,63,59,29,47,82,44,93,113,91,98,104,97,89,108,88
20150804,1,PM2.5,10,5,8,3,7,,14,19,10,18,12,9,16,21,10,8,8,7,15,13,3,8,,7,6,3,20,11,14,27,8,9,9,15,7
20150804,1,PM10,,6,,27,13,5,24,,16,52,27,,20,100,,19,8,,56,,5,26,15,8,,5,,19,,31,8,16,12,33,7
20150804,1,AQI,93,92,96,93,306,82,102,70,103,91,66,100,87,100,102,95,79,56,53,79,57,52,26,73,75,37,88,109,90,97,100,93,85,104,84
20150804,2,PM2.5,10,10,11,9,8,,15,18,12,8,14,5,22,22,12,9,9,5,17,11,10,11,,10,23,6,15,14,12,22,15,11,12,11,7
20150804,2,PM10,,28,,,19,5,,,,20,36,,,44,,36,,6,53,21,,,17,11,,,,35,,44,,13,17,18,13
20150804,2,AQI,89,88,92,88,279,82,96,66,96,87,63,93,81,98,98,89,74,51,48,75,51,44,26,37,71,31,84,104,90,94,96,89,81,100,80
20150804,3,PM2.5,10,10,10,6,8,,12,13,7,12,12,3,22,18,11,18,9,9,13,14,16,9,,5,26,3,12,14,15,25,3,7,13,11,13
20150804,3,PM10,13,17,12,15,35,9,,45,9,33,37,5,29,39,,32,10,16,24,,,,8,10,,5,17,38,,39,11,29,33,20,71
20150804,3,AQI,84,84,87,84,251,80,89,62,88,83,60,86,77,96,93,83,69,45,43,72,45,37,25,32,66,26,80,100,90,92,91,84,75,96,76
20150804,4,PM2.5,17,10,12,5,12,3,,15,7,10,,9,20,26,7,21,9,9,8,13,7,8,,7,25,7,14,16,13,23,12,12,3,11,18
20150804,4,PM10,18,,,18,35,13,27,41,,34,11,67,,31,13,32,10,,31,,,13,17,8,,,,35,,38,17,26,17,24,72
20150804,4,AQI,80,79,80,79,224,75,86,58,78,78,59,79,73,93,87,78,63,39,43,69,40,35,25,28,61,22,76,97,90,90,86,78,70,91,71
20150804,5,PM2.5,16,15,9,4,12,,11,22,7,15,9,13,24,33,8,30,7,8,15,18,10,8,3,6,31,3,16,20,16,24,,13,9,19,16
20150804,5,PM10,20,22,15,25,38,18,,48,8,72,33,57,35,63,15,56,,11,63,,,,17,11,,11,,34,,43,,34,38,66,95
20150804,5,AQI,73,74,74,73,196,71,80,54,71,73,56,72,69,91,80,72,58,33,44,66,35,35,25,26,59,19,73,93,90,88,,72,65,85,65
20150804,6,PM2.5,11,9,16,17,12,5,6,29,8,21,8,22,20,27,10,17,6,7,18,7,13,7,3,8,31,10,8,21,20,23,18,19,14,25,20
20150804,6,PM10,25,21,20,35,33,31,15,78,10,113,35,72,,68,20,24,22,13,70,22,,15,24,15,,,,42,21,74,23,37,63,102,75
20150804,6,AQI,65,66,68,65,157,62,72,52,63,67,53,67,65,88,73,66,53,28,45,63,31,34,26,25,56,19,70,90,87,85,71,64,59,77,58
20150804,7,PM2.5,16,15,18,8,12,6,11,21,9,17,21,19,13,26,11,9,9,13,25,15,11,12,5,8,33,7,4,24,20,25,16,22,12,31,22
20150804,7,PM10,36,21,38,47,33,35,33,101,15,77,74,58,,127,30,40,21,22,112,40,27,25,46,24,,9,19,45,48,250,23,78,57,153,94
20150804,7,AQI,58,59,60,57,122,54,63,49,55,60,50,61,60,83,65,60,46,25,48,61,29,34,27,25,54,18,66,87,86,83,63,57,51,70,53
20150804,8,PM2.5,15,14,16,13,9,6,10,16,12,16,16,24,13,21,21,12,,15,15,16,7,5,12,8,39,7,9,22,27,33,13,14,17,40,10
20150804,8,PM10,25,,46,,37,26,,,13,61,45,93,31,,52,46,,32,83,44,37,30,48,22,40,14,10,43,161,,25,44,38,129,22
20150804,8,AQI,50,51,52,49,88,45,55,43,47,54,46,57,53,78,58,54,,22,50,58,30,34,27,24,54,18,62,82,89,80,55,48,44,72,52
20150804,9,PM2.5,13,13,20,,14,10,14,9,11,9,13,25,20,19,17,9,5,16,17,15,17,7,22,12,33,6,14,20,23,25,16,16,9,27,10
20150804,9,PM10,26,,55,,49,41,23,,23,45,39,82,37,60,49,58,16,30,66,30,30,20,57,32,,8,19,33,,33,28,43,42,111,24
20150804,9,AQI,43,42,44,,55,36,46,42,38,47,44,53,49,70,49,48,37,22,49,55,30,32,28,26,52,14,57,75,86,76,47,39,37,67,51
20150804,10,PM2.5,13,9,16,16,18,11,12,14,15,14,14,17,17,20,13,9,9,15,25,15,17,6,25,10,26,7,18,15,26,25,18,12,11,26,19
20150804,10,PM10,31,31,42,31,46,42,40,30,28,51,43,43,34,70,49,48,29,27,90,24,24,22,57,24,,9,23,38,,64,52,32,58,79,
20150804,10,AQI,37,37,38,35,32,31,38,41,37,45,41,48,47,65,41,41,34,21,51,51,29,28,29,30,47,17,52,67,84,70,40,34,37,57,51
20150804,11,PM2.5,18,9,16,26,15,12,15,10,17,8,10,12,20,19,13,17,20,15,12,13,9,12,25,8,65,12,13,19,13,9,21,14,15,22,17
20150804,11,PM10,36,23,51,66,52,45,42,20,26,48,42,44,43,41,51,51,36,39,51,33,31,23,49,40,,12,18,52,,,42,52,61,74,35
20150804,11,AQI,33,32,33,32,33,25,31,40,34,46,38,48,40,63,39,38,31,24,51,45,29,27,29,32,50,22,46,59,78,62,36,44,39,60,45
20150804,12,PM2.5,18,16,19,18,19,13,19,,20,9,12,16,13,14,19,14,19,16,13,7,15,12,22,12,49,9,13,19,6,13,29,20,23,31,20
20150804,12,PM10,39,60,48,67,50,38,,,45,33,43,48,,,45,67,29,44,41,,48,,45,27,,,16,39,14,16,52,59,72,92,71
20150804,12,AQI,34,46,40,50,34,32,36,40,34,45,47,49,39,59,65,40,34,31,49,38,29,30,29,38,52,24,41,81,67,52,36,40,52,67,47
20150804,13,PM2.5,22,18,18,18,18,19,17,15,19,18,13,19,14,16,19,23,18,15,16,13,13,13,17,14,29,9,14,14,13,14,25,24,21,35,21
20150804,13,PM10,57,39,40,51,52,42,43,51,45,44,33,62,23,17,31,79,22,31,38,,66,40,40,53,29,,21,31,21,63,55,61,38,60,38
20150804,13,AQI,82,109,85,94,50,83,75,41,79,63,47,78,43,54,59,97,40,42,49,43,38,35,37,47,50,27,39,78,66,52,50,70,40,64,48
20150804,14,PM2.5,19,20,17,15,21,18,23,21,19,14,8,16,11,12,14,22,15,12,15,16,18,22,6,20,59,9,15,15,16,12,23,17,22,29,20
20150804,14,PM10,37,,36,40,51,44,52,40,34,41,29,68,31,39,27,51,46,27,49,47,57,65,25,43,,31,24,22,33,31,47,18,77,48,32
20150804,14,AQI,86,86,81,68,101,111,101,42,94,48,50,58,47,54,50,112,50,47,54,49,48,46,45,92,50,36,46,37,52,51,46,48,40,62,115
20150804,15,PM2.5,,12,14,11,18,11,15,18,22,14,11,13,13,10,9,14,31,25,19,17,23,30,7,16,51,20,23,14,,12,11,13,19,20,20
20150804,15,PM10,28,29,35,40,51,30,17,34,30,32,32,36,26,17,20,51,50,29,48,48,,65,30,40,,39,35,19,,34,23,35,46,53,51
20150804,15,AQI,50,63,50,58,67,82,71,41,75,51,61,76,48,55,50,87,123,96,51,101,97,76,48,108,48,42,101,33,,51,39,43,40,58,72
20150804,16,PM2.5,,12,21,11,15,8,19,20,23,13,11,13,15,14,14,16,26,23,15,22,33,34,6,20,58,22,29,13,36,17,12,19,19,27,16
20150804,16,PM10,,26,42,35,53,36,65,36,38,50,36,71,51,62,25,48,38,41,57,55,67,,25,40,60,45,45,30,62,65,50,42,87,62,39
20150804,16,AQI,49,66,77,59,53,69,77,40,88,62,68,74,65,53,55,81,113,101,50,132,132,117,47,136,55,63,128,36,61,51,40,42,43,61,47
20150804,17,PM2.5,12,13,16,10,13,10,21,19,15,17,16,16,15,12,16,13,21,24,11,23,31,34,3,16,30,26,22,19,45,34,14,12,14,27,15
20150804,17,PM10,16,72,52,69,57,39,75,48,28,53,54,142,48,65,30,42,26,56,40,55,63,89,35,54,38,37,26,38,,106,36,66,88,92,60
20150804,17,AQI,48,50,55,48,47,56,68,42,52,51,68,64,52,53,58,80,76,83,51,137,143,141,67,121,117,116,117,42,67,53,36,37,45,58,50
20150804,18,PM2.5,15,20,20,13,13,12,16,17,24,20,16,18,24,30,25,17,19,19,13,17,21,31,9,19,40,24,23,21,32,43,19,14,17,28,15
20150804,18,PM10,17,59,55,76,70,54,85,38,41,67,52,73,58,121,57,102,54,38,58,70,35,61,35,55,62,62,54,52,46,80,63,96,132,123,63
20150804,18,AQI,43,50,56,50,45,48,68,42,70,51,74,65,62,66,63,63,51,59,52,120,106,131,118,110,118,112,107,45,63,53,38,40,49,59,45
20150804,19,PM2.5,27,28,36,36,26,28,29,22,27,35,32,32,36,39,27,25,21,24,25,21,17,28,,15,53,32,21,21,25,39,36,38,36,49,29
20150804,19,PM10,43,112,92,123,99,110,112,61,48,99,89,162,80,97,58,93,54,90,89,63,71,77,69,80,107,50,31,32,31,55,113,141,164,165,125
20150804,19,AQI,49,57,63,54,49,50,50,43,68,50,77,78,51,55,67,68,45,55,53,107,61,110,113,91,56,117,78,64,50,53,39,43,52,77,49
20150804,20,PM2.5,39,36,43,39,45,36,43,29,45,41,32,39,38,35,26,26,26,22,45,23,25,19,3,20,27,29,27,24,36,46,43,39,42,50,36
20150804,20,PM10,71,77,105,92,128,101,85,68,79,105,75,143,56,38,54,94,66,62,117,60,66,70,40,51,63,50,41,52,56,52,106,96,161,119,95
20150804,20,AQI,41,44,48,45,48,45,50,44,69,52,46,60,43,55,47,48,39,46,54,61,43,94,104,48,54,103,45,45,50,53,42,45,55,79,51
20150804,21,PM2.5,37,35,40,34,39,33,40,39,49,41,30,40,47,40,36,31,34,35,46,29,33,25,3,23,26,25,32,35,40,51,46,42,35,48,34
20150804,21,PM10,81,55,100,71,106,75,75,83,79,107,82,96,71,81,73,99,83,96,130,81,91,68,21,57,67,42,48,69,,81,82,81,102,116,74
20150804,21,AQI,35,42,50,47,49,40,47,48,40,54,45,61,43,56,43,51,33,40,57,48,45,47,43,47,55,82,48,38,50,54,44,48,56,64,52
20150804,22,PM2.5,51,47,44,34,43,39,46,50,47,55,39,47,51,46,41,38,39,35,47,33,32,38,3,19,47,23,36,50,43,59,59,58,48,55,47
20150804,22,PM10,89,82,101,80,98,84,81,104,68,109,93,102,75,87,76,103,79,51,111,59,106,77,52,62,,58,40,83,59,83,91,103,104,132,84
20150804,22,AQI,37,44,51,49,51,39,51,52,34,55,47,63,44,57,39,53,35,37,59,47,50,46,38,41,55,50,46,40,51,56,47,51,58,89,54
20150804,23,PM2.5,50,51,50,45,52,41,53,48,50,49,43,60,56,51,48,47,41,32,44,32,34,44,5,22,31,29,37,54,,64,55,55,52,60,55
20150804,23,PM10,81,71,92,89,98,75,75,91,69,89,88,154,75,76,75,107,88,49,75,48,78,84,35,57,,35,39,79,,73,86,90,107,133,123
20150804,23,AQI,40,45,52,51,53,42,52,53,36,56,49,66,46,57,42,54,38,38,59,48,52,49,35,40,55,49,39,42,,57,48,53,59,79,65
20150804,0,SO2,2,3,2,2,2,2,2,5,2,5,2,2,4,2,2,4,2,2,2,2,2,2,2,6,15,2,2,2,3,4,2,3,8,3,2
20150804,0,NO2,26,36,2,35,35,26,38,24,34,90,15,50,56,69,51,29,48,19,59,32,6,23,38,11,9,7,18,48,46,38,31,59,47,76,23
20150804,0,O3,60,54,38,45,62,72,20,2,26,2,25,33,9,14,54,57,15,58,4,13,46,29,9,92,60,44,23,30,2,2,53,23,28,14,72
20150804,0,CO,0.3,0.4,0.5,0.5,0.1,0.3,0.5,0.3,0.3,1.1,0.5,0.7,0.4,0.6,0.6,0.3,0.5,0.1,0.5,0.4,0.4,0.4,0.3,0.3,0.4,0.1,0.2,0.2,1,0.1,0.3,0.5,0.4,0.5,0.1
20150804,1,SO2,2,4,2,2,2,2,2,5,2,5,2,2,4,2,2,4,2,2,2,2,2,2,2,11,13,2,2,2,3,5,2,3,6,3,2
20150804,1,NO2,27,42,2,41,46,29,55,21,23,93,15,38,54,67,44,36,23,17,49,21,5,38,31,13,9,5,9,28,40,35,37,59,53,79,31
20150804,1,O3,58,45,38,32,50,65,2,2,32,2,27,40,7,7,61,51,39,57,3,23,39,6,15,178,61,49,32,56,2,2,42,20,23,11,58
20150804,1,CO,0.3,0.4,0.4,0.5,0.1,0.4,0.7,0.3,0.3,1,0.5,0.5,0.4,0.7,0.5,0.3,0.4,0.1,0.5,0.4,0.4,0.5,0.3,0.4,0.4,0.1,0.2,0.1,1,0.1,0.3,0.5,0.4,0.5,0.1
20150804,2,SO2,2,3,2,2,3,2,2,5,2,5,2,3,4,2,2,4,2,5,2,2,2,2,2,16,13,2,2,2,187,5,2,3,15,4,2
20150804,2,NO2,33,36,2,39,45,27,56,27,13,81,21,9,58,63,53,36,20,19,42,17,6,28,36,14,9,6,7,35,27,32,49,52,60,70,55
20150804,2,O3,50,26,23,41,47,63,2,2,44,2,12,78,2,2,47,44,43,57,2,17,36,20,7,86,61,38,34,38,2,2,28,22,14,18,36
20150804,2,CO,0.3,0.4,0.4,0.4,0.1,0.3,0.6,0.3,0.2,0.9,0.4,0.3,0.4,0.6,0.5,0.3,0.4,0.2,0.5,0.3,0.3,0.4,0.3,0.4,0.3,0.1,0.2,0.1,1,0.1,0.3,0.4,0.4,0.4,0.1
20150804,3,SO2,3,2,2,2,3,3,2,2,2,5,2,2,4,2,3,6,2,4,2,2,2,2,2,13,13,2,2,2,54,5,2,3,6,3,7
20150804,3,NO2,40,40,2,41,65,25,42,23,8,78,21,11,58,53,49,45,24,17,41,18,15,22,24,12,8,6,24,39,22,27,57,63,58,73,90
20150804,3,O3,38,13,28,34,24,61,12,2,52,2,14,86,2,2,47,31,33,61,2,9,18,30,26,88,65,41,6,10,2,2,18,10,12,14,2
20150804,3,CO,0.3,0.4,0.4,0.4,0.1,0.3,0.4,0.3,0.1,0.5,0.4,0.3,0.5,0.6,0.8,0.3,0.5,0.2,0.1,0.4,0.3,0.4,0.3,0.4,0.3,0.1,0.2,0.1,1,0.1,0.4,0.4,0.3,0.3,0.5
20150804,4,SO2,4,3,2,3,3,4,2,5,2,5,2,2,4,2,5,6,2,6,2,2,2,2,2,14,15,2,2,2,29,5,2,4,2,3,10
20150804,4,NO2,60,46,2,41,74,45,36,18,8,84,9,43,60,50,43,55,18,15,40,19,13,42,32,11,7,6,20,41,20,25,63,60,59,66,87
20150804,4,O3,16,9,19,33,12,31,,2,54,2,46,20,2,2,49,11,44,64,14,17,21,8,3,87,67,41,3,5,2,2,10,11,,13,2
20150804,4,CO,0.4,0.5,0.4,0.5,0.2,0.4,0.4,0.3,0.1,0.5,0.3,0.5,0.4,0.7,0.6,0.4,0.4,0.2,0.3,0.4,0.3,0.5,0.3,0.4,0.3,0.1,0.2,0.1,1,0.1,0.5,0.5,0.3,0.4,0.7
20150804,5,SO2,4,3,2,2,3,4,2,5,2,6,4,2,5,2,5,6,2,5,2,2,2,2,2,14,15,2,2,2,18,5,,5,3,4,9
20150804,5,NO2,63,46,2,40,83,47,34,22,8,84,19,64,53,48,43,77,11,17,,21,10,17,20,12,10,6,14,42,22,22,,71,62,82,85
20150804,5,O3,13,9,16,22,4,27,12,2,51,2,15,2,2,2,46,2,47,61,2,14,19,25,10,83,65,34,5,2,2,2,,3,2,4,2
20150804,5,CO,0.4,0.5,0.5,0.5,0.3,0.4,0.4,0.3,0.1,0.7,0.4,0.6,0.5,0.8,0.6,0.4,0.3,0.2,0.4,0.4,0.4,0.4,0.3,0.4,0.3,0.1,0.2,0.1,1,0.1,,0.6,0.4,0.4,0.6
20150804,6,SO2,5,3,2,2,3,2,2,6,2,6,7,2,5,2,4,6,2,7,2,2,2,2,2,17,16,2,2,2,13,5,2,7,2,8,7
20150804,6,NO2,59,42,2,55,69,54,30,20,7,77,22,62,49,51,65,70,13,17,44,21,15,21,25,14,11,6,8,36,16,22,61,81,58,96,71
20150804,6,O3,15,2,5,4,15,13,14,2,48,2,12,2,9,2,16,3,40,58,2,13,11,22,2,78,56,33,28,2,2,2,5,4,2,2,2
20150804,6,CO,0.4,0.5,0.5,0.6,0.2,0.5,0.4,0.4,0.1,0.8,0.5,0.8,0.4,0.8,0.7,0.4,0.4,0.2,0.6,0.4,0.4,0.4,0.4,0.4,0.4,0.1,0.1,0.2,1,0.1,0.7,0.7,0.7,0.7,0.9
20150804,7,SO2,5,4,2,2,4,3,2,7,2,7,17,2,5,2,6,7,2,11,2,2,2,2,2,19,26,2,2,2,10,5,2,11,4,16,9
20150804,7,NO2,58,52,2,48,57,51,39,11,9,75,18,57,39,55,58,64,26,24,39,25,21,24,26,15,14,7,6,41,26,26,55,88,58,126,79
20150804,7,O3,17,5,13,6,23,15,2,2,42,2,16,6,22,4,17,12,27,51,2,11,13,22,8,78,50,30,30,6,2,2,13,4,2,2,3
20150804,7,CO,0.6,0.7,0.6,0.8,0.3,0.6,0.6,0.4,0.2,0.9,0.7,0.7,0.3,0.8,0.8,0.4,0.5,0.3,0.7,0.5,0.4,0.5,0.5,0.4,0.5,0.1,0.2,0.2,1,0.1,0.6,0.9,0.7,1.5,1
20150804,8,SO2,7,9,5,4,7,7,3,8,2,8,8,2,4,2,9,10,,12,2,4,2,2,15,22,48,2,2,3,8,5,4,11,4,16,3
20150804,8,NO2,48,63,2,65,45,49,27,29,9,73,14,64,40,56,75,55,,25,42,23,20,13,27,17,13,6,15,40,29,44,48,74,57,142,52
20150804,8,O3,31,17,32,16,39,25,29,3,52,2,36,10,33,17,20,27,,48,16,26,20,38,14,77,59,32,22,33,6,18,28,18,11,2,26
20150804,8,CO,0.5,0.7,0.6,0.8,0.3,0.6,0.5,0.3,0.2,0.9,0.4,0.8,0.3,0.7,1,0.4,,0.6,0.6,0.5,0.4,0.4,0.7,0.5,0.8,0.1,0.2,0.2,1.1,0.1,0.6,0.8,0.5,1.4,0.3
20150804,9,SO2,9,9,6,,9,9,5,7,2,9,2,2,5,2,9,13,2,21,2,3,2,2,40,26,27,2,3,5,6,4,8,10,3,13,8
20150804,9,NO2,37,61,2,,45,47,37,6,24,73,8,76,48,58,68,45,15,21,39,20,12,11,26,,10,5,23,27,32,28,43,62,59,132,52
20150804,9,O3,49,29,43,,47,33,31,19,55,7,57,17,48,37,39,43,43,54,25,54,34,50,36,81,72,39,31,57,34,44,39,33,20,3,34
20150804,9,CO,0.4,0.7,0.8,,0.3,0.6,0.6,0.3,0.3,0.8,0.3,0.9,0.3,0.7,1,0.4,0.4,0.8,0.6,0.4,0.3,0.4,1.1,0.6,0.5,0.1,0.2,0.2,1.1,0.1,0.5,0.7,0.6,1.3,0.3
20150804,10,SO2,7,8,4,4,6,8,4,6,2,8,2,2,5,2,7,13,2,18,2,3,2,2,36,17,,2,2,5,5,3,7,7,4,12,10
20150804,10,NO2,40,58,2,55,39,46,40,2,25,65,14,63,51,41,61,43,14,17,54,15,9,8,27,14,11,4,16,30,40,23,,67,,,53
20150804,10,O3,56,46,59,58,63,47,42,30,68,47,86,44,70,88,71,57,55,65,25,82,53,64,50,94,77,54,57,77,58,46,44,40,33,11,48
20150804,10,CO,0.4,0.6,0.6,0.7,0.3,0.6,0.6,0.3,0.3,0.7,0.4,0.7,0.3,0.5,0.9,0.4,0.5,0.4,0.7,0.3,0.3,0.3,1,0.5,,0.1,0.2,0.2,1.1,0.1,0.6,0.6,0.6,1,0.4
20150804,11,SO2,5,6,3,4,6,6,3,8,2,7,2,2,4,2,6,11,3,13,2,4,4,2,27,15,12,2,2,4,5,4,4,5,7,9,8
20150804,11,NO2,54,62,2,54,51,40,43,2,24,37,14,29,41,25,49,39,17,24,32,17,8,5,33,16,,4,13,37,22,11,70,86,70,118,71
20150804,11,O3,67,74,62,102,68,74,61,47,83,105,117,104,107,136,107,83,74,76,63,96,72,76,53,100,93,68,81,106,90,68,54,70,45,46,56
20150804,11,CO,0.5,0.7,0.7,0.6,0.4,0.6,0.7,0.3,0.4,0.6,0.5,0.5,0.3,0.4,0.8,0.4,0.5,0.4,0.5,0.4,0.4,0.3,0.9,0.5,0.5,0.1,0.2,0.3,0.9,0.1,0.7,0.7,0.6,0.8,0.5
20150804,12,SO2,3,5,2,3,4,3,2,,2,7,2,2,4,2,4,10,5,9,2,3,9,2,22,13,10,2,4,2,4,4,3,5,5,8,7
20150804,12,NO2,56,44,,36,63,52,44,,43,32,15,23,30,18,31,55,16,28,19,8,11,7,15,13,9,4,9,17,17,13,71,68,102,134,79
20150804,12,O3,109,147,127,159,86,101,115,42,106,141,148,154,117,152,172,105,109,97,110,119,92,94,90,120,108,75,108,185,119,89,105,126,59,73,83
20150804,12,CO,0.5,0.6,0.6,0.6,0.5,0.7,0.6,0.4,0.5,0.6,0.5,0.5,0.2,0.4,0.7,0.5,0.6,0.4,0.5,0.3,0.5,0.3,0.7,0.5,0.6,0.1,0.2,0.2,0.9,0.3,0.5,0.6,0.8,0.7,0.6
20150804,13,SO2,2,5,2,2,3,2,2,6,2,7,2,2,3,2,3,7,4,6,2,5,11,4,17,10,14,2,7,,257,4,2,4,5,6,5
20150804,13,NO2,33,26,47,34,47,35,26,,25,29,8,27,23,17,22,44,25,19,17,8,8,8,10,24,14,4,8,8,16,10,65,60,79,128,74
20150804,13,O3,185,217,188,195,160,186,179,,183,170,148,182,135,156,167,198,126,132,147,135,120,112,115,150,115,86,123,182,130,103,160,176,115,94,151
20150804,13,CO,0.4,0.5,0.5,0.5,0.3,0.6,0.5,0.5,0.4,0.6,0.4,0.5,0.2,0.4,0.6,0.4,0.5,0.3,0.6,0.4,0.5,0.4,0.6,0.6,0.6,0.2,0.2,0.1,0.9,0.7,0.5,0.5,0.5,0.6,0.4
20150804,14,SO2,2,4,2,2,3,2,2,6,2,7,2,2,3,2,3,6,2,4,2,8,8,10,13,8,14,2,8,2,23,4,2,3,3,6,3
20150804,14,NO2,22,19,40,24,33,19,24,18,16,22,8,19,24,14,18,25,34,23,14,10,7,6,5,20,16,5,8,8,16,10,57,50,72,124,40
20150804,14,O3,189,188,185,174,200,220,201,132,195,152,158,166,148,152,159,223,158,150,163,154,151,145,144,193,118,113,144,86,144,114,147,153,128,80,229
20150804,14,CO,0.3,0.4,0.4,0.5,0.2,0.5,0.5,0.4,0.4,0.5,0.4,0.5,0.3,0.4,0.5,0.3,0.6,0.4,0.7,0.4,0.5,0.5,0.5,0.5,0.6,0.3,0.3,0.2,0.9,0.9,0.5,0.4,0.5,0.6,0.3
20150804,15,SO2,2,4,2,2,3,2,2,5,2,7,2,2,3,2,3,4,2,2,2,9,6,9,9,6,10,6,7,12,,4,2,3,3,5,3
20150804,15,NO2,19,17,29,24,29,15,17,14,12,22,8,17,25,15,16,18,28,25,15,14,12,9,5,21,20,5,14,,,9,48,45,56,88,51
20150804,15,O3,160,170,160,166,173,185,177,129,180,160,168,180,153,163,157,189,245,196,160,202,197,180,153,215,116,133,201,91,,114,124,135,113,91,177
20150804,15,CO,0.3,0.4,0.4,0.4,0.1,0.4,0.4,0.6,0.3,0.6,0.4,0.5,0.3,0.4,0.5,0.3,0.6,0.4,0.9,0.5,0.5,0.6,0.5,0.5,0.6,0.5,0.3,0.1,,0.9,0.4,0.3,0.4,0.5,0.3
20150804,16,SO2,2,4,2,2,4,2,2,4,2,7,2,2,3,2,3,5,2,2,2,6,5,5,5,5,3,5,4,22,5,4,2,4,5,5,2
20150804,16,NO2,16,16,23,23,29,16,19,13,13,22,9,19,25,14,21,17,20,15,12,18,28,20,6,23,23,8,17,,21,9,47,54,55,120,53
20150804,16,O3,157,173,181,167,162,175,181,124,190,169,174,178,171,158,164,184,224,201,138,263,263,234,150,270,163,170,255,113,169,135,126,131,126,67,150
20150804,16,CO,0.3,0.4,0.4,0.5,0.1,0.4,0.5,0.4,0.3,0.6,0.4,0.5,0.4,0.4,0.6,0.3,0.5,0.3,0.8,0.5,0.6,0.6,0.5,0.6,0.7,0.5,0.3,0.1,1,0.9,0.4,0.5,0.4,0.6,0.3
20150804,17,SO2,2,4,2,2,3,2,2,3,2,6,2,2,3,2,3,5,2,2,2,4,3,4,3,4,2,2,3,11,4,4,2,4,5,5,2
20150804,17,NO2,19,18,28,25,34,19,22,15,12,22,8,23,27,17,17,17,19,16,17,19,23,25,9,18,18,12,15,,18,10,52,59,77,100,41
20150804,17,O3,151,159,164,153,149,164,174,111,162,160,174,171,161,150,166,184,181,186,124,272,285,281,174,241,232,230,233,133,173,146,112,118,100,74,158
20150804,17,CO,0.3,0.4,0.5,0.5,0.2,0.4,0.5,0.4,0.3,0.6,0.5,0.6,0.4,0.5,0.6,0.3,0.5,0.4,0.6,0.5,0.5,0.6,0.5,0.5,0.8,0.5,0.2,,1.1,0.9,0.4,0.5,0.5,0.6,0.2
20150804,18,SO2,2,5,2,3,4,2,2,2,2,7,2,2,3,3,3,6,2,2,2,3,2,4,2,4,2,2,2,,4,4,2,3,2,5,2
20150804,18,NO2,20,18,33,24,32,21,21,10,13,26,10,24,38,20,19,21,22,21,21,19,20,32,21,19,24,12,14,14,14,12,47,50,95,100,50
20150804,18,O3,137,158,164,159,141,153,174,102,176,160,178,172,169,172,170,170,160,167,121,239,212,261,236,219,235,223,214,143,170,154,120,126,93,80,141
20150804,18,CO,0.4,0.5,0.6,0.6,0.2,0.5,0.6,0.4,0.4,0.8,0.6,0.6,0.5,0.6,0.7,0.4,0.5,0.3,0.6,0.5,0.4,0.6,0.6,0.5,0.7,0.5,0.3,0.4,1.2,0.8,0.5,0.5,0.6,0.6,0.3
20150804,19,SO2,2,7,5,5,5,3,3,2,2,7,3,2,3,4,4,7,2,2,2,3,2,3,2,4,2,2,2,4,3,4,3,5,2,5,2
20150804,19,NO2,21,23,41,30,39,26,32,22,17,33,9,26,28,25,26,25,28,27,27,18,28,30,21,23,46,12,12,17,13,14,68,52,94,153,65
20150804,19,O3,155,165,170,163,155,160,157,88,174,157,181,182,161,156,173,174,142,164,147,214,168,220,225,193,165,232,182,171,159,131,119,136,102,70,131
20150804,19,CO,0.5,0.7,0.7,0.8,0.4,0.6,0.7,0.4,0.5,0.9,0.7,0.7,0.6,0.8,0.8,0.4,0.5,0.4,0.7,0.5,0.5,0.6,0.4,0.5,0.7,0.4,0.3,0.5,1.2,0.6,0.7,0.7,0.7,0.9,0.5
20150804,20,SO2,2,8,5,4,6,4,5,2,2,7,3,2,4,3,3,7,2,2,2,6,2,2,2,4,2,2,2,2,3,4,3,6,2,5,2
20150804,20,NO2,28,32,44,36,39,34,21,29,22,34,9,30,27,27,30,34,34,30,37,24,27,24,23,22,44,11,14,23,17,15,69,74,65,157,47
20150804,20,O3,131,140,151,143,151,142,159,54,175,138,145,142,135,141,148,154,123,147,142,168,137,195,207,151,108,206,143,141,142,113,101,96,101,69,139
20150804,20,CO,0.7,0.8,0.8,0.9,0.5,0.8,0.8,0.5,0.6,1,0.8,0.9,0.6,0.8,0.9,0.5,0.6,0.5,0.8,0.6,0.5,0.6,0.1,0.6,0.7,0.3,0.4,0.5,1.2,0.5,0.8,0.9,0.7,1,0.5
20150804,21,SO2,3,8,4,4,5,4,5,5,2,7,2,2,3,5,5,6,2,3,2,22,3,2,2,4,2,2,2,2,3,4,3,6,2,5,2
20150804,21,NO2,35,35,44,35,34,31,29,37,23,48,11,35,33,26,33,37,46,33,53,30,31,37,17,21,39,10,15,33,19,18,70,88,67,125,47
20150804,21,O3,111,119,130,133,138,126,123,49,126,106,110,112,119,144,136,128,99,126,78,142,109,150,137,148,121,186,151,105,143,102,82,70,86,58,121
20150804,21,CO,0.8,0.9,0.9,0.9,0.6,0.8,0.8,0.6,0.7,1,0.8,0.9,0.6,0.8,0.9,0.6,0.7,0.6,0.9,0.7,0.6,0.6,0.1,0.6,0.7,0.3,0.6,0.6,1.2,0.5,0.9,0.9,0.7,1,0.5
20150804,22,SO2,4,8,5,5,7,5,6,5,2,7,2,2,4,3,5,6,2,2,2,4,2,2,2,4,2,2,2,2,3,5,4,8,2,6,2
20150804,22,NO2,39,44,44,34,33,31,34,50,19,46,14,42,36,35,37,36,41,29,43,31,36,44,12,29,36,10,14,52,19,30,66,79,76,176,52
20150804,22,O3,109,94,129,127,134,123,105,33,89,100,91,95,108,110,117,119,93,108,68,113,98,118,121,128,98,159,145,63,122,61,82,75,77,42,116
20150804,22,CO,0.7,0.9,0.8,0.8,0.6,0.8,0.8,0.6,0.7,1,0.8,0.9,0.6,0.8,1,0.6,0.8,0.5,0.9,0.7,0.6,0.7,0.1,0.6,0.7,0.4,0.7,0.9,1.4,0.5,0.9,0.9,0.7,1,0.5
20150804,23,SO2,7,8,5,5,7,6,5,4,2,6,2,2,4,2,4,7,2,2,2,12,3,2,2,4,2,2,2,2,,5,6,9,2,6,3
20150804,23,NO2,33,39,47,39,48,32,36,51,24,54,17,66,43,28,41,57,55,32,40,29,35,57,17,25,32,10,14,71,,22,71,64,74,157,129
20150804,23,O3,110,90,111,106,111,110,86,28,88,71,68,57,88,109,100,91,64,94,56,107,91,82,95,127,52,154,122,17,,71,74,82,72,40,30
20150804,23,CO,0.7,0.9,0.8,0.9,0.7,0.9,0.8,0.6,0.7,1,0.8,1,0.6,0.8,1,0.7,0.8,0.5,0.9,0.7,0.7,0.7,0.1,0.5,0.5,0.4,0.6,0.9,,0.5,0.8,0.9,0.7,1,1.2
