date,hour,type,dongsi,tiantan,guanyuan,wanshouxigong,aotizhongxing,nongzhanguan,wanliu,beibuxingqu,zhiwuyuan,fentaihuayuan,yungang,gucheng,fangshan,daxing,yizhuang,tongzhou,shunyi,changping,mengtougou,pinggu,huairou,miyun,yanqing,dingling,badaling,miyunshuiku,donggaocun,yongledian,yufa,liulihe,qianmeng,yongdingmengxi,xizhimengbei,nansanhuan,dongsihuan
20151001,0,PM2.5,43,36,43,40,41,41,35,34,23,35,30,39,37,35,39,34,39,33,31,36,29,37,11,31,,28,33,40,32,28,45,31,38,41,36
20151001,0,PM10,,,,,,,,,,38,,,,,,,,,,,,,,,5,,,,,,,,,,
20151001,0,AQI,43,38,44,42,45,42,38,41,26,42,33,45,39,42,45,44,51,48,32,42,40,45,21,35,20,40,32,47,41,43,47,43,41,57,41
20151001,1,PM2.5,44,38,49,41,45,44,39,31,26,36,36,43,33,37,43,31,41,31,20,37,33,37,13,25,3,29,32,41,35,37,46,43,38,41,37
20151001,1,PM10,,,,,,,,,,,,,,,,,,,,,,,,,13,,,,,,47,,,,
20151001,1,AQI,44,39,45,43,45,43,39,53,27,42,34,46,41,42,46,45,52,49,32,42,41,46,22,36,16,40,33,48,41,43,48,43,41,57,42
20151001,2,PM2.5,36,38,36,38,20,39,19,3,3,14,12,11,33,38,41,43,40,31,5,41,25,37,14,11,3,38,43,38,33,46,37,39,22,40,39
20151001,2,PM10,,,,,,,,9,5,,,,,,,,,,5,,,,,,33,,,,,,,,,,
20151001,2,AQI,45,40,46,44,45,44,39,37,27,42,34,45,42,43,47,46,52,50,32,44,41,46,22,36,17,40,35,49,42,43,49,44,41,57,43
20151001,3,PM2.5,3,7,3,27,3,8,,3,3,3,6,3,3,7,32,20,11,21,3,28,,34,,3,10,27,46,41,32,44,3,8,,18,9
20151001,3,PM10,5,,5,,5,,18,33,9,5,,5,5,,,,,,5,,5,,5,,17,,,,,,17,,5,,
20151001,3,AQI,44,39,45,44,41,43,40,37,27,38,34,44,41,42,47,46,51,50,31,44,41,47,23,36,18,40,36,49,43,43,47,43,41,57,42
20151001,4,PM2.5,,3,,3,7,,,,,,3,5,6,3,9,5,6,11,3,23,3,27,6,,5,8,40,12,23,3,,5,3,6,3
20151001,4,PM10,5,5,5,5,,5,9,16,5,5,6,,,5,,15,,,5,,5,,,,12,,,,,5,18,5,5,,12
20151001,4,AQI,44,38,45,43,40,43,40,37,28,38,33,43,40,41,46,45,50,50,31,44,40,47,23,37,18,39,38,49,43,42,48,42,40,57,41
20151001,5,PM2.5,4,3,3,3,7,,8,3,6,3,3,6,4,3,10,3,3,9,4,6,4,4,3,3,4,4,12,4,3,,3,,3,,
20151001,5,PM10,28,14,5,5,9,11,13,18,18,5,13,10,6,16,,17,5,10,19,,5,5,6,,6,5,,12,5,5,26,9,13,6,21
20151001,5,AQI,43,38,44,42,39,44,39,37,28,37,32,42,39,39,45,44,49,49,30,43,40,45,23,36,18,38,38,47,42,43,46,42,39,54,41
20151001,6,PM2.5,3,3,4,5,3,9,3,3,,3,3,3,4,4,,3,3,11,,3,5,,7,4,5,,3,3,3,4,,,8,4,3
20151001,6,PM10,10,13,5,,5,,11,10,11,5,20,5,32,6,,59,5,12,20,5,,5,9,,5,7,5,56,7,5,15,9,12,5,22
20151001,6,AQI,41,37,42,41,38,43,39,36,28,36,31,41,38,38,,42,47,49,31,42,39,46,23,36,25,39,38,54,40,42,47,42,38,52,40
20151001,7,PM2.5,,,3,3,,4,3,3,,3,3,3,11,8,,5,3,5,3,3,9,3,3,,5,3,3,6,,3,,3,3,4,3
20151001,7,PM10,17,5,5,5,5,14,10,9,12,5,18,5,,15,,38,5,10,12,5,,5,11,,12,5,5,54,5,16,16,5,9,8,28
20151001,7,AQI,41,37,41,39,38,41,38,35,28,34,30,40,37,37,46,41,45,48,30,41,39,45,23,36,22,38,37,54,41,41,47,40,37,51,38
20151001,8,PM2.5,4,10,6,,,3,6,3,,3,4,5,7,7,7,6,,12,3,3,3,6,4,,7,9,4,3,3,3,8,6,4,3,4
20151001,8,PM10,21,13,,16,11,16,14,17,14,31,31,31,17,25,21,31,5,13,31,5,12,9,14,,27,,5,32,12,19,18,13,19,26,28
20151001,8,AQI,39,36,39,39,38,40,37,35,29,33,29,39,36,36,44,39,46,48,30,40,38,44,23,36,19,38,37,52,39,40,45,38,35,49,36
20151001,9,PM2.5,4,,6,8,4,7,3,7,4,3,3,6,3,13,7,3,,11,,,4,5,,8,12,3,,7,3,,4,3,5,3,3
20151001,9,PM10,31,19,,19,21,22,17,14,10,19,19,28,130,35,39,37,20,15,30,13,25,16,11,,35,8,6,46,19,5,31,24,25,32,23
20151001,9,AQI,38,35,38,37,36,38,35,34,28,32,28,37,34,34,42,37,45,47,30,40,38,43,24,36,21,36,38,51,38,40,42,37,33,48,34
20151001,10,PM2.5,3,7,14,10,5,4,4,5,,6,17,10,10,10,10,6,3,11,3,3,,3,7,5,,3,5,7,,12,13,3,8,15,3
20151001,10,PM10,33,26,,18,20,19,35,22,9,35,25,32,119,53,26,31,19,17,37,13,28,13,19,,,7,6,33,19,,69,22,41,29,27
20151001,10,AQI,36,34,36,36,34,37,33,33,27,30,26,36,42,33,40,36,43,46,28,39,38,41,24,34,,35,37,50,38,38,41,35,32,47,32
20151001,11,PM2.5,,3,5,9,3,3,5,5,4,4,20,8,4,6,11,6,3,15,7,3,3,9,7,,7,3,3,4,4,7,10,3,7,7,8
20151001,11,PM10,29,27,,13,11,17,26,30,10,5,,8,30,19,18,27,9,,12,7,5,,14,,25,5,5,26,15,8,61,22,21,23,22
20151001,11,AQI,36,32,34,35,32,35,31,31,26,28,26,34,43,32,39,35,41,44,27,37,37,40,24,33,24,34,36,47,36,37,39,34,30,44,31
20151001,12,PM2.5,4,4,8,,8,3,3,3,3,8,,10,3,4,7,7,3,23,17,4,,,3,,6,6,5,9,5,6,11,7,9,4,3
20151001,12,PM10,45,38,20,35,32,26,31,31,19,48,27,31,12,29,32,32,5,,28,5,,9,16,,31,,5,39,16,,55,42,38,43,39
20151001,12,AQI,35,31,33,34,31,34,29,29,24,28,26,32,40,31,38,35,39,43,25,36,23,40,23,31,25,33,35,46,34,36,38,32,29,44,29
20151001,13,PM2.5,8,10,8,4,6,,3,3,7,7,3,4,6,,12,6,3,14,4,3,,9,4,3,6,3,,10,4,,12,7,8,6,3
20151001,13,PM10,27,27,17,17,22,27,23,23,11,36,7,25,,15,39,35,12,14,8,12,10,,11,,30,6,,36,10,19,37,21,34,29,25
20151001,13,AQI,33,30,31,32,30,33,27,28,23,29,24,30,43,31,38,35,36,40,23,34,36,38,24,29,26,32,,46,32,36,37,31,28,42,28
20151001,14,PM2.5,6,,6,,7,,5,7,5,5,,4,7,,12,5,3,21,3,3,3,11,3,3,4,,,4,3,3,13,8,5,6,7
20151001,14,PM10,33,36,18,33,23,33,21,22,13,29,19,31,,17,25,30,8,,18,9,18,,12,,51,10,,39,10,11,51,38,29,42,29
20151001,14,AQI,32,30,30,32,29,33,25,26,23,29,25,30,43,30,37,35,33,38,22,32,34,36,24,26,26,30,33,45,30,35,37,30,28,41,28
20151001,15,PM2.5,3,13,5,4,7,4,3,3,5,,3,3,6,5,8,6,3,18,,3,3,4,3,4,4,3,3,7,4,6,14,5,3,11,3
20151001,15,PM10,31,29,14,28,24,26,19,29,10,34,14,30,9,19,30,32,14,20,17,10,9,14,15,,26,5,6,32,13,19,33,28,27,44,30
20151001,15,AQI,30,29,28,31,28,31,24,24,23,29,24,30,40,29,35,35,32,35,23,30,30,33,24,26,25,28,31,44,29,33,37,30,28,41,29
20151001,16,PM2.5,3,3,10,7,11,3,4,3,3,4,,6,10,3,7,4,6,17,6,5,,,4,,5,8,5,5,3,5,5,8,11,10,4
20151001,16,PM10,29,26,18,23,22,20,19,27,22,31,12,27,12,27,36,28,15,17,16,14,19,16,13,,20,11,13,29,17,22,33,32,30,41,28
20151001,16,AQI,30,28,28,30,27,30,23,21,23,29,25,29,38,28,35,34,30,33,23,28,28,32,25,26,26,26,30,38,32,32,37,29,28,39,29
20151001,17,PM2.5,11,4,12,11,12,6,10,7,4,5,6,11,5,3,8,6,3,23,5,3,5,3,3,3,3,,3,8,6,8,9,10,13,11,9
20151001,17,PM10,29,28,20,34,25,22,21,30,16,26,17,31,15,16,32,28,19,,25,17,5,9,14,,20,5,14,38,16,45,34,29,30,42,27
20151001,17,AQI,28,27,27,29,26,29,22,22,23,25,24,26,36,27,33,34,28,32,22,27,26,29,25,26,24,24,28,37,32,30,36,26,26,34,27
20151001,18,PM2.5,9,19,12,8,11,10,6,10,7,5,6,20,14,8,12,10,10,32,10,6,,5,8,7,3,3,3,14,15,13,21,4,12,18,9
20151001,18,PM10,34,45,31,42,30,25,27,33,20,45,24,46,22,28,47,37,33,40,28,28,,21,23,,,10,24,46,30,68,40,34,34,67,26
20151001,18,AQI,27,26,26,27,25,27,21,22,23,24,24,26,35,24,32,34,26,32,20,25,,27,25,24,23,22,26,37,25,29,36,25,26,34,26
20151001,19,PM2.5,14,11,20,15,11,12,10,10,8,11,9,31,12,12,19,10,12,30,21,9,3,9,6,9,3,3,6,11,7,5,23,9,19,17,10
20151001,19,PM10,68,53,46,53,31,33,32,33,20,74,37,82,35,35,62,49,49,37,102,31,36,54,25,,,11,12,21,19,74,52,48,51,78,35
20151001,19,AQI,28,26,24,24,23,25,21,23,21,27,20,27,35,27,35,33,31,32,24,23,20,28,24,18,17,19,24,36,23,26,38,37,30,42,27
20151001,20,PM2.5,21,3,18,16,17,15,15,11,4,21,9,45,23,19,18,16,16,31,22,15,15,35,9,7,,3,13,11,7,23,27,14,25,20,16
20151001,20,PM10,53,21,45,55,40,44,43,40,16,87,32,102,53,45,50,51,41,32,82,26,28,104,19,,,12,,37,18,112,57,54,63,87,41
20151001,20,AQI,30,32,28,29,31,38,28,29,19,37,21,40,42,39,36,35,38,32,27,22,19,32,25,21,15,18,23,36,20,35,48,44,45,47,35
20151001,21,PM2.5,23,17,22,18,22,23,14,15,5,29,15,43,33,17,21,19,21,31,18,16,14,33,6,7,,8,11,23,12,25,41,21,30,29,14
20151001,21,PM10,55,46,44,53,55,36,44,48,13,76,43,131,61,37,57,55,37,40,64,30,30,120,19,,,26,24,44,22,92,92,87,66,112,47
20151001,21,AQI,31,40,36,34,51,38,30,32,14,44,22,43,38,38,37,36,34,32,29,21,19,29,20,17,12,17,22,37,19,33,45,56,51,53,34
20151001,22,PM2.5,24,19,18,33,19,20,20,11,7,19,12,44,30,29,27,23,21,43,18,19,8,26,8,6,3,13,16,27,17,22,37,33,25,34,18
20151001,22,PM10,63,42,53,54,37,38,55,34,11,107,37,130,55,76,65,66,74,,49,56,32,53,29,,,,37,77,28,67,80,115,60,119,41
20151001,22,AQI,45,41,40,37,46,40,35,30,13,42,23,42,39,35,39,50,34,34,30,24,18,31,16,14,18,16,22,39,19,35,46,58,50,47,43
20151001,23,PM2.5,31,23,18,34,30,25,25,13,9,34,14,41,16,33,34,24,21,36,12,18,11,16,12,8,3,8,16,24,18,29,37,37,25,40,25
20151001,23,PM10,70,56,46,54,63,51,59,45,14,127,39,88,32,64,88,62,54,37,25,44,27,30,38,,,8,35,48,33,149,93,107,60,131,91
20151001,23,AQI,47,36,36,37,52,41,36,33,13,40,24,44,38,31,42,46,32,31,30,24,18,31,17,23,20,15,21,40,21,42,45,61,47,51,46
20151001,0,SO2,2,2,2,2,3,2,2,3,2,2,2,2,3,2,2,6,2,2,2,2,2,2,2,6,2,2,2,2,2,5,2,8,2,3,2
20151001,0,NO2,32,31,31,33,39,35,26,81,32,43,26,39,29,21,31,37,48,42,34,34,19,29,24,34,39,15,20,48,23,26,41,36,50,56,32
20151001,0,O3,24,33,17,22,22,29,9,2,10,13,22,10,34,38,34,23,10,14,4,27,21,19,27,22,35,25,43,12,26,31,15,25,,10,33
20151001,0,CO,0.5,0.6,0.7,0.7,0.8,0.6,0.7,0.7,0.5,0.7,0.6,0.7,0.7,0.7,0.7,0.6,0.7,0.7,0.6,0.7,0.6,0.9,0.3,0.7,0.3,0.7,0.6,0.8,1,0.4,0.7,0.6,0.6,0.7,0.4
20151001,1,SO2,2,2,2,2,4,2,2,4,2,2,2,2,3,2,2,6,2,2,2,2,,2,2,6,2,2,2,2,2,6,2,7,2,3,2
20151001,1,NO2,36,35,34,36,48,37,24,106,33,38,23,34,27,25,25,36,48,49,17,34,16,34,16,33,25,15,19,37,23,28,48,38,48,53,35
20151001,1,O3,14,18,7,12,7,14,6,2,2,16,23,10,30,28,37,22,2,5,26,23,14,15,30,15,45,21,45,21,18,23,2,14,,7,16
20151001,1,CO,0.6,0.6,0.8,0.7,0.9,0.7,0.7,0.6,0.5,0.6,0.6,0.5,0.6,0.8,0.6,0.5,0.7,0.7,0.6,0.7,0.7,0.9,0.3,0.7,0.3,0.7,0.7,1,1,0.4,0.7,0.6,0.6,0.6,0.4
20151001,2,SO2,2,2,2,2,3,2,2,4,2,2,2,2,3,2,2,2,2,2,2,2,2,2,2,7,2,2,2,2,2,5,2,6,2,2,2
20151001,2,NO2,33,37,28,30,37,41,9,58,5,27,9,9,25,22,35,37,45,30,2,36,12,34,7,9,29,14,28,22,24,32,42,33,37,40,43
20151001,2,O3,16,14,14,14,25,8,32,25,51,34,51,37,28,25,19,9,2,33,40,11,9,9,48,59,45,18,25,34,15,13,3,16,,9,7
20151001,2,CO,0.5,0.6,0.7,0.7,0.6,0.7,0.4,0.3,0.2,0.5,0.3,0.1,0.5,0.7,0.6,0.5,0.7,0.3,0.1,0.7,0.5,0.7,0.1,0.3,0.2,0.7,0.6,0.6,0.9,0.5,0.7,0.6,0.6,0.5,0.4
20151001,3,SO2,2,2,2,2,3,2,2,3,2,2,2,2,3,2,2,3,2,2,2,2,2,2,2,7,2,2,2,2,2,6,2,7,2,2,2
20151001,3,NO2,7,12,2,9,5,11,2,39,3,8,6,5,6,9,28,25,27,22,2,30,2,34,4,7,27,13,33,26,27,33,8,10,12,28,8
20151001,3,O3,45,48,50,43,55,45,47,23,47,55,52,36,56,49,26,17,19,34,2,15,,4,48,55,44,15,11,23,4,14,47,41,,27,49
20151001,3,CO,0.1,0.2,0.2,0.2,0.2,0.2,0.2,0.3,0.1,0.2,0.3,0.2,0.2,0.2,0.4,0.2,0.3,0.3,0.1,0.5,,0.7,0.2,0.3,0.2,0.6,0.6,0.6,0.9,0.4,0.1,0.2,0.1,0.2,0.1
20151001,4,SO2,2,2,2,2,3,2,2,3,2,2,2,2,3,2,2,3,2,2,2,2,2,2,2,7,2,2,2,2,2,6,2,6,2,2,2
20151001,4,NO2,7,7,2,6,6,8,3,57,5,6,4,5,7,5,9,7,14,20,3,26,,30,3,7,22,2,38,18,19,14,6,2,11,16,4
20151001,4,O3,42,50,43,44,50,44,,21,45,30,48,47,52,46,49,40,26,32,47,15,,8,44,51,39,34,4,35,26,40,41,50,,39,47
20151001,4,CO,0.1,0.2,0.2,0.2,0.2,0.2,0.2,0.3,0.1,0.2,0.2,0.2,0.2,0.2,0.2,0.1,0.2,0.3,0.1,0.4,0.2,0.6,0.2,0.3,0.2,0.3,0.5,0.3,0.6,0.1,0.2,0.2,0.2,0.1,0.1
20151001,5,SO2,2,2,2,2,3,2,2,4,2,2,2,2,3,2,2,3,2,2,2,2,2,2,2,6,2,2,2,2,2,6,2,8,2,2,2
20151001,5,NO2,8,9,4,4,10,7,2,54,5,9,3,5,6,5,8,9,8,14,,17,,5,2,5,10,2,26,9,5,12,8,6,12,15,7
20151001,5,O3,42,49,45,46,47,44,44,24,47,29,53,48,57,49,51,38,28,41,47,23,30,33,65,63,50,40,17,41,49,47,40,50,,38,45
20151001,5,CO,0.1,0.2,0.2,0.2,0.3,0.2,0.2,0.3,0.2,0.2,0.2,0.2,0.2,0.2,0.2,0.1,0.2,0.3,0.1,0.2,0.2,0.3,0.2,0.2,0.2,0.3,0.3,0.2,0.3,0.1,0.2,0.2,0.2,0.2,0.1
20151001,6,SO2,2,2,2,2,3,2,2,3,2,2,2,2,3,2,,2,2,2,2,2,2,2,2,6,2,2,2,2,2,6,2,6,2,2,2
20151001,6,NO2,11,16,6,6,11,7,2,29,5,15,2,5,9,7,,6,5,14,3,9,2,4,3,6,6,2,12,7,6,14,11,15,21,16,9
20151001,6,O3,45,46,55,54,59,59,56,32,63,35,67,69,67,58,,57,39,58,68,44,45,53,72,77,77,49,49,56,60,58,41,46,,44,59
20151001,6,CO,0.1,0.2,0.2,0.2,0.2,0.2,0.2,0.2,0.2,0.2,0.1,0.3,0.2,0.2,,0.1,0.2,0.2,0.1,0.2,0.1,0.2,0.2,0.2,0.2,0.2,0.2,0.2,0.3,0.1,0.2,0.2,0.2,0.2,0.1
20151001,7,SO2,2,2,2,2,3,2,2,3,2,2,2,2,4,2,2,2,2,2,2,2,2,2,2,6,2,2,2,2,2,5,2,7,2,2,2
20151001,7,NO2,12,30,13,9,14,7,2,31,5,23,2,6,10,11,16,8,13,17,5,11,3,6,5,7,7,2,9,5,7,17,25,28,40,32,18
20151001,7,O3,56,43,55,60,64,63,58,31,63,34,64,68,63,60,89,60,42,52,61,51,50,52,68,71,70,48,61,70,69,50,37,41,,37,58
20151001,7,CO,0.1,0.2,0.2,0.2,0.2,0.1,0.2,0.2,0.2,0.2,0.1,0.3,0.3,0.2,0.3,0.1,0.2,0.3,0.1,0.1,0.2,0.2,0.2,0.2,0.2,0.2,0.1,0.1,0.3,0.1,0.2,0.2,0.3,0.3,0.1
20151001,8,SO2,2,2,2,2,3,2,2,3,2,2,2,2,4,2,2,2,2,2,2,2,2,2,2,6,2,2,2,2,2,6,2,6,2,4,2
20151001,8,NO2,14,31,15,13,15,9,2,32,5,22,2,8,13,15,19,16,14,21,7,11,5,7,10,8,12,2,8,7,6,18,18,32,45,42,12
20151001,8,O3,49,44,47,51,59,57,52,27,59,31,58,62,55,53,82,53,39,46,56,49,45,54,57,68,59,48,59,65,65,45,44,40,,27,58
20151001,8,CO,0.1,0.2,0.2,0.2,0.2,0.2,0.2,0.2,0.2,0.2,0.2,0.3,0.3,0.2,0.3,0.1,0.2,0.3,0.1,0.1,0.2,0.2,0.2,0.2,0.3,0.2,0.1,0.1,0.3,0.1,0.2,0.2,0.3,0.3,0.1
20151001,9,SO2,2,2,2,2,4,2,2,3,2,2,2,2,3,2,2,2,2,2,2,2,2,2,2,7,2,2,2,2,2,5,2,6,2,4,2
20151001,9,NO2,14,21,9,12,17,12,2,29,5,21,2,8,11,11,21,15,10,21,5,8,6,8,7,12,9,2,7,6,6,16,13,23,28,33,13
20151001,9,O3,48,52,51,51,56,52,51,30,60,30,60,63,61,57,77,52,41,46,60,51,42,53,64,66,65,48,62,62,61,52,47,47,,29,55
20151001,9,CO,0.1,0.2,0.2,0.3,0.3,0.2,0.2,0.2,0.2,0.2,0.2,0.3,0.3,0.2,0.3,0.1,0.2,0.3,0.1,0.1,0.2,0.2,0.2,0.3,0.2,0.2,0.1,0.1,0.3,0.1,0.2,0.2,0.3,0.3,0.1
20151001,10,SO2,2,2,2,2,4,2,2,4,2,2,2,2,5,2,2,2,2,3,2,2,2,2,2,6,,2,2,2,2,6,2,6,2,2,2
20151001,10,NO2,11,17,6,9,12,8,2,27,6,22,2,8,10,10,15,14,11,21,11,8,4,9,5,10,,2,6,7,5,15,10,16,23,25,13
20151001,10,O3,55,61,58,60,64,60,57,32,63,35,60,67,66,63,89,55,44,49,60,54,44,53,70,71,,49,64,65,71,61,55,59,,41,60
20151001,10,CO,0.1,0.2,0.2,0.2,0.3,0.2,0.2,0.2,0.2,0.3,0.2,0.3,0.2,0.2,0.3,0.1,0.2,0.4,0.1,0.1,0.2,0.2,0.2,0.2,,0.2,0.1,0.1,0.3,0.1,0.2,0.2,0.2,0.3,0.2
20151001,11,SO2,2,2,2,2,5,3,2,3,2,2,2,2,3,2,2,2,2,3,2,2,2,2,2,6,2,2,2,2,2,6,2,6,2,3,2
20151001,11,NO2,10,16,6,10,12,6,2,25,6,21,4,9,9,10,14,15,11,23,4,8,4,8,5,10,7,2,5,9,6,16,10,15,22,20,11
20151001,11,O3,59,67,63,63,69,65,62,35,66,43,67,72,70,70,97,60,49,50,66,58,49,56,72,74,75,51,66,67,76,63,60,64,,45,67
20151001,11,CO,0.1,0.2,0.2,0.2,0.3,0.2,0.2,0.2,0.2,0.3,0.2,0.3,0.3,0.2,0.3,0.1,0.2,0.4,0.1,0.1,0.2,0.2,0.2,0.2,0.2,0.2,0.1,0.2,0.3,0.1,0.2,0.2,0.2,0.3,0.1
20151001,12,SO2,2,2,2,2,4,2,2,4,2,2,2,2,3,2,2,2,2,2,2,2,2,2,2,6,2,2,2,2,2,5,2,7,2,3,2
20151001,12,NO2,10,17,4,9,11,6,2,25,6,18,4,11,8,12,13,13,11,22,2,8,4,7,5,9,6,2,5,9,6,16,9,13,19,35,10
20151001,12,O3,64,70,68,68,74,70,64,36,66,50,70,73,76,72,104,66,52,53,68,61,50,61,73,77,78,55,71,74,81,67,65,68,,46,72
20151001,12,CO,0.1,0.2,0.2,0.2,0.3,0.2,0.2,0.2,0.2,0.2,0.2,0.3,0.3,0.2,0.3,0.1,0.2,0.3,0.1,0.2,0.2,0.2,0.2,0.2,0.2,0.2,0.1,0.2,0.3,0.1,0.2,0.2,0.2,0.3,0.1
20151001,13,SO2,2,2,2,2,3,2,2,3,2,2,2,2,3,2,2,2,2,2,2,2,2,2,2,6,2,2,,2,2,5,2,7,2,3,2
20151001,13,NO2,10,17,4,9,11,5,2,25,5,17,6,11,8,13,14,12,10,20,2,10,3,7,5,10,5,2,,7,6,15,9,12,20,25,10
20151001,13,O3,66,73,71,71,78,74,67,39,69,53,72,77,77,75,105,71,53,57,69,53,51,61,76,79,82,54,,80,85,67,68,72,,50,76
20151001,13,CO,0.1,0.2,0.2,0.2,0.3,0.2,0.2,0.2,0.2,0.2,0.3,0.3,0.3,0.2,0.3,0.1,0.2,0.3,0.1,0.2,0.2,0.2,0.2,0.2,0.2,0.2,,0.2,0.3,0.1,0.2,0.2,0.2,0.3,0.1
20151001,14,SO2,2,2,2,2,3,2,2,3,2,2,2,2,3,2,3,2,2,2,2,2,2,2,2,6,2,2,2,2,2,6,2,7,2,3,2
20151001,14,NO2,10,17,4,10,10,7,2,24,5,16,7,11,8,14,13,11,10,21,2,8,4,6,5,10,5,2,5,8,6,13,10,12,20,25,11
20151001,14,O3,69,76,72,73,81,77,70,40,71,54,71,77,77,77,111,75,54,58,70,66,52,62,77,82,82,55,77,82,87,71,71,74,,53,80
20151001,14,CO,0.1,0.2,0.2,0.2,0.3,0.2,0.2,0.2,0.2,0.2,0.3,0.3,0.3,0.2,0.4,0.1,0.2,0.4,0.1,0.2,0.2,0.2,0.2,0.2,0.2,0.2,0.1,0.1,0.3,0.1,0.2,0.2,0.2,0.3,0.1
20151001,15,SO2,2,2,2,2,4,2,2,3,2,2,2,2,3,2,3,2,2,2,2,2,2,2,2,6,2,2,2,2,2,5,2,8,2,4,2
20151001,15,NO2,12,19,4,11,12,8,2,24,5,18,4,15,11,17,12,13,10,22,2,8,3,7,5,10,7,2,5,7,5,16,11,12,22,39,12
20151001,15,O3,70,75,71,73,80,79,71,41,73,53,70,77,77,76,110,76,55,57,71,67,53,62,77,81,80,56,79,85,89,80,71,76,,46,81
20151001,15,CO,0.1,0.2,0.2,0.2,0.3,0.2,0.2,0.2,0.2,0.2,0.3,0.3,0.3,0.2,0.4,0.1,0.2,0.4,0.1,0.1,0.2,0.2,0.2,0.2,0.2,0.2,0.1,0.1,0.3,0.1,0.3,0.2,0.3,0.4,0.1
20151001,16,SO2,2,2,2,2,5,3,2,4,2,2,2,2,3,2,2,2,2,2,2,2,2,2,2,6,2,2,2,2,2,6,2,7,2,3,2
20151001,16,NO2,12,21,3,12,12,10,2,24,5,19,5,16,20,18,13,14,12,21,2,9,3,7,5,9,8,2,5,7,6,17,11,15,25,36,13
20151001,16,O3,70,74,74,73,80,78,71,41,73,53,71,78,81,78,109,76,55,58,71,66,56,61,77,82,81,54,78,85,99,83,71,75,,44,81
20151001,16,CO,0.1,0.2,0.2,0.2,0.3,0.2,0.2,0.2,0.2,0.3,0.3,0.3,0.3,0.2,0.4,0.1,0.2,0.4,0.1,0.2,0.2,0.2,0.2,0.2,0.3,0.2,0.1,0.2,0.3,0.1,0.2,0.2,0.3,0.3,0.1
20151001,17,SO2,2,2,2,2,5,3,2,5,2,2,2,2,3,2,2,2,2,2,2,2,2,2,2,6,2,2,2,2,2,6,2,6,2,4,2
20151001,17,NO2,15,27,11,16,15,13,2,26,5,23,4,18,21,23,16,15,17,30,6,11,3,7,4,9,13,2,6,12,9,23,14,21,31,53,16
20151001,17,O3,66,67,67,67,77,73,69,40,73,48,69,76,88,86,105,74,52,52,68,64,57,62,79,82,76,54,77,81,102,78,69,69,,34,77
20151001,17,CO,0.1,0.2,0.2,0.3,0.3,0.2,0.2,0.2,0.2,0.3,0.3,0.3,0.3,0.2,0.4,0.1,0.3,0.4,0.2,0.2,0.2,0.2,0.2,0.2,0.3,0.2,0.1,0.2,0.3,0.2,0.3,0.2,0.3,0.4,0.1
20151001,18,SO2,2,2,2,2,5,3,2,5,2,2,2,2,4,2,2,3,2,3,2,2,,2,2,6,2,2,2,2,2,6,2,6,2,6,2
20151001,18,NO2,19,40,18,22,25,21,2,31,6,34,13,23,35,34,28,23,37,43,13,22,,19,6,11,12,2,8,20,11,31,22,30,36,64,20
20151001,18,O3,61,48,58,58,65,64,61,36,71,37,75,72,73,76,100,63,31,38,59,49,,47,77,74,73,53,66,72,67,61,60,59,,17,71
20151001,18,CO,0.1,0.3,0.3,0.3,0.4,0.3,0.3,0.3,0.2,0.3,0.3,0.4,0.4,0.2,0.4,0.2,0.3,0.5,0.2,0.2,,0.3,0.2,0.2,0.3,0.2,0.1,0.2,0.4,0.2,0.4,0.3,0.3,0.5,0.2
20151001,19,SO2,2,2,2,2,4,2,2,3,2,2,2,2,5,2,3,2,2,3,2,2,2,2,2,6,2,2,2,2,2,6,2,7,2,6,2
20151001,19,NO2,36,44,41,39,36,28,24,45,7,51,24,44,65,53,50,34,61,53,42,35,20,55,7,11,34,2,9,24,12,36,74,74,59,84,30
20151001,19,O3,49,21,40,39,55,54,41,32,66,32,64,59,37,51,74,53,3,28,19,31,27,6,76,56,37,53,59,70,61,40,15,28,,11,58
20151001,19,CO,0.2,0.3,0.5,0.4,0.4,0.3,0.4,0.3,0.2,0.4,0.4,0.5,0.5,0.3,0.5,0.2,0.6,0.5,0.4,0.3,0.4,0.7,0.2,0.2,0.4,0.2,0.1,0.2,0.4,0.2,0.6,0.4,0.4,0.7,0.2
20151001,20,SO2,2,2,2,2,4,2,2,3,2,2,3,2,6,2,3,3,2,2,2,2,2,2,2,6,2,2,2,2,2,6,2,7,3,7,2
20151001,20,NO2,54,62,55,56,61,75,54,57,7,73,21,79,83,77,50,60,76,45,42,41,10,62,5,8,28,2,7,38,17,69,95,87,90,93,69
20151001,20,O3,38,22,28,24,41,13,19,21,59,2,67,24,12,20,71,37,2,33,5,30,26,2,77,65,22,52,62,52,40,2,4,21,,7,27
20151001,20,CO,0.4,0.4,0.5,0.5,0.6,0.6,0.5,0.3,0.2,0.5,0.3,0.7,0.8,0.5,0.6,0.3,0.5,0.5,0.4,0.3,0.3,0.9,0.2,0.2,0.4,0.2,0.1,0.2,0.4,0.2,0.7,0.4,0.8,0.7,0.4
20151001,21,SO2,2,2,2,2,4,2,2,3,2,2,4,2,4,3,3,4,2,2,2,2,2,2,2,6,2,2,2,2,2,6,2,7,3,7,2
20151001,21,NO2,60,79,72,67,100,74,59,62,11,86,26,85,72,76,61,70,68,54,38,41,11,54,14,9,23,4,15,50,20,52,90,111,101,105,67
20151001,21,O3,30,5,11,10,8,16,11,11,43,2,55,4,3,18,50,25,2,18,2,29,20,2,61,54,34,35,56,35,20,2,2,6,,2,21
20151001,21,CO,0.4,0.5,0.5,0.7,0.8,0.5,0.5,0.4,0.2,0.7,0.3,0.9,0.8,0.4,0.6,0.3,0.5,0.6,0.4,0.3,0.4,0.8,0.2,0.3,0.3,0.2,0.1,0.3,0.4,0.2,1,0.8,0.8,0.8,0.4
20151001,22,SO2,2,2,2,2,4,2,2,3,2,2,2,2,4,2,4,5,2,2,2,2,2,2,2,6,6,2,2,2,2,6,2,8,3,8,2
20151001,22,NO2,88,81,79,73,91,79,69,59,12,83,26,67,66,70,74,100,66,67,32,47,9,45,31,20,26,4,27,68,23,47,90,115,100,84,85
20151001,22,O3,9,2,2,2,17,9,2,9,37,2,47,2,3,13,29,2,2,4,4,21,17,2,32,35,56,29,46,16,2,2,2,2,,2,10
20151001,22,CO,0.7,0.6,0.5,0.7,0.6,0.5,0.7,0.3,0.2,0.8,0.3,0.9,0.8,0.6,0.7,0.5,0.6,0.8,0.4,0.4,0.4,0.6,0.4,0.3,0.4,0.2,0.2,0.3,0.5,0.3,1.1,1.4,0.7,1,0.6
20151001,23,SO2,2,2,2,2,5,2,2,4,2,2,2,2,4,2,4,5,2,2,2,2,2,2,2,8,3,2,2,2,2,6,2,7,2,8,4
20151001,23,NO2,92,72,71,74,102,81,70,65,15,77,36,61,55,60,73,90,64,58,23,47,11,42,23,45,27,5,30,68,42,41,82,121,93,88,91
20151001,23,O3,2,2,4,2,3,3,2,2,37,2,23,2,7,17,21,3,2,8,18,14,11,2,41,4,61,21,34,12,2,2,2,3,,2,2
20151001,23,CO,0.6,0.9,0.5,0.8,0.8,0.7,0.7,0.3,0.3,1,0.3,0.8,0.5,0.5,0.9,0.4,0.7,0.7,0.2,0.4,0.5,0.5,0.4,0.3,0.4,0.2,0.2,0.4,0.5,0.3,0.9,1.2,0.6,1.1,0.7
