date,hour,type,dongsi,tiantan,guanyuan,wanshouxigong,aotizhongxing,nongzhanguan,wanliu,beibuxingqu,zhiwuyuan,fentaihuayuan,yungang,gucheng,fangshan,daxing,yizhuang,tongzhou,shunyi,changping,mengtougou,pinggu,huairou,miyun,yanqing,dingling,badaling,miyunshuiku,donggaocun,yongledian,yufa,liulihe,qianmeng,yongdingmengxi,xizhimengbei,nansanhuan,dongsihuan
20150716,0,PM2.5,46,50,50,91,48,36,50,52,42,45,54,43,49,59,42,49,49,45,44,75,50,38,50,44,61,31,91,84,61,66,54,44,,52,41
20150716,0,PM10,105,85,78,,126,55,69,53,,72,61,,,,,56,54,67,,120,,41,52,46,,36,98,130,,77,227,109,,130,51
20150716,0,AQI,61,59,62,59,63,56,64,62,52,68,64,67,60,64,73,78,60,52,56,87,54,53,56,44,72,48,90,97,81,82,68,61,,70,59
20150716,1,PM2.5,52,49,71,32,59,43,56,51,50,49,44,37,42,60,38,48,52,48,33,44,47,34,53,30,60,38,83,70,56,59,53,48,,56,44
20150716,1,PM10,72,76,,50,90,59,,,,69,81,63,70,112,135,83,58,,57,62,,41,,41,,,87,114,69,,85,61,,73,70
20150716,1,AQI,62,61,63,59,64,57,65,63,52,68,63,68,63,66,75,78,61,52,56,87,55,53,57,45,73,48,91,98,79,81,69,61,,71,60
20150716,2,PM2.5,65,57,52,29,57,55,51,51,52,50,47,38,41,68,49,47,56,44,40,47,47,41,59,28,68,46,92,63,61,56,59,54,,52,63
20150716,2,PM10,76,77,98,62,71,68,57,,57,109,61,80,52,,142,92,59,,69,117,,53,,,,,93,84,,,72,60,,82,101
20150716,2,AQI,62,61,63,60,65,57,65,63,53,69,64,69,60,67,77,79,62,53,56,87,56,54,59,45,75,48,93,99,79,80,70,62,,72,61
20150716,3,PM2.5,59,58,54,79,58,44,59,54,50,38,48,38,50,63,53,60,57,49,50,44,38,36,56,37,67,37,95,57,62,56,58,59,,57,53
20150716,3,PM10,60,,,,,53,,,,,,50,67,,,71,66,,,55,,42,,45,,48,,,,61,68,,,,58
20150716,3,AQI,63,63,64,61,66,58,65,63,55,71,65,70,61,68,78,79,63,53,56,87,56,54,60,46,77,49,133,100,78,78,70,62,,73,61
20150716,4,PM2.5,58,60,60,62,51,50,46,45,39,38,42,42,50,55,54,56,46,51,35,67,29,44,33,42,64,28,71,56,51,59,58,52,,50,53
20150716,4,PM10,,,,,,,,,,,,,,,,,,,,80,39,64,,,,43,,,,,,,,,
20150716,4,AQI,64,65,65,62,67,58,66,63,55,72,66,69,63,69,79,79,63,54,56,86,56,54,60,48,78,49,96,100,78,78,70,63,,74,62
20150716,5,PM2.5,59,53,50,64,61,48,52,41,44,44,44,40,59,54,51,58,54,53,36,62,42,46,26,42,60,33,65,57,55,59,58,48,,49,57
20150716,5,PM10,,,50,,,,,,55,,64,56,62,,67,,65,,,,84,59,,,,50,,,,,,49,,,
20150716,5,AQI,66,66,66,64,67,59,67,62,56,73,66,68,65,70,79,81,65,55,57,87,57,54,60,49,80,50,96,101,78,75,72,63,,75,62
20150716,6,PM2.5,61,57,55,71,53,47,55,43,56,43,46,51,49,59,57,46,42,57,37,39,58,39,23,26,56,34,29,64,58,60,58,58,,57,50
20150716,6,PM10,,,,,,,,,,,54,70,,,,,,,46,,,,26,34,,,,,,,,,,62,
20150716,6,AQI,68,68,66,66,68,60,67,62,57,74,66,68,66,71,79,81,65,57,57,88,58,54,59,49,82,51,95,102,79,74,73,63,,74,63
20150716,7,PM2.5,48,57,60,5,48,37,45,44,50,46,43,53,44,62,45,38,41,36,46,32,38,35,29,29,51,34,32,50,52,60,54,46,,58,45
20150716,7,PM10,,,,32,,,,,,,,,,,,,55,,49,,86,,,33,,,,,,,,,,,
20150716,7,AQI,69,70,68,65,69,60,67,62,59,75,66,69,66,72,80,81,66,57,58,88,59,55,59,49,83,52,93,102,79,73,73,63,,74,63
20150716,8,PM2.5,47,47,45,,41,34,48,43,44,34,48,46,55,54,37,38,42,31,38,26,36,35,34,28,46,23,39,40,59,49,44,47,,49,35
20150716,8,PM10,,,,,,38,,,,,,,,,,,,,38,34,,,40,,,,,,,,,,,,
20150716,8,AQI,70,71,69,63,70,59,68,63,59,75,66,69,67,72,80,81,66,58,57,86,59,55,58,49,82,52,91,101,80,72,74,63,,74,64
20150716,9,PM2.5,39,46,44,86,42,35,43,45,44,36,44,39,45,49,38,34,40,30,37,37,37,25,28,21,50,27,37,44,51,49,41,44,,43,36
20150716,9,PM10,,,,,,37,,,,,,,50,,,38,40,,,,,,33,26,,29,,63,,65,,,,47,
20150716,9,AQI,70,71,69,68,70,58,68,62,60,76,66,69,68,72,80,79,66,58,58,85,59,55,57,49,81,51,89,99,79,70,74,64,,73,64
20150716,10,PM2.5,37,40,41,29,37,31,47,49,49,35,44,42,41,43,38,36,32,34,35,24,32,24,26,23,39,24,37,47,41,51,38,34,,39,41
20150716,10,PM10,,,,,,38,,50,,,,45,,,39,54,,,36,28,,29,,23,,,,49,,,,,,40,
20150716,10,AQI,71,70,69,68,70,59,68,62,60,76,66,66,68,73,77,77,66,58,57,82,60,55,56,49,80,51,87,95,78,70,74,65,,72,63
20150716,11,PM2.5,35,39,41,31,39,24,37,49,44,29,44,40,41,40,29,30,32,32,37,24,23,21,21,25,24,16,44,38,44,45,35,35,,41,32
20150716,11,PM10,37,40,,35,,37,,,,58,,,,53,43,,,,,,,,,29,,,,,50,,,37,,51,72
20150716,11,AQI,71,69,70,67,69,58,67,63,61,75,64,65,68,73,74,75,66,58,57,80,59,56,55,49,78,51,86,92,78,72,75,65,,72,63
20150716,12,PM2.5,40,38,41,34,36,26,44,46,26,32,41,42,45,42,30,26,25,34,37,24,31,17,26,23,45,16,33,34,38,48,42,36,32,46,30
20150716,12,PM10,40,57,76,51,53,38,65,,26,60,,50,,,,32,,42,47,31,,23,28,,,26,,,,53,128,57,,81,
20150716,12,AQI,71,69,70,66,68,58,66,65,61,74,63,64,68,73,71,72,66,58,57,77,59,54,53,49,76,51,83,88,77,72,76,65,74,72,63
20150716,13,PM2.5,38,42,51,43,40,28,35,47,24,33,36,36,38,39,27,23,25,39,41,21,23,22,19,25,34,20,32,31,38,49,44,41,42,43,32
20150716,13,PM10,,,,,,30,,,,,,,,,33,24,,,,34,,,29,,,20,,37,,,,,,,36
20150716,13,AQI,70,69,70,66,68,58,66,66,60,71,63,62,65,72,68,71,65,58,57,74,59,54,52,48,74,48,81,83,75,72,75,65,72,71,63
20150716,14,PM2.5,37,38,38,36,33,26,31,42,20,24,34,30,35,41,24,22,24,30,37,22,30,20,17,14,29,14,28,33,34,38,39,38,40,37,33
20150716,14,PM10,,,,,,35,,,,,,,,,31,27,,,,23,,,27,,,20,30,36,,,,,,37,
20150716,14,AQI,69,68,70,65,67,56,65,67,60,71,63,61,65,71,65,68,64,58,57,72,58,53,50,47,72,46,78,80,74,73,74,65,72,70,62
20150716,15,PM2.5,31,36,38,37,29,23,27,24,22,21,30,22,33,30,31,23,26,25,30,21,20,17,10,17,24,15,23,29,39,37,30,32,32,31,28
20150716,15,PM10,,,,,,29,,,,27,,,,,51,50,,,,26,,,21,,,,,,,,,,,51,41
20150716,15,AQI,69,68,69,64,66,55,64,68,59,69,63,61,65,70,64,66,62,57,57,69,57,52,49,46,69,44,76,77,73,73,74,64,72,69,61
20150716,16,PM2.5,26,30,29,30,30,20,29,28,20,21,25,28,31,30,25,32,19,28,27,25,26,14,16,22,31,12,26,29,34,37,26,28,25,29,23
20150716,16,PM10,31,36,,,,26,,,,,,,,,,54,,,,32,,18,,,38,24,36,34,,,33,35,,50,28
20150716,16,AQI,68,67,68,63,65,54,64,69,58,68,63,61,65,69,65,64,60,56,56,67,58,50,48,45,67,42,74,75,72,73,72,63,71,68,60
20150716,17,PM2.5,30,26,28,64,30,21,26,32,23,22,23,28,29,22,23,30,23,29,26,17,22,16,17,18,26,11,27,25,26,25,28,27,28,37,27
20150716,17,PM10,,,,,,31,,,,,,31,,,,48,,,,29,,,22,,,14,,30,26,,,,,51,40
20150716,17,AQI,67,66,67,65,64,53,63,69,57,68,63,60,64,69,64,64,59,55,55,65,57,48,46,43,65,41,72,73,71,74,73,62,73,67,59
20150716,18,PM2.5,31,29,32,23,31,22,28,33,17,24,29,27,30,21,24,28,19,26,27,36,20,17,20,14,30,11,26,37,31,27,32,28,30,40,25
20150716,18,PM10,,40,,30,,32,,,20,27,,42,,30,34,50,,40,,,,19,,15,,16,,46,,,,40,,62,66
20150716,18,AQI,66,65,66,64,63,53,64,68,56,66,63,57,62,66,62,62,57,54,55,64,57,45,45,41,64,39,71,72,70,74,72,61,73,66,58
20150716,19,PM2.5,37,39,37,,33,21,34,33,20,20,27,33,31,26,30,30,18,36,30,40,23,14,18,17,25,13,53,40,29,30,32,31,31,37,25
20150716,19,PM10,,44,,38,,37,,,,34,29,48,35,39,63,64,24,37,,60,,20,,,,,,42,29,43,40,41,,75,35
20150716,19,AQI,65,64,67,64,62,51,64,65,54,63,60,56,61,65,62,61,55,53,54,62,56,43,44,40,63,38,71,72,69,70,70,60,76,65,57
20150716,20,PM2.5,36,36,46,,34,20,34,36,12,29,29,33,23,37,30,33,23,29,32,49,30,17,21,16,,10,59,50,31,30,39,35,27,37,28
20150716,20,PM10,36,51,,44,,39,,,24,65,38,48,44,46,82,64,32,36,,55,45,47,29,23,,42,,,35,,77,55,,72,43
20150716,20,AQI,64,63,67,54,63,50,67,63,53,62,58,56,60,64,62,59,54,53,53,60,56,41,44,39,,36,71,71,67,69,70,60,51,64,56
20150716,21,PM2.5,38,40,37,,33,27,33,34,23,31,35,36,51,42,36,40,22,28,27,35,27,16,21,19,29,16,67,52,33,28,37,38,33,43,35
20150716,21,PM10,45,45,48,49,40,46,42,,32,51,46,57,,62,72,89,40,42,33,43,28,18,25,29,,18,,80,58,32,,55,35,73,49
20150716,21,AQI,63,62,66,52,61,49,65,61,52,61,57,56,60,64,60,57,52,53,52,57,53,40,43,38,62,35,71,69,65,67,70,59,50,63,55
20150716,22,PM2.5,46,42,41,34,37,26,35,35,25,32,32,34,38,43,42,48,18,28,28,26,21,12,20,15,36,18,69,66,42,31,37,34,33,44,36
20150716,22,PM10,56,58,55,48,48,50,56,38,30,57,38,66,46,63,110,65,39,30,36,50,,17,,25,,,,,53,41,74,60,42,78,79
20150716,22,AQI,62,62,65,63,60,47,60,60,51,59,56,54,59,64,60,55,50,53,51,54,53,38,41,37,61,34,71,68,64,65,69,58,48,63,54
20150716,23,PM2.5,52,51,41,39,39,36,42,41,28,33,36,31,35,58,57,54,19,21,28,14,22,17,20,17,28,20,40,50,49,39,48,42,37,45,48
20150716,23,PM10,71,66,60,57,75,63,66,,47,73,54,57,49,94,58,81,,27,32,22,,21,,28,,,,,57,70,77,67,73,86,99
20150716,23,AQI,62,62,63,64,61,47,58,59,50,55,55,53,58,64,60,55,49,52,50,51,54,37,40,36,59,33,69,66,63,63,70,58,47,63,55
20150716,0,SO2,3,2,2,2,3,4,2,2,2,5,2,2,4,2,3,8,2,2,2,5,3,2,2,3,6,3,11,5,2,4,3,2,,4,3
20150716,0,NO2,42,49,45,33,72,37,42,51,9,84,21,15,26,56,41,38,24,27,11,32,10,5,26,17,31,9,41,97,34,64,55,53,,92,45
20150716,0,O3,82,100,36,69,96,103,58,7,97,24,85,133,109,45,120,105,108,59,125,103,87,138,73,78,61,99,89,4,53,24,78,79,,32,99
20150716,0,CO,0.8,0.8,0.9,0.8,0.8,0.7,0.8,0.7,0.5,1,0.8,0.3,0.5,0.8,0.7,0.5,0.7,0.5,0.6,1.2,0.7,0.7,0.5,0.2,0.7,0.7,1.1,1,1.1,0.6,0.7,0.8,,0.8,0.4
20150716,1,SO2,2,2,2,2,2,2,2,2,2,5,2,2,236,2,2,7,2,2,2,3,3,2,2,2,8,4,9,3,2,3,2,2,,4,3
20150716,1,NO2,33,37,41,33,40,28,38,19,19,75,20,11,18,44,50,40,17,2,10,25,7,5,27,11,27,9,39,88,35,29,43,48,,85,31
20150716,1,O3,92,103,43,67,142,118,66,29,104,36,76,141,107,42,93,91,81,123,128,107,87,135,61,88,59,94,68,15,32,45,82,77,,31,89
20150716,1,CO,0.8,0.7,0.8,0.8,0.8,0.7,0.7,0.6,0.5,0.9,0.8,0.3,0.5,0.8,0.7,0.4,0.7,0.5,0.6,0.9,0.7,0.7,0.5,0.3,0.7,0.9,1,0.9,1.1,0.5,0.6,0.7,,0.7,0.3
20150716,2,SO2,2,2,2,2,2,2,2,5,2,5,2,2,40,2,2,5,6,2,2,2,3,2,2,2,14,3,7,3,2,3,2,2,,4,5
20150716,2,NO2,31,37,35,26,41,25,23,22,15,66,18,11,21,46,39,35,13,2,13,17,5,5,34,7,22,9,37,53,31,23,53,47,,92,33
20150716,2,O3,70,62,35,66,136,124,82,24,111,39,70,131,93,30,98,84,43,88,96,117,103,126,47,106,60,90,65,37,25,54,63,65,,31,49
20150716,2,CO,0.9,0.8,0.8,0.8,0.7,0.8,0.7,0.6,0.5,0.8,0.7,0.4,0.4,0.8,0.7,0.4,0.5,0.4,0.6,0.7,0.7,0.7,0.5,0.2,0.8,0.7,1,0.8,1,0.4,0.7,0.7,,0.6,0.3
20150716,3,SO2,2,2,2,2,2,2,2,5,2,4,2,2,3,2,2,4,2,2,2,2,2,2,2,2,11,2,2,2,2,3,2,2,,2,2
20150716,3,NO2,24,28,23,20,36,22,16,18,8,36,10,15,20,32,26,32,2,10,15,20,2,4,16,15,16,8,32,40,28,29,57,27,,45,31
20150716,3,O3,52,84,41,90,125,107,91,34,125,44,102,112,100,38,105,101,2,85,94,104,131,123,93,101,59,82,265,51,35,44,52,80,,63,51
20150716,3,CO,0.6,0.7,0.8,0.7,0.7,0.7,0.7,0.5,0.5,0.8,0.6,0.4,0.5,0.7,0.7,0.5,,0.5,0.6,0.7,0.6,0.7,0.5,0.2,0.8,0.6,0.9,0.7,1,0.5,0.7,0.7,,0.5,0.3
20150716,4,SO2,2,2,2,2,2,2,2,6,2,4,2,2,4,2,2,5,2,2,2,2,2,2,2,2,4,2,2,2,2,4,2,2,,3,5
20150716,4,NO2,15,21,16,15,27,14,10,14,4,33,8,13,27,18,19,25,11,7,7,15,2,9,13,9,31,7,29,30,19,36,34,26,,67,18
20150716,4,O3,101,114,57,106,,116,122,46,156,62,100,130,69,56,125,95,78,82,101,131,124,92,117,92,35,84,89,73,59,,88,106,,60,67
20150716,4,CO,0.5,0.8,0.7,0.7,0.6,0.7,0.6,0.6,0.5,0.8,0.6,0.3,0.4,0.6,0.6,0.4,0.4,0.5,0.6,1.2,0.6,0.8,0.5,0.3,0.8,0.6,1,0.7,0.9,0.5,0.6,0.7,,0.5,0.2
20150716,5,SO2,2,2,2,2,2,2,2,5,2,4,2,2,3,2,2,4,2,2,2,2,2,2,2,2,2,2,2,2,2,4,2,2,,2,3
20150716,5,NO2,20,27,16,16,35,16,13,24,7,20,11,15,35,25,33,21,14,2,6,10,6,7,12,8,44,,12,19,21,22,23,35,,47,43
20150716,5,O3,85,102,49,103,117,96,99,42,110,34,74,118,55,54,98,91,72,87,102,137,105,98,125,96,43,82,127,81,61,37,87,86,,79,46
20150716,5,CO,0.7,0.8,0.7,0.7,0.6,0.7,0.7,0.5,0.5,0.8,0.6,0.3,0.4,0.7,0.6,0.4,0.5,0.4,0.5,1.1,0.8,0.8,0.4,0.3,0.7,0.6,1.1,0.6,0.9,0.5,0.6,0.7,,0.5,0.3
20150716,6,SO2,2,2,2,2,2,2,2,5,2,4,2,2,2,2,2,4,2,2,2,2,2,2,2,2,2,2,2,2,2,4,2,2,,2,2
20150716,6,NO2,20,30,21,22,28,14,17,28,17,24,15,23,22,26,35,17,10,2,14,10,6,7,12,8,58,5,8,24,20,35,24,36,,64,68
20150716,6,O3,90,91,44,87,138,105,100,36,96,83,76,94,85,58,88,111,109,112,83,134,102,94,126,101,15,85,126,70,69,35,78,72,,47,59
20150716,6,CO,0.8,0.8,0.8,0.8,0.7,0.8,0.7,0.6,0.5,0.8,0.7,0.4,0.5,0.7,0.7,0.5,1,0.5,0.6,0.9,1,0.8,0.4,0.3,0.6,0.7,0.9,0.7,0.9,0.5,0.7,0.7,,0.6,0.4
20150716,7,SO2,2,2,2,2,2,2,2,6,2,5,2,2,2,2,2,4,2,2,2,2,2,2,2,2,2,2,2,2,2,4,2,2,,4,2
20150716,7,NO2,21,36,29,23,32,21,19,42,12,32,17,23,25,29,34,22,16,6,13,9,4,14,16,7,65,5,8,24,18,35,21,53,,94,60
20150716,7,O3,97,101,46,100,141,111,124,34,119,99,80,102,81,57,108,106,100,107,99,129,97,84,125,98,28,87,106,71,88,42,97,75,,32,71
20150716,7,CO,1,1,1,1,0.9,0.9,1,0.6,0.6,1,0.8,0.5,0.6,0.8,0.9,0.8,1,0.6,0.6,0.7,1,0.8,0.5,0.4,0.7,0.7,0.8,0.8,0.9,0.5,0.9,1,,0.8,0.7
20150716,8,SO2,2,2,2,2,2,2,2,6,2,4,2,2,2,2,2,4,2,2,2,2,2,2,2,2,2,2,2,2,2,3,2,2,,5,2
20150716,8,NO2,28,56,39,27,38,24,27,46,12,37,18,30,29,42,35,35,30,21,14,17,11,8,21,9,64,6,12,27,26,23,27,77,,119,47
20150716,8,O3,96,88,45,109,143,113,101,54,124,96,82,100,87,55,114,96,92,94,94,105,85,100,102,94,46,99,95,74,80,63,97,62,,22,88
20150716,8,CO,1.1,1.2,1.1,1.1,1,1,0.9,0.7,0.6,1,0.8,0.6,0.7,1.1,0.9,0.8,1,0.7,0.6,0.8,0.9,0.8,0.5,0.4,0.7,0.9,0.7,0.9,1.1,0.5,1,1.2,,1.2,0.7
20150716,9,SO2,2,2,2,2,2,2,2,5,2,4,2,2,2,2,2,5,2,2,2,2,2,2,2,2,2,2,2,2,2,3,2,2,,5,2
20150716,9,NO2,31,75,43,37,44,29,32,20,9,36,22,28,37,50,43,44,27,16,12,16,15,9,21,13,90,5,12,31,27,24,77,93,,121,44
20150716,9,O3,95,72,42,93,137,107,90,41,122,99,86,110,76,54,111,93,83,89,96,119,76,111,109,88,23,95,91,64,94,62,56,44,,19,83
20150716,9,CO,1,1.3,1,1,0.9,0.9,0.9,0.6,0.6,1,0.9,0.6,0.8,1.2,0.9,0.7,0.9,0.6,0.6,0.9,0.8,0.9,0.6,0.4,0.8,0.9,0.7,0.8,1.3,0.6,1.1,1.2,,1.2,0.7
20150716,10,SO2,2,3,2,2,2,2,2,6,2,4,2,2,2,2,2,4,2,2,2,2,2,2,2,2,2,2,2,2,2,3,2,2,,3,2
20150716,10,NO2,31,57,37,36,47,32,41,22,12,43,20,33,27,47,39,42,19,21,12,16,12,8,25,13,18,5,12,29,27,26,68,72,,94,77
20150716,10,O3,90,86,46,96,127,97,81,44,108,89,85,96,92,60,108,80,93,79,98,123,81,99,102,81,106,93,99,60,113,61,64,65,,45,53
20150716,10,CO,0.9,1.1,1,1,0.9,0.9,0.9,0.7,0.6,1,0.9,0.6,0.7,1,0.9,0.6,0.9,0.6,0.6,0.9,0.8,0.8,0.6,0.3,0.6,0.8,0.8,0.8,1.3,0.6,0.9,1.1,,1,0.8
20150716,11,SO2,2,3,2,2,2,2,2,6,2,4,2,2,,2,2,4,2,2,2,2,2,2,2,2,2,2,3,2,2,3,2,2,,4,2
20150716,11,NO2,32,51,38,33,44,24,32,18,,43,18,27,31,40,47,32,16,13,11,14,16,5,12,7,26,5,21,26,32,20,60,66,,95,60
20150716,11,O3,84,87,46,94,125,103,95,48,116,88,82,104,45,59,92,96,91,93,109,121,73,104,110,86,104,98,82,74,98,72,68,65,,37,64
20150716,11,CO,0.9,1,1,1,0.9,0.8,0.9,0.6,0.5,1,0.8,0.5,0.3,1,0.8,0.5,0.8,0.5,0.7,0.8,0.8,0.7,0.5,0.3,0.7,0.8,0.8,0.7,1.3,0.5,0.8,0.9,,1,0.6
20150716,12,SO2,2,2,2,2,2,2,2,6,2,4,2,2,5,2,2,5,2,2,2,2,2,2,2,2,2,2,2,2,2,3,2,2,24,5,2
20150716,12,NO2,34,67,50,41,45,28,34,21,10,51,16,31,32,40,32,24,16,31,13,12,10,3,14,14,36,4,15,24,37,22,67,70,85,120,40
20150716,12,O3,79,64,34,85,120,96,82,31,121,68,83,101,,57,115,105,97,52,101,124,93,102,99,72,72,98,98,94,82,67,53,53,23,16,76
20150716,12,CO,1,1.1,1,1.1,0.9,0.8,0.8,0.7,0.6,1.1,0.8,0.6,0.7,1,0.7,0.5,0.7,0.7,0.7,0.8,0.8,0.7,0.5,0.3,0.7,0.7,0.7,0.7,1.2,0.5,0.9,1,1.2,1.2,0.5
20150716,13,SO2,2,2,2,2,2,2,2,6,2,4,2,2,3,2,2,5,2,2,2,2,2,2,2,2,2,2,3,2,2,4,2,2,2,3,2
20150716,13,NO2,31,65,37,38,53,23,21,20,4,39,11,22,20,39,26,18,14,33,16,11,7,2,12,26,36,4,13,19,36,22,47,62,68,108,33
20150716,13,O3,92,72,40,86,123,110,104,42,133,88,97,119,99,60,121,120,101,60,93,119,89,102,99,59,63,95,113,106,96,76,73,68,38,30,98
20150716,13,CO,0.9,1.1,0.9,1,0.9,0.8,0.8,0.7,0.5,1,0.8,0.6,0.6,0.9,0.6,0.4,0.7,0.7,0.7,0.7,0.7,0.7,0.5,0.3,0.7,0.7,0.6,0.7,1.2,0.5,0.8,1,1.2,1,0.4
20150716,14,SO2,2,2,2,2,2,2,2,5,2,4,2,2,2,2,2,5,2,2,2,2,2,2,2,2,2,2,3,2,2,3,2,2,2,4,2
20150716,14,NO2,27,50,31,27,40,29,12,11,4,28,10,25,16,27,26,15,10,21,13,9,4,2,11,6,46,4,11,,31,16,43,53,56,107,29
20150716,14,O3,92,89,45,102,132,101,118,45,134,105,101,113,105,72,124,121,105,69,91,116,99,108,109,91,63,99,115,99,111,76,80,77,48,38,94
20150716,14,CO,0.8,0.9,0.9,0.8,0.8,0.8,0.7,0.7,0.5,0.9,0.8,0.5,0.6,0.8,0.7,0.4,0.7,0.5,0.7,0.6,0.7,0.7,0.5,0.2,0.6,0.7,0.5,0.6,1.2,0.5,0.7,0.8,1,1,0.4
20150716,15,SO2,2,2,2,2,2,2,2,,2,4,2,2,3,2,2,5,2,2,2,2,2,2,2,2,2,,,2,2,3,2,2,2,4,2
20150716,15,NO2,26,58,36,31,43,30,15,8,,32,11,25,22,30,33,20,11,19,11,11,7,2,11,7,38,4,7,16,28,12,59,53,57,104,30
20150716,15,O3,91,78,37,91,127,97,107,53,127,98,99,112,107,68,112,113,103,73,97,115,98,111,100,88,64,104,110,114,114,91,67,74,50,32,87
20150716,15,CO,0.7,0.9,0.9,0.9,0.7,0.7,0.7,0.6,0.4,0.8,0.7,0.4,0.6,0.8,0.7,0.4,0.6,0.5,0.6,0.6,0.6,0.6,0.4,0.2,0.6,0.7,0.4,0.6,1.1,0.5,0.7,0.8,1,0.9,0.3
20150716,16,SO2,2,2,2,2,2,2,2,4,2,4,2,2,3,2,2,5,2,2,2,2,2,2,2,2,2,2,2,2,2,4,2,2,2,4,2
20150716,16,NO2,29,60,30,27,40,30,17,16,5,36,12,20,23,27,31,39,11,48,13,12,6,2,16,8,57,4,7,16,25,12,56,53,50,96,29
20150716,16,O3,86,74,43,97,127,101,104,,134,94,100,114,104,72,113,83,103,40,97,116,97,109,93,78,39,104,118,111,125,107,68,75,55,42,92
20150716,16,CO,0.8,0.8,0.8,0.8,0.7,0.7,0.7,0.6,0.4,0.8,0.7,0.4,0.5,0.7,0.6,0.5,0.6,0.6,0.6,0.6,0.6,0.6,0.5,0.2,0.6,0.6,0.4,0.6,1,0.5,0.7,0.8,1,0.9,0.3
20150716,17,SO2,2,3,2,2,2,2,2,5,2,4,2,2,3,2,2,6,2,2,2,2,2,2,2,2,2,2,2,2,2,4,2,2,2,4,2
20150716,17,NO2,23,49,30,24,37,26,14,17,5,35,10,22,23,28,29,43,12,66,11,12,7,2,25,11,47,4,7,,24,8,58,53,61,101,30
20150716,17,O3,96,90,50,105,140,102,121,31,134,101,113,114,111,73,116,81,102,25,108,114,93,109,78,74,51,102,115,102,124,113,72,82,53,42,88
20150716,17,CO,0.7,0.8,0.8,0.8,0.7,0.7,0.6,0.6,0.5,0.8,0.7,0.4,0.5,0.7,0.6,0.4,0.6,0.6,0.6,0.6,0.6,0.6,0.5,0.2,0.6,0.6,0.4,0.6,1,0.4,0.7,0.7,1,0.9,0.8
20150716,18,SO2,2,2,2,2,2,2,2,4,2,5,2,2,3,2,2,6,2,2,2,2,2,2,2,2,2,2,2,4,2,4,2,2,2,5,2
20150716,18,NO2,29,67,38,30,45,24,20,19,4,29,11,26,24,34,38,52,14,55,11,14,10,3,24,9,37,4,9,,25,15,52,61,54,116,30
20150716,18,O3,89,69,46,97,127,105,110,28,130,104,110,109,108,69,102,73,97,24,110,109,84,103,70,75,55,97,105,91,115,101,75,66,59,26,90
20150716,18,CO,0.8,0.9,0.8,0.8,0.9,0.7,0.7,0.6,0.4,0.8,0.7,0.4,0.5,0.7,0.6,0.5,0.6,0.7,0.6,0.6,0.6,0.5,0.5,0.2,0.6,0.6,0.4,0.5,1,0.4,0.7,0.8,1,0.9,0.4
20150716,19,SO2,2,3,2,2,2,2,2,4,2,5,2,2,3,2,2,5,2,2,2,2,2,2,2,2,2,2,6,2,2,5,2,2,2,5,2
20150716,19,NO2,36,68,51,35,56,34,28,23,4,40,16,32,29,48,52,54,22,56,12,24,13,4,19,10,12,4,21,22,29,20,47,74,76,120,42
20150716,19,O3,79,64,36,86,114,89,95,19,126,83,102,102,101,54,83,60,85,29,111,115,77,100,69,70,79,95,150,116,104,88,72,50,40,18,72
20150716,19,CO,0.8,0.9,0.9,0.9,0.9,0.7,0.7,0.6,0.4,0.9,0.7,0.5,0.6,0.8,0.7,0.5,0.6,0.6,0.6,0.9,0.6,0.5,0.5,0.2,0.5,0.5,1.1,0.8,1,0.4,0.7,0.9,1.1,1,0.4
20150716,20,SO2,2,3,2,2,2,2,2,2,2,4,2,2,3,2,2,5,2,2,2,3,2,2,2,2,,2,6,2,2,4,2,2,2,4,2
20150716,20,NO2,43,65,42,42,64,40,36,28,5,56,18,45,32,58,70,64,30,69,10,22,9,7,14,11,,5,27,21,35,23,62,81,54,114,54
20150716,20,O3,68,60,39,73,96,78,81,15,125,21,91,82,91,40,54,43,66,16,112,133,71,90,67,65,,95,132,125,85,80,49,34,58,18,51
20150716,20,CO,0.8,0.9,0.9,0.9,0.9,0.7,0.8,0.6,0.4,0.9,0.7,0.5,0.6,0.9,0.7,0.5,0.6,0.5,0.6,1,0.6,0.6,0.5,0.2,,0.6,1.1,0.9,1,0.4,0.8,0.9,1,0.9,0.5
20150716,21,SO2,2,3,2,2,2,2,2,2,2,4,2,2,3,2,2,5,2,2,2,2,2,2,2,2,2,2,4,2,2,4,2,2,2,5,2
20150716,21,NO2,41,52,49,42,50,50,40,25,6,60,22,53,48,72,105,72,26,74,12,19,9,6,10,15,19,4,24,28,34,22,57,84,61,109,77
20150716,21,O3,63,68,33,65,104,59,71,5,117,33,81,63,63,24,13,26,64,4,99,118,68,88,74,47,52,104,105,100,62,86,50,27,45,14,24
20150716,21,CO,0.9,0.9,0.9,0.9,0.8,0.8,0.8,0.7,0.4,1,0.7,0.6,0.7,1,0.9,0.6,0.6,0.6,0.6,0.8,0.6,0.6,0.4,0.2,0.5,0.5,1.1,1,1.1,0.4,0.8,1,1,1,0.6
20150716,22,SO2,2,3,2,2,2,2,2,2,2,4,2,2,3,2,2,6,2,2,2,2,2,2,2,2,2,2,2,2,2,4,2,2,2,4,2
20150716,22,NO2,53,79,60,42,67,63,57,24,8,71,27,58,56,84,95,58,18,20,16,14,7,4,16,13,52,5,17,28,31,25,58,87,62,100,91
20150716,22,O3,44,36,22,57,72,38,42,2,101,10,66,53,50,14,20,56,66,41,76,113,87,103,64,37,2,83,96,85,46,69,37,14,38,11,8
20150716,22,CO,0.9,0.9,1.1,0.9,0.8,0.9,0.9,0.7,0.4,1,0.7,0.6,0.7,1,0.9,0.7,0.6,0.4,0.7,0.7,0.6,0.6,0.5,0.2,0.6,0.5,1.1,0.9,1.1,0.5,0.9,1,1.1,1,0.9
20150716,23,SO2,2,4,2,2,2,2,2,2,2,5,2,2,3,3,2,8,2,2,2,2,2,2,2,2,2,2,2,2,2,4,2,2,2,4,3
20150716,23,NO2,59,69,61,59,77,66,69,28,21,84,32,46,62,68,58,31,14,7,13,10,10,3,12,12,56,5,10,22,29,41,62,78,70,96,101
20150716,23,O3,41,47,16,33,45,29,18,3,80,8,56,60,38,24,68,83,71,38,72,112,73,88,73,42,2,81,101,94,44,38,37,29,21,10,3
20150716,23,CO,1,1,1,1,0.8,1,1,0.7,0.5,1.1,0.8,0.4,0.7,1.1,0.9,0.7,0.6,0.4,0.6,0.7,0.6,0.6,0.4,0.2,0.6,0.5,1.1,0.7,1.2,0.5,1,1,1.1,1.1,1
