date,hour,type,dongsi,tiantan,guanyuan,wanshouxigong,aotizhongxing,nongzhanguan,wanliu,beibuxingqu,zhiwuyuan,fentaihuayuan,yungang,gucheng,fangshan,daxing,yizhuang,tongzhou,shunyi,changping,mengtougou,pinggu,huairou,miyun,yanqing,dingling,badaling,miyunshuiku,donggaocun,yongledian,yufa,liulihe,qianmeng,yongdingmengxi,xizhimengbei,nansanhuan,dongsihuan
20150702,0,SO2,2,2,2,2,2,2,2,4.7,,4.2,2,2,2.8,2,2,2,2.2,2,4.8,2,2,3.2,2,2,2,2,2,2,2,6.3,2,2,6.6,4,2
20150702,0,NO2,37.9,46.8,48.2,38,44.7,37.6,55.8,51.4,,50.9,31.3,24.9,26.4,41.8,47.8,32.4,52.7,3.6,21,22.5,4.8,49.2,34.4,6.8,12.4,7.8,12.8,31.4,22.5,21.8,39,60.4,54,68.9,30
20150702,0,O3,27.6,17.5,17.2,32.4,32.9,35.4,2,2.7,,4.8,29.5,45.8,34.5,29.7,27,34.2,5.5,61.1,28.9,18,40.5,3.9,16.6,70.3,47.2,47.3,36.2,24,2,26.6,30.8,7.9,16,9.4,39.2
20150702,0,CO,0.4,0.4,0.4,0.4,0.4,0.2,0.5,0.3,,0.3,0.3,0.3,0.2,0.3,0.4,0.2,0.4,0.2,0.3,0.3,0.3,0.1,0.3,0.1,0.2,0.5,0.1,0.3,0.6,0.2,0.3,0.4,0.4,0.4,0.1
20150702,1,SO2,2,2,2,2,2,2,2,4.5,,4.2,2,2,239.5,2,2,2,,2,4.9,2,2,3.1,2,2,4.1,2,2,2,2,6,2,2,2.3,2.9,2
20150702,1,NO2,43.1,47,29,29.7,52.5,27.5,43.3,66.5,,58.7,27.2,17.7,44.7,61.4,44,33.6,29.3,3.6,18.2,25.3,4.3,47.5,43.3,5.5,38,8.1,8.5,36.8,29,33.3,37.5,51.6,41.2,62.4,20.9
20150702,1,O3,20.3,18.3,37.1,38.9,25.5,48.2,8.5,2,,2,32,50.8,15.3,13.9,30.3,32.3,12.4,55.4,32.7,12.3,45.4,4.1,2,80.6,25.9,37.6,37.9,16.4,2,13.9,32.8,14.6,25.1,15.5,39.6
20150702,1,CO,0.4,0.4,0.3,0.3,0.5,0.2,0.4,0.3,,0.3,0.3,0.3,0.4,0.4,0.4,0.2,0.4,0.3,0.3,0.3,0.2,0.1,0.3,0.1,0.3,0.5,0.1,0.2,0.5,0.2,0.3,0.3,0.3,0.3,0.1
20150702,2,SO2,2,2,2,2,2,2,2,3.4,,5.2,4.3,5.4,48.6,2,2,2,,2,5.8,2,2,2.8,2,2,10.5,2,2,2,2,4.5,2,2,4.9,3.6,3.3
20150702,2,NO2,39.9,43.2,29,27.4,56.7,25.9,32.8,57.8,,73.4,25.6,15.7,32.4,64.4,39.3,41.1,10.5,3,18.9,22.3,32.7,34.9,41.6,6.6,64.7,9.1,8.7,43.4,29.4,57.4,46.4,54.6,39.7,63.6,20
20150702,2,O3,18.4,26.1,39.1,38.7,20.7,50.3,22.2,2,,2,29.9,51.9,26.7,8.8,36.2,21.4,17.4,50,33.3,14.9,2,11.2,2,78.6,6.6,36.3,37.2,5.8,2,4.9,23.5,9,28,12.8,24.2
20150702,2,CO,0.4,0.3,0.3,0.3,0.4,0.2,0.3,0.3,,0.5,0.3,0.3,0.2,0.4,0.3,0.2,,0.1,0.3,0.3,0.3,0.1,0.3,0.1,0.4,0.4,0.1,0.3,0.3,0.2,0.2,0.3,0.2,0.3,0.1
20150702,3,SO2,2,2,2,2,2,2,2,3.2,,4.9,4.7,11.6,11.5,2,2,2,2,2,8.1,2,2,3.1,2,2.5,10.8,2,2,2,2,4.1,2,3.1,4.5,2.8,2
20150702,3,NO2,36.4,37.8,42.8,31.3,50.3,28.3,42.8,57.3,,72.8,22,15.3,43,52.3,33.3,48.2,13.8,13.4,13.3,19.1,34.3,42.8,34.8,9.8,27.1,13.9,8.2,50.1,22.8,55,45.6,66.8,67.5,64.6,39.9
20150702,3,O3,19.4,18.5,20.1,27.5,25.2,47.3,9.3,2,,2,37.6,52.6,16,18.2,41,14.2,,43.3,45.4,19.3,2,2.3,8,71.9,50.3,28.7,269.1,4.1,2,6.3,27.8,2,5.7,7.6,15.1
20150702,3,CO,0.3,0.3,0.3,0.3,0.2,0.2,0.3,0.2,,0.5,0.3,0.3,0.3,0.3,0.2,0.3,,0.2,0.3,0.2,0.3,0.1,0.3,0.1,0.3,0.3,0.1,0.3,0.3,0.3,0.2,0.5,0.3,0.3,0.1
20150702,4,SO2,2,2,2,2,2,2,2,3.9,,5.6,6.1,16.9,9.8,2.1,2,4.5,2,2,13.8,2,2.1,3.1,2,5.7,23.3,2,2,2,2,4.1,2,5.1,5,2,2.7
20150702,4,NO2,42.9,42,55,38.9,29.7,29.3,53.9,65.7,,68,26.4,14,40,47.8,52.2,48.2,,28.8,10.7,31,33.8,40.6,36.1,11.7,23.4,11.3,6.9,57.7,24,43.2,50.9,68.6,66.7,64.6,41.3
20150702,4,O3,23.4,5,3.4,15.3,,45.8,2,,,2,28.2,55.4,11.5,18.5,19,12.7,,36,55.5,2,2,2.4,3.5,66.1,42.9,30,40.5,2,2,,17.4,2,5.1,3.9,22.5
20150702,4,CO,0.2,0.3,0.3,0.3,0.2,0.2,0.3,0.2,,0.5,0.4,0.3,0.3,0.3,0.2,0.3,0.3,0.3,0.3,0.4,0.3,0.1,0.3,0.1,0.4,0.3,0.1,0.3,0.3,0.2,0.3,0.6,0.4,0.3,0.1
20150702,5,SO2,2.2,2,2,2,2.4,2.7,2.1,4,,4.8,9.3,19.9,10.2,4.4,2,5.2,2,6.4,14.9,2,2.1,3.1,2,22.1,17.1,2,2,2,2,3.6,2,6.7,5.8,2.7,8.5
20150702,5,NO2,45.2,46.8,61.1,50.7,46.7,26.9,49.4,52.7,,63.9,15.3,14.6,29.2,44.3,50,63.5,,32.1,8.5,32,26.5,38.5,33.8,17,53.8,,6.6,62,30.1,34.2,57.3,68.6,68.6,73.3,64.9
20150702,5,O3,19,5.5,2,3.7,30.7,45.2,2,2,,2,45.3,55.8,29.7,21.2,16.9,2,2,29.6,58,2,2,2.4,2,60.7,9.4,29.3,37.3,2,2,9,10.7,2,2.5,2,2
20150702,5,CO,0.4,0.4,0.4,0.4,0.2,0.2,0.4,0.3,,0.4,0.3,0.4,0.2,0.4,0.3,0.3,0.3,0.3,0.3,0.4,0.3,0.1,0.3,0.1,0.4,0.3,0.1,0.3,0.3,0.2,0.4,0.7,0.3,0.3,0.3
20150702,6,SO2,3.9,2,3,2,7.2,8.1,3.6,2.6,,4.5,10.5,13.4,11.9,4.6,2,8.7,2,12.1,11,2,2,3.2,2,18.9,15,2,2,2,2,3.3,2.1,6.7,5.8,5.9,14.2
20150702,6,NO2,46,43.9,52.6,50.4,43.9,34.4,38,50.6,,58.4,14.2,17.8,44.7,63.3,52.6,69.3,31.4,32,8.4,30.2,18.6,34.1,32.6,15.1,40,10.4,11.7,59,25.8,25.1,58.7,70.6,69.1,79.4,66.3
20150702,6,O3,14.8,2.9,4.9,2.2,29.8,36.5,7.7,2,,2,51.1,54.1,17.7,4.4,8.7,2,23.5,27.5,62,2.6,3.1,5.3,4.4,63.3,30.7,32.4,28.4,2,2,8.7,12.3,2,2.4,2,2
20150702,6,CO,0.4,0.5,0.5,0.4,0.3,0.2,0.4,0.3,,0.5,0.4,0.3,0.4,0.5,0.4,0.4,0.3,0.5,0.2,0.5,0.3,0.1,0.3,0.1,0.4,0.3,0.1,0.3,0.3,0.2,0.6,0.8,0.7,0.6,0.8
20150702,7,SO2,6.7,4.8,8.5,3.1,11.4,14.5,7.8,4.2,,8.4,3.4,8,10.8,5.8,3.5,6.2,2.2,15,8.2,2,2.4,3.5,6.2,19.9,36.8,2,2,2,2,5.2,3.6,10.5,7.6,12,7
20150702,7,NO2,41.3,61.1,49.6,43.1,37.3,38.4,33.6,59.3,,54.5,12.3,27.3,50.7,58.5,50.9,56.3,41.8,31.2,11.4,22.3,19.5,28.9,27.8,13.9,15.1,7.1,11.6,41.2,22,34,55.1,72.3,63.4,86.4,58.3
20150702,7,O3,19.7,6.9,10.4,14.3,35.8,32.1,16.4,2,,2,53.9,45.8,11.3,10.6,13.9,10.5,24.9,30.8,58,28,5.9,13.1,21,66.1,59.8,38.6,22.7,22,2,13.2,16.1,2,4.7,2,8.1
20150702,7,CO,0.6,0.6,0.6,0.5,0.3,0.3,0.5,0.4,,0.6,0.4,0.4,0.5,0.6,0.5,0.3,0.4,0.4,0.2,0.3,0.3,0.1,0.3,0.1,0.5,0.6,0.1,0.3,0.4,0.3,0.5,0.8,0.6,0.9,0.5
20150702,8,SO2,10.5,8.7,8.8,7,14.7,15.3,8.4,5.8,,11.2,2.8,4.8,8.7,4.4,6.5,8.5,2,15.6,6.5,2,2.4,4.3,10.5,25.3,50.7,2,2,2.4,2.8,9.5,7.2,11,8.9,14.5,11
20150702,8,NO2,30,57.5,44.2,36.3,29.5,39.7,39.9,41.1,,47.3,9.8,45.7,35.1,44,41.5,55.2,35,14.7,10.7,21.2,15.9,27.2,25.5,12.5,16.3,6.6,10.8,39.1,43.6,31.7,52.9,60.5,60.1,94.1,38.6
20150702,8,O3,37.4,18,24.2,36.2,49.8,33.9,18.6,16.2,,6.3,69.5,32.5,39,30.6,31.8,19.5,22,45.6,61.1,42.5,15.5,21.1,22.2,72.4,66.1,47.5,39.6,28.1,2,33.1,27.3,12.2,14.6,2,31.8
20150702,8,CO,0.5,0.6,0.6,0.5,0.4,0.4,0.6,0.4,,0.6,0.3,0.5,0.3,0.5,0.5,0.4,0.4,0.4,0.3,0.3,0.3,0.1,0.4,0.2,0.6,0.6,0.1,0.3,0.5,0.2,0.5,0.7,0.6,0.9,0.3
20150702,9,SO2,15.5,12.3,11.1,7.5,18,18,11.3,8.4,,10.1,3.2,7.1,7.4,2.9,8,12.4,2,14,5.7,2,2.1,3.8,24.8,23.4,43.8,2,2.4,8.1,6.6,10.6,11.8,11.8,15.4,13.3,16.8
20150702,9,NO2,23.1,49.1,35.7,41.6,25.3,26.8,31.8,15.6,,37.3,7.5,41.9,29,31.5,34.2,50.7,22.3,8.6,9.2,12.5,13.4,16.5,22.9,11.7,20,4.9,20.5,40.4,42.5,23.6,42.7,56.4,48.1,85.7,29
20150702,9,O3,51.4,36.4,42.8,39.3,62.8,54.9,42.5,49.5,,27.2,75.5,43.6,48.1,52,48.1,34.3,42.1,58.5,66.6,63.3,29.5,47.7,31.3,77.1,65.1,61,37.6,37.5,14.9,53.5,44.1,35,32.2,6.2,50.1
20150702,9,CO,0.5,0.6,0.5,0.5,0.4,0.4,0.5,0.3,,0.5,0.3,0.5,0.3,0.4,0.4,0.4,0.3,0.3,0.3,0.2,0.3,0.1,0.5,0.2,0.6,0.6,0.2,0.3,0.5,0.2,0.5,0.6,0.5,0.9,0.3
20150702,10,SO2,11.7,14.1,11.4,10.1,7.2,11.4,10.4,10.3,2,11.7,3.1,6.5,8.5,3.1,9.5,12.5,2.8,13.9,5.7,2,2.6,3.2,18.3,15.9,42.2,2,2,7.3,7.7,7.4,13.5,12.6,16.6,15.3,13.2
20150702,10,NO2,20.4,34.1,22.7,31.3,17.9,20.6,17.5,10.8,,36,23,29.6,42.4,33.9,28.9,28.8,20.2,12.1,7,8.5,11.2,9.6,15.8,10.9,22.3,3.4,9.6,29.1,36.1,13.2,33.7,40.7,34.7,90.6,26.3
20150702,10,O3,63.3,62.1,67.3,62.5,84.1,72.5,75.2,58.8,,41.1,62.9,67.6,51.7,59.3,63.8,61.9,53.3,63.6,71.8,78.5,43.7,71.6,50,83.1,68.9,75.9,62.7,57.9,45.3,74.8,63.2,51.4,49.7,15.2,64.7
20150702,10,CO,0.4,0.5,0.4,0.5,0.3,0.3,0.4,0.2,,0.6,0.4,0.4,0.3,0.4,0.4,0.3,0.3,0.3,0.3,0.2,0.3,0.1,0.4,0.1,0.7,0.6,0.1,0.3,0.4,0.1,0.4,0.5,0.4,0.8,0.2
20150702,11,SO2,2.4,5.4,3.5,5.1,2.7,3.4,2.8,11.9,,8.6,2,4.3,,2,6.9,10.9,6.6,6.7,5.4,2,3.9,3.1,8.2,15.4,18.5,2,2,5.2,5.9,6,4.9,7.9,9.9,11.5,6.6
20150702,11,NO2,13.9,28.9,19.4,19.9,12.4,17,9.7,9.8,,30.8,5.9,18.7,35.6,29.3,21.3,27.5,19.1,11.1,6,7,14.5,12.3,11.4,11.1,19.5,2.7,9.2,28.2,16.1,12.1,25.7,27.5,35.3,78.8,25.5
20150702,11,O3,83.1,82.2,82.1,85.6,101.2,90.9,96.4,64.2,,61.6,81.8,88,41.3,76.8,85.8,83,70.7,69.4,74.9,87.7,54.5,81.3,65.5,89.5,82.2,85.1,76.2,69.8,97.4,91.6,82.2,67.4,57.8,35.7,81.1
20150702,11,CO,0.3,0.4,0.4,0.4,0.2,0.2,0.3,0.2,,0.5,0.3,0.3,0.2,0.4,0.3,0.3,0.4,0.3,0.2,0.2,0.4,0.1,0.3,0.1,0.5,0.6,0.1,0.3,0.4,0.1,0.3,0.3,0.4,0.6,0.2
20150702,12,SO2,2,2,2,2,2,3.1,2,15.5,,6,2,2.9,17.8,2,2,6.9,3.5,6.2,5.4,2,3.4,2.9,11.3,7.3,25.3,2,2,4.6,4.2,5.4,2,2.7,7.2,6.8,5.3
20150702,12,NO2,8.6,21.9,14.6,14.2,11.3,13,9.6,12,,17.1,2,11.2,23.2,24,14.8,16.6,12.5,6.7,6.2,7.5,10.8,9.7,6.5,10.8,25,2,8.6,20.2,10.7,8.4,21.4,29.8,31,78.4,11.6
20150702,12,O3,92.9,90.4,88.4,92.3,104.3,100.6,95.2,68.6,,81.7,89.5,90,109.9,93.1,102.6,97.1,72.1,77.9,79.2,101.3,73.1,91.4,85.7,99.8,84.5,89.5,84,97.5,128.1,116.2,87.4,74.5,61.4,41.1,95.1
20150702,12,CO,0.3,0.3,0.3,0.3,0.2,0.2,0.3,0.2,,0.4,0.2,0.2,0.2,0.3,0.2,0.2,0.3,0.3,0.3,0.3,0.3,0.1,0.3,0.1,0.5,0.5,0.1,0.3,0.3,0.1,0.3,0.3,0.3,0.5,0.1
20150702,13,SO2,2.5,2.9,2.9,2,4,2.8,3.8,14,,6.5,2,4.5,3.4,2,2,4.7,2,6.9,6.2,2,2,2.9,2,5.6,11.4,2,2,3.2,3.6,5.1,2.9,3.6,8.2,7,3.9
20150702,13,NO2,8.9,17.7,14.5,11.6,10.7,11.4,11,14.6,,18.3,3.6,10.1,10.8,16,11.1,11.1,9,4.7,6.1,6.7,7.4,7.2,3.9,9.3,31.6,2,6.5,13.3,10.6,5.1,13.7,19.2,29,64.4,9.1
20150702,13,O3,96.6,94.5,90.1,93.7,110.9,101.3,99.2,74.3,,72.7,89.2,98.3,86.1,102.7,103,100.3,86.3,85.6,84.1,109.1,77.4,96,83.3,104.7,79.3,92.7,87,101.1,136.7,129.4,94.9,81.2,66.3,49,100.5
20150702,13,CO,0.3,0.3,0.3,0.3,0.2,0.2,0.3,0.2,,0.4,0.2,0.2,0.1,0.3,0.2,0.2,0.2,0.3,0.3,0.3,0.3,0.1,0.2,0.1,0.4,0.3,0.1,0.2,0.3,0.1,0.3,0.3,0.3,0.4,0.1
20150702,14,SO2,4.7,5.1,5.3,3.9,6.2,5.2,6.1,16.2,,7.8,2.5,5.3,4,2,2,4.5,3.5,2,6.3,2,2,2.7,2,2,3.2,2,2,2,3.7,4.7,4.5,6.4,9.7,11.4,5.8
20150702,14,NO2,8.7,21.8,17.4,10.9,13,11.8,12.6,,,20.7,3.8,10.6,10.7,17,10.5,11,8.9,2.9,7.2,4.5,6,4.3,4.1,6.4,25.2,2.2,6.4,10.3,26.5,,17.9,14.1,38.6,70.4,12.3
20150702,14,O3,102.2,97.4,91.2,100,115.8,109,102.6,78.1,,75.6,92.1,104.3,89.5,94.2,109.6,109.6,92.3,81.9,87.5,97.7,78.3,92.2,85.9,99.3,79.7,98.1,90.9,101.5,135.2,116.5,97.8,94.8,66.4,52.4,106.4
20150702,14,CO,0.3,0.4,0.3,0.3,0.2,0.2,0.3,0.3,,0.4,0.3,0.3,0.1,0.2,0.2,0.2,0.2,0.2,0.3,0.2,0.2,0.1,0.1,0.1,0.3,0.3,0.1,0.2,0.2,0.1,0.3,0.3,0.3,0.4,0.1
20150702,15,SO2,4.1,5.7,5,4.4,5.2,5.9,4,21.3,,6.8,2,5,3.5,2,3.1,4.4,3.2,2,6.2,2,2,2.6,2,2,2,2,2,2,3.9,4.1,4.9,6.4,3.4,12.5,7.1
20150702,15,NO2,9.7,23,18.9,13.5,13.9,14.6,17.3,,,24.5,5.7,12.1,12.9,20,10.6,13.2,10.4,5.3,9.6,6.1,5.8,5.6,5.1,6.1,22.2,2,6.3,11.1,24,5.6,25.9,21.8,33.1,66.6,12.9
20150702,15,O3,103.8,97.9,93.2,102.4,116.6,107.9,97.2,75.4,,72.4,97.5,102.3,91.6,97.4,113.4,118.8,99.9,79,87.8,108.7,72.8,93.6,88.5,101.9,86.4,101.4,92.9,109.2,109.3,100.1,93.7,93.7,70,60.7,109.2
20150702,15,CO,0.3,0.3,0.3,0.3,0.2,0.2,0.3,0.2,,0.4,0.3,0.2,0.1,0.3,0.2,0.2,0.2,0.2,0.3,0.2,0.2,0.1,0.2,0.1,0.3,0.4,0.1,0.2,0.2,0.1,0.3,0.3,0.3,0.4,0.1
20150702,16,SO2,2,2.6,2,2,2,2,2,15.5,,5.3,2.2,3.1,4.1,2,2,3.3,2.5,2,5.6,2,2,2.7,2,2,2,2,2,2.7,4,5.1,2.3,3.8,7.3,11.4,2.9
20150702,16,NO2,10.6,25.4,19.1,14.5,13,14.1,13.8,26.9,,24.5,7.1,12.1,13.9,20,11.9,12.8,10.5,4.8,11.5,7.5,7.1,7.2,3,6.3,17.9,2,6.3,13.3,21.5,6.1,23.6,22.2,34.6,69.2,15
20150702,16,O3,100.5,94.4,89.4,95.9,109.5,103.4,98.8,74.6,,71.6,99.2,103.1,92.4,98.8,115.1,125.3,93.8,81.6,84.6,110.5,71.2,96,94.5,104.7,95.6,102.3,93.5,119.7,97.8,104.6,93.9,86.4,68.4,52.7,100.4
20150702,16,CO,0.2,0.3,0.3,0.2,0.1,0.1,0.3,0.1,,0.3,0.2,0.2,0.1,0.3,0.2,0.2,0.2,0.2,0.3,0.2,0.2,0.1,0.2,0.1,0.3,0.6,0.1,0.2,0.2,0.1,0.3,0.3,0.3,0.3,0.1
20150702,17,SO2,2,2,2,2,2,2,2,19.3,,4.3,2,2.1,3,2,2,2,2.3,2,5.1,2,2,2.5,2,2,2,2,2,3.1,3.9,7.5,2,2.4,7.3,10.9,2
20150702,17,NO2,12.2,32.2,19.2,15.7,14.8,15.3,15.5,35,,35.7,8,14.1,14.4,22.5,13.1,17.5,14.3,7.4,5.9,7.2,8.1,8.5,3.8,6.3,10.7,2.3,6.6,10.9,24.8,8.6,26.2,39.3,38.6,84.2,14.1
20150702,17,O3,96.9,85.7,91.4,93.7,107.6,99.4,100.4,76.3,,57.2,94.4,96.7,90.7,95.9,114.6,117.4,78.6,80.8,88.3,105.6,75.1,96.1,92.9,109.1,105.2,100.9,84,132.8,103.6,108.2,90.5,71.3,65.5,38.4,100.3
20150702,17,CO,0.3,0.3,0.2,0.2,0.1,0.1,0.2,0.2,,0.4,0.2,0.2,0.1,0.2,0.2,0.2,0.2,0.2,0.2,0.2,0.2,0.1,0.2,0.1,0.2,0.7,0.1,0.2,0.2,0.1,0.2,0.2,0.3,0.4,0.1
20150702,18,SO2,2,2,2,2,2,2,2,7.4,,4.2,2,2.2,2.8,2,2,2,2.1,2,4.7,2,2,2.5,2,2,2,2,2,2,3.6,6,2,2,7.3,11.7,2
20150702,18,NO2,13.7,35.4,28.6,17.2,18.8,16.3,15.5,35.4,,37.5,12.5,16.6,18.2,26.3,21.7,18.5,20.6,11.2,9.7,12.3,7.9,8.6,7.6,6.4,13.9,2.3,9.7,12.4,31.1,9.1,27.6,41.2,50.6,92.9,27.1
20150702,18,O3,96,81.6,82.2,94.4,104.4,98.9,101.6,77.1,,58.4,89.8,97.7,82.7,90.7,100.8,106.6,73.8,78.7,85.9,94.2,74,95.2,89,108.7,100.4,101.1,75.5,138.4,112.6,100.8,88,68.6,53.3,32.6,88.8
20150702,18,CO,0.3,0.3,0.3,0.2,0.1,0.1,0.2,0.2,,0.4,0.2,0.2,0.1,0.2,0.2,0.2,0.2,0.2,0.2,0.2,0.2,0.1,0.2,0.1,0.2,0.6,0.1,0.2,0.3,0.1,0.2,0.3,0.4,0.4,0.2
20150702,19,SO2,2,2,2,2,2,2,2,2,,3.7,2,2.2,2.7,2,2,2,2.4,2,4.7,2,2,2.7,2,2,2,2,2.6,2,2.7,6.3,2,2,4.2,12.2,2
20150702,19,NO2,21.7,39.8,36.5,20.3,23.5,25.4,20.7,35.7,,34.3,19,16.2,17.6,30.5,24.4,20.8,27.9,10.2,11.4,21.8,9.1,11.4,8,6.4,6.4,2.6,10,18.8,19.4,13.1,39.4,47.6,39.9,110.2,53.6
20150702,19,O3,82.9,77.3,72.9,88.9,98.5,88.5,92.4,74.4,,64.1,83.9,98.9,83.6,87,97,90.8,64.3,76.3,86.3,80.5,68.5,89,85,104.6,104.8,94,71.8,118.9,93,93.5,76.3,60.5,62.2,19.5,66.9
20150702,19,CO,0.3,0.4,0.3,0.2,0.1,0.2,0.3,0.1,,0.3,0.2,0.2,0.1,0.3,0.2,0.2,0.2,0.2,0.1,0.2,0.2,0.1,0.1,0.1,0.2,0.7,0.1,0.2,0.3,0.1,0.2,0.3,0.3,0.5,0.3
20150702,20,SO2,2,2,2,2,2,2,2,2,,3.9,2,2.5,3,2,2,2,2.5,2,4.5,2,2,2.9,2,2,2,2,6.4,2,2,4.5,2,2.4,4.6,8.8,2.9
20150702,20,NO2,35,50.1,38.3,28.6,40.2,35.6,39.8,42.3,,48.8,22.5,25.3,30.3,51,49.2,39.6,40.6,12.3,26,12.8,10.8,12.2,14.8,6.7,7.7,3.2,11.8,29.1,12.5,23.8,34.1,61,34.8,104.1,90.3
20150702,20,O3,64.4,56.9,64.2,70.6,73.9,71.1,60,57,,42.1,71.8,88.2,64.8,63.2,62.4,63.4,49,69,67.2,83.9,59.7,83.4,71.9,96.4,96.7,87.1,68.1,91.1,78.3,69.2,72.8,39.4,60.5,17,23
20150702,20,CO,0.4,0.5,0.3,0.3,0.3,0.2,0.3,0.2,,0.4,0.2,0.3,0.2,0.3,0.3,0.2,0.2,0.2,0.1,0.2,0.2,0.1,0.2,0.1,0.2,0.7,0.2,0.2,0.5,0.1,0.3,0.3,0.3,0.4,0.6
20150702,21,SO2,2,2,2,2,2,2,2,2,,4.4,2,2.4,3.3,2,2,2,2.2,2,5.2,2,2,3.2,2,2,2.9,2,2,2,2,4.7,2,6,7,8.1,5
20150702,21,NO2,52,47.3,68.6,46.3,73.6,61.1,80.1,64.7,,86,30.9,28.9,46.1,83.4,88.7,65.6,31.7,16.2,47.1,21.9,17.6,25.8,16.5,7.5,48.4,9.4,5.8,38.7,14.9,46.9,96.4,92.2,66.4,107,100.3
20150702,21,O3,41.9,43.9,20.6,32.9,30.8,39.2,2.8,19.4,,2,61.8,73.8,46.8,25.7,14.9,30.3,47.9,59.3,34.8,62,42.9,59.4,64.6,85.2,28.4,66.1,63.2,44.4,47.6,34.8,21.9,2.8,25.3,3.1,2
20150702,21,CO,0.7,0.5,0.6,0.5,0.6,0.3,0.6,0.2,,0.5,0.3,0.3,0.3,0.5,0.4,0.3,0.2,0.3,0.2,0.3,0.3,0.1,0.2,0.1,0.3,0.7,0.1,0.3,0.4,0.2,0.7,0.8,0.8,0.7,0.8
20150702,22,SO2,2,2,2.1,2,2,2,2,2,,5.3,2,2.8,3.6,2,2,2.5,3.8,2,5.2,2,2,3.8,2,2,2,2,2,2,2,6.3,3.1,17.2,8.9,4.9,5.8
20150702,22,NO2,78.3,65,83,54.3,94.5,74.8,64.3,87.4,,91.2,25.8,37.5,51,106.2,96.2,68.1,37.7,27.4,54.3,35.2,15,57.2,43.1,10.8,26.7,6.5,4.2,44.1,17.8,67.9,99,118.7,92.5,108,90.6
20150702,22,O3,13.2,11.8,2,16.2,4.6,18,11.7,2,,2,65.9,57.8,32,2,6.2,20.7,34.2,44.6,13.1,39,33.5,17.6,23.8,69.5,49.6,60.8,61.2,26.3,27.9,13.6,11.6,2,2.4,2,2
20150702,22,CO,1,0.7,1,0.6,0.9,0.4,0.6,0.3,,0.7,0.2,0.5,0.3,0.9,0.6,0.3,0.2,0.3,0.3,0.4,0.3,0.2,0.3,0.1,0.2,0.7,0.1,0.3,0.3,0.3,1.1,1.5,1.6,0.8,1
20150702,23,SO2,2,2,2.5,2,2,2.7,2,2,,5.3,2,4,8.2,2,2.4,4.9,5.7,2,5.5,2,2,4.2,2,2,2,2,2,2,2,6.1,3.9,18.2,9,6.1,3.2
20150702,23,NO2,89.2,69.3,83.8,70,88.6,89,77,92.5,,87.6,21.2,56.1,67,104.8,93.4,83.8,41.1,21.4,54.1,31.1,11.5,66.8,57.5,17.4,13.9,5.2,12.3,56.6,21.1,79.1,101.7,120,91.2,106.8,81.1
20150702,23,O3,2.4,4.3,2,2,3.2,3.7,2,2,,2,67,33.3,12.9,2,4.9,2,26.8,45.6,12.7,40.4,32.2,4.4,2,57.5,63.8,60.7,60.3,2,24.1,3,10.6,2,2,2,2
20150702,23,CO,1.3,0.7,1.1,0.7,0.6,0.8,0.7,0.3,,0.7,0.2,0.6,0.4,1.1,0.6,0.4,0.2,0.3,0.2,0.3,0.2,0.1,0.3,0.1,0.2,0.7,0.3,0.4,0.6,0.2,1,1.6,1.1,1.1,0.6
20150702,0,PM2.5,8,7.9,9.2,4.5,6.4,13.2,7.4,16.7,,3,,6.3,5.6,9.5,3,3.4,8.5,7.1,9.1,15.1,3.1,9.9,5.4,3,3,3,9.2,7.2,12.3,7.8,5.8,9.6,8.9,9.7,3
20150702,0,PM10,17.7,24.5,13.5,21.4,7.6,,27.9,20.9,,5,19.1,20.8,16.6,,11.3,17.4,12.4,,11.9,39.3,5,35.3,30.2,5,5,5,,14.2,,29.9,12.3,27.8,24.3,19.7,11.5
20150702,0,AQI,40,40,46,43,54,48,48,36,,54,38,50,53,45,52,49,33,30,35,43,29,30,25,22,25,20,21,39,43,56,52,40,53,55,49
20150702,1,PM2.5,5.8,11.4,7.4,5.9,9.3,5.5,5.1,17.5,,7.1,,6.5,10.7,10,3.1,6.7,10.7,4.9,6.3,16.6,3.2,4.1,10,4.3,6.8,6.5,8.6,10.3,12.4,11.9,9.8,7.1,3,4.8,3
20150702,1,PM10,12.7,21.2,,18.3,,,11.6,43.4,,54,13.5,11.1,19.4,27.5,10,20.2,14.6,5,15.1,,5,42.4,19.6,5,,,,15.7,,17.3,10.5,22.2,13.1,10.8,9.6
20150702,1,AQI,39,39,45,42,51,48,46,36,,54,36,47,52,45,51,48,30,28,34,44,27,30,24,26,25,20,21,38,43,55,50,38,51,52,46
20150702,2,PM2.5,7.1,3.9,9.7,3,5.8,7.2,11.1,10,,14.2,,6.5,6,9.3,6.2,8.6,3.6,5.6,7.2,16.9,13.9,6.1,12.2,3.8,13,4.4,5.9,9.4,7.4,19,11.2,7,4.4,8.6,3
20150702,2,PM10,9.6,21,,16.6,11.9,9.3,,23.3,,84.1,18.7,22.4,,21.9,,30.5,5,9.8,12.9,,40.5,22.5,21.5,6.3,17.6,12.7,,23.3,,,,18.7,5,18.1,12.3
20150702,2,AQI,37,39,45,40,47,45,45,34,,54,35,44,52,44,51,47,28,27,33,43,29,29,24,25,33,20,21,38,43,55,49,37,48,48,43
20150702,3,PM2.5,7.4,3,9.2,4,5.9,7.4,16.8,12.1,,7.7,,7.1,11.8,14.2,4.5,10.7,9.4,3,9.7,12.7,11.6,11.3,10.6,3,8.3,12,8.3,13.1,4.4,17.7,5,8.9,7,10.1,3
20150702,3,PM10,11.4,15.4,12,12.5,7.7,,24.7,21.2,,49.9,8.6,,14.5,,12.6,24.5,,8.3,,20.9,24.3,26.3,11.2,7.7,,,,26.2,5,,9.2,29.1,28.2,10.9,14.8
20150702,3,AQI,35,38,42,39,45,44,43,33,,53,33,44,51,45,50,45,27,26,34,43,29,29,23,23,25,20,135,37,40,55,47,36,44,44,39
20150702,4,PM2.5,5.9,3,13.3,6.8,3,7.8,12.5,18.4,,13.1,,4.5,12.2,5.6,6.1,14.3,9.8,3,5.8,27,14.3,10.9,11.3,6.1,17.1,8.8,3.3,9.8,6.5,14.8,5.5,6.1,3,7.6,3
20150702,4,PM10,14,13.6,16.2,16.6,5.1,,16.6,42,,54.4,31.3,9.7,13.5,21.2,11.9,32.5,25.5,9.9,,52.1,18.3,27.2,,15.7,,10.8,5,27.3,,37.6,22.1,34,29.3,19.5,15.9
20150702,4,AQI,32,36,37,38,40,43,40,33,,51,34,40,50,44,48,44,27,25,34,44,29,28,23,21,25,19,20,37,40,54,45,35,42,40,34
20150702,5,PM2.5,6.7,3.5,10.3,3.9,6.2,4.9,13.9,19.3,,8.2,,3.5,10.2,8.9,6.4,17.4,6.9,6.9,3.1,22.8,8.9,9.5,10.7,3.5,13.1,3,9.5,14.7,7,9.9,3.8,17.8,7.8,7.2,3
20150702,5,PM10,16.6,18.6,18,20.2,11.4,7.8,29.2,32.9,,56.7,5,10,,9.8,33.7,30.3,14.1,20,5,25,12,24.1,14.2,17.2,,9.2,,30,8.7,15.1,5,53.4,33.4,34.3,61.1
20150702,5,AQI,30,35,34,37,37,38,39,32,,51,35,38,49,41,46,40,26,24,33,43,28,28,23,19,27,18,20,35,37,52,44,35,40,39,33
20150702,6,PM2.5,9.8,6.3,14.1,9.2,7.8,10.2,6.2,15,,13.6,,3.9,20.6,10.2,10,15.7,10,5.8,3,21.6,11.8,10.7,15.6,6.5,8.7,3.9,9.5,10.3,8.5,9.1,8.9,16.2,9.2,11.6,12.2
20150702,6,PM10,30.9,23.6,30.3,38.6,20.9,19.1,28.3,32.9,,60.4,17.8,17.9,33.4,31.9,68.8,38.2,,25.5,9.9,32.9,,28,38.7,8.7,,33.6,9.7,29.5,16.1,35.9,58.9,58.8,72,84.5,108.9
20150702,6,AQI,28,34,33,37,36,36,36,32,,52,33,36,48,38,44,39,26,24,31,43,28,28,24,20,24,19,19,34,36,47,44,36,41,40,35
20150702,7,PM2.5,11.9,9.5,18.1,5.9,7.5,6.3,14.3,24.3,,8.5,,5.4,16.4,12.6,9.4,10.8,20.5,5.1,7.6,20.7,8.7,9.6,13.6,3,7.7,5.2,6.6,11.6,6.8,24,11.9,19.1,6.6,19.9,3
20150702,7,PM10,33.2,36.9,41.4,32.5,36,20.6,29.3,55.1,,65.7,25.4,28.5,32.2,37.8,32.4,43.9,38.1,20.2,,,26.5,33.3,14.3,13,,32.7,22.3,28.1,45.8,48.9,14.1,70.8,52.2,92.9,59.9
20150702,7,AQI,28,34,32,37,35,34,35,31,,51,30,34,47,37,42,37,26,23,29,42,27,27,21,21,24,19,19,32,35,42,44,37,40,44,35
20150702,8,PM2.5,8.9,10.7,15.3,7.5,5.2,10.8,11.8,22.8,,9.1,,12.9,8.1,9.7,8.2,16.2,16.7,4.1,3.8,18.9,13,12.7,17.5,7.4,13.8,6.2,7.9,12.2,12.4,26.6,10.7,9.6,12.4,14.9,3
20150702,8,PM10,23.3,36,36.7,23,34.5,28.2,44.9,45,,30.7,5,50.2,,30.3,,62.8,43.1,16.2,5,47.4,34.7,46.8,35.7,14.1,,11.6,,33.7,41.4,,22,46.9,34.6,56.4,26.7
20150702,8,AQI,27,34,31,36,34,32,33,31,,50,29,33,46,34,39,37,26,21,26,39,26,27,22,23,23,18,17,30,35,41,42,34,39,48,34
20150702,9,PM2.5,8.9,9.6,10.1,12.8,6.2,14.7,19.9,10.9,,6,3,8.5,9.8,9,6.2,13.5,18.1,19.5,3,13,12.2,7.6,21.4,3,11.3,3,11.4,11.8,9.1,13.3,14,11.1,8.8,14.2,3
20150702,9,PM10,27.1,29.6,25.5,30,27.7,22.1,25.4,,,12.2,12.6,38.7,,13.1,28.8,50.2,,,5,,33.4,,35.3,12.4,25.9,5,23.9,26.9,20.1,21.7,36.6,29,29.6,49.3,5
20150702,9,AQI,26,34,30,36,32,30,32,30,,48,24,33,46,33,39,36,25,21,23,37,25,27,23,25,22,20,18,29,32,38,41,33,38,43,32
20150702,10,PM2.5,7.4,8.3,7.3,5.6,6.8,9.8,16.2,3.8,45.2,5.7,6,6.8,13.8,8.2,11.2,8.6,18.9,9.4,4,12.7,8,3,14.2,8.9,16,3,3.6,8.1,9.7,12.7,13.1,15.1,8.5,16.3,3
20150702,10,PM10,17.6,21.9,13.7,28.1,,21.4,,5,,50.3,30.8,15.7,61.7,24.2,23.2,22.7,,13.3,5,,22.1,5,,,23.8,5,5,26,,,,21.6,20.4,35.7,5
20150702,10,AQI,25,33,29,35,32,30,32,28,,48,21,32,47,32,38,35,25,21,23,37,25,26,23,26,22,24,20,29,32,37,41,33,37,46,30
20150702,11,PM2.5,3,8.9,7.1,3,3,13.2,12.4,3,12.4,4,3,3,11.1,7.5,8.8,8.7,4.4,3.4,3,10.8,6.8,3,10.2,8.9,10.1,6,8,10,7,7.5,9.9,8.6,13.3,10.3,3
20150702,11,PM10,5,15.7,,15.1,5,,,5,,6.5,5,13.4,,9,,32.5,8.7,10.9,5,,17.4,5,11.6,,10.3,9.2,15.4,25.8,,9.3,,10,,28.1,53.1
20150702,11,AQI,26,32,29,35,32,30,32,27,,46,26,31,47,31,39,35,24,22,24,37,25,26,22,28,26,27,24,29,32,35,41,33,38,41,30
20150702,12,PM2.5,7.4,10.2,10.5,7.1,7.8,8.3,3,3.7,16.1,5.6,3,3,5.6,3,4.7,4.3,3,14.5,7.2,12.3,16.8,16.2,16.1,6.5,11.8,4.8,3,12,10.9,5.5,9.7,3,5.5,16.1,8.6
20150702,12,PM10,,11.7,,9.1,,,5,5,,,5,5,,12.6,5,6,5,,,65.3,17.1,,,21.1,19.9,5,5,22.5,,12,,8.4,,,
20150702,12,AQI,30,32,29,34,33,32,31,27,,47,28,30,51,31,37,35,23,25,25,40,24,29,27,32,27,28,27,31,41,37,41,32,38,42,30
20150702,13,PM2.5,8.6,4,15.7,5.1,10.6,11.6,4.5,9.7,9.5,6.1,3,4.5,13.2,28.2,6.9,8.3,3.4,3,9.8,6.6,13.1,10.9,12.1,9.5,15,5.1,10.8,7.3,5.6,9,9.8,3.4,10.5,16.7,5.8
20150702,13,PM10,16.9,9.3,,6.4,11,,5.3,,9.8,,9.4,21.1,,,,19.7,11.1,5,,,,,,,,32.4,,16.8,,15.3,,11,,,30
20150702,13,AQI,31,30,29,30,35,32,31,27,30,49,28,31,53,33,37,34,27,27,27,41,25,30,27,33,25,29,28,32,43,41,42,32,39,42,32
20150702,14,PM2.5,6.5,8.4,8.7,7.6,14.4,15.9,20.6,10,10.7,6.2,6.5,5.4,3,19.4,9.4,9,3,16.9,14.2,12.2,3,3,8.4,3,14.7,6,3,7.9,5.2,15.4,11,9.8,10.1,20.2,11.9
20150702,14,PM10,15.3,14.6,10.8,9.7,,16.7,,,,18.7,11.4,17.1,7.8,,27.1,13,5,,,,5,5,,5,,,5,13.9,6.6,,24,14.8,27.2,24.7,
20150702,14,AQI,32,31,29,32,37,35,33,27,27,48,29,33,51,33,37,35,29,26,28,43,25,29,27,32,25,31,29,32,43,37,41,32,39,42,34
20150702,15,PM2.5,7.8,10.8,10.7,9.1,8.6,7,6.3,6.7,5.1,5.7,7.1,6.7,7,14.5,7.5,5,3,7,8.6,11.7,18.1,3,6.3,3,4.2,3,3,11.3,6.4,7.1,14.6,8.3,13.6,16.8,9.4
20150702,15,PM10,11.1,17.4,,15,15.4,10.5,8.9,,9.3,,8.3,11.7,,,18.2,22,5,8.1,,64.1,,5,,5,5,23.2,5,16.6,,,36.1,23.8,,,11.9
20150702,15,AQI,33,31,30,32,37,34,31,28,24,49,31,32,52,33,37,38,32,25,28,46,24,30,28,32,27,32,30,35,35,36,42,32,40,42,35
20150702,16,PM2.5,7.3,3.7,14.6,4.8,3,12.5,8.8,5.4,,3.1,4.2,4.5,11.7,4.7,7.3,10.1,3.3,12.3,4.8,8.3,3,16.2,14.9,4.1,5.1,3,5.6,7.4,9.5,9.4,11.3,8.9,7.5,17.3,6.5
20150702,16,PM10,,12.8,,11.2,5,,,,,5,11.2,7.5,,5,,,5,,5,,5,,,5,,5,6.2,17.1,19.6,10.4,,10.8,,,
20150702,16,AQI,32,30,29,30,35,33,32,28,24,47,31,33,52,31,38,40,30,26,27,48,23,30,30,33,30,32,30,38,31,34,43,31,40,43,32
20150702,17,PM2.5,3,12.4,7.5,3.2,3,4.9,3,3,,5.7,3,3,11.1,3,4,11.5,3,28.4,3,9.4,3,17.1,3,3,8.3,4.6,5.2,7.7,10.5,3,6.1,3,13.4,15.2,3
20150702,17,PM10,11.5,,,5.6,5,8.9,5.6,5.1,34.9,11.7,5,10.7,,6.3,5,11.7,10.4,,5,,5.5,,5,5,,12.7,,25.1,15.4,14.7,9.5,11.4,,21,5
20150702,17,AQI,31,27,29,30,34,32,32,26,24,47,30,31,53,31,37,37,25,26,28,47,24,31,30,35,33,32,27,42,33,34,41,31,39,43,32
20150702,18,PM2.5,3,3,10.7,3,6.8,3,3,3,,5.9,4.9,4,8.5,11.6,4,7.2,13,7.6,7.1,10.4,3,10.1,3,3,3,5.7,17.3,10.9,9.3,15.2,5.2,3.7,10.3,13.9,3
20150702,18,PM10,7,14.3,,11.2,,5,5,12.1,23.3,,11.4,17,,,5,18.7,,,9.4,,9.2,10.4,5,15.3,5,14.9,22.5,19.9,16.2,,,17.8,,31.3,37.8
20150702,18,AQI,30,26,26,30,33,31,32,25,24,33,29,31,26,29,32,34,24,25,27,40,24,30,28,34,32,32,24,44,36,32,28,27,29,47,28
20150702,19,PM2.5,5.2,7.6,9.2,5.1,4.8,14,12.7,3,,5.3,4.3,4.8,6.9,3,6.3,5.4,6.8,11.6,3,3.6,8.2,3,3,3,6.9,5,16.6,6.8,3,12.9,10.5,3.9,5.5,18.4,3
20150702,19,PM10,19,22.5,,16.1,14.3,18.9,15.7,15.7,19,,25.6,15.7,12.9,13,,25.6,11.4,,6.8,63.6,,31.2,11.5,9.7,11.3,18.3,,26.5,54.7,22.2,23.9,22.4,7,28.7,62.2
20150702,19,AQI,26,25,23,28,31,28,29,25,24,33,27,31,27,28,31,29,21,24,27,44,22,28,27,33,33,30,23,38,30,30,24,27,27,56,29
20150702,20,PM2.5,10.2,12.9,13.4,5.7,7.4,10.3,3,24.6,,5.9,7.7,6.3,11.5,3,7.7,9,11.4,3,3,10.9,7.4,6.5,7.5,3,3,4.8,5.9,10.1,10,53.8,22.4,166.9,6,15.5,3
20150702,20,PM10,37.5,28.2,16.9,27.5,28.8,28,29,26.4,14.3,42.4,23.2,27.5,22.1,28.7,72.8,37.5,26,12.1,35,,20.7,21.7,,17.2,12.5,13.1,19.4,35.9,,97.9,138.4,,28.2,42.7,49.6
20150702,20,AQI,21,26,21,23,24,23,20,26,24,33,23,28,22,26,25,28,21,22,21,46,19,27,23,31,31,28,22,29,25,28,27,31,27,53,46
20150702,21,PM2.5,15.2,11.5,19.8,18.9,15.5,13.9,25.1,3,,12.3,7.8,7.9,20.2,10.5,11.2,12.4,10.7,3,13.6,11.8,9.7,6.1,3,3.5,12.1,5.4,3,20.1,7.4,3,28.5,21.8,13.5,17.9,12.3
20150702,21,PM10,51.2,39.8,56.9,56.5,46.6,32.5,69.2,45.3,19.6,65.9,28.2,29,27.1,36.2,51.6,60.3,37.9,21.1,45.1,117.1,35.3,47.3,54,31.9,53.6,25.8,19.7,50.5,35.2,54.1,113,70.5,79.7,69.3,61
20150702,21,AQI,26,24,35,24,37,31,41,33,24,43,20,24,24,42,45,33,17,19,24,50,19,26,22,27,25,21,20,26,24,30,49,47,34,54,51
20150702,22,PM2.5,21.3,14,24.2,24.6,21.2,13.8,24.5,27.3,,15.9,4.4,8.6,16.7,22.1,16.1,11.2,13.6,12.2,12,17.8,5.5,12.4,11.6,3.7,3,3,4.6,15.9,11.9,13.5,39.2,48.5,22.9,25.4,20.8
20150702,22,PM10,58.9,43.9,61.2,45.6,48.6,40.7,85.6,67.3,15.4,102.9,18.6,35.6,41.8,72.8,92.3,58.3,37.2,31.5,57.8,54.7,18.6,89.2,55.7,28.3,7.6,7.3,16.3,43.8,,93.3,99.9,150.2,96.9,64.2,75.5
20150702,22,AQI,40,33,42,28,48,38,33,44,24,46,21,21,26,54,49,35,19,15,28,51,19,29,25,22,16,19,20,26,24,34,50,60,47,54,46
20150702,23,PM2.5,37.7,14.4,29.2,18,19.7,19,4.4,36.8,,10.9,3,22.9,28.2,24,22.6,19.4,12.5,6.1,5.9,12.9,12.5,26.3,55,3.9,6.2,5.2,3,53.7,11.8,23.6,36.7,45.7,24,28.4,20.6
20150702,23,PM10,73.1,41.5,55.7,35.5,47.4,48.8,46.1,96.2,9.5,132.2,18.9,63.1,65.9,93.9,112.6,74.1,40.4,19.7,38.5,41,,44.2,88.3,23.2,,8,32.8,62.3,,86.7,80,134.5,76.9,55.1,74.4
20150702,23,AQI,45,35,42,35,45,45,39,47,24,48,21,29,34,53,47,42,21,15,28,51,19,34,29,18,20,19,19,29,24,40,51,60,46,54,41
