date,hour,type,dongsi,tiantan,guanyuan,wanshouxigong,aotizhongxing,nongzhanguan,wanliu,beibuxingqu,zhiwuyuan,fentaihuayuan,yungang,gucheng,fangshan,daxing,yizhuang,tongzhou,shunyi,changping,mengtougou,pinggu,huairou,miyun,yanqing,dingling,badaling,miyunshuiku,donggaocun,yongledian,yufa,liulihe,qianmeng,yongdingmengxi,xizhimengbei,nansanhuan,dongsihuan
20150719,0,SO2,2,2,2,2,2,2,2,2,,5,2,2,2,2,2,2,2,2,,3,2,2,2,2,,2,,2,,,2,2,3,4,2
20150719,0,NO2,42,42,34,43,67,37,42,9,,53,16,49,30,100,116,55,15,29,,22,8,32,14,9,,8,,58,7,,55,75,60,87,82
20150719,0,O3,71,47,37,54,102,85,78,35,,71,60,56,73,2,5,33,87,58,,96,110,50,103,66,,68,,8,33,,62,18,60,27,35
20150719,0,CO,1,1,0.9,0.9,0.8,0.9,0.8,0.6,,1,0.9,0.6,0.8,1.8,1.3,0.7,0.9,0.5,,1.1,0.8,1,0.5,0.3,,0.9,,0.9,0.7,,0.9,0.9,0.8,1,0.8
20150719,1,SO2,2,2,2,2,2,2,2,2,,4,2,2,2,2,2,2,2,2,,4,2,2,2,2,,2,,2,,,2,2,5,4,3
20150719,1,NO2,49,46,45,39,68,41,39,7,,58,17,45,26,82,106,53,14,22,,22,5,5,11,14,,6,,64,,,62,85,56,90,102
20150719,1,O3,53,31,27,48,76,63,69,26,,56,50,42,66,2,7,25,91,47,,91,106,110,90,54,,99,,2,,,40,2,47,13,2
20150719,1,CO,1.1,1,0.9,1,0.8,1,0.8,0.6,,1,0.9,0.6,0.8,1.5,1.1,0.8,0.9,0.6,,0.9,0.8,1,0.6,0.3,,0.9,,0.9,,,0.9,1.1,0.9,1,0.9
20150719,2,SO2,2,2,2,2,2,2,2,2,,5,2,2,2,2,2,2,2,2,,4,2,2,2,2,,2,,2,,,3,2,5,3,3
20150719,2,NO2,45,53,50,46,69,64,34,9,,54,16,43,40,70,62,59,13,7,,15,9,3,10,13,,4,,36,,,73,61,50,88,107
20150719,2,O3,50,32,18,36,69,26,78,12,,48,33,33,39,4,31,11,85,50,,91,86,113,86,51,,115,,29,,,22,4,50,9,2
20150719,2,CO,1.1,1.1,0.9,1,0.8,1.1,0.8,0.7,,1,1,0.6,0.8,1.2,1,0.8,0.9,0.6,,0.9,0.7,0.9,0.5,0.3,,0.9,,1.3,,,1,1.1,0.8,1,0.9
20150719,3,SO2,2,2,2,2,2,2,2,2,,4,2,2,2,2,2,3,2,2,,4,2,2,2,2,,2,,2,,,2,2,9,2,2
20150719,3,NO2,58,55,52,49,66,65,40,10,,55,30,37,52,58,67,28,14,9,,13,8,4,13,24,,3,,32,,,83,53,44,54,89
20150719,3,O3,27,32,11,28,52,22,58,11,,34,22,40,21,4,14,69,72,44,,93,94,112,81,36,,119,,33,,,12,12,49,24,3
20150719,3,CO,1.1,1.1,0.9,1.1,0.9,1,0.8,0.7,,1.1,1,0.3,0.9,1.2,1.1,0.6,0.8,0.6,,0.9,0.7,0.7,0.6,0.4,,0.6,,1.3,,,1,1,1,0.9,0.9
20150719,4,SO2,2,2,2,2,2,2,2,2,,4,2,2,2,2,2,3,2,2,,4,2,2,2,2,,2,,2,,,2,2,3,3,3
20150719,4,NO2,57,60,40,40,64,64,36,13,,49,29,26,52,59,84,34,15,14,,13,5,2,16,12,,4,,53,,,56,61,60,74,79
20150719,4,O3,20,16,22,36,44,11,,15,,28,22,72,14,2,5,31,74,29,,90,106,112,65,33,,104,,4,,,16,16,16,16,2
20150719,4,CO,1.1,1.2,0.9,1.1,0.9,1.1,0.8,0.7,,1.1,1,0.3,0.9,1.3,1.1,0.7,0.8,0.6,,1,0.7,0.7,0.6,0.4,,0.7,,1.2,,,1,1.1,1.1,1,0.8
20150719,5,SO2,2,2,2,2,2,2,2,2,,4,2,2,2,2,2,3,2,2,,3,2,2,2,2,,2,,2,,,2,2,5,3,3
20150719,5,NO2,57,54,45,44,71,47,31,8,,53,19,29,49,69,70,35,13,29,,13,7,3,14,11,,3,,46,,,62,57,53,67,84
20150719,5,O3,18,15,5,27,29,20,40,17,,43,31,57,12,2,6,17,76,18,,78,96,119,68,40,,107,,2,,,11,3,7,7,2
20150719,5,CO,1.1,1.1,0.9,1.1,0.9,1,0.8,0.8,,1.1,1,0.4,0.9,1.3,1.1,0.8,0.8,0.7,,1,0.8,0.7,0.7,0.4,,0.7,,0.7,,,1.1,1.2,1.2,1,0.8
20150719,6,SO2,2,2,2,2,2,2,2,2,,4,2,2,2,2,2,3,2,2,,4,2,2,2,2,,2,,2,,,,2,6,5,3
20150719,6,NO2,50,58,44,47,38,58,36,11,,49,18,28,40,63,95,38,11,64,,15,7,10,14,58,,3,,40,,,,69,59,83,77
20150719,6,O3,19,12,2,20,74,10,35,15,,38,35,61,26,2,5,18,77,2,,76,95,99,68,5,,103,,6,,,,2,2,4,2
20150719,6,CO,1,1.1,1,1.1,0.8,1,0.9,0.8,,1.1,1,0.4,0.8,1.4,1,0.6,0.8,0.8,,1.2,0.7,0.7,0.7,0.4,,0.6,,0.5,,,,1.2,1.1,1.1,0.8
20150719,7,SO2,2,2,2,2,2,2,2,2,,4,2,2,2,2,2,4,2,2,,5,2,2,2,2,,2,,2,,,2,3,4,9,2
20150719,7,NO2,39,65,43,49,46,48,33,11,,52,19,33,32,53,76,44,27,49,,26,7,6,38,50,,3,,38,31,,51,70,58,95,73
20150719,7,O3,26,6,2,14,65,20,48,24,,23,29,54,33,2,7,14,63,7,,60,96,103,45,11,,91,,9,2,,14,2,8,2,4
20150719,7,CO,1,1.2,1,1.1,0.8,1,0.9,0.8,,1.1,1,0.4,0.9,1.4,1,0.8,0.8,0.8,,1.6,0.7,0.7,0.9,0.5,,0.6,,0.4,1.2,,1,1.2,1.2,1.4,0.7
20150719,8,SO2,2,2,2,2,2,2,2,2,,5,2,2,2,2,2,4,2,2,,8,2,2,2,2,,2,,2,,,2,2,5,8,2
20150719,8,NO2,48,62,50,44,68,58,42,8,,68,26,30,44,59,49,46,30,37,,32,14,12,48,41,,3,,35,,,50,63,63,95,66
20150719,8,O3,18,2,2,24,42,8,37,33,,15,29,62,21,2,19,12,57,14,,53,73,98,60,23,,95,,23,,,16,2,9,2,5
20150719,8,CO,1.1,1.2,1.1,1.1,0.9,1,0.9,0.8,,1.3,1,0.4,0.9,1.4,0.9,1.3,0.8,0.7,,2.1,0.8,0.7,0.9,0.5,,0.6,,0.6,,,1,1.2,1.2,1.4,0.7
20150719,9,SO2,2,2,2,2,2,2,2,2,,5,2,2,3,2,2,5,2,2,,12,2,2,2,2,,2,,2,,,2,3,8,7,2
20150719,9,NO2,46,68,53,48,54,56,40,7,,65,25,29,45,62,43,44,25,42,,33,14,21,31,27,,4,,30,26,,62,70,55,91,69
20150719,9,O3,24,4,2,22,65,16,44,37,,23,39,66,24,4,24,21,62,28,,64,75,80,76,39,,80,,39,19,,12,2,17,2,9
20150719,9,CO,1,1.3,1.1,1.6,0.9,1,1,0.7,,1.3,1,0.5,1,1.4,0.9,1.4,0.8,0.7,,2.3,0.8,0.9,0.8,0.5,,0.6,,0.7,1.3,,1.1,1.3,1.2,1.5,0.8
20150719,10,SO2,2,2,2,2,2,2,2,2,,5,2,2,3,2,3,6,2,2,,11,2,2,2,2,,2,,2,,,2,3,6,5,2
20150719,10,NO2,49,62,45,55,51,43,32,15,,57,23,29,42,55,31,38,18,21,,30,14,11,19,13,,3,,27,16,,72,71,63,89,73
20150719,10,O3,22,17,4,23,68,36,54,30,,42,54,74,36,9,48,41,64,43,,72,76,83,99,58,,96,,64,38,,10,2,11,5,13
20150719,10,CO,1.3,1.2,1.1,1.2,0.9,1.1,0.9,0.8,,1.4,1.1,0.5,1,1.3,1.1,1.3,0.9,0.7,,2.1,0.8,0.9,0.8,0.5,,0.6,,1,1.5,,1.2,1.3,1.3,1.4,1
20150719,11,SO2,2,2,2,2,2,2,2,2,,5,2,2,3,2,3,9,2,2,,10,3,2,2,2,,2,,2,,,2,3,8,5,2
20150719,11,NO2,46,65,47,48,52,45,32,14,,52,32,30,47,48,34,33,23,15,,28,13,11,15,15,,3,,27,15,,63,69,57,93,55
20150719,11,O3,28,24,7,42,69,40,62,37,,72,68,89,67,16,63,75,56,61,,77,69,84,115,61,,91,,80,62,,25,19,20,14,27
20150719,11,CO,1.3,1.4,1.2,1.2,1.2,1.3,1,0.8,,1.3,1.1,0.5,1,1.2,1.2,1.3,1.3,0.8,,2,0.9,0.9,0.6,0.5,,0.8,,1,1.5,,1.2,1.3,1.3,1.3,0.9
20150719,12,SO2,2,2,2,2,2,2,2,2,3,5,2,2,3,2,3,6,2,2,,9,5,2,2,2,,5,,2,,,2,3,4,4,2
20150719,12,NO2,39,60,40,38,47,42,31,10,13,49,23,25,39,36,46,56,22,10,,28,11,9,15,23,,5,,22,12,,57,64,51,105,54
20150719,12,O3,51,54,22,72,92,56,79,49,113,89,103,124,100,33,62,46,68,89,,82,70,91,133,61,,95,,100,94,,52,48,39,29,35
20150719,12,CO,1.3,1.3,1.2,1.1,1.3,1.3,1,0.8,0.8,1.3,1,0.5,0.9,1.1,1.3,1.3,1.4,0.9,,1.8,1.2,1.1,0.6,0.6,,1,,1,1.1,,1.2,1.2,1.3,1.3,0.9
20150719,13,SO2,2,2,3,2,2,2,2,2,2,5,2,2,3,2,2,5,2,2,,6,8,2,2,3,,7,,2,,,2,2,7,3,2
20150719,13,NO2,34,45,33,42,32,37,27,7,10,47,21,23,39,36,50,47,21,6,,25,12,8,8,14,,5,,16,,,42,56,55,102,45
20150719,13,O3,75,95,39,75,146,83,108,66,133,109,139,139,92,45,72,78,71,117,,111,77,90,144,85,,96,,135,,,93,87,58,40,61
20150719,13,CO,1.3,1.1,1.2,1.3,1.2,1.3,1,0.8,0.7,1.3,0.9,0.5,,1.1,1.4,1.2,1.2,0.8,,1.8,1.5,1.2,0.5,0.6,,1.1,,0.8,,,1.1,1.1,1.4,1.3,1
20150719,14,SO2,2,2,3,2,2,2,2,,2,5,2,2,3,2,2,5,2,2,,2,9,2,2,3,,5,,2,6,,2,2,7,3,2
20150719,14,NO2,30,36,28,35,35,24,22,9,16,34,20,26,31,26,38,25,21,4,,14,16,23,8,9,,5,,14,13,,62,58,51,112,43
20150719,14,O3,103,127,74,102,174,142,155,79,136,168,164,161,150,70,128,110,91,134,,128,88,70,147,99,,83,,143,152,,102,98,94,56,103
20150719,14,CO,1.2,1.2,1.1,1.2,1.2,1.1,0.9,0.8,0.8,1.2,1,0.4,0.8,1.1,1.3,0.9,0.9,0.7,,0.9,1.4,1.3,0.5,0.5,,1.2,,0.7,1.1,,1.1,1.2,1.2,1.4,0.9
20150719,15,SO2,2,2,2,2,2,2,2,2,2,5,2,2,3,2,3,5,2,2,,2,9,2,2,3,,5,,2,2,,2,3,7,3,2
20150719,15,NO2,32,32,28,33,39,24,27,14,15,25,16,21,26,17,22,27,15,4,,19,16,15,9,8,,5,,14,13,,49,47,38,135,71
20150719,15,O3,116,163,90,128,196,150,177,81,165,199,181,188,166,89,180,146,113,146,,120,104,95,149,106,,97,,160,172,,141,135,117,53,97
20150719,15,CO,1.3,1.2,1.2,1.3,1.3,1.2,1,0.8,0.7,1.2,0.9,0.4,0.7,1,1.1,0.8,1,0.8,,1,1.4,1.1,0.6,0.5,,1.2,,0.6,1,,1.2,1.2,1.3,1.4,1.1
20150719,16,SO2,2,2,2,2,2,2,2,2,3,5,2,2,3,2,2,4,2,2,,2,6,2,2,4,,3,,3,2,,2,3,9,4,2
20150719,16,NO2,29,37,31,31,41,18,29,15,21,25,13,20,23,16,34,22,13,7,,15,13,10,11,10,,5,,17,11,,54,69,38,154,62
20150719,16,O3,129,162,97,137,217,171,185,88,187,218,187,207,159,91,165,137,119,151,,129,105,134,157,113,,116,,131,175,,138,130,137,49,118
20150719,16,CO,1.2,1.3,1.2,1.3,1.2,1,1.1,0.9,0.9,1.1,0.8,0.4,0.6,0.9,1.1,0.7,0.9,0.9,,1,1.2,0.9,0.7,0.6,,1,,0.6,0.9,,1.3,1.3,1.3,1.6,0.9
20150719,17,SO2,2,2,2,2,2,2,2,2,3,5,2,2,3,2,2,3,2,2,,2,3,2,2,4,,2,,2,2,,2,3,7,4,2
20150719,17,NO2,24,33,28,27,36,20,27,16,24,27,12,20,27,22,21,21,13,8,,15,11,11,12,12,,6,,17,7,,74,47,44,130,63
20150719,17,O3,102,130,75,115,166,133,170,81,166,189,181,199,160,80,140,128,132,143,,124,122,137,158,114,,112,,154,166,,80,107,102,46,87
20150719,17,CO,1,1,1.1,1.1,0.9,0.9,1.1,1,0.9,1.1,0.8,0.4,0.7,1,0.9,0.6,0.8,0.8,,0.9,0.9,0.8,0.7,0.7,,0.9,,0.5,0.9,,1.1,1.1,1.2,1.3,0.8
20150719,18,SO2,2,2,2,2,2,2,2,2,2,5,2,2,3,2,2,3,2,,,2,3,2,2,3,,2,,2,2,5,2,3,6,3,2
20150719,18,NO2,26,25,26,25,41,23,28,15,23,28,23,30,27,23,18,24,17,,,17,12,13,18,12,,5,,13,13,13,67,48,49,106,68
20150719,18,O3,108,142,71,111,173,144,143,79,114,157,139,141,140,76,161,135,122,,,118,125,136,170,104,,115,,151,175,119,89,110,97,61,93
20150719,18,CO,1,0.9,1,1.1,1,0.9,1,0.8,0.8,1.1,1,0.6,0.8,0.9,0.8,0.7,0.8,,,0.8,0.8,0.7,0.8,0.5,,0.7,,0.5,1.1,1,1,1.1,1.1,1.1,0.9
20150719,19,SO2,2,2,2,2,2,2,2,2,2,5,2,2,2,2,2,3,2,,,2,3,2,2,2,,2,,2,2,5,2,3,7,3,2
20150719,19,NO2,22,20,20,22,36,20,22,13,21,22,15,25,18,20,15,24,22,,,18,12,9,15,14,,5,,13,10,14,46,50,38,103,76
20150719,19,O3,112,139,67,114,179,148,149,84,112,165,147,151,146,71,154,129,105,,,109,118,127,161,98,,116,,136,168,124,2,111,106,64,92
20150719,19,CO,0.9,0.8,0.9,0.9,0.9,0.8,0.9,0.9,0.8,1,0.9,0.4,0.6,0.8,0.7,0.6,0.7,,,0.8,0.8,0.7,0.8,0.4,,0.7,,0.4,1,0.9,0.9,0.9,1,0.9,0.8
20150719,20,SO2,2,,,2,2,2,2,2,2,5,2,2,2,2,2,2,2,,,2,3,2,2,2,,2,,,2,5,2,2,4,4,2
20150719,20,NO2,24,,,23,43,20,28,13,18,22,14,26,20,23,18,22,32,,,19,13,12,16,14,,5,,,8,12,47,65,39,110,83
20150719,20,O3,97,,,102,155,123,131,74,92,147,121,136,130,57,126,107,80,,,91,104,108,158,91,,103,,,139,109,96,80,98,43,64
20150719,20,CO,0.9,,,0.9,0.8,0.7,0.9,0.8,0.8,1,0.8,0.4,0.7,0.8,0.7,0.5,0.7,,,0.7,0.7,0.7,0.7,0.4,,0.6,,,0.9,0.7,0.8,1,0.9,1.1,0.9
20150719,21,SO2,2,,,2,2,2,2,2,3,5,2,2,2,2,2,3,2,,,2,3,2,2,2,,2,,,2,5,2,2,3,3,2
20150719,21,NO2,31,,,29,45,24,26,11,16,22,12,34,26,24,28,26,31,,,16,10,14,22,12,,6,,,10,18,61,56,52,89,89
20150719,21,O3,77,,,83,131,97,122,65,74,124,99,111,108,47,92,86,60,,,86,99,90,145,77,,97,,,103,92,70,67,76,43,36
20150719,21,CO,0.9,,,0.9,0.8,0.8,0.9,0.8,0.7,1,0.8,0.5,0.8,0.8,0.6,0.6,0.7,,,0.7,0.7,0.8,0.7,0.4,,0.7,,,0.9,0.7,0.8,0.8,1,0.9,0.9
20150719,22,SO2,2,2,,2,2,2,2,2,3,4,2,2,2,2,2,4,2,,,2,2,2,2,2,,2,,,2,5,2,2,5,4,2
20150719,22,NO2,35,38,,26,50,25,45,16,15,36,14,31,30,35,33,31,31,,,15,9,14,22,12,,6,,,13,24,47,60,43,91,79
20150719,22,O3,59,59,,55,108,80,68,50,85,90,87,101,88,36,81,70,52,,,79,82,81,131,71,,82,,,89,77,52,35,65,18,34
20150719,22,CO,0.9,0.8,,0.8,0.8,0.8,1,0.8,0.7,1,0.9,0.5,0.8,0.8,0.7,0.5,0.8,,,0.7,0.7,0.7,0.7,0.4,,0.6,,,0.9,0.7,0.8,0.8,0.9,1.2,0.8
20150719,23,SO2,2,2,,2,2,2,2,2,3,4,2,2,2,2,2,4,2,,,2,2,2,2,2,,2,,,2,5,2,2,5,4,2
20150719,23,NO2,34,38,,33,51,37,47,17,12,29,17,33,32,51,43,32,35,,,13,7,17,24,9,,7,,,10,23,39,62,48,86,71
20150719,23,O3,54,46,,40,95,58,53,36,60,92,80,82,75,20,62,54,39,,,79,77,75,123,63,,59,,,82,78,51,29,54,16,18
20150719,23,CO,0.9,0.9,,0.9,0.8,0.9,1,0.8,0.7,0.9,0.9,0.5,0.8,0.9,0.8,0.5,0.9,,,0.6,0.7,0.7,0.7,0.3,,0.6,,,0.8,0.6,0.9,1,0.9,1.1,0.8
20150719,0,PM2.5,52,46,53,49,48,36,45,29,,46,53,65,67,88,67,71,40,34,,79,23,73,22,31,,58,,100,39,,46,49,44,54,53
20150719,0,PM10,,,,51,,,,,,,,,,,,,,,,,,,,,,,,,,,,49,48,,71
20150719,0,AQI,74,69,74,67,69,56,63,53,,61,69,67,73,87,66,74,66,49,,79,53,62,43,50,,50,,91,55,,72,70,65,78,64
20150719,1,PM2.5,60,62,57,67,54,40,43,40,,44,59,70,59,85,63,74,39,38,,73,14,33,23,35,,43,,96,,,59,55,46,58,62
20150719,1,PM10,,,,,93,40,,,,,,73,,,89,,,,,,15,,,,,,,,,,102,58,53,62,84
20150719,1,AQI,72,67,73,65,67,54,61,52,,59,67,67,71,85,66,75,60,48,,80,51,62,41,47,,51,,91,,,70,68,64,75,63
20150719,2,PM2.5,70,68,65,72,55,52,44,46,,49,60,71,66,80,66,81,30,36,,75,27,14,25,34,,,,91,,,61,62,58,58,60
20150719,2,PM10,,,,,,,,,,,,,,,85,,,,,,27,,,,,,,,,,,,,,
20150719,2,AQI,70,66,72,65,66,53,61,52,,58,66,68,69,84,68,75,59,48,,80,48,60,39,45,,52,,92,,,70,66,63,73,62
20150719,3,PM2.5,77,72,73,58,58,56,50,48,,59,67,65,81,77,62,53,34,41,,67,26,15,29,42,,14,,95,,,65,68,55,66,63
20150719,3,PM10,,,,,,,,,,63,,,,,71,,,,,,29,,,,,,,,,,,,61,,
20150719,3,AQI,72,67,71,64,65,55,61,52,,59,66,67,69,83,69,72,58,47,,81,47,59,38,44,,51,,92,,,70,66,62,72,63
20150719,4,PM2.5,80,70,72,65,73,56,63,47,,67,65,55,75,80,68,50,39,42,,85,22,13,31,36,,15,,91,,,68,74,68,73,62
20150719,4,PM10,,,,,,,,,,,,,,,,,,,,,,,,,,,,,,,,,78,,
20150719,4,AQI,73,68,72,65,66,56,61,52,,60,66,67,69,83,69,70,58,49,,82,46,57,36,43,,50,,93,,,70,67,64,72,64
20150719,5,PM2.5,85,65,67,54,76,50,70,50,,75,60,59,74,83,72,79,33,53,,70,10,17,41,31,,11,,84,,,74,74,70,74,60
20150719,5,PM10,,,,,,,,,,,,,,,,,,,,,,,,,,13,,,,,,,,,
20150719,5,AQI,74,69,72,65,67,56,63,52,,61,66,67,71,85,69,71,58,50,,81,44,56,36,43,,48,,95,,,71,68,65,73,64
20150719,6,PM2.5,84,66,88,105,69,56,62,46,,72,56,67,72,87,46,79,28,52,,66,21,11,41,46,,19,,87,,,,73,74,76,66
20150719,6,PM10,,,,,,,,91,,74,,,,,,,,,,,,13,44,46,,,,,,,,,,,
20150719,6,AQI,76,70,75,68,68,56,64,52,,63,67,69,73,87,68,72,58,51,,81,44,54,36,44,,47,,97,,,,70,66,75,66
20150719,7,PM2.5,74,73,81,84,56,58,63,39,,67,60,64,65,86,56,99,28,57,,87,17,13,50,56,,24,,96,56,,69,79,65,84,64
20150719,7,PM10,,,,,,,,,,70,,,,,97,,,,,94,,,63,,,,,,,,,,,,
20150719,7,AQI,77,72,77,70,69,58,65,53,,65,68,70,74,89,69,76,58,53,,83,43,53,37,46,,47,,99,59,,73,72,67,76,66
20150719,8,PM2.5,77,66,68,72,61,61,57,34,,73,59,64,86,87,88,120,34,70,,110,22,14,74,68,,24,,117,,,66,71,70,87,58
20150719,8,PM10,,,,,,,,,,111,72,,,92,,127,,,,,31,18,,,,,,,,,112,,,,
20150719,8,AQI,79,73,77,70,70,59,66,52,,67,69,71,76,91,73,81,58,55,,87,42,51,40,49,,46,,103,,,74,73,69,78,67
20150719,9,PM2.5,80,83,83,70,56,54,58,29,,84,74,68,85,105,111,124,31,76,,99,28,15,69,57,,19,,116,100,,82,80,60,84,61
20150719,9,PM10,,,,,,,,,,85,,,,,,,35,,,103,,28,,,,28,,119,,,,,,,
20150719,9,AQI,81,75,79,72,71,61,67,52,,69,70,72,78,94,77,86,59,57,,91,41,50,43,51,,45,,107,67,,76,75,70,80,68
20150719,10,PM2.5,103,113,98,113,72,69,81,38,,84,84,79,87,155,125,118,44,77,,93,29,18,57,48,,20,,118,131,,106,109,76,114,72
20150719,10,PM10,105,,,,,70,,,,,,,,,,,48,,,97,,30,,,,53,,,,,,,112,,100
20150719,10,AQI,84,79,82,78,73,63,69,52,,72,73,75,80,100,82,91,59,59,,94,41,49,45,53,,45,,111,74,,79,79,72,84,70
20150719,11,PM2.5,114,132,114,94,90,101,93,59,,84,87,80,95,144,137,122,76,80,,97,34,28,41,65,,25,,130,142,,119,122,99,127,85
20150719,11,PM10,,,,,93,,,,,,,,,,,,79,,,104,44,,,,,,,,,,,,125,,
20150719,11,AQI,88,83,86,82,76,66,72,53,,75,75,77,83,105,88,96,61,62,,98,41,48,46,55,,45,,116,81,,83,84,75,88,72
20150719,12,PM2.5,116,125,112,100,114,102,93,60,,89,75,83,85,137,141,122,93,88,,127,56,46,36,92,,36,,135,130,,114,114,107,107,90
20150719,12,PM10,,,,,,,,,48,92,,,,,,125,,,,,,,,,,,,,,,,,119,,
20150719,12,AQI,92,88,89,84,78,69,75,55,36,78,78,80,86,109,94,100,64,65,,104,42,49,48,59,,46,,121,88,,87,87,78,92,75
20150719,13,PM2.5,124,108,110,122,121,117,92,69,,89,77,83,90,138,138,111,89,81,,126,86,53,36,77,,44,,124,,,114,101,111,114,112
20150719,13,PM10,,,,,,,,,41,,,,,,,,,,,149,,,,,,74,,,,,,,,119,
20150719,13,AQI,95,90,92,88,82,73,77,57,42,80,80,82,89,114,99,104,66,68,,109,45,50,49,61,,51,,125,,,90,90,82,95,78
20150719,14,PM2.5,127,127,106,134,123,110,84,66,51,96,85,85,84,136,138,79,65,77,,53,96,65,27,67,,49,,122,92,,115,114,90,122,118
20150719,14,PM10,,,,,,,,,,,,,,,,,,,,,,,,,,,,,,,,,,,
20150719,14,AQI,99,94,94,93,86,77,79,59,43,83,81,84,90,118,104,105,67,70,,109,48,52,49,63,,51,,128,98,,92,93,84,98,82
20150719,15,PM2.5,144,136,118,121,138,117,106,72,75,100,90,94,83,122,118,84,59,88,,12,102,57,36,66,,62,,120,77,,127,127,115,130,119
20150719,15,PM10,,,,,,,,,,,,,,,,,,,,,,,44,,,63,,,,,,,117,140,
20150719,15,AQI,103,99,98,98,96,81,82,60,57,99,84,86,93,122,107,107,68,73,,107,51,53,50,64,,52,,131,101,,96,97,87,102,85
20150719,16,PM2.5,140,140,132,125,132,104,119,86,92,102,80,94,70,111,116,61,50,111,,20,87,31,45,103,,35,,68,71,,133,125,122,135,97
20150719,16,PM10,,,,,,,,,,,,,,,,,,,,23,,,54,,,,,,,,156,,136,139,
20150719,16,AQI,108,103,101,102,109,84,85,63,98,109,86,104,95,125,111,108,68,76,,105,53,52,51,68,,52,,132,102,,100,101,91,107,88
20150719,17,PM2.5,68,79,91,91,66,53,106,99,104,89,67,85,68,93,53,50,43,86,,34,40,41,55,97,,20,,54,71,,81,86,74,94,60
20150719,17,PM10,,,,,,,,,,116,,112,,,,,,,,,,,64,,,,,,,,,,,117,
20150719,17,AQI,109,106,104,105,95,85,88,66,106,92,87,100,97,128,112,108,67,78,,103,53,52,52,70,,52,,130,104,,103,104,92,110,89
20150719,18,PM2.5,61,59,70,54,65,50,66,59,65,59,74,68,75,75,49,52,52,,,47,49,40,72,56,,30,,61,64,71,60,57,60,64,58
20150719,18,PM10,,,,,,,,,,,102,75,76,,,,62,,,,,,73,,,,,,,90,,,,73,
20150719,18,AQI,111,107,106,106,97,86,89,67,103,93,89,92,99,129,114,108,66,,,102,53,52,64,70,,51,,129,106,99,104,105,93,111,91
20150719,19,PM2.5,59,53,59,25,62,46,58,65,63,44,58,60,42,42,40,53,58,,,44,56,36,48,49,,31,,58,35,70,58,51,54,50,61
20150719,19,PM10,,,,,,,,,,,,,,,,,,,,,,,,,,35,,,,,,,,,
20150719,19,AQI,112,108,107,106,99,87,90,69,100,93,90,93,97,128,114,107,65,,,100,55,51,57,72,,49,,127,105,98,105,106,95,112,92
20150719,20,PM2.5,52,,,31,54,37,40,63,59,26,29,40,31,42,31,50,55,,,59,56,35,38,56,,39,,,32,41,39,33,44,29,56
20150719,20,PM10,,,,,,,,,,35,32,,,,31,,,,,,,36,40,,,42,,,,,,,,62,57
20150719,20,AQI,112,,,104,99,87,90,71,98,92,88,93,96,126,113,106,66,,,100,57,50,58,74,,48,,,102,91,105,105,95,110,93
20150719,21,PM2.5,51,,,35,52,35,35,61,66,37,35,45,35,57,40,62,59,,,48,50,38,37,52,,38,,,31,40,51,49,36,47,56
20150719,21,PM10,,,,40,,49,,,,73,,91,37,,,69,,,,,,61,,,,44,,,,,,,52,76,88
20150719,21,AQI,111,,,103,99,88,90,73,97,92,88,93,94,125,110,106,67,,,98,58,49,58,75,,47,,,100,86,105,105,94,110,94
20150719,22,PM2.5,67,53,,77,68,65,74,67,80,46,41,56,42,67,55,70,63,,,29,52,54,23,50,,43,,,43,46,55,49,53,55,70
20150719,22,PM10,91,72,,,74,,117,,,,43,,46,,82,,,,,39,,,24,,,,,,,,121,68,62,81,90
20150719,22,AQI,112,107,,105,100,89,92,75,98,92,88,93,94,125,109,107,68,,,95,60,50,58,76,,47,,,99,84,105,104,95,109,96
20150719,23,PM2.5,86,69,,74,80,73,79,76,76,49,53,77,50,72,73,76,77,,,44,53,53,39,53,,42,,,50,49,64,67,67,59,79
20150719,23,PM10,,,,,,,,,,,,,,,76,,,,,,,,,,,48,,,,,93,,76,,
20150719,23,AQI,113,108,,105,103,90,94,77,98,92,87,94,94,124,108,108,70,,,92,62,49,59,78,,47,,,99,82,106,105,96,109,97
