date,hour,type,dongsi,tiantan,guanyuan,wanshouxigong,aotizhongxing,nongzhanguan,wanliu,beibuxingqu,zhiwuyuan,fentaihuayuan,yungang,gucheng,fangshan,daxing,yizhuang,tongzhou,shunyi,changping,mengtougou,pinggu,huairou,miyun,yanqing,dingling,badaling,miyunshuiku,donggaocun,yongledian,yufa,liulihe,qianmeng,yongdingmengxi,xizhimengbei,nansanhuan,dongsihuan
20150626,0,SO2,2.7,2,2,2.7,2,2.1,6.3,73.3,2,5.5,2,3.3,3,2,2,10.3,5,2,4.3,4.2,2,8.3,2,2.3,2,4,4,5.5,2,5,2,2.4,2,5.9,2
20150626,0,NO2,38.7,27.4,29.8,22.5,39,57.8,41.3,41,24,48.8,16.1,29.6,20.4,19.8,14.6,49.5,65.9,36,43,31.7,13.6,40.4,69.4,11.8,91.6,9.8,17.6,28.8,14.3,14.5,57.1,47.8,60.1,116.3,56.8
20150626,0,O3,95.5,90.2,103.3,140.9,108.7,76.9,95.2,22,16.2,117.6,93.4,115.9,144.1,117.3,171.5,80.9,33.1,54.7,33.5,80.5,73,65.4,41.4,60.9,23.4,95.8,101.3,35.3,152.9,88.3,97.2,114.3,44.4,64.8,60.6
20150626,0,CO,1,0.9,1,0.6,0.7,1,1.3,0.9,0.9,0.8,0.8,0.9,0.7,0.8,0.7,1.1,1.3,1,0.9,1.2,0.9,0.7,0.9,0.6,0.9,0.8,0.9,1.2,0.9,0.5,1,0.8,0.9,1,0.7
20150626,1,SO2,2,2,2,2.9,2,2,6.5,75.8,2,5.2,2,3.1,233.8,2,2,7.5,4.5,2,4.2,4.3,2,7.1,2,2.5,2,3.9,4.3,5,2,4.8,2,3.2,3.5,5.1,2
20150626,1,NO2,24,25.4,22.5,27.1,19.8,29.4,20.1,38.7,27,43.7,11.5,24.1,24.4,22.9,18.5,38,41.7,18.9,28.2,26.1,15.7,40.1,27,12.7,71.1,9.5,19.2,40.8,6.6,28.4,62.2,35.2,52.7,82.1,32.8
20150626,1,O3,106.9,74,107.9,118.8,147.8,134.7,133.8,20.5,23.1,108.1,100.6,119.3,113.5,80.4,156,117.6,19,60.6,50.1,81.8,70.4,82.9,70.7,53.8,26.1,90.5,80.6,28,114.1,50.9,80.9,119.8,53.3,87.7,87.3
20150626,1,CO,0.9,0.9,0.9,0.6,0.6,0.9,1.1,0.9,0.9,0.8,0.8,0.8,0.8,0.8,0.7,0.8,1,0.9,0.9,1.2,0.9,0.7,0.9,0.6,0.9,0.9,0.9,1.2,0.8,0.5,1,0.8,0.9,0.8,0.6
20150626,2,SO2,2,2,2,2.6,2,2,6.4,7.3,24.2,5.4,2.7,3.4,40.8,2,2.1,6.5,4.4,2,4.3,4.6,2,4.8,2,2.9,2.4,3.9,3.8,8.1,2,3.7,2,3.2,4.7,3.4,3.1
20150626,2,NO2,20.4,24.7,24.4,19,12.1,19.7,15.4,33.8,15.7,44.6,15.4,24.1,22.7,21.4,29.2,29.8,15.5,15.9,22.2,35.5,23.7,18.3,17.1,14.7,64.1,10.1,22.4,39.2,5,29,33.7,39.2,52,49.5,21.7
20150626,2,O3,86.5,88.4,92.9,120.3,151.9,124.2,128.6,18.5,36.2,106.2,76.6,112.5,97.1,72.4,124.3,126.2,22,52.5,42.6,64.8,57.5,115.3,87.8,45.8,32.1,77,56.7,28.9,55.9,40.4,83.2,89.3,52.1,79.1,76.5
20150626,2,CO,0.9,0.9,0.9,0.6,0.5,0.8,1.1,0.9,0.8,0.8,0.8,0.9,0.6,0.8,0.8,0.7,0.7,0.7,0.9,1.2,1,0.7,0.9,0.6,0.8,0.9,0.9,1.2,0.8,0.5,1,0.9,0.9,0.8,0.4
20150626,3,SO2,2,2,2,2,2,2,6,5.5,2,4.3,2,3.2,3.1,2,2,4.9,2,2,4,4.6,2,4.2,2,2.5,4.3,3.2,2,5.7,2,3.8,2,2.2,3.6,2,2.9
20150626,3,NO2,20,27.2,28.1,17.5,16.2,16.1,13.6,33.9,26.3,36,17.8,37.5,24.9,20.8,39.4,43.5,9.6,30.1,22.2,37.4,9.3,13.9,21,28.3,74.4,9.8,28.4,44.4,5.6,22.8,33.9,28.4,39.4,43.9,97.6
20150626,3,O3,72,87.9,98.8,99.2,129.5,120.5,132,20.3,36,72.5,80.3,84.3,72.4,69.9,83.8,88.8,50.2,51.9,52.7,47.4,113.9,124.6,72.8,,6.8,71.7,264,16.5,54.3,35.3,69.9,73.4,65.1,58.7,15.3
20150626,3,CO,0.8,1,1,0.7,0.6,0.8,1.1,0.8,0.7,0.8,0.8,0.9,0.7,0.9,0.8,0.8,,0.8,0.9,1.2,0.8,0.6,0.8,0.5,0.8,0.8,0.9,1.3,0.6,0.6,0.9,0.9,0.8,0.8,0.7
20150626,4,SO2,2,2,2,2,2,2,4.1,5.6,2,3,2,3.3,3.5,2,2,4,2,2,3.9,5,2,3.5,2,2.5,6.6,2.5,5,6.8,2,4.1,2,2,3.9,2.4,3.5
20150626,4,NO2,18.2,21.9,15.4,18.7,12.7,15.9,9,30.9,17.1,33,8.5,16,34.4,34.9,45.3,23.9,6.2,4.8,25.4,34.3,7.1,11.7,65.1,32.2,74,9.1,33.7,28.7,6.9,46.3,29.3,24.7,25.4,55.3,115.1
20150626,4,O3,103,106.4,119.9,91.4,,110.1,115.1,,50.4,68.4,85.3,136.5,45.9,63.9,81.3,98.8,69.8,136.9,60.9,48.3,104,118.4,20.9,,2.1,116.2,30.3,31.7,40.3,,77.3,78.1,85.7,47.2,29.3
20150626,4,CO,0.7,1,0.9,0.7,0.6,0.9,1.2,0.8,0.7,0.9,0.8,0.8,0.6,0.9,0.9,0.8,0.4,0.7,0.9,1.2,0.8,0.5,0.8,0.6,0.8,1,0.8,1.2,0.1,0.6,1,0.9,0.8,0.9,0.6
20150626,5,SO2,2,2,2,2,2,2,4.5,2,2,3.9,2,3.3,3.4,2,2,3.8,2,2,3.9,3.2,2,3.1,2,2.8,2,2,2.6,3.7,2,3.4,2,2,4.5,2.5,3.2
20150626,5,NO2,17.7,20.5,14.4,15.7,14.1,14.2,7.5,15.2,13.6,20.6,12,24.1,21.2,37.6,43,22.8,,2,21.4,31.9,13.4,15.3,30.6,42.1,57.4,,21.9,32,8.9,35.6,36.5,26.6,23,76.6,117.6
20150626,5,O3,104,101.7,117.1,100,135,132.9,119.3,86.7,39.6,69,86.7,108.5,74.1,67.6,76.7,99.9,74.7,142.1,82.1,44.3,69.2,91.1,30.5,18.4,12.6,106.3,40.5,21,37.8,27.8,71,67.9,79.5,40.9,20.9
20150626,5,CO,1,1.1,1,0.8,0.7,0.9,1.2,0.7,0.7,0.9,0.9,0.9,0.7,1,0.9,0.8,0.5,0.7,0.8,1.2,0.9,0.5,0.8,0.6,0.8,1,0.9,1.2,0.9,0.6,1.1,1,0.8,0.9,0.7
20150626,6,SO2,2,2,2,2,2,2,4.4,4.2,2,3.6,2,3.2,2.6,2,2,3.7,2,2,4.1,2,2,3.4,2,2.2,2,2,2,2.1,2,3.5,2,2,3,2.9,2
20150626,6,NO2,22.7,27.5,19.2,19.3,18.5,30.8,8.7,11.7,15.5,16.9,20,23.5,33.9,38,29.2,19.5,14.1,2,30,30.4,8.9,15,39.7,26.1,59,7.4,20.4,35.3,7.9,34.1,44.3,40.2,46.9,68.2,99.9
20150626,6,O3,94.1,96.1,107.4,89.2,121.4,90.1,110.4,92,71.2,80,65.3,90,62.5,67.8,97.4,99,99.5,135.2,71.2,55.7,98.6,91.8,32.3,45.6,7.4,105.5,27.9,19.6,37.4,22.6,65,55.9,62.5,35.7,24.5
20150626,6,CO,1.4,1.2,1.1,0.8,0.8,1,1.2,0.7,0.7,0.9,0.9,0.9,0.9,1.1,0.9,0.8,0.7,0.7,0.9,1.1,0.8,0.5,0.8,0.5,0.8,1.1,0.9,1.3,0.9,0.6,1.2,1.2,1,1.1,0.9
20150626,7,SO2,2,2,2,2,2,2,4.1,5.9,2,3.8,2,3.3,2.4,2,2,4.1,2,2,4.1,2,2,3.3,2,2.4,2,2,2,2,2,3.3,2,2.5,2,6.3,2.9
20150626,7,NO2,36.1,28.6,22.4,21.2,34.6,34.5,21.9,11.6,18,17.7,27.4,25.3,39.5,44.8,34.9,36,22.6,5,31.4,36.6,10.3,22.2,48,28.9,58.7,7.5,19.9,27.7,10,39,68.9,68.4,71.9,104.8,108.8
20150626,7,O3,76.9,93.3,98.9,89.1,91,79.6,91.5,78.3,79.3,74.1,52.1,85.7,49.9,50,78.9,77.4,83,120.8,67.2,31.1,103.7,80.8,25.7,39.3,3.3,95.2,23.2,55.4,35.8,30.1,39,35.7,44.9,7.1,11
20150626,7,CO,1.2,1.2,1.2,0.9,0.9,1,1.4,0.7,0.8,1,1,1,0.9,1.2,1,0.8,0.8,0.7,0.9,1.2,0.8,0.5,0.8,0.5,0.9,1.1,0.8,1,1,0.7,1.2,1.6,1.2,1.4,1
20150626,8,SO2,2,2,2,2,2,2,4.5,5.7,2,3.8,2,3.3,2.4,2,2,4.4,2,2,4,2,2,3.2,2,2.2,2.3,2,2,2,2,3.4,2,2.9,2.3,6.5,2.6
20150626,8,NO2,43.6,43,29.9,33.6,33.1,31.4,30.1,16.1,20.1,30.1,34,32.2,45.8,45.8,38.8,35.4,34,14.1,28.4,42,23,22.8,45.9,21.1,54.3,9.6,17.7,21.3,16.3,38,85.4,85.7,66.8,120.7,100.4
20150626,8,O3,71.2,81.8,88.7,82,107.2,89.7,84.8,64,74.7,57.4,62.9,79.4,55,56.8,75.7,93,72.3,103.9,66.9,22.4,84,89.4,33.6,97.7,31.9,79.1,31.9,75,31.8,38.6,29.8,30.9,47.7,3.4,23.3
20150626,8,CO,1.2,1.2,1.2,1,0.8,1,1.6,0.7,0.9,1.1,1.1,1.1,1,1.2,1,0.9,0.8,0.8,0.9,1.3,0.9,0.6,0.8,0.5,0.9,1.1,0.8,0.8,1.2,0.8,1.4,1.8,1.2,1.6,1.2
20150626,9,SO2,2,2,2.2,2,2,2,4.9,5.5,2,3.8,2,2.5,2.5,2.2,2,5.8,2,2,4.1,2,2,3,2,2.2,5.1,2,2,2,2,3.5,2,3,5.2,6,2.4
20150626,9,NO2,39.9,43.6,32.1,37.9,33.7,33,48,,18.9,48.4,35.1,36,43.6,50.2,42.1,25.7,22.5,14,30.7,40.3,27.1,31.3,32,16,41.2,10.2,16,21.4,19.7,35.8,80.3,91.1,79.9,120.8,95.3
20150626,9,O3,82.2,76.1,94.3,81.2,105.4,106.5,63.2,53.9,71.1,34.6,61.1,72.5,58.5,61,77.5,116.1,90.4,99.7,63.7,30.9,82.3,75.3,59.7,111.8,66.8,80.4,42.8,72.6,45.5,53,38.8,30.2,46.8,3.3,48.4
20150626,9,CO,1.2,1.2,1.2,1,0.9,1,1.6,0.7,0.8,1.3,1.2,1.2,1.1,1.1,1,0.8,0.8,0.9,1,1.3,1,0.7,0.8,0.5,0.9,1.1,0.8,0.8,1.2,0.8,1.3,1.7,1.2,1.7,1.2
20150626,10,SO2,2,2,2,2,2,2,4.8,5.9,2,4.1,2,2,2.5,3.4,2,7.1,2,2,4.1,2,2,3,2,2.2,4.4,2,2,2,2,3.5,2,3.2,3.3,5.3,2
20150626,10,NO2,28.3,37.6,39.6,39.7,44.3,24.2,46.5,15.8,17.9,48.6,34.6,32.4,44.2,61.2,33.1,20.5,15.9,23.5,32.1,30.9,16.7,31.6,23.9,10.5,30.8,11.3,14.2,24.6,20.5,27.9,89.4,77.6,81.8,110.3,94
20150626,10,O3,113.3,79.6,91.3,83.1,98.4,130.7,77.1,58.1,87.2,44.8,56.7,81.5,64.2,64.6,98.4,136.9,113.1,88.5,62.8,45.4,89.2,61.3,90.5,116.3,99.3,71.3,55.4,70.1,54.9,75.5,30.6,51.2,42.8,18.8,63.8
20150626,10,CO,1,1.2,1.2,1,0.9,0.9,1.5,0.7,0.8,1.3,1.2,1.1,1.1,1.2,0.9,0.8,0.8,0.9,1,1.3,0.9,0.7,0.8,0.5,0.9,1.1,0.8,0.8,1.2,0.9,1.2,1.4,1.3,1.5,1.1
20150626,11,SO2,2,2,2,2,2,2,5.1,6.2,2,4.4,2,2,,3.6,2,6.1,2,2,3.9,2.5,2,3.1,2,2.3,,2,2,2.1,2,3.6,2,2,2,5.4,2
20150626,11,NO2,36.5,39.1,43.3,38.1,39.6,25,47.4,17.1,19.4,53.1,34,30.3,46.8,51.4,32.8,26,13.2,19.4,36.5,19.9,28,37.7,9.3,9.8,18.7,10.6,12.6,17.6,22.9,24.6,77.5,51.4,76.9,113.5,42.1
20150626,11,O3,108.6,85.2,98.5,96.7,115,136.4,84.2,69.7,94.3,50.1,59.8,94.6,34.2,82.4,114.2,138.2,129.5,107.2,58.6,85.3,81.3,62.6,135.2,123.3,126.9,82.4,87.3,84.7,64.3,86,57.9,69,52.6,18.7,109.7
20150626,11,CO,1.1,1.2,1.3,1,0.8,0.9,1.5,0.8,0.8,1.3,1.2,1.1,0.6,1.2,0.9,0.8,0.8,0.9,1.1,1.1,1,0.8,0.7,0.6,0.7,1.2,0.8,0.8,1.3,0.8,1.2,1.2,1.2,1.5,0.8
20150626,12,SO2,2,2,2.3,,2,2,5.4,7.5,2,4.7,2,2,14.5,4.6,2,6,2,2,3.9,2.7,2,3.9,2,2,11.1,2,2,3.3,2,3.7,2,2.3,2.5,4.1,2
20150626,12,NO2,31.9,51.2,34.1,,35.1,18.4,27.1,20.3,25.9,40.3,35,29.3,36.3,42.7,36.5,28.3,16.5,6.6,21.1,18.1,19.1,23.2,7.7,9.2,29.9,9.9,12.2,13.6,24.2,24.4,67.5,66.9,79.7,121.7,41.2
20150626,12,O3,132.5,115.8,137.2,,153.8,170.6,144.2,101.3,118.4,104,102.4,130.1,101.5,105.7,130,149,133.8,139.1,118.5,128.1,115.1,101,144.3,139.4,135.9,111,105.3,103.4,83.6,114.5,97.7,86.8,69.1,46.8,131.9
20150626,12,CO,1.1,1.3,1.2,,0.8,0.9,1.4,0.8,0.9,1.3,1.2,1.1,1,1.1,0.8,0.8,0.8,0.7,1,1.1,1,0.6,0.6,0.5,0.9,1.2,0.7,0.8,1.3,0.8,1.1,1.3,1.2,1.5,0.8
20150626,13,SO2,2,,2.1,,2,2,4.7,10.5,2,5.2,2,2,3.8,4.1,2,6.3,2,2,4.2,2.9,2,4.3,2,2,2,2.4,2,3.3,2,3.5,2,3.2,3.9,5.6,2.3
20150626,13,NO2,30.1,38.2,26,29.2,27.2,19.1,25.1,17.9,23.8,26.7,29.1,36.6,33.7,30.9,32,24.1,19.8,7.3,21.6,12.4,17.2,16.3,7.4,6.8,29.9,9.2,21.1,16.8,26.2,15.2,57.1,56.6,61.2,144.2,33.5
20150626,13,O3,162.8,166.7,190.6,181.5,200.4,204.2,177.4,143.3,173.7,169.4,163.3,145.5,154.1,157.6,178.3,166.3,158,163.9,155.9,166.5,131.4,121.8,153.7,162.6,160.8,135.9,111.4,102.7,108.1,130.8,141.3,132.7,116.1,69.7,178.7
20150626,13,CO,1.1,1.2,1.1,0.9,0.8,0.9,1.4,0.7,0.9,1.1,1.1,1.2,1,1,0.8,0.8,0.8,0.7,1,0.9,1,0.6,0.5,0.5,0.9,1.2,0.7,0.8,1.3,0.8,1.1,1.2,1.1,1.5,0.7
20150626,14,SO2,2,,2,,2,2,4.3,15.9,2,5.2,2,2,3.3,3.4,2,6.4,2,2,4.8,2,2,5.1,2,2,2,2.2,2.2,3.4,2,3.3,2,2.8,3.2,5,2.7
20150626,14,NO2,28.9,27.6,28.7,28.5,29.1,28.3,24.3,16.5,25,24.9,24.2,29.1,30,20.1,20.2,17.4,15.5,6,24.9,13.2,12.5,13,9.4,6.6,27.4,8.2,16,21.8,19.6,11.7,50.9,60.9,65.1,138.8,72.6
20150626,14,O3,187.2,212.8,213.1,201.1,227.8,219.6,212.4,168.5,193.3,204,201.5,182.6,187.5,186.1,182.8,188.1,179.7,181.4,185.2,171.3,144,155.7,161.5,178.6,195.2,162.4,154.2,111.3,153.6,147.2,181.4,171.1,145.7,99.8,172.1
20150626,14,CO,1.1,,1.1,,0.8,0.9,1.4,0.7,0.8,1,1,1.1,0.9,1,0.8,0.8,0.7,0.7,1,0.9,0.9,0.4,0.6,0.4,0.9,1.1,0.6,0.9,1.1,0.7,1,1.1,1.1,1.3,0.9
20150626,15,SO2,2,2,2.1,2.5,2,2,4.8,16.3,2,5.4,2,2,3.2,3.6,2,7.8,2,2,4.4,2.2,2,4.3,2,2,2,2.7,2,5,2,3.8,2,3,2.4,4.8,2.6
20150626,15,NO2,24.3,22.8,30.2,27.7,28.7,28.1,27.6,19.7,27.5,22.6,19,21.2,27,20.4,19.7,20,15.6,7.1,25.2,15.3,12.2,8.2,13.2,8.4,27.8,8,13.6,19.4,17.1,10.7,57.1,45,66.3,124.8,76.1
20150626,15,O3,202,219.9,228,215.4,249.6,236.1,225,186.1,218,226,204.3,210.5,177.4,189.1,193.9,204.8,185,194.4,198.4,191.3,163,175,174.7,201,205.9,179.1,159.8,135.7,180.4,156.7,186.6,184.5,155.4,113.9,184.3
20150626,15,CO,1,,1,,0.8,0.9,1.3,0.8,0.8,1,1,1,0.9,1,1,0.8,0.7,0.7,1,0.9,0.8,0.3,0.6,0.5,0.8,0.6,0.6,0.9,1.2,0.7,0.9,1,1,1.3,0.8
20150626,16,SO2,2,2,2,2.2,2,2,4.6,14.6,2,5.5,2,2,3.5,4.4,2,7.6,2,2,4.4,2.3,2,4.2,2,2.4,2,3.1,2,5.1,2,3.8,2,2.8,5.5,5.4,2.3
20150626,16,NO2,22.9,20.4,26.3,20.1,29.4,25.8,32.7,23.4,22.8,15.7,16.1,20.4,25.6,16.9,18.8,19.8,20.4,12.1,22.7,15.7,15.7,9.7,14.5,9.3,32.4,7.3,12.9,18.3,18.6,11.4,53.3,42.7,61,147.4,61.5
20150626,16,O3,204.6,224.8,233.5,213.3,256.8,236.9,224.5,194.2,221.8,202.5,192.6,197,179.6,198.4,201.4,213.5,200.1,218.7,198.2,195.7,206,189.7,190,222.4,207.4,193.3,171.7,152.6,195.2,164.6,191.1,185.6,166.7,84.7,190.3
20150626,16,CO,1,1,1,0.7,0.7,0.9,1.2,0.8,0.6,0.9,0.9,1,0.8,0.9,0.9,0.8,0.7,0.7,1,0.9,0.8,0.3,0.6,0.4,0.8,0.8,0.6,0.9,1.6,0.6,0.9,0.9,0.9,1.3,0.9
20150626,17,SO2,2,2,2,2.5,2,2,4.8,11.8,2,5.4,2,2,3.4,4.3,2,8.2,2,2,4.1,2.2,2,3.8,2,2.6,2,2.8,2,5.3,2,4,2,3.3,2.9,5.9,2.7
20150626,17,NO2,20.3,18.4,24.5,20.7,25.1,25.6,33.2,24.2,21.9,17.3,13.9,17.6,25.3,15.7,18.4,22,22,17.5,19.2,14.8,20.1,11.6,16.7,12.3,45.2,6.9,13.6,19.7,17.6,11.5,53.8,61.7,74,150.5,94
20150626,17,O3,195.4,204.9,206.5,191.5,246,232.8,198.4,186.6,208.4,193.2,188.6,188.5,189.4,194.8,197.7,210.4,211.2,241.9,185.9,210.2,238.5,198.3,190.1,253.2,210.9,205,183.2,170.6,224.2,177.9,166,144.9,134.7,64.7,162.7
20150626,17,CO,0.9,0.9,0.9,0.7,0.7,0.9,1.2,0.8,0.6,0.9,0.8,0.9,0.8,0.8,0.9,0.9,0.8,0.8,0.9,0.8,0.9,0.3,0.7,0.5,0.8,0.7,0.6,1,1.7,0.6,0.8,0.9,1,1.3,1
20150626,18,SO2,2,2.6,3.1,3.3,2,2,5.4,11.6,2,5.8,2,2,3.2,3.4,2,8.2,2,2,4.3,2,2,3.7,2,2.2,2,2.2,2,5.6,2,3.9,2,3.3,2.5,6.9,2.5
20150626,18,NO2,22.3,18.3,21.9,21.6,25.8,29.6,33.2,23.4,21.9,21.8,15.6,17.3,24.8,18,27.2,23.2,23.5,24.3,21.8,16.5,20.6,17.4,17.8,18.2,54.5,7.8,13.6,23.3,15.7,13.9,64.8,51.1,88,152.6,94.5
20150626,18,O3,181.5,202.5,203.9,188,217.9,212.3,189.1,179.1,202.7,180.6,189.6,187.1,197.1,196,189.8,201.9,215.2,235.8,173.7,211.9,230.2,195.6,216.8,274.7,229.3,209.7,177.4,178,203.5,174.3,152.2,155.9,122.5,63.9,150
20150626,18,CO,0.9,0.9,0.9,0.7,0.6,1,1.2,0.8,0.5,0.8,0.8,0.8,0.8,0.8,1.1,0.9,0.8,0.8,0.8,0.9,0.9,0.4,0.7,0.6,1,0.7,0.6,1.3,1.3,0.6,0.9,0.9,1,1.2,1
20150626,19,SO2,2,2.9,3.1,3.2,2.1,2.2,5.4,9.1,2,5.3,2,2,3.4,3.6,2.3,6.9,2,2,4.2,2,2,3.9,2,2.6,2,2,2,4.9,2,3.9,2,4.1,4.7,7,3.1
20150626,19,NO2,21.9,23.9,25.5,25,29.2,33.5,33.3,22.5,24.6,18.9,17.1,26.6,30.7,25.1,36.7,30.5,28.6,26.7,21.4,17.1,22.1,22.5,21.3,22.9,54.6,8.3,12.6,23.9,11.4,15.9,58.5,72.1,61.3,166.6,125.7
20150626,19,O3,179.2,193.6,189.3,175.3,205,189.2,174.9,162.4,185.6,186.4,179.9,182.4,184.9,196.1,193.2,184,197.3,225.6,181.1,193.8,202,192,240.2,279.7,242.7,195,157.1,164.7,181.9,164.4,150.3,134.7,137.4,45.3,97
20150626,19,CO,0.9,0.9,0.9,0.7,0.6,1,1.2,0.7,0.5,0.8,0.9,0.9,0.8,1,1.4,1,0.8,0.8,0.8,0.8,0.9,0.5,0.8,0.7,1,0.7,0.6,1.3,1.5,0.7,0.9,1.1,0.9,1.4,1.2
20150626,20,SO2,2,3.4,3.6,3.7,2.3,2.5,5.5,7.5,2,5.3,2,2,3.5,3.7,2,6.7,2,2,4.3,2,2,3.2,2,2,2,2,2,4.4,2,3.5,2,4,4.5,5.4,2.3
20150626,20,NO2,38.4,41.3,38.6,34.2,42,38.1,28.4,27.5,28.3,23.5,24,37.4,39.8,37.7,37.6,36.4,27.1,18.4,38.8,17.9,13.8,17.1,8,6,51.5,5.2,11.7,28.9,14,16.2,67.9,90.4,47.3,158,122.3
20150626,20,O3,151.7,187.1,175.3,173.8,181.9,179.1,169.8,144.4,159,177.3,173.8,163.1,177.1,177.8,184.6,171.8,164.4,190.3,158.4,161.5,142.7,127.8,167.6,182.7,204.7,152.5,140.3,138.5,159.3,149.5,132.8,116.6,139,57,86.1
20150626,20,CO,1.5,1.5,1.2,1.3,1,1.4,1.2,0.7,0.5,1,1,0.9,1,1.4,1.5,1.3,0.8,0.7,0.8,0.8,0.8,0.2,0.4,0.2,0.8,0.5,0.5,1.4,1.6,0.7,1.4,1.6,1,1.8,1.5
20150626,21,SO2,2,3.3,3.1,3.5,2,2,5.1,4.7,2,5.3,2,2,3.3,6,2,7.5,2,2,4.3,2,2,2.8,2,2,2,2,2,3.3,2,4,2,2.6,2.2,4.8,2
20150626,21,NO2,27.2,41.9,32.4,34.4,19.7,29.3,19.1,11.5,19.3,28.6,28.6,38.3,42.4,49.1,32.6,36.5,28,10.6,30.8,16.5,6.6,18.6,15.3,2,22.2,4.4,11.6,34.7,17.6,19.3,58,65.1,48.7,135.5,86
20150626,21,O3,146.5,173.4,155.4,158.3,170,164.6,158.3,117.3,134.6,160.9,148.5,139.9,156.4,151.6,174.3,161.5,124.7,118,136.1,116.9,103.3,101.9,113.5,114.6,130.4,136.5,98.8,105.5,154.2,142.4,128.4,123.3,112.2,69.6,97.4
20150626,21,CO,1.4,1.5,1.2,1.3,0.6,1.2,1.2,0.4,0.4,1.3,1.1,0.8,1.2,1.7,1.5,1.3,0.9,0.5,0.7,0.6,0.6,0.2,0.3,0.1,0.4,0.5,0.5,1.4,1.6,0.9,1.4,1.6,1,1.9,1.2
20150626,22,SO2,2,2,2,2,2,2,3.7,3.2,2,4.2,2,2,3.3,2.7,2,5.9,2,2,3.5,2,2,2.6,2,2,2,2,2,2.1,2,3.7,2,2,2,3.7,2
20150626,22,NO2,24.2,37.3,30.1,25.8,26.3,36.8,16.3,11.7,10.4,37.8,6.8,24.3,17.8,28.7,36.3,44.8,21.1,26.6,23.2,22.9,10.2,14.4,24,19.8,47.1,4.2,11.8,25.9,22.8,15.2,36.2,40.6,47.6,90.2,34.6
20150626,22,O3,108.4,113.8,114.1,120.2,133.2,110.7,123.3,87.8,114.7,97.1,127.2,116,139,128.6,156.9,135.5,106,91.1,100.9,95,84.1,95.2,90.1,83,80.5,128,62.7,89.3,142.7,130.9,102.3,98.6,82,59.5,94
20150626,22,CO,0.9,1,0.7,0.7,0.5,0.9,0.9,0.4,0.3,0.7,0.5,0.6,0.5,1,1.5,1.3,0.6,0.5,0.5,0.8,0.7,0.1,0.4,0.1,0.4,0.4,0.5,1.5,1.8,0.7,0.8,0.9,0.7,1.1,0.6
20150626,23,SO2,2,2,2,2,2,2,3.5,5.6,2,3.8,2,2,2.7,2,2,3.8,2,2,3,2,2,2.7,2,2,2,2,2,2,2,3.3,2,2,2,2.4,2
20150626,23,NO2,29.4,35.3,38.8,26.7,33.2,37.8,20.5,10,9.8,48.5,10.7,34.6,22.1,26.4,34.5,31.6,16.9,18,18.5,14.7,6.2,29.5,10.6,3.5,78.5,3.7,11.1,25.8,14.9,9.7,28.5,53.6,65.8,86.4,48.1
20150626,23,O3,95.4,97.3,87.3,99.3,101.1,97.9,103,67.5,92.8,54.9,100.6,93.4,110.1,108.8,118.8,104,91.5,73.6,79,83.6,79.8,73.4,86.6,78.3,27.4,124,58.9,77.3,122.3,101,92.3,75.4,57,40.6,73.9
20150626,23,CO,0.7,0.7,0.7,0.4,0.4,0.7,0.9,0.5,0.3,0.7,0.5,0.7,0.4,0.9,1.2,0.7,0.5,0.5,0.5,0.7,0.5,0.2,0.4,0.1,0.4,0.5,0.6,1.3,1,0.4,0.5,0.7,0.7,0.9,0.4
20150626,0,PM2.5,129.4,115.9,121.2,96.2,123.4,123.6,133.8,140.8,106.3,157.8,115.8,127.7,104.1,88.8,93,158.3,186.1,164.2,128,162,117.6,160.1,145.5,125.4,134.8,77.1,154.4,188.8,102.3,105.9,122,109.5,110,100.4,106.7
20150626,0,PM10,,,,,,,,,,,,,,,,,,,,175.6,,,,,,,,,,,,,,,
20150626,0,AQI,159,148,151,136,163,153,170,179,165,190,140,166,132,127,137,155,171,201,154,215,176,155,175,188,186,133,165,170,111,117,141,140,140,147,142
20150626,1,PM2.5,123.2,116.7,112.7,106.3,121.1,119.7,127.3,133.1,110.3,162.5,115.6,130.1,103.2,91.6,94.2,108.6,165.3,140.7,131.3,156.6,118.6,147.9,138.2,123.2,126.6,78.7,164.9,183.6,98.9,105.5,126.1,105,109.3,107,105.3
20150626,1,PM10,,,,,,,,,,,,,,,,,,,,,,,,,,,,,,106.2,,,,,
20150626,1,AQI,160,149,152,137,165,154,173,180,163,192,141,166,133,127,138,157,175,201,153,216,175,157,173,187,183,131,168,175,111,120,143,140,141,148,143
20150626,2,PM2.5,117.7,121.3,130.7,107,108.4,117.7,123.8,138,111.3,147.5,124.2,138.4,110.1,97.4,113,99.6,164.2,134.8,127.6,154,140,142.1,128.2,119.7,125.3,73.7,127.1,111.1,94.7,110.4,121.6,109,110.6,103.6,98.2
20150626,2,PM10,,,,123.6,,,,,,,,,,,,,,,,159.4,,,,,,,,,,,137.1,,,121,141.9
20150626,2,AQI,161,150,154,138,166,155,175,182,162,193,142,167,135,127,139,157,179,201,152,216,175,158,170,185,180,128,168,175,111,123,144,141,142,148,144
20150626,3,PM2.5,117.2,120.4,125.1,116.1,104.3,103.2,125.7,143.9,106.9,157.5,123.6,142.7,117.3,99.4,120.6,111.7,144.1,145,130,162,117.7,115.8,125.9,120,125.4,79.5,123.3,98.9,92.5,110.7,113.2,111.9,108.5,106.5,91.8
20150626,3,PM10,,,,,,,,,,,,,123.5,,175,,,,,,,,,,,,,,,,,,,,
20150626,3,AQI,162,151,155,138,166,155,176,184,161,194,143,168,136,127,141,158,181,200,152,218,175,157,167,183,177,126,168,175,110,126,145,141,143,148,144
20150626,4,PM2.5,116.5,116.7,108.4,125.1,112.4,103.5,123.7,140.4,103.9,,104.4,119.2,117.6,103,128.1,112.8,101.8,107.8,121.8,156.1,100.4,88.4,126.4,129.5,125.4,108.7,119.4,94.8,87.9,105.5,111.1,109.4,103.1,117,97.2
20150626,4,PM10,,,,,,,,,,,,,,,,,,,,,,,,,,,,,,,,,,,
20150626,4,AQI,163,151,156,140,167,155,176,186,159,193,143,168,137,127,143,158,180,197,152,218,173,154,165,182,175,125,168,174,109,128,145,142,144,148,143
20150626,5,PM2.5,116.2,115.7,106.9,127.9,100.7,92.8,111.5,119.8,97,,100.2,123.5,113.6,127.3,129,104.9,93.8,94.9,125.1,159.2,112.1,110.5,127.3,122.5,118.2,110.9,90.8,96,86.4,114,108.1,112,93.2,116,81.7
20150626,5,PM10,,,,,,,,,,,,,,,,,,,,171.2,,,,,,,,,,,,,,,
20150626,5,AQI,163,151,157,141,166,153,176,187,158,195,142,168,137,128,144,157,178,193,153,219,172,153,163,181,173,125,166,173,109,130,145,142,144,148,142
20150626,6,PM2.5,107.7,110.9,101.3,98.1,95.6,107.2,109.7,105.7,104.8,135.3,107.3,129.9,125.4,124.2,122.6,105.4,85,85,118.8,111.3,94.3,123.8,133.3,120.4,122.3,111,80.8,101.2,92.3,127.4,103.2,111.9,87.9,112.5,89.4
20150626,6,PM10,,,,,,,,,,,,,,,,,,,,,,,,,,,,,,,,,,,
20150626,6,AQI,162,150,156,141,164,152,175,187,157,194,142,168,138,128,143,154,175,188,153,217,169,152,163,179,171,124,165,171,109,132,145,142,143,148,140
20150626,7,PM2.5,122.9,113.5,113.2,103.6,99.3,103.2,115.4,103.1,116.1,223.5,100,134.5,135.9,127.9,114.2,98.9,90.2,98.4,127.9,112.2,75.4,110.3,134.2,117.1,123.6,101.8,77.3,102.3,96.7,143.6,113.7,111.5,92.4,114.2,87.2
20150626,7,PM10,,,,,,,,,,,,,,,,,,,,,,,,,,,,,,,,,,,102.6
20150626,7,AQI,161,150,156,141,162,151,174,186,157,199,141,168,139,129,143,152,172,185,153,192,165,150,162,177,169,124,163,168,109,135,144,142,142,147,137
20150626,8,PM2.5,122.1,120.4,125.5,138.6,98.7,105.8,117.1,109.4,113.4,226.7,111.1,135.6,139.6,128.4,120.8,89.9,90.5,102.8,131.7,117.3,83.4,101.4,139.9,105.9,131.8,97.1,74.5,75.6,103.1,152.1,117,129.6,105.8,130.2,102.3
20150626,8,PM10,,,,,,,,,,,,,,,,,,,,,,,,,,,,,,,127.1,,,,
20150626,8,AQI,160,149,156,142,160,148,173,185,156,202,140,168,140,131,142,148,168,181,154,192,162,148,162,175,168,123,160,163,110,138,144,142,142,147,135
20150626,9,PM2.5,121.9,132.6,118,143,98,111.5,128,115.3,128.4,200,142.5,138.3,146.1,134.9,131.8,92.6,93.7,111.7,135.5,112.8,87.7,99.3,142.1,102.6,133.9,110.7,78.7,70.4,116.3,156.6,120.4,134.8,102.6,144.3,105.2
20150626,9,PM10,,,,,,,,,,,,,,,,,,,,,,,,,,,,,,,,,,,
20150626,9,AQI,158,149,155,143,157,146,172,183,155,204,140,169,141,131,141,145,165,179,155,192,159,145,163,173,167,122,157,156,113,139,141,142,141,147,132
20150626,10,PM2.5,95.9,128,120.9,145.5,115.7,84.5,131.4,119.8,127.7,200.2,150,149.7,149.5,132.5,126.2,89,98,115.2,149.5,112.5,89.7,100.2,149.9,112.2,135.5,101.6,87.4,88.4,128,141.6,136.2,132.1,102.7,148.8,69.4
20150626,10,PM10,,,,,,,,,,,,,,,,,,,,,,,,,,,,,,,,,106.5,,
20150626,10,AQI,154,147,153,144,153,141,170,182,154,207,141,169,142,131,140,142,161,177,156,191,156,143,164,171,166,122,153,151,116,140,140,141,139,147,128
20150626,11,PM2.5,97.7,128.6,113.4,118.1,119.3,81.1,115.6,125.5,113.3,198.2,150.9,141.9,148.4,130.9,121.4,87.3,79.1,119.2,137.4,135.3,101.6,113.3,128.9,120,120.4,98.9,90.3,107,145.3,143.8,125.4,122.6,98.4,142.3,81.2
20150626,11,PM10,,,,,,,,,,,,,,,,,,,,,,,,,,,,,,,144.9,,,,91.6
20150626,11,AQI,149,144,150,142,150,137,166,180,152,206,142,168,143,132,139,139,156,175,156,192,154,142,164,170,165,121,151,149,120,140,138,139,136,146,124
20150626,12,PM2.5,97.3,130.4,108.5,,113.1,89.9,114.7,117.3,112.2,194.4,155.1,120.8,146.6,137.9,104.8,96.1,73,91.8,117.1,114.6,106.9,95.1,97.4,115.5,115.4,103.9,88.1,108.2,145.2,155.2,113.8,109.1,105,120.4,86.5
20150626,12,PM10,,,,,,,,,,,,,,,,,,,,,,,,,,,,,,,,,,,
20150626,12,AQI,144,142,146,,146,133,164,177,150,205,143,166,143,133,137,137,150,172,155,191,152,141,162,169,163,120,148,148,123,142,138,136,133,144,120
20150626,13,PM2.5,99.8,120.4,103.5,99,94.6,68.9,120.8,98.6,101,159.9,138.3,122.1,135.9,137.3,95.4,101,78,93.5,88.7,,106.5,76.7,73.8,95.8,118.9,93.6,85.7,112.9,159.9,158.1,118.6,110.7,104.4,121.9,70.7
20150626,13,PM10,,,,,,,,,,,,,,,,,,,,24.5,,,,,,,,,,,,,,,
20150626,13,AQI,140,140,143,138,142,128,160,173,147,204,143,164,144,136,136,138,145,168,154,191,150,138,160,165,165,120,145,147,128,146,139,135,130,143,116
20150626,14,PM2.5,114.3,122.4,103.2,106,97.6,92.9,118.1,120.5,94.6,251.9,136.4,130.9,137.3,122.8,106.7,95.3,60.9,76.8,89.7,,80.7,52.8,78.7,84.2,107.1,77.9,82.6,127.7,138.4,137.1,123.4,118.3,91.2,131.1,79.1
20150626,14,PM10,,,,,,,,,,,,,,,,,,,,67.1,,,,,,,,,,,,,,,116.6
20150626,14,AQI,139,141,141,138,138,126,157,170,145,209,145,163,146,139,137,139,141,163,152,190,147,136,159,161,167,118,142,148,131,151,140,137,128,145,114
20150626,15,PM2.5,129.8,134.1,130.6,137.6,115.3,118.7,107.7,141.3,122.3,213.5,138.4,124,138.8,128.2,122.2,119.2,51.1,88.7,110.9,,45.3,28.9,73.5,79.3,79.8,57.3,86.4,130.7,122,129.8,126.8,124.1,108.4,135.1,102.5
20150626,15,PM10,,,,,,,,,,,,,,,,158.4,,,,96.9,,,,,,,,,,,,,110.2,,
20150626,15,AQI,142,145,144,143,139,129,156,169,144,216,147,163,149,142,140,140,137,158,152,189,143,133,159,158,167,116,139,152,134,154,143,140,129,148,116
20150626,16,PM2.5,138.6,130.6,129.1,120.2,128.5,131,130.7,166.2,143.5,,131.4,138.5,113.7,115.4,128.6,126,86.5,84.5,131.4,41.3,57,29.6,68.1,80.8,72.8,42.8,74.6,138.6,154.6,121.4,125.9,124.7,116.6,127.1,115.3
20150626,16,PM10,,,,,,,,,,,,,,,,144.1,87.8,,,,,,,,,,,,,,,,,,126.9
20150626,16,AQI,146,148,146,145,141,132,158,171,146,219,152,166,154,144,143,143,137,154,155,182,138,131,159,154,165,114,136,157,138,157,146,143,132,151,118
20150626,17,PM2.5,126.6,110.2,122.9,116,126.9,126.5,129.2,171.4,166.6,59.2,97.8,122,105.3,88.6,116.1,131.5,109.7,96.3,104.2,59.1,67.3,30,68.9,80.8,82,30.1,80.3,152.6,148.6,107.6,118.1,108.3,105.8,123.7,123.6
20150626,17,PM10,,,,,,,,,,,,,,,,165.1,,,,69.2,,,,,,,,,,,,,,,
20150626,17,AQI,148,150,148,147,144,133,161,172,151,216,154,170,155,145,144,147,139,150,159,176,135,128,158,150,160,112,134,161,141,159,148,145,134,153,120
20150626,18,PM2.5,125.9,114.3,,98.2,120.4,129.9,123.6,172.3,161.2,15.4,97.7,99.2,103.8,94.1,121.6,142.5,130.7,113.1,86.9,78.4,89.2,60.1,77.8,96.4,93.8,25.2,78.5,171.3,110.6,104.7,120.2,103.3,108.6,107.7,118.9
20150626,18,PM10,,,,,,,,,,,,,,,137.8,153.6,,,,88.9,,63,,,,,,,,,,,,,
20150626,18,AQI,149,151,150,148,145,136,163,174,154,212,156,172,157,146,146,151,141,149,160,171,132,128,156,147,156,109,131,166,143,160,150,145,136,153,123
20150626,19,PM2.5,111.1,104.6,80.5,97.8,115.7,123.5,97.9,134.7,134.2,28,100.9,112,105.1,111.4,151.7,144,128.3,121.8,96.9,81.5,104.2,81.6,87.7,126.9,107.3,34.6,87.9,173.6,118.9,106.8,99.4,108.1,91.8,112.7,133.4
20150626,19,PM10,,110.8,,104.8,,,,,,,105.6,,,,157.7,,,,,90,,,,,,,,,,,146,,96.2,160.9,226.4
20150626,19,AQI,150,153,149,148,146,138,163,174,154,207,157,173,159,147,151,154,143,149,159,166,130,128,153,146,155,107,130,171,145,161,150,146,136,154,126
20150626,20,PM2.5,164.5,166.8,130.1,149.6,155.7,173.8,101.5,118.4,141.6,36.6,118.9,109,127.6,134.8,166.8,160.8,122.2,121.5,102.4,77.2,62.8,27.2,36.6,41.3,90.5,17.9,77.4,169.5,126.1,105.4,151.2,162.6,108.6,169.5,163
20150626,20,PM10,,186,,198.7,,,,,,170.7,136.1,,,163.1,176.5,,,,,,,,,,,,,,,,245.3,,196.2,213.3,227.1
20150626,20,AQI,155,158,151,151,150,143,161,174,155,204,159,172,161,149,156,156,144,150,158,161,127,124,148,142,153,104,129,173,148,161,154,150,137,158,131
20150626,21,PM2.5,160,190.7,136,187.8,82.4,145.6,86.1,20.9,93.7,74.6,148.9,97.5,148.9,162.9,178,159,141.2,25.6,78.1,25.2,33.2,17.7,9.1,15.8,20.3,7.6,84.8,179.1,145.3,129.1,170.4,176.4,98.6,180.8,138.3
20150626,21,PM10,,,,,,,,,,117.2,,,,183,,,,,,32.1,,,,,,,,,,130.1,,,,187.2,152.8
20150626,21,AQI,158,163,152,157,148,146,157,168,155,201,162,170,164,154,162,155,146,144,154,153,122,120,141,136,146,100,128,173,152,164,159,156,137,163,134
20150626,22,PM2.5,63,66.6,19.5,66.2,17,66.1,9.8,3,17.7,3,24,19.4,35.8,87.7,185.2,170.5,85.3,18.3,10.9,51.8,30.9,15.6,11.4,19.3,14.6,10.7,83.4,175.6,181.4,90.5,52.4,65.5,16.4,62.6,56.4
20150626,22,PM10,,,,,,,,,,5,,,,,,,,,,132.1,,,,,,,,,,,,,,,
20150626,22,AQI,155,161,147,155,142,144,149,159,149,191,156,163,160,153,166,156,144,137,148,146,118,115,134,131,140,97,127,173,158,163,156,154,131,161,132
20150626,23,PM2.5,19.9,29.9,19.1,36.4,14,28.3,11.9,3,3,3,11.7,28.8,6.8,70.8,137.3,65.5,31.4,25.4,10.4,49.1,23.5,23.3,7.3,11,17.7,9.7,90,167.9,84.1,17.4,21.4,22,13.9,31.6,10.5
20150626,23,PM10,,,,,,,,,,5,,,,,,,,,,,,,,,,,,,,,,,,,
20150626,23,AQI,149,156,141,151,136,139,143,151,144,180,150,155,154,152,166,151,136,130,142,139,113,108,127,125,134,93,125,172,158,158,150,149,126,157,127
