date,hour,type,dongsi,tiantan,guanyuan,wanshouxigong,aotizhongxing,nongzhanguan,wanliu,beibuxingqu,zhiwuyuan,fentaihuayuan,yungang,gucheng,fangshan,daxing,yizhuang,tongzhou,shunyi,changping,mengtougou,pinggu,huairou,miyun,yanqing,dingling,badaling,miyunshuiku,donggaocun,yongledian,yufa,liulihe,qianmeng,yongdingmengxi,xizhimengbei,nansanhuan,dongsihuan
20150810,0,SO2,2,4,2,2,3,2,2,3,134,6,2,2,3,2,3,8,2,2,2,2,2,2,2,4,2,2,2,2,2,4,2,3,7,4,2
20150810,0,NO2,40,38,58,52,70,40,90,60,42,105,40,,55,29,66,61,50,13,18,7,6,15,22,16,12,6,12,57,54,52,93,128,89,121,120
20150810,0,O3,84,46,65,60,70,95,16,2,111,2,73,69,38,110,77,79,45,146,83,117,95,57,81,145,100,63,130,36,2,11,38,11,41,28,13
20150810,0,CO,1.1,1.1,1.1,1.2,1.2,1.1,1.1,0.9,,1.7,0.9,0.9,0.7,1.2,1.5,1,0.8,0.5,0.7,0.6,0.7,0.6,0.6,0.7,0.9,0.5,0.5,0.9,1.1,0.6,1.2,1.2,1.1,1.1,1
20150810,1,SO2,2,3,2,2,3,2,2,2,135,6,2,2,3,2,3,7,2,2,2,2,2,2,2,4,2,2,2,2,2,4,2,4,8,4,5
20150810,1,NO2,63,38,85,50,123,58,64,50,41,130,44,,39,30,67,86,36,18,15,7,7,30,19,26,5,6,12,62,48,70,100,138,113,151,130
20150810,1,O3,49,25,36,51,18,55,57,2,146,2,63,84,49,95,64,37,55,130,77,103,91,40,68,120,107,66,108,19,2,2,27,2,10,3,2
20150810,1,CO,1.2,1,1.2,1.2,1.3,1.3,1,1.1,,1.6,0.9,0.8,0.6,1.2,1.5,1.1,0.7,0.5,0.9,0.6,0.7,0.7,0.6,0.7,0.9,0.5,0.5,0.9,1.1,0.6,1.3,1.3,1.1,1.3,1.3
20150810,2,SO2,2,4,2,2,2,2,2,2,135,6,2,2,3,2,2,6,2,2,2,2,2,2,2,3,2,2,2,2,2,4,2,5,5,6,6
20150810,2,NO2,112,44,110,87,90,122,52,40,44,123,41,,52,44,70,104,36,47,14,6,2,27,17,30,18,8,11,50,40,61,107,130,146,155,130
20150810,2,O3,5,5,19,10,52,3,52,7,88,2,55,91,32,47,47,14,42,89,48,93,90,39,66,91,72,63,130,4,10,2,5,2,2,2,2
20150810,2,CO,1.4,1.1,1.1,1.2,1.2,1.5,0.9,1.1,,1.6,0.8,1,0.5,1.2,1.6,1.3,0.6,0.5,0.4,0.6,0.5,0.6,0.5,0.7,0.8,0.5,0.5,0.9,1.1,0.6,1.2,1.6,1.1,1.2,1.4
20150810,3,SO2,2,4,2,2,2,2,2,2,134,7,2,2,3,2,3,5,2,2,2,2,2,2,2,4,2,2,2,2,2,4,2,5,3,6,7
20150810,3,NO2,107,59,106,87,79,118,79,48,37,122,42,,44,60,85,111,34,18,12,6,8,17,15,26,27,6,14,31,26,56,118,128,145,149,130
20150810,3,O3,7,2,21,6,51,2,7,2,75,2,55,99,42,14,31,2,34,115,2,88,68,51,68,86,72,66,96,12,2,2,2,2,2,2,2
20150810,3,CO,1.4,1.2,1,1.2,1.1,1.3,1,0.8,,1.6,0.8,0.9,0.5,1.3,1.7,1.3,0.6,0.5,0.1,0.5,0.5,0.5,0.6,0.6,0.8,0.5,0.5,0.9,1.2,0.6,1.1,1.5,0.9,1.2,1.4
20150810,4,SO2,2,5,2,2,3,2,2,2,133,6,2,2,3,2,3,6,2,2,2,2,2,2,2,3,5,2,2,2,2,5,2,3,4,6,3
20150810,4,NO2,66,76,92,100,73,104,81,42,32,130,56,,30,71,112,129,29,13,15,6,8,33,23,31,56,6,12,56,20,53,92,126,139,142,123
20150810,4,O3,33,2,30,8,50,23,,2,91,2,30,89,53,3,5,2,36,112,61,96,66,23,25,73,17,52,89,2,2,2,26,14,,2,2
20150810,4,CO,1,1.2,1,1.2,1,1.1,1.1,0.8,,1.7,0.9,0.7,0.4,1.3,1.8,1.2,0.6,0.5,0.4,0.5,0.5,0.6,0.6,0.6,0.9,0.5,0.5,0.9,1.3,0.6,1,1.2,0.9,1.2,0.9
20150810,5,SO2,2,4,2,2,3,2,2,3,132,6,2,2,3,2,3,5,2,2,2,2,2,2,2,3,2,2,2,2,2,5,2,2,2,5,2
20150810,5,NO2,44,68,68,56,38,57,78,40,29,124,37,,59,86,123,108,25,10,,7,4,30,54,10,20,8,11,69,23,44,48,79,68,87,93
20150810,5,O3,51,11,45,50,75,38,2,2,88,2,37,70,24,2,2,2,42,111,59,95,82,41,2,103,38,38,80,2,2,2,44,22,34,17,7
20150810,5,CO,0.7,1.1,0.9,1,0.8,0.7,1.1,0.8,,1.7,0.8,0.7,0.5,1.1,1.9,1,0.6,0.4,0.4,0.5,0.6,0.6,0.5,0.5,0.8,0.5,0.5,0.9,1,0.5,0.7,0.9,0.7,0.8,0.5
20150810,6,SO2,2,3,2,2,2,2,2,2,130,6,2,2,4,2,3,4,2,2,2,2,2,2,2,4,2,2,2,2,2,5,2,2,2,5,2
20150810,6,NO2,38,50,40,39,38,39,89,47,42,69,24,,60,90,136,90,21,22,16,7,10,39,50,16,30,7,10,64,23,43,37,63,62,89,82
20150810,6,O3,58,19,77,60,75,62,2,2,64,12,54,53,22,2,2,2,46,81,62,88,52,17,2,87,26,27,92,2,2,2,59,36,41,20,8
20150810,6,CO,0.7,0.9,0.8,0.8,0.8,0.6,1,0.7,,1.5,0.7,0.8,0.6,1.1,1.5,0.7,0.6,0.4,0.5,0.5,0.7,0.6,0.6,0.5,0.9,0.5,0.5,1,1.1,0.6,0.6,0.7,0.6,0.6,0.4
20150810,7,SO2,2,4,2,2,2,2,2,2,128,6,2,2,4,2,4,5,2,2,2,2,2,2,2,4,2,2,2,2,,5,2,3,2,7,3
20150810,7,NO2,58,50,63,38,57,38,76,42,43,67,27,,62,75,92,72,23,53,20,12,14,22,33,14,35,6,18,52,,43,42,78,85,107,86
20150810,7,O3,54,38,63,65,67,60,17,2,55,45,43,68,27,31,21,10,43,44,52,85,36,37,33,73,21,29,73,2,,2,63,21,28,11,18
20150810,7,CO,0.7,0.8,0.9,0.8,0.9,0.6,1,0.6,,1.4,0.6,0.7,0.6,0.9,0.9,0.6,0.6,0.6,0.5,0.6,0.6,0.5,0.5,0.5,0.9,0.5,0.5,1,,0.6,0.6,0.8,0.9,0.9,0.6
20150810,8,SO2,2,5,2,2,2,2,2,2,129,6,2,2,4,4,4,6,2,2,2,2,3,2,2,4,3,2,2,2,2,5,2,2,2,6,3
20150810,8,NO2,72,68,90,49,77,42,57,34,35,93,27,,66,61,66,60,19,36,16,14,15,19,29,14,20,6,33,63,17,53,52,82,111,121,90
20150810,8,O3,65,67,44,83,57,79,42,14,88,30,54,85,45,51,47,36,42,58,57,102,27,45,37,73,57,33,37,21,6,27,75,48,25,21,26
20150810,8,CO,0.9,0.9,1,0.9,1.8,0.7,1,0.6,,1.7,0.7,0.7,0.7,0.9,0.8,0.6,0.5,0.4,0.5,0.7,0.5,0.5,0.5,0.4,0.8,0.5,0.5,1,1.2,0.6,0.8,0.9,1,1,0.7
20150810,9,SO2,2,5,3,2,3,2,2,2,134,7,2,2,4,4,6,6,2,2,2,2,4,,2,4,6,2,4,2,2,4,2,2,2,5,2
20150810,9,NO2,57,70,66,62,61,38,61,36,26,85,19,,61,56,60,49,16,25,12,15,10,,33,16,17,6,31,44,22,44,59,84,81,119,73
20150810,9,O3,78,75,88,88,79,96,69,41,147,59,80,100,83,80,75,69,53,75,72,132,42,,46,80,66,43,71,70,28,56,77,64,54,37,55
20150810,9,CO,0.8,0.9,0.9,1,1.1,0.7,0.9,0.6,,1.7,0.8,0.8,0.7,0.9,0.8,0.6,0.5,0.4,0.6,0.8,0.4,,0.6,0.5,0.8,0.4,0.5,0.7,1.4,0.4,0.9,1,0.8,1,0.6
20150810,10,SO2,2,5,2,2,3,2,2,3,95,8,2,2,4,4,5,5,2,2,2,2,3,,2,4,10,2,2,2,2,4,2,3,3,6,2
20150810,10,NO2,,59,,52,48,38,52,26,33,67,12,,63,49,53,33,,25,11,12,,,27,12,25,5,19,36,22,44,48,71,70,116,60
20150810,10,O3,99,103,93,116,103,115,85,74,139,91,106,130,105,131,91,96,31,98,96,174,61,,70,101,65,59,124,112,101,89,102,92,71,59,88
20150810,10,CO,0.8,0.8,0.8,0.9,1.1,0.7,0.8,0.6,,,0.9,0.8,0.7,0.9,0.7,0.4,0.3,0.4,0.5,0.7,0.5,,0.5,0.5,0.9,0.4,0.5,0.7,1.1,0.4,0.7,0.8,0.8,0.9,0.4
20150810,11,SO2,2,4,2,2,3,2,2,3,,8,2,2,5,3,5,4,2,2,2,2,2,,2,4,11,2,2,2,2,4,2,2,5,6,2
20150810,11,NO2,26,44,41,28,32,23,35,29,,49,6,,39,41,46,26,12,16,14,9,9,,20,12,21,3,16,25,13,36,38,55,51,94,64
20150810,11,O3,112,111,136,142,133,132,140,77,,128,136,166,136,153,102,132,91,126,142,203,77,,117,116,84,66,178,172,136,139,103,104,102,71,90
20150810,11,CO,0.6,0.7,0.7,0.7,1.2,0.5,0.7,0.5,,0.8,0.8,0.6,0.5,0.8,0.6,0.4,0.4,0.4,0.6,0.7,0.5,,0.6,0.4,0.9,0.4,0.5,0.6,0.8,0.5,0.6,0.7,0.7,0.7,0.5
20150810,12,SO2,2,3,2,2,3,2,2,2,,7,2,2,4,3,5,4,20,2,2,34,2,,3,4,9,2,2,2,2,4,2,3,4,6,2
20150810,12,NO2,20,27,24,19,20,18,17,22,,28,7,25,39,33,37,17,10,6,16,14,5,,15,10,18,3,15,17,10,28,26,43,39,77,59
20150810,12,O3,138,143,151,158,139,161,167,107,,140,147,152,190,170,141,183,120,138,160,210,95,,138,130,106,73,203,,,189,136,125,108,87,123
20150810,12,CO,0.6,0.6,0.6,0.5,0.8,0.5,0.6,0.5,,0.6,0.8,0.1,0.5,0.7,0.6,0.3,0.5,0.3,0.6,,0.4,,0.6,0.4,0.8,0.5,0.6,0.5,0.5,0.8,0.5,0.6,0.6,0.5,0.4
20150810,13,SO2,2,4,2,2,3,2,2,2,,7,2,2,4,2,4,6,2,,2,5,2,,3,4,6,2,2,2,3,4,2,3,3,5,2
20150810,13,NO2,16,26,17,19,20,18,13,14,,23,5,13,31,24,30,18,9,5,11,15,5,,9,9,20,3,11,15,6,23,30,47,55,102,69
20150810,13,O3,174,192,174,203,181,213,182,111,,166,168,177,201,192,195,226,151,119,126,220,119,,157,148,116,88,163,209,277,230,165,165,116,98,172
20150810,13,CO,0.5,0.6,0.5,0.6,0.7,0.5,0.5,0.4,,0.6,0.7,0.1,0.4,0.6,0.6,0.4,0.4,0.2,0.5,0.8,0.4,,0.6,0.5,0.8,0.6,0.5,0.5,0.8,1,0.5,0.5,0.5,0.7,0.4
20150810,14,SO2,2,4,2,2,3,2,2,3,,7,2,2,4,2,3,9,2,2,2,6,2,,2,4,3,2,4,2,3,5,2,2,3,5,2
20150810,14,NO2,15,23,14,17,24,14,7,9,,22,3,14,24,20,21,17,9,2,10,18,3,,11,9,14,2,7,12,6,23,25,47,63,102,63
20150810,14,O3,196,214,194,200,207,230,180,92,,179,157,198,182,207,216,257,159,127,124,229,103,,120,159,118,91,133,201,317,259,178,179,135,111,185
20150810,14,CO,0.5,0.6,0.5,0.5,0.7,0.5,0.5,0.4,,0.6,0.6,0.1,0.3,0.5,0.5,0.5,0.5,0.2,0.5,0.9,0.4,,0.5,0.5,0.7,0.6,0.4,0.5,0.8,1.3,0.5,0.5,0.6,0.7,0.4
20150810,15,SO2,2,4,2,2,4,2,2,3,16,6,2,2,4,2,3,6,2,2,2,6,2,,2,4,2,2,4,3,3,5,2,3,3,6,3
20150810,15,NO2,10,19,11,16,20,10,10,9,2,18,2,15,22,20,21,13,8,5,11,14,6,,6,7,16,2,6,12,6,21,25,38,43,143,62
20150810,15,O3,153,199,205,201,174,190,189,99,132,183,166,188,181,215,227,220,153,133,127,202,118,,111,138,157,85,168,205,299,267,146,179,162,84,155
20150810,15,CO,0.4,0.5,0.5,0.5,0.6,0.4,0.4,0.3,0.5,0.5,0.6,0.1,0.2,0.5,0.6,0.4,0.5,0.2,0.6,0.8,0.4,,0.4,0.4,0.7,0.5,0.5,0.5,0.7,1.4,0.4,0.5,0.5,0.7,0.4
20150810,16,SO2,2,4,2,2,3,2,2,2,15,6,2,2,4,2,3,6,2,2,2,5,2,,2,4,4,2,5,4,3,5,2,3,3,5,3
20150810,16,NO2,9,19,10,14,19,11,11,10,,20,3,15,20,19,20,11,8,7,8,13,7,,5,7,15,2,4,12,8,17,31,36,33,137,68
20150810,16,O3,143,204,172,182,146,189,230,110,155,176,182,194,204,193,229,207,144,136,115,199,130,,119,146,151,83,217,197,318,242,140,181,137,84,140
20150810,16,CO,0.4,0.5,0.4,0.4,0.7,0.4,0.5,0.3,0.4,0.5,0.6,0.1,0.2,0.4,0.6,0.4,0.4,0.2,0.5,0.7,0.5,,0.5,0.4,0.7,0.5,0.7,0.5,0.7,1.4,0.4,0.5,0.5,0.6,0.5
20150810,17,SO2,2,4,2,2,3,2,2,2,13,6,2,2,4,2,3,6,2,2,2,5,2,,2,4,5,2,4,3,2,5,2,3,2,5,3
20150810,17,NO2,10,21,8,15,22,11,11,9,18,19,2,17,27,19,18,13,10,7,9,12,7,,9,7,18,2,11,9,6,18,32,55,40,141,71
20150810,17,O3,152,182,183,185,139,163,190,129,171,178,197,205,211,210,215,212,144,135,138,214,134,,155,139,157,83,177,174,314,264,137,163,120,88,111
20150810,17,CO,0.4,0.4,0.4,0.4,0.5,0.4,0.4,0.4,0.4,0.5,1.1,0.1,0.2,0.4,0.6,0.4,0.4,0.2,0.5,0.7,0.5,,0.5,0.4,0.7,0.5,0.6,0.4,0.8,1.4,0.4,0.5,0.5,0.7,0.5
20150810,18,SO2,2,6,2,2,3,2,2,2,8,6,2,2,4,3,3,6,2,2,2,5,2,,2,4,4,2,3,2,2,4,2,4,2,6,3
20150810,18,NO2,14,24,12,22,32,13,13,14,15,27,5,20,35,22,21,17,12,10,10,15,10,,14,8,11,2,12,11,5,19,59,61,33,179,96
20150810,18,O3,147,201,173,200,146,167,179,121,151,203,212,232,216,204,202,198,143,141,140,198,133,,163,135,158,81,169,169,213,231,107,159,130,74,95
20150810,18,CO,0.4,0.5,0.5,0.6,0.6,0.4,0.5,0.4,0.6,0.6,0.7,0.1,0.3,0.4,0.7,0.4,0.4,0.2,0.3,0.8,0.5,,0.5,0.4,0.6,0.5,0.5,0.4,0.7,1,0.5,0.6,0.5,0.9,0.6
20150810,19,SO2,2,5,2,2,4,2,2,2,3,7,2,2,4,3,3,8,2,2,2,6,2,,2,3,4,2,3,2,2,4,2,4,2,7,5
20150810,19,NO2,29,32,18,30,43,29,28,18,15,33,22,30,39,34,38,26,21,14,21,21,9,,25,9,39,2,11,19,2,27,77,78,47,196,142
20150810,19,O3,136,177,157,189,142,160,152,88,113,223,213,199,246,171,155,186,133,123,135,184,120,,143,104,91,74,168,196,142,138,120,136,114,46,47
20150810,19,CO,0.5,0.6,0.5,0.7,0.7,0.6,0.6,0.4,0.7,0.7,0.6,0.1,0.4,0.6,0.7,0.5,0.5,0.3,0.4,0.8,0.5,,0.5,0.4,0.6,0.5,0.5,0.6,0.7,0.5,0.6,0.8,0.6,0.9,1
20150810,20,SO2,2,5,2,2,3,2,2,2,2,6,2,2,4,3,3,6,2,2,2,5,2,3,2,3,4,2,3,2,,4,2,4,4,6,4
20150810,20,NO2,41,31,28,33,67,52,70,27,19,57,40,52,57,51,61,38,44,27,33,26,12,26,22,10,53,6,18,25,,21,92,105,61,157,138
20150810,20,O3,140,123,168,153,102,114,92,57,95,175,208,199,196,153,112,148,94,96,100,177,87,150,141,92,57,71,187,123,,85,97,86,117,39,5
20150810,20,CO,0.7,0.7,0.7,0.8,0.7,1.3,0.8,0.4,0.8,0.7,0.8,0.2,0.5,0.6,0.7,0.5,0.7,0.4,0.5,1.1,0.6,0.9,0.4,0.4,0.7,0.5,0.8,0.6,,0.3,0.9,0.9,0.7,0.9,1
20150810,21,SO2,2,4,2,2,5,3,2,2,8,6,2,2,3,2,4,7,2,2,2,5,2,2,2,3,4,2,3,2,,4,2,7,3,6,4
20150810,21,NO2,45,47,39,57,96,58,74,51,22,74,39,63,60,44,89,62,48,17,34,23,8,30,50,10,36,7,19,27,,20,131,140,72,145,147
20150810,21,O3,114,54,122,87,70,110,109,21,123,129,192,178,156,166,94,112,90,84,82,173,74,139,87,95,77,50,168,131,,46,24,22,87,24,13
20150810,21,CO,0.8,0.7,0.8,1,1,1.2,0.9,0.5,0.7,0.8,0.8,0.4,0.6,0.8,0.9,0.7,0.9,0.3,0.5,1.1,0.5,0.9,0.6,0.4,0.6,0.5,0.9,0.9,,0.4,1.1,1.3,0.8,1.1,1.2
20150810,22,SO2,2,5,2,2,4,3,2,3,17,6,2,2,4,3,3,7,2,2,2,7,3,4,2,3,3,2,5,2,,4,2,9,3,4,3
20150810,22,NO2,73,78,68,62,104,64,84,73,21,84,35,67,67,51,90,45,23,17,18,26,16,20,67,15,15,7,21,25,,22,130,149,102,144,144
20150810,22,O3,88,44,61,80,67,107,79,2,149,89,161,118,104,143,99,133,117,82,107,147,135,153,48,91,91,49,143,137,,35,22,16,41,38,30
20150810,22,CO,1,0.9,0.9,1,1.2,1.2,1,0.6,0.6,0.9,0.7,0.4,0.6,0.9,1.2,1.1,1.1,0.3,0.4,1.4,1.1,1.2,0.5,0.4,0.6,0.5,1.3,1.2,,0.5,1.2,1.5,1.1,1.2,1.2
20150810,23,SO2,2,9,3,2,4,4,2,2,25,6,2,2,4,7,6,6,2,2,2,6,5,4,2,3,3,2,8,2,,4,2,5,5,5,2
20150810,23,NO2,59,81,88,83,79,44,127,62,24,93,39,41,46,62,61,35,27,24,16,25,12,14,69,13,9,8,27,34,,47,104,103,106,139,99
20150810,23,O3,83,75,51,69,84,131,2,8,128,73,117,125,100,109,120,129,99,90,124,129,143,163,30,79,98,41,119,101,,13,43,46,42,39,78
20150810,23,CO,1.2,1.2,1.1,1.2,1.4,1.4,1.1,0.8,0.4,1,0.7,0.2,0.5,1.3,2,1.3,1.2,0.6,0.4,2.1,1.1,1.3,0.5,0.4,0.6,0.4,1.8,1.4,,0.5,1.2,1.3,1.1,1.2,1.4
20150810,0,PM2.5,76,87,79,86,81,65,76,73,108,99,58,65,61,133,142,118,70,47,48,47,37,31,21,45,52,26,78,129,84,72,92,99,85,119,81
20150810,0,PM10,118,104,117,111,132,105,103,103,,149,119,80,73,180,165,208,103,59,57,,42,42,56,55,53,,,143,,,114,153,167,200,136
20150810,0,AQI,83,82,88,80,75,74,76,83,142,94,77,85,97,103,100,96,55,61,71,72,57,52,56,58,76,32,103,129,113,100,92,94,83,105,78
20150810,1,PM2.5,88,82,82,104,83,74,71,71,88,77,53,56,49,146,153,128,56,49,44,40,38,34,26,48,52,26,85,137,91,61,104,102,82,120,93
20150810,1,PM10,126,88,117,117,146,109,,90,,136,117,71,62,185,171,228,57,58,50,,,40,46,86,,,,,,,132,190,139,197,154
20150810,1,AQI,82,82,88,81,76,73,78,83,143,92,76,84,95,106,102,96,55,62,70,73,57,52,56,59,76,32,104,131,115,100,93,93,82,105,78
20150810,2,PM2.5,87,85,80,79,86,78,81,66,156,63,50,50,47,147,168,126,50,46,36,40,39,35,22,49,52,31,82,123,102,53,96,120,78,127,96
20150810,2,PM10,145,86,122,124,131,133,117,76,,126,82,,,174,175,231,61,62,51,64,,37,36,71,,36,,,110,,118,229,151,222,157
20150810,2,AQI,81,82,86,80,76,71,79,83,147,89,74,83,92,108,105,97,54,62,70,73,57,52,56,59,77,32,105,133,118,99,91,92,83,106,78
20150810,3,PM2.5,92,87,80,83,79,87,77,65,139,64,41,39,43,126,176,138,49,49,37,39,44,36,18,48,47,26,83,125,95,51,90,110,71,130,93
20150810,3,PM10,153,87,105,104,109,135,105,87,,155,82,,,151,180,228,54,50,42,,,,40,64,,27,,,103,53,116,173,146,206,153
20150810,3,AQI,81,82,85,79,76,71,80,82,150,88,73,83,90,109,109,97,54,62,69,74,57,52,56,60,78,32,105,134,120,98,90,92,83,107,78
20150810,4,PM2.5,90,79,81,71,75,80,73,64,90,72,50,36,38,111,167,146,41,47,35,38,38,39,19,41,52,23,81,136,96,49,91,91,78,106,83
20150810,4,PM10,110,93,100,81,84,108,84,88,,164,137,46,,116,177,246,49,50,39,41,45,41,50,68,73,24,,161,101,108,109,114,135,151,106
20150810,4,AQI,81,81,85,78,76,71,81,83,149,87,74,82,88,110,112,98,54,62,69,74,57,52,57,60,78,32,105,137,123,98,90,91,83,106,78
20150810,5,PM2.5,55,77,72,82,42,67,75,63,73,68,45,43,41,75,150,136,41,41,29,40,39,27,21,33,59,27,77,151,90,46,72,80,63,86,58
20150810,5,PM10,56,,,,,,85,79,,145,77,71,67,85,181,157,42,,34,43,,31,49,36,,30,,152,99,73,,,,,
20150810,5,AQI,81,82,85,79,76,72,82,83,148,87,75,81,86,109,115,101,55,62,68,74,57,52,57,60,79,32,105,140,124,97,90,91,84,106,78
20150810,6,PM2.5,42,54,40,46,40,41,70,57,60,60,28,61,54,69,107,74,32,33,28,49,40,34,22,28,54,23,66,163,94,49,44,47,41,52,50
20150810,6,PM10,63,,,,46,45,,85,77,119,48,110,88,108,133,,38,39,43,,,38,70,43,,,,,109,75,,,48,,
20150810,6,AQI,81,82,83,79,76,72,83,83,148,87,74,82,85,109,116,102,55,62,68,74,57,52,57,59,80,32,103,144,126,97,90,91,83,106,78
20150810,7,PM2.5,42,42,48,35,47,32,72,55,,47,30,48,50,62,57,49,29,37,31,44,42,19,22,27,56,18,77,156,,51,42,43,53,49,42
20150810,7,PM10,57,,79,46,74,44,80,108,,73,73,,82,,,,42,67,50,88,47,,47,52,,,,170,,168,,67,127,94,52
20150810,7,AQI,81,82,83,79,76,72,83,83,43,86,74,82,84,108,116,103,55,62,68,74,57,52,56,59,81,32,103,147,,96,90,90,84,106,78
20150810,8,PM2.5,51,45,65,37,59,35,67,58,,61,31,40,65,49,36,43,23,36,29,46,24,24,11,21,49,21,75,142,122,59,52,49,68,55,43
20150810,8,PM10,83,,92,65,97,65,85,70,,114,92,69,98,101,47,74,30,,52,86,38,42,42,37,,23,,,200,,66,61,109,104,72
20150810,8,AQI,82,82,84,79,77,72,85,82,43,87,74,81,83,107,115,102,54,62,67,73,57,52,56,59,82,32,102,148,131,96,90,91,85,106,79
20150810,9,PM2.5,49,47,62,60,51,30,58,60,73,55,38,53,64,38,36,45,19,26,27,58,15,,14,20,53,15,81,102,163,62,52,49,61,60,36
20150810,9,PM10,76,47,84,94,88,66,,62,,83,90,152,85,67,61,86,26,,57,97,,,48,49,78,18,,145,202,105,74,70,105,95,44
20150810,9,AQI,82,82,85,80,78,72,85,82,155,87,73,84,82,106,115,102,54,62,66,72,59,,56,59,82,31,102,146,133,93,90,91,86,106,78
20150810,10,PM2.5,39,42,50,37,44,27,43,60,91,41,41,55,59,45,26,35,15,38,28,57,20,,26,15,48,14,79,107,120,64,54,45,49,56,34
20150810,10,PM10,76,,78,52,87,65,,71,,59,103,,61,60,50,,22,78,49,97,48,,77,30,,23,,144,,104,71,,97,66,
20150810,10,AQI,82,82,85,80,78,72,85,82,156,87,73,83,81,105,114,103,53,61,64,72,58,,56,58,82,31,100,143,134,90,91,91,88,107,78
20150810,11,PM2.5,28,27,38,23,35,17,36,44,,31,20,35,37,36,17,22,16,32,31,60,17,,33,18,47,14,68,91,52,60,36,32,41,41,20
20150810,11,PM10,33,,51,,,34,,51,,38,52,,,,50,39,30,34,60,69,35,,71,32,,,,,,94,,,,,27
20150810,11,AQI,82,82,85,79,78,71,85,82,,86,72,84,78,104,112,103,52,61,62,102,57,,56,57,79,31,98,141,128,87,91,91,89,106,78
20150810,12,PM2.5,23,22,32,13,21,22,31,37,,26,30,28,44,30,17,26,17,,35,45,12,,29,13,34,13,64,59,37,54,24,21,28,35,20
20150810,12,PM10,50,27,,31,,46,,,,,50,,67,,40,80,35,8,,,19,,49,33,39,,72,65,,59,41,,,,59
20150810,12,AQI,81,81,84,78,77,70,83,81,,84,71,84,89,103,111,101,51,60,60,106,56,,56,56,76,31,102,138,124,86,90,89,91,105,77
20150810,13,PM2.5,30,30,24,17,24,22,22,27,,25,9,17,34,24,24,35,22,,19,49,16,,19,21,34,11,44,61,37,50,24,24,26,43,30
20150810,13,PM10,38,46,30,53,43,47,,,,28,44,,,,59,99,37,,,,,,29,49,,,,68,,53,36,41,30,43,58
20150810,13,AQI,80,91,83,102,76,107,81,79,,82,70,85,101,100,110,114,51,60,59,111,57,,55,55,74,31,94,137,139,116,89,88,89,103,76
20150810,14,PM2.5,31,24,29,20,28,24,15,18,,22,13,17,21,19,23,50,21,12,13,44,13,,12,19,37,13,8,44,40,53,29,21,28,36,31
20150810,14,PM10,37,26,,,40,37,,,,,16,40,,,46,82,29,73,,45,,,,47,,,,,,69,,24,54,54,
20150810,14,AQI,95,107,93,101,104,116,78,77,,82,68,98,77,104,109,129,51,58,59,115,58,,54,55,69,32,90,136,159,130,87,86,88,101,81
20150810,15,PM2.5,21,20,21,23,25,20,22,13,,18,7,16,17,26,29,39,25,16,8,25,6,,3,14,84,5,22,46,39,50,18,21,26,40,22
20150810,15,PM10,,,,,,25,,15,,,24,,,,51,,31,42,,,33,,9,,,5,42,,,50,,,,,27
20150810,15,AQI,77,100,103,101,75,88,87,74,138,82,66,85,77,108,114,110,51,56,58,102,57,,53,54,71,31,87,134,150,134,84,84,87,98,74
20150810,16,PM2.5,17,23,25,18,15,18,20,17,25,10,29,13,19,21,30,30,19,16,8,26,8,,3,10,,5,36,41,52,36,18,25,23,40,34
20150810,16,PM10,20,,,,,,,20,40,32,,,,,51,,19,35,10,32,34,,16,25,,12,61,,,51,,,,,
20150810,16,AQI,75,102,76,78,75,87,115,73,134,80,78,94,102,93,115,104,51,55,57,99,56,,52,53,71,30,109,132,159,121,81,84,88,96,74
20150810,17,PM2.5,20,27,24,20,20,10,18,18,40,16,,18,23,19,30,28,20,15,9,29,17,,,11,,12,32,29,38,37,14,25,21,42,25
20150810,17,PM10,40,,25,,,17,,27,,21,56,52,28,31,52,40,25,31,37,69,57,,43,18,,,38,,72,67,,48,,77,27
20150810,17,AQI,73,79,80,81,75,64,88,71,131,79,97,103,106,106,108,107,50,53,56,108,56,,52,52,72,30,83,130,158,132,79,82,88,95,73
20150810,18,PM2.5,16,26,21,23,21,10,18,24,25,23,18,19,20,23,26,25,18,12,13,27,17,,4,12,11,6,28,31,32,38,17,29,18,54,21
20150810,18,PM10,30,75,25,119,31,33,35,64,,68,54,43,67,50,52,62,28,91,26,58,49,,36,42,67,,28,53,58,111,22,47,37,115,80
20150810,18,AQI,71,101,73,101,74,63,76,70,125,102,107,116,108,103,102,98,49,54,54,98,55,,54,51,69,31,82,128,107,116,77,80,85,96,70
20150810,19,PM2.5,25,24,21,27,22,17,20,23,26,30,20,19,33,26,25,27,21,14,20,22,14,,8,15,22,9,27,66,26,35,57,34,21,49,28
20150810,19,PM10,51,87,32,70,46,41,41,55,,78,71,64,79,40,40,56,37,35,65,73,36,,28,33,55,43,39,180,50,79,82,91,66,117,68
20150810,19,AQI,70,71,71,87,73,62,74,68,121,112,107,99,123,89,100,96,48,53,54,80,51,,51,49,68,30,81,128,101,74,77,80,84,98,72
20150810,20,PM2.5,37,35,34,28,25,22,26,24,23,31,28,35,36,29,21,31,26,21,36,39,40,25,7,16,22,9,58,69,,43,42,38,28,45,30
20150810,20,PM10,76,80,70,82,57,53,123,44,30,102,100,225,95,151,44,149,68,45,92,120,95,,35,18,63,29,72,143,,168,65,57,117,119,128
20150810,20,AQI,68,69,70,72,71,61,74,66,114,78,104,99,96,87,98,95,48,52,53,71,47,53,49,48,66,28,85,127,,73,76,79,83,94,70
20150810,21,PM2.5,39,31,34,39,40,35,40,36,34,35,34,51,46,43,36,45,43,19,23,67,20,42,14,13,16,11,76,94,,61,51,50,43,42,39
20150810,21,PM10,89,60,76,118,117,79,158,85,40,121,114,141,102,238,111,218,119,45,77,111,30,77,71,15,46,59,93,125,,89,96,120,74,136,136
20150810,21,AQI,67,68,69,70,71,61,76,65,111,78,90,77,66,86,96,97,49,51,53,67,44,53,48,45,64,28,82,128,,73,75,78,81,91,74
20150810,22,PM2.5,54,41,46,55,48,47,45,55,58,43,35,45,48,60,61,101,85,18,22,84,74,55,10,16,22,15,98,97,,64,61,70,39,62,66
20150810,22,PM10,138,101,84,218,159,134,151,131,,136,104,74,77,136,145,333,130,37,36,121,196,118,64,33,37,23,,117,,,153,194,156,228,214
20150810,22,AQI,66,66,68,73,71,61,77,64,105,76,66,74,64,86,94,99,51,50,51,63,52,53,47,44,62,28,84,127,,73,73,79,80,92,74
20150810,23,PM2.5,89,77,59,66,80,98,41,46,87,59,33,32,37,78,84,138,95,33,23,89,90,77,12,13,19,12,92,129,,65,87,85,65,78,109
20150810,23,PM10,176,221,167,134,206,178,88,90,,152,85,,41,,128,284,126,105,36,115,135,116,56,29,32,15,,181,,97,209,242,313,234,195
20150810,23,AQI,66,66,67,73,73,62,74,63,105,75,64,70,62,84,92,102,51,52,49,65,55,55,47,42,59,27,86,128,,73,73,82,83,94,75
