date,hour,type,dongsi,tiantan,guanyuan,wanshouxigong,aotizhongxing,nongzhanguan,wanliu,beibuxingqu,zhiwuyuan,fentaihuayuan,yungang,gucheng,fangshan,daxing,yizhuang,tongzhou,shunyi,changping,mengtougou,pinggu,huairou,miyun,yanqing,dingling,badaling,miyunshuiku,donggaocun,yongledian,yufa,liulihe,qianmeng,yongdingmengxi,xizhimengbei,nansanhuan,dongsihuan
20150614,0,SO2,4.1,2,2,2.2,7.3,2.3,2.8,2,2,4.6,2,2,3,2,2,2.3,2,2,2,2,,2.3,2,2,2,2.4,2,9.6,2,2,2,2.2,2,3.5,2
20150614,0,NO2,51.7,53.9,40.7,50.6,60.6,77.9,36.6,34.7,14.5,119.8,27.4,54.9,63.9,65.1,42.4,61.8,21.6,15.2,28.3,22.3,,32.3,12.6,16.9,14.6,4.9,9.4,58.5,18.4,40.9,53.4,94.6,78,100.7,85
20150614,0,O3,49.5,27.8,41.7,41.5,32.2,12.4,53.2,11.6,86.6,2,67.3,31.3,34.6,10,52.4,24.9,55,47.8,64.5,60.3,,38,71,35,49.4,75.8,71.7,8.9,19.4,41.9,41.8,8.8,27.4,2,6.6
20150614,0,CO,0.9,0.9,0.6,0.5,0.6,1.1,0.8,0.4,0.3,0.7,0.6,0.6,0.7,1,0.5,0.9,0.7,0.3,0.5,0.5,,0.3,0.4,0.2,0.4,0.4,0.1,0.5,0.8,0.4,0.9,0.9,0.5,1,0.7
20150614,1,SO2,4,2,2,2.4,7,2.1,2.8,2,2,4.3,2,2,3,2,2,2.1,2,2,2,2,2,2.2,2,2,2,2.7,2,10.3,2,2,2,2,2,2.9,2
20150614,1,NO2,62.2,58.2,36.9,46.4,57.6,78.8,46.9,39.6,14,100.1,43.9,41.3,57.4,56.6,83.6,73,14.6,20.8,19.2,21.3,10.9,36.6,29.1,13.4,36.5,4.9,10.9,56.7,14.3,32.2,52.3,77.7,87.8,100.3,81.7
20150614,1,O3,28.5,27.9,43.6,41.8,38.9,4.2,34.1,2,70.3,2,39.5,49.7,27,11.2,10.5,8.7,40.6,35,68.7,32.2,46.4,24.3,39.8,41.6,25.2,68.3,61.1,2,12.4,31.4,35.3,18.8,18.3,2,2
20150614,1,CO,0.8,0.9,0.5,0.4,0.6,1,0.8,0.6,0.3,0.7,0.6,0.6,0.7,0.9,0.6,0.9,0.7,0.3,0.4,0.5,0.6,0.3,0.4,0.2,0.4,0.4,0.1,0.5,0.8,0.4,0.7,0.8,0.6,0.8,0.6
20150614,2,SO2,4,2,2,2,7.4,2.2,2.9,2.4,2,4.1,2,2,7.3,2,2,2.2,5.8,2,2,2,2,2.4,2,2,2,2,2,192.1,2,4.9,2,2,2,2.4,8.6
20150614,2,NO2,55.7,61.8,35.1,41.1,73.6,62.6,43.3,35.3,13.2,77.7,54.1,61.3,68.8,75.1,97.8,78.5,9.8,20.6,16.4,12.8,5.3,45.5,51.2,15.1,33.4,6.2,11.8,47,9.9,72.6,63.5,76.4,69.8,71.1,65.3
20150614,2,O3,25,12.4,46,42.9,17.3,17.2,33,2,62.6,4.1,21.3,19.2,8.3,2,2,17.2,19.6,30.6,66,36.5,50.6,2,7,37.8,27.6,72.7,53.1,2.9,11.8,2,17.5,11,32.2,6.5,2
20150614,2,CO,0.7,0.8,0.5,0.3,0.5,0.8,0.8,0.8,0.3,0.6,0.5,0.6,0.6,1,0.8,0.9,0.5,0.3,0.4,0.4,0.5,0.2,0.4,0.2,0.4,0.4,0.1,0.5,0.7,0.5,0.7,0.7,0.5,0.7,0.7
20150614,3,SO2,3.7,2,2,2,7.2,2.3,2.9,5,2,4.2,2,3,4.5,2,2,2.3,2,2,2,2,2,2.3,2,2,2,2,2,133.3,2,4.5,2,2,2.4,2,10
20150614,3,NO2,58.1,57.1,34.7,37.7,89.9,53.9,46.2,33.4,14.2,71,52.1,23.8,76.8,70.8,98.2,74.3,16.6,29.5,19.6,10.6,3.7,42.2,53.5,16.5,39.4,5.5,10.6,48.6,7.6,60,65.8,84.6,70.7,72.7,66
20150614,3,O3,21.4,3.9,38,38.5,2,24.7,20,2,55.9,3.1,23,67.1,2,2,2,24.7,15.8,26.3,62.9,36.2,49.6,5.5,2,54.3,32.3,64.6,270.5,2,2,2,15.3,2,23.6,2,2
20150614,3,CO,0.5,0.7,0.5,0.3,0.6,0.7,0.9,0.8,0.3,0.6,0.5,0.6,0.9,1,0.9,0.9,0.6,0.4,0.4,0.4,0.4,0.2,0.4,0.2,0.4,0.4,0.1,0.5,0.7,0.4,0.7,0.8,0.5,0.7,0.9
20150614,4,SO2,3.6,2,2,2,7.2,2.4,2.8,4.4,2,4.9,2,2.7,4.5,2,2,2.4,2,2,2,2,2,2.6,2,2,4.4,2,2,89,2,4.7,2,2,2,2,8.7
20150614,4,NO2,71.8,52.5,44.6,51.9,85.2,83.5,59.4,27.7,11.8,96.5,69.7,66.5,66.4,62,95,80.2,19.5,17.9,26.2,11.1,2,45,44.3,24,66,5.6,9.7,47.4,12.5,48.6,72.3,84.5,93.9,75.8,58.8
20150614,4,O3,9.4,3.6,19.2,23.3,,2,2,,51.5,2,2,8,2,2,2,,15.4,45.5,55.6,35.3,49.9,2.7,2,43.3,8,57.9,37.1,2,5,,6.4,2,3.7,3.7,2
20150614,4,CO,0.4,0.8,0.6,0.3,0.7,0.9,1,0.8,0.3,0.7,0.6,0.7,0.8,1,0.9,0.9,0.5,0.4,0.4,0.4,0.4,0.3,0.4,0.2,0.4,0.4,0.1,0.5,0.8,0.5,0.8,0.8,0.5,0.6,0.8
20150614,5,SO2,4,2,2,2,6.8,2.3,2.8,4.5,2,5.4,2,2,3.7,2,2,2.3,2,2,2,2,2,2.3,2,2,5.3,2,2,61.4,2,4.1,2,2,2,2.3,6.9
20150614,5,NO2,70.1,57.9,66,59.8,65.9,79.4,57.8,24.2,17.4,93.8,63.1,67.4,63.3,55.8,74.8,70,23.9,24.9,44.1,10.6,2.3,38.1,42.5,14.3,65.5,,8.9,53,10.6,41,71.1,81.3,89.8,78,72.4
20150614,5,O3,5.4,2,2,9.4,7.3,2,2,2,45.2,2,4,2,2,2,2,,19.7,47.6,24.9,30.7,43.3,6.2,2,56.2,6.4,51.5,40.7,2,2,2,4.3,2,2.1,2,2
20150614,5,CO,0.7,0.7,0.6,0.3,0.4,0.9,0.9,0.8,0.3,0.8,0.5,0.8,0.9,1,1,0.9,0.5,0.4,0.5,0.4,0.4,0.2,0.4,0.2,0.4,0.4,0.1,0.5,0.7,0.4,0.7,0.9,0.5,0.6,0.5
20150614,6,SO2,4,2,2,2,7.6,2.1,3.1,5.3,2,5.3,2,2,3.6,2,2,2.1,2,2,2,2,2,2.3,2,2,4.1,2,2,43.9,2,4.3,2,2,2,4.9,5.6
20150614,6,NO2,58.2,56.9,52.6,58.4,57.5,72.9,56.7,23.7,21.2,90.2,58.6,65,51.3,52.9,71.4,65.7,38.4,31.4,54.7,14.3,8.8,19.5,27,11.8,52.3,7,9.6,55.6,15.2,38,64.5,75.7,84.7,82.5,70.2
20150614,6,O3,19.6,4.2,11.7,9.7,21.1,4.1,2,2,39.7,2,9.1,6.2,7,2.9,2,3.5,9.4,44.3,7.2,33.5,44.4,27.3,11.9,56.3,18.6,47.7,34.3,2,2,4.5,13.1,5.9,6.4,2,2
20150614,6,CO,0.6,0.7,0.6,0.3,0.5,0.7,1,0.8,0.4,0.9,0.6,0.6,0.9,0.9,1.1,0.9,0.7,0.4,0.5,0.4,0.5,0.2,0.4,0.2,0.5,0.4,0.1,0.6,0.8,0.4,0.6,0.6,0.6,0.8,0.5
20150614,7,SO2,4.3,2,2,2.7,8.7,3,4.2,4.1,2,5.8,2,2.1,3.8,2,3.4,3.2,2,2,2,2,2,2.9,2,2,5.7,2,2,33.2,2,4.3,2,2.9,2,8.9,3.3
20150614,7,NO2,31.9,63.1,42.3,49.6,46.9,56.4,53,43.5,21.9,85.3,62.7,54.9,64.5,68.1,83.3,69.3,23.9,72.5,35.4,15.8,11.8,19.1,23.4,11,22.1,6.8,11.4,63.5,31.6,56,46.1,69,70.8,87.3,62
20150614,7,O3,54,29.4,30.4,34.9,36.9,28.3,14.1,2,44.5,2,7.3,23.5,7.1,5.3,3.8,12.5,36.5,2.7,37.5,38,48.5,34.3,24.3,61.3,61.7,46.3,39.1,3.6,2,12.8,36.9,20.2,23.9,2,19.7
20150614,7,CO,0.4,0.7,0.5,0.3,0.6,0.6,0.9,0.6,0.4,0.9,0.8,0.6,0.8,1,1,0.9,0.7,0.7,0.4,0.5,0.4,0.2,0.4,0.3,0.4,0.5,0.1,0.6,0.8,0.6,0.6,0.6,0.5,0.9,0.3
20150614,8,SO2,3.9,2,2,2.9,8.5,3.3,5,7.4,2,7.1,2,2.1,3.9,2,2,2.7,2,2.8,2,2,2,3.2,2.2,3.3,6.3,2.1,2,26.8,2,4.7,2,3.3,2,6.4,3.5
20150614,8,NO2,19.1,34.7,30.9,31.3,41.5,39.7,30.5,45.6,34.3,64.8,50,41,55.7,80,36.7,52.1,18.3,66.6,23.7,17.8,5.9,13.4,35.3,11.5,28.9,6.1,11.9,54.2,38.3,31.5,44,54.6,39.7,82.6,54.6
20150614,8,O3,74.1,69.5,50.9,64.8,49.1,51.9,56,22.3,50.4,19.1,39.3,49.3,25.8,17.9,56.8,42.2,47.9,13.9,61.2,53.6,62.3,57.7,22.3,78.4,52,55.9,55.2,32.9,42.2,48.4,48.4,43.1,51.6,14.1,35.9
20150614,8,CO,0.4,0.6,0.5,0.2,0.5,0.5,0.8,0.5,0.4,0.7,0.7,0.5,0.7,0.9,0.4,0.6,0.6,0.7,0.4,0.4,0.4,0.2,0.4,0.3,0.5,0.5,0.1,0.5,0.7,0.5,0.6,0.5,0.4,0.7,0.4
20150614,9,SO2,4.6,2.6,2,3.4,8.6,3.8,5,6.5,2,6.3,2.8,2.4,4.9,3.7,2,3.8,2,5.6,2,2,2,3.1,4,8.6,29.8,2.2,3.1,22.9,2,5.7,2.5,3.6,3.3,5.6,4.7
20150614,9,NO2,23.4,50.2,28,25,29.4,31.9,24.3,35.6,32.7,47.9,47,33,46.1,67.7,25.4,41.6,13.6,21.4,38.2,20.8,5.7,8.8,29.7,11.3,26.7,4.5,16.5,35.9,31,18.4,39.6,57.6,44.8,81.7,46.8
20150614,9,O3,74.3,61.4,63.1,78.7,72.5,69.1,76.5,42.2,66.3,49.9,65.1,71.8,57,52.9,78,66.7,60.6,67.2,58.8,74.7,71.9,83.9,34.8,95.9,66.3,80.5,70.2,65.1,80,68.1,60.5,48,50.9,20.8,54.5
20150614,9,CO,0.4,0.7,0.5,0.2,0.4,0.5,0.8,0.5,0.4,0.6,0.6,0.5,0.7,0.8,0.4,0.5,0.6,0.4,0.6,0.4,0.4,0.2,0.4,0.3,0.6,0.5,0.1,0.4,0.8,0.4,0.6,0.6,0.4,0.8,0.4
20150614,10,SO2,6.5,3.2,2,3.4,9.7,4.6,5.5,9.7,2,7.4,3,5.8,5.2,3.7,2,4.1,2,12.7,2,2,2,2.8,11.7,17.6,26.9,2.2,2,20.3,2,6.4,2.7,3.2,6.3,7.2,4.8
20150614,10,NO2,22.2,31.3,23.2,31.6,24.7,31.1,18.4,25.6,30.1,51.7,29.5,36.6,42.9,28.7,27.5,29.1,10.5,18.9,29.9,13.2,3.3,6.7,29,12.6,24.5,4.5,16.1,22.2,27.2,13.1,30.8,45.6,51.8,100.1,39.9
20150614,10,O3,90.1,98.1,87.4,87.3,91.5,81.8,104.2,64.4,82,63.1,107.8,85.4,85.1,134.1,89.1,101.7,83.1,85.1,83.9,103.1,90.6,99.7,41.3,109.8,85,87.2,85.7,91.1,124.5,100.5,86,69.4,57.3,23,75.4
20150614,10,CO,0.4,0.6,0.5,0.2,0.4,0.6,0.7,0.4,0.4,0.6,0.6,0.5,0.7,0.6,0.4,0.5,0.6,0.4,0.5,0.4,0.4,0.1,0.5,0.3,0.6,0.5,0.1,0.3,0.6,0.3,0.5,0.5,0.5,0.9,0.3
20150614,11,SO2,5.3,3.8,4.7,4.8,9.3,4,8.3,18.1,3.2,7.4,3.9,3.9,5.2,3.8,2,3.9,2,12.5,2,2,2,2.9,53.4,14,32.3,2,2.8,19.1,2,6.3,4,3.3,6.6,9,5.2
20150614,11,NO2,15.9,30.1,23.1,25.7,21,24,21.6,22.8,19.3,37.9,21.3,28.6,32.4,26.1,25.9,25.3,12.3,16.1,27.3,9.5,3.8,4.3,25,7.5,23,3.7,18,21.2,17.1,7.3,37.5,45.4,42.6,100.1,34.8
20150614,11,O3,114.6,116.2,102.6,113.4,115.5,108.1,120.6,86.8,111.5,95.4,137.4,117.9,102.7,152.8,111.9,124.2,98.4,101.9,103.6,123.3,110.6,108.5,72.9,125.3,106.9,105.6,99.1,105.6,148.3,127.8,95.9,86.1,81,41.1,100.2
20150614,11,CO,0.4,0.6,0.5,0.2,0.4,0.5,0.7,0.4,0.3,0.6,0.5,0.5,0.6,0.6,0.4,0.5,0.6,0.4,0.5,0.4,0.4,0.1,0.8,0.3,0.6,0.5,0.1,0.3,0.5,0.3,0.7,0.5,0.5,0.9,0.3
20150614,12,SO2,3.9,2.4,2,3.3,7.9,3.2,5.3,21.1,3.7,6.8,3.4,3.7,4.4,2.6,2,2.9,2,6.8,2,2.2,2,3.2,43.2,8.8,10.6,2,3.6,18,2,7.2,2,2.4,16.5,6.6,5.5
20150614,12,NO2,13.1,24.7,14.6,13.7,17.4,15.6,11.5,16.6,16.5,27.8,22.2,13.1,26.7,29.9,14.2,19.9,11.9,21.5,20.9,9.8,4.1,4.6,12.8,18.3,16.9,3.5,14.7,14.5,15.4,6.3,27.7,25.6,34.5,76.5,39.9
20150614,12,O3,127.9,130.8,121.1,130.7,132.3,131.4,146.5,111,123.8,116.3,133.4,143,116.3,143.2,132.3,135.6,117.6,120.3,127.4,139.4,131.3,119,114.7,135,134,114.5,123.9,124.4,162,140.9,111.9,113.5,96.8,69.1,114.4
20150614,12,CO,0.3,0.5,0.4,0.1,0.4,0.4,0.7,0.4,0.2,0.5,0.5,0.4,0.6,0.5,0.3,0.4,0.6,0.4,0.5,0.4,0.4,0.1,0.7,0.3,0.5,0.5,0.1,0.3,0.5,0.3,0.5,0.4,0.4,0.6,0.3
20150614,13,SO2,3.2,2,2,2.1,7.3,2.7,3.4,19.8,2,5.1,2,2.4,3.9,2,2,2.7,2,5.2,2,2,2,3,10.1,8.9,5.2,2.5,2.7,16.7,2,7,2,2,2,5,6.4
20150614,13,NO2,9.6,17.6,10.2,9.5,13,10.6,7.5,14.5,13.1,16.4,10.2,10.6,25.5,13.1,9.8,11.2,8.2,12.7,13.5,6.2,2.9,4.3,3.6,10.6,22.6,3.3,11.2,11.1,12.3,6.5,18.6,25.9,32.1,83.1,38.6
20150614,13,O3,137,139.1,133,137.4,140.3,136.8,155.8,120.9,139.8,131.8,136.1,151.8,129.2,149,142.4,142.7,126.7,140.3,137.5,144.4,133.1,116.6,131.9,154.9,134.2,116.6,149,140.2,195.6,148,120.7,114.8,102.5,66.9,117.8
20150614,13,CO,0.3,0.4,0.3,0.1,0.3,0.4,0.6,0.3,0.1,0.4,0.4,0.4,0.5,0.4,0.2,0.3,0.6,0.3,0.6,0.4,0.4,0.1,0.4,0.3,0.4,0.5,0.1,0.3,0.5,0.3,0.4,0.3,0.4,0.7,0.2
20150614,14,SO2,3,2,2,2,7.6,2.9,4,21.7,2,4.9,2,2,3,2,2,2.9,2,4.1,2,2,2,2.9,4,7,3.5,2.5,2.4,24.4,2,6,2,2,2.2,4.6,8.1
20150614,14,NO2,9.2,16.3,9.8,10.8,14.6,13,8.6,15.3,12.2,13.1,7.9,9.5,27.7,11.7,8.1,10.9,8.5,10.2,15,6,2,6.3,2.8,8.9,17.7,3.1,11.1,9.6,26,5.5,31.8,33.7,26.3,82.9,51.7
20150614,14,O3,142.9,149.5,139.1,141.8,142.7,145.2,170.6,131.7,153.7,144.8,151.2,170.3,147.6,152.4,143.3,147,122,151.1,149.9,150.4,130.9,119.7,139.4,166.8,140.6,121.7,158,143.1,194.9,157.5,111.5,114.5,116.1,70.4,118.4
20150614,14,CO,0.3,0.4,0.3,0.1,0.3,0.4,0.6,0.3,0.1,0.4,0.3,0.3,0.5,0.3,0.2,0.3,0.6,0.3,0.6,0.4,0.3,0.1,0.3,0.2,0.4,0.5,0.1,0.2,0.5,0.3,0.5,0.4,0.3,0.7,0.3
20150614,15,SO2,3.6,2,2,2.5,8.3,2.8,4.3,19.8,2,4.8,2,2.4,3.3,2,2,2.8,2,2.6,2,2,2,2.6,7.1,4.8,2.6,2.2,2.6,22.1,2,5.5,2,2,2,4.6,9.3
20150614,15,NO2,11.3,17.6,9.9,12.9,17.2,11.8,8.5,17.9,13.9,15.4,9.5,10.1,25,12.2,8.1,10.7,7.3,11,15.2,7.4,2,6.9,3.9,9.4,30.1,3.1,13.2,11.7,25.3,6.5,36.7,31.3,24.2,70.2,53.4
20150614,15,O3,151.1,160.4,152.5,148.4,163.1,148.8,181.6,137.7,163.9,157.4,170.5,188.6,136.6,159.5,148.4,152.2,121,153.3,162.9,167.4,133.8,125.1,149.4,175.8,135.6,125.4,162.5,166.5,171.7,177,120.7,122.4,127.8,95.8,115.2
20150614,15,CO,0.3,0.4,0.3,0.1,0.2,0.4,0.6,0.3,0.1,0.5,0.3,0.3,0.5,0.3,0.2,0.3,0.6,0.3,0.6,0.4,0.3,0.1,0.4,0.2,0.4,0.5,0.1,0.3,0.4,0.3,0.5,0.4,0.3,0.5,0.3
20150614,16,SO2,3.5,2,2,2.5,8.3,2.9,4,19.7,2,4.8,2,2.7,3.4,2,2,2.9,2,2,2,2,2,2.6,9.3,4.1,7.2,2,3.5,18.5,2,5.6,2,2,2,6,10.6
20150614,16,NO2,10.8,14.9,11.4,12,18.7,13.1,10.8,22.4,15.7,16.5,10,12.2,26.7,12.1,9,11.4,7.3,10.5,14.8,8.7,2,5,3.5,8.9,43.7,2.8,14.6,11.4,29.4,7.2,41.1,43.7,28.4,107.4,59.2
20150614,16,O3,156.7,169.1,163.6,157.3,169.1,156.1,194.5,146.4,173.4,169.4,180.7,195.5,139.6,170,162.9,163,130,159,173.3,180.6,133.8,124.9,159.1,179.7,131.4,124.6,163.8,163.6,150.3,187.5,122.1,126.8,137.8,72,119.4
20150614,16,CO,0.3,0.4,0.3,0.1,0.3,0.4,0.6,0.4,0.1,0.4,0.3,0.3,0.5,0.3,0.2,0.3,0.6,0.3,0.6,0.3,0.3,0.1,0.4,0.2,0.5,0.5,0.1,0.2,0.3,0.3,0.5,0.4,0.3,0.8,0.2
20150614,17,SO2,4,2,2,2.7,8.2,3.2,4.1,17,2,4.5,2,2.1,3.4,2,2,3.2,2,2,2,2.3,2,3,12.1,3.1,7.7,2,4.6,16.6,2,5.6,2,2,2,5.7,11.6
20150614,17,NO2,13.6,14.1,13.3,11.4,20.2,14.9,12.6,23.1,20.8,17.1,12.2,13,31.1,14.2,10.4,13.2,10.4,12.1,21.3,9.3,2.2,12.2,5.4,9.7,23.8,2.9,14.2,11.6,34.3,7.1,36,49.2,20,107.9,76.9
20150614,17,O3,160.6,174.9,162.1,160.4,168.9,164.2,194.5,154,180.2,173.2,183.1,203.2,142.7,169.9,181.1,171.7,136.1,163,189.2,183.1,143,137.4,152.1,179.8,168.6,122.5,172.1,173.5,149.6,186.3,132.1,122.8,144.8,76,122.5
20150614,17,CO,0.3,0.4,0.3,0.1,0.2,0.4,0.6,0.4,0.1,0.4,0.3,0.4,0.5,0.3,0.2,0.3,0.6,0.3,0.5,0.4,0.3,0.1,0.5,0.2,0.5,0.4,0.1,0.3,0.3,0.3,0.5,0.4,0.3,0.6,0.3
20150614,18,SO2,4.2,2.2,2,3.2,8.6,3.8,3.8,8,2,4.8,2,2.3,3.3,2,2,3.8,2,2,2,2.9,2,3,11.4,2.9,3,2,5.3,15.3,2,5.3,2,2.6,2.6,6,11.6
20150614,18,NO2,19.2,16.9,15.5,18.4,26.7,21.3,17.3,26.5,23.5,20.5,11,17.9,36.7,16.3,12,16.5,13.8,19.3,25.7,11.2,5.6,12.3,8,11.3,43,4.4,14.9,12.4,23.5,6.2,51.3,65.9,39.9,116.7,87.5
20150614,18,O3,168.4,189.1,168,163.4,171.7,169.7,184.4,152.5,178.3,172.3,184.3,195.7,145.2,169.8,174.6,171.4,155.8,151.2,188.5,184.5,158.9,154.5,151.3,173.1,169.1,141.5,182.6,160,158.9,167.6,131.6,125.6,135,77.2,123.6
20150614,18,CO,0.3,0.4,0.4,0.1,0.3,0.4,0.7,0.4,0.1,0.4,0.3,0.4,0.5,0.3,0.3,0.3,0.6,0.3,0.5,0.4,0.4,0.1,0.5,0.2,0.5,0.4,0.2,0.3,0.3,0.3,0.5,0.5,0.4,0.7,0.4
20150614,19,SO2,4.1,2,2,2.9,8.6,3.4,4.8,5.5,,5.2,2,2.5,3.4,2,2,3.4,2,2,2,3.8,2,3.9,2.9,2.9,2.8,2.1,5.7,14.4,2,5.1,2,2.9,2.2,6,9.2
20150614,19,NO2,24.7,21,18.3,20.5,33.2,25.6,19.5,24.7,,26.6,12.8,27.3,37.9,24.5,15.2,21.8,15.8,24.6,33.6,17.5,12.9,17.7,20.7,15.2,64.1,7,14.2,13.8,16.2,7.5,44.6,82.8,62.9,124.7,97
20150614,19,O3,164.8,182.3,166.6,154.4,172.6,168.1,182.4,156.7,,162.7,172.4,182.5,136.8,158.4,175.2,167.2,159.3,147.5,172.1,177.1,169.2,177.7,155,166.9,147,175.2,179.3,145.1,170.5,147,137,100.4,121.2,64.5,112.1
20150614,19,CO,0.4,0.4,0.4,0.2,0.3,0.5,0.7,0.4,,0.4,0.4,0.4,0.5,0.4,0.3,0.4,0.6,0.3,0.5,0.5,0.4,0.2,0.4,0.2,0.5,0.4,0.3,0.3,0.4,0.3,0.5,0.5,0.5,0.7,0.5
20150614,20,SO2,4.3,2,2,3.1,8.5,4.3,4.4,2,2,5.4,2,2.5,3.7,2,2,4.3,2,2,2,3.9,2,4,2.1,2.5,2.3,2,4.3,3.2,2,4.5,2,3.8,2,6,7.5
20150614,20,NO2,31.3,26.9,21.4,28.1,39.3,33.5,23.9,23.9,30.3,37.4,20.9,38.2,41.7,34.3,18.8,28.9,22.8,32.7,37.5,21.8,19.1,18.8,26.7,16.7,73.8,8.4,14.7,14.9,11,8.5,48.8,88.3,57.4,123.2,106.3
20150614,20,O3,160.9,179.5,153,140.8,158.1,165.2,161.1,147.4,152.8,140.5,151.8,150.4,128.3,151.6,170,162.3,150.1,136.8,147.7,167.5,148.2,169.6,144.5,147.4,124.3,171.6,162.6,133.2,145.6,109.7,2,95.5,115.8,52.7,112.2
20150614,20,CO,0.4,0.5,0.4,0.2,0.3,0.5,0.7,0.4,0.1,0.5,0.4,0.5,0.6,0.5,0.3,0.4,0.7,0.4,0.5,0.5,0.5,0.2,0.4,0.3,0.5,0.4,0.3,0.4,0.4,0.3,0.5,0.6,0.5,0.8,0.6
20150614,21,SO2,5.2,2.8,2,4,9.4,5.3,5,3.8,2,5.5,2,2.9,4,2.1,2.1,3.2,2,2,2,3.3,2,4.8,2,2.1,2,2.4,3.1,5.6,2,5,2,3.9,2,5.7,5.5
20150614,21,NO2,36.1,38.4,25.9,38,45.3,40.2,29.4,29.8,39.9,43.4,28.3,56.5,40,34.7,19.7,31.5,19.7,42.4,81.2,24.3,19.2,17.9,22.4,16.2,81.2,9.6,15.7,16.5,20.9,13.9,62.4,73.4,54.4,111.9,119.7
20150614,21,O3,142.9,152.6,147.4,127.4,149.7,138.3,150.1,119.2,104.6,128.9,138.3,119.5,113.5,135.5,145.4,139.7,137.7,115.4,85.9,149.8,148.5,168.9,146.3,118.4,101.3,163.9,143,116.6,128.4,97.2,109.1,99.5,113.7,60,68.2
20150614,21,CO,0.5,0.6,0.5,0.3,0.4,0.6,0.7,0.4,0.1,0.5,0.5,0.5,0.6,0.5,0.4,0.5,0.7,0.5,0.6,0.6,0.5,0.3,0.4,0.2,0.5,0.5,0.3,0.5,0.5,0.3,0.6,0.6,0.5,0.9,0.8
20150614,22,SO2,6.8,4.6,2,5.2,10.5,5.8,6,7.2,2,6.2,2,3.7,3.3,4.3,3,4.4,2,2,2,4.5,2,5.1,2,2,2.6,3.1,6.4,7.4,2,5.4,2.6,5,2,6,6
20150614,22,NO2,40.8,42.2,28.2,37.6,42.9,41.7,31.9,37,61.8,34.6,24.8,48.8,33.5,34.4,33,36.4,22.4,41.2,40.2,23.7,20,15.5,31.6,18,105,10,21.1,27.7,26.8,98.5,61.6,73.6,56,110.5,124.9
20150614,22,O3,118.8,129.3,123,110.4,128.8,121.6,135.6,95.6,75,128,126.5,111.9,110.1,129.4,121.4,124.1,127.4,103.5,126,137.5,128.8,162.9,115.3,115.2,73.8,162.8,134.7,103.6,132.3,12.6,92,84.2,94.8,42.1,51.2
20150614,22,CO,0.5,0.6,0.5,0.4,0.5,0.7,0.8,0.4,0.2,0.6,0.5,0.5,0.6,0.8,0.6,0.7,0.8,0.5,0.5,0.7,0.5,0.3,0.5,0.3,0.5,0.4,0.4,0.7,1.1,0.4,0.7,0.7,0.5,0.9,0.9
20150614,23,SO2,11.3,11.3,7.7,10.7,12.7,8.1,10.4,10.6,2,10.4,2.3,5.5,4.7,12.3,6.2,8.9,2,2,2,4.1,2,5.8,2,2.3,2.7,3.4,9.3,9.1,2.5,4.9,5.7,8.9,2.7,6.9,6.8
20150614,23,NO2,33.7,35.8,32.2,39,48.7,57,46.5,34.3,40.9,42,27.6,49.6,36.3,41.8,58.4,52.4,42.8,32.3,42.2,26,20,14.1,50.9,16.8,105.2,10.5,23.7,34,23.9,76.7,52.4,75.6,70.3,90.3,119.4
20150614,23,O3,148.7,161.4,129.9,124.6,121.3,110.4,118.1,99.9,96.8,131.8,114.3,104.4,98.3,138.8,136.3,128.5,85.5,106,110,114.7,100.1,157.7,91.1,105.4,60.8,153.8,136.7,104.4,164.6,44.7,118.4,89.9,96.9,76.6,61.1
20150614,23,CO,0.9,1.3,1.2,1,0.7,1,1.3,0.4,0.3,1.5,0.7,0.7,0.9,1.6,1.3,1.3,1,0.5,0.5,0.7,0.6,0.4,0.4,0.3,0.5,0.5,0.8,0.8,1.6,0.4,1.2,1.3,1.1,1.2,1
20150614,0,PM2.5,42.4,28.8,26.1,25.1,28,32.5,20.4,18.6,15.4,58.4,24.1,25.6,36.1,38.9,20,30.5,22.4,12.1,14.1,26,,14.8,5.2,5.2,5.6,8.9,13.1,29.2,46,35.2,30.6,33.4,19.4,34.3,21
20150614,0,PM10,58.5,48.5,45.1,45.7,47.5,42.6,26.2,19.4,23.7,93.2,31.7,62.6,65.8,45.9,52.9,47.1,,,31.8,,,30.2,14,,,,15,56.6,,56.8,74,69.2,40.3,41.4,34.6
20150614,0,AQI,27,32,32,32,31,39,27,19,28,60,28,36,34,33,38,31,29,22,22,37,24,17,23,22,19,24,23,32,50,36,48,48,39,52,52
20150614,1,PM2.5,39.6,31,20.1,25.8,27,35,18.4,23.4,12.4,53.4,15.8,19.8,36.8,41,25.8,33.9,20.9,9.2,9.2,26.7,,9,9.2,6.7,5.4,3.9,14,32.4,53.3,35.4,28.5,33.2,14.9,40.6,25.2
20150614,1,PM10,54.8,42.4,40.6,32.1,40.1,45.5,36.2,30.6,,,16.1,33.1,47.9,45.6,82.5,57.9,,9.2,16.1,,28.4,26.6,14.5,,,11.9,16.1,62.8,,44.7,34.7,41.9,41.4,,59.2
20150614,1,AQI,32,33,32,32,32,40,27,20,22,53,28,36,36,32,42,37,29,22,22,39,24,19,21,23,19,22,20,34,50,37,48,48,44,52,53
20150614,2,PM2.5,30.6,27.4,19,19.4,21.2,30.8,16.9,25.7,14.4,42.4,16,24.9,42.3,37.5,40,36.1,19.8,6.6,9.2,21,11.2,13.4,12.1,5.9,8.1,9.6,12.6,28.6,55.4,47.2,24.8,24.3,14.3,27.5,32
20150614,2,PM10,43.4,40.5,29.1,25.3,36,41.1,28.7,27.1,,,36.5,68.6,98,51.3,120.2,70.9,,7.7,11.4,,,24.7,,,,,14.1,,,79.1,42.2,37.7,30.7,,80.1
20150614,2,AQI,29,34,33,33,37,32,28,21,20,55,29,39,40,38,49,40,29,22,22,38,24,23,26,24,20,23,19,35,50,39,49,49,40,53,54
20150614,3,PM2.5,22.5,19.6,17.5,17.3,19.8,27.1,20.4,24.6,10.9,46.6,19.3,13.7,46.2,38.4,38.9,34.8,24.1,7,9.9,20.3,13.9,8.9,13.2,3,9.7,9.9,12.1,40,50.7,38,24.4,26.5,14.9,24.7,40.4
20150614,3,PM10,36.4,30.1,26.2,40.8,39.6,30.2,30.4,24.8,11.7,48.5,31.4,,113,66.2,100.3,65.6,,10.7,,,,22.1,20.4,9,15.8,,12.3,49.3,,58.6,28.5,45.5,35.7,,74.7
20150614,3,AQI,30,34,33,33,45,28,28,22,18,57,30,40,44,36,50,38,30,22,23,39,24,22,27,23,20,21,136,36,50,40,49,49,40,54,54
20150614,4,PM2.5,25.8,22.6,16.6,18.6,23.2,29.4,17.8,28.1,8.6,57.5,22.7,23.1,35.8,42.1,39.4,37,19.9,12.7,10.8,20.6,13.1,14,11.2,4.9,16.5,10.1,12.3,44.9,50.9,39.3,28.1,26.5,20.2,25.3,27.8
20150614,4,PM10,38.1,29.8,25,,51.2,43.9,40,,11.4,69.5,46.9,85.3,53,74.7,96.6,71.7,20.5,,,,,32.7,16.8,5,16.9,,,77.9,,61.2,34.2,39.1,41.8,,39.3
20150614,4,AQI,36,34,33,33,43,42,30,22,17,59,35,44,45,38,50,41,29,22,24,36,24,23,23,23,33,19,19,40,50,42,47,48,47,55,54
20150614,5,PM2.5,21.7,23.5,22.1,17.8,16.9,26.3,16.4,29.4,14.9,63,22.6,27.9,40.1,64.9,40.8,44,17.4,5.7,15.8,14.8,8.6,11.6,11,4,21.5,8.7,13.7,44,51.3,40.5,20.6,24.7,16.6,22.6,20.8
20150614,5,PM10,43.1,30.4,34.1,33.2,30,43.7,36.6,31.8,17.3,89.5,38.6,76.2,85.6,81.3,82.6,69.2,,13.1,30.7,,,22.7,13.6,18.3,,,,57.7,,44.4,,33.7,32.4,,27.7
20150614,5,AQI,36,34,34,34,33,40,29,22,18,62,32,46,48,40,51,39,29,22,25,37,24,20,22,24,33,19,19,41,50,43,47,48,45,55,54
20150614,6,PM2.5,23.6,16.9,16.3,16.3,21.2,23.9,21.8,27.7,14.7,67.2,21.2,16.8,38.9,53.8,59.7,45.8,17.4,7.2,17.6,17.2,13.8,13.6,6.8,6.7,24.4,12.7,9.8,41.8,52.8,34.9,15.9,19.5,15.3,24.6,14.4
20150614,6,PM10,42.6,27.9,30.8,34.9,32.5,33.7,47.3,42.8,21,118.6,47.3,33.3,69.6,73.2,189.4,98.8,27.9,24.2,43.2,,21.9,23.5,34.1,24.8,27.4,15.5,18.5,108.4,55.8,68.2,26,20.5,52.8,36.3,112.7
20150614,6,AQI,33,34,34,34,33,37,31,22,18,63,32,45,49,42,54,42,30,22,28,42,24,21,22,25,27,19,18,46,50,45,45,45,43,55,54
20150614,7,PM2.5,15.9,13,16.9,16.8,17.8,18.5,21.6,23.2,14.2,59.1,27,20.1,40,43.6,41.6,34.6,14.1,25.9,10.1,18.1,10.9,14,13.9,7.4,18,9.2,12.2,48.9,56.4,43.7,15.2,16.2,16.1,27,18.3
20150614,7,PM10,24.6,23.9,29.5,,30.1,33,51.3,59,17.7,74.5,66.6,37.2,71.1,104.3,,68.7,19.5,58.3,23,,18,27.8,14.5,40.4,18.6,13.1,17,68.7,241.5,80.4,25.5,34.9,44.6,49.5,
20150614,7,AQI,33,34,34,35,34,32,32,24,18,63,33,46,51,45,55,44,31,37,25,41,25,22,20,26,21,19,18,48,59,47,45,45,41,55,54
20150614,8,PM2.5,14,14.1,18.6,11.6,15.4,12.9,15.7,26.8,15.4,41.6,20.6,19.7,39.8,40.5,19.8,24.4,12.9,25.6,11.6,16.3,10.7,11.4,20.6,8.9,15,6.6,13.9,36.2,41.1,44,25.6,25.3,8.5,20.1,6.7
20150614,8,PM10,17.4,17.4,27.5,27.4,28.4,23.2,24.3,,17.8,,24.4,34.3,74.8,71.9,,47.6,20.8,61.6,25.7,,19.4,17.3,36.1,,36.8,11.2,16.9,38.3,,49.6,57.5,27.2,21,30.9,
20150614,8,AQI,34,34,34,35,34,33,33,24,19,63,33,47,52,47,56,45,31,34,24,30,25,22,21,26,22,19,18,49,59,47,46,46,41,55,55
20150614,9,PM2.5,14.4,16.3,17.1,10.5,16.3,15.1,18.6,21.9,15.4,32.8,20,20.6,33,42.2,12.2,23.2,7.6,9.4,14.4,15.1,7.9,6.8,24.3,12,22.6,5.9,18.3,18.2,43.6,26.9,24,101.8,16.7,19,7.1
20150614,9,PM10,24.3,32.4,25.7,20,27.1,21.6,26.6,30.8,22.7,,44.2,29.7,61.1,74.3,13,36.3,11.8,11.1,49.4,,27.2,11.7,43.6,16.2,34.3,,,,49.4,44.5,69.5,,30.9,,13
20150614,9,AQI,34,34,33,35,34,33,33,24,21,63,35,49,53,50,56,46,31,25,26,30,26,27,23,30,24,26,22,50,61,48,48,46,42,57,55
20150614,10,PM2.5,15.7,9.1,16.5,16.6,16.5,16.8,15.7,8,13.3,31.6,19.2,19.9,34.6,35.8,12.2,21.6,8.3,14.4,14.5,22.8,8.7,4.3,26.8,11.4,24.8,8.7,14.5,12.5,38.4,20.2,15.4,,20.1,17.8,7.5
20150614,10,PM10,23.9,27,21.8,30.6,26.7,27.8,22.8,26.1,24.7,,38.1,44.2,73,50.2,32.7,36.9,,14.6,29.8,,21.7,9.2,45.4,11.7,37.2,9.6,23.2,16.6,,22.9,29.2,9.2,30.2,54.4,
20150614,10,AQI,35,35,33,35,34,34,33,25,26,63,35,48,54,51,55,47,31,27,27,33,29,32,25,35,27,28,27,49,64,48,46,45,41,58,57
20150614,11,PM2.5,10.1,11.8,20.5,14.3,12.9,17.7,14.4,18.5,13.9,23.9,18.9,22.5,19.1,27.6,13.5,19.6,5,20.4,14,15.2,8,12.3,39.8,11.6,27.2,11.9,15.9,14.8,6,13.9,11.1,,20.9,25,8.9
20150614,11,PM10,18.1,14.3,23.1,,,19.9,20.8,23.1,,,30.7,29.9,31.2,47.2,,33.6,12.3,29.4,23.2,,29.1,12.7,47.7,,,,27,,,15.6,,5,,,
20150614,11,AQI,36,37,33,37,37,34,38,28,35,63,43,49,54,51,56,47,31,32,33,39,35,34,26,40,34,33,31,51,64,48,47,45,41,58,58
20150614,12,PM2.5,15.7,11.5,18.3,6.7,10.6,13.7,13.2,9.8,14.1,10.6,13.8,14.9,20.4,21.9,12.8,16.1,9.8,18.1,12.2,10.9,14.5,12.6,34.6,10.3,12,9.5,20.2,9.9,11.1,15.6,18,,14.6,23,8.2
20150614,12,PM10,16.5,,,,17.2,16.3,13.6,12.5,,,13.9,,,37.2,,26.8,16.7,28.7,,,22.1,,,84.8,,10.3,29.2,,,20.1,,5,28.7,,
20150614,12,AQI,40,41,38,41,42,42,46,35,39,63,42,49,55,52,56,48,37,38,40,44,42,38,36,43,42,36,39,52,64,48,48,43,42,58,60
20150614,13,PM2.5,11.7,9.5,12.3,12.5,14.1,16.4,11.6,11.7,15.7,29.4,15.2,19.6,19.9,13.5,13.8,14.6,10.2,18.9,11.3,8.6,14.5,9.8,18.3,15.5,11.7,14.6,15,8.9,20.2,12.9,19.3,,13.9,23,5.4
20150614,13,PM10,15.7,10.2,,,,,23.6,18.3,,,,,37.6,,15.3,15.3,14,23.8,,,14.9,14.4,,,,,24.9,15.8,,20,25.1,5,22.4,,7.3
20150614,13,AQI,43,44,42,43,44,43,49,38,44,63,43,49,54,52,55,48,40,44,43,46,42,37,42,49,42,37,47,51,95,48,47,41,42,58,58
20150614,14,PM2.5,9.9,13.3,15.7,18.4,11.1,18.7,16.8,11.6,19.9,12.9,10.9,18.9,17.8,17.8,9.8,15.5,12.9,14.7,13.6,9,10.4,7.1,7,14.3,11.6,10.7,13.5,11.3,15.5,16.2,12.9,,18.6,20.3,12.4
20150614,14,PM10,13.5,14.7,,22.7,11.2,,,14.4,,,12.4,,,,14.3,14.3,,19.3,,,10.7,10.2,,19.1,12.1,,25.3,19.9,,19.5,19.5,14.8,23.3,35.7,
20150614,14,AQI,45,47,44,45,45,46,64,42,49,63,48,63,55,53,54,47,39,48,47,47,41,38,44,59,44,39,50,48,94,50,46,41,42,57,58
20150614,15,PM2.5,14.8,18.7,18.8,19.8,14.2,18.1,19.1,17.3,28.4,23.3,13.9,21.2,20,15.3,12.6,15.3,15.5,17.6,15.4,9.7,13.5,8.7,11.9,14.6,12.6,6.1,15.7,16.5,28.1,18.8,20.9,,16.3,18.1,13.7
20150614,15,PM10,18.4,20.1,,21.8,22.3,,,21.7,,,23.3,,,15.4,,15.4,16,29.3,16.8,,,11.1,15.6,23.9,12.8,,23.9,40.3,,27.6,35.4,23.1,26.5,27.6,
20150614,15,AQI,48,51,48,47,54,47,77,44,55,63,64,86,57,53,55,48,38,48,54,60,42,40,47,70,43,40,54,59,65,72,45,42,42,55,58
20150614,16,PM2.5,13.4,9.8,18.3,14.7,15.9,17.7,19.4,23.4,30.1,13.3,15.1,20.6,19.5,10.7,15.8,14.8,13.4,17.2,18.5,18.1,14.5,11,24.2,13.6,15,6.6,15.1,15.6,35,17.1,16.7,,15,24.4,10.6
20150614,16,PM10,22.8,21.9,28.6,25.4,42.8,18.4,24.1,28.3,,29.5,28.5,,21.4,23.7,35.3,25.8,15.9,27.7,,37.6,,17.4,30.6,24.5,20.9,18.5,26.2,,,25.6,28.6,17.1,24.2,30.5,14.4
20150614,16,AQI,49,62,55,50,62,49,94,46,67,62,76,95,55,63,55,54,41,50,67,76,42,40,50,75,42,39,55,55,68,85,46,43,44,55,58
20150614,17,PM2.5,18.1,11.5,21.3,14.9,17.2,18.7,17.2,18.4,29.6,18.3,16.3,23.6,20.2,13.1,15.4,15.7,15.9,11,23.8,22.8,13.1,10.1,17.2,15.7,18.8,12.6,17.7,19,26,19.2,20.6,18.4,18.2,22.8,15
20150614,17,PM10,26.8,26.3,27.5,25.4,45.3,24.4,28.5,35.3,,25.1,27.9,41.2,35.9,28.4,43.9,32.2,21.8,40.7,33.1,50,20,24.4,34.9,33.5,36.1,,31.2,53.3,56.1,45.4,,34.5,26.7,44.8,31.3
20150614,17,AQI,51,69,53,51,62,56,94,49,76,67,79,102,55,63,77,65,43,54,87,79,45,43,48,75,61,39,66,67,70,83,46,44,46,55,57
20150614,18,PM2.5,20.6,18.2,18.6,17.8,15.5,21.3,18.7,14.6,31,23.4,16.8,25.8,16.2,12.3,11.9,15.1,17.5,22,18.4,31.2,13.1,11.2,15.9,15,18.2,16.1,22.1,22.6,18.1,21.8,22.1,19.4,15.9,29.9,16.2
20150614,18,PM10,42.5,40.5,37.7,36.5,37.1,36.6,35,40.1,,37.2,36.3,48,31.7,34.2,37.6,36.1,40.7,55.8,33.6,58.1,25.9,26,37.8,28.2,35.3,36.8,38.5,50.7,101.7,35.3,46.5,53.2,46.5,93,88.5
20150614,18,AQI,61,87,60,55,65,63,81,48,73,66,81,95,54,63,69,65,49,48,86,81,50,49,48,67,62,45,79,50,71,60,46,43,43,59,58
20150614,19,PM2.5,20.6,17.6,21.6,19.5,20,19.1,21.3,7.7,,29.3,14,26.5,18.8,19.9,16,18.3,20.4,22.1,22.9,28.7,17.9,18,17.5,15.6,20.2,16.8,22.8,21.5,30.1,24.2,20.3,21.4,20.6,33.6,16.9
20150614,19,PM10,41.7,29.5,44.7,39.5,55,42.8,81,51.5,,46.4,25.3,65,54.3,37.1,78.3,52.7,43,52.6,42.5,67.5,50.5,44.8,36.9,37.2,36.1,38.7,40.3,36,70.8,61,46.6,42,56.5,65.3,59.5
20150614,19,AQI,57,78,59,49,66,61,78,49,,58,66,79,55,52,69,59,50,47,66,72,62,73,49,59,46,69,75,49,66,48,44,43,40,63,58
20150614,20,PM2.5,26.2,17.5,24.7,22.4,20.4,26.4,17.7,21,36.2,32.6,19.2,31.7,28.5,22.4,22.3,23.7,23.2,26,23.5,34.7,23,18.1,16.2,14.4,19.4,19.1,22.3,32.5,20.9,24.2,,21.8,19.4,35.3,28.3
20150614,20,PM10,55.7,51.2,46.5,60.7,49.6,64.7,38.9,52.3,40.4,51.9,48.2,73.6,86.1,56.6,56.3,59.2,62.4,57.3,46.3,72.6,68.2,52.8,33,49,37,37,38.1,,46.4,51.3,,80.4,53.6,101.7,135.4
20150614,20,AQI,52,75,48,45,50,57,52,47,48,57,48,49,56,53,63,53,47,43,47,60,47,62,46,47,39,65,54,50,64,49,44,45,40,62,59
20150614,21,PM2.5,29.5,29,27.2,28.2,29.5,29.2,20.5,30.6,36.7,39.2,20.3,35.8,34.4,27.5,16.7,24.5,35.1,30.7,29.8,31,27,25.4,20.8,16,19.2,21.1,24.8,32.3,36.4,28.5,19.1,28.5,24.9,37.5,30.6
20150614,21,PM10,61.1,61.8,60.5,70.5,71.5,73.9,53.7,55.6,46.4,86,54.9,109.8,71.1,69.2,50.1,64.4,65.4,67.4,74.3,69,77.5,61.4,52,48.8,37,39.5,44.9,43.1,,67.9,80.1,73.8,79.8,91.2,120.2
20150614,21,AQI,45,48,47,40,47,44,47,38,33,58,44,52,56,52,57,48,44,37,41,50,47,62,46,37,41,55,45,50,64,49,43,43,41,56,60
20150614,22,PM2.5,32.6,29.5,33.7,24,27.7,29.5,23.9,25.9,34.8,36.6,21.9,39.1,27.9,30.9,25.5,28.6,40.6,33.6,29.9,36.1,29.4,27.1,19.8,19,21.3,24.1,29.9,38.5,47.8,50.6,32.2,31.2,25.2,38.7,43.2
20150614,22,PM10,61.3,52.6,65.6,62.7,68,71.8,57.7,63.7,59.8,67.2,47.5,120.7,63,82.6,76,76.8,70.9,80.7,75.3,68.6,70.8,58.8,52.9,36.5,40.7,38.2,54.8,93.7,111.2,154.5,54,64.6,73.4,94.7,64.2
20150614,22,AQI,38,41,39,37,41,39,43,33,31,58,40,54,56,53,58,49,40,34,40,51,41,54,37,36,53,54,43,52,68,51,44,43,42,56,63
20150614,23,PM2.5,44.5,43.9,52.1,49.5,41.6,37.8,38.1,29.5,44.6,64.2,32.9,45.2,45.7,56,56.2,50,42.8,29.7,27.4,39.4,34.2,28.4,22.1,18.8,20.7,26.5,52.3,66,96.4,48.3,40.9,57.1,32.5,52.2,41.6
20150614,23,PM10,84.4,97.3,86.4,109.9,101.9,88.1,82.3,64.4,58.5,114,68.4,124.9,95.3,121.8,152.5,120.8,85.8,66.2,61.4,103.7,80,55.5,41.5,41.5,42.6,47.9,68.5,100.8,98.4,106,137.9,154.4,109.5,138.7,119.9
20150614,23,AQI,47,52,41,41,42,41,38,36,31,59,37,57,57,55,60,51,34,36,38,54,36,50,32,33,53,49,43,53,72,52,48,45,43,57,60
