date,hour,type,dongsi,tiantan,guanyuan,wanshouxigong,aotizhongxing,nongzhanguan,wanliu,beibuxingqu,zhiwuyuan,fentaihuayuan,yungang,gucheng,fangshan,daxing,yizhuang,tongzhou,shunyi,changping,mengtougou,pinggu,huairou,miyun,yanqing,dingling,badaling,miyunshuiku,donggaocun,yongledian,yufa,liulihe,qianmeng,yongdingmengxi,xizhimengbei,nansanhuan,dongsihuan
20151201,0,PM2.5,490,409,599,455,535,447,450,437,437,575,452,565,731,536,470,402,410,246,401,218,388,379,440,231,352,400,301,237,628,766,512,496,606,474,455
20151201,0,PM10,,,609,,,,,,496,,526,,,541,507,,,,431,287,,,461,,376,439,,,649,,,,,,
20151201,0,AQI,480,438,450,499,442,444,372,333,236,484,427,334,500,500,500,473,323,217,240,204,215,188,217,135,171,163,262,500,500,500,471,500,438,498,500
20151201,1,PM2.5,454,402,554,477,,470,439,415,477,527,463,541,617,513,448,380,445,287,409,224,371,370,528,250,377,396,285,256,625,771,483,487,536,496,492
20151201,1,PM10,,,,,,,,,530,,536,,,520,484,,,327,441,308,,,558,,403,439,,,,,,,,,
20151201,1,AQI,480,440,450,499,,450,376,341,255,485,427,346,500,500,500,473,339,224,254,206,228,206,233,146,191,183,270,500,500,500,471,500,443,498,500
20151201,2,PM2.5,507,409,510,459,542,470,444,413,494,519,475,542,554,657,458,358,430,316,370,200,372,403,514,282,404,386,284,283,634,722,465,488,540,494,474
20151201,2,PM10,,,,,,,,,547,,534,,,,505,376,,348,399,250,,,541,,417,420,,,,,,,,,
20151201,2,AQI,480,442,450,499,442,458,385,351,274,486,428,363,500,500,500,473,353,232,266,208,240,222,247,161,210,204,276,500,500,500,471,500,451,498,500
20151201,3,PM2.5,487,453,518,512,456,466,472,421,434,538,446,503,652,626,435,363,408,311,345,189,365,380,490,333,400,328,269,300,628,693,506,525,535,554,505
20151201,3,PM10,,,,,,,,,471,,487,,,,444,365,,347,371,240,,,496,,404,347,,,,,,,,,
20151201,3,AQI,481,445,450,499,442,468,395,361,291,489,425,379,500,500,500,477,368,242,279,209,253,237,264,180,226,216,279,500,500,500,471,500,462,498,500
20151201,4,PM2.5,424,471,502,513,439,457,471,430,404,540,455,453,783,649,439,428,417,320,400,246,365,365,439,391,395,291,282,312,668,699,475,506,463,556,495
20151201,4,PM10,,,,,,,,,415,,495,,,,,,,351,444,342,,,,,397,,,,,,,,,,
20151201,4,AQI,491,451,461,499,452,479,405,371,307,496,423,395,500,500,500,483,382,255,295,214,266,251,278,202,241,228,282,496,500,500,471,500,474,498,500
20151201,5,PM2.5,418,418,437,517,444,435,458,423,458,,488,475,746,635,477,462,409,323,438,276,369,359,442,386,399,269,390,310,532,734,430,465,457,559,481
20151201,5,PM10,,,,,,,,,499,,539,,,,,,,349,483,389,,,,386,,269,,,,,,,,,
20151201,5,AQI,500,459,472,499,464,489,415,382,326,105,424,408,500,500,500,491,392,267,312,223,280,264,293,217,257,238,292,490,500,500,471,500,485,500,500
20151201,6,PM2.5,427,481,443,565,453,447,435,427,443,,526,484,717,648,524,428,401,348,469,256,363,375,456,393,398,276,425,304,225,796,420,579,448,609,471
20151201,6,PM10,,,,,,,,,459,,579,,,,554,,,387,519,356,,,,,,283,,307,,,,,,,
20151201,6,AQI,500,470,483,499,475,500,426,393,343,105,427,420,500,500,500,493,404,280,330,231,294,279,309,233,273,249,304,483,500,500,471,500,496,500,500
20151201,7,PM2.5,451,606,434,627,431,435,427,474,437,670,538,497,680,609,494,403,399,374,452,258,374,385,474,415,360,369,404,341,187,800,576,659,458,649,466
20151201,7,PM10,,,,,,,,,462,,596,,,,,,,421,500,364,,,,416,,400,,,,,,673,,,
20151201,7,AQI,500,485,494,500,485,500,435,404,360,500,431,432,500,500,500,492,413,292,347,239,308,294,326,250,287,264,315,478,500,500,471,500,500,500,500
20151201,8,PM2.5,538,610,443,608,438,474,438,481,457,686,544,560,675,622,541,437,465,383,454,239,376,382,466,424,287,399,384,509,208,496,650,637,462,622,490
20151201,8,PM10,,,,,,,,,489,,599,,,,,,,434,499,349,,,,426,,417,,,,,,640,,,
20151201,8,AQI,500,500,500,500,492,500,445,414,377,500,439,445,500,500,500,490,423,302,365,244,322,309,343,266,298,280,327,477,500,500,481,500,500,500,500
20151201,9,PM2.5,640,592,512,595,494,612,465,477,478,666,585,606,718,665,606,466,485,395,478,228,382,380,502,446,264,364,376,597,199,251,621,620,560,598,560
20151201,9,PM10,,,,,,,,,502,,656,,,,,,,463,535,334,,,,453,,394,,,,,,622,,,
20151201,9,AQI,500,500,500,500,498,500,456,423,394,500,453,459,500,500,500,489,432,313,383,249,336,323,357,283,307,294,336,477,500,500,500,500,500,500,500
20151201,10,PM2.5,624,597,592,583,552,595,511,483,510,665,613,661,599,470,683,563,456,384,542,285,380,411,577,446,273,375,382,312,179,174,619,648,568,631,590
20151201,10,PM10,,,,,,,,,,,700,,,,,,,429,606,427,,,,448,,401,,,,,,652,,,
20151201,10,AQI,500,500,500,500,500,500,466,432,408,500,466,472,500,500,500,491,437,326,403,256,350,337,381,300,317,309,345,470,500,500,500,500,500,500,500
20151201,11,PM2.5,628,626,606,631,473,606,572,492,,,663,675,347,299,529,664,518,394,598,313,397,438,464,438,,401,463,222,170,182,609,646,630,,597
20151201,11,PM10,,,,636,,,,,,,766,,,,,,,442,664,460,,,,448,,427,,,,,,649,,,
20151201,11,AQI,500,500,500,500,500,500,474,443,,,478,484,500,500,500,495,444,339,419,262,364,354,400,315,,325,354,458,500,500,500,500,500,,500
20151201,12,PM2.5,637,641,606,690,498,596,627,529,424,,599,733,261,270,,713,543,439,623,318,456,,485,459,,397,487,223,191,193,666,667,651,,605
20151201,12,PM10,,,,,,,,,673,,672,,,,,,,488,689,439,,,,461,,410,,,,,,,,,
20151201,12,AQI,500,500,500,500,500,500,481,454,410,,495,498,500,500,,500,454,350,433,270,381,,412,330,,341,375,447,500,500,500,500,500,,500
20151201,13,PM2.5,680,601,645,625,529,642,661,519,572,570,435,741,236,203,,582,560,455,655,306,512,277,360,468,,390,477,251,206,204,674,606,661,415,671
20151201,13,PM10,,,,,,,,,676,,450,,,,,,,497,730,427,,442,,,,401,,,,,,,,543,
20151201,13,AQI,500,500,500,500,500,500,490,463,420,500,499,500,500,500,,500,463,357,445,277,400,363,420,341,,357,394,437,500,500,500,500,500,500,500
20151201,14,PM2.5,678,494,680,444,550,667,718,528,627,333,308,661,254,209,170,381,565,479,679,314,509,485,309,481,229,400,477,265,,219,610,458,708,372,692
20151201,14,PM10,,,,,,,,,726,,,,,,253,,,526,760,475,,,,,273,407,,,,,,,723,,
20151201,14,AQI,500,500,500,500,500,500,500,471,442,500,492,500,500,500,500,494,471,365,456,284,412,394,428,377,353,372,403,426,,500,500,500,500,500,500
20151201,15,PM2.5,671,395,666,354,607,637,708,545,649,304,331,545,273,221,219,260,578,440,624,324,534,513,331,498,290,354,481,263,,234,507,406,724,332,613
20151201,15,PM10,,,674,,628,,,,724,,,,,,230,298,,481,674,489,,,,,,,,,,,,,751,346,
20151201,15,AQI,500,500,500,500,500,500,500,479,453,500,484,500,500,500,500,484,475,373,464,291,422,407,433,389,359,383,408,417,,500,500,500,500,500,500
20151201,16,PM2.5,543,330,,322,604,504,619,549,604,306,348,449,297,225,233,256,660,444,492,341,545,511,358,529,286,356,473,272,,226,384,347,626,332,499
20151201,16,PM10,,,,,619,,,,663,,,,,,236,306,,493,514,548,,,,533,,363,,,,,,351,650,400,
20151201,16,AQI,500,500,,500,500,500,500,484,462,500,481,500,500,500,489,474,480,382,469,299,430,417,439,402,363,393,413,407,,500,500,500,500,500,500
20151201,17,PM2.5,444,340,,325,569,419,441,540,551,322,382,442,333,231,239,248,689,437,438,365,559,529,352,530,264,340,551,255,178,218,359,333,484,324,424
20151201,17,PM10,,346,,,581,,,,602,,385,,,,254,300,,503,,589,,,,534,269,353,,,229,,380,395,,395,469
20151201,17,AQI,500,497,52,500,500,500,500,486,470,500,481,500,500,500,477,464,485,392,472,306,438,426,443,413,365,400,419,395,473,500,500,500,500,500,500
20151201,18,PM2.5,415,294,351,353,577,387,372,552,505,359,351,431,331,232,246,252,684,437,424,362,551,539,372,501,235,385,572,212,171,234,344,327,390,330,373
20151201,18,PM10,,313,389,,600,,,,549,,375,,,,262,260,,500,440,595,,,,,251,425,,268,215,,347,346,,370,417
20151201,18,AQI,500,489,500,500,500,500,500,488,477,500,478,500,500,491,466,455,490,402,475,313,445,434,447,422,365,405,426,379,451,500,500,500,500,500,500
20151201,19,PM2.5,396,306,390,360,552,374,355,515,433,387,348,436,321,255,252,247,631,452,409,382,498,546,403,515,226,451,524,202,176,283,373,371,409,382,379
20151201,19,PM10,,314,418,,588,390,,,480,,385,,,,286,,,529,465,647,,548,,,234,485,,227,206,,,,,429,427
20151201,19,AQI,500,481,500,500,500,500,500,490,481,500,475,500,500,491,455,448,496,410,477,320,450,441,450,426,363,409,432,362,431,500,500,500,500,500,500
20151201,20,PM2.5,398,357,385,384,542,371,394,526,420,424,342,455,331,335,298,272,563,474,417,358,480,523,395,506,98,444,357,205,189,297,390,391,417,393,375
20151201,20,PM10,,,392,,588,,,550,469,,410,,,,323,280,,551,472,643,,531,,,,485,,208,246,,,,,442,422
20151201,20,AQI,500,475,500,496,500,500,497,490,485,500,472,500,500,480,448,443,499,415,479,326,454,447,452,429,355,413,433,346,414,492,500,500,500,491,500
20151201,21,PM2.5,407,362,408,370,434,376,406,532,394,405,291,443,334,334,332,335,583,470,401,337,525,459,341,489,34,430,369,198,239,275,388,377,439,370,358
20151201,21,PM10,,,424,,446,,,,478,,341,,,,336,340,,477,461,543,,,,,,490,,,280,,,,,390,375
20151201,21,AQI,500,473,500,492,500,500,495,491,486,500,469,500,500,467,442,440,500,419,479,332,458,451,453,439,344,416,435,335,400,476,500,500,500,484,500
20151201,22,PM2.5,396,333,428,370,410,376,405,301,233,369,243,332,297,295,347,344,547,377,370,315,529,385,364,443,30,388,406,267,220,291,372,349,450,367,359
20151201,22,PM10,,,436,,,,,,235,,306,335,,,361,,,405,401,463,,,,451,,440,409,,281,,,,,373,
20151201,22,AQI,500,471,500,489,500,494,494,486,482,500,464,500,496,454,438,437,500,423,479,336,462,451,454,446,332,416,437,335,379,461,498,497,500,480,500
20151201,23,PM2.5,391,307,349,325,223,333,259,,,316,225,244,278,303,305,336,505,128,,289,503,364,291,193,13,363,405,271,239,261,355,326,318,335,345
20151201,23,PM10,,,362,,,,,,,,299,,,,,,522,,,379,,,,,,399,,,302,,,,,350,
20151201,23,AQI,500,468,495,486,498,489,488,32,431,500,457,500,483,446,432,433,500,420,423,340,464,450,449,446,318,416,440,337,360,445,495,493,500,476,494
20151201,0,SO2,58,9,31,29,28,66,54,20,29,24,22,48,40,37,28,20,19,16,13,58,24,2,30,17,34,75,62,9,17,19,28,17,43,29,48
20151201,0,NO2,137,110,188,147,189,139,160,120,168,163,173,169,189,179,158,121,128,110,124,109,99,124,75,74,143,121,141,117,128,152,172,123,187,170,134
20151201,0,O3,4,3,2,8,11,8,6,2,4,17,12,2,5,13,5,2,3,5,6,12,10,2,12,2,2,2,4,5,2,3,2,2,2,8,6
20151201,0,CO,9.2,8.7,10,9.2,12,9.8,8,9.3,7.5,10.6,9.6,8.1,13,12,10.5,8.9,9.4,4.7,8.6,6.2,5.3,6.7,4.9,5.4,5.5,6.8,5,6.2,11.6,13.2,9.3,8.8,10,9.2,10.1
20151201,1,SO2,63,8,33,31,,68,53,19,25,24,22,42,45,39,27,19,,22,14,70,26,2,39,19,36,71,64,8,20,20,29,17,45,31,53
20151201,1,NO2,130,101,176,147,,147,156,121,163,157,136,159,175,166,154,119,103,133,131,115,96,116,79,76,148,112,132,111,142,160,155,117,174,168,130
20151201,1,O3,4,3,2,9,,9,6,2,4,16,10,2,3,14,5,2,5,5,4,11,12,2,12,2,2,2,4,6,2,2,2,2,2,9,7
20151201,1,CO,8.6,8.7,9.5,9.5,,10.2,7.9,9,7.9,9.8,7.5,8.4,11.9,12.3,10.6,9.1,9.1,4.8,8.2,6.2,5,6.7,5.4,5.9,5.9,6.5,4.9,6.1,11.8,13.2,9.2,9.4,9.4,10.2,10.8
20151201,2,SO2,70,11,39,47,37,63,50,16,27,32,30,40,47,38,25,16,,19,14,54,26,2,38,14,37,55,52,6,20,15,39,23,49,31,44
20151201,2,NO2,148,112,171,142,197,137,156,114,160,161,92,161,170,162,143,118,2,138,128,115,97,113,74,75,150,102,124,109,139,158,164,122,175,174,119
20151201,2,O3,3,3,2,9,11,9,5,2,4,16,5,2,2,19,6,2,2,3,3,9,10,2,22,2,2,2,5,5,2,2,2,2,2,8,7
20151201,2,CO,9.2,8.9,9.8,9.4,11.8,10.5,8.3,9.2,7.7,9.7,6.2,7.9,10.3,14,11.3,9.2,,5.2,6.7,5,5.2,7.8,5.6,6.1,5.9,6.1,4.8,6.2,12.4,11.7,9,8.7,9.7,9.2,10.8
20151201,3,SO2,69,15,48,56,38,61,60,18,39,34,14,40,41,32,25,18,17,15,23,47,23,2,33,15,37,39,26,6,19,15,44,24,61,35,46
20151201,3,NO2,142,126,172,155,174,134,161,108,155,159,82,152,176,147,139,119,58,135,141,109,94,120,67,80,145,80,125,104,125,153,176,121,176,162,116
20151201,3,O3,4,5,2,10,10,10,6,2,146,16,6,2,3,17,6,2,,4,4,10,9,2,17,2,2,2,242,6,2,2,2,2,2,12,8
20151201,3,CO,6,10.2,9.9,9.7,10.8,10.5,8.8,10,6.2,10,6,7.4,12,13.4,11.3,9.5,,5.2,5.8,5.1,4.9,7.1,5.4,5.4,5.7,4.7,4.8,6.4,12.4,10.7,9.1,10.3,9.5,12,11.7
20151201,4,SO2,69,27,51,62,39,60,65,18,30,34,10,47,37,28,27,25,13,20,26,72,27,2,27,19,39,29,58,8,23,15,47,34,59,34,40
20151201,4,NO2,137,156,165,157,167,137,161,109,142,157,103,146,174,137,138,134,,141,148,99,108,121,53,90,143,72,128,103,122,144,166,139,164,156,114
20151201,4,O3,5,5,2,10,,8,6,,58,16,7,2,7,18,5,2,,4,4,17,6,2,27,2,2,2,5,6,2,,2,2,2,11,9
20151201,4,CO,5.9,8.2,8.9,9.6,10.9,10.1,8.2,10.4,7.2,9.8,4.3,7,12.8,14,11.1,9.4,4.5,5.9,7.1,9.4,5,7,4.9,6,5.6,4.4,5.8,6.2,12,10.7,8.3,8.4,8.1,12.2,12.1
20151201,5,SO2,65,19,50,49,41,60,57,18,40,28,12,48,37,27,28,28,16,22,29,77,26,2,29,20,39,28,46,7,25,16,46,34,59,32,41
20151201,5,NO2,131,117,154,143,181,139,154,120,157,159,133,147,179,140,136,129,,122,157,97,101,119,55,94,141,,104,100,87,154,162,130,167,157,83
20151201,5,O3,4,3,2,11,11,7,5,2,3,23,8,2,5,17,6,2,4,6,4,15,6,2,28,2,2,2,10,5,2,4,2,2,2,11,7
20151201,5,CO,8,7.7,7.8,11.2,10.1,9.8,7.3,9.4,7.4,12.2,7.2,7.2,11.7,13.7,11.5,9.8,6,6.8,7.4,10.1,5,6.7,5,6.1,5.1,4,9.8,6.1,7.7,11.1,7.9,7.7,8.2,11.9,11.5
20151201,6,SO2,65,18,50,37,31,65,54,17,32,27,16,45,39,26,24,25,27,30,31,56,25,2,33,18,37,28,36,6,29,16,49,24,60,34,49
20151201,6,NO2,140,128,156,142,184,145,145,124,142,156,132,144,180,138,133,123,115,140,161,102,99,113,58,93,143,75,96,100,60,155,159,111,168,173,95
20151201,6,O3,4,5,2,13,10,7,3,2,3,22,13,2,4,17,6,2,5,5,4,12,6,2,23,2,2,2,10,5,2,4,2,2,2,12,7
20151201,6,CO,8.3,10.6,8,13,10,9.7,6.9,9.4,7.9,12.3,10.9,6.8,12.4,14.1,12.6,8.7,7.8,7.7,7.7,8.8,5,7.4,5.4,6.8,5.1,4.6,10.8,6.6,3.7,11.6,7.6,11.8,7.9,12.1,10.8
20151201,7,SO2,56,19,50,36,33,64,58,18,26,26,16,40,40,27,25,21,31,32,29,48,25,2,33,23,37,40,29,7,34,15,30,23,59,39,51
20151201,7,NO2,129,144,156,151,180,147,146,132,132,149,131,145,182,150,141,119,114,144,152,101,98,120,60,105,129,91,95,103,61,147,153,121,166,196,97
20151201,7,O3,4,6,2,14,9,6,3,2,2,21,12,2,4,15,6,2,5,5,4,12,6,2,15,2,3,2,9,6,2,4,2,2,2,12,7
20151201,7,CO,8.7,12.8,7.9,12.9,9.1,9.1,6.8,9.3,7.9,12.4,10.9,6.7,12.3,12.3,12.2,8.8,8.1,7.6,8.2,8.5,5.1,6.9,5.8,6.8,4.3,6,10,7.1,3.4,10.5,12.4,12.5,7.7,11.6,10.6
20151201,8,SO2,41,21,45,37,31,53,58,18,31,27,15,47,40,29,28,24,32,28,29,46,32,2,31,24,34,44,23,8,36,13,28,27,57,42,50
20151201,8,NO2,131,158,157,154,177,145,150,135,141,149,131,153,183,150,153,127,125,146,151,112,112,124,60,104,100,93,98,115,62,119,175,131,166,201,81
20151201,8,O3,5,5,2,13,10,8,4,2,2,20,13,2,4,15,6,2,8,5,4,11,6,2,12,2,17,2,8,9,2,3,2,2,2,11,7
20151201,8,CO,10.1,11.9,8.1,12.2,9.5,10.7,6.9,9,7.9,13.1,11.3,6.7,12.7,12.7,11.5,9.5,9.9,7.9,8.3,7.7,5.4,6.7,5.5,7,3.2,6.1,8.9,8.5,3.7,7.4,12.1,11.4,8.1,11.5,11.4
20151201,9,SO2,37,24,42,38,27,40,58,17,35,28,18,46,47,34,29,29,39,30,28,41,38,4,37,28,34,48,24,10,37,11,31,29,48,42,40
20151201,9,NO2,138,161,159,154,179,148,150,130,142,157,156,153,179,146,154,133,142,152,154,110,114,123,59,104,78,91,,114,64,94,172,129,172,194,78
20151201,9,O3,5,5,2,12,11,10,4,2,2,20,13,2,4,15,6,2,7,5,5,11,6,2,15,2,31,2,7,10,2,3,2,2,2,10,7
20151201,9,CO,11,11.4,8.4,11.7,10.7,12.6,7.2,8.9,7.6,12.2,11.4,7,12.3,11.2,11.3,9.9,9.4,7.9,8,7.5,5.7,6.5,6,7.3,3.1,6,8.5,8.3,4.1,4.9,11.8,11.2,10.1,11.2,12.7
20151201,10,SO2,39,26,38,43,30,46,55,17,31,26,23,46,48,37,34,31,53,28,28,44,39,6,54,36,38,51,38,9,42,10,32,30,50,40,40
20151201,10,NO2,136,163,163,158,185,152,151,131,134,157,173,163,123,87,151,144,144,137,163,116,110,125,60,115,66,90,,76,56,83,173,131,170,184,101
20151201,10,O3,4,5,2,11,11,7,5,2,6,19,13,2,2,11,6,2,7,5,4,12,7,2,23,2,44,2,6,4,2,3,2,2,2,11,6
20151201,10,CO,10.4,10.8,9.8,11.3,10.7,10.7,7.2,8.9,7.2,10.8,10.9,8.3,8.1,6.7,9.5,9.8,9.1,8.3,7.6,7.3,5.7,7,6.5,7.4,3.1,6,6.9,5,3.5,3.7,11.3,10.9,8.7,11.3,12.1
20151201,11,SO2,39,26,39,40,37,49,52,18,,,24,44,46,45,39,30,49,31,31,32,41,6,46,57,,45,38,9,43,10,35,28,48,,41
20151201,11,NO2,140,165,165,155,185,158,159,130,,,166,171,83,67,119,147,128,145,170,120,107,123,56,140,,91,114,62,51,78,187,138,174,,98
20151201,11,O3,4,5,2,13,10,6,6,2,,,14,2,2,9,5,2,10,5,5,12,8,2,23,2,,2,8,4,2,4,2,2,2,,6
20151201,11,CO,10,11,8.8,11.9,9.9,9.8,7.9,8.7,,,11.3,9.2,5.1,5,6.6,10.1,10.9,8,8.9,7.3,5.7,6.6,5.2,7.1,,6.6,7.2,3.3,3.3,3.4,10.5,10.5,9,,11.7
20151201,12,SO2,38,27,39,41,33,45,47,24,46,,24,42,47,44,,34,43,42,31,28,38,,42,65,,46,37,10,43,9,35,31,47,,40
20151201,12,NO2,143,173,171,159,187,161,168,142,164,,131,179,74,62,,149,132,155,176,125,122,,55,145,,86,126,59,51,74,185,143,175,,98
20151201,12,O3,4,4,2,13,10,7,8,2,6,,11,2,2,9,,2,9,6,5,12,12,,26,2,,2,8,6,2,4,2,2,2,,6
20151201,12,CO,9.9,10.1,9.1,11.4,10.3,10.3,9.8,9.1,8.2,,9.1,9.7,4.4,4.6,,8.9,11.4,8.5,10.2,7.6,8,,5.2,7.1,,6.2,7.3,3.1,3.5,3.2,10.9,9.6,9.6,,12
20151201,13,SO2,36,27,37,42,33,39,47,36,44,28,25,46,47,35,,34,39,51,29,32,34,24,45,64,,48,32,12,45,10,35,33,45,30,42
20151201,13,NO2,144,145,174,129,181,163,180,152,174,107,91,176,72,53,,117,134,164,184,122,128,117,34,147,,82,117,60,52,71,176,126,183,,97
20151201,13,O3,5,4,2,11,10,9,8,2,8,13,7,2,2,7,,2,10,6,5,13,12,4,65,2,,2,8,7,2,5,2,2,2,8,8
20151201,13,CO,10.3,8.1,9.6,9.1,9.4,11.7,9.6,8.4,8.8,6.9,5.8,9.2,4.2,3.7,,6.9,11.7,8.3,10.3,7.9,8.6,6.1,3.7,7.1,,5.8,7.6,3.1,3.5,2.9,9.6,7.8,9.9,7.4,12.6
20151201,14,SO2,35,27,36,43,29,38,43,41,43,29,28,47,45,36,22,32,33,48,30,33,37,26,34,65,39,51,30,14,,11,36,33,44,30,39
20151201,14,NO2,139,115,170,93,185,165,188,159,189,77,77,142,73,54,60,88,135,173,183,119,136,124,35,149,84,78,120,57,,69,151,98,183,57,102
20151201,14,O3,4,4,2,8,11,9,9,2,10,9,7,2,2,7,2,2,8,5,5,13,12,5,72,2,51,2,8,8,,5,2,,2,7,7
20151201,14,CO,9.5,6.2,9.7,6.3,10.2,11.5,10.4,8.2,9.9,4.2,4.4,7.3,4.3,3.6,2.7,5.1,11.2,8.3,10.2,8.1,8.4,6.7,3.4,6.8,5.9,5.4,7.7,3.1,,2.8,7.9,5.1,10.8,5.2,11.5
20151201,15,SO2,35,26,36,44,25,41,45,34,43,29,27,43,46,37,25,28,34,42,30,32,42,24,36,62,37,47,29,14,,12,36,35,44,32,39
20151201,15,NO2,136,97,164,82,190,152,179,163,193,76,83,114,76,55,62,77,141,169,165,123,145,123,41,158,98,67,122,57,,70,128,98,187,49,89
20151201,15,O3,4,3,2,7,13,8,8,2,10,9,7,2,2,8,2,2,7,4,5,12,13,6,65,2,47,8,8,8,,5,2,2,2,7,6
20151201,15,CO,9.4,5.1,9.3,5.3,11.8,10.1,9.4,7.9,9.8,4.2,4.5,5.7,4.5,3.7,2.5,4.1,10.6,7.4,8.3,8.2,9,7,3.6,7,5.8,4.5,7.9,3.1,,2.8,6.4,4.8,10.7,4.9,9.6
20151201,16,SO2,37,28,,46,24,45,41,25,37,29,24,40,46,38,28,26,32,36,23,32,35,23,42,57,33,43,30,11,,12,37,35,42,33,39
20151201,16,NO2,107,89,,80,190,117,150,163,170,77,90,101,81,58,64,78,149,173,131,128,158,123,47,170,93,73,117,61,,70,101,89,168,36,68
20151201,16,O3,3,3,,7,13,6,6,2,8,10,7,2,2,8,2,2,7,4,4,13,12,5,57,2,44,2,8,5,,5,2,2,2,7,6
20151201,16,CO,7.7,4.7,,5.4,12.2,7.3,7.7,7.8,8.6,4.2,4.6,4.6,4.6,3.9,2.6,4,10.2,7.6,6.4,8.7,9.8,6.9,3.8,7.5,5.9,4.7,8.2,3.1,,2.7,5.3,4.5,9.6,5.1,8.1
20151201,17,SO2,37,25,29,42,19,47,39,17,28,26,18,37,44,38,29,27,30,27,19,38,29,21,32,45,30,39,30,9,32,11,31,29,41,31,38
20151201,17,NO2,93,87,94,81,165,103,119,162,152,85,102,106,90,59,65,76,141,165,124,123,157,124,58,158,101,73,119,61,45,73,98,82,131,28,54
20151201,17,O3,3,3,2,7,12,6,4,2,7,10,7,2,2,8,2,2,7,5,4,13,12,6,35,2,28,2,9,4,13,4,2,2,2,7,5
20151201,17,CO,6.6,4.9,5.1,5.6,10.7,6.1,5.5,7.8,7.9,4.6,5,4.7,5,4,2.5,3.7,9.7,8.2,5.9,8.6,10,7.3,4,7.9,6,4.6,8.8,3.3,3.2,2.7,5.5,4.5,7.1,5,7.4
20151201,18,SO2,32,18,29,42,19,42,33,16,18,26,15,31,47,41,29,31,30,25,13,39,26,22,26,37,30,36,33,9,20,10,30,30,41,34,36
20151201,18,NO2,90,77,101,91,176,100,111,159,139,92,96,105,95,59,64,76,133,162,125,129,154,132,60,152,110,87,118,59,43,80,105,86,119,40,40
20151201,18,O3,4,3,2,7,12,5,3,2,6,10,7,2,2,9,3,2,7,6,4,13,11,8,24,2,9,2,9,4,2,4,2,2,2,7,6
20151201,18,CO,6.5,4.8,5.4,5.8,11.1,6.4,5.1,8.8,7.7,4.9,4.9,4.8,5.1,4.1,2.6,3.5,10.4,9.4,6.2,9,9.7,7.9,4.1,7.5,5.7,5.7,8.7,3.3,3.5,3,5.3,4.5,6.2,5.2,7.1
20151201,19,SO2,34,22,30,43,20,41,31,16,15,26,18,29,52,45,31,34,24,18,10,45,24,28,26,35,36,37,32,8,16,10,35,34,39,30,37
20151201,19,NO2,89,93,113,94,158,101,110,145,124,104,105,112,95,73,70,75,135,164,121,120,148,139,67,137,116,99,109,55,41,88,112,99,124,69,49
20151201,19,O3,3,3,2,8,13,5,4,2,5,10,7,2,2,9,3,2,7,6,4,15,9,8,12,2,3,2,9,4,2,4,2,2,2,7,6
20151201,19,CO,6,4.9,5.9,5.8,10.7,6.6,5.1,9,7.2,5.3,5.1,5,5,4.6,3,3.6,10,10.1,6.2,9.2,8.4,8.3,4.6,8.5,5.4,6.6,8.2,3,3.6,3.4,5.4,4.7,6.4,5.6,6.9
20151201,20,SO2,32,25,26,40,17,39,27,16,15,26,16,25,47,46,32,37,24,23,9,38,21,27,29,35,20,33,33,6,23,10,32,31,35,27,31
20151201,20,NO2,92,107,109,103,161,104,110,150,120,110,108,120,96,103,86,82,142,163,122,100,142,151,67,141,56,100,88,52,54,97,119,105,125,69,58
20151201,20,O3,4,3,2,7,14,6,4,2,5,10,7,2,2,10,4,2,6,7,4,13,9,8,11,2,34,2,6,5,2,4,2,2,2,7,6
20151201,20,CO,5.9,5.1,5.6,5.9,11.4,6.5,5.6,10.1,7.9,5.5,5.2,5.4,5.1,6,3.7,4.1,9.2,10.9,6.4,8.1,8.2,8.8,4.6,8.1,3.5,7,5.4,3.4,3.8,3.5,5.7,5,6.3,5.4,6.7
20151201,21,SO2,32,26,24,42,19,37,27,16,21,27,20,25,45,43,34,42,25,23,10,37,23,26,21,34,19,31,37,7,45,10,31,32,32,26,26
20151201,21,NO2,96,110,116,102,149,112,124,150,134,107,94,115,99,94,97,97,147,152,121,108,151,119,54,145,38,105,85,58,68,92,118,105,134,79,65
20151201,21,O3,3,3,2,7,10,4,4,2,5,10,7,2,2,10,4,2,8,6,4,11,11,4,17,2,40,2,8,3,2,4,2,2,2,7,5
20151201,21,CO,5.8,4.9,5.7,5.6,8.8,6.1,5.6,10.3,7.4,5.1,4.8,5.3,5.4,5.4,4.2,5.1,9.6,9.9,6.3,7.4,9.3,6.4,3.9,8.2,2.8,7.4,5.8,3.1,4.2,3.4,5.4,4.6,6.3,5.1,6.7
20151201,22,SO2,33,23,23,40,28,36,25,18,17,27,20,35,43,39,33,35,22,13,8,34,23,30,17,29,15,31,32,11,62,10,30,30,29,24,24
20151201,22,NO2,95,104,118,105,143,114,126,110,72,99,81,91,92,83,101,106,136,135,111,112,147,109,49,141,23,99,88,77,80,88,119,105,133,84,96
20151201,22,O3,3,3,2,7,10,3,4,6,25,11,6,2,2,11,4,2,8,5,4,10,12,2,18,2,55,2,8,4,2,4,2,2,2,7,4
20151201,22,CO,5.4,4.6,5.6,5.4,8,5.6,5.5,6.7,3.8,5,4.4,4.3,5.1,4.8,4.1,5.2,9.8,8.8,5.8,6.5,9.3,5,4,7.8,2.5,6.5,6.5,3.8,4.2,3.9,5.1,4.4,6.3,4.8,5.6
20151201,23,SO2,30,19,22,34,34,38,31,16,7,23,14,27,34,36,31,31,20,18,11,38,22,29,17,23,9,29,29,12,47,9,24,27,28,21,24
20151201,23,NO2,91,96,102,94,101,106,85,57,7,91,73,68,84,83,89,109,135,71,21,108,134,109,46,57,12,96,108,83,77,82,111,95,106,76,95
20151201,23,O3,3,3,2,7,17,2,8,20,64,10,7,4,2,9,4,2,9,16,37,11,10,2,15,10,63,2,6,4,2,4,2,2,3,7,4
20151201,23,CO,5.2,4.6,4.8,5.5,3.9,4.9,3.2,3.1,0.3,4.9,4.4,2.8,5.2,4.9,3.5,5.2,10.5,2.5,0.5,6.1,8.4,4.9,3.4,2.7,2.3,6,6.2,3.8,4.5,3.9,5.2,4.4,4,4.8,4.8
