date,hour,type,dongsi,tiantan,guanyuan,wanshouxigong,aotizhongxing,nongzhanguan,wanliu,beibuxingqu,zhiwuyuan,fentaihuayuan,yungang,gucheng,fangshan,daxing,yizhuang,tongzhou,shunyi,changping,mengtougou,pinggu,huairou,miyun,yanqing,dingling,badaling,miyunshuiku,donggaocun,yongledian,yufa,liulihe,qianmeng,yongdingmengxi,xizhimengbei,nansanhuan,dongsihuan
20150525,0,SO2,16.4,18.1,16.5,17,15.6,20.1,18.2,11.8,9.4,17.8,7.2,13.8,6.5,19,14.6,17.9,12.7,8.7,4.2,12.4,10.9,10,7.8,9.5,7.1,3.7,17.8,13.4,10.6,9.4,,24.2,17.8,22.3,22.3
20150525,0,NO2,38.2,35.2,34.6,50.7,69.5,35.4,57.5,49.5,34.7,61.3,49.8,60.5,43.2,60.4,44.4,46.7,94,22.4,81.2,16.2,50.6,53.6,65.9,13.8,29.7,12.2,19.5,54.4,24.1,20.6,,44.2,91.6,113.6,36.4
20150525,0,O3,138.3,163.1,124.6,127.5,125.9,169.6,130.3,64,117.1,99.9,97,86.9,110.4,110.3,114.6,131.5,40.7,145.7,17.8,158.4,82.1,98,102.3,169.4,142.2,159.5,179.9,,169.8,129.9,,144.2,86,81.1,184.7
20150525,0,CO,0.9,0.9,0.9,1,1,0.9,1,1,0.7,1,1,1.2,0.9,1,1,1,1,1,1.1,0.7,1,0.9,1,0.9,0.9,0.2,0.6,0.7,0.9,0.8,,0.9,0.9,1,0.7
20150525,1,SO2,18.6,17.7,15.7,15,13.8,19.4,17.6,12.7,9.7,15.8,7,12.9,6.3,18,12.9,16.7,12.4,7,5.1,11.8,8.5,8,6.3,8.2,6.9,2.9,22.1,10.8,14.3,11.7,,23.9,18.1,20.6,22.3
20150525,1,NO2,30.7,33.3,40.7,43.8,51.2,29,51.9,60.9,39.1,66.4,55.1,59.2,38.9,53.2,39.2,40.5,69.9,17.5,54.1,15.3,37.7,49.8,56.3,12.7,17,12.9,25.7,57.2,25,19,,42.2,62.3,80.5,30.5
20150525,1,O3,135.6,160.5,103.8,123.6,126,171.6,118.8,36.2,94.8,78.7,77.1,74.5,95,106.6,109.3,129.1,35.1,130.7,68.4,158.2,80.6,96.5,100.5,153.4,163.4,143.1,168.8,,168.6,123.7,,137.9,97.4,100.4,168.7
20150525,1,CO,0.8,0.8,0.9,0.9,1,0.8,1,1,0.7,0.9,1,1.2,0.8,0.9,0.9,0.9,0.8,0.8,1.1,0.7,1,0.8,0.9,0.8,0.9,0.1,0.8,0.7,0.9,0.7,,0.8,0.9,0.8,0.5
20150525,2,SO2,20.5,15.5,13.5,12.8,17.5,19.5,15.2,10.1,5.7,11.6,8.5,12.5,11.2,17.1,13.3,16.6,12.4,8.3,5.1,14.1,6.4,6.8,5,6.8,6.8,4,20.1,11.5,28.9,11.9,,23,18.5,17.4,19.8
20150525,2,NO2,34.1,45.5,46.8,44.8,44.2,36.6,59.7,51.8,34.8,84.3,61.4,89.2,50.9,54.8,37.8,43.1,33.5,21.6,31.3,15.6,28.2,44.6,27,11.6,13.5,11.6,24.5,67.8,24.5,22.5,,51,65.2,82,32.3
20150525,2,O3,89.6,120.9,79.3,104.4,119.6,138.2,87.7,53.4,88.6,34,57.3,38.8,57.6,95.1,102.9,112.1,25.7,102.2,89.9,157.6,83.8,88.3,125.6,144.6,167.1,140.6,160.4,,157.6,107.9,,108,78.4,72.4,121.9
20150525,2,CO,0.8,0.9,1,0.9,0.9,0.8,1,1,0.7,0.9,0.9,1.3,0.7,0.8,0.9,0.9,0.6,0.8,0.9,0.9,0.9,0.8,0.9,0.8,0.9,0.1,0.8,0.8,1.1,0.7,,0.8,0.8,0.8,0.5
20150525,3,SO2,22.2,12.5,10.6,12.2,15,18.3,14.9,9.9,4.9,13,6.9,13.3,6,19.4,14.8,17.5,6.5,6.3,4.2,14,6,5.7,3.5,5,6.3,3.6,10.4,10.4,66.7,14.5,,22.3,19.4,16.2,18.3
20150525,3,NO2,37.3,53.4,61.6,46.6,57,46.6,69.6,63.3,33.2,76.3,55.8,94.2,55.8,52,36.3,45,29.4,24.4,41.5,15.4,23.5,44,38.1,14,13.6,10.8,21.5,66.4,24.7,25.9,,57.8,68.2,89.8,42.2
20150525,3,O3,65.9,91.8,47.2,83.7,97,110.4,65.6,27.1,91,36.9,62.1,27.6,58.2,95,99.8,101.7,37.1,107,69.5,151.4,86.9,88.1,99,123.4,162,137.1,326.3,,144.7,93.7,,79.5,67.1,46.7,110.4
20150525,3,CO,0.7,0.9,1,0.9,0.9,0.9,1,0.9,0.8,0.9,0.9,1.3,0.9,0.8,0.8,0.8,,0.9,0.9,0.9,0.9,0.8,0.9,0.8,0.9,0.7,0.7,0.8,1.2,0.8,,0.9,0.9,0.9,0.6
20150525,4,SO2,25.3,10.9,9.4,12.3,10.6,20.4,11.7,9.3,5,10.7,6.7,12.4,5,19.8,19.9,20,7.3,6.1,3.3,14.4,5.3,5,2.8,4.8,6.7,3.4,24.2,10.7,39.4,13.1,,20.8,17.4,13.3,18.6
20150525,4,NO2,40,53.1,61.8,49.7,55.3,49.2,96.9,52.3,29.6,97.1,46.1,118.6,61.1,44.7,33.7,42.5,40.7,18.9,19.3,14.8,24.5,48.3,86.2,13.7,19.7,11.3,22.8,68.3,23.8,28.9,,62.9,78.1,95.9,119.6
20150525,4,O3,81.9,72.9,36.3,69.1,,96.9,26.2,,106.1,2,67.5,2,38.1,91.1,99,95.7,33.1,124.2,99,148.8,83.2,81.1,29.2,112.6,138.2,122.7,131.2,,134.7,,,66.2,50.7,29.1,8.7
20150525,4,CO,0.7,0.9,1,0.9,0.9,0.9,1,1,0.9,0.9,0.9,1.3,0.8,0.8,0.8,0.8,0.7,0.9,0.8,0.9,0.9,0.8,0.8,0.8,0.9,0.8,0.8,1.1,1,0.8,,0.9,1,0.9,0.8
20150525,5,SO2,26,7.6,9.4,8.5,11.5,20.4,7.9,8.4,4,10.2,6.7,10.8,2.9,29.1,41.3,30.3,7.8,6,3.1,13.1,5.2,4.5,2.7,5.7,6.8,3.3,24.5,8.6,14.4,11.3,,18.9,18.7,15.7,18.6
20150525,5,NO2,49.7,64.3,52.5,53.7,48.1,66.2,106.7,55.6,31.5,107.9,44.5,119,87.7,32.7,35.8,44.9,,26.9,13.8,15.3,20.1,55.7,113.6,19.4,14.4,,23.2,62,26.7,28.4,,92.9,105.9,101.3,137.3
20150525,5,O3,70.2,44.8,38,49.4,67.2,66,5.6,16.6,88.6,2,64.6,2,7,99.1,85,83.4,22.6,114.3,109.1,140.3,85.7,68.6,2,109.5,139,118.2,125.3,,84.2,66.1,,28.1,18.6,26.6,2
20150525,5,CO,0.9,0.9,1,0.9,0.9,0.9,1.1,1.1,0.9,1,0.9,1.4,0.9,0.9,1,0.9,0.9,0.9,0.8,1,0.9,0.8,0.9,0.9,0.8,0.8,0.9,1.1,1,0.8,,1.1,1.1,0.9,1
20150525,6,SO2,31.6,5.8,14,9.1,12.4,20.7,8.5,9.2,3.7,11.1,9.1,9.7,3.2,51.1,30.9,34.2,12.9,4.4,3.5,13,4.6,4.6,4.7,4.6,6.2,3,24.6,8.5,8,9.4,,19.1,15.2,17.8,16.2
20150525,6,NO2,60,63.1,60.1,56,79.6,70.3,116.6,53.1,42.2,101,43.8,114.3,87.2,57.4,46.8,58.2,70.1,28.8,13.9,16.7,23,55.8,120.5,21.1,17.1,11.5,27.6,69.2,37.7,65.6,,118.3,124.2,122.9,133
20150525,6,O3,61.1,35.9,33.8,49.1,35.5,58.5,4.4,8.5,71.2,2,69,2,6.9,74,65.7,66.1,29,93.4,104.6,132.5,75.1,57.6,2,86.3,121.4,111.9,119.2,,55.1,23.1,,7.7,2.5,4.8,2
20150525,6,CO,1,1,1,1,1,1,1.2,1.1,0.9,1.1,0.9,1.3,1.1,1.2,1,1,1.4,1,0.8,1,0.9,0.9,0.9,0.9,0.8,0.8,1,1.3,1.1,0.8,,1.4,1.4,1.1,1.3
20150525,7,SO2,36.8,18.8,18.2,16.3,12.4,30.9,13.1,7.5,8.7,19.9,10.3,10.5,4.7,52.8,31.1,38.3,18.3,8.3,4.7,15.2,7.1,6.3,5.1,6.5,11,4.1,28.6,16.3,12,10.5,,37.7,15.2,33.5,20.6
20150525,7,NO2,61.5,71.1,78.4,82.4,125.8,75,105.4,56.5,55.1,89.3,57,104.4,73.9,78.1,49.4,67.5,86.7,79,16.1,20.3,32.9,55.9,87.2,27.4,49.2,13.8,26.1,67.8,42.2,67.9,,117.3,135.8,150.4,124.2
20150525,7,O3,61.7,41.1,25.6,34.1,6.8,54.2,19.2,2.5,65.6,3,62.1,6.3,22.6,54,60.6,56.3,14,52.1,106.1,124.6,61.9,53.5,25.5,71,101.5,98.7,127.7,,45.4,12,,13.8,4.5,2,11.4
20150525,7,CO,1.1,1.2,1.2,1.2,1.4,1.1,1.2,1.1,0.9,1.1,1,1.3,1.1,1.2,1,1.1,1.6,1.2,0.8,1,1,0.9,0.8,0.9,0.9,0.9,0.9,1.5,1.1,0.8,,1.4,1.4,1.8,1.4
20150525,8,SO2,34,40.3,13.5,35.1,13.7,39.4,18.9,12.9,14.7,29.3,10,13.4,11.9,63.9,36.7,46.6,25.6,11.1,5.7,21.7,16.9,12,6.5,17.3,12.4,5.1,35.7,24.4,22.3,26.6,,52.9,17.7,48.4,46.7
20150525,8,NO2,82.3,98.4,116.1,83.9,103.7,81.2,92.6,54.8,55.3,93.9,83.7,77.8,68.7,59.8,49.8,63.6,82.3,90.1,25.6,26.8,41.9,50.5,33.3,24.4,62.9,14.1,25.7,70.7,48.7,43.7,,111,137.1,160.7,121.2
20150525,8,O3,50.1,43.3,8.6,53.4,30.8,61.4,39.2,41.9,80,12.8,46.5,42.7,39.6,79.6,73.8,71.6,28.6,52.2,93.9,125.3,70.1,78.4,96.3,106.8,77.9,111.9,145.4,,75.3,64,,25.7,9.8,2,28.8
20150525,8,CO,1.3,1.4,1.4,1.3,1.4,1.2,1.3,1.1,1,1.2,1.1,1.2,1.1,1.2,1.1,1.2,1.7,1.1,0.9,1.1,1.2,1,0.9,0.9,0.9,0.9,0.9,1.7,1.2,0.8,,1.4,1.5,1.7,1.3
20150525,9,SO2,22.8,30,17.2,19.6,15.1,26,25.9,20.8,18.7,23,16.7,16.1,12.2,53.2,41.5,40.2,30.9,13.9,8.7,33.2,32.1,18.8,7.6,17.5,12.4,6.7,40.2,27.7,34.4,37.9,,42,20.3,43.3,40.6
20150525,9,NO2,120.3,106.8,108.1,109.6,97.5,117.4,84.2,45.4,41.7,88,92.3,53.4,74.4,54.6,55.2,75.7,65.3,94.3,31.3,28.8,35.4,29.9,32.3,26,30.7,13.3,24.7,57.7,50.6,39.2,,109.8,114.5,163.3,142.6
20150525,9,O3,35,59.6,28.7,53.6,51.2,40.4,70.3,78.4,123.8,46,54.7,90.3,50,101.5,85.9,75.9,74.6,54,97,151.4,122.6,127.3,123.9,117,144.2,130.8,163.2,,114.3,95.5,,42.2,37.2,8.7,22.9
20150525,9,CO,1.6,1.4,1.4,1.4,1.4,1.3,1.3,1.1,0.9,1.2,1.2,1.1,1.1,1.2,1.1,1.2,1.6,1.2,1,1.2,1.2,1,1,1,0.9,1,0.9,1.4,1.2,0.8,,1.4,1.3,1.8,1.5
20150525,10,SO2,24.7,19.8,19.8,17.2,20.9,26.5,28.9,24.8,20.4,21.8,18.5,,17.5,47.2,41.7,38.5,35.3,15.6,11.3,41.6,30.5,32,9.7,,11.8,17.9,41.7,27.1,45.2,30.8,,28.4,29.1,34.4,35.7
20150525,10,NO2,113.9,145.1,87.6,116,79.4,121.5,,37.3,40.2,100.9,64.9,,70.1,68.2,56.7,82.1,47.6,56.7,38.7,,34.7,28.9,21.5,41.7,37.8,12.9,25.1,44.4,52.2,41.3,,128.3,110.3,179.8,140.2
20150525,10,O3,61.4,55.1,,79.8,102.9,62.8,113.2,118.1,152.2,63.7,114,,80.8,120.4,115.2,99.5,122.8,113,110.5,192.1,145,172.8,166.3,127.8,155.1,171.3,187.6,,136.8,119.8,,54.1,61.7,23.6,55.3
20150525,10,CO,1.5,1.6,1.4,1.5,1.2,1.4,1.1,1,0.9,1.4,1.2,,1.1,1.2,1.2,1.3,1.3,1.1,1.1,1.2,1.1,1.2,0.9,1,0.9,1.1,0.9,1.3,1.3,1,,1.5,1.3,1.7,1.4
20150525,11,SO2,33.9,30.2,18,23.3,18.1,,26.5,34.5,23.4,23.6,20.5,,22.4,47.8,45.8,46.8,32.9,22.9,15.1,42.9,33.1,33.3,11.3,20.2,13.1,28.3,39.9,27.6,50.2,28.3,,35.4,31.4,40.4,37.9
20150525,11,NO2,107.2,98.3,97.7,98.3,92.3,100.8,70.9,,49.6,87.7,52.9,,52.7,56.8,56.6,71.4,45.1,28.7,29.7,27.2,29.7,26.5,14.8,30.3,32.9,13.7,24.3,36.9,52.4,39.5,,123.7,115.2,,130.9
20150525,11,O3,108.1,141.2,133.5,128.4,126.6,112.8,171.7,119.9,177.6,125.7,171.4,,135.2,174.6,158.5,148.6,162.5,176.2,169.7,222.3,190.5,209.5,204.6,187.1,190.9,227.2,219.9,,189.6,166.2,,93.4,94.4,54.4,107.2
20150525,11,CO,1.5,1.5,1.4,1.5,1.3,1.3,1.3,1,1,1.4,1.1,,1,1.2,1.2,1.3,1.3,1.1,1.1,1.4,1.2,1.2,0.9,1.1,1,1.3,0.9,1.3,1.7,1.1,,1.6,1.3,1.7,1.4
20150525,12,SO2,48.4,43.1,30.6,38,25.7,,26,32.5,20,37.8,27,,21.7,54.1,51.9,53,32.7,23.9,14.9,35.5,32.1,33.1,10.4,24.5,12.9,29,33.2,20.8,40.2,32.6,,47.9,31.4,47.7,46
20150525,12,NO2,51.5,44.1,70.9,49.6,86.3,51.6,80.3,33.9,50.3,42,35.8,,39.4,33.1,38,40.9,51.3,29.1,30.6,24,31.6,19.1,14,24,28.9,14.7,21.8,33.1,56.7,27,,79.9,117.9,138.9,75.4
20150525,12,O3,211,245.8,206,214.8,182.1,219.6,210.6,192.4,224.4,227.2,227.6,,183.1,245.5,220.1,228.4,204.3,220.2,206.6,259.6,232,252.7,219.2,234,228.1,261.2,251.2,,239.8,213,,181.6,132.1,144.1,223.9
20150525,12,CO,1.4,1.3,1.4,1.3,1.5,,1.4,1,1.1,1.3,1.1,,1.1,1.4,1.5,1.5,1.3,1.1,1.1,1.4,1.2,1.1,0.8,1.1,1,1.4,0.9,1.1,1.5,1,,1.3,1.5,1.4,1.3
20150525,13,SO2,44,41.8,33.7,39.2,32.3,41.2,35.8,31.1,25.1,39.9,31.4,29.7,13.1,57.9,39.3,46.1,38.5,21.3,15.3,31.6,28.9,38.7,9.5,22.7,13.3,30.9,33,15.5,35.2,46.6,,46.1,41.5,48.8,48.3
20150525,13,NO2,21.2,23.2,24.9,27.4,28.9,29,31.9,41.1,31.5,21.1,21,17.8,35.5,26.1,28.5,27.9,39.2,28.3,19.5,15.6,36.2,24.5,14.5,23,24.6,14.3,18.5,28.5,49.2,26.4,,40.6,57.8,101,52.6
20150525,13,O3,256,285,271.9,251.3,275.4,268.9,294.9,222.4,271.2,262,254.8,284.8,213.6,275.2,248.9,264.3,265.4,259.8,248.7,284,284.1,303.2,221.5,277.4,254.3,289.7,277.8,,270.9,254.7,,239.5,209.3,200.3,279.4
20150525,13,CO,1.1,1.2,1.1,1.3,1.1,,1.1,1.1,1,1.2,1.1,1,1.4,1.7,1.3,1.5,1.3,1.1,1.1,1.1,1.3,1.4,,1,0.9,1.4,0.7,0.9,1.3,1.4,,1.2,1.1,1.4,1.1
20150525,14,SO2,48.5,42.8,38.9,42.6,37.3,40.8,39,35.7,24.9,46.8,47.6,39.1,10.7,45.5,28.5,38.3,38.7,22.4,23.6,30.7,33.8,39.7,11.2,21.4,16.2,35.7,27.8,14.8,31.8,47.4,,46.8,43.4,50,47.9
20150525,14,NO2,18.9,20.9,22.4,26.8,23.3,24.6,29.6,25.5,18.1,21.6,22,19.1,42.4,26.2,24.7,25.2,27.7,36.3,15.5,15.3,43,24.7,16.6,33.7,35.4,18.5,18.5,,52.2,23.5,,43,57.4,96.9,52.6
20150525,14,O3,270.4,302.2,284,263.9,288.1,,293.4,239,262.1,285.4,291,301.6,249.8,294.5,262.9,278.7,283.6,279.6,255.1,298.2,338.6,355.7,226.3,324.3,297,341.8,291.3,,272.3,279.3,,250.5,212.1,213.1,282.1
20150525,14,CO,1.3,1.3,1.3,1.4,1.3,1.4,1.1,1,0.9,1.5,1.7,1.3,1.9,1.4,1,1.3,1.3,1.2,1.3,1.1,1.4,1.4,,1.2,1.1,1.7,0.7,0.8,1.3,1.6,,1.3,1.3,1.5,1.2
20150525,15,SO2,45.2,39.5,40.4,38,32.1,37.3,50.2,42.8,43.8,51.6,49.4,52.7,13.4,38.6,28.9,34.9,32.3,29.4,30.8,23.8,33.9,40.1,12.8,26.6,17.4,35.5,21.8,14.5,29.1,44.9,,42.6,41,45,43.1
20150525,15,NO2,19.3,21.7,22.7,25.9,30.2,25.6,35.1,21.6,17,23.4,21.8,21.8,50,25.7,25.2,25.5,24.4,15.4,16,15.4,27.1,22.3,22.9,24.3,42.7,18,17.8,25.7,62,23.2,,30.4,48.6,88.3,55.6
20150525,15,O3,282.6,318.5,307,269.6,292.5,,334.3,240.8,309.2,304.3,309.2,341.8,253.6,289,272.8,280.9,278.8,275.7,284.4,303,360.9,359.5,302.6,315.2,360.5,369.6,281.3,,281.1,288,,271.5,237.2,230.4,309.5
20150525,15,CO,1.2,1.3,1.4,1.4,1.3,1.3,1.5,1.1,1.4,1.6,1.7,1.8,1.9,1.3,1.1,1.2,1.2,1.1,1.7,0.9,1.3,1.4,0.9,1.1,1.1,1.6,0.5,0.8,1.4,1.9,,1.3,1.3,1.4,1.1
20150525,16,SO2,45.8,40.2,48.8,44.7,36.3,34.2,61.2,48.5,40.4,61,51.2,48.8,14.3,47.2,28.4,36.6,26.5,41.5,31.8,19.7,32.4,33.1,16.5,36.4,22.5,33.3,19.9,11.6,24.4,50.2,,44.8,46.9,48.9,43.7
20150525,16,NO2,18.6,19.2,26.9,26.5,31.6,,41.9,17.1,15.1,27.5,20.8,17.4,51.4,28.2,23.8,26,23.2,18.3,16,15.6,20.3,19.1,22.5,14.8,33,14.1,16.9,23.3,46.9,22.5,,,70.4,,48.6
20150525,16,O3,283.5,317.9,324.1,285.7,303.7,280.7,357.4,249.8,306.5,324.5,307.4,333.9,262.5,301.1,276.5,286.1,272.8,303.5,283.9,297.1,333.8,344.7,331.6,307.5,337.6,353.5,277.7,,278.8,310.5,,252.3,236,229.1,309.1
20150525,16,CO,1.3,1.4,1.7,1.6,1.4,1.2,1.7,1.3,1.2,1.9,1.8,1.5,2.2,1.5,1.2,1.3,1,1.5,1.7,0.7,1.2,1.2,0.9,1.3,1.1,1.6,0.4,0.7,1.2,2,,1.4,1.6,1.6,1.1
20150525,17,SO2,51.5,44,48.3,44.1,39.8,35.8,63.1,46.7,43.7,54,48.5,51.5,11.4,42.5,25.5,34.6,28.6,38.9,35.6,19.8,28.9,26.8,23.1,42.1,32.7,24.8,19.3,8.1,17.8,37.7,,48.8,48.5,51.7,44.7
20150525,17,NO2,20.9,21.9,33.5,27.7,31.7,,41.3,19.3,17.3,27.3,22.5,20.3,55.2,31,24.6,27.8,26.3,17.2,17.6,14.5,22.1,19,17.2,17.8,40.6,11.5,16.5,22,38.3,20.8,,44.4,71.1,104.8,36.5
20150525,17,O3,290.8,321.5,320.6,285.1,312.5,266.3,364.3,254.2,315.9,324.3,325.5,349.4,263,295.2,268.1,276.5,276.9,288.8,293.5,293.5,336.6,323.7,325.6,322.9,319.8,331.4,279.2,,260,289.8,,264.3,244.1,228,312.1
20150525,17,CO,1.5,1.5,1.8,1.7,1.7,1.3,2,1.4,1.4,1.9,1.9,1.9,2,1.5,1.1,1.3,1.2,1.4,1.8,0.7,1.2,1,1,1.5,1.4,1.3,0.4,0.6,0.9,1.4,,1.5,1.8,1.7,1.2
20150525,18,SO2,48.1,39.8,39.8,36.9,35.5,35.7,49.2,43.2,43.3,42.3,32.3,42.1,11.5,33.6,21.7,30.3,27.8,41,33.2,18.8,31.7,27.2,28.3,43.8,31,24.1,17.7,6.8,12.5,26.1,,44.2,40,44.8,39.1
20150525,18,NO2,24.5,25.5,33.6,29.9,34.6,34.7,44.8,26.9,21.6,31,21.5,24.8,57.6,32.4,25,30.7,29,22.4,19.7,17.2,24.8,23.4,18.9,18.6,38.3,10.9,16.5,20.7,34.2,17.4,,53.8,81.3,130.3,39.5
20150525,18,O3,280.8,311.2,316.2,274,306.5,289.2,345.9,260.3,324.8,293.7,305.8,338.1,217.5,257.4,254.8,267.2,263,295.6,286.5,275.4,310,312.2,316,312.5,298.9,321.5,273.9,,242.1,239.1,,248.9,228.1,192.3,300.1
20150525,18,CO,1.4,1.4,1.6,1.5,1.6,1.3,1.7,1.5,1.5,1.5,1.4,1.7,1.3,1,0.9,1.1,1.1,1.7,1.7,0.7,1.3,1.1,1.1,1.6,1.4,1.3,0.4,0.6,0.7,0.9,,1.4,1.7,1.5,1.1
20150525,19,SO2,37.2,27.2,28.2,26.6,24.3,28.1,33.8,33.7,24.9,30.9,19.8,26.7,14.9,20.3,14.9,21.1,25.9,35.9,22.2,15.4,33.7,26.5,31.2,42.3,34.1,24.1,14.6,6.8,10.2,20.8,,32.8,36.6,32.8,31.4
20150525,19,NO2,22.3,21.7,33,30.1,33.8,38.2,46.6,28.3,21.6,36.6,19.9,23.1,63.8,40.8,26.6,35.2,32,29.6,22,21.1,31.7,30.1,21.8,24.3,28.9,11.6,19,20.9,15.9,17.5,,54.2,80.6,116.9,36.3
20150525,19,O3,237.1,258.5,253.3,221.6,254.4,247.6,276.5,243.5,279,221.7,248.4,279.3,168.8,216.2,220.9,228.2,240.9,288.8,239.8,235.3,288.5,288.2,304.5,320.3,325.6,311.2,236.3,,231.7,204.1,,199.8,185,149.1,266.1
20150525,19,CO,0.9,0.9,1.1,1,1.1,1,1.2,1.4,0.9,1,0.9,1,0.9,0.7,0.7,0.8,1,1.7,1.1,0.7,1.4,1.1,1.2,1.8,1.6,1.2,0.3,0.6,0.6,0.7,,0.9,1.2,1,0.8
20150525,20,SO2,29.1,21.1,20.4,19.3,18.1,19.9,24.1,25.3,17.5,23.4,14.4,18.7,14.6,18.2,12.2,16.8,19.3,22.7,15.4,13.8,29.8,22.7,33.2,29.6,34,21.7,12.8,9.6,8.3,16.5,,26,30.3,26.3,21.8
20150525,20,NO2,25.5,26.3,35.5,36.6,37.1,40.7,42.8,28.6,21.4,46,22.9,26.7,60.1,52.2,34.8,42.6,36.4,26.3,23.8,24.5,38.1,25.1,22,23.2,34.4,11.8,18.7,27.9,15.8,17.7,,49.5,74.7,125.1,42.6
20150525,20,O3,205.8,229.3,214.4,187,209.5,215.4,225.7,201.6,233.6,179,211.8,232.9,147.6,183.8,184.2,194.5,202.7,240.1,198.2,200.5,221.5,261.2,315.4,281.6,314.8,281.6,215.2,,215.2,190.1,,185,147.2,120.5,230
20150525,20,CO,0.8,0.7,0.8,0.9,0.8,0.8,0.9,1,0.6,0.8,0.8,0.9,0.9,0.7,0.7,0.7,0.8,1.2,0.8,0.6,1.3,1,1.6,1.4,1.8,1.1,0.3,0.6,0.6,0.7,,0.7,0.9,0.9,0.6
20150525,21,SO2,25,18,15.9,16.2,13.4,17.8,21.2,22.1,17.1,18.9,13.8,17.8,10.6,16.8,12.1,15.6,16.2,16.6,14.6,13.7,23.5,17.4,26.7,20.1,26.3,18.6,12.2,22.4,8.4,15.6,,22.3,21.3,23.3,19
20150525,21,NO2,32.2,30.4,39.7,42.2,37.5,38.9,49.9,33.6,21.5,59.1,33.9,26.8,53.1,61,43.7,47.9,37.2,24.8,21.3,38.4,33.5,28.8,25.9,19.8,49.4,12.4,16.1,37.6,21,21.4,,45.4,90.1,126.9,42.7
20150525,21,O3,177,202.4,189.9,161.6,191.4,194.4,191.2,178.9,213.6,136.6,176.4,210.8,141.8,150.8,148.8,164.7,181,197.1,185.3,163.3,187.7,227.9,286.7,219.2,257.5,255.9,218.5,,201.6,169,,167.9,117,94.5,203.1
20150525,21,CO,0.8,0.8,0.8,0.9,0.8,0.8,0.9,0.9,0.6,0.9,0.9,0.8,0.9,0.7,0.8,0.8,0.7,0.9,0.8,0.7,1.1,0.9,1.5,1,1.7,1,0.3,0.6,0.6,0.7,,0.7,0.9,1,0.6
20150525,22,SO2,24,15.6,16.6,13.5,15.2,15.1,22.6,21.9,16.1,16.2,14.7,18.2,7.7,17.8,12.8,15.3,15.9,13,15.4,14.1,17.9,15.8,19.1,14.7,19.1,14.7,11.2,10.4,8.9,14.9,,19.2,20.6,20,16.2
20150525,22,NO2,34.9,34.1,40,44.3,37.5,40.1,47.9,27.4,20.8,67.3,26.3,26.8,41.2,45.4,35.9,40.5,38.4,33.7,23.2,49.7,50.8,28.8,21.6,16.5,60.5,13.8,15.7,37.9,24.8,19.8,,44.4,79.3,111.4,40.9
20150525,22,O3,151.5,173.4,173.6,136.7,176.9,170.8,178.5,174.5,192.4,107.5,171.8,185.7,142.5,147.3,141.4,153.2,160.3,155.4,169.8,138,136.3,205.5,245.4,181.8,196.8,227.4,202.4,,186.9,153.8,,145.9,114.1,81.6,183.1
20150525,22,CO,0.8,0.8,0.9,0.9,0.8,0.8,0.9,0.9,0.6,0.9,0.9,0.8,0.9,0.7,0.7,0.7,0.8,1,0.8,0.9,1.1,0.8,1,0.9,1.4,0.9,0.2,0.6,0.6,0.7,,0.7,0.9,0.9,0.5
20150525,23,SO2,23.5,16.9,14.9,13.4,13.1,16,20.8,16.3,13.5,16.3,13.6,15.9,9.3,18.5,15.1,16.5,15.2,11.5,12.5,10.1,15.1,15.1,16.8,14.6,15.5,13.5,10.7,11.6,10.2,15.5,,20.1,20.2,19.4,16.7
20150525,23,NO2,32.1,34.6,35.4,43.6,38.5,34,43.7,36.1,22.8,54.4,27.3,34.2,33.9,50.9,33.7,39.5,45.1,36.4,47.1,71,62.1,24.1,25.1,14.6,84.3,12.6,14.8,42.2,23.3,16.6,,50.1,69.5,109.2,39.4
20150525,23,O3,145.3,166,162.3,129.3,161,171.1,166.8,130.9,166.3,111.4,151.3,154.1,134.4,126.7,134.5,144.1,132.6,132.9,97.4,84.9,96.7,195,214.2,180.1,136.9,211.8,185.3,,166.4,149,,133.5,107.8,77.3,177
20150525,23,CO,0.7,0.8,0.8,0.9,0.8,0.8,0.8,0.8,0.6,0.8,0.8,0.8,0.8,0.7,0.7,0.7,0.8,1,0.8,1,1,0.7,0.8,0.9,1.2,0.8,0.2,0.6,0.6,0.6,,0.8,0.8,0.9,0.6
20150525,0,PM2.5,81.7,76.4,78.3,78.1,84.6,75.9,87,147.4,123.4,97.3,90.5,99.9,96.3,85.5,85.8,82.4,82.5,80.9,105.5,60.4,84.5,68.5,86.7,76.6,74.6,57.4,102.8,77.6,73.3,92.4,,77.2,69.9,93.8,77.2
20150525,0,PM10,105.9,97.7,152.6,102.6,191.3,123.2,137.2,170,140.9,127.3,119.8,211.6,,148,153.1,141.4,133.6,112.8,151.3,115.1,153.1,144.3,108.1,117.7,75.1,,125.7,118.6,,,,89.8,143.3,133.1,
20150525,0,AQI,151,140,146,140,159,145,165,201,196,170,146,161,181,138,139,141,154,147,143,102,134,119,128,134,135,95,145,137,122,167,,148,157,171,164
20150525,1,PM2.5,73.8,71,76.5,70.3,80.9,68.4,89.7,163.9,135.6,93.3,97.6,101.7,95,89.5,88.1,82,85.5,77.7,95.9,65.3,78.7,71.4,88.1,76.1,67.6,61.1,134,81.1,83.2,99.6,,73.6,78.1,86.3,67.6
20150525,1,PM10,108.6,110.8,161,132.9,148.4,116.1,144.4,,154,143.2,127.5,199.1,,131.9,144.7,130.9,129.9,100,114.8,125.7,117.7,128.5,105,90.7,,,140.1,113.4,108.4,,,130.4,156.1,133.8,104.5
20150525,1,AQI,149,138,145,137,157,143,164,202,198,168,145,160,178,137,137,139,150,147,143,104,133,118,128,133,134,95,144,134,121,166,,145,155,168,159
20150525,2,PM2.5,87.7,78.8,81,79.7,80.9,73.1,90.4,125,125.4,101.2,100.6,102.8,99.7,90.3,94.2,85.9,87.8,70.5,79.9,83.1,72.2,61.7,80.7,75.2,69.2,53.3,139.9,90.9,94.5,97.4,,82.7,83.1,90.2,76.9
20150525,2,PM10,121.2,129,170.7,126.6,141.2,136.8,155,,132.9,163.4,146.5,218.4,,135.9,139.4,137.4,132.9,95.5,115.5,149.7,122.4,129.4,90,96.5,,54.9,,117.5,139,,,138.4,162.8,146.9,140.5
20150525,2,AQI,147,137,143,135,154,140,163,201,198,166,145,159,175,136,136,137,147,145,142,105,131,117,127,132,132,96,143,130,121,163,,143,153,165,155
20150525,3,PM2.5,88.5,82.1,84.3,80.9,90.2,77.3,96.5,132,128.6,103.2,100.1,107,100,91.7,94.3,87.8,114.3,71.5,78.2,95.4,72.4,65.2,83.2,74.6,66.4,54.3,130.4,93.2,111.4,101.8,,89.9,80.6,100.4,81.4
20150525,3,PM10,119.6,115.1,167.6,141.3,190.7,135.9,147.9,153.4,,119.9,124,263.9,,135.4,135.9,135.8,156.3,98.4,100.3,132.1,96.1,122.3,99.4,94.2,73.9,67,,117.8,130.2,,,137.7,158,154.1,130.3
20150525,3,AQI,144,135,141,133,152,138,162,201,198,164,144,158,171,134,134,135,144,144,141,106,129,115,126,132,131,97,164,127,121,160,,141,150,162,151
20150525,4,PM2.5,90.8,88.3,88.8,85.9,90.6,81.1,94.5,136.5,128.1,101.5,98.4,117.3,102.8,96.6,94.5,90.8,140.5,74,76.1,97.9,80.5,70.5,90.9,77.1,74.3,58.1,121,100,102.8,108.2,,98.5,89.9,107.2,84
20150525,4,PM10,122.1,116.3,164.4,119.1,151.8,132.5,161.1,,129.8,155,122.1,310.4,,139.7,144.6,138.9,189.7,105.1,91.2,131.4,97.7,128,91.7,102,,63.6,,125.8,145.4,117.9,,137.1,161.9,151.8,146.2
20150525,4,AQI,142,134,139,131,150,136,161,202,199,161,142,157,167,132,132,133,142,143,141,108,128,113,126,131,129,98,140,123,122,157,,140,148,160,147
20150525,5,PM2.5,96.3,83.2,90.2,92.1,89.4,84.9,96.8,132.3,121.6,112.6,105.4,133,114.8,108.4,107.8,100.4,150.8,80,69.9,97.8,80.5,67.5,91.8,80.9,69,57.4,126,103.5,109.8,116.3,,98.2,84.6,104,94.5
20150525,5,PM10,125.9,119,152.2,150.4,140.1,159.3,164.4,,125.2,144.4,127.4,385.7,,152.8,155.8,156,168.8,106,89.6,127.3,98.3,124.1,109.7,106.7,,60.1,,128.9,160.5,122.6,,171.5,183.6,159.5,174.5
20150525,5,AQI,140,131,137,130,146,134,159,202,197,159,142,159,165,130,130,131,141,142,140,109,127,111,126,131,127,99,139,119,122,153,,138,146,158,143
20150525,6,PM2.5,103.8,82.6,90.9,95.2,95.9,93.7,101.3,128.1,123.6,112.4,106.5,115.8,126.7,121.1,112.4,109.1,135.3,81.3,69.5,97.1,80.8,74.4,86.7,85.6,68.5,61.4,129.4,111.6,112.3,131.9,,116.6,91.1,115.3,112.7
20150525,6,PM10,140.2,124.3,167.3,146.4,203.9,163.3,130.9,,131.7,307.1,117.7,272.1,,167.5,157.5,162.8,172.6,121,90,125.2,128.7,136.2,125.1,126.6,81.4,,,122.2,141.8,171.3,,184.9,209.2,239.9,192.8
20150525,6,AQI,138,129,136,128,143,130,156,202,192,157,143,158,163,129,128,129,140,141,139,110,126,112,125,130,125,99,139,116,123,151,,136,142,156,138
20150525,7,PM2.5,116,104.5,103.4,105.1,105.7,111.8,107.2,140,148.8,116.4,96.1,106.8,143.9,127.3,113.8,117.6,150.7,94.1,74.9,95.4,86.7,73.5,84,89.7,77.8,63.3,129.7,133.8,119.7,142.5,,132.9,103,144.8,126.1
20150525,7,PM10,147.9,166.4,201.2,124.6,228.9,173.5,160.2,164.9,160,197.7,113.1,269.8,,183.2,155.1,170.6,188.8,126.2,92.3,134.5,139.2,124.6,119.8,158.1,109.2,67.1,,164.3,175,216.4,,204.5,230.7,262.8,206.9
20150525,7,AQI,135,126,133,126,139,127,151,202,188,155,141,154,162,128,126,127,141,140,138,111,126,113,124,130,123,100,139,114,123,148,,135,139,154,135
20150525,8,PM2.5,116.1,128.8,114.3,117.5,131.2,116.7,133.9,173,181.1,151,102.3,117.9,170.3,137.1,123.7,125.8,153.1,106,117.1,92.7,97.1,72.7,72.5,97.3,83.8,64.7,118.5,162.2,118.4,135.1,,130.3,121.5,151.5,129.9
20150525,8,PM10,164.8,184.4,236.1,186,232.9,190.7,214.6,,,215.6,151.5,227.8,,205,181.2,192.3,195.1,155.4,135.6,160.8,124.6,151.4,105.3,157.1,102.8,70.4,126.5,186.5,,,,212.1,265.9,253.2,203
20150525,8,AQI,132,125,129,124,135,124,148,201,186,152,137,150,161,127,123,125,142,139,138,110,125,113,122,129,121,100,139,112,123,144,,133,135,152,132
20150525,9,PM2.5,134.7,122.4,128.1,115.7,144.6,119.1,150.7,181.9,170.7,163.9,127.3,125.8,153.8,138.7,131.7,129.8,155.1,118,104.3,104.7,112.8,82.3,79.8,98.1,79.9,72.3,124.3,126,136.6,138.1,,122.2,138.3,150.9,140.4
20150525,9,PM10,187.4,193,261.6,223.8,246.5,224.7,217.8,,,217.8,176.4,213.5,,197.9,202.1,208.2,189.4,179.7,150.7,160.8,157.7,132.3,116.7,194,99.1,,135.1,133.6,175.2,154.9,,203.3,259.9,249.6,243.8
20150525,9,AQI,129,121,125,120,133,121,146,199,183,150,134,147,157,126,120,122,142,137,135,110,124,113,120,128,119,101,138,109,122,142,,129,132,148,130
20150525,10,PM2.5,146.3,126.8,127.5,122.2,136,134.2,152.5,,173.7,160.3,130.9,,156.6,126.1,130,130.1,140.3,126.4,111.6,110.5,106.3,106.3,89.4,103.4,77.1,73.8,126.3,125.8,133.2,127.6,,119.8,156.9,147.2,144.1
20150525,10,PM10,184.4,219,244.7,205.9,225.3,233.8,171.6,163.1,175.7,239.4,171,,,199.8,187.7,207.1,161.4,187.6,154.5,145.1,185.4,198.4,116.8,152.6,93.1,83.9,128.9,154.8,200.7,192,,216.9,244,241.6,197.2
20150525,10,AQI,126,118,122,117,129,119,144,196,182,147,131,,154,124,118,120,141,136,132,109,123,113,119,126,117,101,138,107,120,139,,125,129,145,127
20150525,11,PM2.5,139.7,125.7,126,114.6,129,127.2,173.9,,184.9,140.1,131.3,,152.3,122.8,124.3,124.8,133.5,130.3,115.4,111.6,109.1,108.3,78.7,110.3,87.1,95.4,134.8,121.1,149.4,138.3,,137.4,184,151.1,140.2
20150525,11,PM10,170.2,183.5,238.5,189.8,247.4,227.2,181.1,,,170.6,147.7,,,188,268.8,228,158.4,177.8,143.9,178.9,178.2,174.7,94.8,193,133.5,103.6,,146.8,214.5,,,187.5,226.9,213.4,228.6
20150525,11,AQI,122,115,119,114,126,115,141,192,181,143,128,,152,124,117,119,139,134,130,112,122,112,118,124,115,114,138,109,121,139,,123,127,142,124
20150525,12,PM2.5,124.4,102.9,110.7,105,126.9,121.6,160.4,93.2,183.1,125.9,118.7,,128.3,123.2,120.1,121.6,131.7,129.2,116.2,112.6,128.1,108.5,63.2,112.4,91.5,101.6,132.2,100,134.6,129.5,,120.9,153.6,145.8,119.5
20150525,12,PM10,151.3,164.1,202.6,121.3,172.4,184,165,112.7,,,144.9,,,185.4,204.1,191.2,156.3,170.3,153.7,176.1,211.5,157.1,75.6,173.4,94.5,116.8,,120.9,176.3,229.5,,152.3,179.6,153.4,167.8
20150525,12,AQI,122,123,118,114,124,115,141,183,179,142,128,,151,125,118,119,137,132,128,130,121,127,116,122,115,131,137,110,123,139,,123,127,143,122
20150525,13,PM2.5,95.7,87.5,90.7,88.2,97.7,101.4,134.2,136.1,172.7,112.3,101.7,102.5,123.9,117.8,110.6,109.9,123.5,135.5,112.2,102.6,126.7,126.2,,104,82.9,100.7,115,81.4,110.3,147.9,,105.5,96.4,115.4,114.5
20150525,13,PM10,125.1,139.1,161.4,151.4,129.7,176.9,,136.4,,126.8,133.2,,128,187.5,169.5,178,142.4,172.6,144.7,136.5,158.9,200.2,5,170.2,106.7,121.9,,93,125.6,187.1,,134.5,125.7,183.6,128.6
20150525,13,AQI,128,143,136,126,138,135,148,179,181,141,128,143,150,138,125,133,136,130,128,142,143,152,116,139,128,145,139,111,136,139,,123,126,143,140
20150525,14,PM2.5,96.1,95.8,92.1,92.7,100.8,95.3,93,104,,128.6,124.7,107.9,147.8,115.3,83.9,98.2,114.1,128.2,103.1,103.8,133.5,128.2,,111.8,92.2,119.4,110.5,75.4,108.1,135.8,,96.7,97,129.3,106.9
20150525,14,PM10,146.2,182,182.9,201.5,188.1,168.3,177.8,120.3,,227.3,164.3,277.5,,185,152.7,168.7,129.4,178.1,150.7,134.3,182.9,185.5,,193.2,142.9,138.5,,101.4,144.1,213.4,,191.3,202.2,196.1,126.5
20150525,14,AQI,136,152,142,132,145,116,147,175,181,143,146,151,150,148,132,140,142,140,128,150,170,178,116,163,149,171,146,113,137,141,,126,126,145,142
20150525,15,PM2.5,103.7,93.4,99.5,91.9,100.5,100.7,115.1,111.4,104.4,153.2,127.6,130.9,145.9,105.5,90,98.7,105.8,112,121.7,96.2,114.9,121.4,63,92.2,,124.6,100.7,72.1,97.5,137.9,,98.1,107.7,128.2,110.7
20150525,15,PM10,149.8,168.2,194.4,180.4,219,185.1,191.3,123.5,190.1,196.5,158.7,221.3,162.5,167.5,180.2,177.6,114.7,136.5,181.7,,,168.7,,120.1,5,127.8,,99.2,177,211,,152.6,216.8,169,213.7
20150525,15,AQI,142,160,154,135,147,118,168,174,181,153,155,171,153,145,137,141,140,138,143,152,181,180,152,158,181,185,141,115,141,144,,136,127,147,155
20150525,16,PM2.5,103.3,98.6,108.2,107.9,100.9,95.8,129.7,108.1,122.2,153,,114.2,146.1,113.5,97.4,102.2,87.9,120.8,118.8,95.5,92.3,108.6,94.6,92.5,,106.9,92.4,60.9,91.6,142.7,,94.1,118.8,135.8,112.2
20150525,16,PM10,152.4,181.6,226.3,192.1,204.5,165,245.3,132.8,176.2,230.5,169.3,214.7,,197,166.2,176.1,133.2,192.2,181.6,,136.9,156,199.8,193.1,,115.5,93.7,115,135.3,179,,182.4,238.6,202.1,130.2
20150525,16,AQI,142,159,163,143,152,141,179,173,181,163,154,167,156,151,139,144,140,152,142,149,167,173,166,154,169,177,139,116,140,156,,128,130,150,155
20150525,17,PM2.5,115.6,107,114.4,114.7,112.5,98.7,133.1,119.9,130.3,123.8,,119.8,143.7,111.5,88.6,99.6,103.9,120.6,125.7,90.8,96.2,91.5,90.1,111,65,98.5,89.3,52.9,70.2,126.4,,96.2,121.2,144.7,115.1
20150525,17,PM10,160.8,176.3,219.7,184.4,243.7,174.8,182.4,156.4,180.4,177.7,170.8,264.3,155.7,195.6,170.1,180.2,151.1,173.1,174.5,124.2,200.6,135.1,190.4,194,155.6,,101,96.4,81.8,151.4,,187.2,208.4,203.6,204.6
20150525,17,AQI,146,161,161,143,157,134,183,174,181,163,163,175,159,148,135,139,141,145,147,147,169,162,163,162,160,166,140,116,130,150,,133,133,154,157
20150525,18,PM2.5,119.6,103.4,113.1,100.4,113.9,97.8,128.8,159.2,146.3,120.9,72.1,126.8,124.6,95.1,76.5,89.8,92,116,138.4,80.7,95.9,96.9,95.5,114.1,93.1,92.8,86.6,55.9,71.7,90.7,,98.5,131.4,137,111.7
20150525,18,PM10,168.5,182.3,237.3,200.1,234,184.1,208.7,178.6,202.2,189.7,150.5,246.4,,134.2,154.8,157.7,123.6,207.2,177.5,157.4,170.9,188.7,192.6,213.4,160.9,123,111.1,113.9,110,101.4,,188.4,258.9,189.9,199.9
20150525,18,AQI,141,156,159,137,154,145,173,176,182,154,153,170,162,138,129,134,144,148,144,138,155,157,158,157,150,161,142,117,130,150,,132,136,157,151
20150525,19,PM2.5,89.8,77,86.2,78,92.6,85.6,98.4,123.2,125.8,87.9,78.6,96.7,89.7,69.6,73.7,76.3,84.8,124.9,113.5,68.3,102.3,100.4,98.3,132.6,100,92.4,87.5,57.6,57.4,80.9,,78.6,99.2,100.6,90.6
20150525,19,PM10,116.6,118.6,172.2,107.8,163,138.2,128.9,168.7,170.3,101.1,112.4,146.5,,138,140.5,138.9,128.5,223.1,158.5,90.6,164.4,153.7,206.3,259.1,190.5,117.2,99.7,116.8,104,82.1,,115.7,146.7,166,120.7
20150525,19,AQI,136,130,127,124,134,125,148,176,184,155,135,148,163,138,129,131,146,145,134,118,145,145,153,161,163,156,143,118,130,151,,132,138,158,135
20150525,20,PM2.5,79.3,70.8,73.5,66.9,75.8,71.4,79.6,93.3,95.2,87.9,67.4,80.9,94.3,72.4,66.9,70.2,73.6,98.1,80.3,64.2,98.9,75.6,112.9,128.4,111.6,83.4,89.7,60.8,60.7,82.1,,72,82.3,92.8,65.6
20150525,20,PM10,126.2,124.2,160.3,134.5,151.9,135.4,133.6,139.2,140.3,138.4,104.1,176.3,,146.4,140.8,140.9,108.8,160.3,135.9,150,180,156.7,226.1,190.9,199.6,95.2,117.1,106.6,,119.3,,128.4,164.2,154.1,133.5
20150525,20,AQI,136,124,127,124,134,125,148,175,183,155,134,147,162,137,129,130,147,135,134,116,126,131,158,141,158,141,144,118,129,151,,132,138,158,135
20150525,21,PM2.5,81.8,61,69.3,70.2,72.5,70.5,81.1,97.5,95.3,96.2,71,81,90.3,73.8,72.1,72.1,66.3,84.5,76.5,62.9,87.4,79.7,117.2,101.9,110.5,79.4,89.6,65.5,53.6,83.7,,70.8,76,95.9,62.9
20150525,21,PM10,117,125.7,163.1,139.8,159.3,138.3,136.1,127.2,133.4,150.6,124.4,163.6,112.6,157.3,159.9,151.8,114.9,150,131.4,177.2,147.6,152,230.5,152.8,195.8,112.6,119,113.2,103.1,135.2,,133.7,161.7,152.5,130.4
20150525,21,AQI,135,123,126,123,132,125,147,172,182,155,133,147,161,137,129,130,146,135,132,116,127,116,144,126,129,128,146,118,129,151,,131,138,158,134
20150525,22,PM2.5,79.3,63.9,73.6,67.6,75.1,63.1,77.6,98.4,68.1,96.1,71.1,73.9,88.2,69.5,69.6,67.4,69.4,76.8,77.8,78,84.6,76.5,100.7,97,106.7,76.5,91.9,63.2,60,83.9,,69,74.5,94,64.8
20150525,22,PM10,127.2,138.2,174.4,163.7,164.6,142.9,135.6,122.5,127.5,167.1,108.2,135.3,96.6,161.2,144,149.4,117,143.8,121,184.7,152.6,136.9,190.4,135.4,174,103.7,105.1,90.6,97.7,,,157.3,170.1,168.8,142.9
20150525,22,AQI,134,122,126,122,132,123,147,170,179,155,133,145,161,136,128,129,146,134,131,117,127,116,123,128,110,114,147,118,128,151,,130,138,157,133
20150525,23,PM2.5,77.7,65.1,66.5,65,69.2,68.3,71,113.5,65.8,84.5,69.1,78.4,85.9,73.3,69.3,70.3,69.5,80.9,75,82.3,97,68.6,87.3,97.3,89.9,66.5,83.7,58.4,56.7,78.5,,69.2,76.2,91.6,72.3
20150525,23,PM10,114.3,124.8,153.1,122.4,138.2,128.8,102,122.5,121.3,110.5,110.6,168.3,,151.5,147.8,142.7,123.8,136.9,124.5,177.7,148.3,134,175.8,136.8,149.5,88.8,90.3,112.7,121,,,126.1,133.6,153.5,115.1
20150525,23,AQI,134,121,126,122,132,123,146,169,176,154,131,144,160,136,127,129,145,134,129,119,127,116,117,129,111,106,147,118,127,150,,129,138,156,133
