date,hour,type,dongsi,tiantan,guanyuan,wanshouxigong,aotizhongxing,nongzhanguan,wanliu,beibuxingqu,zhiwuyuan,fentaihuayuan,yungang,gucheng,fangshan,daxing,yizhuang,tongzhou,shunyi,changping,mengtougou,pinggu,huairou,miyun,yanqing,dingling,badaling,miyunshuiku,donggaocun,yongledian,yufa,liulihe,qianmeng,yongdingmengxi,xizhimengbei,nansanhuan,dongsihuan
20150406,0,SO2,2,2,2,2,2,2,2,2,2,2,2,2,2,2,2,2,2,2,2,2,2,2.4,2,2,2,2,2,8.7,2,2,2,2,2,2,2
20150406,0,NO2,11.7,11.5,9.9,8.4,9.9,14.6,,13.6,6.7,15,14.8,10.8,13.5,14.7,14,27.5,8.9,8.5,6.9,4.7,2.9,4.9,2,2.2,9.3,3.4,2,,2,14.7,11.2,19,19.6,33.1,21.2
20150406,0,O3,72,88.7,73.8,83.3,78.7,72.9,54.8,61.3,75.5,76.1,71.2,77.5,61.6,80.2,75.7,56,73.6,78,73.3,83.3,86.2,90.2,79.4,83,85.7,90.7,90.8,222.5,74.4,72.6,76.7,68.5,72.8,59.2,69.9
20150406,0,CO,0.3,0.2,0.2,0.2,0.2,0.3,0.2,0.3,0.3,0.2,0.2,0.3,0.3,0.2,0.3,0.3,0.2,0.2,0.3,0.3,0.2,0.3,0.2,0.2,0.3,0.3,0.1,0.3,0.3,0.3,0.2,0.2,0.3,0.3,0.3
20150406,1,SO2,2,2,2,2,2,2,2,2,2,2,2,2,2,2,2,2,2,2,2,2,2,2.3,2,2,2,2,2,8.3,2,3.4,2,2,2,2,2
20150406,1,NO2,10.8,10.1,9.2,8.7,11.7,12.8,,15.5,6,11.6,14.9,8.5,12.8,10.9,11.4,16.6,6.3,6.5,7.7,4.3,2.3,4.8,2,2,5.8,3,2,,2,11,11.3,26.9,18.7,37.2,14.7
20150406,1,O3,71.9,91.1,73.7,82.8,78.4,73.2,56.6,61.4,77.9,81.9,70.9,76.2,60.7,81.6,77.6,65.9,60.5,82.1,62.6,84.3,87.1,90.4,78.5,85,89.9,93.8,91.5,108.3,73.7,76.4,76.5,58.1,72.5,58.9,74.5
20150406,1,CO,0.2,0.2,0.2,0.2,0.2,0.3,0.2,0.3,0.3,0.2,0.2,0.2,0.3,0.2,0.3,0.2,0.3,0.2,0.4,0.3,0.3,0.3,0.3,0.2,0.3,0.3,0.1,0.2,0.3,0.3,0.2,0.3,0.3,0.3,0.3
20150406,2,SO2,2,2,2,2,2,2,2,2,2,2,2,2,2,2,2,2,,2,2,2,2,2.4,2,2,2,2,2,8,2,3.5,2,2,2,2,2
20150406,2,NO2,11.4,12.4,12.5,10.3,10.4,12.5,,13.8,4.2,12,12.8,7.4,9.7,9.7,13.6,13.4,2.1,6.8,8.9,4,2,5.2,2,2,4.8,3.2,2,,2.8,9.3,12,25.5,18.7,34.3,32.1
20150406,2,O3,72.5,88.8,67.2,80.5,79.1,73.8,58.3,64.7,83.7,83.5,73.7,62.4,65.9,83.8,72.9,68.4,2,83.8,45.7,85.8,88.9,90.6,74.8,84.8,89.1,94.8,92.4,77.6,70.4,78.9,76.3,54.7,72,59.3,56.2
20150406,2,CO,0.2,0.2,0.2,0.2,0.2,0.3,0.2,0.3,0.3,0.2,0.2,0.2,0.3,0.2,0.2,0.2,0.1,0.2,0.2,0.3,0.2,0.3,0.2,0.2,0.2,0.3,0.1,0.2,0.3,0.2,0.2,0.2,0.3,0.3,0.3
20150406,3,SO2,2,,2,2,2,2,2,2,2,2,2,2,2,2,2,2,,2,2,2,2,2.4,2,2,2,2,2,7.7,2,2.2,2,2,2,2,2
20150406,3,NO2,11.1,,10.4,8.3,10.1,18.5,,13.5,5.1,13.5,13,8.3,10.2,10.5,16.4,11.3,2,5.1,10.5,3.8,2,4.7,2.2,2,5.4,3.3,2,,3.8,13.7,12.1,17.6,16.6,31.1,40
20150406,3,O3,72.1,,72,83.7,79.3,63.7,58.6,63.5,82.4,82.2,75.9,56.5,67.8,83.2,68.9,71.6,2,83.9,2,89.5,89.5,92.2,77,83.7,89.9,92.5,94.8,86.4,69.3,70.7,75.2,62.5,75,62.7,49.2
20150406,3,CO,0.2,,0.2,0.2,0.2,0.2,0.2,0.3,0.4,0.2,0.2,0.2,0.3,0.2,0.2,0.2,0.1,0.2,0.1,0.2,0.2,0.3,0.2,0.2,0.2,0.3,0.2,0.2,0.2,0.2,0.2,0.3,0.2,0.3,0.3
20150406,4,SO2,2,2,2,2,2,2,2,2,2,2,2,2,2,2.1,2,2,,2,2,2,2,2.9,2,2,2,2,2,7.7,2,2,2,2,2,2,2
20150406,4,NO2,10,9.1,8.2,6.8,9.1,11.3,,12.6,5.2,10.3,13.5,8.6,10.1,10.5,17,11.7,2,5,8.2,3.6,2,5.2,2,2,4.8,3.1,2,,5.2,11.7,10.5,13.4,13.7,26.4,50.9
20150406,4,O3,73.3,92.9,74.8,87.7,79.7,71.9,58.5,62.5,79.9,85.5,73.4,71.4,67.4,80.4,66,72.4,2,82.7,57.4,85.2,92.6,86.7,68.7,81.8,88.9,90.5,96,84.6,60.4,75.6,77.5,75.1,74.4,69.5,41.6
20150406,4,CO,0.2,0.2,0.2,0.2,0.2,0.2,0.2,0.3,0.4,0.2,0.2,0.2,0.3,0.2,0.2,0.3,0.1,0.2,0.1,0.2,0.2,0.3,0.2,0.2,0.2,0.3,0.2,0.2,0.3,0.2,0.2,0.3,0.2,0.3,0.3
20150406,5,SO2,2,2,2,2,2,2,2,2,2,2,2,2,2,2,2,2,,2,2,2,2,3.2,2,2,2,2,2,7.5,2,2,2,2,2,2,2
20150406,5,NO2,9.3,9.1,5.7,5.6,8.2,12.4,,15.6,6.3,9.5,12.9,5.2,10.9,13.4,13.7,8.3,2,4.5,,3.2,2.1,5.7,2.7,2,4.6,2.9,2,,10.8,12.5,11,7.1,7.6,23.5,42.2
20150406,5,O3,72.8,90.9,75.8,87.4,78.9,68.9,57.6,58.1,77.9,83.4,71.6,73.2,64.4,76.3,70.8,72.7,2,81.2,59.3,86.2,92.2,86.7,74.9,80.5,87.1,87.8,95.6,109.6,54.7,74.2,75.5,76.5,75.5,67.9,47.4
20150406,5,CO,0.2,0.2,0.2,0.2,0.2,0.2,0.2,0.3,0.4,0.2,0.2,0.2,0.3,0.2,0.2,0.2,0.1,0.2,0.1,0.2,0.2,0.3,0.2,0.2,0.2,0.3,0.2,0.2,0.3,0.2,0.2,0.3,0.2,0.3,0.3
20150406,6,SO2,2,2,2,2,2,2,2,2,2,2,2,2,2,2,2,2,,2,2,2,2,3.1,2,2,2,2,2,7.2,2,2,2,2,2,2,2
20150406,6,NO2,9.6,12.6,6.7,6.3,8.6,13.7,,13.8,7.2,9.9,13.2,5.5,12.1,13.5,15.6,11.5,2,5.6,5.1,5.1,2.6,6.1,3.9,2,4.3,2.9,2,,8,13.1,11.2,12.7,14.7,34,41.4
20150406,6,O3,70.3,84.4,76.5,86.2,76.4,64.9,56.9,59.1,75.8,83.1,69.7,76.9,63.2,77.4,69.3,69.6,2,78.3,73.2,83.2,89.9,86,77.7,79.4,89.8,86.7,94.8,93.5,59.7,72.7,73.1,69.9,71.5,58.3,49.4
20150406,6,CO,0.2,0.3,0.2,0.2,0.2,0.2,0.2,0.2,0.4,0.2,0.2,0.2,0.3,0.2,0.3,0.2,0.1,0.2,0.1,0.2,0.2,0.3,0.2,0.2,0.2,0.3,0.2,0.2,0.3,0.2,0.3,0.3,0.2,0.3,0.4
20150406,7,SO2,2,2,2,2,2,2,2,2,2,2,2,2,2,2,2,2,,2,2,2,2,3.1,2,2,2,2,2,7,2,2.9,2,2,2,2.8,2
20150406,7,NO2,13,16.6,10.6,8.9,10.6,12.6,,14.2,9,10.7,13,8.9,16.9,21.3,12.2,11.9,2,6.3,5.5,6.8,5.2,6.8,7.2,2,19.6,2.7,2,,3.5,16.2,13.3,25.6,20.9,55.7,44.2
20150406,7,O3,63.6,77.4,70.7,81.6,73.2,66.6,55.5,58.1,72.8,81.5,70,73.2,58.8,67.2,72.5,68.3,2,77.6,71.9,81.5,86.7,84.3,74.3,78.4,74.5,86.8,93.6,66.7,68.9,70.3,67.9,57.6,65.5,37,44.6
20150406,7,CO,0.2,0.3,0.2,0.2,0.2,0.2,0.2,0.3,0.4,0.2,0.2,0.2,0.3,0.3,0.3,0.2,0.1,0.2,0.1,0.2,0.3,0.3,0.2,0.2,0.2,0.3,0.2,0.2,0.3,0.2,0.3,0.3,0.3,0.4,0.4
20150406,8,SO2,2,2,2,2,2,2,2,2,2,2,2,2,2,2,2,6.1,,2,2,2,2,2.7,2,2,2,2,2,6.9,2,2.2,2,2,2,3.7,2
20150406,8,NO2,21.1,20.4,12,10.7,14.1,15.9,,15.5,7.8,13.4,13.8,10.8,14.6,17.6,11,10.1,2,8.2,9.7,8.5,10.8,6.7,6.8,2,4.8,2.2,2,,3.3,17.7,23.5,33.7,15.1,57.6,40.1
20150406,8,O3,55,72.9,68.7,78.6,69.8,66.2,54,59,74.2,76.8,70,71.2,62.4,67.3,74.1,73.3,2,76.1,67.5,78.7,77,85.3,76.5,78.1,91.1,89.6,92,90.8,69.7,69.7,59.2,52.2,70.2,35.1,50.3
20150406,8,CO,0.3,0.3,0.2,0.2,0.2,0.2,0.2,0.3,0.4,0.2,0.2,0.3,0.3,0.2,0.3,0.3,0.1,0.2,0.1,0.2,0.3,0.3,0.2,0.2,0.2,0.3,0.2,0.2,0.3,0.2,0.3,0.3,0.3,0.4,0.4
20150406,9,SO2,2,2,,2,2,2,2,2,2,2,2,2,2,2.6,2,18.9,,2,2,2,2,2.3,2,2,2,2,2,6.3,2,2,2,2,2,5.3,2
20150406,9,NO2,17.7,18.6,,14.7,18.2,13.5,,12.9,6.4,13.9,14,8.6,13.5,19.8,7.5,11.6,2,9,7,7.6,8.8,7.1,6.9,2.3,8.2,2.3,2,,4.5,13.5,20.8,28.6,15.9,67.6,29.7
20150406,9,O3,59.2,76.5,,74.9,67.4,70.2,56.6,63.3,77.6,77,72.1,74.8,63.4,66.7,79.4,75.5,2,76.6,71,81.2,80.7,87.1,77.1,78.4,88.2,90.6,92.2,85.2,70,75.5,62.9,56.9,70.6,28.4,60.1
20150406,9,CO,0.3,0.3,,0.2,0.2,0.2,0.2,0.2,0.4,0.2,0.2,0.3,0.4,0.2,0.3,0.2,0.1,0.2,0.1,0.2,0.3,0.3,0.2,0.2,0.2,0.3,0.2,0.2,0.3,0.2,0.3,0.3,0.3,0.6,0.4
20150406,10,SO2,2,2,,2,2,2,2,2,2,2,2,2,2,2.4,2,15.7,,2,2,2,2,2.3,2,2,2,2,2,6.8,2,3.2,2,2,2,5.1,2
20150406,10,NO2,15.4,18.9,,13.6,13.9,11.5,,15.1,5.5,13.1,12.7,9.9,18.7,20.7,8.4,12.6,2,8,7.1,7.3,6.8,6.7,3,2,9,2.3,2,,7.6,13.3,23.7,34.9,25.8,67.3,35.2
20150406,10,O3,62.6,77.7,,78.2,73.4,73.2,57.4,62.6,80.1,80.1,73.9,74.6,59.5,69.5,78.5,77.9,2,79.6,71.5,84.2,84.9,88.5,82.3,82,88,91.4,96.5,77.4,68,76.8,62.7,55.4,66.6,32,57.8
20150406,10,CO,0.3,0.3,,0.2,0.2,0.2,0.2,0.2,0.4,0.2,0.2,0.3,0.4,0.2,0.3,0.2,0.2,0.2,0.1,0.2,0.3,0.3,0.1,0.2,0.2,0.3,0.2,0.2,0.3,0.3,0.3,0.3,0.3,0.6,0.5
20150406,11,SO2,2,2,,2,2,2,2,2,2,2.1,2,2,2,2.2,2,11.4,,2,2.8,2,2,2.3,2,2,2,2,2.3,7,2,3.6,2,2,2,4,2
20150406,11,NO2,11.9,17.3,,11.4,10.9,9.6,,17.9,5,11.5,12.4,8,14.3,16.2,8.4,13.5,2,8.4,5.9,7.3,3.9,7,3.4,2,10.8,2.4,2,,7.4,12.4,15,27.5,28.1,59.9,18.9
20150406,11,O3,68.4,82.9,,83.6,78.9,76.8,59.1,62.6,80.9,83.3,75.1,78.7,64.6,74.8,79.9,78.6,2,82.5,72.9,85.8,90,91,82.8,84.5,88.9,94.6,98.1,86.6,70.9,79.4,72.2,60.6,65.8,41.3,73
20150406,11,CO,0.3,0.3,,0.2,0.2,0.2,0.2,0.3,0.4,0.2,0.3,0.3,0.3,0.2,0.3,0.2,0.1,0.2,0.2,0.2,0.2,0.3,0.1,0.2,0.3,0.3,0.2,0.2,0.3,0.2,0.3,0.3,0.4,0.6,0.4
20150406,12,SO2,2,2,5.5,2,2,2,2,2,2,2.4,3.6,2,2.5,2,2,7.4,,2,5.4,2,2,2.4,2,2,2,2,2,7,2,3.6,2,2,2,3.3,2
20150406,12,NO2,10.4,17.4,230.6,9.8,8.9,10.5,,16.7,4.8,9.4,9.4,6.2,12.7,15.5,7.5,13.9,2,8,6.7,9.7,3.3,7.3,2.9,2.4,12,2.6,2,,9.8,10.7,14.8,26.2,27.4,52.9,22.1
20150406,12,O3,73.7,88.4,2,90.2,85.7,81.1,62.9,67.4,84.7,90.1,80.3,83.6,67.8,81.7,84.9,84.2,2,85.1,75.8,87,93.8,94.3,86.7,86.7,90.5,97.3,101.1,94.3,73.6,86.8,77.2,67.9,70.8,48.3,74
20150406,12,CO,0.3,0.3,2.1,0.2,0.2,0.2,0.2,0.3,0.4,0.2,0.3,0.3,0.4,0.2,0.3,0.2,0.1,0.2,0.2,0.2,0.2,0.3,0.1,0.2,0.3,0.3,0.2,0.2,0.3,0.2,0.3,0.3,0.3,0.5,0.4
20150406,13,SO2,2,2,2,2,2,2,2,2,2,3.3,3.7,3.4,3.2,2,2,3.9,,2,6.1,2,2,2.6,3.2,2,3.1,2,2,7.4,2,4.8,2,2,3,3.8,2
20150406,13,NO2,11.8,17.2,500,9.6,9.9,10.9,,13.5,4.8,7.8,8.6,6.2,14.2,16.6,7.4,10.8,2,10.3,5,10.1,2.2,6.7,3.2,3.4,16.7,2.7,2,,12.8,10.9,16.4,24.1,27.5,52.9,27.7
20150406,13,O3,75.9,94.4,2,96.8,90.1,86,66.4,73.1,88.6,97.9,84.1,87.9,69.8,87.5,90.3,89.6,2,85.6,82.1,89.4,96.6,97.5,89.1,91.4,90.1,99.7,104.9,105,76.7,92.5,79.2,73.2,75.5,54.8,75.1
20150406,13,CO,0.3,0.3,2.1,0.2,0.2,0.2,0.2,0.3,0.4,0.2,0.3,0.3,0.4,0.2,0.3,0.2,0.1,0.3,0.2,0.2,0.2,0.3,0.2,0.2,0.3,0.3,0.2,0.2,0.3,0.2,0.3,0.3,0.3,0.5,0.4
20150406,14,SO2,2,2,2,2.3,2,2,3.8,2.2,2,4.3,3.2,4,2.8,2.6,2,4.3,,2,4.8,2,2,2.5,4.2,2,3.9,2,2,7.6,2,4.4,2,2,2.9,5,2
20150406,14,NO2,11.6,16.2,500,9.8,8.6,11.3,,14,4.2,8.6,10.4,7.4,13.4,16.5,8.1,13.3,2,10.6,4.9,8.7,2.1,6.1,3.3,3.7,25.9,3,2,,11.6,10.7,15.2,26.3,22.5,60.5,23
20150406,14,O3,81.8,100.8,2,100.6,97,90.1,70.6,77,94.9,100.6,87.7,90.5,72.4,90,92.8,88.9,2,89.9,86.3,92.1,97.8,100.5,93.6,94,87.6,102.7,105.7,108.5,82.5,91.5,87.4,78.3,82.5,52.4,83.9
20150406,14,CO,0.3,0.3,2.1,0.2,0.2,0.2,0.3,0.3,0.4,0.2,0.3,0.3,0.4,0.2,0.3,0.2,0.1,0.3,0.2,0.2,0.2,0.3,0.2,0.2,0.3,0.3,0.2,0.2,0.3,,0.3,0.3,0.4,0.6,0.4
20150406,15,SO2,2.3,2,3.4,3.6,2.5,2,4.6,2.8,2,5.1,3.2,4.4,2.8,3.1,2,3,,2,3.3,2,2,2.8,5.6,2.5,4.3,2,2,7.7,2,,3,3.4,2,6.4,2
20150406,15,NO2,10.9,15,500,8.8,9.5,9.6,,20,4.5,8.1,10.5,7.9,13.8,17,9.2,12.3,2.1,12.7,6.1,8.1,2,6.8,4,3.3,20.7,3.2,2,,14.1,8.9,15.6,22.3,21.1,53.4,20.9
20150406,15,O3,86.7,108.1,2,104.8,99.5,97,74.3,77.3,99.2,106.4,92.8,95.3,76.2,93.6,96.2,93,2,91.3,88.6,97.6,101.4,101.7,96.3,96,95.2,104.8,108.6,112.8,85.4,100.4,91.3,86.4,87.3,57.2,89.8
20150406,15,CO,0.3,0.3,2.1,0.3,0.2,0.2,0.3,0.3,0.4,0.2,0.3,0.3,0.4,0.2,0.3,0.2,0.1,0.3,0.2,0.2,0.2,0.3,0.2,0.2,0.3,0.3,0.2,0.2,0.3,,0.3,0.3,0.3,0.6,0.4
20150406,16,SO2,4.4,2.1,2.8,4.3,3.1,2.3,3.8,3.4,2,4.9,3.4,4.1,3.1,4,2,3,,2,3.4,2,2,2.7,6.5,3.7,5.9,2,2,7.9,2,,4,3.8,3.1,7.5,2.2
20150406,16,NO2,11,14.4,500,9.2,10.7,11.3,,16.9,4.6,11.5,11.6,11.3,15.3,17.9,11.5,22.6,2.4,14.3,13.9,9.4,3.4,6.5,4.3,4.3,28.5,3.7,2,,14.5,8.4,15.5,30.9,29.5,68.2,15.9
20150406,16,O3,85.4,110,2,107.3,99.9,96.2,75.2,81.6,101.5,105.5,94.1,92.8,79.4,95.8,93.3,87.5,2,92.2,81.5,97.2,102.2,103.3,97.4,96.4,88.6,105.3,111.1,103.6,86.9,107.7,93.7,79.2,82,53.5,96.8
20150406,16,CO,0.3,0.3,2.1,0.2,0.2,0.3,0.3,0.3,0.4,0.2,0.3,0.3,0.4,0.2,0.3,0.2,0.1,0.3,0.2,0.2,0.2,0.3,0.2,0.2,0.3,0.3,0.2,0.2,0.3,0.3,0.4,0.3,0.3,0.6,0.4
20150406,17,SO2,3.1,2,2.6,3.2,2.9,2.6,3.6,4.1,2,4.5,3.3,3.8,3.2,3.4,2,3.1,,2,3.6,2,2,2.8,5.7,4.8,6.1,2,2,8.3,2,3.7,2.8,2.5,7.9,5.9,2.4
20150406,17,NO2,15.7,19.7,,24.4,15.3,16.9,,17.4,14.2,15.5,12.4,13.2,18.4,17.4,15.5,17.3,2.6,13.9,18.2,7.8,4.8,8.5,5.2,4.8,32.3,3.2,2,,11.7,8.9,32.5,39.6,32.2,75.5,17.9
20150406,17,O3,81.5,106,2,94.4,96.9,92.8,67.4,82.3,92.1,102.4,97,93.8,83.5,96.6,91.3,94.1,2,93.7,78.5,98.5,103.9,102.2,94.9,97.2,85.4,105.6,109.2,103.2,90.8,106.9,77.8,69.7,79.6,51.6,96
20150406,17,CO,0.3,0.3,,0.3,0.3,0.3,0.3,0.3,0.4,0.3,0.3,0.3,0.4,0.2,0.3,0.2,0.1,0.3,0.2,0.2,0.2,0.3,0.2,0.2,0.3,0.2,0.2,0.2,0.3,0.3,0.4,0.4,0.4,0.6,0.4
20150406,18,SO2,2.4,2,2.2,3,2.6,2,3.6,5.2,2,4.4,3.7,4.6,3.5,3.4,2,2.7,,2,3.5,2,2,2.7,5.8,5.9,6.1,2,2,8.5,2,3.4,3.1,3,5.7,6.2,2.5
20150406,18,NO2,29.9,25.2,,28.8,35.5,31.5,,22.8,15.2,23.1,14.6,21.2,24.4,19.1,23.8,19.4,7.9,13.6,24.1,11.6,7.3,10.6,6.3,5.8,36.1,3.2,2,,12.1,13.6,49.4,61.4,59.3,79.1,57.1
20150406,18,O3,73.3,98.9,25.5,89,77.8,81.3,55.8,73.8,91.2,95.4,98.8,89.3,79.4,94.5,86.5,93,18.9,92.3,78.3,93.6,102.6,100.1,92.1,95.5,76.3,104.4,108,104.7,88.5,96.1,61.1,56.5,62.2,42.9,61.7
20150406,18,CO,0.4,0.3,,0.4,0.4,0.3,0.4,0.3,0.4,0.3,0.3,0.4,0.4,0.3,0.3,0.2,0.1,0.3,0.2,0.2,0.3,0.3,0.3,0.2,0.4,0.2,0.2,0.2,0.3,0.3,0.4,0.5,0.5,0.7,0.6
20150406,19,SO2,2.4,2,2,2.6,2,2.2,4.3,6.5,2,5.1,3.9,4.2,3,3.7,2,2.9,2,2,3.3,2,2,3.1,3.6,3,6.2,2,4.5,9.1,2,3,2.8,4.2,5.1,6.1,3.3
20150406,19,NO2,29.9,25.6,19.1,32.8,36.1,35.7,,26.8,15.2,29.2,19.2,25.5,35.5,24.7,15.8,27.6,19.2,28.3,24.5,18.9,8.3,15.4,9,14.9,42.1,4.4,3.8,,13.3,17.7,49.7,63.5,62.9,83.4,52.4
20150406,19,O3,69.5,94,66.8,84.2,76.6,76.5,56.5,70,95.4,87.6,88.6,86.2,64.9,88.3,94.1,81.9,80.4,76.7,75.9,84.2,100.7,92.7,85.2,83.5,71.4,100.2,104.2,90.8,84.7,89.3,58.7,49.2,56.4,40.2,65.2
20150406,19,CO,0.4,0.4,0.2,0.4,0.4,0.4,0.4,0.4,0.4,0.3,0.3,0.4,0.4,0.3,0.3,0.3,0.3,0.3,0.3,0.3,0.3,0.3,0.3,0.3,0.4,0.2,0.3,0.2,0.3,0.3,0.4,0.5,0.5,0.6,0.6
20150406,20,SO2,2.5,2,2,2.6,2.1,2.1,3.1,4.2,2,4,3.6,4.5,3.3,4.1,2,3.9,2,2,3,2,2,4.1,2,2.1,2,2,2.3,9.2,2,3.2,2.5,2.8,3.7,5.9,2.9
20150406,20,NO2,31.9,28.3,19.5,33.5,31.8,39.4,,33.5,20.5,31.6,25.5,33.6,39.4,35.8,23.2,47.1,33.6,34.8,25.9,20.8,18.5,21.7,10.6,21,26.2,9.1,3.1,,19.1,17,55.5,53.2,58.5,88.3,44.6
20150406,20,O3,64.7,87.6,64.1,80,79.2,70.2,49.4,60.2,82.3,77,74.7,66,57,70.2,80.7,56.7,64.7,63.3,67.8,87.2,80.3,81.9,77.5,74.5,79.8,90.7,107.2,79.9,70.2,83.5,51.6,55.6,57.3,31.6,71.7
20150406,20,CO,0.4,0.4,0.2,0.4,0.3,0.4,0.4,0.4,0.5,0.3,0.3,0.4,0.5,0.3,0.4,0.3,0.4,0.4,0.3,0.3,0.3,0.4,0.2,0.3,0.3,0.3,0.3,0.3,0.4,0.3,0.5,0.4,0.5,0.7,0.5
20150406,21,SO2,2.3,2,2.2,3,2.5,2,3.5,4,2,4.9,3.1,4.3,3.6,3.8,2.3,4.9,2,2,2.8,2.6,2.1,7.8,2,2,2,2.3,3.2,12.1,4.1,4.1,2.5,2.1,3.8,5.8,2.3
20150406,21,NO2,25.9,26.5,22,35.2,28.7,33.3,,32.6,24,39.6,22.2,37.4,39.3,26.7,31.8,70.5,34.5,39.9,33.6,22.8,33.4,29.3,6.1,16.3,4.8,11.1,3.7,,25.5,19.9,48.8,40.8,60.8,79.3,32.3
20150406,21,O3,67.3,87.8,56.9,72.9,77.4,73.2,40.2,57.1,72.3,60.1,74.7,57.3,54.2,72.6,65.4,29.4,63.5,56.4,54.3,81.3,57.6,67.9,83.1,72,101.1,81.7,95.8,6.9,61.5,77.7,55.5,62.3,54.3,36.5,77.1
20150406,21,CO,0.4,0.4,0.2,0.4,0.3,0.4,0.4,0.4,0.5,0.4,0.4,0.4,0.4,0.3,0.4,0.4,0.4,0.4,0.3,0.3,0.4,0.4,0.2,0.3,0.2,0.3,0.3,0.3,0.4,0.4,0.4,0.4,0.5,0.6,0.4
20150406,22,SO2,2.9,2.2,3.2,4,3.4,2.7,2.9,2.7,2,5.4,4.8,4.1,4,5.2,2,6.6,2.1,2,2.6,4.2,2.2,4.7,2,2,2,2,3.7,13.4,3.4,3.6,4.3,3.6,2.7,6.6,3
20150406,22,NO2,30,30.8,28.7,40.9,36.1,39.1,,36.1,21.8,46,28.1,38.1,35.9,27.5,30.3,63.9,45.4,41.8,32.3,26.3,29.1,27.8,8.3,14.9,2.6,11.4,4.7,,27.4,21.5,53.4,41.8,58.3,76.2,31.1
20150406,22,O3,58.6,76.4,43.2,62.2,65.7,63.7,40.7,46.9,68.1,47,67.6,55,56.4,68.7,61.9,32.8,45.4,50.4,50.8,74.6,53.5,70.3,75.7,63.7,101.7,88.7,86.9,59.8,56.2,66.2,45,56.1,52.2,32.4,74.1
20150406,22,CO,0.4,0.4,0.3,0.4,0.4,0.4,0.4,0.4,0.5,0.4,0.4,0.4,0.5,0.4,0.4,0.5,0.4,0.4,0.3,0.4,0.5,0.4,0.2,0.3,0.2,0.3,0.3,0.5,0.5,0.4,0.5,0.4,0.5,0.6,0.4
20150406,23,SO2,3,2,2.7,4.3,3.3,3.5,2.9,3,2,5.3,3.6,4.6,5.3,5.5,2.1,6.2,3.7,2,2.7,2.8,2,4.5,2,2,2,2,3.8,13.3,3.5,3.7,4.6,4.6,6.3,7.7,3.5
20150406,23,NO2,33.8,34.1,27.4,49.5,35.9,39.3,,55.1,22.6,43.4,28.8,47.7,30.1,38.9,31.3,60.7,58.4,32.1,48.7,27.1,26.7,20.2,7.8,16.4,2.5,4.7,5.3,,25,23.5,63.4,46.9,54.7,85.9,32.3
20150406,23,O3,52.5,66.4,45.2,51.6,64.6,60.4,40.9,18.2,57.8,53.6,62.8,39.4,58.9,54.9,56.5,29.1,25.4,51.6,26.9,62.7,54,77.7,73.2,57.2,100.8,83.3,85.2,114.7,58.2,63.7,34.5,47.7,52.8,21.6,69.4
20150406,23,CO,0.4,0.4,0.3,0.4,0.4,0.4,0.4,0.5,0.4,0.4,0.4,0.5,0.5,0.4,0.5,0.5,0.5,0.4,0.4,0.4,0.4,0.4,0.2,0.3,0.2,0.2,0.3,0.6,0.5,0.4,0.5,0.4,0.5,0.7,0.4
20150406,0,PM2.5,23.7,25.1,19.2,16.5,15.7,20,16.2,17.9,15.6,22.6,27.1,20.8,19,22.8,25.9,25.3,22.5,19.2,21.5,21.7,21.8,18.7,20.7,17.4,16.9,12.7,22.4,25.1,18.8,24.4,24,19,18.1,24.7,24.6
20150406,0,PM10,41.3,,29,24.4,19,23,28.5,41.3,40.9,29.9,36.4,35.4,40.6,27.1,37.4,76.8,,21.7,24.7,36.3,,34.9,24.3,24.9,31.2,18.5,41.3,37.8,57.8,42.7,29.9,33.6,34.9,37.9,33.7
20150406,0,AQI,88,74,69,74,73,79,68,73,65,79,75,83,84,80,79,92,94,67,65,73,60,73,54,60,69,67,76,118,91,87,78,80,83,81,87
20150406,1,PM2.5,20,17.7,15.9,16.9,17.5,18.8,17.9,16.7,22,19.4,17.7,18.1,18.1,20.3,20.6,27.1,16.6,17.1,23.6,20,16.9,14.9,17.7,16.3,16.1,19,17.6,24,20.8,19.3,17.7,12.7,16.4,26.1,20.3
20150406,1,PM10,44.4,,24.8,24.9,20.3,21.7,22,38.8,44.4,25.7,31.3,41.1,34.7,24.8,24.5,64.2,,18,,29.3,,28.2,26.5,22.8,26.1,,31.5,32.7,53.3,30.6,29.7,40.7,36.4,35.7,26.9
20150406,1,AQI,86,69,66,71,70,73,65,71,63,73,71,80,81,74,75,87,88,65,65,68,55,67,54,58,68,66,70,111,88,81,72,78,80,78,81
20150406,2,PM2.5,21.1,9.5,17.8,16.1,17,19.6,16.1,16.3,14,13.8,22.5,14.7,17.6,18.5,21.1,15.7,15.9,13.1,19.8,16.3,19.1,13.6,18.8,15.6,17.3,20.3,17.9,19.3,13.9,24,18.6,19.7,22.8,20.5,23.5
20150406,2,PM10,41.8,15.8,28.3,27.8,24,,21.4,41,36.9,30.6,23.9,31.2,23.6,19.1,30.2,53.7,,17.5,26.9,19.2,,19.8,20.4,18,23.3,24.1,28.3,32.9,32.3,30,26.7,44.8,35.6,33.1,41.1
20150406,2,AQI,83,62,64,68,67,68,64,68,62,69,68,77,78,68,72,83,80,64,63,66,51,61,53,57,67,64,69,107,86,79,69,76,77,76,75
20150406,3,PM2.5,15.7,,16.5,16.4,21.1,14.3,17.6,18.1,18.2,14.8,14.6,17.3,17.9,18.3,19.4,17.6,19.4,16.3,19.7,16.6,17,17.7,18.6,12.3,16.5,14.7,13.7,19.2,16.5,20.5,18.3,20,13.7,18.8,20
20150406,3,PM10,39,,23.3,18.2,,26.2,19.3,33.5,27.9,20.2,21.7,25.9,20.3,,29.4,,,21,27.4,20,,24.2,19.8,17.2,22.1,23.1,19.5,33.6,32.1,29.2,24.9,26.5,26.7,31.3,32.5
20150406,3,AQI,80,,62,65,66,61,61,66,60,65,65,73,76,68,69,82,72,63,61,64,51,60,52,56,65,63,68,98,83,73,66,73,74,73,72
20150406,4,PM2.5,19.6,15.9,17.7,13.4,17.6,16.6,18.6,16.4,18.2,20.6,21.3,17.9,15.2,15.5,19.9,16.2,18.8,14.9,19.5,20.8,16.1,18,15.7,13,19.5,18.1,15.4,18.9,17.8,16.7,19.2,21.3,17.4,22.8,22.4
20150406,4,PM10,35.8,17.4,24.2,20.5,18.6,17.1,35.3,29.8,29.5,32.3,25,28.7,20.9,19.8,24.4,23.9,,18.2,23.7,,,19.7,18.6,22.1,22.2,,22.4,28,45.1,25,26.6,22.1,30.9,25.6,40.2
20150406,4,AQI,76,56,59,61,62,59,58,64,58,63,63,69,73,65,66,79,62,61,59,64,51,59,51,55,65,63,65,86,80,67,63,70,72,69,69
20150406,5,PM2.5,14.7,15.7,13.2,14.3,16.7,13.8,18.3,14,18.7,22.5,16.1,17.2,20.5,13.5,27.1,14.1,15.4,7.4,15.7,19,13.1,15.7,12.5,13,15.6,21.9,15.1,18.8,11.9,22.2,15.9,17,12.2,17.3,22.6
20150406,5,PM10,31.5,,21.1,17.4,19,26.5,19.1,32.7,24.6,22.8,21.1,25.9,,21.4,29.8,29.7,,14.8,18.9,20.5,,19.6,15.9,17.5,19.9,,21.8,22.2,39.7,25.2,25,19.3,24.4,25,31.7
20150406,5,AQI,73,56,57,58,58,58,55,61,57,60,60,64,71,63,63,76,55,60,57,63,51,58,50,55,64,62,62,75,77,60,60,67,68,66,66
20150406,6,PM2.5,17.7,16.9,14.3,12.4,16.9,17.9,12.8,13.5,11.8,13,22.7,15.3,14.3,16.7,21.9,16.2,16,9.2,17.5,14.3,12.8,11.4,12,12.1,8.8,17.1,12,17.2,16.8,16.9,15.6,13.3,15.5,18.9,20.9
20150406,6,PM10,30.9,,22.3,12.9,20.2,22.9,23.4,30.5,24,21.7,,22.8,,,33.5,,,15,19,,,19.2,15.9,15.5,18.6,,15.9,,19.4,22.3,24.3,20.1,26.6,26.2,30.7
20150406,6,AQI,69,56,54,54,54,55,52,60,56,56,57,62,69,61,60,74,55,59,56,63,51,57,49,54,64,62,59,64,74,54,57,63,64,62,63
20150406,7,PM2.5,17.5,12.3,13.9,14,13.3,16.8,15.7,12.8,15.3,12.8,14.7,13.1,14.6,14.4,14.9,14.8,9.7,9.9,13.5,16.6,13.4,15.4,17.6,12.8,14.6,8.8,17.3,13.9,14.3,20.4,23.4,16.9,13.9,17.5,15.5
20150406,7,PM10,33.1,17.7,22.1,25.7,17.3,24,17.2,25.7,24.8,19.3,16.7,33.4,17.4,19.7,24.2,19.1,10.9,12.1,16.4,20.1,,23.2,,17.5,19.8,9.7,22.8,22.1,23.8,21.7,30.9,25.8,28.1,35.6,41.2
20150406,7,AQI,67,55,54,54,53,54,52,59,56,55,56,61,68,60,59,69,53,59,55,61,51,56,50,54,62,60,57,63,70,51,56,62,63,60,60
20150406,8,PM2.5,16.4,15.1,18.9,12.8,14.2,21.7,16.6,14.5,13.7,16.1,17.7,18.2,17.9,17.9,27.8,22.6,17.9,16.5,18.1,15.3,20.4,16.3,13.7,13.4,16.6,14,14.9,13.7,19.3,17.9,19.1,15.8,10.9,20.1,18.4
20150406,8,PM10,35.9,23.6,23.1,29.6,28.4,23.9,,25.9,25.6,23.2,,,,31.5,,87,,,28.5,19.7,27.6,21.9,15.8,17.2,18.9,,25,25.2,31.8,27.4,33,27.2,25.2,37.1,38.8
20150406,8,AQI,66,54,53,53,53,54,52,57,53,55,56,59,68,59,59,69,53,58,53,61,51,54,47,53,59,59,56,59,69,51,55,61,62,59,58
20150406,9,PM2.5,16.3,11.5,,14.2,19.4,13.8,13.3,13.4,15.8,17.7,13.6,18.1,14.9,21,21.1,34.5,23.9,16.3,16.3,16.7,18.5,14.7,14.3,14.7,14.3,16.1,15.2,16,14.1,15.2,18.2,13.3,14,21.3,20.3
20150406,9,PM10,39.4,16.5,,27,20,18.9,,24.9,21.3,24.8,15.5,23.1,21.3,29.5,24.9,,,,20.7,,,20,16.5,,17.7,,22,23,33.1,28.5,29.9,21.9,33.4,42.4,24
20150406,9,AQI,62,52,,51,50,51,50,54,51,54,54,57,67,58,57,69,53,55,50,59,48,52,42,51,57,57,54,58,69,46,53,59,59,57,56
20150406,10,PM2.5,14.8,18.2,,16.7,18,20.2,9.8,17.6,16.3,16,18,15.6,21.1,12.4,12.9,25.5,13.5,12.2,17,13.8,14.4,14.8,13.7,14.7,18.8,15.3,16.9,18.9,16,18.6,15.3,12.2,19.3,22.4,17.9
20150406,10,PM10,36.8,,,27.8,20.1,20.3,13.3,26,19.9,,,18.2,26.8,17.6,31.1,62.9,,,20.6,17.2,14.6,18.3,17.5,,,,21.2,26.1,44.2,25.1,29.4,24.9,30.9,47.9,47.9
20150406,10,AQI,58,47,,48,44,45,44,51,47,52,52,54,65,55,54,67,52,51,46,57,42,50,37,49,55,55,52,56,68,45,51,56,55,55,53
20150406,11,PM2.5,17.9,28.5,,17.6,22.2,15.1,18,18.1,15.9,18.2,12.5,13.9,12.1,15,19.3,17.4,12.8,20.3,19.7,17.7,14.9,18.7,20.8,9.6,14.9,10.3,16,17.5,15.4,17.3,26.5,14.7,18.5,21.4,17.6
20150406,11,PM10,33,,,21.5,,21.5,,23.1,25.2,19,19.6,24.5,19.5,15.5,25.9,57.6,,,23.6,20.3,17.1,,,,21.4,,22,21.3,36,30.3,32.9,24.7,25.4,39.8,21.7
20150406,11,AQI,54,41,,41,39,40,41,47,42,47,48,51,62,52,50,63,50,46,40,54,36,46,35,45,52,52,50,52,67,44,45,52,52,53,50
20150406,12,PM2.5,17.2,24.2,3,18.8,12.4,12.3,18.5,12.8,18.6,16.8,16.6,21.1,23.9,15.2,21.5,3.4,13.4,20.5,19.4,14.7,12.1,18,14.8,14.8,18.3,15.9,19.7,13.5,18.6,15.3,18.6,18.6,21.8,17,17.2
20150406,12,PM10,25.3,,,,,17.7,,16.3,,,,,,,,32.5,,,,17.6,,,17.1,,21.3,,,15.2,42.3,18.6,,,,42.1,18.3
20150406,12,AQI,52,37,104,37,36,36,37,43,39,44,42,47,59,47,47,61,46,43,36,51,32,43,32,42,49,47,47,48,63,43,42,42,48,51,46
20150406,13,PM2.5,20,16.3,15.3,11.5,16.5,3,20.5,8.8,20.2,19.9,18.9,16,23.3,17.7,7.5,13.4,14.8,14.4,15,21.6,14.8,12.4,19.9,15.1,22.7,9.1,11.3,23,15.9,19,9.3,16.9,20.7,20.7,19.9
20150406,13,PM10,28.6,,24.9,19.6,,6.5,,14.9,,,,,,,10.7,19.4,,15.5,,,,,19.9,,23,,12.8,,29.2,,19.6,,21.7,22.8,
20150406,13,AQI,50,35,130,34,33,33,35,41,38,40,40,44,57,43,42,59,43,38,33,48,31,42,30,39,43,43,43,46,60,42,39,40,45,47,45
20150406,14,PM2.5,17.5,20.3,26.9,20.2,19.2,18,18.5,20.6,20.6,11.4,21,18.4,16.3,18.2,14.9,10,16.9,14.2,15,13.6,12.8,15.6,24.4,19.5,20.7,13.8,16.8,21.3,23.4,21.7,20.4,24.1,15.7,26.6,20.8
20150406,14,PM10,26.5,,,23.9,,,,,,,,20.3,,,19.6,17.2,,19.8,,14.5,,,,,24.4,,,,25,25.2,21,,22.4,36.7,
20150406,14,AQI,48,32,130,33,32,31,34,40,37,37,37,41,53,38,39,56,40,34,31,43,31,40,30,36,39,40,40,44,57,40,37,38,42,45,44
20150406,15,PM2.5,20,17.7,29.4,20.8,20.5,19.7,17.1,18.8,13.9,14.1,17.7,18.9,15.1,20.1,23.7,17.8,16.9,21.1,13.7,12.8,11.3,11.4,17.4,19.5,21.9,12.9,13,15.6,21.3,24.3,23.3,21.3,13.9,24.8,16.3
20150406,15,PM10,26.3,,,34.7,24.3,,21.2,23.2,18.8,,,20.6,27.3,22.7,,19.2,,,15.5,14.9,,11.9,24.9,,26.4,17.5,,17.4,25.5,24.6,,,26.3,35.2,
20150406,15,AQI,46,34,130,33,32,31,32,38,35,34,35,38,50,35,38,54,39,30,29,40,32,37,31,33,34,35,39,41,54,38,36,37,40,43,43
20150406,16,PM2.5,18.5,18.9,22.5,17.7,20.3,15.2,19.4,19.9,16.3,16.9,25.8,23.4,15.4,24.6,33.9,30.6,21.9,14.4,17.9,9.7,16.5,12.5,19.3,22.9,15.3,11.5,13.6,19.5,20.1,25.4,17.4,16.8,18.2,28.6,16.8
20150406,16,PM10,30.8,19,27.7,29.8,,20.1,,26.1,23,20.5,,30.3,26.9,,40.1,31.3,,30.9,30.8,14.1,,12.8,24.4,,26.7,,20,,34.1,,23,19.2,25.5,38.9,18.2
20150406,16,AQI,43,35,130,34,32,31,32,36,34,33,33,36,43,33,36,53,38,29,28,35,32,33,31,32,30,33,36,39,51,37,34,35,38,42,40
20150406,17,PM2.5,20.4,19.3,24.3,20.7,21.2,27.8,18.2,21.2,17.8,24.2,21.1,24.2,23.7,35.3,24.3,16.1,20.7,30.1,21.8,11.7,16,17.6,16.3,22.8,20.5,17.6,8,18.1,14.2,24.3,21.7,20.1,24.9,30.5,17.3
20150406,17,PM10,48.5,31.2,30.6,52.9,,,35.6,26.8,31.4,30.6,27.7,33.6,36.7,,35.6,33,,,30.1,17.3,20,20.5,29.2,,27.5,,21.9,20.2,41.4,26.1,32.4,34.2,33.2,43.5,25.9
20150406,17,AQI,42,34,33,30,31,29,31,34,33,32,31,35,36,31,35,51,35,30,27,31,33,32,30,31,28,33,35,35,47,34,33,34,36,42,37
20150406,18,PM2.5,27.4,27,26,28,29.8,36.6,21.8,22.5,23.4,23.8,26.6,28.8,26.6,23.5,31.5,20.5,18.1,10.6,26.3,15.6,17,14.9,10.1,17.3,14.7,9.9,12.2,18.8,25.1,29.9,28.9,28.5,27.7,27.5,22.8
20150406,18,PM10,79.9,31.3,48.9,45.8,63.3,39.4,33.8,40.4,34.4,45.5,39.8,52,41.4,29.4,43.5,51.8,21.7,36.8,44.6,23.1,,20.2,32,26.5,31.5,15.9,25.4,24.1,58.1,31.9,47.6,48.2,52.8,57.3,65.1
20150406,18,AQI,42,31,32,29,27,27,30,34,33,31,31,35,32,30,34,50,33,29,28,30,33,32,29,30,28,33,34,33,44,32,32,33,35,41,38
20150406,19,PM2.5,33.3,31.6,24,28.5,33.4,23.6,30.6,27.7,29.6,29.5,28.3,34,32.4,23.9,29.8,31.6,22.5,24,32.5,22.5,19.8,11.7,22.2,23.8,14.1,14.8,19.3,24,25.4,33.6,35.6,31.5,27.4,34.2,35
20150406,19,PM10,70.8,42.2,50.5,51.3,66.1,44.4,56.8,54.6,43,59.1,52.5,79,58.9,47,40.9,60,24,44.8,46,41.8,21.1,26.6,24.1,36.2,32.7,32.6,60.6,31.8,56.3,49.5,47.4,53.2,62.3,61.3,45.8
20150406,19,AQI,42,30,32,29,28,28,30,34,33,32,31,36,32,29,33,49,33,25,28,27,32,29,27,29,27,32,33,30,43,32,32,33,35,42,38
20150406,20,PM2.5,36.3,37.7,28.4,33.2,33.7,33.2,28,26.9,30.3,35.2,38.9,40.8,36.2,37.6,34.4,35.1,32.4,37.5,36.4,33.6,27,17.4,13.1,24.6,14.4,16.6,27.8,28.2,43.4,37.9,36.7,35.6,33.7,35.6,35.7
20150406,20,PM10,79.3,54,68.2,60.7,81,55.2,83.5,69.2,54.5,64.5,64,84.6,74,67,71.2,55.1,41.4,58.2,61,66.7,34.8,30.4,22.4,42.4,30.9,33.7,56.7,54.8,111.7,53.5,65.7,74.9,85.5,73,55.4
20150406,20,AQI,44,29,34,30,32,29,33,35,33,32,33,37,34,30,34,50,35,26,29,28,26,26,25,29,26,29,34,31,45,32,33,35,37,45,38
20150406,21,PM2.5,37.8,37.2,31.6,34.3,32.9,34.4,32.7,33.1,36.2,40.9,36.6,42.4,38.1,33.5,38.5,38.6,31.9,37.6,40.5,31.3,32.7,22.5,12.3,23.3,8.6,19.1,26.3,39.2,37.6,40.9,38.2,36,31.5,44.5,36.4
20150406,21,PM10,78.5,53.6,59.9,64.7,82,59.9,69.5,79.9,59.4,57.3,68.9,92.4,70.7,73.7,86.5,109.2,37.4,72.5,74.3,45,69.2,50.9,19.3,41.9,18.5,80.2,52.4,51.5,105.3,59.8,63.9,61.5,77.1,56.1,55.2
20150406,21,AQI,45,30,35,32,35,30,35,36,34,34,35,39,37,32,36,51,33,29,31,27,30,25,26,26,32,28,30,31,46,33,35,36,38,42,38
20150406,22,PM2.5,42,40,41.2,41.2,39.9,35.4,42,34.8,41,41.9,45.2,45.1,42.3,42.8,43.1,52.7,40.6,38.2,43.3,38.3,32.1,34,15.1,23.3,11.4,24.1,31.6,43.9,45.8,48.1,39,40.4,37.9,45.3,37.1
20150406,22,PM10,87.1,61.2,72.9,76.1,79.9,62,75.7,87.4,55.1,81,66.5,90.4,63.6,75.1,86,100.7,59.7,69.2,63,51.1,50.5,65.1,19.5,39.1,15.1,30.3,53.8,64.8,76.6,65.8,84.1,78.3,85.8,77.6,56.6
20150406,22,AQI,46,31,36,34,38,30,36,38,34,36,37,42,38,35,38,52,35,31,33,27,32,27,24,27,32,28,31,32,48,35,36,37,40,43,38
20150406,23,PM2.5,44,42.4,38,43.7,40.7,41.9,42.6,41.3,34.1,43.6,46.6,44.1,42.6,45.4,48.5,56.2,49.5,37.6,50.8,40.3,34.5,26.4,12.7,23.1,13.6,10.2,32.6,60.1,46.4,51.5,40.2,44.2,38.2,51.8,44.1
20150406,23,PM10,81.9,59.5,63.5,69,68.1,64.4,70.4,87.9,52.7,71.3,66.9,100.7,69.4,61.6,79.8,106.1,76.5,47.1,72.6,66.2,40.3,50.2,17.2,41.4,15.6,,56.2,79.6,80.8,57.9,74.2,70.5,81.6,81.8,55.4
20150406,23,AQI,47,33,37,36,40,31,38,40,35,37,38,44,39,36,40,52,39,32,35,29,33,27,24,27,32,29,32,36,48,36,38,39,41,44,39
