date,hour,type,dongsi,tiantan,guanyuan,wanshouxigong,aotizhongxing,nongzhanguan,wanliu,beibuxingqu,zhiwuyuan,fentaihuayuan,yungang,gucheng,fangshan,daxing,yizhuang,tongzhou,shunyi,changping,mengtougou,pinggu,huairou,miyun,yanqing,dingling,badaling,miyunshuiku,donggaocun,yongledian,yufa,liulihe,qianmeng,yongdingmengxi,xizhimengbei,nansanhuan,dongsihuan
20151204,0,PM2.5,14,16,17,15,12,9,15,19,18,18,7,13,14,17,19,12,18,12,7,12,14,26,12,9,4,15,17,18,46,72,6,14,19,18,20
20151204,0,PM10,,,24,41,,,,60,,27,,,,,28,13,,24,,,,54,,17,28,,,33,,,10,,29,41,
20151204,0,AQI,16,18,28,42,15,14,20,23,16,43,15,18,16,26,31,21,28,41,16,24,20,31,17,25,46,27,22,57,33,26,22,33,41,42,15
20151204,1,PM2.5,10,11,15,15,12,14,14,13,13,16,8,13,43,18,22,9,17,11,10,9,12,13,5,12,10,16,18,19,26,75,15,13,18,16,16
20151204,1,PM10,,,23,34,,,,19,,26,,,,,29,11,,19,,,14,,5,,23,,,40,38,,,,27,39,
20151204,1,AQI,16,16,28,41,14,15,20,21,19,42,15,18,26,25,30,20,29,40,14,23,20,33,18,26,45,27,23,57,35,27,23,33,41,42,15
20151204,2,PM2.5,6,11,16,15,13,14,14,12,11,17,7,6,49,17,14,6,14,10,7,6,13,20,5,11,6,13,16,14,43,113,12,16,15,13,12
20151204,2,PM10,,,19,32,,,,,,31,,,,,23,6,,21,,,13,,,11,34,14,,31,47,,,,26,34,
20151204,2,AQI,16,19,28,43,15,15,17,18,18,42,14,18,29,18,30,20,30,40,13,23,19,34,15,25,45,26,23,56,35,34,24,33,41,42,16
20151204,3,PM2.5,10,10,13,7,7,6,8,13,10,15,10,10,54,9,12,10,14,8,4,10,6,11,8,6,10,18,16,10,50,127,13,11,11,16,9
20151204,3,PM10,,,14,25,,,,,,38,,,,,17,,,24,5,,12,,,10,23,,,38,50,,,,23,33,
20151204,3,AQI,16,18,28,44,16,15,15,18,18,43,14,19,33,19,30,20,31,39,13,23,18,34,15,24,45,27,24,55,37,41,25,21,40,42,16
20151204,4,PM2.5,3,5,7,11,6,5,3,4,3,12,16,8,76,13,8,3,10,7,3,9,7,9,9,6,7,11,14,17,51,141,10,11,10,11,3
20151204,4,PM10,5,5,10,17,,5,5,5,9,20,17,,,,11,5,,23,5,,9,10,,,13,,,36,,,,,17,38,5
20151204,4,AQI,16,18,28,45,16,15,18,17,19,42,15,21,36,19,30,20,31,39,15,22,19,33,13,24,45,27,24,54,37,49,25,19,40,42,16
20151204,5,PM2.5,8,6,6,7,6,6,4,10,3,8,28,6,81,11,13,5,10,7,3,6,9,12,9,3,3,10,18,10,28,128,6,5,11,9,5
20151204,5,PM10,,,9,16,,,5,,5,20,43,,,,,,,15,5,,,,,7,16,11,,39,36,,,5,14,19,
20151204,5,AQI,16,16,27,46,17,15,14,17,20,40,23,23,42,18,31,21,32,39,14,22,17,34,12,23,45,28,25,54,38,56,25,17,39,40,16
20151204,6,PM2.5,8,7,5,5,6,4,5,5,3,6,38,6,93,3,10,7,10,8,6,3,22,12,6,4,3,15,13,9,31,140,8,9,12,9,7
20151204,6,PM10,,,11,18,,5,,,5,19,,,,5,11,,,16,,5,27,13,,5,12,,,38,43,,,,17,47,
20151204,6,AQI,17,17,27,46,18,15,14,17,20,39,21,22,44,18,30,22,33,39,18,22,20,33,14,22,45,29,26,54,40,63,25,18,38,40,16
20151204,7,PM2.5,6,12,11,5,11,12,3,6,3,6,31,7,116,,6,5,19,13,6,11,20,32,12,4,4,19,23,13,31,139,7,11,13,17,5
20151204,7,PM10,,15,18,22,,,5,20,5,36,,,,59,14,,,24,,,34,47,,11,19,,,42,48,,11,13,24,61,
20151204,7,AQI,24,26,27,47,20,20,22,17,19,38,19,20,55,29,30,23,32,39,18,22,25,34,12,22,45,31,27,54,40,70,25,27,38,42,17
20151204,8,PM2.5,11,11,9,4,9,8,9,4,7,19,38,4,128,,11,10,15,13,5,14,32,40,7,10,8,14,21,24,62,138,13,15,16,20,10
20151204,8,PM10,,18,21,21,9,,,5,,49,,9,135,101,23,12,23,23,5,15,52,67,13,18,26,18,,66,84,,23,45,38,86,29
20151204,8,AQI,26,27,27,46,32,29,27,16,14,38,23,18,59,33,30,23,30,38,17,23,27,36,12,21,45,32,27,54,43,77,29,31,38,44,24
20151204,9,PM2.5,12,10,9,8,15,8,7,10,10,11,52,4,81,90,16,16,23,9,3,16,44,47,10,9,5,14,30,34,59,145,20,19,16,20,9
20151204,9,PM10,,19,56,22,25,9,,15,,38,60,8,,96,44,29,35,30,5,20,69,97,15,18,29,,,60,97,,36,34,38,83,
20151204,9,AQI,23,28,28,45,29,27,22,16,16,38,25,18,55,42,31,23,31,37,17,24,25,40,13,21,44,32,28,54,46,84,27,34,37,45,23
20151204,10,PM2.5,14,14,15,15,16,14,12,,14,24,68,8,79,99,36,17,17,11,10,17,26,37,,3,,12,21,34,83,132,22,15,16,34,12
20151204,10,PM10,,,24,28,18,,,25,24,58,99,17,,111,78,31,25,39,,,46,60,10,11,32,,,66,113,,44,25,39,119,
20151204,10,AQI,20,26,28,44,21,21,17,18,15,38,30,18,59,54,32,24,30,36,19,24,23,42,16,20,40,32,29,54,50,90,28,27,37,48,17
20151204,11,PM2.5,9,21,11,35,11,12,15,,5,55,88,9,73,80,81,16,12,12,3,23,26,25,,4,,10,15,40,62,103,10,37,15,51,13
20151204,11,PM10,,,20,54,,13,,,5,167,113,17,,,114,21,16,28,5,,35,30,20,14,28,,,67,73,,25,62,33,132,
20151204,11,AQI,16,27,27,44,18,20,14,18,15,44,37,18,62,58,36,24,29,34,20,24,23,41,16,19,37,32,29,53,51,95,27,29,36,51,16
20151204,12,PM2.5,16,47,7,47,12,3,9,3,3,60,69,5,77,,59,6,9,12,6,22,19,8,8,8,7,6,15,64,59,121,35,56,21,60,8
20151204,12,PM10,,63,19,70,,11,,104,5,86,81,6,,73,82,7,15,25,,,25,,19,,37,,,78,75,,66,85,30,119,
20151204,12,AQI,17,31,26,46,20,16,16,23,23,46,42,17,65,59,38,21,28,33,20,24,23,42,18,20,34,32,29,53,53,101,29,32,35,52,17
20151204,13,PM2.5,7,32,9,39,10,9,3,7,7,23,51,13,91,50,60,23,10,13,3,31,7,9,5,3,12,3,10,49,65,136,26,42,12,43,11
20151204,13,PM10,,,19,53,,,5,55,,41,58,15,,51,85,40,18,20,5,,9,,,5,34,5,,60,83,,29,,30,80,
20151204,13,AQI,17,23,25,46,23,19,18,25,23,46,45,17,69,58,39,19,27,32,21,25,22,42,21,22,33,24,28,51,56,107,27,32,34,53,21
20151204,14,PM2.5,10,8,11,17,9,6,5,7,11,49,49,13,94,54,50,,8,10,9,26,15,12,5,12,11,8,9,45,51,93,12,16,11,33,9
20151204,14,PM10,,,27,26,,,5,40,,73,57,29,,,67,6,16,23,11,,15,22,8,13,42,,,54,64,,15,,21,89,
20151204,14,AQI,18,22,24,45,23,18,18,27,23,47,48,17,74,58,40,19,25,31,20,25,22,41,21,21,32,20,27,51,58,111,26,34,33,54,22
20151204,15,PM2.5,8,8,13,8,7,9,3,7,7,18,62,12,80,59,43,6,11,13,8,28,7,14,6,12,14,10,11,43,41,113,13,9,13,31,7
20151204,15,PM10,,,23,27,,,5,34,94,58,71,20,,,65,,17,30,13,,11,16,17,21,41,,,58,49,,27,11,22,83,
20151204,15,AQI,18,22,24,46,23,19,17,28,24,47,51,17,77,61,41,19,24,30,20,25,22,41,21,20,32,19,26,51,59,116,26,33,31,55,22
20151204,16,PM2.5,7,14,11,13,12,7,7,8,13,14,68,13,76,68,55,4,14,17,11,27,8,14,6,11,13,11,5,50,48,114,13,12,8,10,11
20151204,16,PM10,16,,26,22,13,11,7,32,,43,90,18,,74,81,16,26,30,15,,13,23,12,17,35,14,11,70,64,,30,15,30,45,
20151204,16,AQI,17,22,24,45,22,17,15,29,23,47,54,17,80,61,43,17,24,29,20,25,23,41,22,20,32,18,25,51,61,121,25,31,31,55,21
20151204,17,PM2.5,,3,9,20,9,8,11,7,7,50,67,14,78,90,50,11,19,18,7,26,8,16,7,12,16,11,19,61,43,114,25,14,13,49,8
20151204,17,PM10,,14,26,42,16,8,12,30,13,81,97,18,,106,75,21,38,38,14,,14,35,17,17,35,15,,80,64,,28,24,32,104,8
20151204,17,AQI,,22,23,40,19,19,20,30,23,48,57,17,84,63,45,17,26,29,19,24,22,41,21,20,31,19,26,52,62,126,25,32,30,56,18
20151204,18,PM2.5,20,35,19,35,13,12,16,13,8,75,83,39,124,113,62,7,24,19,9,31,22,23,3,11,12,22,24,63,54,128,30,,15,64,10
20151204,18,PM10,27,54,32,60,20,,19,38,,110,132,48,,138,100,20,42,41,14,35,35,53,16,22,26,27,26,96,83,136,66,138,39,138,10
20151204,18,AQI,30,36,29,38,26,29,31,31,23,50,61,23,89,66,48,24,30,30,17,28,23,42,20,18,30,18,26,52,64,131,34,48,35,58,23
20151204,19,PM2.5,40,64,41,65,20,21,30,10,12,116,124,94,150,134,104,54,25,26,21,38,30,13,7,53,11,15,27,73,88,208,84,90,27,102,21
20151204,19,PM10,66,95,70,103,31,,41,30,18,151,166,140,158,151,139,102,48,32,40,48,42,46,13,,25,19,,101,122,215,146,135,65,188,28
20151204,19,AQI,35,45,41,41,38,40,38,33,17,53,67,41,96,69,51,41,34,28,20,26,27,42,21,15,30,18,26,53,68,141,50,50,41,61,33
20151204,20,PM2.5,98,96,118,119,40,62,84,16,11,136,130,147,201,137,120,95,28,18,56,69,49,53,15,26,11,24,35,94,112,197,120,132,92,125,40
20151204,20,PM10,135,110,134,164,85,91,114,66,,156,164,203,223,157,151,163,41,27,135,81,77,91,19,27,29,,,123,126,228,166,206,141,204,56
20151204,20,AQI,45,46,48,45,48,47,44,34,20,55,70,44,106,75,54,44,36,27,38,35,32,45,17,16,29,19,27,55,71,151,50,56,50,64,38
20151204,21,PM2.5,129,124,94,139,94,105,123,14,8,166,140,121,244,146,130,128,29,15,59,76,48,74,19,26,13,26,37,107,103,362,138,134,120,137,94
20151204,21,PM10,156,132,153,180,138,119,150,74,,194,181,245,248,175,160,194,38,26,122,,61,146,29,,33,,,123,134,410,175,184,169,232,119
20151204,21,AQI,56,52,49,49,54,49,47,38,23,58,73,54,121,82,59,46,37,27,38,35,30,50,15,17,29,20,28,56,75,172,52,61,50,69,44
20151204,22,PM2.5,129,123,135,137,115,114,134,31,8,181,124,137,226,141,135,157,26,21,68,57,31,81,20,29,12,23,43,117,113,405,138,138,138,156,111
20151204,22,PM10,164,135,181,164,163,118,159,230,,214,155,222,229,158,165,216,30,26,126,64,35,130,21,,30,28,,145,140,432,182,191,194,280,131
20151204,22,AQI,62,55,50,52,55,48,47,48,22,65,78,59,129,89,66,51,30,27,37,39,31,53,16,18,29,20,29,60,79,194,57,65,50,74,49
20151204,23,PM2.5,136,133,113,135,130,118,125,23,22,181,128,145,208,179,137,142,25,25,61,70,19,75,19,16,9,28,40,130,118,315,135,130,134,143,126
20151204,23,PM10,154,155,136,158,180,131,139,109,40,208,155,233,,205,164,185,33,26,97,71,23,108,20,,21,31,,143,140,,167,185,168,226,155
20151204,23,AQI,67,59,46,55,57,48,48,52,21,73,84,64,139,97,72,54,34,27,37,43,31,55,16,18,29,21,30,66,83,207,60,68,52,78,56
20151204,0,SO2,5,6,11,7,2,6,6,6,7,8,4,7,10,8,8,5,,5,2,2,2,4,5,7,7,6,3,8,5,7,2,6,7,11,6
20151204,0,NO2,21,35,37,33,21,28,39,45,13,36,14,18,17,51,33,26,,18,5,6,2,28,4,5,16,2,2,19,30,50,38,46,50,45,30
20151204,0,O3,33,25,14,25,48,29,16,7,49,11,47,37,50,10,27,27,,37,51,74,62,31,54,49,37,55,66,39,30,8,24,13,7,12,33
20151204,0,CO,0.5,0.5,0.6,0.7,0.5,0.7,0.8,0.5,0.7,0.7,0.6,0.1,0.5,0.8,0.1,0.3,,0.5,0.3,0.4,0.5,0.6,0.3,0.4,2.4,0.2,0.4,0.5,1,1.3,0.5,0.6,0.7,0.8,0.6
20151204,1,SO2,4,6,10,6,2,5,4,6,4,8,4,6,25,9,8,5,,6,2,2,3,4,3,7,7,6,2,7,5,6,2,5,6,10,6
20151204,1,NO2,22,31,35,34,26,27,39,41,3,41,13,14,52,49,35,22,,28,6,5,2,7,3,5,12,2,2,20,39,45,35,41,46,43,29
20151204,1,O3,32,29,14,23,42,28,15,11,60,3,47,40,15,11,23,32,,27,43,72,63,53,56,50,37,55,63,38,9,10,27,18,9,13,32
20151204,1,CO,0.5,0.5,0.6,0.6,0.5,0.6,0.9,0.4,0.4,0.7,0.7,0.1,1.3,0.8,0.1,0.3,,0.5,0.5,0.4,0.5,0.4,0.3,0.4,2.4,0.2,0.3,0.5,1.3,1.6,0.4,0.5,0.7,0.8,0.6
20151204,2,SO2,6,7,8,7,4,8,8,6,4,10,6,5,32,8,7,6,,5,2,2,2,5,7,7,10,6,2,8,8,6,5,10,9,9,5
20151204,2,NO2,25,37,25,33,28,23,32,35,5,52,13,17,56,35,34,23,,24,6,5,2,10,3,5,13,2,12,19,42,54,39,42,37,45,26
20151204,2,O3,29,24,22,24,41,31,21,16,56,2,44,35,10,24,24,31,,30,31,72,59,46,47,50,36,54,56,40,2,2,23,16,17,15,36
20151204,2,CO,0.5,0.5,0.6,0.7,0.6,0.6,0.7,0.4,0.4,0.9,0.6,0.1,1.3,0.7,0.1,0.3,,0.5,0.2,0.4,0.4,0.5,0.2,0.4,2.5,0.2,0.4,0.5,1,2.9,0.4,0.5,0.8,0.8,0.5
20151204,3,SO2,5,8,6,6,3,7,7,6,2,11,6,4,31,7,7,6,,4,2,2,2,6,7,7,8,6,2,8,8,6,5,11,9,11,4
20151204,3,NO2,22,34,18,24,25,24,29,30,3,50,20,12,64,37,30,29,,22,6,6,2,11,4,4,14,2,4,20,51,51,36,41,28,45,25
20151204,3,O3,31,24,31,31,41,28,23,18,57,2,36,38,4,22,28,20,,31,2,71,57,46,46,49,37,51,63,38,2,2,26,16,22,10,36
20151204,3,CO,0.4,0.4,0.4,0.4,0.5,0.5,0.5,0.3,0.3,0.8,0.9,0.1,1.4,0.5,0.5,0.5,,0.4,0.1,0.3,0.2,0.4,0.3,0.4,2.5,0.2,0.4,0.4,1.6,3.5,0.4,0.4,0.5,0.7,0.5
20151204,4,SO2,4,6,7,6,2,6,7,6,2,11,8,4,27,7,6,5,,4,2,2,2,5,7,7,8,5,2,7,8,8,4,10,10,9,3
20151204,4,NO2,24,34,22,22,25,18,35,28,3,46,30,10,71,37,28,25,,19,5,6,2,8,5,4,15,2,5,22,52,55,37,38,43,47,22
20151204,4,O3,27,24,22,29,40,34,,19,58,2,26,42,4,21,25,23,,34,47,56,60,44,39,50,35,48,39,34,2,2,22,17,,17,37
20151204,4,CO,0.4,0.4,0.5,0.4,0.5,0.5,0.5,0.3,0.3,0.9,0.9,0.1,2.1,0.6,0.4,0.5,,0.4,0.2,0.3,0.2,0.3,0.3,0.3,2.5,0.2,0.4,0.4,1.3,4.1,0.4,0.4,0.6,0.7,0.4
20151204,5,SO2,5,6,6,5,4,6,5,6,2,6,12,4,26,5,7,4,,5,2,2,2,5,6,5,7,5,4,6,9,9,4,10,10,9,4
20151204,5,NO2,29,25,24,27,24,21,14,27,3,23,45,11,70,12,27,22,,21,,5,9,11,7,3,16,2,10,23,63,54,21,29,35,42,26
20151204,5,O3,21,34,26,25,42,33,38,20,61,18,13,42,4,43,22,24,,34,44,59,53,43,38,54,40,47,32,31,2,2,29,23,14,10,33
20151204,5,CO,0.5,0.4,0.4,0.5,0.5,0.5,0.2,0.3,0.3,0.3,1.2,0.1,4.1,0.3,0.5,0.4,,0.5,0.2,0.3,0.3,0.3,0.5,0.3,2.5,0.2,0.5,0.4,1.2,4.4,0.4,0.4,0.6,0.7,0.4
20151204,6,SO2,5,5,7,5,4,7,6,6,2,6,10,6,31,8,6,5,,6,2,2,4,6,8,5,9,6,5,10,9,8,4,10,12,11,4
20151204,6,NO2,32,33,25,24,28,25,25,26,3,28,40,14,68,24,33,26,,20,6,9,40,17,6,2,16,3,23,27,64,47,26,33,38,48,27
20151204,6,O3,23,27,28,31,41,30,30,21,62,21,14,40,3,35,25,22,,34,55,55,19,34,44,56,42,45,15,29,2,2,28,23,15,7,36
20151204,6,CO,0.6,0.5,0.4,0.4,0.5,0.5,0.4,0.3,0.3,0.3,1.3,0.1,4.4,0.5,0.5,0.5,,0.5,0.2,0.3,0.8,0.5,0.4,0.3,2.5,0.2,0.5,0.5,1.4,4.9,0.5,0.4,0.7,0.8,0.4
20151204,7,SO2,7,6,9,6,5,8,5,5,2,9,12,5,35,36,8,7,5,7,2,7,5,9,12,6,13,6,6,12,7,8,5,13,13,20,6
20151204,7,NO2,47,51,42,34,39,40,42,28,4,50,30,13,75,56,43,29,21,24,7,22,49,49,11,6,14,6,27,29,61,40,43,53,52,14,32
20151204,7,O3,12,11,11,22,33,16,12,19,58,2,23,44,4,6,16,20,34,32,56,39,10,3,34,52,43,40,10,27,2,2,13,5,6,4,29
20151204,7,CO,0.6,0.6,0.5,0.5,0.7,0.6,0.6,0.3,0.3,0.9,1.1,0.1,5.4,2,0.6,0.5,0.4,0.5,0.2,0.6,0.8,1.7,0.6,0.3,2.5,0.3,0.6,0.6,1.4,5.2,0.6,0.6,0.7,1.1,0.5
20151204,8,SO2,8,4,7,6,6,10,6,7,5,11,27,5,38,53,10,8,8,10,2,10,9,11,11,8,12,6,6,16,7,8,5,14,14,17,7
20151204,8,NO2,50,54,51,46,63,56,53,29,15,52,44,24,85,65,53,35,38,29,12,26,52,50,11,7,14,9,28,39,55,45,57,61,62,16,48
20151204,8,O3,9,4,4,11,14,3,4,19,44,2,13,33,4,8,8,14,18,30,52,37,9,3,35,53,44,37,10,19,2,2,4,2,2,4,16
20151204,8,CO,0.7,0.8,0.7,0.6,1.4,0.8,0.8,0.3,0.5,0.9,1.2,0.1,5.8,2.9,0.8,0.5,0.6,0.6,0.2,0.7,1.5,1.7,0.5,0.3,2.5,0.3,0.6,0.9,2.3,5.4,0.8,1.4,1.3,1.4,0.7
20151204,9,SO2,9,8,8,6,9,11,8,9,6,9,28,6,38,52,16,10,10,9,2,9,12,16,14,8,13,6,7,17,17,8,6,14,15,18,8
20151204,9,NO2,46,56,52,39,57,53,44,30,17,42,50,22,75,62,57,36,34,26,11,25,49,44,9,7,16,7,19,35,67,53,53,66,58,23,45
20151204,9,O3,14,10,8,20,22,9,15,19,49,11,12,36,3,10,10,17,26,32,54,40,16,12,41,53,42,39,21,27,2,2,9,2,5,5,21
20151204,9,CO,0.8,0.8,0.8,0.7,1,0.9,0.6,0.4,0.6,0.5,1.4,0.1,3,2.5,1.2,0.7,0.7,0.6,0.2,0.6,1.4,1.4,0.4,0.3,2.5,0.3,0.6,0.9,2.2,4.4,0.7,1.2,1.1,1.5,0.7
20151204,10,SO2,8,9,7,10,7,10,8,11,7,15,48,7,35,46,24,11,7,9,2,6,5,13,11,8,14,6,7,17,22,20,6,13,14,26,7
20151204,10,NO2,39,51,42,42,41,41,33,31,26,40,58,19,64,58,62,27,27,25,7,15,28,29,7,5,15,6,13,36,67,52,41,52,,28,33
20151204,10,O3,23,21,21,23,37,24,28,23,,16,16,42,9,18,15,30,34,34,60,51,33,27,48,58,45,43,32,30,2,6,22,12,11,7,37
20151204,10,CO,0.7,0.8,0.7,0.9,0.8,0.9,0.5,0.4,0.7,0.8,1.9,0.1,2.4,2.3,1.5,0.7,0.5,0.6,0.2,0.5,0.6,0.9,0.4,0.3,1,0.3,0.5,0.9,1.9,3.1,0.7,0.8,0.9,1.7,0.6
20151204,11,SO2,7,11,7,17,4,9,7,,3,24,28,7,34,35,31,10,8,9,2,2,8,11,13,9,16,6,6,20,20,32,6,22,11,30,5
20151204,11,NO2,31,53,38,43,25,38,28,9,8,50,53,16,51,45,58,25,22,25,8,7,26,26,6,6,14,4,8,48,47,50,42,57,39,46,23
20151204,11,O3,32,25,32,27,54,30,36,24,,12,23,49,21,29,24,36,39,37,61,61,38,34,50,58,50,48,39,25,27,15,23,18,21,10,51
20151204,11,CO,0.6,0.8,0.6,1.1,0.7,0.9,0.4,0.3,0.4,1.3,2.1,0.1,1.8,1.7,1.5,0.7,0.5,0.6,0.2,0.3,0.6,0.6,0.4,0.3,0.4,0.2,0.4,1,1.4,2.2,0.6,1,0.8,1.7,0.6
20151204,12,SO2,6,19,5,19,2,8,4,,2,22,23,7,38,26,25,6,7,9,2,2,7,4,10,8,12,6,8,24,19,38,14,24,10,28,4
20151204,12,NO2,23,60,31,47,21,28,18,11,3,47,41,14,54,39,47,20,19,23,8,10,20,11,6,4,13,3,11,47,38,59,58,63,32,45,22
20151204,12,O3,40,25,44,29,61,43,51,31,71,22,34,50,26,,36,46,45,41,62,62,48,51,55,63,56,53,39,34,46,20,20,19,29,14,54
20151204,12,CO,0.5,1.2,0.5,1.3,0.7,0.7,0.2,0.3,0.3,1.2,1.4,0.7,1.4,1.5,1.2,0.6,0.4,0.5,0.2,0.4,0.5,0.3,0.4,0.3,0.3,0.1,0.5,1.1,1.3,2.1,1.1,1.1,0.6,1.6,0.5
20151204,13,SO2,4,10,4,13,3,6,4,,3,13,21,7,47,23,25,11,7,9,2,2,5,5,7,6,14,5,9,20,20,44,6,17,8,21,3
20151204,13,NO2,13,34,29,34,11,17,14,18,3,30,35,16,59,38,49,34,19,24,9,10,11,13,4,3,15,2,11,29,37,72,23,45,20,51,14
20151204,13,O3,54,49,50,42,73,59,57,29,72,35,42,51,33,,38,40,48,43,64,64,61,52,64,67,55,57,42,52,53,24,50,38,39,17,66
20151204,13,CO,0.3,0.6,0.4,0.9,0.5,0.5,0.2,0.3,0.3,0.6,1,0.8,1.5,,1.2,0.8,0.4,0.4,0.2,0.4,0.3,0.3,0.3,0.3,0.3,0.1,0.5,0.8,1.3,1.9,0.5,0.8,0.4,1.4,0.4
20151204,14,SO2,5,6,5,8,2,6,4,,3,22,19,6,51,18,17,5,6,9,2,2,5,8,10,8,17,5,9,14,19,29,4,11,9,17,3
20151204,14,NO2,16,24,29,21,13,21,15,34,4,43,34,12,64,34,42,13,21,28,9,10,13,18,5,11,20,2,9,30,24,60,20,15,,53,12
20151204,14,O3,55,58,50,52,73,57,56,27,72,33,50,54,35,52,47,59,48,42,64,67,62,50,66,64,54,59,46,57,68,36,54,59,31,22,69
20151204,14,CO,0.3,0.3,0.4,0.6,0.4,0.5,0.2,0.3,0.3,0.9,0.9,0.7,1.4,,0.9,0.4,0.4,0.5,0.2,0.3,0.4,0.4,0.4,0.3,0.4,0.1,0.5,0.7,1,1.4,0.3,0.3,0.5,1.2,0.4
20151204,15,SO2,4,6,6,6,2,6,5,12,4,11,19,7,40,16,16,4,7,11,2,2,5,10,11,10,11,5,9,10,16,31,4,12,9,16,3
20151204,15,NO2,17,27,32,17,18,22,18,43,4,30,39,14,54,34,41,14,24,33,10,11,9,16,6,13,21,5,11,28,20,,24,14,33,49,14
20151204,15,O3,55,53,46,53,72,58,53,27,74,36,51,52,40,59,48,61,47,40,64,67,63,53,67,61,60,58,45,,72,39,50,59,37,22,69
20151204,15,CO,0.3,0.3,0.4,0.5,0.4,0.5,0.2,0.3,0.3,0.5,1,0.7,1.1,1,0.8,0.4,0.4,0.5,0.2,0.4,0.3,0.4,0.4,0.4,0.3,0.1,0.5,0.7,0.8,1.4,0.3,0.2,0.5,1.1,0.4
20151204,16,SO2,6,8,7,7,7,7,7,11,4,11,21,8,28,22,17,5,8,10,2,4,4,14,9,9,12,7,9,12,17,29,5,12,10,10,4
20151204,16,NO2,20,32,31,20,21,26,28,49,6,42,47,17,56,42,49,19,31,36,12,16,9,20,6,15,27,9,13,35,27,62,25,19,42,33,17
20151204,16,O3,53,48,44,51,69,53,41,26,72,26,52,51,39,50,42,54,41,39,63,63,73,49,69,64,52,56,43,51,71,36,48,56,32,33,67
20151204,16,CO,0.4,0.4,0.4,0.4,0.4,0.6,0.3,0.3,0.3,0.5,1.1,0.7,1.1,1.2,0.9,0.5,0.4,0.5,0.2,0.4,0.2,0.4,0.4,0.4,0.3,0.1,0.5,0.8,0.8,1.3,0.3,0.3,0.5,0.7,0.4
20151204,17,SO2,,8,6,13,8,7,7,11,4,20,20,9,23,30,19,6,10,13,2,11,4,16,10,9,14,5,11,13,17,21,6,14,12,24,5
20151204,17,NO2,,42,41,45,32,37,39,53,6,72,52,23,71,64,60,29,52,52,16,32,10,36,8,14,39,5,22,45,32,60,36,31,53,71,25
20151204,17,O3,,37,32,32,59,40,30,24,72,10,35,46,22,31,28,41,20,26,58,47,64,31,65,62,45,58,34,39,56,31,38,43,19,13,57
20151204,17,CO,,0.4,0.5,0.8,0.5,0.6,0.3,0.3,0.3,1,1.1,0.8,1.1,1.5,0.9,0.5,0.5,0.7,0.3,0.6,0.3,0.6,0.5,0.4,0.3,0.1,0.6,0.9,0.9,1.3,0.5,0.4,0.6,1.3,0.5
20151204,18,SO2,7,12,8,15,12,9,8,12,5,31,22,12,36,35,23,7,11,19,3,14,8,7,11,9,10,6,10,12,16,13,15,34,14,31,6
20151204,18,NO2,58,72,57,60,50,58,60,57,8,89,77,45,99,92,81,48,59,58,22,54,38,32,9,16,31,7,34,58,50,63,68,94,69,66,45
20151204,18,O3,12,11,15,19,43,17,9,22,71,2,12,28,4,11,10,18,13,22,53,23,41,31,63,55,47,52,20,24,29,22,17,2,9,7,36
20151204,18,CO,0.8,1,0.6,0.9,0.8,0.8,0.6,0.3,0.4,1.8,1.4,1.1,1.8,1.9,1.2,0.7,0.6,0.8,0.3,0.8,0.8,0.5,0.5,0.4,0.2,0.1,0.7,0.8,1,1.6,1,1.5,0.9,1.8,0.6
20151204,19,SO2,11,11,16,28,9,9,12,12,9,41,28,23,50,45,30,28,14,15,6,25,6,6,12,20,11,7,8,15,14,10,26,34,25,41,13
20151204,19,NO2,69,89,81,81,74,79,74,60,28,94,82,81,109,91,86,80,67,50,40,49,52,59,8,29,38,10,35,53,68,77,98,97,81,71,65
20151204,19,O3,3,2,2,7,24,2,2,23,46,2,9,3,4,10,7,2,6,29,37,28,23,10,64,37,43,44,15,25,2,8,2,2,2,7,12
20151204,19,CO,1.1,1.6,1.2,1.6,1.1,1.1,1,0.3,0.7,2.2,1.8,1.9,2.6,2.1,1.6,1.5,0.7,0.7,0.5,1,0.7,0.6,0.5,1.3,0.2,0.1,0.7,1.1,1.4,2.8,2,1.7,1.6,2,1.3
20151204,20,SO2,27,12,26,41,5,26,20,12,9,46,32,36,55,46,38,39,14,12,25,49,9,15,15,12,17,7,9,22,15,10,36,40,32,39,15
20151204,20,NO2,80,91,95,90,95,94,87,63,13,80,74,88,112,92,88,88,71,46,75,60,63,64,12,25,35,9,41,70,71,82,99,105,99,67,75
20151204,20,O3,2,3,2,7,8,2,2,18,62,4,15,2,6,9,5,2,4,32,6,22,11,4,52,38,43,43,8,7,2,3,2,2,2,6,3
20151204,20,CO,1.7,1.9,1.9,2.2,1.8,1.9,1.9,0.3,0.6,1.9,1.8,2.4,4.1,2.2,1.7,2,0.8,0.6,3,1.9,1.3,1.6,0.6,0.7,0.3,0.1,0.8,1.4,1.8,2.3,2.3,2.5,1.9,2.2,1.6
20151204,21,SO2,39,13,32,50,15,37,27,11,5,47,31,30,63,53,51,49,16,13,20,29,10,17,20,14,22,9,10,29,20,12,46,49,39,41,23
20151204,21,NO2,82,89,98,87,108,97,92,69,6,94,85,85,105,92,87,91,73,45,74,48,59,62,16,29,41,13,33,76,75,89,98,100,98,68,88
20151204,21,O3,2,3,2,7,10,3,2,12,74,2,7,2,7,11,6,2,3,32,4,21,10,2,38,32,36,36,17,4,2,4,2,2,2,7,4
20151204,21,CO,2.3,2.1,2.2,2.8,2.5,2.1,2.3,0.4,0.3,2.6,2.5,2.5,5.1,2.7,1.9,2.2,0.9,0.6,2.9,1.3,1.3,1.6,0.7,0.8,0.4,0.2,0.8,1.7,1.9,6.8,2.1,2.2,2.3,2.6,2.2
20151204,22,SO2,45,17,45,61,18,39,34,12,4,57,31,42,53,39,44,72,15,13,29,34,9,13,17,16,18,9,12,27,16,14,49,63,50,51,19
20151204,22,NO2,82,95,100,86,110,96,92,76,11,96,79,85,99,84,85,95,59,38,73,51,33,56,15,35,38,18,35,74,73,86,96,95,99,60,83
20151204,22,O3,2,3,2,6,11,3,3,2,69,2,6,2,5,9,6,2,15,38,4,14,34,4,41,27,40,28,13,4,2,2,2,2,2,7,4
20151204,22,CO,3.3,2.3,2.4,2.1,3.3,2.2,2.4,0.5,0.4,2.9,2.1,2.6,4.8,2.5,2.1,2.7,0.7,0.6,3,1.8,0.8,1.9,0.6,1,0.3,0.2,1,1.8,2,6.8,2.4,2.2,2.5,2.7,2.3
20151204,23,SO2,45,20,36,49,24,49,32,12,10,54,29,44,45,42,50,70,19,13,30,38,9,10,14,11,11,11,13,27,17,14,49,51,47,44,36
20151204,23,NO2,77,91,89,82,110,94,89,77,31,93,82,85,94,84,82,88,68,40,73,48,25,51,14,12,29,28,34,73,74,79,91,94,97,64,85
20151204,23,O3,2,3,2,6,12,4,2,17,51,2,6,2,4,12,6,2,8,36,4,12,43,3,42,47,50,15,15,4,2,2,2,2,2,7,4
20151204,23,CO,2.1,2.5,1.7,2.4,3.4,2.3,2.1,0.4,0.8,3,2.1,3,4.4,3.6,2.2,2.5,0.9,0.6,3.4,1.7,0.7,1.8,0.6,0.5,0.2,0.3,0.9,2.1,2.2,6.8,2.3,2.3,2.3,2.7,3.7
