date,hour,type,dongsi,tiantan,guanyuan,wanshouxigong,aotizhongxing,nongzhanguan,wanliu,beibuxingqu,zhiwuyuan,fentaihuayuan,yungang,gucheng,fangshan,daxing,yizhuang,tongzhou,shunyi,changping,mengtougou,pinggu,huairou,miyun,yanqing,dingling,badaling,miyunshuiku,donggaocun,yongledian,yufa,liulihe,qianmeng,yongdingmengxi,xizhimengbei,nansanhuan,dongsihuan
20150628,0,SO2,7.3,9.1,6.2,7.3,6.7,9,12.4,5.9,2,8.9,2,2,4.3,10.9,5.6,11.1,2,2,2,6.6,5.6,11.8,2,3.4,2.4,4.6,6.2,3.5,2,2.9,4.2,7.2,2,11.5,4.5
20150628,0,NO2,51.7,55.5,56.4,50.4,57.6,44.7,41.8,50.6,30.8,44.9,28.4,57.4,33.6,52.7,48.6,50,34.6,24.8,75.4,14,23.7,17.3,20.1,14.2,130.7,14,19.2,32.4,30,46.2,64.2,85.4,49.5,124.3,105
20150628,0,O3,52.9,59.5,53.6,55.8,63.3,61.1,83.3,4.7,47.6,50.7,95.8,73.5,112.2,77.6,53.2,49.5,65.7,105.4,29.5,120.8,88.9,147.7,135.7,109.6,41.1,128.2,97.5,43.4,67.1,48.1,39.7,19.7,51.7,2.1,8.2
20150628,0,CO,1,0.9,1,0.8,0.7,0.8,1.4,1.2,1,1.1,1.4,1.2,1.7,1.2,0.7,0.6,0.6,0.9,1.2,0.8,0.8,0.4,0.9,0.6,1.2,0.9,0.7,0.5,1.2,1.6,0.8,1.1,0.8,1.2,0.8
20150628,1,SO2,8.2,8.6,6.8,6,6.2,9.6,13.1,6.3,2,8.3,2,2,239,10.5,7.4,10.8,2,2,2,5.8,7.3,12.1,2,3.8,3.6,5.4,7.8,2.8,2,2.8,4.1,5.4,2,9.1,4
20150628,1,NO2,58.5,72.5,56.1,52.2,63.5,53.6,38.6,54.9,35.4,48.1,25.6,39.3,33.6,44.5,58.1,44.7,24.3,28.8,60.2,17.7,23.4,12,18.4,28,96.6,13.4,33.7,31.5,31.2,66.3,77.8,86,59.4,102.4,82.9
20150628,1,O3,32.9,31.1,49.6,36.9,40.8,41.6,68,2,56.8,42.4,93.1,90.2,86.3,72.4,34.7,44.4,42.4,66.3,59.3,99.9,71.5,148.8,149.7,81.7,65.7,126,67.8,36.5,36,34.9,15,3.4,30.3,5.5,3.3
20150628,1,CO,1,0.9,1.1,0.9,0.8,0.9,1.5,1.2,1,1.1,1.5,1.3,1.6,1,0.9,0.6,0.5,0.7,1.4,0.8,0.8,0.3,0.9,0.6,1.2,0.9,0.8,0.6,1.3,1.2,0.8,1,0.8,1.1,0.6
20150628,2,SO2,9.3,8.6,6,5.1,7.2,9,11.3,5.8,5.5,8,5,2,47.1,10.7,7.5,10.7,,6.6,2,5.8,9.2,8.5,2,4.6,4.3,3.1,6.4,5,2,3.9,5.1,5.6,2.2,9.6,7.6
20150628,2,NO2,67.7,78.8,68.6,66.6,67.4,64.4,50.1,56.7,24.2,66.7,29.1,60,40.2,63,58,47.2,13.5,32.3,71.6,20.3,19.8,20.1,17,23.8,72.5,13,33.5,41.4,26.7,43.2,79.4,88.1,65.6,106.3,70.4
20150628,2,O3,14,16.5,22.9,12.7,25.6,22.4,44.7,2,73.3,11.6,75.3,60.3,62.8,31.5,25.4,34.3,22.4,48.6,43.8,83.4,63.3,99.4,144.5,70.7,59.5,107.7,64.4,12.3,32.6,38.4,6.6,2,19,2,2
20150628,2,CO,1,1,1.1,0.8,0.7,1,1.4,1.2,1.1,1.1,1.4,1.5,1.2,1.1,0.9,0.5,,0.6,1.5,0.8,1,0.4,0.9,0.6,1.2,0.7,0.8,0.6,1.4,1.1,0.9,1.1,0.9,1.1,0.6
20150628,3,SO2,9.7,9.8,5.9,5.6,8.3,8.3,12.1,4.8,3.4,7.8,3.6,2,9.2,10.8,5.2,9.8,2,4.5,2,5.5,10.6,7.1,2,4.6,4.7,3,3.1,2.9,2,3.9,4,6.2,2,9,6.2
20150628,3,NO2,64.4,74.2,80.8,71.4,62.2,77.2,44.7,63,23.6,50,24.8,82.1,32.9,80.6,57.9,39.1,16.8,23.8,56.4,18.1,18,20,16.8,27.7,67.9,12.1,30.5,37.9,24.4,41.1,76.7,74.1,75.2,106.5,76.2
20150628,3,O3,11.2,13.5,4.4,5.5,20.7,4.5,48.3,7.2,60.9,16.9,70.2,21.3,69.5,4.6,22.2,37.8,25.2,51.3,37.9,74.6,63.4,83.2,130,53.6,39.1,104.2,273.8,16.7,21.8,22.2,2,2.5,6.6,2,2
20150628,3,CO,0.8,1,1.1,0.8,0.7,1,1.4,0.8,1.1,1.2,1.4,1.6,1.2,1.1,0.8,0.6,,0.6,1.5,0.9,1.1,0.5,0.9,0.5,1.1,0.8,0.9,0.6,1.2,1.2,1.1,1.3,0.9,1.1,0.6
20150628,4,SO2,9.1,10.1,6.4,6.5,7.7,6.4,12,4.9,2.7,8,4.2,2,8.2,10.9,4.2,9.8,2,5.3,2,4.7,8.8,7,2,4.3,5.7,2.4,7.7,4.2,2,4,4.8,6.2,3.3,11.4,6
20150628,4,NO2,61.7,43.2,79.8,54.9,45,62,64,46.1,26.2,65.4,24.1,84.7,40.9,66.3,44.3,33.1,,17.7,48.5,15.8,17.8,20.3,27.1,22.6,67.3,11.3,26.6,41.1,34.5,50,75.2,64.2,63.9,95.7,76.7
20150628,4,O3,15.6,43,2,16.1,,12.5,7.8,,55.9,2,54.5,9.7,32.4,9.2,32.9,41.6,,58.2,32.7,71,51,77.3,83,35.6,17.9,92.2,53.6,13.7,10.2,,2,6.3,10.4,2,8
20150628,4,CO,0.7,0.9,1.1,0.8,0.5,0.8,1.4,0.8,1.2,1.1,1.3,1.6,0.9,1,0.7,0.7,0.6,0.7,1.5,0.9,1,0.5,0.9,0.5,1,0.9,1,0.7,1.1,1.3,1.1,1,0.8,1,0.6
20150628,5,SO2,7.1,7.7,6.2,5.5,6.9,6.1,12.2,6,2,8.3,2.5,2.1,6,9.6,3.3,7,2,5.7,2,4.1,6,6.8,2,7.7,7.2,2,5.8,2.6,2,4.2,3.1,4.8,4,10.4,5.6
20150628,5,NO2,41.6,38.7,51.7,45.2,31.1,38.1,54.6,47.3,40.2,46.4,60.1,76.1,59.4,58.6,37.9,29.8,,13.7,53.2,15.6,15.3,23.9,29.3,32.3,63.4,,26,33.9,42.6,53.3,62.1,55.8,56.4,90.6,78.9
20150628,5,O3,26.9,42.3,20.1,23.5,48.3,36.7,10.1,2,26.3,2,4,4.4,6.6,13.7,35.8,50.6,34.5,60.2,16.7,62.6,42.3,68.4,66.4,26.6,12.1,84.1,45.8,23.3,2,4.3,9.6,12.7,11.6,2,4.2
20150628,5,CO,0.9,0.9,1,0.7,0.6,0.9,1.3,0.7,1.2,1,1,1.3,0.9,0.9,0.8,0.7,0.7,0.8,1.6,0.9,0.9,0.5,0.9,0.5,1,0.9,1.1,0.7,1.1,1.3,1,1,0.8,1,0.6
20150628,6,SO2,6.3,5.8,6.2,5,5.2,4.3,11.6,4.6,2,7.4,2,2.3,4.9,7.7,2.7,7.1,2,5.6,2,4.7,5.6,7.2,2,6.7,7.1,2,6.8,2.5,2,4.1,2.3,3.4,2.8,9,4
20150628,6,NO2,35.1,32.1,42.8,35.3,30.4,37.4,40.6,43.9,45.2,43.3,52.2,70.6,51.1,56.3,36.6,29.1,35.1,13.5,53.3,19.3,17.9,23.3,26.2,30,52.3,11.1,39.1,28.1,35.3,41.1,62.8,49.5,57.6,93.1,82.1
20150628,6,O3,38.5,55.9,31.1,39.6,53.3,37.8,22,3.1,9.3,2,7.3,3.7,13.5,18.8,40.2,49.7,32.4,59.7,8.9,49.8,30.8,66.9,63.1,28.6,19.2,76,19.4,42.1,4.8,11.3,17.7,19.8,11.9,3,4.6
20150628,6,CO,1,1,1,0.8,0.6,0.9,1.2,0.7,1,1,1,1.2,0.9,0.9,0.9,0.8,1.1,0.8,1.5,1.1,1,0.5,1,0.5,0.9,1,1.5,0.8,0.9,1.1,1.1,1.1,0.9,1.1,0.8
20150628,7,SO2,5.6,5.7,6.5,4.7,4.9,5.1,11.9,6.1,2.2,7.7,2,2,4.6,8.6,3,10.1,2,5.8,2,8.3,6.3,10.4,2.5,7.4,9.5,2,11.2,4.2,2,4.1,2.7,3.8,2.3,8.7,3.3
20150628,7,NO2,33.3,33.9,52.5,26.4,28.5,33,51.4,36.3,43.9,38.6,53,62.3,58.5,45.2,33.5,34.4,43.7,21.5,49.8,28.6,20.6,20.8,22.5,47.5,48.3,11.1,41.7,24.1,28.6,39.3,72.1,49.4,57,86.5,80.9
20150628,7,O3,47.4,65.4,23.1,62,65.5,51.8,13.5,7.7,14.2,10.9,4.8,12,10.2,37.7,51.6,43.9,18.1,56.2,9.7,38.1,26.3,74.2,61.6,12.5,30,63.5,23.9,49.3,16.5,11.8,17.5,30.6,15.4,10.8,10.9
20150628,7,CO,1,1,1.1,0.7,0.7,1,1.3,0.7,0.9,1.1,1,1,0.9,1,0.9,1,1.4,0.9,1.2,1.7,1,0.7,0.9,0.6,0.9,0.9,2.5,0.9,0.9,0.9,1.1,1.2,0.9,1.1,0.9
20150628,8,SO2,5.6,7.2,6.9,5.7,6.6,8.3,13.2,5.5,4.7,7.8,2,2,4.2,9.3,4.6,14.6,2,8.4,2,12.7,8.4,11.9,4,9.8,9.4,3.2,19.6,7.1,2,4.1,3.7,6.1,2,11.5,3.3
20150628,8,NO2,37.2,38.1,46.3,31.6,32.7,36.8,49.2,38,46,31,52,50.9,49.9,44.7,30.7,36,47.3,20,49.7,32.7,21.6,35.4,23.4,25.8,38.6,10.9,37.9,25.4,30,36.2,65.4,61.6,53.5,116.4,71.6
20150628,8,O3,48.4,63.9,38.9,64.3,67.1,53.7,27.3,17.6,33.1,41.3,21.3,32.1,27,48.7,61.3,53.1,22.6,70.3,24.7,42.1,37.6,58.3,68.5,53.7,45.4,80.2,44,58.6,38.7,25,29.4,29.6,26.4,4.6,21.3
20150628,8,CO,1.1,1.1,1.1,1.7,0.8,1.1,1.3,0.8,0.8,1,1.1,1,1,1,1,1.5,2.2,0.9,1,2.2,1.1,0.6,0.9,0.6,1,1,2.8,1,1.1,0.8,1.2,1.3,0.9,1.4,1.2
20150628,9,SO2,6.8,8.9,7.4,7.6,8.3,10.9,14.1,7.6,7.4,9.7,2,2,4.1,13.9,5.9,21,2,10.8,2,18.5,11.8,16.4,4.6,11.8,7.5,7.2,22.3,11.4,2,4.4,7.6,8.5,2,12.8,4
20150628,9,NO2,38.6,39.8,43.9,31,40,37,40.3,30.4,36.4,30.5,40.6,47.3,42.6,39.3,28,36.2,41.4,19.4,47.1,26.8,22.6,20.5,18.8,11.9,27.3,9.2,31.6,25.8,29.5,32.8,70.4,64.5,54.4,105,68.8
20150628,9,O3,55.8,71.5,54.9,75.7,69.5,65.9,51,43.7,57.5,59.1,53.1,49.1,51.3,69.2,72.7,66.3,45.9,81,45.2,73,52.4,90.6,83.6,95.4,66.4,105.9,73.1,63,60.7,42.2,34.6,31.6,36.1,15.2,38.5
20150628,9,CO,1.2,1.4,1.1,1,0.9,1.3,1.4,0.9,0.9,1.1,1.2,1.1,1,1.2,1.2,2,2.6,1.1,1.1,2.1,1.2,0.7,0.9,0.6,1,1,2.2,1.3,1.4,0.9,1.4,1.4,1,1.6,1.2
20150628,10,SO2,8.6,11.9,7.1,9,7.9,12.6,14.8,11.4,9.8,10.2,2,2,4.3,18.1,9.7,25.9,2,12.7,2,19.5,14.2,17.8,5.7,12.9,8.5,10.3,23.9,12.9,2,3.9,8,10.8,2.3,16.2,5.5
20150628,10,NO2,38.1,38.3,48.9,31.8,43.2,34.6,36.3,24,30.4,36.8,43.2,48.4,37.5,35.6,24.7,34.3,36.9,20.7,44.9,21.1,19.8,22,16.8,11.2,24,7.7,29.1,25.4,27,31.5,63.6,61.9,60.5,123.7,72.1
20150628,10,O3,67.7,94.4,68.1,89.4,75.2,85.9,74.6,73,86.4,62.5,68.5,64.3,75.6,92.9,97,87.3,65,95.6,66.4,111.6,82.2,108.3,105.5,117.1,92.1,127,93.9,76.4,93.4,59.6,53.8,48.6,43.7,15.8,52.1
20150628,10,CO,1.4,1.6,1.3,1.2,1.1,1.5,1.5,0.9,1,1.3,1.2,1.2,1.1,1.4,1.3,2.2,2.6,1.1,1.2,1.7,1.2,0.7,1,0.7,1.1,1,1.8,1.4,1.6,1,1.5,1.5,1.2,1.9,1.5
20150628,11,SO2,7.9,12.9,7,10.4,9.2,11.9,14.9,17.1,12.3,11.4,2,2,,18.7,12.5,27.4,2,12.3,2,21.2,15.9,18,5.3,14,,11.6,23.9,14.8,2,3.8,10.1,13.4,2,16,5.8
20150628,11,NO2,36.1,38.8,40.5,31.1,41.2,31.9,30.5,20.4,27.2,37.2,41.6,40,35.1,34.3,22.6,34,31.9,19,36.7,16,19.5,21.9,16.8,14.2,15.3,7.5,26.2,23.2,24.4,27.5,59.2,64.8,59.8,111,64.9
20150628,11,O3,90.9,123.4,107.2,123.6,103.4,112.4,112.5,103.4,122.8,89.9,102.8,110.8,59.1,124.4,131.7,123.3,100.8,122.6,105.9,144.5,109.5,136.7,127,141.5,134.8,149.8,118.4,102.1,126.6,90.7,80.9,72.2,64,50.5,85.7
20150628,11,CO,1.6,1.7,1.4,1.4,1.2,1.6,1.6,1,1.1,1.4,1.3,1.4,0.6,1.5,1.4,2,2.4,1.3,1.3,1.4,1.5,0.8,0.9,0.9,1,1.1,1.8,1.4,1.6,1.2,1.7,1.7,1.4,1.8,1.6
20150628,12,SO2,7.3,14.5,5.9,10.7,9.8,15.8,13.1,21.8,11,12.6,2,2,19.2,20.1,11.7,25.7,2,10.9,2,26.7,18.3,18.2,5.7,12.6,19.8,14.3,25.6,16.1,2,3.4,10.2,12.9,2,18.3,6.2
20150628,12,NO2,35.6,35.5,40,30.1,33.4,29.1,31.1,23.7,28.2,31.4,34,40.2,36,26.8,21,29.7,32.3,25.2,32.4,16.9,16.9,18.6,13.1,16.4,15.4,7.9,23.1,21,21.2,24.1,64.2,57.1,54.1,134.3,78.9
20150628,12,O3,128.2,169.7,148.7,167.3,158.3,166.3,153.7,123.5,157.5,156.2,154,140.4,152.3,176.3,164.9,165.2,125,140.5,152.9,173.1,149.3,167.7,156.2,167.2,184.5,174.2,155.3,130.6,166.8,124.1,119.9,115.9,97.5,74.7,116.1
20150628,12,CO,1.8,1.7,1.6,1.4,1.5,1.8,1.8,1.2,1.1,1.6,1.4,1.3,1.3,1.4,1.4,1.8,2.4,1.6,1.4,1.6,1.6,0.9,0.9,1.2,1.2,1.2,1.7,1.4,1.5,1.2,1.8,1.7,1.5,1.9,1.9
20150628,13,SO2,7,12.3,6.7,9.6,12.6,13.5,15.1,21.6,9.4,15.6,2,2,6.7,19.7,9.9,24.5,2,9.9,2,30.5,19.3,21.5,5.7,11.6,8.9,13.6,24.2,16.5,2,3.7,7.6,12.5,2,18.7,5
20150628,13,NO2,27.6,26.9,33.9,25.7,31.6,23.5,28.1,25.2,33.6,22,26.8,34.2,28.5,21,21.8,26,27.5,23.7,34,16.9,17.7,14.7,10.8,15.7,22.8,8.6,26.3,20,27.3,10.4,56.6,52.2,50.3,142.1,88.1
20150628,13,O3,177.8,223.2,206,212.4,209.7,213.5,210.7,148,186.7,222.9,207.2,196.3,209,205.5,185.9,207,167.8,178.4,182.1,216,184,196.4,182.6,204.7,212,199.3,188.4,154.6,204.3,148.3,162.8,154.7,137.1,105.6,140.5
20150628,13,CO,1.8,1.7,1.7,1.4,1.7,1.8,1.9,1.3,1.2,1.5,1.5,1.4,1.2,1.3,1.3,1.6,2.2,1.7,1.4,1.8,1.8,1.2,1,1.4,1.4,1.3,1.8,1.4,1.4,1.1,1.8,1.6,1.6,1.8,1.9
20150628,14,SO2,5.6,11.2,6.4,8.7,10.4,11.4,16,17.9,10.9,15.1,2,2,4.5,16.4,9.6,22.3,2,8.8,2,23.3,20.8,22.9,5.7,13.8,6.4,14.8,22.2,16.2,2,3.7,6.6,10.6,2,18.7,4.4
20150628,14,NO2,21.2,21.7,25,20.3,25.9,20.2,21.9,28.2,31.2,16.3,15.4,26.5,21.6,16.4,21.1,20.6,22.9,17.4,25.9,16.7,17.7,16.1,16.3,19.5,29.4,9.6,22.5,19.8,27.4,9.2,48.4,56.7,35.2,134.4,77.2
20150628,14,O3,193.6,229.8,240.4,222.4,247.9,227.5,257.3,178.8,237.8,233.2,221.3,242.5,200.8,213,209.1,221.1,201.7,225.4,225.1,234.9,217.8,221.6,210.1,233.6,225.9,222.6,225.2,178.9,220.7,155.3,179.1,149.4,173.2,111.7,163.4
20150628,14,CO,1.5,1.4,1.4,1.2,1.4,1.5,1.7,1.5,1.2,1.3,1.2,1.3,1.1,1.1,1.2,1.5,2.1,1.6,1.4,1.7,2.2,1.1,1.2,1.6,1.6,1.6,1.7,1.2,1.1,1,1.5,1.4,1.3,1.6,1.4
20150628,15,SO2,4.4,9.9,2,8.8,9.8,10,13.2,18.8,11,11.6,2,2,3.1,12.3,8.5,18.8,2,6.8,2,22,19.6,23.1,3.1,12.2,4.7,16.7,15.9,13.8,4.8,3.7,5.5,9.2,2,17.4,4.5
20150628,15,NO2,18.6,17.3,22.6,18.5,23.8,19.2,15.4,28.8,21.4,12.6,12,18.1,24.3,16.3,27.4,19,19.8,17.3,19.8,16,17.4,16.6,18.6,18.4,31.3,9.4,21.4,21.9,34.2,11.4,46,58.9,35.7,116.4,75.7
20150628,15,O3,191.1,233.7,228.1,219.7,236.6,229.5,227.8,205,237.4,198.9,205.4,213.4,205,207.5,224.3,228.7,222.5,249.6,209.4,257.5,247.5,246.6,231,266.5,244.4,243.3,240.3,205.5,226.3,160.9,182.5,154.1,158.1,135.6,169.1
20150628,15,CO,1.2,1.2,1.2,1,1,1.2,1.4,1.6,0.9,1,1.1,1.1,1,0.9,1.1,1.2,1.8,1.8,1.3,1.7,2.1,1.3,1.2,1.5,1.6,1.7,1.6,1.2,1.1,0.9,1.3,1.3,1.1,1.4,1.2
20150628,16,SO2,5.6,8.7,3.5,8.6,12.1,8.8,11.2,18.3,8.8,11.3,2,2.1,3.5,14.4,7.1,18.7,2,3.8,2,17.5,15.8,17.4,2.3,10.2,5.4,16.7,13.3,14.3,,3.1,6.1,9.5,2,17.5,3.6
20150628,16,NO2,15,13.9,18.1,16.5,23.2,23.6,17.6,23.7,17.1,17,13.8,20.9,25.4,19,17.7,22.3,17.4,19.1,21,13.6,19.4,17.5,22.2,17.2,34,9.4,18.9,24.7,,10.7,50.1,38.2,57,130.9,83.7
20150628,16,O3,189.9,222.9,209.6,207.6,224.2,237.2,210,200.4,213,211.1,211.4,202.5,218,222.8,223.9,248.3,208.8,250.7,192.4,371.1,261.6,255,257.7,275.3,277.5,262.7,226.3,219.7,,188,174.6,164.2,132.4,103.6,184.4
20150628,16,CO,1,0.9,0.9,0.7,0.7,1.3,1.3,1.4,0.7,1,1.1,1,1,0.9,1,1.1,1.4,1.6,1.2,1.3,2,1.2,1.3,1.4,1.7,1.8,1.1,1.2,,0.9,1,0.9,0.9,1.2,1.3
20150628,17,SO2,6.1,9.5,6.6,9.1,16.2,8.1,12.6,17.6,9.3,12,2,2.5,3.5,14.3,6.9,19.2,2,2,2,14.5,9.9,16.8,2.9,8.9,5.7,13.8,11.3,12.1,,3.9,6.8,9.9,2.5,15.5,3.3
20150628,17,NO2,20.2,17.3,23.8,24,24.1,22.1,20.1,21.9,22.6,18.7,16,23.4,28.8,23.8,17.8,28.1,20.5,20.9,23.7,15.5,18.5,27.9,22.2,16.1,42.7,10.6,17.8,28.3,,13.7,66.4,56.8,61.1,129.7,96.3
20150628,17,O3,195,226.6,220,211,222.8,219.5,224.3,185.2,213.3,220.2,217.6,208,207.9,219.8,232.6,255.6,209.7,228.3,196.7,241,236.9,249.7,267.8,265.9,279.3,268.7,226.1,203.5,,176.7,173.7,165.8,138.2,118.3,161.2
20150628,17,CO,1,1,1,0.9,0.6,1,1.3,1.2,0.7,1.1,1.1,1,1,0.9,1.1,1.2,1.3,1.3,1.1,1,1.5,1.2,1.4,1.1,1.7,1.8,1,1.2,,0.9,1.1,1,1,1.2,1.2
20150628,18,SO2,5.4,11,10.1,10.5,14.1,8.6,14.4,18.5,10.9,14.3,2,2.1,3.5,14.9,8.4,24.4,2,2,2,13.8,9.3,15.4,2.8,8,4.6,11,8.5,12.3,,4.1,7.1,10.2,4.8,15.6,3.3
20150628,18,NO2,25.7,21,26.5,24,23.8,27.4,23.9,17,25.4,19.4,16.8,20.5,27.6,26,26.3,32.7,23.3,18.3,25.6,15.9,21.4,25.9,20.2,16.6,34.8,9.7,18.7,26.3,,20.5,59.5,69.2,70.4,131.9,89.3
20150628,18,O3,197.4,243.3,228.7,221.3,233.9,230.6,226.3,181.9,215.7,230.3,219.8,205,217.6,229.2,260.6,260.7,228.2,208.7,200,241.2,223.9,239.1,249.4,238.9,252.5,256,231.3,182,,151.5,186,160.3,145.2,127.8,191.9
20150628,18,CO,1.3,1.2,1.1,0.9,0.7,1.3,1.4,1,0.6,1.1,1.1,1.1,1,1,1.4,1.2,1.3,1,1.1,1.1,1.3,0.8,1.4,0.9,1.5,1.5,1,1.1,,0.9,1.2,1.3,1.1,1.3,1.4
20150628,19,SO2,3.8,12.5,9.7,9.5,10.9,13.1,14.1,16.1,11.6,12.7,2,2.1,3.4,15.9,9.4,25.5,2,6.6,2,14,10,14.9,2.5,8.5,4.6,10,8.1,15,7.2,4,6.1,9.1,2.8,14.6,3.1
20150628,19,NO2,36,35.8,32.9,31.9,35,34.8,29.6,21.1,32.1,26.1,17.6,21.3,33.7,50.9,39,33.9,29.5,21.3,24.3,20.3,26.6,26.3,23.2,16.4,58.1,10.5,23.9,30.5,24,19.4,81,95.2,69,,113.2
20150628,19,O3,208.4,255.1,222.7,225.1,231.2,257.7,221.5,175.2,208.6,214.2,209.7,203.6,195.6,205,225.6,224.9,223.2,206.9,200.8,250.1,230.2,238.5,221.4,222.8,197.6,248.2,224.5,161,203.1,142.8,181.1,154.4,146.8,88.9,178.2
20150628,19,CO,1.6,1.6,1.2,1.3,1,1.6,1.4,1,0.7,1.2,1.1,1.1,1,1.3,1.4,1.2,1.3,0.9,1.1,1.1,1.4,0.9,1.2,0.7,1.3,1.3,1.1,0.9,1,0.9,1.7,1.7,1.3,1.8,1.6
20150628,20,SO2,3.6,15.9,11,9.2,14.1,16.5,9.6,13.8,10.1,10.8,2,2.2,3.5,16.7,9,24.7,2,7.1,2,17,10,15,2.4,9.5,5.4,2.5,8.4,15.5,7.9,4.3,6.7,9.1,2,13,3.6
20150628,20,NO2,38,46.4,45.1,44.5,44.5,40,38.2,25.1,38.9,34.8,22.5,41.9,42.5,48.5,46.5,43.4,30.9,29.3,32.4,24,24,22.6,22.6,21,94.4,9.8,28.9,38.3,24.5,13.8,90,90.1,45.1,,105.6
20150628,20,O3,171.1,205,212.7,201.1,225.4,198.1,219.4,166.9,186.9,202.8,172.4,161.2,157.1,191.4,169.5,176.2,193.7,195.3,174.6,211.2,217.7,246,206.2,216.4,142.7,219.8,179.3,128.2,207.1,166.6,141.5,124.7,166.3,71.4,129.7
20150628,20,CO,1.5,1.5,1.7,1.6,1.3,1.4,1.4,0.9,0.7,1.6,1.1,1.1,1,1.8,1.2,1.1,1.3,1,1.1,1.3,1.2,0.7,1.1,0.8,1.2,1.2,1.3,1.1,1.5,0.8,1.7,1.7,1.5,1.9,1.4
20150628,21,SO2,4.6,17.4,13.3,8.2,14.6,15.3,12.7,11.4,9,9.6,2,2,4.3,23.6,9.6,23.9,2,5.1,2,15.6,12.3,22.5,3.4,11.6,6.9,2,6.9,12.1,8.6,4.5,8,9.2,2,12,3.9
20150628,21,NO2,43.7,56.3,47.3,47.2,47.4,43.6,40.8,32.5,42,38.2,25.3,47.5,38.5,50.3,43.2,45.2,31.9,35.3,60,21.1,22.7,23,20,22.5,59.7,9.1,22.8,39.5,20.8,24.9,80.4,99,51.6,,114
20150628,21,O3,128.7,156.7,160.9,151.9,168.7,150.9,177.8,145.6,168.4,159,143.8,134.3,145.5,173.7,155.8,143.3,145.9,184.8,119,170.3,186.5,219.5,201.6,233.8,172,208.5,147.7,100.4,236.5,137.2,106.7,80,116.2,64.8,92.4
20150628,21,CO,1.5,1.5,1.5,1.4,1.1,1.3,1.5,1.2,1.1,1.7,1.2,1.2,1,1.9,1.4,1.2,1.1,1.5,1.1,1.2,1.1,0.8,1,1.1,1.1,1.2,1,1.2,1.9,0.9,1.7,1.7,1.3,1.8,1.4
20150628,22,SO2,6.1,19.2,13.7,11.8,14,16.2,15.3,9.3,6.9,11.4,2,2,4.3,32.2,13.1,21,2,6.7,2,13,12.9,23.8,4.1,12.3,7.6,7.7,6.2,11.4,6.1,5.2,10,13.4,2,16,4.7
20150628,22,NO2,44.8,52.8,45.4,33.1,46.4,44.5,42.3,35.5,40.7,38.5,23.3,60.8,35.5,39.1,37.1,47.2,33.7,27.5,68.9,17.4,21.7,20.3,21.1,19.2,56,11.9,17.2,38,22.2,29.1,66.9,69,56,,111.7
20150628,22,O3,110.3,148.7,154.7,173.8,151.6,135.6,148.9,117,113.8,144,146.1,100.4,160.4,175.7,153.4,117,113.3,153.3,86.1,162.2,150.4,187.8,193.7,185.2,167.2,204.3,149.7,78.3,181.9,107.9,116.7,121.2,104.3,79.1,72.7
20150628,22,CO,1.6,1.7,1.7,1.5,1.3,1.5,1.7,1.3,1.1,2.3,1.4,1.7,1.5,2.9,1.6,1.2,1.1,1.3,1.2,1,1.1,0.8,1,1.1,1.4,1.3,0.8,1.2,1.9,1.1,1.7,1.8,1.5,2,1.5
20150628,23,SO2,10.5,19,20.2,14.2,15.6,14.7,22.6,7.5,4.1,17.4,2,2.1,4.4,25.2,11.5,16.8,2,6.6,2,9.4,12.9,20.9,3.8,11.5,8.1,14.2,6.3,9.3,2,5.9,11.2,15.6,3.7,17.9,5.1
20150628,23,NO2,42.3,53.3,30,29.5,41.5,43.5,35.8,36.4,45.5,28,19.9,39.3,28.6,34.2,45.2,42.4,35.3,26.4,58.1,15.8,20.3,15.1,20,17.5,42.9,11.8,17.3,34.4,26,24.4,70.4,70,52.6,,110
20150628,23,O3,108.5,127.6,170,158,143.1,122.9,163.8,80.8,72.9,156.5,163.5,138.1,163.1,158,119.3,92.9,91.3,127,95.2,143.2,124,176.5,182.8,160.6,159.6,194.5,143.2,64.9,124,101.1,94.8,99.8,101.2,72.7,61.4
20150628,23,CO,1.6,1.6,1.8,1.6,1.4,1.4,2,1.4,1.3,2.1,1.8,1.9,1.6,1.8,1.3,1.1,1.1,1.2,1.4,0.9,1.2,0.8,1.3,1,1.6,1.3,0.8,1.2,3.1,1.3,1.8,1.9,1.7,1.9,1.4
20150628,0,PM2.5,106.5,104.2,113,100.7,106.7,101.3,133.6,165.3,146,,140.3,157,137.5,126,93.7,81.9,91.3,176.7,168.8,73.4,122.5,108.9,140.6,129.1,170.9,128.9,82.4,80.4,82.4,118.2,98.2,101.1,92.8,110.9,95.4
20150628,0,PM10,,,,,,,,,,121.2,,,,,,,,,,80.8,,,,,,,,,,,,102.6,105.2,141,132.5
20150628,0,AQI,131,130,127,119,125,128,124,112,125,75,122,132,118,127,126,121,121,120,118,114,113,104,101,107,120,91,139,135,121,120,126,123,113,130,114
20150628,1,PM2.5,117.8,104.4,120.5,98.9,112.7,106.9,126.3,161.6,144,,125.5,135.4,113.5,106.2,99.3,75.7,88.4,124.6,145.8,89.1,95.7,87.1,140.2,139.6,174.6,127.9,104.7,75.9,80.8,126.8,109.1,102.5,101.2,108.1,98.3
20150628,1,PM10,,,,104.7,,,,,,94.6,,,,,,,,,,173,,,,,,,,,,,116.1,,116.3,124.8,120
20150628,1,AQI,136,134,132,124,129,132,130,120,133,77,128,138,123,131,130,124,124,126,125,116,116,108,108,113,128,97,139,135,123,126,131,127,117,134,118
20150628,2,PM2.5,122.8,112.7,120.5,111.8,116.5,114.1,133.2,160.7,102.3,,120.8,113.8,106.3,101.7,101.9,74.1,81.6,128.4,129.4,97,82.9,110.3,142.3,137.6,174.5,105.3,118.2,89.6,89,118.8,112.1,104.6,106.5,115,98.3
20150628,2,PM10,,,,,,,,,,138.5,,,,110.9,,,,,,126.2,,,,,,,,,,,,,124.1,124.5,99.6
20150628,2,AQI,140,139,136,128,134,136,135,128,138,79,133,142,128,135,134,126,127,132,131,120,119,113,115,120,136,101,140,136,127,131,135,130,121,138,122
20150628,3,PM2.5,115.3,109.5,115.4,98.4,111.7,101.8,123.1,124,72,,108.2,110.8,98.1,99.6,92,77.8,90,115.9,117.9,107.7,84.6,108.3,148.5,129.2,167.1,95.5,130.1,96,96,106.6,111.4,104.7,104.9,111.3,83.9
20150628,3,PM10,,,,,,,,,,84.4,,124.5,,,,,,,,121.1,,,,,,,,,,,,,107.2,,
20150628,3,AQI,144,142,140,132,138,139,139,133,141,81,137,147,131,138,136,127,130,136,136,123,122,117,122,125,143,105,141,138,130,135,139,134,125,142,124
20150628,4,PM2.5,98.3,89.5,109,93.7,100.3,94,116.4,112.2,71.1,,100.1,113.3,103.8,94.5,87.3,100.3,87.3,94.5,110.2,111.4,89.2,109.4,152.7,124.7,133.2,97.8,126.1,116,104.9,107.9,90.6,87.8,92.9,98.4,90.3
20150628,4,PM10,,,,,,,,,77.7,107.4,101.3,133.1,119.1,,98.4,,,,,119.1,,,,,,,,,,,,,,,119.5
20150628,4,AQI,148,145,144,135,141,142,144,139,144,82,141,151,135,141,138,129,133,140,141,127,126,122,129,131,149,110,142,140,134,139,142,136,128,145,128
20150628,5,PM2.5,105.9,104.8,104.2,87.4,110.9,110.5,104.8,104.6,81,,106.6,112.9,114.6,92.7,111.1,116.4,116.7,84.7,107.3,111.3,83.9,106.4,154.5,118.1,126,94.7,132.1,120.6,104.6,108.1,95.2,99.1,82.1,106.6,105.1
20150628,5,PM10,,,,,,,,,113.3,94.9,111.8,,,,128.5,,,,,113.7,,,,,,,,,,,122,,102.7,133.6,145.6
20150628,5,AQI,151,148,147,136,145,145,147,143,148,84,146,156,139,144,141,132,138,143,145,129,129,127,137,136,154,114,142,142,137,143,145,140,130,149,132
20150628,6,PM2.5,125.6,130.6,118.8,129.6,128.4,126.4,101.8,90.2,100.7,,100.4,111.5,109.1,104.9,120.7,134.1,149.7,85.8,113.6,115.6,93.1,103.4,157,111.9,109.7,95.9,136.4,139.2,114.8,116.3,118.6,116.1,99.2,124.4,117.9
20150628,6,PM10,,,,,,,,,102.8,128,,,,105.3,137.1,,,,,,,,,,,,,,,,148,,133.2,147.3,188.6
20150628,6,AQI,157,154,151,141,150,150,151,147,152,85,150,161,143,147,144,137,144,146,150,132,132,131,144,140,158,118,142,144,141,147,149,144,134,153,137
20150628,7,PM2.5,135.5,134.3,126.3,118.9,140.5,142.6,113.9,94.7,104.6,,108.7,108,109,118.9,132.7,144.2,159,97.6,109.2,130.6,98.7,110.6,152.6,108,93.6,86.9,144.9,147.7,124.5,118.7,124.6,124.9,114.5,125.2,137.6
20150628,7,PM10,,,,,,,,,,154.3,,,,,135.6,,,104.5,,148.7,98.8,,,,,,,,,,152.7,,156,138.2,171.6
20150628,7,AQI,163,159,156,145,156,156,155,150,157,88,154,166,148,151,147,142,151,149,154,135,136,135,151,143,160,122,144,145,144,151,155,148,139,158,143
20150628,8,PM2.5,148.5,149.7,128.5,135.1,148.5,155.1,129.7,101.3,97.7,,115.5,119.1,124.1,132.9,149.2,152.4,169.1,125.2,104.5,131.4,123.8,122.1,134.4,103,90.7,97.1,148.8,144.8,145.8,129,143,138.1,120.8,140.7,147.8
20150628,8,PM10,,,,,,,,,,134.8,122.2,,,,152.6,,,,,158.1,,132.1,,,,,,,,,150.3,,147.6,163.8,174.1
20150628,8,AQI,169,164,162,151,163,163,161,154,162,90,159,171,152,154,150,145,159,154,159,138,141,141,157,146,162,126,145,144,149,157,161,154,143,164,149
20150628,9,PM2.5,163.1,163.7,148.2,146.3,162.4,166.5,142.3,113.3,102.3,,128.4,127.8,134.1,143.1,150.5,155.7,172,133.4,115.5,123.6,134.1,122.2,125.3,102.9,102.2,98.2,123.1,158.9,151.9,139.5,152.4,151.8,132.3,156.6,151.6
20150628,9,PM10,,,,,,,,,,142.4,,,,145.1,,,,,,,,,,,,,,,,,177.9,,156.7,169.7,166.7
20150628,9,AQI,173,168,167,156,170,168,168,159,167,91,165,176,157,155,153,148,168,159,164,138,147,146,163,149,164,130,144,145,150,161,164,158,148,168,154
20150628,10,PM2.5,173.6,173.7,156.2,160.2,172.8,176.5,154.3,125.6,115.6,,134.9,137.4,147.6,151,155,175.8,175.5,136.7,123.3,103.1,130.7,128.2,122.9,114.8,108.2,87.5,126,160.2,159.2,145.5,167.7,158,149,175,163.2
20150628,10,PM10,,,,,,,,,,158.1,,,,,,,,,,122,,,,115.9,,,,,,,179.5,,161,,
20150628,10,AQI,178,173,171,161,176,174,174,164,170,92,169,180,162,157,155,152,174,165,168,137,153,151,168,152,168,134,146,147,152,165,168,162,152,173,159
20150628,11,PM2.5,193.3,187.1,175.9,174.8,186.7,190.9,169.5,146.7,140.1,,145.5,151.1,156.1,164.5,159.7,170.4,172.2,149.3,126.1,95.9,138.1,135.5,128.2,138.6,112.3,95.3,121.4,160.5,154,151.7,180.4,174.7,161.6,183.8,170.8
20150628,11,PM10,,,,,,,,,,183.8,,,,173.2,,,,,,101.3,,,133.9,,,,,,,,195.3,,181.7,,185.8
20150628,11,AQI,184,178,176,165,183,179,180,170,171,93,172,183,166,161,158,155,179,170,171,136,159,157,172,158,172,137,146,149,154,168,173,166,157,178,163
20150628,12,PM2.5,206.5,191.2,197,185.7,196.1,197.2,195.7,190.6,169,,163.9,167.6,166.8,164.9,168.1,173.7,198.2,173,136.2,110.4,135.5,129,118.4,156.8,119.2,98.1,117.5,172.1,146.9,157.8,184.7,179.7,170.3,186.2,179.6
20150628,12,PM10,,,,,,,,,,181.1,,,,,175.3,,,,,123.9,,,,,,,,,,,211.2,,195.7,,192.2
20150628,12,AQI,190,182,182,170,189,184,187,176,175,94,176,187,171,164,161,158,184,176,173,137,161,160,175,164,174,139,146,152,155,171,178,171,162,182,168
20150628,13,PM2.5,207,201.2,198.2,181.9,205.4,199,212.4,236.5,213.9,,180.3,189.7,165.4,162.6,167.9,167.8,199.2,197.1,158,119.6,161.7,135.3,105.3,167,131.7,109.2,132.7,166.8,131,149.7,194.6,178.6,184.2,185.3,191.5
20150628,13,PM10,,,,,,,,,,181.8,,,,,,,,,,152.2,,,,,,,,,,,217.8,,194.4,,214.5
20150628,13,AQI,194,186,186,174,195,188,194,184,182,112,181,192,175,166,163,160,189,181,176,137,165,162,174,170,175,140,148,155,155,173,181,174,167,185,172
20150628,14,PM2.5,202.8,181.7,182.3,161.1,204,185.2,201.3,267.4,245.7,,149.2,177,135.6,138.5,148,162.8,202.3,203.9,159.6,112.3,186.9,142.3,127.7,199.5,168.3,112.6,142.1,171.1,110.2,144.5,172.3,161.8,170.2,163.4,175.4
20150628,14,PM10,,,,,,,,,,128.6,,,,,,,,,,130.3,,,132.3,,171.6,,,,,,,,175,,
20150628,14,AQI,197,188,190,175,198,191,199,194,191,117,182,196,175,167,163,162,192,187,180,138,171,165,175,175,178,141,150,159,154,174,182,175,170,186,175
20150628,15,PM2.5,172.1,154,151.7,141.1,177.2,160.5,142.1,268.8,216,,119.2,134.5,121.3,106.9,148.2,150.7,195.5,210.7,139.4,123.3,193.4,145.2,160.3,209.9,189.5,123,150.3,168,115.1,120,148.9,137,141.6,144.5,149.2
20150628,15,PM10,,,,,,,,,,51.2,,,,,,,,,,155.3,,,,,,,,,,,,,,,182.6
20150628,15,AQI,198,187,189,174,200,191,199,202,196,99,181,197,174,165,164,163,194,192,181,139,176,167,178,181,183,143,153,162,154,173,182,174,170,185,175
20150628,16,PM2.5,128.4,112.8,108.3,102.1,131.1,162,115,255.5,190.4,,122,124.3,127.6,117.4,125.9,158.6,174.9,200.5,117.7,114.4,198.7,148.6,182.9,209.3,199.1,128.3,131.7,170.5,,112.8,111.2,103.8,99.2,111.9,161.3
20150628,16,PM10,,,,,,,,,,83.4,,,,,,,,,,148.8,,,,,,,,,,,,,,,165.5
20150628,16,AQI,196,185,186,171,198,191,196,207,198,106,179,195,173,165,164,166,195,197,181,186,180,168,184,187,189,145,155,165,,172,180,172,167,182,177
20150628,17,PM2.5,126.6,119.1,133.6,119.3,122.2,129.4,131.1,217.2,198.7,,126.5,133.5,128.2,118,124.6,155.6,169.6,180.9,122,121.3,173.1,165.9,187.2,184.6,194.4,135.8,149,180.2,,124.3,124.5,118.6,109.7,122.6,141.4
20150628,17,PM10,,,,,,,,,,96,,,,124.6,139.7,,,,,159.5,,,195.7,,,,,,,,,,126.4,125.1,
20150628,17,AQI,194,183,185,170,196,190,194,209,199,111,177,192,173,165,164,168,197,199,179,141,182,170,189,190,194,146,158,168,,172,178,171,165,181,177
20150628,18,PM2.5,144.3,131,135.1,128.2,138.4,149.1,146.2,183.9,194.6,,127,135.5,132,115.6,153.4,165.7,180.3,149.7,122.7,125.3,163.7,157.2,177.9,160.5,168.9,131.5,144.1,121.5,,135.5,133.4,128.6,121.2,133.7,158.8
20150628,18,PM10,,,,,,,,,,112.4,141.1,,,134.4,194.7,,,,131.3,152.2,,,,,,,,,,,245,,131.1,186.7,295.4
20150628,18,AQI,194,183,184,170,195,190,193,210,199,116,176,191,173,165,166,171,200,199,177,142,183,171,195,191,198,147,161,168,,172,178,170,164,180,179
20150628,19,PM2.5,180.4,164,140.1,147.8,159.4,190.5,142.6,189.7,195.9,,130.8,145.2,137.2,131,159.8,133.3,184.8,139.5,127.8,130.2,180,167.4,159.1,136.5,136.9,131.4,154.8,138.3,122.1,136.5,162.8,161.2,130,156.7,181.2
20150628,19,PM10,,,,219.6,,,,,,179.6,161.2,,149,183.1,164.7,,,,151.1,170,,,,,,,,,136.4,,217.8,189.9,223.1,215.7,
20150628,19,AQI,195,184,183,171,195,193,192,212,199,108,176,190,174,166,168,171,202,198,176,143,184,174,198,190,198,148,164,170,154,172,179,172,163,181,181
20150628,20,PM2.5,180.2,170.2,169.9,177.6,182.1,155,161.4,181.6,205.5,,132.2,150.3,146.7,157.4,142.8,127.2,167.2,135.8,133.5,143.6,163.4,157.5,147.7,150.9,132,120.1,160.3,147.5,145.6,129,167.8,162,160.5,176.6,146.7
20150628,20,PM10,,,,196.5,,,,,,261.2,172.6,194.5,150.1,224.5,151.1,,,,167,,,,,,,,,,177.5,,184.3,171.4,240.6,208.6,158.5
20150628,20,AQI,196,185,185,173,196,194,192,213,201,102,176,189,174,168,170,171,203,196,175,146,184,175,199,191,196,148,167,174,156,171,180,173,164,183,181
20150628,21,PM2.5,177.3,175.4,173.9,171.2,172.5,164.7,182.6,203.7,226.4,,144.5,161.2,150.7,172.4,166.3,139.5,153.1,194.6,138.6,125.1,147.6,166.7,133.8,184.9,136.5,114.2,129.4,149.4,171.8,141.4,172.4,169.1,154.7,179.6,154.3
20150628,21,PM10,,,,179.7,,,,,,239.6,181,221.8,,181.3,,,,,186.5,,,,,,,,,,172.4,173.2,188.2,178.1,202,206.9,183.1
20150628,21,AQI,198,187,186,175,197,195,193,216,204,94,175,188,175,170,173,174,203,198,174,147,183,176,198,193,194,147,169,178,159,172,182,175,165,185,182
20150628,22,PM2.5,207,199.6,195.7,187.9,195.3,190.5,204.1,204.6,229.4,,159.7,209,169.9,175.1,177,146.9,156.6,175.5,156.7,110.3,160.7,159.9,141.9,177.8,156.1,143.1,117,154.5,163.4,154.5,190.6,180.9,170.4,195.1,173.1
20150628,22,PM10,,,,,,,,,,179.2,205.3,239.4,188.4,193.5,,,,,200.8,,,,,,,,,,166.6,208.6,,,186.7,,
20150628,22,AQI,202,192,191,180,200,199,195,219,206,95,174,189,176,172,178,178,202,199,174,147,183,176,195,196,193,147,171,183,162,172,186,179,169,189,186
20150628,23,PM2.5,207.3,200.1,183,168.4,207.2,188.9,202.6,205.2,231.3,,198.5,211.3,189.3,147.8,165.6,141.7,153.4,183.4,172.5,116.6,153.1,147.5,183.5,174.8,186.8,141,120.1,149.3,172.4,182.8,190.5,167.6,169.9,180.4,170.4
20150628,23,PM10,,,,,,,,,,137.9,215.3,,,157.8,,,,,213.9,125.2,,,194,,,,,,,198.4,,167.9,174.9,,170.7
20150628,23,AQI,207,198,195,184,204,203,200,221,209,96,176,191,178,173,183,182,204,200,174,150,182,175,196,199,193,147,173,187,166,175,192,183,173,194,191
