date,hour,type,dongsi,tiantan,guanyuan,wanshouxigong,aotizhongxing,nongzhanguan,wanliu,beibuxingqu,zhiwuyuan,fentaihuayuan,yungang,gucheng,fangshan,daxing,yizhuang,tongzhou,shunyi,changping,mengtougou,pinggu,huairou,miyun,yanqing,dingling,badaling,miyunshuiku,donggaocun,yongledian,yufa,liulihe,qianmeng,yongdingmengxi,xizhimengbei,nansanhuan,dongsihuan
20150503,0,PM2.5,62.9,44.9,61.4,46.7,89.1,54.7,75.3,45,76.1,45.8,36.7,47.1,56.3,59.8,63.2,137.1,146.8,59.1,32.2,104.9,94.7,88.2,21.8,68.5,60.3,68.3,105,129.3,75.3,65.5,63.9,60.5,87.7,68,68.7
20150503,0,PM10,80.5,74.8,120,75.2,155.1,80.6,105.2,76.7,104.2,82.3,39.4,143.2,76.4,61.4,64.2,,,80.6,36.5,109.2,110.1,93.9,80.1,79,,,115.8,,,,111.2,96.4,160.8,126.4,
20150503,0,AQI,61,59,65,60,71,63,73,73,72,69,62,65,63,59,64,80,75,73,64,64,77,71,64,80,86,65,52,80,64,72,67,63,73,103,78
20150503,1,PM2.5,82.9,46.8,86.1,50.2,111.4,73.1,91.5,41.2,85.6,72.4,32.3,43.4,52.4,66.6,116.9,145.7,136.7,62.8,27.3,85.5,85.8,90.1,23,67,52.8,68.1,114.7,126.2,91.7,67.6,72.9,60.9,101.3,68.8,113.1
20150503,1,PM10,127.3,69.5,138.7,59.1,148.5,100.8,119.5,61.2,92,200.3,56.8,97,71.2,,137,,,90.1,,91.6,86.1,,44.6,76.4,,69,,,,71.8,120.8,86.2,154.8,96.2,181.7
20150503,1,AQI,64,60,67,60,73,65,73,72,75,71,61,67,64,61,67,81,81,73,64,66,79,74,64,81,86,66,54,85,67,71,68,64,74,105,84
20150503,2,PM2.5,119.5,65.8,113.4,80.2,117.6,115.6,111.8,40.2,82.2,104.8,41.5,41.6,55.8,100.9,134.8,146.5,140.8,64,32.5,85,85,90.4,21.6,50,48.8,72.1,105.9,134.2,104.9,63.3,106,92.1,120.5,79.2,138.5
20150503,2,PM10,142.2,79,145.3,104.6,133.7,133.4,124.4,59.8,,131.1,54.7,70.8,86.2,,,150.9,,69.3,33.4,,,,48.6,54.1,,,,,,74,145.9,129.9,144.2,120.9,
20150503,2,AQI,69,61,69,61,75,69,74,71,77,74,61,66,66,64,73,87,86,75,64,69,82,77,64,81,85,68,59,90,71,71,70,67,76,107,91
20150503,3,PM2.5,137.1,104.9,116.1,110.3,128.7,130.6,86.4,41.2,57.8,122,41.7,57.5,55.1,119.7,125.5,143.2,141.5,37.8,34.1,90.1,90.7,87.1,26.2,76.2,37.6,69.2,107.1,128.8,112.9,59.4,126.7,129,109,128.7,153
20150503,3,PM10,140.3,135.6,131.4,116.9,141.7,132.2,90.4,46.6,,136.8,58,75.3,64.5,,,,,136.4,,,,89.7,38.3,339.6,,,,,,79.3,143.2,144,132.5,140.3,159.2
20150503,3,AQI,74,62,72,62,77,74,76,71,78,78,62,66,67,68,78,92,92,75,65,72,85,79,64,83,84,70,138,95,75,73,74,72,78,111,98
20150503,4,PM2.5,133.2,124.5,97.5,110.6,116.6,131.9,51.3,43.5,57.9,102.5,46.7,45.8,88.6,107.3,119.2,136.1,142.4,81.9,38.4,100.4,91.3,78.8,5.4,80.8,92,78.2,96.6,121.5,106.9,52,136.4,129.2,105.1,129.9,156.8
20150503,4,PM10,,,,,,,140.5,,77,,51.9,53.5,,,129,,,319.8,,,,,18.5,438.4,231.1,,,,,,,,107.2,,
20150503,4,AQI,79,64,75,66,82,79,77,72,79,81,61,65,70,72,82,98,97,77,65,76,88,82,63,84,86,72,68,100,78,74,79,76,81,115,104
20150503,5,PM2.5,105.4,82.8,75.4,68.1,77.8,96.1,51.1,107.7,75.4,79.2,69.8,71.3,79,97.9,123.2,135.7,120,90.5,70.8,97.5,85.2,76.7,13.3,80.1,154.9,73,82,115.5,103.2,46.5,87.9,97.7,76.9,174.3,174.5
20150503,5,PM10,210,,240.8,,189.5,,103.6,142.4,76.6,,109.4,91,,,,,,356.5,348.3,,,,189.6,429,413.3,,,,,,109.6,208.9,285,,361.3
20150503,5,AQI,83,67,77,68,84,82,77,76,81,83,62,66,72,74,86,103,102,83,67,79,91,84,67,91,91,74,72,104,82,76,82,79,84,122,111
20150503,6,PM2.5,83.4,74.9,93.9,72.3,83.5,79,79.9,99.5,70.6,119.5,90.3,98.7,106.2,85.5,110.8,116.1,53.2,91.3,65.9,74.5,68.6,91.9,28.6,86.5,147,83.2,75,124.2,103.8,39.1,83.9,103,83.9,136.8,171.2
20150503,6,PM10,430.4,357.8,369.9,299.3,352.4,343.6,279.3,278.1,200.5,285,369.3,265,215.1,96.2,,,58.5,345.9,359.9,168.1,,121.2,259.6,397.6,310.3,162.1,,168,113.8,55,357.5,432.6,406.7,254.5,401.6
20150503,6,AQI,85,69,80,70,86,84,80,80,83,87,69,70,75,76,90,107,102,89,73,82,93,86,71,98,96,76,75,108,85,76,85,83,91,127,117
20150503,7,PM2.5,65,59.2,66.2,52.4,68.6,71.6,62.6,64.2,39.3,96.2,67.1,46.8,93.1,88.8,90.3,68.1,27.8,36.8,41.9,74.6,32.1,75.2,21.7,57.1,73.8,71,80.9,113,109.6,48,68.5,121.2,38.6,116.2,143.8
20150503,7,PM10,336.4,290.5,244.9,273.4,328.6,329.4,249.8,191.8,195.2,302.1,272.5,204.3,241,269.6,362.6,,130.8,244.3,218.5,352.9,115.9,218.9,167.8,277.9,204.3,182.4,226.9,,,148,295.2,338.2,285,268.4,344.7
20150503,7,AQI,86,75,83,72,90,86,83,82,83,90,73,73,78,78,92,108,102,92,77,84,93,88,74,102,96,78,78,112,88,77,86,87,95,131,121
20150503,8,PM2.5,35.9,31.5,44.9,32,41.2,44.7,50.7,43.4,37.8,39.8,33.2,36.9,64.8,71.4,50.8,48,21.3,30.5,24.3,66.1,48.9,43.7,5,46.3,36.2,42,77.5,54.9,88.3,66.5,43.3,71,38,73.3,107.8
20150503,8,PM10,233.8,206.7,148.2,176.6,187.7,215,165,116.6,254.9,131.7,152.4,132.5,154.8,166.3,241.4,142.8,97.9,150.7,120.1,370.2,87.5,98.7,103.4,173.5,134.9,144.5,266.5,202.7,,,229.6,235,197.1,162.8,245.2
20150503,8,AQI,88,78,85,75,93,86,84,82,82,89,75,75,78,80,92,109,101,94,79,87,93,88,74,104,98,78,82,112,91,79,87,88,97,132,122
20150503,9,PM2.5,25.2,24,28.2,18.7,25.4,32.3,28.7,29.4,22.4,23.7,14.8,25.4,26.2,,34.2,34.3,14.9,27,13.7,49.2,32.3,30.1,3,,24.8,40.3,56.6,32.5,48.4,49.8,30.6,49.5,16,56.2,57.1
20150503,9,PM10,153.6,157.9,109.8,122.5,151.1,138.1,120.5,87,87.9,102.6,104.7,83.1,85.5,,173.6,132.7,80.5,108,58.3,270.9,81.6,106.6,43.6,,96.9,120.6,239.6,184.7,99.2,,169.6,172.1,144.2,133,141.9
20150503,9,AQI,89,80,86,76,94,85,84,81,82,88,76,75,76,79,92,108,99,94,78,91,92,86,74,,96,78,84,112,91,79,89,90,98,132,120
20150503,10,PM2.5,22,18.1,27.2,14.2,19.3,21.7,28.3,16,4.5,19.6,15.1,22,31.9,41.8,22.6,21.2,11.9,18,15.7,33.4,23.9,13.8,3,8.3,36,27.9,32.3,22.7,19.6,35,29.9,52.1,26.6,38.4,
20150503,10,PM10,112,121.8,101.9,101.7,101.7,103.4,80.6,82.1,55.1,92.9,73.2,52.2,166.3,105.1,121.3,55.8,145,81.8,23.8,162.9,66.4,95.6,114.6,67.6,103.8,68,139.5,141.1,87.4,53.1,125.7,118.3,125.7,116.5,111.1
20150503,10,AQI,90,81,87,77,95,85,85,79,82,86,75,75,75,79,90,107,98,94,77,92,91,85,74,105,98,77,85,112,89,78,90,90,99,130,120
20150503,11,PM2.5,23.1,13.7,23.3,8.2,20.5,21.5,26,31.5,22.9,20.6,10.7,22.5,17.6,12,12.3,11.6,5.3,30,7.9,20.4,9.6,14.6,3,7.8,25.5,11.5,17,15.1,8.4,18.9,19.9,57.4,15.1,53.5,
20150503,11,PM10,88.3,89.3,71.8,77.4,93.7,96.1,75.8,63.3,66.4,74.8,58.9,49,87.3,89.6,106.3,130.9,47.8,72,16.4,96.3,35.8,65.1,104.9,55.9,69.3,40.5,87.8,80.5,53.9,43.7,103.5,93.2,139.3,76,50.4
20150503,11,AQI,91,81,87,77,95,85,85,79,81,84,75,74,76,78,89,107,95,94,76,94,89,84,75,105,98,76,85,112,88,75,90,91,100,129,120
20150503,12,PM2.5,20,11.5,22.7,9.8,12.9,21,22.4,8.1,16.4,21.1,7.5,17.6,10.1,3,11.4,7.7,3.7,19.9,6.3,11.5,6,11.8,4.3,19.5,22.3,4.5,9.9,15.7,15.3,24.3,19.7,36.6,16.8,26.2,
20150503,12,PM10,66,62.7,29.3,60.3,75.9,58,47.9,50.5,,46.7,30.4,32.6,30.7,47,68.2,53.7,11.6,54,7.5,55,50.2,49.1,73.5,64.4,55,22.6,54.8,70.9,55.6,,66.2,77.7,74.6,77.4,60.5
20150503,12,AQI,90,80,85,77,95,84,84,78,81,82,74,73,75,76,89,107,94,94,74,91,87,83,74,104,97,75,85,111,88,73,89,90,99,126,120
20150503,13,PM2.5,15.3,5.4,17.1,7.4,8.6,22.3,17.9,26.7,15.8,31,9.9,19.7,18.4,27.9,19.6,21.7,10.4,9.5,7.1,13.4,3,7.4,3,14.7,23.3,6.3,8.3,13.1,25.8,30.2,17.4,25.9,9,45.1,
20150503,13,PM10,49.8,36.6,,,49.3,63.9,,39.9,,,55.2,31.2,47.6,40.4,34.5,140.8,43.8,47.1,9.8,46.6,27.5,29.3,11.4,37.6,43.1,18.1,72,69.1,33,59.9,37.7,67.9,53,,40.9
20150503,13,AQI,88,80,85,78,93,84,84,77,81,83,73,71,75,76,89,107,92,93,72,89,84,81,73,103,95,73,85,109,88,72,88,90,97,123,122
20150503,14,PM2.5,17.3,13.4,17.1,3,13,9.7,10.7,24.9,6.5,27.2,19.2,10.8,16.3,30.6,3,23.4,12.2,13.3,3,7.9,13,34,3,15.2,16.1,7.2,12.2,18.2,8.6,18,23.8,25.7,15,27.5,
20150503,14,PM10,25.4,17.8,47.5,13,18.2,15.7,47.5,78.3,55.6,44.6,58.5,48.7,50.7,76,5,,26.4,42.1,23,35.5,36.4,,5,16.4,28.7,,29.8,103.2,33.8,22.2,,53,62.1,,115.9
20150503,14,AQI,88,79,84,76,91,83,82,75,78,83,72,70,75,77,87,106,91,91,70,89,82,80,71,101,92,71,84,107,87,69,90,90,96,113,126
20150503,15,PM2.5,10.3,35.1,15.7,21.9,14.3,16.6,11.8,19.6,3,19.4,12.2,19.2,16.3,8.6,15.1,20.8,13.2,10,12.6,15.7,19.3,21,3,3.9,96.5,15.9,11,17.7,19,11.4,12.4,16.2,18.1,18.2,
20150503,15,PM10,44.1,57.3,66.6,47.4,61.7,48.8,49.8,51.1,20.3,66.1,64.5,54.6,38,138.8,47.9,39.7,16,51.8,19.9,29,22.1,38.6,26.3,23.4,,,32.7,52,74.2,31,53.1,54.6,77.3,87.6,73.2
20150503,15,AQI,88,79,85,76,91,83,81,73,76,81,72,69,74,76,86,105,89,89,68,89,77,79,70,98,93,69,83,105,86,66,90,90,96,105,130
20150503,16,PM2.5,13.3,19,14.5,16,13.6,10.3,9.8,13.8,40.9,24.1,18.6,26,19.9,12.5,10.9,20.4,9.2,18.9,15.1,14.1,8.3,27.2,3,11.5,43.5,17.7,8.9,66.3,16.4,33.1,19.7,28.1,12.1,22.4,
20150503,16,PM10,55.5,75.2,42.1,58.9,68.8,56.8,42.9,66.7,,157.9,94.2,40.7,52.6,98.6,28.3,53.2,,73.1,,75.2,25.8,30.8,5,24.9,,25.3,27.7,140.1,80.1,88.2,47.4,122.8,67.3,147.7,57.9
20150503,16,AQI,88,80,84,76,91,83,81,72,77,84,73,69,74,74,84,103,88,88,68,90,74,77,68,96,94,67,83,105,84,65,89,91,96,101,134
20150503,17,PM2.5,7.1,6,13.9,13.2,13.9,15.3,17.6,20.7,13.4,22.8,15.1,22.1,21.5,27.3,12,13.6,9.6,10,14.3,14,4.4,7.2,16.1,3,12.9,7.4,9.6,23.8,10,3,16.3,18,23.8,22.8,
20150503,17,PM10,41.6,47.4,30.6,28.1,39.4,61,32,31.9,13.6,58,42.3,27,50.2,129.2,75.6,38.8,13.3,39.7,,87.8,16.1,30.2,41.7,14.1,20.7,9.3,47.3,88.8,41.4,5,36.7,46.3,63.1,53.2,42.8
20150503,17,AQI,87,79,83,75,89,82,79,71,75,83,71,67,74,74,82,101,86,87,68,90,71,75,67,93,91,65,81,104,81,62,88,91,96,99,137
20150503,18,PM2.5,11.3,4.6,11.7,7.3,12.9,8.2,74.6,13.9,3,10.2,12.7,19.3,13.4,3.9,15.1,19.5,6.9,3,14.8,15.8,7.3,14,11.1,10,28.1,3.1,10.3,23.9,23.4,8.8,17.6,23.7,16.3,26,
20150503,18,PM10,26.8,26.2,24.2,17.4,26.2,26.9,,22,14.1,28.8,21.7,43.5,17.7,51.4,31.1,,18.5,18.4,,65.9,8.4,,,16.7,,11.9,61,77.7,41.6,22.9,28.8,44.5,46.2,47.3,5.2
20150503,18,AQI,86,78,82,74,88,81,79,69,73,81,69,66,72,73,79,98,83,86,67,90,69,73,65,92,91,63,79,102,80,60,87,90,95,96,140
20150503,19,PM2.5,11,9.4,10.2,11.4,9.1,9.4,91,3,18.8,13.7,8.1,14.7,6.4,13.4,5.6,11.3,7.1,3,3.5,8.9,7.6,3,21.5,14.5,20.1,7.1,7.6,13.3,17.1,11.7,12.8,20.4,3,15.8,
20150503,19,PM10,22.7,18.4,15,12.6,19.2,19.2,,29.5,,27.3,23.1,25.4,17.7,54.8,10,,13.4,16.3,5,54.1,13.7,17.2,,,,17.1,49.8,55.6,22.4,,19.6,,32.2,45.9,42.4
20150503,19,AQI,85,77,80,73,86,80,79,68,73,80,67,64,70,73,76,95,80,84,65,89,66,70,65,93,91,61,77,98,78,58,85,91,93,94,144
20150503,20,PM2.5,10.1,9.7,10.7,6.4,8.3,8.7,56.3,16.5,3.6,26.1,5.1,16.9,14.3,3,11.4,13.8,6.2,19.7,10.7,11.6,14.9,3,3,8.7,23.5,7.5,10.1,14,16.9,6.8,6.9,12.6,13.6,17.8,
20150503,20,PM10,24.6,27.5,17.9,8.8,11.7,12.7,,33.1,9.2,,23.3,21.9,23.2,30.4,18.1,15.6,21.6,21.8,,38.2,35.7,26.4,18.8,20.9,,36,39.5,51,28,17.7,22.5,27.6,35.4,25.9,34.4
20150503,20,AQI,83,76,78,71,83,78,80,66,70,80,66,62,68,72,74,92,76,82,65,87,63,66,64,90,92,59,75,95,75,55,83,90,91,86,149
20150503,21,PM2.5,15,11.4,13.8,5.3,8.2,6.5,35.1,5.5,3,25.2,9.1,10.1,18.5,3,9.7,11.4,7.2,6.3,4.1,6.4,8.6,12.5,12.4,7,18.7,15.6,13.1,15.6,9.5,11.8,8.9,18.5,17.6,24.7,
20150503,21,PM10,30.4,34.9,20.5,40.1,45.3,39.1,36.2,31.1,29.5,36.2,21.9,25,53.6,21.5,14.9,58,35.2,31.7,23.9,43.3,64.1,47.2,38.2,38.3,29.4,62.3,52.4,62.6,31.4,47.3,27.9,34.3,39.2,42.1,67.2
20150503,21,AQI,82,74,76,69,82,77,78,64,69,79,65,62,66,71,71,88,72,80,66,85,59,63,62,89,90,58,74,89,72,54,81,88,89,84,154
20150503,22,PM2.5,19.3,10.6,12.7,8.8,8.1,14.4,7.7,11.6,3,15.4,4,8.3,15.7,26.2,18.7,7.3,13,7.6,3.7,14.8,8.5,15.4,3.9,6.1,6,10,14.1,18.4,12.8,17.9,11.4,16.2,14.9,16.1,
20150503,22,PM10,40.9,50.8,28.3,16.5,44.6,53.8,34.8,43.8,37.2,29.4,18.3,20.9,50.5,,46.4,41.4,54.3,44.3,11.1,114.8,63.9,62.6,23.1,49,37.5,48.4,77,60.3,69.3,49.2,37.6,41.3,38.1,20.3,143.6
20150503,22,AQI,82,74,76,68,81,76,76,64,67,78,65,62,66,72,70,83,68,79,65,85,55,62,61,88,89,58,73,84,70,53,80,87,88,82,161
20150503,23,PM2.5,9.5,14,13.4,64.1,7.4,10.6,29.9,17.1,8.9,8.2,12.2,13.6,25.7,13.4,6.9,8.9,10.6,17.3,8.9,11.2,9.4,16,3,10.2,11,7,11,19.7,10.9,5.7,14.1,18,4.8,17.5,
20150503,23,PM10,49.1,93.2,36,,53.7,57.3,64.8,50.1,31.6,48.1,30.4,43.7,57.2,34.1,81.3,87.4,65.7,32.1,,84.7,21.1,68.3,8.3,22.4,,52.4,88,70.6,23.6,45,41.9,59.3,48.1,76.3,55.7
20150503,23,AQI,81,74,75,68,80,75,76,63,65,78,65,62,65,71,70,76,63,78,67,84,51,61,59,87,89,58,73,78,67,52,78,86,86,80,170
20150503,0,SO2,2,2,2,2,2,2,2,8.8,3.3,2,2,2,2,2,2,4.9,3,2,2,3.9,3.6,2.9,2,2.2,2,4.3,3.4,6.8,2,4.4,2.8,2.6,4.6,3.4,2
20150503,0,NO2,48.9,37.9,64.9,49.7,96.5,46.5,66.7,66.1,32,105.3,29.4,103.8,79,60.2,37.3,55.8,42,94.4,30.3,46.7,30.2,54.9,32.6,27.9,36.1,12.3,18.5,62.6,19.7,39,101.3,77.1,101.5,105,45.5
20150503,0,O3,61.3,45.7,41.7,54,31.9,80,42.3,9.1,82.7,2,67.9,2.5,18.1,46.5,76.7,45.9,41.4,6.9,63.9,61.7,58.7,57.5,75.2,71.5,59.1,125.9,80,21.3,43,51.1,21.9,43.3,25.6,12.4,68.6
20150503,0,CO,0.7,0.5,0.7,0.6,1.1,0.6,0.8,0.4,0.7,0.6,0.5,0.9,0.7,0.7,0.6,1.4,1.4,0.6,0.4,1.2,1.1,1,0.6,0.5,0.5,0.6,1.2,1.8,0.9,0.5,0.8,0.6,1,0.8,0.3
20150503,1,SO2,2,2,2,2,2,2,2,8.3,3,2,2,2,2,2,2,5.2,2.6,2,2,2.4,2.7,2.4,2,2.2,4.8,2.4,4.2,6.1,2,3.9,2.9,3.4,7.4,4.3,2.6
20150503,1,NO2,85.2,40.9,76.1,68.8,77.1,90.3,69.7,56.8,25.8,87.9,44.3,82.9,92.6,68.9,37,48.9,35.9,71.7,20.5,29.4,18.7,43.5,36.5,24.4,101.7,14.4,21.4,68.8,21.8,65,90.2,76.1,104.2,125.7,87.4
20150503,1,O3,17.3,20.4,24.1,24.3,34.1,26.5,30.1,2.4,64.7,2,46.7,13.1,2,45.9,56.9,41,25.4,20.6,74.6,53.5,64.4,59.9,47.9,57.3,18.4,84.2,66.6,10.8,22.6,10.3,19.8,31.1,17.6,2,14.4
20150503,1,CO,1.1,0.6,1,0.8,1.3,1,0.9,0.5,0.8,0.8,0.6,0.8,0.8,0.8,1.2,1.6,1.4,0.5,0.4,1,0.9,1,0.6,0.5,0.6,0.5,1.1,1.8,1.1,0.5,0.9,0.7,1.2,0.9,0.9
20150503,2,SO2,4.1,2,2,2,3,2,2,5,2,2,2,2,3.1,2,2,4.8,,2,2,2.2,2.2,2,2,2,3.3,2.2,3.3,5.8,2,4.1,2,3.7,4.9,5.2,6.1
20150503,2,NO2,76.9,57.5,57.9,68.4,72.5,81.8,60.3,59.7,26.6,70.1,35.1,47.5,90.2,50.5,48.9,50.2,26.2,51.8,21.2,30.4,14.7,58.8,36.4,12.2,59.6,12.9,18.9,73.5,22.1,71.1,74.6,94.3,70,124,65.3
20150503,2,O3,12.6,7.7,36.1,22.1,32.3,17.1,34.1,2,48.4,3.9,45.5,48.6,2,44.4,30,28.7,8.7,25.7,63.3,43.7,61.3,29.6,36.6,66.4,56.5,78.9,58.3,4.2,6.5,2,18.7,3.4,39.1,2,2.6
20150503,2,CO,1.4,0.7,1.3,1,1.3,1.4,1.2,0.5,0.7,1,0.5,0.8,0.7,1.1,1.3,1.5,,0.5,0.4,1,0.9,1,0.5,0.4,0.5,0.5,1,1.8,1.3,0.5,1.2,1.1,1.3,1,1.2
20150503,3,SO2,6.1,2,2.6,2,3,2,2,3.5,2,2,2,2,2,2,2,3.7,2.1,2,2,2.1,2.3,2,2,2,2.5,2,2,4.1,2,3.9,2,3.3,6.2,4.5,7.4
20150503,3,NO2,57.7,57.6,42.7,52.5,69.4,83.3,83.8,55.2,26.5,65.2,39.1,52.6,76.7,53.8,41.5,55.9,21.5,15.1,23.3,27.3,13.8,66.6,59.6,4,26.9,11.9,18.4,73,20.7,65.6,66.8,91.8,56.6,88.7,89.5
20150503,3,O3,22,21.1,52.2,38.8,35.4,4.8,6.2,2,53.8,4.1,37.9,37.9,2,23.4,28,8.4,,59.1,52.8,44.2,54.2,11.2,20.3,92.1,69.1,72,274.3,2,2,2,16.5,4.4,46.8,12.6,2
20150503,3,CO,1.2,1.3,1.2,1.3,1.5,1.5,0.9,0.4,0.4,1.2,0.6,1,0.7,1.3,1.3,1.5,,0.2,0.4,1,0.9,1,0.5,0.2,0.4,0.7,1,1.8,1.3,0.4,1.4,1.4,1.1,1.4,1.4
20150503,4,SO2,8.7,4.3,3,2.3,3.9,2.4,2,2.4,2,2,2,2,2,2,2,3.9,2.3,2,2,2.1,2,2,2,2,6.3,2,2,3.3,2,3.2,2.2,4.7,6.2,4.2,5.9
20150503,4,NO2,48.7,41.8,32,46.2,57.9,72,79.8,46.4,24.1,65.2,35.7,49.3,61.3,84.7,79.8,79.6,,8.6,16.8,22.9,12.8,51.3,25.8,6.8,17.7,11.2,22.3,70.4,17.9,61.1,50.8,52.3,40.6,77.4,98.2
20150503,4,O3,40.4,61.1,61.7,44.5,,17,3.9,,64,4,31.8,39.6,18.7,5.3,2,2,,60.6,65,55.4,48,24.3,47.5,88.3,77.7,76.4,20,2,2,,35.5,39.2,59.8,17.5,2.4
20150503,4,CO,1,1.2,0.8,1.2,1.2,1.5,0.6,0.4,0.3,0.8,0.5,0.6,0.8,1.3,1.4,1.7,0.8,0.2,0.3,1.1,0.9,0.9,0.4,0.2,0.3,0.8,1.1,1.8,1.3,0.4,1.4,1.3,0.8,1.4,1.4
20150503,5,SO2,4,2.9,2,2,2,3,2,5.3,2.6,2.2,2,2,2,3.3,2.8,3.7,2,2,2,2.8,2.1,2,2,2,6,2,2,3.2,2,2.9,2,3.8,3.7,4.9,3.7
20150503,5,NO2,14.8,22.2,18.7,23.5,13.5,29.4,49.8,15.4,20.1,43.5,9.1,10.5,35,75,74.6,76.9,,12.6,5.1,18.5,14.6,24.5,19.7,6.8,20.6,,20,70.6,14.4,54.1,18.8,35.4,20.4,61.1,36.4
20150503,5,O3,68.9,74.9,68.6,69.8,82.5,60.9,29.8,54.2,62.9,23.6,65.6,96.8,32,17.2,13.7,2,21.1,62.3,91.1,69.6,46.7,58.5,49.3,81.8,79.4,69.9,26.9,2,2,2,62.7,56.8,75.5,30.3,44.9
20150503,5,CO,0.5,0.5,0.2,0.4,0.3,0.7,0.4,0.3,0.2,0.3,0.3,0.3,0.4,1,1.3,1.5,0.7,0.2,0.2,0.9,0.9,0.7,0.3,0.2,0.3,0.6,1,1.7,1.2,0.4,0.5,0.5,0.3,0.7,0.6
20150503,6,SO2,3.5,2.6,2.9,2.2,2.5,2,2,4.4,2,2.5,2,2,2,2.7,2,7.7,2,2.2,2,3,2,2,2,2,5.7,2,2,3.1,2,2.7,2.2,4.2,4.4,4.6,2
20150503,6,NO2,15.4,19.3,16.9,17.6,16.4,14,20.9,16.1,7.5,32.9,6.8,6,16.3,51.6,19.8,52,7.6,16.4,4.8,15,7.1,6.9,50.2,8.9,22.6,3.4,24.8,75.6,33.7,41.2,18.7,31.2,25.1,57.7,18.4
20150503,6,O3,71.4,81.7,76.4,78.6,79.9,77.5,73.9,71.8,94.8,39.1,87.8,109.6,60.3,35.3,74.6,34.6,74.4,67,90.2,75.5,74.8,95.4,15.3,78.5,76.9,89,30,2,2.2,2.7,69.3,59.9,76.1,33.2,78.4
20150503,6,CO,0.3,0.3,0.2,0.3,0.3,0.2,0.3,0.3,0.2,0.2,0.2,0.2,0.3,0.6,0.2,0.9,0.3,0.3,0.2,0.4,0.4,0.2,0.4,0.2,0.3,0.3,0.7,1.6,1.3,0.5,0.3,0.3,0.3,0.4,0.2
20150503,7,SO2,3.3,2.2,2,2,3.2,2,2,5.5,2.2,2.8,2,2,2,2.7,2,2.6,2,2.6,2,2,2,2,2,3.1,5.8,2,2,5.2,2,2.5,2,4.3,2.9,4.2,2
20150503,7,NO2,15.5,25.2,17,14.8,16.5,19.3,20.6,17,7.8,43.2,9.8,8,19.2,34.3,19.7,28.7,11.2,19,6.4,14,6.3,8.4,16.8,9.8,22.7,2,15.1,65.4,47.6,31.3,20,40.7,32.2,57,41.2
20150503,7,O3,73.9,81.9,79.8,89.6,82.7,72.6,81.9,69.8,95.1,31.6,84.8,102.4,59.1,57,77.5,65.5,69.9,66.3,84.4,78.6,83.7,90.5,67.2,75.9,74.7,94.1,58.1,19.8,25,4.7,74.1,57.9,75.4,49.4,57.1
20150503,7,CO,0.3,0.2,0.2,0.2,0.3,0.3,0.3,0.3,0.3,0.3,0.3,0.3,0.3,0.3,0.2,0.3,0.2,0.3,0.2,0.3,0.2,0.2,0.3,0.3,0.2,0.3,0.3,1.1,0.8,0.5,0.3,0.3,0.3,0.4,0.3
20150503,8,SO2,4.9,2.8,2.7,2.5,4.4,2.7,2,4.2,3.4,2,2,2,2,2,2,2,2,2.1,2,2,2,2,2,2.1,3.3,2,2,2,2,4,2,4.3,5.2,5.2,3.6
20150503,8,NO2,12.3,22.6,15.2,13.6,14.6,17.8,20.5,16.7,8.5,25.2,9.1,8.5,20.9,32.5,16.5,26.7,11,15.7,5.4,9.1,7.7,9,10.7,8.3,20.5,2,6.3,52.9,27.7,46.9,18.2,34.3,26.9,46.8,40.1
20150503,8,O3,78.4,86.2,79,87.8,86,76.1,82.6,67.9,87.9,66.5,86.4,97.1,58,67.5,84.4,68.6,68.3,68,84.2,89.8,82.3,91.7,74.5,76,78.1,97.4,77.8,37.6,64.3,20.4,77,65.6,80.2,49.9,61.4
20150503,8,CO,0.3,0.2,0.2,0.2,0.3,0.3,0.3,0.3,0.3,0.2,0.2,0.3,0.3,0.3,0.2,0.2,0.2,0.3,0.2,0.2,0.2,0.2,0.3,0.3,0.2,0.3,0.2,0.7,0.4,0.5,0.3,0.3,0.3,0.5,0.3
20150503,9,SO2,3.8,2.4,2.2,2.4,2.9,2,2,5.2,3.1,3,2,2.5,2,2,2,2.4,2,2,2,2,2,2,2,,5.2,2,2,2,2,2.5,2,4,4.4,4.1,2.9
20150503,9,NO2,10.9,18,12.8,12.5,12.1,16.8,14.9,16.6,8.1,30.6,8.7,9.9,16.2,,15.1,19.8,11.9,15.5,6.8,9.4,8.2,7.1,6.5,,19.4,2,5.8,47.1,16.2,12.8,15.3,21.9,24.6,17.7,26.1
20150503,9,O3,81.5,92.9,82.5,88.1,91.4,80.2,93.6,68.8,90.2,58.8,86.3,97.2,63.2,,86.9,77.1,67.7,69.7,82.2,90.6,83.7,96.1,82.5,81.5,84.6,100.2,80.7,46.2,84.8,78.9,81.9,77,83,56.9,72.7
20150503,9,CO,0.3,0.2,0.2,0.2,0.3,0.3,0.3,0.3,0.3,0.3,0.3,0.3,0.3,,0.3,0.2,0.2,0.3,0.2,0.2,0.2,0.2,0.2,,0.2,0.3,0.2,0.5,0.3,0.2,0.3,0.2,0.3,0.4,0.3
20150503,10,SO2,4,2.9,2.6,3.3,3.6,2,2,5.5,2.2,3.2,2,2,2,2,2,2,2,3.4,2,2,2,2,2.1,2,7.3,2,2,2,2,5.1,2,4.4,5.5,5.6,2.5
20150503,10,NO2,11.3,19.5,14.8,12.6,13.3,19.1,13.9,17.6,7.8,20.6,7.3,10.9,12.2,18.5,14.1,22.7,12.3,17.5,6.6,9.3,7,8.1,12,2.4,22.5,2,5.6,40.8,17.3,13.5,14.9,19,31.7,25.5,17
20150503,10,O3,84.2,94.8,83.2,90,93.9,82.8,98.2,70.9,91.4,74,89.3,99.6,75.8,90.8,91.3,83.5,69.9,70.8,88,95.9,87.2,95.6,90,86.6,84.1,103.9,84.9,55.6,87,86.8,85.1,81.7,83,51.4,85.3
20150503,10,CO,0.3,0.2,0.2,0.3,0.3,0.3,0.3,0.3,0.3,0.3,0.3,0.3,0.3,0.2,0.3,0.2,0.2,0.3,0.2,0.2,0.2,0.2,0.2,0.2,0.3,0.3,0.2,0.4,0.3,0.2,0.3,0.2,0.3,0.5,0.2
20150503,11,SO2,4.9,2.6,2.7,2.9,4.5,2.6,2,4.4,2.1,2.1,2,2,2,2,2,2,2,2.5,2,2,2,2,3.3,2,4.4,2,2,2,2,5.3,2.5,4.3,3.3,5.1,3.7
20150503,11,NO2,12.3,23.7,15.6,12.7,12.9,16.6,15.3,17.7,8.9,16,6.3,10.8,11.2,19.4,15.8,20.7,12.2,14.4,6.8,9.2,6.2,8.3,11,2.9,17,2,6.3,35.8,21.9,13.2,16.9,26.8,32.6,24.2,14.3
20150503,11,O3,85.6,93.2,85,93.5,98,86.2,101.4,73,94,82.8,92,105.4,81.1,95.8,91.7,86.4,75.9,76.4,92.1,98.3,94.2,99.1,92.9,89.9,97.9,109.1,87.9,60.8,90.5,94.1,86,80.4,87,55.9,92.5
20150503,11,CO,0.3,0.3,0.2,0.3,0.3,0.3,0.3,0.3,0.3,0.2,0.3,0.3,0.3,0.2,0.3,0.1,0.2,0.3,0.2,0.2,0.2,0.2,0.3,0.2,0.2,0.3,0.2,0.3,0.3,0.2,0.3,0.3,0.3,0.5,0.2
20150503,12,SO2,4.8,2.9,2.4,3,4.2,2.8,2,4.1,2,2.7,2,2,2,2,2,2,2,2.4,2,2,2,2,3.1,3,4.8,2,2,2,2,4.7,2.5,4.6,6.4,5.7,4
20150503,12,NO2,12.1,21.5,13.2,12.3,12,14.5,13.2,14.2,8.3,17.8,5.2,9.8,11.9,19.6,14.6,15.5,12.1,13,9.4,8.2,6.7,7.6,8,7.3,16.9,2,6.1,32.8,29.4,12.8,14,23.6,31.5,27.8,13
20150503,12,O3,91.4,102.2,95.8,98.8,105.9,94.6,111.6,80.4,101.8,87,99.1,111.1,83.3,103.5,98.5,98.4,81.4,85.1,91.9,103.5,97.8,102.2,99.4,93.9,105.9,111.4,93,65.5,92,99.3,93.7,87.6,92.9,59.6,99.2
20150503,12,CO,0.3,0.2,0.2,0.3,0.3,0.3,0.3,0.2,0.3,0.2,0.3,0.3,0.3,0.2,0.3,0.2,0.2,0.3,0.3,0.2,0.2,0.2,0.3,0.3,0.2,0.3,0.2,0.3,0.3,0.2,0.4,0.2,0.4,0.4,0.2
20150503,13,SO2,3.8,2,2,2,3.4,2,2,3.4,2,2,2,2,2,2,2,2,2,2.4,2,2,2,2,2,2.5,3,2,2,2,2,2.6,2,3.6,5.9,3.8,2.8
20150503,13,NO2,10.6,21.9,13.7,11.3,11.1,12.9,13.6,12.2,7.4,19.2,5.4,11.2,12.6,21.9,12.5,10.7,10.6,14,8.8,8.5,6.5,6.9,5.4,5.9,18.1,2,6.7,30.9,35.4,10.9,14.6,24.9,39,37.7,12.1
20150503,13,O3,104.4,112,102.5,108.6,116.1,105.7,118.9,87,107.8,91.8,104.5,113.7,89.6,108.3,109.5,106,83.4,88.1,100.7,105.1,100.4,105.7,95.6,100.3,108.2,112.2,97,69.5,88.9,103.8,100.7,94.9,96.3,71.8,110.6
20150503,13,CO,0.3,0.2,0.2,0.2,0.3,0.3,0.3,0.2,0.3,0.2,0.2,0.3,0.3,0.2,0.3,0.2,0.2,0.3,0.4,0.2,0.2,0.2,0.2,0.2,0.2,0.3,0.2,0.2,0.3,0.2,0.3,0.2,0.3,0.4,0.2
20150503,14,SO2,2.6,2,2,2,3,2,2,5.1,2,2,2,2,2,2,2,3.1,2,2,2,2,2,2,2,2,2,2,2,2,2,2.5,2,2.5,2.4,2.3,2.2
20150503,14,NO2,9.2,16.8,11.6,9,9.6,13.3,14.1,14,7.6,19.1,6.3,12.2,13.1,27.4,10.9,17,13.4,16.9,8.2,15.9,7.1,6.9,3.1,2.5,22.6,2,7,31.3,32.9,10.2,11.3,12.3,29.7,18,11.9
20150503,14,O3,105.3,120.8,107.9,114.4,121.9,110,120.7,88.9,108.1,94,105,113.6,90.5,108.4,117.6,107.6,83.6,86.1,102.6,100.2,99.8,110.4,99.6,98.5,101.8,116.6,98.2,72.6,93.3,108.2,108.7,107.2,100.9,85.3,117
20150503,14,CO,0.2,0.2,0.2,0.2,0.3,0.3,0.3,0.2,0.3,0.2,0.2,0.3,0.3,0.2,0.3,0.2,0.2,0.3,0.3,0.2,0.2,0.2,0.2,0.2,0.2,0.3,0.2,0.3,0.3,0.2,0.3,0.2,0.3,0.4,0.2
20150503,15,SO2,3.1,2,2,2,3,2,2,5.8,2,2,2,2,2,2,2,3,2,2,2,2,2,2,2,2,2,2,2,2,2,2.1,2,2.4,4.1,2.7,2
20150503,15,NO2,10.3,16.3,11.9,10.6,10.5,15.4,15,14.9,8.7,20.7,6,11.9,15.8,20.1,9.7,17.8,13.7,16.9,8.4,13.1,7.9,7,2.7,2.2,24.4,2,7.2,31.9,43.4,10.8,12.2,10.1,25.5,18.8,10
20150503,15,O3,104.4,121.3,109.3,110.3,121.2,108.1,119.9,89.3,108.7,90,106.8,113.6,91.9,112.2,119.8,109.5,84.3,86.6,102.5,104.1,97,110.6,104.9,96.6,101.1,116.5,99.8,74.2,92.9,115.3,107.3,108,104.7,82.2,118.8
20150503,15,CO,0.3,0.2,0.2,0.2,0.3,0.3,0.3,0.3,0.3,0.2,0.2,0.3,0.3,0.2,0.3,0.2,0.2,0.3,0.3,0.2,0.2,0.2,0.2,0.2,0.2,0.3,0.2,0.3,0.3,0.2,0.3,0.2,0.3,0.4,0.2
20150503,16,SO2,3.6,2,2,2,3.2,2,2,6,2,2,2,2,2,2,2,2.4,2,2,2,2,2,2,2,2,2,2,2,2,2,2,2,3.4,4.5,2.8,2
20150503,16,NO2,10.8,16,12.4,9.1,11.5,16.9,15.9,16.7,8.2,20.5,5.3,10,15.6,20.4,9.5,14.7,15.4,14.7,8.3,11.2,8.1,7.5,2.6,2,20.7,2,6.4,33.5,33.4,12.2,13.4,12.1,25.2,20.3,10.9
20150503,16,O3,103,124.2,110.2,115.1,120.6,107.9,119.9,89.3,110.7,91.9,109.4,117.2,92.1,110.8,124.1,108.2,77,87.8,103.7,106,96.1,109.2,107,98.5,102.9,115.9,99.8,73.5,95.7,126.2,110,109.6,103.9,87.6,118.5
20150503,16,CO,0.3,0.2,0.2,0.2,0.3,0.3,0.3,0.4,0.3,0.2,0.2,0.3,0.3,0.2,0.3,0.2,0.2,0.2,0.3,0.2,0.2,0.2,0.2,0.2,0.2,0.3,0.2,0.3,0.3,0.2,0.3,0.2,0.3,0.4,0.2
20150503,17,SO2,2.5,2,2,2,2.1,2,2,3.7,2,2,2,2,2,2,2,2,2,2,2,2,2,2,2,2,2,2,2,2,2,2,2,3.1,2.6,2.6,2
20150503,17,NO2,11.2,18.5,12.3,10.5,11.9,17.7,15.4,13.6,8,19.8,5.7,10.6,14.7,20.2,9.1,14.9,14.4,14.1,6.8,14.6,7.3,6.7,2.6,2,15,2,6.6,33.9,23.4,12.1,14.1,11.4,26.9,20.1,11.8
20150503,17,O3,103.7,124.3,111.6,115.6,119.7,107.9,119.1,88.5,110.4,97.5,111.3,118,95.6,114.1,131,107.4,77.3,89.5,107.5,105.4,100.1,115.4,107.4,105.7,109.2,114.3,99.1,73.3,103,107.2,111.9,112.1,105.2,88.7,118.3
20150503,17,CO,0.3,0.2,0.1,0.2,0.3,0.3,0.3,0.3,0.3,0.2,0.3,0.3,0.3,0.2,0.3,0.2,0.2,0.2,0.3,0.2,0.1,0.2,0.2,0.2,0.1,0.3,0.2,0.3,0.3,0.2,0.3,0.2,0.3,0.4,0.2
20150503,18,SO2,2,2,2,2,2,2,2,3,2,2,2,2,2,2,2,2,2,2,2,2,2,2,2,2,2,2,2,2,2,2,2,2.4,3.6,2.8,2
20150503,18,NO2,11.4,20.8,14.5,12.2,13,19.7,14.2,12.9,7.8,23.3,6.1,11.5,14.2,21.1,11.9,11.8,13.7,10.5,7.1,12.3,8,6.8,2.6,2,10.3,2,6.5,34.7,15.1,13.6,15.4,16.8,36.3,24.5,10.1
20150503,18,O3,101,113.4,102.5,107.3,114.4,101.7,112.8,85,104.5,87.9,108.8,113.6,93,111.1,120.1,106.8,80,91.2,102.3,109.6,101,114.4,108.3,105,115.3,116.2,100.9,72.8,112,106.9,102.8,99.7,90.2,74.2,115
20150503,18,CO,0.3,0.2,0.1,0.2,0.3,0.3,0.3,0.2,0.3,0.2,0.2,0.3,0.3,0.2,0.3,0.2,0.2,0.2,0.2,0.2,0.1,0.2,0.2,0.2,0.1,0.3,0.2,0.3,0.3,0.2,0.3,0.2,0.3,0.4,0.2
20150503,19,SO2,2,2,2,2,2,2,2,3.4,2,2,2.2,2,2,2,2,2,2,2,2,2,2,2,2,2,2,2,2,2,2,2,2,2,4.5,2.3,2
20150503,19,NO2,14.4,22.8,17.5,12.9,13.7,22,14.9,13.3,7.8,26.9,8.5,17.1,14.4,23.6,13.5,16.5,14.8,9.7,8.5,13.4,8.6,7.4,5.2,2,10.7,2,9.6,35.1,12.7,16.7,17.2,14.4,41.9,26.9,12.6
20150503,19,O3,95.7,106,95.6,101.7,111,96.6,108.6,83.7,102.3,77.1,99.6,103.3,87.2,102,114.3,97.5,81.5,94.2,97.5,105.5,96.2,106.6,101.2,103,113.1,108.4,95.8,69.3,109.3,102.8,97.7,97.3,84.8,62,106.4
20150503,19,CO,0.3,0.2,0.1,0.2,0.2,0.3,0.3,0.2,0.3,0.2,0.2,0.3,0.3,0.2,0.3,0.2,0.2,0.2,0.2,0.2,0.2,0.2,0.2,0.2,0.1,0.3,0.2,0.2,0.3,0.2,0.3,0.2,0.4,0.4,0.2
20150503,20,SO2,2,2,2,2,2,2,2,4.3,2,2,2,2,2,2,2,2,2,2,2,2,2,2,2,2,2,2,2,2,2.8,2.1,2,2,4.5,2.7,2
20150503,20,NO2,21.9,31.4,26.2,16.5,19.6,27.1,18.9,17.7,7.5,43.6,11.9,18.4,29.5,28.8,21.4,23.4,18.4,11.6,15.7,13.3,13.1,7.7,6.2,2,8.7,2,10.1,36.8,15.1,19,21.5,27.5,61.6,39,16
20150503,20,O3,87.5,93.7,82.9,96.5,103.5,91.5,100.4,76.3,102.3,52.5,90.6,100.8,69.3,94.4,103.8,83.5,74.2,87.9,86.7,96.2,85.4,103.2,96,95.2,109.3,102.7,85.4,61.6,99.2,92.7,91,84,68.9,45,101.2
20150503,20,CO,0.3,0.2,0.2,0.2,0.3,0.3,0.3,0.2,0.3,0.3,0.2,0.3,0.3,0.2,0.4,0.2,0.2,0.2,0.2,0.2,0.2,0.2,0.2,0.2,0.1,0.2,0.2,0.2,0.3,0.2,0.3,0.2,0.4,0.4,0.2
20150503,21,SO2,2.2,2,2,2,2,2,2,4.2,2,2,2,2,6.4,2,2,2,2,2,2,2,2,2,2,2,2,2,2,2,3.1,2.1,2,2,4.6,2.8,2
20150503,21,NO2,25.9,44.4,35.4,21,24.3,28.6,27.3,19.9,9.1,42.8,11.8,18.5,67.3,34.5,26.5,46.4,14.7,10.8,15.5,16.8,9.1,9.8,5.5,2,11.2,2,15.3,49,18,20.8,30.4,40.3,72.3,36.7,47.9
20150503,21,O3,77.8,72.8,67.9,84.7,89.9,82.6,82.4,68.5,94.4,50.5,90.8,96.6,28.3,83.3,94.8,55.5,74.7,79.3,77.8,86.7,87.5,94.9,92.9,89.5,102.5,100.2,73.6,41,93.8,84.8,75.7,66.4,58.7,37.7,62.2
20150503,21,CO,0.4,0.3,0.2,0.2,0.3,0.3,0.3,0.2,0.3,0.2,0.2,0.3,0.5,0.2,0.4,0.2,0.2,0.2,0.2,0.2,0.2,0.2,0.2,0.2,0.1,0.2,0.2,0.3,0.3,0.2,0.3,0.3,0.5,0.5,0.4
20150503,22,SO2,2,2,2,2,2,2,2,4.4,2,2,2,2,6.4,2,2,2,2,2,2,2,2,2,2,2,2,2,2,2,2.7,2.9,2,2,2,2.1,2
20150503,22,NO2,33.2,40.2,37.8,25.8,28,40.5,41.1,24,14.7,43.5,14.9,17.7,72.9,34.5,39.6,43.1,20.3,12.3,19,10.9,8,11.6,4.5,2.6,15.9,2,13.4,62.3,23.7,39.6,22.9,62.5,55.8,38.9,68.6
20150503,22,O3,64,68.3,58.3,73.6,78.3,63,59,58.6,81.4,43.3,85.3,92.3,19.1,79.5,71.7,54.2,66.5,74.4,67.1,90.6,86,89.8,90.8,81.3,96.3,97.9,73.7,25.9,78.6,61.8,74.9,41.5,63.9,29.4,39.2
20150503,22,CO,0.4,0.3,0.2,0.3,0.3,0.4,0.4,0.2,0.3,0.2,0.2,0.3,0.5,0.2,0.4,0.2,0.2,0.2,0.2,0.2,0.2,0.2,0.2,0.2,0.1,0.2,0.2,0.3,0.3,0.2,0.3,0.3,0.4,0.6,0.5
20150503,23,SO2,2,2,2,2,2,2,2,3.5,2,2,2,2,4.7,2,2,2,2,2,2,2,2,2,2,2,2,2,2,2,3.1,3.5,2,2.8,2,2.5,2
20150503,23,NO2,26,37.6,42.1,26.1,28.4,29.5,65,20.6,15.4,33.1,25.9,32.9,77,43.6,28.9,50.6,20.8,14.4,22.2,12.9,6.4,21.2,3.8,2,8.3,2.4,14.5,66.9,32.2,51.1,30.8,82.7,63.1,38.7,37.2
20150503,23,O3,67.2,57.6,47.6,65,73.5,69.6,23.4,56.6,75.2,48.5,71.6,65.6,10.9,61.4,76.1,44.4,62.1,72.3,62.6,86.9,85.2,75.8,90.8,83,99.4,93.9,70.9,20,64.1,46.7,60.7,17.4,55.1,27.1,62.7
20150503,23,CO,0.3,0.3,0.2,0.3,0.3,0.3,0.5,0.2,0.3,0.2,0.2,0.4,0.5,0.3,0.4,0.2,0.2,0.2,0.2,0.2,0.2,0.2,0.2,0.2,0.1,0.2,0.1,0.3,0.3,0.2,0.4,0.4,0.4,0.5,0.3
