date,hour,type,dongsi,tiantan,guanyuan,wanshouxigong,aotizhongxing,nongzhanguan,wanliu,beibuxingqu,zhiwuyuan,fentaihuayuan,yungang,gucheng,fangshan,daxing,yizhuang,tongzhou,shunyi,changping,mengtougou,pinggu,huairou,miyun,yanqing,dingling,badaling,miyunshuiku,donggaocun,yongledian,yufa,liulihe,qianmeng,yongdingmengxi,xizhimengbei,nansanhuan,dongsihuan
20150505,0,SO2,17.1,11.7,15.3,12.7,16.8,14.6,16.7,7.3,9.5,12.8,11.6,11.4,10,13.9,10.6,13.6,12.6,4.4,7.9,7.9,5,14.2,5.6,21.8,8.6,13.4,9.2,12.2,11.5,7.7,12.7,15.1,15.3,14.5,10.8
20150505,0,NO2,33.7,31.6,28.7,39.7,44.8,32.7,32,46,33.6,35.5,36.1,34.1,25.1,19.3,23,42.4,38.4,26.5,36.7,32,45.7,35.6,36.3,10.8,110.1,21.3,20.7,39.5,31.9,34.3,60.4,17.5,49.7,160.3,31
20150505,0,O3,85.9,113.8,99.8,92.2,97.9,96.6,98.7,55.3,89.3,77.7,79.7,88.7,83.4,110.9,97.4,79.7,81.2,78.7,84,82.1,46.2,108.8,71.4,91.4,13.2,114.6,130,67.3,88.6,84.7,70.8,89.1,94.7,59.8,107.6
20150505,0,CO,0.5,0.5,0.5,0.5,0.5,0.6,0.5,0.6,0.5,0.5,0.6,0.5,0.5,0.5,0.4,0.5,0.5,0.5,0.2,0.6,0.7,0.5,0.5,0.4,0.4,0.6,0.4,0.4,0.6,0.4,0.6,0.5,0.6,0.6,0.4
20150505,1,SO2,19,13.8,17.9,13.5,18.7,17.1,18,8.6,6.5,15,12.4,13,13.3,16.9,11.6,13.2,14.1,5,5.4,5.5,5.1,15,4.6,21.8,8.9,13,10.1,17.8,16.5,8.6,14,17.2,14.7,14.3,12.4
20150505,1,NO2,31.3,28.8,26.6,34.4,45,28.5,32.8,77.5,31.1,35,38.1,35.5,24.3,20,20.1,48.6,31.1,20.3,56.3,29.9,45.3,34.8,31.5,9.6,101.4,22.4,21,42.5,27.6,36.5,60.8,15,44.9,153,27
20150505,1,O3,80.2,108,95.5,88.8,89.8,93.7,87.8,22,74.4,70.4,67.9,79.4,73.6,101.4,91.5,65.5,59.4,78.2,47,65.2,46.3,102.4,71.5,89.9,24.2,105.3,117.9,55.8,85.8,76.2,63.4,83.2,80.1,53.2,90.3
20150505,1,CO,0.5,0.6,0.5,0.5,0.6,0.5,0.6,1,0.5,0.5,0.7,0.5,0.6,0.5,0.4,0.5,0.5,0.4,0.2,0.6,0.6,0.5,0.5,0.4,0.4,0.6,0.5,0.5,0.7,0.4,0.6,0.5,0.5,0.6,0.4
20150505,2,SO2,16.6,11.9,17.5,14.6,17.2,17.7,19.1,4.4,3.2,16.2,8.3,12.7,15.3,14.4,11.6,15.9,17.5,4.3,2.7,4.7,2.9,14.6,3.8,4.6,9.1,13.4,7.7,9.1,29.2,9.2,18.5,17.6,17.7,13.4,13.9
20150505,2,NO2,31.7,32.1,32.6,34.8,51.1,27.6,31.9,68.5,29.7,42.7,35.2,48,27.4,22.3,19.2,45.3,25.4,21.2,42.8,24.6,31.6,32,26.7,8.6,108.1,20.2,21.5,52.1,26.1,37.2,60,18.4,43.8,156.9,22.7
20150505,2,O3,57.9,91.9,82.4,82.8,77.1,87.2,84.3,15.8,63.9,55.8,59.8,56.9,57.7,88.2,85,60.5,29.4,67.4,48.7,69.1,42.7,96.7,71.6,95.2,14.2,101.6,106.2,37.9,81.9,68.8,55.7,72.2,82.6,44.5,69.9
20150505,2,CO,0.5,0.5,0.5,0.5,0.6,0.5,0.6,0.7,0.5,0.5,0.6,0.6,0.5,0.5,0.4,0.5,0.3,0.4,0.2,0.5,0.6,0.5,0.5,0.5,0.4,0.5,0.5,0.5,0.6,0.5,0.6,0.5,0.5,0.6,0.4
20150505,3,SO2,18.8,14,17.3,15.7,17.4,18.8,17,4.4,3.4,14.2,4.5,12,13.7,14.6,14.1,15.9,6.2,3.1,3.1,4.7,2,10,2.9,3.9,8,11.8,4.2,11.8,16.9,7.8,19.3,18.1,17.1,11.4,10.2
20150505,3,NO2,34.1,34.2,37.9,36.1,55,31.6,33.1,69.3,30.3,54,33.8,68,36.8,35.3,24.4,64.3,30.4,22.7,24.7,20,19,51.6,26.2,8.5,93.7,19.3,22.1,45.3,29.4,39.4,69,20.5,54.3,151.1,27.8
20150505,3,O3,45.1,84,71.7,73.9,68.4,76.1,76.2,5.8,57.9,34,52.1,29.1,46.3,68.3,69.7,32.9,24.2,69.1,59.9,75.4,52.6,62.4,62.1,93.6,25.2,97.2,336.9,46.4,67.6,56.9,43,63.3,63,40.5,67
20150505,3,CO,0.5,0.5,0.5,0.5,0.6,0.5,0.6,0.6,0.5,0.5,0.6,0.6,0.5,0.6,0.6,0.5,,0.5,0.2,0.5,0.5,0.5,0.5,0.4,0.4,0.5,0.5,0.4,0.6,0.4,0.5,0.5,0.5,0.6,0.4
20150505,4,SO2,18.5,12,17.2,12.6,16.7,18.6,12.2,3.6,2.9,11.3,3.6,9.3,10.2,19.9,22.8,22.7,7.3,3.8,2,4.1,2.7,7.9,3.2,4.2,6.4,5.6,8.3,16.1,11.1,8.2,17.5,16.8,14.7,11.1,11
20150505,4,NO2,36.9,34.9,39.1,41.3,48.9,32.1,46.8,71.1,29.1,50.9,31.8,63,35.3,41,27.5,82.7,45.2,23.2,29.6,18.2,15.7,74.1,24.5,8.7,67.5,18.5,22.8,44.7,29.8,41.8,60.5,19.4,72.6,140.2,34
20150505,4,O3,55.9,67.2,61.9,58.7,,68.2,46.2,,57.6,26.5,49.3,26.8,35.9,53.2,55.5,12.7,15.9,60.8,47.7,70.9,56.2,30.3,65.2,80.9,48.3,72.6,91.9,38.9,60.3,,38.3,55.8,38.4,35.7,50.4
20150505,4,CO,0.4,0.5,0.5,0.6,0.6,0.5,0.6,0.6,0.4,0.5,0.6,0.7,0.5,0.8,0.6,0.6,0.4,0.5,0.2,0.5,0.5,0.5,0.5,0.4,0.4,0.5,0.5,0.5,0.7,0.4,0.6,0.5,0.7,0.6,0.5
20150505,5,SO2,16.5,4.7,12.7,8.8,8.6,16.7,7.5,4.5,7.9,9.2,3.3,6.9,5.7,25.5,21.6,15.7,6.8,2,2.2,4.4,2.4,5.4,2,3.9,3.7,4.8,9.5,17.1,7.1,8,16.7,13.1,12,10.4,8.7
20150505,5,NO2,42.6,37.4,65.2,44.3,108.6,37.7,85.7,66.4,39.7,57.7,43,75.4,54.2,41.4,34.8,83.9,58.8,61.5,25.8,18,14.9,71,29.3,19.3,44.4,,22.3,44.1,32.4,46.8,74.3,40.7,85.7,148.5,74.8
20150505,5,O3,46,46.8,33.9,45.2,12,56.6,3.9,2,58.7,11.3,41.5,11,18.7,41.8,42.6,6,14,35,56.7,67,53.3,18.8,47.8,75.2,53.3,70.4,90.2,34.3,45,42.7,26.3,28.5,24.7,22.1,17.1
20150505,5,CO,0.6,0.5,0.6,0.6,0.8,0.6,0.6,1.2,0.5,0.6,0.6,0.6,0.6,0.8,0.6,0.7,0.6,0.5,0.2,0.5,0.5,0.5,0.5,0.4,0.4,0.5,0.6,0.5,0.7,0.5,0.7,0.6,0.8,0.8,0.5
20150505,6,SO2,11.5,3,8.1,7.4,6.3,12.2,7.3,4.6,8.1,8.6,2.4,7.4,6.6,18.8,13.3,11.1,9.2,2.1,5.6,5.9,2.3,9.5,2.8,4.5,3.8,5.5,7.1,10.5,4.1,5.2,11.5,10.7,9.3,13.4,7.5
20150505,6,NO2,88.3,53.3,98.6,72.3,94.9,71.3,81.8,75.8,44.7,86.7,74.1,52.6,64.2,40.1,45.8,84.6,54.9,42.3,24.6,25.9,13.9,46,44,19.6,69.2,16.6,21.7,74.8,39.6,59.7,89.9,56.4,86.3,200.8,89.6
20150505,6,O3,9.3,26,4.4,20.4,8.9,22.6,4.5,2,58.5,2,12.4,41.3,11.1,34.2,24.9,2,28.6,49.9,67.3,54.1,54.5,58.5,29.4,72.6,26.8,71,78.9,2,23.9,19.4,8.7,2,23.5,2,5.3
20150505,6,CO,0.8,0.6,0.8,0.7,0.8,0.7,0.7,1.4,0.5,0.7,0.7,0.5,0.7,0.9,0.6,0.9,0.7,0.5,0.1,0.6,0.5,0.6,0.5,0.4,0.4,0.5,0.6,0.6,0.8,0.5,0.9,0.9,0.8,1,0.7
20150505,7,SO2,16.3,11.7,15.5,11.8,12.6,13.3,12.6,4.9,7.8,12.8,5.1,8.8,9.3,33,24.4,16.5,14.4,3.6,7.9,11.2,3.7,13.6,5.3,5,7.7,9.9,8.1,12.1,5.9,6.6,13.4,14.4,12.8,15.1,10.6
20150505,7,NO2,75.8,84.4,68,75.1,76.9,81.5,63.7,61.1,44.2,72.7,55.1,53,76.1,75.1,70.6,77.2,56.1,39.4,30.2,38.5,16.8,56.9,57,18.9,36.9,15.6,22.5,74.9,36.3,61.3,77.1,60.8,65.7,215,97.4
20150505,7,O3,20.5,17.6,30.4,25.6,28.5,13,25.9,8.4,63,5.1,43.8,47.3,14.5,9.6,9.4,2,33.4,46.1,69.4,47.6,57.1,45.8,22,60.3,61.6,81,70.2,2,16.3,9.9,18,10.4,39.1,2,4.1
20150505,7,CO,0.8,0.8,0.7,0.8,0.9,0.8,0.7,1.4,0.5,0.7,0.6,0.6,0.7,1.1,0.8,0.9,0.7,0.6,0.1,0.7,0.5,0.6,0.5,0.4,0.5,0.5,0.6,0.7,0.7,0.5,0.8,0.8,0.8,1,1
20150505,8,SO2,22.3,17.4,19.2,18.2,16.2,19.1,17.6,5.2,8,19.1,7.7,12.2,11.7,26.7,24.9,26.7,16.2,7.3,8.5,15.3,5.6,15.6,7.9,7.6,7.9,13.4,14.6,15,22.3,14.9,19.8,22.1,17.5,21.7,16.1
20150505,8,NO2,68.3,84.8,62,67.9,60.9,73.2,60.3,59.9,47.1,64.2,47.1,55.1,63.8,81.9,78.7,73.4,48.3,60.3,27.8,37.4,20.6,30.9,50.6,22.5,24.8,16,25.8,68.9,34.1,76.6,75.1,59.5,63.9,,96.6
20150505,8,O3,36,24.2,44.9,38.8,57.7,24.8,38.9,15.8,62.5,21.4,55.1,47.5,33.8,17.4,9.7,12.4,50.9,39,72.9,63,61.4,80.1,30.8,68.1,79.1,96.8,86.3,3.6,37.7,27,26.8,15.3,51,3.2,8.2
20150505,8,CO,0.9,0.9,0.8,0.8,0.8,0.9,0.8,1.3,0.5,0.7,0.7,0.7,0.7,1,0.8,0.9,0.7,0.7,0.1,0.6,0.5,0.6,0.6,0.5,0.4,0.5,0.6,0.7,0.8,0.6,1,1,0.9,1.2,1.2
20150505,9,SO2,19.2,18.1,17.2,19.4,15.4,20.4,17.1,9.1,11.3,19.9,12.7,14.2,14.3,29.6,25.7,31.4,13.3,8.7,7.6,15.4,8.7,16.5,15.2,4.1,13.9,14.5,17.3,20.3,33.1,20.4,21.5,26.3,22.1,25.6,21
20150505,9,NO2,66.6,76.6,56.6,70.1,66.9,61.8,56.5,67.2,37.1,63.4,62.4,60.9,64.6,76.5,59.7,65.2,34.9,72.9,49.5,30.7,36.3,23.7,40.7,11,31.2,14.1,23.9,62.4,36.2,77.7,81.1,60.5,62.1,,87.3
20150505,9,O3,42.9,43.5,59.7,49.6,62.8,47.4,57.1,31.6,75.5,30.8,44.8,43.1,32.4,30.6,36.2,40,66.6,35.4,46.8,82.5,66.6,104.2,44.5,86.1,65.7,116.8,105.7,29.9,57,31.8,33.4,23.1,60.7,8.9,28.8
20150505,9,CO,0.9,0.8,0.8,0.8,1.3,0.8,0.7,1,0.5,0.8,0.8,0.7,0.7,1,0.7,0.8,0.6,0.8,0.3,0.6,0.7,0.5,0.6,0.3,0.5,0.5,0.5,0.6,0.7,0.7,0.9,1.1,0.9,1.2,1
20150505,10,SO2,13.4,14.6,12.7,16.8,13.4,16.4,13.8,12.5,,16.2,14.9,14.4,14.1,26.5,23,29.9,10.8,6.2,10.2,13.9,7.5,9.5,14.5,7.7,11.5,10.1,14.7,19.5,27.9,21.1,18.1,19.7,20.1,25.5,23.3
20150505,10,NO2,61.4,68.2,52.3,76,66.4,44.6,58.1,,,60.5,61,65.4,67.3,64.3,57.7,60.5,28.4,51.2,56.5,35.3,22.4,18.7,30.4,12.9,21.9,9.7,32.1,57.8,38.1,75.9,67.1,,,,
20150505,10,O3,57.1,63.9,67.7,53.5,70.7,75.9,63.7,37.6,,42,53.5,50.1,35.3,53.6,55.6,59.3,79.6,49.1,45.5,80.1,93.2,107.2,55.4,,82.6,125.4,96.6,44.5,72.9,41.8,53.5,44.2,64.2,10.9,32.9
20150505,10,CO,0.8,0.7,0.7,0.9,1,0.7,0.7,0.9,,0.7,0.8,0.7,0.8,0.9,0.7,0.8,0.5,0.6,0.4,0.6,0.6,0.4,0.5,0.3,0.4,0.4,0.5,0.6,0.6,0.6,1,0.8,0.7,1.3,0.8
20150505,11,SO2,8,11.1,8.7,10.4,9.4,13.3,9.7,,,10.2,14.5,11.2,13.1,22.1,18.6,23.9,11.5,4.8,10.6,13.7,6.4,5.7,5.2,5,10.9,8.3,16.5,16.6,20.9,21.4,12,15.2,16,20.7,19.1
20150505,11,NO2,46.4,65.2,41.4,57.6,54,47.9,52.8,42.2,,55.7,68.3,61.7,73.3,61.9,48.7,58.8,29.5,18.1,59,25.3,14.1,12.5,8.8,,18.2,8.6,33.6,53,44,74.3,74.1,87.1,64.7,,87.6
20150505,11,O3,76.2,73.4,81.5,76.1,85.8,82.2,75.4,53.9,,51.9,50.6,57.2,37.8,67.3,76.3,78.2,83.8,77.6,47.3,99.4,105.8,116.2,86.8,102.9,96.9,127.5,105.8,57.9,85.8,57.9,52.2,44.2,77.6,12,55.2
20150505,11,CO,0.6,0.7,0.6,0.7,0.8,0.6,0.7,,,0.6,0.8,0.7,0.8,0.8,0.6,0.6,0.5,0.4,0.4,0.6,0.5,0.3,0.3,0.2,0.4,0.4,0.5,0.6,0.6,0.6,0.8,0.9,0.7,1.3,0.8
20150505,12,SO2,8.2,9.2,7.9,11,8,10.7,8.1,12.9,,11.3,14.4,11.8,12.3,13.4,13.1,17.3,10.4,4.5,11,12.2,3,4.4,2.6,2.4,10.1,3.6,9.6,14.8,13.9,20.5,12.4,13.9,13,21.2,14.8
20150505,12,NO2,39.3,57.9,38.6,66.7,48.8,41.1,45.1,41.4,,58.9,70.8,62.6,64.1,44.1,36.9,41.3,26.9,13.7,57.1,22.9,8.9,12.1,4.6,,22.7,3.4,22.4,47.9,40.7,66.8,73.7,77.4,58.8,,77
20150505,12,O3,89.1,87.2,89.2,77.7,95.8,93,89,66.2,,58,58.2,64.1,53.1,86.6,92.8,105.3,91.2,88.2,55,107.3,109.6,116.9,98.4,112.3,92.8,130.3,123.3,71.8,100,77.1,62.8,57.2,80.8,14.2,67.1
20150505,12,CO,0.6,0.6,0.6,0.8,0.7,0.6,0.6,0.5,,0.7,0.8,0.7,0.7,0.6,0.5,0.5,0.5,0.4,0.4,0.5,0.4,0.3,0.2,0.2,0.4,0.3,0.4,0.6,0.5,0.6,0.8,0.8,0.7,1.4,0.7
20150505,13,SO2,7.6,9.2,7.7,11.4,7.4,9.5,7.7,9.8,,11.9,12.9,10.8,11,11.5,11.8,11.5,8.2,2.9,8.9,8,2,2.2,2,3.9,2,2.3,8.6,10,10,17.3,11.3,13.4,9.8,17.8,12.4
20150505,13,NO2,38.7,54.5,44.4,71.2,39.1,35,45.5,15.9,,62.8,61.2,56.2,59.3,45.4,37.9,28,22.2,11,51.7,13.3,5.5,8.8,2.3,,22.8,2,22,39.1,42.2,53.4,71.1,78.7,63.7,,63.5
20150505,13,O3,94.3,103.4,90.9,86.7,113.1,105,96.8,85.1,,69.2,73.2,83.2,63.4,91.6,98.2,113.7,100.4,93.6,69.5,116,118.8,115.8,103.7,113.9,104.4,131,129.5,81.2,104.5,101.5,69.4,65.6,87.7,28.6,87.2
20150505,13,CO,0.6,0.6,0.6,0.8,0.6,0.5,0.6,0.3,,0.7,0.7,0.7,0.7,0.6,0.5,0.4,0.5,0.3,0.4,0.4,0.3,0.2,0.2,0.2,0.3,0.2,0.4,0.5,0.4,0.5,0.8,0.8,0.7,1.2,0.6
20150505,14,SO2,6.5,9.1,8.1,9.7,6.7,8.6,8.6,8.6,,11.1,11.1,9.2,10.7,10.6,10.6,9.5,6.4,2,7.2,2,2,2,2,2,2,2,6.7,10,9.3,14.8,12.5,12.9,4.7,15.5,11.6
20150505,14,NO2,40.4,56.9,50.3,60.9,42.1,33.3,57.1,8,,56.5,51.8,47.5,53.6,46.1,42.7,26.4,26.4,12,41.1,2,2.5,6.6,2.5,4.9,33.3,2,19.5,37.7,51.6,47.5,77,81.5,71.5,,61.1
20150505,14,O3,101.4,115.5,96.8,103.8,117.7,112.2,98.5,91.9,,81.7,88.9,98,76.7,100.3,101.3,120,104.4,99,81,116.7,112.2,118.9,109.5,118.7,93.8,131.6,136.3,85.3,109.4,113.4,76.7,72.5,83.7,37.7,95.4
20150505,14,CO,0.6,0.7,0.7,0.7,0.6,0.5,0.7,0.2,,0.6,0.7,0.6,0.6,0.6,0.4,0.3,0.4,0.3,0.3,0.2,0.2,0.1,0.2,0.2,0.2,0.2,0.3,0.4,0.4,0.5,0.8,0.8,0.7,1.2,0.6
20150505,15,SO2,5.9,7.2,8.1,8,4.9,7.5,7.8,7.2,9.5,9.5,9.9,5.7,8.8,9.9,9.4,10.1,5.6,2,,2,2,2,2,2,2,2.5,2.6,9.4,8.7,12.7,10.8,10.2,6.8,13.8,10.6
20150505,15,NO2,39.2,51.8,48.4,53.3,47.2,39.9,40.8,9.5,,43.6,42.1,21.4,49.6,48.3,40.5,39.5,31.3,13.1,,2.2,2.9,6.7,2,4.8,31.9,2,14.9,36.6,55.3,40.7,69.8,73.9,76.6,,63
20150505,15,O3,104.9,124.9,104.6,110.3,117.6,112,114.9,93.9,,99.3,102.1,116.2,83.4,109.6,112.4,113,96.7,98,,119.5,107.8,119.1,113.5,118.9,97.7,130.4,136.5,94.6,111.6,128.9,86.9,82.6,83.2,46.4,98
20150505,15,CO,0.6,0.6,0.6,0.6,0.6,0.6,0.5,0.2,,0.5,0.6,0.3,0.6,0.6,0.5,0.3,0.4,0.3,,0.2,0.2,0.1,0.2,0.1,0.2,0.2,0.3,0.4,0.4,0.4,0.7,0.7,0.7,1.1,0.6
20150505,16,SO2,2,2.9,3.3,4.4,2,3.5,2.4,6,2,7,5.3,3.3,6.4,9.6,8.4,9.3,4.8,2,,2,2,2,2,2,2,2,2,8.9,8.7,10.5,6,6.2,6.8,9.5,5.6
20150505,16,NO2,11.2,28,16.1,19.5,10.4,19.6,11,9,5.7,29.4,13.7,7.7,36.7,39.2,42.6,31.1,22,15.9,,2.8,3.4,8.4,2,7.3,27,2,12.1,35.7,60.6,31.9,20.9,37.1,29.8,,25.4
20150505,16,O3,108.8,122.3,111.8,126.1,130.9,110.3,124.7,90,113.4,104.9,116.1,123.1,91.9,122.7,113.3,126.8,102.5,94.4,,114.2,107.9,116,112.8,118.5,93.8,124.8,135.5,102.6,114.4,147.2,111.4,97.8,96,57.2,120.9
20150505,16,CO,0.3,0.3,0.3,0.3,0.2,0.3,0.2,0.2,0.3,0.3,0.3,0.2,0.5,0.5,0.5,0.4,0.3,0.3,,0.1,0.2,0.1,0.2,0.2,0.2,0.2,0.2,0.4,0.4,0.4,0.4,0.4,0.3,0.7,0.3
20150505,17,SO2,2,2,2,2,2,2,2,7.3,2,2.8,3.2,2,5.6,6.2,2.2,5.5,2,2,2.7,2,2,2,2,2,2,2,2,8.9,8.5,9.8,3.5,2.9,5.7,4.9,3.1
20150505,17,NO2,11.1,20.3,13.4,10.3,12.8,15.5,12.8,9.9,6.3,29,10.2,10,42,24.7,10,21.1,13.7,15.8,6.2,4.4,4.1,8.8,2,6.4,31.4,2,10.3,36.1,63.7,26.6,12.7,18.3,37.9,,13.4
20150505,17,O3,106.8,118.5,108.5,120,125,104.8,118.2,89.7,113,87.4,109.2,114.9,97.2,121.5,114,118.8,97.3,93.5,105.4,110.4,103.7,114,109.6,116,94,123.2,122.3,107.8,111.6,157.3,109.3,99.2,87.8,66.6,119.7
20150505,17,CO,0.2,0.2,0.2,0.2,0.2,0.2,0.2,0.2,0.2,0.3,0.3,0.2,0.5,0.4,0.2,0.3,0.2,0.3,0.4,0.2,0.2,0.1,0.2,0.1,0.2,0.2,0.2,0.4,0.4,0.3,0.3,0.2,0.4,0.5,0.2
20150505,18,SO2,2,2,2,2,2,2,2,9,2,3.6,4.2,2.8,4.4,4.4,2,4.7,2,2,3.6,2,2,2,2,2,2,2,2,7.4,8.2,8.9,3.7,2.4,3,5.6,2.6
20150505,18,NO2,13.8,28.6,18.4,14.2,16.5,19.2,15.1,13,7.1,36.5,10.9,9.3,32.5,22.8,11.5,17.9,22.6,24.6,9.1,7,6,9.5,2,4.9,25.5,2,10.2,37.5,40.6,24.3,14.3,21.1,36.6,,17.8
20150505,18,O3,102.3,107.8,102.5,115.4,118.7,99.5,112.7,87.8,110.4,77.2,105,114,89.9,106.8,111.1,107.7,80.2,82.9,99.1,105.5,100.9,114.1,109.2,115.2,97.3,122.6,117.5,104.5,117.8,154.7,107.3,94.8,89.3,58,112
20150505,18,CO,0.3,0.2,0.2,0.2,0.2,0.3,0.2,0.2,0.2,0.3,0.3,0.2,0.4,0.3,0.2,0.2,0.2,0.3,0.4,0.2,0.2,0.1,0.2,0.1,0.2,0.2,0.2,0.4,0.4,0.3,0.3,0.2,0.4,0.5,0.3
20150505,19,SO2,2,2,2,2,2,2,2,7.2,2,2.4,3.3,2,3.2,4.2,2,3.7,2,2,2,2,2,2,2,2,2,2,2,4.5,8.6,8.5,3.4,2.2,2,6.6,2.4
20150505,19,NO2,19.7,35,28.1,20.5,22.9,35,24.1,15.5,8.4,39.9,16.8,15.5,40.1,29.4,19.4,23.2,26.7,20.3,13.3,9.1,8.4,11.1,3.3,3.2,15,2,10.7,38.2,30.9,25.8,20.6,25,48,,24.6
20150505,19,O3,93.6,96.9,88,104.6,108.6,82.6,96.4,84.2,107,70.2,91.5,102.7,64.8,94.9,103,94.9,73.8,87.5,89.8,102.6,97.3,110.2,103.8,114.2,107.2,120.9,113.4,66.4,100.6,124,97.6,88,70.4,44.8,100.8
20150505,19,CO,0.3,0.2,0.2,0.3,0.3,0.3,0.2,0.2,0.2,0.3,0.3,0.3,0.3,0.3,0.2,0.2,0.2,0.3,0.3,0.2,0.2,0.2,0.2,0.1,0.2,0.2,0.2,0.3,0.6,0.3,0.3,0.3,0.5,0.6,0.3
20150505,20,SO2,2,2,2,2,2,2,2,6,2,2.1,3,2,5.2,2,2,3.9,2,2,2,2,2,2,2,2,2,2,2,4.4,7.1,7.4,3.6,2.2,,5.9,2.2
20150505,20,NO2,32.5,45.6,32.8,22.8,38.4,46.9,23.7,21.5,7.3,53.1,25.1,42.7,81.8,30.5,24.3,39.7,24.6,13.4,14.5,10.8,6.4,12.9,8.7,3.3,33.4,2,10.5,53.7,40.5,29.6,29,29.3,,,35.7
20150505,20,O3,76.1,78.5,79.5,94.9,88.1,68.2,89,73.4,105.6,48,80,69.3,20.7,88.9,92.6,67.5,73.7,87.7,85.9,98.4,99.7,105.8,94.7,109,77,118.3,108.4,37,89.7,100.2,85.7,78.9,,40.3,82.4
20150505,20,CO,0.3,0.3,0.3,0.3,0.3,0.4,0.3,0.2,0.2,0.3,0.3,0.4,0.4,0.3,0.3,0.3,0.2,0.3,0.3,0.2,0.2,0.2,0.2,0.2,0.2,0.2,0.2,0.3,0.7,0.3,0.4,0.3,,0.5,0.4
20150505,21,SO2,2,2,2,2,2,2,2,8.1,2,2,2.8,2,6.4,2.4,2,4.5,2,2,2.1,2,2,2,2,2,2,2,2,5.6,5.4,7.3,3.3,2.2,2,6,2.2
20150505,21,NO2,56.9,61,53.6,32.5,65.6,54.7,28.3,27.4,9.6,65.4,31,57.1,75.9,51,43.7,65.3,14.4,10,52.6,9.8,6.9,13.2,7.2,3.2,49.9,2,12,77.6,43.8,101.8,44.3,66.1,83.3,,78.5
20150505,21,O3,52,46.7,52.1,74,55.1,55.8,77,61.3,97.9,36.2,74.7,47.6,20.9,62.3,69.6,37.2,80.3,87,40.4,97.6,95.1,103,94.6,105.7,41.5,108.3,103.7,10.2,56.9,13.9,61.4,40.1,33.1,14.8,31
20150505,21,CO,0.6,0.4,0.4,0.3,0.5,0.4,0.3,0.3,0.2,0.3,0.3,0.4,0.5,0.4,0.3,0.4,0.2,0.3,0.4,0.2,0.2,0.2,0.2,0.2,0.2,0.2,0.2,0.3,0.6,0.4,0.5,0.5,0.7,0.8,0.5
20150505,22,SO2,2,2,2,2,2,2,2,8.4,2,2,2,2,3.5,2,2,3.8,2,2,2,2,2,2,2,2,2,2,4,3.7,6.1,6.2,3.1,3.6,3.1,4.2,3.7
20150505,22,NO2,50.2,72.3,63.4,47,56.3,50.7,62.3,29.1,16.4,49.8,39.9,25.6,40.3,65,56.8,42.3,11.4,8.2,35.3,4.2,5.9,11.5,7.1,2.6,3.3,2.1,14.2,66.4,44.2,118,59.2,94.4,77,,90.9
20150505,22,O3,55.5,24.8,42.9,57.6,60.2,57.4,35.4,56.1,88.4,41.7,65.2,80.1,49.2,43.6,52.3,53.5,82.8,88.8,49.7,101.8,94.4,102.3,93.1,105.3,109.2,105.9,98.8,23.7,50.2,4.2,41.7,9.3,42,6.7,23.5
20150505,22,CO,0.5,0.5,0.5,0.4,0.5,0.4,0.4,0.3,0.2,0.3,0.2,0.3,0.3,0.4,0.4,0.3,0.2,0.2,0.4,0.2,0.2,0.1,0.2,0.1,0.2,0.1,0.3,0.3,0.5,0.5,0.5,0.6,0.6,0.9,0.7
20150505,23,SO2,2,2,2,2,2,2,2,6.9,2,2,2,2,2,2,2,3.5,2.5,2,2,2,2,2.1,2,2,2,2,2,4,5.3,7.3,3.2,2.4,2,2.4,2
20150505,23,NO2,33.8,43.8,33,29.2,39,41.4,32.6,26.3,15.2,40.4,50.4,19.2,49.9,51.8,33.1,39.8,13.8,10.6,16.4,3.2,4.2,14,3.7,2,3.1,2.4,10,51.6,52.6,95.3,39.6,77.7,42.7,,54.1
20150505,23,O3,68.3,68.4,71.5,79.5,75.4,64.7,2,59.8,87.6,51.6,45.8,82.3,39.7,56.5,72.9,53.3,74.2,85.3,72.6,102,93.1,98.8,98.3,105.1,108.7,107,108.7,37,29.8,11,59.1,22.2,71.6,31.6,58
20150505,23,CO,0.3,0.3,0.3,0.3,0.3,0.3,0.3,0.2,0.2,0.2,0.3,0.2,0.3,0.4,0.3,0.2,0.2,0.2,0.3,0.1,0.2,0.1,0.2,0.1,0.2,0.2,0.2,0.3,0.4,0.4,0.4,0.4,0.4,0.6,0.5
20150505,0,PM2.5,45.6,41.8,46.8,41.8,47.7,44.8,48.8,50.4,50,64.3,56.7,47.3,50.9,44.2,45.9,57.8,46.8,45.8,43.2,58.1,58.2,65.6,18,42.7,40.5,53,51.6,62.3,58.8,53.9,87.1,50,45.4,45.2,60.3
20150505,0,PM10,87.2,82.8,99.3,86.7,116.4,79.4,89.6,98.6,94.1,91.3,96.7,101.3,65,57,86.7,122.3,84.7,66.8,106.4,109.8,122.7,91.7,36.6,73,77.7,79,80.1,93.1,78.4,67.8,110.8,88,111.7,104.5,79
20150505,0,AQI,58,56,59,60,72,57,59,63,59,62,65,65,51,53,63,74,59,54,62,62,63,60,50,52,56,47,57,72,58,62,63,59,65,81,60
20150505,1,PM2.5,43.3,40.1,48.8,39.8,45,44.6,47.8,61.8,49.9,55.4,55.4,50.4,55.8,45.5,43.2,55.6,46.1,40.2,49.7,54.7,59.1,58.4,27,39.2,71.8,57.4,48.1,62.4,53.7,56.8,52.1,48.3,44.4,50.7,54.4
20150505,1,PM10,84.1,133.5,94.9,80.5,109.3,74,94,107.7,84.2,76.2,95.7,108.7,57.9,57.6,90.9,91.8,77.7,73.4,100.8,92.3,117.1,76.4,75.7,74.1,76,71,83.8,87.7,81.6,71.7,110,81.7,99.6,100,115
20150505,1,AQI,60,59,60,61,73,58,61,65,60,63,66,67,52,53,63,74,60,55,64,63,64,60,51,53,53,48,57,71,59,63,65,60,67,77,61
20150505,2,PM2.5,48.1,37.8,44.7,39.6,46.9,43.4,49,52.8,40.3,55.2,53.3,51.2,49.9,49.3,48.9,57.3,47.9,47.1,44.1,53.9,48.5,50.5,34.6,45.8,60.2,51.1,51.8,58.4,58.4,57.8,47.3,42.1,34.1,59,55.9
20150505,2,PM10,87.4,101.7,90.9,81.1,110.4,80.7,84.2,86.7,64.6,81.3,91.4,119.9,62.4,58.2,92.1,87.7,77.3,72.5,78,92.7,88.2,73.6,79.8,75.9,71.6,69.7,76.9,84.7,89.5,79.5,118.4,86,93.1,101,71.8
20150505,2,AQI,61,60,62,61,74,60,62,66,61,64,68,70,52,54,65,74,61,55,66,62,64,60,52,53,55,48,57,71,61,64,67,61,68,79,62
20150505,3,PM2.5,54,42.9,57.8,44.6,51,44.2,49.1,54.1,48.7,57.2,56.5,52.7,56,51.9,55.2,59.7,51.9,45.7,42.8,56.5,48.8,56.2,23.3,49.8,59.1,50.2,46.1,53.6,61,60.5,50.7,46.9,47.2,60.5,58.1
20150505,3,PM10,89.4,84.4,93.9,89.5,112.8,83.4,89.4,81.8,69.2,86.6,77.1,134.9,69.1,,91.9,108.5,95,75,80.2,88.8,69,84.3,65.6,76.7,69.6,74.8,89,88.6,91.9,68.1,128.5,91,105.4,148,76
20150505,3,AQI,61,61,62,62,75,60,63,65,61,65,68,71,53,55,65,76,61,56,67,62,65,60,52,53,54,49,169,72,62,64,68,62,68,76,63
20150505,4,PM2.5,54.8,44.7,51.6,44.9,50.5,49.8,53.1,53.3,50.3,54.5,53.9,54.3,61.2,66.6,67.1,71.2,57.4,46.5,44.7,50,47.7,62.5,17.3,45.5,48.7,52.1,45.6,53.1,60.3,65.1,62.6,50.9,49.7,61.7,66.9
20150505,4,PM10,91.2,94.2,96.1,93.3,101.8,93.1,105.8,73.6,60,99.8,67.8,132,77.1,66.8,99.4,124.6,94.5,76.1,101.5,80.7,76.5,95.2,69.4,79,71.7,75.5,74.5,93,93.6,81.2,111.6,82.7,100.9,97.1,79.9
20150505,4,AQI,62,62,64,62,77,61,63,65,61,66,68,72,54,55,67,76,62,57,68,63,65,61,54,54,56,51,58,72,63,64,70,62,69,74,64
20150505,5,PM2.5,55.4,48.4,50.9,51.2,58.2,53.4,60.5,66.4,53.3,63.4,59,49.2,61.7,74.3,71.4,73.3,68.3,49.1,48,47.1,47.4,63.9,20.7,46.8,46.1,46.5,47.4,62.5,69.2,69.3,56.8,63.2,53.9,60,67.1
20150505,5,PM10,99,91.8,105.8,88,136.3,93.4,96.5,80.2,102.2,116.6,81.3,116,86.2,82.3,117.2,161.2,101,94.5,94.7,80.9,72.7,108.2,88.3,81.7,48.6,53.3,78.8,110.6,97.7,89.5,125,98.7,135.6,134.1,131.6
20150505,5,AQI,63,63,65,63,79,63,64,65,61,67,68,73,54,56,69,78,63,58,69,64,65,63,55,55,58,50,59,75,63,64,72,63,71,76,66
20150505,6,PM2.5,57.1,51,65.6,50,70.7,50.5,62.3,72.8,56.9,70.4,55.9,48.3,78.1,82.3,68.6,90,68.2,50.9,43.7,54.8,47.1,58.3,28.1,49.7,45.7,48.9,48.6,64.8,73.5,71.4,55.6,65.3,60.1,72.1,73.2
20150505,6,PM10,117,97.4,147,87.8,128,127.8,117.1,132.1,88.3,103.9,114.7,118,89.7,82.3,127.3,150.9,95.9,88.3,84.5,79.7,73.8,74.4,65.3,86.7,54.4,,84.5,100.5,100.3,95.8,120.5,117.2,147.3,168.9,152.8
20150505,6,AQI,65,65,68,65,81,65,65,67,63,69,68,74,56,58,71,78,64,59,69,64,65,63,55,56,59,51,60,78,64,64,73,64,74,101,67
20150505,7,PM2.5,69.4,62.8,69,58.8,76,67.9,69.7,84.7,58,79.8,62.9,58.8,70,80.9,76.5,84.7,63.9,52.5,50,54.9,49.2,68.7,27.7,49.5,56.1,45.5,46.8,75.4,78,76.8,71.9,77.2,73.9,79.8,92
20150505,7,PM10,129.6,144.5,136.7,133.7,123.9,115.4,123.1,117.7,92.7,135.2,104.7,127.3,86.3,88,109,149.8,96.5,90.3,98.8,107.6,92.6,96.3,86.9,85,,,81,137.9,112.9,114.7,139.6,139.1,135.1,146.9,132
20150505,7,AQI,67,67,70,67,81,66,66,67,63,71,69,76,59,59,72,80,65,60,69,65,66,65,56,57,61,51,61,81,65,64,75,67,75,102,70
20150505,8,PM2.5,79.1,68.9,68.3,194.8,71.1,68,70.7,78.8,58.2,83.1,66.4,62.3,109.9,76.5,89.7,93.2,64.4,60.4,47.3,59.4,52.2,53.9,30.2,58.8,82.8,49.5,52.1,90.7,91.1,82.5,79.4,87.9,59.7,140.7,101.2
20150505,8,PM10,148.3,126,121.8,,116.2,116.2,106.6,128.3,100.5,115.4,98.7,118.7,,84,142.8,151.3,94.2,99.7,81.8,123.2,86.3,94.1,85.9,107.7,,53,81.5,124,108.7,85.9,126,134.4,127.6,142.5,132.1
20150505,8,AQI,69,69,72,68,83,68,68,69,65,75,70,78,64,61,74,83,66,62,69,67,66,65,57,59,64,51,62,85,67,65,77,69,77,80,73
20150505,9,PM2.5,72.9,63.5,65.2,,137,64.7,74.9,78.9,54.5,85.2,72.7,67,70.6,77.9,84.4,86.8,55.7,64.5,51.4,64,65.9,60.4,30.3,53.2,63.3,50.7,50.6,93.7,84.7,93.5,91.3,90.4,60.2,,96.7
20150505,9,PM10,108.6,120.3,122.4,114,140.2,113.2,99.8,136.7,98.3,111,105.5,125.1,95.4,92.7,125.5,99.4,86.5,120.6,111.7,104.1,163.3,86,57,128,136,62,88.4,111.8,132.8,143.3,119.4,119.2,123.8,127.7,
20150505,9,AQI,71,71,73,69,85,70,69,71,66,79,71,79,67,64,76,84,67,64,70,68,69,65,58,61,66,52,63,90,71,69,79,70,79,82,75
20150505,10,PM2.5,100,,97.9,,95.7,59.2,87.8,,,82.9,72.6,74.9,90.6,78.9,77,80.9,54.2,60,66.1,70.5,62.3,68,15,43.1,49.7,42.2,60.2,81.6,88.1,99.3,106,85.8,64,88.3,98.2
20150505,10,PM10,124,98.3,121.4,114.7,118.4,108.9,114.9,,,99.8,119.7,117.6,123,94.8,116.9,162.4,93.5,145.1,137.7,132.6,106.5,87.7,80.6,164.6,143.3,90.9,123,104.4,111.3,136.8,125.2,100.7,136.2,139.5,110.7
20150505,10,AQI,73,72,75,71,87,71,71,73,,82,73,81,71,68,77,87,68,66,73,71,71,65,58,65,61,54,64,95,74,74,80,72,81,83,77
20150505,11,PM2.5,78.4,,55.6,,73.5,55.6,81.7,,,101.4,82.6,63.5,103,47.7,73.4,76.4,57.4,58.9,61.9,69.8,69.6,66.6,22.1,41.1,46.3,48,62.2,85.2,77.5,97.1,73.1,75.5,52.9,85.4,82.5
20150505,11,PM10,133.2,118.4,144.5,125.9,117.8,116.6,116.1,160.2,,130.7,168,139.6,132.4,104.6,78.3,100.6,102.6,140,138.4,135.7,125.6,207.1,159.7,211.9,245.8,123.9,125.6,126,99.6,136.1,135,119.9,129,169.3,141.8
20150505,11,AQI,75,74,78,73,88,73,72,76,,86,75,83,76,70,78,87,70,69,75,73,73,68,60,69,66,56,65,96,77,77,84,74,82,85,81
20150505,12,PM2.5,68,51,51.4,67.2,72,50.3,62.6,,,93.3,105.6,72.6,94.7,39.2,100.8,60,51.7,58.3,66.6,61.1,55.1,50.6,21.2,42.2,41.7,39,51.1,85.4,78,100.5,100.9,69.2,49.3,91.3,76.8
20150505,12,PM10,144.5,141.8,144.5,159.9,131.4,119.2,125.8,160.1,,166.4,159.3,184.2,105.7,89.7,111.2,101.8,99,166.7,141.1,152.5,125.6,117,118,197.1,170.7,118.3,134.9,101.4,100.2,120.4,147.2,163.3,150.9,199.2,139.1
20150505,12,AQI,77,76,80,75,90,74,74,77,,89,76,85,80,71,78,89,71,72,76,76,74,70,61,71,68,59,67,97,80,82,89,76,84,88,84
20150505,13,PM2.5,81.5,54.3,48.2,64.9,63.3,46.2,82.8,,,128.6,80.8,77.4,104.1,57.7,72.5,59.1,56.7,44.3,63.5,77,,54.1,12.7,41.8,32.4,33.4,54.3,90.6,55.1,89.9,68.4,63.5,46.5,85.9,79.9
20150505,13,PM10,156,144.7,175,159.7,134.8,125.7,140.2,149.5,,166.3,184.8,175.7,130,94.4,169,121.4,113.9,144.7,152.2,102.1,154.2,104.4,96.6,170.7,135.3,81,143.3,93.8,109.6,130.4,189.2,158.5,164.3,167.5,149.9
20150505,13,AQI,79,78,82,77,91,76,77,79,,95,79,87,85,73,80,88,73,73,77,77,76,72,63,75,69,60,70,98,82,85,92,78,87,90,88
20150505,14,PM2.5,67.7,61.6,53.7,57.8,54,46.9,89.6,,,168.6,86.6,78.3,102,44.3,61.8,53.9,42.4,44.6,49.8,45.4,28.6,55.9,7.5,34.9,22.6,17.9,51.6,135.3,69,89,72.5,72.5,48.7,85,88.1
20150505,14,PM10,161.7,155.8,162.4,147.9,145.4,151.7,167,108.5,,171,172.5,181.9,114.4,103.2,114,159.1,104.6,127.1,161.2,138.5,108.7,63.9,106.7,143,105.4,58.9,144.8,137.9,126.6,,184.3,158.2,177.1,136.9,156.5
20150505,14,AQI,82,80,84,79,93,79,81,80,,104,83,89,89,75,82,90,74,75,78,79,78,72,65,77,71,61,72,102,85,89,93,80,89,93,90
20150505,15,PM2.5,53.3,58.1,55.7,67.7,54.5,45.4,63.4,,,,74.9,45.7,86.5,51.5,55.8,56.3,40.5,33,,42,62.1,28.5,3,20.1,16.9,12.4,41.9,131.4,71,79.6,67,59.2,57.1,86.9,84.6
20150505,15,PM10,152,115.5,149.6,145.3,126.3,136.8,121.1,100.1,,127.8,161.4,90.4,104.7,106.1,147.2,87,111.1,97.7,,142.4,92.7,69.6,63.8,94.4,103.1,75.2,166.3,141.7,125.8,116.4,147.7,148.7,175.6,160,138.6
20150505,15,AQI,84,81,86,81,93,80,82,80,72,106,85,89,92,76,84,90,74,76,,80,78,73,66,78,73,62,74,105,87,91,92,82,91,96,94
20150505,16,PM2.5,35.5,75,37,29.2,28.9,31.1,43.9,,9.5,,46.6,53.2,92,48.4,58.1,38.8,36.2,12.9,,40.7,3,7.5,3.7,23.9,19.8,17.7,34,127.5,58.8,62,48.6,45.8,38.3,88.7,73.9
20150505,16,PM10,124.1,,99.5,51.4,62.1,31.5,91.2,68.6,,79.9,134.1,110.7,93.5,102.6,150.8,110.9,108.2,102.7,,91.6,26.1,58.8,53.2,85.8,63.7,57.2,116.1,155.6,144.5,109.7,97,103.1,190.8,,119.9
20150505,16,AQI,84,82,86,80,91,79,82,80,72,108,85,89,95,77,84,90,75,77,,80,77,73,65,78,72,63,75,107,89,93,91,82,93,99,96
20150505,17,PM2.5,26.6,20.6,21.1,18.7,18.5,20.5,24.9,,13.2,,29.1,31.8,65.6,22.4,41.4,32,29.9,13.5,17.8,22.8,,12.1,3,18.3,11.8,3,25.3,130.3,71.4,67.9,28,21.3,10.7,20.8,44.3
20150505,17,PM10,101.1,76.8,83.8,69.8,100.2,76.3,84.9,56.2,85.7,58.6,91.3,106.4,143.9,66.3,,,49.8,86.2,104.5,101.3,63.8,66.2,31.5,63.7,55.5,40.7,101.4,151.7,161.6,160.1,87.9,80,96.2,47.2,89.2
20150505,17,AQI,85,82,86,80,90,79,81,80,72,111,84,90,97,76,84,90,74,77,79,80,77,73,66,78,72,62,76,110,91,95,90,82,93,98,96
20150505,18,PM2.5,26.5,12.6,13.6,11,15.5,14.8,21.8,,25.3,98.6,17.6,13.4,53.8,19.6,24.7,32,15.3,25.5,9.8,20.3,,25.9,3,14.6,12.6,10.2,16,61.7,45.8,60.9,25.5,17.7,14.7,23.5,31.9
20150505,18,PM10,78.2,62.2,70.6,60.8,91.6,47.3,63.8,51,56.8,,66,80.3,,76.9,54.5,59.3,36.5,66.6,67,75.1,41.1,41.4,39.4,62.2,42.3,43.8,79,173.9,189.1,131.7,72.2,72,85.3,75.4,104.3
20150505,18,AQI,85,82,86,80,89,78,80,83,72,115,84,89,98,76,84,89,73,77,79,80,76,72,65,77,71,62,76,109,90,96,90,82,93,97,95
20150505,19,PM2.5,19.5,10.1,14.4,14.2,16,12.2,19.8,,12,70,21.3,14.3,23.1,21,20,21.3,17.4,32.6,8.6,19.8,12.1,12.4,3,8.5,12.7,12.6,16.7,37.9,48.9,54.3,14.8,8.3,17.6,33,21.6
20150505,19,PM10,69.6,58.4,50.2,53.1,85.4,53.3,54.8,48.3,29.5,,55.5,63.8,44.6,48.2,54.1,49.3,35.7,45.5,56.3,66.3,51.4,42.2,27.2,46.4,42.5,44.9,68.2,,176,172.6,67.9,60.6,78.2,54.1,64.1
20150505,19,AQI,84,81,85,78,87,77,78,85,70,115,82,88,96,75,83,87,72,76,79,79,75,71,63,77,70,61,76,108,90,95,89,81,92,95,94
20150505,20,PM2.5,20.2,17.6,17.1,7.8,12.2,12.7,24.9,,19.7,59.9,10.7,18.1,31.7,3,7.3,21.8,11.1,14.2,10.1,14.8,14.1,17.4,3,13.6,14.4,3,11,25.1,59.9,52.8,19.8,15.2,,31,27
20150505,20,PM10,70.8,64.3,45.3,58.2,66.2,50,55.9,45.4,53.7,64.1,55,70.2,70.8,45.6,54,82.9,46.7,50.2,55.1,66.5,53.6,38,36.8,52.4,58.1,43.4,44.2,146,124.9,150.2,63.3,58,,61.3,58.9
20150505,20,AQI,82,78,82,76,85,74,77,87,67,115,80,86,94,72,81,85,71,75,77,78,74,70,63,76,70,61,75,105,90,95,87,79,,93,92
20150505,21,PM2.5,25.6,18.9,14.9,5.2,30.9,12.3,19.4,,3,49.1,18.7,19,28.7,8,18.3,26.4,21.4,15.4,14,18.4,5.3,10.2,3,8.5,11.9,4.7,14.7,36.9,55.2,68.3,12.4,18,17.7,38.1,31.7
20150505,21,PM10,83.7,100.4,66.1,95.3,84.3,62.6,67.7,60.1,55.4,66.1,57.5,95.8,62.7,48.4,74.3,116.7,39,36.7,83.2,65.9,57.2,49.8,27.4,47,52,57.9,62.6,91.3,113.2,161.9,92.2,67,76.8,94.2,68.4
20150505,21,AQI,81,78,80,75,82,72,76,87,65,107,79,84,93,69,78,83,68,73,77,77,72,69,62,75,70,61,74,103,90,96,86,78,88,90,90
20150505,22,PM2.5,20.1,19.3,17.1,22.5,16.8,12.8,26.5,,25.5,61.9,7.7,10,24.6,32,22.1,17.6,5.8,7.2,18,10.4,13.8,7.4,3,3.3,11.1,12.4,17.2,27.2,43.5,102.9,20.7,21.6,16,31.6,34.6
20150505,22,PM10,64.3,55.3,28,22.6,53.9,44.5,53.2,48.1,28.2,62.6,70.9,51,55.9,46.7,41.6,27.8,49.5,26.7,65.1,50.3,41.8,31.6,23.3,31.7,,,48.3,40.2,,186.4,53.5,78.6,65.7,69,75.7
20150505,22,AQI,80,77,79,74,81,71,75,87,63,105,78,83,91,68,77,81,67,71,76,75,70,67,61,74,70,60,73,100,89,99,84,78,86,88,88
20150505,23,PM2.5,19.3,14.1,11.4,11,13.7,9.6,11.8,,10,39.8,23.8,6.5,23.5,20.5,14.9,10.4,10.2,8,7.7,6.8,14.9,3,3,6.9,77.2,5.5,3,18,41.2,87.6,16.1,16.8,9.3,26.4,22.1
20150505,23,PM10,58.3,20.1,28.3,33.5,35.3,38.6,22.7,45.7,38,44.5,87.2,45.7,51.3,31.1,27.5,60.8,46,24.5,45.5,35.4,30,16.1,16.7,34.2,,29.4,31,47,,,42.5,65.3,44.8,44.2,63.7
20150505,23,AQI,79,75,77,72,79,70,73,88,61,103,78,82,89,66,75,80,66,70,75,74,68,65,59,73,71,59,71,98,88,100,82,77,84,85,86
