date,hour,type,dongsi,tiantan,guanyuan,wanshouxigong,aotizhongxing,nongzhanguan,wanliu,beibuxingqu,zhiwuyuan,fentaihuayuan,yungang,gucheng,fangshan,daxing,yizhuang,tongzhou,shunyi,changping,mengtougou,pinggu,huairou,miyun,yanqing,dingling,badaling,miyunshuiku,donggaocun,yongledian,yufa,liulihe,qianmeng,yongdingmengxi,xizhimengbei,nansanhuan,dongsihuan
20150423,0,PM2.5,48.8,46,43.7,44.5,50.3,50.9,44.8,59,42.9,,48.3,46.1,54.2,46.9,50.9,45.5,53.2,37.8,47.7,47.6,47.3,45.6,44,36.4,38.1,38.9,66.4,79.6,55.1,49,51.7,56,45.2,64.4,53.4
20150423,0,PM10,71.3,99.3,130.9,110,130.6,118.1,96.5,146.4,102.4,142.1,124.1,145.6,98.6,102.2,125.8,135.2,92.6,76.9,124.1,,101.6,91.9,117.4,82.1,88.3,71.8,87.8,93.8,109,74.3,119.7,114.8,128.7,112,80.5
20150423,0,AQI,66,71,83,78,93,81,92,80,67,103,86,85,84,82,83,91,85,69,79,56,68,62,58,67,57,50,69,84,74,62,90,101,96,100,84
20150423,1,PM2.5,50.4,50.8,45.7,49.1,50.4,52.9,46.6,58.8,43.1,,57.2,48,55.2,50.8,52.2,45.9,51.4,35.9,47.3,50.6,48.1,51.6,40,43.5,41.2,37.3,75.2,50.2,57.3,53.7,48.4,61.9,51.3,67.3,51.4
20150423,1,PM10,74.8,99.2,132.8,117.9,125.8,102.9,134.4,125.6,89.4,138.6,112,132.8,100.7,108.4,119.3,104,81.6,81.6,102.3,,132.1,91.3,113.6,82.7,87.3,67.2,92.9,92.5,103.4,92.7,123.3,118.2,139,116.9,85.6
20150423,1,AQI,67,72,84,80,94,81,93,81,68,104,88,87,84,81,81,89,87,70,80,56,70,63,60,67,58,51,72,82,74,63,91,100,98,100,84
20150423,2,PM2.5,57.9,54.8,53.2,54.3,56.9,55.1,49.7,52.3,37.4,,50.8,53.3,56.6,56.6,55.7,54.3,103,39.1,44.2,39.3,46.5,33,46.8,43.7,39.7,40.6,74.5,59.7,61.6,61.9,56.9,58.8,49.5,66.7,61.6
20150423,2,PM10,79.1,90.9,133.5,98.8,159,100,93,113.7,79.8,150.7,112,146.3,113.3,109.5,114.7,133.4,,83.4,101.2,,80,111.4,79.1,81.1,81.5,68.4,88.8,95.8,106.4,96,129.2,127.5,134,114.7,104.9
20150423,2,AQI,67,72,84,79,94,80,92,81,69,103,87,85,83,81,81,89,90,70,79,56,72,64,61,68,60,52,73,81,74,63,90,100,96,100,84
20150423,3,PM2.5,62.6,60.3,57.7,71.7,63.5,59.5,50.5,52.2,40,,60,52.8,70.9,60.5,57.1,60.9,90.6,41.5,43.2,43,46.5,41.4,42.3,41.1,41.2,47.6,80.8,63.8,66.7,68.9,70.4,67.6,51.2,79.8,74.4
20150423,3,PM10,81.1,90.4,126.4,130.2,182.7,105.5,96.6,107.1,85,127.8,111,117.8,112.6,112.4,100.7,105.2,108.7,91.3,109.2,,80.2,127.1,79.3,78.7,82.1,67.2,85.5,99.1,106.6,101.8,140.4,118.3,146.8,109.1,114.3
20150423,3,AQI,67,72,84,80,95,81,91,83,70,103,87,85,83,81,81,88,92,71,80,58,71,66,62,69,60,53,139,81,75,63,90,100,93,101,84
20150423,4,PM2.5,68.8,58.2,59.9,69.4,65.5,71.8,51.9,54.3,41.8,,62.2,49.7,74.1,68.1,61.3,67.2,80.2,41.1,40,43.3,42.8,50.8,53.4,38.5,87.6,46.9,87.9,71.2,77.8,74.1,70.1,70.8,65,74.6,80
20150423,4,PM10,88.6,91.7,122.7,119.1,209.1,103.9,118.6,116.1,92.3,124.4,113.6,117.4,109.7,104.9,108.3,94.2,100.9,89.3,78.9,,83.7,111.4,78.6,76.8,,71,92.8,97.6,118.8,98.5,144.1,126.4,162,139.6,137
20150423,4,AQI,67,72,84,80,97,81,90,83,70,102,87,85,83,80,81,88,94,73,81,59,72,67,64,70,61,55,78,81,76,64,89,101,92,101,84
20150423,5,PM2.5,68.6,59.1,61.6,69.9,61.3,75,50.5,47.8,55.3,,64.7,44,87.3,72.9,72.6,68,68.4,37.8,41.2,55.5,42.8,53.6,42.3,41.2,105.9,45.8,83,73.5,77.9,81.9,94.5,60.3,53.7,74.6,78.6
20150423,5,PM10,79.8,91,138.9,97.7,126.5,106.2,151.7,99.6,116.6,180.1,90.8,128,125.6,114.1,110.6,117.7,106.3,78.6,84.2,,80.6,120.5,82.4,90.1,,76,86.1,102.5,128.1,103.7,181.1,129.3,100.2,134,131.8
20150423,5,AQI,68,72,85,80,97,81,91,85,71,102,88,86,82,80,80,87,95,73,81,61,72,69,65,71,62,56,80,106,77,65,89,101,90,100,84
20150423,6,PM2.5,69.7,69.4,57.4,60.3,73.5,66.1,64.7,49.4,57.8,,58.4,52.2,97.7,75.8,79.3,92.7,78.9,49.8,54.1,53,44.3,55.8,45.8,52.2,61.6,40.1,82.5,87.3,88.3,84.1,79.3,79,53.5,93,92.1
20150423,6,PM10,91.1,106.4,164.5,96.1,166.6,115.1,152.1,123,128.2,147.2,114.1,131.8,133.1,133.1,124,175.9,100.5,89,97.2,,97.7,102.4,92.3,105.7,,57,90.6,124.1,130.1,111.5,152.8,,184.3,150.4,125.9
20150423,6,AQI,68,73,85,80,98,82,91,86,73,100,89,86,81,80,81,88,97,73,82,62,74,70,67,70,63,56,81,80,77,66,89,101,88,102,84
20150423,7,PM2.5,74.3,64,72.5,58.9,73.9,80,66.9,62.9,46.9,,69,60,83,89,84.8,97.3,73.3,46,55.1,62.2,49.1,62.3,50.1,54.3,40.2,36.1,88.6,108.9,84,86.1,71.2,69.4,79.8,76.7,86
20150423,7,PM10,102.3,168.9,167.9,159.7,160.1,132.1,132.9,137.6,119.4,170.8,129.3,136.6,125.8,148.4,140.7,177.9,113.8,117.7,93.6,,87.8,128.7,88.6,116.5,99.5,70.9,94.7,138.1,140.7,131.6,161.2,180.4,177,200.9,128.9
20150423,7,AQI,69,73,86,80,99,82,90,87,75,97,89,88,81,80,80,87,98,75,81,64,75,72,68,71,65,57,83,81,78,67,88,100,88,101,82
20150423,8,PM2.5,86.3,76.3,77.5,73.4,90.9,101.6,72,87.5,72.4,,68.7,68.5,115.6,83.7,98.6,108.5,71.5,45.9,48,67.3,66.7,57.7,64,48.6,146.4,51.3,106.2,117.1,107.9,98.6,83.8,89.1,77.4,91.6,106.7
20150423,8,PM10,114.6,179.4,182.7,161.6,162,149,184.9,163.9,118.7,189.3,129.1,149.3,148,191.6,165.1,238.4,125.6,144,110.7,,140,109.1,110.7,123.8,,72,128.9,182,165.8,130.4,176.2,171.4,181.6,213.6,134.9
20150423,8,AQI,70,75,87,81,99,82,90,89,76,96,90,90,81,81,82,88,97,76,83,64,77,73,70,72,66,58,86,80,78,69,88,98,90,99,82
20150423,9,PM2.5,102.9,90.3,87.2,88,99.2,107.9,79.1,154.7,57.6,,85.5,76.1,103.1,91.2,110.5,110.4,61.5,57.4,70,63.4,63.7,53.6,52.8,51.1,,52.5,105.5,136.1,123.9,101.6,106.5,105.6,94.4,110.3,111.2
20150423,9,PM10,112.2,188.4,183.8,186.4,173.9,161.6,169.8,190.7,115.9,181.3,155.6,158.9,159.3,194,163.5,205,103.7,106.5,139.1,,127.5,105.3,101.6,140,66.9,71.1,110.2,161.7,236.3,144.9,173.2,165.2,187.9,159.8,159.4
20150423,9,AQI,72,77,89,83,100,81,90,91,77,97,91,92,82,82,83,90,94,78,84,65,78,73,71,75,66,59,88,82,81,73,90,98,93,98,80
20150423,10,PM2.5,97.9,,86,91.2,88,98.9,80.9,137.9,61.5,,78.9,75.1,92.8,83.1,111.8,86.2,65.5,145.4,69.2,69.8,65.7,58,55.3,63.7,,54,98.5,105.9,131.4,90.7,105,120.5,91.9,120.9,111.5
20150423,10,PM10,,,167.3,157.2,131.2,133.3,163.7,157.5,109.8,154.9,123.7,141.5,157.5,172.7,332.3,138.2,93.5,194.4,116,,114.7,107.2,90.6,143.8,96.2,58.3,106.6,157.3,194,128.7,148.8,155,151.6,166.2,
20150423,10,AQI,75,,91,84,100,82,89,92,77,98,90,92,84,84,88,90,86,80,85,65,79,74,72,77,67,59,90,81,83,75,91,98,93,100,82
20150423,11,PM2.5,91.9,,87.2,84.2,83.9,,86.7,81.1,77,,75.9,74.6,,87.5,97,72.4,66.6,,69,69,76.9,57.8,47.1,81.4,17.1,57.4,117.6,104.7,139.8,91,96.7,108.8,89.9,120.9,95.1
20150423,11,PM10,,,158.8,135.9,139.7,,159.6,146.9,123.4,157.5,102.3,123.3,,150.1,163.3,125.5,109.2,185.9,116.2,,110.3,89.5,86.5,138.3,136.1,84.1,149.1,149.5,185.1,145.1,142.9,115.7,151.6,168.6,99.6
20150423,11,AQI,78,,92,85,101,83,90,92,78,98,90,93,85,85,89,91,86,83,82,66,80,74,73,78,70,59,96,84,88,79,91,99,94,102,85
20150423,12,PM2.5,96.5,,86.8,82.4,80.7,,89.9,95.7,55.4,,,84.2,75.4,92.4,91.6,76.8,,,80.8,79.7,73,59.2,30.7,81.3,21.6,53.6,104.4,94.2,128.3,97.3,102.9,111.8,92.5,122.2,89.9
20150423,12,PM10,,,161.4,135.4,128.4,,160.1,174.3,129.3,168.3,,131.1,114.3,155.9,274.4,136.7,169,142.4,145.1,,121.5,117.7,,136.2,156,72.8,115.5,151.4,186.5,150.3,152.6,111.9,159.9,150.5,99.4
20150423,12,AQI,81,79,94,86,101,84,91,93,79,98,91,93,87,87,93,93,87,84,81,66,78,76,75,80,74,60,98,85,93,82,92,100,96,104,88
20150423,13,PM2.5,81.4,100.3,94.7,92.8,80,62.2,113.5,95.4,75.4,,28,97.9,101.6,93.4,88.2,65,50,,111.3,69.5,163.8,32.5,15,82.9,88,30.3,82.7,93.6,119.3,96,100.7,104.8,93.5,149.4,87.5
20150423,13,PM10,,158.3,174.5,143.1,140.3,153.8,153.2,178,131.1,180,,172.9,160.1,161,165,119.6,120,147.3,146.1,,,53.4,45.3,133.7,,58.7,88.9,148.3,161.5,162.3,156.7,141.4,151.6,185.1,176.5
20150423,13,AQI,84,81,96,88,103,86,93,95,80,111,92,95,90,88,95,94,88,85,83,67,81,76,74,82,76,61,100,88,97,85,94,101,97,109,90
20150423,14,PM2.5,92.5,127.4,91.8,93.9,,74.3,98.8,80.9,89.8,,86.9,97.3,93,103.1,102,63.5,46.7,66.4,113.5,84.8,,25.4,8.4,77.9,,23.9,64,75.4,118.4,109.8,,121.9,96.8,130.3,77.6
20150423,14,PM10,,161.1,174.1,163.6,136.5,157.2,157.4,142,140.8,168.6,336.5,,153.8,179,200.8,142,87.5,122.3,144,,97.7,58.3,33.9,88.8,52.1,55.8,83.4,129.1,160.6,155.9,,155.1,146.7,165,193.2
20150423,14,AQI,87,83,98,90,103,88,93,95,81,102,98,95,93,90,96,95,89,85,83,70,81,76,72,81,76,61,101,91,101,89,,103,98,112,92
20150423,15,PM2.5,80.6,103.5,81.5,73.3,,65.1,75,55.9,24.5,,21,32.3,94.2,88.6,91,69.2,44.3,28.3,58,99.2,,41.1,12.4,50,,14.7,131.4,65,106.2,93.8,,96.1,85.3,108.6,84.7
20150423,15,PM10,82.8,132,158.7,116.9,115.7,202.1,143.1,120.9,56.2,173.7,337,111.8,141.8,157.6,150.7,157.9,104,,88,,5,121.9,73,108.1,68.5,42.3,182.4,109.3,118,115.8,,,103.2,126.7,421.5
20150423,15,AQI,89,86,99,90,103,91,94,96,80,102,103,95,96,91,98,95,83,85,83,74,82,78,72,82,76,61,105,93,105,92,,105,98,114,95
20150423,16,PM2.5,58.4,84.5,49.2,54.2,,49.7,36.6,34.6,34.1,,12.5,42.1,68.5,29.8,79.8,67.8,19.7,36.5,15.2,82.8,52,17,12.2,27,106.8,7.4,125.3,75.6,66.6,75.3,,77.5,51,100.7,68.1
20150423,16,PM10,62.9,94,122.6,102.8,35.9,94.3,160.7,92.5,34.9,122.6,179.9,82.1,,155,,,83.8,73.8,93.9,,59,63.8,63.7,87,,41.8,,132.2,80.1,,,,,107.3,73.8
20150423,16,AQI,90,87,99,89,99,91,94,94,78,102,105,93,97,92,99,96,80,84,82,76,82,77,71,81,79,61,109,96,107,94,,105,98,116,96
20150423,17,PM2.5,50.1,46,18,29.4,15.5,23.1,25,27.5,21.7,,6.9,18.8,15.5,31.8,50.8,88.4,14.3,13.5,12.4,31.3,80.7,8.6,12.6,27.9,,6.4,79.4,86.9,50.4,48.6,,43.9,34.6,65.2,35.8
20150423,17,PM10,,81.4,112.9,57.7,69.5,74.4,126.7,112.3,35.6,88,141.8,30.9,112.3,100.6,,,59.9,61.8,55.7,,,55.6,62.3,89.9,55.4,75.8,86.8,,213.6,,,,,,55.8
20150423,17,AQI,90,86,98,88,96,90,95,93,77,100,106,90,96,92,99,96,78,82,80,76,83,76,70,80,81,60,111,99,107,95,,104,98,117,96
20150423,18,PM2.5,29.5,33.9,15.3,16,20,11,25.4,20.7,12.2,,7.4,20.5,32.5,15.7,40.6,97.4,11.9,12.8,9.6,25.1,53.5,7.7,6.7,24.8,,14.4,43.7,30.5,31,22.8,,47.2,25.9,57.7,32.4
20150423,18,PM10,52.9,76.6,85.4,75.9,52.8,98.3,102.8,101.1,66,114.9,117.4,53.9,56.9,84,,266.4,60.3,58.1,48.1,,,89.7,46.6,81.6,71.1,75.6,109,,,43.2,,,49.3,69.9,94.5
20150423,18,AQI,90,84,97,86,94,89,93,91,75,100,105,88,94,91,100,99,76,80,78,76,83,75,69,78,83,60,110,98,107,94,97,103,96,116,95
20150423,19,PM2.5,28.9,34.3,15.2,19.7,16,13.2,55.3,17.9,14.7,,10.2,18.2,3,18.9,29.7,56.9,8.4,10.1,8.8,23.5,52.2,22.7,8.8,22.5,,8.9,59.8,26.3,19.3,24.9,43.2,33.2,18,47.6,26.9
20150423,19,PM10,55.5,71,67.8,74.4,66.2,54.8,84,97.9,70.8,100.2,79.7,55.2,77.7,90.6,35.9,83.2,49.9,42.5,38.3,,58.7,67,49.3,68,68.8,78.6,76.2,78.4,68.8,,80.3,67.3,60.3,,54.6
20150423,19,AQI,89,84,96,85,92,87,92,90,75,99,96,86,92,90,98,97,75,78,77,75,83,74,68,77,85,60,110,98,106,94,97,101,94,115,94
20150423,20,PM2.5,23.1,14.9,25.1,18.8,13.1,14.4,16.1,21.2,13.3,,11.9,16.3,31.1,15.2,65.1,19,11.9,12.4,13.5,26.5,41.1,21.2,15.1,21.4,,8.3,37.5,26,34.8,10.5,16.3,35,22.2,38.8,18.8
20150423,20,PM10,59.6,72.9,75.8,51.3,60.9,58.4,85.9,80.1,66.7,90,115.2,71.4,82.6,85.5,,178.7,67.3,61.6,78.5,,,100.1,59.9,71.1,121.6,67.3,63.2,106.4,46.5,48.4,59.2,65,72.6,77.9,76.7
20150423,20,AQI,87,83,95,84,90,86,92,89,74,98,96,85,90,90,99,99,73,77,76,74,83,74,66,76,87,59,109,98,105,92,95,100,93,114,93
20150423,21,PM2.5,22.4,20.9,16.4,107.1,17.8,8.1,22.1,22.2,13.1,,14.1,23.3,28,16.7,29.6,52.7,8,12.6,7.6,21.4,36.5,11.6,14.4,16.7,,3.9,53.4,23.8,20.6,17.1,18.2,31.6,28.6,33.2,20.9
20150423,21,PM10,67.8,74.7,67.2,,74.1,55.5,87.1,81.7,88.1,85.8,104,71.8,91.2,77,102.8,76,86.3,62,81.6,,61.3,109,54.2,75,59.9,56.3,98.5,82.9,50.5,38.2,62.4,69.3,64.9,71.5,71.9
20150423,21,AQI,87,82,94,84,89,85,91,89,73,97,95,83,90,90,99,98,73,76,76,73,81,74,65,75,84,59,109,98,104,91,93,99,92,112,92
20150423,22,PM2.5,25.5,17.1,17.4,80.3,15.7,15.2,14.2,29.4,7.3,,15.4,18.4,21.8,18.7,33.3,72.8,12.2,6.7,12.6,46.2,35.3,3.6,12,15.1,,5.9,184.3,640.8,32.8,21.1,21.3,33.8,33.3,32.6,54.9
20150423,22,PM10,69.8,82.3,63.4,,60,100,67.9,111,41.2,74,95.9,60.2,70.3,84.2,112.1,144.3,61.6,42.7,74.9,,70,61.5,37,56.8,42.4,38.7,266.7,,84.8,53.6,60.2,78.2,93.6,99.2,139
20150423,22,AQI,86,81,92,86,87,85,90,89,72,95,95,82,88,90,99,98,73,74,75,74,80,73,63,74,85,58,116,129,103,90,91,97,91,110,92
20150423,23,PM2.5,23,21.3,19.2,54.3,19.5,18.2,15.4,25.9,15.6,,13.7,26.4,20.7,14.2,40.5,153.4,9.8,11.6,10.5,103.3,46.5,11,6.5,12.9,,6.5,218.4,58.6,76.9,20.4,25.4,34.5,34,36.4,42.3
20150423,23,PM10,57.1,82.6,69.7,70.2,78.2,75.4,70.7,115.8,52.3,77.1,87.5,77.5,67,81.6,481.8,695,55.5,47.4,54.8,,66.9,43.3,29.4,45.7,30.4,36.1,313,222.8,371.3,53.7,73.8,109.3,97.4,79.5,102.8
20150423,23,AQI,84,80,91,87,86,81,89,89,71,94,94,81,87,89,108,111,72,73,74,77,79,72,62,73,87,57,124,129,104,89,90,96,90,109,92
20150423,0,SO2,18.5,14.4,14.7,13.5,15.3,17.8,16.8,3.7,10.3,15.2,13.5,15.5,14.6,24.4,15.5,12.1,13.3,5.9,2,7.4,11.9,16.3,6.9,17.5,9.1,8.4,4.1,20,28.1,17.1,17.8,19.5,16.3,22.6,19
20150423,0,NO2,36,37.9,39.4,52.5,51.3,44.8,41.7,49.9,39.2,68.1,31.1,60.5,38.3,39.5,30,48.5,49.6,21.7,99.9,39,42.4,26.9,36.4,12.7,81,16.7,20.4,25,28.8,26,51.8,45.6,65.7,96.6,44.1
20150423,0,O3,76.1,89.5,85.4,64.8,69.6,83.8,95.4,38.3,69.2,30.5,81,62.3,69.6,80,79.1,61.7,58.4,92.4,6.8,64.7,63,103.8,80,99.3,53.3,107.4,88.6,78.4,82.9,80.9,65.4,72.8,69.6,29.5,82.1
20150423,0,CO,0.6,0.5,0.5,0.5,0.5,0.5,0.6,0.8,0.5,0.6,0.6,0.6,0.5,0.6,0.4,0.6,0.5,0.5,0.6,0.7,0.6,0.5,0.5,0.5,0.4,0.4,0.7,0.6,0.5,0.1,0.6,0.5,0.6,0.6,0.5
20150423,1,SO2,21.4,15.1,15.2,13.7,16.9,20.9,16.9,2,9.4,15.6,13.5,15.9,16.4,28.2,16.3,14.7,11.3,5.9,2,7.5,11.3,16.2,5.1,17.6,9.3,8.7,9.6,21.2,25.6,19.1,19.6,21.9,13.2,22.5,19.1
20150423,1,NO2,38.7,38.4,43.3,53.9,50.7,45.6,43,47.6,31.7,69.3,43.5,56,38.9,38.5,28.7,57,41.2,21.4,73.7,37,42.8,29.2,34.9,12.7,42.5,16.8,22.5,28.5,27.1,28.5,59,45.3,64.4,84.8,43
20150423,1,O3,64.4,78.4,70.8,55.2,59.9,75.7,85.6,24,66.7,16.4,61,61.2,57.1,74.8,74.4,44.8,42.8,88.8,23.4,62.1,46.6,93.8,68.3,96,93.6,100.6,84.1,72.1,76.9,73.2,50.8,63.7,57.2,31.9,63.4
20150423,1,CO,0.6,0.6,0.6,0.6,0.6,0.5,0.6,0.7,0.5,0.6,0.7,0.6,0.6,0.6,0.4,0.6,0.5,0.5,0.6,0.6,0.6,0.6,0.5,0.5,0.4,0.4,0.9,0.6,0.5,0.1,0.6,0.6,0.6,0.6,0.5
20150423,2,SO2,25.6,17.8,17.5,16.2,16.8,24.7,13.8,6.1,8.1,18.2,11.7,14.7,18.6,27.8,15.9,16.6,16.9,5.3,2,7,6.7,13.5,4.1,5.8,9.3,11.8,8.9,38.1,26.4,19,21.8,25,15.3,23.9,17.9
20150423,2,NO2,40.8,41.6,43.2,57.4,72.2,47.1,60.8,60.1,30.7,56.1,39.6,83.7,48.4,43.3,37.4,51.7,36.8,21.2,36.8,27.4,32.5,39.4,32.1,12.2,34.5,16.8,23.3,32.6,27.5,32.5,69.3,50.7,66.1,82.3,60
20150423,2,O3,45.3,66.5,62.5,45.4,32.3,67.6,52.5,6.7,60.4,23.8,52.1,24.6,37.6,59.9,58,42.4,11.1,76.6,46.1,68,43.8,67.7,58.5,94,98.8,95.8,77.7,62.3,71.8,62,35.6,52.3,47.3,26,25.7
20150423,2,CO,0.6,0.6,0.6,0.6,0.5,0.5,0.6,0.6,0.5,0.6,0.6,0.8,0.5,0.6,0.4,0.6,0.4,0.5,0.5,0.5,0.6,0.6,0.5,0.5,0.4,0.5,1,0.7,0.6,0.1,0.7,0.6,0.6,0.6,0.6
20150423,3,SO2,28.8,15.5,16,16,18.5,26.4,9,5.8,7.2,16,10.4,10.6,16.6,31.8,13.8,14.2,8.6,4.6,2,6.9,6.4,8.9,3.5,4.6,9.3,11.2,2,20.2,19.1,20.3,23.4,25.7,12.2,22.1,17.5
20150423,3,NO2,48,40.5,53.4,67.8,92.3,47.3,78.7,67.6,34.1,66.8,47.1,91.7,52.1,43.4,38.4,87.7,33.9,33,39.4,20.5,23.3,68.2,54.1,13.5,30,17.3,21.1,49.3,29.6,34.2,77.3,54.2,78.8,83.4,86.1
20150423,3,O3,30.1,59.2,43.2,28.6,8,58.9,18.5,2,54.1,2.8,42.8,5.5,32.8,51.3,50.9,2,9.7,67.8,40.8,71,53.9,20.8,27,84,101.2,88.4,277.2,46,63.9,55.8,22.6,41.7,30.4,16.7,6.7
20150423,3,CO,0.6,0.5,0.6,0.6,0.6,0.6,0.7,0.6,0.4,0.6,0.6,1,0.6,0.6,0.4,0.8,,0.5,0.5,0.5,0.6,0.6,0.5,0.4,0.3,0.5,0.9,0.8,0.6,0.5,0.7,0.6,0.6,0.6,0.8
20150423,4,SO2,31.7,12,11.4,14.9,13.4,27.9,6.1,4.9,6.4,12.1,9.5,8.1,14.9,29.6,17.1,17.7,10,4.9,2,7.7,6.5,6.7,3.3,4.3,9,10.8,10.5,17.3,22.7,17.9,23.2,21.1,6.9,23.7,23.6
20150423,4,NO2,49.8,60.2,57.7,61.9,88.7,61,91.8,59.8,34.8,69.1,59.5,89.6,48.3,50.4,34.1,87.2,42.8,60.8,34.9,23.4,22.7,63.3,57.1,15.9,21,18.3,23.1,78.6,33.5,36.6,67.6,75.9,95.4,85.9,108.7
20150423,4,O3,36,20.5,26.8,24.7,,39.4,5.6,,41.6,2,22.9,2,27.7,36.3,48.9,2,11,43.4,43,65,53.2,10.9,21.9,70.7,105.1,77.3,71.8,26.5,53.2,,15.9,14.3,14.5,8.4,2
20150423,4,CO,0.5,0.6,0.6,0.7,0.6,0.6,0.7,0.7,0.5,0.7,0.6,1,0.6,0.6,0.5,0.9,0.5,0.6,0.5,0.6,0.6,0.6,0.5,0.4,0.4,0.5,0.9,0.8,0.7,0.5,0.7,0.9,0.9,0.7,0.9
20150423,5,SO2,29.8,7.4,9.9,10.5,11,22.2,8.3,5.6,12.1,13.2,8.8,7.9,11.6,37.8,19.4,13,8.1,2.9,2,8.3,5.8,5.9,4,5.4,8.6,6.2,9.6,16.8,23,12.2,22.1,12.2,8.4,21,17.6
20150423,5,NO2,60.1,54,91.4,66.6,96.4,66.5,89.7,72.8,53.4,84.7,70.3,96.3,81,51.5,33.9,83.4,71.6,37.4,38.8,21.4,18.9,61,40.5,20,46,,27.6,250.6,43.7,61.8,96.3,77.2,99.8,90.7,95.1
20150423,5,O3,23.8,12.8,3.6,10.5,2,25.8,5.5,2,32,2,18.3,2,3.9,31.2,43.5,2,2.2,41.5,37.7,62.6,52.3,6.7,35.2,65.1,72.1,63,61.6,8,32.8,20,2,2.1,15,2,2
20150423,5,CO,0.7,0.6,0.7,0.7,0.7,0.6,0.6,0.6,0.5,0.8,0.6,0.8,0.7,0.7,0.5,1.1,0.7,0.5,0.5,0.7,0.6,0.6,0.5,0.4,0.4,0.4,0.8,0.8,0.8,0.5,1,1.1,0.8,0.8,0.9
20150423,6,SO2,17.4,9.2,9.8,11.7,14.2,17.7,10.3,6.3,14.7,14.7,7.7,8.6,10.8,39.3,18.6,14.4,12,3.9,2,8.1,5.6,8.6,3.6,6.5,7.4,5.2,9.3,16.6,14,8.3,16.9,15.5,5.8,24.5,14.6
20150423,6,NO2,90.7,78.6,92.1,85.1,89.6,93.3,81.7,70.4,62.5,87.9,91.1,93.5,83.8,64.2,48,82.2,69.3,39.8,41.8,27.1,21.1,65.8,43.7,28,64.6,18.4,33.3,106.7,54.4,71.6,96.6,90.8,97.2,110.8,91.8
20150423,6,O3,3.5,2.9,2.1,2.8,2,2.7,6.5,2,26.9,2,2.7,2,2,15.3,26.8,2,7.6,42.3,39.5,52.5,47.2,10.5,30.7,58,39.9,62.9,52.2,6.4,9.1,3.3,2,2,16.2,2,2
20150423,6,CO,0.9,0.8,0.8,0.8,0.9,0.8,0.7,0.8,0.6,0.7,0.8,0.8,0.9,0.9,0.6,1.5,0.9,0.5,0.5,0.7,0.7,0.7,0.5,0.5,0.4,0.5,0.8,0.9,0.8,0.6,1,1.2,0.8,1.1,0.9
20150423,7,SO2,18.9,11.2,17,13.5,19.3,18.4,12.5,7.9,13.9,16.6,9.2,12.8,13.7,45,22.1,20.6,13.8,,2,8.8,8,9.7,4.9,5.8,17.3,5.3,8.7,21.7,16.4,12.8,14.9,17.6,10.7,30.3,14.9
20150423,7,NO2,86.5,93.3,83.7,97.1,81.1,90,76.9,68.1,52.7,86.6,82.7,80.8,91.3,86.5,84.6,77.3,73.2,85.5,41.8,46.1,24.1,64.5,59.8,35.7,91.7,20.7,34.5,104,57.3,63.4,91.6,96.4,89,128.8,89.9
20150423,7,O3,3.1,2.2,7.6,3.2,5.2,2,9.2,2,36.7,2,9.6,10.8,2,5.9,2,2,5.5,2.9,44,32.4,49.6,11.8,20.3,42.9,23.7,56.8,52.7,8.2,2,6.8,2,2,19.3,2,2
20150423,7,CO,1,0.9,1,0.9,1.1,0.9,0.9,0.9,0.6,0.9,0.7,0.8,0.8,1.2,0.8,1.5,0.9,0.5,0.5,0.9,0.7,0.8,0.6,0.5,0.5,0.5,0.9,1.1,0.9,0.6,1,1,1,1.4,1.2
20150423,8,SO2,21.6,16.6,20.5,18,23.5,23.2,15.1,9.4,12.8,22.4,14.6,16.5,15.4,37.3,27.6,34.8,15.2,,2,11.6,9.8,15.8,8.2,6.2,20,8.8,14.3,27.9,50.2,40.1,19.2,21.6,17.1,29.8,21.3
20150423,8,NO2,88.4,97.4,84,95.3,81.1,91.5,79,70.3,59.6,86.9,68,75.1,87.6,100.4,89,81.6,70.4,68,54.1,51.1,51.6,49.7,59.2,28.1,92,22.1,49.5,98.4,54.1,66.3,89.9,95,91.7,123.3,92
20150423,8,O3,7.2,4.6,10.9,8.7,10.9,2,12.9,2,25.7,2,25.7,18.7,7.9,6.6,5.3,2,6.2,11.3,30.4,31.5,19.9,41.6,21,52,29.1,63.3,38.9,17.7,11.6,18.5,5.4,4.6,22.9,2,2.7
20150423,8,CO,1.2,1.2,1.2,1.1,1.2,1.2,1.1,0.9,0.7,1.1,0.8,1,0.9,1.2,0.8,1.5,0.9,0.5,0.6,0.8,0.9,0.7,0.6,0.5,0.5,0.6,0.9,1.2,1,0.7,1.1,1.1,1.2,1.5,1.3
20150423,9,SO2,31.1,26.4,24.5,25.8,27.4,31.6,21.7,2,17.3,26.5,17.7,19,15.8,27.9,26,40.8,14.2,15.3,2,19.2,10.2,16.5,10.3,7.3,18.9,11.1,13.5,30.5,48.2,34.3,27.5,30.2,24.9,32.6,34.7
20150423,9,NO2,76.5,89.2,72.1,82.5,67.2,86.4,58,75.4,51.6,72.7,69.8,68.5,85.5,106.7,89,91.7,48.3,81.4,75.9,37.8,45.5,34.8,53.4,40.5,50.6,22.1,39,85.5,59,69.8,78.1,85.4,80.8,109.2,102.2
20150423,9,O3,25.3,19.4,28,26.8,31.9,21.5,43.8,2.3,47.7,8.1,29.6,30,13.2,11.5,5.9,2.5,36.4,9.9,15.3,61.6,29.6,67.5,44.9,42.4,58.5,72,60,33.8,25.9,26.2,21.7,16,37.5,3.4,10
20150423,9,CO,1.2,1.1,1.2,1.2,1.2,1.2,1,1,0.6,1.1,0.9,1,0.9,1.2,1,1.5,0.7,0.9,0.8,0.7,0.8,0.7,0.7,0.6,0.5,0.6,0.8,1,1.1,0.7,1.2,1.3,1.1,1.3,1.5
20150423,10,SO2,28.3,,23.5,26.1,24.2,29.8,21,8,17.2,26.4,18.6,19.5,17.5,29.1,31.8,35.1,14.3,11.6,2,18.6,12.5,18.3,16.8,10.6,15.3,12.1,14.4,31.7,50,27.6,26.2,33.2,30.1,40.3,39.5
20150423,10,NO2,76.5,,76.9,77.8,,75.8,68.4,72.8,42.9,76.2,57.5,74.7,78,92.2,73.2,61.4,48.4,83.7,63.6,38.3,39.3,29.4,40.3,66.7,31.5,18.1,27.8,68.4,65,79,81.3,89.7,,115,95.6
20150423,10,O3,36.6,,32.2,43.5,48.5,42.1,36.8,9,59.9,17.5,47.6,31.4,26.7,34.3,37,50.1,49.7,13,29,69.3,52,82.8,61.3,31.4,81.1,87.5,84.3,53.3,35.5,36.4,30.4,27.3,40.9,6.3,22.6
20150423,10,CO,1.1,,1.2,1.9,1,1,1.1,0.9,0.6,1.1,0.8,1,0.9,1.1,1,1.1,0.6,1,0.7,0.7,0.8,0.7,0.6,0.6,0.4,0.6,0.7,0.9,0.9,0.7,1.3,1.3,1.1,1.5,1.3
20150423,11,SO2,24.7,,20.3,22.8,20.7,23,19.6,16.2,17.7,25.4,19,20.8,14.3,28.3,25.2,22.1,12.8,14.9,2,16.9,15.2,18.2,22.4,13.5,16.6,13.6,11.5,35.5,44.7,23.1,23,29.5,24.8,37.6,35.6
20150423,11,NO2,84.3,,79.1,86.5,81.3,67.8,74.1,72.4,61.1,94.2,53.6,67.8,80.3,91.4,67,59,47.9,80.5,63.5,37,27.3,23.2,36.4,48.5,22.1,16.3,36.5,,80.3,90.3,91.7,92.7,93,137.6,93.3
20150423,11,O3,38.1,,37.6,43.1,41.1,48.4,33.3,21.4,45.5,8.4,55.3,45.8,27.1,44.4,54.1,65.9,60.3,27,33.7,79.9,78.1,103.4,64.9,58.8,97.4,108.6,79.2,75,52.2,40.1,30.5,29.6,38.1,2,32
20150423,11,CO,1.2,,1.2,1.1,1,0.9,1.2,0.8,0.7,1.2,0.8,0.9,0.9,1.2,0.8,0.9,0.6,1,0.7,0.7,0.7,0.6,0.6,,0.4,0.6,0.8,0.9,0.9,0.8,1.3,1.2,1.2,1.9,1
20150423,12,SO2,22,,18.9,21.1,18.5,40.6,19.5,21.4,17.7,23.8,15.2,21,15.7,27.7,23,19,10.9,15.5,2,17,12.6,17.1,10.2,13.7,9.8,12.2,12.3,31.1,34.9,23.2,21,26.4,19.8,35.4,29.2
20150423,12,NO2,92.5,,85.8,94.9,84.7,71.1,80.3,73.7,65.9,95,55.8,73.2,75.8,103.7,68.7,64.2,46,66.9,77.7,38.3,37.6,24.8,16.1,44,17,14,29.5,,91.7,100.1,99.5,102.1,99.5,146.5,115.2
20150423,12,O3,41.4,,43.7,47.2,49.5,67.3,40.4,34.4,48.1,16.6,55.2,51.3,38.6,41.4,60.3,73.8,67.7,56.7,27.6,84.4,90,115.9,93.4,76.5,105,127.7,101.8,,59.5,44.3,32.7,31.6,41.6,2,26
20150423,12,CO,1.3,,1.3,1.2,1,1.2,1.3,0.9,0.7,1.2,0.8,1,0.9,1.2,0.9,0.9,0.6,0.9,0.8,0.7,0.7,0.6,0.3,,0.3,0.6,0.7,0.8,0.8,0.8,1.5,1.3,1.2,1.8,1.2
20150423,13,SO2,16.7,21.4,17.6,20.4,15.8,16.2,18.4,21.9,17.9,22,18.4,20.8,16.7,25.9,18.9,16.1,10.7,14.2,2,14.3,11.3,9.3,2.7,14.1,2.2,5.5,7.9,31.1,32.2,21.3,18.6,25.3,17.2,33.9,28.1
20150423,13,NO2,72.5,105.3,90.4,107.3,81.2,75.9,81.1,74.6,62.2,87.5,69.4,82.4,82.9,97.4,73.4,57.3,39.3,61.2,60.5,34.9,18.9,13.3,5,55.8,15.5,8.5,20.3,48.2,91.3,93.8,116,108.2,104,159.1,109.7
20150423,13,O3,68.4,47.1,59.7,51.8,68.3,68.7,76.7,49.6,72,37.9,59,57.2,45.4,56.8,68.9,88,86.1,71.8,53.1,99.9,134.8,138.4,102.8,81.9,107.6,141.3,115.4,101.1,69.4,62.5,34.5,38.8,56.9,3.9,44.1
20150423,13,CO,1,1.2,1.3,1.3,1,0.8,1.3,1,0.8,1.1,0.9,1,0.9,1.1,0.8,0.8,0.5,0.7,0.8,0.7,0.6,0.4,0.1,0.7,0.2,0.4,0.6,0.8,0.8,0.8,1.4,1.4,1.2,2,1
20150423,14,SO2,17.7,20.5,16.2,19.4,13.6,14.2,16.5,17.9,16.1,19.3,15.9,10,15.3,25.5,18.9,15.8,10.3,12.3,2,10.2,9.4,5.6,2,9.5,2,2.9,2.9,30.3,30.4,23.4,,22.3,16.8,29,22.1
20150423,14,NO2,79.7,84.1,95.8,104.2,69.3,80.2,83.8,63.6,88,79.5,65.5,51.3,75.1,96.2,88.5,62.4,25.3,36.5,7.2,25.5,14.4,9.6,4.3,30.9,11.4,4.5,14,34,86.4,85.1,,107.5,114.1,155.4,93
20150423,14,O3,78.9,88.5,72,78,99.5,81.3,103.8,69.5,69.4,65.4,80.9,83.9,69.3,82.6,72.5,100,115.5,109,96.9,120.7,150.7,139.2,104.6,107.9,110.1,140,124.5,123.6,86.8,89.8,,60.8,64.1,25.6,73.1
20150423,14,CO,1,0.9,1.3,1.2,0.9,0.8,1.3,0.8,1.1,1,0.9,0.6,0.9,1.1,0.8,0.8,0.4,0.7,0.3,0.7,0.5,0.4,0.1,0.4,0.2,0.3,0.5,0.7,0.8,0.7,,1.2,1.2,1.5,0.9
20150423,15,SO2,13.6,13.6,11.7,12.6,12.1,11.7,11.5,13.7,7.3,16.2,2,2.2,12,19.3,15.5,17.2,10.9,2.1,2,10.5,4,2.7,2,2,2,2,14,29.4,24.1,22,,15,13.9,20.2,19.6
20150423,15,NO2,73.4,74.2,80,72.1,63.7,68.2,61.9,35.5,36.7,82.5,10,18.6,70,75.6,78,45.3,32.4,14.5,6.8,29.1,7.8,8.8,7.4,2,8.2,2,38.2,25.6,94.1,48.3,,82.7,83.7,131.5,119.5
20150423,15,O3,96.1,107.5,94.2,108.7,112.3,105,127.9,94.8,103.7,76.7,105.5,104.4,77.9,111.4,92.8,137.8,132.3,99.5,99.4,124.6,134.3,116,99.6,106.4,114.4,134.6,108.7,140.7,97.9,136.1,,81,88.4,46.5,74.6
20150423,15,CO,0.9,0.8,1,0.9,0.7,0.7,0.9,0.5,0.5,1,0.3,0.3,0.7,0.9,0.7,0.8,0.4,0.3,0.3,0.6,0.3,0.2,0.1,,0.1,0.3,0.7,0.6,0.7,0.6,,0.9,0.9,1.2,1
20150423,16,SO2,9.2,8.8,5.1,8.2,5.4,9,4.4,6.3,3.3,8.9,2.5,3.1,3,7.7,10.8,14.6,4.4,2,2,12.6,2,2.5,2,2,2,2,10.2,27.4,10.8,18.5,,10.4,7.8,15.7,15.4
20150423,16,NO2,47.6,62.2,43.1,53.3,28.4,45.6,21.7,14.3,13.2,58.6,16.2,18.6,29.2,40.4,54.4,44.4,33.3,6.4,7.8,30.7,5.6,7.5,6.2,2,7.9,2,32.3,21.1,85.1,29.8,,75,61.8,114.8,79.9
20150423,16,O3,109.3,,112,120.7,124.1,131.5,144.7,86.4,113.1,96,109.3,108,88.9,113.1,120,151.5,105.3,94,99,133,118.9,117.2,97.5,105.6,108.1,124.1,126.9,160.6,87,161.9,,87.2,93.3,65.1,114.7
20150423,16,CO,0.6,0.5,0.6,0.6,0.4,0.5,0.4,0.3,0.2,0.7,0.3,0.3,0.3,0.5,0.5,0.7,0.3,0.2,0.3,0.6,0.3,0.2,0.1,0.3,0.1,0.2,0.7,0.5,0.5,0.5,,0.8,0.6,0.9,0.7
20150423,17,SO2,2,2.2,2,2,2,2,2,4.5,2,2,2,2.7,2.1,6.1,3.6,5.1,2,2,2,2,2,2,2,2,2,2,2.4,22.4,5.5,10.2,,2,2,9.1,4.4
20150423,17,NO2,11.9,36.7,17.3,16.5,14.7,17.4,10.7,16.1,5.8,25.5,17.5,13.9,26.4,38.8,31.7,37.7,11.2,6.8,8.1,13.9,6.2,7.9,7.5,2,3.5,2,17.1,23.5,61.8,21.2,,36.8,33.9,79.3,43.2
20150423,17,O3,102.6,,95.8,112.2,105,101,122.4,75.7,101.5,85,109,110.2,83.9,116.2,115.2,111.5,92.5,92.3,96.2,112.5,113.6,111.9,95,104.5,110.7,115.9,126.4,153.7,88.2,135.5,,81.6,79.3,56.1,88.8
20150423,17,CO,0.3,0.3,0.3,0.2,0.2,0.2,0.2,0.3,0.2,0.3,0.3,0.3,0.3,0.5,0.3,0.5,0.1,0.2,0.3,0.2,0.3,0.2,0.1,0.1,0.1,0.2,0.5,0.5,0.4,0.3,,0.3,0.3,0.6,0.4
20150423,18,SO2,2,2,2,2,2,2,2,3.3,2,2,2,2,2,2.2,2,2,2,2,2,2,2,2.1,2,2,2,2,2,12.2,3.7,3.9,,2,2,7.9,2.5
20150423,18,NO2,15.1,36.3,24.2,18.2,18.9,15.3,12.7,17.2,8.4,28,21.8,17.2,32.3,28.4,23,20.4,16.7,7.4,10.1,11.1,6.8,12.3,9.2,2,5.5,2,7.9,20,42.2,14.9,,38.1,43.7,70.4,37.1
20150423,18,O3,93.5,,85.5,100.6,99.7,96.3,109.6,71.5,93.1,69.9,105.7,102.3,83.3,95.8,98.1,97.1,81.8,91.4,91.1,98.3,111.1,103.6,91,102.5,104.7,115.4,102,107.3,90.6,109.3,,75.1,70.9,44.7,85.2
20150423,18,CO,0.3,0.2,0.3,0.2,0.2,0.1,0.2,0.3,0.2,0.2,0.3,0.3,0.3,0.3,0.2,0.4,0.1,0.2,0.2,0.3,0.3,0.2,0.1,0.1,0.2,0.2,0.4,0.3,0.3,0.2,,0.3,0.4,0.5,0.4
20150423,19,SO2,2,2,2,2,2,2,2,3.5,2,2,2.2,2,2.8,2,2,2,2,2,2,2,2,2.5,2,2,2,2,2,9.9,2.4,3.3,2,2,2,6.4,2.6
20150423,19,NO2,20.6,44,34.1,22.3,21.1,21.6,18,21.3,10,28.6,24.3,18.5,29.8,31.1,22.3,23,21.3,6.8,9.1,11.2,8.1,15.5,9.5,2,2.1,2,9,25.7,24.5,19,17.5,45.3,52.5,74.6,53.7
20150423,19,O3,84,,72.5,91.9,95.2,87.2,94.7,66.8,88.6,65.2,96.4,88.6,71,88.4,97.9,84.5,75.4,93.9,88.6,97.7,106.6,99.3,90.9,105.3,109.6,116.5,95.3,79.8,92.7,105.2,85.3,64.5,56.4,40,67.8
20150423,19,CO,0.3,0.2,0.3,0.2,0.2,0.2,0.2,0.3,0.2,0.2,0.3,0.3,0.3,0.3,0.2,0.4,0.1,0.2,0.2,0.2,0.3,0.3,0.1,0.1,0.1,0.2,0.4,0.2,0.3,0.2,0.3,0.3,0.5,0.5,0.5
20150423,20,SO2,2,2,2,2,2,2,2,3.3,2,2,2,2,2.4,2,2,2,2,2,2,2,2,2.4,2,2,2,2,2,10.3,2,4.6,2,2,2,4.4,2.4
20150423,20,NO2,29.1,51.3,38.5,27.6,27.9,27.7,27.1,21.3,12,32.5,32.5,18.4,36.7,39.3,35.1,63.7,17.9,5.8,9,11.9,9.3,13.1,9.6,2,2,2,7.3,27.7,24,20.4,19.4,52.8,56.9,82.7,74.3
20150423,20,O3,73.9,66.5,63.7,84.3,87.6,78.9,78.8,66.7,85.4,58.5,74.3,85.2,51.1,76.4,84.6,35.1,80.6,97,83.3,96.5,104.8,99.6,90.1,109.9,112.8,111.1,99.7,71.4,80,95,82.3,55.5,52.9,26.7,46.5
20150423,20,CO,0.4,0.3,0.3,0.3,0.3,0.2,0.3,0.3,0.3,0.2,0.3,0.3,0.3,0.3,0.2,0.5,0.1,0.2,0.1,0.2,0.3,0.2,0.1,0.1,0.1,0.2,0.4,0.3,0.3,0.2,0.3,0.3,0.5,0.5,0.5
20150423,21,SO2,2,2,2,2,2,2,2,6.3,2,2,2,2,2,2,2,3.4,2,2,2,2,2,2,2,2,2,2,2,11.2,2,3.3,2,2,2,5.9,3.3
20150423,21,NO2,28.8,51.5,57,34.3,35.7,29.2,37.9,29.9,13.8,32,28.1,16.1,35.5,54,46.7,71.1,10.8,6.7,13.8,11.8,8.4,8.6,9.2,2,2,2,7.3,27.4,22.1,26.4,34.4,55.1,81.2,89.6,67.7
20150423,21,O3,72.4,62.5,40.6,72.1,78,78.1,59.5,52.9,81,59.1,72.3,89.4,50.2,58.3,67.9,25.1,85.9,95.4,78.1,91.8,104.4,102.3,89.8,106.3,110.8,108.3,100.8,67.2,78.8,77.4,65.2,49.5,29.2,15.1,46.1
20150423,21,CO,0.4,0.3,0.3,0.3,0.3,0.2,0.3,0.3,0.3,0.2,0.3,0.3,0.3,0.4,0.3,0.6,0.1,0.2,0.1,0.2,0.3,0.2,0.1,0.1,0.1,0.2,0.5,0.2,0.3,0.2,0.4,0.4,0.7,0.6,0.6
20150423,22,SO2,2,2,2,2,2,2,2,4.9,2,2,2,2,2,2,2,5.8,2,2,2,2,2,2.1,2,2,2,2,8.9,16.5,2,2,2,2,2,5,10.3
20150423,22,NO2,62.2,67.6,55.2,46.2,56.4,61.1,22.8,48.2,11.7,34.3,38.4,18.1,27.9,66.2,48.6,96,15.8,10.3,20.2,34.6,5.1,10.8,4.3,2,2,2,45.8,31.5,30.7,26.5,57.5,70.5,85,84.1,105.6
20150423,22,O3,40.6,42,41.4,54.7,55.4,41.3,79.5,32,87.1,55.8,73.4,86.6,57.9,43.9,58,6.3,76,89.4,68.2,63.8,101.7,97.3,93.3,101.7,108.8,104.8,65.1,85.2,62,74.5,41.1,33.5,27.4,16.1,4.9
20150423,22,CO,0.5,0.3,0.3,0.4,0.3,0.3,0.3,0.4,0.3,0.2,0.3,0.3,0.3,0.4,0.3,0.7,0.1,0.2,0.2,0.5,0.3,0.2,0.1,0.1,0.1,0.2,1.4,0.5,0.4,0.2,0.5,0.4,0.7,0.6,1.1
20150423,23,SO2,3.8,2.6,2,2,2,2,2,7.9,2,2,2,2,2,2,4.3,13.8,2,2,2,18.8,2,2.6,2,2,2,2,15.9,14.8,9.1,2,2,2.5,2,5.1,9.1
20150423,23,NO2,65.6,60.7,71.1,58.8,80.9,54.7,49.5,54.4,12,50.3,42.4,30.2,36.9,55.2,53.8,87.2,26.2,7.9,31.3,56.3,22.6,15.5,2.6,2,2,2.5,47.3,41.4,41.2,31.7,61.1,71.8,83.8,93.6,99.5
20150423,23,O3,33.9,45.7,22.4,35,28.2,44.5,38.2,18.2,84.3,29.7,59.4,66.6,49.3,51.8,51.1,21.5,57.9,88.5,56.5,48.6,72.5,89,95.5,99.9,108.1,99.3,60.1,67.5,61,69.3,35.4,36.7,30.2,11.7,2.5
20150423,23,CO,0.5,0.3,0.5,0.4,0.4,0.3,0.4,0.6,0.3,0.3,0.3,0.4,0.3,0.3,0.5,1,0.1,0.2,0.1,1.5,0.3,0.2,0.1,0.1,0.1,0.2,1.6,0.5,0.8,0.2,0.5,0.4,0.8,0.6,1
