date,hour,type,dongsi,tiantan,guanyuan,wanshouxigong,aotizhongxing,nongzhanguan,wanliu,beibuxingqu,zhiwuyuan,fentaihuayuan,yungang,gucheng,fangshan,daxing,yizhuang,tongzhou,shunyi,changping,mengtougou,pinggu,huairou,miyun,yanqing,dingling,badaling,miyunshuiku,donggaocun,yongledian,yufa,liulihe,qianmeng,yongdingmengxi,xizhimengbei,nansanhuan,dongsihuan
20151124,0,SO2,6,6,6,9,9,,6,3,4,9,2,9,31,12,13,2,6,8,2,11,3,2,10,10,10,5,6,16,8,5,6,6,8,6,10
20151124,0,NO2,35,30,36,37,52,,38,44,26,44,4,34,48,51,62,10,13,23,23,8,4,3,15,23,9,2,19,61,50,65,32,38,52,52,71
20151124,0,O3,35,43,27,35,34,,33,9,26,20,33,35,30,23,38,53,56,46,46,69,71,65,38,50,70,54,49,3,2,8,38,44,22,24,16
20151124,0,CO,0.5,0.6,0.6,0.6,1,,1.1,1,0.8,0.7,0.9,0.3,1.5,0.9,0.7,0.2,0.4,0.7,0.6,0.5,0.3,0.3,0.8,0.5,0.5,0.2,1,2.1,1.4,1.1,0.5,0.4,1,0.7,0.9
20151124,1,SO2,7,6,4,6,6,,9,3,5,7,2,9,29,11,9,2,6,9,2,9,3,2,9,10,13,6,4,23,12,6,5,8,6,6,9
20151124,1,NO2,32,29,25,30,37,,41,45,26,33,3,27,54,38,41,9,12,23,25,9,4,2,18,16,17,2,21,61,43,58,28,39,38,56,66
20151124,1,O3,39,45,37,42,44,,29,4,26,32,38,33,23,34,53,53,57,45,37,67,69,57,28,53,57,49,44,2,8,13,41,42,30,24,19
20151124,1,CO,0.5,0.5,0.6,0.5,0.8,,1.3,1,0.9,0.7,0.9,0.1,1.6,0.8,0.5,0.2,0.3,0.7,0.8,0.5,0.4,0.5,0.9,0.5,0.7,0.2,1,2.1,1.6,1,0.4,0.5,0.9,0.6,0.7
20151124,2,SO2,6,6,5,5,5,,7,2,3,4,2,9,39,7,8,2,5,10,2,8,2,2,7,15,19,6,6,30,11,6,5,9,6,5,8
20151124,2,NO2,32,24,17,26,27,,36,41,27,23,3,25,55,35,43,8,9,23,19,7,4,3,13,17,18,3,35,63,54,56,28,27,26,41,54
20151124,2,O3,38,49,42,45,51,,32,6,27,40,35,23,22,34,52,53,59,44,28,70,65,46,39,51,53,46,30,2,2,13,42,52,39,32,29
20151124,2,CO,0.4,0.5,0.4,0.5,0.7,,1.1,1,0.8,0.6,0.9,0.1,1.6,0.7,0.5,0.1,0.3,0.8,0.5,0.5,0.3,0.3,0.6,0.6,0.8,0.3,1.2,2.1,1.5,1,0.4,0.4,0.7,0.6,0.6
20151124,3,SO2,5,5,5,5,6,,6,2,4,3,2,9,18,8,8,2,5,12,2,17,2,2,15,18,18,6,11,29,8,5,4,13,6,5,8
20151124,3,NO2,25,20,14,29,23,,27,41,26,17,4,28,46,35,32,7,7,30,23,22,3,4,17,18,14,2,43,62,53,45,20,26,24,40,56
20151124,3,O3,44,52,48,42,54,,39,7,26,47,33,24,25,34,55,53,62,34,3,48,65,49,32,51,59,47,27,2,2,18,49,51,40,29,28
20151124,3,CO,0.3,0.4,0.4,0.3,0.6,,0.4,1,0.8,0.4,0.9,0.5,1.7,0.7,0.5,0.3,0.3,1,0.1,1.5,0.2,0.2,0.9,0.7,0.5,0.3,1.3,2.3,1.7,0.9,0.3,0.3,0.6,0.4,0.5
20151124,4,SO2,5,5,5,5,6,,6,3,2,3,2,9,11,8,8,2,5,10,2,22,2,2,9,14,15,5,12,21,6,5,4,9,6,6,7
20151124,4,NO2,22,17,13,32,21,,22,38,24,23,5,30,36,37,50,4,8,25,23,35,5,3,18,15,16,2,39,60,49,42,20,18,31,36,49
20151124,4,O3,45,57,46,35,55,,,6,24,30,22,30,34,28,42,53,59,38,35,19,50,44,20,53,47,46,33,2,2,18,43,51,,30,34
20151124,4,CO,0.3,0.4,0.4,0.3,0.6,,0.4,1.2,0.9,0.5,1.4,0.4,1.5,0.8,0.6,0.3,0.4,0.9,0.4,1.9,0.2,0.2,1,0.6,0.5,0.3,1.4,2.1,1.8,0.8,0.2,0.3,0.5,0.4,0.5
20151124,5,SO2,6,5,6,5,6,,6,2,2,3,2,8,12,12,9,2,5,10,2,20,2,2,7,11,16,6,15,19,6,4,4,12,7,6,8
20151124,5,NO2,23,13,23,24,23,,42,46,30,26,5,32,56,34,47,13,9,22,,29,11,6,18,14,16,2,23,57,42,36,21,13,28,35,49
20151124,5,O3,43,59,42,41,53,,20,2,30,30,23,22,14,32,46,52,57,41,20,21,50,49,21,50,51,46,50,2,2,14,42,54,29,35,31
20151124,5,CO,0.3,0.4,0.4,0.3,0.6,,0.5,1.5,1,0.4,1.2,0.6,1.8,0.7,0.6,0.4,0.4,0.9,0.8,1.6,0.3,0.2,1.2,0.6,0.5,0.3,1.2,2.1,1.9,0.8,0.3,0.3,0.6,0.4,0.5
20151124,6,SO2,6,5,7,6,7,,9,2,2,4,2,8,14,12,10,2,6,10,2,15,2,2,9,11,21,5,16,26,7,4,5,6,8,6,8
20151124,6,NO2,32,22,27,26,23,,35,49,32,27,6,34,51,42,49,16,8,29,30,27,14,7,11,12,16,2,19,58,34,35,29,30,38,47,66
20151124,6,O3,33,46,40,37,50,,27,2,32,30,17,26,18,27,44,47,58,32,25,31,47,57,43,52,52,45,52,2,10,13,34,39,23,28,11
20151124,6,CO,0.3,0.5,0.5,0.4,0.6,,0.6,1.5,0.9,0.5,1.3,0.6,1.8,0.7,0.6,0.4,0.4,1,0.9,1.3,0.3,0.2,0.9,0.5,0.5,0.4,1,2.1,1.7,0.9,0.3,0.3,0.7,0.5,0.6
20151124,7,SO2,7,7,9,7,7,,11,5,5,6,2,11,14,14,9,2,7,10,8,11,3,2,9,16,25,5,11,27,14,5,6,14,9,9,10
20151124,7,NO2,46,39,36,29,33,,41,39,36,48,6,38,53,52,58,19,14,34,43,13,13,9,10,17,20,2,23,58,39,40,34,53,42,51,70
20151124,7,O3,19,27,28,33,42,,21,10,37,7,17,22,21,18,38,46,51,28,16,56,47,54,43,47,45,46,41,2,9,17,29,14,19,17,10
20151124,7,CO,0.4,0.7,0.6,0.5,0.7,,0.7,1.1,1.1,0.6,1.2,0.8,1.4,0.8,0.5,0.4,0.5,1.1,1.2,0.6,0.3,0.3,0.8,0.6,0.7,0.4,1.3,2,1.9,0.8,0.5,0.6,0.7,0.7,0.8
20151124,8,SO2,7,8,10,9,7,,14,8,6,7,2,14,14,14,11,2,7,9,4,10,4,2,15,19,21,5,11,30,18,6,6,10,9,12,11
20151124,8,NO2,56,48,43,31,39,,45,47,45,58,6,49,54,57,76,24,18,44,29,13,20,10,13,19,21,2,25,58,42,39,42,59,52,60,73
20151124,8,O3,12,19,20,32,37,,16,4,47,2,22,11,20,13,26,39,48,20,28,61,41,53,37,46,43,46,40,2,7,18,21,9,14,16,8
20151124,8,CO,0.6,0.8,0.6,0.6,0.7,,0.8,1.1,1.1,0.8,1.1,0.9,1.5,0.9,0.7,0.4,0.5,1.2,0.8,0.5,0.4,0.3,1.1,0.6,0.6,0.4,1.3,2,2.3,0.9,0.5,0.7,0.9,0.8,0.9
20151124,9,SO2,8,8,11,9,7,,14,12,10,8,4,15,18,19,13,2,8,10,13,10,5,2,16,15,23,6,17,29,24,8,7,11,10,11,14
20151124,9,NO2,50,53,52,37,39,,53,46,45,57,7,47,65,63,80,24,18,43,35,13,21,11,15,18,19,2,30,43,42,40,48,61,59,57,75
20151124,9,O3,18,15,14,26,37,,12,8,53,2,16,15,11,11,25,41,49,20,25,61,40,52,37,45,40,47,47,17,14,19,17,9,9,15,9
20151124,9,CO,0.5,0.8,0.7,0.6,0.8,,0.8,1.2,1.3,0.9,1.3,0.9,1.8,1.2,0.8,0.4,0.5,1.2,0.8,0.4,0.5,0.3,1,0.8,1.1,0.4,1.4,1.3,2.3,1,0.6,0.6,0.9,0.8,1.1
20151124,10,SO2,7,8,11,10,7,13,15,15,13,10,6,16,22,18,11,2,9,10,18,13,5,2,16,18,22,6,18,26,29,9,8,15,10,12,14
20151124,10,NO2,44,50,49,40,42,48,53,48,45,56,6,45,60,64,62,22,21,38,46,13,16,11,13,18,16,2,31,32,45,39,47,61,54,72,77
20151124,10,O3,21,19,17,24,36,28,13,8,57,2,15,17,14,12,38,44,47,27,16,61,45,53,41,46,43,48,51,28,15,25,19,12,14,13,10
20151124,10,CO,0.5,0.8,0.7,0.7,0.9,0.7,0.9,1.2,1.3,0.9,1.4,0.9,1.9,1.2,0.7,0.4,0.6,1.1,1,0.6,0.4,0.3,0.9,0.7,2.2,0.4,1.4,1.2,2.4,0.8,0.6,0.8,0.8,1,1.1
20151124,11,SO2,8,8,10,9,8,11,14,17,13,10,8,16,32,17,13,4,9,11,20,19,6,2,14,20,23,7,19,26,30,10,7,14,10,12,14
20151124,11,NO2,53,51,44,35,48,41,49,51,50,59,7,45,56,53,62,25,17,36,40,28,16,12,12,26,16,2,30,27,36,37,54,60,54,68,71
20151124,11,O3,18,21,24,31,33,38,16,7,72,2,15,19,18,21,40,42,51,30,17,44,46,52,47,42,45,48,56,37,33,28,16,14,14,15,15
20151124,11,CO,0.6,0.8,0.7,0.7,1,0.6,0.8,1.2,1.3,1,1.4,0.9,1.9,0.9,0.8,0.5,0.6,1.1,0.9,1,0.4,0.3,0.8,0.9,2.2,0.4,1.3,1.1,1.7,0.8,0.7,0.8,0.8,1,1.1
20151124,12,SO2,7,8,10,8,10,12,14,19,12,11,11,17,23,17,10,6,8,14,22,21,6,2,16,18,22,9,22,23,24,14,8,14,13,14,14
20151124,12,NO2,46,50,45,37,43,40,49,53,51,61,6,51,47,56,38,31,13,42,38,29,13,11,15,31,19,2,28,23,32,39,54,66,60,74,72
20151124,12,O3,25,25,23,31,37,42,17,8,82,2,19,15,27,21,55,39,56,29,21,45,49,54,49,39,44,50,63,42,44,29,18,13,10,13,18
20151124,12,CO,0.7,0.8,0.7,0.7,1,0.6,0.9,1.1,1.3,1.3,1.4,1,1.9,1,0.6,0.5,0.5,1.2,1,1.1,0.3,0.3,1,1.2,2.2,0.4,1.1,0.8,1.3,0.8,0.7,0.8,1,1.2,1.2
20151124,13,SO2,8,8,11,10,10,12,13,16,8,12,11,18,22,17,11,4,7,13,17,19,7,3,16,15,21,8,21,29,21,15,7,15,13,15,14
20151124,13,NO2,50,46,54,51,50,44,49,53,46,61,7,52,44,58,46,20,12,41,39,31,11,10,10,25,21,2,31,32,38,45,52,62,61,89,75
20151124,13,O3,22,30,16,19,33,39,19,11,65,3,23,15,30,21,52,52,59,31,24,48,53,56,55,46,46,52,63,36,39,24,18,17,10,10,18
20151124,13,CO,0.7,0.8,0.9,1,1,0.7,0.8,1.1,1.2,1.3,1.3,1.1,1.9,1.1,0.7,0.5,0.4,1.1,1,1.1,0.3,0.3,0.8,1,2.1,0.4,1.3,1,1.2,1.1,0.7,0.9,0.9,1.4,1.1
20151124,14,SO2,9,8,9,11,9,13,8,10,4,10,6,10,18,14,11,4,7,9,13,24,6,3,11,15,17,7,20,26,24,9,7,13,11,14,14
20151124,14,NO2,58,48,59,57,57,56,49,48,43,66,7,53,48,59,63,22,10,40,40,33,14,8,8,30,19,2,33,36,43,43,56,68,67,78,78
20151124,14,O3,17,29,14,16,30,30,20,15,55,2,23,15,28,19,42,50,60,34,23,43,51,59,60,44,50,52,63,35,34,24,19,13,6,10,13
20151124,14,CO,0.8,0.8,0.9,1,1.2,0.8,0.8,0.9,1,1.3,1.2,1,1.9,1.2,0.8,0.6,0.4,1,1,1.2,0.3,0.2,0.7,0.9,2.1,0.3,1.3,1,1.5,1.1,0.7,0.9,1.1,1.5,1.2
20151124,15,SO2,7,8,6,12,6,11,5,7,3,6,2,6,13,13,12,5,8,6,11,22,5,2,8,12,15,7,20,23,18,6,7,15,9,15,11
20151124,15,NO2,58,60,64,68,58,62,56,51,53,66,6,51,56,57,81,32,13,37,47,39,17,8,6,29,16,2,42,36,42,43,67,78,73,89,76
20151124,15,O3,11,18,6,8,28,20,13,13,68,2,23,17,19,18,31,40,58,38,21,42,48,61,64,45,54,52,48,35,31,23,8,6,2,7,14
20151124,15,CO,0.8,1,1.1,1.2,1.1,0.8,0.8,1,1.1,1.4,1.3,0.9,2.2,1.3,0.9,0.7,0.4,0.9,0.9,1.3,0.4,0.2,0.6,0.9,2.1,0.3,1.6,1,1.6,1.2,0.9,1.2,1.2,1.7,1
20151124,16,SO2,5,8,4,8,4,8,4,6,3,3,2,6,15,9,10,3,7,5,12,15,2,2,7,10,20,6,15,19,13,6,7,14,7,12,10
20151124,16,NO2,62,73,69,69,69,65,65,54,66,57,8,46,59,52,105,45,21,39,52,40,22,12,7,29,25,2,46,36,42,43,78,89,76,87,80
20151124,16,O3,6,8,3,5,19,16,3,12,89,2,14,18,16,17,17,26,52,35,21,37,42,55,62,45,46,53,41,36,27,23,2,2,2,5,9
20151124,16,CO,0.9,1.3,1.2,1.4,1.2,0.8,1,1,1.4,1.5,1.5,1,2.4,1.7,0.9,0.8,0.4,0.9,1.1,1.2,0.4,0.3,0.6,0.9,2.2,0.3,1.6,0.9,1.6,1.3,1.2,1.3,1.2,1.6,1.2
20151124,17,SO2,6,7,4,6,4,7,5,5,2,3,2,7,13,9,8,2,5,4,12,10,2,2,10,9,18,5,12,18,13,6,6,13,7,10,10
20151124,17,NO2,75,79,73,64,74,70,71,62,70,58,8,53,62,53,114,51,26,39,48,45,33,18,10,29,26,2,48,40,46,43,82,89,83,73,80
20151124,17,O3,2,2,2,4,14,10,2,5,85,2,14,11,10,14,11,17,45,34,12,32,33,46,59,45,42,52,37,30,21,22,2,2,2,5,7
20151124,17,CO,0.9,1.4,1.2,1.5,1.2,0.8,1.3,1.1,1.3,1.7,1.7,1.1,2.4,2,1,0.8,0.5,0.9,1.1,1.2,0.5,0.3,0.8,0.8,2.2,0.3,1.6,0.9,1.6,1.3,1.4,1.5,1.2,1.7,1.2
20151124,18,SO2,6,4,4,6,3,6,5,3,3,4,2,8,14,8,7,2,2,2,10,9,2,2,13,5,8,6,9,14,10,5,6,13,7,10,9
20151124,18,NO2,74,76,73,65,87,75,73,67,72,65,10,61,66,58,124,54,25,42,50,35,42,34,19,37,31,4,52,44,52,41,74,78,83,82,83
20151124,18,O3,2,2,2,2,5,3,2,2,77,2,5,3,6,8,4,12,43,30,5,40,24,27,38,27,26,49,30,22,9,16,2,2,2,4,3
20151124,18,CO,0.9,1.6,1.1,1.5,1.2,0.9,1.4,1.1,1.3,2.1,1.9,1.3,2.6,1.7,1.4,0.8,0.5,1,1.3,1,0.6,0.5,1,0.9,2.3,0.3,1.6,1,1.8,1.4,1.5,1.6,1.2,1.8,1.3
20151124,19,SO2,6,6,7,9,3,7,5,3,2,5,2,9,15,8,9,3,2,3,10,8,2,2,19,8,9,5,7,8,10,5,8,13,8,13,10
20151124,19,NO2,75,71,70,66,93,77,73,69,71,64,11,59,72,58,115,63,30,49,57,29,41,24,28,50,40,5,47,58,64,45,74,81,85,90,84
20151124,19,O3,2,2,2,3,3,2,2,2,74,2,5,4,3,7,4,2,35,22,4,44,24,32,18,13,16,45,33,6,2,12,2,2,2,5,3
20151124,19,CO,1,1.7,1.4,1.6,1.4,0.9,1.2,1.2,1.3,2.2,2.1,1.5,2.7,2,1.6,0.9,0.7,1.1,1.5,0.9,0.6,0.5,1.2,1.4,2.2,0.3,1.4,1,2,1.5,1.5,1.5,1.5,1.8,1.2
20151124,20,SO2,7,10,9,12,4,8,7,3,3,7,2,8,17,9,13,3,2,3,12,13,2,2,18,10,21,5,5,4,6,5,11,19,8,16,12
20151124,20,NO2,75,66,64,60,95,79,72,70,71,67,11,56,66,61,111,70,25,63,60,29,48,27,21,39,52,6,41,58,67,41,69,73,84,79,83
20151124,20,O3,2,2,2,3,4,2,2,2,76,2,5,3,6,7,5,2,39,9,3,43,17,28,30,22,22,43,34,2,2,15,2,2,2,5,2
20151124,20,CO,1.1,1.8,1.8,1.8,1.5,1,1.3,1.3,1.4,2.6,2.1,1.4,2.7,2.6,1.9,0.9,0.6,1.3,1.5,1.1,0.8,0.9,1,1.3,2.3,0.4,1.4,1.3,2.6,1.5,1.8,1.7,1.4,1.9,1.4
20151124,21,SO2,9,12,9,14,6,10,10,5,4,9,2,9,17,9,14,3,2,4,12,10,2,2,21,7,38,5,4,3,4,4,14,19,8,17,13
20151124,21,NO2,66,65,68,61,95,79,75,73,71,66,11,58,63,56,109,73,41,72,50,24,39,31,22,40,52,9,33,62,65,37,67,73,86,78,83
20151124,21,O3,2,2,2,3,4,2,2,2,79,2,5,2,8,6,5,2,21,4,4,45,20,21,28,17,22,36,41,2,2,15,2,2,2,5,2
20151124,21,CO,1.4,1.9,1.7,2,1.7,1.4,1.4,1.5,1.5,2.4,2.2,1.6,2.6,2.4,2.2,1.1,0.9,1.6,1.7,0.9,1,0.7,1.1,1.1,2.7,0.5,1.2,1.5,2.5,1.3,1.8,1.8,1.5,2,1.5
20151124,22,SO2,13,14,10,15,7,11,14,5,3,13,2,8,16,9,16,2,2,6,12,15,2,2,16,6,30,5,4,4,4,4,17,18,9,19,14
20151124,22,NO2,61,65,64,60,92,77,68,71,67,67,11,54,59,54,104,71,32,76,48,25,27,42,27,41,45,8,24,66,62,37,68,73,84,70,82
20151124,22,O3,2,2,2,3,4,2,2,2,74,2,4,2,10,6,4,2,28,4,5,37,28,13,13,12,21,35,50,2,2,12,2,2,2,6,2
20151124,22,CO,1.7,1.9,1.8,1.9,1.7,1.3,1.5,1.5,1.6,2.4,2.4,1.6,2.5,2.1,2.1,1.5,0.8,1.8,1.6,1.2,0.8,1,1.7,1.2,2.4,0.5,1,1.4,2.9,1.5,1.9,1.8,1.4,2,1.5
20151124,23,SO2,16,15,10,16,8,13,14,5,4,12,2,9,15,9,17,2,2,6,11,33,2,2,13,6,33,5,4,6,5,5,19,20,11,17,16
20151124,23,NO2,59,57,60,58,89,78,56,69,62,65,11,55,58,57,100,67,35,75,45,32,25,45,19,35,45,13,22,65,60,38,63,67,81,70,83
20151124,23,O3,2,3,2,3,5,2,2,2,70,2,4,2,9,6,5,2,25,3,7,24,26,8,25,12,18,27,53,2,2,9,2,2,2,5,3
20151124,23,CO,1.8,1.8,1.6,1.8,1.8,1.5,1.5,1.7,1.8,2.3,2.9,1.7,2.6,2.5,1.9,1.6,1,1.7,2.3,2,0.9,1.4,1.4,1.3,2.4,0.6,1,1.8,4.7,1.6,1.7,1.7,1.7,2.1,1.7
20151124,0,PM2.5,15,14,17,15,29,,16,41,36,21,29,22,17,26,24,9,14,17,19,17,8,5,39,16,13,12,49,111,82,30,28,14,30,11,23
20151124,0,PM10,,,24,,,,17,,,,,,,,,,,,,,,5,,,,,,,,,,,,,28
20151124,0,AQI,36,37,38,36,41,,41,48,33,46,55,43,68,62,63,49,28,43,39,61,29,21,36,46,36,21,65,73,75,109,41,40,54,41,43
20151124,1,PM2.5,20,13,16,11,24,,24,39,61,23,26,23,20,18,20,10,13,18,14,19,16,10,39,12,19,10,57,104,76,26,21,16,26,19,23
20151124,1,PM10,,,,,,,,,,,,,,,,,,,,,,,,,,,,,,,,,,,
20151124,1,AQI,35,35,37,34,40,,41,45,34,44,54,41,66,60,61,47,27,40,38,58,28,18,36,43,35,21,64,76,76,108,40,38,52,39,41
20151124,2,PM2.5,14,13,14,15,14,,18,34,22,24,25,21,21,10,12,13,5,21,12,16,8,6,34,18,22,6,64,89,76,34,16,15,16,13,12
20151124,2,PM10,,,,,,,,,,,,,,14,,,,,,,,,,,,,,,,,,,,,
20151124,2,AQI,,,,,,,,,,,,,,,,,,,,,,,,,,,,,,,,,,,
20151124,3,PM2.5,5,11,9,10,10,,13,31,19,8,25,23,32,12,15,3,4,27,20,46,6,3,35,18,23,4,63,83,71,25,7,13,12,6,16
20151124,3,PM10,5,,17,,,,,32,,,,,,14,,5,5,,,52,11,5,37,,,10,,,,,,,,14,
20151124,3,AQI,32,33,33,31,35,,41,42,32,39,52,37,63,53,57,43,26,40,36,53,27,17,34,38,33,19,63,80,79,106,36,35,45,36,39
20151124,4,PM2.5,6,14,9,6,11,,11,31,21,12,25,23,18,7,14,5,8,22,21,73,10,3,42,17,23,7,64,72,65,27,10,9,13,10,12
20151124,4,PM10,,,9,,,,,,,,,,,11,,10,,,,,,5,,,,7,,,,,,,,,
20151124,4,AQI,31,32,32,29,34,,41,42,32,36,50,35,60,49,55,41,26,40,34,53,26,16,35,35,33,18,63,82,79,105,35,33,42,34,38
20151124,5,PM2.5,6,5,9,3,10,,10,32,23,11,24,21,22,12,12,9,8,22,18,59,13,3,51,21,21,8,56,75,69,28,13,11,14,7,9
20151124,5,PM10,,,12,5,,,,,,,,,,,,,,,,,,,,,,,,,,,,,,,9
20151124,5,AQI,,,,,,,,,,,,,,,,,,,,,,,,,,,,,,,,,,,
20151124,6,PM2.5,8,9,12,5,12,,14,35,10,15,24,16,22,14,11,5,11,21,17,45,13,6,34,16,22,8,48,72,60,38,21,9,12,9,16
20151124,6,PM10,,,17,7,,,,,13,,30,,,,,6,,,,,,,,,,,,,,,,14,20,14,25
20151124,6,AQI,30,31,31,27,34,,41,42,30,34,47,33,55,42,50,37,25,39,32,51,25,18,36,33,30,16,64,85,81,102,35,32,39,32,37
20151124,7,PM2.5,13,18,18,9,10,,14,24,13,17,28,24,17,18,11,8,9,26,31,24,11,8,27,22,29,17,55,61,56,39,22,13,20,14,15
20151124,7,PM10,,,19,10,,,14,,,,,,,21,,,,,,,,,,,,,,,,,,21,,25,28
20151124,7,AQI,,,,,,,,,,,,,,,,,,,,,,,,,,,,,,,,,,,
20151124,8,PM2.5,16,27,15,17,8,,23,33,25,25,10,22,14,19,11,9,6,27,23,20,15,9,41,30,32,6,61,59,64,50,20,21,18,27,17
20151124,8,PM10,,,26,17,11,,23,39,,,17,31,18,25,24,11,7,28,,,,,,,,10,,,,,,29,23,33,38
20151124,8,AQI,29,31,31,26,32,,37,41,29,34,45,32,50,36,43,34,23,38,31,45,23,17,37,31,28,15,65,88,84,99,35,31,35,31,37
20151124,9,PM2.5,18,26,13,22,7,,17,31,31,25,17,20,31,31,19,3,13,29,22,27,19,10,40,31,,13,60,49,60,47,29,24,21,33,30
20151124,9,PM10,,,28,,14,,33,38,33,33,30,33,41,41,24,11,,35,24,,,,,,25,,,,,,55,31,31,35,59
20151124,9,AQI,28,31,30,26,31,,37,41,30,33,45,31,46,34,41,31,23,37,31,45,22,17,39,30,21,15,66,88,85,98,35,31,33,31,38
20151124,10,PM2.5,13,20,21,20,17,22,28,40,33,25,27,35,47,30,20,4,17,34,28,34,7,12,52,19,3,5,63,46,67,43,22,23,17,23,39
20151124,10,PM10,15,25,29,26,18,23,30,54,37,,32,44,,48,25,16,18,36,34,,9,,,25,24,6,,,68,,34,34,31,51,43
20151124,10,AQI,27,30,29,26,30,29,37,41,32,33,43,31,43,32,37,28,22,37,30,45,21,17,42,28,26,15,66,87,86,95,34,31,31,36,39
20151124,11,PM2.5,19,21,25,20,19,19,23,44,28,27,34,35,44,31,24,19,21,30,30,52,13,12,44,35,30,10,56,39,53,42,27,27,29,31,42
20151124,11,PM10,,27,29,20,22,,27,54,34,32,50,43,,41,36,21,,32,36,,,,,,,,,,,,39,31,31,31,84
20151124,11,AQI,27,30,29,25,29,29,36,41,33,32,43,33,42,32,36,26,22,36,30,47,20,17,43,26,27,16,65,87,85,93,33,30,32,35,37
20151124,12,PM2.5,20,28,24,15,25,24,31,46,37,35,51,41,45,30,20,20,15,38,33,59,15,13,55,49,40,12,49,29,43,45,23,30,33,32,48
20151124,12,PM10,,,33,18,,,,52,,42,57,49,,43,,,,,36,,,,,,,,,,,,27,,35,51,50
20151124,12,AQI,26,29,28,24,28,28,36,40,33,32,44,35,42,31,34,26,22,35,29,49,20,17,45,28,28,16,66,85,84,91,33,33,34,38,38
20151124,13,PM2.5,21,29,31,22,26,28,30,46,36,47,52,50,47,37,27,16,11,47,43,61,6,16,48,43,42,8,61,42,39,64,34,31,33,35,51
20151124,13,PM10,,29,43,33,29,,,49,,53,58,60,,53,29,,,,54,,,,,45,,,,47,43,,,,40,62,
20151124,13,AQI,26,28,28,26,28,28,31,41,33,35,44,37,42,31,34,26,22,36,29,51,19,18,47,29,29,17,68,85,82,90,32,32,34,45,38
20151124,14,PM2.5,25,39,24,32,29,27,27,35,26,47,48,54,59,40,30,15,16,34,45,67,15,10,46,41,36,7,67,55,52,70,31,34,40,38,60
20151124,14,PM10,39,,60,40,44,34,29,,,72,62,67,,55,38,18,,41,52,,,,,46,,,,,67,,39,45,58,71,
20151124,14,AQI,29,29,30,29,29,28,28,43,33,41,44,40,42,31,33,26,21,37,30,54,19,19,50,33,30,17,71,87,80,90,33,35,34,39,40
20151124,15,PM2.5,31,38,34,48,33,28,28,44,33,60,58,65,72,45,35,22,15,41,47,78,19,15,31,35,32,8,99,51,62,77,34,43,43,56,55
20151124,15,PM10,38,43,73,73,50,35,,,,82,,,,63,45,,,,,82,32,23,,,,9,,,93,,63,64,61,114,87
20151124,15,AQI,29,31,32,34,30,31,28,45,35,47,46,40,45,33,41,26,21,38,32,58,19,20,51,33,31,17,75,88,81,89,36,40,37,45,42
20151124,16,PM2.5,33,50,34,62,33,30,36,50,34,71,69,64,85,68,39,26,17,40,59,82,22,15,37,39,41,3,94,44,68,73,48,62,43,64,55
20151124,16,PM10,47,63,42,73,42,41,,,,,,,,70,68,56,29,,,89,28,20,,,,13,,47,71,,86,88,47,98,63
20151124,16,AQI,32,37,35,35,35,33,33,48,36,47,49,42,49,36,53,26,21,39,35,61,20,18,52,33,32,17,79,90,83,89,40,45,39,44,44
20151124,17,PM2.5,38,50,42,68,39,32,42,58,51,82,87,81,86,81,41,24,20,39,72,87,24,13,38,38,39,7,101,51,72,70,58,71,52,78,50
20151124,17,PM10,,62,,,,33,,,,,,,,,65,36,23,,,,,,,,,8,,,,,72,76,,,65
20151124,17,AQI,38,40,37,33,37,35,36,50,39,52,53,46,52,40,58,27,21,40,39,65,20,15,53,35,34,17,84,91,84,88,43,45,42,44,45
20151124,18,PM2.5,41,63,38,69,34,35,45,69,65,89,88,96,95,79,69,30,20,36,66,67,33,24,60,42,45,15,99,55,81,83,77,83,53,86,55
20151124,18,PM10,,68,,,,,,,,,,,,,75,,,,76,,,,60,,,,,,,,87,,,,57
20151124,18,AQI,38,39,37,34,44,38,37,52,42,52,56,51,56,43,63,28,20,40,42,67,22,18,56,37,36,16,87,91,86,87,47,41,42,46,46
20151124,19,PM2.5,41,75,62,74,44,34,54,68,60,102,99,115,100,98,83,35,32,40,72,64,32,31,71,70,43,12,93,59,95,89,84,84,57,88,53
20151124,19,PM10,,,67,,,,,,,,,,,,84,43,,,77,,,,,73,,16,,,,,,,,,54
20151124,19,AQI,38,39,35,37,47,39,37,55,44,52,59,56,60,48,58,32,21,41,46,68,21,15,59,48,37,15,88,91,89,86,49,43,43,47,48
20151124,20,PM2.5,54,87,97,92,41,40,55,79,80,105,97,107,102,121,96,37,28,54,64,76,45,66,66,64,33,20,90,62,126,95,97,95,64,102,70
20151124,20,PM10,,,,,,42,,,,,,,,,,45,,,,,,,,,34,,,,,,,,,,101
20151124,20,AQI,38,43,38,41,48,40,38,58,48,56,62,60,63,54,56,35,21,44,49,68,24,18,61,48,38,14,90,91,92,85,51,48,44,51,51
20151124,21,PM2.5,79,89,88,94,47,66,61,86,96,112,94,112,104,116,106,57,44,74,72,75,63,49,57,57,56,28,88,78,101,94,97,99,54,105,74
20151124,21,PM10,81,,,,52,,,,,,,,,,,79,,,,,,,,,59,,,80,,,,,,,98
20151124,21,AQI,38,47,42,46,48,40,40,61,52,60,64,65,67,59,55,37,23,47,52,70,26,21,62,48,41,15,92,90,94,82,51,52,45,55,52
20151124,22,PM2.5,100,98,93,97,57,60,78,85,72,114,101,111,102,103,107,72,42,93,70,75,46,49,99,66,57,23,70,72,125,106,105,104,62,113,77
20151124,22,PM10,,,,,,,,,,,,,,,,80,,,,,,,,,,,,78,,,,,,,93
20151124,22,AQI,40,51,46,51,46,39,43,64,55,65,68,69,71,62,53,36,25,51,55,72,28,24,65,49,43,16,93,89,97,80,56,56,47,60,55
20151124,23,PM2.5,100,93,92,89,63,68,88,94,92,113,122,110,103,121,109,75,57,99,93,109,44,72,92,64,57,33,78,86,238,140,102,95,85,105,84
20151124,23,PM10,,,,,,,,,,,,,,,,77,,,,,,,,,,,,89,,,,,,,91
20151124,23,AQI,44,55,50,54,45,39,47,68,59,70,72,74,75,68,56,35,27,55,58,76,30,28,68,52,46,17,95,87,106,81,60,60,51,64,58
