date,hour,type,dongsi,tiantan,guanyuan,wanshouxigong,aotizhongxing,nongzhanguan,wanliu,beibuxingqu,zhiwuyuan,fentaihuayuan,yungang,gucheng,fangshan,daxing,yizhuang,tongzhou,shunyi,changping,mengtougou,pinggu,huairou,miyun,yanqing,dingling,badaling,miyunshuiku,donggaocun,yongledian,yufa,liulihe,qianmeng,yongdingmengxi,xizhimengbei,nansanhuan,dongsihuan
20150422,0,PM2.5,27.6,29.2,18,21.4,20.5,22.1,28.2,42.3,12.2,56.6,12.9,13.8,27.1,19.3,38,36.7,14.2,11.2,11.9,43.4,20.1,27.3,3,12.3,9.7,7,,65.6,52.3,15.9,22.4,56.8,37.6,66.8,49.4
20150422,0,PM10,39,66.7,43.4,45.8,77,83.7,137.1,,13.2,126.6,29.1,,74.3,82.2,220.4,163.3,34.1,24.5,43.2,,52.3,28.9,40.5,45.9,15.4,26.1,,182.8,171.1,22.1,82.6,148.4,166.6,97.9,163.2
20150422,0,AQI,91,90,93,89,101,86,92,98,86,110,95,114,106,98,101,103,99,88,102,93,90,91,71,82,83,71,,104,109,91,100,108,112,125,92
20150422,1,PM2.5,31.9,18,24.6,18.3,20.5,23.5,25.1,40.7,8.9,37.4,22.9,15.2,24.9,47.9,60.7,58.6,18.8,14.9,14.2,45.4,22,17.7,8.9,20.2,9.3,12.4,,81.7,64.3,18.5,39.3,69.4,35.3,63.7,52.9
20150422,1,PM10,44.7,86,66,58.1,59,65.3,116.9,81.9,22.6,100.6,25.7,40.9,69.8,142.7,170.7,210.7,30.5,31,65.9,,43.1,54.5,35,64.2,10.3,34.2,,149.6,131.4,55.2,96.2,145.9,82.8,131.9,113.3
20150422,1,AQI,90,90,93,88,99,85,91,97,84,108,93,111,105,99,102,107,95,86,101,91,88,86,70,82,80,67,,103,108,90,100,109,112,125,93
20150422,2,PM2.5,60.5,51.9,31.8,42.2,33.8,60.9,26.4,28,18.5,84.6,23.9,64.6,66.8,58.4,60.3,41.6,54,19.5,24.6,39.7,15.9,28.5,16.4,11,10.2,9.2,,74.6,57.8,25.1,57.3,70.3,34.7,72.1,65.2
20150422,2,PM10,124.5,100.9,122.6,130.5,141.7,142.7,110.7,88.5,28.5,171.5,156.1,221.5,155,119.6,133.8,114.6,138.9,83.3,108.8,,21.3,62.9,30.2,26.1,13,13.9,,117.9,85.4,88,142.9,179.7,198.8,148.9,161.8
20150422,2,AQI,91,90,93,89,100,86,89,96,82,108,94,113,107,99,103,106,94,86,101,89,86,81,69,81,77,63,,102,107,87,100,110,114,125,95
20150422,3,PM2.5,60.9,65,55.4,53.2,52.5,60.1,45.5,30.2,16.2,72.5,50.8,59.3,66.6,60.7,64.4,64.1,54.4,12.4,20,11.9,15.2,20.5,18.7,15.5,10.7,14.7,,72.4,51,34.1,48.9,58.2,55.1,72.9,74.3
20150422,3,PM10,65.8,89.9,115.8,90.8,137.6,97.6,141.7,34.1,51.8,135,109.1,150.1,116.1,107.8,117,153.8,118,22,65.5,,,50,38.3,22.6,,19.5,,102.4,81.5,81.2,164.6,155.8,267.7,162.3,132.1
20150422,3,AQI,90,90,94,89,100,86,90,94,81,107,94,113,107,98,103,107,93,84,101,85,83,76,67,80,77,60,,102,105,84,101,110,117,126,96
20150422,4,PM2.5,59.4,54.3,60.2,55.4,59.8,64.3,55.8,57.9,40.9,64.9,46,63.9,74.1,59.2,62.5,66.1,46.4,4.3,18.8,11.4,17.4,20.7,21.8,13.2,6.6,10.7,,73.8,61,36.2,74.2,60.3,61.7,72.4,79.1
20150422,4,PM10,74.9,88.2,121.7,98.3,143.2,93.6,179.8,79.5,64.7,158.4,99.3,,146.6,142.8,99.9,125,105.5,31.8,66.4,,30.2,34.5,24,47.7,17.8,20.7,,114.6,82.6,68.8,179.6,122.2,213.6,161.9,133.3
20150422,4,AQI,89,89,95,88,98,85,93,93,80,107,94,113,108,99,102,107,92,83,100,81,81,72,66,79,75,56,,101,103,80,102,111,118,126,96
20150422,5,PM2.5,66.3,54.3,59.9,56.8,56.5,65.8,49.3,24.5,22.7,70.4,44.7,25.2,103.7,57.4,70.8,88.9,50,15,14.8,23.2,12.2,22.8,31.2,22.6,19.9,14.6,,78.5,65.7,39.1,69.5,68,67.3,82.3,81.6
20150422,5,PM10,67.8,83.3,121.5,97.7,108.2,86.8,117.5,41.6,,196.2,64.6,51.8,164.7,137.7,126.9,135.8,104.6,60.6,54.2,,,41.3,46.8,59.8,30.5,15.6,,132.5,76.3,58,169.6,99.7,213.2,190.8,128.8
20150422,5,AQI,89,89,95,88,98,85,92,91,81,108,93,111,109,99,102,107,90,83,98,78,77,68,66,79,74,52,,101,101,78,102,111,118,127,96
20150422,6,PM2.5,64.6,53.1,58,54.8,62.6,64.5,46.7,34.3,3,57.7,38.7,21.4,78.7,65.6,73.1,100.1,52.7,22.7,23.9,29.7,12.6,19.7,18,28.5,12.5,20.1,,92.9,63,40.9,71.7,74,80,68,91.1
20150422,6,PM10,73.7,83.8,130.2,108.2,142.6,99.3,152.9,79.8,18.6,205.7,68.6,,165.1,136.6,107.5,154.9,112.4,80.9,79.3,,27.3,42.6,26.4,131.4,19.4,,,133.4,95.6,83.2,187.7,143.7,261.3,178.5,143.2
20150422,6,AQI,88,89,95,88,97,85,93,91,79,109,92,111,110,99,102,107,88,82,97,75,74,65,65,80,73,48,,101,99,77,102,111,121,126,96
20150422,7,PM2.5,58.8,62.4,54,60.4,61.1,66.7,53.8,40.5,8.2,72.1,35.4,35,80.8,74.4,74.8,123.1,62.3,13.2,25.9,35.1,19.5,21.5,22.6,19.9,15.8,9.3,,89,64.3,42.8,74.2,86.5,66.7,87,112
20150422,7,PM10,77.5,108.7,131.5,154.8,116.4,111.7,168.9,99,40.4,338.2,90.5,77.3,156.2,146.9,155.1,205.9,106.3,39,96.6,,43.9,52.9,43,54.1,28.6,21.2,,138.3,111.5,64.7,204.1,136,173.2,316,204.8
20150422,7,AQI,86,89,95,88,95,85,94,90,77,112,91,109,110,99,101,108,87,80,96,73,71,63,64,79,72,44,,100,97,77,102,111,120,126,97
20150422,8,PM2.5,66.5,82.8,63.3,54.2,61.2,81.4,119.3,48.3,25.1,125.2,32.5,33.9,69.4,69.4,69.5,120.4,77.8,68.6,15.9,51.2,32.7,24.4,24,71.3,15.3,16.5,,138,66.4,38.1,65,123.3,53.4,133.7,122.1
20150422,8,PM10,,95,145.8,113.4,148,145.7,192.4,65.3,86.7,209.9,90.3,45.9,115.1,135.8,101.3,206.9,119.3,87.4,56,,86.4,60.9,48.4,71.4,47.3,21.2,,184.6,143.1,69.7,155.5,,86.1,220.8,225.7
20150422,8,AQI,86,88,95,88,94,85,96,88,77,113,89,107,109,99,99,108,85,79,93,70,69,60,63,77,71,43,,99,95,76,102,113,117,128,99
20150422,9,PM2.5,52.9,86,34,38.8,63,103.7,57.4,32.5,23.3,45.7,25.5,29.3,50,70.1,85.3,91.3,117.8,17.2,19.6,56.2,41.6,33,34.1,24.2,22.4,18.9,,96.3,74.8,33.1,49.2,109.9,48.9,118.7,134.3
20150422,9,PM10,,,93,102.1,144,189,178.4,69.1,64.6,132.8,117.4,59.7,134.2,131.3,126.9,126.8,126.1,27.1,51.8,,90.4,76.1,58.3,30.1,59,27,,130.4,124,61.6,91.2,,86,143.2,193.6
20150422,9,AQI,85,87,93,86,93,86,98,86,75,112,87,103,108,98,98,107,86,75,91,68,67,59,63,74,71,38,,95,93,74,100,114,114,127,100
20150422,10,PM2.5,46.9,69.3,27.9,30.7,90.7,70.8,39.3,,35,51,65.7,38.9,36.5,41.4,43.2,53.1,197,25.8,23.5,59.4,46.8,46.6,35,29.3,21.2,33.8,,122,53.3,36.5,49.8,109.6,73.8,95.4,74.8
20150422,10,PM10,,95.2,83.8,96.2,118,85.4,179.5,,77.9,132,159.2,110.3,80.8,91.7,69.1,,,89.3,66.4,,106.6,83.7,59.6,44.2,41.8,58.9,,,100.2,80.4,101,134.3,,132.4,
20150422,10,AQI,84,85,91,84,91,84,99,84,74,111,87,99,107,95,94,105,90,72,88,65,65,57,62,72,71,36,,95,93,73,98,113,113,124,99
20150422,11,PM2.5,35.7,65.7,46.9,27.3,35.5,53.8,31.1,,39.9,,37.9,38.1,34,27.1,35.8,37.2,,22.2,26.5,64.4,61.2,45.6,20.8,32.6,17,38.5,,54.8,42.9,32.9,44.7,97.1,53,82.6,40.5
20150422,11,PM10,43.1,75.2,92,85.4,100.7,77.9,147.1,142.6,85.6,,125.8,118.8,144.8,78.7,,63.8,68.7,64.7,305.5,,91.2,60.9,29,63.6,35.5,,,57.8,69,68.4,124.6,,110.3,164.1,57.3
20150422,11,AQI,81,83,89,82,90,81,99,83,72,,87,98,107,94,94,102,85,70,92,62,63,57,62,70,70,36,,91,91,72,96,112,111,119,96
20150422,12,PM2.5,32.1,31.2,31.9,24.5,29.1,36.8,27.9,15.1,30.4,,33.7,37.9,39.4,29.5,34.4,,46.5,31.9,27.9,73.6,169.1,32,,30.4,8.4,26.8,,73.3,32.8,32.6,40.5,93.8,35.8,77.9,37.7
20150422,12,PM10,,59.5,75.6,78.8,95.4,59.6,95.9,107,79.1,,84.6,98.8,110,76.7,81.5,45.8,,107.4,151.8,,,41.7,30.7,54.7,10.2,34.3,,,70.4,83.9,91.8,,71.5,162,50
20150422,12,AQI,81,81,88,81,89,79,97,83,72,112,86,97,106,93,93,100,82,70,92,59,62,56,61,69,69,36,32,91,89,72,95,111,110,114,95
20150422,13,PM2.5,25.7,27.2,26.4,25.6,26.9,32.9,29.3,28,20.2,21.8,35.9,33.8,41.4,31,27.7,,38.2,19.1,37.8,48.3,,36.7,,31.7,13.4,21.3,,29.5,44.7,30.1,47.2,84.4,28.7,60.4,39.7
20150422,13,PM10,26.2,63.6,80.2,76.7,77,68.4,83.4,113.4,77.5,81.3,69.8,100.6,83.4,98.5,95.5,67.7,49.1,124.3,78.5,,48.7,41.8,,48.6,19,33.8,,46.4,91.1,57.2,71.5,101.5,80.3,178.4,43.3
20150422,13,AQI,79,80,88,81,89,79,96,84,72,112,87,96,106,94,92,98,78,69,92,55,62,55,61,64,64,38,41,89,90,72,95,112,108,110,92
20150422,14,PM2.5,33.4,32.7,34.1,27.1,35.6,40.6,32.2,29.5,26.8,47,31.1,39.3,40,35.8,31.4,22.2,28.8,45.1,34.3,32,,39.9,,35.2,12.6,26.7,,25.5,37.4,32.1,37.7,77.5,38.2,57.1,40.2
20150422,14,PM10,51.7,82.5,85.6,74.3,117.7,89.1,140.1,105.9,101.9,118.3,95.5,127.2,77,96.2,115.7,119.2,48.5,106.2,109.9,,68.6,45.9,,103.1,19.8,38.4,,55,102.5,71,85.4,98.4,106.5,132.5,95.1
20150422,14,AQI,79,81,88,81,90,80,96,83,72,112,88,95,106,94,93,99,75,65,92,53,60,55,59,63,60,39,42,88,90,73,95,115,107,110,92
20150422,15,PM2.5,43.9,49,32,31.4,33.9,42.4,,32.6,32.7,52.9,39.2,34.3,41.9,27.3,36.2,30.9,154.9,38.9,40.5,25.9,41.9,26.4,,34.9,21.1,21.8,47.6,21.9,38.4,35.4,45.6,69.6,34.8,70.4,36.5
20150422,15,PM10,64.2,95.1,102.7,121.4,142.8,90.6,109.2,117.5,101,144.1,93.7,132.6,101.1,106.7,82,115.4,,120.7,123.8,,72.2,66.4,,106,73.2,46.4,,71.5,86.9,77.5,110.9,118.4,121.8,96,78.6
20150422,15,AQI,74,78,83,80,86,78,95,81,68,111,84,93,104,93,91,96,77,63,87,51,59,55,53,60,53,46,51,87,89,74,92,117,102,108,90
20150422,16,PM2.5,43.6,61.7,36.5,35.9,43.6,44.4,,40.2,32.2,42.7,39.1,48.6,41.5,29.9,37.4,32,,39.6,42.1,32.4,50.1,21.5,,45,32.2,24.5,53.7,31.5,37.5,36.1,44.9,70.8,43.2,65.3,42.7
20150422,16,PM10,62.1,99.9,129,119.8,188.5,85.2,,142.6,116.2,148.3,97.3,173.4,92.7,115.8,102.8,119.9,90.5,114.6,142.2,,101.8,89.9,,121.4,111.5,54.8,74.1,63.1,87.5,66.5,134.5,111.5,133.8,120,117.2
20150422,16,AQI,70,76,80,78,85,77,95,76,65,107,77,86,94,91,88,93,78,61,79,51,58,55,48,58,47,50,67,82,88,70,91,118,101,106,90
20150422,17,PM2.5,40.2,64.5,34.6,33.9,37.7,38.6,,45.3,41.6,190.8,40.3,43.7,44.5,31.7,32.1,29.7,,38.6,42.9,29,58.5,38.2,,35,30.1,32.7,51.5,27.1,39.3,37.5,39.5,69.1,44.7,49.7,40.5
20150422,17,PM10,64,91.3,132.6,125.8,214,92.1,102.5,182.2,125.7,,91.4,159.1,109.9,113.7,123.7,121.7,96.4,147.2,148.7,,114.2,114.7,,141.6,121,85.5,78.2,78,102.3,88.6,118.4,93.2,124.7,132.1,73.2
20150422,17,AQI,62,70,74,73,81,72,94,73,61,98,71,79,84,83,88,93,80,61,73,50,57,55,44,58,46,61,67,81,84,64,84,107,95,102,86
20150422,18,PM2.5,45.2,67.4,35.3,40.7,187.9,38.7,52.5,44.9,36.7,,43,45.8,63.8,37.5,42.8,32.3,56.1,50,74.4,37,50.3,39.9,34.3,45.7,32,38,52.6,38.1,39.3,36.6,48.1,70.8,47.9,76,45.9
20150422,18,PM10,78.8,115.4,139.7,148,,146.7,158.3,183.5,119.3,160.4,156.7,153.3,159.9,124.3,137,146.5,98.3,127.1,130.8,,113,114,,149.5,123.4,94,80,72,88.6,71.8,147.6,132.8,150.2,117.6,85.7
20150422,18,AQI,59,68,73,72,81,72,95,75,60,97,71,77,81,79,82,90,83,62,73,49,57,56,47,59,46,62,67,81,76,60,84,105,93,101,84
20150422,19,PM2.5,49.2,43.7,41.3,38.4,52.4,43.6,113.7,46.1,40.7,,74.1,41.9,49.9,35.7,44.3,39.9,51.4,75,52,39.1,51.1,34.6,35.3,48.7,36.1,32.8,58.7,28.3,36.4,34.7,44.8,62.2,52.2,67.2,49.3
20150422,19,PM10,76,112.6,129,122.1,169.7,137.5,133,150.2,116.2,134.9,508.9,138,126.7,103.7,100.4,160.1,117,128.6,106.9,,116.1,114.4,122.6,138.1,148.1,86.2,93.3,75.7,84.6,78.5,129.4,112.7,143.2,117.1,142.3
20150422,19,AQI,61,69,74,72,83,73,94,75,60,98,79,78,82,79,82,92,85,63,73,51,59,58,45,60,49,49,67,80,73,59,85,103,92,101,84
20150422,20,PM2.5,43.7,31.1,41.5,33.4,43.1,41.8,52.1,42,33.6,,38.9,47.5,52.2,34.5,36.6,33.6,43.1,87.6,34.5,34.3,55.8,40.1,34.4,47.1,38.7,37.8,58,29.5,41,36.9,48,56.1,44,57.6,43.7
20150422,20,PM10,71.3,97.1,128.3,104,153.1,105.7,111.3,116.7,103.5,136,114.8,129.8,107.6,96,91.8,110.1,133.1,116.1,97.9,,125.4,129.4,123.6,121.9,118.1,91.8,88,79.7,102.6,61.8,113.8,89.5,123.6,103.2,93
20150422,20,AQI,62,69,75,73,85,73,93,77,61,98,80,78,81,79,82,92,87,64,73,52,60,57,49,61,51,48,68,80,73,59,86,102,93,101,85
20150422,21,PM2.5,38.6,33.2,39,39,42.5,41.1,39.2,37.5,34.4,,41.7,37.1,45.2,35.9,41.5,39,36.3,131.6,38.5,42.1,58.6,42,43.4,38.2,98.7,35.2,53.2,28.5,48.7,34.9,51.2,54.5,44.7,78.6,38.2
20150422,21,PM10,66.1,93.9,125,115.3,149.8,97.7,124.1,105.7,105,149.6,109.8,139.5,88.2,92.6,123.5,123.6,82.4,,104.8,,127.7,108.5,122.7,114.9,107.3,85.2,82.7,76.8,111.7,80.7,133.5,108.9,121.5,113.6,84.3
20150422,21,AQI,62,70,77,74,87,74,93,78,62,100,80,80,82,80,83,91,87,65,74,54,62,59,53,63,53,45,68,81,74,60,87,102,94,103,85
20150422,22,PM2.5,47.4,31,37.6,40.7,42.5,42.7,35.4,39.2,37.3,,43.4,34.7,41.5,39.1,45.8,43.5,42.2,83.8,38.8,40.4,57.3,43.7,36.1,35.4,50.7,37.8,49.4,40,50.6,44.5,44.4,59.3,43.6,63.6,46.3
20150422,22,PM10,63.6,92.1,128,108.2,152.4,94.6,123.4,104.3,100.4,136.8,129.4,118.7,95.5,103.3,116.7,130.8,81.7,109.1,105.9,,129.9,92.8,101.3,89.6,97.4,73.8,79.3,79.9,109.2,84.7,112.2,99.6,125.6,98.5,81
20150422,22,AQI,64,70,79,76,89,75,94,78,63,101,82,82,83,81,84,90,82,67,75,55,65,60,54,64,54,47,67,82,75,60,88,101,96,104,85
20150422,23,PM2.5,44.3,38.9,35.8,40.3,44.5,48.3,41,49.1,40.8,,51.7,50.7,50,46.2,48.8,44.1,40.2,109.8,44.1,31.9,63.4,40.9,39.9,42.1,40.6,34.9,67.4,53.4,51.1,46,44.7,57.7,47.2,59.3,45.4
20150422,23,PM10,63.5,92.3,128.2,101.7,134.1,261.4,115.1,132.9,100.2,116.2,118.7,120.9,95.4,103.8,118.9,136.5,93.3,,115.9,,126.4,91.4,98.5,87.3,92.8,67.2,90,106.9,105.2,81.3,113.4,101.9,133.5,109.7,72.7
20150422,23,AQI,65,70,81,77,91,80,93,79,65,102,84,84,83,81,85,92,83,67,77,55,67,61,55,66,55,48,68,83,76,61,89,101,97,100,84
20150422,0,SO2,4.2,2,2,2,2,2.4,5.6,2.7,2,2.6,2,2,2.5,4.2,5.4,14.1,2.9,2,2,2.4,2,3.8,2,12.9,2,2,,15,6.9,2.1,4.2,14.4,3.4,8,15.4
20150422,0,NO2,78.8,66.3,73.8,62.1,83.6,74.7,,60.1,15.6,95.7,31.7,15.4,88.6,95.7,85.8,97.1,31.8,18.6,16.4,52.8,30.5,23.3,12.5,9.1,8.7,3.6,,29.5,19.1,31.6,95.7,109.2,106.5,133.5,94.7
20150422,0,O3,19.6,8.7,13.2,17,10.3,25.4,17.6,17.8,79.1,2,60.6,90.2,2,8.7,12.5,2,51.4,74.3,72.4,28.5,51.7,78,71.5,80.1,90.7,100.6,,59.5,72.9,67.6,2,2,14.7,2,2
20150422,0,CO,0.8,0.5,0.6,0.5,0.4,0.4,0.1,0.5,0.2,0.5,0.3,0.3,0.7,0.6,0.7,0.6,0.2,0.3,0.3,0.6,0.4,0.3,0.2,0.2,0.2,0.2,,0.8,0.6,0.1,0.8,1.6,1.4,0.8,1
20150422,1,SO2,4,2,2,2,2.8,3.1,4.7,2,2,2.4,2,2,2,12.6,11.5,11.5,4.1,2,2,6.4,2,4,2,12.3,2,2,,14.9,6.5,3.4,6.2,14.9,2,11.3,21.9
20150422,1,NO2,94.7,79.4,81.2,82.9,89.8,100,,62.8,16.4,91.1,28.7,18.6,85.3,62.7,59.3,90.5,50.5,19.8,36.4,58.8,33.3,61.8,14,15.7,31.5,7.5,,43,13.6,59.4,95.3,112.9,108.1,142.1,96
20150422,1,O3,4.1,3,8.9,2,6.2,4.7,17.9,3,68.6,2,62,76.7,5.6,50,48,2,28.3,64.9,45.8,26.7,40.5,21.3,59.8,58.8,56.8,84.1,,47.8,67.6,30.7,2,2,12.6,2,2
20150422,1,CO,0.9,0.7,0.6,0.7,0.4,0.6,0.1,0.6,0.2,4.5,0.3,0.3,0.5,1.1,1.2,0.9,0.3,0.3,0.3,0.7,0.4,0.4,0.3,0.2,0.2,0.2,,1.1,0.7,0.1,0.9,1.5,1,1,1.2
20150422,2,SO2,15.6,2,6.4,3.6,7,14.6,8.3,2,2,7.9,4,7.7,5.9,11.5,32.1,12.2,10.9,2,181.9,4,,4.9,2,12.4,2,2,,14.2,4.6,4.2,11.3,9.5,2.3,11.5,14.2
20150422,2,NO2,78.1,88,86.7,86.2,97.2,86.7,,71.4,26.3,84.5,76.8,91.8,86,53.9,43.3,91.6,88.2,62.7,56.3,46.7,11.1,66.3,24.7,6,9.2,6.4,,65,15.8,63.9,108.2,97.6,113.3,117.5,113
20150422,2,O3,29.4,2,7.5,10.5,5.7,33.2,19.7,2,53,10.6,17,3.9,10.1,55.9,59.7,2,3.7,20.2,12.6,23.6,60.8,9.1,36.9,72.8,80.1,82.2,,26.2,45.5,28.4,2,2,14.1,9.6,2
20150422,2,CO,1.2,1,0.7,1,0.8,1.3,0.1,0.6,0.3,1.4,0.7,0.7,0.8,1.1,1.2,1,0.9,0.3,0.3,0.6,,0.4,0.3,0.2,0.2,0.2,,1.3,0.7,0.1,1.2,1.1,0.9,1.1,1.4
20150422,3,SO2,13.4,2,5.2,3.5,10.4,10.6,9.4,2,2,6,4.8,10.6,6.5,9.4,10.4,11.4,9.1,2,137.2,2.1,2,5.3,2,12.3,2,2,,12,2.8,3.6,10.3,7.3,2.7,13.5,14.1
20150422,3,NO2,82.3,79.5,73.3,63,102.6,87.3,,63.6,29.6,84.9,79,95.1,91,57.9,42,85.8,95.5,51.8,71.7,35.6,7.7,60.3,62.7,10.4,7.6,7.8,,65.7,16.6,53.8,111.1,97.4,126.9,157.9,115
20150422,3,O3,25.7,3.3,16.9,29.1,9.9,40.4,24.3,2,47.8,7.8,15,10,3.1,44.8,50.7,6.8,2,28.7,2,26.4,,9.7,2,64.5,88,73.2,,22,36.2,31.5,2,2,13.3,2,2
20150422,3,CO,1.2,1,1,1.1,1,1.2,0.1,0.7,0.3,1.2,0.8,1.1,0.9,1.1,1.4,1.1,0.9,0.3,0.1,0.3,,0.5,0.3,0.2,0.2,0.2,,1.3,0.7,0.1,1.3,1.3,1.4,1.3,1.4
20150422,4,SO2,13.5,2,6.1,3.4,7.8,9.9,11.9,2,2,6.9,6.4,8.6,5.9,8.4,6.3,8.6,4.6,2,99.2,2.1,2,4.5,3.8,12.2,4.8,2,,11.4,2,2.7,11,6.1,5.1,14.4,19.5
20150422,4,NO2,82.1,73.7,62.8,81.2,94.7,113.8,,67.6,31.9,100.3,48.4,78.1,88.4,88.3,70.9,89.9,84.7,28.2,61.2,27.9,31.9,64.9,63.2,16.5,26.6,9.2,,73.2,40.5,69.9,107.5,98.2,119.3,162.3,111.5
20150422,4,O3,22.4,6.5,27.9,4.6,10.3,16.8,,2,44.3,2,46.5,15.8,2,2,10.2,2,2,50,9.2,36.4,34.8,3.8,2,57.3,50.7,64.8,,17.1,2,9.2,2,2,15.9,2,2
20150422,4,CO,1.2,1,1.1,1.2,1,1.2,0.1,0.9,0.5,1.3,0.7,0.6,0.7,1.1,1.2,1.4,0.8,0.3,0.2,0.4,0.4,0.5,0.2,0.2,0.3,0.2,,1.4,0.7,0.1,1.4,1.4,1.3,1.4,1.5
20150422,5,SO2,12.8,2,5.1,3.2,7.2,8.3,9.3,2,2,6.3,6,6.4,6.2,7.5,6.3,10.1,3.3,2,70.8,2,2,4.2,3.1,12.7,9.7,2,,12.4,2.1,2.2,12.5,7.5,2,16.3,21.6
20150422,5,NO2,81.3,78.6,73.1,93.1,102.1,84,,64.6,21.7,90.9,35.9,53.5,89.6,91.1,91,95.8,83.7,66.7,,22.5,,48.4,59.8,20.2,27.3,9.7,,94.1,73.3,53.9,115.1,99,117.3,136.4,107.6
20150422,5,O3,20.9,2.1,19.5,2,3.3,26.4,8.7,2,52.2,2,49,20.9,2,2,2,2,2,8.7,2.5,40.8,64.1,12.3,2,50.4,43.8,59.3,,2,2,5.9,2,2,13.2,2,2
20150422,5,CO,1.2,1.1,1,1.3,1,1.1,0.1,0.9,0.3,1.2,0.6,0.5,1,1,1.3,2,0.9,0.4,0.3,0.5,0.3,0.4,0.3,0.2,0.3,0.2,,1.4,0.8,0.1,1.7,1.9,1.3,1.5,1.7
20150422,6,SO2,12.7,2,5.7,4,5.3,7,7.2,2.1,2,7.3,7.5,7.1,6.3,6.9,7.6,13.8,2.5,2,49.6,2.9,2,4.2,2.6,13,8,2,,13.5,2.1,2.2,13.4,15,3.1,15.7,18.2
20150422,6,NO2,96.7,62.5,89.2,96.9,95.4,99.9,,60.5,17.9,93.1,53.5,50.3,83.9,93,91.5,108,79.2,54.1,64,24.8,16,51.8,47.8,34.9,14.5,9.3,,105.6,79.2,62.2,110.6,113,116.4,134.9,96.5
20150422,6,O3,8.7,2,7.8,2,2,6.9,7.4,2,50.5,2,23,28.8,2,2,2,2,2,15.2,4.1,40.4,47.2,9.5,3.4,27.5,72.9,59.8,,2,2,2,2,2,10,2,2
20150422,6,CO,1.3,1.1,1.1,1.2,1.1,1.2,0.1,1,0.3,1.3,0.5,0.7,1.2,1,1.3,2.1,1.1,0.5,0.6,0.7,0.5,0.5,0.3,0.3,0.3,0.2,,1.5,0.9,0.1,1.8,2.3,2,1.4,2.2
20150422,7,SO2,12,2,6.4,7,6.6,13.7,8.1,3.5,2,9.5,9,5.9,9.8,11.9,13.1,25.2,9.9,3.3,34.2,5.2,2,5.9,8.2,17.7,11.2,2,,15.6,3.1,9.1,15.7,25.1,5.2,28.7,25.8
20150422,7,NO2,93.7,70.1,87.1,102.9,90.8,104.2,,53.1,28.1,95.2,39.8,63.6,88.9,93.3,85.2,112.7,78.9,44.9,58,35,33,45,35.3,13.2,31.1,7.8,,106,61.2,53.3,111.9,125.6,119.9,157.1,98.4
20150422,7,O3,10.5,2,7.7,2,3.2,8.5,10.6,2,46.8,2,36.1,16.5,2,3.9,3.1,2,2,29,4.4,33.5,28.5,17.8,20.5,49.9,52.8,60.6,,2,2,11.9,2.5,2,9.6,2,2
20150422,7,CO,1.4,1.3,1,1.3,1.1,1.1,0.1,1,0.3,1.3,0.5,0.8,1.2,1.1,1.3,2.1,1.2,0.5,0.7,0.8,0.5,0.5,0.3,0.3,0.4,0.2,,1.5,0.9,0.1,1.9,2,2,1.8,2.5
20150422,8,SO2,9.9,8.8,6,9.8,8.9,13.1,8,3.5,2,12.7,5.5,4.3,9,19.4,14.9,42.8,17.7,2.7,23.4,12.3,3.6,7.5,10.8,20.6,23.2,2,,24.5,20.1,10,13.8,15.2,6.5,34.1,27.5
20150422,8,NO2,83.3,95.4,87.8,99.4,91.5,112.4,,53.4,55.4,94.6,29.9,49.2,81.3,86.6,75.2,134.7,67.3,48.9,28.4,46.6,57.2,38.3,38,19.3,28.9,9,,90.8,58.5,35.4,101.1,98.6,111.6,158.6,117.7
20150422,8,O3,20.9,8.7,10.6,9.9,7.7,7.6,19.2,12.3,25.7,2,49.4,36,5.4,11.9,18.1,2,7.5,25.3,45.4,35.2,14.7,31.7,24.4,51.5,58.2,59.8,,19,22.9,45.6,7.6,6.9,14,2,2
20150422,8,CO,1.3,1,1.2,1.1,1.1,1.5,0.1,0.8,0.7,1.3,0.4,0.7,1,1,0.9,1.8,1,0.6,0.2,1,0.6,0.6,0.4,0.4,0.6,0.2,,1.4,1.1,0.1,1.3,1.2,1.3,1.9,2.6
20150422,9,SO2,9.2,6.5,3.2,7.4,8.4,13.4,10.9,2,2.2,7.4,5.8,5.5,9,16.6,15,25.3,23.7,4.4,15.1,14.2,6.3,9.7,22.5,18.8,32.5,2,,25.7,19.6,8.6,11.8,9.4,5.8,23.8,31
20150422,9,NO2,71.7,72.9,67.4,87.8,95.7,130,,45.9,74.9,89.1,43.9,44.4,69.4,65.9,73.2,120.8,68.7,47.7,38.9,45.6,39.3,34,35.5,19.7,27.4,10.3,,78.3,42.9,27.9,91.7,79.6,107.1,134.2,130.3
20150422,9,O3,36.1,45.6,31.9,33.1,11.9,2,32.2,32.3,14.5,6.2,54.2,50.4,25.9,47.4,34.4,13,19.8,34.5,40.6,60.8,49.8,51.2,37,62.6,65.1,67.3,,39.1,71.2,69.1,27.1,31.3,20.1,2,2.3
20150422,9,CO,0.9,0.7,0.7,0.8,1.2,1.7,0.4,0.5,0.7,0.8,0.5,0.5,0.8,0.8,0.9,1.3,1.1,0.5,0.3,1.1,0.6,0.7,0.6,0.4,0.7,0.3,,1.1,1.1,0.1,0.9,0.8,1.1,1.3,2.4
20150422,10,SO2,7.3,5.7,3.9,6.5,7.3,6.8,8,2,2.7,,7.9,6.2,6.4,9.9,,13.9,20.1,6.3,24.5,14.8,9.9,14.8,26.7,23,,5.9,,16.9,15.1,10.3,8.3,8.4,2.6,15.9,17
20150422,10,NO2,49.9,52.2,54.3,56.8,95,60.7,69.4,,73.2,65.8,29.1,31.8,35.5,24.4,27.9,60.5,73.4,49.7,37.1,40.2,34.7,38,30,27.5,20.9,15.2,,37.5,36.6,21.3,74.4,59.1,86,104,87.6
20150422,10,O3,61.8,74.1,57.2,68.7,27.2,60.3,60.6,23.8,26.3,48.6,87.7,94.6,69.9,99.3,85.6,76,36.2,42.6,66.2,88,64.7,80.6,47,61.8,84,92.2,,87.2,87.1,101.5,44.4,57.7,46.3,26.4,42.4
20150422,10,CO,0.6,0.6,0.6,0.6,1,0.7,0.1,0.6,0.6,2.3,0.6,0.5,0.6,0.6,0.6,0.8,1.1,0.5,0.3,1,0.7,0.9,0.6,0.4,0.5,0.6,,0.8,0.8,0.1,0.7,0.6,0.7,0.9,1
20150422,11,SO2,7.7,4.7,4.1,5.7,6.2,6,8.6,2,4.1,,6.5,7.8,6.5,7.3,7.2,8.8,13.7,6.3,18.1,14.2,11.9,14.8,13.2,19.2,,8.1,,15.3,10.2,9.9,7.6,7,5.5,12.5,10.4
20150422,11,NO2,23.6,20.8,25.5,23.7,43,33.8,31.6,50.7,39.8,,15.4,22.1,32.8,16.3,17,29.6,91.7,37.2,20.9,40.7,39.1,33.1,16.6,28.5,24,15.3,,23.8,32.6,19.3,52.8,32.1,60.1,76.2,40.3
20150422,11,O3,91.8,118.2,96.7,108.8,84.9,91.8,129.6,35.4,84.8,,106.2,110.7,83.3,116.2,103.6,106.9,47.4,64.3,98.8,91.7,69,88.7,76.5,73.2,93.9,105.1,,98.8,94.4,116,76.8,90.1,79.6,60.8,89.4
20150422,11,CO,0.6,0.4,0.5,0.5,0.5,0.5,0.1,0.5,0.5,,0.6,0.6,0.6,0.5,0.4,0.6,0.9,0.4,0.5,0.9,0.7,0.7,0.3,0.4,0.4,0.6,,0.6,0.6,0.1,0.7,0.5,0.6,0.6,0.5
20150422,12,SO2,7.1,3.7,3.2,5,5.8,5,8,2,4.3,,6.1,6.8,6.3,5.7,5.2,,5.8,3,11.7,12.8,7.1,10.3,5,16.5,,7.2,35.3,13.5,8.1,9.6,6.7,5.8,2,11.2,9.5
20150422,12,NO2,15.7,13.4,16,19.7,18.6,22.6,19.5,21.9,16.6,,14.1,16.4,31.4,18.4,15.1,18,53.6,40,16.8,51.5,27.6,25.5,6.8,24.4,26.2,13.9,14.3,16.3,37.1,20,34.2,24.5,42.7,70.1,27.9
20150422,12,O3,107.7,135.4,119.4,118.7,116.4,111.7,150.8,86.6,114.9,,114.7,124.1,91.7,123.4,112.9,91.9,74.9,80.4,106.3,98,94.5,102.8,105.6,90.6,99.4,112.2,102.2,106.5,96,122.2,95.8,103.3,96.2,74.2,107.1
20150422,12,CO,0.5,0.4,0.5,0.4,0.4,0.4,0.1,0.4,0.5,,0.5,0.5,0.6,0.4,0.4,0.5,0.6,0.5,0.5,0.9,0.5,0.5,0.2,0.4,0.3,0.5,0.6,0.5,0.5,0.1,0.6,0.5,0.5,0.6,0.5
20150422,13,SO2,6.3,3.7,3,4.8,5.2,4,7.8,2,4.2,6.3,6.6,6.8,6.8,7.6,4.6,,3.5,2.8,7.4,4.9,3.9,7.3,,15.4,,3.6,2,13.4,8.4,8.3,6.1,5.4,2,10.8,8.5
20150422,13,NO2,13.4,12.5,14.2,17.2,15.6,21,18.2,14.8,15.2,18.2,13,14.7,34.4,19.5,13.1,12.6,18.7,18.3,18.5,17.2,31.5,33.1,4.9,26.5,26.6,14,16,10.1,52.4,17.7,41.5,20.8,49.1,73.8,22.6
20150422,13,O3,118.7,147.6,132.8,130.1,129.9,123.2,165.2,101.5,124.7,116.6,124.5,133.5,97.7,135.3,125.7,112.4,110.4,121.5,111.6,128.9,103.2,110.9,101.7,104.3,106.4,120.8,131,118.4,98.3,134.1,98.9,115.7,100.6,77.4,125.4
20150422,13,CO,0.5,0.4,0.4,0.4,0.3,0.3,0.1,0.4,0.5,0.7,0.5,0.5,0.6,0.5,0.3,0.5,0.4,0.4,0.5,0.5,0.5,0.5,0.2,0.4,0.3,0.4,0.7,0.4,0.5,0.1,0.5,0.4,0.5,0.6,0.4
20150422,14,SO2,7.8,5,3.9,5.6,6.9,6.3,9.2,2,5.2,6.7,6,7.5,5.7,7.4,9,3.8,3.5,3.3,4.4,3.8,4.1,5.9,,16.5,,2.8,2,14,15,7.6,6.9,7.2,2.7,11.5,10.6
20150422,14,NO2,14.4,14.5,15,19.2,19.3,22.1,21.8,12,15.8,31.5,12,15.3,32,21.3,14.9,13.1,16.7,14.3,20.2,12.8,14.5,22.9,4.3,14.7,29.5,24,11.2,5.1,52.7,17,37.1,21.7,43.6,77.3,46.3
20150422,14,O3,128,156.9,141.6,137.1,138.8,135.7,163,110.5,131.5,116.4,135.7,142.6,106,142,135.9,131.5,123.6,138.4,119.8,138.8,133,126,116.1,142,102.4,122.7,133.4,132.9,105,141.3,112.8,124.2,118.3,85.6,119.2
20150422,14,CO,0.5,0.4,0.5,0.4,0.4,0.4,0.1,0.4,0.5,0.5,0.5,0.5,0.6,0.5,0.4,0.5,0.4,0.5,0.6,0.4,0.4,0.4,0.2,0.4,0.3,0.5,0.6,0.3,0.5,0.1,0.6,0.5,0.5,0.6,0.6
20150422,15,SO2,7.8,5,3.9,5.8,7,6,13.1,2,5.2,6.8,6.3,7.6,6.2,7.4,5.1,4.5,5.1,4.3,2.4,3.6,3.8,5.7,,17.2,4.4,2.1,2,18.2,13.5,8.8,7.1,7.3,3.3,11.1,10.1
20150422,15,NO2,16.6,14.5,15.4,20.3,22.4,24.8,29.3,10,14.8,27.9,12.4,16.8,37.4,23.7,13.8,14.4,22.2,14.6,17.9,13.3,13.9,19.8,4.2,15.4,23.6,12.1,11.4,3.5,57.3,16.8,40.3,36,43.5,73.2,32.1
20150422,15,O3,134,165.8,150.9,143.8,143.2,140.6,161.1,115.7,138.9,124,142.1,149.3,113.5,148.7,142.6,144.5,131.3,143.5,129.9,145,146.6,143,117.3,151.2,,145.5,137.7,139.6,106.9,154.8,118.4,121.7,117.9,97.3,140.1
20150422,15,CO,0.5,0.4,0.5,0.5,0.4,0.4,,0.4,0.5,0.5,0.5,0.5,0.6,0.5,0.4,0.5,0.4,0.5,0.6,0.4,0.4,0.4,0.2,0.5,,0.4,0.6,0.3,0.5,0.1,0.6,0.5,0.5,0.6,0.5
20150422,16,SO2,7.8,5,5.2,6.1,7.6,6.3,6.7,2.8,6.2,7.3,7.5,9.4,6.4,5.9,5.8,6.8,5.2,4.3,2,3.8,4.8,6.6,7,17.7,5.7,2,2,17.3,13.3,8.7,7.6,7,5.7,10.8,9.7
20150422,16,NO2,16.8,14.6,17,20.8,26.5,26.3,29.3,9.3,15.6,30.7,11.4,19.5,37.1,21.1,12.8,14,22.7,14.7,18,14,15,21.3,4.9,14,27.8,10.8,11.4,3.3,55.6,11.3,40.8,31.9,43,81.6,27.7
20150422,16,O3,141.9,177.8,162.6,153.6,149.6,146.9,172.7,121.6,149.5,137,154.8,159.7,120.1,153.1,151.9,153.8,135,146.5,140.7,155.8,154.1,156.3,117.3,156.3,147.6,158.5,148.8,144.7,111.7,156.8,128.6,132,131.4,101.1,150.4
20150422,16,CO,0.5,0.4,0.5,0.5,0.4,0.4,0.5,0.4,0.5,0.5,0.5,0.5,0.6,0.4,0.3,0.6,0.4,0.5,0.6,0.4,0.5,0.4,0.2,0.5,,0.4,0.5,0.3,0.4,0.1,0.6,0.5,0.5,0.6,0.4
20150422,17,SO2,7.9,5.1,4.9,6.2,7.7,5.8,7,4.8,7.6,7.4,8.5,10,7.7,8.4,7.7,7.8,5,6.1,2,6.8,5.8,7.9,5.5,18.4,6.4,3.3,2,15.2,15.1,12.4,7.6,6.9,5.9,10.9,9.2
20150422,17,NO2,17.8,15.5,20.6,21.6,26.6,28.5,28.8,11.8,15.3,28.6,11.5,18.3,40,22.9,14.1,14.6,22.8,17.4,17.5,14.6,16.4,25.6,9.5,14.1,32.6,12.5,12.2,7.4,32.1,14,39.9,35.6,59.2,85.6,34.1
20150422,17,O3,138.2,170.9,152.8,146.7,148,142.3,169.3,125,148.8,129.4,150.7,158.7,112.6,150.4,150.9,151.2,139.2,152.6,139.4,158.8,157.7,161.3,134.9,160,144.9,168.4,149.3,139.9,136.8,159.1,123.3,126.2,118.7,88.9,143.1
20150422,17,CO,0.5,0.4,0.4,0.4,0.4,0.4,0.5,0.4,0.4,0.5,0.5,0.5,0.5,0.4,0.3,0.5,0.4,0.5,0.5,0.4,0.5,0.5,0.3,0.5,,0.5,0.5,0.3,0.4,0.1,0.5,0.5,0.6,0.6,0.4
20150422,18,SO2,10.9,8.6,8.1,9.6,10.7,9.6,11.1,7.1,11.1,10.6,12,13.5,10.7,12.3,11.2,10.5,5.2,7.7,2,7.3,6,8.4,5.5,20.1,7.8,3.4,2,14.2,17.3,11.8,11.2,11,7.1,15.3,12.2
20150422,18,NO2,21.9,20.7,26.1,25.7,31.2,33.3,33.6,13.8,17.2,43.9,14.2,21.4,46.9,24,19.6,17.5,25.6,22.8,21.1,16.8,20,29.8,16.5,16.2,37,13.1,12.2,10.2,25,15.6,50.3,38.6,66.2,114.4,27
20150422,18,O3,137.4,171.6,149.2,148.6,141.9,141.9,167.3,121.1,149.2,121.4,157.4,161.4,112.3,157.1,148.1,147.7,130.3,140.4,139.1,151.7,153.1,154.3,147.8,155.3,144.8,169.6,147.4,129.3,138.3,155.3,120.4,127.4,107.9,72.6,152.1
20150422,18,CO,0.5,0.4,0.5,0.4,0.4,0.4,0.5,0.4,0.4,0.5,0.5,0.5,0.6,0.5,0.3,0.5,0.4,0.5,0.5,0.4,0.5,0.5,0.4,0.5,0.4,0.5,0.5,0.3,0.4,0.1,0.6,0.5,0.6,0.7,0.4
20150422,19,SO2,14.4,12.6,10.1,11.7,12.3,13.3,12.2,9.2,10.4,12.7,8.6,10.8,10.1,18.6,15.1,15,8.7,11.3,2,6.6,7.5,9.5,7.1,22.8,9.4,3.8,2,15.1,11.2,9.4,14.7,15.1,10.2,18.7,16.1
20150422,19,NO2,26.3,24.1,30.6,31.9,31.2,40,46.6,13.6,18.7,42.6,18.7,25,53.6,34.2,24.1,23.7,34.9,26.4,22.9,21.7,24.2,30,19,19.8,53.7,14.4,15.6,13.4,23.1,17.2,51.9,37.3,71.6,93.9,32.3
20150422,19,O3,131,161.8,142.1,135.3,142.7,135.8,149.3,120.7,145.4,108.4,140.7,149.5,93.3,129.9,131.6,135.8,126.4,138.5,130.1,135.5,139.1,141.2,143.1,147,119,156.7,143.2,115.3,126.9,139,112.6,122.5,102.5,78.5,144.6
20150422,19,CO,0.6,0.4,0.5,0.5,0.5,0.5,0.6,0.4,0.4,0.6,0.5,0.6,0.6,0.5,0.4,0.5,0.4,0.5,0.5,0.4,0.5,0.5,0.4,0.5,0.4,0.4,0.5,0.3,0.4,0.1,0.7,0.5,0.7,0.7,0.4
20150422,20,SO2,17.7,14.1,14,15,15.7,17.2,11,8,7.4,17.1,9.8,9.1,10.4,19.2,10,13.9,12.6,9.1,2,6.9,11.1,13.3,8.7,23.4,10.9,6.5,2,14,9.4,9.7,17.2,17.9,14.5,22.4,19.3
20150422,20,NO2,28.7,26.5,33.7,36.5,39.6,43.8,52.9,15.7,20.6,46.5,25.1,36.3,62.4,36.8,31.1,36.3,33.3,28.7,31.6,24.5,26,31.7,21.7,21.6,50.4,13.2,14.9,19.5,26.3,19.2,56.9,45.3,77.1,124.2,34.2
20150422,20,O3,111.8,136.8,118.2,111.8,112.9,115,119.8,110.5,127,79.8,115.7,118.5,68,113.7,109.9,108.1,117.1,122.1,103.4,119.9,135.9,135.7,131.5,136.7,115.8,151.6,134.6,100.1,111.6,123.6,90.2,101.4,79.1,49.7,125.6
20150422,20,CO,0.6,0.4,0.5,0.5,0.4,0.4,0.6,0.4,0.4,0.6,0.5,0.5,0.6,0.5,0.4,0.6,0.5,0.6,0.4,0.4,0.6,0.5,0.4,0.5,0.4,0.4,0.5,0.3,0.4,0.1,0.6,0.5,0.7,0.7,0.3
20150422,21,SO2,16.3,14.5,11.2,14,13.6,16.4,8.5,7,7.8,13.4,11,9.8,7.9,22,9.9,8.1,14.2,7,2,6.7,10.9,16.5,10.6,19,10.8,8.4,2,15.7,23.7,11,16.9,17.7,11.7,24,18.5
20150422,21,NO2,32.1,29.9,40.7,43.4,51.2,44.8,46.9,18.1,22,55.3,29.4,35.4,41.6,32.9,33.8,37,39.2,31.2,27.8,36.2,46,32.1,27.7,15.4,62.8,15,14.4,17.9,28.4,17.6,59.1,45.6,67.6,104,35.4
20150422,21,O3,96.6,118.8,96.6,92,87.2,103,112.4,94.8,112.4,58.5,98.3,104.5,83.6,105.2,94.1,93.6,97.2,101.9,97.6,96.5,95.4,125.5,121.4,113.8,92.3,140.3,121.1,101,101,117.7,75.8,86.9,75.9,41.4,112.1
20150422,21,CO,0.6,0.4,0.5,0.5,0.5,0.4,0.5,0.4,0.4,0.5,0.5,0.5,0.5,0.5,0.4,0.6,0.5,0.5,0.4,0.5,0.7,0.6,0.4,0.5,0.4,0.4,0.5,0.3,0.5,0.1,0.6,0.5,0.6,0.7,0.4
20150422,22,SO2,14.6,11.7,9.4,11.1,12.3,13.9,10.4,6.7,9.5,11.4,9.3,11.6,9.1,16.2,13.8,9.9,12.1,6.8,2,6.7,10.3,16,9.7,19.2,10.1,10.9,2,17.3,15.2,15.5,14.1,14.6,9.5,19.1,17
20150422,22,NO2,34.2,31.3,37,47.7,48.9,42.7,40.1,21.4,25.2,48.3,28.1,35.3,33.8,36.2,37.3,42.9,39.3,46.6,42.8,31.4,76.7,28.7,24,13,100.6,15.9,15.8,21.8,30.9,23.5,58.2,45.5,73.9,98.6,36.5
20150422,22,O3,89.3,113.3,100,84,87.6,99.7,113.4,83.3,99.5,66.3,90.6,96.6,82.4,95.2,82.9,78,85.9,73.7,75.1,94.8,47.5,118.6,118.8,117.6,42.5,129.8,113.6,92.3,93.5,97.9,71.5,85.1,70,41.9,105
20150422,22,CO,0.5,0.4,0.5,0.5,0.4,0.4,0.5,0.4,0.4,0.5,0.5,0.5,0.5,0.5,0.4,0.6,0.5,0.6,0.4,0.5,0.8,0.5,0.4,0.5,0.4,0.4,0.5,0.4,0.5,0.1,0.6,0.5,0.6,0.7,0.5
20150422,23,SO2,15.1,12.4,13.3,11.4,14.6,14.7,14.5,5.4,10.1,14.4,12.6,14.5,12.7,17.6,20.3,11,11.7,6.8,2,8.1,13.4,14.8,8.7,18.3,9.9,8.6,2,21.2,22.9,15.2,14.8,15.8,15.1,19.4,17.5
20150422,23,NO2,34.5,33.5,32.9,50.7,50.4,44.1,42.1,36.1,37,44.1,33.8,41.2,37.2,43.6,32,40.9,46.9,33,74.4,28.8,70.8,27.2,32.3,13.2,94.9,16.1,18.9,26.7,27.1,24.9,54.9,45.6,63.1,94.5,39.5
20150422,23,O3,83.3,102.6,99.7,73.2,80,91.1,102.2,57.7,79.7,64.8,82.6,87.4,76.8,81,84,75.1,69.2,82.8,38.1,92.5,41.5,113.5,98.6,106.9,42.8,117.6,99.4,81.1,93.6,85.5,67.9,79.2,76.6,40.1,94
20150422,23,CO,0.5,0.5,0.5,0.5,0.5,0.4,0.6,0.7,0.4,0.5,0.6,0.6,0.5,0.5,0.4,0.6,0.5,0.6,0.5,0.5,0.8,0.5,0.5,0.5,0.4,0.4,0.6,0.7,0.5,0.1,0.6,0.5,0.6,0.7,0.5
