date,hour,type,dongsi,tiantan,guanyuan,wanshouxigong,aotizhongxing,nongzhanguan,wanliu,beibuxingqu,zhiwuyuan,fentaihuayuan,yungang,gucheng,fangshan,daxing,yizhuang,tongzhou,shunyi,changping,mengtougou,pinggu,huairou,miyun,yanqing,dingling,badaling,miyunshuiku,donggaocun,yongledian,yufa,liulihe,qianmeng,yongdingmengxi,xizhimengbei,nansanhuan,dongsihuan
20150419,0,PM2.5,120.7,118.9,127.3,120.3,122,103.7,125,38.6,37,,113,100.8,107.3,141.3,176.5,114.7,45.7,65.7,80.2,78.2,45.3,94.9,34.7,24.1,40.2,45.2,133.3,80.9,124.3,135.5,199.3,114.1,125.3,132.2,113.6
20150419,0,PM10,,,,125.6,146.3,,150.7,63.6,63.3,,,101.4,,,,245.9,62.9,,,,74,162,,37.2,,79.7,,128.8,160.6,,,121.5,144.7,165.3,
20150419,0,AQI,199,188,195,179,195,181,173,153,138,,193,156,224,178,247,206,162,142,141,137,123,121,95,111,109,85,258,178,177,227,261,219,179,212,205
20150419,1,PM2.5,114.4,105.2,113.3,118.9,117.4,99.1,118.8,37.7,41.8,,95.2,92.1,81,145.4,173.2,137.7,41,33.7,85.8,86.5,92.8,83.2,30.4,24.9,25.7,72.3,136,78.8,122.8,116.3,198.5,118.7,112.5,133.9,101.6
20150419,1,PM10,,,,,147.5,,,43.1,50.2,,,101.9,,,,194.6,59,49.9,,,187,154.9,,29.7,42.7,121.9,,132.5,162,,,157.1,120.1,154.7,
20150419,1,AQI,198,186,194,179,195,179,172,150,135,,190,153,215,180,248,205,158,140,142,138,124,121,95,108,106,85,257,175,178,226,264,218,179,211,203
20150419,2,PM2.5,114.1,109.5,93.6,114.1,108.3,103.8,106,38.7,49.7,,80.5,96.7,85.5,133.5,165,128.8,84.6,24.5,87.5,86.5,100.3,74.7,33.3,22,32.9,74.6,143.7,82.5,141.5,121.4,192.1,121.3,96.8,130.8,96
20150419,2,PM10,,,,362.9,145.3,,110.7,66.6,58.4,,,128.8,90.6,141.9,,158.1,142.3,47.2,103.7,,190.5,172.6,39,28.7,48.2,123.8,144.2,116,163.9,,,,,,
20150419,2,AQI,198,186,193,179,193,178,171,148,133,,186,151,210,181,248,205,156,137,143,138,124,122,92,105,103,86,255,172,180,225,267,218,178,211,201
20150419,3,PM2.5,99.8,100,88.6,91.8,103.9,90.7,89.7,36.8,26.4,,77.1,67.3,82.6,107.2,146.3,105.5,84.3,22.2,63.5,83.2,97.6,80.8,34.3,22.8,36.1,72.3,124,70.5,104.1,116.4,174.1,99.9,86.2,110.2,102.6
20150419,3,PM10,,,,,139.1,,,41.5,30.1,,,,,,,106.1,97.4,27.2,,,174.6,158.1,35.7,30.8,,117.5,,107,,,,,87.1,,
20150419,3,AQI,196,185,191,178,191,176,169,145,130,,182,147,207,180,247,204,154,134,143,139,123,123,90,103,102,87,252,168,179,224,267,217,177,210,199
20150419,4,PM2.5,,84.2,86.4,76.4,70.8,80.9,84.3,40.5,28.5,,64.5,37.5,85.5,89.6,183.9,108.4,97.8,24.3,43,90.9,92,76.6,39.6,22.5,33.6,62,124.9,72.1,95.5,97.2,164.8,93.2,76.2,90.9,98.6
20150419,4,PM10,,,,,,,99.2,,37.3,,,54.1,100.9,,,128,147.6,34.2,,,152.5,110.2,,27.3,37.7,95,,95.9,,,,,,,
20150419,4,AQI,,183,190,176,187,175,167,143,126,,177,143,205,178,248,203,152,129,141,140,124,123,90,100,98,87,249,164,178,222,266,216,173,208,197
20150419,5,PM2.5,50.4,52.1,44.7,44.6,38.3,71.4,57.1,32.7,24.3,,117.6,58.8,79.2,79.3,114.9,125.5,89.5,22.9,41.9,83.6,62.7,31.8,27.8,17.9,30.7,26.7,122.5,72.4,88.1,104,78,63.7,34.5,66.3,59.4
20150419,5,PM10,,,,,39,,,60.9,32.2,,124,,79.7,,,142.9,145.1,30.8,,,95.1,88.9,38,21.2,36.2,110.1,,105.7,,,,,,66.5,
20150419,5,AQI,192,180,186,173,182,172,164,140,121,,177,142,203,176,246,202,150,126,140,140,123,122,88,97,95,85,246,159,176,221,264,213,171,205,192
20150419,6,PM2.5,49.2,32.4,34,15.7,34.6,72.3,28.7,30,15.5,,41.1,21.3,75.3,42.7,130.4,140.5,73.5,25.2,40.5,66.1,79.9,27.1,34.9,13.5,44.7,19.2,138.5,84.8,88.3,110.6,39.2,40.6,25.8,22.7,67.9
20150419,6,PM10,,,,24.6,37.5,73.6,30.3,,35.2,,52.9,,,,,,111.9,,,,144.9,143.6,38.6,29.9,,100.7,,124.1,,,,,,25.8,94.8
20150419,6,AQI,187,175,175,167,175,169,158,137,117,,173,140,199,171,245,202,148,122,138,139,122,120,86,94,93,83,243,155,174,220,259,210,171,201,187
20150419,7,PM2.5,55.2,34.3,49.7,16.9,27.2,81.1,19.7,24.7,16.4,,44.8,23.7,65.4,26.9,85.5,59.5,30,32.3,46.1,88.1,82.1,19.5,38.4,14.3,29.7,18.6,118.3,93.4,85.7,145,38.7,38,26.3,21.7,57.2
20150419,7,PM10,64.8,56.3,,59.6,45.9,,23.7,74,54.4,,94.6,,,,,,87.5,,84.9,,141.1,121.5,,70.2,50,80.8,127.4,136.7,100.9,,,,,62.1,69.2
20150419,7,AQI,182,169,169,161,168,166,151,134,112,,169,139,194,164,241,196,144,119,135,139,121,119,86,91,89,81,239,150,172,220,254,206,169,194,181
20150419,8,PM2.5,41,36.8,52.6,19.3,29.1,93.5,37.3,49.5,15.8,,23.1,28.5,43.2,23.2,28.5,36,18.1,23.7,42.3,87.7,79.9,16.5,8.8,48.4,122.7,9,116.4,121.8,57.1,3,52.4,47.6,27.8,,45.5
20150419,8,PM10,81.9,80.2,61.6,64.4,65.2,129.1,84.3,93.5,81.2,,144.6,60.3,67,,,186.9,100.9,67.5,79.7,,133.6,94.3,53.5,63,,75.9,128.8,122.6,,5,,,38.7,,90.7
20150419,8,AQI,175,160,164,155,161,163,146,131,107,,162,134,187,156,234,189,139,114,132,138,120,118,81,88,87,80,235,148,157,214,249,184,161,,174
20150419,9,PM2.5,82.2,32.9,57.5,39.3,42.1,88.2,46.2,32.5,23.1,,30.2,30.6,32.4,14,45,17.7,19.9,51.4,42.4,45.9,44.3,19.3,14.7,32,,16.4,111.9,83.9,38.8,22.1,7.5,84.4,40.1,26.7,37
20150419,9,PM10,129.6,102.4,77.4,91.3,81.1,121.9,98.3,128.3,89.4,,158.8,61,101.7,,85,181.7,91.6,,83.6,,122.6,84.2,71.7,77.8,58.7,74.8,,206.6,65.8,39,26.9,,,69,113.8
20150419,9,AQI,170,152,157,149,149,159,142,126,102,,156,128,175,148,224,180,134,111,129,135,117,117,77,86,83,79,229,144,148,207,241,178,158,178,165
20150419,10,PM2.5,65.7,21.5,63.1,55.2,46.1,70.1,40.4,28.5,24.5,,14.7,25.9,58.2,12.6,44.6,26,22.5,195.5,37.3,26.9,64.1,22.5,21.4,37.9,,31,110.4,79.2,36.6,14.4,3,37.8,49.3,51.9,28.1
20150419,10,PM10,126.7,102.7,79.5,112.5,110.7,138.7,94,97.2,82.8,,264.6,64.8,126.5,33.4,80.7,171.2,102,,78.7,,160.4,76.9,97.4,96.7,99,110.8,,123.5,135.4,,76.6,70.4,,67.1,123.5
20150419,10,AQI,163,142,152,143,140,153,136,120,98,,146,122,161,140,213,168,128,115,124,129,115,114,74,82,80,80,223,138,141,200,231,166,155,170,156
20150419,11,PM2.5,63.3,29.6,65.4,40.7,57.3,27.6,56.5,40,,,29.5,25.5,35.8,16.9,35.1,24.1,20.2,,39.5,28.1,51.4,17.6,18,46.7,,26.2,65.8,77.7,35.6,43.9,13,90.1,54,61.3,38.5
20150419,11,PM10,91.7,100.5,99.4,102.1,103.6,109,111.8,97.5,,,300.4,85.2,94.8,61.4,64.9,193.7,95.1,87.7,83,,110,87.3,81.9,120.1,102.8,90,88.3,108.4,193.3,65.7,82.7,,81.3,95.6,81.1
20150419,11,AQI,155,133,146,136,132,145,130,109,95,,138,117,149,131,203,157,121,111,118,122,111,111,70,80,76,79,214,132,133,193,221,153,144,160,147
20150419,12,PM2.5,55,21.5,64.5,36.4,43.1,24.4,31.5,20.9,,,28.5,29.2,22.2,31.6,36,23.5,18.3,,45.9,28.3,61.3,11.1,9.7,39.7,,27.6,69.5,37.8,64.1,38.4,128.6,71.9,63.3,42.5,45.5
20150419,12,PM10,88.5,81.7,87.6,89.6,93.5,85.2,96.1,108.3,93.5,,229.9,80.9,89.9,66.7,64,140.1,85.1,112.6,89.6,,98.6,80.8,84.1,111.4,96.8,62.3,85.1,84.2,158.6,51.2,,75.6,86.4,87.7,76.4
20150419,12,AQI,147,123,140,129,125,137,122,97,91,,132,111,135,125,190,146,113,92,113,115,107,107,67,76,73,78,207,126,129,187,216,147,134,150,139
20150419,13,PM2.5,50.4,23.2,59.9,34.9,40.2,9.5,31.2,48.8,16.5,,33.7,35.3,37.6,31.3,47.1,23,25.3,,40.2,27.1,64.2,20.6,22.2,41.4,,17.3,71.5,51.8,44.2,21.7,515.9,34.7,58.7,38.4,28.2
20150419,13,PM10,86.7,95,85.4,84.9,90.7,87.4,110.8,82.3,95,,246.4,89.8,88.5,65.6,55.4,97.7,69.6,99,85.4,,69.4,56.2,76.8,106.6,92.5,51,104.8,58.2,129.4,59.4,,91.7,79.7,64.8,74.3
20150419,13,AQI,140,116,134,123,118,129,114,89,86,,131,105,127,120,178,136,106,85,106,110,103,103,64,71,69,75,201,121,123,180,227,140,125,141,131
20150419,14,PM2.5,46.8,25.3,64.9,32.9,47.4,39.3,50.4,25.7,17.1,,26.2,32.7,36.1,3,44.7,12.6,21.4,,38.8,32.2,51.7,20.4,25.7,60.2,,13.9,66.1,8.8,42,42.6,,29.6,54.2,44.3,30.1
20150419,14,PM10,87.4,85.1,87.5,99.8,87.9,83.4,110.5,79.7,87.2,,132.9,87.2,90.5,38.2,89.7,34.4,56.4,64.3,71.4,,57.7,39.7,80.6,74.5,81.1,34.3,90.2,80.4,71.1,66.7,78.2,154.6,105.6,108.6,35.5
20150419,14,AQI,133,110,127,116,112,123,108,83,81,,128,99,122,113,165,127,99,80,99,105,98,98,61,67,65,71,194,114,117,175,216,134,117,134,123
20150419,15,PM2.5,46.1,21.1,71.7,27.6,54.7,24.8,41.8,54.1,32,,43.7,31.7,46.3,46.4,50,32.9,22.5,21.6,37.9,19.4,53.1,7.5,29.3,29.5,30.7,20.4,54.5,17.4,41.4,30.9,,32.9,57,35.9,56
20150419,15,PM10,75.7,83.5,81.9,92.3,81.6,73.4,97.3,73.4,80.3,,92.5,87.7,87.9,64.5,55.4,73.7,43.5,80.3,64.4,,60.6,32.1,81,72.2,81.5,33.8,58.4,61.3,165,86.4,80.2,75.8,99.3,108.4,107.8
20150419,15,AQI,125,103,122,110,107,115,102,78,76,,123,93,118,109,154,118,93,72,92,101,94,93,58,62,61,68,184,108,113,168,210,126,110,126,116
20150419,16,PM2.5,42.3,34.5,68.6,31.6,40.2,18,38,26.4,31.7,,22.1,27.1,29.4,38.4,32.2,29.2,22,24,40.3,20.7,42.9,8.6,26.1,29.4,31,18,90.6,37.3,142.5,103.5,3,34.3,50.3,32.9,60.2
20150419,16,PM10,78.2,77.3,79.3,94.9,83.6,85.7,91.6,104,89.7,,246,79.9,97.7,,64,,32.8,110.6,78.5,,54.6,37.5,77.4,96.5,82.4,31.3,152.5,71.9,301.2,319.1,67.9,64.2,76.6,94.5,85
20150419,16,AQI,116,98,115,102,100,107,96,74,71,,122,87,111,104,144,113,86,66,85,96,91,89,57,59,58,65,176,103,114,166,198,119,102,118,109
20150419,17,PM2.5,40.2,24.6,57.6,38.6,46.4,21.8,35,26.9,11.2,,62.4,39.6,133.4,99.2,89.2,6.2,18.1,30.7,35.7,61.6,35.8,6.3,17.5,30.5,36,20.9,178.1,64.1,100.5,129.4,3,40,41.7,57.5,30.6
20150419,17,PM10,83.9,80.1,82.1,126.9,78.5,66.9,106,100.9,93.3,,295.2,210.9,346.8,576.3,406.8,33.8,42.6,80.1,116.2,,58.3,46.9,55.6,88.2,67.4,37.6,260.6,280.6,170.3,165.2,73.9,137.9,85.7,275.6,68.3
20150419,17,AQI,107,90,107,95,93,99,88,69,67,,121,84,110,105,139,106,81,60,78,93,87,85,57,56,58,62,171,100,112,164,182,110,94,110,100
20150419,18,PM2.5,79.6,113.4,94.5,100.7,63.4,34.8,121.5,35.6,95.4,,118.7,128.3,115.6,91.2,246.3,108.5,24.2,25.5,95.7,97.6,42.6,29.8,13.1,28.2,29.4,18.3,166.9,98.5,78.8,113.6,,83.5,105.3,141.9,24
20150419,18,PM10,331.1,362.5,405.6,287.5,264.1,244.5,382.8,144.6,286.8,,,364.7,195.6,151.9,376,665.9,46.7,84.3,170.1,,61.8,34.4,26.5,83.4,77,37.9,206.3,192,152.8,136.7,432.6,585.3,574.9,441.8,250.2
20150419,18,AQI,102,88,103,93,87,92,85,66,67,,116,86,108,102,144,114,77,61,74,93,82,79,57,57,58,60,163,99,110,162,175,105,97,108,92
20150419,19,PM2.5,107,99.8,100.7,87.8,110,94,130.6,69.2,100.5,,105.9,97.5,99,71.8,150,80.9,29.5,47.4,108.4,106,37.7,23.9,14.3,28.5,36,20.9,171,76.8,70.6,103.9,,149.9,107.4,91.5,103.8
20150419,19,PM10,192.2,189.1,187.9,180.6,252.5,209,243.2,238.4,205.7,,,198.8,172.8,127.9,,252.4,171.3,313.5,135.5,,70.7,58.9,24.1,93.2,97.9,43.6,199.4,130.2,134.3,120,207.2,159.4,277.6,175.6,239.9
20150419,19,AQI,98,84,99,88,84,89,85,70,67,,114,84,106,101,145,116,75,67,73,91,80,78,55,58,59,60,158,98,108,144,166,102,96,104,88
20150419,20,PM2.5,92.6,80.1,97.4,76.6,97.1,106,96.7,92.1,94.3,,88.7,89.1,92.3,65.2,127.1,70.1,111.3,85.8,105.1,96.3,101.1,100.3,12.9,30.7,27.6,13.1,152.5,62.7,64.7,97.1,,109.5,91.2,,91.2
20150419,20,PM10,173.7,160.8,170.2,168.3,208.2,174.1,204.1,218.6,171.2,,,179.2,146.9,86.2,144.6,174.7,260.3,286,136.9,,319.3,325.4,45.5,102.8,82.9,45.2,161.7,125.1,132.8,100,169.7,155.2,223.1,,148.9
20150419,20,AQI,99,83,101,89,86,89,88,74,69,,115,86,103,96,148,117,76,71,76,90,84,81,54,59,59,60,158,98,107,131,162,103,101,,86
20150419,21,PM2.5,89.5,74.2,87.2,77.9,88.1,96.3,92,108.2,87.9,,90.7,85.9,88.3,60.7,122,63.6,86.5,94,103.1,102.9,115.7,105.6,15.1,40.9,17.8,76.2,126.7,59.2,70.5,103,,74.9,88.9,78.7,80.7
20150419,21,PM10,154.2,143.8,144.8,156.2,179.8,147,165.8,201.3,161.2,,,161.6,134.5,94.8,,136.8,176.1,236,145.3,,265.1,229.2,41.1,108.3,41.5,179.6,131.4,106.2,132.1,107.3,150.9,134.1,183.7,164.5,131.7
20150419,21,AQI,100,85,102,91,88,92,91,76,71,,116,88,101,92,144,117,76,76,79,90,88,82,54,60,59,63,157,94,107,121,161,103,103,100,88
20150419,22,PM2.5,86.4,71.9,85,75.1,88,87.1,88.3,100.2,86.6,,89.2,84.2,93.2,67.5,112.8,60.3,78.8,95.7,94,71.2,111.6,102.5,3,32.5,17.9,104.2,113.3,51.4,66.4,115.4,,73.3,80.6,79.4,79.2
20150419,22,PM10,140.7,125.2,137.6,142.4,164,127.3,152.3,176.4,152.1,,,163.2,138.8,97.9,113.9,128.2,143.8,195.6,118,,238.6,194.8,28.8,85.6,,170.8,116.8,100.4,114.7,,135,124.5,163.2,138.7,109.2
20150419,22,AQI,100,86,104,91,90,93,93,79,73,,117,89,98,89,140,115,77,80,82,90,92,82,54,61,60,66,156,93,106,116,157,102,105,98,89
20150419,23,PM2.5,85.4,78.1,86.2,79.7,83.7,80.8,89.1,101,87.3,,102.5,89.1,91.1,69.4,101.3,59.5,72.4,97.3,99.9,65.8,96.1,96.7,10,32.4,13.5,98.6,105,53.4,64.5,118.7,,81.5,82.2,85.7,81.1
20150419,23,PM10,130.5,123,133,194.1,157.3,127,148.5,159.3,136.8,,,150.9,125.6,,,109.1,126.6,183.1,119.8,,212.9,168.7,16.8,80.4,23.7,150.6,,104.7,117.2,,135.1,126,159.1,145.8,111.6
20150419,23,AQI,98,86,101,92,90,91,93,81,75,,117,88,96,87,136,110,78,83,85,89,96,83,53,62,60,68,153,91,104,113,148,100,102,94,88
20150419,0,SO2,6.2,2.4,5.3,4.6,7,10.3,10.2,6.9,4.5,,3.4,5.4,3.6,7.7,8,12.5,8.4,7.7,5,25.5,4.9,19.2,3.6,6.2,6.2,7.4,17.3,15.1,3.8,5.8,9.7,8.6,6.7,10.1,12.9
20150419,0,NO2,50.1,61.2,59.3,82.9,81.2,58.3,,36.1,41.9,,37.9,68.7,54.6,50.5,79,90.3,69.3,55.5,78.6,44.8,32.9,73.9,17.7,10.9,23.4,20.2,43.8,,36.9,38,85,73.8,78.4,60.2,59.3
20150419,0,O3,48.8,30.5,44,22.5,26.6,59.8,15.8,50.7,45.5,,36.3,21.2,25.5,34,18.5,19.5,33.6,38.6,10.5,61.4,73.4,38.3,61.9,94.9,99.1,91.8,62.1,47.5,31.9,33.5,23.1,33.5,36.1,2.8,49.9
20150419,0,CO,1.1,1.1,1.2,1.3,1,1.1,1,0.5,0.4,,1.1,1,0.9,1.3,1.3,1.1,0.7,0.5,0.7,1.3,0.6,1.3,0.4,0.4,0.4,0.6,1.2,0.7,1,1.2,1.2,1.1,1.1,1.3,0.9
20150419,1,SO2,6.4,2,6.4,4.2,7.1,9.4,9.2,6.3,3.2,,2.8,5.5,2.9,7.4,7,11.2,7.4,7.6,4.3,27.5,11.8,15.3,3.6,5.4,10.7,17.1,26.1,14.9,3.6,5.6,9,6.7,6.1,10.8,11.8
20150419,1,NO2,50,65.7,49.6,79.2,95.1,51.7,,36.4,28.5,,42.2,55.8,49.3,51.5,75.4,96.1,46.4,70.5,78.5,50.7,77.9,79.9,13.7,10.2,25.5,31.7,50.4,,43.8,30.7,81.7,97.9,67.8,58.1,50.3
20150419,1,O3,42.3,12.2,49,21.4,10.8,57.9,7.3,38.4,46.9,,26.6,31.5,23.6,21.3,13,9.5,23.6,23.6,5.7,46,22.7,23.6,64.7,91.8,88.1,81.3,56.1,31.3,5.4,35.2,18.7,4.9,38.1,2,42.5
20150419,1,CO,1.1,1.1,1.1,1.3,1.1,1,0.9,0.5,0.4,,1,0.9,0.7,1.2,1.2,1.3,0.6,0.6,0.8,1.6,0.9,1.2,0.3,0.4,0.6,1,1.2,0.8,1,1.2,1.2,1.2,1,1.4,0.8
20150419,2,SO2,7.4,2,5.4,3.4,2.9,8.9,,5.8,2,,2.3,5.6,4.2,6.5,6.3,10.1,14.4,5.7,4.4,22.4,13.2,12.8,3.3,6.5,11.5,18.9,23.6,41.1,3.2,5.4,9.3,6.9,6.7,8.7,10
20150419,2,NO2,57.7,70.2,53.1,75.3,103.5,50.8,,51.6,25.4,,47.2,80.1,52.1,55.4,68.1,88.2,54.7,89.8,86.3,81.2,81.2,76.6,19,9.4,28.3,26.1,59.5,,47.9,29.5,76.6,95.5,70.1,59.7,49.4
20150419,2,O3,25.5,2.2,41,20.8,4.5,53.6,2,18,45.7,,20.2,8.8,17.4,20.6,14.5,10.8,2,3.2,2,15.6,15.7,17.9,49.6,90,65.3,89.7,43.3,26.2,3,27.7,19.4,6.3,30.4,2,22.5
20150419,2,CO,1.1,1.1,1,1.1,0.9,1,0.9,0.5,0.4,,0.9,1.1,0.6,1.2,1.1,1.1,0.8,0.6,0.8,1.5,1,1.1,0.4,0.4,0.6,0.9,1.2,0.8,1,1.2,1.1,1.1,0.9,1.3,0.8
20150419,3,SO2,6.6,2,4.9,3.5,2,8.4,6.9,6.2,3,,2,6.6,3,6.3,6.5,9.5,5.1,6.4,4.4,17.2,10.2,8.6,3.2,7,12.4,10.8,17.3,14.6,2.8,5.3,8.6,7.5,3.6,7.8,7
20150419,3,NO2,59,56.9,61.4,78.6,92.7,61.5,,55.1,18.6,,47.9,51.7,62.9,53.8,67.4,77,48.3,32.4,40.3,75.8,62.6,73.5,30.7,10.7,23.3,26,42.6,,32.9,26.1,87.3,93.6,72.7,59,56.5
20150419,3,O3,19.2,9.8,25.8,15.4,2.5,37.9,2,11.1,68.3,,25.9,36.1,5.7,22.6,18.2,19.1,2,47.6,44.7,10.7,23.7,6.9,27,81.5,64.9,68.1,53.4,29.9,30.3,26,7.5,5.5,23,2,19.3
20150419,3,CO,0.8,0.9,0.9,1,0.9,1,0.8,0.4,0.3,,0.8,0.9,0.8,0.9,0.9,0.9,,0.4,0.5,1.4,0.9,1.1,0.5,0.4,0.6,0.8,1,0.7,0.7,0.7,1,1,0.9,1.1,0.7
20150419,4,SO2,,2,5,2.2,4.3,7.5,7,6.6,7.9,,2,7.3,3.1,5.3,5.8,10,5.4,6.7,5.7,13.5,7.7,10.4,2.7,5.6,16.5,9.8,14,14.4,2.3,5.2,7.3,6.3,5.4,6.7,12
20150419,4,NO2,,50.5,65.1,71.8,88,71.6,,52.8,20.6,,41.1,35.4,65.3,56.9,68.8,85.7,61.8,17.5,15.9,78.4,49.6,65.2,28,11.3,25.1,18.3,40.7,,32.3,44.3,87,83.1,89.7,55.3,82.5
20150419,4,O3,,2,15.4,6.6,,23.2,,15.4,72.2,,26.9,50.4,2,13.8,16.4,2,2,49.7,63.4,3.3,29,20,27.1,62.3,50.7,77.2,47,,15.3,,2,2,13.4,2,2
20150419,4,CO,,0.9,0.9,1,0.7,0.9,0.8,0.5,0.4,,0.7,0.6,0.9,0.9,0.8,1,0.6,0.5,0.4,1.5,0.9,1.1,0.5,0.3,0.9,0.7,1,0.8,0.6,0.5,1,1.1,1,1,0.8
20150419,5,SO2,,5.6,8.8,6.9,4.1,8.7,7.8,6,10.1,,2,6,2,6.6,6.3,8.4,6.6,5.3,7.1,12.5,6.9,4.7,2.2,4.7,13.7,2,12.4,13.1,2,5.6,10.1,8.7,11.5,9.8,7.8
20150419,5,NO2,,57.9,56.3,58.4,50.2,61.3,,45.7,16.4,,81.5,71.1,63.6,62.6,86.3,83.9,74.6,22.5,19.8,60.3,30.3,7.9,33.9,9.9,31.7,,37.7,,24,38.3,48.8,67.3,58.4,45.5,90.2
20150419,5,O3,,25.3,23.7,32.9,31.2,29.4,2,2.3,64.7,,2,11.7,2,18.1,2,2,5,45.7,56.2,17.2,46.9,83.9,12.8,60.3,34.6,87.1,47.2,,2,2,25.8,16.6,32.6,2,3.6
20150419,5,CO,,0.7,0.6,0.7,0.5,0.7,0.6,0.5,0.4,,0.8,0.8,0.8,0.8,0.8,1.3,0.8,0.4,0.4,1.3,0.6,0.3,0.5,0.3,0.7,0.3,1.1,0.8,0.6,0.5,0.6,0.7,0.5,0.7,0.5
20150419,6,SO2,6.4,6.2,6.8,6.9,2.6,9.3,9.9,8.5,7.2,,3.5,8.1,2,12.7,8.1,9.7,9.5,3.8,7.4,13.8,2,2.5,2.9,2.2,12,2,13.4,13.1,2,6.1,10.2,10.3,10.3,10.9,11.3
20150419,6,NO2,37.8,36.7,36.5,33.9,40.3,70.9,,32.9,17.6,,50.4,14.7,74,57.7,86.8,87.4,63.3,18.3,22.2,51.6,6.2,6.4,38.4,4.3,29.5,2,43.8,,19.7,26.2,38,49.8,41.3,36.4,100.1
20150419,6,O3,35.9,45.9,36.6,51.1,38.7,20,4.1,28.2,58.7,,19,64.2,2,25.2,2,2,20.9,50.4,49.7,27.3,82.9,91.4,9.2,67.6,36.6,92.8,41.1,,2,2,34.5,27.8,39.9,11.8,2
20150419,6,CO,0.5,0.5,0.4,0.5,0.4,0.7,0.5,0.4,0.3,,0.6,0.3,0.9,0.6,0.7,1.2,0.8,0.3,0.4,1.1,0.3,0.3,0.6,0.2,0.7,0.3,1.1,0.8,0.6,0.4,0.4,0.4,0.3,0.5,0.7
20150419,7,SO2,6.6,5.2,3.8,4.9,2,9,12.2,7.8,3,,5.5,5.6,3.3,12.4,9.2,13.4,3.3,2,3.8,11,2,2.1,4.5,2,11.9,2,11.9,14.7,2,5.4,9.7,8.9,7.8,13.5,11.7
20150419,7,NO2,52.7,45.5,34.5,39.2,49.4,55,,25.4,16.2,,12.3,13.3,61.7,43.6,74.5,56.4,23.8,15.6,8.8,71.2,4.2,6.8,23.1,3.9,45.1,2,44.4,,27.6,35.4,49.8,52.6,49.9,21.8,79.4
20150419,7,O3,24.5,34.2,36.9,41.5,26.8,30.5,17.6,42.3,61,,56.3,67.4,7.7,35.4,8,28.9,55.6,56.2,67,5.5,90.9,92.2,45.8,72.1,28.4,94.1,40.7,,2,2.1,23.2,21.7,33.5,2,12.8
20150419,7,CO,0.6,0.5,0.4,0.5,0.4,0.6,0.4,0.3,0.3,,0.4,0.3,0.7,0.5,0.6,0.6,0.3,0.3,0.3,1.3,0.2,0.3,0.3,0.2,0.7,0.3,1,1,0.7,0.4,0.5,0.5,0.4,0.6,0.6
20150419,8,SO2,4.8,4.2,2,3.8,2,4.1,8,5.2,2,,2.7,3.5,2.9,7.4,6.7,8.4,2,2,2.7,16,2,2.7,2,2,2.6,2,13.5,17,4.6,7.4,8.9,8.3,7.2,,9.1
20150419,8,NO2,44.8,49.4,35.3,41.8,48.1,38.8,,21.8,13.7,,9,13.4,23,46.4,46,35.3,14.8,14.5,7.4,54.5,6.4,9,15,4.8,18.7,2,36.9,,42.9,40.9,44.7,62,47.7,,69.8
20150419,8,O3,33.4,36.2,37.2,38.7,32.7,49.1,31.6,48.2,66.3,,65.6,71.3,44.5,35.8,35.3,52.3,68.8,60.2,69.5,25.6,92.1,88.3,62.2,76.5,68.1,92.5,49.6,,15.4,23.7,29.5,20.2,37.4,,23.8
20150419,8,CO,0.5,0.5,0.3,0.5,0.4,0.4,0.3,0.3,0.2,,0.3,0.3,0.3,0.4,0.4,0.3,0.2,0.3,0.2,1.1,0.2,0.3,0.2,0.2,0.3,0.3,0.9,0.9,0.5,0.1,0.5,0.5,0.4,,0.5
20150419,9,SO2,2,2,2,2.6,2,2,4.9,3.8,2,,2,2.5,2,4.9,2,11,2,2,2,4.3,2,2.7,2,2,2,2,12.1,22,6.3,22.6,4.7,2.6,2.3,10,2.9
20150419,9,NO2,17.5,25.5,31.4,35.8,37.8,20.6,,23.2,11,,11.4,12.5,19.2,40.6,27.1,50.7,11.3,13.7,9.3,19.4,6.6,7.7,11.6,3.7,12.5,2,28.8,,27.1,29.8,32.7,45.4,35.8,29.4,56.3
20150419,9,O3,69,78.2,49.2,61.3,56.6,71,35.6,50.6,71.4,,68,75.6,52.9,58.1,61,45.9,76.7,70,71.2,70,95.7,90.8,71.4,89.8,86.3,93.1,67,,50.9,42.6,56.9,52.7,56.8,22.1,41.5
20150419,9,CO,0.3,0.2,0.3,0.5,0.3,0.3,0.3,0.2,0.2,,0.3,0.2,0.4,0.4,0.2,0.3,0.2,0.3,0.2,0.3,0.2,0.3,0.2,0.2,0.3,0.3,0.7,1.3,0.2,0.1,0.4,0.3,0.4,0.5,0.4
20150419,10,SO2,2,2,2,2,2,2,3.7,2,2,,2,2,2,2.3,2,12.3,2,2,2,3.6,2,2.2,2,2,2,2,7.5,22.3,2,8.2,3.7,2,2,3.6,2
20150419,10,NO2,10.2,17.6,21.5,14.3,19,13.3,,18.1,9.3,,8.3,12.1,16.8,26.7,27.2,48.8,10.5,11.3,7,11.2,7.2,7.3,6.8,2.4,11.9,2,25.1,,19.4,13,22.2,36.7,29.5,24.5,44
20150419,10,O3,82.2,94.7,72.6,96.5,85.2,84.1,43.3,59.3,76.3,,75.9,81.2,59.9,88.4,65.2,54,81.2,81.4,76.5,82.8,106.2,99.4,81.2,96.5,92.9,104.3,77.2,,68.5,77,74.3,68.7,81.4,48.9,61.9
20150419,10,CO,0.3,0.2,0.3,0.3,0.2,0.3,0.3,0.2,0.2,,0.3,0.2,0.3,0.3,0.2,0.3,0.2,0.3,0.2,0.2,0.2,0.3,0.2,0.2,0.3,0.3,0.4,1.5,0.1,0.1,0.3,0.3,0.3,0.4,0.4
20150419,11,SO2,2,2,2,2,2,2,2.8,2,2,,2,2,2,2,2,11.1,2,2,2,2.1,2,2.1,2,2,2,2,2.8,18.2,4.9,10,3.3,2,2,3.7,2
20150419,11,NO2,10.8,18.5,16.7,13.9,16.4,10.6,,17.4,,,10.4,13,17.4,19.7,18.2,29.6,10.4,9.6,4.6,10.5,7.4,7,5.1,2.6,9.9,2,9.3,,29.6,15.5,22.1,34.8,28.4,29.8,40
20150419,11,O3,88.8,101.4,87.8,104.6,97.4,97.2,55.6,67.9,,,77.6,88.6,63.4,105.8,84.1,79.8,90.1,86.5,85,84.3,108.7,106.8,91.2,97.1,101.8,111.4,96.6,,56.8,81.9,80.5,77.5,93.8,49.4,78.2
20150419,11,CO,0.3,0.2,0.3,0.3,0.2,0.3,0.3,0.2,,,0.3,0.2,0.3,0.3,0.2,0.2,0.2,0.3,0.2,0.2,0.2,0.3,0.1,0.2,0.3,0.3,0.2,1.1,0.3,0.1,0.3,0.3,0.4,0.5,0.4
20150419,12,SO2,2,2,2,2,2,2,3,3,2,,2,2,2,2,2,7.6,2,2,2,2,2,2.3,2,2,2,2,2.9,13.6,9.8,6,3,2,2,3.9,2
20150419,12,NO2,9.8,21.7,16.1,13,12.3,12.1,,16.9,6.8,,10.1,10,16.6,21,13.4,21.8,9.2,7.8,5.1,7.4,7.2,7.9,4.9,2.6,11.2,2,7.7,,36.4,14.5,18.6,32.7,32.2,35.2,39.7
20150419,12,O3,96,104.5,95.1,112.3,106.9,102.6,67.9,76.1,94.3,,84.4,99.5,69.8,107.7,98.8,94.1,93.3,90.8,90.3,93.1,109.7,108.6,94.5,97.4,106.3,116.8,100,,55.4,90.8,90.1,81.9,95.1,53.1,82.6
20150419,12,CO,0.3,0.2,0.2,0.4,0.2,0.2,0.3,0.2,0.3,,0.3,0.2,0.3,0.3,0.2,0.3,0.2,0.3,0.2,0.2,0.2,0.3,0.1,0.2,0.3,0.2,0.2,0.7,0.7,0.1,0.3,0.3,0.4,0.5,0.4
20150419,13,SO2,2,2,2,2,2,2,2.1,2.7,2,,2,2,2,2.2,2,3.6,2,2,2,2,2,2,2,2,2,2,2.5,9.1,5.4,2.6,3.2,2.2,2,3.7,2
20150419,13,NO2,8.9,20.6,14.8,12.7,12,13.7,,17.2,6.5,,7.7,9.1,17.2,21,11.9,13.1,9.5,6.8,5.1,6.5,5.2,6.5,4.9,2.8,26.7,2,6.6,,36.3,14.2,19.8,35.5,32.6,36.3,31
20150419,13,O3,100.8,111.3,103,118.2,110.8,105,73.2,81.6,100.2,,94.8,106.6,76.8,116.9,106.5,101.7,96.3,93.5,92.3,100.6,114.8,111.6,96,99.1,93,119.2,109,,69.9,100.5,93.8,85.8,101.8,60,93.6
20150419,13,CO,0.3,0.2,0.2,0.4,0.2,0.2,0.3,0.2,0.3,,0.3,0.3,0.3,0.3,0.2,0.3,0.1,0.2,0.3,0.2,0.2,0.3,0.1,0.2,0.3,0.2,0.1,0.4,0.4,0.1,0.3,0.3,0.4,0.4,0.4
20150419,14,SO2,2,2,2,2,2,2,2,2.6,2,,2,2,2,2,2,10,2,2,2,2,2,2.2,2.7,2,2.6,2,2,7.9,2,2.4,3,2,2,4.6,2
20150419,14,NO2,10.1,23.9,16.7,13,11.8,14.6,,19.1,7,,9,10.7,16.7,20.6,12.2,23.9,8.2,5.1,5.9,7.7,7.4,7.2,5.4,2.2,33.8,2,6,,41,16,18,39,32.3,,
20150419,14,O3,102,112.5,104.8,122.4,115.7,106.7,73,85.4,102.1,,97.4,108.8,83.1,128.1,110,97.2,99.7,97.4,94.8,104.2,113.4,113.1,102.3,103.9,88.6,118.3,113.3,,84.1,110.1,102.1,88.6,101.9,55.7,75.9
20150419,14,CO,0.3,0.2,0.2,0.4,0.2,0.3,0.3,0.2,0.3,,0.3,0.3,0.3,0.2,0.2,0.3,0.1,0.2,0.3,0.2,0.2,0.3,0.2,0.2,0.4,0.2,0.1,0.3,0.1,0.1,0.3,0.3,0.4,0.5,0.4
20150419,15,SO2,2,2,2,2,2,2,2,3.1,2,,2,2,2,2,2,15,2,2,2,2,2,2,7.8,2,7,2,2,7.7,6.9,2.2,3,2,2,5.3,2
20150419,15,NO2,13.1,23.8,15.3,14.1,17.2,14.8,,19.3,8.6,,9.6,12.1,20.5,24.7,13.1,39.7,8.6,8.1,7,8.7,8.6,6.2,6.3,4.9,33.1,2,5.7,13.6,53.8,15.4,35.7,45.3,27.7,64.2,44.5
20150419,15,O3,102.8,114.5,109,122.8,112.2,109.2,75.6,87.8,104.8,,99.5,108.8,83.4,127,110.2,86.4,101.3,100.8,98.1,105.6,112.4,116.3,110.6,108.4,97.8,118.5,115.5,,77.1,118.9,86.5,89.2,102.2,51.3,89.5
20150419,15,CO,0.3,0.2,0.2,0.3,0.2,0.3,0.3,0.2,0.3,,0.3,0.3,0.3,0.3,0.2,0.3,0.2,0.2,0.3,0.2,0.2,0.3,0.3,0.2,0.4,0.2,0.1,0.2,0.5,0.1,0.3,0.3,0.4,0.6,0.4
20150419,16,SO2,2,2,2,2,2,2,2.2,3.1,2,,2,2,2,2,2,15.3,2,2,2,2.3,2,2.1,8.3,2,8.8,2,5.2,7.8,29.3,15.5,2.9,2.4,2,7,2
20150419,16,NO2,15.6,19.9,15.8,17.6,18.7,15.1,,23.5,15.3,,12.7,13.3,21.3,20.9,14.3,32.6,7.8,11.3,18.6,8.9,7.6,8.9,6.1,8,44.1,2,10,13.1,65.7,38.4,43.1,50.9,39.8,76,59.8
20150419,16,O3,101.1,118.7,110.7,118.5,111.3,110.8,74.1,86.7,103.4,,102.8,111.8,86.9,132,109.1,97.8,104.5,104.6,89.7,106.4,115.1,115.4,114.2,109.3,90.2,118.2,112.5,,64.3,98.7,78.3,82.4,99.5,36.7,71.8
20150419,16,CO,0.3,0.2,0.2,0.4,0.2,0.3,0.3,0.3,0.3,,0.3,0.3,0.3,0.2,0.2,0.4,0.1,0.2,0.3,0.2,0.2,0.3,0.2,0.2,0.4,0.2,0.3,0.2,2.1,0.6,0.4,0.4,0.4,0.7,0.6
20150419,17,SO2,2,2,2,2.8,2,2,2,4.1,2,,7.3,3.3,13,20.1,4.1,13,2,2,2.3,26.2,2,2.1,4.6,2,6.8,2,35.7,18.5,20.3,23.3,3.1,3.4,3,10.3,2
20150419,17,NO2,16,19,18.7,27.5,20.3,14.8,,26.6,19.3,,34.5,24.8,61.3,52.2,22,34.1,11,12.7,29.1,41,9.5,9.5,6,8.2,34.6,2,52,26.7,39.1,44.8,40.4,55,30.4,89.9,62.1
20150419,17,O3,101,119.4,109.4,110.4,109.8,109,73.3,84.9,101.7,,91.2,107.2,65.6,99.1,102.4,96.6,102.6,105.2,85.5,83.6,114.3,112.9,112.4,110.2,98.5,116.5,87.2,,79.9,87.4,81.5,78.1,105.1,29.3,69.3
20150419,17,CO,0.3,0.2,0.3,0.5,0.2,0.3,0.5,0.3,0.3,,1.1,0.5,1.7,1.4,0.5,0.3,0.2,0.2,0.5,1.9,0.2,0.3,0.2,0.2,0.4,0.3,2.5,0.8,1.2,1.1,0.4,0.4,0.4,0.9,0.6
20150419,18,SO2,15.3,15.6,16.4,17.1,7.5,12.1,13.5,4.3,9.3,,10.7,14.8,12.1,18.5,15.9,14.9,2,2,10.7,41.5,2,2.7,2,2,3.8,2,37,25.7,14.5,18,19.5,20.6,15,25,8.7
20150419,18,NO2,49.3,55.6,56.3,65.6,55.7,49.5,,34.4,48.2,,47.6,56,57.2,45.9,45.5,28.3,23.1,16.1,58.3,62.1,11.5,11.7,7.2,10.5,64.4,2,57.1,38.8,28.1,31.4,78.6,74.5,85.1,,44.5
20150419,18,O3,75.5,85.2,79.2,77.6,82.7,86.9,46.2,78.4,86.1,,75.5,82.1,60.5,91.4,68.5,93.2,93.3,103.4,68.6,71.5,112.7,105.4,103.2,106.3,70.7,116.9,85.9,,82.1,87.5,55.2,66,77,36.3,87.8
20150419,18,CO,1.3,1.4,1.5,1.7,0.9,1,1.2,0.4,1.1,,1.5,1.5,1.4,1.3,1.4,0.8,0.2,0.3,1.3,2.9,0.2,0.3,0.1,0.2,0.4,0.3,2.7,1.1,0.7,0.8,1.6,1.6,1.4,1.7,0.9
20150419,19,SO2,15.8,11.7,13.9,12.3,14.4,18,11.8,9.9,12,,7.3,12.3,8.9,12.3,11,18.5,5.4,3.8,8.5,32,2,4.1,2,2,2,2,25.5,20.9,8.2,11.8,15.5,15.2,13.1,16.3,12.8
20150419,19,NO2,51.7,51.2,53.4,55.9,72.2,69.1,,52.9,56.2,,37.1,49.8,54.7,33.7,33.6,44.1,69.2,40,62.6,63.6,21.8,18.2,9.2,15.5,71.3,2,56.3,37.7,30.7,26.7,69,64,95.2,87.5,66.3
20150419,19,O3,60,76.2,72.5,70.5,63.8,62.5,38.9,63.6,70,,69.9,72.7,51.1,90.4,72.6,74.3,49.6,81.8,53.8,67.8,95.8,99.1,99.1,94.8,50.4,118.6,82.6,,72.5,81.1,47.8,61.7,59.2,37.6,66.7
20150419,19,CO,1.4,1.2,1.4,1.3,1.5,1.4,1.2,0.8,1.4,,1.2,1.4,1.1,0.9,1,1,0.5,0.7,1.4,2.5,0.3,0.4,0.1,0.2,0.3,0.3,2.2,1.1,0.6,0.7,1.4,1.2,1.6,1.3,1.3
20150419,20,SO2,12.5,8.6,10.1,9.9,9.7,13.9,8.6,10.8,8.3,,5.5,9.9,10.3,9.6,7.8,13.9,14.1,7.3,5.8,24.2,19.9,30.9,2,2,2,2,20.6,15.1,5.7,9.6,13.4,12,8.3,,9.1
20150419,20,NO2,42.7,43.9,46.3,50.6,62.2,53.9,,68.5,48.6,,33.2,48.6,47.5,31.1,27.2,35.5,82.8,64.8,74.3,54.1,62.5,58.7,13,19.8,31.6,2,43.7,33.2,29.9,27.5,66.6,56.9,76.9,,51.3
20150419,20,O3,57.3,69.2,63.8,65.6,55.7,60.5,32.4,41.3,58.2,,63.4,57.6,47.2,82.2,69.4,73.1,34,53.9,27.4,64,52,69.7,91.7,69.3,77.9,115.9,85.7,,65.1,66.3,41.6,54.2,57.9,,61.4
20150419,20,CO,1.1,0.9,1.1,1,1.2,1.1,1,1.1,1.2,,1,1.1,0.9,0.7,0.7,0.8,1.4,1.3,1.3,1.8,2.1,2.5,0.1,0.3,0.3,0.2,1.6,0.7,0.5,0.6,1.1,0.9,1.3,,0.9
20150419,21,SO2,15.1,7.5,14.9,11.6,12.9,14.4,9.2,9.1,8.7,,6,12.7,11.5,10.3,7,10.4,11.7,6,5.9,16.9,15,23.5,2,2.1,2,15.8,14,21.4,5.2,8,14.4,11.1,9.3,12.4,7.7
20150419,21,NO2,44,44.5,42.5,54.5,54.1,55.2,,75.8,46.2,,38.1,49.6,47,34.9,33.1,30.6,63.6,66.5,79,38.1,75.6,54.9,16.1,29.3,14.4,34.9,33.2,31.1,29.5,26.8,66.1,67.8,77.6,94.7,54.8
20150419,21,O3,48.6,55.3,59.9,52,53,51.1,24.7,24.6,50.3,,51.4,47.6,38.4,68.6,54.9,67.8,35.8,39.3,15.5,65.6,28.1,61,81.4,53.7,93.6,70,79.7,,54.3,58.5,32.7,37.3,42.3,9.5,48.4
20150419,21,CO,1,0.8,1,1,1,1,0.9,1.2,1,,1,1,0.9,0.7,0.6,0.6,1.1,1.4,1.1,1.1,2,1.8,0.2,0.4,0.3,1.7,1.2,0.6,0.6,0.6,1,0.9,1.1,1.1,0.8
20150419,22,SO2,15.3,7.4,14.4,11.3,14,15.2,10.6,7.9,6.4,,4.8,12,8,9.9,7.8,8.6,9.4,4.2,5.5,12.4,10.8,19.3,2,2,2,16.5,10.2,18.9,5.9,7,14.3,11.8,11.2,13,7.4
20150419,22,NO2,48.5,42.8,45.8,57,62.1,53.2,,68.2,48.3,,38.2,56.4,44,36.2,30.9,45.5,53.6,59.6,74.8,32.3,73.7,54.7,21.5,21,4.4,45.1,26,33.3,29.2,26.1,68.1,59.4,70.3,82.9,52.4
20150419,22,O3,38.3,48.5,47.9,40.8,38,44.7,14.4,18.1,35.1,,41.7,31.8,35.1,59,50.5,42.7,34.9,31.7,11.2,63.6,20.5,50.4,70.3,54.9,107.5,54.5,82.6,,47.5,55.6,24.5,36.4,41.9,11.3,41.3
20150419,22,CO,1,0.8,1,1,1,0.9,1,1.1,1,,1,1.1,1,0.8,0.7,0.6,0.9,1.3,1,0.8,1.5,1.7,0.2,0.4,0.2,1.9,0.8,0.5,0.5,0.5,1,0.9,1.1,1.2,0.8
20150419,23,SO2,14,6.1,10.2,9,9.6,14.4,8.7,6.7,3.9,,3.2,9.2,5.6,9.5,7.7,7.3,8.3,3.6,4.8,9.7,7.8,15.3,2,2,2,12.8,7.1,18,4.7,6.2,12.1,10.8,7.6,12.1,8.6
20150419,23,NO2,49.8,47.2,45.1,56.6,55.9,59.2,,70.4,64,,39.1,47.6,39.6,31.2,35.7,43.6,50.5,59.8,77.3,29.8,63.4,50.7,10.3,20.5,3,42.3,21.4,35.8,26.6,26.1,65.9,81.3,68.7,83.2,77.8
20150419,23,O3,31.3,35.4,38.7,37,35.7,31.6,6.1,4.7,15.2,,34.3,33.6,30.5,57.2,39.9,37.2,31.6,24.8,4.2,60,20.6,44.4,85.7,49.3,111.2,50,78.8,,44.5,46.8,17.6,12.8,36.9,6.8,13.4
20150419,23,CO,1,0.9,1,1,0.9,1,0.9,1.1,1,,1.1,1.1,1,0.7,0.6,0.6,0.8,1.2,1.1,0.7,1.2,1.5,0.1,0.4,0.2,1.7,0.6,0.5,0.5,0.4,1,1,1,1.1,1
