date,hour,type,dongsi,tiantan,guanyuan,wanshouxigong,aotizhongxing,nongzhanguan,wanliu,beibuxingqu,zhiwuyuan,fentaihuayuan,yungang,gucheng,fangshan,daxing,yizhuang,tongzhou,shunyi,changping,mengtougou,pinggu,huairou,miyun,yanqing,dingling,badaling,miyunshuiku,donggaocun,yongledian,yufa,liulihe,qianmeng,yongdingmengxi,xizhimengbei,nansanhuan,dongsihuan
20151013,0,PM2.5,32,33,33,32,28,34,44,48,6,39,18,42,60,74,61,44,27,17,18,,22,20,33,13,18,16,30,62,70,75,34,37,64,42,42
20151013,0,PM10,76,67,79,101,65,76,138,208,13,183,26,60,86,127,150,117,40,34,39,,28,26,52,36,37,21,41,86,96,144,108,116,171,140,126
20151013,0,AQI,44,36,47,52,54,49,53,70,20,76,48,63,47,60,57,53,46,75,47,,42,52,47,33,65,19,24,53,37,67,58,55,55,65,48
20151013,1,PM2.5,30,34,36,28,34,38,42,43,5,55,14,27,36,65,58,49,24,24,12,,19,17,28,18,14,13,27,56,77,83,53,38,64,40,51
20151013,1,PM10,95,61,85,110,104,83,123,178,15,238,48,41,42,144,139,132,48,51,26,,20,25,43,105,36,20,36,80,101,216,201,118,151,140,173
20151013,1,AQI,46,36,50,54,51,48,55,72,19,80,49,62,47,62,59,56,46,76,46,,41,52,48,37,64,19,24,54,37,71,62,57,58,68,53
20151013,2,PM2.5,48,34,40,44,41,38,40,54,10,48,8,24,28,62,55,55,29,16,10,,18,15,26,15,23,21,24,61,84,62,38,43,60,36,52
20151013,2,PM10,103,63,90,48,114,97,87,266,15,228,23,61,50,149,146,103,50,27,32,,,36,42,51,45,22,34,86,94,131,96,117,116,96,144
20151013,2,AQI,49,38,52,54,53,47,57,76,16,82,49,61,48,64,62,57,48,74,46,,41,51,48,38,63,20,25,55,40,73,63,59,60,69,55
20151013,3,PM2.5,39,32,31,22,43,40,34,43,3,39,3,12,32,64,53,42,25,14,7,,12,18,22,16,16,16,21,68,81,53,35,37,45,30,39
20151013,3,PM10,91,55,69,56,64,85,54,205,8,144,20,,53,158,117,82,36,30,24,,12,29,29,36,39,21,31,95,85,102,95,88,97,65,99
20151013,3,AQI,51,40,52,54,54,46,57,78,21,83,49,61,49,67,64,58,48,72,45,,41,51,48,39,61,21,26,56,43,74,63,60,61,70,56
20151013,4,PM2.5,28,33,27,27,28,30,29,48,8,39,3,14,35,64,51,36,18,22,8,,11,15,22,21,24,14,18,74,78,54,38,34,32,31,46
20151013,4,PM10,37,46,53,45,,56,69,266,13,166,34,,60,157,106,57,20,35,25,,26,25,28,37,48,22,22,104,82,122,79,81,49,68,115
20151013,4,AQI,52,41,53,54,54,48,57,83,23,84,50,63,49,69,65,58,46,70,46,,40,51,48,40,61,21,27,57,46,75,64,61,61,70,58
20151013,5,PM2.5,19,25,23,31,20,34,31,40,6,39,31,12,27,65,43,34,21,18,6,,14,16,21,18,19,17,17,77,74,45,31,34,24,31,42
20151013,5,PM10,21,47,41,55,28,62,53,183,17,178,37,,39,152,85,48,31,36,26,,14,21,35,62,38,23,18,107,,72,84,78,,62,99
20151013,5,AQI,52,41,53,55,54,50,57,85,18,84,51,65,50,71,66,58,47,71,47,,41,51,49,42,60,22,27,59,48,75,64,62,61,69,59
20151013,6,PM2.5,19,25,16,25,20,26,27,35,15,25,10,11,34,46,43,27,21,15,10,,15,13,22,15,19,17,11,76,70,41,17,33,21,23,35
20151013,6,PM10,43,,32,27,42,51,,161,16,55,46,,48,117,55,47,22,32,30,,,21,26,40,36,23,17,97,,64,27,63,70,67,83
20151013,6,AQI,52,41,53,54,54,51,58,87,18,83,51,66,50,72,66,58,46,70,47,,41,51,49,43,59,23,26,60,50,72,62,62,61,69,60
20151013,7,PM2.5,23,20,18,23,26,23,17,28,5,24,3,27,53,39,34,27,17,17,12,,5,16,24,14,17,16,12,91,65,42,12,22,33,26,36
20151013,7,PM10,74,37,47,,82,48,26,119,12,26,19,134,70,79,65,52,,26,41,,14,31,38,29,45,20,19,136,68,84,57,65,87,97,86
20151013,7,AQI,53,42,53,55,54,51,57,87,18,80,51,68,50,72,66,58,47,68,48,,39,51,48,44,58,23,27,60,53,73,61,60,60,68,60
20151013,8,PM2.5,23,17,32,32,25,25,19,30,7,15,10,40,53,47,36,34,14,17,3,,20,22,26,11,26,16,7,95,71,50,25,29,33,29,28
20151013,8,PM10,55,47,103,61,50,50,61,163,22,90,51,77,83,115,50,60,34,44,59,,47,46,57,27,63,,18,186,91,180,65,104,83,120,76
20151013,8,AQI,52,42,54,54,54,51,57,89,18,80,50,67,50,72,65,57,45,68,49,,39,51,48,44,58,24,27,62,56,73,60,59,61,66,59
20151013,9,PM2.5,28,20,24,27,21,28,27,21,8,6,12,40,31,55,35,28,12,16,21,,16,26,34,8,22,14,8,67,63,65,17,21,26,30,32
20151013,9,PM10,57,44,63,40,43,60,32,45,23,43,69,111,34,142,99,74,40,39,89,,62,50,90,27,64,16,20,95,84,132,78,78,48,117,89
20151013,9,AQI,53,42,54,54,54,52,57,88,18,78,51,69,49,72,66,58,44,67,51,,39,50,50,44,58,23,27,63,58,75,61,59,61,66,60
20151013,10,PM2.5,16,22,33,32,24,24,21,3,12,11,27,36,13,30,24,24,22,12,20,16,20,20,37,10,24,8,11,36,35,41,16,19,28,26,24
20151013,10,PM10,40,35,67,42,49,51,50,,42,54,62,81,18,71,45,59,35,33,139,21,45,40,72,22,76,14,,55,,,44,62,58,74,53
20151013,10,AQI,54,42,55,53,55,52,57,91,28,79,51,69,48,71,67,58,44,66,54,35,39,50,51,43,59,23,27,63,59,75,61,59,62,66,61
20151013,11,PM2.5,23,24,27,23,24,21,30,11,14,17,12,19,11,4,19,17,13,16,25,10,23,11,37,8,21,8,7,21,30,3,23,16,25,20,16
20151013,11,PM10,56,54,60,45,41,46,66,150,28,42,56,48,20,47,31,25,16,24,107,14,40,13,59,23,68,,11,26,43,47,57,48,77,61,38
20151013,11,AQI,55,44,55,54,55,52,57,91,22,80,51,68,47,71,66,58,43,42,56,34,39,48,52,43,59,24,27,64,60,74,61,60,62,67,61
20151013,12,PM2.5,24,18,23,,19,17,26,17,13,25,14,21,20,13,20,17,3,19,26,8,17,11,32,5,14,5,14,14,34,3,19,14,32,22,17
20151013,12,PM10,,30,50,56,42,58,34,91,22,41,57,56,,46,50,17,10,,60,18,,13,65,20,44,,26,25,40,37,53,41,53,61,51
20151013,12,AQI,55,45,55,54,56,52,57,93,19,78,52,67,49,71,65,58,43,43,57,34,39,47,52,43,57,24,27,64,62,73,62,60,63,67,62
20151013,13,PM2.5,13,8,14,12,17,16,19,12,11,13,24,28,16,7,16,8,8,9,19,10,19,3,37,7,14,4,11,20,15,,22,16,27,24,11
20151013,13,PM10,25,17,25,23,26,27,28,58,34,45,31,44,17,30,29,18,,15,55,,26,5,,11,29,5,20,21,,71,34,35,42,64,12
20151013,13,AQI,55,45,54,54,55,53,56,94,21,78,51,68,49,72,66,58,44,43,57,35,39,47,53,43,57,24,27,64,62,74,61,61,63,68,62
20151013,14,PM2.5,16,10,21,3,18,19,20,9,13,17,3,22,22,25,12,5,7,3,3,9,3,14,27,9,13,4,12,17,26,33,18,13,19,20,14
20151013,14,PM10,24,24,27,32,,23,,48,41,,26,34,,53,25,16,20,13,18,18,14,,31,14,16,5,17,,45,41,29,41,30,69,40
20151013,14,AQI,54,46,54,54,55,53,56,95,22,78,51,67,49,72,65,58,43,43,57,35,39,47,53,43,56,23,27,65,63,74,61,61,64,69,61
20151013,15,PM2.5,13,22,18,14,17,15,7,12,12,13,13,16,26,21,22,10,20,12,21,12,29,27,26,9,8,5,4,3,26,28,16,14,20,18,11
20151013,15,PM10,22,38,33,25,18,41,15,60,40,32,53,50,37,47,49,28,,31,61,,,,27,15,12,9,7,33,41,32,39,48,42,61,29
20151013,15,AQI,54,46,54,54,54,53,56,96,32,78,52,66,51,73,66,58,44,43,57,36,39,48,53,43,55,23,29,65,64,72,62,62,64,70,61
20151013,16,PM2.5,13,23,18,15,16,15,14,13,11,18,23,33,23,28,18,11,20,15,25,12,21,12,27,17,7,5,4,10,41,23,15,18,16,24,13
20151013,16,PM10,52,63,33,73,41,41,48,58,44,65,57,99,28,56,47,41,31,35,71,24,22,16,,40,57,5,18,39,84,58,58,57,50,61,43
20151013,16,AQI,55,47,54,55,54,54,57,97,40,78,52,67,51,73,66,59,43,44,58,36,39,47,53,44,55,25,31,64,66,72,62,62,65,70,62
20151013,17,PM2.5,22,26,19,16,24,26,11,24,25,15,29,38,32,38,23,20,36,18,22,22,3,14,11,11,12,3,9,20,36,42,27,22,25,30,21
20151013,17,PM10,104,58,49,77,69,55,53,92,53,92,62,98,48,80,92,67,60,47,72,41,37,29,49,52,48,16,21,61,67,133,71,59,90,84,41
20151013,17,AQI,56,48,54,56,54,54,58,98,48,79,53,68,51,75,67,59,46,44,59,37,40,47,53,45,55,24,33,65,68,73,63,63,65,70,62
20151013,18,PM2.5,34,25,31,41,29,27,30,37,16,33,37,53,46,55,34,29,15,25,29,15,25,19,17,21,19,8,15,32,47,58,48,42,39,44,26
20151013,18,PM10,91,69,61,111,101,75,68,143,51,204,87,157,77,110,122,92,99,66,153,62,86,70,61,69,57,33,26,69,53,192,111,122,95,109,79
20151013,18,AQI,57,49,55,56,55,54,58,100,29,82,53,70,55,76,69,60,53,45,60,38,41,48,54,46,55,22,35,65,70,76,64,69,68,71,63
20151013,19,PM2.5,59,34,46,73,51,49,45,66,20,57,48,92,66,65,48,42,37,33,52,30,22,27,22,21,19,6,23,88,43,70,70,86,53,62,44
20151013,19,PM10,123,87,87,120,139,86,100,238,55,237,157,224,113,126,111,107,76,93,266,57,92,175,107,49,42,34,39,124,59,137,157,228,143,147,125
20151013,19,AQI,67,51,55,60,76,73,69,102,28,85,55,73,77,80,68,62,62,55,62,39,39,51,55,45,55,21,34,68,71,77,76,97,72,78,67
20151013,20,PM2.5,86,56,68,61,71,73,64,70,33,84,70,109,109,68,84,62,56,35,56,36,27,40,33,18,21,16,16,92,55,80,99,123,97,81,58
20151013,20,PM10,158,86,128,148,154,105,123,407,73,195,158,285,141,140,180,148,138,80,239,85,39,222,101,55,48,44,32,139,78,133,202,244,164,178,133
20151013,20,AQI,74,57,57,65,90,75,73,108,29,86,56,77,77,78,77,78,64,43,64,40,39,52,55,45,55,21,35,71,73,78,86,101,86,82,70
20151013,21,PM2.5,96,76,81,101,89,86,74,61,37,92,67,121,104,97,103,77,48,30,41,32,24,38,46,23,21,12,16,74,74,110,100,98,99,97,74
20151013,21,PM10,165,114,143,156,150,124,138,363,63,230,116,297,161,193,207,157,210,64,107,121,66,126,99,82,56,39,32,94,91,188,207,202,181,195,135
20151013,21,AQI,71,66,58,67,97,68,75,109,31,88,56,80,69,80,81,82,54,41,65,43,39,52,55,45,47,22,34,72,75,81,81,92,86,80,76
20151013,22,PM2.5,105,83,85,99,97,95,74,60,26,95,41,118,83,109,113,99,65,36,26,48,22,38,45,22,26,13,31,73,74,109,107,115,116,105,89
20151013,22,PM10,172,129,132,148,177,125,176,264,48,274,129,202,110,187,204,181,128,71,65,84,,95,95,90,45,24,41,83,93,144,200,237,219,217,172
20151013,22,AQI,78,64,59,65,95,78,66,111,32,91,57,82,60,81,77,80,55,42,65,43,39,52,55,43,46,21,32,73,76,81,80,91,83,83,76
20151013,23,PM2.5,106,89,85,113,99,95,67,59,23,98,44,75,46,114,130,130,63,30,20,61,16,28,54,27,25,7,60,79,82,118,115,123,117,113,108
20151013,23,PM10,185,123,146,157,175,125,96,227,44,160,129,127,56,178,188,232,77,57,38,76,31,65,118,102,66,23,75,96,98,170,193,226,217,217,217
20151013,23,AQI,80,61,61,64,90,72,63,112,33,91,58,83,59,82,75,71,55,43,64,43,38,52,56,46,47,21,28,75,77,83,80,89,78,83,73
20151013,0,SO2,4,2,4,2,4,5,3,15,2,6,8,3,8,4,11,9,2,4,2,,2,4,2,11,16,2,3,2,3,6,6,8,17,14,12
20151013,0,NO2,87,71,83,68,107,97,76,56,10,73,55,66,69,72,97,104,45,47,55,,23,53,39,18,71,12,43,66,72,61,82,107,85,100,91
20151013,0,O3,2,2,2,2,3,3,2,2,64,2,16,2,2,6,11,2,17,27,10,,9,2,6,65,14,31,33,6,2,4,2,2,,2,2
20151013,0,CO,0.8,0.5,1.2,0.8,1.1,0.8,1.4,0.8,0.2,1,0.4,0.8,1.2,0.9,0.9,0.8,0.5,0.4,0.4,,0.6,0.5,0.6,0.5,0.3,0.3,0.4,0.5,0.8,0.4,1,1.2,2.4,1,1.3
20151013,1,SO2,4,2,3,2,5,5,3,15,2,7,8,3,6,3,10,10,2,5,2,,2,5,2,10,15,2,3,2,2,8,6,10,14,14,18
20151013,1,NO2,83,66,77,61,101,96,71,55,10,67,65,46,64,67,94,103,48,70,44,,19,51,31,25,77,11,41,53,69,62,77,96,82,93,83
20151013,1,O3,2,2,2,2,3,3,2,2,59,2,5,14,2,6,11,2,9,4,18,,9,2,8,47,5,33,27,2,2,4,2,2,,2,2
20151013,1,CO,1.1,0.6,1.2,0.9,1.2,1,1.5,0.7,0.3,1.1,0.4,0.5,0.8,0.9,0.8,0.9,0.4,0.7,0.5,,0.6,0.6,0.6,0.5,0.3,0.2,0.4,0.5,0.9,0.4,1.1,1.5,2.6,0.9,1.6
20151013,2,SO2,5,2,4,2,5,8,3,17,2,6,5,3,8,3,8,11,2,4,2,,3,97,2,10,30,2,2,2,4,7,5,7,13,8,14
20151013,2,NO2,86,63,78,61,96,93,65,48,21,64,39,53,64,64,88,93,62,37,35,,9,53,31,19,90,12,33,51,53,56,75,90,77,87,81
20151013,2,O3,2,2,2,2,3,4,2,2,46,2,29,2,2,5,9,2,2,31,19,,17,2,3,54,3,26,25,2,2,4,2,2,,2,2
20151013,2,CO,1.4,0.8,1.2,0.9,1.4,1.1,1.1,0.8,0.3,1.3,0.3,0.6,0.8,0.9,0.8,0.8,0.6,0.3,0.3,,0.4,0.4,0.5,0.5,0.5,0.2,0.4,0.5,0.8,0.4,0.9,1.3,2.4,1,1.2
20151013,3,SO2,4,2,4,2,5,8,3,17,2,5,4,5,16,3,8,10,2,5,2,,2,70,2,25,23,2,2,2,4,8,4,7,12,6,12
20151013,3,NO2,78,60,74,63,93,90,64,44,9,69,36,42,65,59,78,84,61,37,32,,11,48,30,23,74,14,33,47,54,48,74,92,76,86,72
20151013,3,O3,2,2,2,2,3,3,2,2,66,2,29,12,2,5,10,2,2,29,2,,17,2,2,52,12,22,26,2,2,4,2,2,,2,2
20151013,3,CO,1.2,0.9,1,0.7,1.3,1.1,0.8,0.7,0.2,0.9,0.3,0.6,0.9,1.1,1,0.7,0.5,0.4,0.1,,0.4,0.4,0.4,0.7,0.5,0.3,0.3,0.5,0.8,0.4,0.8,1.6,1.4,0.7,0.8
20151013,4,SO2,6,2,4,2,7,5,3,18,2,4,8,7,13,4,7,8,2,16,2,,2,48,2,28,37,2,2,2,4,8,4,7,6,6,19
20151013,4,NO2,76,62,69,60,93,79,62,42,6,67,39,36,63,54,75,76,51,40,31,,11,46,22,25,77,14,20,46,50,45,71,88,71,82,62
20151013,4,O3,2,2,2,2,3,2,,2,72,2,25,32,2,6,9,2,2,28,30,,12,2,6,49,2,18,46,2,2,4,2,2,,3,2
20151013,4,CO,0.9,0.8,0.9,0.8,0.7,0.8,1,0.7,0.2,1,0.3,0.5,0.9,1.1,0.9,0.5,0.4,0.6,0.1,,0.3,0.4,0.4,0.8,0.7,0.3,0.3,0.6,0.9,0.4,0.8,1.5,1.1,0.8,1.2
20151013,5,SO2,13,2,4,2,13,5,3,18,2,5,8,5,8,3,7,7,2,21,2,,2,34,2,23,38,2,2,3,4,6,5,6,6,7,15
20151013,5,NO2,72,57,64,54,90,71,56,44,11,68,31,21,59,66,70,74,55,40,,,27,49,27,34,63,16,14,42,36,37,70,80,77,76,63
20151013,5,O3,2,2,2,2,3,3,2,2,55,2,34,45,2,5,8,2,2,28,31,,2,2,2,37,7,17,54,2,2,4,2,2,,2,2
20151013,5,CO,0.7,0.8,0.7,1,0.8,0.7,0.8,0.6,0.2,1.1,0.3,0.4,0.9,0.9,0.9,0.5,0.5,0.7,0.2,,0.4,0.3,0.4,0.7,0.7,0.3,0.2,0.6,0.8,0.4,0.9,1.5,0.7,0.8,1
20151013,6,SO2,16,2,7,2,16,5,3,16,2,3,6,4,8,3,6,7,2,18,2,,2,24,2,24,35,2,2,3,4,6,10,7,10,8,13
20151013,6,NO2,70,54,58,56,87,69,60,44,34,70,53,23,58,66,67,72,55,34,35,,21,50,25,22,70,12,13,37,30,33,70,89,73,85,57
20151013,6,O3,2,2,3,2,3,2,2,2,30,2,11,53,2,4,8,2,2,33,27,,9,2,2,52,7,21,43,2,2,4,2,2,,2,2
20151013,6,CO,0.7,0.7,0.5,0.9,0.8,0.7,0.6,0.6,0.3,1,0.4,0.4,1.2,0.9,0.9,0.5,0.4,0.6,0.2,,0.4,0.4,0.4,0.7,0.7,0.3,0.2,0.7,0.8,0.4,1.2,1.6,0.8,0.8,0.9
20151013,7,SO2,11,2,9,5,8,6,3,17,2,5,4,3,11,3,8,8,2,14,3,,2,17,2,25,42,2,2,5,4,7,9,16,13,14,14
20151013,7,NO2,66,53,60,62,78,67,59,42,12,81,35,64,76,65,74,71,41,42,50,,24,49,25,18,50,9,16,37,23,32,67,91,74,93,54
20151013,7,O3,2,2,2,4,2,2,2,2,55,2,31,7,2,4,6,2,10,28,18,,7,2,2,62,20,25,44,2,2,4,2,2,,2,2
20151013,7,CO,0.8,0.6,0.8,0.7,0.9,0.7,0.6,0.6,0.3,0.9,0.3,0.9,1.5,0.9,0.9,0.5,0.3,0.5,0.3,,0.5,0.5,0.5,0.7,0.8,0.2,0.2,0.8,0.9,0.3,1,1.4,1.1,1,1.1
20151013,8,SO2,5,4,11,9,5,6,8,15,2,9,5,7,14,5,13,11,2,17,4,,3,13,2,25,58,2,2,8,4,7,5,13,13,17,10
20151013,8,NO2,61,65,62,61,76,64,60,47,29,68,32,71,75,67,78,69,30,44,33,,44,46,29,19,43,7,12,47,29,36,63,90,74,84,56
20151013,8,O3,8,2,2,6,6,4,2,2,33,2,30,4,3,5,10,2,23,27,30,,2,2,4,62,26,29,55,2,2,4,2,4,,3,2
20151013,8,CO,0.8,0.9,1.1,0.9,1.2,0.7,0.9,0.7,0.4,0.9,0.4,1.2,2.2,1.2,1,0.6,0.3,0.5,0.2,,0.8,0.6,0.7,0.7,1,0.2,0.2,1,0.8,0.4,0.7,1.2,1.3,1.4,0.9
20151013,9,SO2,6,6,12,9,5,6,12,15,2,12,5,12,12,10,11,11,2,16,5,,3,10,12,21,49,2,2,8,7,7,5,10,13,18,13
20151013,9,NO2,57,71,54,61,67,64,59,55,33,66,43,71,59,76,78,72,34,38,56,,34,41,41,15,37,6,10,73,64,80,58,79,73,83,68
20151013,9,O3,14,8,8,11,15,5,7,2,30,2,19,7,12,6,16,8,24,32,14,,5,8,8,69,33,34,47,8,2,8,11,9,,4,3
20151013,9,CO,0.7,0.7,0.9,0.9,0.8,0.8,0.8,0.6,0.5,0.8,0.6,1.1,1,1.5,1,0.6,0.3,0.5,0.6,,0.4,0.5,0.9,0.6,0.9,0.2,0.2,0.8,0.9,0.5,0.7,0.9,0.9,1.3,1.1
20151013,10,SO2,8,10,13,9,8,8,13,13,3,10,5,9,8,11,10,11,2,13,4,2,3,8,23,18,34,2,2,4,12,7,9,14,14,17,9
20151013,10,NO2,45,74,46,51,65,56,61,59,55,61,46,69,42,74,61,74,24,33,72,17,24,41,42,14,29,6,10,61,72,98,48,75,69,89,65
20151013,10,O3,29,15,19,27,24,27,13,,19,2,24,15,39,14,35,20,38,38,7,50,25,16,17,74,47,41,62,26,2,38,24,19,,8,16
20151013,10,CO,0.6,0.7,0.7,0.7,0.8,0.6,0.7,0.9,0.6,0.7,0.7,0.9,0.6,1,0.6,0.5,0.3,0.5,0.8,0.2,0.3,0.4,0.9,0.6,0.7,0.2,0.2,0.5,0.8,0.4,0.5,0.8,0.7,0.9,0.7
20151013,11,SO2,8,9,10,7,10,9,12,13,4,8,5,8,8,7,9,10,2,10,5,2,4,7,41,18,17,2,2,3,11,6,9,14,13,14,8
20151013,11,NO2,51,71,46,50,56,46,71,48,44,62,44,55,47,65,55,60,25,29,76,18,21,29,41,15,23,4,10,45,75,77,41,65,72,65,51
20151013,11,O3,33,22,27,37,42,42,16,,36,11,45,32,58,30,50,41,42,44,13,56,38,40,26,77,64,53,70,53,15,57,38,34,17,14,34
20151013,11,CO,0.7,0.7,0.7,0.7,0.8,0.5,0.8,1.5,0.5,0.7,0.6,0.6,0.7,0.7,0.5,0.4,0.3,0.4,0.8,0.2,0.3,0.3,1.1,0.6,0.5,0.2,0.2,0.4,0.9,0.3,0.5,0.7,0.8,0.8,0.6
20151013,12,SO2,7,7,8,5,9,7,8,14,4,6,5,7,8,6,8,9,2,8,5,2,4,6,43,13,13,2,2,3,10,7,6,11,11,13,6
20151013,12,NO2,36,59,41,53,47,44,59,31,28,62,39,58,49,57,52,43,24,24,60,24,18,17,39,11,20,3,23,28,68,33,42,60,75,89,46
20151013,12,O3,56,43,41,44,59,54,35,,58,21,65,39,67,47,66,65,51,51,29,55,52,60,36,87,72,64,59,74,42,106,49,48,25,17,49
20151013,12,CO,0.5,0.6,0.6,0.7,0.7,0.5,0.6,,0.3,0.7,0.5,0.6,0.7,0.6,0.5,0.3,0.3,0.3,0.5,0.3,0.3,0.3,1.1,0.5,0.4,0.2,0.2,0.3,0.8,,0.5,0.5,0.7,1,0.4
20151013,13,SO2,6,5,4,4,9,6,6,14,3,4,5,6,8,5,7,7,2,5,4,2,3,5,26,11,12,2,3,2,8,7,6,10,7,12,6
20151013,13,NO2,34,46,26,51,51,34,50,,32,55,31,58,43,48,49,26,18,22,52,20,13,9,30,8,23,2,22,25,38,38,45,62,63,94,36
20151013,13,O3,66,65,68,57,69,75,52,54,64,39,91,51,75,74,83,85,66,58,49,68,71,74,53,96,75,70,69,85,85,131,58,54,44,20,69
20151013,13,CO,0.5,0.4,0.5,0.6,0.7,0.4,0.5,0.4,0.3,0.6,0.5,0.6,0.6,0.5,0.5,0.3,0.3,0.3,0.4,0.2,0.3,0.2,0.7,0.4,0.5,0.2,0.2,0.2,0.6,0.1,0.6,0.5,0.6,1,0.4
20151013,14,SO2,5,5,4,2,6,5,5,11,2,2,3,4,6,5,5,7,2,3,3,2,3,5,22,10,8,2,2,2,7,7,5,9,6,11,6
20151013,14,NO2,40,50,30,45,45,37,50,12,43,36,28,34,31,40,40,29,30,21,23,22,12,10,23,7,29,2,14,16,33,34,62,63,73,98,43
20151013,14,O3,70,72,70,67,84,82,62,54,67,76,86,99,103,110,100,91,59,65,109,72,73,79,66,103,88,73,84,99,92,147,53,67,43,23,73
20151013,14,CO,0.5,0.4,0.5,0.5,0.6,0.4,0.5,0.3,0.4,0.4,0.4,0.4,0.5,0.4,0.4,0.3,0.2,0.3,0.3,0.2,0.3,0.3,0.6,0.4,0.4,0.2,0.2,0.2,0.6,0.2,0.6,0.6,0.7,1,0.5
20151013,15,SO2,4,4,3,2,5,4,3,12,2,2,3,3,7,4,6,6,2,4,2,2,2,5,18,10,5,2,2,2,7,7,4,9,6,9,5
20151013,15,NO2,33,36,22,24,47,46,40,29,29,30,25,29,36,33,39,35,35,31,31,22,16,12,19,10,36,2,9,18,32,32,54,70,78,98,55
20151013,15,O3,85,98,91,99,89,82,78,50,100,91,124,107,160,117,112,97,58,69,100,74,73,79,83,103,80,73,91,104,117,103,70,78,47,38,72
20151013,15,CO,0.4,0.3,0.4,0.3,0.5,0.4,0.3,0.4,0.3,0.3,0.4,0.4,0.6,0.4,0.4,0.3,0.2,0.3,0.3,0.2,0.3,0.3,0.6,0.4,0.3,0.1,0.2,0.2,0.6,0.2,0.3,0.4,0.7,0.8,0.5
20151013,16,SO2,3,5,2,2,4,4,4,12,2,2,4,4,6,3,5,7,2,3,2,2,3,4,10,10,4,2,3,2,8,7,3,9,5,8,5
20151013,16,NO2,23,29,15,26,39,42,42,30,23,27,28,33,39,36,32,44,33,38,34,22,19,14,15,21,47,2,11,22,28,28,58,67,73,102,47
20151013,16,O3,100,117,108,103,107,101,94,64,128,121,148,158,119,110,129,93,68,68,138,82,78,82,92,103,73,77,97,111,148,110,73,89,55,44,95
20151013,16,CO,0.3,0.3,0.3,0.4,0.4,0.3,0.3,0.3,0.3,0.3,0.4,0.4,0.6,0.4,0.3,0.4,0.2,0.4,0.3,0.2,0.3,0.3,0.4,0.5,0.3,0.2,0.2,0.3,0.7,0.2,0.3,0.4,0.6,0.7,0.4
20151013,17,SO2,4,5,3,2,3,5,3,11,3,2,3,4,7,4,5,8,2,2,2,3,4,4,6,10,2,2,3,4,9,7,4,9,6,11,5
20151013,17,NO2,34,36,21,42,45,51,50,42,33,55,31,55,57,64,46,50,52,46,45,34,23,22,24,35,41,5,15,28,52,35,78,68,106,128,42
20151013,17,O3,98,105,120,91,112,97,108,68,153,81,87,114,84,83,113,102,55,81,94,78,73,74,83,89,71,74,102,107,91,123,58,84,46,21,106
20151013,17,CO,0.4,0.3,0.4,0.4,0.5,0.4,0.4,0.4,0.4,0.5,0.5,0.5,0.7,0.5,0.4,0.4,0.4,0.3,0.3,0.3,0.3,0.3,0.4,0.6,0.3,0.2,0.2,0.3,1,0.3,0.5,0.4,0.7,0.9,0.4
20151013,18,SO2,4,4,3,2,4,5,4,11,2,3,5,5,9,5,8,9,2,3,3,2,4,4,4,9,4,2,2,4,10,6,5,13,8,9,5
20151013,18,NO2,75,69,51,80,93,103,107,70,38,88,48,95,109,104,97,78,105,65,99,59,78,84,62,46,104,11,13,34,26,39,120,137,136,122,78
20151013,18,O3,54,56,54,37,63,34,30,38,92,22,69,42,35,66,62,67,3,79,23,58,10,24,42,62,8,68,112,65,141,88,11,23,7,13,62
20151013,18,CO,0.6,0.5,0.6,0.7,0.7,0.6,0.7,0.4,0.4,0.8,0.6,0.8,1,0.8,0.6,0.5,0.7,0.4,0.7,0.5,0.9,0.6,0.5,0.6,0.4,0.2,0.2,0.4,1.5,0.4,0.8,0.6,0.9,0.9,0.6
20151013,19,SO2,7,2,4,2,4,7,5,12,2,4,9,8,13,8,11,24,5,3,2,4,4,4,3,8,2,2,3,2,6,5,9,17,8,10,14
20151013,19,NO2,133,93,65,119,152,146,136,93,33,128,99,137,154,159,122,123,123,109,114,70,49,100,87,33,81,13,16,49,29,76,152,193,142,156,132
20151013,19,O3,17,12,30,9,13,6,2,2,80,2,24,5,4,18,39,27,2,46,2,53,20,2,15,79,43,63,108,22,82,35,2,2,2,4,4
20151013,19,CO,1.2,0.6,0.8,1,1.3,1,1.2,0.8,0.4,1.2,0.9,1.2,1.3,1,0.9,0.8,0.8,0.6,0.9,0.5,0.9,1.4,0.7,0.6,0.4,0.2,0.2,0.7,1.3,0.4,1.4,2.5,1.5,1.3,2
20151013,20,SO2,12,2,8,2,6,12,8,13,2,6,7,11,14,10,21,29,4,2,2,3,3,4,3,8,2,2,3,2,6,5,12,16,12,12,13
20151013,20,NO2,148,114,98,129,179,148,146,88,30,145,82,142,152,98,153,155,127,78,105,72,30,84,93,31,40,14,16,60,64,83,170,206,171,162,139
20151013,20,O3,14,3,14,4,6,19,2,2,85,2,33,6,5,63,21,2,2,37,2,52,33,2,2,77,102,57,110,4,38,15,2,2,2,4,2
20151013,20,CO,1.2,1,1.1,1.3,1.7,1.1,1.3,0.7,0.4,1.3,0.8,1.7,1.4,1,1.3,1.2,1.1,0.5,0.9,0.7,0.6,1.1,1,0.6,0.3,0.2,0.2,1,1.2,0.5,1.9,2.4,1.6,1.4,1.9
20151013,21,SO2,13,3,9,2,9,16,8,14,3,6,11,7,12,8,23,37,2,2,2,3,3,4,3,8,2,2,3,2,5,5,12,16,13,12,9
20151013,21,NO2,141,130,99,133,193,135,149,76,25,144,64,127,137,142,162,163,98,60,91,57,28,74,86,39,41,12,16,51,89,83,161,182,171,159,151
20151013,21,O3,17,2,11,5,7,37,2,2,94,2,45,3,4,13,11,2,2,48,2,51,31,2,3,70,75,38,107,2,2,11,2,2,2,4,6
20151013,21,CO,1.2,1.3,1.1,1.2,1.8,1,1.3,0.7,0.4,1.3,0.8,1.7,1.9,1.5,1.5,1.1,1.4,0.4,0.6,0.8,0.6,0.8,1,0.6,0.3,0.3,0.2,1,1.3,0.5,1.8,1.4,1.5,1.4,1.4
20151013,22,SO2,14,3,7,3,9,16,6,14,2,5,14,7,10,9,19,21,2,2,2,3,3,4,2,8,2,2,6,2,4,5,12,12,12,14,14
20151013,22,NO2,154,127,103,130,190,156,130,65,20,138,65,110,111,140,153,159,88,70,68,52,21,70,74,32,24,10,16,57,70,65,159,181,166,165,151
20151013,22,O3,6,2,2,3,6,15,2,2,91,2,44,2,3,8,10,2,2,36,17,47,35,2,2,63,84,37,100,2,2,5,2,2,2,5,2
20151013,22,CO,1.5,1.4,1.2,1.2,1.9,1.1,1.4,0.7,0.3,1.5,0.6,1.1,1.6,1.8,1.5,1.4,1.3,0.5,0.5,0.8,0.5,0.6,0.9,0.6,0.3,0.2,0.3,0.9,1.2,0.5,2,2.7,2.2,1.8,2.1
20151013,23,SO2,14,4,7,2,7,11,5,14,2,6,16,4,8,10,19,21,2,2,2,6,3,4,3,8,2,2,11,4,4,5,12,11,17,15,17
20151013,23,NO2,159,120,114,123,179,144,118,61,18,126,78,101,89,136,149,142,77,36,30,57,19,61,77,30,36,11,36,57,53,76,158,177,155,165,140
20151013,23,O3,3,2,2,4,4,10,2,2,84,2,33,2,4,8,10,2,2,61,50,31,37,2,2,61,79,35,68,2,2,3,2,2,2,5,2
20151013,23,CO,1.7,1.6,1.7,1.6,2.2,1.4,1.1,0.8,0.3,1.5,0.7,1.1,1,1.5,1.4,1.8,1,0.3,0.3,0.8,0.5,0.5,0.7,0.6,0.3,0.2,0.5,0.9,1.2,0.6,1.9,3.1,2.8,2.3,2.4
