date,hour,type,dongsi,tiantan,guanyuan,wanshouxigong,aotizhongxing,nongzhanguan,wanliu,beibuxingqu,zhiwuyuan,fentaihuayuan,yungang,gucheng,fangshan,daxing,yizhuang,tongzhou,shunyi,changping,mengtougou,pinggu,huairou,miyun,yanqing,dingling,badaling,miyunshuiku,donggaocun,yongledian,yufa,liulihe,qianmeng,yongdingmengxi,xizhimengbei,nansanhuan,dongsihuan
20150402,0,PM2.5,46.2,42.5,43.7,42.7,41.5,46.2,40.6,44.2,35.1,40.9,44.2,44.1,43.2,50.6,49.2,53.2,51,47.6,42.3,59.4,39.2,50.9,59.2,48.6,37.6,33,51.7,,89.5,54.1,40.2,55,41.5,54.5,42.3
20150402,0,PM10,57.6,,51.3,78.3,67.1,49.9,57.4,,,64.4,,54.1,49.3,52.8,103.8,69.3,97.5,52.7,,,67.2,69.4,,53.6,,97.7,74.7,,103.2,,51.5,80,65,,43.2
20150402,0,AQI,74,68,71,69,73,75,71,85,78,81,86,78,88,88,83,94,78,88,90,76,70,66,89,92,86,62,58,,74,90,62,73,79,80,86
20150402,1,PM2.5,42,37.5,37.3,36.5,40.3,43.8,40.4,41.2,33.1,35.3,41.2,38.8,38.8,45.7,45.7,45.9,43.4,42,34,58.3,40.3,49.6,57.8,44.2,35.5,37.7,66.9,,61.9,41.8,41.3,43,35.8,49.7,44.2
20150402,1,PM10,,,,,46.4,,,,,,,,,,,64.4,,,,75,50.9,61.2,,,,86.7,108.6,,,,,,36.7,,
20150402,1,AQI,73,67,70,68,71,74,70,83,74,79,84,76,87,86,81,91,75,86,87,75,67,64,85,89,81,60,59,,74,88,61,72,77,78,84
20150402,2,PM2.5,49.6,41.2,43,40.4,45,51.2,36.7,41.6,42.7,40,43.1,35.2,42.5,45,44.2,45.1,43,43.2,35.9,71.3,42.1,44.5,60.3,39.6,35,36.5,3,,39.3,45.4,33.3,36.9,40.4,40.5,53.6
20150402,2,PM10,,,,,,,,,,,,,,,,,,,,73.3,,,,,,,,,,,,,,,
20150402,2,AQI,71,65,68,67,70,73,68,80,71,77,82,73,86,85,79,87,73,83,83,75,64,61,82,85,77,58,56,,74,87,60,70,75,77,82
20150402,3,PM2.5,45.4,44.1,45.7,42.5,42.3,49.3,40.2,40.8,45.4,46.4,49.6,38.8,45.5,43.2,46.6,43.9,47.1,37.2,42.3,57.5,44.9,48.4,60.4,38.5,35.1,43.9,3,,47,47.5,37.3,43.7,42.2,43.3,43.6
20150402,3,PM10,,,,,,,,,,,,,,,,,,,,,,,,,,,,,,,,,,,
20150402,3,AQI,70,64,67,65,68,71,65,77,68,75,80,71,84,83,78,83,70,80,80,74,62,60,79,81,74,57,56,,74,86,59,69,72,75,80
20150402,4,PM2.5,47.6,40.3,45,38.6,42.7,44.6,40.7,40.2,33.2,43.6,44.5,40.6,46.7,43.3,47.9,44.5,44.6,34.6,36.9,65.1,46.4,51.1,52.1,42.9,39.9,47,46.2,,42.8,55.7,42.2,47.5,40.8,44.6,42
20150402,4,PM10,,,,,,,,,,,,,,,,,,,,,,,,,,,48.3,,,,,,,,
20150402,4,AQI,68,63,64,63,65,69,63,74,65,73,77,68,82,78,76,79,68,77,76,73,60,59,76,78,71,57,56,,74,85,58,68,69,74,77
20150402,5,PM2.5,47.6,48.3,42.2,43,39.7,41.6,39.7,33.5,37.2,42.8,43.4,41.4,49.7,48.9,52.4,53.4,49.3,32.4,41.2,67.6,50.2,52,49.6,35.5,41.9,52.1,60,,57.1,46.1,47.3,44.6,42,53.2,48.2
20150402,5,PM10,,,,,,,,,,,,,,,,,,,,,,,,,,,,,,,,,,,
20150402,5,AQI,66,62,62,61,63,67,60,71,62,70,74,68,80,76,74,75,67,73,72,73,59,58,74,74,70,57,56,,74,84,57,65,66,72,75
20150402,6,PM2.5,50.9,53.1,48,48.7,41,49.4,32.3,30.1,32.9,48.3,40.4,39,46.3,55.1,56.6,64.3,61.4,37.6,38.5,71,47.9,47.1,49.5,32.5,35.7,46.1,63.2,,57.8,48.3,42.5,53.8,37.1,52.4,49.9
20150402,6,PM10,,,,,,,,,,,,,,,,,,,,,,,,,,,,,,,,,,,
20150402,6,AQI,65,61,61,60,62,66,58,68,59,68,71,68,77,74,72,72,67,69,69,74,58,58,73,71,68,57,56,,74,82,57,65,63,71,74
20150402,7,PM2.5,49.7,49.2,42.2,42.4,51,47.6,33.3,38.6,37.5,37.6,50.3,39.5,47.1,52.6,53.4,62.8,65.5,33.3,39.3,66.5,53.6,45.8,47.9,35.3,35.5,39.6,65.8,,60.2,49.2,42.3,41.9,38,43.5,55.2
20150402,7,PM10,,,,,,,,,,,,,,,,,,,,,,,,,,,,,,,,,,,
20150402,7,AQI,65,60,60,59,61,64,58,64,58,66,68,68,74,71,69,68,68,66,64,74,58,58,72,68,66,57,56,,74,80,57,64,61,70,72
20150402,8,PM2.5,62,63.5,54.9,55,54.9,62.6,43.1,41.7,47.6,56.6,47.5,44.8,48.3,39.1,51.3,74.5,62.3,43.6,48.9,47.7,54.3,42.6,43.7,37,39.7,39.2,50.3,,55,50.1,54.8,56.5,56.9,55.1,66.2
20150402,8,PM10,,,,,,,,,,,,,,,,,,,,,,,,,,,,,,,,,,,
20150402,8,AQI,65,60,60,59,60,63,58,62,56,66,68,68,71,68,66,65,68,63,63,73,58,58,70,66,65,58,57,,70,78,56,63,60,69,69
20150402,9,PM2.5,56.2,53.7,49.2,52.7,51.4,60.4,45.8,47.3,48.7,51,54.6,51,52,50.2,65.5,68.3,60.1,42,48.6,3,54.7,37,51.5,34.5,36.7,35.8,37.3,,62,47.6,59.4,59.2,54.2,62.2,60.8
20150402,9,PM10,,,,,,,,,,,,,,,,,,,,13.1,,,,,,,,,,,,,,,
20150402,9,AQI,63,59,59,58,60,61,57,62,56,65,67,69,70,65,64,64,67,60,63,70,58,58,70,63,62,58,56,,70,74,54,62,59,68,67
20150402,10,PM2.5,54.6,51.7,48.2,40.7,48.7,59.2,42.6,51.8,44.1,44.1,42.2,50.7,49.4,52.6,63.5,59.9,41.5,51.5,47.5,3,43.3,32.3,41.3,31.3,37.4,29.6,26,,50.1,53.1,56.9,56.4,49,51.8,50.7
20150402,10,PM10,,,,,,,,,,,,,,,,,,,,5,,,,,,,,,,,,,,,
20150402,10,AQI,63,58,58,57,59,60,56,64,56,63,66,69,67,64,64,65,65,58,62,67,58,59,70,58,60,58,55,,70,72,54,61,58,66,67
20150402,11,PM2.5,49,46.8,38.5,41.7,42.9,51.6,43.6,3,39.2,43.5,38.4,43,48,44.1,51,46.7,28.5,52.7,45.7,3,36.5,21.7,45.2,30.8,3,20.6,31.1,,64.4,53.2,49.6,48.7,52.3,50.1,49.3
20150402,11,PM10,,,,,,,,,,,,,,,,,,,,8.6,,,,,19.3,,,,,,,,,,76.9
20150402,11,AQI,63,59,59,57,59,61,59,64,56,65,64,69,65,66,65,65,64,58,61,65,58,60,69,63,56,59,54,,73,71,55,62,59,67,71
20150402,12,PM2.5,41.8,40.3,33.3,35.6,33.5,47.8,32.3,19.8,17.4,44.1,31.4,39.3,29.4,39.4,43.3,39.2,28,42.2,36.4,3,29.1,18.1,38.7,27.5,3,19.2,27.6,,52.8,39.4,37.4,48.3,35.8,,39
20150402,12,PM10,,,,,,,,61.3,,,,,,,,,,,,5,,,,,,,,,,,,,,,
20150402,12,AQI,64,59,59,57,59,62,59,63,54,65,63,69,65,66,65,66,62,57,60,63,57,61,68,63,56,60,54,,72,71,56,63,60,,71
20150402,13,PM2.5,24.7,30.8,32.2,33.9,25.3,40.8,29.5,27.6,21.9,21.9,31.7,27.9,29.9,35.7,42.7,39.4,33.2,34.9,30.4,,27.4,18.8,34.7,21,28.3,23.9,20.7,,50.7,41.7,24.7,33.3,37.4,33.6,36.9
20150402,13,PM10,,,,,,,,41.7,,,,,,,,,,,,13.3,,,,,,,,,,,,,,,
20150402,13,AQI,64,59,59,57,59,63,59,61,53,65,63,68,64,66,65,67,62,57,59,63,56,60,67,63,56,61,55,,72,70,56,63,60,67,71
20150402,14,PM2.5,30.6,29.3,25.6,26.7,27,33.1,29.8,30.2,32.1,37.2,25.2,27.7,29.7,32.5,27.2,41.7,24.3,26.4,21.8,3,20.1,21.4,3,36.8,41.4,22.3,10.3,,42.9,41.8,32.1,38.2,21.3,35.8,25.5
20150402,14,PM10,,,,,,,,39.2,,,,,,,,49.5,,,,18.3,,,30,,,,15.4,,,,,,31,39.1,28.2
20150402,14,AQI,63,59,59,58,58,63,61,59,55,65,63,68,64,66,65,67,61,57,58,61,57,58,225,63,56,61,54,,76,71,56,63,59,66,65
20150402,15,PM2.5,36,34.3,27.6,32.2,31.6,29.2,33.8,34.5,32.1,39.9,38.4,30.2,26.3,42.4,29.8,35.1,18.5,37.8,34.4,3,19.9,22.1,3,42.4,39.6,11.3,20.9,,32,42.4,28.5,37.6,20.3,36.2,31.8
20150402,15,PM10,64.2,,,,,,,39.5,,,,,,,,,,,,5,,,,,,,,,,,,,29.1,44.3,
20150402,15,AQI,63,60,58,59,59,63,63,59,56,65,65,68,65,66,65,68,61,58,58,59,57,56,62,63,56,61,54,,77,71,56,63,58,66,65
20150402,16,PM2.5,35.5,36.3,35.2,33.4,34.3,40.3,36.9,26.7,29.2,36.3,35.5,32.4,42.9,35,32.7,42.1,19.8,37.9,29.1,13.3,25.3,14.5,29.5,38.4,45.3,18,15.1,,36.2,43.8,33.9,36.5,37.3,40.3,37.3
20150402,16,PM10,,,,,,,,37.9,,40.4,,,,,,,,,,,,16.2,55.7,,,,,,,,,,38.2,51.5,
20150402,16,AQI,63,60,58,61,59,63,65,58,57,65,65,69,67,66,65,71,60,59,58,58,57,55,62,63,56,61,55,,80,71,57,63,57,66,65
20150402,17,PM2.5,37.6,36.6,39.6,36.8,36.1,42,32.8,28.2,25,44,45.3,56.4,35.5,37.4,33.5,31.6,21.6,33.9,32.8,18.5,19.8,17.8,51,25.9,40.5,16.9,16.4,,36.2,39,40.3,34.1,38.1,41.8,38.6
20150402,17,PM10,44.9,,,,,,,45.1,,52.9,,,36.5,51,,35,,,43.9,,,,62.8,,,,,,36.4,,,36.6,51.4,65.9,56.6
20150402,17,AQI,63,64,58,63,60,64,68,57,59,63,68,70,65,67,65,68,60,61,58,57,58,54,62,65,57,63,55,,79,70,57,63,57,66,65
20150402,18,PM2.5,41.9,43.8,30.1,39.2,25,39.4,26.5,18.1,13.7,49.6,55,49,48.9,44.5,38.7,39.7,25.3,33,48.4,19.8,22.3,18.9,33.1,27.8,43.6,12.6,16.7,42.6,41.6,45.2,43.4,41,35.7,47.3,38.9
20150402,18,PM10,46.2,61.5,47.9,70.9,,,,47.3,16.9,59.3,,66.2,,,51.7,70.9,,38.2,54.5,,,23.7,40.8,,,13.6,17.1,,,,49.5,60.3,57.7,89.7,56.3
20150402,18,AQI,63,64,58,64,60,63,73,56,54,62,69,69,66,72,66,68,63,60,58,56,58,53,62,69,59,61,53,86,77,70,58,63,57,71,65
20150402,19,PM2.5,22.1,26.3,18,23.6,16.7,20.8,15.8,11.1,13.4,44.3,52.8,48,46.9,42.3,53.4,45.7,27.8,23.9,22.8,22.3,24.2,21.6,17.4,24,35.3,13.5,12.8,42.5,40.9,41.3,29.6,31.4,22.8,38.4,22.3
20150402,19,PM10,50.7,5,,,,,,29.3,,,,,,,67.2,,,,,,,23.2,19.1,14.5,39.4,,22.3,,,,,,23.5,72,30.7
20150402,19,AQI,62,59,57,66,62,63,80,54,56,63,68,68,66,72,68,68,66,58,58,55,60,52,60,49,51,63,51,85,77,71,58,63,56,65,63
20150402,20,PM2.5,17.9,14.8,15.1,13.6,17.3,20,6.3,12.3,10.9,48,48.5,14.7,50.9,54.1,59,34.7,27.6,17.5,12.6,29.4,25.9,19.8,16.6,19.8,13.7,16,16.8,46.3,47.8,43.1,11.6,7.7,8.9,26.5,20.1
20150402,20,PM10,31.5,5,16.3,,,16.4,,28,20,83.8,45.6,15,,,64.4,,26.6,,,33.6,,24.7,,9,18.5,,24.2,,,,,,24.2,41.5,31.8
20150402,20,AQI,61,58,56,68,64,62,53,51,52,63,63,59,65,66,69,68,58,56,57,54,59,51,59,50,50,64,49,84,76,68,57,61,55,64,61
20150402,21,PM2.5,16.6,15.9,6.7,10.6,13.2,17.2,9,9.8,7.7,39.1,46.3,9.7,46.9,55.6,64.4,20.6,41.5,12.6,10.9,27.4,23.8,21,19.8,9.2,9.9,23.5,22.1,56.2,49.9,50.5,14,6.1,18.9,17,16.1
20150402,21,PM10,20.3,,16,5,,,,30.8,13.1,,,14.6,,47.9,,,33.5,18.3,7.6,,,29.9,,,29.2,,29.2,,,,15.3,7.8,,37.2,23.8
20150402,21,AQI,59,57,53,54,66,60,51,48,45,61,62,57,62,65,68,67,58,53,52,52,56,49,56,49,48,63,47,83,75,66,55,59,53,63,59
20150402,22,PM2.5,12.9,6.8,11,8.1,12.3,13.3,16.4,11.2,11.2,12.3,26,11.1,53.5,61.6,55.1,13.7,35.9,12.8,10,24.4,23.9,15.2,17.3,14.3,14.9,22.8,39.3,62.6,52.6,62.6,14,10.2,10.4,10.7,10.7
20150402,22,PM10,21.3,,11,,6.4,,,24.8,13.3,,,16.8,45.5,31.7,,,,20,,27.4,11.8,24.3,19.1,,22,34.5,62.8,,24.5,,14.6,,20.8,21.9,21.7
20150402,22,AQI,57,55,52,52,51,59,48,44,44,59,60,54,62,64,68,64,57,52,50,50,51,47,55,47,47,57,47,82,72,66,53,57,51,60,57
20150402,23,PM2.5,13.3,10.9,12.7,11.6,10.6,17.1,13.4,7.6,11.3,7.4,11.2,13.1,63.8,44.5,35.2,13.9,30.3,14.5,9.5,31.2,19.8,16.8,12.9,10.7,14.7,18,33.2,58.4,54.2,64.2,13,9.4,16.8,15.8,15.7
20150402,23,PM10,13.6,,12.7,12.4,,,,20.5,,,,,,,,,,20.6,,38.4,,24.7,17.4,,18.8,,37.3,,,,16.3,11.6,18.9,29.4,16.5
20150402,23,AQI,55,53,50,50,49,57,46,42,42,56,58,52,62,64,66,62,55,50,48,48,50,45,53,45,45,55,45,81,70,66,52,55,50,58,56
20150402,0,SO2,2.5,2,2,2.1,2,2,3.9,4.9,2,2,2,2,2,2.4,2.4,4.9,3.1,2,2,4.6,2,6.3,2,16.7,2,2,3.6,,2,5.2,2,4,2,5.6,3.9
20150402,0,NO2,33.9,41.5,37.6,44.6,43.2,47.5,,46.5,13.5,60.4,39.3,20.3,28.2,47.3,64.8,92.7,82.9,66.4,18.5,64.3,11.7,61.9,49.6,29.9,60.1,24.6,39.4,,53.8,41.4,37.7,67,57.4,86.8,48.6
20150402,0,O3,50,49.7,50.5,50.5,56.4,44.6,21.8,8.9,71.5,23.3,35.3,53,44,36.5,18.5,2,2,4.5,48.1,22.9,49.1,25,20.6,33.9,7.7,55.2,34.4,,2,22.6,43.6,26.1,37.7,14.8,40.7
20150402,0,CO,0.6,0.6,0.6,0.6,0.6,0.7,0.5,0.6,0.7,0.7,0.8,0.5,0.6,0.6,0.9,0.8,0.6,0.7,0.7,0.7,0.5,0.7,0.7,0.6,0.5,0.5,0.5,,1.5,0.7,0.6,0.7,0.7,0.7,0.5
20150402,1,SO2,2,2,2,2,2,2,3.8,4.4,2,2,2,2,2,2,2,3.4,2,2,2,3.6,2,3.4,2,16.5,2,2,3.5,,2,4.6,2,2.8,2,4.4,3.3
20150402,1,NO2,29.3,28.4,23.8,31.5,42.8,38.6,,32.4,13.4,46.4,23,14.6,26.8,28.1,35.3,45.5,48.9,51.7,15.8,58.5,9.1,32.3,36,22.9,48.3,27.9,62.3,,28.5,34.4,25.1,35.7,37.2,89.8,43.1
20150402,1,O3,48.1,63,61.6,61.3,51.9,48.5,29.6,22.5,74.4,29.5,48,55.4,46.3,45.2,38.7,34.1,24.5,9.7,46.8,23.4,40,31.3,30,37,19.8,42.7,14.9,,18.1,31.5,55,43.5,49,8.7,33.9
20150402,1,CO,0.7,0.7,0.7,0.7,0.7,0.7,0.7,0.6,0.8,0.8,0.9,0.6,0.8,0.7,0.8,0.6,0.5,0.6,0.7,0.7,0.4,0.7,0.7,0.5,0.5,0.5,0.8,,0.9,0.9,0.7,0.6,0.6,0.8,0.5
20150402,2,SO2,2,2,2,2,2,2,4,5.2,2,4.2,2,2.8,2,2,2,2.1,2,2,2,2,2,3.1,2,16.6,2,2,2,,2,4.5,2,2.5,3.5,4.5,3
20150402,2,NO2,30.6,24.7,20.2,24.7,44.2,42.2,,22.9,14.6,39,17.4,13.1,27.4,27.7,39.3,40.2,27.1,44.9,12.2,70.5,6,26.3,22.9,14.4,59.4,22.2,,,15.6,21.6,23.7,34.4,32.8,83.9,46.6
20150402,2,O3,42,64,62.1,65.9,44,39.9,35.8,30.4,69.6,40.7,49.4,47.8,41.9,44.7,34,32.6,40.1,17.9,36.9,6.3,42.1,37.2,33.7,66.4,17.5,49.8,5.3,,36.6,37.6,51.9,40.7,46.5,12.9,28.8
20150402,2,CO,0.8,0.7,0.8,0.8,0.8,0.8,0.8,0.7,0.9,0.8,1,0.7,0.9,0.8,0.8,0.5,0.5,0.6,0.6,1.1,0.4,0.6,0.6,0.6,0.5,0.5,,,0.7,0.9,0.8,0.7,0.8,0.9,0.5
20150402,3,SO2,2.2,2,2,2,2,2,3.4,5.4,2,3.7,2,2.6,2,2,2,2.1,2,2,2,2,2,2.9,2,16.5,2,2,2,,2,4.5,2,3.5,2.6,3,2.9
20150402,3,NO2,28.2,23.7,18.1,22,40.9,34.3,,18.2,11.9,41.1,18.1,14.1,24.9,23.1,37,36.6,31.6,31.3,14,50.6,7.9,30.4,22.8,30.7,38.6,20.3,63.8,,10.6,22.8,22,24.8,29.2,61.1,32.7
20150402,3,O3,43.8,64.4,65.8,67.6,42.9,43.6,33.3,36.1,61.6,35.2,42.4,42.3,43.9,51.6,33.7,36.3,35.5,36.9,2,12,45.4,36.2,32.3,46.3,37.4,53.8,,,48.9,35.6,52.2,48.9,46.8,23.9,41.8
20150402,3,CO,0.9,0.8,0.9,0.8,0.9,0.8,0.8,0.9,0.8,0.9,1.1,0.7,1,0.8,0.8,0.5,0.5,0.8,0.1,0.8,0.5,0.6,0.6,0.6,0.6,0.5,,,0.8,1,0.9,0.8,0.8,0.8,0.6
20150402,4,SO2,2.4,2,2,2,2,2,4.4,5.3,2,3.4,2,2.1,2,2,2,2.2,2,2,2,2,2,3,2,16.2,2,2,2,,2,4.4,2,2.7,2.1,2.7,3.3
20150402,4,NO2,24.2,20.9,17.6,19.4,31.7,25.2,,16.3,9.1,31.5,19,12.4,25.1,20.5,29.3,30.9,29.9,33.2,11.2,55.5,7.5,35.5,31.2,26.1,60.8,19.4,58.6,,13,23.3,21.3,21.7,26.9,53.9,39.5
20150402,4,O3,47.1,64.5,56.5,66.5,54.5,56.4,33.7,39.9,76,57.4,45.3,54.9,45.4,52.4,43.6,38.7,41.2,37.6,52,6.9,45,25.4,23.8,43.7,8,56.1,13.4,,38.8,38.5,52.2,53.8,46.5,33,36.1
20150402,4,CO,0.9,0.8,0.9,0.9,0.9,0.8,0.8,0.9,0.7,0.9,1.1,0.7,1,0.8,0.6,0.6,0.5,0.9,0.6,1,0.5,0.6,0.6,0.6,0.6,0.5,1,,0.8,1,0.9,0.9,0.9,0.9,0.7
20150402,5,SO2,2,2,2,2,2,2,4.2,5.2,2,3.3,2,2.1,2,2,2,2.3,2,2,2,2,2,2.7,2,16.6,2,2,2,,2,3.9,2,3.2,4.6,2.7,4.3
20150402,5,NO2,19.4,19.6,22,20.1,21.7,23.8,,13.5,8,23.3,13.7,13.5,17.8,25.9,36.7,34.1,23.2,31.3,,44.5,10.8,20.5,20,22.3,38,22,41,,15.3,18.3,20.8,25.4,38.3,39.4,69.4
20150402,5,O3,53.1,69.9,54,68.6,66.2,58.5,37.4,54.9,77.2,61.1,56.6,54.6,49.8,57.3,41.6,30.6,41.1,48.2,50.1,19.3,37.6,45.9,36.9,57.2,42,43.7,32.7,,40.6,53.6,55.5,51.7,38.4,36.5,16.1
20150402,5,CO,0.8,0.8,0.8,0.8,0.9,0.7,0.8,0.8,0.7,0.8,1,0.9,1,0.7,0.6,0.7,0.5,0.7,0.8,1.1,0.5,0.6,0.6,0.6,0.6,0.5,1.2,,0.9,0.9,0.8,0.8,0.8,0.8,0.7
20150402,6,SO2,2,2,2,2,2,2,3.6,4.5,2,3.2,2,2.3,2,2,2,2.1,2,2,2,2,2,2.8,2,16.1,2,2,2,,2,4.3,2,3.6,6.5,3.4,3.3
20150402,6,NO2,19.9,24.6,21,22,24.4,25.6,,12.1,7.6,23.7,14.1,16.3,19.2,34.5,42.3,37.8,24.1,47.1,12.1,42.2,10.3,13,16.3,10.7,65,18,37.9,,15.5,28.7,21.3,41.3,38.1,61.4,53.7
20150402,6,O3,50,62.9,58.6,65.9,62.3,57.4,42.2,54.8,78.5,60,57.7,64.7,49.3,48.7,31.3,27,35.6,30.8,61.6,27.9,46,60.2,47.8,78.8,7.3,47.3,34.3,,41.9,47.7,52.2,41.2,45.3,24.9,26.8
20150402,6,CO,0.9,0.8,0.8,0.8,0.9,0.8,0.7,0.7,0.6,0.8,0.9,0.8,0.9,0.8,0.8,0.8,0.5,0.7,0.9,1.3,0.7,0.6,0.6,0.6,0.6,0.5,1.2,,0.8,0.9,0.8,0.8,0.8,0.9,0.7
20150402,7,SO2,2,2,2,2,2,2,3.5,4.9,2,3.1,2,2.3,2,2,2,2.5,2,2,2,2.2,2,2.9,2,16.3,2,2,2.2,,2,5.1,2,4,3.6,5.7,3.3
20150402,7,NO2,28,35.8,31.9,31.5,34.5,35.1,,14.6,10.7,29.8,17.3,18.6,26.6,42.6,46.1,49.2,33.3,26.5,15.8,32.1,10.6,14.8,19.9,8.9,65.6,12.5,37.4,,20.8,26.6,30.2,57.9,54.7,81.7,53.4
20150402,7,O3,39.6,47.1,44.4,54.6,45,42.4,35.7,51.7,72.7,54.5,52.7,66.3,43,38.9,22.7,19.2,29.2,42.5,55.5,34.3,51.9,63.2,45.3,81.3,14.9,68.7,35.1,,35.2,48,42.1,25.6,30.9,9.4,19.8
20150402,7,CO,0.9,0.9,0.8,0.8,0.8,0.8,0.7,0.7,0.7,0.8,0.9,0.8,0.9,0.9,0.8,0.8,0.7,0.7,0.9,1.1,1.1,0.8,0.7,0.7,0.7,0.6,1.4,,0.9,0.8,0.9,0.9,0.8,1.1,0.7
20150402,8,SO2,2,2,2,2,2,2,4.6,6.5,2,3,2,2.6,2,2,2,3.3,2,2,2,2,2,2.9,2,16.3,2,2,2,,2,5.3,2,5.6,6,9,3.7
20150402,8,NO2,37.2,50.1,43.7,39.2,37,47.7,,15.1,14.5,47.3,18.8,26.4,28.2,41.3,49.6,63.5,44.6,66.6,23.8,26.9,12.1,21.8,30.4,11,56.6,11.4,26.3,,23.5,24.7,40.8,67.1,66.5,101.1,58.1
20150402,8,O3,28.1,24.4,25.3,40.2,39.2,27,22.4,50.5,62.7,26.4,52.2,53.5,42.3,39.6,23.5,13.8,20.7,10.8,52.7,43.5,46.5,55.6,35.4,74.2,24.9,62.6,44.2,,34.3,43.7,25,11.3,17.7,2,13.8
20150402,8,CO,0.9,0.9,0.9,0.9,0.8,0.9,0.7,0.7,0.7,0.9,0.9,0.9,0.9,0.8,0.8,1,1,0.9,0.8,0.8,1.2,0.8,0.8,0.8,0.7,0.5,0.9,,1,0.8,0.9,0.9,1,1.3,0.8
20150402,9,SO2,2,2,2,2,2,2,4.2,5.7,2,3.3,2,3.1,2,2.4,2,3.6,2,2,2,2,2,3,2,16.7,2,2,2,,2,5.3,2,6,6.5,8.3,3.8
20150402,9,NO2,37.4,50.2,44.8,49.4,42.8,43.7,,17.2,12.5,43.6,23.1,33.2,30.9,55.7,55.1,53.6,44,51.3,22.7,23.7,15.9,19.5,25.4,14.5,43.2,12.5,22.3,,34.5,21.2,37,72.3,68,106.9,52.7
20150402,9,O3,32.8,32.3,27.9,35.8,39.1,34.1,25.2,44.1,64,32.3,47.2,46.6,39.4,22.1,20.4,19.5,31.3,22.8,52,46.1,41.9,58,41.6,77,40.6,57.2,53,,20.8,50.8,33.5,14.2,21.4,2,20.8
20150402,9,CO,1,1,0.9,0.9,0.9,0.9,0.8,0.8,0.7,0.9,0.9,1,0.9,0.9,0.9,1,1.3,1,0.9,0.7,1.2,0.7,0.8,0.8,0.7,0.5,0.7,,1,0.7,0.9,0.9,1,1.4,0.9
20150402,10,SO2,2.5,4.4,2,2,2,2.3,5.1,6.1,2,4.4,2,3.4,2,2.3,2,4.1,2,2,2,2,2,3.1,2,11.6,2,2,2,,2,8.8,2,5.8,8.2,7.3,3.8
20150402,10,NO2,39.1,56,40,45.3,49.2,47.1,,23.7,11.2,40.9,23.2,30.1,30.1,56.2,45.6,46,32.3,42.5,18.9,19.4,,17.3,19.6,17.5,53.3,11.9,18.4,,34.8,24.4,46,68.6,66.8,99.5,47.2
20150402,10,O3,36.1,29.9,40.7,46.4,41,36.4,31.1,36.1,72.7,45.5,48.4,51.1,43.1,28.9,31.1,33.9,46.9,32.1,56.3,54.6,50.2,55.4,53.8,78.7,37.4,62.2,57.8,,28.1,53.9,31,22.5,26.3,5.7,30.6
20150402,10,CO,1.1,1.1,1,1,1,1,0.8,0.9,0.7,0.9,0.9,1,0.9,0.9,0.9,1,1,1.1,0.9,0.7,0.8,0.6,0.8,0.8,0.8,0.6,0.5,,0.9,0.7,1.1,1,1,1.4,0.8
20150402,11,SO2,4,2.4,2.8,2.4,2,4.2,6.7,4.8,2.1,6.8,2.1,3.8,2.9,4.5,2.4,5.6,2,2,2,2,2,3.6,2,5.6,2,2,2,,2,12.4,2,5.9,8.6,7.8,4.8
20150402,11,NO2,32,45.6,34.1,31.2,34.3,35.4,,,10.4,40.7,20.3,25.4,28.3,36.1,34.7,38.9,23.4,39.6,17.6,17,18.2,13.2,14.4,13.5,40,9.3,18.4,,37.5,24,36.4,55.1,62,95.7,47.5
20150402,11,O3,52.6,54.6,57.5,72.6,65.6,58.3,44,34.8,75.4,57.5,60.2,64,48.6,60.2,47.7,48.8,54.1,36.8,62.4,62.6,50.6,65.7,62.5,83.8,49.6,75.6,60.4,,30.8,61.9,55.9,44.5,40.1,17.1,43.1
20150402,11,CO,1,1,0.9,0.9,1,1,0.8,0.9,0.7,0.9,0.9,0.9,0.8,0.9,0.9,0.9,0.7,1,0.8,0.7,0.7,0.6,0.8,0.7,0.8,0.6,0.6,,0.9,0.7,1,1,1,1.3,0.9
20150402,12,SO2,3.8,2.2,2.1,2.5,2,4.9,6.5,,2,6.2,3.1,3.5,3.1,6.8,3.8,8.1,2,2,2,2,2,4.2,2,6.4,3.5,2,2,,5.8,17.2,2.3,6.8,9.7,,5.8
20150402,12,NO2,26.9,34.4,26.2,27.6,27.4,28.8,,15.9,8.8,36.4,15.3,20.2,21.5,30.8,30.7,31.8,21.5,26.1,14.5,,16,12.7,7.8,9.3,25,8.2,18,,22.6,16.1,28.8,43.6,49.7,,29.5
20150402,12,O3,65.2,74.1,68.7,78.1,77.3,71.3,47.8,53.2,81.1,61.7,70.9,74,63.4,73.3,62.1,58.6,54,56,71.4,57.2,54.1,74.7,82.1,94.9,,84.1,66.3,,62.4,82.4,68.3,57.4,49.9,,67.6
20150402,12,CO,0.9,0.9,0.8,0.8,0.9,0.9,0.7,0.8,0.6,0.9,0.8,0.8,0.7,0.8,0.8,0.8,0.7,0.9,0.8,,0.7,0.6,0.7,0.6,1,0.5,0.5,,0.9,0.7,0.9,0.9,0.9,,0.8
20150402,13,SO2,5,3,4.4,4.8,2,6.1,12.8,5.5,3.6,10.4,8.6,9.5,3.9,8.2,6.3,13.5,2.3,2.3,3.9,,2.6,6,3.5,8.2,2,2,2.4,,8.4,31.7,5.9,9.9,12.1,10.9,9.1
20150402,13,NO2,14.9,29.5,18.7,21.3,18.8,20.3,,12.5,8.8,20.5,12.4,16.8,13.8,22.5,23.6,30.8,17.9,21.5,10.1,,9.1,9.7,8.1,8.8,19.6,7.1,12.4,,15.9,14.7,25.6,39.4,42.9,77.7,26.7
20150402,13,O3,88.4,88.9,84.5,90.8,92.1,86.2,59.6,71.8,91.1,89.6,83,93,77.7,89.7,79.3,69.5,62.9,82.8,86.7,65.5,75.4,87.2,91.1,109,,93.6,77.4,,78.1,106.2,78.2,69.4,65.3,41.9,79.4
20150402,13,CO,0.7,0.7,0.7,0.7,0.7,0.7,0.6,0.7,0.6,0.7,0.7,0.7,0.7,0.6,0.7,0.8,0.7,0.7,0.7,1.6,0.6,0.6,0.7,0.6,1,0.5,0.4,,0.8,0.6,0.8,0.7,0.7,1,0.6
20150402,14,SO2,6.9,3.5,3.3,4.1,2,5.3,17.7,3.6,3.3,10.1,11.4,10.1,3.2,7.3,7.8,15.2,4.1,2,3.3,,3,7.9,4.1,7,2.4,2.5,6.2,,8,25.9,5.2,9.7,18.1,15.4,12
20150402,14,NO2,14.7,28,21.1,21.3,15.5,17.1,,13.2,8.8,21.4,11.7,15.5,19.4,21.7,19.1,28.1,14,15.1,10.1,7.9,6.9,9.1,11,9.8,16.7,6.6,11,,13.4,13.1,23.6,43.5,49.8,84.9,31.6
20150402,14,O3,95.7,99.9,91.9,101.2,102.4,99.4,66.1,85.7,105.6,99.7,95.9,105.9,81.2,102.2,92.2,76.6,76.6,94.5,96.4,89.7,88.5,98.3,500,120.2,103.8,102,90.4,,86.1,125.4,88.1,74.8,67.3,48.4,85.5
20150402,14,CO,0.7,0.7,0.6,0.7,0.7,0.6,0.6,0.7,0.6,0.6,0.7,0.6,0.6,0.6,0.6,0.7,0.6,0.7,0.7,1.3,0.5,0.5,0.7,0.6,0.9,0.5,0.4,,0.7,0.6,0.7,0.6,0.7,1,0.6
20150402,15,SO2,9.2,4.4,2,3.5,2,4.2,13.8,3.7,2.8,8.3,9.9,7.5,2.8,6,6.8,14.8,3.1,2,2.5,,3.6,7,5.6,8.9,7.5,2,6.5,,7.9,21.7,3.9,10.5,20.7,16.1,13.7
20150402,15,NO2,18,29.3,23.2,22.5,16.5,19.9,,15.9,9.9,22.7,11.4,17.4,20.8,23,21.5,34.3,13.3,14.3,11,7.5,8,10.1,10.3,12.2,19.7,6.5,10.9,,14.7,10.8,23.1,48.2,45.3,85.3,45.9
20150402,15,O3,98.3,105.6,100.3,107.2,112,100.3,75.8,82.7,108.1,109.1,106.4,109.7,86,111,97.3,82,88.5,93.7,99,103.8,95.6,104.6,93.9,119.3,99.9,106.4,104.7,,93.3,129.4,96.2,79.8,76.6,54.2,72.9
20150402,15,CO,0.7,0.7,0.6,0.7,0.6,0.6,0.6,0.6,0.6,0.6,0.6,0.7,0.7,0.6,0.5,0.6,0.5,0.7,0.7,1.1,0.5,0.5,0.7,0.7,0.9,0.5,0.4,,0.6,0.6,0.7,0.7,0.6,1,0.7
20150402,16,SO2,8.7,3.8,2,2.3,2,4.4,11.7,4.4,2.6,7,8,6.4,2.4,5.9,5.6,13.9,3.4,4.1,2,3.6,2.8,5.7,6.9,12.9,8.9,2,6.2,,6.5,20.4,2,8.2,11,16.3,16.4
20150402,16,NO2,15.2,28.5,19.6,21.2,16.5,21.5,,16.7,11.6,27.5,19.4,18.5,24.9,24,24,31.1,14.7,15.5,13.4,8.8,8.3,11.2,12.9,12.3,26.2,6.4,9,,12.8,9.7,29.1,41.5,40.3,91.2,32.6
20150402,16,O3,103.4,113.5,105.1,113.6,114.7,104.4,74.4,80,104.4,107.3,103.2,110.7,88.6,114.1,96.9,91.1,95.1,92.6,95.8,108.2,101,107.2,84.8,116.8,87.2,109,115.7,,101.3,117.6,102.7,88.8,81.5,50.8,94.9
20150402,16,CO,0.7,0.7,0.6,0.7,0.7,0.7,0.6,0.6,0.6,0.7,0.7,0.6,0.7,0.6,0.6,0.6,0.5,0.8,0.7,1,0.5,0.5,0.8,0.7,0.9,0.5,0.3,,0.6,0.6,0.7,0.7,0.7,1,0.6
20150402,17,SO2,7.9,4.3,3.2,2.7,3.1,5.4,12.3,6.3,3.2,6.9,4.7,6.1,2.6,6.5,5.2,12.2,3,4.7,2.2,2.2,2,4.8,7.3,11.6,10.3,2,4.3,,5.1,17.2,2.3,8.4,11.1,15.5,13.8
20150402,17,NO2,21.7,40.8,26.9,27.4,24.3,23.8,,15.8,11,36.1,22.6,29.8,25.9,24.7,29.4,32.6,16.1,23.3,23.7,9.9,9.2,10.6,24.2,11.4,24.1,6.5,8.7,,10.8,8.7,32,56.1,49,121.9,32.9
20150402,17,O3,95,90.3,90.8,101,100.5,98.7,63.4,70.6,94.1,94.9,107.2,101.3,108.2,113.2,93.4,92,98.2,78.1,86.3,108.1,100.8,107.5,72.1,110,82.6,107.1,118.2,,108.6,119.9,90.1,67.7,67.4,28.2,89.3
20150402,17,CO,0.8,0.8,0.7,0.7,0.8,0.7,0.7,0.6,0.6,0.7,0.7,0.7,0.7,0.6,0.6,0.5,0.5,0.8,0.7,0.9,0.5,0.5,0.9,0.7,0.8,0.4,0.3,,0.6,0.6,0.8,0.7,0.7,1.2,0.7
20150402,18,SO2,9.3,3.5,3,2.5,2.8,5,11,4.9,3.1,6.1,4,4.8,2,6.5,3.8,9.2,3.2,5.5,2.8,2,2,4.6,8.8,10.7,9.9,2,3.2,16.2,3.2,16.2,4,7.3,13.9,13.6,11.4
20150402,18,NO2,32.5,42.5,30.1,46.9,22.1,30.7,,12.9,9.3,57.5,24.5,39.8,31.8,26.9,33.5,58.3,20.5,33.6,46.8,12,13.7,13.2,12.3,12.7,34.3,6.6,9,,11.8,11.4,71,55.5,44.8,140.1,51.5
20150402,18,O3,67.5,73.7,71.2,80.7,82.8,76.4,49.7,66.8,84.5,75.8,102.8,93.3,88.2,112.9,83.2,64.1,90.2,60.2,61.9,100.7,92.8,100.9,81.1,101.5,67.6,106.5,114.3,70.5,113.3,118.4,55.5,64.9,58.2,20.5,59.4
20150402,18,CO,0.9,0.8,0.7,0.8,0.7,0.7,0.6,0.6,0.5,0.8,0.8,0.9,0.8,0.6,0.6,0.6,0.5,0.8,0.8,0.9,0.5,0.5,0.7,0.7,0.9,0.4,0.3,0.7,0.6,0.5,0.9,0.8,0.7,1.2,0.8
20150402,19,SO2,7.7,3.6,2,2.4,2,4.3,8.8,4.7,2.6,5.8,3.1,4.5,2,4.9,2.3,7.1,3,4.7,2.3,2,2,4.1,4.7,10,12.7,2,2.5,15.8,2,11.9,2.7,7.1,12.8,12.9,9.1
20150402,19,NO2,18.4,30.8,20.4,31.3,22.5,31.1,,13.4,8.7,57.6,22.1,25.8,41.2,27.8,42.3,67.4,23,34.9,16.4,14.6,17.3,15.8,6,14.3,32.5,9,9.7,,14.6,12.1,25.3,41.2,34.2,115.6,21.4
20150402,19,O3,70,78.4,76.8,75.5,81.9,68.8,50.7,71.7,89,65.7,93.9,82.8,74,103.2,75.9,52.5,81.9,57.5,71.5,92.8,83.9,94.3,92.5,98.6,66.5,101.5,98.1,46.8,86.6,109.1,75.8,61.9,64.4,19.7,77.9
20150402,19,CO,0.6,0.6,0.6,0.6,0.6,0.6,0.5,0.5,0.4,0.8,0.7,0.6,0.7,0.7,0.7,0.7,0.5,0.7,0.6,0.9,0.5,0.5,0.5,0.6,0.8,0.4,0.3,0.7,0.6,0.5,0.6,0.6,0.6,1.1,0.5
20150402,20,SO2,6.8,2.5,2,2,2,4.1,7.7,3.5,2,5.2,2.7,3.5,2,4.2,2,10.6,2.6,3.7,2,2,2,4.6,3.8,11.2,7.6,2,2,16.3,2,9.5,2,6.2,7,12.7,8.6
20150402,20,NO2,18.9,28.4,20,26,26.5,34.1,,10.7,6.8,57.6,31.6,16.6,43.2,32.4,58.1,46.6,40.3,31.6,14.2,19.7,15.4,15,4.9,14.2,24.3,9.4,10.5,,23.8,15.8,27,26.6,37.9,78.7,22.7
20150402,20,O3,71.6,82.2,81,79.1,79.5,66.6,58.3,77.2,96.6,51,76.8,90.5,66.9,88.1,53.7,49.8,53.5,65.3,82,78.1,83.8,91.3,101.9,100.6,87.2,96.2,83.3,54.4,51.2,94.2,76.5,71.5,63,38.5,76.9
20150402,20,CO,0.6,0.5,0.5,0.5,0.6,0.6,0.4,0.4,0.3,0.8,0.7,0.4,0.7,0.7,0.8,0.7,0.6,0.6,0.4,0.9,0.5,0.5,0.4,0.6,0.5,0.4,0.3,0.7,0.7,0.6,0.5,0.5,0.4,0.7,0.5
20150402,21,SO2,5.5,2,2,2,2,3.3,6.8,2,2,5.6,3.6,3.3,2,3.4,2,10.2,2.6,3,2,2,2,4.4,2.9,8.4,8.1,2,2,14.9,2,7.8,2,4.2,11.4,10,7.9
20150402,21,NO2,20.4,31.6,21.3,21,21.7,29.8,,9.8,6.6,54.4,19.8,11.4,41.6,41.7,49.1,32,49.5,34.8,8.6,18.6,13.1,18.6,4,9.6,34.8,9.3,13.8,,22.7,20.4,25.9,24.6,42.6,81.4,19.9
20150402,21,O3,74.4,81.3,83.4,92.1,91.8,75.2,62.2,82.7,101,57.5,84.5,106.2,65.3,69.8,57.3,67.3,40.2,68.9,98.5,75.3,83.2,82.8,105.6,118.5,78.6,93.4,74.4,74.6,41.6,74,81.3,76.8,61.1,43.5,84.7
20150402,21,CO,0.5,0.5,0.5,0.4,0.5,0.5,0.4,0.4,0.3,0.6,0.6,0.4,0.8,0.8,0.8,0.5,0.8,0.5,0.4,0.9,0.5,0.5,0.4,0.4,0.5,0.4,0.3,0.7,0.7,0.7,0.5,0.4,0.5,0.6,0.4
20150402,22,SO2,5.1,2,2,2,2,2.6,6.7,2.6,2,5.5,3.7,3,2,5.1,2,8.3,2.1,3.5,2,2,2,4.5,3.5,8.9,7.5,2,2,13.9,2,5.9,2,5,10.2,8.8,7.1
20150402,22,NO2,18.5,30,20.3,22.9,20.8,27.6,,9.5,6.4,34.4,16.8,12.4,37.7,40.1,43,24.7,48.2,39.9,7.5,18.2,15.7,15.2,6.8,10.5,27,12.5,28.7,,17.6,24.8,24.3,25,43.7,73.7,18.9
20150402,22,O3,79.5,88,88,91.4,95.5,81.5,67.4,84.4,102.8,80.1,89.2,106.7,68.8,74,55.9,83.7,37.3,64.3,101,71.8,76.8,84.8,98.8,117.1,90.6,77.3,41.9,64.9,38.3,58.2,86.7,78.3,64.6,49.3,90.4
20150402,22,CO,0.5,0.5,0.4,0.4,0.4,0.5,0.4,0.4,0.3,0.5,0.5,0.4,0.8,0.8,0.7,0.4,0.7,0.5,0.4,0.9,0.5,0.5,0.5,0.4,0.5,0.4,0.6,0.8,0.7,0.7,0.4,0.4,0.5,0.6,0.4
20150402,23,SO2,4.5,2,2,2,2,2.6,6.6,2,2,5.3,4.1,2.9,2,5.3,3.1,6.9,2,2.8,2,2,2,4.2,3.5,7.8,7.4,2,2.7,13.6,2,5.3,2,3.7,8.4,7.7,6.6
20150402,23,NO2,18.5,25.9,20.8,22.2,20.4,26.5,,8,6.4,33.1,8.4,14.4,35.6,25.5,40.6,31,34.1,42.5,6.7,24.6,12.5,15,6.6,10.4,23,12.9,22.4,,22.7,26.1,21.4,23.7,35.8,68.6,18.2
20150402,23,O3,80,94.2,88,91.3,96.9,83.1,66.9,84.5,103.6,82.5,100.4,103.5,61.2,90.7,59.2,85.5,52,59,100.3,50.3,79.9,84,101.4,118.1,92.7,65.3,53.6,62.3,27.4,39.9,89.6,79.7,72,51.5,92.5
20150402,23,CO,0.5,0.4,0.4,0.4,0.5,0.5,0.4,0.4,0.3,0.5,0.4,0.4,0.9,0.7,0.5,0.4,0.5,0.5,0.4,1,0.4,0.5,0.5,0.4,0.5,0.4,0.5,0.7,0.7,0.7,0.4,0.4,0.4,0.6,0.4
