date,hour,type,dongsi,tiantan,guanyuan,wanshouxigong,aotizhongxing,nongzhanguan,wanliu,beibuxingqu,zhiwuyuan,fentaihuayuan,yungang,gucheng,fangshan,daxing,yizhuang,tongzhou,shunyi,changping,mengtougou,pinggu,huairou,miyun,yanqing,dingling,badaling,miyunshuiku,donggaocun,yongledian,yufa,liulihe,qianmeng,yongdingmengxi,xizhimengbei,nansanhuan,dongsihuan
20150414,0,PM2.5,66.4,62.8,64.2,43.2,61.5,63.5,67.1,72.1,46.3,68.7,71.2,65.3,69.7,71.4,81.2,68.6,57.7,44.9,54,80.2,40.3,58.6,54.6,37.3,24.1,32.3,70.8,71.1,73,83.4,72.9,63.3,67.1,77.9,63.5
20150414,0,PM10,90.4,77.5,80.2,93.3,112.1,65.3,102.8,125.4,,97.4,114.8,110,99.7,,91.1,90.6,77.2,,71.9,,42.5,70.2,61.1,,28.9,,,,94.4,,84,83,100.9,102.6,
20150414,0,AQI,52,52,47,52,55,44,48,51,37,57,44,55,44,45,57,52,59,46,51,46,38,43,37,37,33,28,51,50,67,54,47,49,51,92,45
20150414,1,PM2.5,65.1,64.9,65.8,62.4,66,66.1,69.7,63.5,34.1,88.4,71.7,55.5,73.9,70.2,74.9,72.1,63,38.7,57.5,54.1,41.9,60.6,47.2,28.7,25.1,39.5,72.3,76.2,71.6,86.9,66.1,67.9,66.5,77.3,66.7
20150414,1,PM10,107.3,73.2,89.5,83.9,118.3,68.6,108.9,96.4,,125.8,123.5,81.1,102.1,,83.1,88.4,81.8,54.6,102.8,,45.4,72.8,53.4,,35,,,,94,,86.4,91.6,106.6,101.5,75
20150414,1,AQI,54,52,50,53,59,47,51,54,38,60,48,55,47,49,58,54,57,47,53,48,40,42,38,37,36,30,54,54,70,58,51,51,53,96,49
20150414,2,PM2.5,67.4,64.6,70.9,66.7,70.8,69.7,72.6,56.9,39.5,96.2,83.3,47.7,83,75.3,79.4,81.6,72.7,43.5,55.9,52.4,43.2,53.3,47.6,28.2,25.6,28.5,74.4,76.2,68.6,94,73.4,74.2,73.2,73.8,73.2
20150414,2,PM10,102.3,67,90.2,82,136.7,73.7,112.6,78.2,,109.3,117.4,97.4,109.2,,85.7,102.7,87.4,60,90.7,,,56.7,,,37,31.9,,,89.8,,92.1,109.4,125,113.3,145.2
20150414,2,AQI,57,54,53,55,59,53,54,55,40,56,52,56,51,53,59,56,51,48,54,51,43,45,40,37,33,31,56,57,73,62,53,53,57,99,53
20150414,3,PM2.5,74.1,64.8,74,72.9,67.1,66.9,71.4,52.2,37,81,71.7,49.5,85.3,81.5,79.7,92.3,78,48.2,44.8,57.1,38,43.2,45.6,19,32,36,76.1,82.4,72.5,95.9,66.1,76.8,80.5,78.7,87
20150414,3,PM10,102.7,68.2,95.1,88.1,134.4,70.1,118.4,66.4,26.3,94.1,114.2,88.3,121.1,74.7,90.7,131.5,101.8,54.8,33.3,,34.2,,46.3,20.6,48.2,14,,99.1,90,,88.1,88.7,146.1,126.3,172.1
20150414,3,AQI,58,55,56,57,61,54,56,55,41,58,53,57,55,56,62,58,51,49,53,53,44,47,42,37,33,33,59,60,76,66,55,55,58,100,59
20150414,4,PM2.5,72,67.3,86.5,71,68.8,70.6,56.4,58.4,33.8,85.6,72.8,58.7,88.4,85.2,81.5,90.1,75.8,46.3,37.3,65.1,37.7,44,42.1,25.9,45.9,37.8,73.7,78.4,77.3,98,74.8,74.8,79.8,85.3,91.5
20150414,4,PM10,105.9,68.5,105,85.1,90.7,71.9,133.4,83.4,,88.6,86.6,110.1,131.6,97.5,89,135.2,83.6,72.2,55.9,,,,,,76.4,,,,88.9,,86.2,81.2,161.5,117.1,186.3
20150414,4,AQI,60,55,60,57,62,56,59,55,43,62,56,58,59,59,65,61,54,51,54,55,46,49,44,38,35,34,62,64,79,69,57,55,61,103,63
20150414,5,PM2.5,84.9,65.8,74.9,65.4,76.8,72.2,68,61.5,38.3,89.9,40.7,56.3,88.7,89.1,81,118.5,55.2,53.8,36,54.5,39.8,41,37.7,25.3,38.7,40.6,72.6,76.1,77.7,98.5,75.9,70.5,86.7,82.2,103.4
20150414,5,PM10,131.6,,96,80,127.3,76,143.3,102.2,,130.7,63.1,93.9,151,126,89.9,,,114,47.9,,,,,26.9,78.9,,,,90.5,,99.2,81.9,152.1,101.5,220.1
20150414,5,AQI,62,58,63,58,63,59,61,57,45,66,57,59,63,63,69,67,56,53,54,57,47,51,45,39,37,36,64,67,83,73,61,58,63,107,67
20150414,6,PM2.5,81.7,66.1,78.6,72.3,84.7,77.6,75.8,59.4,36.4,92.5,52.9,54.5,77.5,88.7,80.8,120.2,45.6,54.9,33.8,63.8,42,39.7,37.4,30.5,32.2,38.9,70.6,87.3,80.4,107.8,75,74.7,84.7,82.8,99.4
20150414,6,PM10,145.3,68.4,109.7,93,111.8,111.8,131.7,95.3,40.4,142.8,77.3,82.4,169.6,126.4,92.4,176,45.8,79.6,70.1,,45.1,41.2,44.3,37.1,79.4,,,96.2,85.4,,96.8,111.2,138.8,103.8,208.7
20150414,6,AQI,64,61,66,62,64,62,62,59,46,70,59,59,66,67,72,72,58,54,54,60,49,52,47,40,39,38,67,71,86,78,64,61,65,110,73
20150414,7,PM2.5,86.6,67.6,82.9,85.9,81.2,82.9,75.4,46.8,47.6,95.2,55.2,53.7,82,108.4,103,104.6,44.5,50.8,41.1,60.7,52.6,41.9,37.4,30.1,38.4,35,67.4,93.1,73.3,108.5,77.9,80,82.5,89.3,102.9
20150414,7,PM10,136.3,92.3,117.3,152,96.2,137.3,129.9,98.7,70.8,230.8,96.8,92.6,146.4,174.2,194.3,153.5,46.4,97.1,80.7,,61.9,61.6,65.4,34.7,82.5,,,119.9,98.5,165.4,92.5,89.3,111.4,140.9,149
20150414,7,AQI,68,64,70,67,65,66,65,61,48,74,61,61,69,72,76,77,59,56,56,62,51,54,48,40,42,39,69,75,89,82,67,65,67,112,77
20150414,8,PM2.5,64.2,82.5,86.1,87,55.5,70.2,84.4,69,53.9,94.5,72.8,66.3,83.7,124.1,111.2,83.8,42.9,59.3,45.3,61.4,48.6,46.2,58.7,33.7,37.9,39.2,60.1,109.1,85.1,144.3,68.5,70.9,67.3,80.3,80
20150414,8,PM10,102.8,114.3,100.9,,59.1,,129.4,121.2,85.6,124.6,117.4,128.4,157.6,169.4,114.6,91,50.9,119.4,86.9,,67.9,63.1,86.2,39,82.9,,70.9,143.6,118.5,,74.2,106.3,84.4,124.7,117
20150414,8,AQI,70,67,73,71,66,68,68,63,50,78,64,62,73,78,81,80,61,60,57,64,53,55,50,42,44,41,71,80,93,88,69,68,70,112,80
20150414,9,PM2.5,57.8,68.1,86.6,70.5,53.8,66.4,73.4,84.2,65.2,100.5,67.4,108.2,85.8,114.6,90.5,73,45.4,63.2,55.8,70.1,43.7,40,52.1,29.2,37.5,35.3,60.7,103.8,85.8,101.8,69,57.4,52.9,81.9,64.6
20150414,9,PM10,72.4,84.1,,100.5,74.4,77.2,90.2,123.4,101,121.8,109.5,135.8,152,158,101.7,80.1,54.9,117.1,103.1,,55,58.3,73,43.9,75.8,,,134.7,173.1,,,59.6,56.4,136,76.3
20150414,9,AQI,72,70,77,74,68,71,71,67,53,83,67,67,76,83,84,83,62,61,59,67,53,57,52,42,46,43,72,85,96,92,72,70,71,111,81
20150414,10,PM2.5,54.2,61.2,56.7,60.5,58.9,45.5,56.1,75.5,68.6,80.7,69.8,86.4,83,123.9,66.2,62.5,41.6,53.1,56,72.7,37.7,46.4,47.4,27,31.2,33.7,78.7,77.8,84.6,94.6,69.8,53,57.1,77.2,70.6
20150414,10,PM10,87.1,76.4,,61.4,,73,92.3,85,102.4,,103.3,140.5,116.4,,,67.9,,,89.8,,54.9,,52.7,43.5,71.4,,95.8,89.4,126.8,,,,,98.3,
20150414,10,AQI,74,72,79,76,70,72,73,70,55,85,69,71,80,88,87,85,63,61,61,70,54,58,53,42,48,44,75,88,99,96,75,72,73,111,81
20150414,11,PM2.5,48.8,51.2,73.5,47.2,53.2,63.9,70.5,60.2,59.6,77.5,62.3,72.8,73.9,73.9,52.4,49,38.7,24,68.4,27.7,38.6,31.6,44.6,19.8,35.6,12.4,60.5,65,67.7,88.2,45.7,52.6,63,,62.3
20150414,11,PM10,66.6,69.3,,,,,87.2,71,71.6,,108.4,83.2,108.7,80.2,,,46.9,25.8,111.9,,47.9,,61,29.6,69.1,,,,80.8,,56,,67.6,,103
20150414,11,AQI,75,74,81,78,72,75,75,72,57,88,72,73,82,90,88,86,64,61,63,70,55,60,54,42,50,44,76,90,101,99,76,74,75,112,83
20150414,12,PM2.5,52.7,56.1,58.1,49.1,45.5,88.5,65.6,62.1,59.8,77.8,62.8,66.3,63.4,83.7,,58.9,37.3,30.1,59.6,14.9,31.6,20.6,28.3,25.5,28.9,18.2,35,52.9,70.2,73,72.8,47.4,61.5,,53.8
20150414,12,PM10,83.4,74.8,66.1,87.3,,,74.9,,82.2,83.8,83,93.3,72.7,95.9,,,39.5,31.9,,,37,,45.8,26.7,69.3,,,61.8,116.8,,,48.3,65.1,62.8,59.8
20150414,12,AQI,76,74,82,79,73,79,77,73,59,91,74,75,84,93,90,88,65,60,65,69,56,60,54,42,51,44,77,91,103,101,78,74,77,111,84
20150414,13,PM2.5,58.5,64.3,66.3,69.9,52.7,64.6,55.3,38.1,65.3,67.2,37.8,58.9,50.5,66.1,,57.2,42.7,10.9,49.8,17.5,37.6,19.1,41.1,3,34.3,3,29.9,61.4,36.6,36.6,75.6,62.5,,70.5,56.6
20150414,13,PM10,109.3,99,82.7,141.6,61,65.4,84.3,55.5,81.2,,60.6,69.5,63.1,,,,50.7,38.2,,,53.7,,58.6,,58.6,28.2,,73.9,47.8,,109.4,110.7,,119.2,64.9
20150414,13,AQI,78,74,84,82,74,81,78,74,61,93,75,77,86,95,92,90,66,60,66,69,57,60,54,41,51,43,77,93,104,102,81,76,78,108,85
20150414,14,PM2.5,65.7,64.2,51.6,51.7,52.7,73,62,49.5,60.3,57.1,55.3,46.4,44.8,56.3,45.9,51.8,41.4,33.6,49.8,12.3,43.4,25.8,26.8,4.5,19.7,6.1,18.7,66.1,48,63.4,75.5,57.4,27.9,68.1,65.7
20150414,14,PM10,102,81.6,64.7,59.2,108,94.6,65.4,80.4,,,63.4,55.7,60.8,,78.6,93.6,51.9,80.6,66.3,,65,37,44.6,,40.2,,,78.9,58.9,,,70.1,71.5,,80.6
20150414,14,AQI,79,77,83,84,75,82,80,75,63,94,76,78,87,96,93,90,66,61,67,68,57,60,54,40,51,42,76,94,105,102,84,77,77,106,87
20150414,15,PM2.5,53.4,50.6,40.3,44.8,45.9,40.2,49.8,38.7,47,56.1,28.8,43,36.4,51.8,66.8,83.7,36.6,37.7,44.9,15.8,39.2,35.3,28.7,32.8,19.1,27,17.6,59.7,41.1,59.4,64.5,48.8,60.6,51.9,73.6
20150414,15,PM10,84.4,59.4,62.6,74.9,63.3,57.3,60,66,47.4,78.4,52.3,56.8,56.1,70.7,,123.7,63.1,83.6,63,,49.7,47.3,36.4,58.7,40.7,32.8,27.9,60.5,60.7,,71.1,59.4,88.4,79.4,82.4
20150414,15,AQI,81,78,83,83,76,82,80,76,64,95,76,78,87,98,95,93,67,61,68,68,58,60,54,40,52,45,75,94,103,103,86,78,79,104,89
20150414,16,PM2.5,48.9,44,46,52.2,49.6,56.3,43.3,32.2,34.8,48.1,43.6,40.3,32.4,54.5,40.2,59.3,52.6,,42.5,25.7,36.6,48.3,21.5,40.6,22.4,33.8,29.9,61.5,40.3,55,62.6,45.1,74.1,,57.6
20150414,16,PM10,86.9,66.8,55.5,98.9,98.4,61.3,63.6,62.3,53.1,87,62,66.7,76.8,82.7,63,72.8,88.8,,80.3,,78.4,56.5,45.2,86.8,40,56.3,41.9,,61.6,,78.1,70.7,77.7,,
20150414,16,AQI,81,78,84,85,77,83,81,76,64,96,76,78,86,99,95,94,68,61,68,68,58,62,54,43,51,49,76,95,102,104,87,79,82,,90
20150414,17,PM2.5,49.1,49.1,41.3,48.8,49.7,65.4,36.6,34.6,38.5,48.2,30.2,37.7,43.3,52.5,35.2,60.6,50.3,,37.1,30.5,64.6,45.7,21.6,39.7,22.5,41.3,39.7,47,46.5,54.8,53.8,47.2,63.5,,52.1
20150414,17,PM10,112.7,76.7,66.7,106.3,118.4,77.7,74.7,74.3,53.9,,80.6,80.3,89.2,,53,80.4,89.3,,81.3,,103.6,80.8,46.1,77.5,48,49,47.8,,81.6,,92.4,97.5,82.8,,
20150414,17,AQI,82,79,84,88,78,84,81,76,65,96,76,78,86,100,94,95,69,62,68,68,60,63,54,47,52,46,76,95,99,105,88,79,83,,91
20150414,18,PM2.5,55.1,50,42.6,58,39.7,66.4,40.7,37,41,55.8,51.6,49.2,39.9,52.5,37.8,38.6,47.6,28.1,48.4,52.4,52,63.4,24.5,39.8,27.1,51.5,64.9,55.8,44.7,51.3,61.7,56,48.1,,54.4
20150414,18,PM10,128.5,93.9,88.6,127.4,84.2,74.8,102.9,86.8,73.1,99.8,105.7,100.6,82.3,61.8,41.7,92.9,100.9,94.1,78.7,,98.1,99.9,52,73.6,52.4,104.2,110.6,89.7,80.9,,104.3,104.5,123.4,,94.4
20150414,18,AQI,83,80,85,87,78,86,81,76,65,97,77,79,87,101,94,95,69,63,68,69,61,64,54,49,52,50,77,95,94,106,88,80,84,,92
20150414,19,PM2.5,57.8,47.6,51.3,45.2,54.4,67,34.6,44.6,38.5,48.7,24.7,39.4,40.1,33,37.1,49.1,52.3,49.7,48,50.6,51.2,59.9,24.6,40.4,34.6,55.6,55.5,53.2,34,53.5,58.8,47,53.3,,52.6
20150414,19,PM10,130.6,82.9,81.6,86.1,117.4,72.9,87,103.9,66.8,103.6,81,90.4,83.4,,91.6,109.6,94.8,125.9,86.8,,99.1,111,54.9,92.1,80.8,95,61.9,61.6,77.9,,90.9,65.6,108.2,,135.1
20150414,19,AQI,84,80,84,87,79,87,81,77,65,97,76,79,87,100,93,95,70,64,68,70,62,65,54,50,62,53,78,96,90,106,89,81,85,,92
20150414,20,PM2.5,46.2,43.9,43,45.3,46.6,48.2,34.5,41.2,28.7,63,43,43.5,36.5,45.2,54.9,43.9,58.6,55.3,39.7,60.2,55.7,61,29.4,41.6,37,51.5,64.7,48.4,38.5,68.2,55.7,45.5,44.7,,48.6
20150414,20,PM10,104.1,70.2,76.5,109.9,115.1,70.3,89.4,101,61.6,133.5,90.9,100.8,91.4,97.2,131.1,102.3,90.9,117.7,83.9,,107.4,106.2,51.4,92.8,77.8,73.4,78.8,72.6,83.9,77,94.6,94.2,114.8,,81
20150414,20,AQI,84,80,84,87,79,87,81,77,64,98,76,79,86,100,93,95,71,66,68,70,62,66,54,51,54,54,78,96,87,107,89,81,85,,92
20150414,21,PM2.5,50.7,50.6,45.2,56.6,45.8,58,35.3,60.6,23.3,64.3,36.3,46.8,44.9,58.3,70.8,55.8,47.3,46.6,46.8,71.9,83,56.8,55,39.3,40.9,45.2,53.9,42.4,41.8,79.5,56.8,55.4,52.1,,53.3
20150414,21,PM10,135.9,85.7,103.9,124.4,116.2,86.1,70.9,124.6,72.5,113.8,118.2,125.1,103.3,91.3,113.1,116.1,81.7,106.3,145.1,,154.4,86.1,79.2,80.5,72.7,68.1,,64.8,92.1,,115.5,113.3,127.8,,
20150414,21,AQI,84,81,84,82,79,88,80,78,63,99,76,78,86,100,94,95,71,66,68,70,64,66,56,52,55,55,78,95,85,108,89,82,85,,92
20150414,22,PM2.5,52.6,57,47.5,55.2,48.2,54,45.5,58.6,32.2,61,61.2,56.3,58.4,55.6,68.2,49.9,55.1,42.6,54.7,102.8,94.8,52.2,50.9,49.6,35.8,43.4,47.7,55.1,52.5,80.8,60.7,58.8,42.8,,50.2
20150414,22,PM10,115,91.2,86.8,107.1,136.4,73.6,67.9,141.7,61.4,91.2,120.4,138,101.1,82.1,106.4,109.9,100.5,88.2,155,,171.4,83.8,92,82.2,62.5,74.2,54.1,82.9,110.3,83,106.7,105.2,108.6,,115.7
20150414,22,AQI,83,81,84,82,79,88,80,76,63,99,76,78,86,100,93,95,71,67,70,72,66,64,56,53,55,56,77,94,84,109,90,82,85,,92
20150414,23,PM2.5,57.8,55.9,48.6,63.2,53.7,57.9,56.1,59.4,40.8,64.4,50.2,60.7,61.5,59.7,62.8,59.3,69.9,60.1,61.1,85.9,70.5,57.3,54.7,42.8,37.5,46.4,53.5,63.7,66.2,90.4,69,61,60.7,,53
20150414,23,PM10,127.7,94.3,89.3,126.4,148.1,84.4,113.5,149,57.5,140.8,126.4,171.8,122.7,81.4,97.6,91.8,110.5,106.4,166.7,,115.7,101,96.2,76.7,66.5,59.6,68.1,93.8,135.8,,120,123.3,126.6,,61
20150414,23,AQI,83,81,84,82,79,88,80,75,62,98,75,78,86,99,92,94,72,67,71,72,67,64,57,54,56,56,77,93,84,109,90,82,86,,92
20150414,0,SO2,2,2,2,2.5,3,4,6.1,5.7,2,2.1,2.6,3.6,3.7,7,3.2,6.4,3,2,2.2,2.5,2,3.9,2.7,2,7.9,2,4.9,13.9,2.9,5.2,3,4.5,6.2,7.7,3.7
20150414,0,NO2,47.3,52.3,63.2,60.2,100,63.6,,89.3,25.1,112.2,68.5,106.1,52.1,36.6,59.4,64.2,118,34.3,61.5,48.3,22,86,53,15.4,33.2,18.3,27.8,,43.2,29.8,79.8,70.2,101,128.5,83.5
20150414,0,O3,50.5,53,56.1,50.4,20.9,61.5,16,2,58.3,11.1,33.9,2,46.8,75.6,39.5,45.9,2,65,13,38.5,68.9,17,19.4,63.6,105.4,83.7,100,73,55.3,66.6,32.6,39.7,28.9,13,40.7
20150414,0,CO,0.7,0.6,0.6,0.2,0.7,0.7,0.6,1.2,0.4,0.8,0.7,0.9,0.6,0.5,0.7,0.5,0.7,0.6,0.7,0.8,0.6,0.7,1,0.4,0.4,0.4,0.4,0.5,0.8,0.5,0.7,0.5,0.8,0.8,0.6
20150414,1,SO2,2,2,2,2,3,3.2,5.6,6.5,2,2,2.3,5,3.9,6,3.6,6.8,2.4,2,2.3,2.1,,3.3,2.3,2,9.6,2,3.5,12.7,2.9,4.2,2.1,4,6.5,5.8,3.9
20150414,1,NO2,50.7,55.3,88.8,71.9,117.3,76.4,,82.6,21,118.2,87.5,87,44.9,44.5,55.4,73,113.4,33.9,68.4,26,19.6,73.8,45.7,12.6,15.8,20.8,29,,39.9,32.1,90,87.7,105.8,120.2,70.5
20150414,1,O3,39.5,28.9,23.1,28.6,3.1,41.2,2,2,56.8,2,12.3,2,46.1,55.2,36.6,32.7,2,54.4,6.1,53.6,65.9,12.9,15.8,70.4,112.6,70.4,82.7,60.9,50,51.5,13.6,9.3,18.8,5.5,34.8
20150414,1,CO,0.7,0.6,0.7,0.2,0.8,0.8,0.7,1,0.4,0.9,0.7,0.9,0.6,0.6,0.7,0.6,0.7,0.6,0.8,0.6,0.6,0.7,0.8,0.4,0.4,0.4,0.4,0.6,0.7,0.6,0.8,0.6,0.7,0.7,0.6
20150414,2,SO2,2,2,2.3,2,2.8,2,5.5,6.4,2,2,2,4,3.5,3.6,2.1,5.3,2,2,2,2,,2.9,2,2,9,2,2.5,11.8,2.4,3.2,2.6,6,2.8,8.7,6.7
20150414,2,NO2,60.3,54.7,97.4,87.4,114.6,106,,71.5,20.7,108.2,73.5,81.5,57.3,66.9,68.3,91.8,101.3,46.1,67,26.5,14.1,56,35.4,12,14.9,17.3,24.2,,37.6,35.1,101.6,93.7,113.9,140,86.5
20150414,2,O3,25.2,8,8.5,5.6,2,9.9,2,2,56.4,2,18.9,2,27.8,27.8,19.2,3.7,2,35.3,2,48.8,64.2,20.6,17.1,68,104.3,72.6,71.6,41.7,49.4,43.2,2,2,7.4,2,6.7
20150414,2,CO,0.7,0.7,0.7,0.3,0.8,0.9,0.7,1,0.4,0.9,0.8,1.1,0.7,0.6,0.7,0.7,0.8,0.6,0.8,0.6,,0.7,0.7,0.4,0.4,0.4,0.4,0.6,0.7,0.6,1,0.8,1,0.9,0.8
20150414,3,SO2,2.9,2,2,2,2,2,6.7,5.9,2,2,2,3.1,3.2,2.9,2,7.7,2,2,2,2,2,2.7,2,2,25.6,2,2.2,12.1,2,2.5,2.5,8,2,9.1,16.8
20150414,3,NO2,71.1,59.6,98.1,89.9,103.9,106.2,,60.7,19.6,87.9,72.7,78.7,69.5,66.2,83.1,110.6,98.7,46.1,50.6,32.3,13.9,47.8,41.9,15.3,22.1,19.3,24.7,,38.3,67.4,95.4,108.2,115.6,138.3,91.3
20150414,3,O3,13,4.4,3.3,2,2,3.3,2,2,54.8,2,12.9,2,12,29,2,2,2,28.7,2,43.5,,26.6,5.4,56.6,91.6,65.6,73.2,14.3,43.5,11.1,2,2,3.9,2,2
20150414,3,CO,0.8,0.7,0.8,0.8,0.8,0.8,0.8,0.9,0.4,0.8,0.8,0.7,0.7,0.6,0.7,1,0.8,0.9,0.1,0.7,,0.6,0.7,0.4,0.6,0.4,0.4,0.6,0.7,0.6,1.1,1.3,1.6,0.9,1.1
20150414,4,SO2,2,2,2,2,2.5,2,8,4.7,2,2,2,3.5,2.6,2.6,2,7.6,2,2.1,2,2,2,2.8,2,2,56.1,2,2.2,10.5,2,3.1,2.2,10.4,3.3,7.1,20.7
20150414,4,NO2,79.6,49.9,94.4,86.6,101.2,104.4,,59.2,27.5,83.5,66,77.5,75.5,75.9,77.7,108.6,88.8,57.4,71.6,38.5,14.8,50.7,34.3,14.1,30.8,18.4,22.8,,37.8,67,91.7,96.3,115.9,127.6,93.5
20150414,4,O3,5.8,4.4,2,2,2,2.6,2,2,48.2,2,21.4,3.2,2,16.7,2,2,2,14.2,7.6,34.6,57.3,19.5,14.3,56,76.2,63.3,70,18.5,26.5,3,2,2,2,2,2
20150414,4,CO,0.8,0.8,0.9,0.8,1,1,0.8,1.1,0.4,0.9,0.7,0.9,0.9,0.7,0.7,1,0.7,1.1,0.4,0.7,0.4,0.6,0.7,0.4,0.8,0.5,0.4,0.6,0.7,0.6,1.1,1.6,1.7,0.8,1.3
20150414,5,SO2,4.1,2,2,2,2.6,2,7.9,9.1,2,2.7,2.8,3.4,2.9,2,2,9.5,2.1,4.7,2,2,2,2.6,2,2,44.1,2,2,11.4,2,3.4,2,9.4,2.8,6.2,28.7
20150414,5,NO2,93,36.9,89.1,77.1,105.1,87.8,,65.4,26.7,92.1,65.7,68.4,72.1,75.2,79.6,81.4,52.3,70.6,,25.3,14.7,41.4,37,14.4,25.7,17.3,19.9,,40.3,61.7,88.7,73.8,114.8,102.6,80.1
20150414,5,O3,2,4.6,2,2,2.4,3,2,2,47.6,2,24.3,2,2,5.7,2,2,22.7,2,15.9,38.6,52.8,23.9,11.4,46.4,82.2,54.2,74.8,15.2,10.7,2,2,2,2,2,2
20150414,5,CO,1.4,0.8,1,0.9,1.1,1,0.9,1,0.6,1.2,0.6,1.3,1,0.8,0.8,1.7,0.5,1.2,0.4,0.6,0.5,0.6,0.7,0.4,0.7,0.5,0.4,0.6,0.7,0.7,0.9,1.5,1.3,0.9,1.5
20150414,6,SO2,4,2,2.8,2,2.9,2,7.1,8,2,3.6,2.6,2.5,3.4,2,2,13.5,2.2,2,2.6,2,2,2.8,2,2,40.1,2,2.2,12.9,2,5.6,2,10.4,3.3,7.7,23.3
20150414,6,NO2,101,36.4,96.3,88.7,100.9,105.1,,56.7,34,92.8,73.4,66.5,72.6,71.9,69.4,99.4,38.2,66.4,64.2,46.7,29.1,50.5,44,15.5,25.7,17.1,17.4,,43.6,56.7,96.2,91.9,116.6,99.5,78.8
20150414,6,O3,2,4.6,2,2,3.1,3,2,2,40,2,22.2,2,2,2,2,2,33.7,5.3,12.3,10,30.8,18.7,7.6,46.9,86.5,52.5,80.2,5.3,2,2,2,2,2,2,2
20150414,6,CO,1.2,0.9,1.2,1,1,1.3,0.9,1,0.4,1.5,0.7,1.6,1.1,0.9,0.9,1.5,0.4,1.2,0.5,0.8,0.7,0.7,0.7,0.4,0.7,0.5,0.4,0.7,0.8,0.8,1.3,1.4,1.2,1.1,1.6
20150414,7,SO2,3.8,2,4.4,2,3.3,2,8.3,7,2,5.7,2.7,3.5,5.3,3.2,3.4,8.1,3.2,4.9,4.6,2,2,4.6,2.7,6.6,34.1,2,2.9,14.1,2,7.1,2.9,10,3.3,14.8,10.6
20150414,7,NO2,86.6,53,95.8,99.5,93.9,103.5,,67.8,62,98.5,82.3,69.7,88.2,77.5,84.6,104.4,35.1,68.9,56.1,42.3,40.6,57.2,48,18.5,26.2,17.1,19.8,,39.6,65.3,96.2,106.3,113.3,128.5,95.1
20150414,7,O3,5.1,5.2,2,2.7,6.9,3.8,2,2,22.2,2,11.7,3,2,5.7,2,2,39.4,3.7,14.5,22,27.1,16.6,7.6,51.3,91.3,51.2,84.9,3.9,2,2,3.1,2,5.8,2,2
20150414,7,CO,1.1,1.1,1.2,1.2,1,1.4,1,1.1,0.5,1.7,0.8,1.7,1,1.7,1.2,1.1,0.4,1.2,0.6,0.7,0.7,0.7,0.8,0.5,0.7,0.4,0.4,0.7,0.8,1,1.1,1.2,1.1,1.6,1.2
20150414,8,SO2,3.8,3.4,8.2,4.7,4.8,4.1,16.5,8.5,2,8.3,6.9,4.6,7.8,7,8.5,13.4,4.5,10.8,10.2,3.7,2,5.1,11.8,20.3,39.1,2,5.1,18.6,8.3,15.7,5,9,4.8,13,10
20150414,8,NO2,69.3,91.2,91.9,98.1,77.5,88.3,,77.5,63.2,109.1,71.7,87,89.5,94.9,102.9,98.6,36.3,82.7,60.7,48.9,40.6,40.7,48.9,18.3,24.8,14.7,19.9,,55.8,88.5,73,92.9,106.2,128.8,99.2
20150414,8,O3,21.2,14.4,8,15.2,24.6,15.7,2,2.2,30.9,2,26.3,7.9,7.3,6.8,3.1,2.6,41.7,7.4,18.9,32.3,36.6,40.6,18.7,81.9,93.7,65.3,88.8,7.4,6.5,9.8,22.5,4.5,12.3,2,2.2
20150414,8,CO,1,1.2,1.1,1,0.8,0.9,1.1,1.2,0.6,1.4,0.8,1.5,1,1.7,1.4,0.9,0.5,1.2,0.7,0.7,0.6,0.7,0.9,0.6,0.7,0.5,0.4,0.9,0.8,0.9,0.9,0.9,1,1.3,1
20150414,9,SO2,6.4,5.3,8.5,7.4,5.9,5.7,15.9,11.3,4.1,9.9,8.9,5.5,7.6,12.9,9.8,14,5.1,14.5,6.9,4.2,2,5.5,13.3,21.7,27.4,2,5.1,19.4,16,22.5,5.5,10.8,11.6,14,17.2
20150414,9,NO2,54.6,78.3,78.8,88.5,74.5,81.2,,76.6,81.5,110.5,65.3,89.8,86.4,122.4,87.8,92.2,32.6,84.1,68.8,59.6,30.8,33.6,37.7,17.2,21,12.5,25.6,,71,58.8,61.2,87.8,94.5,125.7,91.8
20150414,9,O3,38.5,38.1,27.9,34,33.5,30.7,11.5,22.3,22.6,6.7,41.3,19.7,16,9.1,20.6,18.6,56.6,15.3,27.7,35.7,56,54.5,41.4,85.9,99.8,78.1,95.8,18.4,24.7,49.8,43.1,20.4,25.4,2.5,14.8
20150414,9,CO,0.9,1,1,1,0.8,0.8,1,0.9,0.8,1.3,0.8,1.2,0.9,1.6,1,0.8,0.5,1.1,0.7,0.9,0.5,0.6,0.7,0.6,0.7,0.4,0.4,0.9,0.9,0.6,0.8,0.8,0.9,1.4,0.9
20150414,10,SO2,9,7.7,9,8.3,8.8,7.9,15.3,10.8,5,9.5,7.3,7.2,8.8,12.6,9.5,13.9,6,14.5,5.2,6.6,2,5.8,17.5,16.2,16.5,2.1,5.4,18.8,15.6,12.8,7.9,12.2,14.1,18.2,17.2
20150414,10,NO2,56.4,76.2,66.7,80.2,74.6,81.1,,61.4,91.8,100.9,61.5,98.8,84,120.9,77.4,79,29.1,57.2,65.7,55.6,22.7,28.8,27,13.3,17.8,10,34.8,,58.5,58.1,68.2,82.2,89.4,124.5,89.5
20150414,10,O3,43.2,47.5,43.2,49.8,42.3,39.3,23.4,48.4,24.6,24.9,62.1,24.1,32.8,23.9,37.4,38.4,68.8,48,42.5,53.7,81.7,74.6,63,93.5,107.9,105.6,82.8,39.8,55.2,62.1,44.9,31.7,35.9,9.7,25.8
20150414,10,CO,0.9,1,0.8,1.1,0.9,0.9,0.8,0.7,0.9,1.1,0.7,1.1,0.9,1.3,0.9,0.8,0.5,0.9,0.7,0.7,0.5,0.6,,0.5,0.6,0.4,0.4,0.8,0.8,0.6,0.9,0.8,0.9,1.3,1.2
20150414,11,SO2,9.3,9.1,,7.9,11.4,10.5,15.1,13.4,6,8.4,7,8.2,7.9,10.6,8.1,14.1,6.6,9.1,5.8,3,2.6,4.7,24.1,7.9,15.3,2.1,4.9,20.4,12.3,12.4,9.6,13.9,12.8,15.9,16.5
20150414,11,NO2,47.2,64.5,67.6,69.7,63.1,69.6,,56.3,80.2,91,65.4,84.2,78,108,65.8,61.9,27.7,27.1,69.4,19.5,19.5,19.3,21,8,17.6,5.8,27.8,,54.7,53.8,67.7,91.7,91.3,132.8,81.8
20150414,11,O3,60.3,70.4,45.3,69,60.5,55.9,27.8,59.2,44.1,44.6,69,47.7,48,46.7,54.2,62.6,76.5,83,51.5,100.7,98.3,101.4,81.4,104.8,115.2,123.3,98.1,64,74.4,87,55.7,31.8,42.1,11.3,42.1
20150414,11,CO,0.8,0.8,0.7,1,0.8,0.8,0.8,0.7,0.8,0.9,0.8,0.9,0.8,1,0.8,0.7,0.5,0.5,0.7,0.4,0.4,0.5,,0.4,0.5,0.4,0.3,0.7,0.7,0.6,0.9,1,0.9,1.3,0.9
20150414,12,SO2,7.9,7.5,,7.6,10.9,9.1,12.7,11.8,6.1,7.6,6.2,7.3,5.9,9.1,6.6,14.6,7.7,6.7,7,2,3.3,4.2,15.7,7,21.4,2,3.5,20,11.3,11.4,7.7,11.1,9,13.4,15.1
20150414,12,NO2,51,67,61.6,69.6,63.6,59.1,,45,75.8,81,58,64.9,51.5,93.3,45.2,61.2,29.7,16.5,50.5,10.4,17,15.7,11,6.3,17.7,4.8,15.3,,75.1,36,74.8,78.5,90.9,121.6,61.8
20150414,12,O3,68.1,81.4,59.9,81.2,70.9,76.7,40.6,75.9,61.1,68.7,87.3,81.6,79.2,77.2,70.2,76.2,81.1,99.7,77.5,107,106,112.6,106.8,109,118.5,123.1,114,80.1,68.8,121.4,62.3,54,52.9,23.7,72.1
20150414,12,CO,0.8,0.8,,1,0.8,0.7,0.8,0.6,0.7,0.7,0.7,0.8,0.6,0.7,0.7,0.8,0.5,0.4,0.6,0.3,0.4,0.5,,0.3,0.6,0.3,0.2,0.7,0.7,0.5,0.9,0.8,0.9,1.1,0.7
20150414,13,SO2,5.8,6.9,6.4,7.8,7.7,6.4,11.7,10.5,5.9,5.7,4.8,6,5,7.1,7.3,11.9,9.2,6.5,5.4,2.1,4.8,4.9,16.7,6.2,16.9,2,3.1,18.7,7.5,9.6,7.5,11.1,12.8,13.2,11.8
20150414,13,NO2,58.3,69.8,70.9,79.9,66,66.7,,40.5,63.2,51.4,34.1,48.1,41.6,38.4,67.4,42.2,35.6,15.5,34.9,11.9,21.1,17.7,10.7,,29.7,5.1,12.9,,59.1,19,85.7,84,101.6,130.5,65.9
20150414,13,O3,75.2,98.8,67,92.7,81.7,87.3,52.8,86.5,86.3,111.7,117.5,114.7,91.5,139.8,78.9,100.7,85.7,103.8,109.4,114.8,109.8,115.5,112.1,105.7,108.3,125.4,121.2,88.8,96.8,141.8,70.8,66.4,46.7,38.2,85.6
20150414,13,CO,0.8,0.7,,1,0.8,0.7,0.7,0.6,0.6,0.5,0.5,0.6,0.5,0.5,0.7,0.7,0.5,0.4,0.6,0.3,0.5,0.4,,0.3,0.5,0.3,0.2,0.7,0.5,0.4,0.9,0.7,0.9,1,0.8
20150414,14,SO2,5.1,5.3,5,5.5,7,5.8,10.1,10.4,4.8,4.3,4.9,4.8,4.9,6.4,5.5,11.3,7.7,6.2,5,2.2,6.4,12.2,9,8.6,11.7,2,2.9,19.5,7.9,8,5.6,9.1,9.7,11.3,10.9
20150414,14,NO2,54.6,52.8,43,45,70.6,75.6,,50.1,44.1,32.3,26.8,31.2,39.2,26.3,47.5,53.7,37,28,35.5,10.9,21.1,18.3,8.5,7.7,29.7,6.1,9.3,,66.1,14.9,73.4,67.2,82.3,122.7,80.2
20150414,14,O3,94.3,131.5,,135,90.8,98.3,82.6,91.8,120.4,143.4,129.7,138,101.5,162,105.9,111,93.1,110.2,127.7,115.8,123.3,125,117.7,110.6,109.6,130.7,122.9,104.6,105.4,163.5,89.5,88.2,74.4,59.9,90.8
20150414,14,CO,0.7,0.6,0.6,0.7,0.7,0.7,0.6,0.6,0.5,0.5,0.5,0.5,0.5,0.4,0.5,0.8,0.5,0.5,0.6,0.3,0.5,0.5,,0.3,0.4,0.4,0.2,0.6,0.6,0.4,0.7,0.6,0.7,0.9,0.8
20150414,15,SO2,3.7,4.6,4.4,4.9,5.4,4.7,9.7,9.6,4.2,5.5,3.9,4.6,4.2,6.2,4.8,9.8,7.2,5.2,4.4,3.8,5.5,12.7,10.4,6.1,10.9,5.9,4.8,19.6,6.8,7.7,4.6,8.5,9,9.4,10.3
20150414,15,NO2,33.7,28.9,30,32.5,45.1,54.1,,40.9,28.9,34.8,16.6,24.4,38.3,27.3,26.1,61.3,48.7,42.9,32.1,13.3,20.8,18,7.4,21.5,32.5,9.6,9.8,,74.5,13.4,63.3,52.3,66,110.9,79.7
20150414,15,O3,123.2,173.3,,155,125.9,129.8,98.3,114.6,137.8,149.3,139.9,152.2,109.2,156.6,137.7,115.2,90.7,112,137.7,122.4,130,138,120.1,121,107.3,142,127.9,125.5,119,151,112.2,114.3,100.6,78.9,112.2
20150414,15,CO,0.6,0.5,0.4,0.7,0.6,0.5,0.6,0.5,0.4,0.5,0.4,0.5,0.5,0.4,0.4,0.7,0.5,0.5,0.6,0.3,0.4,0.5,,0.4,0.4,0.5,0.2,0.5,0.5,0.4,0.6,0.5,0.6,0.8,0.7
20150414,16,SO2,4.9,5.5,5.7,7.8,6.7,4.6,8.7,9,3.7,5.3,4,3.9,4.1,6.1,4.3,9,6.1,,3.7,6.1,4.7,10.6,7.5,5.3,9.7,9,7.4,19,6.3,8.8,6.7,10.2,8.1,,8.7
20150414,16,NO2,27.7,25.1,,33.3,38.7,41.6,,28.2,18.4,34.1,15.2,21.9,37.7,27.9,21.2,30.2,56.7,35.5,30,21.7,29,28.3,6.7,32,33.1,13.4,15.6,,66.3,15.7,59.7,46.1,67.3,,46.1
20150414,16,O3,130,176.4,137.4,153.2,138.4,144.6,102.6,129.7,153.8,152.3,141,157.3,104.8,166.8,145.8,155,103.7,123.9,128,126.5,125.2,138.9,120.8,132.4,113.1,155.1,129.4,138.5,109.5,151.3,116,115.7,99.5,,146
20150414,16,CO,0.5,0.6,0.4,0.7,0.5,0.5,0.5,0.5,0.4,0.4,0.5,0.4,0.5,0.4,0.4,0.5,0.6,0.5,0.6,0.4,0.5,0.6,,0.5,0.4,0.5,0.2,0.4,0.5,0.4,0.8,0.5,0.6,,0.5
20150414,17,SO2,5.5,5.5,3.7,6.6,7,5.6,7.7,9.4,3.3,3.9,5.4,4.3,5.8,6.5,3.3,7.8,5.3,3.7,3.5,7.7,3.7,9.1,6.7,4.8,11,7.9,7.3,17.3,13.6,8.6,6.2,9.4,8.7,,10.4
20150414,17,NO2,23.8,24.4,,32.2,36.7,43.5,,24,18.5,34.6,17.2,22.9,44.1,29.3,20.5,21.9,46.5,25.9,32.1,31.3,39.5,48,6.7,26.1,52.7,26.6,17.5,,52.5,19.2,53.9,42.3,80.5,,40.5
20150414,17,O3,133.4,174.6,114.1,147.9,140.6,145.4,91.1,129.9,134.9,129.1,137.8,140.7,106.2,150.2,136.7,165.2,129.2,147.7,112.2,126.1,137.7,126,123.4,148.1,91.6,146.6,130.4,147.8,117.6,153.8,118.4,,92.2,,151.1
20150414,17,CO,0.5,0.5,0.3,0.7,0.5,0.5,0.5,0.4,0.4,0.4,0.5,0.5,0.5,0.4,0.4,0.4,0.5,0.5,0.6,0.4,0.5,0.6,,0.4,0.4,0.6,0.2,0.4,0.5,0.4,0.6,0.5,0.6,,0.5
20150414,18,SO2,6,6,5.1,6.7,5.7,5.8,8.4,12.4,5.8,6.1,5.7,6.8,5.1,6.8,3.3,7.8,5.8,3.7,6,7,3.9,7.9,7,4.1,13,6.5,7.3,16.2,16,7.2,6.7,10.5,8.2,,10.6
20150414,18,NO2,35.4,31.5,40.3,48.4,40.6,55.7,,30.4,25.1,46.6,21.3,34.3,46.2,38.9,22.4,24.2,47.9,32.7,39.3,43.8,36.6,56.8,8.3,22.8,86.8,47.8,32.2,,38.6,19,71.9,67,100.9,,48.5
20150414,18,O3,111,152.1,127.9,125.2,117,113.9,81.5,109.9,131.2,129.2,133,134.6,99.8,136.2,124.3,147.2,124.7,126.8,113.3,138.8,147.4,138.9,122.4,149.5,60.2,137.3,145.2,144,116.5,139.9,91.4,89.6,73.7,,125.5
20150414,18,CO,0.6,0.5,0.5,0.8,0.5,0.6,0.6,0.5,0.4,0.6,0.5,0.6,0.5,0.5,0.4,0.4,0.5,0.5,0.6,0.5,0.5,0.7,,0.4,0.5,0.7,0.3,0.5,0.6,0.4,0.7,0.6,0.8,,0.5
20150414,19,SO2,5.5,4.4,5.3,5.5,6.9,5.7,8.7,14.1,5.4,4.6,4.1,4.8,4.6,8.5,7.8,11.2,5.6,5.4,4.7,7.6,4,7.4,6,4.4,11.4,5.5,5.9,18.9,8.4,6.9,6,9.3,9.3,,11.1
20150414,19,NO2,46.6,33.9,45.8,49.9,49.5,59.4,,37.4,27.5,59.3,24.3,34.9,57.8,38.5,35.8,44,53.7,46.4,51.3,37,40.4,59.4,9.8,26.7,122.9,40.6,19.6,,30.6,20.3,86.2,56.5,121.2,,57.1
20150414,19,O3,95.3,137.1,120.9,111.6,115.2,108.2,69.7,98.3,119.4,97,115.7,117.6,78.6,122.1,105,113.1,94.2,106.3,89.5,138.6,127.4,123.3,116.5,117.6,37.7,151.2,159.6,115.9,110.8,125.2,69.9,86.2,58.3,,109.6
20150414,19,CO,0.7,0.5,0.5,0.8,0.6,0.6,0.6,0.5,0.4,0.6,0.4,0.5,0.5,0.4,0.5,0.4,0.5,0.6,0.6,0.5,0.5,0.7,0.3,0.4,0.5,0.6,0.3,0.5,0.5,0.4,0.7,0.6,0.8,,0.6
20150414,20,SO2,5.5,5.3,5,5.9,5.9,6.9,9,11.9,4.2,5.6,6.6,5.7,5.7,20.2,18.8,18.5,6.6,5.3,4.1,8.7,3.8,7.2,5.5,3.8,5.5,4.7,7.1,26.8,8.7,9.9,7.1,10.8,9.1,,11.2
20150414,20,NO2,46.8,39,52,61.1,60.3,69.3,,41.3,28,95.7,31.3,37.1,63.1,39.5,54.4,46.9,58.4,71.3,59.5,47.8,53.2,54.5,11.3,22.9,44.9,27.9,18.1,,32.7,25.5,89.9,61.1,112.7,,57.5
20150414,20,O3,78.4,109,91.7,81.2,80.5,83.4,66.9,71.9,99.3,34.8,102.9,107.6,67.4,121.4,78.2,94.7,80,66.6,64.7,112.2,84.1,109.2,109.1,97.7,129.2,151.5,159.9,91.5,106.8,111.8,52.9,66.5,45.9,,92.6
20150414,20,CO,0.7,0.6,0.5,0.8,0.6,0.6,0.5,0.5,0.4,0.7,0.5,0.5,0.5,0.5,0.7,0.5,0.6,0.7,0.6,0.6,0.8,0.7,0.4,0.4,0.5,0.5,0.4,0.5,0.5,0.5,0.7,0.6,0.7,,0.6
20150414,21,SO2,8.6,7.5,6.4,8.7,6.7,10,10.7,13.6,3.7,6.6,10.6,6.6,7.7,22.2,15.2,14.6,9.7,5.9,4.3,10.5,4.3,7.6,6.1,3.9,5.5,5.4,9.3,17.9,9.2,12.4,9.5,14.7,13,,14.8
20150414,21,NO2,47.6,48.3,57.5,65.6,56.3,70.2,,73.2,29.3,94.3,47.8,52.5,67.7,36.6,64.7,56.9,67.4,54,103.6,62.7,107.9,60,40.8,20.3,71.1,25.1,13.7,,30.8,30.7,85,80,121.5,,57.8
20150414,21,O3,77.2,98,77.6,78.1,78.7,82.8,58.3,23.6,84.9,34.4,77.6,81.9,55.1,115.2,60.4,67.8,54.8,72,11.2,86.1,20.7,84.1,54,94.9,80.7,139.8,138.8,79.8,104.4,94.6,53.8,47.3,34.1,,94
20150414,21,CO,0.7,0.7,0.5,0.8,0.6,0.7,0.5,0.7,0.4,0.7,0.5,0.6,0.6,0.6,0.7,0.5,0.6,0.7,0.7,0.7,1.2,0.7,0.6,0.5,0.5,0.5,0.3,0.5,0.6,0.5,0.8,0.7,0.8,,0.6
20150414,22,SO2,9,9.3,7.4,9.5,7.4,10.4,12.1,12.3,2.3,7.4,9.7,7.4,8.2,19.8,12.9,14.6,10.4,3.7,4.9,7.5,6.9,9.9,5.1,3.6,4.7,5.4,8.6,18.8,18.3,16.4,10.4,15.7,13.9,,15.3
20150414,22,NO2,46.2,53.7,58.6,64.3,70.4,74.8,,83.4,31.5,72.1,46.7,77.5,66.2,50.7,52.1,74.7,106.6,34.7,102.7,85.8,115.8,69.6,61.1,21.7,40.9,26.4,13.1,,39.9,33.6,77.8,69.2,111.2,,57.5
20150414,22,O3,71.3,83.5,70.4,71.4,59.5,69.6,38,12.2,64.6,53.3,67.9,43.3,48.9,84.8,65.8,42.3,13.3,82.7,3.4,34.3,2,64,21.3,87.2,93.9,122.8,133.9,61.8,86.8,81,52.1,49.6,35.5,,84.6
20150414,22,CO,0.7,0.6,0.6,0.8,0.6,0.6,0.6,0.7,0.5,0.6,0.6,0.7,0.6,0.6,0.7,0.6,0.7,0.6,0.9,1.2,1.5,0.8,0.8,0.6,0.4,0.5,0.3,0.6,0.7,0.5,0.7,0.6,0.7,,0.6
20150414,23,SO2,11.1,9.2,9.1,10.9,8.5,13,12.3,10.6,2.1,10.9,10.6,7.5,12,21,17.9,16.5,10.1,4,7.1,4.9,3.1,10.3,6,2.7,5.1,7.3,9.8,23.2,41.5,16.6,13.2,19.5,17.2,,17.4
20150414,23,NO2,55,53.5,60.9,78.1,86.1,72.5,,91.5,30.5,117.3,53,106.7,69.4,55.8,49.6,82.8,104.8,49.6,89.6,40,60.1,72.7,74.3,19.6,26.5,25.6,16.4,,39.9,33,93.6,69.2,110.8,,59.6
20150414,23,O3,52.6,69,59.6,44.9,39.6,61.2,10.5,2,60.2,2.9,56.8,7.7,38.8,68.3,59.3,29.1,9.2,63.5,6.5,62.6,22.8,49.5,13.6,79.7,114.5,114.2,125.3,50.4,83,71,29.9,41.4,28.7,,70.3
20150414,23,CO,0.7,0.7,0.6,0.9,0.7,0.6,0.7,0.8,0.4,0.8,0.6,0.8,0.7,0.6,0.7,0.6,0.7,0.8,0.8,0.7,0.9,0.8,0.7,0.5,0.4,0.5,0.3,0.6,0.8,0.5,0.8,0.6,0.8,,0.6
