date,hour,type,dongsi,tiantan,guanyuan,wanshouxigong,aotizhongxing,nongzhanguan,wanliu,beibuxingqu,zhiwuyuan,fentaihuayuan,yungang,gucheng,fangshan,daxing,yizhuang,tongzhou,shunyi,changping,mengtougou,pinggu,huairou,miyun,yanqing,dingling,badaling,miyunshuiku,donggaocun,yongledian,yufa,liulihe,qianmeng,yongdingmengxi,xizhimengbei,nansanhuan,dongsihuan
20151029,0,SO2,2,2,2,2,3,2,2,11,2,2,3,2,7,2,2,5,2,2,2,2,2,2,2,2,4,2,2,2,2,8,2,4,2,5,2
20151029,0,NO2,23,30,30,22,58,18,50,61,19,51,7,18,36,53,40,100,6,14,6,14,2,3,33,5,31,2,22,60,31,41,23,65,43,58,37
20151029,0,O3,45,41,33,40,28,52,12,2,46,17,53,45,34,18,51,7,55,49,65,27,24,66,24,68,29,47,,2,2,2,34,11,20,15,36
20151029,0,CO,0.2,0.3,0.3,0.3,0.4,0.3,0.1,0.4,0.2,0.4,0.2,0.4,0.5,0.4,0.3,0.5,0.2,0.2,0.1,0.2,0.2,0.2,0.3,0.5,0.3,0.2,0.2,0.5,1.1,0.6,0.2,0.4,0.4,0.5,0.4
20151029,1,SO2,2,3,2,2,3,3,2,9,2,2,3,2,6,2,2,4,2,2,2,2,,2,2,2,5,2,2,2,2,7,2,4,2,6,2
20151029,1,NO2,22,21,19,17,43,25,61,51,16,56,7,7,30,50,28,88,6,13,6,12,2,7,13,2,35,2,17,56,31,41,18,46,27,58,29
20151029,1,O3,43,48,42,43,37,42,2,4,48,9,54,51,38,18,62,10,53,48,55,26,30,50,41,70,35,47,,2,2,2,39,23,29,15,41
20151029,1,CO,0.2,0.2,0.3,0.3,0.3,0.3,0.1,0.4,0.3,0.4,0.2,0.3,0.5,0.3,0.3,0.4,0.2,0.2,0.4,0.2,0.3,0.3,0.3,0.5,0.3,0.2,0.2,0.5,0.9,0.6,0.2,0.3,0.3,0.4,0.3
20151029,2,SO2,2,3,2,2,2,2,2,11,3,2,3,3,5,2,2,4,2,2,2,2,2,2,2,2,9,2,2,2,2,7,2,5,2,3,2
20151029,2,NO2,18,23,17,11,32,20,30,45,16,44,10,6,34,51,37,76,4,12,6,8,2,14,9,2,76,2,13,59,29,41,23,36,18,37,22
20151029,2,O3,45,43,40,45,43,43,28,14,44,11,47,38,34,17,47,16,56,49,39,28,30,30,43,69,21,46,,5,2,2,31,27,34,27,44
20151029,2,CO,0.2,0.2,0.2,0.2,0.3,0.2,0.1,0.3,0.3,0.4,0.3,0.3,0.5,0.3,0.3,0.4,0.2,0.2,0.1,0.2,0.2,0.2,0.2,0.5,0.3,0.2,0.2,0.3,0.5,0.6,0.2,0.2,0.3,0.3,0.3
20151029,3,SO2,2,2,2,2,2,2,2,10,3,2,3,4,5,2,3,4,2,2,2,2,2,2,2,2,6,2,3,2,2,6,2,4,2,4,2
20151029,3,NO2,16,18,13,9,18,18,15,47,15,27,5,8,30,42,49,73,4,14,5,10,2,6,11,2,26,2,16,43,36,34,10,27,15,40,30
20151029,3,O3,46,47,44,46,56,46,41,10,47,28,53,37,38,24,30,12,56,47,2,28,,44,43,69,32,44,,20,2,2,44,36,36,28,36
20151029,3,CO,0.2,0.2,0.1,0.2,0.3,0.2,0.1,0.3,0.3,0.2,0.2,0.2,0.5,0.2,0.2,0.2,0.2,0.2,0.1,0.2,,0.2,0.2,0.5,0.2,0.2,0.2,0.2,0.4,0.5,0.1,0.2,0.2,0.3,0.3
20151029,4,SO2,2,2,2,2,3,2,2,9,2,2,3,4,4,2,3,3,2,2,2,2,2,2,2,2,5,2,2,2,2,6,2,,2,5,2
20151029,4,NO2,13,13,13,7,17,16,18,49,4,21,2,6,13,30,23,65,4,16,5,9,,4,15,5,28,2,14,30,24,29,7,,12,41,21
20151029,4,O3,49,55,43,48,56,45,,8,63,13,57,51,57,35,67,19,56,44,44,28,,42,33,65,30,44,,36,21,2,45,,,23,44
20151029,4,CO,0.2,0.2,0.2,0.2,0.3,0.2,0.1,0.3,0.3,0.2,0.2,0.2,0.4,0.2,0.2,0.2,0.2,0.3,0.1,0.2,0.1,0.2,0.2,0.5,0.2,0.2,0.2,0.2,0.3,0.6,0.1,,0.2,0.3,0.3
20151029,5,SO2,2,3,2,2,4,3,2,10,2,2,2,3,4,2,3,2,2,4,2,2,2,2,2,3,10,2,2,2,2,6,2,4,2,8,2
20151029,5,NO2,15,14,19,17,19,15,21,45,6,18,2,5,9,27,27,49,6,23,,11,,18,18,8,24,2,16,34,18,29,13,25,24,60,19
20151029,5,O3,45,52,38,42,53,47,35,3,59,29,59,52,63,34,60,26,51,38,40,26,30,28,30,60,37,41,,30,30,2,42,36,28,16,46
20151029,5,CO,0.2,0.2,0.2,0.2,0.3,0.2,0.1,0.3,0.3,0.2,0.2,0.2,0.4,0.2,0.2,0.3,0.2,0.3,0.1,0.2,0.1,0.3,0.7,0.5,0.3,0.2,0.2,0.2,0.3,0.7,0.1,0.2,0.5,0.4,0.3
20151029,6,SO2,2,4,2,2,5,4,2,9,2,2,2,2,4,2,4,2,2,5,2,2,2,2,2,4,14,2,2,2,2,6,2,6,3,8,3
20151029,6,NO2,22,25,28,21,28,21,15,36,7,24,2,5,12,17,39,48,13,24,9,14,2,37,27,11,33,2,16,39,18,27,21,35,44,67,21
20151029,6,O3,38,37,29,37,45,42,45,19,59,16,60,61,61,50,43,32,42,37,50,21,30,8,24,55,30,42,,22,38,2,32,27,12,5,42
20151029,6,CO,0.2,0.3,0.2,0.3,0.3,0.2,0.1,0.3,0.3,0.2,0.2,0.3,0.4,0.2,0.3,0.3,0.3,0.4,0.1,0.2,0.1,0.5,0.5,0.6,0.4,0.2,0.2,0.2,0.3,0.7,0.2,0.3,0.6,0.5,0.3
20151029,7,SO2,2,4,2,2,6,4,2,9,2,2,2,2,5,2,4,2,2,6,2,2,2,2,3,5,14,2,2,2,2,6,2,7,5,15,5
20151029,7,NO2,37,42,32,20,46,30,12,31,2,29,2,10,22,19,39,61,22,30,11,19,2,50,16,13,33,2,15,38,20,32,40,57,56,81,45
20151029,7,O3,23,17,29,42,30,31,51,25,66,29,59,56,51,48,43,18,32,34,48,16,29,2,43,53,28,45,,24,42,2,12,9,3,3,16
20151029,7,CO,0.3,0.4,0.3,0.3,0.4,0.3,0.1,0.3,0.3,0.2,0.2,0.3,0.5,0.2,0.3,0.3,0.3,0.4,0.1,0.2,0.2,0.7,0.3,0.6,0.4,0.2,0.2,0.2,0.3,0.7,0.3,0.5,0.9,0.9,0.6
20151029,8,SO2,2,4,2,2,5,5,2,10,2,2,2,2,5,2,4,4,2,6,2,2,2,2,4,5,13,2,2,2,2,6,2,7,5,14,12
20151029,8,NO2,39,46,44,29,48,43,18,32,2,40,2,22,20,23,47,69,33,40,16,24,2,53,13,14,27,2,15,38,24,33,41,65,63,76,56
20151029,8,O3,22,18,18,35,30,18,45,24,65,16,56,44,56,45,34,12,21,26,44,11,27,2,50,53,35,39,,26,32,2,13,6,2,5,4
20151029,8,CO,0.4,0.5,0.4,0.4,0.5,0.4,0.1,0.3,0.3,0.3,0.2,0.4,0.5,0.2,0.4,0.3,0.4,0.5,0.1,0.3,0.2,1.2,0.3,0.6,0.5,0.2,0.2,0.2,0.3,0.7,0.3,0.6,0.9,0.9,1.2
20151029,9,SO2,2,4,2,2,4,4,2,9,2,2,2,2,5,2,3,5,2,6,2,2,2,4,4,5,13,2,2,2,2,5,2,4,3,8,5
20151029,9,NO2,25,37,30,23,28,30,24,29,2,30,3,14,18,14,30,49,20,29,13,23,2,58,10,9,22,2,25,23,21,47,26,51,46,55,33
20151029,9,O3,39,31,33,42,50,35,39,30,66,29,54,54,57,55,60,27,36,36,49,18,26,3,54,63,43,42,,44,51,5,34,21,16,14,35
20151029,9,CO,0.3,0.4,0.3,0.4,0.4,0.3,0.1,0.3,0.3,0.3,0.2,0.3,0.5,0.2,0.3,0.4,0.3,0.4,0.2,0.3,0.2,1.1,0.4,0.6,0.4,0.2,0.2,0.3,0.3,0.5,0.3,0.4,0.5,0.8,0.5
20151029,10,SO2,2,3,2,2,4,3,2,11,2,2,2,2,4,2,3,5,2,6,2,2,2,3,6,5,9,2,2,2,2,4,2,3,2,6,3
20151029,10,NO2,14,29,17,15,14,17,12,28,2,22,2,10,12,12,20,33,15,25,8,15,,20,10,7,14,2,15,18,20,42,17,38,28,50,13
20151029,10,O3,51,42,52,51,65,51,54,32,67,39,56,59,64,59,76,45,43,39,53,22,58,36,56,67,54,48,,52,64,30,46,39,35,22,58
20151029,10,CO,0.3,0.4,0.2,0.3,0.3,0.3,0.1,0.3,0.3,0.3,0.2,0.3,0.5,0.2,0.3,0.3,0.3,0.4,0.1,0.2,0.2,0.3,0.4,0.6,0.3,0.2,0.2,0.2,0.2,0.3,0.2,0.3,0.4,0.6,0.4
20151029,11,SO2,2,2,2,2,4,3,2,10,2,2,2,2,4,2,3,3,2,6,2,2,2,2,4,6,7,2,2,2,2,4,2,4,2,6,3
20151029,11,NO2,10,20,15,10,10,11,10,27,2,18,4,9,12,12,15,12,12,23,8,12,2,14,6,8,15,2,12,16,12,29,12,21,27,49,11
20151029,11,O3,58,56,51,58,71,60,58,34,70,43,58,62,64,63,86,55,48,42,56,24,,47,62,68,58,50,,57,69,46,54,55,38,35,62
20151029,11,CO,0.2,0.3,0.3,0.3,0.4,0.2,0.1,0.3,0.3,0.2,0.3,0.3,0.5,0.2,0.2,0.2,0.3,0.4,0.1,0.2,0.2,0.3,0.3,0.6,0.3,0.2,0.1,0.2,0.2,0.2,0.2,0.2,0.4,0.5,0.3
20151029,12,SO2,2,2,2,2,5,3,2,11,2,2,2,2,3,2,2,2,2,6,2,2,2,2,2,5,4,2,,2,2,3,2,5,2,4,3
20151029,12,NO2,9,16,14,8,11,11,12,28,2,14,5,8,9,10,12,10,12,24,8,10,2,8,3,7,15,2,8,13,7,22,11,16,23,36,15
20151029,12,O3,61,65,61,62,73,62,59,34,70,51,62,64,70,68,95,59,48,44,57,16,34,55,67,70,59,51,,65,77,60,58,61,42,38,62
20151029,12,CO,0.2,0.3,0.2,0.3,0.5,0.2,0.1,0.3,0.3,0.2,0.2,0.3,0.5,0.2,0.2,0.2,0.3,0.4,0.1,0.2,0.2,0.2,0.2,0.6,0.2,0.2,0.1,0.2,0.2,0.2,0.2,0.2,0.3,0.5,0.4
20151029,13,SO2,2,4,2,2,5,4,2,11,2,2,2,2,3,2,3,3,2,5,2,2,2,2,2,5,5,2,2,8,2,3,2,4,3,4,3
20151029,13,NO2,9,16,13,7,10,14,10,27,2,12,8,7,8,9,12,10,11,22,7,12,2,3,3,6,18,2,13,11,6,25,7,10,20,32,7
20151029,13,O3,62,65,62,64,76,63,62,35,71,54,60,68,73,69,98,61,50,46,58,17,42,61,68,73,59,53,,,83,65,62,67,46,47,71
20151029,13,CO,0.2,0.3,0.2,0.2,0.4,0.2,0.1,0.3,0.3,0.2,0.2,0.3,0.5,0.2,0.2,0.2,0.3,0.4,0.1,0.2,0.2,0.2,0.2,0.6,0.2,0.2,0.1,0.2,0.3,0.2,0.2,0.2,0.3,0.5,0.3
20151029,14,SO2,2,3,2,2,5,3,2,11,2,2,2,2,4,2,3,3,2,4,2,2,2,2,2,4,3,2,2,,2,3,2,5,3,4,3
20151029,14,NO2,8,14,12,7,12,15,10,26,2,13,8,8,11,9,11,9,13,22,6,15,2,2,3,5,14,2,16,19,7,25,10,10,23,32,6
20151029,14,O3,64,69,64,65,75,64,62,36,72,55,60,68,71,72,101,64,50,48,60,16,67,64,71,75,63,55,,,85,64,61,67,44,44,74
20151029,14,CO,0.2,0.3,0.2,0.3,0.4,0.2,0.1,0.3,0.3,0.2,0.3,0.3,0.5,0.2,0.2,0.2,0.3,0.4,0.1,0.2,0.2,0.2,0.1,0.5,0.2,0.2,0.1,0.2,0.3,0.2,0.2,0.2,0.3,0.5,0.3
20151029,15,SO2,2,2,2,2,5,3,2,11,2,2,,2,4,2,3,2,2,4,2,2,2,2,2,3,3,2,2,4,2,3,2,3,2,5,2
20151029,15,NO2,9,15,14,8,10,14,11,26,2,15,,8,13,11,12,9,14,23,5,15,2,3,3,5,22,2,15,13,7,24,8,12,21,36,6
20151029,15,O3,63,67,62,64,77,64,61,36,72,52,,69,70,69,99,66,49,48,60,60,67,65,71,76,56,56,,65,95,63,64,66,46,41,75
20151029,15,CO,0.2,0.3,0.2,0.2,0.3,0.2,0.1,0.3,0.3,0.2,,0.3,0.5,0.2,0.2,0.2,0.3,0.3,0.1,0.2,0.2,0.2,0.2,0.5,0.2,0.2,0.1,0.2,0.3,0.2,0.2,0.2,0.3,0.5,0.3
20151029,16,SO2,2,2,2,2,4,3,2,11,2,2,2,2,4,2,3,2,2,3,2,2,2,2,2,2,2,2,2,4,2,3,2,5,3,5,2
20151029,16,NO2,11,19,16,11,15,18,15,27,3,17,5,10,15,11,13,9,16,28,8,12,2,4,3,4,30,2,8,13,8,25,11,12,29,36,11
20151029,16,O3,59,61,58,61,72,60,55,35,69,48,59,65,66,67,97,63,47,43,56,33,66,63,70,74,47,56,,64,94,62,60,63,38,37,70
20151029,16,CO,0.2,0.3,0.2,0.2,0.3,0.2,0.6,0.3,0.3,0.2,0.3,0.3,0.5,0.2,0.2,0.2,0.3,0.4,0.1,0.2,0.2,0.2,0.2,0.5,0.2,0.2,0.1,0.2,0.3,0.2,0.2,0.2,0.3,0.5,0.3
20151029,17,SO2,2,3,2,2,4,3,2,10,2,2,2,2,4,2,3,2,2,2,2,2,2,2,2,2,2,3,3,4,2,4,2,5,3,5,2
20151029,17,NO2,15,26,20,16,21,26,20,28,3,30,3,17,20,14,20,16,17,16,10,16,3,7,8,3,15,2,16,20,14,30,15,18,32,47,17
20151029,17,O3,54,52,51,53,64,48,49,32,67,31,58,55,60,61,84,53,44,49,53,47,63,57,58,71,61,52,,56,75,54,54,56,34,30,60
20151029,17,CO,0.2,0.3,0.3,0.3,0.4,0.3,0.6,0.3,0.3,0.3,0.3,0.3,0.5,0.2,0.3,0.2,0.3,0.3,0.2,0.2,0.2,0.2,0.2,0.5,0.2,0.2,0.1,0.2,0.3,0.2,0.2,0.2,0.4,0.5,0.3
20151029,18,SO2,2,3,2,2,3,3,2,10,2,3,3,2,6,3,3,2,2,2,2,2,2,2,2,2,2,2,2,4,2,3,2,4,3,7,2
20151029,18,NO2,26,36,31,23,28,34,29,27,3,25,4,17,40,25,28,25,13,17,13,15,4,6,15,3,6,2,18,29,32,34,17,27,44,51,25
20151029,18,O3,42,38,36,44,54,38,37,31,66,34,57,53,37,47,70,39,47,47,50,50,59,55,49,70,64,48,53,44,41,40,48,43,22,21,47
20151029,18,CO,0.3,0.4,0.3,0.3,0.5,0.3,0.7,0.3,0.3,0.3,0.2,0.3,0.6,0.3,0.3,0.3,0.3,0.4,0.2,0.2,0.2,0.2,0.3,0.5,0.2,0.2,0.1,0.3,0.4,0.2,0.2,0.3,0.5,0.6,0.4
20151029,19,SO2,2,3,2,2,3,2,2,11,2,3,3,3,7,3,3,2,2,2,2,2,2,2,2,2,5,2,2,4,2,3,2,3,3,6,2
20151029,19,NO2,35,42,47,33,45,34,38,33,3,29,2,15,43,42,38,27,23,24,13,21,3,14,15,2,43,2,19,34,26,46,33,48,59,55,34
20151029,19,O3,31,27,15,32,38,33,24,23,65,28,55,53,31,28,52,32,33,39,47,43,60,44,46,68,27,47,54,34,45,24,25,21,7,17,34
20151029,19,CO,0.4,0.4,0.4,0.4,0.7,0.3,0.7,0.3,0.3,0.3,0.2,0.3,0.6,0.4,0.4,0.3,0.3,0.4,0.2,0.2,0.2,0.2,0.3,0.5,0.3,0.2,0.1,0.3,0.4,0.2,0.3,0.4,0.5,0.7,0.4
20151029,20,SO2,2,2,2,2,3,2,2,10,2,2,3,2,6,3,2,2,2,2,2,2,2,2,2,2,2,2,2,3,2,3,2,3,2,6,2
20151029,20,NO2,32,34,43,37,45,29,47,45,15,39,2,15,28,54,41,27,10,16,11,13,4,9,9,2,20,2,17,37,30,34,25,52,56,62,43
20151029,20,O3,32,33,17,24,35,37,13,7,46,16,55,52,44,14,43,27,47,46,48,51,56,47,53,69,45,45,56,26,43,29,31,15,7,11,24
20151029,20,CO,0.4,0.4,0.4,0.4,0.7,0.3,0.7,0.4,0.3,0.3,0.2,0.3,0.6,0.4,0.4,0.3,0.3,0.3,0.2,0.2,0.2,0.2,0.2,0.5,0.2,0.2,0.1,0.3,0.4,0.3,0.2,0.3,0.5,0.7,0.4
20151029,21,SO2,2,2,2,2,3,2,2,10,2,2,3,2,6,3,2,2,2,2,2,2,2,2,2,2,3,2,2,3,2,3,2,3,2,4,2
20151029,21,NO2,23,29,35,27,31,27,58,51,18,52,4,9,37,41,31,36,6,18,11,12,4,17,10,4,36,2,19,47,23,33,19,44,53,54,46
20151029,21,O3,39,37,24,33,45,37,2,3,40,2,49,55,33,23,55,18,52,43,47,50,55,38,51,63,37,43,48,17,45,30,36,21,7,15,23
20151029,21,CO,0.3,0.3,0.4,0.4,0.6,0.3,0.8,0.4,0.4,0.4,0.3,0.3,0.6,0.4,0.3,0.3,0.2,0.3,0.2,0.2,0.2,0.2,0.2,0.6,0.3,0.2,0.2,0.3,0.3,0.2,0.2,0.3,0.5,0.6,0.6
20151029,22,SO2,2,2,2,2,3,2,2,10,2,2,4,2,6,2,2,2,2,2,2,2,2,2,2,2,6,2,2,3,2,3,2,4,2,4,2
20151029,22,NO2,23,31,31,21,22,27,59,52,19,48,16,23,35,35,24,21,7,21,11,11,4,8,31,2,57,2,15,39,24,34,15,45,42,48,39
20151029,22,O3,39,33,27,37,49,35,2,2,37,2,34,38,32,27,63,37,49,38,45,50,55,48,26,64,2,41,51,22,40,24,39,20,15,17,30
20151029,22,CO,0.3,0.3,0.3,0.3,0.4,0.3,0.8,0.4,0.3,0.4,0.3,0.3,0.6,0.4,0.3,0.2,0.3,0.4,0.2,0.2,0.2,0.2,0.5,0.5,0.4,0.2,0.1,0.2,0.4,0.2,0.2,0.3,0.4,0.5,0.5
20151029,23,SO2,2,2,2,2,3,2,2,10,2,2,3,2,5,2,2,2,2,2,2,2,2,2,2,2,4,2,2,3,2,4,2,3,2,4,2
20151029,23,NO2,26,29,37,23,28,22,56,53,13,41,21,30,45,44,36,22,6,18,14,11,2,12,50,4,44,2,15,48,21,35,16,47,54,46,43
20151029,23,O3,35,35,19,34,43,39,2,2,44,6,27,28,20,19,45,35,50,40,41,49,54,40,3,62,19,42,48,12,40,27,36,15,3,14,26
20151029,23,CO,0.3,0.3,0.4,0.3,0.4,0.3,0.9,0.5,0.3,0.3,0.3,0.4,0.6,0.4,0.3,0.2,0.2,0.3,0.2,0.2,0.2,0.2,0.6,0.5,0.3,0.2,0.1,0.2,0.3,0.2,0.2,0.3,0.4,0.5,0.5
20151029,0,PM2.5,8,3,9,4,7,3,8,21,5,9,15,4,12,4,10,8,4,3,4,6,3,7,11,5,19,3,8,26,,47,8,8,12,12,9
20151029,0,PM10,20,22,17,9,22,9,24,107,11,30,,10,20,13,20,27,8,13,15,9,8,,13,9,,10,10,69,,100,,27,26,35,19
20151029,0,AQI,25,27,19,21,30,17,26,47,15,43,21,28,30,30,32,51,22,27,23,18,11,21,22,22,38,15,15,49,55,52,27,33,30,46,28
20151029,1,PM2.5,7,3,6,4,9,8,11,12,3,7,19,3,8,8,5,9,3,6,7,5,3,3,3,4,9,3,6,32,,42,14,5,5,7,4
20151029,1,PM10,19,19,15,10,,11,28,57,23,33,,10,17,10,20,34,5,13,16,8,5,23,5,7,33,5,11,73,,84,,21,24,36,12
20151029,1,AQI,25,26,19,20,22,16,31,49,16,44,22,28,30,29,29,44,22,26,22,18,11,21,22,22,37,15,15,49,55,53,27,27,30,46,27
20151029,2,PM2.5,5,5,5,5,3,6,6,3,6,3,3,5,11,10,4,14,3,5,7,3,7,6,3,5,10,3,3,19,,40,7,6,9,3,5
20151029,2,PM10,17,20,10,14,7,8,12,16,17,28,16,13,15,11,19,24,5,13,11,6,8,17,11,7,28,16,7,,29,74,12,21,22,32,16
20151029,2,AQI,25,26,19,21,17,16,20,48,14,44,21,28,30,28,28,38,21,26,21,18,11,21,22,22,39,15,15,50,54,53,27,27,30,46,27
20151029,3,PM2.5,8,3,3,3,4,3,4,9,7,5,4,4,4,3,9,9,5,4,3,6,4,3,12,3,11,4,8,11,,37,3,6,5,7,5
20151029,3,PM10,13,15,6,7,5,5,7,33,11,18,5,10,14,11,20,22,5,9,5,7,17,5,,5,19,5,8,,20,55,5,6,18,23,11
20151029,3,AQI,25,26,19,20,18,15,19,49,15,44,21,28,30,27,27,37,21,26,20,17,12,21,22,22,34,14,14,51,52,53,27,27,29,46,26
20151029,4,PM2.5,7,7,7,3,3,3,7,10,3,8,7,5,3,3,8,7,4,3,3,4,4,3,11,5,11,3,4,4,,36,8,,8,6,7
20151029,4,PM10,10,17,8,12,5,5,13,36,5,14,,8,14,5,17,13,5,10,5,6,5,10,,,18,5,7,6,,61,,,15,32,7
20151029,4,AQI,25,26,18,20,18,15,19,49,20,43,21,28,30,27,27,33,21,26,20,17,12,21,23,21,32,14,14,49,54,54,27,,29,47,25
20151029,5,PM2.5,8,7,3,3,4,3,4,16,3,3,3,6,3,11,5,12,6,3,3,7,3,3,12,6,24,3,8,3,,41,8,5,10,8,3
20151029,5,PM10,17,13,12,12,11,5,10,67,9,18,5,19,14,22,17,24,,14,5,,5,22,15,7,24,11,9,10,7,76,13,19,16,41,8
20151029,5,AQI,25,26,18,20,17,15,19,51,19,43,21,28,30,27,27,28,21,26,19,18,11,22,23,19,32,13,14,47,53,55,27,27,28,48,23
20151029,6,PM2.5,7,10,5,9,3,5,5,9,11,4,5,3,6,5,11,17,11,7,3,8,3,11,18,6,25,10,5,6,,45,7,7,10,15,5
20151029,6,PM10,25,18,13,15,11,9,8,25,,51,5,23,27,5,20,30,17,17,7,15,10,35,,12,32,,13,18,10,70,14,23,28,52,16
20151029,6,AQI,25,25,18,20,15,15,19,51,19,43,19,28,31,26,26,29,21,26,19,18,11,22,22,18,33,14,14,46,52,55,27,27,29,49,21
20151029,7,PM2.5,7,6,7,3,8,8,3,3,3,6,10,3,7,9,8,9,10,5,3,6,3,12,14,9,25,5,3,3,,41,12,6,12,23,6
20151029,7,PM10,27,25,13,15,12,14,13,35,12,35,,20,38,22,21,22,16,18,10,11,11,44,,11,28,,7,17,15,87,22,37,36,86,42
20151029,7,AQI,25,25,18,19,24,16,19,51,21,41,20,28,31,27,26,31,22,26,19,18,11,25,21,17,33,15,14,45,51,57,28,29,29,50,23
20151029,8,PM2.5,10,14,8,5,7,3,4,13,3,4,3,5,3,3,7,9,10,9,8,10,3,23,16,6,24,3,10,13,,52,7,9,12,17,23
20151029,8,PM10,34,32,21,20,21,23,17,55,11,32,12,27,14,34,39,42,23,31,20,17,12,92,,15,39,14,11,27,25,104,14,50,41,78,73
20151029,8,AQI,25,25,22,19,25,22,18,51,21,40,19,29,30,27,26,35,21,26,18,18,11,27,18,17,30,13,14,43,50,58,27,33,32,50,29
20151029,9,PM2.5,5,11,10,5,6,8,7,10,3,8,8,4,3,6,10,11,6,8,7,8,3,40,3,5,23,3,9,13,,39,9,8,9,14,7
20151029,9,PM10,26,28,20,24,,11,19,25,9,26,12,27,15,32,30,46,20,33,18,20,30,94,13,15,86,5,20,35,24,82,13,31,31,57,13
20151029,9,AQI,25,24,18,19,16,16,18,50,21,39,18,29,29,27,25,32,20,26,18,17,11,29,17,20,33,14,14,44,49,58,26,27,28,50,23
20151029,10,PM2.5,5,7,6,13,3,6,6,12,3,3,3,9,3,6,5,11,5,13,3,6,3,17,5,3,10,6,7,8,7,16,15,4,8,13,9
20151029,10,PM10,20,25,9,,5,13,8,13,5,18,12,21,9,16,22,31,16,28,19,12,18,,29,12,59,,8,27,20,22,25,23,27,38,12
20151029,10,AQI,25,24,17,19,21,16,17,50,21,39,18,29,29,27,25,32,20,27,18,17,19,26,18,22,34,15,14,43,49,57,25,27,28,50,23
20151029,11,PM2.5,4,11,7,4,3,6,5,7,6,3,3,8,3,3,7,8,7,15,10,4,3,12,12,10,16,6,3,7,4,16,11,8,7,11,3
20151029,11,PM10,24,23,12,12,9,11,16,18,7,22,9,28,16,21,17,29,10,33,26,9,9,14,19,19,55,,,34,8,17,11,13,10,27,22
20151029,11,AQI,25,24,17,19,23,19,19,51,22,38,18,30,29,27,28,33,20,28,19,17,11,26,20,22,35,16,14,43,46,57,24,27,27,49,24
20151029,12,PM2.5,6,4,5,3,8,9,7,10,7,9,14,8,8,8,4,3,7,13,8,3,3,12,8,9,14,3,3,4,4,9,10,3,8,10,7
20151029,12,PM10,27,34,17,13,,17,10,21,17,28,25,27,14,37,16,26,12,39,21,64,14,,,22,45,5,116,21,11,10,30,20,31,71,18
20151029,12,AQI,26,25,20,20,23,20,19,51,22,39,20,31,29,28,30,34,20,29,19,19,11,26,21,22,37,16,19,42,47,57,24,27,28,51,24
20151029,13,PM2.5,4,8,6,3,9,16,9,10,3,5,23,8,6,3,5,5,9,14,5,7,8,9,3,7,17,10,5,3,3,9,11,5,7,14,6
20151029,13,PM10,26,33,44,22,15,,16,33,20,31,,34,,24,24,34,16,48,27,23,10,,19,26,51,,31,31,5,,20,28,43,47,16
20151029,13,AQI,27,26,20,21,24,20,20,51,23,40,19,32,30,29,31,34,19,30,20,20,14,26,22,23,37,17,20,42,44,58,25,27,29,52,24
20151029,14,PM2.5,6,15,16,4,5,3,11,12,4,5,3,8,5,6,7,7,8,13,10,4,6,3,3,9,12,3,3,3,7,8,11,9,12,10,9
20151029,14,PM10,27,34,46,25,23,20,24,33,22,38,18,40,14,54,31,47,26,47,30,21,14,5,6,30,57,5,15,,9,,35,31,41,47,28
20151029,14,AQI,27,26,21,21,24,20,20,51,23,40,19,32,30,31,32,36,20,30,20,20,21,26,23,24,38,18,20,43,42,59,25,28,29,52,25
20151029,15,PM2.5,7,10,6,6,5,7,5,6,7,7,,9,11,3,6,9,13,5,3,9,7,3,3,6,11,3,5,16,3,8,12,7,13,8,3
20151029,15,PM10,38,36,38,33,26,25,28,27,22,47,,47,17,53,32,50,43,43,39,28,20,22,18,27,55,5,13,152,5,11,38,29,38,44,
20151029,15,AQI,27,27,20,21,25,21,19,51,23,40,,33,31,33,31,37,21,31,22,21,21,27,23,24,39,18,20,50,38,59,26,28,30,51,25
20151029,16,PM2.5,10,16,6,10,10,8,7,7,4,9,15,8,7,3,10,4,11,10,7,8,5,3,6,8,14,4,4,12,8,9,10,6,12,8,3
20151029,16,PM10,32,34,30,29,27,24,27,38,26,47,26,55,28,58,35,48,41,52,43,35,18,28,15,29,44,21,29,98,16,,42,34,35,59,
20151029,16,AQI,26,27,20,21,23,19,20,52,22,41,19,34,31,34,31,37,21,30,23,21,21,27,22,24,40,18,21,51,39,60,25,28,30,52,25
20151029,17,PM2.5,6,7,9,3,8,10,7,6,5,7,3,11,13,6,9,9,8,9,5,8,5,3,5,5,8,5,7,15,4,8,14,6,8,11,4
20151029,17,PM10,40,35,29,35,32,25,35,34,26,48,28,49,37,46,38,53,30,35,37,27,17,27,8,31,29,23,24,78,24,24,47,36,38,76,5
20151029,17,AQI,27,27,20,21,20,16,20,52,21,42,19,35,31,34,28,36,22,30,23,22,20,28,19,23,40,17,22,52,38,60,25,29,30,52,24
20151029,18,PM2.5,9,13,11,4,3,8,9,7,5,6,7,12,14,6,11,10,8,10,9,9,6,6,9,6,4,3,9,17,8,8,7,9,12,12,12
20151029,18,PM10,44,39,35,35,27,28,28,31,28,59,30,56,40,45,45,54,26,32,44,25,17,30,28,20,28,26,24,83,33,31,45,39,44,75,34
20151029,18,AQI,27,27,21,22,17,17,21,52,21,43,18,35,31,33,28,37,21,29,24,22,19,28,17,22,40,16,21,52,38,60,25,29,30,53,25
20151029,19,PM2.5,15,9,14,9,10,5,7,8,3,6,10,11,14,18,11,9,11,14,9,9,8,3,8,6,13,7,8,17,11,14,12,12,14,17,8
20151029,19,PM10,44,43,33,31,41,25,33,38,27,51,34,49,44,57,45,48,22,34,35,22,12,31,19,18,34,24,22,81,32,47,57,42,48,70,18
20151029,19,AQI,28,28,24,22,23,18,21,52,21,42,18,36,29,32,29,38,21,29,24,21,19,29,18,22,40,15,21,52,38,60,27,30,31,53,24
20151029,20,PM2.5,16,20,8,12,19,6,12,21,11,6,7,9,9,16,11,11,9,14,6,7,7,11,9,5,8,8,4,13,11,19,15,13,15,17,9
20151029,20,PM10,41,38,29,34,37,21,35,63,28,41,26,31,30,44,37,39,21,26,26,17,12,25,16,16,25,19,13,53,36,53,29,39,44,59,21
20151029,20,AQI,28,28,22,22,23,17,24,51,17,40,18,34,27,31,29,38,20,28,23,20,18,29,17,22,39,15,20,52,34,58,28,31,31,52,24
20151029,21,PM2.5,10,14,8,6,8,13,15,22,11,17,17,8,13,15,7,11,5,11,6,7,6,15,3,7,14,4,8,15,10,12,18,8,13,14,14
20151029,21,PM10,30,32,25,29,17,20,42,60,27,52,24,28,35,33,31,51,37,23,26,26,13,27,18,15,34,14,15,54,36,32,27,36,39,47,25
20151029,21,AQI,29,28,22,21,19,17,29,48,18,38,19,30,25,30,29,37,19,27,22,20,18,29,16,20,38,14,20,52,26,55,28,30,32,51,23
20151029,22,PM2.5,10,14,8,7,12,10,14,17,15,10,5,8,13,12,8,11,10,6,3,10,6,3,15,6,28,3,9,16,8,12,3,7,10,13,9
20151029,22,PM10,25,39,22,24,25,23,46,70,24,48,26,34,29,24,31,24,14,21,26,12,13,16,38,11,92,22,11,42,35,34,21,32,34,39,23
20151029,22,AQI,28,29,22,21,19,17,30,43,18,37,19,29,23,30,28,36,19,27,22,20,18,29,17,20,41,14,20,51,21,53,26,30,32,51,22
20151029,23,PM2.5,7,12,6,3,7,8,20,14,7,13,26,12,13,12,8,5,7,7,3,7,6,3,32,5,11,7,6,13,8,12,13,7,13,10,9
20151029,23,PM10,22,27,22,23,19,17,37,38,17,35,33,27,30,33,30,27,10,17,21,9,11,20,49,12,44,,8,35,24,26,20,31,36,41,22
20151029,23,AQI,28,29,22,22,19,17,29,41,18,36,20,29,24,30,28,36,19,28,23,19,17,30,25,20,42,14,19,50,21,52,26,30,32,51,22
