date,hour,type,dongsi,tiantan,guanyuan,wanshouxigong,aotizhongxing,nongzhanguan,wanliu,beibuxingqu,zhiwuyuan,fentaihuayuan,yungang,gucheng,fangshan,daxing,yizhuang,tongzhou,shunyi,changping,mengtougou,pinggu,huairou,miyun,yanqing,dingling,badaling,miyunshuiku,donggaocun,yongledian,yufa,liulihe,qianmeng,yongdingmengxi,xizhimengbei,nansanhuan,dongsihuan
20150201,0,PM2.5,150.1,133.7,125,159,97,132.7,114,76.1,62.5,180.9,100.6,58,181.5,251.6,164.6,187.3,155.3,43.5,57.2,58.6,57.2,74.8,75.3,30.1,31.4,14.5,78,325.9,193.8,327.1,154.9,159.7,128.3,169,123.2
20150201,0,PM10,,136.2,135.8,168.8,122.6,139.4,165.2,,65.4,217.3,143.2,67.6,188.7,,179.4,206.5,,45,,,,,93.7,,34.3,18.3,115.9,,,,,162.6,149.6,179.7,123.9
20150201,0,AQI,57,52,55,58,51,55,59,71,44,65,71,58,94,75,67,60,53,37,64,36,42,34,67,23,27,15,46,74,117,208,58,60,59,66,61
20150201,1,PM2.5,146.3,140.5,100.2,166.6,85.1,134.5,109.3,76.1,50,139.1,89.4,43.2,122.5,280.1,210,269.6,144.5,57,53.8,70,53.8,46.8,134,67.7,26.8,17.9,82,261.8,162.3,376.7,158.8,181,85.4,172.8,130.3
20150201,1,PM10,,,104.4,177.7,123.4,143,155.6,,50.1,176.6,109.3,59.4,,,220.4,281.3,,,,,,,150.3,,33.4,19.3,116.6,,168.2,,167.4,,98.4,187.2,133.7
20150201,1,AQI,64,59,59,66,53,61,63,72,46,72,74,58,99,89,77,73,53,39,65,40,44,37,73,34,27,14,42,86,123,217,66,69,63,75,67
20150201,2,PM2.5,118.8,139.9,68,151.8,103.1,114.3,90.1,83.2,48.4,92.1,88.3,36.6,117.5,215.7,235.1,339,94.6,64.5,39.2,67.6,45.3,41.3,140.6,46.6,27.9,17.7,90.6,250.8,282.5,291.7,125.2,147.3,79.5,164.2,125.5
20150201,2,PM10,,,,166.6,149.2,131.8,123.7,,,122.9,114.9,,122,,236.9,,,69.6,,,,,157.6,,38.4,,106.3,,,,,,97.3,184.7,157.1
20150201,2,AQI,70,66,62,73,56,66,64,73,48,76,77,59,104,100,88,90,58,42,65,44,46,39,78,26,33,14,42,97,133,221,72,76,66,82,72
20150201,3,PM2.5,130,109.2,88.5,108.2,96.1,153.2,97.3,101.3,58.5,95.8,77.4,65.8,128.8,186.4,218.7,368.7,43.9,39.2,36.9,49.9,44.7,34.2,111.4,34.1,31.9,20.7,74.8,293.2,186.5,274.5,98.4,123.1,118.4,139.5,173.4
20150201,3,PM10,132.2,,105.3,120.9,114.4,178.5,123,,,117.7,99.6,91.4,142.2,,,377.1,,,,,,,119.8,,37.9,21.2,94.5,,,,107.1,,159.1,160.4,215.7
20150201,3,AQI,76,71,66,78,61,73,68,76,50,81,80,61,109,109,99,108,59,44,66,47,48,41,81,28,30,15,46,112,138,225,76,82,71,89,80
20150201,4,PM2.5,114.1,98.3,98,102.2,41.5,152.5,93.6,99.5,64.3,87.3,44.5,77.1,117.7,183.4,192.7,349,35.4,57.9,36.4,44.7,33.6,26.6,112.7,32.7,33.6,18.9,70.9,312.4,218.5,231.1,112.1,126.2,89.6,113.8,156.8
20150201,4,PM10,,104.6,102.9,119.7,48.7,159.5,119,,,116.9,,93.9,154.5,,,,,65.4,,,,,,,40.6,,92.9,,,,113,131,92.9,127.9,177.8
20150201,4,AQI,81,75,71,83,62,80,73,78,53,84,81,64,114,117,108,126,61,46,66,49,48,42,84,29,30,15,51,126,146,225,81,88,75,94,86
20150201,5,PM2.5,93.8,95.3,60.8,93.1,32.4,127.7,80.1,93.4,46.7,75.2,44.4,52.5,84.8,181.9,182.3,261.8,37.4,54.7,26.3,37.8,35.9,21.4,79.9,32.1,41.3,15.9,68.8,304.8,213.6,240.5,78.5,101.9,47.7,107,116.8
20150201,5,PM10,,98.1,,104.4,35.4,,88.2,,,,47.7,55.5,102.8,193.8,195.8,266.8,,62.4,,,,,,,41.4,20.3,70.1,,,,,,,111,119.5
20150201,5,AQI,85,80,73,87,63,85,76,81,55,87,81,65,117,126,116,139,62,49,66,51,49,43,87,31,31,16,52,141,155,226,85,93,76,99,92
20150201,6,PM2.5,37.5,59.7,34.8,36,38.1,85.1,68.1,105.2,44.1,73.7,45.6,40.8,50.5,186.2,194.2,206,41.6,109.7,36.7,33.8,29.1,22,58.6,27.3,39.2,11.7,54.8,278.2,220.6,228.9,37,50.9,39,62.5,73.2
20150201,6,PM10,,,,,41.6,,77.9,,,,57.8,42.7,61.6,206.2,205.9,,,157.7,,,,,,,44.8,16.7,76.3,,,,,,42.4,,
20150201,6,AQI,86,82,74,88,65,89,78,84,56,90,82,67,118,134,125,149,64,54,66,53,50,44,88,32,33,16,54,155,166,229,86,95,78,101,95
20150201,7,PM2.5,28.8,45.2,32.5,30.6,30.1,48.6,74.4,106.8,41.6,53,42.9,52,48.4,164.7,158.7,129.6,37,90.5,25.3,33.5,28.4,23.6,71.8,26.6,42.2,15.4,58.5,276.7,220.6,233.6,33.6,39.4,38.7,36.6,49.4
20150201,7,PM10,,,,,35.4,,90.4,,,,45.6,56.1,54.6,196.3,162.8,,,104,,33.7,,,76.1,,48.2,21.8,,,,,,,46.4,,50.7
20150201,7,AQI,87,84,75,89,66,91,81,87,58,93,83,69,118,140,133,156,65,58,66,54,51,45,88,32,35,17,56,170,176,229,87,96,79,103,96
20150201,8,PM2.5,36.6,27.3,29.6,31.6,44.1,31.6,71.6,109.2,32.6,32.7,41.3,33.3,50.1,186,75.6,71,29.4,61,32.7,38.5,27.3,31,82.1,40.9,42.1,19.6,43.1,281.6,200,175.6,33.4,54.6,37.8,35.3,36
20150201,8,PM10,47.4,,31.9,35,70.6,35.7,89,,36.2,40.1,46.7,56.3,60.3,231.6,,,,72.7,,41.9,35.5,33.5,98.9,,67.8,27,,,,,37.2,,54.1,44.9,54.8
20150201,8,AQI,89,85,76,90,67,92,84,90,59,94,84,69,117,149,136,158,66,60,66,55,51,47,89,34,36,17,57,186,185,228,89,98,80,104,97
20150201,9,PM2.5,45.9,39.4,51.1,49.3,45.4,39.3,81.4,122.2,45.1,51,60.6,54.3,62,161.1,40.1,74.6,19.4,60.6,34.2,81.7,35,35.5,87.8,45.8,50.5,17.8,47.5,250.2,223.2,165.8,48.7,52.9,66.4,50.6,42.7
20150201,9,PM10,54.8,49.5,59.5,65.4,76.7,46.2,110.6,,48.7,53.8,76.7,87.9,78.7,173.3,44,,21.1,70.6,35.4,111.8,,45.3,90,,80.1,20.9,54,,,,56.9,73.3,90.1,62.1,59.5
20150201,9,AQI,90,86,78,92,69,93,88,93,60,96,86,71,118,157,136,162,66,62,66,58,52,48,92,36,39,18,60,199,194,228,91,101,83,106,98
20150201,10,PM2.5,37.4,32.7,45.6,33.6,32.8,39.5,60.2,143.8,68.6,49.9,66.4,81.4,65.7,53.7,47,135.2,21,90.2,33.1,101.3,36.1,39.4,85.5,67,45.8,12.2,54.9,170.6,226.9,127.4,37.6,55.9,48.7,41.7,40.8
20150201,10,PM10,60.5,39.9,46.6,45.6,50.1,57.2,66.9,,73.6,,94.7,92.2,87.1,61.9,54.1,137.8,,106.8,39.9,130.7,,57.6,85.8,,62,19.2,,,265.2,,47.1,78.9,58.6,54.4,53.9
20150201,10,AQI,92,87,80,94,69,94,90,95,62,98,87,74,117,160,137,169,67,65,66,60,52,50,93,39,40,18,62,205,203,226,92,103,85,108,98
20150201,11,PM2.5,36.3,34.7,41.6,34.3,30.5,37.8,32.3,115.6,71,51,74.2,76.6,78.9,52.4,36.1,83.6,14.6,110.5,46.5,156.2,25.2,18,88.5,49.7,52.8,14.8,134,,206.2,94.2,38.8,55.7,39.2,34.7,34.9
20150201,11,PM10,42.1,37.5,,50,48,51.4,,,,51.3,98.5,95.3,102.4,,,88.5,17.3,127.4,62.9,180,30.1,,93.7,,61.6,26.8,140.9,199.9,,,45.6,60.2,54.8,46.2,
20150201,11,AQI,93,88,81,95,70,95,90,98,65,99,89,76,119,162,138,173,67,70,66,66,52,51,94,42,43,18,67,211,209,227,93,105,85,108,99
20150201,12,PM2.5,42.2,32.5,43.3,45.3,42.5,36.5,39.1,101.2,73.4,44.9,68.5,77.4,85.1,41.3,42.6,90.4,20.2,109.4,66.1,90.9,21.6,9.9,67.5,78.9,58.7,15.1,135.3,84.9,108.6,76.7,41.6,39.3,45.4,39.3,39.6
20150201,12,PM10,,38.3,,46.4,58,39.9,,,,,80.2,89.3,97.1,,44.4,100,,114.6,75.7,106.7,26.8,,,,67.9,15.2,234.8,192.9,,,43.1,44.9,53.8,44.7,55.4
20150201,12,AQI,94,89,82,96,71,96,91,102,67,101,91,79,121,163,139,177,67,75,68,71,53,53,96,46,46,19,73,214,212,228,94,106,86,109,100
20150201,13,PM2.5,48,39.2,45.6,39.9,45.4,39,40.2,78.2,66.8,45.6,70.7,60.5,65.6,46.2,39.9,80.9,21.4,116.5,74.3,65.6,16.9,19.3,56.5,121.5,65.7,3,150.3,156.6,97,67.3,48.6,37.7,,38.8,149.6
20150201,13,PM10,,,,,58.8,,43.1,,,,,65.5,67.5,,,,,130.9,,73.3,25.7,,,,71.8,5.8,366.6,172.2,,,,,56,52.4,
20150201,13,AQI,95,90,84,97,72,97,92,105,69,102,93,81,122,165,140,181,68,80,70,74,53,55,98,53,48,20,80,220,213,228,95,106,88,110,107
20150201,14,PM2.5,41.4,35.3,41.9,42,35.3,31.6,47.2,50.4,42.4,49,58.7,48.7,60.4,53.9,42.5,71.7,19.2,75.9,62.3,79.4,17,11.4,52.8,78.1,63.6,4.9,86,137,105,86.7,36.7,42.6,9.7,42.1,32
20150201,14,PM10,,,,45.4,48,34,,,,,71.7,50.1,67.3,,,,,79.7,62.6,89,23.7,,,,,5.6,136.7,139.1,105.4,,,,47.5,53.9,35.7
20150201,14,AQI,96,90,85,97,73,97,94,106,71,103,94,82,123,167,141,184,68,84,72,78,53,55,99,56,51,21,85,226,216,229,96,107,87,111,107
20150201,15,PM2.5,47.1,52.4,64.2,65,40.9,38.1,51.3,49,55.4,71.4,69.7,64.3,73.7,89.8,59.5,86.1,25.4,49.5,64,79.8,19.2,17.2,32.5,47.8,33.1,3.4,100,132,122.6,129.5,56,56.5,53.9,65.8,39.7
20150201,15,PM10,,56,,77.5,46.3,47.8,52.8,,,101.7,84.5,67,87.3,103.5,60.9,99,,,69.3,105.3,24.9,,,,,5,118.8,,131.6,130.1,,70.2,59.3,83.9,47.2
20150201,15,AQI,97,92,88,100,74,98,96,108,73,106,96,85,126,171,143,188,69,86,74,82,53,58,100,58,51,24,90,231,219,232,97,109,89,112,109
20150201,16,PM2.5,82.9,80.5,90.6,97.4,49.9,74.4,81.9,57.6,64.8,113,88.9,82.1,108.5,129.7,105.3,85,44.1,47,78.1,92.6,20.3,15,34.5,38.2,51.2,7.4,97.8,134.6,120.7,156.8,78.3,89.9,81.2,99.8,71.4
20150201,16,PM10,,87.8,96.5,115.2,67.5,88.9,104.1,,76.1,157.2,103.2,100,134.4,141.1,117.2,91.2,,,82.1,116.2,33.8,24.4,37.2,,58.2,9.6,190.9,,124.4,,86.4,106.7,102.4,117.2,96.8
20150201,16,AQI,101,96,92,104,76,102,99,110,75,110,99,87,130,178,147,192,70,87,76,86,53,56,101,59,53,23,95,236,222,235,101,112,93,116,112
20150201,17,PM2.5,106.9,106.2,111.9,122.1,85.7,89.9,118.4,65.4,98.9,134.7,121.3,105,124.7,114,115.8,111.3,64.7,51.8,87.9,96.7,19.8,28.7,49.3,39.9,46.2,18.4,113.9,136,102.9,175.7,112.5,127,108.7,136.2,90.9
20150201,17,PM10,,123.7,122.2,145.9,110.9,109,152.4,68.6,116.1,147,131.7,125.4,147.3,115.8,122,124,66.8,,96.5,126.9,34.9,31.2,52.4,,49.7,25.6,165,,107.6,,120.3,145.4,132,158.2,111.2
20150201,17,AQI,105,100,96,109,80,106,105,113,79,116,103,91,134,183,151,198,73,89,79,91,53,57,102,61,55,20,100,241,222,240,105,117,98,121,116
20150201,18,PM2.5,143.4,129.1,123,128.3,99.1,124,126.7,90.2,123.8,139.3,132.4,116.6,138,108.3,115.4,126.5,77.9,51.7,104.6,121.9,29.7,47.8,43.4,47.1,57.1,24.4,142.7,137.4,105.4,178.4,138.8,141.7,125.3,140.6,124.6
20150201,18,PM10,,132.7,131.8,154.6,133.2,145.2,153.9,94.5,,155.8,157.1,133.3,165.4,109.4,115.7,148.6,92.9,56.1,108.8,181.2,47.8,55.8,46.7,,57.8,39.3,282.9,,,,143.5,155.5,150.4,160.3,152.2
20150201,18,AQI,111,105,101,114,84,111,109,116,84,121,107,94,137,185,156,202,76,91,81,97,54,58,103,62,57,20,107,246,220,244,110,123,103,126,121
20150201,19,PM2.5,156,125,121.4,124.1,120.7,142.4,128.2,119.1,124.3,134.6,150,132.4,149,117,115.2,159,113.8,59.1,144.2,160,37.2,84.7,44.1,50.9,63.7,36.5,186.1,194.6,110.4,172.1,134,125.4,134.4,126.5,207.5
20150201,19,PM10,,128.5,132.3,145.9,158.4,161.6,156.3,128.9,,171.2,178.7,155.7,167.4,124.2,120.3,205.4,123.2,66.9,185.9,220.5,62,99.2,50.1,,,59.9,249.7,,,,138.9,137.7,150.5,146.1,
20150201,19,AQI,116,108,103,117,88,115,113,119,87,123,110,97,141,187,158,207,80,92,84,103,54,59,102,64,59,22,115,252,221,247,114,125,106,128,129
20150201,20,PM2.5,142.6,118.6,125.9,133.2,114.9,128.2,128.9,117.2,109.3,134.8,151.8,145.3,154.5,150.8,124.2,215.3,136.8,68.1,136.8,182.2,79.3,91.6,48.9,60.2,67.2,47.2,154.3,224.6,217.8,173.8,130.1,137.1,132.5,136.7,145
20150201,20,PM10,,123.4,142.8,154.5,146.3,144.3,157.2,,,148,181.2,177.2,193.6,167.8,129.9,225.7,138.7,81,157.5,239.4,102.1,119.9,57.8,,,68.7,177.5,,,,136.7,154,162.9,163.4,163.6
20150201,20,AQI,119,111,106,119,91,118,115,121,90,125,112,99,143,189,160,212,84,92,85,109,54,59,101,67,62,24,122,259,222,247,116,128,109,130,133
20150201,21,PM2.5,142.7,123,124.5,139.7,114.9,129.4,139.6,103.8,117.3,171.4,171.6,135.1,212.9,172.5,129.3,182.3,149,82.2,156.5,204.6,78.8,121.9,57.5,60.4,70,53.8,139.2,217.3,135.1,191.6,147.2,170.6,139.2,170.3,136.5
20150201,21,PM10,,,133.3,162.5,139.3,148.6,167.9,106.2,,199.7,191.1,199.3,265.4,188.8,,197.9,149.5,,169.9,237.8,88.1,135.7,58.6,,,77.8,165.8,,,,152.2,194.4,160.7,198.4,161.3
20150201,21,AQI,121,112,107,121,92,119,117,122,92,128,113,100,146,192,161,216,88,92,88,116,55,61,100,69,64,26,127,262,219,246,118,131,110,133,135
20150201,22,PM2.5,151.6,136,123.5,160.7,117,131.4,138.7,142,129.4,173.9,147.9,135.9,224.7,162.3,130.1,260.8,151.3,75.7,139.7,182.7,91,134.6,61.2,55,64.6,68.9,138,193.7,144.6,250.9,164.5,184.3,140.6,207.1,154.4
20150201,22,PM10,,,125.9,184.9,147,141.5,170.7,,,199.6,175.7,227.3,304.3,163.7,,263,160.1,,144.2,191,,146.5,75.5,,,97.6,173.1,200.5,,,164.7,185.4,156.1,213.4,236
20150201,22,AQI,122,114,107,123,93,120,118,125,95,130,116,103,148,193,160,221,92,94,92,121,56,64,98,70,66,30,131,264,219,246,120,134,111,136,138
20150201,23,PM2.5,167.9,155.5,132.2,185.6,125.7,143.5,160.4,196.9,128.2,206.1,153.2,133.4,199.4,170.6,122.1,439.2,249.4,64.7,134.3,147.2,81.1,131.6,62.6,119,69,72.9,138.2,230.2,131.5,335.5,167.9,179.5,140.6,201.5,166.8
20150201,23,PM10,,,,204.4,153.6,150.9,199,,,221,176,246.1,261.8,,,,,,,,,140.9,77.9,,,95.6,173.8,237.2,,,,,148.2,,201.1
20150201,23,AQI,124,115,107,125,94,122,120,132,99,132,119,106,148,192,159,233,98,95,96,125,57,66,97,74,68,33,134,267,219,249,122,136,112,139,135
20150201,0,SO2,42.2,36.8,48.4,55.2,46.9,49.5,39.4,12.9,21.6,64.6,49,29.5,57.4,110.4,81.4,55.8,56.7,33.5,29.8,20,12.4,18.6,40.3,32,32.9,4.2,32.6,57.8,25.1,71.5,53.4,62.4,43.8,75.8,36.3
20150201,0,NO2,86.2,87,97.9,103.9,94.8,105.2,98.1,57,73,101.4,85.9,69.9,83.5,98.9,95.1,90.5,91,46.7,55.4,31.6,28.3,50.4,76.6,24.3,35.1,8.1,90.8,108.9,87.6,102.3,96.8,100.7,105.5,119.8,103.6
20150201,0,O3,6,5.8,2,5.5,2,2,2,2,7.6,2,12.9,7.6,11.2,4.9,3.1,4.6,16.7,22,12.6,16.6,18.7,10.2,10.8,22.5,21.7,45.1,2,5,2,24.4,2.4,2,9.2,2,11.5
20150201,0,CO,2,2,2.9,2.7,2.3,1.8,2.9,2.1,1.3,4.1,1.9,2,4.2,4.3,2.8,3.5,3.9,1.1,1.4,1.6,1.4,2,2.2,2.2,0.7,0.3,1.4,6.9,3.6,6.7,2.5,2.6,2.9,3.3,1.8
20150201,1,SO2,36.3,21.4,38.9,47.1,77.1,47.3,35.8,10.1,17.2,63.8,57.9,19.2,29.1,129.2,108.9,79.6,34.9,42.3,27.3,23,10.5,13.4,52.2,41.3,26.4,4.3,21,50.2,20.5,82.9,55.5,53.2,41.3,70.5,33.5
20150201,1,NO2,85.8,81.1,95.3,102.1,91.8,106.6,94.8,53.6,56.5,90.7,102.2,53.3,71.5,99.5,101.2,95.2,73.7,55,37.9,35.1,21.4,48.2,95.2,25.5,40.1,11.7,82.3,110.1,71,103.5,104.8,96.9,96.5,119.2,106.9
20150201,1,O3,6.1,5.3,2,5.4,2,2,2,2,14.6,2,7.5,11.1,7.3,4.9,3.6,10.7,14.7,11.2,19.5,13.1,22.7,8.1,18.1,22.7,14.6,36.7,2.2,2,2,27.6,2.4,2,8.5,2,8.3
20150201,1,CO,2.4,2.2,2.4,3.4,2.9,2,3.3,2.1,1,4.2,2.1,1.4,2.7,5.4,3.8,6.4,3.2,1.6,1.2,2,1.3,1.5,3.5,3.4,0.7,0.4,1.3,5.6,3.8,9.5,3.1,3,2.4,3.8,2.1
20150201,2,SO2,63.4,20.3,42.9,35.4,92.1,53.8,42.1,8.5,16.6,34.9,57,15.9,28.8,100.1,119.1,86.3,24.1,40.2,22.1,22,7,12.2,44.8,38.3,26.7,4.7,15.7,47,12.3,73.3,48.2,38.5,56.4,66.2,50.1
20150201,2,NO2,91,86.3,88.7,101.2,89.5,104.2,91.9,49.9,59.1,87.2,100.7,36.9,72.3,92.7,104,92.1,61,55.1,36.8,33.9,14.1,43.2,99.9,21.3,64.2,11.5,80.9,105.8,65.9,91.9,96.7,84.5,94.5,125.5,100.4
20150201,2,O3,8.8,5.4,2,4.9,2,2,2,2,11.9,2,7.3,19.7,7.1,3,3.9,13.3,8.1,9,13.4,12,27.3,9.2,16.1,20.1,3.4,39,2,2,2,20.8,2,2,9.8,2,10.6
20150201,2,CO,3.1,2.6,1.8,3.8,3.3,2.5,4.2,2.3,1.1,3.3,2,1.4,2.8,5.9,4.4,8.5,2.1,1.8,1.2,2,0.9,1.5,3.4,2.5,0.6,0.5,1.2,6.4,6.4,7.4,2.6,3.2,2.2,4.3,3.4
20150201,3,SO2,64.4,22.8,69.9,41.7,59.2,67.2,46.5,7.8,20.5,36.2,43.5,33.1,30.5,74.7,111.8,73.1,31.9,35,15.2,32.6,6.7,11.5,35.6,41,31.1,4.6,15.6,36.1,13.5,63.5,67.2,64.3,88.8,58.5,41
20150201,3,NO2,86.9,83.5,92,94.6,75.3,103.8,87.8,47.6,75,85.6,79.1,79.6,69.7,87.7,105.1,102.1,48.8,41.9,28.2,31.2,15.8,44.1,77.3,20.4,59.5,11.1,80.9,100.1,76.7,91.2,91.4,87.6,98.3,125.3,92.6
20150201,3,O3,10.2,5,2,3.9,2,2.4,2,2,3.5,2,9.1,2,7.5,3,3.2,15.8,6.2,19.8,2,15.1,24.7,7.4,12.9,22.5,2.6,35.6,2,2,2,20.2,2,2,9.5,2,11
20150201,3,CO,3.4,2.4,2.5,2.3,2.7,3.8,4.1,2.7,1.3,3.1,1.7,2,3.3,4.8,4,10.8,1.1,0.9,0.1,1.8,1,1.3,2.7,2.2,0.5,0.5,1.2,8,4.2,8.5,2.5,2.6,3.1,4.4,4.9
20150201,4,SO2,44.3,37.4,75.8,61.9,30.4,58.9,55.9,7.6,26.3,39.6,26,52.3,37.3,57.3,103.9,74.3,19.3,45,15.8,23.8,5.2,9.7,23.9,34.8,31.9,5.4,14.7,35.6,12.2,49.2,57.8,69.9,66.7,56.4,34.3
20150201,4,NO2,71.8,84.6,86.8,97.7,59.2,94.6,87.1,47.3,81.9,90.3,62.1,85.6,71.3,84.1,107.4,108.1,47.1,56.6,36.2,33.4,15.3,43.3,53.3,18.3,55.5,12.5,80.1,99.5,71.1,72.6,84.1,90.3,86.8,118,85.3
20150201,4,O3,9.4,6.4,3.5,8.3,2,4.7,2,2,2,2,11,4.8,6.8,6.5,4.5,18.9,6.1,10,15.1,16.2,29.6,8.4,14.8,23.1,2,35.5,2.7,2,2,18.2,2,2,11.8,2,9
20150201,4,CO,2.5,2.8,2.6,2.5,1.4,3.7,3.9,3.1,1.7,3.6,1.5,2,3.5,5.8,4.7,9.8,1.1,2.7,0.9,1.7,0.8,1.2,2.8,2.5,0.6,0.5,1.2,8.5,4.2,9.3,3,3.3,2.3,4,4.4
20150201,5,SO2,32.7,32.9,34.6,46.6,25.6,50.5,47.6,7.9,24,53.9,28.1,31,32.3,55.1,85.1,79,17.9,42.9,8.3,20.8,9.7,9.2,18.6,34.9,36.9,5,16.9,29.5,12.1,43.9,36.3,44.6,33.3,61.9,32.5
20150201,5,NO2,65.2,75.7,72.8,76.7,58.4,83.7,82.6,46.4,67.3,82,59.6,56.4,71.1,79.7,116.1,85,47.4,58.7,,32,24.2,37.5,37.6,17.3,48.4,11.8,75.8,95.3,63.8,75.2,70.5,70.8,75.9,106.7,74.2
20150201,5,O3,7,6.3,2,8,2,2,2,2,3.8,2,9.6,9.2,5.4,5.3,5.3,14.7,4.5,6.2,27.6,15.8,21.2,11.2,12.7,22,6.4,34,3.9,2,2,18.4,2,2,13.1,2,5.3
20150201,5,CO,2.1,2.7,1.5,2.2,1.3,3,3.6,3.5,1.3,3,1.7,2,2.8,7.6,4.9,7.8,1.3,2.4,0.8,1.4,1,1.2,1.9,2.5,0.7,0.5,1.1,9.4,5.1,10.6,2,2.2,1.5,3.4,3.3
20150201,6,SO2,28,22.7,35.3,26.2,30,37.7,41.3,8.2,22,52.9,29.2,28.1,32.8,59.7,72.2,76.6,25.6,62.1,29.1,14.4,8.4,11,19.6,39.4,54.8,7,12,33.7,17,44.7,26.8,30.2,44.9,40.4,33.5
20150201,6,NO2,56.2,62.2,72.2,61.7,59.5,75.6,81.1,43.1,62.9,80.7,55.6,68,65.3,83.5,112.9,82.8,54.1,64.7,29.1,35.3,32.1,40.6,38.9,21.2,51.5,11.3,72.2,94.9,75,72.8,60.4,64.3,74.2,87.4,69.6
20150201,6,O3,4.5,4.3,2,7.9,2,2,2,2,5.2,2,10.9,3.6,4.5,4.6,5.4,11,3.4,9.5,22.1,13,19.2,10,11.9,21.7,5.9,37.5,3.4,2,2,18.4,2.3,2,13.7,2,3.9
20150201,6,CO,1.3,1.8,1.2,1,1.3,2.1,3.6,3.9,1,2.9,1.6,2,2.1,8.7,5.2,5.9,1.5,4.8,1.4,1.3,0.9,1.2,1.8,2.2,0.8,0.4,1,9.4,5.6,9.4,1.3,1.3,1.3,1.8,2.2
20150201,7,SO2,19.2,15,24.3,19.6,29.2,29.9,50.9,8.9,22.2,37.9,29.8,36.9,33,58.9,73,64.6,29.4,70.3,19.4,19.8,11.1,12.2,22.3,41.1,64,9.4,16.9,34.2,17.7,50.4,21.9,27.4,35.2,36.3,33.6
20150201,7,NO2,54.3,55.7,68.7,60.9,59.6,67.1,80.7,44.8,62.9,73.4,49.3,68.8,65.3,92.1,98.1,76.5,55.8,67.1,26.4,38,40.2,36.2,56.3,25.4,58.9,10.9,70.1,92.9,63.9,73.9,65,63.7,79.5,84,64.3
20150201,7,O3,5.4,3.6,2,7.8,2,2,2,2,5.8,2,13.7,3.3,4.1,4.1,5,7.2,3.6,6.1,23.4,12.6,7.5,15,12.6,19.7,2,37.7,4.1,2,2,15.8,2,2,9.3,2,4.4
20150201,7,CO,1,1.4,1,0.9,1.2,1.3,4.4,4.3,1,2.2,1.4,2.9,1.9,7.7,4.5,4,1.4,3.5,0.9,1.2,1,1,2.5,2.2,1,0.4,1,9.4,5.5,9.5,1.4,1.3,1.5,1.5,1.7
20150201,8,SO2,28,16.7,23.4,18.6,58.9,25.9,51.9,11.1,21.5,33.1,36.1,25.4,40.3,74.4,64.2,60.2,22.6,49.2,17.1,21.3,14.3,14.9,28,47.2,71.5,10.7,17.9,41.1,23.2,59.6,23.7,25.4,39.8,35,33.2
20150201,8,NO2,60.1,60.3,69.3,62.4,64.8,65.3,80.1,46.7,55.8,76.1,53.2,57.9,66.8,95.9,73.3,64.3,54.5,61,32.2,42.5,40.1,40.4,85.3,39.1,61.4,12.5,65.8,95,68.7,71.3,63.9,64.6,80.5,81.4,64.9
20150201,8,O3,3.6,3.6,2,6.7,2,2.4,2,2,8.5,2,13.9,3.9,4,5.1,6,3.6,7.8,6.3,17.5,11.2,8.3,12.4,13.5,7.6,2.2,34.5,6.2,2,2,13.1,2,2,10.4,2,5.3
20150201,8,CO,1.2,1,1,0.9,1.6,1,4.4,4.8,0.9,2,1.4,1.8,1.8,8.3,2.7,2.3,1,2.2,0.9,1.3,1,1.2,2.9,2.6,1.2,0.5,0.9,9.7,4.1,7.7,1.1,1.2,1.6,1.5,1.3
20150201,9,SO2,34.2,31.5,55.6,40,54.3,27.2,58.1,10.1,42.5,41.5,48.1,43.2,34,72.1,45.3,56.5,26.5,58.4,18.8,31.8,11,18.2,29.1,47.7,87.4,12.4,18.5,52.5,27.3,70.1,38.9,45,70.3,52.9,34.1
20150201,9,NO2,58.1,63.9,77.1,68,62.3,65.9,80.9,45.8,62.9,77.6,56.1,74.5,67,92.7,61.4,62.4,37.2,55.3,28.2,58.6,37.1,38.2,53.6,33.7,53.8,8.9,60.8,96.4,64.2,75.6,63.3,67.5,85.1,90,64
20150201,9,O3,7.2,6.8,3.1,9.1,2,6.3,2,2,7.1,2,15.8,5.3,5.6,3.4,10.6,5.1,21.2,6.2,22,8.6,15.4,17.7,14.8,11.9,6,39.1,12,2,2,14.1,5.1,2,11.4,2,9.3
20150201,9,CO,1.3,1.2,1.8,1.4,1.9,1.1,4.3,5.2,2.1,2.5,1.9,2.8,2.1,5.2,1.6,2.2,0.6,1.7,0.8,3,0.9,1.3,2.7,2.5,1.3,0.4,0.9,8.3,4.6,6.4,1.5,1.4,2.3,1.6,1.5
20150201,10,SO2,22.1,23.3,42.3,24.9,25,26.4,45.7,20.6,57.3,46.3,45.6,55.9,33.5,46.3,38.7,67.2,22.3,75.4,23.8,37.3,12,20.7,39.7,68.5,53.8,11.6,19.1,58.5,48.5,54.6,24,30,45,38.1,48.9
20150201,10,NO2,50.2,59.1,65.5,51.5,49.3,61.3,72.3,52.3,79.6,66.1,69.2,78.9,69.2,70.6,51.9,74.7,27.9,64.4,26.7,48.5,34.6,34.1,42.9,35.1,40.2,7.2,55.7,96.4,87,71.2,54.8,64,75.1,84.2,61.2
20150201,10,O3,11.7,12.9,7.8,21.3,6.6,14.1,2,2,6.2,2,14,6.9,7.3,5.1,16.9,10.6,31.6,7.8,26.4,15.1,25.2,25.2,19,19.1,18.5,43.1,19.5,2,2,12.4,13,5.4,15.2,2,15
20150201,10,CO,1.1,1.1,1.3,0.9,1.2,1.2,2.1,5.8,3,1.5,2.1,3,2,1.6,1.5,3.1,0.6,2.5,0.8,1.7,0.9,1.3,2,2.7,1.1,0.4,0.9,6.1,4.6,4.4,1.3,1.2,1.6,1.5,1.3
20150201,11,SO2,24.2,23.1,43.7,29.6,27.4,21,37.6,37.3,52.4,45.6,46.3,58.2,75.8,31,30.2,52.8,18.5,89.8,32,42.6,7.4,14.6,44.7,69.8,56.2,11.6,34.7,68.7,70.3,72.1,29.1,29,45.2,39.2,32.1
20150201,11,NO2,45.5,54.5,61.6,48.8,42.2,53.3,65.3,60.2,74.6,64.5,71.2,79,83.3,61.1,44,66.6,24.3,77.6,49.6,71.8,20.6,14,57.5,32.1,42.1,7,72.4,93.6,97.5,72.7,50.6,60.5,69,71.7,55.6
20150201,11,O3,17.9,18,11.9,24.8,18.1,28.1,3.2,2,10.9,3.5,17,8.6,6.6,12.4,28.2,13.5,36.8,9.2,17.9,18.4,43.6,51.6,20.6,27.5,20.1,46.4,20.8,3.6,2,16.9,19.8,10.4,20.2,5.2,24.2
20150201,11,CO,0.9,1,1.2,0.9,1,0.9,1.5,5.3,2.5,1.4,2,2.7,2.5,1.2,1.1,1.9,0.5,2.9,1.3,3.3,0.6,0.7,2,2.4,1.1,0.4,2.1,4.3,3.8,2.4,1.1,1.2,1.5,1.2,1.2
20150201,12,SO2,27,27.5,54.2,33.6,37.5,21.4,50.3,39.7,53.3,45.7,42.3,51.4,91.9,23.3,28.5,55.8,16.7,93.1,46.7,26.9,6,12.5,32.3,73.8,58.3,9.2,38.3,69.4,43.9,64.7,32.6,30,60.4,43.2,31.2
20150201,12,NO2,44,50.1,62.5,41.7,51.8,41.3,65.3,66.1,78.3,56.7,68.7,79.3,91.4,58,47.1,68.5,24.4,79.8,65.5,55.2,17.4,7.5,40.7,55.5,41.3,5.7,88.6,94.2,73.2,74.2,42.8,55.2,66.6,73.4,51.8
20150201,12,O3,20.8,26.4,14.3,35.4,12.4,45.9,5.8,2,13.8,13.5,24.7,11.7,6.2,18.1,30,18.1,38.3,10,18.6,30.6,50.4,62.3,32.8,16.7,25,52.5,14.5,3.6,6.3,17.5,35.6,20,23.9,8.7,33.1
20150201,12,CO,1,0.9,1.3,0.8,1.2,0.8,1.4,4.6,2.3,1.2,1.8,2.4,2.5,1.1,1.3,1.8,0.5,2.4,1.5,1.8,0.5,0.6,1.1,3.1,1.1,0.4,1.9,3.2,2.4,2.1,1.1,1,1.3,1.2,1.1
20150201,13,SO2,21.1,23.9,48.3,23.1,35.3,19.4,53,38.9,45.9,37.4,38.2,38.6,40.4,27,20.2,47.7,15.7,83.5,39.6,23,3.7,20.3,36.5,86.3,67.8,6.1,38.5,63.7,38.8,47,29.1,23.2,56.7,36.1,29
20150201,13,NO2,46.6,53.7,65.6,40.5,56.8,37.7,68.5,69.1,68,61.6,70.8,68.2,77.4,65.7,45.3,67.3,23.4,83.6,57.7,41.7,13.5,10.3,36.3,80.2,46.7,3.7,96.2,102,64.9,67.3,49.6,56.6,69,86,47.5
20150201,13,O3,20.7,27.5,16.4,40.4,12.6,55.6,6,2,21.9,13.3,26.2,18.5,7.1,17.9,38.2,23.2,41.5,13.7,26,41.8,59.1,63.2,39.7,8.2,25.4,61.9,17.6,4.9,15.1,22.1,31.5,22.8,22.9,3.4,40.4
20150201,13,CO,1,0.9,1.2,0.7,1.3,0.7,1.4,3.8,1.8,1.2,1.6,1.7,1.7,1.2,0.9,1.6,0.5,2.2,1.4,1.1,0.4,0.5,1,3.8,1.2,0.3,1.9,2.9,2,1.6,1.1,0.9,1.4,1.5,0.9
20150201,14,SO2,16.3,18.2,29.5,21.9,24.5,19.8,42.6,36.9,38.3,30.3,42.3,30.8,40.9,29.5,18.5,45.3,9.6,50.2,30.3,35.4,10.7,41.1,26.2,60.5,55.7,5.2,47.3,56.7,56.5,48.8,21.6,21.7,38.3,33.5,21.5
20150201,14,NO2,42.9,50.8,62.7,60,56.4,39.5,74.1,65.3,49.4,58.7,77.8,63.9,71.8,60.4,48.1,74.5,24.8,55.8,50.4,48.3,14.7,15.2,32.7,46.5,46.1,3.2,71.3,100.5,69.1,70.4,53.8,64.7,70.9,90.4,50.1
20150201,14,O3,25.4,32.7,22,28,17.5,57.5,6.7,2.8,34.7,18.9,24.1,23.1,9,30.1,40.8,19.4,43.9,32.1,30.9,44.8,62.6,62.8,44.8,29.9,29.7,67,40.4,6.9,19.5,27.1,31.8,20.5,22,5.2,39.4
20150201,14,CO,0.9,0.8,1,1,1.1,0.7,1.4,2.9,1.1,1.1,1.5,1.3,1.5,1,0.8,1.6,0.5,1.2,1.1,1.4,0.3,0.6,0.9,2.8,1.1,0.2,1.6,2.5,1.8,1.8,1,1,1.2,1.5,0.8
20150201,15,SO2,20.4,29.9,29.7,32.3,21.9,21.6,32.3,33.1,33.1,36.9,41,33.2,33.2,37.8,26.9,54.9,6.6,40.3,35.4,36.7,26.3,36.4,18.3,47.6,30.1,4,41.8,58.3,63.8,97.9,30.6,34.7,25.8,47.3,25.6
20150201,15,NO2,47.9,56.5,75.3,64,56,52.6,77.7,66.9,72.9,65.3,75.2,68.5,72.2,76.6,59.5,75.9,31.7,37.7,61.9,56.7,26,20.7,27,30.6,43.4,2.7,71.2,96.6,77.1,85.7,61.4,68.6,76.3,97.8,64.5
20150201,15,O3,25.6,35.5,22.2,33.1,20.3,47,9.5,2.5,22.2,23,26.5,24.5,10.1,27.3,34.4,23.9,56.7,46.4,25.3,40.2,57,61.1,49.9,41.5,38.1,74,42.9,10.7,17.2,29.3,30.7,23.7,25.2,7.9,32.1
20150201,15,CO,1,1,1.1,1.2,1,0.9,1.3,2.4,1.3,1.3,1.2,1.3,1.5,1.5,1.1,1.7,0.5,0.7,1.3,1.5,0.4,0.7,0.7,2.3,0.7,0.1,1.4,2.1,1.8,2.2,1.2,1.2,1.2,2.1,1.1
20150201,16,SO2,36.8,42,42.9,44.5,30.7,36.5,39.2,29.8,33.5,50.6,42.1,35.4,44.9,62.2,43.1,42.9,5.7,38.3,40.1,39,26.8,27.1,20.4,41.6,40.2,5.8,33.5,59.4,62.7,94.2,43,47.7,41.7,57.7,45.5
20150201,16,NO2,59.2,60.4,82.6,70.5,63.7,73.7,86.8,72.1,75,71.3,75.4,70,82.4,85.3,69.3,65.3,29.7,42.6,63.9,63.4,25.4,16.4,27.3,23.1,56.2,3.6,68.1,96.6,73.6,99.4,68.2,78.5,84.8,104.7,82.3
20150201,16,O3,26.4,38.9,22.1,35.4,18,35.7,10.2,2.3,26.2,30.4,32,28.4,11.5,25.3,35,33.6,62.3,45.9,25.6,35.1,57.1,68,50.3,48.4,28.6,71.8,44.4,12.4,20.1,24.2,30.1,22.9,27,9.5,25.8
20150201,16,CO,1.4,1.2,1.4,1.4,1.2,1.2,1.5,2,1.3,1.6,1.3,1.3,1.8,2,1.7,1.5,0.6,0.7,1.2,1.5,0.4,0.6,0.8,2.2,0.9,0.1,1.3,2,1.6,2.4,1.5,1.5,1.5,2.5,1.5
20150201,17,SO2,44,50,55.6,54.2,50.5,44.2,52.2,28.5,39.7,61.8,56.3,42.9,53.1,64.8,62.7,49.6,14.8,35.8,39.4,40.2,12.7,25.4,32.1,37.3,35.2,16.9,39.5,58.2,58.7,117.6,52,60.7,52.5,75.7,50.1
20150201,17,NO2,68.3,77.1,84.2,93.1,76.8,83.8,98.4,76.5,85.5,93.2,91.2,73.5,86.8,79,69.2,79.9,50.5,56,69.6,66.5,24.6,24.1,46.6,32.6,62.6,10,74.3,98.8,69.4,107.6,86,99.4,97.1,128.5,95.3
20150201,17,O3,24.2,30.2,26.2,24,13.7,28.1,8.4,2.3,23.2,6.8,22.5,29.9,12.6,22.2,32.4,26.5,35.6,36.5,19.4,34.6,55.9,63.4,36.7,40.4,19.1,64,40.6,10.1,23,20.2,22,13.3,25,2,21.7
20150201,17,CO,1.5,1.7,1.6,1.9,1.5,1.3,1.8,1.8,1.5,2.1,1.6,1.5,1.9,1.7,1.8,1.8,0.9,0.8,1.3,1.4,0.4,0.7,1,2.2,0.8,0.3,1.6,1.9,1.4,2.5,1.9,2.2,1.7,3.5,1.7
20150201,18,SO2,54.7,55.4,67.5,70.2,54.6,54.1,55.9,28.7,46.6,65.7,58.2,50.5,54.4,59.2,61.6,61.4,27,30.5,41.6,42.5,15.3,32.3,29.6,39.7,40.4,14.2,38.2,59.2,52.7,89.3,68.7,79.5,61.5,93.1,60.9
20150201,18,NO2,92.7,92.1,107.2,105.5,93.7,106.8,108.5,79.1,96.1,97.9,104,92.1,99.5,77.7,75.4,97.1,74.2,60.8,79,96.1,43.1,41.1,42.8,44.8,74.4,13.8,89.2,102.6,69.3,111.5,102.6,106.8,111.8,130.7,110.6
20150201,18,O3,9.7,10.7,8.1,9.3,2,6.7,2,2,14.5,2,13.3,12.1,7.8,19.1,21.4,10.1,14.7,28.7,12.7,14.1,36.1,45.7,39.4,28.3,6.1,57.8,23,6,17.5,14.6,5.2,2.8,15.7,2,12.5
20150201,18,CO,2,2,2.1,2.4,1.8,1.8,2,1.7,1.7,2.2,1.9,1.8,2.1,1.5,1.8,2.1,1.2,0.8,1.5,1.9,0.6,1,0.9,2.3,0.9,0.4,1.8,2.1,1.4,2.6,2.5,2.4,2.1,3.5,2.6
20150201,19,SO2,68.9,54.3,78.1,62.8,75.8,75.9,58.7,28.3,40,60.7,69.2,52.9,52,58.8,55.1,81.6,36.4,37.8,50.1,50,11.7,39.1,30.1,35.3,39.3,19.5,41.1,60.6,50.9,79.8,77.1,76.2,84.2,80.4,79.5
20150201,19,NO2,93.4,92.5,108.5,102.4,107.4,111.9,109.4,83.9,93.5,96.9,112.1,103.4,106.2,94.2,84.7,97.5,93.2,57.4,102,113,55.1,67.4,45.1,40.7,78,21.1,113.7,108.8,67.5,113.5,102.4,103.6,109.3,122.4,112.4
20150201,19,O3,5.9,5.2,2.7,7.1,2,2,2,2,8.1,2,8.6,4.6,5.7,2.1,11.8,6.8,5.7,30.7,7.3,5.5,23.5,19,36.1,22.5,2,50.3,4.9,2,15.9,13.5,2.1,2,13.1,2,8.6
20150201,19,CO,2.3,2.1,2.2,2.3,2.5,2.1,2.2,1.8,1.9,2.3,2.1,2.1,2.3,1.7,1.7,2.9,1.7,1,2.1,2.6,0.7,1.6,1,2.4,0.9,0.5,2.4,2.7,1.4,2.8,2.7,2.2,2.4,3.2,2.8
20150201,20,SO2,61.6,37.5,72.7,63.2,83.4,75.9,62.8,25.7,36.3,61.4,70,75.3,48,75.4,58.7,123.2,45.4,47.6,55.7,75.8,27.6,35.5,29.4,34.5,39.6,17.8,51.9,71.7,48.4,76.7,70.7,79.5,80.5,80.3,82.1
20150201,20,NO2,89.2,84.1,107.4,103.6,101.9,107.9,106.3,79.9,91.6,98.6,112.9,107.8,112.4,98.7,89.8,100.8,95,73.1,90.7,113.2,65.5,74.5,55.9,41.1,82.9,24.4,109.7,113,68.2,110.9,101.4,106.8,109.8,120.1,107.1
20150201,20,O3,5.9,4.8,2.2,7.1,2,2,2,2,4.9,2,9.3,3.8,6.6,3.6,7.1,13.4,7.5,16.2,7,5.9,5.8,11.3,24,14.9,2,43.5,8.4,2.5,8.9,13.6,2,2,11.5,2,9.9
20150201,20,CO,2.1,2,2.3,2.7,2.6,1.9,2.4,2,1.8,2.4,2.2,2.4,2.7,2.5,1.6,4.4,2,1.4,3.1,3,1.7,2,1.1,2.6,1,0.6,2,3.9,2.7,2.8,2.6,2.7,2.6,3,3.1
20150201,21,SO2,67.5,44.5,74.1,68.9,74.2,73.7,63.5,23.8,41.2,77.7,74.6,51.1,65.8,74.6,57.8,152.3,52,38.2,56.9,73.8,39,51.7,29,34.5,38,21,57.5,71.2,42.7,95,80.7,95.6,76,109.9,78.4
20150201,21,NO2,91.6,88.5,106.1,106.8,100.8,107.6,108.6,78.1,96.9,104.6,113.4,101.3,122.1,103.5,89.9,98.4,96.8,73.6,86.1,102.7,55.3,72.2,63.7,38,84.9,27.4,113.8,117.3,67,113,103.5,108.1,109.4,134.9,104.4
20150201,21,O3,6.5,5.4,2,7.3,2,2,2,2,3.1,2,11.1,3.1,14.1,2,6.6,8.1,8.1,10,7.3,7.3,9.4,15.4,15.4,18.3,2,37.4,3.7,2,2,16,2.3,2,11,2,9.2
20150201,21,CO,2.1,2.1,2.2,2.9,2.4,1.9,2.6,2.1,1.9,3,2.7,2.3,5.7,2.9,1.7,3.2,2.4,1.6,4,3.7,1.6,2.6,1.2,2.5,1,0.7,1.9,3.7,1.7,3.8,3.1,3.5,2.5,4.9,3.2
20150201,22,SO2,71.6,40.3,81.3,71.7,78.8,74,68.6,23.4,49.3,76.7,73.9,45.1,73.3,80.1,54.1,120.7,45.9,34.4,45.1,59.4,24.1,49.1,32,34.9,29.6,34.5,53.9,76.2,36.6,99.7,84.7,93.4,88.6,125.6,74.7
20150201,22,NO2,90.7,89,105.2,114.8,102,107.1,107.7,75.6,101.8,110.8,111.3,99.5,102.9,105.1,88,87.5,99.3,61.6,81.3,81.4,52.1,69.6,72.9,35.3,76.9,35.3,118.2,122,71.1,121.5,104.7,109.3,108,137.4,103.8
20150201,22,O3,6.7,6,2,8.7,2,2,2,2,2,2,9.4,4.7,14.2,2,6.7,17.6,8.4,14.8,6.4,7.1,10.2,15.4,10.5,19,2,26.4,2,2,2,20.3,2.1,2,11.3,2,10.2
20150201,22,CO,3.1,2.5,2.2,3.8,2.7,1.9,3,2.7,2,3.6,2.2,3,4.8,2.6,1.6,6.2,3,1.5,3.4,3.6,1.7,3,1.4,2.6,0.9,1,1.9,3.7,2.4,5.8,3.3,3.3,2.5,5.5,3.7
20150201,23,SO2,65.8,34.8,76.4,81,85.7,67.2,75.8,26.3,52.2,105.5,75.1,46.9,72.2,86.1,57.7,183.3,85.1,30.1,42.4,39,19.8,46.8,29.8,41.8,28.3,32.4,54.4,78.9,37.6,117.5,89.6,94.5,82.7,112.5,68.6
20150201,23,NO2,90.9,88.6,105.1,118.4,102.5,108.1,112.9,74.4,103.1,118.5,112.8,96,100,102.2,87.7,112.6,107.6,49.4,78.3,67.7,44.2,68.8,70.4,46.5,79.1,33.3,118.4,128,76.4,119.7,104,106.8,106.9,132.6,108.5
20150201,23,O3,7.3,6.2,2,9.7,2,2,2,2,2,2,9.1,2.5,12.8,2,6.5,33.7,21.3,22,6,7.9,11.7,13.9,10.7,11,2,23.7,2,2,2,25.6,2.1,2,11.6,2,10.1
20150201,23,CO,3.8,2.7,2.3,4.1,2.8,2.4,3.8,3.9,2,4.4,2.3,3.3,4.3,2.7,1.5,11.3,6.3,1.2,3.2,2.7,1.7,2.9,1.5,3.5,1,1,2,4.7,2.1,8.9,3.5,3.1,2.5,4.2,4.4
