date,hour,type,dongsi,tiantan,guanyuan,wanshouxigong,aotizhongxing,nongzhanguan,wanliu,beibuxingqu,zhiwuyuan,fentaihuayuan,yungang,gucheng,fangshan,daxing,yizhuang,tongzhou,shunyi,changping,mengtougou,pinggu,huairou,miyun,yanqing,dingling,badaling,miyunshuiku,donggaocun,yongledian,yufa,liulihe,qianmeng,yongdingmengxi,xizhimengbei,nansanhuan,dongsihuan
20151209,0,SO2,34,13,19,36,2,21,22,12,19,16,6,20,25,31,22,28,18,9,6,38,9,16,20,14,24,20,69,18,16,16,25,35,26,35,29
20151209,0,NO2,82,81,88,90,93,79,85,93,93,98,90,94,109,93,82,73,66,76,97,77,80,74,79,71,108,60,84,55,62,111,90,108,89,87,52
20151209,0,O3,4,3,3,4,10,6,3,2,5,2,5,2,2,7,3,2,3,4,3,7,14,5,6,2,2,2,2,8,4,2,2,2,2,3,7
20151209,0,CO,4.6,4.6,4.4,5.4,5.3,4.9,4,3.7,3.8,4.8,5.1,5.1,5.6,5.5,4,4.1,4.2,3.5,4.8,4.1,3.3,3.6,2.9,3.1,2.8,2.4,4.6,5,4.8,5.1,4.9,4.5,4.7,5.3,5
20151209,1,SO2,36,10,20,30,2,20,22,12,20,20,6,20,23,26,18,26,15,8,5,27,10,14,18,13,25,17,32,19,15,16,21,23,27,29,26
20151209,1,NO2,83,67,88,84,90,80,83,89,83,105,69,85,108,93,75,66,53,81,86,69,81,76,74,65,105,55,69,58,63,109,81,94,87,84,54
20151209,1,O3,4,3,2,4,10,4,3,2,4,2,6,2,2,6,4,2,2,4,3,7,12,2,6,2,2,2,2,8,4,2,2,2,2,4,6
20151209,1,CO,4.4,4.3,4.6,4.9,5.4,4.9,4,3.5,3.5,5.2,3.8,4.8,5,5.3,4.5,4.6,5.2,2.8,4.6,3.9,3.3,3.1,2.8,3.6,2.8,2.4,6.7,5,5.1,5.3,4.6,4.5,4.6,4.5,4.7
20151209,2,SO2,26,10,20,27,20,24,24,10,19,18,16,19,22,23,17,23,22,8,5,21,8,14,20,10,25,20,22,16,17,15,18,23,26,27,22
20151209,2,NO2,79,78,86,80,90,93,85,87,83,93,43,80,96,102,75,68,38,77,79,69,75,75,77,65,103,60,64,62,69,109,80,92,84,85,62
20151209,2,O3,3,3,3,5,9,2,2,2,4,2,3,2,2,5,3,2,2,3,2,5,12,4,6,2,2,2,2,7,5,2,2,2,2,6,5
20151209,2,CO,4.1,4.1,4.3,4.5,5,4.5,3.6,3.4,3.4,4.5,3,4.5,4.2,4.7,4.8,4.7,2.7,2.7,3.5,3.3,3.3,3.9,2.8,3.8,2.8,2.3,6.6,5.1,5.5,5.4,4.3,4.4,4.1,4.3,4.6
20151209,3,SO2,31,13,23,23,27,28,25,11,20,16,5,19,22,22,23,21,8,8,4,19,8,16,22,8,24,23,11,21,22,16,18,22,30,23,25
20151209,3,NO2,84,97,90,74,103,95,86,84,85,87,40,80,92,97,85,75,40,83,85,66,79,74,79,62,102,64,65,67,87,108,83,87,93,73,66
20151209,3,O3,4,3,2,5,8,2,2,2,3,2,3,2,2,5,2,2,2,3,2,5,12,5,5,2,2,2,207,7,5,2,2,2,2,8,4
20151209,3,CO,3,3.9,4.1,4.2,4.6,4.4,3.6,3.3,3.3,4.4,2.9,4.3,4.1,5.3,4.6,4.2,2.7,2.5,3.2,3.7,3.1,4.3,2.9,3.4,2.9,2.2,4.9,4.7,5.7,5.3,4,4.1,4,4.2,3.6
20151209,4,SO2,47,17,25,29,35,30,28,10,23,17,4,19,22,18,28,20,5,8,7,18,8,14,23,8,19,19,21,21,24,16,20,26,32,24,24
20151209,4,NO2,94,98,93,84,114,102,88,84,97,94,51,81,93,85,87,77,54,84,96,65,81,71,80,64,95,58,64,65,83,105,88,96,100,82,71
20151209,4,O3,3,3,2,3,,2,2,,3,2,3,2,2,6,2,2,2,2,2,4,11,4,5,2,2,2,2,8,5,,2,2,2,8,5
20151209,4,CO,2.9,3.7,4,4.2,4.5,4.2,3.4,3.4,3.1,3.9,2.2,4.3,3.7,5.2,4.7,4.1,2,3.2,3,3.4,2.9,4.1,2.9,3.6,3,2.3,4.1,4.8,5.9,4.9,3.8,3.8,4,4,3.8
20151209,5,SO2,61,21,30,36,37,33,27,11,32,20,3,21,21,21,32,20,6,8,9,17,8,17,21,7,16,15,21,18,25,15,25,32,37,23,27
20151209,5,NO2,92,101,96,91,114,108,88,83,105,99,,88,94,90,94,83,83,90,92,68,81,73,74,60,88,,65,72,80,102,98,104,105,88,81
20151209,5,O3,2,2,2,2,5,2,2,2,3,2,3,2,2,5,2,2,2,2,2,3,11,2,6,2,2,2,2,6,4,2,2,2,2,3,4
20151209,5,CO,3.9,3.8,4,4.1,4.4,4,3.2,3.6,3.4,3.9,3,4.1,3.4,4.6,4.3,3.7,2.4,3.1,3.1,2.7,3.1,3.4,3.1,4,2.8,2.2,3.6,4.3,6,4.4,3.8,3.9,3.9,3.9,3.5
20151209,6,SO2,56,27,32,44,37,40,30,11,42,21,5,22,26,26,34,22,9,11,10,17,9,19,19,8,16,15,22,16,29,15,28,35,34,27,28
20151209,6,NO2,95,108,96,96,116,115,92,87,104,99,82,89,99,95,97,88,89,94,89,66,77,76,71,62,78,54,67,77,87,102,102,112,103,94,85
20151209,6,O3,2,2,2,2,5,2,2,2,2,2,4,2,2,4,2,2,2,2,2,5,14,2,6,2,2,2,2,5,4,2,2,2,2,2,4
20151209,6,CO,3.6,3.4,3.9,3.9,4.6,3.9,3.3,3.7,2.7,4,4.1,4.3,3.8,4.6,4.2,3.3,3.1,3.8,3.3,3.5,3.9,3.2,3,4,2.2,2.3,3.3,4.1,6.2,4.1,3.5,3.5,4,3.6,3.5
20151209,7,SO2,58,31,34,45,29,46,36,10,38,23,5,23,33,30,43,23,9,8,12,17,8,19,21,6,17,21,24,16,29,15,27,36,37,36,27
20151209,7,NO2,98,108,96,94,113,117,96,86,101,101,82,88,105,100,103,91,83,96,91,65,75,76,66,57,95,62,67,84,90,99,102,114,106,84,85
20151209,7,O3,2,2,2,3,5,2,2,2,2,2,4,2,2,4,2,2,2,2,2,5,14,2,5,2,2,2,2,4,3,2,2,2,2,3,4
20151209,7,CO,3.5,3.3,3.5,3.9,4.6,3.7,3.3,3.7,2.6,3.9,4.7,4.7,3.7,4.6,4,3.3,3.3,4,3.4,3.6,3.8,3.1,2.8,3.6,2.3,2.3,3,3.9,5.9,3.9,3.6,3.6,3.7,3.9,3.5
20151209,8,SO2,57,33,37,52,28,50,44,11,31,31,5,26,42,35,54,24,10,6,10,17,9,15,19,5,18,21,22,14,29,14,30,37,39,38,26
20151209,8,NO2,94,106,96,95,118,114,102,82,96,102,80,93,107,104,106,90,84,96,86,62,78,71,61,53,80,59,64,87,92,91,103,112,105,73,86
20151209,8,O3,2,2,2,3,5,2,2,2,3,2,7,2,2,4,2,2,2,3,3,6,13,2,5,2,2,2,2,4,3,2,2,2,2,3,4
20151209,8,CO,3.3,3.3,3.3,3.7,4.6,3.5,3,3.7,2.7,3.4,5,4.5,3.5,4.7,4.1,3.4,3.7,4.6,3.6,4.4,3.5,2.9,2.6,3.3,2.3,2.3,3,3.7,5.7,3.9,3.4,3.5,3.6,4,3.4
20151209,9,SO2,63,34,35,52,21,50,43,12,23,30,6,31,40,39,54,27,12,8,10,24,9,22,21,5,19,17,22,17,30,14,34,42,41,40,31
20151209,9,NO2,95,102,95,90,117,112,100,79,90,98,84,97,103,106,105,92,84,96,84,73,76,78,58,59,75,52,60,93,92,94,101,110,105,88,86
20151209,9,O3,3,3,2,4,6,2,2,2,3,2,4,2,2,5,2,2,2,4,3,6,12,3,7,3,5,2,2,5,4,2,2,2,2,3,5
20151209,9,CO,3.2,3.1,3.4,3.5,4.4,3.7,3,3.8,3.7,3.4,4.3,4.3,3.4,4.7,4.4,3.7,3.4,5.5,3.9,4,3,3.1,2.4,2.9,2.3,2.3,3,4,5.9,4,3.2,3.4,3.7,3.8,4.3
20151209,10,SO2,68,34,37,58,38,48,48,17,25,29,8,33,41,56,52,31,18,13,12,25,11,23,30,12,34,19,23,23,35,15,41,49,45,44,37
20151209,10,NO2,93,100,91,90,124,111,100,80,90,101,89,100,103,106,103,95,80,94,85,71,71,75,58,60,69,49,58,94,96,95,106,112,,,95
20151209,10,O3,4,3,3,5,8,2,3,2,4,2,4,2,3,5,2,2,2,3,4,7,12,3,11,8,8,2,2,6,3,2,2,2,2,3,5
20151209,10,CO,3.1,3.1,3.1,3.3,4.7,4,3,4.6,3.8,3.4,4.5,4.6,4.1,4.4,4.3,3.6,2.8,5.4,3.9,4.4,2.9,3.1,2.5,2.7,2.2,2.4,2.9,4.4,5.7,4.1,3.4,3.3,3.4,3.5,4.1
20151209,11,SO2,52,36,34,47,40,,52,21,,31,12,36,40,67,61,36,28,27,19,31,20,25,34,,50,23,33,31,,15,41,51,41,43,
20151209,11,NO2,92,98,94,83,122,,101,91,,96,97,100,103,100,103,95,79,76,90,82,71,73,57,,63,44,69,101,,105,98,107,110,89,96
20151209,11,O3,6,5,4,7,11,,4,2,,2,4,2,3,6,2,2,3,6,5,10,16,4,11,,13,2,2,,3,2,3,2,2,4,
20151209,11,CO,3.3,3,3.3,3.2,4.6,,3.3,5.7,,3.1,4.2,4.3,4.5,3.7,4.1,3.4,2.6,2.7,3.7,5.5,2.9,3,2.4,,2.2,2.2,2.9,4.1,4.8,4.1,3.1,3.1,3.6,3.2,4.2
20151209,12,SO2,48,34,40,44,43,48,58,15,32,40,16,37,47,57,63,42,35,32,25,35,28,32,28,,52,27,41,43,51,16,41,45,48,40,46
20151209,12,NO2,96,104,95,86,126,116,93,106,74,90,95,92,101,94,101,97,75,74,80,98,70,71,55,,53,40,73,104,,125,101,107,113,91,92
20151209,12,O3,8,6,6,9,13,2,7,2,19,2,6,3,7,8,4,2,7,11,12,10,19,6,14,,23,6,2,,2,2,5,2,2,5,
20151209,12,CO,3.4,3.2,3.4,3.4,4.8,4,2.9,4.8,2.5,2.9,3.5,4.1,3.3,3.4,3.6,3.2,2.5,2.8,2.9,6.5,2.7,2.8,2.3,,2.1,2.2,3,3.9,4.2,4,3.1,3.1,3.8,3.1,3.6
20151209,13,SO2,56,46,40,48,37,62,53,19,36,45,18,35,51,48,62,44,44,31,26,33,26,32,31,,53,33,52,57,48,17,50,55,48,48,56
20151209,13,NO2,92,105,87,79,131,112,85,105,71,88,90,82,99,90,103,105,72,83,74,103,66,64,55,,57,37,80,102,107,129,104,113,97,103,95
20151209,13,O3,11,8,10,15,13,5,10,2,23,3,9,6,9,11,4,2,12,11,17,9,21,9,20,,24,15,2,3,2,2,7,2,5,5,2
20151209,13,CO,3.1,3,3,3.2,4.7,3.5,2.6,4.2,2.5,2.8,3.3,3.6,3.1,3.2,3.5,3.2,2.5,3.1,2.7,6.1,2.7,2.6,2.3,,2.1,2.1,3.6,3.6,4.4,3.6,3.1,3.1,3.1,3.1,3.5
20151209,14,SO2,57,46,40,50,41,63,51,23,34,43,19,38,48,50,60,49,42,31,27,37,25,34,33,41,45,27,47,74,50,20,51,57,50,46,56
20151209,14,NO2,99,110,82,90,116,114,94,106,72,95,85,71,94,115,109,99,71,64,73,97,67,62,51,47,59,37,88,107,107,123,100,114,99,102,102
20151209,14,O3,9,7,13,14,18,7,10,2,26,3,12,10,11,8,2,2,13,19,19,8,23,11,28,33,25,16,2,2,,2,9,3,7,5,2
20151209,14,CO,3.3,3.1,2.8,3.1,3.9,3.5,2.8,3.8,2.5,2.9,3.1,3.3,2.8,4.1,3.6,2.8,2.4,2.3,2.6,4.8,2.5,2.5,2.2,2,2.1,2.1,4.2,4.2,4.5,3.5,2.9,3,3,3.2,3.5
20151209,15,SO2,58,46,39,53,44,64,48,20,35,42,20,38,45,55,57,47,36,27,26,37,19,28,32,39,42,19,47,83,47,19,52,57,46,46,58
20151209,15,NO2,92,110,83,88,109,116,88,108,78,92,74,79,93,120,108,92,70,70,77,97,64,57,53,51,63,34,101,113,118,129,100,120,103,100,102
20151209,15,O3,10,5,13,15,19,6,11,2,24,6,14,8,10,7,2,2,11,18,15,8,24,15,27,31,25,15,2,2,2,2,7,2,5,5,2
20151209,15,CO,2.9,3.1,2.8,2.9,3.4,3.5,2.5,3.5,2.6,2.8,2.8,3.6,2.6,4.3,3.6,2.6,2.4,2.4,2.6,4.9,2.4,2.4,2.2,2,2.2,2.1,4,5,5.1,3.5,2.8,3.1,3.3,3.2,3.4
20151209,16,SO2,55,42,36,51,43,55,42,15,34,39,15,35,42,57,54,50,25,15,24,34,13,24,24,34,37,13,46,75,40,17,45,54,44,45,48
20151209,16,NO2,99,111,88,86,120,119,92,112,86,96,80,89,105,118,110,93,76,95,82,97,66,57,53,59,69,33,101,111,117,135,103,116,105,96,103
20151209,16,O3,6,4,8,13,14,3,7,2,16,2,11,5,5,7,2,2,6,8,11,6,22,12,25,24,21,11,2,2,2,2,5,2,2,4,2
20151209,16,CO,3.2,3.2,2.7,2.7,3.6,3.4,2.5,3.4,2.6,2.8,2.9,3.7,2.9,4.3,3.5,2.6,2.5,3.3,2.6,4.6,2.4,2.3,2.1,2.1,2.2,2,4,5.1,5,3.5,2.9,2.9,3.3,3.1,3.5
20151209,17,SO2,60,30,38,50,41,49,37,12,23,35,8,32,33,52,57,45,17,9,17,30,9,19,17,32,31,11,34,52,27,15,44,45,48,42,38
20151209,17,NO2,106,112,97,99,136,129,98,114,87,101,89,99,118,120,115,97,83,100,91,100,72,59,62,66,83,34,98,108,113,135,115,126,120,100,103
20151209,17,O3,3,2,3,5,6,2,2,2,8,2,7,2,2,7,2,2,2,4,4,5,16,8,13,16,9,8,2,2,2,2,2,2,2,3,2
20151209,17,CO,3.2,3.2,2.9,3.2,3.8,3.6,2.4,3.4,2.7,2.8,3.2,4.1,3.2,4.5,3.5,2.8,2.6,3.3,2.8,4.5,2.6,2.2,2.2,2.2,2.3,2,4.8,4.8,4.8,3.6,3.2,3.5,3.5,3.3,3.9
20151209,18,SO2,61,14,46,49,39,50,29,10,11,31,7,31,33,56,58,45,11,6,9,31,6,13,13,32,25,12,27,36,18,13,50,45,55,36,25
20151209,18,NO2,108,92,110,105,137,139,102,106,83,105,101,98,126,121,116,99,89,102,86,95,75,63,69,75,86,34,94,103,106,127,126,131,130,100,94
20151209,18,O3,3,2,2,3,4,2,2,2,3,2,5,2,2,7,2,2,2,2,4,6,14,2,5,5,2,8,2,2,2,2,2,2,2,3,2
20151209,18,CO,3.5,3.1,3.4,3.4,3.6,3.7,2.8,3.5,2.9,3.2,3.4,4.2,4.1,4.7,3.4,3,3.1,3.4,3.8,4.1,3.1,2.4,2.4,3.1,2.2,1.9,4.5,4.8,5.1,4,3.3,3.7,3.6,3.6,4.2
20151209,19,SO2,71,19,52,71,36,58,35,12,9,38,7,29,34,63,62,55,9,6,12,35,6,15,14,20,22,12,50,27,15,13,60,60,61,49,37
20151209,19,NO2,114,92,111,113,133,138,115,102,84,120,102,96,142,124,116,102,89,99,82,98,72,65,68,65,79,34,96,97,107,117,126,135,130,97,100
20151209,19,O3,3,2,2,4,4,2,2,2,2,2,6,2,3,9,2,2,2,3,4,7,17,2,9,2,2,8,2,2,2,2,2,2,2,4,2
20151209,19,CO,3.9,3.2,3.4,3.7,3.9,3.7,3.3,4.9,3,4.9,3.9,4.4,5,4.9,3.6,3.7,3.3,4.1,4.6,4.8,3.7,3.3,3.1,3.1,2.2,1.9,6.1,4.9,6,4.4,3.6,3.8,3.5,3.8,5.5
20151209,20,SO2,66,22,54,71,50,56,41,12,15,41,9,24,37,55,56,50,8,5,10,52,8,20,19,13,19,10,88,34,8,13,68,68,69,60,45
20151209,20,NO2,109,97,106,113,137,134,105,90,92,125,87,85,138,122,111,100,86,95,73,102,68,60,61,57,69,34,104,102,100,113,124,128,132,107,106
20151209,20,O3,3,2,2,5,5,3,2,2,2,3,8,2,2,8,2,2,2,3,3,7,16,3,17,2,2,2,2,10,2,2,2,2,2,5,2
20151209,20,CO,3.9,3.6,3.1,4.3,4.5,4.1,3.7,5.2,3.2,5.4,4.8,4.7,4.7,4.8,4.3,3.5,3.2,4.2,4.1,5.4,3.6,3.4,4.3,2.8,2.1,2,6.5,7.3,5.3,5.5,3.7,3.7,3.8,4.6,4.7
20151209,21,SO2,64,23,50,72,41,52,37,13,15,35,10,24,33,44,59,74,11,9,15,43,8,21,18,14,21,8,68,33,9,14,67,63,64,56,43
20151209,21,NO2,110,103,109,114,118,141,98,82,83,123,102,82,134,124,110,107,87,74,69,98,63,61,55,59,69,40,101,105,92,107,127,138,126,109,107
20151209,21,O3,3,2,4,8,3,5,2,2,2,2,7,2,3,13,2,2,2,3,3,11,13,4,11,2,2,2,2,6,2,2,2,2,2,7,2
20151209,21,CO,3.9,4,4.3,5.1,3.9,4.9,3.6,5.1,3,4.5,5,4.8,5.4,6.5,4.4,4.1,3.7,3,4.6,6.2,3.1,3.3,3.4,2.5,2.1,2,5.7,7.1,5.9,5.8,4.2,4.7,4,5.2,5.4
20151209,22,SO2,60,25,46,58,34,55,43,13,21,33,10,25,35,37,48,66,16,13,12,40,9,23,18,15,19,10,49,43,15,14,57,54,54,43,44
20151209,22,NO2,114,113,116,115,112,139,106,81,89,122,125,82,135,124,111,106,83,74,64,95,62,61,55,54,69,38,97,113,104,105,132,139,124,113,105
20151209,22,O3,3,3,3,6,5,7,2,2,2,2,7,2,4,9,2,2,3,2,3,7,13,2,13,2,2,2,2,6,2,2,2,2,2,4,2
20151209,22,CO,4.2,4.8,4.5,4.7,4.2,5.1,3.9,5.1,2.9,4.5,5,4.9,6.5,5.8,4.9,4,4,2.8,4.4,5.1,3.2,3.3,3.8,2.3,2.2,2.1,5.2,7.1,7.6,6.1,5.2,5,4.4,4.7,5.9
20151209,23,SO2,49,21,40,57,29,53,44,14,31,38,9,26,33,35,54,65,18,15,12,37,9,23,20,18,30,9,43,37,13,14,50,51,40,44,34
20151209,23,NO2,101,109,98,115,103,130,102,78,102,124,104,78,116,123,119,102,80,73,67,92,60,55,54,58,73,38,96,105,93,96,127,138,101,111,95
20151209,23,O3,3,2,3,5,5,4,4,2,3,2,8,2,4,8,3,2,9,2,3,4,14,3,13,2,2,2,2,9,2,2,2,2,2,4,2
20151209,23,CO,4.1,4.7,3.9,4.4,4,4.6,4.1,5.6,3.1,5.3,5.6,5.4,6.6,5.4,5.3,4.2,5.6,2.7,4.3,4.1,3.5,3.6,4.2,2.2,2.2,2.2,4.8,8.2,7,6.5,4.5,4.5,3,4.5,4.4
20151209,0,PM2.5,293,256,271,274,270,285,243,201,178,270,250,256,317,277,271,273,274,190,242,246,223,240,209,203,160,183,310,315,240,313,279,295,292,288,297
20151209,0,PM10,,,,,,,,,,,,,,,,274,,,,,,,,,,,,,,,,,,292,
20151209,0,AQI,300,257,304,276,318,320,307,310,264,322,315,324,350,290,269,280,314,266,284,258,275,237,254,284,222,198,263,294,266,371,278,287,316,286,352
20151209,1,PM2.5,291,243,281,279,266,282,238,193,137,290,211,221,286,281,274,288,269,188,200,251,199,212,229,215,142,177,377,316,248,301,281,281,278,290,276
20151209,1,PM10,,,,,,,,,,,,,,,,,,,,,,,,,,,,,,,,,,,
20151209,1,AQI,306,261,304,282,316,322,307,307,262,324,315,323,350,294,273,284,306,264,284,261,272,238,252,283,221,200,275,289,266,368,284,292,315,293,350
20151209,2,PM2.5,276,253,252,281,249,268,209,185,156,273,182,199,227,293,285,280,249,180,140,219,209,245,217,229,133,186,374,308,265,292,275,290,256,297,271
20151209,2,PM10,,,,,,,,,,,,,,,,284,,,,,,,,,,,,,,,,,,,
20151209,2,AQI,307,267,303,288,314,326,306,304,260,325,314,321,348,299,278,286,301,262,281,264,272,241,250,284,218,202,286,286,265,367,289,298,313,299,348
20151209,3,PM2.5,271,275,229,258,238,268,196,190,115,231,165,190,196,302,282,267,228,172,120,226,216,247,212,216,136,189,317,290,304,273,258,264,233,281,248
20151209,3,PM10,,,,,,,,,,,,,,,,,,,,,,,,,,,,,309,,,,,,
20151209,3,AQI,310,273,306,292,312,330,305,301,258,324,312,319,345,305,283,286,298,261,278,268,272,244,247,284,216,205,295,283,267,363,293,302,313,303,347
20151209,4,PM2.5,255,249,212,233,230,252,184,179,160,200,151,166,178,296,280,264,226,176,145,216,220,248,198,214,154,178,275,315,313,218,241,246,218,270,250
20151209,4,PM10,,,,,,,,,,,,,,,,,,,,,,,,,,,,,314,,,,,,
20151209,4,AQI,313,277,305,294,310,334,303,299,257,322,309,317,342,309,287,286,294,261,276,271,272,248,245,284,213,206,302,284,269,357,296,304,311,307,347
20151209,5,PM2.5,233,218,208,212,225,245,177,178,162,202,144,174,158,262,309,241,237,164,145,186,230,213,204,220,158,164,256,302,306,181,218,221,221,245,237
20151209,5,PM10,,,,,,,,,,,,,,,,,,,,,,,,,,,,,313,,,,,,
20151209,5,AQI,315,280,304,295,306,331,300,297,257,321,305,315,337,311,293,286,292,260,274,272,274,251,244,284,212,208,308,286,273,348,297,305,309,309,343
20151209,6,PM2.5,249,243,232,238,223,252,189,168,152,227,151,194,176,243,285,247,246,164,141,190,259,202,223,205,156,164,248,279,317,160,234,241,236,233,234
20151209,6,PM10,,,,,,,,,,,,,,,,,,,,,,,232,,189,,,,320,,,,,,
20151209,6,AQI,316,284,303,297,305,328,296,295,256,321,303,313,335,313,297,286,291,260,272,274,277,254,244,284,211,209,314,289,278,342,299,307,308,310,337
20151209,7,PM2.5,240,250,217,253,220,256,187,161,190,247,159,192,202,240,287,273,247,160,144,198,254,199,216,182,158,170,243,266,308,157,233,251,222,257,232
20151209,7,PM10,,,,,,,,,,,,,,,,,,,,,,,,,216,,,,,,,,,,
20151209,7,AQI,317,287,302,300,304,330,292,293,256,322,300,312,333,314,300,289,293,258,270,276,280,256,245,283,210,210,319,294,284,338,300,308,308,312,337
20151209,8,PM2.5,229,236,194,242,209,233,191,156,169,226,209,205,218,247,304,281,257,166,139,211,251,199,214,169,173,162,235,272,285,155,234,250,211,258,216
20151209,8,PM10,,,,,,,,,,,,,,,,,,,,,,,217,,217,,,,,,,,,,
20151209,8,AQI,317,291,300,301,303,330,290,290,256,321,300,310,333,316,304,293,296,257,267,278,283,259,245,282,210,212,323,299,290,337,302,310,307,313,336
20151209,9,PM2.5,228,217,189,208,210,225,189,169,159,204,183,210,209,264,297,265,254,184,148,219,230,210,212,163,165,154,237,296,289,168,221,232,202,234,228
20151209,9,PM10,,,,,,,,,,,,,,,,,,,,,,,,,182,,,,,,,,,,
20151209,9,AQI,317,293,297,301,303,330,287,288,253,320,298,309,331,317,308,296,298,257,265,281,285,262,246,279,209,213,327,305,297,334,302,310,305,314,336
20151209,10,PM2.5,242,225,196,216,227,242,200,,162,202,194,225,223,261,285,264,230,218,154,249,206,216,221,193,168,164,239,329,290,193,234,236,209,232,253
20151209,10,PM10,,,,,,,,143,,,,,,,,,,,,,,,225,,,,,,,,,,,,
20151209,10,AQI,318,294,296,300,303,331,285,46,252,318,295,307,329,318,310,298,300,257,262,283,284,264,247,278,210,214,328,312,304,331,302,310,304,314,337
20151209,11,PM2.5,231,219,208,206,228,,213,,,216,208,232,241,228,292,278,234,188,160,225,223,223,222,,161,164,258,359,317,204,226,225,220,221,270
20151209,11,PM10,,,,,,,,,,,,,,,,,,,,274,,,,,,,,,,,,,,,
20151209,11,AQI,,,,,,,,,,,,,,,,,,,,,,,,,,,,,,,,,,,
20151209,12,PM2.5,228,221,224,215,247,276,221,,151,221,219,237,233,215,289,280,239,193,173,178,233,229,218,,146,176,275,366,334,220,223,223,239,214,283
20151209,12,PM10,,,,,,,,280,,,,,,,,,,,,343,,,,,,,,,,,,,,,
20151209,12,AQI,317,292,293,297,301,331,281,53,250,314,290,304,326,315,317,300,299,251,258,283,281,269,250,,211,217,327,323,317,324,300,306,303,310,334
20151209,13,PM2.5,231,224,229,193,265,273,224,220,164,219,214,235,232,202,300,290,248,204,170,161,234,217,219,,151,180,294,341,342,236,221,230,232,206,284
20151209,13,PM10,,,,,,,,235,,,,,,,,,,,,366,,,,,,,,,,,,,,,
20151209,13,AQI,316,291,292,294,302,328,279,275,247,312,287,302,323,311,321,303,298,249,255,282,281,270,253,,211,218,330,328,323,321,298,305,302,308,331
20151209,14,PM2.5,281,235,213,212,268,278,241,209,169,225,213,221,226,259,310,274,258,167,164,142,240,218,199,152,156,184,333,347,358,247,230,231,228,219,301
20151209,14,PM10,,,,,,,,214,,,,,,,,,,,,308,,,,,,,,,361,,,,,,
20151209,14,AQI,316,291,290,292,302,326,277,271,245,309,285,299,319,311,325,306,298,246,251,278,282,271,254,270,212,219,330,333,330,317,297,304,300,306,329
20151209,15,PM2.5,267,258,223,227,252,288,230,215,165,222,198,232,216,293,299,256,244,159,189,142,230,206,196,159,174,186,327,373,371,243,242,259,243,244,292
20151209,15,PM10,,,,,,,,,,,,,,,,,,,,330,,,,,,,,,378,,,,,,295
20151209,15,AQI,314,291,288,291,303,324,275,268,241,305,281,296,314,312,329,309,298,242,248,275,284,272,257,266,214,221,331,340,336,313,296,305,299,304,328
20151209,16,PM2.5,283,267,227,229,278,285,226,217,180,230,206,242,217,295,305,268,253,239,184,141,218,207,190,170,166,169,323,369,364,240,255,256,248,246,290
20151209,16,PM10,,,,,,,,,,,,,,,,,,,,313,,,,,,,,,373,,,,,,294
20151209,16,AQI,313,293,286,290,304,324,274,265,238,301,277,293,309,313,332,311,300,242,244,272,284,271,259,262,215,221,331,348,341,308,297,305,298,304,328
20151209,17,PM2.5,301,281,252,258,303,297,238,213,235,238,217,256,229,308,317,271,238,245,190,153,225,205,191,178,154,165,365,357,348,249,290,292,282,264,303
20151209,17,PM10,,,,,,,,,,,,,,,,,,,,327,,,,,,,,,,,,,,269,
20151209,17,AQI,313,295,284,291,306,324,273,262,237,299,273,290,305,314,335,313,301,241,241,268,285,271,260,258,216,222,335,354,346,306,298,307,299,305,326
20151209,18,PM2.5,313,270,299,282,305,301,243,212,137,248,233,262,271,318,303,270,251,233,209,165,234,195,196,217,153,163,334,348,364,257,302,316,324,295,306
20151209,18,PM10,,,,,,,,,170,,,,,,,,,,211,299,,,,,,,,,,,,,336,299,
20151209,18,AQI,314,296,285,292,308,322,273,258,232,297,269,289,302,317,337,315,302,241,238,264,284,271,260,256,216,222,333,359,351,303,300,309,300,306,323
20151209,19,PM2.5,325,270,304,313,303,304,278,278,189,315,236,273,357,340,305,281,268,243,205,192,287,226,220,214,141,163,357,360,423,274,307,328,319,320,325
20151209,19,PM10,,,,,,,,,,,,,,,,,,,,330,,,,,,,,,,,,,319,345,
20151209,19,AQI,315,298,287,295,308,320,274,259,229,297,265,289,302,322,339,317,304,242,235,260,286,272,261,253,214,222,340,364,359,302,304,312,302,310,323
20151209,20,PM2.5,325,285,303,318,302,315,279,239,223,366,254,264,339,338,327,287,256,227,190,192,278,248,289,193,134,171,330,437,369,340,325,331,327,341,330
20151209,20,PM10,,,,,,,,,223,,,,,,,,,238,,332,,,,,,,,,,,,,,391,
20151209,20,AQI,317,300,289,298,308,321,274,257,228,299,263,285,301,325,342,320,303,243,232,256,287,274,264,249,209,222,342,372,364,301,307,315,304,313,324
20151209,21,PM2.5,326,301,296,352,273,329,249,233,238,355,283,254,343,402,328,297,261,180,191,,253,241,234,179,134,170,333,423,356,370,331,354,317,377,350
20151209,21,PM10,,,,,,,,,,,,,,,,,,,,413,,,,,,,,,367,,,,,411,
20151209,21,AQI,320,302,292,302,308,324,274,254,227,302,262,281,300,330,345,322,302,242,228,188,287,275,265,246,206,222,348,380,367,300,309,318,306,317,327
20151209,22,PM2.5,330,335,317,353,261,353,277,241,247,348,281,240,351,386,349,302,296,169,188,,253,244,256,170,137,173,346,441,436,361,374,378,289,358,380
20151209,22,PM10,,,,,,,,,,,,,,,,,,,,352,,,,,,,,,447,,,,,359,
20151209,22,AQI,323,305,294,305,306,327,274,252,227,304,260,278,300,335,349,324,302,242,225,192,286,274,267,243,204,223,352,388,375,300,313,322,306,320,332
20151209,23,PM2.5,310,331,271,332,265,334,279,256,231,341,278,246,346,355,360,308,372,172,198,,258,256,250,166,147,184,355,496,408,346,349,352,251,342,342
20151209,23,PM10,,,,,,,,,,,,,,,,,,,,288,,,,,,,,,409,,,,,343,
20151209,23,AQI,324,307,294,308,305,330,275,254,227,305,260,277,300,338,352,326,306,241,223,190,286,273,269,241,203,223,356,397,382,300,317,325,305,323,334
