date,hour,type,dongsi,tiantan,guanyuan,wanshouxigong,aotizhongxing,nongzhanguan,wanliu,beibuxingqu,zhiwuyuan,fentaihuayuan,yungang,gucheng,fangshan,daxing,yizhuang,tongzhou,shunyi,changping,mengtougou,pinggu,huairou,miyun,yanqing,dingling,badaling,miyunshuiku,donggaocun,yongledian,yufa,liulihe,qianmeng,yongdingmengxi,xizhimengbei,nansanhuan,dongsihuan
20151025,0,PM2.5,33,21,22,26,29,29,36,64,26,29,41,45,37,26,44,28,59,35,41,40,86,44,58,39,44,48,20,35,17,27,27,37,29,52,53
20151025,0,PM10,72,57,57,58,69,62,68,149,62,74,53,116,63,57,80,42,87,69,176,55,128,73,63,54,51,73,23,40,37,57,68,93,64,94,125
20151025,0,AQI,82,67,76,69,77,76,73,79,52,76,74,85,75,70,81,80,79,68,73,77,75,65,64,64,63,64,74,87,50,67,76,77,88,85,74
20151025,1,PM2.5,40,25,28,35,30,38,31,58,15,32,37,44,27,34,38,23,52,36,33,35,78,55,44,32,38,57,18,30,63,28,41,40,33,47,43
20151025,1,PM10,78,52,66,60,70,68,64,133,55,76,54,120,62,78,72,45,90,73,106,58,107,92,59,42,46,85,26,35,64,51,74,94,73,101,115
20151025,1,AQI,78,65,73,67,75,73,71,80,52,73,72,82,74,68,78,77,78,68,74,75,76,66,63,64,63,64,71,85,50,66,73,74,85,82,71
20151025,2,PM2.5,34,26,34,43,34,30,28,53,15,30,34,42,34,42,31,17,56,32,30,39,61,46,,27,26,42,22,30,24,,40,38,45,42,47
20151025,2,PM10,77,36,64,65,69,52,55,98,44,72,64,92,69,95,58,42,84,70,111,54,67,77,,38,49,66,24,38,27,,70,95,73,97,108
20151025,2,AQI,75,62,71,65,72,70,68,80,52,70,71,80,74,68,76,73,77,67,76,73,77,66,,63,62,64,68,83,48,,71,71,82,79,70
20151025,3,PM2.5,28,27,29,41,32,30,27,50,21,33,47,37,44,29,29,18,47,31,29,34,51,51,28,22,22,37,21,34,26,36,31,40,43,40,43
20151025,3,PM10,64,48,50,56,45,44,55,99,56,78,93,87,80,52,48,,80,66,105,55,,77,45,36,44,55,30,,,95,63,71,69,73,96
20151025,3,AQI,71,60,68,63,69,68,65,80,52,68,71,78,73,67,73,69,76,66,77,71,77,67,62,62,61,63,65,80,47,66,68,69,79,76,68
20151025,4,PM2.5,24,37,25,31,27,20,18,46,20,28,51,38,41,22,25,16,43,26,37,36,45,38,29,24,23,36,29,28,25,35,32,37,45,38,35
20151025,4,PM10,53,57,40,41,47,27,47,95,52,57,97,76,86,23,62,,,53,103,,50,51,41,41,45,56,32,,27,44,40,,49,49,59
20151025,4,AQI,67,58,65,61,66,64,62,80,53,66,71,76,73,65,70,65,75,66,79,69,76,67,61,61,60,62,63,79,46,65,65,66,76,73,66
20151025,5,PM2.5,23,30,23,21,26,24,20,42,23,28,40,67,28,37,22,17,40,28,35,38,41,28,20,26,24,35,36,27,27,38,27,25,31,27,26
20151025,5,PM10,51,,41,42,,26,33,104,52,61,69,173,45,80,47,30,73,41,111,55,,45,40,49,44,54,37,,,47,33,38,,55,63
20151025,5,AQI,64,56,62,59,63,61,60,80,53,65,70,76,72,65,67,62,75,65,80,68,76,66,60,61,59,61,62,77,45,64,63,65,72,72,66
20151025,6,PM2.5,22,17,25,23,25,24,23,44,20,27,32,46,23,29,23,16,49,22,35,38,41,27,22,25,23,41,26,18,22,36,27,25,31,31,27
20151025,6,PM10,49,,42,40,,27,45,94,42,70,54,108,39,35,36,,,36,107,44,62,41,34,49,42,44,40,,22,54,31,49,31,76,
20151025,6,AQI,61,54,59,57,61,59,57,80,52,64,68,76,71,64,64,61,74,64,81,67,76,65,59,60,57,61,60,75,44,63,61,64,69,72,66
20151025,7,PM2.5,19,16,23,20,24,15,22,48,15,23,30,29,23,25,21,21,43,28,36,36,37,27,21,26,24,33,29,18,24,43,21,23,28,27,19
20151025,7,PM10,34,,,,,,40,95,37,58,71,54,56,43,45,44,69,45,87,54,38,50,28,37,33,38,40,20,,86,,25,,52,
20151025,7,AQI,58,53,56,56,59,57,56,80,52,63,66,76,70,62,62,60,74,64,81,66,75,64,59,60,56,60,58,74,43,64,59,62,66,71,66
20151025,8,PM2.5,18,21,25,24,22,13,17,44,20,28,37,31,30,24,22,25,48,27,32,38,42,38,26,26,23,35,29,24,23,41,23,25,31,23,27
20151025,8,PM10,47,42,,33,24,37,30,88,45,53,45,76,53,,59,,74,47,88,59,90,70,41,41,37,42,44,47,,80,58,57,36,62,81
20151025,8,AQI,57,50,55,55,57,54,54,80,52,62,65,76,68,59,60,59,73,63,78,65,75,63,58,59,54,60,56,72,42,60,59,61,63,70,64
20151025,9,PM2.5,20,23,22,15,19,30,17,45,28,24,27,30,26,29,21,22,53,33,29,40,72,35,22,26,28,36,27,21,29,33,21,29,28,32,31
20151025,9,PM10,52,,44,30,49,31,38,79,48,55,,72,47,32,48,55,68,67,65,55,109,80,45,,86,42,42,54,,,24,59,,94,83
20151025,9,AQI,57,50,53,53,55,52,53,79,52,61,63,75,67,54,58,57,72,61,77,63,75,62,55,57,52,60,54,71,40,56,57,61,60,70,64
20151025,10,PM2.5,28,13,28,21,17,27,25,59,21,25,40,36,22,31,22,29,52,40,31,54,66,56,21,28,28,38,55,26,22,28,17,22,43,29,32
20151025,10,PM10,56,27,46,27,34,40,41,110,51,53,,81,60,31,51,46,88,58,36,81,94,85,44,41,62,,74,42,,,46,49,56,95,80
20151025,10,AQI,57,49,53,53,54,48,53,79,52,60,61,75,66,54,58,56,71,59,75,62,75,64,55,54,52,60,53,68,37,56,56,60,58,70,63
20151025,11,PM2.5,25,23,23,20,20,31,24,40,25,29,30,32,28,24,22,34,79,38,49,64,39,47,28,17,29,39,50,30,14,31,18,27,35,34,35
20151025,11,PM10,64,40,49,50,37,49,39,86,60,71,43,59,217,68,51,65,,59,91,,,87,45,27,53,44,67,34,20,,40,54,,106,66
20151025,11,AQI,57,48,53,53,53,48,53,80,52,61,61,74,62,54,57,57,73,58,75,62,76,65,54,52,51,60,52,64,34,56,56,60,58,70,63
20151025,12,PM2.5,30,30,28,25,36,33,23,28,23,32,32,40,23,28,29,32,83,26,27,72,75,60,30,25,30,37,61,32,18,32,,32,27,32,34
20151025,12,PM10,79,59,41,60,68,54,47,74,70,89,34,81,36,31,55,76,88,56,,90,,87,45,49,42,58,92,46,25,,,64,65,91,76
20151025,12,AQI,57,49,52,53,54,49,53,79,53,62,60,75,61,53,57,57,75,58,75,63,79,67,54,50,51,61,51,61,33,56,,60,58,71,63
20151025,13,PM2.5,36,32,30,33,36,38,33,32,29,35,38,38,23,29,30,31,92,36,39,83,78,53,26,29,36,48,74,27,22,24,27,30,35,39,33
20151025,13,PM10,68,55,55,62,64,65,55,91,70,66,39,64,30,33,54,57,,54,80,99,90,91,39,65,54,69,108,42,40,,59,66,64,105,76
20151025,13,AQI,58,50,53,53,54,49,53,79,53,62,60,75,60,53,57,57,77,58,75,65,81,69,53,50,51,63,53,59,33,56,56,60,58,71,64
20151025,14,PM2.5,31,27,36,31,32,32,33,34,23,23,12,33,24,22,30,30,76,49,26,76,76,,26,39,37,55,77,31,16,,42,28,46,42,39
20151025,14,PM10,59,,62,54,56,53,61,,55,50,38,57,31,42,58,,77,78,69,88,121,87,,69,49,78,99,,20,32,71,55,75,80,81
20151025,14,AQI,,,,,,,,,,,,,,,,,,,,,,,,,,,,,,,,,,,
20151025,15,PM2.5,29,26,27,30,33,35,35,34,25,28,34,25,25,20,26,25,55,44,33,64,85,62,44,48,43,57,73,25,19,26,28,28,40,34,35
20151025,15,PM10,56,,51,40,76,43,52,87,49,54,39,53,35,31,59,41,71,84,60,77,104,97,,75,84,75,82,39,40,74,37,47,68,72,70
20151025,15,AQI,58,48,52,52,54,49,53,80,53,62,57,75,59,52,56,56,80,59,75,70,86,73,51,52,52,66,59,55,33,55,55,59,58,70,64
20151025,16,PM2.5,22,22,26,34,30,24,27,29,18,28,27,30,24,19,30,19,53,57,22,62,79,71,34,43,55,53,70,13,23,31,24,28,41,30,33
20151025,16,PM10,45,33,39,48,41,49,45,69,44,54,40,61,38,54,63,43,54,91,69,68,102,109,49,90,120,86,83,65,45,83,44,62,,88,83
20151025,16,AQI,57,47,52,52,53,49,52,80,53,61,56,74,58,52,57,56,80,60,74,71,88,75,51,53,53,67,61,52,34,56,55,59,57,70,65
20151025,17,PM2.5,25,24,31,40,26,33,25,28,21,25,29,30,27,28,30,25,38,55,29,57,50,72,34,47,65,71,76,39,35,36,23,29,31,33,37
20151025,17,PM10,63,49,55,51,62,65,49,71,55,80,43,94,50,74,69,54,55,94,66,67,92,102,59,94,126,103,79,107,55,105,61,72,62,114,99
20151025,17,AQI,57,48,52,52,53,50,52,79,53,62,55,73,58,52,57,55,79,60,74,70,88,76,52,53,55,69,62,53,34,58,55,59,57,70,65
20151025,18,PM2.5,26,34,33,30,29,34,28,52,23,34,30,37,33,35,28,28,42,57,22,61,61,68,35,47,51,76,80,32,35,41,28,36,38,40,45
20151025,18,PM10,68,61,66,70,77,73,59,105,73,87,70,102,69,85,72,65,55,101,79,69,82,111,71,87,82,116,83,97,55,111,73,86,79,129,104
20151025,18,AQI,57,49,52,53,53,51,52,79,53,62,54,73,58,53,57,55,78,60,74,70,87,76,52,53,55,70,63,52,35,60,55,60,58,71,66
20151025,19,PM2.5,28,31,35,42,39,37,35,55,26,38,39,47,51,43,31,33,45,56,33,62,86,71,46,44,41,71,79,53,39,49,36,40,49,55,44
20151025,19,PM10,80,56,76,79,82,68,72,133,73,102,113,133,88,94,78,69,75,94,145,79,131,101,82,81,72,114,83,87,52,134,75,77,92,140,124
20151025,19,AQI,57,49,52,53,54,51,52,79,53,62,55,73,58,54,57,55,76,60,75,70,89,76,52,54,56,70,63,53,37,61,55,60,58,72,68
20151025,20,PM2.5,42,34,48,50,36,45,43,58,33,55,44,52,56,45,39,42,55,57,48,63,67,77,49,36,42,74,71,62,48,51,46,49,55,58,44
20151025,20,PM10,97,170,127,132,132,96,96,100,79,141,147,132,97,170,94,108,78,113,167,76,121,111,96,83,93,115,73,100,77,106,153,150,187,178,142
20151025,20,AQI,57,53,54,54,56,52,52,78,54,62,57,73,59,56,57,56,75,61,76,69,88,76,53,54,56,70,63,54,39,63,56,61,61,73,70
20151025,21,PM2.5,51,41,48,45,46,50,48,62,34,60,49,56,52,43,64,50,51,43,35,57,61,68,37,40,36,67,64,60,44,36,46,46,56,45,43
20151025,21,PM10,87,104,113,86,166,88,77,77,49,113,76,96,67,113,107,147,114,77,89,88,119,100,75,63,60,99,,82,53,,137,111,172,118,117
20151025,21,AQI,58,55,55,54,59,52,53,76,53,63,58,72,58,57,57,57,76,61,74,71,88,75,53,54,56,70,65,54,40,63,58,62,64,73,71
20151025,22,PM2.5,45,43,44,47,47,42,45,55,34,50,41,45,43,42,52,47,61,46,36,50,46,53,35,40,35,68,40,49,33,35,44,44,55,54,39
20151025,22,PM10,53,66,63,58,92,73,49,59,45,67,,50,,54,60,128,117,73,64,81,98,81,45,43,43,98,45,57,,,80,67,88,82,90
20151025,22,AQI,57,55,55,54,59,53,52,74,53,62,58,70,58,57,57,58,77,60,73,71,86,73,52,54,56,70,66,54,41,63,58,61,64,73,72
20151025,23,PM2.5,35,36,37,36,40,38,39,50,41,41,38,38,34,32,44,37,58,41,39,45,46,43,36,39,37,43,32,40,28,28,39,38,43,42,33
20151025,23,PM10,,,,,,,,,,,,,,,,58,111,,41,71,76,62,48,,40,61,,,,,,,,46,
20151025,23,AQI,57,55,55,54,60,52,52,73,53,62,58,70,58,57,57,57,76,60,71,72,83,72,52,54,56,69,67,54,42,64,57,61,64,71,72
20151025,0,SO2,10,3,6,2,2,13,5,9,2,5,2,3,7,2,6,9,4,2,2,5,2,2,2,3,4,7,5,2,2,5,6,11,5,5,15
20151025,0,NO2,76,74,58,72,92,84,69,60,60,66,57,75,66,70,68,71,75,73,56,52,62,44,51,35,82,36,28,44,30,38,76,94,85,81,91
20151025,0,O3,2,2,4,2,13,3,2,2,2,9,3,2,8,2,9,7,2,2,2,24,2,17,12,16,5,8,53,2,2,19,2,2,2,2,2
20151025,0,CO,0.7,0.7,0.6,0.7,0.7,0.8,0.2,1.1,0.5,0.6,0.6,0.8,0.7,0.8,0.9,0.6,0.9,0.8,0.6,0.7,1.5,1,1,1.1,0.8,1,0.4,0.8,0.9,0.4,0.8,0.9,0.6,0.8,1.1
20151025,1,SO2,15,3,5,2,2,10,5,10,2,4,2,2,7,2,5,7,2,3,2,4,,2,2,3,5,8,5,2,2,5,7,10,4,6,12
20151025,1,NO2,74,61,65,69,101,80,68,58,56,68,52,63,69,68,65,58,66,77,47,46,50,58,52,31,84,44,27,44,24,45,74,92,86,79,84
20151025,1,O3,2,2,2,2,4,3,2,2,6,4,2,2,4,2,12,20,2,2,2,22,2,2,10,18,2,2,50,2,2,12,2,2,2,2,2
20151025,1,CO,0.8,0.7,0.7,0.9,0.9,0.8,0.2,1.1,0.4,0.6,0.5,0.7,0.7,0.9,0.8,0.5,1.1,0.9,0.7,0.8,1.3,1.4,0.8,1,0.8,1.1,0.5,0.7,0.9,0.4,0.8,1,0.8,0.9,1.1
20151025,2,SO2,14,2,6,3,2,7,2,9,2,5,2,4,7,4,6,8,2,3,2,3,,2,,3,2,7,5,2,2,,7,7,6,7,14
20151025,2,NO2,71,59,66,68,96,78,66,58,51,68,55,60,68,70,64,75,60,76,44,42,34,55,,35,75,35,23,37,28,,71,81,88,79,80
20151025,2,O3,2,2,2,2,4,2,2,2,8,4,2,2,2,2,18,2,2,2,2,19,2,2,,16,2,8,44,2,2,,2,2,2,2,2
20151025,2,CO,0.8,0.7,0.6,1,1,0.8,0.2,1.1,0.4,0.6,0.7,0.6,0.8,1,0.8,0.6,1.2,0.9,0.5,1,,1,,0.9,0.6,0.9,0.7,0.7,0.7,,0.8,1,0.8,0.9,1.2
20151025,3,SO2,10,3,7,3,2,7,5,9,2,6,4,3,7,4,6,15,2,3,2,4,2,2,2,3,2,5,7,2,2,6,8,6,6,6,14
20151025,3,NO2,68,56,58,67,85,77,70,55,61,76,55,71,70,68,59,63,54,74,39,41,32,51,55,38,75,30,28,47,31,49,68,71,87,76,82
20151025,3,O3,4,2,2,2,12,2,2,2,2,3,2,2,2,3,21,6,2,2,2,15,,2,9,15,2,12,37,2,2,4,2,2,2,2,2
20151025,3,CO,0.9,0.8,0.7,0.8,0.9,0.7,1,1,0.5,0.7,0.8,0.6,0.9,0.7,0.6,0.5,1,0.9,0.1,0.9,,0.9,1,0.8,0.5,0.7,0.7,0.6,0.8,0.4,0.8,1.1,0.7,0.7,1.1
20151025,4,SO2,11,2,10,4,2,11,8,9,2,7,5,3,8,4,9,16,2,3,2,6,2,2,2,3,3,5,11,2,2,6,8,8,7,7,12
20151025,4,NO2,68,48,43,69,85,72,55,52,56,75,62,73,77,60,64,56,54,67,54,46,,44,46,39,79,28,38,45,29,51,68,67,83,72,79
20151025,4,O3,4,2,20,3,11,4,,2,2,6,2,8,2,11,13,12,2,3,5,6,,2,13,16,2,10,19,13,2,4,2,2,,3,2
20151025,4,CO,0.7,0.8,0.7,0.8,0.9,0.6,0.6,1,0.5,0.8,0.7,0.5,0.7,0.9,0.6,0.4,0.8,0.8,0.4,0.9,0.8,0.8,0.6,0.9,0.6,0.7,0.9,0.5,0.8,0.5,0.8,1,0.7,0.7,0.9
20151025,5,SO2,19,7,9,7,7,15,9,9,2,9,4,5,9,6,11,11,2,3,2,4,2,2,2,4,4,4,7,4,2,6,9,13,9,9,15
20151025,5,NO2,61,72,52,66,86,59,44,52,61,71,63,74,61,67,54,62,57,51,,49,42,44,35,42,78,27,40,45,30,50,68,79,70,75,75
20151025,5,O3,7,2,11,4,7,7,22,2,2,7,2,2,13,4,18,2,2,12,2,3,2,2,22,8,2,3,14,15,2,4,2,2,2,3,2
20151025,5,CO,0.6,0.7,0.5,0.6,0.7,0.5,0.5,0.9,0.5,0.8,0.7,0.8,0.8,1.2,0.5,0.5,0.8,0.7,0.5,0.8,0.9,0.6,0.6,1,0.6,0.7,0.9,0.5,0.8,0.5,0.6,0.7,0.6,0.6,0.7
20151025,6,SO2,15,11,12,11,6,11,8,10,2,11,5,5,10,7,10,11,2,4,2,4,2,2,3,4,4,3,6,3,2,6,11,16,13,13,14
20151025,6,NO2,57,66,60,65,75,54,58,51,53,69,61,70,51,64,48,66,54,50,53,48,41,42,46,41,76,25,42,34,32,49,62,76,78,74,74
20151025,6,O3,8,4,2,3,10,12,7,2,2,5,2,2,18,3,23,2,2,12,2,2,2,2,15,8,2,2,10,22,2,4,2,2,2,2,2
20151025,6,CO,0.6,0.6,0.6,0.6,0.7,0.5,0.5,0.9,0.6,0.6,0.9,1,0.9,0.9,0.5,0.5,0.9,0.7,0.6,0.9,0.9,0.8,0.6,1,0.6,0.8,0.9,0.5,1,0.5,0.6,0.7,0.5,0.6,0.8
20151025,7,SO2,9,11,11,11,5,10,11,10,2,12,4,6,10,8,9,11,2,5,2,5,2,2,4,3,5,3,7,4,2,6,9,15,13,16,13
20151025,7,NO2,43,61,53,59,65,46,61,56,48,66,58,66,64,62,52,66,54,56,52,49,38,42,47,32,74,21,44,39,36,40,62,75,69,75,68
20151025,7,O3,20,8,3,5,18,19,2,2,2,5,2,2,5,4,10,2,2,8,2,2,2,2,16,9,2,2,8,16,2,4,2,2,2,2,4
20151025,7,CO,0.5,0.6,0.5,0.6,0.6,0.5,0.5,0.9,0.6,0.5,0.9,0.9,0.9,0.8,0.6,0.7,1,0.7,0.8,1,0.8,0.8,0.6,0.9,0.6,0.8,1,0.6,1,0.5,0.6,0.7,0.5,0.7,0.8
20151025,8,SO2,8,9,10,9,5,10,11,9,2,13,5,9,11,9,8,22,3,5,2,5,2,2,5,4,7,4,7,7,2,6,8,13,13,17,15
20151025,8,NO2,45,57,46,59,63,45,54,56,44,56,54,61,61,55,48,62,50,60,61,46,44,40,56,33,64,18,41,33,34,43,58,70,65,76,66
20151025,8,O3,17,10,12,6,20,17,7,2,2,14,2,2,6,7,10,2,2,5,2,2,2,2,7,6,4,2,9,20,2,5,2,4,2,4,3
20151025,8,CO,0.5,0.6,0.5,0.6,0.7,0.6,0.5,0.9,0.6,0.5,0.8,0.8,0.9,0.7,0.5,1.2,1.1,0.7,0.8,1.1,1,0.8,0.6,1,0.6,0.8,1,0.8,0.9,0.6,0.6,0.7,0.7,0.8,1.2
20151025,9,SO2,9,8,8,8,4,13,8,8,2,14,8,10,13,10,9,28,8,6,2,7,3,2,7,8,7,4,7,7,8,7,8,11,10,16,17
20151025,9,NO2,47,56,44,49,66,47,56,59,50,51,45,53,49,50,47,62,54,58,57,46,47,41,52,50,53,17,38,38,30,49,59,71,57,68,66
20151025,9,O3,13,10,12,14,15,16,6,2,3,16,10,7,15,11,10,2,2,7,3,3,2,2,11,12,14,6,12,17,13,9,2,2,9,4,4
20151025,9,CO,0.6,0.6,0.6,0.6,0.8,0.7,0.6,1,0.7,0.7,0.7,0.6,0.7,0.8,0.5,1.6,1.4,0.8,0.6,1.2,1.3,0.9,0.6,0.9,0.6,0.8,1,1,0.8,0.7,0.6,0.8,0.6,1,1.4
20151025,10,SO2,10,10,8,8,5,12,8,8,6,15,12,11,16,12,10,30,13,8,5,16,6,5,8,13,8,8,20,9,9,7,8,12,10,16,16
20151025,10,NO2,49,53,45,44,63,50,52,69,52,49,41,53,42,44,44,57,58,54,47,54,49,46,43,43,51,17,51,31,24,50,58,72,57,66,62
20151025,10,O3,12,15,12,20,18,14,11,2,9,21,18,8,23,19,10,6,2,10,12,2,2,3,23,27,17,11,8,26,30,17,3,2,10,4,4
20151025,10,CO,0.7,0.6,0.6,0.5,0.8,0.7,0.6,1.1,0.7,0.7,0.7,0.6,0.7,0.8,0.5,1.6,1.6,1,0.4,1.6,1.3,1.6,0.6,1,0.6,0.9,1.5,0.9,0.6,0.6,0.6,0.8,0.6,1,1.4
20151025,11,SO2,14,11,9,10,9,15,9,10,8,16,16,13,18,12,10,31,48,10,7,31,34,32,9,14,8,28,14,13,9,8,10,14,13,16,19
20151025,11,NO2,45,49,45,48,58,45,48,68,48,49,41,44,42,42,36,51,62,54,47,60,54,57,43,37,47,26,57,32,22,50,51,67,58,69,65
20151025,11,O3,20,23,15,20,27,22,17,2,18,26,24,19,24,24,10,15,2,12,16,3,2,4,25,37,24,14,7,31,38,21,11,2,12,7,10
20151025,11,CO,0.8,0.6,0.6,0.6,1,0.8,0.7,0.9,0.7,0.8,0.8,0.7,0.8,0.7,0.5,1.4,2.7,1,0.5,2,1.7,2.5,0.6,1,0.6,1.5,1.3,0.8,0.6,0.6,0.6,0.7,0.7,1.1,1.4
20151025,12,SO2,13,11,9,9,12,17,9,11,10,15,15,13,16,11,11,33,79,11,8,63,63,61,8,13,8,36,47,14,8,8,,14,15,16,19
20151025,12,NO2,47,52,41,48,62,46,49,60,50,49,33,45,35,40,36,52,68,55,43,69,56,56,42,40,47,31,69,34,27,50,,63,61,65,63
20151025,12,O3,22,24,25,22,29,26,20,7,21,31,31,22,33,30,10,20,3,15,24,6,2,12,27,38,26,17,9,36,35,25,,2,13,10,18
20151025,12,CO,0.8,0.6,0.6,0.6,1.1,0.9,0.7,0.7,0.8,0.8,0.8,0.7,0.7,0.7,0.5,1.5,3.6,0.9,0.6,3.1,2.4,2.5,0.6,0.9,0.7,1.6,2.5,0.7,0.6,0.7,,0.6,0.8,1,1.3
20151025,13,SO2,12,11,9,11,9,16,9,11,9,12,11,13,11,13,11,28,91,11,7,86,65,62,9,14,8,52,80,11,8,8,9,13,12,16,22
20151025,13,NO2,45,45,40,45,67,50,52,64,52,47,29,40,31,31,36,44,72,58,39,77,61,53,41,49,55,34,82,29,28,43,49,61,63,68,67
20151025,13,O3,27,32,31,31,29,25,23,7,23,34,36,31,39,42,10,31,5,16,31,10,2,20,30,32,20,26,14,41,33,38,18,5,13,11,15
20151025,13,CO,0.7,0.6,0.6,0.7,1,0.8,0.6,0.8,0.7,0.6,0.6,0.8,0.6,0.6,0.6,1.2,4.2,1,0.9,3.9,2.6,2.4,0.6,1.1,0.7,1.9,3.6,0.7,0.5,0.7,0.6,0.6,0.7,1,1.2
20151025,14,SO2,9,11,10,9,7,14,8,,8,11,8,11,9,12,9,21,73,17,5,72,57,58,7,19,8,58,71,8,6,8,9,14,12,,18
20151025,14,NO2,40,46,40,42,63,50,52,,43,37,24,32,28,28,34,41,67,65,35,76,74,58,45,58,,37,84,25,25,38,52,60,60,,70
20151025,14,O3,33,35,32,33,34,27,23,8,33,45,42,38,46,46,10,34,11,13,32,13,2,18,31,25,20,26,16,49,42,47,18,11,19,14,14
20151025,14,CO,0.6,0.6,0.6,0.6,0.8,0.6,0.7,,0.7,0.5,0.5,0.6,0.6,,0.5,0.8,3.4,1.5,0.4,3.5,2.5,2.8,0.6,1.5,,2.3,3.6,0.6,0.6,,0.6,0.6,0.7,,1.1
20151025,15,SO2,7,9,10,10,5,10,9,10,6,11,6,8,8,9,8,15,36,20,3,50,72,47,7,21,10,56,65,8,7,8,7,14,12,16,13
20151025,15,NO2,36,35,35,35,58,46,50,64,37,35,25,28,34,27,37,37,55,67,37,68,80,62,48,60,61,39,81,26,27,42,44,55,58,65,66
20151025,15,O3,39,47,37,43,39,33,24,13,36,48,46,44,44,50,10,39,23,14,30,19,2,15,29,27,17,24,16,50,42,46,27,16,20,16,19
20151025,15,CO,0.5,0.5,0.5,0.6,0.7,0.6,0.6,0.7,0.6,0.5,0.4,0.5,0.6,0.4,0.5,0.5,2.2,1.8,0.3,2.7,3.2,2.8,0.7,1.6,0.8,2.4,3.2,0.6,0.9,0.8,0.5,0.6,0.7,0.9,0.9
20151025,16,SO2,5,8,9,10,3,7,8,10,4,8,5,7,9,10,8,15,21,20,2,40,75,46,9,18,12,55,58,6,7,8,6,13,11,15,12
20151025,16,NO2,34,38,36,41,60,51,50,63,39,39,27,39,40,38,36,40,48,75,35,63,79,67,54,66,67,43,78,30,32,48,49,68,59,64,75
20151025,16,O3,42,45,36,37,37,29,23,11,35,43,42,34,40,39,10,37,26,10,36,21,2,12,23,21,13,19,15,46,36,40,22,7,18,13,12
20151025,16,CO,0.5,0.5,0.5,0.6,0.6,0.5,0.5,0.6,0.5,0.4,0.5,0.5,0.8,0.5,0.5,0.6,1.5,2,0.3,2.2,3.3,2.9,0.8,1.5,1.1,2.4,2.9,0.5,1.2,0.8,0.5,0.6,0.6,0.9,1
20151025,17,SO2,6,8,10,11,3,9,7,8,3,10,5,6,10,10,8,14,15,19,2,29,50,36,9,18,11,54,42,6,5,7,8,14,11,17,13
20151025,17,NO2,49,45,42,48,67,60,56,68,57,51,31,52,48,56,42,52,53,80,40,66,76,70,56,74,72,55,78,45,37,63,54,73,63,67,81
20151025,17,O3,27,36,29,29,32,18,17,7,16,31,41,21,34,19,10,22,14,7,32,11,2,9,21,11,7,6,8,29,23,22,15,2,16,9,7
20151025,17,CO,0.6,0.5,0.5,0.6,0.6,0.6,0.5,0.5,0.5,0.5,0.8,0.5,1.1,0.7,0.5,0.6,1.1,1.9,0.4,2,2.6,2.8,0.9,1.7,1,2.7,2.9,0.6,1.3,0.9,0.5,0.7,0.6,1,1.2
20151025,18,SO2,9,11,11,11,3,9,8,8,2,11,4,7,11,10,8,12,14,19,2,22,28,26,9,12,10,51,30,3,3,7,10,17,11,16,13
20151025,18,NO2,55,52,53,65,81,70,64,77,69,68,41,68,59,69,51,70,64,87,54,71,68,78,67,66,70,64,77,45,36,63,62,81,75,78,84
20151025,18,O3,19,29,15,12,18,7,8,2,2,14,27,4,22,8,10,2,3,2,19,3,2,2,7,6,6,2,4,18,4,22,6,2,5,4,2
20151025,18,CO,0.7,0.6,0.6,0.8,0.7,0.7,0.6,0.6,0.6,0.7,0.9,0.7,1.2,0.8,0.6,0.6,1.1,2,0.6,1.9,1.8,2.9,1.1,1.7,1,3,2.8,0.6,1.3,1,0.6,0.8,0.8,1.1,1.3
20151025,19,SO2,11,11,12,12,6,10,9,8,2,11,5,8,10,9,10,13,15,17,2,21,26,21,8,10,11,47,26,2,2,6,11,18,12,18,16
20151025,19,NO2,61,62,59,71,87,76,71,81,67,75,50,71,69,72,61,76,72,85,70,73,83,78,70,62,67,64,73,43,41,65,67,85,83,86,84
20151025,19,O3,12,17,9,7,12,3,2,2,2,7,16,2,9,6,10,2,2,2,3,2,2,2,4,5,8,2,5,10,2,15,2,2,2,3,2
20151025,19,CO,0.8,0.8,0.7,0.9,1,0.8,0.8,0.8,0.7,0.9,1.2,1,1.4,1.1,0.7,0.7,1.2,1.9,0.8,1.9,2.1,2.6,1,1.6,1,2.9,2.7,0.6,1.5,1.2,0.8,1,0.9,1.3,1.5
20151025,20,SO2,10,7,7,6,5,10,5,7,2,7,3,4,8,5,8,14,14,10,2,20,23,17,6,7,6,38,27,2,2,6,8,14,9,14,11
20151025,20,NO2,68,75,67,74,85,77,74,75,62,75,56,68,74,73,60,76,75,77,68,70,78,77,69,54,64,60,66,48,46,58,71,91,87,78,84
20151025,20,O3,5,4,2,2,11,3,2,2,2,7,3,2,2,4,10,2,2,2,2,2,2,2,2,7,7,2,10,3,2,10,2,2,2,3,2
20151025,20,CO,0.9,1,1,1.2,1,0.9,1.1,1,0.9,1.3,1.4,1.3,1.7,1.4,1,0.7,1.3,1.6,1.1,1.8,1.9,2.4,1,1.5,0.9,2.7,2.4,0.8,2,1,1,1.2,1.1,1.3,1.1
20151025,21,SO2,6,2,4,3,2,6,2,10,2,4,2,3,6,3,4,12,9,3,2,16,15,12,2,3,2,32,23,2,2,6,4,8,5,6,5
20151025,21,NO2,69,71,64,71,88,76,66,68,47,70,48,63,65,60,65,77,71,70,50,62,72,71,59,49,66,57,53,44,43,47,69,85,83,79,81
20151025,21,O3,3,2,2,2,2,2,2,2,2,5,3,2,3,7,10,2,2,2,2,6,2,2,6,4,2,2,18,2,2,17,2,2,2,2,2
20151025,21,CO,1.3,1.3,1.3,1.5,1.6,1.2,1.3,1.1,1,1.5,1.2,1.4,1.4,1.6,1.5,0.9,1.2,1.3,1.1,1.6,2,2.3,0.8,1.4,0.7,2.4,1.9,0.7,1.8,0.7,1.3,1.4,1.4,1.4,1.2
20151025,22,SO2,3,2,2,2,2,3,2,9,2,3,2,2,5,2,3,6,4,2,2,8,7,4,2,3,2,23,11,2,2,6,2,6,4,5,3
20151025,22,NO2,62,59,56,63,81,66,60,74,51,65,40,52,53,54,56,77,67,57,45,53,71,56,62,51,65,53,39,56,38,40,66,71,73,72,70
20151025,22,O3,5,6,5,3,2,5,2,2,2,5,8,3,10,8,10,2,2,2,2,12,2,6,2,6,2,2,30,2,2,26,2,2,2,2,3
20151025,22,CO,1.2,1.2,1.1,1.3,1.6,1.3,1.1,1.3,1.1,1.2,0.8,1,1,1.2,1.3,1.2,1.2,1.3,1,1.1,1.3,1.6,0.8,1.4,0.7,2.2,1,0.8,1.3,0.6,1.2,1.1,1.2,1.3,1.1
20151025,23,SO2,2,2,2,2,2,2,2,7,2,2,2,2,4,2,2,4,3,2,2,3,4,2,2,3,2,12,3,2,2,6,2,5,3,4,2
20151025,23,NO2,45,49,44,51,61,52,49,74,44,55,28,39,36,39,54,67,67,55,39,53,67,56,60,53,63,38,40,50,41,26,52,62,70,59,45
20151025,23,O3,21,14,24,13,19,18,9,2,11,13,29,21,33,21,10,2,2,2,8,5,2,3,2,6,2,3,17,11,2,41,10,2,2,6,24
20151025,23,CO,0.8,0.9,0.8,0.9,1.1,1.1,0.8,1.2,0.8,0.8,0.7,0.8,0.8,0.9,1.2,0.9,1.4,1.2,0.6,1.2,1.1,1.1,0.9,1.3,0.8,1.2,0.9,0.9,0.9,0.5,0.8,0.8,0.8,0.8,0.7
