date,hour,type,dongsi,tiantan,guanyuan,wanshouxigong,aotizhongxing,nongzhanguan,wanliu,beibuxingqu,zhiwuyuan,fentaihuayuan,yungang,gucheng,fangshan,daxing,yizhuang,tongzhou,shunyi,changping,mengtougou,pinggu,huairou,miyun,yanqing,dingling,badaling,miyunshuiku,donggaocun,yongledian,yufa,liulihe,qianmeng,yongdingmengxi,xizhimengbei,nansanhuan,dongsihuan
20150618,0,SO2,7,2,3,3,2,6,5,36,2,6,2,2,3,5,2,10,4,2,2,2,3,4,2,2,7,2,3,4,2,4,3,4,6,6,3
20150618,0,NO2,31,27,24,29,73,36,79,24,19,48,54,91,54,28,31,35,41,8,57,32,7,26,4,3,78,3,20,29,17,32,61,86,57,107,113
20150618,0,O3,116,59,113,102,61,132,44,57,71,71,69,49,60,116,110,106,70,73,35,75,17,59,96,98,17,95,93,85,142,80,79,45,68,37,46
20150618,0,CO,1.2,1.2,1,0.8,0.9,1.2,1.3,0.3,0.1,0.9,0.8,1.3,0.7,0.9,1,1.1,1.2,0.2,0.4,0.8,0.4,0.1,0.2,0.1,0.3,0.3,1.2,1.3,0.6,0.5,1.2,1.2,1,1.1,1.2
20150618,1,SO2,7,2,2,3,2,6,6,39,2,5,3,3,3,5,2,10,2,2,2,2,3,4,2,2,4,2,2,4,2,4,3,3,2,4,4
20150618,1,NO2,30,32,33,36,65,40,55,17,8,54,41,80,48,31,28,30,46,6,86,46,4,41,4,3,55,2,17,35,16,47,75,75,49,75,113
20150618,1,O3,103,48,87,76,77,110,66,65,90,53,78,48,59,104,102,97,33,65,5,53,16,42,91,98,52,97,71,62,87,47,52,39,79,56,21
20150618,1,CO,1.2,1.2,1,0.9,1.1,1.3,1.3,0.3,0.1,0.9,0.9,1.4,0.9,1.2,1.1,1.1,1.2,0.3,0.7,1,0.3,0.1,0.2,0.1,0.2,0.3,0.8,1.5,0.6,0.5,1.3,1.3,1,1,1.1
20150618,2,SO2,10,2,2,2,3,5,5,23,2,5,3,3,8,6,2,12,7,2,2,4,3,3,2,2,6,3,2,3,2,5,2,3,3,4,6
20150618,2,NO2,36,34,33,39,55,41,59,15,9,82,34,123,51,47,55,32,25,27,29,39,4,62,10,4,74,8,14,34,14,57,73,71,78,82,95
20150618,2,O3,65,38,77,64,69,82,44,61,85,29,73,2,47,79,61,88,17,38,53,61,13,6,75,84,11,83,64,42,78,38,44,27,32,37,2
20150618,2,CO,1.5,1.3,1.1,0.9,1.2,1.4,1.2,0.4,0.1,1.1,0.8,1.3,0.8,1.2,1.2,1.1,0.9,0.4,0.3,1.4,0.3,0.2,0.2,0.1,0.3,0.4,0.7,1.5,0.6,0.5,1.3,1.3,1.3,1.1,1
20150618,3,SO2,9,2,2,2,2,4,5,22,2,5,2,3,4,4,2,9,2,2,2,3,3,3,2,2,2,3,2,2,2,4,2,3,4,4,8
20150618,3,NO2,53,25,43,32,74,77,65,12,8,93,43,99,61,44,86,30,38,17,14,38,2,33,11,4,56,8,20,33,17,51,68,86,85,72,107
20150618,3,O3,39,15,36,53,38,37,21,59,84,6,59,6,26,68,25,82,3,43,75,42,14,29,70,85,13,84,267,27,87,41,29,5,16,34,2
20150618,3,CO,1.4,1.2,1.1,1,1.2,1.5,1,0.3,0.1,1.2,0.9,1.2,1.1,1.3,1.3,1.1,1,0.4,0.2,1.5,0.3,0.1,0.2,0.1,0.2,0.3,0.9,1.5,0.9,0.6,1.3,1.5,1.4,1.1,1.5
20150618,4,SO2,7,2,2,2,2,4,4,21,2,5,2,3,4,3,2,9,2,2,2,2,3,3,2,2,2,2,2,2,2,4,2,3,3,4,9
20150618,4,NO2,51,35,49,37,73,85,20,12,10,86,54,24,86,52,60,52,35,15,15,33,2,28,9,4,43,7,21,58,16,35,54,77,80,81,118
20150618,4,O3,46,25,25,42,,26,58,,74,2,34,68,2,46,34,46,13,45,65,42,15,40,64,,21,76,34,2,49,,35,18,12,21,2
20150618,4,CO,0.7,1.1,0.7,0.8,0.7,1.4,0.5,0.4,0.2,0.7,0.7,0.6,1.2,1.3,1.4,1.1,0.5,0.3,0.3,1.5,0.2,0.1,0.2,0.1,0.2,0.3,1.1,1.5,1,0.7,1,1.2,0.9,1,1.3
20150618,5,SO2,4,2,2,2,2,5,3,23,2,6,2,2,4,5,2,11,2,2,2,2,3,3,2,2,2,2,2,2,2,4,2,3,5,5,9
20150618,5,NO2,23,29,31,45,44,45,27,56,9,54,15,13,73,44,67,60,23,12,19,45,3,18,16,18,32,,19,65,13,26,49,75,49,74,95
20150618,5,O3,54,12,38,23,41,50,47,10,69,15,58,74,4,41,11,33,30,46,56,20,14,60,47,50,37,72,47,2,20,28,27,12,30,14,2
20150618,5,CO,0.5,0.7,0.2,0.6,0.3,0.6,0.5,0.5,0.2,0.4,0.2,0.5,0.9,0.6,1.4,0.7,0.3,0.3,0.3,1.4,0.3,0.1,0.2,0.1,0.2,0.2,0.9,1.4,1.1,0.7,0.6,1.2,0.2,0.6,0.8
20150618,6,SO2,4,2,2,2,2,3,3,23,2,5,2,2,6,4,3,7,2,2,2,2,3,3,2,2,2,2,2,4,2,4,2,5,4,6,3
20150618,6,NO2,40,38,34,30,59,39,32,55,8,74,20,20,74,37,81,37,29,8,23,46,3,39,27,9,37,4,18,61,11,29,56,67,54,80,57
20150618,6,O3,40,15,29,46,31,52,35,3,70,2,58,66,3,43,9,47,40,52,47,14,12,24,26,54,30,71,44,15,11,14,24,17,18,8,21
20150618,6,CO,0.5,0.6,0.2,0.1,0.2,0.4,0.6,0.4,0.2,0.4,0.3,0.6,0.7,0.3,1.1,0.4,0.5,0.3,0.3,1.1,0.2,0.2,0.3,0.1,0.2,0.2,0.7,1.1,1.2,0.8,0.5,0.7,0.3,0.4,0.3
20150618,7,SO2,4,2,2,2,2,3,3,25,2,5,2,2,6,2,2,7,2,2,2,4,3,5,2,3,5,2,3,5,2,4,2,5,3,8,3
20150618,7,NO2,53,58,33,27,54,44,31,16,9,71,14,13,63,29,56,59,38,10,15,30,4,46,27,14,24,4,15,51,19,57,53,55,58,84,36
20150618,7,O3,27,23,29,55,36,44,34,44,72,2,65,77,9,52,25,29,32,55,58,37,13,18,31,44,56,63,42,24,7,12,27,33,13,9,44
20150618,7,CO,0.5,0.5,0.3,0.1,0.2,0.4,0.7,0.5,0.2,0.5,0.3,0.5,0.5,0.2,0.7,0.4,0.5,0.3,0.3,0.8,0.2,0.3,0.3,0.1,0.3,0.3,0.4,0.7,1.2,0.9,0.5,0.4,0.4,0.5,0.2
20150618,8,SO2,3,2,2,2,2,3,4,26,2,4,2,2,5,2,2,4,2,2,2,4,3,5,3,3,10,2,2,5,3,5,2,4,4,7,3
20150618,8,NO2,33,52,32,28,35,36,32,15,13,46,11,13,41,32,34,37,39,8,9,34,5,39,23,6,26,5,11,37,40,27,51,54,54,85,30
20150618,8,O3,50,34,33,60,58,59,44,52,70,30,77,83,29,55,52,52,31,57,73,49,14,39,43,68,54,74,57,45,34,61,36,43,22,14,56
20150618,8,CO,0.4,0.5,0.3,0.1,0.2,0.4,0.6,0.2,0.3,0.4,0.2,0.5,0.4,0.3,0.4,0.4,0.4,0.3,0.3,0.6,0.2,0.2,0.3,0.1,0.4,0.4,0.2,0.4,0.4,0.6,0.5,0.4,0.4,0.6,0.2
20150618,9,SO2,3,2,2,2,2,3,3,,2,4,2,2,4,3,2,4,2,2,2,2,3,3,7,2,18,2,2,3,2,6,2,3,7,6,2
20150618,9,NO2,26,43,24,22,27,28,11,11,9,31,8,10,22,23,27,24,19,4,6,13,2,23,17,2,27,3,11,29,20,9,40,36,38,80,18
20150618,9,O3,64,54,54,75,75,75,81,65,82,53,80,89,55,74,67,70,60,67,83,81,16,64,56,86,63,84,68,63,70,84,54,67,44,29,76
20150618,9,CO,0.4,0.4,0.2,0.1,0.1,0.4,0.5,0.2,0.2,0.3,0.2,0.5,0.3,0.2,0.3,0.3,0.3,0.2,0.3,0.3,0.2,0.1,0.4,0.1,0.4,0.3,0.2,0.3,0.1,0.2,0.4,0.3,0.3,0.5,0.1
20150618,10,SO2,3,2,2,2,2,2,4,37,2,4,2,2,3,2,2,3,2,2,2,2,3,2,2,2,8,2,2,2,2,4,2,3,4,5,2
20150618,10,NO2,9,29,16,15,15,17,8,9,8,23,6,10,19,19,17,14,10,,6,10,4,5,7,2,21,3,7,18,14,2,29,43,22,72,12
20150618,10,O3,84,75,69,89,92,93,91,71,87,65,83,93,63,86,85,90,76,62,86,90,19,90,79,89,82,92,78,77,89,87,67,65,59,37,78
20150618,10,CO,0.3,0.4,0.2,0.1,0.1,0.3,0.5,0.2,0.2,0.3,0.2,0.5,0.3,0.2,0.2,0.3,0.2,0.2,0.3,0.2,0.3,0.1,0.2,0.1,0.3,0.3,0.1,0.2,0.1,0.1,0.3,0.3,0.2,0.4,0.1
20150618,11,SO2,3,2,2,2,2,2,4,37,2,5,2,3,3,2,2,3,2,2,2,2,3,2,5,2,15,2,2,2,2,5,2,3,2,4,2
20150618,11,NO2,6,27,13,9,11,14,9,10,10,22,5,10,18,16,11,10,10,2,9,8,5,4,5,6,16,2,5,15,14,2,24,28,29,69,37
20150618,11,O3,92,82,77,99,99,100,96,75,91,72,87,97,71,95,99,99,85,80,87,99,20,97,90,93,96,104,78,90,103,99,77,82,60,49,71
20150618,11,CO,0.3,0.3,0.2,0.1,0.1,0.3,0.5,0.2,0.2,0.3,0.2,0.5,0.3,0.2,0.2,0.3,0.2,0.3,0.3,0.2,0.3,0.1,0.2,0.1,0.4,0.3,0.1,0.2,0.1,0.1,0.3,0.2,0.3,0.3,0.3
20150618,12,SO2,2,2,2,2,2,2,3,40,2,5,2,3,4,2,2,3,2,2,2,2,2,3,2,2,5,2,3,2,2,7,2,2,4,4,2
20150618,12,NO2,7,24,12,8,11,12,9,11,11,16,5,9,17,16,10,10,12,2,8,7,5,6,5,2,25,2,3,14,15,2,23,25,32,71,23
20150618,12,O3,97,90,84,106,104,107,105,82,98,89,94,106,71,103,107,108,88,86,95,102,20,102,91,212,98,107,,97,115,107,83,92,62,51,88
20150618,12,CO,0.3,0.3,0.1,0.1,0.1,0.3,0.5,0.2,0.1,0.3,0.2,0.5,0.2,0.2,0.2,0.3,0.2,0.3,0.4,0.2,0.2,0.1,0.2,0.1,0.3,0.3,0.1,0.2,0.1,0.2,0.3,0.2,0.3,0.3,0.2
20150618,13,SO2,3,2,2,3,2,2,5,41,2,7,3,4,5,2,2,3,2,2,2,2,3,3,2,2,2,2,2,4,2,7,2,3,2,5,2
20150618,13,NO2,8,18,12,8,13,12,8,16,14,16,5,8,13,15,8,9,11,2,6,6,5,6,4,3,22,2,3,12,18,2,15,29,30,77,6
20150618,13,O3,100,107,97,118,111,111,117,87,105,96,103,115,87,113,111,118,95,90,102,105,22,106,94,105,97,111,,110,124,115,101,102,75,61,105
20150618,13,CO,0.3,0.3,0.2,0.1,0.1,0.3,0.5,0.2,0.1,0.3,0.2,0.5,0.2,0.2,0.3,0.3,0.2,0.3,0.4,0.2,0.2,0.1,0.2,0.1,0.3,0.3,0.1,0.1,0.1,0.2,0.3,0.2,0.3,0.3,0.1
20150618,14,SO2,3,2,2,3,2,2,3,42,2,6,3,3,4,4,2,3,2,2,2,2,3,2,2,2,2,2,2,2,,6,2,3,2,5,2
20150618,14,NO2,8,24,13,8,14,13,8,20,18,17,4,9,14,16,10,10,10,2,8,6,7,6,4,4,30,2,5,14,28,2,19,30,32,75,19
20150618,14,O3,106,107,98,122,118,119,117,86,104,99,105,115,99,121,118,128,91,94,102,109,23,105,96,108,94,109,104,115,112,124,101,101,78,67,103
20150618,14,CO,0.3,0.3,0.1,0.1,0.1,0.3,0.5,0.2,0.1,0.3,0.2,0.5,0.2,0.2,0.3,0.3,0.2,0.3,0.4,0.2,0.2,0.1,0.2,0.1,0.2,0.3,0.1,0.1,,0.1,0.3,0.2,0.3,0.4,0.1
20150618,15,SO2,2,2,2,2,2,2,3,39,2,5,2,2,4,2,2,3,2,2,2,2,3,2,2,2,2,2,2,2,3,6,2,3,4,6,2
20150618,15,NO2,9,25,12,8,15,13,9,24,19,20,5,11,15,22,11,11,12,2,7,6,8,7,3,4,13,2,6,9,,2,22,35,26,84,12
20150618,15,O3,106,104,99,123,118,120,115,84,101,94,106,109,93,114,118,122,87,94,99,112,23,110,96,109,109,109,109,125,114,131,97,100,81,64,111
20150618,15,CO,0.3,0.3,0.1,0.1,0.1,0.3,0.5,0.2,0.1,0.3,0.2,0.5,0.2,0.2,0.2,0.3,0.2,0.3,0.3,0.1,0.2,0.1,0.2,0.1,0.2,0.3,0.1,0.1,0.1,0.1,0.3,0.2,0.2,0.4,0.1
20150618,16,SO2,2.4,2,2,2,2,2,2.6,37.6,2,3.9,2,2,4.2,2.1,2,3,2,2,2,2,2.7,2.4,2,2,2,2,2,2.4,2,,2,2.6,2,6.7,2
20150618,16,NO2,9,25.3,14.6,7.7,15.8,14.8,9.5,27.4,17.8,19.6,5,10.4,25.5,19.6,11.1,9.8,10.7,2.5,7,5.5,6.4,8,5.2,6.7,15.9,2,7.1,10.4,38.2,,21.6,23.6,29.3,99,19.1
20150618,16,O3,107.8,104.9,93.9,120.3,119.7,121.9,114.3,83,101.8,93,107.4,109.3,105.8,118,120.7,112.9,89.7,91.9,100.2,114,,109.3,93.2,108.2,104.4,113,112.6,130.8,115.3,,99,105.7,77.6,47,108.4
20150618,16,CO,0.3,0.3,0.1,0.1,0.1,0.3,0.5,0.2,0.1,0.3,0.2,0.5,0.3,0.2,0.3,0.3,0.2,0.3,0.3,0.2,0.2,0.1,0.2,0.1,0.2,0.3,0.1,0.1,0.1,,0.3,0.2,0.2,0.4,0.1
20150618,17,SO2,2.5,2,2,2,2,2,3.7,34.3,2,3.6,2,2,4.3,2.5,2,3.3,2,2,2,2,2.9,2.2,2,2,2,2,2,2,2,10.8,2,2.5,2.3,7.6,2
20150618,17,NO2,9.8,31.6,16.6,9.3,20.9,20.8,19.4,26.4,17.3,25.1,10.7,12,27.4,21,11.6,13.6,15.7,4.2,11.2,7.4,8.4,8,4.2,4.5,11.4,2.4,8.1,9.7,44.9,2,32.8,34.5,42.6,122.6,21
20150618,17,O3,105.8,95.4,90.8,115.9,115.1,114.7,102.9,81.8,98.3,83.8,125.3,107.5,115.3,133.3,122.2,112.1,85.3,90.3,95.8,114.1,,108.8,93.8,108.2,109.1,111.1,112.8,116.8,124.5,131.4,89,93,64.9,31.9,107.4
20150618,17,CO,0.3,0.4,0.2,0.1,0.1,0.3,2.5,0.2,0.1,0.3,0.2,0.5,0.3,0.2,0.3,0.3,0.2,0.3,0.3,0.1,0.2,0.1,0.2,0.1,0.2,0.3,0.1,0.1,0.1,0.1,0.4,0.2,0.3,0.5,0.1
20150618,18,SO2,2.2,2,2,2,2,2,3.2,28,2,4.4,2.2,2.5,5,2.6,2,3.2,2,2,2,2,2.7,2.1,2,2,2,2,2,2,2,5.2,2,2,2,9.2,2
20150618,18,NO2,22.2,37.1,27.2,15.1,32.2,26.1,25.7,27.8,18.6,41.6,13.5,22.9,30,22.3,18.8,23.1,20,5.7,8.9,15.7,9.3,10,10.2,4.5,8.4,2.3,9,13,29.2,3.1,41.5,31.4,42,136.6,30.9
20150618,18,O3,92.4,81.7,73.3,97.4,99.7,106.1,84.4,80.2,96.7,85.2,127,112.1,116.3,134.1,120.9,99.5,80.7,88,99.1,100.7,,104.6,88.2,106.1,111.1,110.7,105,116.3,122.5,132.6,75.2,86.7,66.3,13.4,89.3
20150618,18,CO,0.4,0.4,0.2,0.1,0.2,0.4,1,0.2,0.1,0.4,0.3,0.6,0.3,0.2,0.3,0.3,0.2,0.3,0.3,0.2,0.2,0.1,0.2,0.1,0.2,0.3,0.1,0.1,0.1,0.2,0.4,0.2,0.3,0.7,0.2
20150618,19,SO2,2.7,2,2,2,2,2.1,2.7,27.4,2,6,2,3.1,4.8,2.7,2,2.5,2,2,2,2,2.4,2.5,2,2,2,2,2.2,2,2,6,2,2.6,2.9,7.2,4.7
20150618,19,NO2,26,46.6,29.1,20,31.6,38.1,22.3,25.1,19.5,70.6,19.8,23,40.6,32.2,27.2,23.2,25,8.2,14.5,17.8,7,11.1,8.7,4.4,5.7,2.6,14.8,18,16.2,17,35.2,89.6,45.8,126,102.6
20150618,19,O3,83.7,67.8,71.1,85.8,94.6,87.5,85.3,74.5,93.3,75.4,116.9,124.6,101.4,129.7,112.4,95.2,69.6,80.5,89.7,91.7,,100.8,86.4,102.8,109.3,104.5,91,115,95.7,99.4,75.4,36.6,56.5,31.5,13.8
20150618,19,CO,0.5,0.4,0.2,0.1,0.2,0.5,0.6,0.2,0.1,0.5,0.3,0.6,0.4,0.3,0.4,0.3,0.2,0.3,0.3,0.2,0.2,0.1,0.2,0.1,0.2,0.3,0.1,0.2,0.1,0.2,0.4,0.4,0.4,0.6,0.8
20150618,20,SO2,2.7,2,2,2,2,2,2.3,25.8,2,3.8,2,2,5.2,2,2,4,2,2,2,2,2.5,2.5,2,2,3.6,2,2,2.5,2,7,2,2.3,4.5,6.3,2
20150618,20,NO2,19.6,45.6,31.5,21.9,29.3,30.8,21.2,27.7,22.1,54.4,14.3,18.5,73.7,45.4,62.9,33.5,19.2,9.4,17.5,20.6,6.7,13.5,5.3,5.5,40.2,3.5,8.5,22.1,14.6,47.9,28.5,57.8,71.1,115.3,37.1
20150618,20,O3,82,66.5,60.2,85.2,90.1,86.9,80.4,63.7,82,44.4,88.6,88.7,46.1,99.8,49.7,72.6,72.4,74.6,77.4,81.7,,92.9,88.9,96.6,69.6,97.8,92.7,88.5,86.8,60.1,75,51.8,26.7,25.3,70.1
20150618,20,CO,0.5,0.5,0.2,0.1,0.2,0.4,0.5,0.2,0.1,0.4,0.2,0.6,0.5,0.3,0.5,0.3,0.2,0.3,0.2,0.2,0.2,0.1,0.2,0.1,0.2,0.3,0.1,0.2,0.1,0.3,0.3,0.3,0.4,0.4,0.2
20150618,21,SO2,2.7,2,2,2,2,2.1,2.9,25,2,3.9,2,2,4.1,2,2,4.5,2,2,2,2,2.4,2.3,2,2,4.2,2,2,2.2,2,7.1,2,2.8,4.4,7.6,2
20150618,21,NO2,34.3,42.5,46.9,29.5,43.1,38.2,49.5,28.3,22.8,68.8,6,35,14.6,17.8,30,33.3,26.1,22.6,15.8,31.8,11.3,10.7,10.6,7.1,53.6,5.5,11,23.9,8.4,7.7,38.1,66.6,73.5,120,39.8
20150618,21,O3,61.7,52.4,36.4,66.6,69.3,74.1,43.9,58.5,65.7,18.3,94.3,68.7,86,97.4,72,66.4,61.5,56.2,75.7,62.4,,95.6,75.9,81.2,47,91.1,81.2,58.9,107.2,89.8,58.7,35.4,21.7,7.3,56
20150618,21,CO,0.6,0.4,0.3,0.1,0.2,0.4,0.7,0.2,0.1,0.4,0.2,0.7,0.2,0.1,0.4,0.3,0.2,0.4,0.2,0.3,0.2,0.1,0.2,0.1,0.2,0.3,0.1,0.2,0.1,0.2,0.4,0.4,0.5,0.7,0.2
20150618,22,SO2,3.4,2,2,2,2,2.2,3.1,30.2,2,4.6,2.9,3.2,5.1,2,2,3.9,2,2,2,2,2.6,2.7,2,2,2,2,2,2.2,2,5.2,2,3.3,3.7,7.2,2
20150618,22,NO2,51.8,45,54.5,43.4,50,59.6,50.4,22.9,13.4,89.4,14.8,56.8,25.1,28.5,35.4,35.1,53.8,26.6,23,42.9,8.3,24.5,3.6,13.8,40.6,4.7,15,26.1,2.6,2.2,57,84.7,79.9,119.5,58
20150618,22,O3,40.9,32,23.6,39.8,56.8,47.2,36.5,67.6,83.4,2,75.7,42.8,63.6,79.7,60.3,58.7,29.8,45.2,62.4,38.9,,69.4,99.5,70.2,72.5,87.9,72.9,59.7,89.5,93.2,34.4,19.5,14.2,2,31
20150618,22,CO,0.6,0.5,0.4,0.2,0.3,0.5,0.7,0.2,0.1,0.5,0.2,0.8,0.3,0.2,0.4,0.3,0.3,0.4,0.3,0.4,0.2,0.1,0.2,0.1,0.2,0.3,0.1,0.2,0.1,0.1,0.5,0.5,0.6,0.6,0.3
20150618,23,SO2,2.9,2,2,2,2,2.5,2.5,29.5,2,6.4,2.6,4.5,4.8,2,2,4.3,2.9,2,2,3,2.4,3,2,2,11.2,2.1,2,4.1,2,5.1,2,2,3.3,5.5,2
20150618,23,NO2,36.7,38.8,22.6,27.8,45.5,65.2,13.5,11.8,12.5,82.8,14.2,29.7,28,52.2,63.6,67.3,78.4,41.9,13.5,30.2,4.3,30.7,6.3,22,46.9,5.3,9.4,36.2,10.2,2,31,38.8,38.9,98.8,56.1
20150618,23,O3,55.9,58.9,65.8,67.6,65.9,42.1,83.3,77.7,83,2,79.4,68.9,57,44.7,36.2,27.3,4.9,43.9,78.1,45.8,,54.8,93,65.2,57.4,76.7,81.1,50.5,86.8,87.5,67,61.5,56.3,11.4,36.1
20150618,23,CO,0.5,0.4,0.2,0.1,0.2,0.5,0.5,0.2,0.1,0.4,0.2,0.7,0.3,0.3,0.5,0.4,0.3,0.4,0.2,0.3,0.2,0.1,0.2,0.1,0.3,0.4,0.1,0.2,0.1,0.2,0.3,0.3,0.3,0.5,0.3
20150618,0,PM2.5,60,58,53,25,66,64,60,10,3,72,55,50,57,53,64,70,74,8,10,64,9,12,5,6,3,4,52,74,140,51,57,,50,62,54
20150618,0,PM10,82,71,62,78,121,74,,30,5,82,,78,,62,85,,104,14,35,74,20,34,10,8,6,5,56,81,,60,62,75,,91,
20150618,0,AQI,64,65,68,61,61,59,68,65,60,84,70,72,86,67,69,63,66,62,65,93,51,52,56,34,55,32,84,95,157,94,78,68,65,70,74
20150618,1,PM2.5,56,58,62,29,60,67,50,14,3,75,54,63,52,49,66,77,89,5,26,75,14,4,6,3,9,9,40,80,129,54,64,,53,57,61
20150618,1,PM10,74,,68,75,75,79,69,29,9,,,96,65,58,70,,112,15,35,98,,20,9,11,,,,85,,60,76,73,84,72,132
20150618,1,AQI,63,65,67,58,62,59,67,62,57,84,69,71,85,66,68,63,68,58,64,94,51,51,54,33,53,31,84,93,156,93,76,68,65,70,76
20150618,2,PM2.5,72,65,66,55,68,66,51,19,3,80,54,66,50,52,72,79,89,9,13,89,12,18,5,4,9,4,34,89,113,55,67,,59,61,69
20150618,2,PM10,78,,,58,89,78,52,37,10,,,114,60,62,92,,101,26,30,,17,47,15,25,30,15,,,,63,83,67,115,76,134
20150618,2,AQI,64,65,68,58,63,60,68,60,54,85,68,72,83,64,68,63,68,44,62,95,48,51,50,32,51,28,83,90,155,91,77,67,67,70,79
20150618,3,PM2.5,86,53,65,47,70,75,36,8,3,78,59,30,67,56,74,77,86,12,6,100,12,9,8,5,10,10,56,97,123,61,63,,59,60,75
20150618,3,PM10,90,,,73,,84,,21,11,,61,41,75,67,,,,16,9,106,,10,,,14,,,,,65,90,,97,74,125
20150618,3,AQI,67,66,69,59,64,62,67,56,51,86,68,71,81,63,68,64,68,36,61,97,48,48,47,32,49,27,134,88,153,88,76,67,68,71,79
20150618,4,PM2.5,56,56,42,58,56,76,11,17,3,21,38,10,74,60,75,87,54,10,4,102,7,8,3,5,10,13,63,102,137,66,48,,43,63,78
20150618,4,PM10,63,,,,56,,,30,14,,,,115,73,76,,,10,5,,9,10,39,21,,,,,,67,,,,,132
20150618,4,AQI,68,66,69,60,65,63,65,53,49,84,67,69,81,63,68,66,68,34,59,98,45,45,44,31,48,25,81,86,152,86,78,67,68,72,82
20150618,5,PM2.5,15,25,14,31,24,28,9,6,3,3,7,6,69,31,70,61,27,7,6,102,6,6,6,8,7,3,56,99,144,74,35,,14,33,61
20150618,5,PM10,30,33,,,,,25,46,15,5,,15,,,,,,16,,,,20,12,28,,5,,,,,,49,,,
20150618,5,AQI,66,65,67,59,63,62,62,50,47,80,64,67,80,62,68,66,68,32,59,99,45,44,41,31,46,23,80,85,152,84,80,66,69,72,82
20150618,6,PM2.5,9,22,13,3,10,14,9,28,3,3,6,4,43,8,54,17,16,11,7,84,8,10,20,5,11,4,37,71,131,81,21,,7,16,10
20150618,6,PM10,35,,,5,17,,33,58,13,35,,23,,10,,,,11,8,,,30,41,24,,5,,,,112,32,,28,40,
20150618,6,AQI,63,63,63,57,61,60,59,48,44,75,61,65,77,59,69,65,68,31,58,99,45,41,40,31,43,23,77,85,152,83,78,67,66,69,83
20150618,7,PM2.5,10,11,14,5,14,13,6,9,6,3,8,8,24,3,22,29,19,9,3,57,5,13,9,4,3,11,24,40,148,83,15,,9,11,3
20150618,7,PM10,29,12,,8,,16,32,19,,21,,16,62,21,,,22,12,9,,9,69,19,60,7,,,,309,124,,10,27,44,5
20150618,7,AQI,60,59,60,55,61,58,58,47,42,72,61,63,75,58,69,65,67,30,56,97,44,42,38,33,39,20,73,84,152,81,78,64,65,66,80
20150618,8,PM2.5,7,7,9,10,10,10,13,8,3,3,3,5,14,5,3,17,17,3,6,22,6,22,7,11,10,7,14,24,73,44,18,,11,15,3
20150618,8,PM10,27,14,,,18,16,,27,9,5,5,20,,9,5,,39,14,7,,10,34,31,,31,,,,,,48,,33,50,5
20150618,8,AQI,58,57,60,55,61,57,58,43,41,69,58,62,71,56,67,63,67,28,55,93,40,41,34,32,35,23,69,82,149,78,76,64,64,65,76
20150618,9,PM2.5,9,9,8,3,9,10,6,3,3,3,11,3,20,16,3,14,9,7,5,3,8,6,13,5,14,5,11,17,51,7,10,,8,12,3
20150618,9,PM10,24,,,5,,15,9,5,5,5,,24,,,5,,,,33,5,,12,19,5,,5,,,,,,,,22,5
20150618,9,AQI,57,55,55,53,55,55,56,41,38,67,53,60,70,53,65,62,60,26,54,88,26,39,32,30,33,27,65,79,146,73,59,21,52,64,76
20150618,10,PM2.5,7,6,6,9,22,9,4,5,3,3,3,6,11,3,3,4,8,11,4,3,7,3,3,5,8,10,6,12,24,4,16,,9,10,3
20150618,10,PM10,20,,,,,,23,18,8,5,14,26,,24,5,,,17,5,5,16,5,5,,,,,,,5,18,,20,34,5
20150618,10,AQI,55,53,54,41,55,54,55,39,36,64,57,59,68,56,63,60,59,27,52,82,31,38,27,28,29,29,60,75,142,70,73,22,63,63,73
20150618,11,PM2.5,7,11,10,3,9,5,3,14,3,3,6,7,10,4,3,8,5,6,5,3,9,4,7,5,15,10,5,6,14,4,12,,8,9,3
20150618,11,PM10,14,15,,23,,13,24,20,6,25,,30,,28,33,,5,8,,5,11,5,,5,18,,,,,5,42,16,43,45,10
20150618,11,AQI,54,52,62,53,62,54,54,38,34,62,58,59,70,55,62,59,66,26,52,78,31,36,29,30,30,33,61,75,138,67,72,63,63,63,71
20150618,12,PM2.5,8,5,10,10,6,7,3,12,3,3,3,5,3,12,3,8,7,7,8,3,5,10,9,9,3,11,,8,13,5,12,,8,11,3
20150618,12,PM10,,5,,,,21,15,29,5,5,14,34,10,13,18,,,14,,5,,,,,5,,,,21,5,14,5,19,30,45
20150618,12,AQI,53,50,63,53,64,53,53,37,33,61,56,58,68,54,60,58,69,27,52,73,31,36,29,107,31,34,56,75,134,64,69,60,63,62,70
20150618,13,PM2.5,5,9,12,7,8,6,3,7,5,3,11,7,22,17,3,12,8,13,9,3,5,10,5,4,7,5,6,8,3,10,3,,9,15,3
20150618,13,PM10,8,17,,15,,8,11,15,,14,,23,,,5,,,,,6,5,,5,5,,,,,20,,20,11,28,21,5
20150618,13,AQI,51,49,63,52,64,52,52,36,33,59,56,57,68,55,58,57,69,29,52,69,29,36,30,33,31,35,52,75,129,62,67,58,61,62,69
20150618,14,PM2.5,8,12,7,11,6,9,4,18,3,3,3,4,18,9,14,20,10,5,6,3,3,3,7,4,11,5,9,6,,14,20,,7,14,3
20150618,14,PM10,,,,,,,5,,5,8,19,20,,18,17,,,9,,6,11,5,,5,,5,,11,12,,,,14,24,5
20150618,14,AQI,51,48,63,52,65,53,51,36,33,57,53,56,69,54,57,57,59,30,52,65,27,34,31,34,30,34,51,69,129,59,67,58,61,61,67
20150618,15,PM2.5,8,5,8,4,6,10,14,10,11,3,13,6,4,13,9,12,7,6,6,3,3,5,3,7,12,4,4,10,,14,12,,10,14,7
20150618,15,PM10,9,14,,14,23,11,15,10,,12,,17,9,18,,,,11,,5,7,6,5,,,5,5,,41,21,47,13,23,28,17
20150618,15,AQI,51,46,63,47,62,52,48,34,32,54,51,53,63,52,59,56,59,30,51,62,20,35,31,35,35,35,43,69,128,57,66,56,59,60,65
20150618,16,PM2.5,3.9,7.1,11.4,9.8,10.4,10.6,7.4,3,6.4,3,14.3,6.2,25.1,9.2,8.7,8.8,5,7.9,7.4,3,4.8,8.4,3.3,3,7.1,5.3,8.2,5,8.3,,19,,6.9,15.3,8.5
20150618,16,PM10,7.7,18.3,,20.4,14.5,11.9,16.1,9.7,5.5,13.5,,16.3,,16.7,21.5,,5,15.3,,5,5,16.3,16.4,15.6,11.2,,,5,77.9,,,11.4,15.9,25.5,21.9
20150618,16,AQI,49,44,63,45,58,47,44,31,32,50,47,51,60,47,54,55,56,29,50,60,18,35,30,34,33,36,41,60,120,57,57,34,54,57,54
20150618,17,PM2.5,7.7,9.1,7.2,7.5,5.5,3.9,41,10,3,3,9.3,5.1,16,11.3,3.9,6.7,3,3,6.4,3,8.7,3,6.5,6.3,3.1,9.7,8.4,6.1,6.4,,8.3,,9.8,20.4,7.6
20150618,17,PM10,8.8,16.5,,,,8.8,117.8,15.8,5,28.7,23.8,17.2,,18.5,5,,8.4,11.1,,5,,10.4,7.5,10.6,11,,16,,24.6,,38.9,10.1,27.4,31.8,19.4
20150618,17,AQI,48,43,65,45,57,46,46,30,31,47,45,50,60,46,52,53,54,29,48,59,18,34,30,34,35,35,38,59,114,57,55,33,54,62,54
20150618,18,PM2.5,11.9,8.4,5.4,7.1,7.1,7.6,,11.7,5.9,3,5.3,13.2,10.5,15.5,8.7,10.1,8,3,14.6,3,6.1,3.8,7,7,4.6,13.1,6.4,5.8,11.4,5.4,15.8,,8.4,14.9,7.1
20150618,18,PM10,19.1,29.8,15.3,51.7,18.7,23.2,41.6,26.1,13.5,23.3,30.2,39.6,29.2,28.1,49.5,,16.8,18.6,31.3,34,10.3,20.3,9.1,13.8,9.2,,17.2,44.8,195.5,38.2,51,12.9,27.6,56.6,258.8
20150618,18,AQI,48,42,62,45,55,44,46,30,31,43,43,49,58,45,50,52,53,28,45,57,17,33,28,34,35,35,38,58,108,57,55,33,54,69,60
20150618,19,PM2.5,9.1,13.1,9.7,3,6.4,9.6,5.6,3,6.9,3,11.1,11.8,5.9,10.9,14,14.6,7.7,6.1,3.5,3,7.6,3.7,3,3,3,3,12.3,14.4,6.3,12.3,8.1,,15.3,19.5,13.1
20150618,19,PM10,27.4,36.3,18.8,21.4,22.1,31.4,23.7,30.8,18.6,63.8,43.4,51.5,33.4,26.6,45.7,,25.6,25.5,23.2,37.7,10.2,26.5,24.4,12.1,5,9.6,30.3,19.5,117.3,96.8,36.6,37.6,42.4,76.7,126.3
20150618,19,AQI,46,40,58,40,54,42,44,29,30,39,40,48,57,44,48,50,51,26,41,55,15,32,27,33,35,33,38,57,103,58,52,45,53,63,61
20150618,20,PM2.5,14.5,13.2,13.6,7.1,9.8,9,7.6,15.7,4.7,3,9.7,9.2,28.1,15.3,8.8,11.9,6.5,11.3,5.8,3,7,3,6.6,6.4,3.7,3.6,8.7,11.3,10.5,28.8,5.3,,11.1,19.2,6
20150618,20,PM10,27.9,15.1,22.5,,27.1,17.3,24.1,35.6,28,31.8,20.7,30,69.8,52.7,42.9,,17.8,17,8.7,92.6,15.4,19.9,17.4,30.8,23.1,7.6,15.5,96.9,78,119.8,23,30.2,37.5,55.1,
20150618,20,AQI,44,38,53,38,52,40,41,27,26,36,37,46,57,42,46,48,47,24,34,53,13,30,28,31,22,31,36,56,98,59,48,29,50,58,61
20150618,21,PM2.5,22.1,9.3,15.3,14.6,11.1,7.1,11.4,7.5,4.6,3,3.9,8.5,10.5,17.4,6.7,12.1,9,7,4.5,3,7.9,10.1,13.6,3.6,12.2,4.4,8,4.7,14.2,7.5,6,,13.5,19.8,3
20150618,21,PM10,41.1,53.5,28.5,47.5,35.7,23.8,43.8,23.9,12.8,44.3,5,33.1,29.6,24,11.2,,31.3,35.3,21.2,87.1,23.1,23.9,14.7,24.8,14.5,8.4,17.4,116,,25.3,45.4,36.9,54.9,65,29.2
20150618,21,AQI,41,35,47,36,51,38,38,25,21,35,32,41,53,39,43,46,45,18,29,51,12,30,24,26,27,29,35,54,92,57,46,34,46,60,58
20150618,22,PM2.5,19.5,11.1,15.2,17.8,11.8,12.6,12.5,3,3,3,3.1,16.7,10.5,7.3,6.2,13.8,13,8.8,9.6,4.9,7.2,14.8,3,3.1,7.3,7.3,8.5,10.5,8.6,3.6,10.2,,15.6,24,9.8
20150618,22,PM10,40.6,47.4,32.4,51.9,27.6,27.2,46.8,27.8,9.8,60.3,25.1,56.6,23.8,34.5,58.4,,39.7,32.9,30.7,69.8,23,44.8,27.3,33.7,22.8,,19.3,,155.7,45.5,13.8,36.6,57.7,70.7,83.9
20150618,22,AQI,39,33,40,37,47,35,36,26,27,45,29,40,49,35,39,44,44,17,23,48,13,23,32,22,23,28,33,54,87,55,44,43,45,60,56
20150618,23,PM2.5,14.1,18.5,11.6,13.3,9.6,14.3,4.7,8.5,3,3,11,10.4,19.4,10.6,12.5,23.3,12.7,12.7,7.6,3,7,8.6,3,5.7,5.5,8.8,8.7,10.6,9.8,3.7,14.2,,8.1,21.4,8.6
20150618,23,PM10,31.4,,16,,,27,16.3,22.7,20,33.6,,37.4,22.4,55.6,47,,41.1,23.9,16.4,59,13.7,54.7,18.6,24.1,50.8,13.2,15.2,,,31.5,,11.4,24.7,51.9,
20150618,23,AQI,36,30,33,37,42,33,33,26,26,42,25,38,47,35,37,42,41,21,25,45,13,24,30,21,24,24,31,54,82,53,44,26,41,50,56
