date,hour,type,dongsi,tiantan,guanyuan,wanshouxigong,aotizhongxing,nongzhanguan,wanliu,beibuxingqu,zhiwuyuan,fentaihuayuan,yungang,gucheng,fangshan,daxing,yizhuang,tongzhou,shunyi,changping,mengtougou,pinggu,huairou,miyun,yanqing,dingling,badaling,miyunshuiku,donggaocun,yongledian,yufa,liulihe,qianmeng,yongdingmengxi,xizhimengbei,nansanhuan,dongsihuan
20150605,0,SO2,6,2,2,2,2,5,4,14,2,6,2,3,2,7,2,4,2,,2,2,2,2,3,2,3,2,2,3,2,5,,8,11,9,7
20150605,0,NO2,47,39,50,50,39,53,35,18,10,90,42,61,53,32,43,43,34,,19,16,27,40,7,20,22,17,17,41,49,28,,51,51,96,41
20150605,0,O3,47,34,47,45,72,52,64,34,37,16,27,26,27,51,47,50,11,,52,53,10,32,88,12,85,38,29,,2,13,,46,44,10,61
20150605,0,CO,1.1,0.7,0.8,0.3,0.6,0.8,0.6,0.4,0.1,0.7,0.8,0.8,0.7,0.8,0.7,0.8,1,,0.4,0.8,0.8,0.8,0.2,0.3,0.2,0.7,0.6,0.8,0.7,0.5,,0.7,0.5,0.9,0.5
20150605,1,SO2,3,2,2,2,,4,4,14,2,5,2,227,2,6,2,4,2,,2,2,2,2,3,2,2,2,3,3,2,4,,7,11,7,6
20150605,1,NO2,52,46,56,53,22,59,22,22,10,71,26,63,55,33,36,43,38,,14,16,15,57,7,17,23,17,16,33,42,26,,51,42,87,50
20150605,1,O3,36,33,33,33,78,37,77,28,34,28,30,10,17,43,56,45,2,,57,50,7,7,80,13,78,39,34,,2,16,,31,43,10,39
20150605,1,CO,1,0.8,0.8,0.3,0.4,0.8,0.4,0.4,0.1,0.8,0.8,0.7,0.8,0.8,0.6,0.7,0.9,,0.3,0.7,0.7,0.8,0.3,0.3,0.2,0.7,0.5,0.7,0.7,0.5,,0.7,0.4,1,0.5
20150605,2,SO2,3,2,4,,2,2,3,16,2,5,2,37,2,2,2,2,2,,2,2,2,2,2,2,15,2,2,3,2,4,,4,6,5,6
20150605,2,NO2,50,43,41,53,30,48,27,33,12,89,31,61,56,31,41,40,52,,37,10,12,37,18,12,30,17,15,32,41,20,,51,46,87,53
20150605,2,O3,32,18,37,26,63,42,64,10,34,12,18,3,11,35,39,39,2,,14,56,2,20,44,26,65,39,23,,2,18,,19,35,2,28
20150605,2,CO,1,0.8,0.6,0.4,0.4,0.6,0.4,0.5,0.1,0.8,0.8,4.6,0.8,0.8,0.7,0.7,0.9,,0.3,0.6,0.5,0.7,0.3,0.3,0.3,0.7,0.5,0.7,0.6,0.5,,0.7,0.4,0.9,0.5
20150605,3,SO2,3,2,2,2,2,2,3,15,2,5,2,3,2,2,2,2,2,,2,2,2,2,2,3,23,2,2,3,2,2,,3,4,5,5
20150605,3,NO2,50,46,42,63,29,60,45,28,11,74,38,50,59,38,52,50,48,,53,11,30,32,13,10,25,13,15,39,38,19,,57,48,92,56
20150605,3,O3,28,12,39,17,62,28,39,7,31,13,9,157,7,34,27,30,2,,2,45,2,26,32,32,72,35,16,,2,19,,11,30,2,20
20150605,3,CO,1,0.8,0.6,,,0.6,0.5,0.5,0.1,0.7,0.8,0.9,0.7,0.7,0.8,0.7,0.9,,0.1,0.6,0.7,0.7,0.3,0.3,0.5,0.5,0.4,0.7,0.7,0.5,,0.7,0.4,0.7,0.4
20150605,4,SO2,4,2,3,2,2,2,3,15,2,4,2,3,2,2,2,2,2,,2,2,2,2,2,3,15,2,2,3,2,2,,2,2,5,4
20150605,4,NO2,43,44,39,49,40,53,41,24,11,62,36,53,45,49,45,49,56,,35,14,29,26,21,12,12,12,15,39,31,19,,49,45,74,50
20150605,4,O3,35,14,35,,,34,43,6,38,2,16,27,8,12,31,25,2,,8,34,2,24,14,30,79,36,18,,2,15,,9,28,2,28
20150605,4,CO,1,0.7,0.6,0.2,0.5,0.6,0.6,0.4,0.1,0.7,0.8,0.5,0.7,0.8,0.7,0.7,1,,0.2,0.6,0.6,0.7,0.4,0.3,0.4,0.5,0.4,0.6,0.6,0.5,,0.6,0.5,0.7,0.4
20150605,5,SO2,4,2,2,2,2,2,3,16,2,4,2,3,2,2,2,2,2,,2,2,2,2,2,2,11,2,2,3,2,5,,3,3,4,10
20150605,5,NO2,40,34,33,,,50,39,19,15,70,28,44,49,44,49,48,51,,,24,24,29,41,16,15,10,14,36,30,23,,63,60,73,72
20150605,5,O3,34,9,29,13,41,25,34,3,33,2,21,2,2,11,17,18,2,,15,23,2,12,2,13,80,29,13,,2,9,,2,7,2,2
20150605,5,CO,0.9,0.7,0.5,0.2,0.5,0.6,0.6,0.4,0.1,0.7,0.7,0.8,0.8,0.7,0.7,0.7,1.1,,0.3,0.6,0.7,0.7,0.4,0.3,0.4,0.4,0.4,0.6,0.6,0.6,,0.9,0.7,0.7,0.7
20150605,6,SO2,5,2,2,2,2,2,3,15,2,5,2,3,2,2,2,2,2,,2,2,2,2,2,4,17,2,2,3,2,7,,6,4,10,10
20150605,6,NO2,49,25,58,52,67,57,53,20,11,77,26,52,45,43,65,55,41,,28,29,18,34,28,20,20,9,14,62,21,27,,64,67,94,65
20150605,6,O3,28,7,7,7,13,18,10,6,42,2,22,7,2,12,4,11,2,,30,11,2,8,9,13,75,27,7,,2,2,,2,5,2,2
20150605,6,CO,1,0.7,0.7,0.3,0.6,0.7,0.7,0.4,0.1,0.9,0.6,0.6,0.8,0.8,0.8,0.8,1,,0.3,0.7,0.5,0.6,0.4,0.4,0.5,0.4,0.5,0.6,0.7,0.7,,1.3,0.9,1.2,1.1
20150605,7,SO2,5,2,4,2,3,2,4,13,2,7,2,3,2,4,5,4,2,,2,2,2,2,3,8,24,2,2,4,2,10,,8,4,16,10
20150605,7,NO2,61,51,58,51,70,74,58,26,17,81,24,56,49,47,45,56,35,,22,20,20,32,24,13,16,9,14,55,24,34,,92,65,125,79
20150605,7,O3,24,18,24,24,20,6,13,19,36,2,31,19,13,17,32,19,2,,41,27,4,12,29,33,82,36,17,,2,7,,2,17,2,2
20150605,7,CO,1.1,0.8,0.8,0.3,0.9,1.1,0.7,0.4,0.2,0.9,0.6,0.6,0.5,0.8,0.7,0.9,0.9,,0.3,0.6,0.5,0.6,0.5,0.4,0.5,0.5,0.4,0.7,0.8,0.6,,1.6,0.6,1.7,1.3
20150605,8,SO2,6,3,4,2,4,3,10,19,2,10,2,4,2,6,5,5,2,,2,2,2,2,8,7,30,2,4,9,3,12,,13,5,16,10
20150605,8,NO2,82,80,54,64,82,80,48,25,29,99,22,43,41,61,54,65,33,,25,19,17,17,19,13,20,8,12,43,44,30,,98,66,134,76
20150605,8,O3,18,28,37,41,18,11,47,36,44,2,54,45,26,21,47,26,15,,43,44,22,40,54,39,84,44,44,,13,29,,9,23,2,3
20150605,8,CO,1.4,0.9,0.7,0.4,1.1,1.2,0.6,0.4,0.3,1.1,0.5,0.5,0.4,0.9,0.6,0.9,0.8,,0.3,0.6,0.6,0.5,0.4,0.4,0.6,0.5,0.2,0.7,0.8,0.5,,1.4,0.6,1.6,1.4
20150605,9,SO2,7,4,5,3,5,5,10,21,5,9,2,6,2,7,5,5,2,,2,3,3,4,9,7,26,2,7,12,7,14,,10,7,13,9
20150605,9,NO2,89,82,48,76,62,77,48,35,30,85,42,42,46,66,65,69,25,,26,20,15,12,17,21,18,6,17,39,39,29,,101,73,138,87
20150605,9,O3,28,38,54,47,40,25,62,40,59,28,55,61,41,39,44,36,35,,53,66,42,67,58,36,92,70,58,,41,43,,22,31,2,14
20150605,9,CO,1.5,0.8,0.7,0.4,1,1.1,0.6,0.6,0.4,0.9,0.6,0.5,0.5,0.8,0.7,0.9,0.7,,0.4,0.5,0.5,0.5,0.4,0.5,0.5,0.5,0.2,0.5,0.7,0.5,,1,0.7,1.4,1.3
20150605,10,SO2,7,4,5,3,7,6,9,23,5,8,3,5,2,6,5,6,4,,2,3,4,5,9,7,15,2,7,8,8,14,,9,12,15,10
20150605,10,NO2,62,94,83,73,50,51,65,27,48,76,58,53,54,50,64,55,22,,31,12,13,12,15,21,19,5,15,25,42,23,,105,80,138,77
20150605,10,O3,61,49,47,60,69,69,69,55,58,57,68,73,57,76,67,71,57,,64,94,64,87,66,56,99,87,78,,61,72,,37,31,10,44
20150605,10,CO,1.1,1,1,0.3,0.7,0.8,0.8,0.5,0.6,0.8,0.7,0.6,0.5,0.7,0.7,0.7,0.6,,0.4,0.4,0.5,0.4,0.4,0.5,0.5,0.4,0.1,0.4,0.7,0.5,,1.1,0.9,1.2,0.9
20150605,11,SO2,7,5,5,4,5,5,6,23,4,8,3,4,2,5,5,5,6,,2,3,4,3,10,7,11,2,5,7,9,15,,9,10,15,11
20150605,11,NO2,55,76,79,74,62,42,85,35,53,62,51,65,46,32,41,38,25,,41,10,11,9,14,22,19,4,10,21,37,15,,99,98,126,68
20150605,11,O3,78,82,73,83,97,90,86,69,77,86,89,94,101,106,106,101,73,,86,107,84,103,76,78,105,98,95,,96,93,,55,59,34,69
20150605,11,CO,1.1,0.8,1,0.4,0.8,0.7,1,0.6,0.6,0.6,0.6,0.7,0.5,0.5,0.6,0.6,0.5,,0.5,0.4,0.5,0.3,0.4,0.5,0.4,0.3,0.1,0.4,0.7,0.3,,1,0.9,1,0.7
20150605,12,SO2,7,5,5,4,4,4,6,23,3,9,3,5,2,9,4,6,7,,2,4,4,4,11,7,6,2,7,8,14,15,,7,10,13,10
20150605,12,NO2,58,47,62,47,62,48,72,46,60,43,31,52,34,31,31,37,24,,51,11,14,13,13,21,19,3,12,18,35,20,,67,94,111,90
20150605,12,O3,113,136,109,120,120,134,124,86,103,123,142,117,112,111,134,126,115,,96,127,103,119,94,105,115,107,111,,132,101,,95,86,65,95
20150605,12,CO,1.1,0.6,0.8,0.1,0.8,0.7,0.8,0.7,0.6,0.5,0.5,0.6,0.4,0.6,0.4,0.6,0.5,,0.7,0.4,0.5,0.3,0.5,0.5,0.4,0.3,0.1,0.4,0.8,0.3,,0.6,0.8,0.8,0.7
20150605,13,SO2,7,5,5,4,4,3,7,23,3,7,3,5,2,5,5,4,6,,2,5,6,7,7,7,5,2,6,10,13,15,,7,9,10,9
20150605,13,NO2,28,21,29,27,48,29,47,55,40,29,14,28,28,22,24,25,21,,36,11,13,12,7,18,36,5,13,24,26,17,,45,67,94,76
20150605,13,O3,157,165,161,146,182,187,171,113,141,153,150,175,105,140,144,157,135,,147,147,124,136,118,138,100,125,130,,180,124,,120,125,84,158
20150605,13,CO,0.8,0.4,0.5,0.1,0.6,0.5,0.6,0.7,0.4,0.4,0.4,0.4,0.4,0.4,0.4,0.5,0.4,,0.7,0.4,0.5,0.3,0.4,0.4,0.4,0.3,0.1,0.5,0.8,0.3,,0.5,0.5,0.7,0.5
20150605,14,SO2,7,6,5,5,4,4,5,24,2,8,3,4,2,9,8,7,6,,2,4,6,8,6,6,5,5,6,15,12,14,,7,5,11,10
20150605,14,NO2,21,21,26,26,26,20,38,29,21,24,12,18,30,21,27,23,24,,20,13,20,14,7,27,33,7,18,17,27,16,,49,62,101,43
20150605,14,O3,158,180,153,153,190,171,182,158,174,148,151,174,121,161,167,166,188,,155,167,160,162,127,157,154,157,164,,198,148,,132,122,95,158
20150605,14,CO,0.7,0.4,0.4,0.1,0.5,0.4,0.5,0.5,0.2,0.4,0.4,0.3,0.4,0.4,0.5,0.4,0.5,,0.6,0.4,0.5,0.4,0.4,0.5,0.6,0.4,0.1,0.5,0.8,0.3,,0.5,0.5,0.6,0.3
20150605,15,SO2,10,9,6,7,5,8,6,25,3,11,5,4,2,11,10,9,5,6,2,3,5,6,5,6,3,6,5,15,11,13,,10,7,13,14
20150605,15,NO2,23,20,20,23,29,22,32,17,15,23,14,19,38,20,24,22,22,17,21,17,20,16,7,40,56,9,21,14,38,16,,37,49,104,56
20150605,15,O3,177,195,167,158,195,199,181,154,160,168,173,174,153,191,188,193,192,194,169,226,210,191,134,200,197,187,196,,193,179,,146,136,97,170
20150605,15,CO,0.7,0.4,0.4,0.1,0.5,0.5,0.4,0.4,0.1,0.5,0.5,0.3,0.6,0.5,0.5,0.5,0.4,0.8,0.7,0.5,0.5,0.3,0.4,0.7,0.8,0.5,0.1,0.5,0.7,0.4,,0.5,0.5,0.6,0.4
20150605,16,SO2,12,10,11,9,7,9,10,24,4,16,11,8,2,13,10,11,6,2,2,3,4,5,4,5,3,6,6,12,10,11,,11,10,15,17
20150605,16,NO2,23,20,20,24,28,23,34,17,16,27,17,20,42,20,21,21,21,19,23,16,23,24,5,28,58,12,19,13,36,15,,54,57,115,74
20150605,16,O3,191,214,196,180,196,211,196,148,173,195,208,209,182,210,204,208,195,187,170,218,254,225,135,238,247,211,194,,200,205,,156,149,114,175
20150605,16,CO,0.8,0.5,0.5,0.1,0.5,0.5,0.5,0.4,0.1,0.6,0.6,0.4,0.7,0.6,0.5,0.5,0.4,0.6,0.7,0.4,0.5,0.4,0.4,0.5,0.7,0.4,0.1,0.5,0.6,0.5,,0.6,0.6,0.7,0.5
20150605,17,SO2,13,10,11,10,8,10,14,22,10,17,14,12,2,10,7,9,8,3,2,7,5,5,4,5,2,3,11,14,10,10,,12,10,15,18
20150605,17,NO2,25,19,26,25,35,25,39,19,21,32,19,24,40,23,19,22,21,24,22,16,20,29,17,23,45,13,20,13,34,17,,68,63,153,109
20150605,17,O3,192,211,199,185,209,219,210,162,200,215,238,239,198,205,197,207,191,153,193,224,236,231,199,191,235,219,224,,205,211,,143,156,82,144
20150605,17,CO,0.8,0.5,0.6,0.1,0.5,0.5,0.6,0.5,0.2,0.6,0.7,0.6,0.7,0.5,0.4,0.5,0.5,0.5,0.7,0.5,0.4,0.4,0.5,0.4,0.6,0.4,0.3,0.5,0.7,0.6,,0.6,0.7,0.8,0.8
20150605,18,SO2,12,8,10,6,7,8,12,18,8,12,8,10,3,11,7,9,10,4,3,9,6,5,2,5,2,2,13,11,7,11,,10,6,14,15
20150605,18,NO2,31,29,40,35,46,40,54,23,25,53,20,39,35,32,35,36,31,39,45,24,34,32,12,28,34,15,20,21,26,19,,85,87,183,103
20150605,18,O3,174,192,176,157,186,183,201,150,181,182,218,218,184,192,189,188,193,127,155,229,224,220,140,159,174,211,247,,174,194,,122,127,46,133
20150605,18,CO,0.8,0.5,0.7,0.1,0.6,0.6,0.8,0.5,0.3,0.7,0.7,0.9,0.7,0.6,0.5,0.5,0.5,0.7,0.7,0.8,0.6,0.5,0.3,0.5,0.5,0.4,0.6,0.5,0.7,0.6,,0.7,0.8,1,0.8
20150605,19,SO2,11,2,6,2,5,2,5,14,2,9,3,3,4,12,7,7,4,2,2,6,3,2,2,2,2,2,8,12,6,11,,6,3,10,7
20150605,19,NO2,62,72,63,47,64,41,93,23,19,77,40,54,54,66,78,61,42,36,38,28,27,34,20,19,46,14,20,33,33,27,,111,118,134,148
20150605,19,O3,131,92,132,110,162,135,111,123,155,132,155,160,151,155,129,140,113,75,123,190,167,164,102,116,91,191,208,,143,169,,66,78,66,34
20150605,19,CO,1,0.8,0.9,0.3,0.9,0.7,1.1,0.5,0.3,0.8,0.8,0.9,0.8,0.8,0.7,0.7,0.5,0.7,0.7,0.7,0.6,0.3,0.4,0.4,0.4,0.5,0.7,0.7,0.9,0.6,,0.9,1.2,0.9,1.3
20150605,20,SO2,9,6,4,4,2,4,3,18,2,8,3,5,2,7,5,5,3,2,2,2,2,2,2,2,2,2,2,12,6,10,,6,4,11,7
20150605,20,NO2,61,69,71,53,81,51,86,30,19,79,30,41,39,68,65,61,40,24,48,23,18,35,29,13,48,10,12,23,29,36,,86,120,141,120
20150605,20,O3,126,132,98,121,110,135,80,95,108,115,141,158,134,129,109,124,110,81,79,172,130,143,82,97,81,170,128,,154,159,,86,42,58,69
20150605,20,CO,1.1,0.8,1,0.3,1,0.8,1.1,0.6,0.3,0.9,0.6,0.7,0.7,0.8,0.6,0.7,0.6,0.6,0.6,0.8,0.5,0.5,0.4,0.4,0.4,0.4,0.2,0.7,0.8,0.5,,0.8,1.1,0.9,0.9
20150605,21,SO2,8,3,3,2,3,2,3,17,2,8,2,3,2,7,4,4,3,2,2,2,2,2,2,2,2,2,2,8,7,8,,4,2,9,8
20150605,21,NO2,77,76,93,56,85,64,94,32,28,71,37,49,53,62,46,57,34,23,44,21,13,30,54,15,67,7,11,19,26,31,,134,148,132,151
20150605,21,O3,97,75,56,86,103,91,41,69,93,90,111,113,106,110,112,104,110,72,61,147,104,106,42,78,66,127,127,,188,139,,17,13,43,9
20150605,21,CO,1.1,0.9,1.1,0.4,1,0.9,1.1,0.7,0.4,0.8,0.7,0.7,0.7,0.7,0.5,0.7,0.6,0.5,0.7,0.7,0.4,0.5,0.5,0.3,0.5,0.3,0.2,0.5,0.7,0.4,,1.1,1.5,1,1.4
20150605,22,SO2,8,2,4,2,2,3,3,17,2,7,2,3,2,6,5,5,2,2,2,2,2,2,2,2,2,2,2,8,5,6,,6,2,8,7
20150605,22,NO2,72,97,92,76,82,58,101,39,24,123,37,59,60,68,46,57,28,23,29,16,20,25,18,19,61,7,14,25,15,38,,133,126,129,128
20150605,22,O3,78,31,54,53,88,81,36,36,88,19,82,82,76,84,101,88,113,62,67,129,78,101,83,56,77,120,143,,174,95,,11,31,29,21
20150605,22,CO,1.1,1,1,0.6,1,0.8,1,0.8,0.4,1.1,0.6,0.7,0.8,0.7,0.5,0.6,0.6,0.5,0.5,0.6,0.5,0.4,0.4,0.3,0.5,0.3,0.2,0.6,0.7,0.5,,1.1,0.9,1,1.2
20150605,23,SO2,8,3,4,3,2,3,3,17,2,7,2,3,2,6,4,4,2,2,2,2,2,2,2,2,2,2,2,10,5,5,,6,2,7,6
20150605,23,NO2,69,111,90,83,63,61,73,45,21,113,41,45,51,62,43,55,30,38,28,12,16,25,17,18,72,7,11,21,17,50,,112,96,118,113
20150605,23,O3,71,30,45,50,96,75,75,19,89,19,74,103,69,82,112,90,93,41,58,119,64,92,76,39,58,121,143,,187,69,,14,45,22,28
20150605,23,CO,1,1,1,0.5,0.7,0.8,0.8,0.9,0.3,1,0.6,0.6,0.6,0.6,0.6,0.7,0.6,0.5,0.5,0.4,0.4,0.4,0.4,0.3,0.5,0.4,0.2,0.6,0.8,0.5,,1,0.8,0.9,1
20150605,0,PM2.5,47,37,48,38,39,43,40,13,,48,42,74,47,60,76,60,97,,15,71,85,93,12,7,10,70,58,71,38,40,,35,42,47,26
20150605,0,PM10,,,53,38,,44,,,,71,,78,61,,,,,,,,,,,,,,62,,,,,52,,55,36
20150605,0,AQI,78,76,79,69,74,71,78,47,61,100,78,104,80,82,86,80,96,,68,88,76,72,38,37,38,58,81,91,78,70,,85,79,86,72
20150605,1,PM2.5,50,38,54,52,15,40,15,18,,71,43,64,56,55,57,51,94,,8,67,52,88,9,9,9,83,52,76,39,40,,46,23,52,23
20150605,1,PM10,,,,,,,,,,,,,,,,,,,19,,,,,,,,,,,,,64,25,55,
20150605,1,AQI,78,76,78,69,72,71,78,45,62,99,78,103,80,82,87,80,99,,66,89,77,73,35,35,35,61,81,92,79,70,,83,77,83,71
20150605,2,PM2.5,51,49,42,51,13,40,11,32,,78,50,54,51,56,56,51,91,,9,55,45,81,14,8,11,72,52,79,42,53,,51,22,53,22
20150605,2,PM10,,,,,,,23,,,,,58,,,,,,,26,,,,24,,,,,,,,,,33,,24
20150605,2,AQI,77,76,78,69,70,70,75,45,62,99,78,98,80,82,87,80,100,,65,91,78,76,34,35,33,63,82,93,81,70,,82,75,83,68
20150605,3,PM2.5,42,49,38,51,17,42,19,17,,79,50,52,49,81,56,59,91,,13,52,69,76,19,8,17,61,54,79,41,53,,50,21,57,23
20150605,3,PM10,,,39,,,47,50,,,,,,,,,,,,22,,,,,11,,,,,,,,,33,,25
20150605,3,AQI,76,75,75,69,68,69,72,43,62,98,77,96,81,84,87,80,101,,63,93,80,79,33,33,33,65,82,94,83,72,,82,72,82,65
20150605,4,PM2.5,40,51,44,47,27,39,42,13,,66,49,47,51,62,59,53,105,,12,50,80,73,14,9,16,47,57,63,38,47,,49,35,53,23
20150605,4,PM10,,,,,65,,,,,,,61,,,,,,,,,,,,,,,,,,,,,54,,
20150605,4,AQI,75,75,74,69,66,68,72,40,62,98,77,88,80,84,87,80,104,,63,96,82,81,32,33,33,66,82,93,85,73,,81,70,83,64
20150605,5,PM2.5,43,50,34,38,34,39,41,8,,62,38,47,47,57,54,50,95,,16,51,79,68,16,9,8,41,59,60,37,46,,47,38,47,27
20150605,5,PM10,,,,,40,,43,,,,,65,,,,,,,,,,,18,10,,,,,,,,,58,,67
20150605,5,AQI,75,75,73,69,65,68,69,37,64,96,77,82,79,86,88,80,105,,61,98,83,82,30,31,30,67,82,93,86,75,,80,68,82,63
20150605,6,PM2.5,40,42,38,35,31,40,32,17,,61,31,33,49,66,55,54,80,,12,49,45,60,19,15,10,36,74,68,31,53,,45,40,49,44
20150605,6,PM10,,,,42,55,54,62,,,72,32,45,62,83,95,77,,,13,58,,61,35,21,40,,,99,39,142,,105,69,88,139
20150605,6,AQI,74,74,72,69,65,69,66,35,64,92,73,79,77,86,89,81,106,,55,95,84,83,29,29,31,67,83,93,81,76,,78,66,81,64
20150605,7,PM2.5,44,45,34,40,45,73,36,18,,67,27,29,32,62,46,60,89,,13,51,50,52,16,14,10,43,62,74,44,61,,51,27,63,74
20150605,7,PM10,49,,,,48,100,,,20,,,35,,88,,65,90,,25,,,96,25,25,20,,111,88,237,340,,,37,102,156
20150605,7,AQI,75,73,70,68,65,71,67,34,54,93,70,76,74,86,89,82,106,,49,97,84,85,26,27,27,68,84,94,89,85,,78,64,80,64
20150605,8,PM2.5,69,45,33,45,76,109,27,22,,82,24,27,14,62,52,74,94,,10,52,57,55,16,13,15,48,44,73,42,55,,54,25,61,91
20150605,8,PM10,85,,38,45,126,117,,,17,,,47,21,,,,,,33,,88,,28,39,39,,,,,,,84,60,106,124
20150605,8,AQI,76,73,69,68,64,75,63,33,42,94,67,75,68,86,88,83,107,,43,97,85,85,25,27,27,70,83,94,89,82,,76,62,79,64
20150605,9,PM2.5,92,48,32,46,69,103,27,39,,56,26,22,24,51,50,68,69,,9,40,72,58,27,24,23,53,33,60,57,54,,58,40,57,96
20150605,9,PM10,,52,33,59,,,32,,28,,37,46,51,,73,,,,28,,,,36,37,26,,,,,,,61,78,87,134
20150605,9,AQI,78,73,68,68,65,79,59,33,33,93,65,74,66,85,87,83,107,,41,89,86,84,24,24,29,71,81,93,84,80,,73,59,79,67
20150605,10,PM2.5,71,80,67,49,55,94,51,45,,48,34,28,36,49,72,72,51,,15,35,44,49,22,33,21,38,41,29,44,44,,57,47,65,78
20150605,10,PM10,,86,118,66,64,,89,,,57,65,49,47,,,,,,29,,55,,39,55,50,,,30,,,,113,87,97,
20150605,10,AQI,79,74,69,68,67,82,61,34,29,92,63,74,63,82,86,83,107,,40,85,87,85,25,25,32,72,79,91,76,80,,73,60,79,65
20150605,11,PM2.5,68,64,71,64,70,59,72,52,,50,44,41,50,,50,55,59,,30,24,49,13,20,39,20,22,21,38,55,41,,70,58,58,44
20150605,11,PM10,,78,82,83,77,,102,,,60,66,78,53,58,60,56,,,41,,,,35,51,43,,,,100,,,93,91,93,
20150605,11,AQI,80,75,71,71,68,83,62,36,27,90,62,74,63,81,83,82,106,,40,83,87,83,26,27,33,71,77,88,74,80,,74,61,79,65
20150605,12,PM2.5,87,58,63,41,64,72,62,47,,35,37,48,28,,27,49,51,,35,25,45,24,21,39,12,21,20,31,34,36,,44,65,43,45
20150605,12,PM10,,,66,,73,80,,,,36,45,77,29,,,51,,,71,39,47,51,34,54,57,,25,,109,67,,,97,,127
20150605,12,AQI,82,75,71,70,69,84,63,38,33,89,62,74,62,81,80,82,104,,41,80,88,82,30,33,36,71,74,85,77,80,,73,62,78,67
20150605,13,PM2.5,48,32,40,37,71,53,48,56,,36,24,41,22,,29,41,45,,36,17,32,31,15,36,25,15,25,43,47,43,,33,38,38,41
20150605,13,PM10,,,,38,,,,,,,,70,,99,58,61,,,51,,,,31,61,55,,29,70,107,,,40,46,59,
20150605,13,AQI,81,73,71,69,79,84,65,39,45,88,61,74,61,82,79,81,102,,46,77,86,82,37,44,32,69,71,84,77,82,,72,61,77,67
20150605,14,PM2.5,44,38,34,34,33,37,44,44,,18,17,31,26,23,48,36,58,,23,25,42,35,19,41,42,27,42,50,49,42,,35,35,40,25
20150605,14,PM10,,42,,38,45,,,,,40,29,40,39,107,50,63,79,,25,58,53,,64,70,151,,55,58,,118,,50,59,47,
20150605,14,AQI,80,76,70,69,88,83,78,50,68,86,60,73,60,81,79,80,102,,49,74,85,81,40,49,49,68,70,83,97,86,,72,61,77,69
20150605,15,PM2.5,41,37,36,30,40,42,29,37,,23,21,22,38,34,36,37,66,,24,48,64,45,26,67,59,30,40,43,46,79,,35,25,39,31
20150605,15,PM10,58,57,56,50,63,65,30,,,77,63,66,81,115,79,86,,,43,120,,53,109,90,97,,49,70,64,117,,46,63,58,67
20150605,15,AQI,81,94,70,68,94,99,77,49,50,84,67,71,60,89,86,91,102,93,61,114,105,90,43,100,97,84,95,83,92,90,,72,60,77,69
20150605,16,PM2.5,42,41,41,36,37,43,35,30,,45,45,37,64,39,41,41,44,49,30,42,57,47,25,61,67,38,36,46,46,79,,38,37,44,32
20150605,16,PM10,65,89,87,87,67,76,109,,74,122,91,108,104,124,65,88,,51,64,43,87,71,123,65,87,48,42,55,83,107,,83,101,98,74
20150605,16,AQI,89,108,95,76,95,106,95,47,67,95,104,105,78,105,102,105,102,84,62,110,128,113,43,120,124,106,93,82,101,103,,71,60,76,70
20150605,17,PM2.5,47,42,51,40,44,52,53,37,,59,59,57,67,37,41,44,38,76,41,39,60,51,35,32,42,48,48,42,61,89,,42,45,46,38
20150605,17,PM10,61,70,110,89,122,86,108,,,113,103,139,107,118,56,87,,,66,102,,53,115,65,56,56,73,70,,176,,75,120,100,119
20150605,17,AQI,91,106,100,82,105,110,105,54,101,108,119,120,98,103,97,104,101,48,91,112,118,116,100,90,118,110,112,81,103,106,,70,60,77,70
20150605,18,PM2.5,42,42,48,40,46,50,67,59,,66,60,80,66,39,33,41,52,43,55,53,58,42,14,34,23,51,57,45,65,92,,36,42,49,37
20150605,18,PM10,87,95,139,130,137,88,278,,187,200,150,239,103,135,105,109,97,153,245,93,126,98,87,119,101,79,74,113,197,113,,128,176,196,127
20150605,18,AQI,77,90,71,65,83,80,101,47,77,80,110,109,80,91,86,85,100,40,51,115,113,111,49,50,68,106,124,80,81,93,,68,62,92,71
20150605,19,PM2.5,68,44,65,56,51,36,97,54,,70,73,89,69,48,41,42,50,55,58,57,45,54,12,22,33,50,58,62,54,96,,43,68,54,50
20150605,19,PM10,109,136,171,82,157,174,265,,,107,126,128,139,157,140,157,143,,67,258,233,207,53,65,39,82,131,162,107,242,,224,191,168,330
20150605,19,AQI,77,69,67,64,66,79,74,43,58,80,61,71,60,78,73,75,99,76,51,88,84,78,50,47,53,89,104,80,83,99,,69,64,73,79
20150605,20,PM2.5,66,52,60,49,52,62,83,52,,93,50,70,68,50,45,52,31,36,35,56,38,37,19,22,22,43,38,49,52,89,,46,62,57,33
20150605,20,PM10,113,93,155,101,165,104,142,,,156,,124,109,155,129,129,51,,105,83,,,55,31,32,,,83,,,,140,180,137,152
20150605,20,AQI,76,68,69,63,69,78,76,45,58,80,61,71,61,80,72,74,96,72,53,72,82,77,51,48,54,66,68,80,83,99,,71,66,72,82
20150605,21,PM2.5,51,54,66,54,52,61,72,59,,71,48,67,57,44,39,48,51,31,39,56,32,45,26,17,22,26,27,44,47,57,,54,73,57,46
20150605,21,PM10,68,91,99,81,87,82,106,,,89,82,104,107,114,59,85,,40,,,,,61,31,46,,,53,,81,,87,95,93,109
20150605,21,AQI,75,67,70,62,69,77,76,48,58,79,62,70,62,80,70,73,94,67,53,72,79,76,52,47,55,64,66,78,86,96,,71,74,72,82
20150605,22,PM2.5,59,57,63,62,60,52,64,62,,83,47,55,65,33,35,40,55,28,37,44,35,43,18,22,29,30,37,47,43,75,,55,52,53,42
20150605,22,PM10,64,90,98,83,97,,,,51,134,57,81,94,95,73,73,85,29,51,75,,,39,37,42,,,98,58,154,,91,112,86,91
20150605,22,AQI,75,66,70,62,69,76,76,51,57,80,61,69,65,81,68,71,93,64,52,71,76,75,52,48,54,62,64,77,81,96,,71,67,72,81
20150605,23,PM2.5,52,59,64,57,57,59,62,55,,87,41,60,60,42,45,49,60,28,34,36,29,36,15,17,20,30,30,59,45,79,,54,54,48,51
20150605,23,PM10,77,75,101,65,86,99,,,26,109,49,98,73,102,97,99,,44,48,,,42,33,37,43,,,,110,80,,88,107,95,144
20150605,23,AQI,75,67,71,64,69,77,77,53,54,83,61,68,66,81,66,71,91,61,52,72,75,72,52,49,54,60,62,76,85,98,,71,68,73,82
