date,hour,type,dongsi,tiantan,guanyuan,wanshouxigong,aotizhongxing,nongzhanguan,wanliu,beibuxingqu,zhiwuyuan,fentaihuayuan,yungang,gucheng,fangshan,daxing,yizhuang,tongzhou,shunyi,changping,mengtougou,pinggu,huairou,miyun,yanqing,dingling,badaling,miyunshuiku,donggaocun,yongledian,yufa,liulihe,qianmeng,yongdingmengxi,xizhimengbei,nansanhuan,dongsihuan
20150920,0,SO2,17,11,11,8,13,16,11,7,2,4,,3,8,8,9,13,2,2,2,2,2,2,2,2,83,2,6,3,2,4,13,30,8,8,10
20150920,0,NO2,64,78,66,105,104,55,60,63,75,59,,90,79,49,38,63,78,27,42,14,10,34,20,29,75,7,27,59,33,53,89,108,129,118,76
20150920,0,O3,57,39,67,26,58,90,64,2,33,2,,3,39,77,89,61,2,72,48,56,50,17,57,54,46,43,80,39,60,4,,21,20,17,80
20150920,0,CO,1.2,1.2,1.4,1.4,1.6,1.3,1.5,0.9,0.6,1.4,,0.7,1.2,1.3,1.3,0.8,0.9,0.5,0.5,0.3,0.3,0.4,0.4,0.3,0.5,0.3,0.7,1.4,1.6,0.5,1.2,1.4,1.4,1.2,1.1
20150920,1,SO2,13,8,10,6,10,13,10,8,2,3,,3,9,4,8,12,2,2,2,2,2,2,2,2,3,2,4,2,2,4,10,29,7,6,8
20150920,1,NO2,61,64,44,75,84,37,56,55,39,46,,87,54,68,45,47,54,34,18,11,18,41,17,23,23,7,26,54,29,52,84,109,81,113,78
20150920,1,O3,50,38,89,41,70,98,55,2,56,18,,2,58,32,63,70,2,52,65,59,28,10,53,55,102,37,73,40,48,3,,14,50,10,65
20150920,1,CO,1.3,1.3,1.6,1.4,1.8,1.3,1.5,1.1,0.5,1.9,,0.8,1.4,1.4,1.4,1.3,0.6,0.6,0.5,0.3,0.4,0.4,0.4,0.3,0.5,0.4,0.8,1.2,1.6,0.5,1.3,1.4,1.7,1.2,1.1
20150920,2,SO2,10,7,8,6,8,10,10,3,2,5,,3,12,4,7,10,8,3,2,2,2,2,2,2,2,2,4,2,2,5,12,27,6,7,11
20150920,2,NO2,62,57,36,53,60,45,36,50,25,36,,81,58,63,43,47,36,28,16,11,11,44,13,24,40,7,25,51,24,52,72,78,68,92,105
20150920,2,O3,33,29,91,54,78,74,68,2,67,27,,2,40,33,54,54,2,54,62,57,32,5,60,50,65,33,59,30,25,2,,36,49,27,24
20150920,2,CO,1.3,1.3,1.6,1.5,1.8,1.4,1.4,1.2,0.7,1.7,,0.8,1.3,1.5,1.3,0.8,0.4,0.5,0.5,0.3,0.3,0.4,0.4,0.4,0.5,0.2,0.7,1.1,1.7,0.6,1.4,1.4,1.6,1.3,1.3
20150920,3,SO2,8,9,6,4,6,8,6,5,2,2,,4,6,5,5,9,2,2,2,2,2,2,2,2,2,2,2,2,2,4,9,28,5,6,13
20150920,3,NO2,45,61,33,46,54,39,75,51,32,37,,85,79,39,38,51,35,29,15,14,8,38,13,33,77,7,25,58,16,60,59,79,55,84,118
20150920,3,O3,43,30,84,53,77,75,15,2,49,11,,2,2,58,47,39,2,51,62,51,31,10,60,33,14,31,271,14,2,2,,28,52,22,2
20150920,3,CO,1,1.3,1.4,1.4,1.5,1.3,1.3,1,0.7,1.5,,1.1,0.8,1.5,1.4,0.7,0.4,0.6,0.5,0.4,0.3,0.4,0.5,0.4,0.5,0.2,0.7,1,1.6,0.7,1.3,1.4,1.4,1.2,1.4
20150920,4,SO2,8,8,5,3,4,7,3,4,2,3,,3,5,4,4,8,2,2,2,2,2,2,2,2,2,2,4,2,2,4,7,29,6,6,11
20150920,4,NO2,43,47,45,46,79,37,82,51,46,40,,59,69,26,41,87,42,39,18,14,8,39,18,34,68,7,22,64,15,54,66,82,69,72,106
20150920,4,O3,51,28,54,40,,67,2,,31,2,,8,2,63,34,2,2,31,51,46,32,6,49,28,13,29,50,2,2,,,15,24,21,2
20150920,4,CO,1,1.3,1.4,1.4,1.3,1.2,0.9,1,0.7,1.5,,0.9,0.7,1.4,1.4,0.8,0.3,0.7,0.5,0.4,0.3,0.4,0.5,0.4,0.6,0.2,0.9,1.1,1.6,0.7,1.4,1.4,1.3,1.2,1.4
20150920,5,SO2,8,8,4,4,3,7,3,7,2,2,,3,4,3,4,7,2,2,2,2,2,2,2,2,2,2,4,2,2,4,8,31,8,5,10
20150920,5,NO2,46,40,81,40,90,48,72,45,38,40,,48,38,29,49,80,48,84,25,13,8,45,20,31,70,,22,46,19,47,62,77,88,72,98
20150920,5,O3,41,14,6,40,2,42,2,2,26,2,,20,20,47,21,2,2,2,37,47,29,2,38,27,4,29,51,2,2,2,,14,2,11,2
20150920,5,CO,1.3,1.3,1.1,1.4,1.1,1.3,0.8,0.8,0.8,1.5,,1,0.6,1.5,1.3,0.6,0.3,0.6,0.5,0.5,0.4,0.5,0.5,0.5,0.7,0.2,1,1.2,1.6,0.6,1.5,1.5,0.8,1.3,1.3
20150920,6,SO2,6,9,4,5,3,7,2,8,2,2,,2,5,2,4,8,2,2,2,2,2,2,2,2,2,2,4,2,2,4,9,32,7,6,10
20150920,6,NO2,75,60,83,35,86,66,65,48,44,41,,75,71,37,72,75,48,71,23,14,9,46,38,27,61,5,19,40,13,46,74,77,84,80,88
20150920,6,O3,4,13,2,47,2,15,2,2,15,2,,2,7,25,2,2,2,8,42,48,23,2,19,30,2,24,51,2,2,2,,9,2,9,2
20150920,6,CO,1.2,1.4,1,1.4,1.2,1.4,0.8,0.8,0.7,1.5,,0.7,0.7,1.5,1.4,0.5,0.4,0.8,0.6,0.5,0.4,0.4,0.5,0.5,0.7,0.3,0.9,1.4,1.5,0.6,1.3,1.5,0.8,1.4,1.3
20150920,7,SO2,4,11,4,5,4,6,2,7,2,3,,2,6,3,5,8,2,3,2,2,2,,2,2,2,2,6,2,2,4,6,36,7,12,10
20150920,7,NO2,76,77,80,63,82,75,62,48,56,43,,70,78,52,71,71,52,60,26,17,21,45,40,21,50,4,19,46,15,42,78,87,84,101,72
20150920,7,O3,2,4,2,14,2,2,2,2,6,2,,2,3,9,2,2,2,11,36,44,3,2,10,31,11,19,52,2,2,2,,2,2,2,2
20150920,7,CO,1.2,1.3,0.9,1.2,1,1.6,0.8,0.8,0.8,1,,0.7,1,1.6,1.6,0.4,0.4,0.9,0.6,0.6,0.5,0.4,0.6,0.6,0.8,0.3,0.9,1.4,1.5,0.6,1.1,1.6,0.9,1.7,1
20150920,8,SO2,5,10,5,5,3,7,3,8,2,3,,3,8,5,6,9,2,3,2,2,2,,2,2,2,2,5,2,2,4,7,33,8,15,9
20150920,8,NO2,73,85,77,77,75,73,56,59,51,41,,64,75,64,68,71,47,53,26,27,31,43,41,23,57,5,19,53,29,52,79,94,81,89,76
20150920,8,O3,2,3,2,3,5,2,4,2,9,2,,7,6,6,3,2,2,19,34,38,2,2,18,32,6,20,34,2,2,3,,3,2,2,2
20150920,8,CO,1.3,1.3,1,1.6,0.9,1.5,0.8,0.8,0.8,1,,0.8,1,1.7,1.7,0.4,0.5,0.9,0.6,0.7,0.6,0.4,0.8,0.6,0.9,0.3,1,1.2,1.4,0.7,1.2,1.5,1,1.5,1.3
20150920,9,SO2,7,10,6,6,4,8,4,8,4,3,,5,10,7,6,9,2,4,2,2,2,274,2,2,4,2,8,3,2,3,7,38,7,15,11
20150920,9,NO2,80,91,75,81,73,77,58,43,58,42,,56,82,54,65,64,52,66,26,29,27,43,48,27,45,6,24,52,33,64,81,103,82,100,87
20150920,9,O3,4,3,3,9,10,5,6,2,20,2,,18,8,19,15,16,2,14,38,44,3,2,17,41,32,18,41,19,2,8,,5,2,2,3
20150920,9,CO,1.4,1.4,1.1,1.3,1,1.5,0.8,0.8,0.9,1.1,,0.9,1,1.6,1.5,0.4,0.7,1.1,0.7,0.9,0.5,0.5,0.9,0.8,1.1,0.3,1.1,1.1,1.6,0.7,1.3,1.5,1,1.7,1.5
20150920,10,SO2,9,11,8,7,5,11,6,8,8,7,,6,11,10,8,11,4,8,4,5,2,9,5,4,8,2,15,10,2,4,7,42,10,13,14
20150920,10,NO2,85,102,74,87,74,83,66,21,52,45,,55,82,41,32,43,52,73,35,31,35,47,35,32,46,5,27,42,40,68,88,102,85,98,95
20150920,10,O3,9,6,15,21,18,14,8,12,39,2,,26,17,47,62,57,6,22,50,58,2,6,59,60,59,25,63,57,22,26,,15,4,13,9
20150920,10,CO,1.4,1.5,1.1,2,1.3,1.5,1,0.8,0.9,1.2,,1,1.1,1.4,1.1,0.3,0.9,1.2,0.9,1.1,0.6,,1,0.9,1.2,0.4,1.6,1.3,1.6,1,1.3,1.5,1.1,1.7,1.4
20150920,11,SO2,11,14,9,10,7,11,9,8,9,9,,8,15,15,13,19,6,9,4,9,5,7,5,8,,2,19,16,15,6,10,47,13,16,14
20150920,11,NO2,94,76,86,63,87,82,67,20,39,40,,53,67,27,36,42,50,61,51,24,31,39,24,33,,5,20,34,37,47,96,82,96,106,102
20150920,11,O3,22,28,24,56,24,32,22,28,71,31,,42,45,77,80,82,24,42,58,89,19,31,97,86,,36,93,100,82,59,,48,11,21,26
20150920,11,CO,1.6,1.5,1.2,1.5,1.4,1.6,1.1,0.9,1,1.3,,1.1,1.3,1.3,1.1,0.4,1.1,1.1,1.1,1.2,0.8,4.9,1.1,1,,0.5,1,1.1,1.6,0.9,1.6,1.5,1.3,1.8,1.5
20150920,12,SO2,19,19,15,17,10,19,8,8,10,14,15,10,18,18,18,25,4,12,2,15,9,10,5,11,8,5,20,16,17,10,20,57,16,25,20
20150920,12,NO2,52,40,71,49,112,48,74,22,49,21,60,52,41,19,23,35,50,42,49,19,26,31,22,31,6,5,24,20,18,45,68,64,115,85,66
20150920,12,O3,92,62,85,100,36,105,30,41,90,98,69,74,92,121,123,128,52,88,84,119,43,48,121,108,110,53,110,143,143,88,,92,27,60,94
20150920,12,CO,1.4,1.3,1.4,1.4,1.7,1.4,1.2,0.9,1,1.3,2.3,1.1,1.3,1.3,0.9,0.3,1.2,1.2,1.2,1.1,0.9,4.9,1.1,1.1,1.7,0.7,0.8,0.9,1.3,1,1.4,1.6,1.6,1.5,1.2
20150920,13,SO2,21,25,20,22,16,28,13,7,11,18,20,13,21,18,17,23,5,11,2,16,9,10,4,12,7,9,17,9,10,12,24,63,21,29,30
20150920,13,NO2,24,22,39,25,57,22,55,26,63,14,32,43,41,15,20,20,31,62,49,17,26,29,19,37,38,8,22,19,12,32,50,36,76,73,41
20150920,13,O3,139,89,160,143,141,160,89,46,97,140,137,118,135,154,150,157,128,92,103,151,76,66,146,146,125,83,138,152,149,120,,137,97,91,147
20150920,13,CO,1.1,1.1,1.3,1.2,1.6,1.1,1.2,1,1.1,1.2,1.8,1.2,1.2,1.2,0.9,0.1,1.2,1.2,1.2,1,1.1,4.9,1.1,1.1,1.5,1,0.8,0.7,0.9,0.9,1.2,1.5,1.4,1.2,0.9
20150920,14,SO2,22,25,21,22,19,20,18,10,16,19,18,17,22,17,16,20,7,10,3,16,9,8,5,12,8,10,18,3,10,12,22,,21,28,25
20150920,14,NO2,21,20,34,24,55,18,25,33,31,13,25,25,34,15,16,18,21,74,27,13,27,29,21,56,35,12,19,13,13,24,44,33,67,71,34
20150920,14,O3,157,106,178,162,160,176,151,46,161,168,165,169,167,169,168,170,160,84,168,178,102,84,158,137,155,106,160,165,169,156,,137,112,114,166
20150920,14,CO,1,1,1.1,1.1,1.2,1,1.1,1.1,1.1,1.1,1.5,1,1.1,1.1,0.8,0.1,1,1.3,1.2,0.9,1.2,4.9,1.1,1.1,1.5,1.2,0.7,0.6,0.9,0.8,1,1.3,1.2,1.1,0.8
20150920,15,SO2,16,23,17,18,17,15,17,8,14,18,16,15,18,21,15,17,7,10,4,18,10,9,6,12,8,10,16,2,12,11,17,23,18,23,17
20150920,15,NO2,20,19,32,22,39,17,21,34,16,12,19,20,34,14,17,15,19,73,25,12,24,29,23,64,41,13,19,10,13,24,54,40,57,86,22
20150920,15,O3,168,114,195,175,186,189,169,56,181,191,179,184,179,183,176,176,166,103,169,189,135,103,177,141,152,121,174,169,190,170,,137,135,105,189
20150920,15,CO,1,0.9,1.1,1.1,1.2,1,1,1.1,0.9,1.1,1.4,0.9,1,1.1,0.8,0.1,0.9,1.3,1.1,0.8,1.2,4.9,1.1,1.2,1.5,1.2,0.8,0.4,0.9,0.8,1,0.9,1.2,1.2,0.7
20150920,16,SO2,20,26,17,20,19,19,15,7,13,15,15,15,17,23,15,15,7,,5,12,11,8,6,13,,9,11,2,10,10,20,27,17,24,17
20150920,16,NO2,20,20,29,22,39,19,20,32,16,11,17,19,,16,17,16,19,,27,13,21,,32,58,,13,17,11,13,23,52,49,60,82,34
20150920,16,O3,172,118,203,179,194,192,178,65,192,203,189,195,134,192,181,178,174,,178,196,168,111,196,166,,138,176,174,191,176,,141,142,112,181
20150920,16,CO,1,0.9,1,1.1,1.2,1,1,1.1,0.9,1,1.4,0.9,0.9,1.1,0.8,0.1,0.9,,1.1,0.8,1.2,0.9,1.1,1.2,,1.2,0.6,0.4,0.8,0.8,1,0.9,1.1,1.1,0.8
20150920,17,SO2,21,27,17,20,20,20,15,7,13,10,15,16,15,21,14,14,9,10,7,9,10,7,6,12,,8,8,2,8,9,20,27,17,22,20
20150920,17,NO2,22,21,28,23,30,23,23,45,18,13,19,22,,21,17,17,24,50,27,14,20,,34,48,,12,16,14,12,23,52,46,72,81,74
20150920,17,O3,173,122,200,179,205,190,180,64,189,199,195,200,129,183,181,174,166,150,187,186,178,139,198,171,,153,169,170,189,173,,147,134,110,145
20150920,17,CO,1,0.9,1.1,1.1,1.2,1,1,1.1,1,1,1.4,1,0.8,1,0.7,0.1,0.9,1.3,1.1,0.8,1.1,0.9,1.2,1.2,,1.2,0.5,0.4,0.7,0.8,1,0.9,1.2,1.1,0.9
20150920,18,SO2,20,24,17,19,19,20,15,6,13,12,13,15,18,16,12,15,8,8,6,7,7,5,5,6,7,6,7,2,4,8,20,26,17,21,19
20150920,18,NO2,27,26,25,28,43,28,27,75,22,18,22,27,35,31,19,25,34,48,44,21,26,34,39,36,61,11,15,23,18,29,67,63,74,107,69
20150920,18,O3,161,110,189,165,185,178,163,50,183,166,175,179,161,156,171,166,140,144,158,166,167,156,170,128,115,144,153,137,145,152,130,119,121,94,147
20150920,18,CO,1,0.8,1,1,1.2,0.9,1,1.2,1,1,1.4,1,1,0.9,0.7,0.1,0.7,1.3,1.2,0.8,1.2,1,1.2,1.1,1.7,1.2,0.5,0.4,0.7,0.8,1,0.8,1,1.1,0.8
20150920,19,SO2,16,18,17,14,20,16,18,4,6,12,10,15,15,9,10,13,6,6,3,6,3,2,3,4,4,4,5,2,2,6,15,19,18,16,16
20150920,19,NO2,35,39,30,40,45,40,38,78,30,22,25,27,41,41,29,41,51,56,63,38,33,73,35,26,111,10,21,32,18,39,81,79,76,109,79
20150920,19,O3,131,89,157,128,161,145,129,27,126,129,128,145,128,126,142,134,109,118,118,128,113,99,160,121,57,131,134,102,105,94,99,82,99,58,116
20150920,19,CO,0.9,0.8,0.9,0.9,1.1,0.9,0.9,1.2,1,0.9,1.2,0.9,0.8,0.8,0.6,0.1,0.7,1.3,1.2,0.9,1.4,1.2,1.2,1.1,1.6,1.1,0.5,0.5,0.7,0.7,0.9,0.7,0.8,1.2,0.8
20150920,20,SO2,10,13,9,9,11,11,10,4,4,8,7,10,12,8,9,14,5,6,2,5,2,2,2,3,4,4,7,2,2,4,10,15,13,13,12
20150920,20,NO2,47,57,36,54,61,55,46,79,34,31,35,49,63,44,38,49,65,52,64,42,22,102,37,21,122,9,24,51,21,32,87,88,83,127,63
20150920,20,O3,100,63,124,94,117,106,96,6,96,87,100,91,87,114,118,112,81,110,95,98,103,56,139,117,41,122,125,47,86,51,70,53,73,33,110
20150920,20,CO,0.8,0.8,0.8,0.8,1,0.9,0.8,1.2,0.8,0.8,1.1,0.8,0.8,0.7,0.7,0.1,0.8,1.3,1.2,1.2,1.3,1,1.2,1,1.6,0.9,0.5,0.7,0.7,0.6,0.8,0.7,0.7,1.1,0.6
20150920,21,SO2,8,12,8,7,9,10,8,4,4,7,7,8,11,8,9,13,3,6,2,3,2,2,2,3,4,4,9,2,2,4,8,15,10,11,11
20150920,21,NO2,56,72,42,56,73,55,45,73,35,43,57,76,93,53,53,62,72,50,110,24,17,69,37,18,102,8,26,60,19,30,90,86,86,108,57
20150920,21,O3,85,47,108,82,92,100,87,2,81,47,61,43,43,96,90,89,57,97,25,105,87,59,129,104,46,114,111,13,69,42,61,52,61,37,108
20150920,21,CO,0.8,0.8,0.8,0.8,0.9,0.8,0.7,1.3,0.7,0.8,1.2,0.9,0.8,0.7,0.7,0.1,0.8,1.2,1.2,1.2,1.3,1.1,1.2,1,1.5,0.8,0.6,0.8,0.7,0.6,0.7,0.6,0.8,0.9,0.5
20150920,22,SO2,8,10,9,7,9,10,11,6,4,4,9,9,16,8,10,13,2,5,2,2,2,2,2,4,4,4,14,2,2,3,9,15,10,10,11
20150920,22,NO2,59,74,45,46,65,55,57,83,42,42,56,92,87,48,64,79,104,61,118,19,15,92,31,17,101,9,32,78,26,32,101,125,104,115,56
20150920,22,O3,79,38,99,87,99,97,64,2,72,32,60,20,54,96,69,65,7,72,5,112,83,7,115,99,28,108,92,9,52,39,46,13,45,30,105
20150920,22,CO,0.8,0.8,0.8,0.7,0.9,0.8,0.8,1.4,0.8,0.8,1.3,1.1,1,0.7,0.8,0.1,0.9,1.1,1.3,1.2,1.2,1.2,1.1,0.9,1.4,0.7,0.8,0.8,0.8,0.7,0.9,0.9,0.8,1,0.5
20150920,23,SO2,8,8,16,6,10,9,16,4,2,7,9,8,17,6,9,13,2,5,2,2,2,2,2,4,4,2,15,2,2,4,8,14,12,9,11
20150920,23,NO2,61,76,51,56,65,74,66,66,39,43,54,97,80,51,56,85,100,53,90,19,13,69,36,19,90,9,35,57,42,33,87,90,110,105,109
20150920,23,O3,69,19,80,61,93,73,58,2,69,26,63,14,58,70,69,45,2,64,14,106,70,46,97,87,27,89,73,27,30,50,52,40,33,28,43
20150920,23,CO,0.9,0.8,0.9,0.8,0.9,0.8,1,1.3,0.9,0.9,1.4,1.2,1.1,0.7,0.7,0.1,0.9,1,1.2,1.1,1.1,0.9,1,0.8,1.4,0.7,0.9,0.8,0.9,0.7,0.8,0.7,0.8,0.9,0.8
20150920,0,PM2.5,97,81,83,86,91,95,74,52,27,79,,47,73,84,93,87,53,19,21,17,16,5,11,20,53,6,47,96,91,49,93,89,76,84,82
20150920,0,PM10,147,130,165,143,162,120,157,176,62,191,,124,112,114,149,180,131,35,61,19,25,9,30,56,524,12,84,121,104,115,185,181,170,193,121
20150920,0,AQI,49,40,49,53,53,43,47,64,38,64,,66,52,55,56,61,46,30,41,46,24,35,36,29,89,14,26,68,53,55,56,60,65,60,52
20150920,1,PM2.5,105,88,101,92,99,102,90,49,27,95,,45,93,86,110,104,44,20,23,17,16,13,7,17,25,8,57,106,99,46,104,107,94,90,95
20150920,1,PM10,145,121,154,127,155,120,138,151,52,194,,122,125,106,150,175,94,31,39,26,38,,28,58,111,10,72,,,90,176,176,162,154,125
20150920,1,AQI,52,42,52,53,55,46,54,74,28,66,,69,53,55,58,63,48,30,41,44,25,35,36,31,90,13,27,71,53,57,62,62,59,65,58
20150920,2,PM2.5,113,102,112,109,109,115,110,48,40,114,,41,101,99,119,111,41,20,20,17,19,14,10,29,24,,53,102,92,64,120,109,117,109,109
20150920,2,PM10,137,109,154,152,142,,150,143,65,179,,107,,136,157,150,65,30,37,32,30,16,27,51,46,16,54,,,142,173,149,158,172,133
20150920,2,AQI,54,45,54,56,57,46,56,74,30,68,,70,53,57,61,65,50,30,42,45,26,34,36,33,90,13,29,73,55,58,64,64,61,68,60
20150920,3,PM2.5,118,117,120,121,120,113,92,41,45,118,,60,51,118,126,148,32,24,19,21,16,14,13,28,28,7,58,103,90,64,117,116,115,115,117
20150920,3,PM10,,,135,124,142,,,118,57,162,,154,,,,154,50,32,34,39,,16,31,59,54,,61,,,117,144,139,139,148,164
20150920,3,AQI,54,46,56,58,59,48,56,74,31,71,,72,53,57,61,66,51,31,43,44,27,33,36,34,90,13,136,75,57,59,67,65,63,70,62
20150920,4,PM2.5,122,110,126,127,88,114,47,40,42,132,,44,35,117,126,108,24,27,23,27,16,17,8,26,36,7,67,97,80,61,140,121,103,118,126
20150920,4,PM10,,,134,,,,47,125,57,164,,78,37,,,112,40,40,44,44,23,,31,64,60,,,,82,110,140,134,123,140,159
20150920,4,AQI,56,50,58,59,60,53,56,75,32,74,,72,53,57,61,67,51,32,44,44,26,34,36,35,89,13,30,75,59,60,68,67,65,73,65
20150920,5,PM2.5,132,117,81,134,62,126,32,44,55,130,,40,35,122,120,95,18,30,24,26,16,14,11,24,43,6,69,93,75,61,133,129,40,133,128
20150920,5,PM10,,,,,96,,71,154,69,155,,61,,,124,111,33,49,49,33,35,21,30,54,67,14,,,,106,147,135,115,146,146
20150920,5,AQI,62,55,60,62,61,60,57,77,35,77,,72,54,61,64,69,51,42,45,44,27,34,36,36,88,13,34,75,61,61,70,69,66,75,66
20150920,6,PM2.5,86,130,44,147,60,127,35,44,45,129,,39,37,128,121,93,20,32,25,31,19,14,15,28,52,7,72,89,73,60,114,133,45,139,107
20150920,6,PM10,,,83,,100,,72,190,52,149,,87,69,,,139,34,47,49,48,37,27,42,53,72,18,,,,109,,137,115,153,138
20150920,6,AQI,66,62,62,70,62,66,58,80,36,79,,72,55,66,69,70,50,36,47,45,27,35,36,38,87,14,37,74,63,62,72,71,68,78,69
20150920,7,PM2.5,73,92,49,97,55,116,43,37,46,56,,38,52,135,125,99,22,37,29,33,25,9,19,36,58,9,73,90,75,48,69,99,47,148,82
20150920,7,PM10,114,,83,,84,,81,104,61,,,80,77,,132,161,41,64,54,56,48,32,54,52,84,15,,113,82,111,81,,127,200,121
20150920,7,AQI,69,66,64,74,63,71,58,80,38,80,,73,56,72,75,73,50,35,48,45,29,36,37,39,88,14,40,74,64,63,75,75,69,81,71
20150920,8,PM2.5,73,69,52,59,47,105,44,39,39,44,,51,64,147,136,108,26,41,29,38,29,14,28,41,76,9,66,123,73,65,72,69,56,87,96
20150920,8,PM10,122,101,94,89,79,130,71,94,63,59,,103,83,,,172,51,58,54,112,54,47,67,58,142,13,,158,106,143,136,125,147,111,152
20150920,8,AQI,72,69,65,77,64,76,59,81,39,79,,73,57,79,81,76,51,37,49,44,29,38,39,40,91,14,43,78,66,65,78,78,72,84,75
20150920,9,PM2.5,90,81,61,80,51,121,50,90,53,52,,62,64,164,139,123,38,52,36,47,23,29,32,52,95,9,69,135,70,71,83,86,62,95,119
20150920,9,PM10,159,129,103,141,89,155,94,132,81,107,,113,100,,161,200,84,83,66,122,67,59,96,74,155,18,,172,110,108,164,168,128,188,188
20150920,9,AQI,77,72,68,80,65,82,60,82,40,79,,74,58,86,87,80,52,39,51,49,32,68,41,42,94,15,47,83,68,66,82,81,74,88,81
20150920,10,PM2.5,101,121,70,118,56,140,65,82,68,69,,78,90,158,148,128,67,69,63,61,33,35,45,62,100,14,76,140,134,118,96,128,66,165,128
20150920,10,PM10,163,167,117,190,108,167,115,106,103,139,,140,146,,,156,129,108,124,145,108,86,102,83,118,16,,153,169,152,183,213,146,244,189
20150920,10,AQI,81,78,71,86,67,88,62,83,44,80,,76,61,94,94,86,55,43,52,52,34,44,43,45,96,15,51,89,75,69,86,88,76,96,87
20150920,11,PM2.5,134,175,81,178,73,165,83,79,117,114,,115,145,155,147,132,99,86,109,94,51,57,66,85,,11,77,130,136,157,159,177,75,182,162
20150920,11,PM10,191,178,130,202,134,178,138,107,134,256,,179,186,,,147,165,121,172,174,104,105,113,112,,21,,,,167,267,203,151,246,194
20150920,11,AQI,88,87,74,95,70,96,65,84,50,85,,78,67,101,101,92,59,47,56,55,38,49,47,48,,16,54,95,81,71,94,96,78,105,95
20150920,12,PM2.5,165,151,130,167,111,166,98,95,117,160,96,145,172,132,120,126,134,115,113,94,73,64,67,106,,31,76,103,89,153,162,150,112,150,151
20150920,12,PM10,173,,197,,183,,154,131,123,212,,203,,,,,185,146,177,128,134,142,112,134,,48,,,,162,173,,190,,
20150920,12,AQI,96,94,80,102,75,104,68,87,53,89,31,81,76,108,107,98,63,51,59,56,43,52,51,52,99,19,58,99,85,74,102,103,81,112,99
20150920,13,PM2.5,124,117,149,135,142,125,141,102,119,137,141,169,136,101,102,93,146,125,126,96,112,93,64,129,69,55,81,71,50,125,125,115,143,129,110
20150920,13,PM10,,,155,,172,,173,138,147,146,181,204,,,,,,,187,107,161,150,106,140,124,79,,,,,128,,197,,
20150920,13,AQI,101,99,87,108,82,110,73,89,58,96,43,85,82,112,111,102,63,53,62,58,49,54,53,54,101,27,62,101,86,80,107,109,85,117,105
20150920,14,PM2.5,113,107,125,119,114,105,139,119,138,117,100,132,110,90,73,79,110,130,125,91,134,112,56,131,106,96,75,51,42,104,116,,124,108,92
20150920,14,PM10,,,129,,124,,,160,,,131,135,,,,,,146,138,,163,168,88,142,136,117,,,,,,88,148,,97
20150920,14,AQI,106,105,92,114,87,115,79,92,65,101,57,88,87,116,114,106,64,59,65,73,53,58,55,57,104,34,66,102,88,84,112,112,88,122,109
20150920,15,PM2.5,107,86,118,106,111,98,121,127,90,99,88,106,91,83,69,49,92,134,94,81,150,120,64,139,,120,67,34,48,91,,,113,103,83
20150920,15,PM10,,,118,,122,,,172,,,124,144,,90,,,,151,136,,159,135,114,153,,127,,,57,,104,95,143,109,88
20150920,15,AQI,111,108,97,118,92,120,85,95,77,106,140,91,91,119,117,108,68,66,67,87,56,60,71,63,107,38,69,103,89,88,116,91,93,126,113
20150920,16,PM2.5,99,99,96,97,106,98,100,132,83,80,78,99,92,80,64,53,78,,84,62,145,105,89,151,,115,55,32,43,84,,,100,99,84
20150920,16,PM10,,,101,,118,,,174,89,,119,119,,87,64,,,,122,72,149,,141,163,,124,,42,55,,91,102,124,110,96
20150920,16,AQI,115,113,102,123,97,124,89,98,90,109,133,94,95,123,120,110,72,,73,95,61,61,96,71,,43,71,104,91,92,94,92,98,130,116
20150920,17,PM2.5,95,79,98,89,97,91,91,141,80,82,77,98,82,68,60,43,77,143,77,56,136,102,99,145,,117,46,33,39,79,,87,90,92,77
20150920,17,PM10,102,84,110,,125,,108,185,96,,118,140,83,84,,45,81,,125,80,139,,146,159,,123,54,56,,93,98,94,132,104,100
20150920,17,AQI,119,116,105,126,103,128,93,101,87,113,128,101,98,126,122,112,76,74,84,83,73,62,98,78,,48,74,105,92,95,95,120,101,133,119
20150920,18,PM2.5,83,67,81,72,89,77,88,155,79,63,68,93,68,55,50,39,61,134,83,55,132,80,106,131,,116,41,40,45,76,72,72,78,74,65
20150920,18,PM10,90,71,88,,120,,,189,96,,116,133,,80,61,75,66,,141,102,141,144,151,146,,128,,76,90,92,78,80,121,95,94
20150920,18,AQI,123,119,108,129,104,131,97,103,79,115,123,100,101,128,124,113,78,80,72,63,72,64,64,84,116,50,75,106,94,98,126,123,103,136,122
20150920,19,PM2.5,58,54,65,57,72,61,65,151,74,52,53,78,51,47,48,39,54,128,81,51,142,121,103,119,98,111,41,43,38,84,70,60,64,62,55
20150920,19,PM10,87,72,78,73,94,77,73,185,93,66,95,98,57,76,58,87,71,,166,78,173,170,140,,167,,59,84,56,144,92,101,106,110,88
20150920,19,AQI,124,121,111,131,107,133,99,105,82,117,116,103,102,130,126,114,80,86,74,65,78,66,66,89,120,55,77,107,95,101,129,125,106,137,124
20150920,20,PM2.5,61,63,53,58,61,54,52,145,61,43,48,67,49,44,46,45,60,134,83,76,146,53,113,116,151,80,54,57,31,73,57,58,53,56,48
20150920,20,PM10,90,81,67,71,94,76,70,187,83,78,95,132,67,68,71,97,88,,164,173,,,137,,169,,80,130,32,107,88,101,99,109,82
20150920,20,AQI,126,123,112,133,108,134,101,110,85,118,111,104,103,130,127,115,81,92,77,67,84,67,67,93,117,59,79,108,94,104,130,126,106,138,124
20150920,21,PM2.5,57,50,49,55,57,49,47,148,53,55,50,71,58,41,52,50,60,111,83,79,144,74,106,114,127,66,53,75,35,72,51,52,49,51,42
20150920,21,PM10,91,82,75,82,87,66,85,205,78,122,119,156,81,78,88,92,96,,181,119,,229,130,,,97,86,123,51,88,84,105,100,102,77
20150920,21,AQI,127,124,113,133,109,135,101,114,86,118,107,104,103,130,128,115,83,97,80,70,91,69,68,98,113,62,81,110,94,105,130,126,107,138,125
20150920,22,PM2.5,53,58,53,56,54,50,60,144,63,55,69,84,71,44,61,49,71,95,98,74,138,118,101,93,114,62,45,74,38,90,49,53,51,53,49
20150920,22,PM10,94,81,88,83,92,65,99,224,104,110,144,191,109,81,104,109,124,,224,84,,178,123,,,,56,103,41,108,93,124,115,110,74
20150920,22,AQI,128,125,114,133,110,136,102,119,89,118,105,105,104,130,129,115,84,101,84,72,98,74,72,103,105,65,82,111,93,108,130,126,107,138,125
20150920,23,PM2.5,58,55,65,62,64,56,81,151,75,62,88,98,88,55,55,61,73,91,91,70,130,62,88,82,112,59,42,84,46,109,65,56,56,68,51
20150920,23,PM10,99,81,104,98,97,71,124,241,105,92,152,220,122,87,92,144,105,,171,73,,,106,,,91,59,94,59,129,110,100,125,144,100
20150920,23,AQI,127,125,114,133,110,135,103,124,92,118,106,106,106,129,127,114,85,104,88,75,104,77,76,106,102,68,83,111,92,111,130,125,107,138,124
