date,hour,type,dongsi,tiantan,guanyuan,wanshouxigong,aotizhongxing,nongzhanguan,wanliu,beibuxingqu,zhiwuyuan,fentaihuayuan,yungang,gucheng,fangshan,daxing,yizhuang,tongzhou,shunyi,changping,mengtougou,pinggu,huairou,miyun,yanqing,dingling,badaling,miyunshuiku,donggaocun,yongledian,yufa,liulihe,qianmeng,yongdingmengxi,xizhimengbei,nansanhuan,dongsihuan
20150504,0,SO2,2,2,2,2,2,2,2,3.1,2,2,2,2,2,2,2,2,2,2,2,2,2,2,2,2,2,2,2,2,2.9,4.3,2,2,6.1,2.9,2
20150504,0,NO2,23.9,26.7,20.9,25.8,36.3,43.2,29.7,12.8,7.3,44.6,15.4,11.7,25.8,36.8,34.4,45.2,19.4,18.2,9.3,18.9,5.5,20.3,3.3,2,9.9,2.2,19.1,63.3,48,37.9,22.1,37,46.1,35.6,38.8
20150504,0,O3,67.1,77,72,66.5,64.3,55.7,64.3,66.7,85.5,32,80.3,90.4,54.1,62.3,67.2,49,60.6,66.9,78,77,83.6,73.6,89.7,86.2,95,89.8,58.4,15.9,39.2,56.8,72.1,59.2,70.6,29.8,52.4
20150504,0,CO,0.3,0.2,0.1,0.2,0.3,0.3,0.3,0.2,0.3,0.2,0.2,0.3,0.3,0.2,0.4,0.2,0.2,0.2,0.2,0.2,0.2,0.2,0.2,0.2,0.1,0.2,0.2,0.3,0.3,0.2,0.3,0.2,0.3,0.4,0.3
20150504,1,SO2,2,2,2,2,2,2,2,3.6,2,2,2,2,2,2,2,2,2,2,2,2,2,2,2,2,2,2,2,2,2.9,4.8,2,2,4.6,2.3,2
20150504,1,NO2,16.1,16.9,21.1,18.1,23.9,50.3,21.5,12.5,7.3,42,14,14.3,13.5,35.1,16,20,12.3,12,11.8,10.4,6,13,3.6,2,8.6,2,17.2,66.3,39.6,31.5,15.4,26.5,31,33.1,56.2
20150504,1,O3,74.6,88.8,67,70.4,78,45.5,71.4,67.5,81.7,31.6,84.4,77.4,67.2,60,87.4,71.4,66.2,74.1,66.6,82.9,80.8,78.2,81.8,83.3,92.4,86.6,62.5,19.9,45.9,58.4,78.2,60.2,79.6,31.4,32.4
20150504,1,CO,0.3,0.2,0.2,0.2,0.2,0.3,0.3,0.2,0.3,0.2,0.2,0.3,0.3,0.2,0.4,0.2,0.1,0.1,0.2,0.2,0.2,0.2,0.3,0.2,0.1,0.3,0.1,0.3,0.3,0.3,0.2,0.2,0.3,0.4,0.3
20150504,2,SO2,2,2,2,2,2,2,2,3.9,2,2,2,2,3.3,2,2,2,2,2,2,2,2,2,2,2,2,2,2,2,2,4.2,2,2,2.5,2,2
20150504,2,NO2,16.5,20.8,14.1,12.6,21.5,25.8,14.6,13.1,6.9,32.8,16.1,8.6,22.1,24.5,14.4,33.8,9.9,7,13.4,9.3,5.6,7.7,5,2,7.5,2.3,4.6,68.6,22.6,31.6,17,14,24.5,18.2,33.9
20150504,2,O3,72,83.4,70.9,75.7,78.8,68,80.9,63.6,84,41.3,80.3,63.8,54.7,66.3,87.9,50.8,66.5,74.2,47.5,81.6,81.1,82.3,75.9,79,86.9,86,72.6,18.8,58.6,55.4,76,68.9,80.9,53,59.1
20150504,2,CO,0.3,0.2,0.1,0.2,0.2,0.2,0.3,0.2,0.3,0.1,0.2,0.3,0.3,0.1,0.4,0.2,0.1,0.1,0.1,0.2,0.1,0.1,0.2,0.2,0.1,0.3,0.1,0.3,0.3,0.3,0.2,0.2,0.3,0.3,0.2
20150504,3,SO2,2,2,2,2,2,2,2,2.6,2,2,2.1,2,2.2,2,,2,2,2,2,2,2,3.7,2,2,2,2,2,2,2,2.8,2,2,2,2,2
20150504,3,NO2,14.6,16.9,12.6,10.7,13.7,21.4,17,20.7,15.1,20.7,16.3,11.8,19.9,24.8,,25,10.8,4.9,11.8,8,5.3,16.4,5.9,2,8.2,2,3.2,67.4,15.3,45.2,13.6,21.5,19.8,15.1,35.8
20150504,3,O3,72,82.6,71.1,74.1,80.6,66,73.9,48.4,65.3,54.4,75.8,54.5,53.9,71,,60.5,65.7,76.5,2,81.8,86.9,76.3,78.5,82,85,92.8,72.7,20.7,72.6,32.8,74.5,65.4,83.9,56.2,60.6
20150504,3,CO,0.3,0.2,0.2,0.2,0.2,0.2,0.2,0.2,0.3,0.2,0.2,0.2,0.3,0.2,,0.2,0.1,0.1,0.1,0.1,0.1,0.2,0.2,0.2,0.2,0.2,0.3,0.3,0.2,0.2,0.2,0.2,0.2,0.2,0.2
20150504,4,SO2,2,2,2,2,2,2,2,2.5,2,2,2,2,2,2,2,2,2,2,2,2,2,5.2,2,2,2,2,2,2,2,2,2,2,2,2,2
20150504,4,NO2,11.9,17.1,12.1,8.9,11.4,14.9,23.6,33.2,16,17.3,23.2,13,16.4,23.1,17.5,28,11.9,5.6,22,6.4,6,22.2,6.1,2,13.4,2,2.3,56.9,14.4,67.3,12.7,22.2,19.1,17.5,27.7
20150504,4,O3,78.1,84.9,70.6,83,87.6,75.4,,30.7,59.1,53.1,52.6,60.8,54.4,58.6,81.4,51.2,63.4,78.1,44.7,86,79.2,65,66.5,80.5,75.3,91.8,78.3,26.1,56.8,10.3,78,59.3,81.6,50.3,71
20150504,4,CO,0.2,0.1,0.2,0.2,0.2,0.2,0.2,0.2,0.3,0.2,0.2,0.1,0.3,0.2,0.2,0.2,0.1,0.1,0.2,0.1,0.1,0.2,0.2,0.2,0.2,0.2,0.4,0.2,0.3,0.2,0.2,0.2,0.2,0.3,0.2
20150504,5,SO2,2,2,2,2,2,2,2,2,2,2,2,2,2,2,2,2.3,2,2,2,2,2,2,2,2,2,2,2,2,2,2.4,2,2,3,2,2
20150504,5,NO2,12,15.5,9.1,7.7,15.4,10,28.5,29.6,16.4,19.3,24.5,22.7,27.7,22.8,11.7,20.8,14.8,7,,2.5,8.1,23.7,23.5,2,21.8,3.3,2.2,64.3,13.9,74.5,16.7,25.1,11.6,21.4,35.2
20150504,5,O3,78.6,88.8,74.8,86,84.3,77.1,46.9,23.5,54.4,54.5,49.2,49.3,41.1,63.2,84.3,63.4,60.2,72.2,30.1,85.3,64.8,67.3,52.3,78.4,55.9,77.1,78.3,12.3,50,4.2,74.4,58.2,87.2,48.9,61.9
20150504,5,CO,0.3,0.2,0.2,0.2,0.2,0.2,0.2,0.2,0.3,0.2,0.2,0.2,0.3,0.2,0.2,0.2,0.1,0.1,0.2,0.2,0.2,0.2,0.2,0.2,0.2,0.2,0.4,0.2,0.2,0.2,0.2,0.2,0.2,0.3,0.3
20150504,6,SO2,2,2,2,2,2,2,2,2.3,2,2,2,2,2,2,2,3.1,2,2,2,2,2,2.3,2,2,9.3,2,2,2,2,3,2,2,2,4.1,2
20150504,6,NO2,16,18.2,14.9,10.1,19.5,11.5,50.8,31.8,19.2,24.8,34,28.8,32,31.1,27.6,62.5,25.8,19.6,51.1,11.5,21.7,53.3,29.7,9,35.9,4.1,3.1,63.1,16.3,74.5,25.4,38.4,24.5,38.7,35.4
20150504,6,O3,72.9,85.3,73.3,84.4,79.8,75.1,15.9,13.6,51.9,47.4,37.6,45.6,38.2,55.4,67.4,13.9,43.3,58.1,11.1,70.9,46.2,26,37.8,58,45.5,68.2,70.2,19.7,36.4,2.6,64.3,44.5,84,21.9,62.6
20150504,6,CO,0.3,0.2,0.2,0.2,0.2,0.2,0.3,0.3,0.3,0.2,0.2,0.3,0.3,0.2,0.2,0.3,0.2,0.2,0.3,0.2,0.3,0.3,0.3,0.2,0.3,0.2,0.4,0.2,0.3,0.3,0.3,0.3,0.3,0.4,0.3
20150504,7,SO2,2.5,2,2,2,2,2,2,3.9,2,2,2,2,2,2,2,2.2,2,2,2,2,2,3,4.8,3.9,20.2,2,2,2,2,4.7,2,4.4,4.3,12.1,2
20150504,7,NO2,25.9,30.3,33.3,15.1,36.4,22.8,44.8,39.1,25.2,29.1,38,31.1,38,52.6,29.1,42.6,29.8,23.3,41.9,18.5,12.1,46.2,24.1,7.3,25.6,3.6,3.9,60.5,19.9,67.7,32.7,74.1,55,62.9,51.7
20150504,7,O3,62.6,70,51.5,79.2,60.8,62.2,24.6,9.6,45.5,39.1,35.5,53.7,35.7,34.6,63,39.3,47.1,52.9,10,65.3,58.9,32.4,39.5,56.9,58.6,73.4,64.9,18.5,36.3,7.9,57.4,13,58.1,2,40.7
20150504,7,CO,0.3,0.2,0.3,0.2,0.7,0.2,0.4,0.5,0.4,0.3,0.3,0.3,0.4,0.3,0.3,0.2,0.2,0.2,0.4,0.2,0.2,0.3,0.4,0.2,0.4,0.2,0.2,0.3,0.3,0.3,0.4,0.4,0.4,0.7,0.4
20150504,8,SO2,2.9,2,2,2,2,2,2,4.2,2,2,2,2,2,2,2,2,2,2,2,2,2,4.6,14.7,2,27.6,2,2,2,3.3,4,2,2.9,3.1,8.5,2
20150504,8,NO2,30.5,35.9,30.4,19.5,27.9,26.2,40.8,38,38.3,29.5,39.9,22.7,23.9,36.4,24.1,33.8,25.3,17.4,24,15.2,5.3,55.3,16.3,3.9,21.4,2.2,14.8,52.5,26.2,56.3,33.9,55.6,48.6,53.9,47.8
20150504,8,O3,58.1,63.9,53.2,76.5,70.2,60.6,42.6,29.8,37.3,45.8,47,66,50.7,52.5,67,53.9,55.7,60.6,46.3,70.1,75.6,21.7,53.2,68.6,67.2,78.4,54.4,33,52.2,29.7,58.1,35.4,60.4,7.5,48.1
20150504,8,CO,0.4,0.3,0.3,0.2,0.3,0.3,0.4,0.4,0.4,0.3,0.4,0.3,0.4,0.3,0.3,0.2,0.2,0.2,0.3,0.2,0.2,0.5,0.5,0.2,0.6,0.2,0.3,0.3,0.3,0.3,0.4,0.5,0.5,0.8,0.4
20150504,9,SO2,4.6,2,3.2,2,5.2,4,3.1,5.2,2,2.1,2.5,2,2,2,2,2,2,2.8,2,2,2,3.2,12.2,3.7,7.4,2,2,2,2.1,3.7,2,3.4,4.8,7,2
20150504,9,NO2,27.2,35.4,25.9,23.2,17.9,17.5,27.6,28.1,29,25.4,31.8,26.4,21.7,30.8,22.2,23.9,19.7,12.6,16.2,8.4,4.4,29.6,14.9,2.8,13.3,2,11.9,43,25.3,42.6,41.4,50.1,53,43,46
20150504,9,O3,60.7,65.6,58.5,72.1,79.5,69.6,63.5,50.2,54.5,52.7,62.2,62,52.6,62.7,70.9,64.2,63.6,66.9,58.1,78.9,79.6,62.5,57.1,73.2,79.9,87.4,62.9,47.7,62.6,48.2,51.1,41.8,60,20.4,51.8
20150504,9,CO,0.4,0.3,0.3,0.3,0.3,0.3,0.4,0.3,0.5,0.3,0.4,0.3,0.4,0.3,0.3,0.2,0.1,0.2,0.3,0.2,0.2,0.3,0.5,0.3,0.3,0.2,0.2,0.2,0.3,0.2,0.5,0.4,0.5,0.7,0.5
20150504,10,SO2,4.5,2.1,3.5,2.2,5,4,3.2,5.5,2,2,2.4,2,2,2,2.1,3.3,2,4.2,2,2,2,2.5,4.7,5,2,2,,2,2.6,4.2,2,3.5,2,8.3,2.3
20150504,10,NO2,22.2,28.2,20.8,23,23.3,20.4,25.4,22.1,24,26.6,18.2,22.1,20.1,23.8,20,21.9,18.8,13.8,8.9,3.2,3.3,18.8,6.4,4.7,11.5,2,,40.2,28,37.2,31,32.8,44.9,,27.4
20150504,10,O3,66.6,76.8,66.8,74.3,77.7,70.3,69.8,62.1,62.6,54.9,71.1,70.2,60.6,75.4,74.9,70.5,64.6,60.3,70.4,89.5,82.3,78.7,77.4,73.5,86.3,91.5,,51.8,61.9,59.6,62.5,57.9,67.6,19.9,68.2
20150504,10,CO,0.4,0.3,0.3,0.3,0.3,0.3,0.3,0.3,0.4,0.3,0.4,0.4,0.4,0.3,0.3,0.2,0.2,0.3,0.3,0.2,0.2,0.2,0.3,0.3,0.3,0.3,,0.2,0.3,0.3,0.4,0.3,0.5,0.7,0.4
20150504,11,SO2,3.7,2,2.4,2,3.3,2.9,2,3.5,2,2,2.5,2,2,2,2,3.1,2.5,2,2,2,2,2.9,3.3,2.7,4.8,2,,2,2.7,4.1,2,2.6,2,5.9,2
20150504,11,NO2,22.4,28.5,18.2,18.8,23.5,21.6,23.1,18,18.9,22.7,17.6,17.7,25.2,17.3,16.6,15.7,19.3,13.8,18.9,2.3,3.4,15.4,5.3,3.2,20.2,2,,36.7,33.6,26.3,31.9,,,70.9,36.3
20150504,11,O3,69.8,82.3,76.3,85.8,81.9,73.5,79.7,70.1,72.9,69,77.4,84,65.4,91.8,83,80.1,62.7,75.3,65.1,91.9,85.4,89,85.8,80.7,80.8,94.8,,54.6,62.7,77.1,65.8,64.2,67.6,36,67
20150504,11,CO,0.4,0.3,0.3,0.3,0.3,0.3,0.3,0.2,0.4,0.3,0.3,0.3,0.4,0.2,0.3,0.2,0.2,0.2,0.3,0.2,0.2,0.2,0.3,0.2,0.3,0.3,,0.2,0.4,0.2,0.4,0.3,0.5,0.5,0.4
20150504,12,SO2,2.8,2,2.1,2,2.1,2,2,2,2,2,2.4,2,2,2,2,2.9,2.8,2,2,2,2,2.3,4.5,2,5.3,2,,2,2.6,3.4,2,2.5,3.6,4.4,2
20150504,12,NO2,17.4,17.8,16.1,18,20.4,18.6,24,13.3,17.7,23.1,15.2,17.2,24.1,18,9.8,19.9,22.6,10.4,20.3,2,7,11.3,5.1,2,17.1,4,,,,25,31.6,22,39.2,61.1,24
20150504,12,O3,85.5,105.7,90.7,94.7,94.9,86.5,90.5,79.4,88.5,74,84.2,90.2,73.3,97.6,96.8,83,63.7,83.3,76.8,97.6,83.4,99.9,91.8,88.3,90.2,97.9,59.8,53.8,71.8,86.3,76.7,77.3,86.1,49.7,87.5
20150504,12,CO,0.3,0.2,0.3,0.2,0.3,0.3,0.3,0.2,0.4,0.3,0.3,0.3,0.4,0.2,0.3,0.3,0.2,0.2,0.1,0.2,0.3,0.2,0.3,0.2,0.3,0.3,0.2,0.3,0.3,0.2,0.4,0.3,0.5,0.5,0.3
20150504,13,SO2,3.6,2,2.5,2,2.5,2,2,3.8,2,2,2.6,2,2,2,2,2.7,2,2,2,2.1,2,4.2,6.5,2,5,2,2,2,3.4,3,2,2.4,7.4,3.7,2
20150504,13,NO2,15.6,15.5,13.9,16,18.1,16.4,18.7,19,15.3,20.4,13,18.2,23,18.4,7.6,13.6,23,9.6,16.2,4.6,8.6,13.3,4.9,2,16.4,4,8.7,,,20.8,29.7,3.7,34,51.7,22.6
20150504,13,O3,92.6,114.5,100.8,101.7,105,95.7,104.4,83.5,102.5,83.4,91.9,96.8,82.2,102.7,101.2,101,69.2,88.8,85.9,99.4,89.6,101.9,98.3,93.8,98.5,108.2,,56.2,78.4,98.7,83.6,87.5,94.8,64.9,97.2
20150504,13,CO,0.3,0.2,0.2,0.2,0.3,0.3,0.3,0.3,0.4,0.2,0.2,0.3,0.4,0.2,0.2,0.2,0.2,0.2,0.1,0.2,0.3,0.2,0.3,0.2,0.3,0.3,0.2,0.2,0.3,0.2,0.3,0.2,0.4,0.4,0.3
20150504,14,SO2,4.1,2,2.4,2,2.9,2.1,2,4.6,2,2.4,2.1,2,2,2,2,2.4,2,2,2,2.5,2,4.3,3.9,2,4.3,3.2,2,2,3.3,3.7,2,2.7,6.9,4,2
20150504,14,NO2,15.1,13.9,12.2,14.8,19.4,14,19.7,18.1,15.7,20.2,9.9,13.5,23.7,17.6,5.2,9.6,20.8,13.4,13.5,10.7,8.9,18.3,3.8,2.7,25.9,6.7,15.9,24.4,36.7,20.3,29.5,5.2,39,53.1,16.3
20150504,14,O3,99.2,127.1,108.9,110.7,116.3,107.5,107,90.3,100.3,93.2,102.8,105.4,88.1,113.8,112.1,110.3,80.1,98,91.9,101.5,96.6,102.5,104.8,103,97.7,110.8,102.6,70.1,83.4,107.5,93.1,94.8,93.8,71.4,114
20150504,14,CO,0.3,0.2,0.2,0.2,0.3,0.3,0.3,0.3,0.3,0.3,0.2,0.2,0.4,0.2,0.2,0.2,0.2,0.2,0.1,0.3,0.2,0.3,0.2,0.2,0.3,0.4,0.3,0.2,0.3,0.2,0.3,0.2,0.4,0.5,0.3
20150504,15,SO2,3.7,2,2.4,2,2.7,2,2,3.2,2,2.1,4.5,2,3.5,2,2,3,2,2,2,2.3,2,3.4,3.2,2,3.1,2.3,2,2,7.3,9.1,2,2.6,4.6,3.7,2
20150504,15,NO2,16,14.4,13.1,15.5,23.5,14.6,20.9,17.2,15.2,21,11,15.8,25.2,17.3,5.1,10,20.9,15.5,14.4,12.4,10.9,18.6,3,8.8,45.8,9.6,16.6,24,46.1,24.2,30.8,8.2,34.3,51,21.7
20150504,15,O3,103.2,132.2,113.8,117,114.5,112.7,112.1,89,106.5,98.8,110.3,112.7,93.4,119.2,119.6,122.4,89.3,100.4,99.4,112.2,105.9,113.5,111.5,109.4,81.1,114.4,116.5,80.5,86.3,106.4,96.6,100.4,100.5,78.9,115.6
20150504,15,CO,0.3,0.2,0.2,0.2,0.3,0.3,0.3,0.2,0.3,0.3,0.3,0.3,0.4,0.2,0.2,0.2,0.2,0.2,0.1,0.3,0.2,0.2,0.2,0.2,0.3,0.4,0.3,0.2,0.4,0.2,0.3,0.3,0.4,0.4,0.3
20150504,16,SO2,6.8,5.1,6.1,6.5,4.8,4.1,5.6,6.4,4.8,8.3,8.8,7.3,5.6,10.3,4.6,3.2,2,2,4.7,2,2,3.4,3.1,2,4.4,2,2,2,7.3,5.9,3.9,7.3,10,9.3,2.1
20150504,16,NO2,17.7,16.1,15.5,19.5,24.7,18.4,22.6,16.8,17.3,25.4,14.7,24.3,26.9,18.9,8,9,21.1,14.4,18.5,9.1,11.3,19.3,2,8.3,51.7,10.3,14,24.2,44.5,,33.5,12.7,42.8,58.7,25
20150504,16,O3,103.8,133.7,115.9,116.7,117.4,111.1,118.6,95.5,113.5,101.2,115.1,114.7,102,124.2,123,127.4,94.4,106.4,101.1,121.6,115.6,122,117.8,113.4,78.7,124.3,126.7,82.6,96.1,115,97.1,98.3,101.5,77.9,112.6
20150504,16,CO,0.3,0.3,0.3,0.3,0.3,0.3,0.3,0.3,0.4,0.3,0.4,0.3,0.5,0.3,0.3,0.2,0.2,0.3,0.2,0.2,0.2,0.2,0.2,0.2,0.3,0.4,0.3,0.3,0.3,0.2,0.4,0.3,0.4,0.5,0.3
20150504,17,SO2,11.8,8.4,8.4,8.2,9.5,10.4,6.8,10.4,6,6.4,4.7,4.9,2.6,5.7,6.3,8.1,3.2,4.8,4.9,2.1,2,3.5,3,3.9,3.3,2,2,2.7,7.8,5.6,7.4,10.2,11.7,11.6,9.1
20150504,17,NO2,20.5,18.8,18.4,21.8,30.2,21.5,26,19.8,20.5,25,12.5,19.9,29.7,19.6,9.5,12.3,25.1,18.2,20.4,7.6,12.1,22.3,2,11.5,47.3,11.4,13.9,26,37,16.4,42.7,14.5,51.5,168.8,26.4
20150504,17,O3,111.9,144.7,125,126.3,123.6,118.9,125.6,100.6,120.2,110.6,122.8,127,104.4,133.4,129.4,130.9,91.4,110,107.9,132.7,116.8,128,120.2,114.6,82.4,130,136.2,86.4,116.6,134,100.1,105.4,97.6,72.2,122.2
20150504,17,CO,0.4,0.3,0.3,0.3,0.4,0.3,0.4,0.3,0.4,0.3,0.3,0.3,0.4,0.3,0.3,0.2,0.3,0.3,0.2,0.2,0.2,0.2,0.2,0.3,0.3,0.4,0.3,0.3,0.3,0.2,0.4,0.3,0.5,0.5,0.3
20150504,18,SO2,6.8,4.2,5.5,5.1,5.8,5.9,4.5,9,3,5.6,7.2,4.6,5.4,6.5,5.9,7.6,6.8,4.6,3.1,3.5,4.7,6,2.8,6,3.8,2,2.7,2,18.2,12.6,3.7,6.1,8.2,7.8,5.5
20150504,18,NO2,22.3,18.8,19.4,24.4,36.5,25.7,30,22,21,29,14.3,22.6,33,23.2,11.7,13.7,29.7,22.5,23.9,12.6,16.7,26.1,6.5,14.3,35.6,12.3,15.8,26.4,30.2,21.3,44.5,15.3,53.3,205.2,31.1
20150504,18,O3,115.1,152.4,132.2,130.7,124.3,120.9,128,100.9,124.9,117.2,135.9,137.1,113.2,139.6,134.6,139,94.6,110.6,107.3,129.8,114.5,122.4,117.1,117.5,105.4,131.4,134.9,92,148,145.5,104.7,110.1,97.5,73.1,123.4
20150504,18,CO,0.4,0.3,0.3,0.3,0.3,0.4,0.4,0.3,0.4,0.3,0.4,0.3,0.5,0.3,0.3,0.2,0.3,0.3,0.1,0.3,0.3,0.3,0.2,0.3,0.3,0.4,0.3,0.3,0.6,0.3,0.4,0.3,0.5,0.6,0.3
20150504,19,SO2,10.5,8.6,10.8,9.2,9.3,9,11.4,8.9,9.1,12.7,14.4,12.7,13.9,15.1,11.5,11.2,4.7,3.7,5.9,5.5,3.6,13.8,4.4,3.5,6.2,7.4,4.4,6.2,22.4,15.5,7.5,10.9,10.2,13.9,7.1
20150504,19,NO2,26.9,25.2,24.5,30.4,32.5,28.3,35.5,22.2,23.9,33.5,19.5,26.1,43.9,29.9,19,17.6,39,25.7,30.5,18.7,18.2,28.6,19.5,17.2,50.4,18.1,18.3,28.9,20.8,29.2,55,24.6,72.8,248.7,34.2
20150504,19,O3,120.2,157.7,142,136.3,142.2,130.9,138,106.8,135,127.9,143,149.7,118.5,146.7,138.2,142.3,92.8,112.8,114.2,120.9,116.5,121.5,108.7,112.8,91.5,122.1,140.5,97.6,156.9,142.3,106.4,110.3,96.8,62.5,131.5
20150504,19,CO,0.4,0.4,0.4,0.4,0.4,0.4,0.5,0.3,0.4,0.4,0.5,0.4,0.6,0.5,0.4,0.3,0.3,0.3,0.1,0.3,0.3,0.3,0.3,0.3,0.4,0.4,0.3,0.3,0.7,0.4,0.5,0.4,0.7,0.7,0.4
20150504,20,SO2,18.9,15.9,18.6,16,18.3,18.3,18.5,13.5,17.7,16.6,11.4,14.6,11.1,16.9,15.6,22.7,9.7,9.2,12.4,5.8,4.1,7.8,5.2,21.3,5,6.2,4.7,10.4,17.5,9.9,14.5,17.9,18.7,19.9,14.8
20150504,20,NO2,34.8,30.2,26.8,36.7,30.3,34.2,34.1,26.1,30.1,35.3,22.4,38.8,37.3,35,22.8,23.1,40.9,28.6,34.2,23,19.7,44.4,18.7,17.4,79.4,19.2,18.8,31.9,22.6,29.6,62.9,24.2,70.3,176.5,33.9
20150504,20,O3,118.6,160.7,145.8,134.3,154.6,135.5,145.3,112,134.3,124.8,130.4,131.8,109.1,134.5,134,154.1,99.1,118.7,117.9,113.9,117.8,100,109.2,109.3,52,118.3,142.4,98.5,137.8,126.9,103.2,117.7,106.9,63.7,145
20150504,20,CO,0.6,0.5,0.5,0.6,0.5,0.6,0.6,0.4,0.6,0.5,0.5,0.6,0.6,0.6,0.6,0.5,0.4,0.4,0.2,0.3,0.3,0.4,0.4,0.4,0.4,0.4,0.3,0.4,0.6,0.4,0.7,0.6,0.7,0.8,0.5
20150504,21,SO2,16.9,12.6,12.9,12.4,13.1,15.4,11.5,17.4,10.9,11.1,8.3,8.2,8,14,13.7,23.1,15.2,14.1,9.6,7.9,10,9.7,4.1,21,4.3,4.8,11.8,9.1,12.2,8.6,11.8,14,14.1,15.7,11.3
20150504,21,NO2,34.9,32.8,27.3,43.6,43.8,36.8,29.5,26.8,27.3,35.5,23.2,30.2,34.1,36,25,22.1,42.4,35.3,34.6,27.1,22.4,51.3,25.1,14.5,78.4,16.7,19.6,34.4,23.6,30.7,61.8,23.8,69.5,115.6,38.1
20150504,21,O3,107.9,138.8,130.4,112.2,127,118.5,134.1,110.8,121.3,106.5,116.5,124.1,99.5,117.9,115.2,137.6,100.3,107.7,105.6,108.7,121.2,98.7,96.8,94.8,47.2,120.6,154.6,86.9,127,116.9,92.1,103.7,95,67,126.1
20150504,21,CO,0.6,0.6,0.5,0.6,0.5,0.6,0.5,0.5,0.5,0.5,0.5,0.5,0.5,0.6,0.6,0.5,0.5,0.5,0.2,0.4,0.4,0.4,0.4,0.4,0.3,0.4,0.4,0.4,0.6,0.4,0.9,0.6,0.7,0.9,0.5
20150504,22,SO2,13.9,10.8,10.6,10.3,11.1,13.3,10.2,14.4,9,9.3,6.8,6.7,6.9,12.4,12,18.2,11.5,8.7,6.8,13,12,15.9,4.5,22.6,4.7,9.6,12.9,8.9,11.6,8,9.7,12.5,11.2,13.7,9.6
20150504,22,NO2,34.4,33.6,27.5,41.4,42.1,34.1,28.8,30.2,25.7,33.2,26.2,31,29.7,40.3,23.7,27.6,43.7,39.9,32.1,27.6,24,41.5,42.5,13.9,92.1,18.6,19.7,35.5,25.5,30.2,57.5,22.4,58.4,159.3,35.7
20150504,22,O3,98.7,126.7,121.8,105.2,118.2,110.8,125.7,101.1,115.6,100.7,104.5,114.9,95.2,102.1,105.6,118.7,88.5,85.6,96.7,115.3,114.1,119.9,74.5,99.9,33.9,122.4,149.6,80.8,113.3,109.2,86.1,97,97,54.1,117.8
20150504,22,CO,0.6,0.6,0.5,0.6,0.5,0.6,0.5,0.5,0.5,0.4,0.5,0.4,0.5,0.6,0.6,0.5,0.6,0.6,0.2,0.5,0.5,0.6,0.4,0.5,0.4,0.5,0.5,0.4,0.6,0.3,0.7,0.6,0.6,0.8,0.5
20150504,23,SO2,14.3,9.9,11,9.8,11.4,12.4,11.7,10.9,7.5,9.4,9.3,8.1,7.4,12.1,10.6,15.9,10.9,4.6,7.2,12.3,7.4,14.7,3,22.3,5.6,13.1,9.5,11.7,11.1,7.2,9.4,12.3,10.3,12,9.3
20150504,23,NO2,35.1,32.5,27.9,41.5,39.8,33.2,31.1,33.7,27.7,34.2,34.1,33.6,25.9,24.1,27,32.7,40.4,47.7,32.2,23.3,32,36,53.3,12.7,85.5,20.4,19.9,37.7,29.7,33.7,59.7,21.5,53.3,150.4,32.1
20150504,23,O3,91,120.5,110.8,97.6,111.2,104,110.1,86.8,102.5,88.5,90.1,103.1,91.9,112.4,95.9,103.1,84.7,65.1,93.4,115.8,80,116.8,48.7,93.8,40,123.9,138,74.2,98.1,93.6,77.1,89.8,93.2,55.6,114.4
20150504,23,CO,0.6,0.5,0.5,0.6,0.5,0.6,0.5,0.5,0.5,0.4,0.6,0.5,0.5,0.5,0.5,0.5,0.5,0.6,0.2,0.5,0.6,0.6,0.5,0.5,0.4,0.6,0.5,0.4,0.6,0.4,0.6,0.5,0.5,0.7,0.4
20150504,0,PM2.5,6.5,26.9,12.4,85.2,12.4,12,10.7,3,3,33.5,6.6,10.1,18.6,20.2,15.9,10.5,16.4,21.8,4.7,12.1,14.1,11.8,4,12.8,15.3,12.3,9.9,20.6,11.2,3,16.2,15.7,6.3,6,
20150504,0,PM10,32.5,,25.5,,22.7,38,26.4,29.6,5,39.7,23.9,21.3,26.8,28.5,20.5,47.4,27.3,,5,61.5,38.4,30.3,34.6,24.9,,54.9,71.5,85.3,72.5,26.8,18.4,35.6,39.4,52.2,40.9
20150504,0,AQI,79,74,73,68,77,74,74,62,62,76,64,59,64,70,69,69,56,79,66,83,48,60,58,86,89,57,72,74,64,52,76,85,84,77,179
20150504,1,PM2.5,8.7,9.9,12.8,46.1,21.6,10.3,9,11.7,3.1,18.4,4.3,7.6,17.2,7.8,10.5,8.2,9.5,9.6,5.8,14,18.9,33.7,3.1,5.3,14.5,15.1,13.8,69.1,3.4,7.3,16.5,11.2,7.4,36.2,
20150504,1,PM10,32,15.9,21,,,17.1,17.3,27.8,8.9,33.1,23,16.7,,,,,25.2,33.8,13.2,62.7,79.3,70.1,26,38.3,33.9,56,59.9,,9.7,37.5,16.8,33.3,33.6,,43.1
20150504,1,AQI,77,73,70,69,76,72,71,61,60,72,64,57,64,70,68,65,50,77,64,82,47,60,57,85,86,57,71,74,59,51,74,84,81,77,183
20150504,2,PM2.5,8.7,12.9,9.4,41.1,11.5,8.8,10.4,11.2,3,3,7.4,16.3,12.7,7.8,17.7,18.1,18.6,7.7,3,17.5,18.4,23.9,3.7,13.8,12.5,16.9,19.5,60.1,3.5,3.7,8.2,9.9,6.9,3,
20150504,2,PM10,31,28.5,18.5,56.3,29.6,16,10.9,43.3,15.9,22.5,32.1,17.5,29.7,12.9,22.9,66.9,58.4,54.5,5,117,81.2,78.9,45.3,79.8,47.8,80.5,90.6,126.7,13.4,30.4,23.4,25.8,36.3,11.3,41.3
20150504,2,AQI,75,72,67,68,73,70,68,61,58,70,63,56,63,68,66,62,50,77,63,82,49,60,57,85,84,57,71,75,54,48,71,82,79,74,183
20150504,3,PM2.5,12.5,15.5,19.6,31.9,12,8.7,10.8,19,35.6,3,9.2,14.5,13.9,9.9,,21.7,10.3,14.3,8.4,16,13.7,24.3,6.6,11.1,16.1,6.3,16.4,48.4,3,18.2,17.9,17.9,12.8,17.8,
20150504,3,PM10,83.1,66.8,68.2,,74.7,66.2,62.1,105.8,92.7,44,40.5,50.2,24.9,27.6,,48.1,58.8,49.5,34.8,100.1,30.5,79.8,67.1,54.8,56.5,35.9,99.4,78.7,40.1,80.5,70.9,77.6,78.5,65.1,85.4
20150504,3,AQI,74,70,66,67,72,68,68,62,59,67,63,56,62,67,,62,50,75,62,82,48,60,58,79,82,57,71,75,51,48,70,80,78,72,179
20150504,4,PM2.5,7.8,7.4,9.6,44.3,10.7,4.8,11.6,20.2,31.9,20.3,19.1,14.7,22.5,16.8,10,27.4,13.3,12.5,12.7,8.8,8.9,3,3,6.1,10.6,9.5,10.1,43.4,26.6,33.9,13.6,15.4,6.4,22.2,
20150504,4,PM10,48.5,37.6,42,,38.3,30.5,88,71.1,58.5,63.8,90.4,75.8,51.5,42.4,12.5,119.2,68.5,32.7,54.3,39.9,49.4,34.8,6.5,39.7,41.8,22.3,31.1,108.4,,90.1,41.9,59.1,56.3,41,51.3
20150504,4,AQI,73,69,65,67,71,67,66,62,59,67,64,56,61,66,63,63,51,69,61,81,48,59,58,71,76,56,70,75,51,51,69,79,77,71,173
20150504,5,PM2.5,4.8,4.4,11.9,7.6,6.3,5.5,18.1,29,38,11.5,21.1,13.8,20,8,13.6,10.9,14.2,6,10.6,9.2,70.1,6.3,11.4,3,7.6,3,7.1,22,17,60.4,5.5,13.3,6.9,21.5,
20150504,5,PM10,32.9,23.6,25.2,30.9,25.7,28.6,53.6,75.6,72.8,41.4,73.8,74.6,55.9,26.5,34.7,69.5,53.5,44.8,57.8,36.3,105.5,52.4,60.9,30.1,62.8,89.2,40.3,86.3,93.7,,32.9,59,35.6,44.9,40.4
20150504,5,AQI,69,68,60,66,67,66,65,61,59,66,63,56,61,64,62,63,51,62,54,79,51,58,55,62,66,56,69,75,52,51,67,76,72,70,158
20150504,6,PM2.5,3,6,12.1,3,7.6,6.8,15.7,18.4,23.7,8.7,17.7,16.6,18.3,12.4,9.6,21.9,30.8,9.2,12.3,9.4,10.8,3,89,21.3,22.7,3,4.6,27.9,21.8,34.2,12,12.9,5.3,9.1,
20150504,6,PM10,27.4,26.4,24,28,29,35.7,70.3,63.9,28.4,42.8,91.4,64.6,44.9,29.3,36.1,117.5,68.5,30.6,77.8,43.1,70.1,37.5,,48.9,31.8,26.1,29.3,71.7,48.7,96.5,37.6,41.4,32.8,74.7,36.6
20150504,6,AQI,61,61,53,58,60,59,60,56,54,60,57,52,57,63,61,64,51,55,42,76,51,57,49,54,58,53,67,72,51,52,60,67,64,65,67
20150504,7,PM2.5,4.4,3.7,12.2,3,9.9,8.9,34.8,45.4,3,25.7,26.5,16.2,16.4,19,4.3,24.4,13.6,3,23.2,14.6,19.4,4.4,35.2,18.7,25.1,8.3,6.6,28.1,18.2,42.7,10.3,20.6,8,50,
20150504,7,PM10,30,43.8,35.9,25.3,96.7,38.4,,82.8,69.7,121.4,79.4,39.4,35.1,36.6,59.4,56.4,27.1,37.4,81.8,60.8,28.9,46,52.1,42.2,36.2,,41.2,96.6,45.9,112.4,43.3,27.9,51.3,86.3,36.1
20150504,7,AQI,54,55,46,51,55,53,55,54,51,56,53,46,53,58,55,63,47,51,35,70,48,53,44,48,53,50,64,73,50,51,54,60,59,61,60
20150504,8,PM2.5,3.4,7.3,11.5,3,10.7,11,21.3,33.3,3,14.5,7.6,13.8,15.3,24.5,7,10.9,9.8,12.4,14.6,13.5,12.4,17.2,24.1,16.9,28.2,9,9.7,30.3,10.3,26.9,12.9,13.4,12.7,33.7,
20150504,8,PM10,34.9,37.7,37.2,46.7,37.6,46.2,33.9,45,17.3,27.4,47,41.5,30.2,26.9,33.3,41,,29.1,,54.6,,81.4,30.8,23,43.5,,44.5,43.4,16.3,27,27.1,35.1,41.4,,44.7
20150504,8,AQI,50,51,41,44,52,49,52,53,40,54,51,42,49,54,50,61,45,46,30,64,46,52,40,41,50,45,59,69,49,50,50,56,56,59,56
20150504,9,PM2.5,10.5,5.9,11.7,11.4,7.2,6.7,6.7,18.2,3,11.2,13.8,11.6,13.7,14.1,12.3,17,9.7,12.2,15.8,14.3,7.1,18.8,20.9,15.7,30.8,3.3,9.8,16.6,3.5,24.1,11.5,11.3,7.7,10.4,
20150504,9,PM10,35.8,34.5,41.6,45.9,50.9,31.2,32.4,35.5,37.6,34.1,46.6,46.6,28.1,38.2,49.3,20.9,37.1,25.4,41,30.2,27.2,,43.9,25.8,,7.4,17.6,29.2,35.4,60.5,39.9,41.1,50.7,63.4,40.5
20150504,9,AQI,45,47,38,40,49,45,48,52,37,52,49,41,47,52,45,58,43,42,29,59,44,51,40,38,47,40,54,66,46,50,44,53,54,57,54
20150504,10,PM2.5,15.6,6.1,8.7,14,11.1,7.6,9.1,5.6,18,21.1,6.9,14.1,9.2,9.2,3,24.9,15.6,15.5,9.2,9,3,18.7,26.5,15.8,132.3,3,,14.1,17.3,13,15.9,14.4,11.2,43.2,
20150504,10,PM10,34.5,33.9,30.9,38.5,38.2,45.5,43.3,30.6,35.2,45.7,54.1,35.5,24.7,24.5,60.5,43,25.9,35.6,18.9,18.8,27,,,25.2,,17.5,,27.3,50.2,75.2,56,36.9,50.9,68.1,5
20150504,10,AQI,42,43,35,37,46,42,46,51,36,51,48,40,41,51,42,58,38,40,29,56,42,49,37,36,43,37,,63,45,51,41,51,52,56,52
20150504,11,PM2.5,13.4,5.3,18.7,9.5,11.5,9.3,11.1,8.4,3.3,30.6,17.2,14.9,9,9.5,14,3,8.2,14,,11.4,6.2,15.1,76.2,11.6,27.6,3,,,21.5,21.5,14.3,10.7,8.7,10.1,
20150504,11,PM10,25.1,38,33.2,27.7,47.2,38.8,30.4,27.8,14.8,43.6,66.5,58.9,43.3,39.5,42,76.3,25.8,17.9,47.3,20.2,20.2,,,20.4,,15.2,,32.3,60.9,52.1,28.8,27.3,44.7,57.5,38.5
20150504,11,AQI,39,41,34,34,44,40,44,49,34,51,48,40,39,48,39,56,37,38,30,54,41,48,33,34,41,36,52,62,45,51,38,50,50,55,51
20150504,12,PM2.5,5.3,5.7,22.2,26.1,10.5,14.5,12.4,13.5,7.2,20.7,22.6,24,17.8,8.8,9.4,12.5,11.1,5.7,3,11.9,14.1,3,31.3,12,60.4,3,7.1,,22.5,21.7,14.4,14.2,8.3,28.7,
20150504,12,PM10,40.5,53.2,41.3,61.2,51,40.1,64.8,,57.7,68.8,78.3,87.5,38.3,43.2,77.2,22.5,35,17,,25.1,50.6,14.1,,,,5,28.5,68,61.4,44.2,60.1,54,44.9,78.8,36.4
20150504,12,AQI,38,41,34,34,43,39,45,49,35,51,50,43,39,48,40,56,38,36,32,54,41,47,31,33,42,35,51,62,45,51,37,49,49,55,51
20150504,13,PM2.5,11,13.2,11.8,19.9,14.3,13.5,5.7,17.9,36.5,11,22.9,29.1,17.1,27.6,3,13.4,17.8,18.2,13.9,14.4,23.4,3,18.2,3,17.1,8.5,12.1,,18.3,15.2,14.7,26.1,18.8,13,
20150504,13,PM10,48.9,45,48.8,51.4,73.2,46.9,45.3,59.8,49,51.1,54.9,69.7,34.9,45.9,69.7,160.7,28.9,,119.7,37.8,63.2,24.9,22.4,10.7,,15.8,27.5,51.9,45.6,54.1,63.1,48,60.1,54.9,24.5
20150504,13,AQI,38,41,35,35,44,38,45,50,36,51,50,44,39,48,41,56,37,36,38,53,43,46,31,32,42,35,50,62,46,51,39,48,49,55,51
20150504,14,PM2.5,11.9,15.4,20.6,13,14.3,10.1,13.6,18.1,32.3,12.7,17.6,29.4,21.2,13.9,6.8,19.7,17.9,30.8,13.9,16.1,13.5,11.6,16.9,8.5,15.8,11.2,12.5,,17.2,21.9,,27.2,10.8,27.2,30.9
20150504,14,PM10,54.3,61.4,65.2,54.4,65.4,42.9,49,67.1,49,65.9,58.1,75.8,32.4,42.7,40.7,52.5,62.4,51.2,84.5,43.5,47.6,42.7,31,34.1,19.1,23.8,51.4,66.1,52.5,58.8,67.4,59.6,63,79.4,70.3
20150504,14,AQI,39,43,35,37,46,40,45,49,35,52,50,45,38,47,43,56,39,36,42,53,43,46,33,33,42,35,51,61,46,52,40,48,49,56,49
20150504,15,PM2.5,11,10,37.3,17.3,13.7,15.5,34.5,12.1,25.7,36.6,24,25.7,26.7,31.7,17,14.8,13,14.5,18.5,23.7,11.5,18.5,12.9,3,19,11.6,21.2,,24.5,33.1,,33.5,23.9,24.6,21.6
20150504,15,PM10,64.7,64.5,68.8,74.6,127.1,63.1,59.1,78,68.8,72.2,88.8,84.8,57.3,50.4,63.4,96.4,69,57.7,101,114.6,53.4,46,17.8,65,23.4,30.2,65,50.7,83.5,84.7,76.6,76.3,73.7,77.9,60.3
20150504,15,AQI,40,43,36,39,49,40,45,51,38,52,51,47,39,43,43,57,41,37,46,55,45,47,35,35,38,36,51,61,47,53,41,49,49,55,48
20150504,16,PM2.5,19,22,30.9,60.7,22.3,19.7,45.8,18.3,32.7,36,,33.2,35.6,22.6,23.1,18.6,15.4,14.8,25.2,25.9,24,18.1,32.9,36.7,39.7,17,22.5,,23.2,23.6,,22.6,27.5,31.7,40
20150504,16,PM10,80.3,78.6,91.3,84,133.2,76.6,82.9,86.4,85.2,111.4,95,111.6,57.2,63.6,143.4,101.2,66.2,59.3,92.6,76.7,76.3,49.7,,65.6,,42.2,57.1,54,64.2,50.9,100.6,81.4,84.7,103.1,64.6
20150504,16,AQI,41,43,38,40,51,41,47,51,40,51,51,50,39,41,48,58,42,36,49,55,47,47,37,36,38,39,52,59,46,52,43,47,50,54,48
20150504,17,PM2.5,28,28.6,35.3,32.5,38.3,23.7,48.8,38.3,50.4,33.5,34.3,35.7,30.6,34.7,41.6,21.1,19.4,18.3,30.4,28.4,28.4,26.1,13.1,20.4,22.8,16.9,14.2,74.4,33,36.9,53.3,36.4,35.6,42.3,40.9
20150504,17,PM10,95.8,85.2,95.3,88.3,161.3,90.6,81.5,97.8,85,96,71.5,89.4,38.8,58.1,91.3,129.7,90.6,78.9,82.9,95.5,85.7,69.7,17.8,86.5,68.6,48.2,50.2,93.9,58.1,61.8,114.6,89.9,110,104.2,82.3
20150504,17,AQI,43,46,40,43,54,42,50,52,43,51,52,51,38,42,49,61,46,38,51,55,50,49,38,40,41,41,52,59,47,53,46,49,51,85,50
20150504,18,PM2.5,23.4,24.3,28.8,29.6,31,64.9,45.6,32.3,33.1,32.6,29.8,35.9,36.8,30.3,19.7,25.2,29.1,58.4,23.8,25.5,33.6,33.4,34.2,31.6,23.3,24.3,20.7,91.2,61.7,42.1,42.6,49.5,29.1,43.8,39.5
20150504,18,PM10,73,61.4,73,69.1,120.3,,71,75.5,58.5,89.8,94.9,96.9,68.6,56.9,62.9,116.3,99,70.2,68.9,96.7,99.8,93.2,,86.5,87,67.4,77.5,,131.2,117.7,86.9,69.8,85,77.7,
20150504,18,AQI,45,48,42,46,56,43,51,54,45,53,53,52,41,44,51,62,49,40,51,56,52,51,37,43,45,42,53,59,51,55,49,50,52,101,51
20150504,19,PM2.5,33.3,111.4,39.9,32.5,40.9,33.7,41.8,34.3,43.6,61.6,57.1,42.8,61.6,43.4,39.8,36.3,30.8,26.4,34.7,33,40,31.7,40.7,3,56,24.3,28.5,47.2,60.8,63.9,49.5,46.1,39.7,59.3,43.5
20150504,19,PM10,110.3,,119.4,109.7,181.2,100,110.9,90.5,115.4,148.6,140.8,148.8,101.5,94.5,156.6,131.1,79,74.6,92.1,110.4,95.5,86.3,94.7,71.3,86.6,74.6,84.3,93.7,126.4,126.2,122.6,100.5,137.8,141.5,110.9
20150504,19,AQI,49,50,47,51,59,46,52,55,48,55,56,55,44,46,54,63,51,43,53,57,54,53,36,44,48,42,53,60,53,57,52,51,54,105,53
20150504,20,PM2.5,58.3,,57.1,50.7,53.7,54.6,58.2,45.9,69.2,62.5,61.6,65.8,59.8,57.2,59.9,65,41.7,41.8,54.8,39.8,37.5,33,47.7,3,44.6,37.1,33,81.7,56.5,58.7,85.9,64.2,58.7,79,70.4
20150504,20,PM10,148.9,167.2,158.8,154.6,183.1,166.8,142.2,116.4,139,149.4,137.4,172.3,108.4,101.4,180.8,205.1,115.2,104.6,112.9,101.8,103.8,83.5,72.5,,67,66,84.1,122.3,101.7,107.3,167.3,146.5,176.6,195.6,146.7
20150504,20,AQI,52,52,52,55,63,52,54,57,52,57,58,58,48,43,57,67,53,46,55,59,56,54,39,45,49,43,54,61,55,59,55,54,57,89,55
20150504,21,PM2.5,71,34.2,51.2,53.5,56.9,66.3,50.7,60,57.1,193,53.2,56.4,53.7,58.6,60.5,58.8,57.5,62.4,53.7,45.3,53.2,42.9,23.5,24.7,27.5,32.5,45.1,83.4,58.5,54.1,70.2,62,50,82.6,71.9
20150504,21,PM10,148.1,135.2,145.2,134.1,207.9,153,115,119.8,135.4,,121.1,146.7,84.1,86.3,141.3,185.9,151.3,126.5,112.7,112.4,131.8,94.7,62.5,81.8,54.8,57.7,97.7,113.1,95.6,88.9,153.5,127.9,172.1,156.5,129.7
20150504,21,AQI,55,55,54,57,67,54,56,59,54,58,60,61,49,46,60,70,56,51,57,60,57,55,40,47,50,43,55,63,56,60,57,56,60,65,57
20150504,22,PM2.5,57,49.2,49.2,51.1,50.8,51.6,53.6,60,51.5,91.4,60.3,47.7,53.6,57.4,55.9,61,55.5,59.3,48.6,52.8,63.8,67.7,48,40.9,33.4,38.1,52.2,71.6,63.1,51.1,72.4,51.4,50.3,75,65.8
20150504,22,PM10,118.4,100.2,112.4,110.6,130,105.2,95.3,114.5,107.9,107.9,108.5,112,71.6,178.5,111.5,143.5,123.4,116,101.9,125.6,146.1,143.6,87.6,85.1,63.5,80.9,114.8,78.6,93.3,81.1,128.7,108.8,136.8,124,93.1
20150504,22,AQI,56,56,56,59,68,55,57,60,55,60,62,63,50,51,61,72,57,52,59,60,59,57,44,49,51,45,56,66,56,60,59,57,62,80,55
20150504,23,PM2.5,56.6,49.7,46.6,49.9,46.7,48.7,51.7,56.7,48,68.6,57.5,53.6,60.7,51.1,59.6,59.6,51.2,58.6,47.6,57.6,63,69.3,20.8,38.7,36.8,53.1,57.1,65.7,63.3,52.9,60.9,47.8,47.7,76,64.3
20150504,23,PM10,98.7,87.3,106.6,92.3,141.1,88.8,99.9,108.3,99.3,99.5,97.2,101,70.2,86.8,88.9,111,96.1,106,96.6,119.1,122.5,116.4,108.5,83.2,62.8,94.1,102.6,97.2,86.4,83.3,134.4,93.3,136.5,102.4,128
20150504,23,AQI,57,56,57,60,70,56,58,61,57,61,63,64,51,52,62,72,58,54,60,61,61,58,49,51,52,46,57,69,58,61,61,58,64,76,58
