date,hour,type,dongsi,tiantan,guanyuan,wanshouxigong,aotizhongxing,nongzhanguan,wanliu,beibuxingqu,zhiwuyuan,fentaihuayuan,yungang,gucheng,fangshan,daxing,yizhuang,tongzhou,shunyi,changping,mengtougou,pinggu,huairou,miyun,yanqing,dingling,badaling,miyunshuiku,donggaocun,yongledian,yufa,liulihe,qianmeng,yongdingmengxi,xizhimengbei,nansanhuan,dongsihuan
20151009,0,SO2,2,4,3,4,3,,2,5,,3,6,2,5,5,7,8,2,,2,2,2,3,7,7,19,2,3,4,2,5,2,7,4,21,2
20151009,0,NO2,66,68,62,72,68,,65,59,,72,49,55,50,70,81,97,69,,33,58,11,50,35,22,33,10,46,52,66,45,74,93,93,95,84
20151009,0,O3,6,6,6,3,5,,2,2,,2,8,2,2,6,13,2,2,,13,11,17,2,27,38,37,17,29,23,2,2,3,,,54,12
20151009,0,CO,0.4,0.4,0.3,0.5,0.4,,0.5,0.4,,0.6,0.3,0.6,0.6,0.6,1.4,0.4,0.6,,0.1,0.5,0.3,0.3,0.4,0.3,0.5,0.2,0.5,0.3,0.6,0.3,0.4,0.4,0.5,0.8,0.6
20151009,1,SO2,2,3,3,5,2,,2,6,,4,4,2,6,4,8,9,2,,2,2,2,3,6,9,8,2,4,5,2,4,2,7,4,22,2
20151009,1,NO2,69,71,62,70,71,,61,57,,65,47,47,57,67,78,94,65,,26,57,22,44,31,30,27,10,49,61,56,45,71,88,92,90,91
20151009,1,O3,2,2,2,3,2,,2,2,,2,5,2,3,6,13,2,2,,17,13,2,2,30,32,43,17,32,11,2,2,2,,,54,2
20151009,1,CO,0.5,0.5,0.4,0.6,0.5,,0.5,0.4,,0.5,0.3,0.5,0.7,0.6,1.5,0.5,0.6,,0.3,0.6,0.3,0.4,0.4,0.4,0.4,0.2,0.5,0.5,0.7,0.3,0.5,0.5,0.5,0.7,0.9
20151009,2,SO2,2,4,5,3,2,,2,7,,4,2,4,6,4,7,8,2,,2,2,2,92,2,9,4,2,4,3,2,4,4,7,5,6,2
20151009,2,NO2,67,69,58,65,67,,57,57,,59,41,49,56,60,73,89,50,,35,41,29,35,21,12,33,8,33,63,57,45,70,93,86,81,91
20151009,2,O3,2,2,2,2,2,,2,2,,2,7,2,2,7,12,2,2,,6,17,2,2,38,63,39,22,40,2,2,5,2,,,55,2
20151009,2,CO,0.5,0.6,0.3,0.6,0.5,,0.4,0.4,,0.4,0.3,0.5,0.7,0.5,1.5,0.5,0.7,,0.1,0.6,0.3,0.3,0.3,0.3,0.4,0.2,0.5,0.5,0.5,0.2,0.5,0.5,0.5,0.7,0.8
20151009,3,SO2,2,4,4,3,2,,2,6,,4,3,3,5,3,6,8,2,,2,2,2,64,4,9,7,2,4,2,2,4,4,8,5,5,3
20151009,3,NO2,64,74,56,61,63,,55,57,,61,45,57,53,58,67,80,47,,41,41,18,35,13,20,26,8,35,59,55,44,65,82,83,75,89
20151009,3,O3,2,2,2,2,2,,2,2,,2,5,2,2,4,12,2,2,,2,15,2,2,54,52,44,18,37,2,2,4,2,,,53,2
20151009,3,CO,0.4,0.6,0.4,0.5,0.5,,0.4,0.5,,0.4,0.3,0.3,0.6,0.5,0.4,0.4,0.7,,0.1,0.5,0.3,0.3,0.2,0.3,0.2,0.2,0.3,0.5,0.4,0.2,0.4,0.1,0.5,0.4,0.8
20151009,4,SO2,2,4,3,2,2,,2,8,,3,4,3,5,4,5,8,2,,2,2,2,43,3,9,7,2,4,4,2,4,3,8,5,5,7
20151009,4,NO2,60,65,55,58,60,,52,62,,60,51,57,52,54,61,80,37,,38,39,21,39,14,17,22,7,40,62,48,41,63,71,80,74,93
20151009,4,O3,2,2,2,2,2,,,2,,2,3,8,6,10,16,2,2,,5,3,2,2,46,54,48,15,13,2,6,4,2,,,50,2
20151009,4,CO,0.4,0.5,0.4,0.4,0.5,,0.4,0.5,,0.4,0.3,0.3,0.6,0.5,0.4,0.4,0.6,,0.2,0.4,0.3,0.3,0.2,0.3,0.2,0.2,0.3,0.5,0.4,0.3,0.4,0.3,0.5,0.4,0.8
20151009,5,SO2,2,3,3,2,2,,2,7,,2,5,3,6,5,5,8,2,,2,2,2,29,2,10,7,2,4,3,2,4,3,9,5,5,4
20151009,5,NO2,57,63,60,51,56,,52,62,,57,44,56,53,39,60,66,34,,,40,30,33,15,14,17,6,46,53,43,36,59,78,68,66,79
20151009,5,O3,2,2,2,2,2,,2,2,,2,11,2,4,14,15,2,2,,2,2,2,2,44,58,49,17,11,2,7,6,2,,,49,2
20151009,5,CO,0.4,0.5,0.4,0.4,0.5,,0.4,0.5,,0.4,0.3,0.4,0.5,0.4,0.4,0.4,0.5,,0.2,0.4,0.3,0.3,0.2,0.3,0.2,0.2,0.3,0.5,0.4,0.3,0.3,0.4,0.6,0.4,0.8
20151009,6,SO2,2,4,3,3,2,,2,7,,2,4,3,7,4,6,8,2,,2,2,2,20,2,10,9,2,5,3,2,4,5,9,5,7,7
20151009,6,NO2,55,57,61,53,52,,56,64,,58,40,56,52,47,63,64,31,,45,39,30,34,23,12,20,6,48,49,50,40,66,70,72,65,75
20151009,6,O3,2,2,2,2,2,,2,2,,2,13,2,4,8,11,2,2,,2,3,2,2,39,62,48,14,13,2,4,3,2,,,49,2
20151009,6,CO,0.4,0.6,0.4,0.5,0.5,,0.4,0.6,,0.4,0.3,0.5,0.6,0.4,0.4,0.5,0.5,,0.3,0.4,0.3,0.3,0.3,0.3,0.2,0.2,0.3,0.5,0.4,0.4,0.7,0.5,0.6,0.6,1.1
20151009,7,SO2,2,3,3,3,2,,2,8,,4,2,3,8,5,6,9,2,,2,2,2,14,5,11,9,2,3,4,2,4,5,9,7,16,5
20151009,7,NO2,57,52,60,52,49,,54,62,,58,35,58,54,50,60,63,33,,50,32,29,34,14,15,22,7,31,45,52,37,66,77,71,72,63
20151009,7,O3,2,2,2,2,2,,2,2,,2,16,2,2,5,12,2,2,,2,9,2,2,49,60,49,13,25,2,6,4,2,,,48,2
20151009,7,CO,0.7,0.5,0.6,0.6,0.9,,0.5,0.6,,0.5,0.3,0.8,0.9,0.5,0.5,0.7,0.5,,0.4,0.3,0.4,0.4,0.3,0.3,0.2,0.2,0.2,0.5,0.4,0.4,0.8,0.7,0.8,0.9,1.4
20151009,8,SO2,3,4,4,4,2,,2,9,,5,3,5,10,7,9,13,2,,2,2,2,10,2,12,16,2,3,9,2,5,7,11,8,25,6
20151009,8,NO2,59,46,63,50,50,,56,64,,59,34,61,54,47,56,64,40,,44,32,27,33,6,15,28,6,23,50,48,37,67,83,70,78,64
20151009,8,O3,4,2,2,4,2,,2,2,,2,19,5,4,11,21,2,2,,16,12,2,2,62,61,42,12,29,2,11,8,2,,,51,2
20151009,8,CO,0.9,0.8,0.9,0.8,1.2,,0.8,0.7,,0.6,0.3,1.2,1,0.5,0.5,0.8,0.8,,0.3,0.5,0.5,0.5,0.2,0.4,0.4,0.2,0.2,0.7,0.5,0.4,0.9,1.4,1.2,1.4,1.6
20151009,9,SO2,3,7,5,5,5,,5,9,,5,9,3,11,11,11,14,4,,2,4,2,8,2,8,2,2,4,8,2,6,6,12,8,22,5
20151009,9,NO2,58,64,66,57,58,,64,55,,55,42,25,58,49,56,61,49,,12,40,34,33,3,8,6,7,31,40,91,44,67,80,76,78,81
20151009,9,O3,9,3,4,7,2,,3,9,,2,15,46,8,15,27,7,2,,57,15,2,3,69,69,69,17,29,18,14,15,3,,,51,2
20151009,9,CO,0.9,1.2,1,0.9,1.5,,1,0.6,,0.6,0.5,0.4,1.1,0.7,0.6,0.6,0.7,,0.1,0.5,0.5,0.5,0.1,0.3,0.1,0.3,0.3,0.4,0.5,0.4,0.9,1.2,1.2,1.6,1.8
20151009,10,SO2,3,6,5,5,5,,4,10,,4,7,3,10,9,10,11,3,,2,4,3,6,2,7,2,3,5,7,2,7,4,11,8,20,2
20151009,10,NO2,40,64,44,52,29,,34,39,,34,46,14,52,36,61,61,29,,12,33,37,27,3,4,7,8,37,34,111,45,51,76,60,83,65
20151009,10,O3,26,16,26,22,36,,34,28,,26,20,61,18,33,32,17,25,,58,25,2,13,72,79,73,25,26,36,28,25,14,,,52,19
20151009,10,CO,0.6,0.7,0.5,0.7,0.5,,0.4,0.4,,0.3,0.6,0.3,0.8,0.5,0.6,0.6,0.4,,0.1,0.4,0.4,0.4,0.1,0.3,0.1,0.3,0.3,0.3,0.5,0.3,0.5,1.2,0.6,1.8,1
20151009,11,SO2,3,7,5,5,4,,4,8,,4,4,3,8,7,6,7,2,,2,2,2,5,2,7,2,2,4,5,2,7,5,11,6,3,2
20151009,11,NO2,12,23,18,18,6,,13,36,,25,33,13,41,37,55,23,17,,10,23,27,29,2,4,7,6,29,45,48,40,19,37,32,43,13
20151009,11,O3,52,53,50,54,64,,54,32,,39,41,63,36,41,47,55,44,,59,47,24,25,72,80,75,45,50,40,44,43,35,,,54,59
20151009,11,CO,0.3,0.4,0.3,0.4,0.3,,0.3,0.4,,0.3,0.5,0.3,0.6,0.4,0.5,0.3,0.3,,0.1,0.3,0.3,0.4,0.1,0.3,0.1,0.3,0.2,0.4,0.5,0.3,0.3,0.7,0.4,0.4,0.4
20151009,12,SO2,2,4,2,2,4,,2,8,,2,3,2,6,4,5,6,2,,2,2,2,5,2,7,2,2,2,3,2,6,2,5,4,5,2
20151009,12,NO2,8,14,14,11,4,,9,35,,23,11,10,23,14,21,14,12,,8,11,5,15,2,4,6,2,10,15,32,36,17,21,28,23,10
20151009,12,O3,61,66,59,67,73,,62,35,,42,65,68,59,64,89,67,50,,62,64,53,50,74,80,76,59,77,66,61,62,42,,,48,68
20151009,12,CO,0.2,0.3,0.2,0.3,0.3,,0.2,0.3,,0.3,0.3,0.2,0.4,0.2,0.2,0.2,0.3,,0.1,0.2,0.2,0.3,0.1,0.3,0.1,0.3,0.1,0.2,0.5,0.2,0.2,0.4,0.4,0.1,0.3
20151009,13,SO2,2,4,2,2,2,,2,7,2,2,2,2,5,2,3,5,2,,2,2,2,4,2,6,2,2,2,2,2,6,2,8,3,5,2
20151009,13,NO2,7,14,9,9,2,,7,34,3,16,7,8,14,11,14,9,10,,6,9,4,5,2,4,9,2,7,9,23,33,13,16,27,26,7
20151009,13,O3,66,70,69,71,81,,70,38,83,57,69,77,73,74,104,77,53,,71,64,57,68,78,86,77,58,75,77,88,78,47,,,47,76
20151009,13,CO,0.2,0.3,0.2,0.3,0.3,,0.2,0.3,0.2,0.3,0.3,0.2,0.4,0.2,0.2,0.2,0.3,,0.1,0.2,0.2,0.2,0.1,0.3,0.1,0.2,0.1,0.2,0.5,0.2,0.2,0.1,0.4,0.3,0.3
20151009,14,SO2,2,4,2,2,2,,2,7,3,2,2,2,4,2,3,4,2,,2,2,2,4,2,6,2,2,2,2,2,6,2,4,3,5,2
20151009,14,NO2,7,17,11,9,2,,8,35,3,16,9,7,10,12,14,8,10,,5,7,5,5,2,4,10,2,5,8,13,29,15,20,23,27,8
20151009,14,O3,68,70,68,73,85,,69,39,82,57,72,79,74,79,106,80,55,,73,70,58,68,80,88,79,58,85,82,93,85,,,,46,79
20151009,14,CO,0.2,0.3,0.2,0.2,0.2,,0.2,0.3,0.2,0.3,0.3,0.2,0.4,0.2,0.2,0.1,0.3,,0.1,0.2,0.2,0.2,0.1,0.3,0.1,0.2,0.1,0.2,0.4,0.2,0.2,0.1,0.3,0.4,0.3
20151009,15,SO2,2,4,2,2,2,,2,5,2,2,2,2,3,2,3,3,2,,2,2,2,4,2,6,2,2,2,2,2,6,2,4,2,5,2
20151009,15,NO2,7,13,11,10,2,,7,34,3,13,9,9,10,17,14,8,11,,7,8,6,6,2,4,17,2,5,7,9,30,13,24,24,27,8
20151009,15,O3,71,74,68,72,85,,70,41,84,58,71,77,75,73,106,81,54,,70,70,56,67,76,87,70,58,85,85,91,87,72,,,48,80
20151009,15,CO,0.2,0.3,0.2,0.2,0.1,,0.2,0.3,0.2,0.3,0.3,0.2,0.4,0.2,0.2,0.1,0.3,,0.1,0.2,0.2,0.2,0.1,0.3,0.1,0.2,0.1,0.1,0.3,0.2,0.1,0.1,0.3,0.4,0.3
20151009,16,SO2,2,3,2,2,2,,2,6,3,2,2,2,4,2,2,3,2,,2,2,2,4,2,6,2,2,2,2,2,6,2,4,2,4,2
20151009,16,NO2,8,14,12,10,2,,7,33,3,15,9,10,11,16,14,10,12,,7,9,6,7,2,4,10,2,5,10,12,30,14,25,28,27,16
20151009,16,O3,69,71,67,71,82,,70,40,84,56,72,76,73,74,106,77,54,,69,68,55,65,76,83,75,57,82,79,83,65,72,,,43,72
20151009,16,CO,0.2,0.3,0.2,0.2,0.1,,0.2,0.3,0.2,0.3,0.3,0.2,0.4,0.2,0.2,0.1,0.3,,0.1,0.2,0.2,0.2,0.1,0.3,0.1,0.2,0.1,0.1,0.4,0.1,0.1,0.1,0.3,0.4,0.3
20151009,17,SO2,2,2,2,2,2,,2,6,2,2,2,2,5,3,2,3,2,,2,2,2,4,2,6,2,2,2,2,2,5,2,3,2,4,2
20151009,17,NO2,11,17,18,13,4,,9,32,3,17,8,10,12,18,19,14,10,,7,8,6,7,5,4,20,2,5,13,14,32,15,32,31,28,13
20151009,17,O3,63,67,60,67,78,,65,38,82,53,71,74,72,70,99,69,54,,69,65,54,64,68,81,64,56,75,69,78,59,70,,,43,72
20151009,17,CO,0.2,0.3,0.2,0.2,0.1,,0.2,0.2,0.1,0.3,0.3,0.2,0.4,0.2,0.2,0.1,0.3,,0.1,0.2,0.2,0.2,0.2,0.3,0.1,0.2,0.1,0.1,0.4,0.1,0.1,0.1,0.4,0.4,0.3
20151009,18,SO2,2,2,2,2,2,,2,5,2,2,2,2,5,3,2,4,2,,2,2,2,4,2,6,2,2,2,2,2,5,2,3,2,4,3
20151009,18,NO2,11,16,17,14,10,,9,32,3,22,12,12,15,19,23,19,14,,10,10,11,9,14,5,10,2,6,23,15,32,17,26,25,33,15
20151009,18,O3,59,65,58,63,67,,63,36,78,42,62,68,66,65,91,61,47,,61,64,45,58,57,77,67,53,80,54,73,56,64,,,41,66
20151009,18,CO,0.2,0.3,0.2,0.2,0.2,,0.2,0.2,0.1,0.3,0.3,0.2,0.4,0.2,0.2,0.2,0.3,,0.1,0.2,0.2,0.2,0.2,0.3,0.1,0.2,0.1,0.2,0.4,0.1,,0.1,0.3,0.4,0.3
20151009,19,SO2,2,2,2,2,2,,2,6,2,2,2,2,4,2,2,3,2,,2,2,2,4,2,6,2,2,2,2,2,6,2,3,2,5,4
20151009,19,NO2,19,24,25,16,17,,19,37,8,25,11,18,16,23,27,25,15,,13,10,11,13,8,4,12,2,5,19,16,27,20,34,33,36,48
20151009,19,O3,48,53,45,58,54,,48,27,68,35,56,59,60,56,80,50,44,,57,61,42,51,61,74,63,51,77,56,67,56,55,,,28,36
20151009,19,CO,0.3,0.3,0.3,0.3,0.3,,0.3,0.3,0.2,0.3,0.3,0.3,0.4,0.2,0.2,0.2,0.3,,0.1,0.2,0.2,0.2,0.2,0.3,0.2,0.2,0.1,0.2,0.4,0.1,0.2,0.1,0.4,0.4,0.5
20151009,20,SO2,2,2,2,2,2,,2,6,2,2,2,2,3,2,2,3,2,,2,2,2,3,2,6,2,2,2,2,2,6,2,2,2,4,4
20151009,20,NO2,18,20,22,15,11,,18,44,11,23,18,28,25,31,29,15,9,,11,7,7,8,4,4,12,2,6,16,23,23,15,30,34,37,50
20151009,20,O3,45,54,45,54,56,,46,19,61,33,43,43,47,44,72,57,47,,56,61,44,56,63,72,59,49,75,54,54,56,56,,,27,31
20151009,20,CO,0.2,0.3,0.2,0.3,0.2,,0.2,0.3,0.2,0.3,0.3,0.3,0.5,0.3,0.2,0.2,0.3,,0.1,0.2,0.2,0.2,0.2,0.3,0.1,0.2,0.1,0.2,0.4,0.2,0.2,0.1,0.4,0.4,0.5
20151009,21,SO2,2,3,2,2,2,,2,7,2,2,2,2,3,,2,3,2,,2,2,2,4,2,6,2,2,2,2,2,5,2,2,2,5,3
20151009,21,NO2,13,16,18,14,6,,21,41,8,23,23,27,28,,27,17,12,,14,9,6,7,3,4,19,2,6,13,20,21,12,26,25,19,40
20151009,21,O3,48,55,47,53,58,,41,21,64,31,34,42,40,,72,50,43,,51,59,41,54,62,69,49,46,75,58,56,57,57,,,22,37
20151009,21,CO,0.2,0.3,0.2,0.3,0.2,,0.2,0.2,0.2,0.2,0.3,0.3,0.4,,0.2,0.1,0.3,,0.1,0.2,0.2,0.2,0.2,0.3,0.1,0.2,0.1,0.2,0.3,0.1,0.1,0.1,0.3,0.4,0.4
20151009,22,SO2,2,2,2,2,2,,2,5,2,2,2,2,3,,2,3,2,,2,2,2,4,2,6,2,2,2,2,2,5,2,2,2,4,3
20151009,22,NO2,10,14,17,13,2,,18,43,9,20,18,18,28,,20,17,6,,11,6,4,6,3,4,7,2,6,12,21,20,12,26,23,31,26
20151009,22,O3,47,52,44,51,58,,40,18,61,31,42,49,39,,77,47,43,,52,53,39,51,57,66,57,42,64,55,53,54,53,,,25,44
20151009,22,CO,0.2,0.3,0.2,0.2,0.2,,0.2,0.2,0.2,0.2,0.3,0.2,0.4,,0.2,0.1,0.3,,0.1,0.2,0.2,0.2,0.2,0.3,0.1,0.2,0.1,0.2,0.3,0.2,0.1,0.1,0.3,0.4,0.4
20151009,23,SO2,2,2,2,2,2,,2,5,2,2,2,2,3,2,2,3,2,,2,2,2,4,2,6,2,2,2,2,2,4,2,2,2,4,3
20151009,23,NO2,10,15,18,14,5,,25,43,9,28,10,17,24,20,21,12,5,,6,6,3,6,2,3,3,3,7,10,17,22,14,31,18,34,28
20151009,23,O3,45,47,40,46,51,,30,15,57,18,49,49,40,30,71,47,40,,55,50,34,47,53,61,61,40,60,53,47,50,49,,,20,36
20151009,23,CO,0.2,0.3,0.2,0.2,0.2,,0.2,0.3,0.2,0.3,0.2,0.2,0.4,0.4,0.2,0.2,0.3,,0.1,0.2,0.2,0.2,0.2,0.3,0.1,0.2,0.1,0.2,0.3,0.2,0.2,0.1,0.3,0.4,0.4
20151009,0,PM2.5,38,36,31,17,32,,25,25,,29,19,19,18,47,70,32,25,,4,20,3,13,12,3,,3,15,37,49,65,,45,45,50,28
20151009,0,PM10,75,64,54,79,72,,49,141,,82,56,45,,80,105,76,47,,30,39,5,25,32,34,,5,31,44,,81,87,112,62,135,76
20151009,0,AQI,33,35,31,37,35,,33,52,,38,38,42,25,42,60,49,35,,35,29,19,32,29,44,17,16,32,56,33,42,38,47,47,48,42
20151009,1,PM2.5,41,48,40,48,39,,19,26,,29,23,17,35,51,76,43,19,,11,18,22,17,11,10,,4,16,55,63,57,,46,45,65,46
20151009,1,PM10,88,71,55,99,86,,55,127,,79,56,35,41,72,113,97,121,,11,77,35,39,30,26,,5,33,67,64,61,91,109,67,132,123
20151009,1,AQI,35,36,32,35,36,,31,54,,41,38,42,29,43,60,48,33,,33,29,20,33,29,42,14,15,32,55,28,43,39,44,46,49,46
20151009,2,PM2.5,50,48,27,60,36,,20,20,,32,17,21,41,37,77,48,29,,8,27,22,9,8,8,,3,24,50,38,16,,50,36,66,44
20151009,2,PM10,72,67,58,101,82,,43,110,,91,41,56,47,55,102,91,57,,29,48,41,18,27,32,,5,39,71,38,24,104,79,65,101,93
20151009,2,AQI,34,35,33,36,34,,29,54,,43,38,41,29,42,62,46,34,,32,27,20,32,29,41,17,14,32,55,29,42,41,47,43,51,46
20151009,3,PM2.5,37,33,25,52,41,,18,23,,32,24,41,31,35,59,38,32,,7,29,9,9,4,10,,9,25,54,26,14,,33,36,47,43
20151009,3,PM10,58,53,47,96,84,,49,90,,71,32,139,,39,,75,58,,27,48,13,9,38,37,,14,39,68,26,30,67,49,54,65,93
20151009,3,AQI,34,38,34,40,32,,29,55,,45,37,46,27,40,62,47,37,,30,28,20,32,29,41,14,13,33,55,28,42,43,42,42,51,45
20151009,4,PM2.5,25,35,24,37,39,,26,22,,26,20,33,18,24,46,30,49,,6,38,22,13,4,10,,3,27,54,30,19,,21,43,33,40
20151009,4,PM10,57,,38,56,72,,57,94,,51,34,59,,34,,60,70,,37,53,,,26,31,,5,35,74,,34,56,36,53,55,109
20151009,4,AQI,36,35,35,41,34,,31,56,,45,37,48,27,40,63,48,39,,31,30,21,33,30,40,15,12,33,55,26,43,44,42,40,52,47
20151009,5,PM2.5,25,17,18,24,30,,27,26,,15,30,26,8,30,48,27,45,,8,36,10,18,6,6,,3,27,48,20,16,,28,48,35,32
20151009,5,PM10,42,34,39,33,60,,52,103,,36,,45,17,31,59,59,76,,40,57,23,,27,35,,5,38,72,24,31,56,65,70,71,96
20151009,5,AQI,37,36,37,41,36,,32,57,,46,38,49,27,40,64,50,40,,32,32,21,33,29,40,16,12,34,56,27,42,46,43,40,53,44
20151009,6,PM2.5,18,19,15,26,30,,23,33,,11,4,24,10,24,56,26,31,,17,29,14,11,11,9,,4,26,55,23,20,,28,41,33,52
20151009,6,PM10,53,37,35,52,58,,43,96,,54,39,69,23,39,57,60,48,,35,42,26,15,25,36,,18,36,77,23,28,86,55,49,72,129
20151009,6,AQI,38,36,37,43,38,,33,57,,47,39,51,27,41,65,51,41,,32,33,22,33,28,40,16,12,35,56,28,43,49,44,42,54,49
20151009,7,PM2.5,12,26,25,21,33,,15,37,,18,3,34,26,25,52,27,30,,6,24,15,12,7,10,,3,17,59,21,20,,32,41,32,56
20151009,7,PM10,57,45,54,60,84,,47,98,,,37,89,43,46,60,79,63,,55,46,20,24,32,38,,8,28,90,32,38,90,144,69,108,144
20151009,7,AQI,40,38,38,45,41,,35,59,,47,40,52,28,41,66,52,44,,33,35,22,33,28,40,16,12,36,57,29,44,51,50,44,55,53
20151009,8,PM2.5,18,26,26,28,37,,16,43,,21,15,44,25,22,56,34,26,,32,18,7,19,,5,,6,11,58,17,28,,27,39,43,61
20151009,8,PM10,64,72,64,50,97,,65,98,,68,58,120,49,65,60,73,52,,32,41,24,45,39,34,,14,31,106,42,74,98,100,85,125,154
20151009,8,AQI,41,40,39,46,44,,37,60,,49,41,54,30,42,67,53,44,,33,35,22,34,27,39,14,12,35,58,30,46,53,52,47,57,56
20151009,9,PM2.5,24,32,29,27,42,,19,21,,14,19,21,32,50,52,30,24,,18,21,20,29,3,3,,5,18,42,27,29,,25,37,47,53
20151009,9,PM10,73,54,61,68,132,,58,29,,,86,,50,84,111,84,,,,23,54,66,58,35,,5,36,69,59,48,108,102,66,126,153
20151009,9,AQI,44,41,40,49,49,,38,60,,51,43,55,33,43,68,53,44,,34,36,24,36,29,39,22,12,37,57,46,48,54,53,49,59,59
20151009,10,PM2.5,23,35,12,21,23,,18,6,,9,24,12,30,17,56,31,10,,3,17,12,11,3,9,,8,23,26,30,27,,22,29,42,43
20151009,10,PM10,,,,,,,,32,,,75,39,40,43,56,74,,,34,25,83,48,60,49,,12,47,48,69,39,42,37,,123,
20151009,10,AQI,45,41,42,49,51,,40,61,,52,46,56,35,43,69,54,46,,34,37,28,38,31,40,23,12,39,56,56,49,54,54,50,61,60
20151009,11,PM2.5,6,16,14,7,10,,7,5,,3,3,9,14,36,43,16,15,,12,15,37,28,,4,,12,15,32,24,17,,14,20,,8
20151009,11,PM10,43,30,29,18,36,,37,49,,63,31,54,21,,49,88,22,,41,28,,30,33,36,,,34,46,42,,84,16,49,,45
20151009,11,AQI,46,41,41,49,51,,41,61,,53,47,57,36,44,69,55,46,,35,38,29,39,32,39,24,14,38,56,32,50,55,53,51,62,60
20151009,12,PM2.5,8,4,16,8,7,,10,4,,5,4,10,18,19,44,9,,,3,3,3,27,5,,,5,7,13,20,19,,3,21,,4
20151009,12,PM10,51,49,32,42,40,,30,61,,45,23,49,,26,,166,24,,34,23,10,29,36,30,,7,21,66,39,,80,40,55,51,59
20151009,12,AQI,48,43,43,50,52,,40,62,,54,48,57,36,45,69,58,47,,36,37,29,38,33,39,24,19,36,56,34,51,56,54,51,63,61
20151009,13,PM2.5,4,8,10,7,9,,8,7,3,,15,12,5,,37,12,11,,,6,5,,4,5,,,3,11,19,11,,,22,3,5
20151009,13,PM10,51,40,21,21,46,,34,64,35,57,34,53,,52,65,156,11,,36,14,5,82,10,23,,5,17,125,,11,59,,38,62,51
20151009,13,AQI,48,44,41,51,53,,42,63,26,55,47,57,36,45,70,60,46,,38,37,28,42,33,38,25,19,35,58,35,51,57,55,50,64,61
20151009,14,PM2.5,4,4,8,12,3,,4,8,3,12,8,3,8,6,35,9,3,,5,3,,3,,,,,5,7,7,14,,3,24,3,4
20151009,14,PM10,53,44,43,38,39,,38,45,31,64,20,42,16,76,48,77,7,,25,13,17,34,13,18,,5,18,104,23,,,12,54,41,40
20151009,14,AQI,50,44,42,52,52,,41,64,26,57,46,58,35,48,69,62,46,,38,37,28,43,33,37,25,19,32,59,35,52,58,54,51,64,61
20151009,15,PM2.5,3,3,16,12,6,,5,5,5,7,7,14,8,13,,6,19,,7,11,,8,,,7,4,3,16,4,10,6,6,14,6,12
20151009,15,PM10,51,53,35,41,27,,30,46,30,36,32,26,32,39,82,59,,,30,15,5,30,14,19,22,8,14,140,28,36,107,41,39,52,32
20151009,15,AQI,51,46,41,51,53,,42,64,39,57,45,58,36,49,63,62,47,,39,37,28,44,32,37,42,19,32,60,36,53,59,54,51,65,60
20151009,16,PM2.5,3,15,7,15,4,,4,7,8,3,3,7,13,9,,5,3,,4,3,3,3,6,4,6,3,3,16,7,7,7,6,24,12,6
20151009,16,PM10,35,44,26,42,19,,29,37,21,52,42,30,47,62,66,50,16,,30,14,14,26,10,14,19,5,12,49,33,53,66,56,32,51,28
20151009,16,AQI,52,48,42,52,53,,43,64,36,58,46,58,37,51,63,63,48,,40,37,27,45,32,35,41,18,31,60,37,54,60,55,51,65,61
20151009,17,PM2.5,7,3,5,12,5,,3,6,3,6,3,13,10,6,,3,3,,4,3,3,3,3,3,4,5,4,7,11,8,10,7,9,3,9
20151009,17,PM10,25,39,21,31,20,,24,30,22,33,39,36,26,53,55,36,10,,33,11,16,24,12,25,27,18,13,35,32,100,56,47,27,48,17
20151009,17,AQI,51,48,41,52,53,,43,64,33,58,47,58,36,52,63,63,48,,40,37,26,45,31,35,40,18,30,60,38,55,60,56,51,66,61
20151009,18,PM2.5,3,5,10,11,3,,6,6,4,9,4,13,6,10,,3,7,,3,5,4,3,8,4,6,3,4,13,14,9,9,9,12,5,4
20151009,18,PM10,33,53,16,35,22,,21,32,21,33,38,32,29,61,68,37,27,,30,22,39,45,22,30,35,15,17,50,28,,72,50,28,51,12
20151009,18,AQI,51,49,41,53,53,,43,64,32,59,47,58,37,53,62,63,48,,41,36,27,47,31,35,40,17,30,60,37,55,61,57,51,66,60
20151009,19,PM2.5,3,17,15,10,7,,6,6,7,7,3,10,5,3,,8,3,,8,3,9,3,4,5,8,5,4,9,10,10,8,9,13,8,4
20151009,19,PM10,48,42,38,46,31,,36,44,23,51,40,55,17,32,61,34,13,,32,16,10,14,24,25,24,6,19,45,29,55,49,34,42,42,44
20151009,19,AQI,52,48,41,51,53,,43,64,31,59,46,58,37,53,63,63,47,,38,36,25,42,31,33,39,16,29,59,38,53,62,57,52,65,61
20151009,20,PM2.5,10,3,13,11,10,,6,8,6,7,5,14,11,7,,4,8,,4,6,17,4,6,3,9,3,4,10,9,8,13,7,12,9,11
20151009,20,PM10,21,25,19,23,18,,18,36,16,27,39,31,24,36,36,28,11,,32,12,,17,16,24,22,17,14,35,28,54,34,32,27,36,25
20151009,20,AQI,51,47,41,51,53,,42,64,29,56,44,57,36,52,62,62,45,,35,35,25,37,31,33,39,16,29,59,37,51,61,56,51,64,61
20151009,21,PM2.5,3,8,7,15,7,,3,8,5,3,5,14,11,,,3,8,,5,7,3,6,5,6,13,4,6,10,3,6,10,9,9,10,9
20151009,21,PM10,17,22,14,22,16,,15,29,17,22,26,18,16,,,24,11,,17,12,5,11,14,12,27,5,14,33,19,71,25,32,18,37,21
20151009,21,AQI,51,47,39,50,52,,41,63,28,55,43,56,34,,62,62,43,,32,34,24,34,30,32,39,15,28,59,36,51,61,56,51,64,61
20151009,22,PM2.5,9,3,5,12,10,,6,7,4,3,10,3,6,3,,8,4,,5,4,3,6,11,3,7,3,5,7,5,5,4,9,6,6,4
20151009,22,PM10,15,15,,12,13,,13,26,11,22,15,5,11,,,13,5,,14,9,6,11,22,22,19,12,13,24,16,35,20,26,10,30,24
20151009,22,AQI,49,46,39,49,52,,39,60,26,53,41,53,31,51,61,60,40,,31,32,23,32,28,31,39,14,27,58,36,51,60,55,49,62,61
20151009,23,PM2.5,5,6,8,9,9,,3,9,3,3,7,8,3,3,,3,3,,3,4,3,3,7,4,10,3,7,10,6,8,6,6,8,8,4
20151009,23,PM10,7,11,,10,,,8,24,8,5,13,26,8,5,,15,5,,5,7,10,10,,8,21,6,10,19,23,8,17,23,12,25,15
20151009,23,AQI,48,44,39,47,52,,38,58,25,50,40,51,30,50,60,59,37,,31,30,23,30,27,28,38,13,26,58,35,46,59,54,47,61,60
