date,hour,type,dongsi,tiantan,guanyuan,wanshouxigong,aotizhongxing,nongzhanguan,wanliu,beibuxingqu,zhiwuyuan,fentaihuayuan,yungang,gucheng,fangshan,daxing,yizhuang,tongzhou,shunyi,changping,mengtougou,pinggu,huairou,miyun,yanqing,dingling,badaling,miyunshuiku,donggaocun,yongledian,yufa,liulihe,qianmeng,yongdingmengxi,xizhimengbei,nansanhuan,dongsihuan
20150921,0,PM2.5,59,54,77,70,67,55,79,147,81,84,93,117,108,57,69,69,86,97,93,62,129,51,87,88,111,64,42,75,44,113,70,65,70,58,59
20150921,0,PM10,101,89,115,103,117,82,121,215,100,127,167,210,113,88,117,135,144,,145,65,,65,109,107,,66,56,87,55,119,120,149,133,115,135
20150921,0,AQI,125,124,114,132,109,133,103,129,95,118,108,109,108,128,126,113,87,109,92,78,109,79,80,110,106,71,83,110,89,114,128,124,107,136,123
20150921,1,PM2.5,67,61,81,77,79,59,84,139,87,90,102,131,102,62,74,73,83,92,94,60,114,53,85,90,109,55,41,77,48,110,62,68,73,65,60
20150921,1,PM10,113,81,123,92,132,78,136,191,105,166,158,203,115,94,104,124,124,,115,63,,57,101,115,,64,51,100,57,115,110,120,140,113,135
20150921,1,AQI,123,122,113,131,108,131,103,134,98,118,110,114,108,127,124,112,89,113,95,80,115,81,84,113,112,73,82,108,87,118,126,122,106,135,121
20150921,2,PM2.5,71,62,84,75,78,66,94,125,98,97,106,132,101,63,71,66,75,92,98,58,97,72,83,90,112,60,48,80,52,122,71,75,79,69,69
20150921,2,PM10,112,86,120,93,127,89,131,166,111,165,152,196,104,99,96,112,108,,113,69,,146,92,,,81,49,83,,127,109,118,134,124,151
20150921,2,AQI,121,120,111,129,106,128,102,138,101,117,112,119,108,125,121,109,90,116,99,82,119,84,87,116,118,74,81,107,85,121,123,120,104,133,119
20150921,3,PM2.5,76,66,81,73,78,70,96,116,97,95,117,132,102,65,73,72,74,91,99,57,95,76,81,82,104,66,46,74,49,122,75,72,71,74,74
20150921,3,PM10,108,78,110,89,113,83,139,129,103,131,153,202,,93,95,115,100,,117,60,,93,86,,,,52,,,128,104,113,144,112,140
20150921,3,AQI,119,117,109,127,104,126,102,142,104,116,114,122,111,122,119,105,93,120,104,84,123,87,91,119,123,77,81,106,82,124,121,118,102,131,117
20150921,4,PM2.5,70,63,92,71,99,69,122,108,109,83,110,128,109,66,76,73,76,92,101,56,93,76,77,89,106,49,49,77,50,114,72,73,86,71,69
20150921,4,PM10,97,76,126,85,168,77,148,165,,126,153,180,125,84,90,118,108,,112,56,,81,81,100,,,60,,52,,110,114,179,118,138
20150921,4,AQI,116,115,107,124,105,124,106,145,107,113,116,127,115,119,116,104,95,124,108,85,127,90,95,123,128,79,80,105,81,127,117,115,101,128,114
20150921,5,PM2.5,71,59,98,74,110,71,132,111,109,82,117,124,111,67,80,82,76,99,104,60,87,69,68,88,107,52,48,76,58,114,79,79,121,71,78
20150921,5,PM10,102,71,139,79,169,77,,210,,132,157,145,134,83,95,116,93,,123,,,,84,104,,61,61,,62,,126,112,195,112,162
20150921,5,AQI,113,112,108,121,107,121,111,149,110,111,118,131,119,116,114,103,98,127,112,87,131,93,98,126,132,81,79,104,80,129,114,112,105,125,111
20150921,6,PM2.5,79,67,122,81,103,74,115,109,96,84,116,125,104,69,80,86,75,95,112,60,84,70,66,84,111,64,56,74,57,105,82,76,,82,88
20150921,6,PM10,122,69,154,91,146,87,123,195,,134,138,150,106,86,94,119,90,,117,,,,82,94,,,59,,65,,116,109,,132,187
20150921,6,AQI,113,109,112,117,110,118,116,153,113,109,120,136,122,113,112,102,101,131,116,89,134,96,100,129,136,84,78,103,79,132,112,109,,122,110
20150921,7,PM2.5,112,61,106,81,99,81,103,110,89,89,117,118,115,77,87,86,75,91,108,61,82,65,71,82,110,64,51,75,59,116,78,80,,95,100
20150921,7,PM10,184,79,152,101,143,103,131,162,102,135,139,152,121,115,91,144,102,96,113,74,,89,101,82,112,,59,82,73,159,143,147,,161,196
20150921,7,AQI,115,107,115,117,112,116,119,157,115,110,121,140,126,110,110,102,104,134,120,90,137,99,103,131,140,87,77,102,78,135,112,108,,119,111
20150921,8,PM2.5,110,77,101,84,101,95,107,101,85,96,121,124,116,90,90,91,84,105,112,54,83,69,80,94,115,46,54,89,68,115,115,90,,99,
20150921,8,PM10,168,101,146,108,145,131,127,139,102,166,150,162,123,126,110,131,104,106,126,73,,111,124,95,119,52,63,104,131,180,204,153,,199,
20150921,8,AQI,117,107,118,118,115,116,122,161,117,113,123,144,128,107,107,101,107,137,125,91,140,102,106,134,143,89,76,100,78,138,115,109,,120,
20150921,9,PM2.5,115,99,108,104,105,109,108,97,87,99,113,125,111,98,88,91,94,112,112,57,87,66,80,106,120,50,58,96,88,124,108,100,,108,116
20150921,9,PM10,179,119,156,149,161,149,161,103,118,168,172,160,124,150,102,150,134,117,129,98,93,85,117,112,121,,62,121,105,,169,171,,208,192
20150921,9,AQI,118,108,120,119,118,115,125,161,119,115,124,147,131,104,105,99,110,140,129,91,143,104,108,137,144,91,76,98,79,141,116,110,,121,110
20150921,10,PM2.5,124,106,114,118,122,125,123,104,100,100,115,119,112,87,94,97,111,115,113,67,96,60,84,115,116,49,53,83,94,137,121,107,,114,110
20150921,10,PM10,174,126,158,155,181,157,168,121,111,148,198,147,131,136,143,158,144,126,156,83,,109,119,,127,,86,98,,138,176,170,,201,163
20150921,10,AQI,119,108,123,119,121,115,128,162,121,117,125,149,132,100,102,98,112,143,131,92,146,105,110,139,145,93,75,95,77,142,118,109,,118,109
20150921,11,PM2.5,122,105,122,115,131,128,129,113,106,99,109,123,119,82,96,90,125,116,126,71,92,73,91,109,122,57,54,93,86,130,118,109,,108,122
20150921,11,PM10,145,129,156,132,181,152,163,136,125,105,188,144,,128,118,150,164,117,184,91,106,103,127,120,140,68,64,97,,,128,157,,185,190
20150921,11,AQI,119,104,125,116,124,113,130,164,120,116,126,149,131,96,99,95,114,145,132,91,149,106,111,141,146,96,73,93,74,140,115,105,,114,107
20150921,12,PM2.5,112,100,121,101,143,116,134,120,109,92,105,126,107,80,90,87,118,111,119,62,101,66,84,122,117,69,53,99,82,114,108,103,,102,102
20150921,12,PM10,129,113,121,115,195,,150,152,118,120,165,153,,104,103,105,133,,154,76,117,79,118,131,,,55,,109,,133,130,,141,131
20150921,12,AQI,116,101,124,112,126,110,132,166,120,113,127,148,127,94,98,93,113,144,133,89,150,106,112,142,147,98,72,93,74,138,112,103,,112,105
20150921,13,PM2.5,108,88,109,97,132,101,121,122,101,94,90,121,92,83,89,76,119,131,108,72,109,82,80,119,122,69,61,92,88,100,109,92,,94,90
20150921,13,PM10,122,99,118,120,,112,,147,110,117,142,135,,111,121,112,120,,147,107,118,91,118,122,133,87,72,113,123,100,118,119,,131,115
20150921,13,AQI,115,100,122,110,125,109,131,167,119,110,124,146,125,93,97,101,111,145,132,96,150,106,113,141,150,98,71,97,101,137,111,101,,110,104
20150921,14,PM2.5,91,85,95,90,97,99,95,123,94,76,83,97,94,77,86,84,110,137,86,75,121,98,86,131,123,78,66,86,90,95,90,84,,85,88
20150921,14,PM10,113,99,107,118,112,104,,152,105,97,121,113,105,111,111,126,,145,124,100,139,,124,137,127,92,77,,129,106,123,119,,123,118
20150921,14,AQI,114,98,121,109,124,108,129,167,116,108,123,144,124,106,98,109,111,145,130,111,149,105,115,141,151,97,92,117,113,136,110,102,,109,103
20150921,15,PM2.5,87,87,93,86,91,94,88,115,75,76,86,97,89,74,92,92,99,139,80,80,116,82,94,131,135,79,72,88,84,91,83,83,,85,85
20150921,15,PM10,117,101,104,107,127,99,99,152,100,103,150,155,99,111,116,133,,,137,124,129,88,128,159,150,109,86,131,112,103,132,125,,126,119
20150921,15,AQI,113,99,120,108,123,114,127,166,116,110,123,144,124,110,109,118,112,145,129,115,147,108,116,141,152,95,96,124,121,136,110,105,,108,104
20150921,16,PM2.5,95,84,86,90,92,89,84,98,85,73,84,102,93,78,79,77,109,86,88,79,109,86,109,116,131,71,73,84,84,92,87,89,,87,86
20150921,16,PM10,122,109,108,116,147,102,106,120,116,111,138,144,105,117,109,113,122,,159,117,113,98,145,119,151,81,85,117,130,135,134,134,,143,119
20150921,16,AQI,113,98,119,108,122,117,126,164,116,109,123,144,124,113,112,118,113,144,129,111,146,115,117,139,153,96,97,130,120,137,110,105,,107,104
20150921,17,PM2.5,89,82,85,91,96,85,94,97,82,83,90,103,98,81,79,71,94,87,89,75,106,97,94,91,109,74,63,92,81,89,86,87,,90,79
20150921,17,PM10,123,108,109,124,152,100,108,148,121,119,147,146,116,129,101,117,113,100,165,108,138,112,125,124,164,99,67,145,155,116,122,124,,145,106
20150921,17,AQI,112,98,118,108,122,112,127,162,116,113,124,144,125,111,111,118,114,141,130,106,144,114,117,136,153,102,84,130,102,137,110,105,,107,104
20150921,18,PM2.5,83,82,88,91,94,81,90,93,87,82,89,109,93,81,80,76,93,88,98,69,98,87,84,89,102,78,58,94,88,101,88,83,,92,76
20150921,18,PM10,126,112,131,136,158,104,118,157,129,126,160,163,122,138,138,136,124,111,182,143,125,120,130,144,127,109,74,184,122,188,150,154,,174,126
20150921,18,AQI,112,99,119,109,123,108,127,158,116,110,125,145,126,104,105,110,116,139,130,89,142,103,116,134,152,93,74,108,87,139,111,105,,108,104
20150921,19,PM2.5,93,83,96,97,96,88,92,97,85,83,92,113,106,89,84,82,92,98,102,70,93,92,85,85,97,77,60,106,94,102,100,98,,100,85
20150921,19,PM10,144,125,147,152,159,119,128,165,139,156,158,186,134,157,133,202,147,142,198,111,123,125,128,121,125,106,64,168,100,151,170,182,,207,145
20150921,19,AQI,114,100,120,111,124,109,128,155,117,109,127,147,129,96,104,102,118,137,132,90,140,101,115,132,152,87,75,111,90,140,112,107,,110,106
20150921,20,PM2.5,101,85,109,113,107,100,102,100,92,93,102,134,126,111,98,88,89,106,108,78,95,90,92,90,100,76,55,119,96,116,123,125,,115,108
20150921,20,PM10,163,131,165,162,169,133,162,191,126,225,176,229,152,181,142,210,131,137,231,125,138,114,144,116,134,102,67,203,103,169,207,229,,213,210
20150921,20,AQI,116,101,123,114,126,112,131,152,118,112,130,150,133,99,107,104,119,136,133,90,137,102,114,131,149,87,75,114,93,142,116,111,,113,109
20150921,21,PM2.5,104,94,123,126,120,101,113,112,,109,127,145,143,121,101,101,97,110,117,77,104,77,91,98,112,67,62,115,96,121,126,134,,116,112
20150921,21,PM10,168,141,173,166,182,139,178,179,,222,209,232,185,198,167,229,143,151,247,105,148,143,159,157,148,109,66,165,110,168,199,228,,217,185
20150921,21,AQI,119,104,127,117,130,114,134,150,,115,134,155,137,104,110,107,121,136,135,90,135,103,113,130,148,87,75,116,96,144,120,115,,116,113
20150921,22,PM2.5,114,103,115,114,115,108,124,119,102,121,139,156,163,128,96,97,94,109,116,68,93,78,102,96,115,79,47,105,108,123,124,117,,113,112
20150921,22,PM10,180,154,169,157,177,151,175,250,136,138,217,243,192,209,158,179,118,137,217,69,104,177,154,193,156,114,62,132,125,138,191,196,,212,201
20150921,22,AQI,122,106,130,120,133,117,137,149,123,118,138,159,142,108,111,109,122,136,136,90,133,100,113,130,148,88,75,118,100,146,123,119,,119,116
20150921,23,PM2.5,116,114,125,124,120,111,127,122,114,123,143,161,160,122,103,101,93,90,111,61,82,45,102,104,114,78,76,100,114,129,125,124,,121,117
20150921,23,PM10,169,147,184,187,181,140,204,208,144,229,222,252,187,182,151,180,120,121,169,76,114,,145,286,124,,82,118,118,164,196,198,,218,218
20150921,23,AQI,125,109,133,124,136,120,140,147,125,121,140,163,146,111,114,111,123,136,137,90,130,100,114,131,148,89,77,119,104,147,127,122,,122,120
20150921,0,SO2,9,9,15,5,12,9,13,5,2,15,7,9,16,7,10,11,2,3,2,2,2,2,2,3,3,2,14,2,2,3,8,13,16,8,13
20150921,0,NO2,73,112,59,59,74,89,61,60,29,32,81,87,69,54,67,90,99,41,52,15,10,38,30,30,73,9,33,56,47,32,108,139,83,112,145
20150921,0,O3,50,7,61,48,74,46,54,2,73,56,30,24,57,58,38,26,2,62,30,100,65,72,98,69,35,81,66,24,22,50,20,2,48,16,2
20150921,0,CO,0.8,1,0.9,0.8,0.9,0.8,1,1.3,0.9,0.9,1.4,1.4,1.1,0.7,0.8,0.1,0.9,1,1.2,1,1.1,0.8,1,0.8,1.4,0.7,0.8,0.8,0.9,0.8,0.9,1.1,0.8,0.8,0.9
20150921,1,SO2,12,8,15,5,19,11,8,4,2,12,5,7,16,7,7,10,2,2,2,2,2,2,2,2,3,2,15,2,2,3,8,11,16,8,14
20150921,1,NO2,94,98,64,65,96,75,89,57,32,49,63,74,66,62,69,103,86,36,38,15,12,41,24,28,78,7,34,68,42,33,106,117,85,112,138
20150921,1,O3,26,9,53,36,54,49,13,2,62,4,30,16,48,44,28,8,2,59,36,89,47,67,79,56,22,71,58,15,8,40,10,2,39,8,2
20150921,1,CO,0.9,0.9,1,0.9,1,0.8,1.1,1.3,0.9,1,1.4,1.1,1.1,0.8,0.8,0.1,1,1,1.2,1,1.1,0.8,1,0.8,1.3,0.7,0.8,1,1,0.8,0.9,0.9,0.7,0.8,1
20150921,2,SO2,21,9,18,6,17,14,3,6,2,9,3,4,17,15,8,12,2,3,2,2,2,2,2,2,2,2,16,2,2,3,13,16,11,10,16
20150921,2,NO2,82,89,69,84,111,86,87,52,36,55,51,71,58,89,67,84,79,32,21,15,9,70,17,20,63,8,31,64,43,40,98,104,102,106,129
20150921,2,O3,28,8,40,17,32,27,6,2,55,2,34,4,44,15,26,17,2,56,38,78,35,3,65,62,32,56,56,5,2,35,10,2,18,5,2
20150921,2,CO,0.9,0.8,0.9,0.9,1,0.8,1,1.3,0.9,1,1.4,1,1,0.8,0.7,0.2,1.1,0.9,0.9,1,0.8,1,0.9,0.8,1.3,0.7,1,1,1,0.8,0.9,0.8,0.8,0.8,0.9
20150921,3,SO2,24,10,11,5,14,16,2,6,2,8,4,2,15,20,10,13,2,2,2,2,2,2,2,2,2,2,21,2,2,3,15,19,10,11,18
20150921,3,NO2,76,77,75,80,110,81,84,48,41,52,50,85,62,75,68,86,75,32,22,16,8,69,24,16,47,8,37,56,37,51,87,95,113,93,124
20150921,3,O3,24,9,27,11,20,24,2,2,36,2,33,2,30,25,22,8,3,54,2,67,31,2,59,59,38,38,58,2,2,28,10,2,2,7,2
20150921,3,CO,0.9,0.8,0.9,0.9,1,0.8,1.1,1.3,0.9,0.9,1.5,1,1,0.8,0.8,0.3,1.1,1,0.1,0.9,0.8,0.9,0.9,0.8,0.9,0.7,1.5,1,0.9,0.8,0.8,0.8,1.2,0.7,0.9
20150921,4,SO2,25,9,7,6,7,20,2,8,2,12,8,2,11,23,8,13,2,3,2,2,2,2,2,2,2,2,25,2,2,4,19,16,7,12,20
20150921,4,NO2,69,74,97,78,121,70,82,43,40,44,71,79,77,59,56,80,77,58,21,14,9,63,18,27,62,7,37,57,28,45,83,98,115,95,115
20150921,4,O3,25,6,2,9,3,36,,2,33,2,21,8,10,52,29,11,2,26,34,67,30,2,51,44,20,55,60,2,2,16,2,5,,4,2
20150921,4,CO,0.9,0.8,1.1,0.9,1.4,0.8,1.3,1.3,0.9,0.9,1.4,1,1.1,0.8,1,0.3,1.2,1,0.6,0.8,0.8,0.9,0.9,0.8,0.9,0.7,1.3,1.1,0.9,0.8,0.9,0.9,1.3,0.7,0.8
20150921,5,SO2,20,8,7,7,3,19,2,11,2,6,5,2,8,18,9,12,2,3,2,2,2,2,2,2,2,2,12,2,2,3,15,12,5,11,14
20150921,5,NO2,79,70,76,71,116,63,82,41,41,43,68,62,84,47,55,78,74,85,,17,12,59,18,27,37,6,34,53,35,39,87,95,104,96,106
20150921,5,O3,13,4,2,9,2,35,2,2,25,2,18,4,2,48,27,8,2,2,28,57,20,2,49,31,35,43,51,2,2,13,2,3,2,2,2
20150921,5,CO,0.9,0.8,1.1,0.9,1.6,0.8,1.2,1.2,0.9,0.9,1.5,1.2,1.3,0.8,1.1,0.3,1.2,1.1,0.8,0.9,0.9,0.9,0.9,0.8,0.9,0.7,1,1.1,1,0.8,1,1.2,1.4,0.9,0.9
20150921,6,SO2,15,7,4,7,3,9,2,11,2,6,3,2,8,11,7,13,2,2,2,2,2,2,2,2,2,2,18,2,2,4,15,11,,11,15
20150921,6,NO2,86,68,90,64,111,85,83,41,41,43,61,76,77,55,50,81,72,54,22,20,11,53,26,26,40,7,34,46,38,34,88,99,,98,100
20150921,6,O3,2,3,2,12,2,7,2,2,15,2,11,3,2,33,23,5,2,18,41,50,15,2,38,21,21,23,52,2,2,7,2,2,,2,2
20150921,6,CO,1,0.8,1.3,0.9,1.5,1,1.2,1.1,0.9,1,1.4,1.3,1.3,0.9,1,0.3,1.2,1,1,1,0.9,0.9,0.9,0.8,0.9,0.7,0.8,1.1,1.1,0.8,1.1,1.3,,1,1.2
20150921,7,SO2,5,7,4,5,4,6,2,10,2,6,3,2,11,7,7,13,2,2,2,2,2,,2,2,2,2,19,2,2,5,15,11,,15,16
20150921,7,NO2,92,52,93,72,104,85,78,41,71,42,51,81,84,77,67,92,72,54,27,24,11,49,41,21,26,6,33,58,35,45,90,100,,95,97
20150921,7,O3,2,2,2,2,2,3,2,2,16,2,14,2,2,7,10,2,2,13,31,42,11,2,13,25,42,25,53,2,2,2,2,2,,3,2
20150921,7,CO,1.5,0.9,1.3,1.1,1.6,1.2,1.2,1.1,0.9,1.2,1.5,1.4,1.3,1.3,1,0.4,1.2,1,1,1,0.9,0.8,1,0.8,0.9,0.7,1,1,1.1,0.9,1.3,1.7,,1.4,1.7
20150921,8,SO2,5,10,7,8,5,8,4,8,6,8,4,3,15,13,12,19,3,5,2,2,2,,2,2,2,2,19,5,2,4,9,13,,22,
20150921,8,NO2,96,62,92,78,98,85,71,46,64,50,54,82,81,82,69,90,68,67,31,24,14,45,47,26,43,5,29,59,39,42,98,105,,106,
20150921,8,O3,3,3,2,6,7,5,2,2,28,2,13,4,6,8,13,6,2,3,29,53,9,2,10,20,24,27,49,8,2,3,2,4,,4,
20150921,8,CO,1.5,1.1,1.4,1.3,1.8,1.5,1.3,1.2,0.9,1.4,1.5,1.4,1.2,1.3,1.1,0.4,1.2,1.3,1.1,1.1,1,0.8,1.1,0.9,1,0.7,0.9,1,1.2,0.9,1.5,1.8,,1.8,
20150921,9,SO2,7,20,10,11,7,12,8,5,8,9,6,4,23,20,23,25,7,8,2,6,4,274,11,3,3,2,24,13,12,5,16,24,,27,16
20150921,9,NO2,105,95,93,96,105,103,72,44,53,57,81,78,81,82,55,85,65,80,40,29,17,40,42,40,44,6,29,53,50,70,102,118,,117,115
20150921,9,O3,8,6,7,13,11,7,7,2,39,2,10,15,15,18,44,20,9,6,34,65,23,21,30,21,36,37,62,31,25,10,2,7,,4,3
20150921,9,CO,1.6,1.3,1.3,1.4,1.8,1.6,1.3,1.2,1,1.4,1.6,1.3,1.1,1.2,1,0.3,1.2,1.3,1,1.2,1.1,0.8,1.1,0.9,0.9,0.8,0.8,1,1.4,0.9,1.4,1.6,,1.9,1.6
20150921,10,SO2,11,23,13,16,11,15,9,7,10,12,8,8,26,24,26,30,13,9,2,18,19,20,11,8,,8,33,17,23,12,17,29,,30,20
20150921,10,NO2,114,100,102,107,122,120,81,25,53,,34,65,82,71,58,88,70,86,52,30,29,47,,48,50,7,27,50,44,69,113,120,,135,134
20150921,10,O3,18,15,19,23,20,13,14,13,54,2,18,38,27,43,60,44,31,14,42,91,53,51,59,44,48,60,91,62,60,40,16,20,,8,8
20150921,10,CO,1.5,1.2,1.4,1.5,1.8,1.6,1.4,1.2,1,1.4,1.7,1.2,1.1,1.1,1.1,0.3,1.2,1.2,1.1,1.1,1.1,1.6,0.9,1,1,0.9,0.8,0.9,1.5,0.9,1.4,1.4,,1.8,1.4
20150921,11,SO2,20,28,15,24,12,20,10,9,11,20,12,10,27,28,32,35,13,11,2,33,26,20,14,11,,18,33,19,31,14,24,34,,36,24
20150921,11,NO2,106,102,107,93,139,121,88,25,52,49,21,64,71,52,55,76,68,65,72,28,28,35,,41,33,9,24,46,44,50,110,126,,146,147
20150921,11,O3,44,24,40,54,29,31,31,27,75,45,45,61,64,94,96,84,51,54,49,125,81,92,118,82,98,88,123,104,104,79,35,37,,14,19
20150921,11,CO,1.4,1.3,1.5,1.4,2,1.5,1.3,1.1,1,1.3,1.6,1.3,1.1,1,1,0.8,1.2,1.1,1.2,0.8,1,1.1,1,1,1,0.9,0.6,0.9,1.3,0.9,1.3,1.5,,1.7,1.5
20150921,12,SO2,33,39,25,37,12,33,14,10,13,32,19,14,33,36,36,42,13,19,2,35,26,25,15,9,,20,29,23,36,16,34,43,,43,33
20150921,12,NO2,76,76,98,64,153,75,91,26,49,32,10,67,60,34,40,55,61,50,65,20,28,31,32,43,30,11,20,26,32,42,92,95,,140,110
20150921,12,O3,100,57,84,114,40,110,51,44,109,112,90,91,114,146,148,145,85,99,84,166,105,125,130,98,123,111,147,181,163,117,79,96,,45,81
20150921,12,CO,1.3,1.1,1.4,1.2,2.2,1.3,1.4,1.1,1,1.1,1.5,1.2,1.1,1.1,1,0.9,1.1,1.1,1.2,0.8,1.1,1.1,1,1,1,1,0.6,0.9,1.3,0.9,1.3,1.2,,1.4,1.2
20150921,13,SO2,60,60,58,53,45,58,26,13,18,52,31,25,38,46,49,47,17,18,6,31,26,29,14,18,16,25,29,21,33,19,53,62,,55,59
20150921,13,NO2,45,40,52,41,107,52,76,27,52,,7,56,50,25,35,37,52,62,57,22,33,33,34,35,44,13,22,32,27,33,60,69,,111,75
20150921,13,O3,166,105,174,175,126,167,106,65,144,172,146,139,160,192,177,201,132,121,130,196,130,153,141,167,115,139,176,197,201,150,158,155,,105,151
20150921,13,CO,1.1,1,1.1,1.1,1.7,1.1,1.3,1.1,1,1.1,1.4,1.1,1.1,1.1,1,0.9,1.1,1.2,1.1,0.8,1.1,1.1,1.1,1,1.1,1,0.7,1,1.3,0.9,1,1.1,,1.2,0.9
20150921,14,SO2,36,43,37,37,46,41,32,13,25,36,30,28,36,38,51,67,25,18,13,33,29,34,13,19,9,35,29,22,29,20,36,46,,44,46
20150921,14,NO2,30,29,33,29,39,30,33,28,43,27,5,28,46,20,33,33,40,89,34,18,40,30,31,55,42,17,21,26,24,29,45,69,,125,88
20150921,14,O3,192,121,208,194,218,212,176,84,165,208,183,194,188,212,196,217,188,115,175,221,161,189,169,170,168,164,193,233,226,184,183,172,,105,164
20150921,14,CO,1,0.9,1,1.1,1.2,1.1,1,1.1,1,1,1.3,1.1,1.1,1.1,1,0.8,1,1.4,1.1,0.8,1.2,1.1,1.1,1.1,1.1,1,0.7,1.2,1.3,0.9,1,1.1,,1.2,1
20150921,15,SO2,35,42,30,32,35,43,25,12,25,30,27,26,35,31,38,59,36,22,16,33,35,39,14,23,10,35,26,25,23,19,34,44,,37,45
20150921,15,NO2,29,28,27,27,39,27,28,28,20,28,6,25,40,21,28,35,29,93,26,21,27,28,32,79,53,15,22,27,24,25,49,80,,102,96
20150921,15,O3,201,130,224,203,227,226,193,93,199,220,199,216,212,220,217,234,209,133,196,229,228,216,210,161,188,183,197,248,241,194,190,173,,137,170
20150921,15,CO,1,0.9,1,1.1,1.2,1,1,1.1,0.9,1,1.4,1.1,1.1,1,1,0.9,0.9,1.4,1.1,0.9,1.2,1,1.1,1.3,1.2,1.1,0.7,1.1,1.4,0.8,1,1.1,,1.1,1.1
20150921,16,SO2,31,37,26,27,34,34,24,12,24,28,27,27,31,26,26,40,37,24,14,33,43,36,14,27,13,33,29,19,18,18,28,37,,30,37
20150921,16,NO2,30,28,29,28,44,24,32,21,24,29,6,23,34,24,24,27,31,35,29,21,21,33,52,45,75,10,25,25,23,25,49,73,,111,72
20150921,16,O3,205,134,220,206,227,233,192,120,217,217,213,232,214,224,222,235,216,198,213,222,251,228,195,211,158,196,198,260,238,187,192,172,,127,197
20150921,16,CO,1,0.9,1,1.1,1.2,1,1,1,1,1,1.4,1.1,1.1,1,1,0.9,1,1,1,1,1,1,1.2,1.1,1.3,0.9,1,1.1,1.3,0.8,1,1.1,,1.2,1
20150921,17,SO2,24,32,23,24,27,26,23,16,24,24,24,25,28,25,23,35,31,23,10,31,38,35,18,24,26,33,26,17,12,15,24,32,,27,28
20150921,17,NO2,32,31,27,31,44,25,35,19,27,30,6,24,39,28,27,26,33,36,27,25,28,35,44,25,80,11,27,29,32,26,59,79,,114,77
20150921,17,O3,193,130,217,202,225,223,189,128,208,225,215,222,222,222,221,234,212,203,207,210,238,227,205,230,162,203,187,259,202,181,178,167,,113,181
20150921,17,CO,1,0.9,1,1.1,1.2,1.1,1,1,1,1,1.3,1.1,1.1,1.1,1.1,0.9,1.1,1.1,1,1.2,1.1,1.1,1.2,1,1.1,1,0.8,1.2,1.3,0.7,1,1.1,,1.2,1
20150921,18,SO2,22,29,22,21,24,22,20,12,19,22,17,21,24,23,20,39,24,21,6,21,29,24,15,19,19,29,16,14,6,11,21,30,,22,24
20150921,18,NO2,35,34,31,37,53,36,43,44,34,33,9,35,47,35,39,46,45,44,42,35,38,44,,30,80,12,29,47,26,32,74,113,,164,88
20150921,18,O3,187,125,214,185,208,204,182,116,200,220,191,213,201,206,208,219,188,189,188,174,206,206,186,198,163,194,161,203,168,156,152,135,,63,168
20150921,18,CO,1.1,1,1.1,1.2,1.3,1.2,1.1,1,1,1.1,1.4,1.2,1.2,1.2,1.2,1,1.2,1.1,1.1,1,1.3,1.3,1,1,1.1,1.1,0.6,1.3,1.4,0.8,1.1,1.3,,1.5,1.1
20150921,19,SO2,24,24,19,17,24,23,19,11,11,19,11,16,19,20,17,32,14,17,3,15,18,16,17,10,13,25,11,8,2,5,21,30,,18,25
20150921,19,NO2,47,53,42,53,66,50,68,52,46,43,35,54,65,66,56,85,67,64,70,46,45,65,34,30,109,13,33,57,40,32,103,160,,174,159
20150921,19,O3,173,101,187,154,189,187,149,111,158,176,148,169,160,159,173,166,142,152,144,149,163,161,192,142,113,178,140,148,117,89,117,91,,53,97
20150921,19,CO,1.3,1.2,1.2,1.5,1.5,1.4,1.2,1.1,1.1,1.2,1.4,1.2,1.2,1.4,1.4,1.1,1.2,1.2,1.2,1.1,1.4,1.5,1.1,1,1.1,1.1,0.6,1.3,1.5,0.8,1.4,1.6,,1.6,1.8
20150921,20,SO2,24,16,19,13,25,24,14,7,5,12,11,12,20,17,21,28,7,11,2,11,12,6,13,6,11,23,18,7,2,4,20,30,,15,27
20150921,20,NO2,63,63,60,53,90,62,129,65,42,48,48,75,93,97,80,96,63,76,105,41,49,83,30,29,59,12,32,64,56,33,129,209,,150,207
20150921,20,O3,142,67,151,135,160,153,63,78,127,124,135,112,118,104,125,120,106,108,82,129,129,117,189,110,167,168,143,111,61,63,72,30,,46,28
20150921,20,CO,1.5,1.4,1.5,1.6,1.8,1.5,1.5,1.1,1.1,1.3,1.5,1.4,1.4,1.8,1.4,1.2,1,1.3,1.2,1,1.4,1.4,1.1,1,1.1,1.2,0.8,1.3,1.6,0.8,1.9,2.1,,1.7,2.3
20150921,21,SO2,24,15,18,10,22,21,13,6,,8,15,9,19,16,19,26,5,12,2,10,7,4,10,6,11,16,14,4,2,3,20,21,,18,20
20150921,21,NO2,75,82,81,95,152,72,138,59,,83,63,112,137,135,93,113,75,74,150,29,38,102,41,51,72,11,33,55,52,35,144,203,,181,182
20150921,21,O3,107,39,102,68,81,113,41,67,,27,107,44,50,60,87,63,70,98,17,127,107,64,142,74,140,155,106,92,9,48,39,11,,20,22
20150921,21,CO,1.6,1.5,1.7,1.9,2.3,1.6,1.6,1.1,,1.6,1.6,1.8,1.6,1.9,1.5,1.2,1.1,1.4,1.3,0.9,1.4,1.4,1.2,1,1.1,1.1,0.7,1.3,1.4,0.8,2,2.5,,2,2
20150921,22,SO2,29,24,19,18,25,25,13,5,4,19,13,10,17,20,24,22,6,14,2,9,11,2,6,5,8,4,13,2,2,3,25,32,,22,23
20150921,22,NO2,80,82,90,92,125,86,161,75,31,83,75,117,114,114,80,111,66,70,118,28,32,122,43,51,62,11,29,53,77,33,107,140,,145,164
20150921,22,O3,84,44,78,72,83,85,14,20,111,48,73,38,51,61,92,44,55,96,19,113,101,17,122,60,121,107,106,74,2,35,55,46,,31,24
20150921,22,CO,1.8,1.9,1.7,1.8,2.1,1.6,1.9,1.2,1,1.9,1.6,1.7,1.8,1.8,1.3,1.2,1,1.2,1.2,0.8,1.2,1.4,1.2,1,1.1,1.1,0.6,1.5,1.5,0.8,2,2.2,,1.8,1.9
20150921,23,SO2,37,30,21,21,32,28,7,6,3,14,11,11,13,21,22,22,6,13,2,10,14,16,6,7,2,5,13,2,2,4,34,37,,23,23
20150921,23,NO2,66,65,85,69,99,83,143,75,42,83,93,102,140,70,63,108,69,63,68,24,37,31,55,58,46,10,31,45,57,42,89,112,,114,164
20150921,23,O3,80,47,74,75,86,76,4,6,86,30,45,56,6,66,99,35,40,82,56,113,76,120,73,63,78,103,115,46,2,18,55,49,,35,5
20150921,23,CO,2.3,2.3,1.6,1.9,2.5,1.8,1.7,1.2,1.1,1.8,1.7,1.5,1.7,2.4,1.9,1.5,1.1,1.2,1.1,0.7,1.1,0.9,1.2,1.1,1,1,0.5,1.6,1.6,0.8,2.5,2.7,,2,1.8
