date,hour,type,dongsi,tiantan,guanyuan,wanshouxigong,aotizhongxing,nongzhanguan,wanliu,beibuxingqu,zhiwuyuan,fentaihuayuan,yungang,gucheng,fangshan,daxing,yizhuang,tongzhou,shunyi,changping,mengtougou,pinggu,huairou,miyun,yanqing,dingling,badaling,miyunshuiku,donggaocun,yongledian,yufa,liulihe,qianmeng,yongdingmengxi,xizhimengbei,nansanhuan,dongsihuan
20151022,0,SO2,2,3,4,3,4,9,2,14,2,2,2,2,4,2,3,3,2,2,2,2,2,2,2,2,2,2,2,2,2,5,5,5,6,10,13
20151022,0,NO2,54,46,63,45,63,52,29,45,16,45,29,50,45,42,41,56,39,30,25,40,34,32,31,18,47,25,42,33,21,35,60,75,63,62,32
20151022,0,O3,2,2,2,2,3,3,2,2,5,4,2,2,2,3,11,2,2,2,2,2,2,2,2,4,2,2,2,2,2,5,2,3,2,2,2
20151022,0,CO,1.5,1.4,1.3,1.2,1.9,1.6,1.2,1.2,0.4,1.1,0.9,1.2,0.8,1,0.9,0.8,1.2,0.8,0.7,1,1.2,1,0.7,0.6,0.2,0.8,0.7,0.9,1.1,0.5,1.5,1.3,1.4,1.2,1.6
20151022,1,SO2,2,3,4,2,5,9,2,14,2,2,2,2,4,2,3,3,,2,2,2,2,2,2,2,2,2,2,2,2,4,4,4,7,9,13
20151022,1,NO2,52,43,64,40,59,52,26,40,16,43,26,54,42,39,43,58,,30,21,43,33,31,26,13,39,24,43,35,20,32,50,70,60,54,35
20151022,1,O3,2,2,2,2,3,3,2,2,5,4,3,2,2,3,10,2,,2,2,2,2,2,2,6,2,2,2,2,2,5,2,7,2,2,2
20151022,1,CO,1.5,1.3,1.3,1.2,2.1,1.5,1.2,1.2,0.4,1.1,0.7,1.2,1,0.9,1.1,1,,0.6,0.7,0.8,1.2,1,0.6,0.6,0.2,0.9,0.8,0.9,1,0.5,1.3,1.2,1.6,1.1,1.5
20151022,2,SO2,2,2,4,2,2,9,2,12,2,2,2,2,8,2,3,4,12,2,2,6,2,2,2,2,2,2,2,2,2,6,3,4,6,8,16
20151022,2,NO2,47,38,64,36,54,49,23,37,17,39,25,37,42,33,39,57,20,17,15,27,32,30,22,14,36,21,35,33,21,28,46,63,54,50,37
20151022,2,O3,2,2,2,2,2,2,2,2,3,3,2,2,2,3,9,2,2,2,13,2,2,2,2,2,2,2,5,2,2,5,2,5,2,2,2
20151022,2,CO,1.6,1.2,1.3,1.2,1.8,1.5,1.1,1.1,0.4,1.1,0.7,1,1.1,1,1.1,1,0.8,0.4,0.4,0.7,1.1,0.9,0.6,0.6,0.2,0.7,0.5,0.9,1,0.5,1.2,1.1,1.3,1.1,1.5
20151022,3,SO2,2,2,4,2,2,8,2,12,2,2,2,2,5,2,3,4,2,2,2,2,2,2,2,2,2,2,2,2,2,6,3,5,7,9,15
20151022,3,NO2,50,36,65,33,50,48,21,39,16,37,27,35,41,31,36,54,21,18,12,24,27,29,27,18,28,22,27,39,30,31,43,55,54,50,28
20151022,3,O3,2,2,2,2,2,2,2,2,9,3,2,2,2,3,10,2,2,2,23,120,2,2,2,2,13,2,247,2,2,5,2,4,2,2,2
20151022,3,CO,1.2,1.1,1.2,1.2,1.6,1.4,1,0.9,0.4,1.1,0.8,0.7,1,1,1,1.1,0.8,0.5,0.3,0.6,0.9,0.9,0.5,0.6,0.2,0.6,0.4,0.8,0.9,0.5,1.1,1.1,1.5,1,1.4
20151022,4,SO2,2,2,2,2,2,5,2,11,2,2,2,2,5,2,2,3,2,2,2,2,2,2,2,2,2,2,2,2,2,7,2,4,4,4,9
20151022,4,NO2,58,51,69,45,61,55,24,40,24,49,31,37,40,38,50,58,26,29,11,30,14,28,39,15,45,21,34,40,31,32,57,59,63,50,41
20151022,4,O3,3,17,2,8,,2,2,,8,4,8,8,5,2,11,2,2,2,35,2,2,2,2,18,2,2,2,2,2,,2,15,2,5,2
20151022,4,CO,0.6,0.6,0.7,0.7,1.2,1,0.8,0.8,0.4,0.8,0.5,0.6,0.7,1,0.8,0.8,0.6,0.5,0.3,0.6,0.5,0.9,0.4,0.6,0.2,0.6,0.6,0.8,0.9,0.5,0.6,0.5,1.1,0.6,1
20151022,5,SO2,2,2,2,2,2,2,2,9,2,2,2,2,4,2,2,2,2,2,2,2,2,2,2,2,2,2,2,2,2,6,2,3,2,2,5
20151022,5,NO2,31,43,51,35,51,35,28,38,18,45,23,31,34,53,52,54,34,26,10,35,14,26,11,6,34,,36,44,39,31,38,49,61,42,63
20151022,5,O3,28,17,14,20,15,17,2,2,14,14,12,22,16,6,11,2,2,2,30,2,2,2,35,29,30,2,2,8,2,19,14,19,2,9,2
20151022,5,CO,0.6,0.6,0.6,0.6,0.7,0.6,0.6,0.6,0.4,0.6,0.3,0.5,0.5,0.9,0.7,0.6,0.7,0.4,0.3,0.6,0.5,1,0.3,0.6,0.2,0.4,0.6,0.7,0.9,0.4,0.5,0.5,0.7,0.5,0.6
20151022,6,SO2,2,2,2,2,2,2,2,9,2,2,2,2,4,2,2,2,2,2,2,2,2,2,2,2,2,2,2,2,2,5,2,4,2,5,4
20151022,6,NO2,35,49,47,30,55,30,25,41,14,39,20,40,49,42,44,57,45,22,12,39,5,27,13,4,31,6,34,36,25,36,36,57,66,53,58
20151022,6,O3,24,10,14,24,11,18,2,2,34,19,18,13,12,17,19,2,2,13,29,2,12,2,37,53,32,14,9,16,17,19,15,12,2,4,2
20151022,6,CO,0.6,0.6,0.6,0.6,0.8,0.6,0.5,0.6,0.3,0.6,0.4,0.6,0.6,0.7,0.6,0.5,0.6,0.4,0.3,0.6,0.4,0.7,0.3,0.5,0.1,0.3,0.5,0.6,0.9,0.3,0.6,0.6,0.7,0.6,0.5
20151022,7,SO2,2,2,2,2,2,2,2,10,2,2,2,2,4,2,2,2,2,2,2,2,2,2,2,2,2,2,2,2,2,5,2,4,3,12,5
20151022,7,NO2,56,61,59,49,65,48,22,36,10,56,21,35,56,53,53,43,46,26,15,40,10,16,28,4,20,5,34,38,20,46,50,73,65,72,68
20151022,7,O3,4,3,2,6,2,8,2,3,48,6,16,23,2,5,10,18,2,16,35,2,17,15,23,60,40,17,6,13,22,13,2,5,2,2,2
20151022,7,CO,0.7,0.7,0.7,0.7,0.8,0.6,0.4,0.5,0.3,0.7,0.4,0.5,0.7,0.8,0.6,0.4,0.6,0.4,0.3,0.5,0.3,0.3,0.3,0.5,0.1,0.3,0.4,0.5,0.8,0.4,0.6,0.7,0.9,0.9,0.7
20151022,8,SO2,2,2,2,2,2,2,2,10,2,2,2,2,3,2,2,2,2,2,2,2,2,2,2,2,2,2,2,2,2,6,2,4,2,9,5
20151022,8,NO2,59,61,51,54,55,41,24,39,10,55,20,32,50,59,53,43,52,43,17,37,15,31,33,5,50,4,21,27,29,53,53,76,61,68,73
20151022,8,O3,6,8,8,5,11,16,2,4,47,6,25,29,9,4,16,21,2,11,37,10,16,6,24,54,14,28,23,29,6,7,3,6,2,2,2
20151022,8,CO,0.7,0.6,0.6,0.7,0.7,0.5,0.5,0.4,0.3,0.7,0.4,0.6,0.7,1,0.5,0.4,0.6,0.4,0.3,0.4,0.3,0.5,0.3,0.5,0.2,0.3,0.2,0.4,0.8,0.4,0.5,0.8,0.7,0.9,0.7
20151022,9,SO2,2,2,2,2,2,2,2,9,2,2,2,2,3,2,2,2,2,2,2,2,2,2,2,2,2,2,2,2,2,5,2,3,2,9,2
20151022,9,NO2,39,59,52,40,49,47,15,42,7,47,18,32,38,60,55,56,46,57,17,31,19,19,25,8,58,4,16,37,46,35,43,71,60,70,55
20151022,9,O3,20,11,14,17,22,14,19,4,56,18,34,33,24,6,16,8,4,2,44,20,12,22,34,46,5,25,36,13,2,25,11,9,2,2,10
20151022,9,CO,0.5,0.7,1.7,0.6,0.6,0.5,0.3,0.4,0.3,0.6,0.3,0.5,0.5,0.8,0.6,0.4,0.5,0.5,0.3,0.3,0.4,0.4,0.4,0.5,0.2,0.3,0.1,0.4,0.9,0.3,0.5,0.6,0.5,0.9,0.5
20151022,10,SO2,2,2,2,2,2,2,2,10,2,2,2,2,3,2,2,2,2,2,2,2,2,2,2,2,2,2,2,2,2,6,2,4,2,8,2
20151022,10,NO2,42,60,48,38,50,51,14,45,4,42,18,33,31,56,46,56,40,47,22,31,17,16,26,9,44,9,22,45,33,34,40,71,58,72,51
20151022,10,O3,18,9,20,21,25,10,24,4,64,27,37,34,35,7,22,2,12,7,34,18,14,22,30,46,17,16,23,14,16,28,16,10,3,2,10
20151022,10,CO,0.5,0.6,1.8,0.6,0.6,0.6,0.4,0.4,0.2,0.5,0.4,0.5,0.5,0.8,0.6,0.5,0.5,0.5,0.3,0.4,0.3,0.4,0.3,0.5,0.2,0.5,0.2,0.5,0.6,0.2,0.5,0.5,0.5,0.9,0.4
20151022,11,SO2,2,2,2,2,2,2,2,8,2,2,2,2,3,2,2,2,2,2,2,2,2,2,2,2,2,2,2,2,2,6,2,4,2,8,2
20151022,11,NO2,41,59,60,42,53,50,13,,4,47,21,33,35,49,45,51,40,38,19,35,11,16,26,21,20,12,31,51,36,32,45,67,65,72,52
20151022,11,O3,24,13,16,19,28,16,30,4,64,27,29,33,30,11,25,6,9,17,33,15,21,18,24,37,39,10,20,8,10,31,15,13,2,3,12
20151022,11,CO,0.5,0.6,0.6,0.6,0.7,0.6,0.3,0.4,0.2,0.6,0.4,0.5,0.5,0.8,0.6,0.4,0.5,0.5,0.3,0.4,0.3,0.5,0.4,0.5,0.2,0.5,0.3,0.5,0.7,0.2,0.5,0.5,0.6,0.9,0.3
20151022,12,SO2,2,2,2,2,2,2,2,9,2,2,2,2,3,2,2,2,2,2,2,2,2,2,2,2,2,2,2,2,2,6,2,3,2,7,2
20151022,12,NO2,38,61,45,38,48,34,14,,4,46,14,31,25,49,37,52,39,34,21,32,16,15,26,28,22,9,25,52,45,30,48,70,62,73,50
20151022,12,O3,31,13,27,26,36,34,28,3,62,30,41,35,43,15,40,8,9,24,32,23,19,27,22,30,37,19,37,6,2,33,14,16,8,5,16
20151022,12,CO,0.5,0.6,0.5,0.6,0.7,0.5,0.3,0.4,0.2,0.5,0.3,0.5,0.4,0.8,0.5,0.4,0.5,0.5,0.3,0.4,0.4,0.4,0.4,0.5,0.2,0.4,0.3,0.6,0.8,0.2,0.5,0.5,0.5,0.8,0.4
20151022,13,SO2,2,2,2,2,2,2,2,9,2,2,2,2,4,2,2,2,2,2,2,2,2,2,2,2,2,2,2,2,2,6,2,4,2,8,2
20151022,13,NO2,39,59,56,37,50,34,16,53,4,41,12,29,24,50,40,51,36,29,16,29,11,12,25,31,23,8,22,45,44,28,47,73,54,73,53
20151022,13,O3,31,15,23,25,35,34,27,6,61,38,42,38,45,16,36,8,11,32,37,28,26,31,26,30,36,24,46,11,2,34,17,14,15,4,14
20151022,13,CO,0.5,0.6,1.3,0.6,0.9,0.5,0.3,0.4,0.2,0.5,0.3,0.5,0.4,0.8,0.5,0.4,0.5,0.4,0.3,0.4,0.4,0.4,0.5,0.6,0.3,0.4,0.3,0.5,0.8,0.2,0.5,0.6,0.5,0.9,0.4
20151022,14,SO2,2,2,2,2,2,2,2,9,2,2,2,2,4,2,2,3,2,2,2,2,2,2,2,2,2,2,2,2,2,6,2,5,3,6,2
20151022,14,NO2,39,59,51,33,41,37,13,46,5,35,18,24,28,53,43,56,33,31,11,29,9,13,20,29,20,6,25,50,42,30,42,70,59,70,53
20151022,14,O3,32,17,25,33,42,29,35,13,57,43,30,43,40,15,31,4,14,29,47,28,29,37,30,31,41,32,43,7,2,31,21,19,11,9,17
20151022,14,CO,0.6,0.6,0.5,0.6,0.6,0.5,0.3,0.3,0.3,0.5,0.4,0.5,0.4,0.8,0.6,0.4,0.5,0.4,0.2,0.4,0.4,0.5,0.4,0.6,0.2,0.4,0.3,0.5,0.8,0.2,0.5,0.6,0.6,0.8,0.4
20151022,15,SO2,2,2,3,2,2,3,2,10,2,2,2,2,4,2,3,3,2,2,2,2,2,2,2,2,2,2,2,2,2,6,2,5,2,8,2
20151022,15,NO2,39,55,41,34,48,37,14,48,5,43,17,23,40,56,44,54,35,25,8,30,14,14,19,31,34,5,25,45,39,33,37,66,46,71,44
20151022,15,O3,32,21,28,33,36,29,34,16,63,36,34,45,26,15,29,4,12,33,55,28,25,41,33,26,33,37,44,12,2,28,27,20,20,7,28
20151022,15,CO,0.5,0.7,0.5,0.6,0.6,0.5,0.3,0.3,0.3,0.5,0.4,0.4,0.5,0.8,0.6,0.4,0.5,0.4,0.2,0.4,0.4,0.5,0.4,0.6,0.3,0.4,0.3,0.5,0.7,0.2,0.4,0.5,0.4,0.9,0.4
20151022,16,SO2,2,2,2,2,2,2,2,10,2,2,2,2,4,2,3,3,2,2,2,2,2,2,2,2,2,2,2,2,2,6,2,5,2,7,2
20151022,16,NO2,37,59,44,38,58,35,11,49,11,44,17,29,43,52,47,54,37,30,10,31,21,14,16,30,27,5,25,46,43,38,38,64,54,71,47
20151022,16,O3,31,15,27,26,22,31,39,20,47,35,31,40,23,14,24,6,14,31,52,30,21,38,38,31,38,37,47,13,2,22,27,23,14,7,22
20151022,16,CO,0.5,0.6,0.5,0.6,0.6,0.4,0.6,0.3,0.3,0.5,0.4,0.5,0.5,0.8,0.6,0.4,0.4,0.4,0.2,0.4,0.4,0.5,0.4,0.6,0.3,0.4,0.3,0.5,0.8,0.2,0.4,0.5,0.5,0.8,0.4
20151022,17,SO2,2,2,2,2,2,2,2,9,2,2,2,2,4,2,3,3,2,2,2,2,2,2,2,2,2,2,2,2,2,6,2,6,3,9,2
20151022,17,NO2,43,52,57,37,68,34,15,49,21,58,19,34,59,57,52,59,53,43,17,42,14,21,13,25,27,6,31,50,42,43,47,76,62,77,48
20151022,17,O3,25,7,15,24,15,30,25,15,32,19,27,33,14,10,18,2,2,20,39,17,23,28,43,39,35,37,35,6,2,13,18,13,7,4,16
20151022,17,CO,0.6,0.6,0.5,0.5,0.6,0.4,0.7,0.3,0.3,0.5,0.4,0.5,0.5,0.8,0.6,0.4,0.5,0.5,0.3,0.4,0.4,0.5,0.3,0.6,0.3,0.4,0.3,0.5,0.8,0.2,0.5,0.6,0.6,1.1,0.4
20151022,18,SO2,2,2,2,2,2,2,2,8,2,2,2,2,4,2,3,3,2,2,2,2,2,2,2,2,2,2,2,2,2,6,2,5,4,9,2
20151022,18,NO2,50,49,46,47,78,37,20,54,18,69,23,47,72,65,56,66,60,53,30,44,20,42,16,26,35,7,28,54,37,40,50,77,71,73,49
20151022,18,O3,16,3,14,8,7,24,13,3,16,8,31,18,3,4,13,2,2,8,18,7,13,3,41,22,24,28,21,2,2,9,16,2,2,3,12
20151022,18,CO,0.6,0.6,0.7,0.6,0.7,0.5,0.4,0.4,0.3,0.7,0.4,0.6,0.7,0.9,0.6,0.5,0.5,0.6,0.4,0.4,0.4,0.7,0.4,0.6,0.3,0.5,0.2,0.5,0.8,0.3,0.5,0.8,0.7,1,0.4
20151022,19,SO2,2,2,2,2,2,2,2,11,2,2,2,2,5,2,2,3,2,2,2,2,2,2,2,2,2,2,2,2,2,6,2,5,5,8,2
20151022,19,NO2,63,40,52,58,76,52,31,60,17,73,35,62,74,63,51,70,64,60,36,46,32,49,33,23,36,8,28,41,31,37,65,80,78,75,51
20151022,19,O3,6,2,8,2,6,10,2,2,15,5,11,2,2,3,12,2,2,2,5,5,2,2,21,10,25,21,16,2,2,9,2,2,2,2,8
20151022,19,CO,0.7,0.6,0.7,0.8,0.7,0.6,0.6,0.6,0.4,0.9,0.5,0.8,0.8,1,0.7,0.5,0.6,0.7,0.5,0.4,0.5,0.9,0.5,0.7,0.3,0.5,0.2,0.6,0.8,0.3,0.8,0.8,1,1,0.4
20151022,20,SO2,2,2,2,2,2,2,2,12,2,2,2,2,5,2,2,4,2,2,2,2,2,2,2,2,2,2,2,2,2,6,2,5,6,8,3
20151022,20,NO2,61,39,58,61,82,59,32,62,23,73,41,57,69,59,53,71,65,62,31,50,54,48,35,22,18,13,35,34,24,37,68,80,80,72,62
20151022,20,O3,8,2,4,2,3,2,2,2,11,5,2,2,2,5,12,2,2,2,2,2,2,2,15,6,40,15,7,2,2,6,2,5,2,2,2
20151022,20,CO,0.8,0.7,0.9,0.9,1,0.7,0.7,0.7,0.4,0.9,0.7,0.7,0.9,1.2,0.8,0.6,0.7,0.8,0.4,0.5,0.5,0.8,0.6,0.7,0.3,0.5,0.3,0.6,0.9,0.3,1,0.9,1.1,1.1,0.8
20151022,21,SO2,2,2,2,2,2,3,2,13,2,2,2,2,4,2,3,4,2,2,2,2,2,2,2,2,2,2,2,2,2,7,3,6,7,8,6
20151022,21,NO2,69,39,65,62,83,71,34,58,23,67,41,54,62,60,57,73,61,56,28,48,54,45,33,23,17,14,35,39,27,46,72,84,82,78,66
20151022,21,O3,2,2,2,2,3,2,2,2,2,6,2,2,2,5,12,2,2,2,2,2,2,2,14,2,41,9,6,2,2,4,2,4,2,2,2
20151022,21,CO,1.1,0.8,1.1,1.1,1.2,1,0.8,0.7,0.4,0.9,0.7,0.7,0.7,1.3,0.9,0.8,0.7,0.8,0.5,0.5,0.6,0.8,0.5,0.8,0.3,0.5,0.3,0.7,0.8,0.4,1.1,0.9,1.3,1.1,1.3
20151022,22,SO2,2,2,3,2,2,5,2,10,2,2,2,2,4,2,3,5,2,2,2,2,2,2,2,2,2,2,2,2,2,6,3,6,6,7,4
20151022,22,NO2,68,44,58,60,87,76,30,57,19,64,40,53,57,51,59,77,63,50,27,51,41,34,30,20,17,14,40,43,28,44,71,84,78,72,72
20151022,22,O3,2,2,2,2,3,3,2,2,4,5,2,2,2,4,11,2,2,2,2,2,2,2,15,4,38,8,2,2,2,5,2,4,2,2,2
20151022,22,CO,1,0.9,0.8,0.9,1.2,1.1,0.7,0.7,0.3,0.9,0.6,0.7,0.7,1.3,1.1,0.9,0.8,0.8,0.5,0.6,0.7,1.3,0.5,0.7,0.2,0.5,0.3,0.7,0.8,0.4,0.8,0.7,1,0.9,1
20151022,23,SO2,3,2,3,2,2,3,2,12,2,2,2,2,4,2,3,8,2,2,2,2,2,2,2,2,3,2,2,2,2,6,2,5,4,7,4
20151022,23,NO2,66,42,55,55,80,73,28,52,17,58,33,56,57,46,59,84,54,44,24,48,32,30,26,14,18,11,42,42,31,37,68,78,71,66,76
20151022,23,O3,2,2,2,2,2,2,2,2,5,5,3,2,2,3,11,2,2,2,2,2,2,2,20,8,36,3,2,2,2,8,2,4,2,2,2
20151022,23,CO,0.8,0.7,0.8,0.9,1,0.8,0.6,0.7,0.3,0.9,0.6,0.8,0.7,1,1.1,1.1,0.9,0.9,0.5,0.6,0.8,0.9,0.5,0.6,0.4,0.5,0.4,0.7,0.7,0.3,0.8,0.8,0.8,0.9,0.9
20151022,0,PM2.5,80,79,67,76,66,76,68,66,15,71,56,82,63,70,61,55,84,34,33,73,91,62,34,13,11,46,62,59,49,57,75,79,80,80,84
20151022,0,PM10,101,,81,,,85,87,,,,,127,,,,,,,45,,,,,,,,,,,,99,98,98,101,132
20151022,0,AQI,72,72,70,75,66,73,67,73,41,76,72,75,77,75,75,69,76,68,58,75,66,63,54,64,37,51,73,77,68,73,77,77,73,83,80
20151022,1,PM2.5,78,80,69,66,75,85,73,56,16,68,60,79,59,60,77,59,,34,32,66,86,57,37,13,12,47,66,63,46,52,76,71,77,81,85
20151022,1,PM10,101,,84,,82,93,104,,,,,104,,,77,,,,,,,,,,,,,,,,90,84,94,,123
20151022,1,AQI,73,73,70,75,67,74,67,73,37,76,73,75,77,75,76,69,,67,57,75,68,64,53,61,35,52,73,77,67,73,77,78,73,84,80
20151022,2,PM2.5,78,69,69,66,77,82,72,50,16,66,57,60,71,61,72,53,78,19,18,65,77,52,34,11,12,41,52,57,41,51,70,67,80,74,83
20151022,2,PM10,96,,76,,90,93,95,,17,,,70,,,72,,,,,,,,,,,,,,,,74,73,102,79,122
20151022,2,AQI,74,74,70,76,68,76,68,72,35,76,73,75,77,76,77,69,81,65,55,76,70,64,52,59,33,52,72,76,66,72,78,79,74,85,82
20151022,3,PM2.5,73,73,63,66,68,74,57,43,20,67,53,37,71,59,63,62,70,16,18,51,56,45,29,14,16,33,31,62,46,46,70,66,79,76,80
20151022,3,PM10,80,,,,,,68,,,,,,,,,66,,,,,,,,,,,,,,,,,91,76,95
20151022,3,AQI,76,74,70,77,69,77,68,72,35,76,72,74,77,76,78,69,82,63,53,76,71,64,50,56,32,51,124,76,65,71,79,80,75,86,84
20151022,4,PM2.5,38,27,38,33,57,48,41,23,20,46,33,32,59,50,51,47,75,16,18,63,32,44,34,13,16,32,51,54,42,49,33,30,58,42,59
20151022,4,PM10,,,,,,,,,,,,,,,,,,,,,,,,,,,,,,,,,,,
20151022,4,AQI,75,73,70,76,69,77,67,70,35,76,71,73,77,76,78,69,84,61,52,77,70,64,49,54,31,51,71,75,64,70,78,79,76,85,85
20151022,5,PM2.5,25,29,27,19,29,21,25,19,17,26,20,25,28,42,36,25,68,14,14,57,29,43,19,12,8,24,46,38,38,34,28,24,34,29,23
20151022,5,PM10,,,,,,,,,18,,,,,,,,,,,,,,,,,,,,,,,,,,
20151022,5,AQI,73,72,69,74,68,75,66,68,34,75,70,72,76,75,76,68,85,59,51,77,69,64,47,51,29,50,71,74,63,69,77,77,75,85,83
20151022,6,PM2.5,22,21,25,20,26,23,30,22,16,20,22,29,28,23,26,27,42,12,13,40,20,41,10,10,9,17,38,32,25,27,19,27,30,31,25
20151022,6,PM10,,,,,,,,,,,,,,,,,,,,,,,,,,,,,,,,,,,
20151022,6,AQI,72,71,67,72,67,74,65,66,34,73,69,71,75,73,75,67,85,57,51,77,68,64,44,49,27,49,70,73,62,68,75,76,74,83,82
20151022,7,PM2.5,28,25,36,26,31,26,19,21,9,26,26,23,26,24,30,14,34,12,15,33,11,18,12,8,3,7,31,32,25,23,20,28,36,34,28
20151022,7,PM10,,,,,,,,,,,,,,,,,,,,,,,,,5,,,,,,,,,,
20151022,7,AQI,71,70,67,71,66,73,65,66,34,72,68,70,74,72,74,66,85,55,51,76,66,63,42,46,27,47,69,71,60,66,74,75,73,82,81
20151022,8,PM2.5,23,21,25,28,30,21,17,20,9,23,22,19,31,31,24,9,26,13,13,23,10,19,9,7,10,9,19,23,26,25,25,26,26,37,18
20151022,8,PM10,,,,,,,21,,11,,,,,,,,,,,,,,10,,16,,,,,,,,,,37
20151022,8,AQI,70,69,66,71,66,72,63,65,32,71,68,70,73,71,72,64,84,54,51,75,65,62,40,43,26,45,67,70,59,65,74,74,73,82,79
20151022,9,PM2.5,24,24,46,21,21,23,18,15,4,17,19,17,24,22,22,16,21,17,13,17,16,14,11,9,10,14,12,29,25,24,25,24,20,26,19
20151022,9,PM10,,,92,,,,,,6,,,,,,,26,,,,,,,,10,21,,,,,,,,,34,
20151022,9,AQI,70,68,66,70,65,71,62,63,30,70,67,70,72,70,71,63,84,53,51,74,63,61,40,41,29,44,66,68,57,64,73,74,72,81,78
20151022,10,PM2.5,15,24,21,18,14,17,15,15,6,14,22,17,18,22,24,24,22,17,14,18,19,12,11,8,8,20,14,26,25,18,22,20,24,25,17
20151022,10,PM10,,,23,,,,,,,,,,,,,,,20,28,,,,,,,,,,,,,,,,
20151022,10,AQI,69,68,66,69,64,70,61,62,30,70,66,70,71,69,69,62,83,52,51,73,62,59,39,39,23,43,65,66,56,63,72,73,72,81,78
20151022,11,PM2.5,17,21,20,21,16,15,11,,3,14,21,21,23,24,23,18,24,21,14,24,26,18,14,6,11,19,24,38,19,20,17,19,19,25,13
20151022,11,PM10,,,,,,,,,5,,,,,,,,,,15,,,,,,,,,43,,,,,,,
20151022,11,AQI,68,68,65,68,63,69,59,4,28,70,65,70,70,69,68,60,82,51,48,73,61,59,38,37,22,42,64,65,54,62,72,72,72,80,78
20151022,12,PM2.5,18,14,21,15,9,12,8,8,5,13,18,17,17,19,19,19,20,19,18,19,19,16,19,13,7,19,17,39,27,21,19,18,20,20,17
20151022,12,PM10,,,,,,,,,5,,,,,,,,,,,,,,,,,,,,,,,,,,
20151022,12,AQI,68,67,64,67,62,68,59,58,25,70,64,70,69,67,66,59,81,50,48,72,60,58,38,35,21,42,64,64,53,61,70,71,72,79,79
20151022,13,PM2.5,16,18,26,29,20,19,7,10,4,21,26,18,24,20,16,21,22,7,9,19,5,18,25,17,16,19,17,31,27,22,17,19,20,25,15
20151022,13,PM10,,,55,,,,,,5,,,,,,,,,,,,7,,,,,,,,,,,,,,
20151022,13,AQI,68,66,63,67,62,67,59,56,23,70,63,70,68,64,63,58,79,47,48,70,58,58,38,33,20,42,63,63,52,60,70,71,72,77,80
20151022,14,PM2.5,21,23,23,20,21,18,8,10,3,21,19,15,23,18,20,17,24,7,9,22,6,11,21,9,15,17,21,29,21,21,19,24,21,26,19
20151022,14,PM10,,,31,,,,,,5,,,,,,,,,,,,,,,11,,,,,,,,,,,
20151022,14,AQI,68,64,62,67,64,66,59,54,20,70,61,70,65,62,62,56,76,45,48,68,57,56,38,30,19,41,61,63,51,58,70,71,73,78,82
20151022,15,PM2.5,20,24,21,19,17,21,13,10,6,17,16,18,21,26,26,18,23,14,13,21,28,17,18,22,21,18,18,31,26,23,22,19,16,27,18
20151022,15,PM10,,,,,,,,,,,,,,,,,,,,,,,,,,,,,,,,,,32,
20151022,15,AQI,68,63,61,67,64,66,60,52,20,70,59,70,63,61,61,55,74,42,48,66,57,55,37,28,19,41,60,62,51,55,70,71,73,76,82
20151022,16,PM2.5,17,19,19,22,12,15,12,12,8,16,16,18,23,24,23,20,17,12,14,17,20,15,19,17,19,16,17,35,21,21,20,20,20,23,15
20151022,16,PM10,,,,,22,,17,30,10,,18,27,,,34,,,13,17,,,17,,,,,,,,,,,,47,25
20151022,16,AQI,68,62,60,67,60,66,59,50,18,70,56,69,61,60,60,54,71,40,45,64,56,54,37,26,18,40,58,62,50,54,71,72,73,74,79
20151022,17,PM2.5,14,11,22,8,16,6,18,19,14,16,22,22,26,27,28,21,23,23,17,21,14,13,19,15,21,20,19,30,24,28,19,20,23,26,17
20151022,17,PM10,18,59,,14,,10,28,24,16,23,,33,,,37,,,28,28,,26,,,,25,,,34,,30,,28,,57,
20151022,17,AQI,67,60,61,64,60,63,58,48,18,65,54,68,59,59,59,52,69,38,44,62,55,53,36,24,19,40,55,61,49,52,72,70,76,72,79
20151022,18,PM2.5,18,17,26,21,19,15,14,16,7,18,30,26,29,23,28,20,21,18,18,19,17,28,19,18,19,20,17,42,29,28,24,18,20,32,15
20151022,18,PM10,26,,,24,,,18,27,12,30,,43,30,41,38,,,27,37,,,35,,21,,,,,,,29,39,32,71,
20151022,18,AQI,64,60,61,60,60,63,57,45,18,60,52,68,58,57,58,50,68,35,43,60,54,51,35,22,19,39,53,61,48,51,69,68,72,70,79
20151022,19,PM2.5,26,23,27,22,11,16,13,45,13,24,29,47,26,26,26,26,23,29,29,21,21,39,28,15,21,19,18,37,28,33,30,21,33,32,19
20151022,19,PM10,41,39,,27,15,21,28,101,16,49,56,88,48,45,43,,,41,70,,24,57,,20,,,,58,,35,52,38,52,78,28
20151022,19,AQI,64,59,62,57,56,60,55,46,18,56,50,69,56,55,56,48,66,33,44,58,53,51,34,20,19,38,51,60,47,50,67,66,70,68,76
20151022,20,PM2.5,38,24,25,27,21,16,19,43,13,31,43,53,38,47,30,27,28,36,24,26,26,40,37,25,20,30,24,45,35,36,32,36,38,37,22
20151022,20,PM10,51,,31,33,30,18,39,95,17,68,63,77,61,82,47,31,30,47,51,,36,56,,,,,,64,,,51,85,68,83,39
20151022,20,AQI,64,59,60,53,55,58,55,53,18,54,49,68,55,54,55,46,64,32,44,56,51,50,35,20,19,38,49,59,47,50,64,65,69,66,71
20151022,21,PM2.5,42,16,32,35,31,23,31,41,15,43,39,46,39,62,37,30,30,41,22,28,30,40,30,24,20,29,27,46,32,43,34,34,40,40,35
20151022,21,PM10,72,,54,57,35,28,59,94,18,76,49,71,58,76,62,,36,53,53,,48,49,,,,,,54,,45,55,53,82,67,69
20151022,21,AQI,62,58,58,50,53,54,55,56,17,52,47,65,53,56,53,44,61,33,45,53,49,48,34,20,20,37,47,58,46,49,62,61,69,63,68
20151022,22,PM2.5,40,27,39,26,33,36,36,39,11,44,38,39,38,63,51,37,30,37,24,28,35,56,28,20,17,32,26,50,45,48,38,32,43,31,31
20151022,22,PM10,60,,64,39,34,49,55,79,15,74,,63,42,95,87,79,36,45,44,29,,96,,,27,,,,,,40,48,92,63,34
20151022,22,AQI,60,47,56,47,51,52,53,58,17,53,47,62,52,59,53,51,58,35,41,51,47,51,33,20,20,36,44,58,46,49,58,59,67,61,63
20151022,23,PM2.5,37,27,38,32,35,29,34,38,8,47,35,47,41,48,58,48,28,37,24,27,39,49,27,20,24,26,27,44,33,39,37,30,43,35,28
20151022,23,PM10,49,,62,48,52,33,48,82,14,73,,73,,58,90,91,56,39,42,39,63,63,,,,,,49,,,69,66,72,86,43
20151022,23,AQI,57,44,55,44,45,48,51,59,16,54,47,61,51,59,55,55,55,35,40,48,44,52,33,21,21,35,42,57,45,48,57,56,65,59,59
