date,hour,type,dongsi,tiantan,guanyuan,wanshouxigong,aotizhongxing,nongzhanguan,wanliu,beibuxingqu,zhiwuyuan,fentaihuayuan,yungang,gucheng,fangshan,daxing,yizhuang,tongzhou,shunyi,changping,mengtougou,pinggu,huairou,miyun,yanqing,dingling,badaling,miyunshuiku,donggaocun,yongledian,yufa,liulihe,qianmeng,yongdingmengxi,xizhimengbei,nansanhuan,dongsihuan
20150630,0,PM2.5,32.8,27.2,21.9,27,23.3,29.9,24.7,14.2,3,22.9,15.2,10.7,23.6,23.3,24.1,26.8,30.4,18.9,8.3,22.6,15,30.8,3.5,15.9,11.5,11.6,21.7,21.7,12.7,31.6,31.2,24.9,19.5,29,15
20150630,0,PM10,,,,,,,,,5,,,,,,,,,,,,,,,,,,,28.6,,,,,,,18.9
20150630,0,AQI,159,154,155,154,148,144,155,109,141,119,166,169,149,128,161,121,122,148,143,104,114,114,152,139,153,91,120,113,116,135,152,147,134,155,116
20150630,1,PM2.5,25.2,28.6,24.9,24.1,19.1,23.9,19.6,13.3,3,20.4,15.2,7.9,21,20.1,27.4,21.9,28.2,24.6,5.9,21.1,17.1,21.4,3,17.4,9.2,9.1,28.8,35.1,14.3,33.5,25.5,25.4,14.9,25.1,18.1
20150630,1,PM10,,,,,,,,,5,,,,,,,,,,,,,,5,,,,,,,,,,,,18.1
20150630,1,AQI,149,145,147,146,139,136,146,101,129,119,154,155,139,121,142,115,116,139,133,101,108,107,142,130,143,84,114,106,107,127,144,139,127,146,108
20150630,2,PM2.5,27,25.6,23.4,19.5,14.5,26,26.1,27.1,3,14,16.5,10.4,14.9,28.1,23.7,20.6,26,25.1,9.4,29.1,10.7,11.9,7.6,15,9.5,6.4,26.4,38.6,23.1,39.9,25.2,27.2,17.9,23.4,10.9
20150630,2,PM10,,,,,,,,,5,28.1,,,,,,,,,,,,,,,,,,,,,,,,,19.2
20150630,2,AQI,140,137,138,137,129,129,138,94,119,114,143,144,130,114,124,109,109,132,124,102,100,99,131,121,132,77,109,99,99,119,141,131,124,138,101
20150630,3,PM2.5,19.1,17.4,30,17.3,15.5,20.5,21.5,11.4,3,19.4,20.7,16.5,24.2,28.7,24.7,19.4,22.1,18.1,8.5,30.8,10.8,15.2,11.6,11.2,4.2,8.7,28.4,35.2,35.5,38,10,24.9,19.7,29.4,7.4
20150630,3,PM10,,,,,,,,,5,37.7,,,37.4,36.3,,,,,,,,,,,,,,,,,,,,,14
20150630,3,AQI,132,128,130,129,121,129,129,88,109,108,133,134,120,107,107,103,102,123,114,103,93,91,121,113,122,70,126,93,92,111,141,124,123,130,93
20150630,4,PM2.5,21.3,23.8,25.6,12,18.6,21.2,22.8,11.5,5.1,18.8,20.9,14.7,25.6,27.8,21.8,13.6,24,7.8,10,19.7,10.3,7,11.1,9.3,10.6,6.7,24.7,37.7,42,40.1,34,26.3,14.8,23,10.1
20150630,4,PM10,,,,,,,,,,61.2,,,,41.6,,,,,,,,,32.8,,,,,,,,,,26.9,46.3,14.9
20150630,4,AQI,123,120,121,121,113,129,120,81,99,103,122,123,111,100,88,97,95,114,105,104,86,84,110,104,113,64,97,87,84,104,141,117,116,123,85
20150630,5,PM2.5,19.9,18.5,25.4,3,16.1,15.9,25.1,12.1,3,16.4,17,8.5,30.8,37.2,22,12,18.7,12,4.9,9.3,8.7,5.3,14.7,5.7,3.8,10.2,24,39.8,43.8,37.7,19.6,22.1,20.6,17.9,3
20150630,5,PM10,,,,21.1,,,,12.6,5,50.2,,,,,,,,,,,20.1,13,,,,,,,,,,,30.4,42.6,10.5
20150630,5,AQI,115,112,113,112,104,129,112,75,90,97,112,112,102,93,70,97,87,104,96,104,78,75,100,96,103,57,91,82,78,97,141,109,110,114,76
20150630,6,PM2.5,9.9,12.8,14.1,11.5,12.5,16.3,11.6,6.3,3.8,18.5,15.8,18.3,25.9,23.8,18.1,18.3,16,3,7.7,12.2,9,10.6,9,5.9,6.1,8.6,11.6,39.6,48,38.6,15,14.8,6.1,18.3,4.6
20150630,6,PM10,,,,,,,,,5,27.8,29.7,,,,,20.9,,,,,17.2,,,,,,,40.3,,,,,,22.8,14.5
20150630,6,AQI,106,104,105,104,96,129,104,69,81,91,102,102,93,85,51,90,79,94,89,105,70,67,90,87,93,50,83,77,72,90,141,101,109,106,68
20150630,7,PM2.5,12.3,8.7,7.9,9,9,8.3,8.1,3.7,3,14.2,12.3,4.5,7.2,16.3,10.4,10,15.5,5.8,3,19.8,8.4,13.4,9.5,4.9,3,3,17.2,32.2,46.6,37.9,8.8,4.2,4.7,18,3
20150630,7,PM10,,,,,,,,6.9,5,,,,,,,,,,5,36.6,,19.5,,5,5,6,,,,,,,5,,11.9
20150630,7,AQI,97,96,96,96,87,129,94,60,73,89,91,92,84,76,30,90,73,84,80,95,63,59,79,79,84,42,77,71,67,82,141,93,100,98,60
20150630,8,PM2.5,6.1,6.2,8.8,7,9.2,14.4,3,9.8,3,9.7,6.7,6.2,7.6,10.1,9.7,8.5,9.2,17.9,3,15,12.1,13.4,13.7,10.1,3,5.6,18,16.2,,11.3,15.4,8.6,3,12.7,3
20150630,8,PM10,,8,,,,,,,10,,,,,16.1,,,,,5,,,32.7,,,5,6.5,,,,,,,10,40.1,5
20150630,8,AQI,87,86,87,96,78,129,84,52,64,85,81,82,74,67,29,88,73,75,72,92,55,51,69,70,74,35,70,64,,73,144,84,90,89,54
20150630,9,PM2.5,8.4,10.4,11.3,12.8,9.3,14.5,7.1,7.6,3,8.4,8.9,8.1,8.1,9.6,9.7,9.5,10.2,8.6,10.5,14.4,8.5,11.2,11.3,8.2,9.2,9.3,15.6,13.7,5.4,14.3,12.7,11.4,3,12,3
20150630,9,PM10,,10.5,,,,,,,5.9,,,12.6,,,,,14.6,13.5,,,,13.1,,,,,,,,,21.3,14.7,9.1,16.5,5
20150630,9,AQI,77,76,77,96,68,71,73,52,55,80,77,71,64,60,28,84,65,65,66,87,47,42,58,62,64,28,63,56,54,63,125,74,78,79,47
20150630,10,PM2.5,15.7,7.8,11.1,10.6,12.5,15.7,14.1,7.9,3,10.2,7.3,9.7,9.9,10.1,7.9,9.8,9.7,3.4,4,14.2,7.8,8.4,10.1,10.3,7.3,3,12.3,12.5,,12.7,15.7,9.6,5.5,22.4,3
20150630,10,PM10,17.3,23.1,,12.2,19.2,,,,16.7,15.8,,17.5,,,,12.8,,17.2,5,21.6,14.3,18.3,,,,5,,,,,32.7,14.9,36.5,30.8,5
20150630,10,AQI,86,66,67,76,58,62,63,39,45,70,77,61,53,48,26,72,53,55,55,72,38,32,47,62,54,20,56,49,,53,103,65,68,70,39
20150630,11,PM2.5,14,7.4,9.8,8.4,15.4,14.9,9.9,11.5,3,9,10.5,8.6,8.7,15.2,4.8,13.8,10.9,12.1,9.9,11.8,3,12.1,11.3,4.3,3,,5.4,15.5,9.3,8.6,16.5,9.4,11.4,18.8,5.5
20150630,11,PM10,,,,,,,,,5,,,,,,,,,,,,5,16.3,,5,5,,,,,,,11.5,22.4,,42.6
20150630,11,AQI,57,55,56,61,48,52,53,39,34,61,62,50,42,38,25,64,37,47,44,60,27,23,34,55,44,18,49,38,47,49,91,55,57,59,29
20150630,12,PM2.5,10.9,13.5,16,12.1,11.2,16.4,16.6,6.7,3,8.1,3,7.6,3.7,15.2,6.7,,16.5,11.4,3,18.1,10.7,6.5,17.4,8.2,3.6,,15.5,16.1,8.8,8.4,15.5,9.8,9.7,15.9,3
20150630,12,PM10,,,,,,,,,5,,5,18.1,5,,,,,14,5,,,,,38,5,,,,,,20.6,,20.6,,5
20150630,12,AQI,45,43,44,43,36,41,41,30,23,50,38,37,35,33,26,,27,35,32,32,18,22,24,26,33,24,40,38,43,45,62,43,42,53,28
20150630,13,PM2.5,16.7,8.7,28.9,23.5,11.1,18.1,12,12.1,3,10.5,6.4,9,15.1,11.6,5.9,,20.6,19.1,3,5.7,3,4.2,15.7,8.5,16.6,10.1,15.9,13.7,5.9,3,10.8,10.1,13,13.2,4.3
20150630,13,PM10,,,,,,,,,5,,,,,,,,,,5,,5,5,,,,50.5,,,,5,,,,,5
20150630,13,AQI,33,31,33,33,26,30,29,21,23,29,37,28,31,30,31,27,24,25,23,29,20,29,28,26,28,32,31,38,38,41,33,31,23,37,23
20150630,14,PM2.5,11.5,8.8,12.5,3,9.1,11.3,25,3.6,3,3,6.1,10.7,28.6,6.9,5.7,,12.4,30,12.1,13,10.8,11.1,16.3,4.6,5.3,9.2,8.9,9.6,8.7,3,8.9,7,8.7,11.4,3.2
20150630,14,PM10,,,,5,,,,5,5,5,,,,,,11,,,,,,,,5,6.6,65,,,,5,,,,,5
20150630,14,AQI,30,34,32,34,33,33,24,23,28,29,32,36,29,32,34,35,24,25,30,33,23,33,32,31,30,35,28,32,34,38,27,31,21,37,31
20150630,15,PM2.5,13.7,6.8,14.5,11.4,4.6,9.8,6.2,6.3,,6.1,3,4.5,12.1,16.6,7.9,10.3,3,3,5.3,9.4,10.6,10.8,22.9,7.5,11.7,9.2,17.1,7,8.3,7.9,8.1,8.4,11.4,11.4,3.7
20150630,15,PM10,,,,,,,,,,,5,11.2,,,,,5,12.8,,,,,,12,,26.4,,,,,,,,13.5,5
20150630,15,AQI,31,35,34,35,38,35,23,27,,29,34,35,31,31,35,35,25,26,34,36,25,35,35,33,30,36,32,29,30,34,27,30,25,36,32
20150630,16,PM2.5,10.5,8.3,9.1,10.2,7.9,19.6,11.3,5.5,,6.3,5.2,10.3,4.4,14.3,4.8,11.6,17.3,12.3,9.3,8.9,5.3,6.2,36,5.4,14.4,3,13.8,5.3,4.6,7.6,15.5,6.4,13,15.4,4.7
20150630,16,PM10,,17.3,,,,,,,,34.5,7.5,24.7,5.5,,11.7,,,14.6,,,9.2,,44.9,,,53.4,,,,9.9,,11.8,19.3,26.7,12.6
20150630,16,AQI,31,35,34,35,37,35,37,31,,33,34,38,31,34,35,37,30,30,32,39,30,37,38,34,30,39,36,30,32,32,27,28,25,38,35
20150630,17,PM2.5,7.3,11.9,12.6,13.3,10.4,25.4,11.2,12.1,,9.2,7.6,11.3,12.3,11.8,6,9.8,13.6,13.2,10.3,15.6,13.3,15.9,42.8,8.7,21.1,4.9,13.7,5.4,3,5,13.6,6.5,14.6,19.1,21.8
20150630,17,PM10,16.9,26.9,,35.3,27.4,,,,,14.8,8.3,30.5,,,28.2,15.2,14.4,,,,16.1,17,,11,,29,,,5,14.6,55.2,19.2,38.1,32.5,40
20150630,17,AQI,32,36,35,36,40,35,37,32,,31,34,36,32,35,36,36,31,35,31,45,35,40,40,38,30,43,43,32,32,33,33,31,28,42,33
20150630,18,PM2.5,6.3,4,11,13.1,9.5,16.9,13.3,10.8,,7.5,3,10.5,3.5,12.5,4.7,10.2,25.6,12,12.6,13.7,13.8,23.5,27.7,16,11.9,13.4,13.8,5.7,10.4,5.7,12.7,10.2,14.8,18.9,14.2
20150630,18,PM10,19.4,21.1,,17,35,,,14.8,,42.1,25.5,50.4,20.2,20.6,30.5,37.3,44.7,17.7,,,22.1,,,,,38.5,,,,,35.5,17.5,38.1,41.2,27.3
20150630,18,AQI,32,37,34,36,37,34,34,30,,32,36,36,33,37,37,34,27,35,31,46,36,44,39,44,28,48,42,34,32,34,33,33,29,46,34
20150630,19,PM2.5,13.4,12.2,12.5,16.5,11.7,26.1,13.2,9,,8.4,7.6,14.4,5.7,9.2,9.2,10.8,29.1,13.8,11.2,14.4,13.8,16.6,23.7,13.8,13.8,16,9.6,8.6,7.8,7.3,16.3,8,16,20,18.3
20150630,19,PM10,31,31,,68,61,,31.7,17.3,,36.7,27.5,43.7,9.9,24.1,23.7,34.9,56,33.6,16.3,50,31.4,32.6,,17.1,,33.5,,,9.6,,58.8,29.3,66.1,53.9,39.7
20150630,19,AQI,30,35,33,33,36,35,32,28,,33,35,36,30,34,37,33,27,32,30,41,34,39,38,40,38,47,37,32,33,35,38,31,40,51,34
20150630,20,PM2.5,17.4,10.6,9.5,10.4,14.6,25.6,6.1,12.3,,12.9,7.7,22.1,13.8,12.1,9.7,12.9,23,15.2,11.7,15.8,13.8,23,15.2,3,15,16,12,9.1,10.2,12.9,19.1,10.9,13.8,12.5,17.1
20150630,20,PM10,27.2,,,27,44.3,33.7,23.2,26,,28.1,20.1,47.4,,15.6,20.6,39.4,42.2,47.9,32.8,56.2,26.6,51.6,20.7,,40,38.4,,11.4,,18.4,25.9,21.5,49.5,36.5,39.8
20150630,20,AQI,27,32,30,30,34,34,32,24,,32,33,31,29,29,33,31,30,27,27,39,28,36,34,34,31,42,34,28,33,34,36,29,38,50,31
20150630,21,PM2.5,19.4,10.1,12.8,11.1,13.3,16.5,18.5,15.2,,12,13.2,17,11.4,12.5,12.6,11.2,23,25.6,16.2,15.8,15,18.1,12.9,9.8,6.2,25,9.2,16,15,15.6,18.4,11.6,19,13,14.2
20150630,21,PM10,33.6,23.5,27.8,19.3,21.1,26.7,27.2,35.3,,43.4,36.6,59.9,42.7,20.4,,31.9,54.5,37.3,58.9,56.2,40.5,50.1,24.5,29,,48.5,12.3,24.8,22.8,31.7,26.4,32.9,41.4,48.2,37
20150630,21,AQI,25,28,28,29,32,32,30,18,,33,30,30,28,30,30,26,33,22,21,42,22,30,32,26,24,38,33,28,33,30,35,25,37,51,29
20150630,22,PM2.5,21.6,13.5,25.2,12.9,15.3,23.1,18.3,21.4,,15.6,13.9,20.5,15.3,11.3,12.1,12.2,25.9,22.1,18,15.8,27.8,23,16.6,11,9.1,14.9,11.1,15.8,17.6,17,19.3,13,15.6,14.6,9.5
20150630,22,PM10,53.5,43.8,52.6,74,51.2,46.2,53.4,42.2,,82.7,42.5,75.8,41.2,38.1,53.1,37.9,71.6,27.6,57.6,54.9,67.1,46.7,,20.1,19.5,37.4,17.9,28.6,31.6,34.4,83.7,46.7,78.2,60.7,44.8
20150630,22,AQI,25,25,31,31,31,35,28,26,,37,24,33,25,29,29,27,38,22,31,44,26,27,25,27,23,36,30,28,28,28,40,24,35,43,27
20150630,23,PM2.5,27.5,20.1,22,6.5,21.2,26.2,24.2,28.3,,13.9,21.1,28.1,21.7,17.3,18,15,24.7,10.5,16,23.9,21.8,17,25.2,12.6,14.4,13.2,17.6,22.8,27.4,21.1,25.3,16.1,17.1,22.2,8.9
20150630,23,PM10,49,53,45.4,61.4,57.2,51.9,53.2,46.6,,75.5,46.1,84.8,41,42.1,54.3,46,43,25.1,45.5,47.7,55.6,41.8,35.4,24.4,,28.3,,33.9,38.4,32.6,95.6,52.1,77.9,77.2,33
20150630,23,AQI,28,26,33,34,34,37,31,30,,39,24,36,27,29,27,29,39,22,29,45,26,28,24,24,24,34,28,29,26,28,46,24,36,43,22
20150630,0,SO2,2,2,2,2,2,2,2,5.8,2,3.6,2,2,2.7,2.8,2,2.3,2,2,2,2,2,5.2,2,2,2,4.5,2,2.5,2,4.1,2,2,2,3.5,2
20150630,0,NO2,36.7,47.6,39.3,34.6,48.6,55.6,27.6,29.5,10,60.3,26.7,17.2,35.8,55,86.6,49.8,56.4,54,16.1,19.9,12.4,35.5,16.6,12.8,35,9.6,12,34.5,13.1,20,42.1,64.5,53.6,84.3,58.6
20150630,0,O3,26.6,13.3,23.1,35.5,29.4,16.5,31.1,10.5,21.7,2,24.5,56.2,21.7,15.5,8.5,17.7,2,3.3,42.6,40.9,19.6,21.4,53.8,40.2,6.6,60.3,24.5,16.4,38.1,17,20.5,15.4,18,4.9,5.3
20150630,0,CO,0.6,0.7,0.6,0.4,0.7,0.6,0.5,0.4,0.3,0.6,0.5,0.3,0.4,0.6,1,0.5,0.6,0.3,0.4,0.4,0.5,0.1,0.2,0.1,0.3,0.2,0.3,0.4,0.5,0.4,0.6,0.6,0.5,0.8,0.4
20150630,1,SO2,2,2,2,2,2,2,2,5.6,2,3.5,2,2,234.5,2.3,2,2.3,,2,2,2,2,5.6,2,2,2,2,2,2.7,2,4.1,2,2,4.2,2.7,2
20150630,1,NO2,37.5,37.3,40,27.4,46.8,45.6,21.3,27.3,10.7,63.2,21.8,17.8,33,52.7,65.4,66.7,39.8,40.9,14.8,17.8,13.9,39.9,39.3,12,38.9,9.8,17.3,35.7,23.6,22.8,38.4,61.9,50.6,80,55.5
20150630,1,O3,23.3,6.6,16.5,33.1,28.8,25.9,34.5,11.2,12.5,2,17.5,55.7,21.7,16.8,19.9,2.8,2,4.3,45.8,35,11.8,15,28.3,32.1,2,57.9,21.1,11.9,19.3,14.9,22.2,9.8,21.5,2,3.7
20150630,1,CO,0.6,0.6,0.6,0.3,0.7,0.6,0.4,0.4,0.3,0.6,0.5,0.3,0.4,0.6,1,0.5,0.5,0.3,0.4,0.4,0.5,0.1,0.2,0.1,0.3,0.1,0.3,0.4,0.5,0.4,0.6,0.6,0.4,0.7,0.3
20150630,2,SO2,2,2,2,2,2,2,2,4.8,2,3.8,2,2,42.3,2.3,2,2.2,,2,2,2,2,6,2,2,2,2,2,2.9,2,4.5,2,2,2.9,3.1,2.3
20150630,2,NO2,33.4,36,37.2,29,36.4,52.2,39.5,27.1,10.5,63.1,21.7,24,29.9,38.4,47.3,55.6,18.8,23.7,16.9,14.4,12.7,34.6,13.6,11.5,28.4,11.7,18.8,50.5,47.8,22.4,35.7,54.7,37.4,82.1,31.5
20150630,2,O3,21.1,6.1,21.8,21.1,35.5,16.5,12.1,10.7,10.3,2,15.3,40.3,26.4,28.5,31.8,10.4,2,9.5,43.7,38.3,16,24.8,53.5,25.5,10.7,50.2,8.6,2,2,12,23.4,8.5,27.8,2,9.3
20150630,2,CO,0.6,0.6,0.6,0.3,0.7,0.6,0.5,0.3,0.3,0.5,0.5,0.3,0.3,0.5,0.8,0.5,,0.2,0.4,0.4,0.4,0.1,0.2,0.1,0.2,0.1,0.3,0.5,0.6,0.4,0.6,0.6,0.3,0.6,0.2
20150630,3,SO2,2,2,2,2,2,2,2,5,2,3.9,2,2,4,2,2,2.4,2,2,2,2,2,5.6,2,2,2,2,2,2,2,4.7,2,2,2,3.3,2
20150630,3,NO2,40.5,31.6,37.1,34.6,37.5,48,42.8,21.5,10.7,66.4,30,39.1,44.8,58.6,58.5,43.9,16,37.2,17.9,20.5,11,25.2,21.3,33.3,38.2,10.1,14.3,51.2,52.9,19.8,31.9,52.8,40,86.9,41
20150630,3,O3,11.5,7,17.2,17.3,26.3,20.1,3.9,5.6,11.1,2,7.8,17.2,7.9,4.3,19.6,19.7,,2.5,34.9,17.9,15.8,35.1,41,2,2.7,49.4,251.3,2,2,15.1,26.2,4.3,24.4,2,5.9
20150630,3,CO,0.6,0.6,0.5,0.3,0.7,0.6,0.5,0.3,0.3,0.6,0.4,0.7,0.4,0.6,0.8,0.4,,0.2,0.4,0.4,0.4,0.1,0.2,0.1,0.3,0.3,0.3,0.5,0.6,0.3,0.5,0.7,0.4,0.6,0.3
20150630,4,SO2,2,2,2,2,2,2,2,2,2,4.1,2,2,4.6,2,2,2.6,2,2,2,2,2,5.9,2,2,2,2,2,2,2,4.3,2,2,3.5,4,2.6
20150630,4,NO2,44.1,31.4,48.5,55.7,42.7,48.1,37.8,22,10.2,61.5,33,26,41.8,51.8,57.8,45.7,,27.3,17.2,20.3,10.8,12.3,15.4,21.9,43.9,10.6,12,49.7,45.3,13.4,34.5,55.3,57.4,87.5,43.3
20150630,4,O3,12,6.4,6.1,2,,15.2,2,,14.3,2,5.5,30.7,7.6,5.4,17,18.5,,13.6,33.6,14.1,16.6,50.6,43.4,,2,43.7,4.1,2,2,,15.7,4.4,11.2,2,4.7
20150630,4,CO,0.5,0.6,0.6,0.4,0.7,0.6,0.5,0.3,0.2,0.5,0.4,0.6,0.3,0.5,0.8,0.3,0.3,0.2,0.4,0.4,0.4,0.1,0.2,0.1,0.3,0.3,0.3,0.5,0.7,0.3,0.6,0.7,0.4,0.6,0.3
20150630,5,SO2,2,2,2,2,2,2,2,2.1,2,4,2,2,3.8,2,2,3.3,2,2,2,2,2,4.8,2,2,2,2,2,2,2,4.4,2,2,4.4,4.7,2
20150630,5,NO2,41.5,39.5,51,54.9,59.9,41.7,43.8,24.2,14.4,59.1,18.8,20.1,40.5,49.2,70.6,43.7,,32.1,13.9,12.6,10,14.8,28.2,15.2,36.5,,9.9,41.8,43.5,18,50.4,55.1,60.5,81.5,49.3
20150630,5,O3,12.8,3.3,2.6,2,4,16,2,2,11.5,2,11.9,42.5,6.7,2.3,4.2,17.5,4.5,3.4,41.4,13.6,14.9,42.1,15,23.4,13,39.1,8.6,2,2,12.8,7.5,5.9,5.4,2,2
20150630,5,CO,0.6,0.6,0.6,0.4,0.6,0.5,0.5,0.3,0.3,0.5,0.4,0.4,0.4,0.6,0.8,0.3,0.3,0.2,0.3,0.3,0.4,0.1,0.2,0.1,0.2,0.3,0.3,0.5,0.7,0.3,0.7,0.6,0.4,0.6,0.2
20150630,6,SO2,2,2,2,2,2,2,2,4.6,2,4.1,2,2,3.2,2,2,3.4,2,2,2,2,2,4.4,2,2,2,2,2,2,2,4.7,2,2,6.1,3.2,2
20150630,6,NO2,44.4,51.3,44.7,43.4,54.2,45.9,31.1,13.9,13,53.5,35.2,34,40,50.4,58.4,49,27,46.3,14,13.1,9.4,15,12.2,13.8,46.8,10.4,9,46.6,38.7,17.8,45.3,53.9,52.8,73.5,46.4
20150630,6,O3,10.4,10.3,7.8,13.1,9,14.3,10.1,24.4,42.7,2,5.9,15.9,6.8,4,13.3,5.7,7.4,4.2,36.3,13.8,3.6,35.7,48.8,27.4,14.1,38.7,9.1,2,2,8.6,11,13.6,9.9,2,8.1
20150630,6,CO,0.5,0.6,0.5,0.4,0.6,0.4,0.5,0.3,0.2,0.6,0.5,0.4,0.4,0.5,0.8,0.4,0.5,0.2,0.3,0.4,0.4,0.1,0.2,0.1,0.3,0.3,0.3,0.6,0.6,0.3,0.6,0.5,0.3,0.6,0.2
20150630,7,SO2,2,2,2,2,2,2,2,3.1,2,3.8,2,2,3.3,2,2,3.3,2,2,2,2,2,4.7,2,2,2,2,2,2.1,2,5.1,2,2,4.2,5.7,2
20150630,7,NO2,21.9,39,28.8,22.7,28.5,40.3,15,11.5,3.7,52.1,10.1,17,26.4,40.7,42,42.2,46.3,53.6,11.7,18,8,16.1,7.1,6.6,14.6,9.6,8.9,49.2,36.1,24.5,28.5,32,35.1,78.1,38.9
20150630,7,O3,37.4,27.6,31.3,38.6,49,25.1,42.4,21.6,66.1,2,41.1,48.5,29.1,22.1,26.5,14.6,2,4,41,11.1,10.5,30.5,67.1,42.6,58.4,36.7,4.3,2,2,13.7,33.6,38.3,30.3,2.7,23.3
20150630,7,CO,0.4,0.5,0.4,0.2,0.5,0.4,0.3,0.2,0.1,0.6,0.4,0.3,0.3,0.4,0.6,0.3,0.5,0.2,0.3,0.4,0.4,0.1,0.2,0.1,0.2,0.3,0.2,0.6,0.7,0.3,0.5,0.4,0.2,0.7,0.2
20150630,8,SO2,2,2,2,2,2,2,2,3.3,2,3.6,2,2,2.8,2,2,3,2,2,2,2,2,4.4,2,2,2,2,2,2,,4.8,2,2,2,9.4,2
20150630,8,NO2,29.3,42.4,40.3,28.3,32.3,39.1,33.8,12.2,3.3,50.7,8.3,18.7,18.5,41.3,34.2,45.6,38.6,45.6,9.9,26,7.6,28.3,9.9,9.7,12.2,9.2,19.8,39.6,,12.6,37.8,38.6,54.2,103.1,27.8
20150630,8,O3,37.9,28.4,22.9,34.1,46.1,35,16.5,22.4,64.3,2,45.8,50.6,46.8,18,41,21.5,13.5,11.3,41.1,12.8,26.6,17.8,59.3,38.5,64.4,33.9,3.8,10.5,,34.4,33.6,31.8,19.4,2,42
20150630,8,CO,0.5,0.5,0.5,0.2,0.5,0.4,0.4,0.2,0.1,0.6,0.3,0.3,0.2,0.4,0.6,0.3,0.4,0.3,0.3,0.4,0.3,0.1,0.2,0.1,0.2,0.3,0.3,0.4,,0.1,0.5,0.4,0.4,0.9,0.1
20150630,9,SO2,2,2,2,2,2,2,2,3.9,2,3.5,2,2,2.8,2,2,2.9,2,2,2,2,2,4.7,2,2,2,2,2,2,2,4.9,2,2,2,7.3,2
20150630,9,NO2,35.6,50.8,43,33.7,34.7,45.3,31.6,8.5,3.8,51.8,14.2,18.5,18.3,30.9,47.4,44.6,38.8,30,8.7,24.4,8,27.9,11.7,12.1,13.8,7.8,21.6,38.3,11.8,26.9,45.3,48.5,58.2,92,29.5
20150630,9,O3,32.7,22,19.6,24.4,48,31.3,20.3,31.2,55.6,2,43.7,52.1,48.8,28.9,27.2,29.8,10.8,25.1,46,25.8,26.8,23.8,57.5,37.4,67,37.7,23.3,20.1,29.7,25.2,25.7,24.6,18.5,2,41.4
20150630,9,CO,0.5,0.6,0.6,0.3,0.5,0.5,0.5,0.2,0.2,0.6,0.4,0.3,0.3,0.4,0.7,0.3,0.4,0.3,0.3,0.3,0.3,0.1,0.2,0.1,0.3,0.3,0.2,0.4,0.1,0.2,0.7,0.5,0.5,0.9,0.2
20150630,10,SO2,2,2,2,2,2,2,2,3.2,2,3.7,2,2,2.8,2,2,2.4,2,2,4.3,2,2,7.1,2,2,2,2,2,2,,4.6,2,2,2.1,7.5,2
20150630,10,NO2,36.4,43.7,40.1,30.8,40.3,44.5,38.8,6.1,4.5,41.8,7.9,20.6,27.2,28.5,44.1,42.1,32.1,24,12.4,22.3,7.6,22.6,7.3,3.9,16,6,13.8,38.3,,14.4,57.9,51.2,58.9,93.6,39
20150630,10,O3,32.3,20.7,25,32.5,46.7,35.5,20,38.7,48.8,8.2,53.6,50.3,41.9,36.3,29.6,30.7,21.5,29.4,42.9,29.8,26.2,35.2,61.9,53.7,62.8,46.5,38.2,20,,32.1,16.1,20.9,17.3,2,40.2
20150630,10,CO,0.6,0.6,0.6,0.3,0.6,0.6,0.6,0.2,0.2,0.5,0.3,0.3,0.3,0.3,0.7,0.4,0.4,0.3,0.3,0.3,0.4,0.1,0.2,0.1,0.3,0.3,0.2,0.4,,0.1,0.8,0.5,0.5,0.9,0.3
20150630,11,SO2,2,2,2,2,2,2,2,5.1,2,4.1,2,2,,2.1,2,3.2,2,2,4.3,2,2,9.7,2,2,2,2,2,2,2,4.7,2,2.1,4.5,4.5,2
20150630,11,NO2,,42.1,29.1,28.2,43.6,47.2,27.3,14,8.2,29.2,6.8,17.4,24.2,27.6,27.6,44,31.2,18.6,7.4,17.5,6.2,18.3,5.9,2.9,10.9,7,13.6,38.5,10.9,7.8,51.1,40.8,55,86.8,41.9
20150630,11,O3,40.9,36.7,38.6,44,44.5,37.5,36.6,36.9,53.9,33.2,69,58.3,29.6,58.1,66.8,39.1,28,34.4,53.8,43.8,35.8,46.8,68.1,63.6,74.9,55.7,44.9,23.7,36.7,48.3,24.6,38.2,23.8,14.6,38.1
20150630,11,CO,0.6,0.5,0.5,0.3,0.6,0.6,0.5,0.2,0.2,0.4,0.3,0.3,0.1,0.4,0.6,0.4,0.4,0.2,0.3,0.3,0.4,0.1,0.2,0.1,0.3,0.1,0.2,0.4,0.3,0.1,0.7,0.4,0.6,0.7,0.3
20150630,12,SO2,2,2,2,2.4,2,2,2,3.6,2,5.2,2,2,16.8,2,2,,2,2,4.6,2,2,7.2,2,2,2,,2,2,2,5.3,2,2.3,4.6,5.2,2
20150630,12,NO2,24.3,,28.9,20.7,31.6,29.8,,10.5,20,26,9.2,18,17.4,16.9,21,,25,13,13.2,13.6,3.5,13.2,6.3,6.5,10.3,5.8,12.6,34.4,12.1,5.9,47.1,30.5,44.7,105.6,37.2
20150630,12,O3,51.6,60.6,47.2,65.9,62.9,55.7,47.8,50.9,50.4,58.7,96.7,61.6,72.5,75.6,82.8,,39.8,47.6,56.3,63.9,52.2,69.5,71.9,63.4,92.4,75.6,54.3,40,60.1,56.3,35.9,66.8,37.3,24,49.8
20150630,12,CO,0.5,0.4,0.5,0.2,0.7,0.5,0.5,0.2,0.3,0.4,0.3,0.3,0.2,0.3,0.5,,0.4,0.2,0.4,0.3,0.3,0.1,0.2,0.1,0.2,,0.2,0.3,0.3,0.1,0.6,0.4,0.4,0.7,0.3
20150630,13,SO2,2,2,2,2.2,2,2,2,5.9,2,4.9,2,2,3.8,2.3,2,,2,2,4.8,2,2,5.4,2,2,2,2.7,2,2.1,2,5.8,2,2.5,4,5.2,2.3
20150630,13,NO2,21.7,,22.9,14.7,27,23.6,,7.4,13.4,15,9.3,11.7,15.7,10.2,16.3,,16.8,5.2,9.2,8.2,3.1,9.1,4.2,5.7,20.5,4.8,10.8,22.1,14.5,2.5,38.2,20.3,44.2,73.7,25.1
20150630,13,O3,65.6,95,67.6,104.5,80.5,75.2,72.2,67,71.5,89.1,118,88.9,84.3,95,98.4,,59.6,69.6,72.4,91.8,63.4,90.1,88.9,77.9,88.5,99.4,67.6,79.3,87.1,76.3,63.2,94.1,49.1,53,72.9
20150630,13,CO,0.5,0.3,0.4,0.1,0.6,0.4,0.3,0.2,0.3,0.4,0.3,0.2,0.2,0.2,0.5,,0.3,0.1,0.3,0.2,0.3,0.1,0.2,0.1,0.3,0.6,0.2,0.3,0.2,0.1,0.5,0.3,0.4,0.5,0.2
20150630,14,SO2,2,2,2,2.2,2,2,2,7.3,2,4.6,2,2,3.4,2,2,14.9,2,2,5.6,2,2,3.8,2,2,2,2.4,2,2,2,5.6,2,2.4,4.2,4.9,2.6
20150630,14,NO2,13.5,11.4,16.4,11.3,19.1,18.7,15.6,7,11,15.1,7.2,10.9,14.8,8.8,12.5,15.1,15.1,7.1,11.8,9.7,6.1,6.7,2.9,3,16.1,3.9,10.8,12.6,18.1,2,31.4,15.4,38.1,72.1,17.5
20150630,14,O3,94.5,108.3,100.2,108,102.7,103.3,,71.1,88.9,89.4,100,113.2,88.8,99.7,106.6,110.2,70.7,78.7,96,105.4,71,102.9,100.4,97.9,95.2,109.4,87.3,89.7,93.7,84.6,80.9,97.3,62.8,51.3,97.8
20150630,14,CO,0.3,0.3,0.3,0.1,0.5,0.3,0.3,0.2,0.2,0.3,0.3,0.2,0.1,0.2,0.4,0.1,0.3,0.1,0.5,0.2,0.3,0.1,0.2,0.1,0.3,0.1,0.2,0.2,0.2,0.1,0.4,0.2,0.3,0.5,0.1
20150630,15,SO2,2,2,2,2.1,2,2,2,9.2,,4.7,2,2,3.2,2,2,2,2,2,5.4,2,2,4.1,5.3,2,2,2.4,2,2,2,5.5,2,2.9,6.1,3.7,2.8
20150630,15,NO2,10.8,10.2,14.9,11.5,18.6,17.7,16.6,9.9,,14.9,8.7,12,15.7,10.1,12.6,14.8,21.3,4.6,9.8,11.1,8.2,8.4,4,5.3,27.2,3.8,10.4,8.7,23.3,2.1,33.6,22.6,40.9,70.1,21
20150630,15,O3,98.2,112,106.7,110.3,120.5,109.7,,86,,88,106.5,110.9,96.6,99.1,108.9,112,77,81.5,107,113.4,79.7,109.2,110.3,105.3,94.1,114.4,99.9,89.5,93.7,90.2,82.3,95,78.7,55.6,101
20150630,15,CO,0.3,0.3,0.3,0.1,0.4,0.3,0.3,0.2,,0.3,0.3,0.2,0.2,0.2,0.4,0.1,0.4,0.1,0.6,0.2,0.3,0.1,0.3,0.1,0.3,0.1,0.2,0.2,0.3,0.1,0.4,0.3,0.3,0.4,0.2
20150630,16,SO2,2,2,2,2.1,2,2,2,9.3,,4.9,2,2,2.9,2,2,2.3,2,2,5.2,2,2,3.8,11.1,2,4.2,2.8,2.2,2,2,5.6,2,3,7.8,3.8,2.6
20150630,16,NO2,13.9,13.3,17.3,13.5,25.5,23,18.9,13.7,,17.2,10.3,13.4,18,11.8,13.1,15.5,22.4,4.5,11.5,14,10.2,11.2,5.7,5.5,28.6,4.7,14.5,8.5,27.1,2.6,35.5,32.7,49.8,75.7,17.5
20150630,16,O3,97.8,109.7,107,109.9,117.7,111,116.5,99,,92.1,108.3,121.2,96.5,107.4,110.8,118.3,95.3,93.6,102.3,122.5,95,117.2,118.6,107.1,95.5,124,113.1,95.2,99.5,95.9,81.8,88.6,69,54.4,110.6
20150630,16,CO,0.3,0.3,0.3,0.1,0.4,0.3,0.3,0.2,,0.3,0.3,0.2,0.2,0.2,0.4,0.1,0.4,0.1,0.6,0.3,0.3,0.1,0.4,0.1,0.4,0.2,0.2,0.2,0.3,0.1,0.4,0.3,0.4,0.5,0.1
20150630,17,SO2,2,2,2,2.2,2,2,2,9.7,,4.2,2,2,2.9,2,2,4.1,2,2,5.1,2,2,4,11.6,2,7.1,3.4,2.9,2,2,5.7,2,3.1,4.7,3.7,3.2
20150630,17,NO2,15.2,15,18.1,16.3,23.3,24.6,21.7,14.5,,19.1,8.6,14.6,20.8,17.8,14.2,17.1,25,8.7,15.8,13.4,12.5,17.8,5.6,7.3,36.5,8.1,12.6,9,32.9,2.7,42.5,30.6,55,83.2,23.9
20150630,17,O3,99.9,114,111.3,112.7,125.5,109.5,115.3,101.8,,93.5,107.7,113.9,99.9,111.5,113.3,114.3,98.6,112,99.1,142.9,111.4,126.8,126.6,120.6,94.4,134.8,136.2,102,100.3,104.7,82,97.2,74.3,59,103.8
20150630,17,CO,0.4,0.3,0.3,0.1,0.4,0.3,0.3,0.2,,0.4,0.3,0.2,0.2,0.2,0.5,0.1,0.4,0.2,0.5,0.2,0.3,0.1,0.4,0.1,0.4,0.2,0.2,0.2,0.3,0.1,0.4,0.3,0.4,0.5,0.2
20150630,18,SO2,2,2,2,2.1,2,2,2,6,,4.3,2,2,2.9,2,2,4.6,2,2,5.2,2,2,4.3,8.5,2,5.6,2.9,2.8,3.3,2,5.6,2,3.1,7.1,3.9,2.9
20150630,18,NO2,15.9,16,22.3,17.8,29.9,28.4,24.3,15.5,,21.6,9.6,16.2,24,18.8,13.9,21.7,33.5,14,20.7,16.1,18.3,24.7,5.8,10.7,40.3,11.4,13.3,11.3,25.6,2.8,45.4,25.9,57.5,91.9,25.7
20150630,18,O3,100.3,115.8,107.6,112.5,116.7,108.8,106.2,94.9,,93.7,112.7,114.3,103.5,116.7,117.4,108.2,86.2,110.5,97.1,145.7,112.5,138,123.5,138.8,88.6,151,131.3,108.8,102.1,107.8,79.9,104.2,68,54,107.3
20150630,18,CO,0.3,0.3,0.3,0.1,0.5,0.4,0.4,0.2,,0.4,0.3,0.3,0.2,0.2,0.5,0.1,0.4,0.2,0.5,0.2,0.4,0.1,0.3,0.1,0.4,0.1,0.1,0.2,0.2,0.1,0.4,0.3,0.4,0.5,0.1
20150630,19,SO2,2,2,2,2.1,2,2.2,2,2.9,,4.7,2,2,2.9,2,2,4.6,2,2,4.8,2,2,4.7,12.1,2,6.4,3.1,2.3,3.3,2,6.4,2,2.7,5.4,4,2.9
20150630,19,NO2,20.5,19.4,26.3,23.7,32,30.1,28.2,17,,26.8,13.5,18.8,30.5,23.8,16.9,23.2,34,19.8,24.8,16.8,23,32.9,8.2,13.2,75.9,15.5,14,13.9,14.8,3.7,42.6,32.8,78.5,100.8,27.5
20150630,19,O3,95.5,112,102.8,104.4,112.5,109,101.7,88.3,,88.7,109.8,113.5,94.7,108.3,117,104.5,85.7,100.4,94.9,128.3,106.8,124.6,121.6,128,47.2,149.2,115.4,101.7,104.8,109.1,84.3,98.9,53.2,50.3,108.1
20150630,19,CO,0.4,0.3,0.4,0.2,0.5,0.4,0.4,0.2,,0.4,0.3,0.3,0.2,0.3,0.5,0.2,0.4,0.2,0.4,0.2,0.4,0.1,0.4,0.1,0.4,0.1,0.1,0.2,0.2,0.1,0.5,0.3,0.5,0.5,0.2
20150630,20,SO2,2,2,2,2.1,2,2,2,2.8,,4,2,2,3.3,2.5,2,4.9,2,2,4.8,2,2,4.9,3.9,2,3.7,3.3,2,3.9,2,6.2,2,2.5,5.3,4.1,2.9
20150630,20,NO2,22.2,21.9,27,24.8,28.9,29.7,25.1,20.8,,35.1,14.5,25.5,33.2,34.7,19.7,25.8,36.8,24.7,28.7,22.2,27.3,29,5,14.5,60.1,17.5,13.1,20.4,21.8,7.4,45.9,33.4,74.9,99.5,28.1
20150630,20,O3,86.1,101.5,95.1,93.6,107.4,99.6,99.9,75.5,,72.1,103.8,97.4,90,86.5,105.6,97,76.5,83.8,83.6,104.9,87.9,112.7,105.8,107.1,51.8,133.2,106.6,78,103,107.7,71.2,90.5,50.4,44.7,98.7
20150630,20,CO,0.4,0.3,0.4,0.1,0.5,0.4,0.4,0.3,,0.4,0.3,0.3,0.2,0.3,0.5,0.2,0.4,0.3,0.4,0.3,0.4,0.1,0.2,0.1,0.4,0.1,0.1,0.2,0.3,0.1,0.5,0.3,0.5,0.5,0.2
20150630,21,SO2,2,2,2,2.9,2,2,2.4,2.9,,4.3,2,2,3.3,2,2,5.2,2,2,4.4,2,2,4.7,2,2,2,3,2,3.1,2,5.8,2,3,5.3,4,2.4
20150630,21,NO2,25.6,33.7,30.9,28.4,31.8,36,28.9,34.8,,42.8,18.7,32.5,30.8,27.2,26.1,28.4,50.7,35.4,39.8,32,31.3,33.9,6.6,14.2,34.5,17.1,12.5,27.1,23.4,9,52.4,40.7,73.4,100.8,28.5
20150630,21,O3,79.9,88,87.7,90.7,99.6,89,93,43.1,,60.5,94.7,85.6,88.3,94.6,93.3,81.4,51,67.5,64.3,82,70.2,95,99.4,81.8,74.8,119.2,103.7,59.2,104.5,94.9,60.9,80,47.4,37.9,92.2
20150630,21,CO,0.4,0.4,0.4,0.1,0.5,0.4,0.4,0.3,,0.4,0.4,0.3,0.3,0.3,0.5,0.2,0.5,0.4,0.4,0.3,0.4,0.1,0.2,0.1,0.3,0.1,0.1,0.2,0.4,0.1,0.5,0.4,0.5,0.6,0.2
20150630,22,SO2,2,2,2.1,3.1,2,2,2.7,5.3,,4.6,2,2,3.3,2,2,5,2,2,4.5,2,2,4.6,2,2,2,3.1,2,4.5,2,6.2,2,3.1,7.1,2.8,2
20150630,22,NO2,28.4,37.5,35.6,31.9,44.7,41.9,34.4,51,,43.5,29,36.2,33.2,27.4,27.3,33.3,70.1,26.9,60.4,33.2,51.7,41.4,13.6,12.6,33.8,15.1,12.3,26.9,24.4,11.9,54.8,41.8,69.9,84.8,33.3
20150630,22,O3,72.9,78.7,75.1,79.5,83.8,77.7,75.8,17.9,,53,76,70.6,76.8,88.5,90.9,77.7,22.9,68.3,29.7,70.3,29.9,75.8,77.4,83.7,71.2,115.2,94,66.4,88.3,86.1,52.1,74.7,43.5,41.2,84.9
20150630,22,CO,0.4,0.4,0.4,0.2,0.5,0.4,0.4,0.4,,0.5,0.4,0.4,0.3,0.3,0.5,0.1,0.6,0.4,0.4,0.4,0.6,0.1,0.3,0.1,0.3,0.5,0.1,0.3,0.4,0.2,0.5,0.4,0.4,0.5,0.2
20150630,23,SO2,2,2,2.4,2.4,2.1,2,2.6,5.4,,4.3,2.4,2,3.1,2,2,5.2,2,2,4.5,2,2,4,2,2,2,2.7,2,7.2,2,6.1,2,3.4,4.9,2.5,2
20150630,23,NO2,36.3,37.1,33.3,44.3,49.6,50,37.3,58.6,,44.4,45.3,56.7,34.6,26.3,26.9,35.2,71.8,17.3,57.1,26.9,46.3,35.7,26.5,13.1,35.7,12.6,11.9,29.3,29.4,13,79.4,47.1,69.5,84.6,39
20150630,23,O3,58.6,67.7,70.9,51,65.8,59.6,60.9,2,,45.5,50.2,34.4,66.9,80.9,82.4,71.6,8.5,68,17.2,65.1,24.7,72.7,52.6,73.7,75.4,107,88.1,53.9,73.4,76.2,18.6,59.5,39.9,30.3,67.5
20150630,23,CO,0.5,0.5,0.5,0.3,0.6,0.5,0.5,0.5,,0.5,0.5,0.6,0.4,0.4,0.6,0.2,0.5,0.3,0.4,0.3,0.5,0.1,0.3,0.1,0.3,0.5,0.1,0.3,0.5,0.3,0.7,0.4,0.5,0.6,0.3
