date,hour,type,dongsi,tiantan,guanyuan,wanshouxigong,aotizhongxing,nongzhanguan,wanliu,beibuxingqu,zhiwuyuan,fentaihuayuan,yungang,gucheng,fangshan,daxing,yizhuang,tongzhou,shunyi,changping,mengtougou,pinggu,huairou,miyun,yanqing,dingling,badaling,miyunshuiku,donggaocun,yongledian,yufa,liulihe,qianmeng,yongdingmengxi,xizhimengbei,nansanhuan,dongsihuan
20150306,0,PM2.5,175.7,152.5,168.5,175.7,184.2,126.5,191.6,158.1,294.6,198.1,307.8,307.7,272.3,168.1,123,207.3,149.2,165.8,340.7,99.7,169.6,139.7,151.3,146.5,91.6,98.2,82.5,183.8,181.7,380.8,177.2,171.9,174.8,184,136.6
20150306,0,PM10,191.3,163.4,198.5,218.9,224.6,143,251.4,198.9,323.5,232.6,397.5,384.3,340.2,181.3,148.1,255.7,170.8,222.5,398.9,,211.8,167.8,177.4,,114.5,140.4,108.3,210.5,199.9,399.6,208.8,198,227.8,213.3,149.4
20150306,0,AQI,182,166,150,185,162,149,139,126,147,185,181,154,201,172,142,170,152,122,137,110,139,114,132,114,91,83,87,153,181,240,170,185,189,196,152
20150306,1,PM2.5,146.7,141.8,171.2,149.1,141.9,116,173.8,147.4,301.6,173.9,274.8,304.1,249.1,132.8,129.5,194.8,127.2,182.6,263.6,87,151.1,138.8,138,157,102.4,112.6,83.7,170.2,166.2,358.7,140,151.5,174.3,157.2,129.2
20150306,1,PM10,146.9,149,201.2,172.3,170.8,127.7,220.2,187.8,322.3,196.1,317.9,361.7,305,146.9,150.6,231.5,146.2,232,309.8,90,185,185,,,132.8,163.2,112.9,182.2,181.4,360.9,156.7,170,216,170.4,136
20150306,1,AQI,184,168,154,186,165,150,143,131,160,188,190,165,206,171,144,176,153,130,148,112,144,119,136,120,95,87,88,157,182,247,172,187,193,198,155
20150306,2,PM2.5,154.5,139.5,158.2,145.4,136.3,132.8,159.3,161.6,283.9,166.1,287.2,289.1,255.3,149.4,165.3,176.3,122.3,152.5,170.6,84.6,138,131.3,131.9,135.8,117.5,124.1,79.4,162.9,171.3,332.1,140.7,151.3,156.7,149.5,159.1
20150306,2,PM10,,148.5,180.4,161.8,160.3,143,199.3,220.3,292.9,182.5,337.3,334.2,300.5,160.7,179.4,207.7,131.5,192.9,186,,142.9,144.9,137,,152.1,173.6,92.7,168.6,196.7,,156.9,168.8,199.1,167.5,173.9
20150306,2,AQI,186,169,157,186,167,152,146,136,172,189,201,177,210,171,147,181,153,136,154,113,148,123,139,125,99,93,90,160,185,253,174,189,196,199,159
20150306,3,PM2.5,169.6,140.2,159.6,150.8,174.2,183.8,178,182.4,263.3,171.4,278.5,226,247.2,149.5,178,171.5,119.1,161.1,143.4,84.6,121.7,135.5,118.4,134.1,137.4,117.7,76.4,160.6,203,304.5,148.6,164.2,153.7,158.1,206.2
20150306,3,PM10,,150.7,181.8,163.2,206,210,230.7,249.8,,194.1,311.8,260.5,292.4,163.1,197.4,186.2,130.1,199,146.1,,126.3,143.7,131.3,,174.3,165.6,90.4,163.9,229.1,,161.5,178.2,188.8,174.8,217.9
20150306,3,AQI,187,170,159,186,170,156,150,142,184,190,207,187,214,171,150,186,153,142,160,116,153,127,141,129,104,97,91,163,190,258,175,190,197,200,166
20150306,4,PM2.5,182.9,144.2,183.6,164,194.1,190.2,205.9,186.8,212.8,161.3,248.2,234.3,244.4,172.6,182.7,171.4,115.4,140.8,186.8,83.2,122.5,137.3,127.3,136.3,155.9,114.8,77.9,175.3,192.5,301.8,152.9,165.3,197.3,168.6,190.8
20150306,4,PM10,,145.6,209.8,172.5,224.1,,267.8,254.7,220,191.2,295.5,281.7,278.7,190.4,196.6,180.4,125,177.5,201,,140.5,150.8,136.3,,198.9,144.1,91,,221.7,,171.6,179.2,244.2,,193.4
20150306,4,AQI,189,170,161,185,176,159,158,148,193,189,212,198,217,172,154,191,153,147,168,118,157,131,143,134,110,102,92,164,194,262,177,191,201,201,170
20150306,5,PM2.5,215.9,156.4,198.2,172.9,182.2,180.9,182,183.4,214.5,196.8,209,213.3,240.2,194.3,191,167.9,115.2,147,163.8,81.6,123.2,133.3,132.2,138.9,169.4,109.8,73.6,171.2,187.7,303.4,216.5,170.4,199.5,179,182.1
20150306,5,PM10,,,225.8,190.5,201.7,,226.4,240.2,215.1,208.4,234.2,254.1,269.3,202.6,207,180.1,118.9,182.9,172.6,,138.2,145.5,135.6,,207.6,141.7,90.9,181.9,216.7,304.4,248.9,187.2,254,188.7,189
20150306,5,AQI,193,172,166,184,180,162,164,154,201,190,217,205,220,175,158,194,153,153,176,119,162,136,146,138,117,106,94,165,197,266,181,193,205,202,174
20150306,6,PM2.5,209.3,184.5,172.5,196.9,160.4,176.7,162.2,168.7,180.4,179.8,195.8,184,204.1,187.9,199.2,150.4,117.9,142.9,140.3,78.6,122.3,124.9,150.8,138.7,150.2,113.6,70.3,177.6,187.4,288.4,180.4,194.7,170.4,182.4,181.7
20150306,6,PM10,218.8,212.4,189.2,233.9,180.7,,195.6,217.2,182.2,207.8,229.2,211.1,254.4,193.8,224.4,167.2,,170.4,145.3,,138.6,136.5,,,176.4,139.3,83.6,196.5,211.4,297.1,204.9,226.2,209.3,209.8,185.1
20150306,6,AQI,198,175,171,185,182,166,168,159,205,191,223,209,222,177,163,195,155,159,182,121,166,141,150,143,122,110,94,168,200,267,183,195,208,203,177
20150306,7,PM2.5,183.9,179.9,156.7,176.5,152.2,174.1,151.3,158.7,148.9,163.7,195.6,176.3,194,195.1,195.6,134.5,117.6,144.3,114.2,83.2,131.9,119.8,150.1,147.8,132.1,117.1,65.6,175.4,186.5,256.6,159.8,173,164.6,179.8,180.9
20150306,7,PM10,,188,170,201.6,164.9,,186.6,204,,178.3,224.1,194.3,243.8,209.7,208.7,153.5,125.1,179.5,114.3,,147.8,149.4,160.5,,145.3,135.1,78.5,192.6,204.4,265.8,176.2,203,194.5,202.2,185.9
20150306,7,AQI,201,178,174,184,184,169,171,165,207,195,228,215,224,179,168,194,158,164,186,122,171,145,154,147,127,114,94,171,203,270,186,196,210,203,180
20150306,8,PM2.5,171.2,162.3,154,152.6,154.3,165.3,152.7,161.2,140.8,157.5,174.1,194.7,171.8,198.5,192.2,142.2,133.1,153.9,113.3,86.7,131,126.9,174.2,154.6,117.4,118,64.7,167,195,260.7,150.8,161.5,157.2,159.3,178
20150306,8,PM10,,178.6,167.9,176.4,174.1,,195.9,201.7,,180.9,207.7,241.4,212.1,225.8,215.6,163.5,147,191,117.3,96.7,148.8,159.9,194.5,,140.9,143.4,78.4,193.3,215.6,274.5,172.4,189.7,195.8,194.6,191.9
20150306,8,AQI,202,179,177,182,186,171,175,171,209,199,233,220,226,183,172,192,161,170,190,119,175,149,159,152,130,118,94,173,206,275,187,196,212,203,182
20150306,9,PM2.5,178.6,153.6,152.2,157.5,162.4,171.8,169.5,198.4,145.8,161.3,171.9,156,169.3,220.5,204.3,150,133,163.1,109.3,94.2,138.7,142.9,208.4,157.3,101.9,115.8,71.9,168.8,182.5,237.4,149,159.3,164.7,165.2,188.1
20150306,9,PM10,,168.4,177.5,183.3,193.5,180.1,227.5,207.8,146.4,190,198.5,175.8,210.7,259.4,236.1,178.2,153.4,209.8,112.9,114.1,150,187.6,243.9,,133.1,138.9,87.7,195.7,207.5,252.3,172.6,183.2,195.3,185.4,211.5
20150306,9,AQI,203,179,179,183,188,172,178,178,212,201,237,223,229,188,177,190,165,176,194,118,179,152,164,155,132,122,93,175,208,279,187,196,213,203,184
20150306,10,PM2.5,194.7,161.5,156.7,168.8,162.8,176.5,166.3,193.5,153.6,155.6,157.7,158,172.1,196.5,208.7,153.9,115,172.5,125.6,98.1,138.9,143.1,162.5,162.7,108.4,107.1,88.5,185.2,186.1,225.5,161.1,170.8,163.8,174.9,186
20150306,10,PM10,,178.5,169.3,199.9,185.5,,212.4,212.5,,176.1,189.1,173.4,213.2,227.9,241.8,188.2,137.2,224.9,134.1,124,154.3,164.9,173.5,,139,129.4,109.5,202.9,223,231.1,182.2,190.3,193.5,187.2,199.4
20150306,10,AQI,205,179,181,185,189,174,181,184,214,203,239,226,231,191,182,189,166,182,199,119,181,156,168,160,135,126,94,177,212,279,189,196,215,203,184
20150306,11,PM2.5,204.9,177.6,172.6,173.2,176.4,175.7,164.9,207,172.6,171.8,178.6,162.7,168.1,,208.7,187.2,134.3,168.8,169.5,132.2,125.5,143.1,142,157.4,115.4,108.4,117,193.9,194,202,176.9,181.2,186.6,183.1,189.9
20150306,11,PM10,,194.7,186.5,207.5,199.8,180.4,202,,,173.8,200.8,178,207.4,200.4,250.2,219.2,145,216.1,179,162.3,167.4,152.4,,,145.4,130.7,146.9,209.1,239.9,,198.1,201.3,219.8,199.6,192
20150306,11,AQI,207,181,183,187,191,175,184,191,216,204,241,228,232,192,187,190,164,187,202,121,182,160,171,165,137,129,97,183,217,281,190,197,217,203,184
20150306,12,PM2.5,229.8,202.4,191,193.2,191.7,192.7,178.8,205,173.2,181.7,182.4,177.4,186.8,,227.4,195.4,148.4,153.8,183.9,137.4,132.7,151.8,128.6,172.4,115.1,124.9,124.8,192,211.3,198.1,193.7,202.6,189,206.9,206.6
20150306,12,PM10,,215.3,200.9,218.7,215.4,201.6,208.4,206.6,175.9,183.6,214.3,192,215.8,,260.8,226.9,164.9,185.3,194.6,163.1,164.3,169.3,151.6,,161,155.2,169.6,220.6,260.4,,213.5,219.5,226,220.3,212.3
20150306,12,AQI,211,187,188,191,195,180,188,196,219,206,244,231,235,196,196,193,164,190,205,125,183,163,173,168,139,133,101,190,220,284,195,202,219,207,189
20150306,13,PM2.5,249.4,234.6,192.2,214.1,208.5,220.5,190.3,198,188.6,200.8,196.8,184.4,214.7,117.7,238.3,197.5,186.2,162.6,190.7,141.5,147.8,156.9,125.6,164.3,104.7,137.3,124.9,206.8,205.2,221.1,209.7,226,215.6,238.6,235.3
20150306,13,PM10,,241.1,209.4,244.6,228,221.1,221.9,199.8,,220.2,219.6,195.1,246.3,331,265.1,241.9,206,190.2,192.9,191.7,193.4,175.2,157.9,,136,180.3,172.4,235.9,260.3,,234.9,247.3,245.7,254.4,
20150306,13,AQI,217,195,193,200,201,188,193,199,223,210,248,234,241,199,205,197,168,192,208,128,184,167,176,171,141,135,103,199,225,290,201,207,224,213,197
20150306,14,PM2.5,256.6,221.5,210.9,225.3,222.6,217.7,194.2,202.3,184.3,236.9,211.2,192.5,222.6,213.3,209.8,195.3,189.7,168.7,201.5,151.2,166.2,161.3,100.4,170.7,159.8,146.8,134.9,185.7,218.3,231.3,224.2,231.3,231.4,241.3,232.4
20150306,14,PM10,,236.4,229,256.4,241.3,219,218.3,,,246.9,247.9,209.4,259.5,275.7,231.8,239.5,215.8,195.3,,205.8,201.9,202.6,123.4,,194.9,207.2,187.2,211.2,265.4,,243,248.3,265.7,246.4,
20150306,14,AQI,224,203,200,207,204,197,200,203,227,217,254,239,247,206,212,204,176,194,213,132,184,170,177,173,144,137,108,204,230,297,208,214,230,220,205
20150306,15,PM2.5,250.4,214.4,222.3,217.8,226.3,209.9,215.8,204,201.4,227.1,226.4,221.9,210,189.6,190.9,171.5,187.2,179.1,223.1,168.5,176.9,167.3,98.7,178.8,143.5,162.7,154.9,182.4,244.9,252.3,210.6,214.7,241.2,222.9,230.5
20150306,15,PM10,,226.1,238,243.1,243.4,216.2,260.6,205,,241.8,248.2,243.5,244.5,247.9,213.4,214.2,206.2,206.6,227.7,214.9,218.4,200.3,114,,167.4,230.6,202.4,207.5,287.8,,233.1,240.4,271,225.5,
20150306,15,AQI,231,209,207,213,212,204,207,208,233,223,261,246,253,212,213,209,183,196,219,137,188,176,178,177,145,141,113,209,234,304,214,221,237,226,212
20150306,16,PM2.5,228.6,197,203.3,197.5,218,195.6,215.7,221.9,226.6,206.3,215.9,214.7,239.3,213.6,210.1,184.9,190.3,185.3,244.8,177.3,190.7,179.3,106.3,196.8,148.6,163.6,164.3,203.7,245.2,257.7,185.1,200.3,221.5,211.2,210.2
20150306,16,PM10,,211.1,220.1,221.3,232.5,203,247.2,237.7,,241,252.3,231.3,283.6,275.8,236.6,226.3,213.4,218.7,247.1,217.1,250.2,212.9,124.8,,186.7,239.5,211.1,229,296.1,,237.2,231.9,253.6,219,
20150306,16,AQI,237,215,213,218,218,209,213,215,239,229,267,252,260,218,221,214,191,204,226,143,194,183,178,185,148,146,119,215,239,312,219,226,243,232,217
20150306,17,PM2.5,241.6,217.9,213.3,225,210,202.3,206.6,230.2,217,241,252.6,223.2,254,229.9,238.1,211.5,178.5,199.3,250.9,178.6,200.1,193.2,138.9,205.6,167.1,176.4,171.5,221,210.5,255.8,209.5,223.8,228.2,235.6,220
20150306,17,PM10,,241.1,234.1,255,230.6,217.3,240.9,248.8,,289.6,289.2,254,306.5,284.9,264.8,256.3,198.4,235.8,,227.1,228.6,219,170.2,,202.7,253.8,219.8,240.4,244.8,,235.7,260,267.5,258.3,
20150306,17,AQI,244,220,219,225,224,215,219,221,245,236,274,258,268,225,228,220,197,209,233,149,202,190,182,193,153,152,125,222,240,319,224,232,249,238,223
20150306,18,PM2.5,268.9,226.4,235.9,239.9,233.7,234.6,236.2,221.5,239.2,255.5,259,248.8,262.5,246.8,251.4,233.6,190.9,213,276.1,193.8,201.1,183.1,169,227.1,190.4,189.2,183.8,229.2,171.6,261.9,225.9,240.5,253.1,253.6,242
20150306,18,PM10,,260,261.5,276.3,264.1,237.6,287.2,240.7,,273.2,309.4,294.5,314.5,295.9,273.9,262.5,210.7,255.5,278.5,234.7,242,227.3,208,,235.6,264.9,228,236.9,202.3,,254.9,280.9,300.2,273.4,249
20150306,18,AQI,252,227,225,232,230,221,225,227,252,243,282,265,275,234,235,227,203,215,242,156,207,197,187,201,160,159,131,229,242,327,231,239,257,246,230
20150306,19,PM2.5,284.5,229.8,246.1,251.4,246.7,238.3,250.5,230.5,247,270,278.7,272.5,267.5,253.1,261.2,286.8,206,230.7,293,228,203.1,194.4,198.5,230.8,206.8,189.8,194.5,262.6,202.1,287.8,242.5,264.6,267.6,270.6,281.3
20150306,19,PM10,,252.6,269.4,282.8,274.6,241,304.2,254.8,,276.8,320.4,312.6,324.5,306,289.9,323.5,231.3,271.8,306.5,268,251.7,231.6,233.4,,250.2,261.9,234.8,296.2,230.7,,274.1,301.3,311.5,303.5,299.4
20150306,19,AQI,259,234,232,239,237,228,233,233,259,250,290,272,283,242,243,236,209,221,250,165,212,203,194,208,168,166,138,238,248,335,237,246,264,253,239
20150306,20,PM2.5,298.9,240.6,253.7,265.7,255.7,253.8,260.2,242.1,254.5,259.4,304,280.2,291.8,305.1,274,402.3,222.8,238.1,307.9,268.2,238.4,200,215.7,231.5,213.6,188.4,196.9,321.8,215,312.9,252.9,274.7,275.5,280.9,303.2
20150306,20,PM10,,246.1,273.6,292,277.1,262,311.5,262.3,,280.7,353.3,330.8,363.1,377.6,308.4,434.6,244.4,275.2,313.2,306.5,282.8,230,235.6,,243.8,256.3,239.7,342.5,249.7,,296.4,312.2,307.6,315.1,315.6
20150306,20,AQI,266,239,238,244,243,235,239,238,265,255,295,278,286,247,250,248,213,226,258,170,215,203,198,213,176,173,144,246,252,336,242,252,268,258,248
20150306,21,PM2.5,309.9,253.1,262.3,279.2,264.7,274.6,263.7,255.7,264.5,286.8,331.8,324.2,320.5,349,281.9,336.8,257.6,234.8,299.4,238.8,275.8,251.2,221.5,227.2,214.6,198.8,189.5,349.5,286.7,334.1,266.5,277.7,289,302.2,319.4
20150306,21,PM10,,255.1,282.8,306.1,289.8,275,314.9,270.2,,310.4,358.8,370.9,397.5,405.7,314.7,370.6,287.7,265,,260.6,305.4,289.6,246.8,,240.7,269.8,230.1,363.3,311.5,346.3,299.4,306.1,324.7,328.1,327.5
20150306,21,AQI,270,241,242,247,246,240,244,243,269,255,296,282,285,255,254,253,213,228,264,177,214,204,199,219,184,179,149,252,254,335,246,255,271,261,255
20150306,22,PM2.5,303.9,261.4,261.3,277.5,279.6,290.7,266,286,269.9,318.2,300.5,309.1,390,331.3,293.5,326,267,232,302.8,215.3,244.9,251.4,221.5,230.4,213.8,199.4,188.9,342.7,196.1,398.8,260.2,285.3,293.5,297,321.3
20150306,22,PM10,,261.8,279,298.8,302.3,,312.9,291.1,,325.1,333.9,343.6,531.1,372.2,311.5,352.6,304.8,250,,235.4,250.3,285.8,236.9,,241,266.5,230.1,361,242.7,425.6,292.8,310,343,315.3,
20150306,22,AQI,273,242,245,250,249,245,247,249,270,258,293,282,289,260,259,257,214,229,266,183,215,209,201,224,192,184,156,258,252,336,245,255,257,262,262
20150306,23,PM2.5,314.3,257.7,256.3,281.6,290.2,301.1,279.9,294.8,267.1,322.2,304.6,289.8,346.9,247.3,248.4,305.6,277.7,234.4,279.1,216.1,227,260,235.6,304.1,215.7,207.4,188.8,243.8,138.6,436.3,275.2,288,300.2,304,330.7
20150306,23,PM10,,261.4,269.6,302,310.2,305.7,329.5,308.3,,370.8,322,319.2,441.9,288.5,267.6,332,300.8,246,,232.1,234,280.1,251.9,,244.5,271.6,222.8,,203.1,437.1,308.9,316,330.2,312.6,331.6
20150306,23,AQI,276,244,248,253,252,251,251,255,269,261,290,281,292,262,263,261,217,231,263,189,218,216,207,230,200,191,163,260,250,338,247,256,262,263,269
20150306,0,SO2,61.5,52.1,73.6,68.5,67.8,59.2,74.7,61,101.4,76,135.7,115.4,93.9,59,51,87.1,48,81.1,64.1,48,46.9,48.6,44.1,41.4,43,41.3,49.5,61.1,41.6,110.8,62.1,63.2,79.5,78.7,62.3
20150306,0,NO2,58.1,53.9,84.3,78,84.4,55.2,99.1,73.1,71.3,68.8,81.7,88.4,67.1,58.4,54.1,86.2,67.4,88,80.7,37.6,57.4,46.4,54.4,42.6,42.1,33,37.5,124.7,39.6,76.6,73.2,77.2,100.7,89.1,89.3
20150306,0,O3,19.5,31.4,11,20.6,25.5,39.8,2,8.5,23,4.5,15.9,3.8,19.8,24.1,40.2,6.9,12.8,6.5,5,46,15.4,40.3,27.5,35.5,61.9,50.3,44,2,19.7,5.1,16.3,9.6,13.5,6.4,2
20150306,0,CO,2.1,1.5,1.2,1.7,1.7,1.1,1.3,2.1,1.7,1.4,1.7,2.3,1.5,1.6,1,1.9,1.6,1.8,3.4,1.1,1.8,1.8,2.2,1.8,0.7,1.1,1,1.7,1.9,2.7,1.7,1.7,1.4,3.1,1.5
20150306,1,SO2,48.7,46.5,71.8,50.1,50.6,58.4,66.3,44.1,94.1,63.9,95.2,108,74.5,48.9,63.3,88.2,,75.7,37.1,42.2,25.3,31.8,37.9,40.4,45.4,42,48.6,62.3,40.5,121.2,49.2,53.7,69.6,61.6,60.3
20150306,1,NO2,42.8,49,94,76.8,72,51.7,92,69.8,71.9,67.8,68.2,86,63.5,55.1,45.3,86,52.1,86.7,69,33.4,49.4,51.8,46.2,41.3,41.2,34.3,37.1,127.1,36.5,79.1,63,68.4,94.6,87.1,83.4
20150306,1,O3,28.2,31.9,5.1,17.1,31.3,40.4,4.6,2.9,16.9,4.6,19.6,3.2,18.5,24.5,40.8,5.8,9.5,5.2,4.9,45.6,14.5,25.6,31,31.7,58.7,43,42.2,2,20.5,4.7,24.8,14.2,14.7,4.7,2
20150306,1,CO,1.7,1.4,1.7,1.7,1.5,1.1,1.3,2.4,1.8,1.5,1.7,2.2,1.6,1.5,1.2,1.8,1.3,1.9,4,1.2,2,1.9,2,1.8,0.8,1.2,1.1,1.6,1.7,2.7,1.5,1.7,1.6,3.7,1.4
20150306,2,SO2,44.2,39.9,62,46.2,47.4,62.2,52.6,38.6,81,54.7,92.5,94.5,59.6,47.8,69.9,81.3,,58.7,26.5,36.5,26.1,27.8,34.4,38.5,49.4,42.1,49.6,53.2,37.7,91.9,46.7,54.8,64,58.2,58.3
20150306,2,NO2,44.9,46.2,81.1,71.3,77,51.9,82.4,70.2,71.7,58.4,79.7,81.9,61.8,64.6,52.4,82.4,37,70,42.1,32.2,41.6,51.2,41.4,38.4,42.9,36.1,35.3,118.7,38.5,76.7,61.5,66.4,78.1,86.8,75.6
20150306,2,O3,18.8,28.9,11.4,18.6,24.7,34.9,6.5,2,14,11.1,11,3.2,12.8,12.3,28.1,5.1,2,10.9,19.2,41.6,19.2,19,30.6,33,53.2,36.8,41.9,2.4,16.4,4.8,20.6,12.1,22.9,3.8,2
20150306,2,CO,1.7,1.4,1.8,1.8,1.5,1.2,1.4,2.5,1.7,1.7,2,2.3,1.7,1.6,1.6,1.9,,1.9,2.5,1.2,1.7,1.9,2,1.6,0.9,1.2,1,1.7,1.7,3,1.6,1.7,1.7,3.6,1.8
20150306,3,SO2,45.4,28.7,56.5,42.4,57.4,57.5,55.7,39.9,67.2,49,76.8,61,52.3,47.9,63.9,66.2,20.1,52.4,34.5,36.8,24.2,32.6,29.3,36.4,51.3,26.6,50.6,49.6,34.1,84.6,48.6,53.8,50.6,55.7,32.1
20150306,3,NO2,54.2,44.4,71.3,75.3,88.4,86.7,93.1,66.6,72.9,63.1,79.2,76.7,70.8,68.3,52.1,75.7,36.1,71.3,51.7,31.2,35.1,59.9,42.7,41,60.1,34,35.2,112.2,45.3,76.6,66.2,67.9,81.2,84.2,81.3
20150306,3,O3,8.1,22.5,14,10.6,17.3,11.7,2,2,10.6,2,9.3,2.7,7,5.9,23,4.9,,9.3,16.6,40.2,24.1,11.5,25.1,31.1,29.4,32.5,42.6,2.9,7.1,4.5,13.3,7.1,17.2,2,2
20150306,3,CO,1.4,1.4,1.7,1.9,2.5,2.5,2.4,2.8,1.6,1.9,2.3,2,2.3,1.8,1.6,2,,2.7,2.4,1.2,1.5,2.2,2,1.3,0.9,1.2,1,1.8,1.8,2.8,1.8,1.8,2.1,3.4,2.6
20150306,4,SO2,47.4,17.3,56,40.4,63.4,50.8,54.8,37.8,68.7,36.7,68.3,53.8,38.6,49.8,58.5,56.1,7.7,51.2,48,36.5,23.4,27,29.1,32,55.9,16.7,46.7,46.9,18.4,76.8,51.5,42.5,48.3,50,35.4
20150306,4,NO2,58,46.3,87.4,77.3,92.8,89.6,98.8,64,85.8,71,82.7,76.4,69.1,65.4,57.1,71.6,,77.9,76.2,32.5,35.6,51,39.8,39.1,64.8,31.9,34.9,107.8,44.6,74.7,73.8,68.2,92.2,81.7,89.5
20150306,4,O3,9.5,10.8,7.1,6.2,14.9,9.2,2,,7.2,2,10.1,2.4,11.7,5.4,15.2,4.7,,5.7,5,36.7,21.1,12.5,24.5,24.6,20.9,27.9,40.8,,2,,4.2,2.2,13.2,2,2
20150306,4,CO,1.7,1.5,2.5,1.9,2.5,2.5,2.8,3.6,1.9,2,2.6,3,2.5,1.7,1.6,2,0.1,2.4,1.9,1.2,1.5,2.6,2.1,1.3,1,1.1,1.1,2.1,1.6,2.8,2,2.1,2.7,2.8,2.7
20150306,5,SO2,52.9,21.2,61.8,44,60.8,53.5,48.2,37.1,61.1,35.8,43.7,52.2,39.5,47.6,49.7,53.1,6.7,309.9,46.1,35.4,22.1,25.6,20.2,30.7,48.1,16.7,37.6,47.5,16.4,35.1,51.3,35.8,53.8,46.9,25.6
20150306,5,NO2,78.6,60.6,96.9,81.2,85.3,90.4,113.7,68.8,79,74.8,79,86.4,68.5,65.4,62.6,69.4,,78.6,68.4,32,36.7,51.9,41.6,41.4,62.6,,37,102.6,41.3,67,81,70.6,95.2,84.1,82.4
20150306,5,O3,8.3,7.3,4.5,5.4,14.5,8.6,2,2.9,6.9,2,8.4,2.3,12.4,3.9,9.3,4.4,3.3,5.9,8.1,34.7,18.3,8.1,18.5,21.5,16.7,29,36.4,2,2,8.7,2,2,12.3,2,2
20150306,5,CO,2.8,2,2.9,2.2,2.6,2.4,2.7,4.9,2.5,2.4,2.5,3.5,2.9,1.9,2.1,2.1,1.1,1.8,1.8,1.2,1.5,2.9,2.1,1.3,1.1,1.1,1.1,2.1,1.7,3.8,2.6,2.5,2.9,2.5,2.8
20150306,6,SO2,49.7,40.1,56.8,60.1,62,49,47.9,33.1,70.6,57.9,37.2,44.4,51.1,48.5,42.8,53.7,16.2,184,38.1,38.9,21.6,27.7,27.3,28.6,33.3,13.1,34.4,40.5,11.1,15.4,54.2,58,49.3,49.9,25.2
20150306,6,NO2,77.9,81.7,96,93.9,87.4,86.8,93.1,62.6,84.1,87.2,81.8,84.1,79.1,65.9,79.5,68.1,67.9,64.6,56.9,32.6,37.8,52.9,43.3,40.8,44.3,27.1,32.3,104.9,41.4,63.5,87.6,85.3,95.2,95.9,83.4
20150306,6,O3,7.7,7.4,4.1,6,13.6,9,2,2,7.3,2,10.8,2,12.2,3.4,2,3.8,6.3,10.3,11.2,33.9,15.7,7.7,16.1,18.3,31.9,25.3,36.5,2,2,7.9,2,2,11.3,2,2
20150306,6,CO,2.9,2.7,2.8,2.9,2.4,2.8,2.6,4.8,2.5,2.9,2.9,3,2.7,2.4,2.7,1.9,1.6,1.6,1.8,1.2,1.4,2.6,2.3,1.3,1,1.1,1.1,2.2,1.9,4.9,2.9,3,2.7,3.2,3.3
20150306,7,SO2,52.9,20.3,57.9,58.8,64,49,51.3,17.7,61,60.1,34.1,48.7,50.3,59.7,44.2,52.8,22.5,46.3,40.8,32.9,23.3,26.8,26.2,30.2,27.4,12.1,34.9,32.6,9.5,21.3,54.3,61.1,54,62.2,27.6
20150306,7,NO2,78.7,73.2,96.6,94.7,86.7,83.8,93.5,57.7,71.5,90.2,83.7,85.2,85.1,68,79.9,67.1,68.5,61.3,42,34.7,45.1,52.8,48.2,45.2,36.8,27.4,32.2,103.6,40.2,63.3,86.8,85.4,97.2,102.8,83.1
20150306,7,O3,6.8,6.8,3.6,5.3,13.5,8.7,2,2,12.8,2,9.2,2,11.9,3.1,2,4,5.9,9.7,18.1,30.2,8.6,7,11.3,13.3,35.8,23.3,36.5,2,2,7,2,2,9.9,2,2
20150306,7,CO,2.6,2.6,2.7,2.8,2.3,2.8,2.4,4.2,1.7,2.7,3.2,2.7,2.9,2.6,2.6,1.9,1.9,1.6,1.5,1.2,1.5,2.4,2.4,1.4,1,1.2,1.1,2.5,2,4.3,2.5,2.9,2.7,3.3,4
20150306,8,SO2,57.8,17.2,65.8,60,74.7,56.3,63,22.5,62,63.3,47.9,54.2,59.5,80.1,43,56.6,29.9,49.4,35.3,33.8,23.8,30.7,27.4,32.9,40.2,16.2,35.7,42.2,7.7,30.5,51.8,57.7,68.4,73.4,31.1
20150306,8,NO2,77.8,71.3,94.6,91.3,83.7,84.4,91.3,57.2,65.7,91.6,78.7,82.6,89.1,72.5,78.1,62.5,68.1,63.8,41.4,43.4,42.2,52.5,55.1,45.9,64.4,26.6,35.1,105.5,31.4,64.5,86.8,85.8,96.1,101.2,80.2
20150306,8,O3,8.1,6.9,4.5,6.6,15.8,9.3,2,2,20.7,2,10.4,3,12.3,2.8,2,5.6,6.5,9.9,18.6,23.6,12,8.5,13.2,12,16.5,24.8,39.2,2,2,7.5,2.5,2,10.1,2,2
20150306,8,CO,2.4,2.5,2.5,2.3,2.4,2.8,2.7,3.9,1.5,2.7,2.8,3.8,2.7,2.6,3.2,2.2,2.2,1.8,1.5,1.4,1.5,2.5,3.2,1.5,1.2,1.2,1,2.6,2,4,2.4,2.7,2.6,2.9,3.8
20150306,9,SO2,65.1,39.8,79.3,67.6,86.9,62.4,81.1,46.2,63.8,70.6,60.4,60.9,62.6,110.4,60.2,65.8,50.5,62.8,35.7,45.5,27.1,36.8,48.8,39.6,55.2,14.6,41,60.9,23.5,64,60.8,67.8,76.3,75.7,62.8
20150306,9,NO2,74.5,80.2,92.4,87.8,85.6,94,89.9,58.1,61.8,89,72.2,81.6,86,89.2,81.7,63.6,64.2,59.8,32.2,51.6,42.6,50.2,62.6,38.8,56.7,21.7,,103.5,30.5,74.9,86.7,86.8,93.1,104.5,90.5
20150306,9,O3,12.3,7.9,7,11.2,18.8,10.6,2,5.5,26.8,2,16.3,5.8,15,4.3,2,7.5,12.3,14.8,29.3,20.4,14.5,13.2,18.1,23.8,33,22.8,42.7,4.2,4.1,8.8,5.8,2,13.4,2,2
20150306,9,CO,2.5,2.4,2.4,2.3,2.8,3.5,3.1,3.2,1.6,2.6,2.5,2.4,2.7,3.6,3.1,2,2.1,2.1,1.4,1.6,1.6,2.6,3.2,1.4,1,1.2,1.1,2.4,1.7,3.5,2.5,2.6,2.5,2.8,4.3
20150306,10,SO2,65.3,64.9,82.7,70.9,73.3,74.7,81,62.3,68.2,76,68.3,65.8,74.2,85.9,64.1,71.1,51.4,74.4,44.1,47.7,36.9,44.1,48.2,55.9,52,27.4,50.7,48.5,49.4,91.9,66.1,74,81.2,80.8,84.6
20150306,10,NO2,70.3,83.7,86.1,87.9,81.3,92.5,92.4,58.6,53.9,80.3,76.2,76.7,87.6,97.7,77.1,60.4,63,73.3,36.1,56.9,40.4,48.6,47.3,,50.7,21.9,62.4,98.8,36.9,86.7,79.1,85.4,87.5,105.2,93.9
20150306,10,O3,15.9,14.8,13.6,17.4,24.6,14,2,14.3,39.3,8,21.6,13.2,16.9,6.5,6.5,16.2,20.7,18.6,33.8,23.1,27.7,23.5,33.7,38,48,37.7,44.2,8.6,14.6,12.4,16.1,5.3,19.5,2,2
20150306,10,CO,2.5,2.4,2.3,2.4,2.4,2.9,2.5,2.5,1.6,2.2,2.2,2.2,2.5,3.4,2.6,1.8,1.9,2.5,1.5,1.5,1.5,2,2.1,1.4,1,1.2,1.2,2.4,1.7,3,2.3,2.5,2.4,2.9,3.3
20150306,11,SO2,64.8,66.6,80.7,68.8,67.1,77.2,76.7,70,69.5,77.6,68.7,66.9,68.3,74.7,66,68.1,,69.9,60.5,54,66.7,66.8,49.7,63.5,58.7,34.8,54.4,51.4,54.6,81.4,66.4,74.3,83.6,81.7,88.4
20150306,11,NO2,75.9,88.3,85.4,88,73.2,83.5,85.4,59.2,51.8,79.1,70.7,69.9,87.8,100.8,79.9,54.9,11.2,69,54.4,60.1,50.9,48.4,40.8,,48.5,22.8,64.6,92.2,38.6,84.9,79.6,84.8,90,111.8,92.9
20150306,11,O3,20.1,18,21,25.3,36.4,25.2,12.2,29.9,49.7,18.6,33.5,25,23.4,,12.1,32,2,30.9,33.2,32.9,42,43.8,52,36.1,60.7,48.8,49.2,12.2,24.4,20.5,24.2,11.3,23.8,3.1,2
20150306,11,CO,2.5,2.5,2.3,2.4,2.1,2.4,2.1,2.1,1.7,2.2,2,2,2.4,3.2,2.5,1.7,0.4,2,1.7,1.9,1.4,1.8,1.6,1.6,1.1,1.2,1.3,2.1,1.8,2.5,2.3,2.5,2.5,2.8,2.7
20150306,12,SO2,67.1,76.1,70.6,66.6,68.1,73.4,70.4,75.7,67.2,74,72.5,70.2,62.4,84.2,66.3,66.3,,69.6,65.2,51.5,59.4,68.4,53,66.9,60.8,48.3,56.7,52.9,60.9,75.5,68.8,79.9,70.6,82.5,81.2
20150306,12,NO2,72,96.9,89.7,97.5,86.6,92.3,91,59,61,88.3,81.9,79.2,89.5,96.4,73.4,52.5,10.9,52.4,66.9,48.9,51.9,52,33.9,63.3,44.9,26.4,72.8,87.8,41.3,91.5,98.3,101.5,95.3,123.1,103.9
20150306,12,O3,29.5,22.2,26.3,30.3,38.2,29.3,19.3,37.8,49.3,23.6,37.5,29,29.2,26.7,27.6,47.6,2,52.9,32.9,49.8,47.1,53.8,68.7,43.5,72.5,61.5,53.1,20.4,37.8,27.2,23.1,12.1,27.5,2.4,2
20150306,12,CO,2.5,2.5,2.2,2.4,2.3,2.2,2.1,2.1,1.9,2.4,2.1,2.2,2.2,2.8,2,1.5,,1.7,1.9,1.5,1.5,1.8,1.5,1.8,1,1.2,1.4,1.9,1.7,2.4,2.6,2.8,2.4,3.2,2.5
20150306,13,SO2,68.9,72.3,67.6,69.1,70.7,77.2,68.9,71.5,66.9,70,70.1,68.1,64.1,73.9,61.7,70.6,5.5,65,69.1,56.3,59.7,72.7,55.5,62.3,52.8,53.9,59.3,56.4,61,70.8,73.3,79.9,71.9,86.8,79.7
20150306,13,NO2,83.5,93.4,104.7,115.3,101.6,97.4,103.8,60.2,67.6,102.2,95,90.6,101.1,88.9,73.6,53.2,10.2,51.1,70.3,47.5,50.7,48.6,32.6,47.6,36.5,30.9,50.9,92.8,37.2,92.1,102.4,104.7,105,140.1,102.4
20150306,13,O3,32,38.8,31.2,31.7,43.3,34.4,21.7,46.2,54,27.6,43.8,34.7,36.6,42,37.5,60.7,2,65.7,43.1,56.9,57.9,63.9,81.9,70,87.9,72.4,64.5,24.6,58.2,44.7,34.9,25.2,33.3,6.1,2
20150306,13,CO,2.6,2.5,2.3,2.8,2.3,2.3,2.2,2,1.9,2.6,2.2,2.1,2.4,2.3,1.9,1.5,,1.6,1.8,1.5,1.6,1.7,1.4,1.6,0.8,1.3,1.3,1.8,1.5,2.4,2.6,2.8,2.4,3.6,2.4
20150306,14,SO2,65.3,70.2,70.5,69.4,67.4,70.2,65,69.1,65.8,74,69.2,65.9,64.6,63.3,57.5,71.1,8.6,64.6,64,56.9,61.2,61.8,42.4,58.7,62.3,53.8,55.6,59.1,73.4,74.4,68.2,75.6,69.9,82.8,79
20150306,14,NO2,84.6,84.4,123.5,100.9,,93.7,119.4,68.8,82.1,106.7,109.9,102.4,84.5,45.9,43.4,49.1,11.1,53.8,85.7,44.2,55.1,39,23.9,43.4,57.5,34.9,60,85.3,34.1,71.9,99.3,99.5,127.3,123.4,107
20150306,14,O3,45.3,61.4,30.5,56,43.6,51.8,22.9,51.7,60.7,36.8,47,41.3,59.7,99.4,73.4,72.5,,76.4,46.5,68,67.8,89.9,100.6,87.4,74.3,82.9,67.9,34.9,79.8,73.9,50.3,39.6,28.7,27.2,2
20150306,14,CO,2.5,2,2.6,2.2,2.3,2,2.2,2,1.9,2.6,2.4,2.2,2.2,1.7,1.4,1.4,0.4,1.7,2,1.4,1.6,1.5,1.1,1.5,1.3,1.4,1.3,1.5,1.6,2.1,2.3,2.3,2.7,3,2.2
20150306,15,SO2,62.3,66.4,70,64.5,67.9,66.8,68.2,68.8,64.1,67.7,65.8,67.2,59.7,69.3,58.7,69.6,4.2,69.7,64.5,51.9,61.2,60,41.9,59.5,55.8,54.1,49.9,59.1,95.7,86.2,63.9,69.8,73.7,78.4,79.5
20150306,15,NO2,62.2,47.5,105.3,67.6,98.4,72.3,135.6,84.5,105,69.5,83.6,107,58,40,38,37.3,9.9,64.6,103.1,46.2,59.3,39.3,26,49.5,52.6,33.2,68,74.5,37.7,58.6,71.3,68.8,124,121.2,105.5
20150306,15,O3,70.1,110.6,51.8,92.7,,79.1,20.6,47.5,53.1,83.9,76.8,45.6,88.7,118.6,87.3,99.7,,80,41.3,76.9,78.6,98.2,100.9,94.2,92,98.4,76.8,49.3,87.1,99.3,85.8,76.8,37.1,34.4,2
20150306,15,CO,2.2,1.6,2.1,1.8,2.2,1.7,2.4,2.1,2.2,1.9,2.1,2.4,1.8,1.6,1.3,1.1,0.1,1.8,2.2,1.4,1.6,1.5,1.1,1.6,1.1,1.3,1.4,1.4,1.8,2,1.8,1.8,2.4,2.8,2
20150306,16,SO2,61.9,68.6,65.5,66.4,63,65,63.4,70.4,64.8,68.1,68.4,61.2,72.3,82.5,71.3,69.8,23.5,66.5,61.5,52.6,62.1,60.9,43.1,62.2,56.9,55.8,49.6,67.3,105.1,90.6,64.5,72.9,69.5,82,79
20150306,16,NO2,48.2,45.2,64.4,58.1,64.2,60.7,109.6,106.1,97.6,57.1,61.6,69.2,58.9,40.8,41.2,36.7,,92.4,91.2,43.4,62,43.6,30.9,67.3,63.1,34.3,69.4,67.2,41.6,54.8,65.5,66.5,95.1,121.8,78.4
20150306,16,O3,85.7,119,87,107.1,95.9,88.6,50.2,40.5,62.5,105.8,102.9,81.8,98.9,123.9,94.7,111.9,35.4,64.2,58.1,83.5,82.4,97.5,102.6,87.6,88.8,101.1,85,56.7,92.2,110.8,91.3,81.9,63.4,45.3,2
20150306,16,CO,2,1.6,1.7,1.7,1.8,1.6,1.9,2.4,2.2,1.8,1.9,1.9,1.9,1.7,1.4,1.1,0.7,2,2.2,1.4,1.6,1.7,1.2,1.7,1.2,1.4,1.4,1.4,1.8,2,1.7,1.7,1.9,2.4,1.7
20150306,17,SO2,69.7,77.1,75.6,75.8,69.2,75.2,66.3,68.4,61.4,80.4,86,70.6,82.9,88.9,83.5,81.7,3.5,66.1,66.9,52.6,53.1,61.1,47.4,62.2,59.6,54.4,50.4,85.8,90.6,90.8,74.6,83.5,76.2,94.4,84.8
20150306,17,NO2,51.9,45.5,69.6,59.4,56.2,66.2,102.5,88.2,65.3,60,60.3,61.2,67.7,50.9,45.2,44,,123.9,62.9,46,68.9,49.5,42.8,88.7,80.3,39,79.2,50,34.5,52.6,83,87.3,106,134.8,76.6
20150306,17,O3,88.8,125.3,93.4,110.4,108.2,93.2,61.1,58.4,91.1,103.2,111.5,96.1,93,114.6,90.6,110.6,2,35.7,87.4,82.9,78.6,94.1,93.8,70.8,75.1,96.1,88.5,78.5,99,113.7,80.6,69.9,62.5,30.8,2
20150306,17,CO,2.2,1.7,1.8,1.8,1.7,1.7,1.9,2.2,1.9,1.9,2,2,2,1.9,1.6,1.3,0.1,2.4,1.9,1.4,1.7,1.8,1.4,1.9,1.4,1.5,1.5,1.4,1.5,2.1,1.8,1.9,2,2.6,1.8
20150306,18,SO2,76.3,71.8,85.9,80,76.3,84.9,77.3,67.1,78.4,86,88,81.7,73.4,91.3,90.6,96.9,49.1,65.6,78.4,52.7,55.6,61.6,55.7,61.4,61.7,53.8,47.4,,66.9,91.9,79.4,89.9,92.2,102,97.7
20150306,18,NO2,62.2,53.5,88.3,77.8,70.5,71.4,118.6,68.2,60.7,68.1,62.5,66.7,88.5,68.9,51.8,51.3,60,131.7,69,53.5,76.5,61,74.4,122.4,121.9,44.3,101.6,,29.3,54.9,106.3,112.2,110.4,158.4,88.3
20150306,18,O3,76.5,101.4,78,88.5,91.7,86.5,45.7,71,99.8,91.1,104.1,91.5,67.7,93.3,83.4,104.3,73.2,28.5,88.7,72.6,67.7,79.6,63.3,31.8,35,90.3,80.2,63.8,96.9,106.8,54.2,36.8,56.8,5.9,
20150306,18,CO,2.1,1.8,2,2.1,2,1.8,2.1,2.1,2.1,2.1,2.2,2.3,2.2,2.1,1.7,1.4,1.4,2.4,2.1,1.6,1.7,1.8,1.9,2.3,1.8,1.6,1.6,1.5,1.5,2.2,2.1,2.2,2.2,3.2,1.7
20150306,19,SO2,81.2,46.1,83.9,73.9,72.2,84.4,82.9,60.5,60.7,81.2,86.4,85.4,76.6,92.6,89,103.8,46.1,72,75.5,59.9,50.5,61.6,56.2,50.8,57.9,54.3,39.8,75.6,52.9,93.1,83.2,91.2,90.3,102.8,91.8
20150306,19,NO2,80.3,62.4,106.1,109.5,104.7,97.8,152.5,73.9,58.4,85.9,75.3,102.2,135.7,108.2,112.9,83.5,76.3,144.1,129.6,78.3,112.4,70.9,104,120.2,149.5,48.3,120.5,,28.7,95,129.8,141.2,113.7,163.6,155.3
20150306,19,O3,57.5,63.8,54,48.9,51.4,53.8,10.7,48.4,81.7,57.9,86.2,51.5,31.5,49.5,24.1,58.3,56.7,12.5,27,47.6,23.3,65.4,35.3,24.1,6.9,78.7,65.6,8.3,86.2,56.3,22.9,4.1,46.1,2,
20150306,19,CO,2.7,1.9,2.2,2.5,2.3,2.1,2.3,2.2,2.2,2.3,2.4,2.6,2.4,2.3,1.9,2.5,1.6,2.6,2.4,2.2,2,1.8,2.3,2.4,2.1,1.6,1.7,1.9,1.9,3,2.5,2.9,2.3,3.7,3.3
20150306,20,SO2,84.1,30.2,81.8,73.4,68.6,83.8,76.7,46.1,55.9,78.1,98,81.9,72.9,112.3,86.1,133.8,44.3,70.4,62.2,57.6,38.3,56.2,58.8,44.6,55.9,50.6,46.7,71.7,44.4,82,89.1,87.4,80.2,102.3,83.9
20150306,20,NO2,104.9,88.6,130.3,138.2,126.4,145.4,164.3,89.2,56.4,122.1,103.6,142.8,153.5,151.1,138,135.9,99.2,140.3,113.9,77.7,110.1,63.4,115.5,105.6,146,38.4,112.9,,42.3,101.1,149.6,134.8,128.6,160.7,161.5
20150306,20,O3,32.7,19.6,27.3,16.3,24.6,13.6,2,20.7,71.6,17.3,54.6,13.5,10.3,2.4,2,12.3,32.4,11.5,19.3,36.5,8.6,62.7,22.6,28.3,8.3,83.9,66.4,3.3,61.8,39.4,3.8,2,27.5,2,3.4
20150306,20,CO,3.1,2.1,2.4,2.8,2.5,2.6,2.6,2.6,2.1,2.7,3.2,2.8,3.3,3.3,2.2,4,1.8,2.9,3.5,2.6,2.5,1.9,2.5,2.3,2,1.5,1.6,3.2,2.5,3.1,2.8,3.6,2.7,3.3,4.6
20150306,21,SO2,85.6,24.6,85.3,70.7,78.6,77,68.3,48.6,60.2,67.3,105.1,70.8,70.2,128.8,89.7,111.1,47.4,61.3,44.8,47.6,38.4,57.9,57.9,42.2,54.4,51.6,49.9,74.3,47.5,45.1,85.8,79.7,77.6,110.4,68.1
20150306,21,NO2,121.7,110.6,151.3,151.6,142.6,149.1,160.6,115.1,71.4,159.4,105.2,145.5,151.1,150.7,113.6,108.8,92.6,124.9,108,58.4,92.1,100.6,124.1,96.8,140.3,39.2,113,,50.6,130.1,140.8,137.6,148.2,155.2,154.2
20150306,21,O3,14.7,6.9,10.8,5.8,14.6,10,2,3.6,51.5,2,48.8,4.2,9.2,2,12.1,17.1,27.6,14.6,9.5,41.6,16.1,17.9,12.3,27,6.9,77.4,61.4,2,43.1,9.1,2.4,2,12.4,2,3.2
20150306,21,CO,2.9,2.5,2.5,3.4,2.5,3,3.1,3,2.2,3.4,3.2,3.5,3.7,3.9,2.1,2.8,2.1,2.9,3.7,2.2,2.8,2.9,2.6,2.3,1.9,1.6,1.6,3.5,2.5,3.6,3.2,4.1,3.4,3.8,4.4
20150306,22,SO2,83.4,30.2,82.7,71.1,81.2,78.7,63.7,65.3,63,58.6,106.5,55.1,80,109.5,81.4,92.1,37.2,58.5,43.6,44.2,29.5,40.4,53.6,44.7,55.4,49.6,53.1,75,45.9,14.6,85,72.7,77.9,102.4,52.6
20150306,22,NO2,110.5,114.1,140.5,147,145.6,149.4,152.1,109.5,74.4,163.1,95.8,131,138.8,139.1,121.6,94.5,104.7,118.2,90.8,50.8,71.9,86.7,100.3,95.7,126.4,35.4,107.8,,41.9,113.5,138.9,130.6,146.6,155.3,144.2
20150306,22,O3,18.5,7.3,12.9,4.8,12.8,11.3,2,4.5,45.9,2,51,3.7,18.4,2,2,13.3,10.2,13.8,16.1,45.7,26.6,12.5,24.1,24.5,12.7,76.9,59,3.5,42.3,9.8,2.6,2,7.9,2,2.7
20150306,22,CO,2.8,2.5,2.4,3.1,2.8,3.1,3.4,4,2.1,4.4,2.9,3.4,4.9,3.5,2.4,2.6,2.4,2.8,3.6,1.9,2.4,2.9,2.4,2.5,1.8,1.6,1.6,3.2,1.6,5.2,2.8,4.5,4.4,3.5,4.2
20150306,23,SO2,73.6,18.2,82.3,68.6,64.6,78.1,70.2,51.7,57.8,80.8,97.3,50.9,64.8,64.9,63.4,85.4,32.5,51.6,46.5,44.1,29.3,33.2,51.8,53.2,55.6,56.7,50.4,50.1,37.9,16.4,80.8,64.8,85.7,91.4,46.6
20150306,23,NO2,106.7,102.5,138.5,136.3,133,131.8,142.6,101.2,81.9,166.8,89.8,123.6,110.2,96.3,85.6,96.1,92.4,96.2,77.7,44.9,59.7,79.6,89.1,105.6,115.5,39.2,102.2,,25.5,74.2,137.5,126.6,152.6,148.9,132
20150306,23,O3,11.6,6.8,8.4,5.5,13,13.7,2,3.8,34.3,2,49.6,2.5,16.6,13.9,16.3,7.6,15.4,23.3,22,49.9,35.2,11.5,26.7,9.2,16.6,70.4,59.4,9.4,58.1,8.7,2,2,7.3,2,4.1
20150306,23,CO,3.2,2.7,2.6,3.3,3,3.2,4.1,4.4,2.3,6,2.6,3.6,4,2.3,2.1,2.5,2.6,2.7,3.1,1.7,2.2,3,2.7,4.1,1.7,1.8,1.5,2.8,1,6.2,3.2,4.7,5,4,4.5
