date,hour,type,dongsi,tiantan,guanyuan,wanshouxigong,aotizhongxing,nongzhanguan,wanliu,beibuxingqu,zhiwuyuan,fentaihuayuan,yungang,gucheng,fangshan,daxing,yizhuang,tongzhou,shunyi,changping,mengtougou,pinggu,huairou,miyun,yanqing,dingling,badaling,miyunshuiku,donggaocun,yongledian,yufa,liulihe,qianmeng,yongdingmengxi,xizhimengbei,nansanhuan,dongsihuan
20151210,0,PM2.5,254,274,291,260,284,253,300,265,254,310,241,272,305,337,362,333,,178,197,,250,244,280,167,167,184,338,475,430,335,262,275,297,321,267
20151210,0,PM10,,,,,,,,,,,,,,,,,,,,311,,,,,,,,,,,,,,,
20151210,0,AQI,322,308,295,308,306,328,278,257,230,307,260,277,300,341,356,328,68,241,221,189,288,273,272,239,203,223,358,402,390,301,316,324,305,324,332
20151210,1,PM2.5,260,241,289,248,309,246,270,248,227,305,222,275,312,343,362,298,,176,205,,228,235,277,181,154,181,310,485,419,320,253,255,299,260,253
20151210,1,PM10,,,,,,,,,,,,,,,,,,,,324,,,,,,,,,,,,,,,
20151210,1,AQI,321,308,295,306,308,327,279,259,234,308,261,279,301,343,360,329,59,240,221,189,289,274,274,237,204,223,355,407,397,302,315,323,306,323,332
20151210,2,PM2.5,290,222,270,246,285,249,261,240,217,292,208,241,357,333,330,263,295,171,170,,217,222,200,170,150,168,322,481,417,336,257,257,280,246,252
20151210,2,PM10,,,,,,,,,,,,,,,,,,,,286,,,,,,,,,,,,,,,
20151210,2,AQI,321,307,296,305,309,326,281,262,237,308,262,281,306,345,362,328,321,240,222,188,289,273,273,235,204,222,353,412,402,304,314,321,307,321,331
20151210,3,PM2.5,282,217,263,247,255,248,252,228,181,286,197,231,328,332,303,261,285,201,156,,208,187,196,167,146,159,316,473,373,391,269,276,273,249,276
20151210,3,PM10,,,,,,,,,,,,,,,,,,,,,,,,,,,,,,,,,,,
20151210,3,AQI,322,304,297,304,310,325,284,264,240,311,263,283,312,346,362,328,323,241,224,188,289,271,272,233,205,221,353,417,404,309,314,322,308,319,332
20151210,4,PM2.5,235,219,244,224,253,262,226,204,164,259,178,215,252,342,320,297,254,202,155,,186,174,203,160,140,150,320,452,384,401,251,260,251,259,297
20151210,4,PM10,,,,,,,,,,,,,,,,,,,,,,,,,,,,,,,,,,,
20151210,4,AQI,321,303,299,304,311,326,285,265,240,313,264,285,315,348,364,329,324,242,224,188,287,268,273,230,204,220,354,421,406,316,315,322,310,319,334
20151210,5,PM2.5,242,222,218,214,257,240,203,256,157,233,183,201,235,317,263,281,212,158,152,,181,161,198,153,140,144,268,408,304,372,227,235,240,230,286
20151210,5,PM10,,,,,,,,,,,,,,,,,,,,,,,,,,,,,,,,,,,
20151210,5,AQI,321,303,299,304,312,325,287,268,239,315,266,286,318,350,362,331,323,242,224,188,285,266,272,227,204,219,355,424,406,324,315,323,310,318,336
20151210,6,PM2.5,227,206,207,211,234,229,196,248,164,213,187,213,243,239,226,237,198,140,131,,162,138,181,139,130,129,233,370,234,378,218,227,224,213,257
20151210,6,PM10,,,,,,,,,,,,,,,,,,,150,,,,,,,,,,,,,,,,
20151210,6,AQI,320,302,298,303,313,324,287,272,240,314,267,287,321,350,360,330,321,241,224,188,281,263,271,224,202,218,354,426,404,333,315,323,310,317,337
20151210,7,PM2.5,215,198,190,198,221,218,187,216,113,202,193,216,205,247,213,219,169,125,68,,153,134,183,116,112,118,213,276,231,429,210,215,206,208,262
20151210,7,PM10,,,,,,,,,,,,,,,,,,,,,,,,,,,,,,,,,,,
20151210,7,AQI,319,299,297,301,313,323,287,274,237,312,269,288,321,351,357,328,318,240,221,188,277,260,269,221,200,216,353,426,402,345,314,321,309,315,338
20151210,8,PM2.5,164,176,157,149,181,182,170,171,104,153,191,193,210,228,218,195,159,107,54,,156,146,182,99,96,111,210,226,264,415,183,184,166,168,203
20151210,8,PM10,,,,,,,,,,,,,,,,,,,,,,,,,,,,,,,,,,,
20151210,8,AQI,317,297,295,297,312,321,286,275,234,309,268,287,321,350,353,325,314,237,217,188,273,258,268,218,196,213,352,425,401,356,311,318,307,312,338
20151210,9,PM2.5,110,109,106,100,107,103,107,103,37,115,92,64,230,242,191,181,158,84,33,,162,102,129,73,72,96,173,182,277,420,111,113,128,110,112
20151210,9,PM10,,,,,,,,,,,,,,,,,,,,,,,,,,,,,,,,,,113,
20151210,9,AQI,312,292,292,292,307,316,283,272,229,305,264,281,321,349,349,321,310,233,212,188,270,254,264,214,190,211,349,422,401,366,307,313,304,306,333
20151210,10,PM2.5,68,75,78,74,67,68,74,70,27,72,30,35,262,199,75,128,206,64,,98,173,86,116,42,27,61,182,163,277,442,68,,76,72,69
20151210,10,PM10,,,,,,,,,,,,,,,,,,,,,,,,,,,,,278,,,,,,
20151210,10,AQI,304,286,287,286,301,308,277,265,223,300,257,273,323,346,340,315,309,227,19,272,269,248,260,207,182,207,347,417,400,377,300,,299,300,325
20151210,11,PM2.5,45,44,45,44,49,49,41,32,20,39,9,30,130,52,37,92,135,41,,28,159,68,123,26,21,,108,133,272,352,45,44,45,48,41
20151210,11,PM10,,,,,,,,,,,,,,,,,,,,,,,,,34,,,,302,,,,,,
20151210,11,AQI,297,279,280,280,293,300,270,258,217,293,249,265,318,339,329,308,305,220,20,264,266,242,256,200,174,206,341,411,399,383,292,307,291,293,316
20151210,12,PM2.5,27,31,32,31,26,33,22,17,11,25,6,35,20,25,28,81,74,25,14,14,,21,110,19,21,,21,85,240,330,21,36,30,31,30
20151210,12,PM10,,,,,,,,,,,,,,,,,,,,,,,,,,,,,,,,,,,
20151210,12,AQI,,,,,,,,,,,,,,,,,,,,,,,,,,,,,,,,,,,
20151210,13,PM2.5,20,22,21,19,26,28,13,13,3,10,32,20,17,18,28,42,46,12,14,11,,12,107,16,17,3,12,64,71,252,22,22,24,25,27
20151210,13,PM10,,,,,,,,,5,,,,,,,,,,,,,,,,,60,,,,,,,,,
20151210,13,AQI,280,262,264,265,274,279,253,243,204,276,232,248,301,323,307,289,290,205,182,251,,224,247,184,158,196,318,393,383,388,276,289,274,277,294
20151210,14,PM2.5,17,13,18,13,16,23,15,10,3,11,18,13,10,21,25,39,25,12,10,12,16,6,77,18,19,3,12,30,17,183,24,18,14,15,25
20151210,14,PM10,,,,,,,,,5,,,,,,,,,,,,,,,,,28,,,,,,,,,
20151210,14,AQI,269,253,255,256,264,269,244,235,196,267,224,239,292,313,295,279,280,198,173,246,249,216,242,176,150,184,305,380,369,385,267,280,265,269,283
20151210,15,PM2.5,15,11,21,16,14,22,11,8,3,9,16,12,11,16,23,15,7,15,16,14,6,11,52,13,19,4,12,14,24,,15,19,19,18,22
20151210,15,PM10,,,,,,,,,5,,,,,,,,,,,,,,,,21,17,,,,5,,,,,
20151210,15,AQI,258,243,247,248,254,258,235,226,187,258,217,230,283,302,284,269,270,190,163,240,239,208,236,167,142,172,292,365,355,12,258,270,256,259,272
20151210,16,PM2.5,19,13,19,17,13,21,11,16,4,10,15,14,16,15,23,5,5,22,9,11,8,5,34,17,14,3,7,9,18,,19,13,17,16,18
20151210,16,PM10,,,,,,,,19,5,,,,,,,,,,,,,5,,,25,14,,,,,,,,,
20151210,16,AQI,247,232,238,239,243,247,226,218,176,249,209,220,275,290,272,258,260,177,152,235,230,199,229,158,134,162,279,350,340,17,248,259,246,250,260
20151210,17,PM2.5,18,16,21,18,13,22,18,18,4,20,5,12,12,17,24,8,9,18,14,9,6,7,23,12,20,5,14,13,19,,23,22,20,16,18
20151210,17,PM10,,,,,,,,32,6,,,,,,,,,,15,,,,,,29,19,,,,,,,,,
20151210,17,AQI,235,221,229,229,231,235,216,210,162,240,200,210,266,278,260,247,250,163,143,229,220,187,222,149,127,151,264,336,327,24,237,247,235,240,248
20151210,18,PM2.5,21,22,23,18,22,22,15,26,3,18,,15,27,18,31,10,9,25,19,18,10,5,36,18,20,6,13,17,34,23,24,20,23,23,21
20151210,18,PM10,,,,,,,,54,8,,43,,,,,,,,34,,,,,,22,14,,,,,,,,34,
20151210,18,AQI,223,211,217,218,219,224,207,202,154,230,28,199,255,266,248,236,240,151,133,223,211,175,215,138,120,142,251,322,313,359,225,235,223,228,236
20151210,19,PM2.5,21,23,31,28,28,23,20,31,13,22,30,21,,25,30,32,19,34,22,27,14,8,26,21,16,3,19,23,50,33,28,23,36,30,29
20151210,19,PM10,,,,,,,,52,,24,51,,,,50,,,,47,,,,,,24,12,,,,,,,,,35
20151210,19,AQI,210,201,206,206,207,212,194,188,145,218,175,184,,253,237,226,230,140,124,216,198,162,207,128,114,133,237,308,297,349,213,221,211,216,224
20151210,20,PM2.5,23,13,39,29,28,35,33,32,35,31,64,27,46,30,44,28,28,25,24,20,17,5,34,17,11,11,11,20,42,50,24,22,39,29,49
20151210,20,PM10,,,,,,,,78,,,77,29,,,,,,,30,,,,,,12,17,,,47,,,,,39,69
20151210,20,AQI,197,185,192,191,194,200,180,176,135,204,164,170,229,240,225,215,220,129,115,209,182,148,195,119,107,124,223,290,284,336,201,208,198,203,212
20151210,21,PM2.5,35,23,30,25,28,24,35,49,23,26,52,32,33,27,36,12,23,23,15,37,14,5,53,16,15,17,12,36,28,48,27,22,29,22,31
20151210,21,PM10,,,,,,,,186,23,,59,,,,,,,,25,44,,,55,,,23,,,,51,,,,,
20151210,21,AQI,179,168,177,172,179,182,167,165,124,186,150,157,216,224,213,203,210,121,106,200,167,136,184,111,101,115,210,274,270,322,183,190,181,183,198
20151210,22,PM2.5,25,27,23,21,30,27,36,86,19,27,39,31,33,34,41,23,14,24,34,34,23,11,72,24,13,10,17,31,39,61,26,28,29,23,31
20151210,22,PM10,,,,,,,,263,,,44,,,,,,,,44,,,,,,,11,,,,84,,,,31,
20151210,22,AQI,161,150,159,152,165,162,153,155,112,167,138,145,203,209,200,188,198,114,98,189,153,124,173,103,95,106,194,257,254,309,162,169,166,163,178
20151210,23,PM2.5,25,25,25,22,34,21,37,107,13,24,37,36,38,31,39,31,13,14,26,54,34,11,60,17,22,8,9,49,58,112,24,24,33,29,37
20151210,23,PM10,,,,,,,50,239,16,,49,,,,,,,,33,,,,,,,11,,,,120,,,,,
20151210,23,AQI,145,134,145,136,152,145,140,147,100,148,125,135,186,194,181,172,176,105,89,180,140,111,162,95,88,96,174,239,239,299,144,149,153,145,160
20151210,0,SO2,36,23,40,46,32,37,40,14,29,30,8,29,29,39,51,50,16,11,11,35,8,20,28,15,27,13,44,40,11,15,35,42,44,41,27
20151210,0,NO2,82,99,91,90,106,99,100,74,103,111,90,95,107,123,121,99,75,73,73,87,55,51,57,55,74,39,95,107,88,95,93,109,103,103,78
20151210,0,O3,2,2,3,3,6,2,3,2,4,2,6,2,2,8,3,2,12,3,3,8,13,4,16,2,3,2,2,6,2,2,2,2,2,4,2
20151210,0,CO,3,3.4,4.5,3.5,4.4,3.1,4,6.2,3.5,4.9,4.7,5.5,5.7,5.4,5.6,4.9,6.8,3,3.8,5.3,3,3.3,4.5,2.3,2.3,2.2,4.4,7.7,7,7,2.9,3.3,4.5,4.4,3.6
20151210,1,SO2,37,19,36,33,32,33,31,15,21,26,7,26,27,25,44,35,12,9,10,30,5,16,20,44,36,12,47,29,7,15,29,32,37,27,16
20151210,1,NO2,78,82,90,79,116,93,92,71,92,97,86,84,99,122,121,86,69,74,73,83,44,48,56,77,75,36,96,98,74,86,81,90,104,85,66
20151210,1,O3,2,2,2,3,8,2,3,2,3,2,5,2,4,10,3,2,8,3,3,7,12,4,13,2,2,2,2,7,2,2,2,2,2,3,2
20151210,1,CO,3.1,2.8,4.3,3.3,6,3,4.1,6.2,3.1,4.9,4.4,5.1,6.7,7.1,5.8,3.7,5.8,3,3.7,5.4,2.7,3.3,3.9,2.3,2.4,2.2,4.4,8.4,6.5,7.8,2.7,2.7,4.1,3.5,3.4
20151210,2,SO2,37,8,24,25,24,27,22,14,17,17,5,18,24,17,34,27,8,11,5,25,6,8,30,32,51,11,34,18,5,16,22,22,28,18,19
20151210,2,NO2,87,61,88,73,110,95,93,67,86,90,85,73,84,120,107,74,66,78,56,81,34,43,57,66,74,32,85,84,77,87,85,87,104,71,65
20151210,2,O3,3,2,2,3,8,2,3,2,3,2,4,2,6,11,3,2,3,3,3,6,12,2,6,2,2,2,2,9,2,2,2,2,2,3,2
20151210,2,CO,4.2,2.7,3.4,3.2,5.6,3.3,4.3,6.3,2.9,4.6,3.8,4.9,9.2,7.8,5.3,3.2,4.1,3.3,3,4.7,2.3,3.3,2.5,2.3,2.4,2.1,4.5,9.1,6.8,8.8,3.2,3.1,4,3,3.8
20151210,3,SO2,40,5,26,22,22,22,19,13,11,15,4,16,20,15,27,23,6,14,2,19,5,6,29,49,44,10,27,15,5,15,20,21,30,18,19
20151210,3,NO2,88,56,89,76,105,94,89,61,75,89,77,68,81,108,99,72,60,77,51,81,34,38,55,73,70,27,79,78,88,75,91,94,102,73,61
20151210,3,O3,2,2,3,3,8,2,3,2,2,2,5,2,4,12,3,2,4,5,2,7,13,2,7,2,2,4,2,9,2,2,2,2,2,3,2
20151210,3,CO,3.9,3.1,3.9,3.3,5.3,3.7,4.6,6.7,2.5,5,3.3,5.3,8.4,8.6,5.2,3.3,4.5,4.9,0.1,5,2.3,2.6,2.8,2.3,2,1.9,3.8,9.2,6.2,10.5,3.9,3.9,4.3,3,5.3
20151210,4,SO2,44,14,29,36,29,22,14,14,14,15,3,16,19,13,18,24,5,8,3,14,3,4,24,51,38,10,22,14,4,15,19,22,33,18,20
20151210,4,NO2,79,81,84,80,103,95,83,61,73,91,67,60,78,101,94,81,56,74,48,70,35,38,53,70,67,26,80,72,88,63,90,98,96,78,58
20151210,4,O3,2,2,2,4,9,3,,2,2,2,4,2,2,15,3,2,2,3,7,8,13,2,8,2,2,6,2,8,2,2,2,2,,3,2
20151210,4,CO,3.4,3.4,3.4,3.4,5.2,4.7,4.3,7,2.3,4.6,3.7,5.3,5.5,9.6,5.7,3.9,4.2,5.1,2.6,4.9,2.2,2.5,3.5,2,1.9,1.9,4,9.3,6.2,11.2,3.8,3.9,3.6,3.5,7
20151210,5,SO2,40,14,29,34,30,32,12,14,18,16,3,12,18,12,17,23,4,20,2,13,3,4,22,47,37,10,13,14,3,15,21,23,31,18,20
20151210,5,NO2,80,80,79,72,103,95,71,58,76,84,63,53,78,84,87,67,53,73,,68,38,34,52,65,60,24,67,69,88,57,83,84,92,75,49
20151210,5,O3,2,2,2,3,9,2,2,2,2,2,4,2,2,13,2,2,2,2,2,8,13,2,7,4,2,10,2,11,2,2,2,2,2,2,2
20151210,5,CO,3.7,3.6,3,3.2,5.3,4.3,4.1,7.2,2.4,3.9,3.3,4.7,6,9.2,5.2,3.9,3.3,2.4,2.9,5.7,2.7,2.3,3.3,1.9,1.8,1.8,3.5,12.2,6.8,12,3.5,3.6,3.8,3.2,7.6
20151210,6,SO2,42,8,32,46,29,26,20,13,33,28,3,14,18,14,25,23,4,26,5,11,3,8,20,41,35,10,11,13,2,15,24,28,33,29,22
20151210,6,NO2,78,66,77,72,96,93,83,55,82,83,71,65,76,88,80,63,50,68,47,71,38,35,52,58,56,18,60,65,85,54,82,87,88,75,55
20151210,6,O3,2,2,2,4,8,2,2,2,3,2,5,2,2,7,2,2,2,4,13,8,12,11,6,10,6,18,2,8,2,2,2,2,2,2,2
20151210,6,CO,3.5,3.1,3,3.3,4.7,4.2,3.8,7.2,2.3,3.4,3.6,5,7,5.7,4.3,3.2,2.5,1.9,2.5,6.4,2.7,1.8,3,1.7,1.7,1.6,3,10.8,8.3,12.6,3.4,3.4,3.7,3.1,6.9
20151210,7,SO2,44,20,33,38,26,39,30,12,32,34,3,18,18,14,27,25,6,22,20,8,3,11,18,33,32,8,9,9,2,15,26,26,34,30,20
20151210,7,NO2,74,78,74,69,92,89,79,58,55,79,67,74,78,78,74,60,41,62,29,64,40,29,51,45,47,16,55,73,74,50,80,87,83,74,60
20151210,7,O3,2,2,2,4,9,2,2,2,18,2,4,2,2,9,2,2,6,7,40,7,12,18,6,22,10,19,2,2,2,2,2,2,2,3,2
20151210,7,CO,3.6,3.2,2.8,3.6,4.8,4.1,3,7.1,1.6,2.7,3.7,4.5,5.7,6.9,3.8,3,1.8,1.7,1,6,2.7,1.7,3.2,1.4,1.5,1.5,2.7,4.8,8.3,13.5,3.3,3.4,3.2,3.3,6.9
20151210,8,SO2,40,21,33,43,36,44,34,11,24,39,3,19,20,17,28,27,8,20,21,7,3,7,14,26,32,8,9,6,2,14,28,34,39,36,18
20151210,8,NO2,66,75,67,63,86,81,67,58,45,71,74,70,83,76,75,61,47,66,32,65,41,45,51,39,45,16,53,64,61,46,76,84,78,67,71
20151210,8,O3,3,3,2,4,10,2,2,2,23,2,5,2,2,6,2,2,4,6,38,7,13,5,6,29,11,21,2,2,2,2,2,2,2,3,2
20151210,8,CO,2.6,2.9,2.5,2.5,3.7,3.1,2.8,6.3,1.5,2.2,4,3.9,6.1,5,4,2.9,1.8,1.8,0.8,5.5,2.8,2.1,3,1.3,1.6,1.4,2.8,4.3,8.8,14.1,2.8,3,2.6,2.7,4.1
20151210,9,SO2,32,40,30,35,38,42,45,10,13,43,9,16,23,29,49,40,16,24,15,18,9,16,29,22,33,9,11,10,2,16,33,42,38,41,33
20151210,9,NO2,59,67,58,52,71,65,50,61,18,67,41,27,98,80,77,62,50,54,20,50,36,25,40,30,31,12,39,58,59,52,63,67,72,61,57
20151210,9,O3,7,6,6,12,17,8,9,2,54,2,22,19,2,10,4,2,8,16,50,19,18,32,15,42,29,28,,2,2,2,5,2,2,4,4
20151210,9,CO,1.8,1.8,1.8,1.8,2.1,1.6,1.3,4.6,0.7,2,1.5,1.5,6.4,6.2,3.7,2.5,2,1.6,0.6,2.8,2.5,1.2,2,1.1,1.1,1.2,2.2,2.5,9,14,1.7,1.9,2.1,2.1,1.4
20151210,10,SO2,21,35,20,25,34,28,42,21,7,37,9,12,56,57,40,50,28,22,8,30,22,14,43,14,21,5,26,36,6,15,25,,35,48,30
20151210,10,NO2,40,58,48,40,47,43,46,61,12,53,17,20,104,81,47,59,56,45,12,22,39,17,35,19,14,9,40,48,71,71,51,,59,56,34
20151210,10,O3,24,16,20,27,38,31,18,2,63,9,46,33,4,10,18,12,13,28,60,46,24,45,28,57,57,38,34,14,2,2,17,,12,9,22
20151210,10,CO,1.2,1.3,1.3,1.3,1.5,1.2,1,3.2,0.6,1.3,0.7,1.3,4.9,4,1.3,1.8,2.4,1.3,0.4,1.3,2.3,1,2,0.8,0.6,1,2.3,1.9,8.4,13.5,1.2,,1.3,1.5,0.9
20151210,11,SO2,11,22,12,14,24,14,21,21,11,19,5,9,32,22,16,39,18,14,5,15,18,9,38,14,11,2,18,28,27,16,13,20,22,23,13
20151210,11,NO2,23,37,36,29,33,28,34,56,19,37,15,19,55,37,27,49,36,37,11,11,40,12,35,15,11,5,23,33,85,89,32,47,46,46,29
20151210,11,O3,47,40,40,44,61,54,36,7,58,30,52,38,25,35,41,28,35,42,63,71,36,57,39,65,64,43,57,36,3,2,41,32,24,22,37
20151210,11,CO,0.8,0.8,0.8,0.9,1.2,0.9,0.4,2.3,0.7,0.9,0.5,1.3,1.9,1,0.8,1.4,1.5,0.8,0.3,0.7,2.1,0.7,1.8,0.6,0.4,,1.4,1.4,6.4,9.3,0.7,0.8,0.9,1,0.7
20151210,12,SO2,7,14,8,10,17,11,9,16,5,11,5,9,10,9,9,26,8,8,7,2,,4,25,10,9,2,7,12,46,19,7,15,11,13,9
20151210,12,NO2,16,27,29,21,25,20,21,58,12,25,18,16,14,22,18,33,22,55,13,7,,9,28,13,10,2,8,18,74,119,23,33,34,51,25
20151210,12,O3,61,56,52,56,74,66,53,12,66,46,51,44,58,56,57,47,55,49,65,81,,67,53,69,67,,69,61,31,3,55,51,38,30,49
20151210,12,CO,0.6,0.5,0.6,0.7,0.9,0.8,0.1,1.6,0.4,0.5,0.5,1.3,0.4,0.6,0.7,1,0.9,0.6,0.5,0.4,,0.4,1.4,0.5,0.4,,0.5,0.8,4,6.2,0.5,0.6,0.6,0.9,0.6
20151210,13,SO2,4,8,6,7,8,11,4,13,2,4,5,6,10,5,10,16,4,5,4,2,,2,22,7,5,2,5,6,11,45,4,11,8,9,11
20151210,13,NO2,12,22,26,17,22,20,17,59,8,19,20,15,15,17,18,22,17,38,16,7,,8,25,12,12,2,6,15,36,103,20,30,36,36,28
20151210,13,O3,69,64,59,63,79,69,61,15,74,59,47,49,63,68,61,61,63,53,67,85,,71,61,73,70,,72,70,65,9,60,58,38,34,49
20151210,13,CO,0.5,0.4,0.5,0.5,0.8,0.7,0.1,1.2,0.4,0.4,0.5,1.1,0.4,0.4,0.7,0.7,0.6,0.5,0.4,0.3,,0.3,1.3,0.4,0.4,,0.3,0.7,1.4,4.3,0.4,0.4,0.6,0.8,0.7
20151210,14,SO2,5,7,5,6,4,8,5,11,2,4,4,4,19,5,8,11,2,4,2,2,2,2,18,6,8,2,4,3,3,47,3,9,7,8,6
20151210,14,NO2,15,24,27,15,22,20,17,60,8,19,23,13,25,20,20,18,13,37,20,8,11,9,20,13,17,2,7,13,18,98,19,28,39,39,24
20151210,14,O3,67,64,60,66,82,73,61,17,76,61,51,53,58,66,62,,65,53,66,85,72,71,67,74,65,63,72,74,85,15,63,59,37,39,57
20151210,14,CO,0.5,0.4,0.4,0.5,0.7,0.6,0.1,0.8,0.4,0.4,0.5,1.1,0.4,0.4,0.7,0.6,0.4,0.5,0.3,0.3,0.5,0.2,1,0.4,0.4,,0.3,0.5,0.6,3.2,0.3,0.4,0.6,0.8,0.5
20151210,15,SO2,3,7,4,6,3,5,3,9,2,4,4,4,24,6,6,6,2,6,2,2,2,2,14,9,9,2,4,2,3,16,2,10,5,8,5
20151210,15,NO2,15,25,27,15,24,19,18,62,10,22,24,13,31,25,21,14,14,36,24,8,10,7,20,17,23,2,6,10,15,22,20,32,40,38,38
20151210,15,O3,67,63,60,66,81,76,61,17,75,59,51,54,53,62,64,,67,51,61,85,74,74,65,70,62,64,72,76,93,26,63,56,37,38,44
20151210,15,CO,0.5,0.4,0.4,0.5,0.6,0.6,0.1,0.7,0.4,0.4,0.5,1,0.4,0.4,0.6,0.4,0.3,0.6,0.3,0.3,0.4,0.2,0.8,0.4,0.5,0.2,0.3,0.3,0.5,0.4,0.3,0.4,0.5,0.7,0.7
20151210,16,SO2,3,6,5,6,2,7,5,13,4,4,4,5,12,6,8,5,2,7,2,2,2,2,11,8,9,2,3,2,3,12,2,9,7,9,6
20151210,16,NO2,21,34,30,23,32,31,26,62,13,27,22,19,28,27,30,19,14,40,24,10,10,9,20,19,24,2,6,13,17,33,25,43,49,53,45
20151210,16,O3,62,55,55,58,73,62,53,16,72,54,52,49,57,60,54,59,66,49,59,82,76,73,66,68,61,64,71,71,90,26,57,45,29,31,36
20151210,16,CO,0.4,0.4,0.4,0.5,0.6,0.6,0.1,0.6,0.4,0.4,0.5,1.1,0.4,0.4,0.7,0.3,0.2,0.7,0.3,0.3,0.4,0.2,0.6,0.4,0.4,0.2,0.2,0.3,0.5,0.4,0.4,0.4,0.6,0.7,0.7
20151210,17,SO2,5,8,7,7,7,7,7,12,5,7,9,6,12,5,13,6,2,10,5,2,2,2,11,7,11,2,4,2,4,12,4,12,8,11,5
20151210,17,NO2,34,51,41,35,51,50,36,65,17,47,25,21,38,29,50,24,14,54,34,15,14,9,22,18,31,2,9,19,27,46,40,59,61,58,48
20151210,17,O3,46,37,40,44,54,40,42,13,67,31,49,47,46,58,31,51,65,33,46,75,70,72,58,70,54,63,67,62,75,22,41,26,20,18,30
20151210,17,CO,0.6,0.6,0.5,0.6,0.8,0.7,0.1,0.6,0.5,0.5,0.6,1.2,0.5,0.5,0.9,0.4,0.2,0.8,0.4,0.4,0.4,0.2,0.6,0.4,0.5,0.3,0.3,0.3,0.5,0.5,0.5,0.5,0.6,0.8,0.6
20151210,18,SO2,6,11,7,9,8,14,10,12,8,10,27,6,14,8,24,8,2,12,9,5,2,2,21,8,8,2,6,4,6,12,6,13,12,13,12
20151210,18,NO2,46,67,55,45,64,61,57,70,21,67,54,22,54,61,74,36,20,59,48,23,20,9,38,18,18,2,14,34,42,63,60,83,80,71,63
20151210,18,O3,33,19,24,33,40,29,19,6,60,9,22,46,29,23,8,33,56,25,30,65,63,71,37,65,62,59,61,43,51,12,20,6,6,8,13
20151210,18,CO,0.7,0.7,0.6,0.8,0.9,0.9,0.3,0.7,0.6,0.7,1,1.2,0.8,0.8,1.4,0.5,0.3,1,0.6,0.6,0.5,0.2,1,0.4,0.5,0.4,0.3,0.5,0.9,0.5,0.6,0.8,0.9,1,0.8
20151210,19,SO2,8,11,14,12,18,15,13,13,10,17,19,8,,11,23,12,3,14,14,6,2,2,18,10,7,2,6,6,11,12,8,16,16,16,17
20151210,19,NO2,48,60,72,60,75,69,59,72,23,73,65,35,,79,80,54,27,56,54,28,26,15,38,23,17,2,21,26,54,72,59,79,90,67,70
20151210,19,O3,30,26,7,18,30,21,14,3,56,2,11,33,,8,4,11,46,26,19,59,54,63,32,57,61,61,52,49,27,6,19,9,2,6,4
20151210,19,CO,0.8,0.7,0.9,1,1.1,1,0.3,0.8,0.6,0.9,1,1.3,,0.9,1.4,0.8,0.4,1.1,1,0.7,0.6,0.3,0.8,0.5,0.5,0.4,0.4,0.5,1.3,0.8,0.7,0.8,1.3,1.1,1.2
20151210,20,SO2,9,12,15,16,17,16,17,12,13,18,28,12,58,15,24,13,5,12,18,3,3,2,13,8,7,2,5,6,15,11,8,14,20,18,24
20151210,20,NO2,60,62,76,59,84,81,73,73,36,78,70,61,84,76,77,60,34,48,57,23,28,18,46,19,19,2,9,30,74,78,59,71,85,66,77
20151210,20,O3,17,22,2,17,21,8,4,2,43,2,7,10,7,9,5,5,37,32,14,64,50,58,18,60,56,59,61,41,7,2,18,15,2,7,2
20151210,20,CO,0.8,0.6,1,1.1,1.1,1.1,0.7,0.8,0.7,1,2,1.6,1.4,1,1.5,0.9,0.5,0.9,1.1,0.5,0.6,0.3,1,0.5,0.4,0.5,0.3,0.6,1.2,1.1,0.6,0.7,1.4,1,1.9
20151210,21,SO2,7,9,13,11,11,11,18,11,16,17,26,18,71,13,20,9,5,10,13,6,4,2,15,7,12,2,4,11,8,12,6,12,17,16,15
20151210,21,NO2,65,72,68,49,84,67,71,77,54,77,69,61,85,73,76,46,35,46,43,50,29,24,56,19,54,9,6,47,54,84,62,73,80,70,71
20151210,21,O3,8,9,4,23,17,16,5,2,26,2,5,8,3,8,4,20,36,33,25,31,47,49,8,58,23,43,62,19,25,2,12,9,2,9,2
20151210,21,CO,0.9,0.7,0.8,0.7,1,1,0.6,1.1,0.9,1,1.9,1.7,1.2,1,1.2,0.6,0.5,0.8,1,1.3,0.7,0.4,1.7,0.4,0.5,0.7,0.2,0.9,0.8,1.2,0.6,0.7,1.5,0.9,1.2
20151210,22,SO2,5,8,11,9,11,8,20,12,14,17,21,17,47,13,31,11,2,10,18,7,9,3,19,8,10,2,4,14,9,9,6,14,16,15,16
20151210,22,NO2,57,66,68,55,85,49,75,76,49,73,71,60,84,75,79,61,20,45,57,50,29,18,58,29,58,4,21,61,66,78,68,81,81,67,68
20151210,22,O3,13,11,2,14,15,29,2,2,29,2,4,8,2,6,4,3,51,32,13,25,44,51,7,44,12,47,47,9,12,2,4,2,2,5,2
20151210,22,CO,0.8,0.7,0.9,0.8,1.1,0.8,1.1,2.2,0.8,1,1.5,1.6,1.4,1.1,1.6,0.8,0.3,0.8,1.2,1,0.7,0.4,1.6,0.6,0.5,0.7,0.2,1,1.5,1.7,0.7,1,1.1,1,1.2
20151210,23,SO2,7,8,13,10,18,10,22,13,12,17,19,19,34,15,29,15,2,6,19,6,7,2,16,3,11,2,3,13,10,8,7,12,19,17,15
20151210,23,NO2,56,56,70,47,83,47,77,72,37,76,70,70,81,73,77,69,16,36,54,54,27,15,56,21,67,2,8,71,74,74,71,84,80,70,68
20151210,23,O3,12,20,2,21,16,30,2,2,36,2,5,2,2,6,4,2,55,40,11,18,40,54,7,51,8,51,58,2,5,2,2,2,2,4,2
20151210,23,CO,0.7,0.5,1.1,0.8,1.2,0.8,1.6,3.2,0.7,1.3,1.6,2,1.4,1.1,1.7,1.1,0.3,0.6,1.2,1.7,1.2,0.4,1.7,0.4,0.5,0.7,0.2,1.3,2.4,2.7,0.7,1,1.4,1.1,1.1
