date,hour,type,dongsi,tiantan,guanyuan,wanshouxigong,aotizhongxing,nongzhanguan,wanliu,beibuxingqu,zhiwuyuan,fentaihuayuan,yungang,gucheng,fangshan,daxing,yizhuang,tongzhou,shunyi,changping,mengtougou,pinggu,huairou,miyun,yanqing,dingling,badaling,miyunshuiku,donggaocun,yongledian,yufa,liulihe,qianmeng,yongdingmengxi,xizhimengbei,nansanhuan,dongsihuan
20150106,0,SO2,13.8,16.7,13.5,18.2,16.3,8.2,14.9,11.2,7,14.4,5.2,4.5,8.3,17,8,4.9,3.6,16.7,4.1,2.5,7.9,7.1,7.5,7.4,37.4,2,3.3,14.3,11.9,17.7,17.2,13.5,16.5,18.1,5.7
20150106,0,NO2,21.4,23.3,19.5,16.9,11.3,22.6,17.3,8.2,3.8,37.3,27.4,5,9.1,19.8,13.1,19.3,11.7,32.9,2.2,2.7,8.4,4,9.1,6.8,25.6,2,2.1,48.2,16.1,19.5,21.6,34.2,26.1,31.4,21.8
20150106,0,O3,62.5,57.2,48,55.2,42.8,71.5,39.2,34.4,81.8,31.9,70.8,72.4,52.4,57.5,88,59.7,66.7,45.9,70.1,81.6,73.4,89.7,70.8,65.6,38.3,79.9,72.8,21.2,43.2,67,58.1,42.2,59.1,39.4,52
20150106,0,CO,0.4,0.3,0.4,0.4,0.5,0.3,0.4,0.4,0.2,0.4,0.3,0.2,0.6,0.3,0.3,0.3,0.3,0.5,0.2,0.3,0.3,0.3,0.4,0.3,0.4,0.1,0.2,0.5,0.8,0.3,0.3,0.4,0.4,0.4,0.3
20150106,1,SO2,19.8,19,13.8,18.2,23.2,19.4,13.5,8.2,3.6,12.3,3,4.8,5.1,16.6,17.3,3.8,7.1,15.2,2.6,2.1,9.2,7.5,7.9,15.3,32.9,2,3.4,13.7,16,24,19.1,15.1,14.4,18.3,16.5
20150106,1,NO2,22.5,19.5,16.6,14.7,11.9,28.6,15,7.7,2,34.2,28.2,5.4,5,19.6,17.2,19.7,14.5,22.6,2,2.3,8.3,5.8,7.4,12.1,24.4,2,2,47.5,12.3,25.1,19.7,30.4,28.1,35,30.2
20150106,1,O3,57.9,61.1,49.1,57.3,40.6,55.5,39.9,34.9,87,35.8,74.2,68.4,55.8,57.1,76.5,59.5,64.3,56.5,64.2,81.9,73.2,82.4,68.7,55.3,37.6,77.9,72.1,22.9,48.7,61.9,60.7,42.6,55.5,37.4,39
20150106,1,CO,0.4,0.2,0.4,0.4,0.5,0.4,0.4,0.4,0.1,0.4,0.3,0.2,0.5,0.4,0.4,0.3,0.4,0.4,0.2,0.2,0.4,0.4,0.4,0.3,0.4,0.2,0.3,0.5,0.5,0.3,0.2,0.4,0.4,0.4,0.4
20150106,2,SO2,19.2,16.1,14.8,12.8,23.2,20.2,10.6,7.5,2.2,9.2,2.7,4.9,3.8,9.8,57.1,5.2,3.6,12,6.7,3.4,3.7,8.9,5.9,15.2,27.7,2,8.9,13.6,13.2,9.8,16.5,14.9,20.4,17,19.9
20150106,2,NO2,22.4,16.1,17.4,17.3,14.7,20.7,14.5,6.4,2,40.8,25.4,4.6,4.6,21.2,13,19.1,10.8,21.9,2,2.8,8.7,3.9,6.3,13.1,22.7,2,3.9,50.3,12.8,18.1,16.9,28.6,27.6,30.1,24
20150106,2,O3,58.1,65.5,46.7,54.6,37.9,66.3,41.1,36.1,87.3,28.4,74.5,55.2,58.5,54.2,82.2,55.3,66.1,56,47.4,79.8,61.5,80.7,68.4,54.3,39.9,74.6,66.9,19.5,48.4,66.3,65.4,41.5,57,40.1,46.2
20150106,2,CO,0.4,0.2,0.4,0.4,0.5,0.4,0.4,0.3,0.1,0.4,0.2,0.2,0.5,0.3,0.4,0.3,0.3,0.5,0.2,0.2,0.5,0.3,0.3,0.3,0.4,0.2,0.3,0.6,0.5,0.3,0.2,0.4,0.4,0.4,0.4
20150106,3,SO2,17.2,13.7,11.5,8.8,21.9,20.8,9.3,4.4,2,8,2.2,4,5.7,10.9,17.3,10,2,13.3,4.2,2.8,5.5,5.1,4.5,13.8,41.5,2,6.2,16.9,12.6,6.5,13.5,13.2,18.3,14.2,19.7
20150106,3,NO2,21.5,17.7,13.3,15.2,15.1,25.9,19.6,5,2,37.7,23.2,3.5,3.7,31.8,14,20.7,10.2,29.9,2,3.8,15.7,5.9,8.1,12.7,23.1,2,2.4,51.3,16.6,21.5,17.7,24.6,22.8,32.4,22.4
20150106,3,O3,59,63.6,52.7,57.2,36.5,61.3,37.3,36.3,89,32.2,74,48,59.8,43.1,79.6,50.6,66.2,49.1,2,78.4,53.6,78.6,67.6,52.1,39.1,73,69.5,19.6,43.6,60.7,63.7,45.1,63.3,38.9,44.3
20150106,3,CO,0.5,0.3,0.3,0.3,0.5,0.4,0.4,0.3,0.1,0.4,0.3,0.2,0.5,0.4,0.6,0.4,0.3,0.6,0.1,0.2,0.5,0.3,0.3,0.3,0.4,0.2,0.3,0.5,0.5,0.3,0.2,0.4,0.5,0.5,0.4
20150106,4,SO2,20.4,17.4,12.9,9.2,23.7,22.9,8.5,5.2,2,7.8,2,3.9,10.1,9.2,14.1,13.1,5.6,11.1,2.9,4.4,10.1,5.3,5.8,13.9,65.9,2,4.3,15.6,9.7,11.6,17.6,16.2,17.7,13.5,23.3
20150106,4,NO2,24.6,21.7,21.4,17.1,14.8,27.6,17.2,4,2,49,21.7,2.2,11,32.3,11.7,14.9,9.5,26.6,2,3.8,14.6,4,13.8,11.5,21.5,2,2,55.6,10.5,23.3,25,28.7,28.9,32.6,30.9
20150106,4,O3,52.8,55.8,35.8,51.4,35.4,51,38.6,35.6,86.8,6.5,72.2,59.9,51,37.2,88.2,42.4,66.4,50.9,55.1,65.8,48.6,81.2,41.4,52.4,34.5,70.3,66.1,16.9,44.1,55.5,51.3,36.5,52.7,33.9,35.3
20150106,4,CO,0.5,0.3,0.4,0.3,0.6,0.4,0.4,0.3,0.1,0.4,0.2,0.2,0.5,0.4,0.4,0.3,0.3,0.6,0.1,0.3,0.5,0.3,0.5,0.3,0.6,0.2,0.3,0.5,0.5,0.6,0.3,0.5,0.5,0.5,0.4
20150106,5,SO2,22.8,21,15.3,15.6,25.4,27.5,5.7,5.7,2,8.3,2,3.9,8.4,12.1,14.8,17.4,7.1,12,2.3,4.4,23.7,13,8.9,11.2,66.5,2,10,14.7,9.3,14.1,20.6,19.6,27.5,20.7,27.5
20150106,5,NO2,24.2,21.5,32.6,35.3,15.1,26.2,11.4,3.6,2,52.2,17.8,2.1,19.7,40,11.4,19.8,10.5,22.3,,4.1,24.8,6.1,47.3,7.8,19.9,2,5,53.5,7.7,41.4,25.8,21.9,33.4,33.4,28.5
20150106,5,O3,50.3,54.5,29.5,36.1,34.4,49.5,41.4,34.9,85.6,7.8,71.6,63.9,41.4,28.6,80.4,38.2,65,54,56,66.8,44.4,77.8,15.4,56.3,38.1,66.9,60.8,19.1,45.2,38.5,48.2,41.6,49,28.8,36.6
20150106,5,CO,0.5,0.3,0.4,0.4,0.6,0.5,0.3,0.3,0.1,0.5,0.2,0.2,0.6,0.4,0.4,0.4,0.4,0.6,0.1,0.3,0.5,0.3,1.7,0.3,0.6,0.2,0.4,0.6,0.4,0.6,0.3,0.5,0.7,0.6,0.4
20150106,6,SO2,24.1,23.6,15,19.1,25.9,28.5,15.1,6.6,2,7.5,2,4.4,9.6,17.8,18.7,20.8,5.7,14.6,3.6,5.3,9.2,8.4,15.3,22.3,40.6,2,13,15.5,11.2,25.8,23.3,23.4,27,26.1,26.4
20150106,6,NO2,26.2,26.1,29.1,38.5,15.4,32.6,29.7,4.5,2,43.9,10.9,4.4,22.8,43.7,17.8,36.8,10.5,22.1,2,8.7,21.2,7,28.2,10.4,15,2.3,4.3,65.7,10,52.7,31.2,34.2,37.8,46,27.5
20150106,6,O3,47.6,48.5,34,31,32,41.4,25.5,34.4,85.5,17.9,73.8,68.3,40.5,22.3,69.7,21.8,65.4,55.1,66.8,60.8,47.3,72.9,35.3,53.2,46.6,62.6,58.3,8.6,41.8,17,40.3,32.4,47.9,19.2,37.4
20150106,6,CO,0.5,0.4,0.4,0.5,0.6,0.5,0.5,0.3,0.1,0.4,0.2,0.2,0.5,0.5,0.5,0.5,0.4,0.6,0.2,0.3,0.4,0.3,0.7,0.4,0.5,0.3,0.4,0.6,0.6,1.5,0.4,0.6,0.7,0.6,0.4
20150106,7,SO2,24.8,23.6,18.9,21.3,30.4,30.6,14.2,8.4,2,13.9,5.1,3.8,7.2,15.8,22.4,22.9,5.7,19.2,4.6,5.9,12.9,12,16.4,20.8,27.1,2,12.6,21.6,12.6,23.3,23.5,25.7,29.4,29.6,28.8
20150106,7,NO2,36.8,38.2,42.6,48.7,31.5,35.2,30,4.9,2.1,57.9,12,7,14.9,39.9,27.2,39,19.4,21.2,5,12.1,41.3,11.7,17.9,9.8,13.5,2,6,74.1,13.9,55.7,41.6,54.1,55.3,70.6,36
20150106,7,O3,34.1,35.2,23.3,21.7,18.7,38.6,26.5,34,85.5,2,67.4,65.6,50.2,27.2,58.4,20.6,55.7,55.6,63.9,56.1,28.8,64.6,46.3,54.9,52,62.3,51,5.9,39.6,13.6,28.2,13.5,32.6,2.2,27.5
20150106,7,CO,0.6,0.5,0.5,0.6,0.7,0.5,0.5,0.3,0.1,0.7,0.3,0.2,0.5,0.5,0.5,0.5,0.4,0.6,0.2,0.3,0.4,0.4,0.5,0.4,0.4,0.3,0.5,0.7,0.6,1.5,0.5,0.7,1,0.8,0.6
20150106,8,SO2,26.4,24.2,23.3,21,35.6,32.4,19.3,11.8,5.8,15.2,7.6,6.3,5.9,34.5,35.8,27.5,13.3,20.2,3.7,5.6,12.5,12.9,17.3,15.5,40.3,2,17.7,28.6,15.8,31.6,24.6,26.8,33.2,35.9,26.9
20150106,8,NO2,44,55.8,67.6,57.1,50.4,61.1,53.2,8.9,10.9,62.3,15.8,26.2,19.1,71.5,51.7,62.5,52.8,43.7,10.9,16.6,55.7,29.9,18.6,10.4,12.4,3,9.5,79.7,21.7,52.8,61.3,63.5,70,79.9,55.4
20150106,8,O3,27.2,18.1,3.4,14.6,4,11.8,9,29.7,75,2,65.8,46.6,47.1,2,30.7,2,20.3,36.5,58.2,52.1,9.7,40.7,46.5,55.2,50.2,63.6,43.4,3.3,33.6,13.4,8.7,2.2,21.6,2,14
20150106,8,CO,0.6,0.7,0.7,0.7,0.8,0.6,0.7,0.4,0.2,0.8,0.4,0.4,0.6,0.9,0.8,1.2,0.7,0.9,0.2,0.4,0.8,0.6,0.5,0.5,0.4,0.3,0.6,1,0.7,1.6,0.6,0.8,1.5,1.2,0.6
20150106,9,SO2,25.3,25.9,27.2,23.5,30,22.9,23.7,18.5,12.2,23.4,17.8,18.4,16.8,37.1,39.5,21,21,15.6,7.8,9.2,37.1,21.2,28.5,22.8,53.2,2,16.6,28.6,19.4,41.9,26.4,30.6,36.4,37.7,19.5
20150106,9,NO2,46.5,51.8,60.8,52.9,41.3,52.4,60.6,19.7,21.3,62.1,32.9,55.8,46.7,68.3,56.9,52.9,59.7,52,18.3,19.2,,42.4,25.9,29.9,13.7,3.7,7.1,80.9,29.7,51.8,51.4,68.4,64,78.7,57.1
20150106,9,O3,26.7,23.8,9.7,20.9,15.1,23.7,6.3,19.8,62.7,2,50.6,17.2,22.8,6.1,26.2,12.8,20.2,26.4,50,49.3,10.1,27.8,39.8,34,50.1,58.2,49.3,5,25,16.9,19.9,3.4,25.2,2,13.6
20150106,9,CO,0.8,0.6,0.8,0.7,0.7,0.7,0.8,0.7,0.3,0.9,0.9,1.1,1.1,1.1,1,0.7,0.9,0.9,0.3,0.5,1.1,0.9,0.8,1.1,0.5,0.3,0.6,1.1,1,1.9,0.6,0.9,1.2,1.3,0.6
20150106,10,SO2,23,25.1,26.8,23.3,29.6,23.9,26.1,24.3,17,25.1,21.1,24.6,31.9,28.2,,24.6,,14,8.5,7.5,26,25.4,33.7,24.3,35.9,2,17,26.5,31.5,42.5,24.4,27.2,34,34.3,21
20150106,10,NO2,34.9,38.9,45.1,40.3,26.1,43.6,49.6,30.7,25.3,52.4,59.3,51.7,50.3,59.8,43.5,44,,20.6,11.8,16.3,50.3,35.5,19.8,19.3,11.3,4.7,8.4,70.8,29.7,44.7,37,51.6,52.9,72.9,38.5
20150106,10,O3,44.3,40.4,24.6,35.4,29.8,36.6,16.3,17.5,61.6,10.6,22.9,21.2,19.5,15.1,42.6,21.3,,59.8,58.2,52.4,25.8,39.2,47.7,47.8,56.6,58.5,49.6,13.4,27.3,29.8,40.6,21,34.6,2.2,34.6
20150106,10,CO,0.6,0.6,0.7,0.7,0.7,0.6,0.7,0.8,0.3,0.8,1.1,1,1.5,1,0.9,0.7,,0.7,0.3,0.5,0.8,0.8,0.6,1,0.4,0.4,0.8,1,0.9,1.5,0.6,0.8,0.9,1.1,0.5
20150106,11,SO2,19.2,19.8,21.6,17.5,19.9,21.3,24,21.4,17,18.9,17.8,23.2,25.9,25.7,19.5,28.2,,12.1,9.1,3.7,18.9,13.6,23.9,17.2,40.5,2,10.6,23.7,48.5,34,19,21.1,27.3,27.6,19.1
20150106,11,NO2,29.6,37.6,38.9,35.1,18.1,30.5,44.1,25.2,23.4,34.8,30.1,40,36.1,50.8,27.1,52,,13.8,16,6.2,34.7,17.5,12.2,6.2,12.3,3.2,6.8,63.6,28.1,25.6,33,49,52.2,66,28.4
20150106,11,O3,52.1,45.8,34,43.3,40,55,25.4,26.9,66,31.5,53.1,33.7,32.8,26.7,64.1,23.2,,69.1,55.9,63,39.6,60,60,63.5,57,64.6,59.1,19.5,32.8,52,48.3,25.4,41.5,10.1,44.3
20150106,11,CO,0.6,0.5,0.6,0.6,0.8,0.6,0.7,0.7,0.5,0.6,0.7,0.8,1.1,1,0.6,1,,0.5,0.4,0.3,0.7,0.5,0.4,0.4,0.5,0.3,0.5,0.8,1.1,0.7,0.6,0.7,0.8,1,0.5
20150106,12,SO2,11.4,11,12.2,10.8,14.7,12.2,13.4,12.9,9.5,20.1,21,18.7,27.5,19.4,14.6,23.1,,11.1,18.5,3.5,12.4,6.2,30.2,13.6,31.2,2,5,22.5,64.7,29.6,11.2,13.2,15.9,25.1,10.6
20150106,12,NO2,22.1,28.7,32.8,24,12.2,22.7,31,18.4,14.5,40.2,29.2,31.6,30.8,37.7,21.4,33.5,,14.1,28.7,4.9,23.8,5,9.8,4.9,12.3,2.3,6.7,59.9,35.9,23.8,22.1,34.8,39.6,67.9,14.3
20150106,12,O3,63.1,60.6,44.6,56.1,48,66.3,37.3,33.8,75.4,29.3,59.5,45.1,39.6,44.9,74.2,40.1,,69.9,45.5,65,52.7,74.8,67.8,65.2,60.2,70.6,67.1,23.5,33.4,60.5,62.2,43.1,55.4,11,59
20150106,12,CO,0.5,0.4,0.5,0.5,0.7,0.5,0.5,0.6,0.3,0.8,0.7,0.7,1,0.7,0.6,0.8,,0.5,0.6,0.3,0.5,0.3,0.2,0.4,0.4,0.2,0.3,0.7,1.3,0.7,0.4,0.5,0.6,1.1,0.3
20150106,13,SO2,11.4,17,17,18.2,12.1,11.1,16.1,10.4,12.8,23,13.1,18.3,17.7,24.7,19.9,16.1,,7.5,17.4,3.6,8.9,6.5,34.5,15.2,30.8,2,4.2,19.2,22.3,31.2,16.3,19.7,20.3,29.9,
20150106,13,NO2,25.3,36.9,46.3,41.5,10.3,23.7,43,11.8,25.8,28.9,25.5,24.1,24.2,25,34,16.3,,14.8,17,3.1,,5.6,10.2,5.1,18.8,2.5,6.2,50.5,19.1,24.9,41.7,42.1,43.6,72.7,
20150106,13,O3,58.7,52.3,37.7,42.5,49.4,70.9,30.4,37.8,66.7,45.7,66.9,58.1,47,61.3,63.3,54.1,,72.9,58.2,68.2,61.2,80,69.4,65,57.6,71.9,68.1,29.3,52.6,68.4,44.7,36.2,52.4,13.4,
20150106,13,CO,0.5,0.6,0.7,0.8,0.7,0.5,0.7,0.5,0.5,0.7,0.5,1,0.9,0.6,0.7,0.6,,0.4,0.5,0.3,0.3,0.3,0.3,0.4,0.4,0.2,0.3,0.6,1,0.7,0.7,0.8,0.8,1.2,
20150106,14,SO2,15.8,19.2,18.3,16.4,15.9,16.1,18.5,10.3,9.9,17.1,18.4,16.2,21.4,25.5,24.5,18,,6.5,13.3,2.4,11.7,8.7,23.2,17,21.3,2,4.1,20.2,19.9,23.9,18,20.2,26.7,27.3,
20150106,14,NO2,31.8,30.1,42.6,30.9,35.6,43.5,46.9,14.9,22.9,23.9,32.2,24.4,26.6,23.2,24.9,27.9,,15.2,17.2,2.7,13,9.2,8.6,6,17.2,2,6.6,52.7,13.9,20.2,41.2,36.9,52.8,67.1,
20150106,14,O3,54.1,64.7,43,55.5,32,56.3,31.9,37.1,78.4,55.1,72.3,63.6,52.4,67.3,78.8,45.4,,73.5,63.2,69.8,60.9,81.5,72.7,66.2,59.8,75.6,68,26.1,59.8,74.7,48,45.2,48.6,19.6,
20150106,14,CO,0.7,0.5,0.7,0.7,0.8,0.7,0.7,0.5,0.8,0.6,0.6,1.1,0.9,0.6,0.7,0.8,,0.4,0.4,0.3,0.3,0.3,0.3,0.4,0.3,0.1,0.3,0.6,0.7,0.5,0.7,0.7,1,1,
20150106,15,SO2,13.6,16,15.2,14.8,12.9,16.1,16.4,10.9,13,18.9,20.6,22.5,21.6,29.6,24.9,23.9,,2.6,17.8,3.6,16.5,22,24,12.3,21.5,2,4.2,25.2,29.8,20.8,15.8,18,21.4,28.9,
20150106,15,NO2,27.8,26.2,38.1,28,33.1,43.8,46.7,17.8,22.5,29.2,37.8,28.5,28.8,30.7,24.6,38.2,,15.9,22,3.3,16.7,13.8,8.9,5.7,19.4,2,6.5,49.3,20,22.5,37.8,35.3,87.3,65.3,
20150106,15,O3,61.6,73.7,49.3,62.4,36,60.6,33.5,36.5,81.7,55.9,75.9,60.9,51,65.2,86.6,39.8,,75.7,62.1,69.7,60,76.7,73.2,68,61.2,77.9,69.2,30.5,57.3,75.9,55.3,50.4,,24,
20150106,15,CO,0.7,0.5,0.6,0.8,0.8,0.7,0.7,0.6,0.7,0.7,0.6,0.8,0.9,0.7,0.7,0.9,,0.4,0.5,0.4,0.3,0.3,0.4,0.4,0.3,0.1,0.3,0.6,0.8,0.5,0.7,0.8,0.9,1.1,
20150106,16,SO2,16.2,24.4,18.6,21.9,12.2,19.8,20.2,12.1,16.1,21.7,15.1,20.1,17.9,31.6,29.3,26.5,,2,18.9,4.4,13.7,27.4,24.1,10.9,29.2,2,6.1,20.7,23,19.8,22.7,27,24.8,37.1,
20150106,16,NO2,28.6,29.3,46.8,35.6,44.5,45.6,52.9,19.8,24.3,32.9,37.3,28.1,32.9,37,27.7,38.5,,19,25.6,5.8,16.9,14.6,10.8,5.3,26,2,7.8,45.7,18.3,21.4,44.6,38.1,100.5,74.6,
20150106,16,O3,66.5,78.1,47.2,61.3,30.2,63.2,33.1,36.3,79,53.5,75.2,60.8,47.8,59.4,83.4,45.3,,72.4,57.9,68.2,57.9,76.6,70.9,68.6,52.4,77.7,68,34,60.6,78.4,53,54.1,39.9,19.6,
20150106,16,CO,0.7,0.6,0.7,0.8,0.8,0.7,0.8,0.6,0.6,0.7,0.5,0.7,0.9,0.7,0.8,1,,0.4,0.6,0.4,0.3,0.3,0.4,0.4,0.4,0.1,0.3,0.6,0.7,0.5,0.8,0.9,1.1,1.2,
20150106,17,SO2,20.8,24.8,21.5,22.1,15.3,23.8,17.6,17.1,15.9,23.7,16.1,18.1,18.3,27.9,27.6,31.1,,7.6,15.4,9.7,14,40.2,26,12.2,35.7,5,9.4,23.7,29.7,20.9,23.6,26.3,30.3,36.2,
20150106,17,NO2,36.3,40.9,53,46.9,55.1,53.1,59,27,29.8,54.8,40.5,36.9,46.9,49.4,37,44.8,,39.3,33.9,14.6,21.8,20.7,14.2,8,35.7,4.2,13.1,48.8,28.3,25,51.7,52,125.5,86.3,
20150106,17,O3,56.6,60.4,37.9,47.5,23.3,55.4,23.7,30.5,71.8,23.7,66.2,50,37.2,41.7,69.2,40.6,,55.4,47.3,60.7,52.8,68.8,67.4,64.7,41.6,72.7,62.6,30.7,54.1,72.7,44.7,36.2,24.3,11.8,
20150106,17,CO,0.9,0.7,0.8,0.9,0.8,0.8,0.8,0.7,0.6,0.9,0.7,0.7,0.9,0.8,0.8,1.1,,0.6,0.6,0.5,0.4,0.3,0.5,0.4,0.5,0.2,0.4,0.7,0.8,0.6,0.8,1,1.3,1.2,
20150106,18,SO2,22.3,26.4,22.8,28.9,17.1,27,19.5,19,15.2,27,23.5,25.5,26.3,29.5,34.4,31.7,21.3,20.4,22.8,16.1,12.4,31.9,26.1,16.9,26.3,9.8,14.3,29.4,25.2,35.9,27.8,30,31.3,41.8,
20150106,18,NO2,49,54.6,68.3,74.6,67.1,68.4,72.9,40.6,35,78,58.4,60.3,70.5,70.3,69.1,57.9,76.9,76.7,73.9,40.6,58.3,61.7,17.5,27.7,28.7,7.1,22.9,67.4,36.8,37.5,69.8,69.2,142.5,91.9,
20150106,18,O3,37.6,39.1,23.3,20.2,8.7,31.1,11.1,18.9,61.6,2,40.7,26.4,18.3,18.8,33,21.7,14.3,25.9,10,35.9,13.3,15.8,62.4,44.5,46.6,68.1,48.1,15.9,35.4,59.3,21.8,16.2,16.2,2,
20150106,18,CO,1,0.7,0.9,1.1,1,0.9,0.9,0.8,0.7,1.1,0.9,1.1,1.2,0.9,1.1,1.1,1,1,0.9,1,0.7,1,0.6,0.7,0.4,0.2,0.5,0.8,0.9,1.1,1.1,1,1.4,1.7,
20150106,19,SO2,26.8,27.2,24.8,41.3,20,29.9,24.4,13.2,14.4,45.4,47.8,37.1,47,37.2,50.9,35.9,30.4,26.9,33.2,34.7,26.9,33,19.5,22.8,21.4,6,34.5,31.7,28.1,57.3,35.6,38.2,31.3,51.9,
20150106,19,NO2,57.8,73.1,82.5,91.8,73.5,83,85.2,49.2,33.8,87.8,79.7,73.7,81.9,70.5,82.1,77.5,87.8,85.2,76.1,65.1,61.7,66.8,16.2,45.2,28.4,8.3,48.9,79.2,44.4,54.5,84.3,85.5,152,101.4,
20150106,19,O3,26.8,15.2,11.9,7.2,2,12.4,2.1,9.6,55.8,2,24.1,14.8,13.4,18.3,23.9,2.7,13.2,17.4,6.8,19.7,7.8,8.5,60.8,28.6,39,56.7,35.8,9.3,21.1,37,9,2.5,14.8,2,
20150106,19,CO,1.1,0.8,1,1.5,1,0.9,1.2,1,0.7,1.8,1.5,1.4,1.7,1.1,1.6,1.2,1.3,1.6,1.5,1.6,1.6,1.8,0.5,1.1,0.4,0.2,0.9,0.9,1.2,1.4,1.3,1.3,1.4,1.9,
20150106,20,SO2,43.7,48.5,45.2,54.9,29.4,45.9,37.2,13.4,16,58.4,52.5,53.6,55.1,70.5,53.1,47.2,32.8,33.2,48.7,48.3,27.5,47,20.5,23.5,29.6,5.8,33.9,34.7,43.8,68.9,51.6,57.4,47.1,69.7,
20150106,20,NO2,69.1,79.1,88.3,94.2,79.2,92.9,89.6,54.3,39,87.2,80.5,82.2,76.5,71.3,79.9,84.8,91.1,86.1,77.1,79.3,51,68.3,22.6,43.3,31,10,49.8,90.9,55,66.5,83.4,80.7,155.5,104.7,
20150106,20,O3,15.3,13,8,7.4,2,3.5,2,4.1,48.1,2,23.3,7.2,13.2,15.5,22.1,2,14.2,16,7.8,10.4,11.3,4.2,51.9,19.7,35.7,53.2,29.9,2.9,11.9,22.7,7.5,4.6,14.2,2,
20150106,20,CO,1.4,1.2,1.3,1.8,1.2,1.2,1.4,1.3,0.6,1.9,1.9,1.8,1.7,1.4,1.6,1.4,1.3,1.8,2.6,2,1.5,2.7,0.7,1.3,0.4,0.3,0.9,1.1,1.3,1.9,1.6,1.6,1.6,2.2,
20150106,21,SO2,48.5,56.8,55.2,59.7,43.5,57.1,47.1,18.9,18.2,72.6,60.6,66.4,75.4,94.2,74.5,60.2,36.1,46.2,57.9,81.8,22.6,47.3,28.8,22.3,18.2,5.3,33.1,34.4,47,68.5,60.2,66.5,59,80.1,
20150106,21,NO2,74.2,77.1,89.9,92.1,82.2,90.5,87.5,60.1,49.7,83.8,83,85,77.7,80.7,86.2,87.5,100.9,85,70.5,90.8,45.6,65.4,31.2,41.1,18.4,11.4,56.8,90,62.1,65.2,85.5,79.1,161.8,96.8,
20150106,21,O3,5.7,11.4,5.2,6.6,2,2.4,2,4.3,37.7,2,21.4,5.3,12.3,4.6,19.1,2,15.5,15.6,7.8,9.6,12.5,2.3,37,17.1,47.4,48.9,27.8,4.1,2,18.7,3.4,2.4,13.4,2,
20150106,21,CO,1.6,1.4,1.6,1.9,1.4,1.4,1.6,1.8,0.8,2,2,2.1,1.9,1.8,2.2,1.7,2,2.2,2.5,3.3,1.4,2.2,0.8,1.1,0.4,0.4,0.9,1.2,1.5,2.1,1.9,1.7,1.9,2.1,
20150106,22,SO2,50.2,52.7,64.6,61.1,44.6,57.6,52.6,19.8,22.1,82.7,71.4,77.4,75.5,100.6,98.6,95.4,48.9,37.4,64.6,78.9,29.1,34.9,32.3,24.8,28.9,5.2,33.4,38.4,67,71.6,61.7,71.1,66.6,78,
20150106,22,NO2,74.2,77.1,87.6,89.7,83.3,92.6,85.7,61.8,55.5,82.9,86.9,85.9,76,84.3,83.8,87.6,95.6,78.5,66.8,81.6,55.7,57.7,42.9,44.5,28.2,14.1,66,92.8,66.5,69.2,83.3,79.3,160.6,93.7,
20150106,22,O3,4.4,9.4,4.8,6.5,2,2,2.1,4.9,33.3,2,20.7,4.4,12.7,2.6,17.7,2.4,19.4,13.3,8.2,14.2,2,2.1,23.6,13.9,34.8,43.9,15.2,2.2,2,13.5,2.7,2,13.2,2,
20150106,22,CO,1.6,1.5,1.8,1.9,1.6,1.6,1.9,2.3,1,2.1,2.3,2.6,2.1,2.5,2.2,2.1,3.2,2.2,2.9,4.9,1.7,2.1,1,1.3,0.4,0.5,1.1,1.4,1.7,2.1,2.2,1.9,2.2,2.2,
20150106,23,SO2,54.9,49.8,71.3,69.8,49.7,61.9,56.6,15.1,24.1,83.7,55.2,80.1,74.7,112,118,117.2,54.1,45.4,52.6,64.6,22.2,26.2,30.6,26.5,34.4,3.5,39,40.4,78.2,75.9,69.3,77,74.3,82.8,
20150106,23,NO2,71,75.1,84.5,85.5,83.2,89.9,85.9,60.2,60.8,80.7,80.4,87.5,77.3,84.5,83,84.6,81.1,70.1,61.1,72.6,39.7,53.7,58.7,50.1,30.4,9.8,40.3,96.2,69.4,76.9,80.3,79.7,154.7,89.3,
20150106,23,O3,4,9,4.8,6.7,2,2,2.1,5,27.1,2,17.1,4.1,15.2,3.7,18.3,4.2,24.8,17.2,7.5,9.9,11.4,2,9.9,9.3,31.2,47.4,9.7,2.1,2,9.4,3,2,13.4,2,
20150106,23,CO,1.7,1.6,1.9,1.7,1.8,1.7,2,2.9,1.2,2.4,2.1,3,2.6,3,2.4,2.5,3,2.9,2.5,4.4,1.3,2,1.2,1.3,0.4,0.3,1.2,1.7,2,2.5,1.7,2.3,2.4,2.6,
20150106,0,PM2.5,8.3,6.4,10.1,4.7,13.5,7.8,9.4,5.4,6.8,4,6.3,4.3,9.6,8.9,4.4,9,58.7,14.6,3,8,6,3,16.9,3,13.1,3.5,3,15.1,17.9,10.6,4.2,6.8,12.3,13.6,3.1
20150106,0,PM10,20.8,17.9,,11.8,29.6,28.2,,9.7,,9.1,34.4,12,,12,29.9,15.5,,21.2,5,,10.4,5,24,12.8,42.5,13.2,10.6,20.3,31.2,,13.3,18.5,17.9,14,38.9
20150106,0,AQI,105,96,102,97,123,122,164,200,135,136,181,150,153,134,151,130,145,142,145,104,93,146,159,125,124,123,83,143,174,234,123,118,127,120,138
20150106,1,PM2.5,6,13.8,9.3,7.8,9.6,9.8,9.5,4.3,3.4,6.6,6.5,6,11.2,8.6,10.4,4.6,14.5,5.4,3,7.6,6.3,3,13,10,14.9,5.3,4,12.2,15,10.4,3.5,10,9.4,11.4,9.6
20150106,1,PM10,15.8,,,,12.8,25,,5,5,,30.7,,23.2,,13.4,5,15.3,11.5,5.4,11.9,8.2,5,15.5,20.2,38.6,11.8,7.3,,,,5,11.1,15,11.6,19
20150106,1,AQI,95,89,95,96,113,110,148,183,119,125,163,136,140,122,138,122,133,130,131,101,89,132,147,108,112,111,80,134,154,219,113,109,117,111,125
20150106,2,PM2.5,6.2,6.2,11.5,7.1,10.1,11.2,5.3,4.2,4.9,3,4,5.8,5.3,7.9,6.8,4.7,49.4,15.1,3,3,12.3,3,7.2,11.3,11.9,3,3,12.6,11.1,5.2,8.6,9.6,7.7,7.7,6.6
20150106,2,PM10,14.9,,,8.1,11.2,17.8,,7.8,5,5,29.6,8.2,27.6,,,5,,16,6.5,5,24,5,8.2,15.5,39.4,13.3,5,19.5,,,,,9.9,14.8,12.6
20150106,2,AQI,90,86,90,92,104,100,132,165,106,115,145,123,127,113,127,116,123,120,117,96,86,120,136,96,100,100,76,127,135,204,105,101,111,103,114
20150106,3,PM2.5,5.4,4.2,9.4,5.3,8.3,7.3,4.2,3,4.8,4.4,5.7,6.2,7.4,9,8.3,9.6,22.4,15.3,3,3,10.4,4.6,8,7.6,13.6,4.1,5.9,12.6,8.9,3,3,6.1,12,3,8.5
20150106,3,PM10,11,5,,7,11.5,16.9,5,7.6,11.5,6.5,46,20.2,,,10.1,,,18.9,12.2,5,,5,,13.6,31.9,5,,18.7,,5,5.6,8.8,,8.9,9.6
20150106,3,AQI,87,83,84,88,97,91,117,147,96,106,130,112,118,105,117,109,116,107,104,93,84,108,126,82,88,93,71,119,121,185,96,94,104,96,104
20150106,4,PM2.5,6.9,5,4.7,5.6,9.1,10.2,10.3,4.8,8.4,3.7,3,8.1,3.4,9.6,7.9,3,3,13.8,3.2,3,9.8,3,10.6,6.5,8.1,3.9,3,6.8,7.6,3,8.2,8.7,5.6,8.5,8.8
20150106,4,PM10,,5.2,5,6.9,,16.7,,12.6,,17.2,47.5,38.5,5,,12.7,5,7,,24.2,5,,5,21.2,11,37.4,8.5,5,9.7,,5,,,9,9.7,
20150106,4,AQI,86,80,77,84,88,85,104,130,88,96,115,103,114,103,104,102,107,93,93,90,83,97,114,70,79,87,68,111,109,164,89,90,95,88,94
20150106,5,PM2.5,5.9,8.4,5.6,7.5,8.9,7.4,7.4,8.1,3,9.8,9.1,11.5,8.5,8.1,6.7,8.8,130.3,9.9,3,3,7.4,3.7,30.5,3,14.5,13.1,4.5,8.7,5.5,11.6,6.6,9.2,11.7,8.3,6.4
20150106,5,PM10,11.5,,9.4,12.7,9.8,18.5,12.4,20.3,7.2,34.7,33.2,55.3,,9.7,28.4,,,11,11.3,5,,5,,11.1,43.7,,5,11,,,8,10.6,15,11.2,12.1
20150106,5,AQI,82,79,72,80,83,81,95,115,79,85,101,93,112,99,100,92,104,84,82,87,81,85,104,61,75,84,65,103,107,145,81,87,89,81,85
20150106,6,PM2.5,6.4,6.4,4.9,9.5,9.4,12.4,10,7.1,6.2,6.5,3,7.2,7.4,9.5,8.3,13.5,3,9,3,5.8,8.3,3.6,17.8,5.1,9.5,4.4,11.3,12.1,9.9,36.5,8,5.9,11.3,7.3,8.7
20150106,6,PM10,12,8.6,5.2,12.4,15.3,18.6,,7.1,,13.9,16.2,12.5,,14,12.6,,6.9,,5,,,5,,10.3,36.9,10.2,,15,,,8.9,12,12.9,12.6,9.3
20150106,6,AQI,78,76,67,76,78,78,92,100,71,77,86,82,110,95,96,84,96,82,72,86,79,75,92,60,71,78,64,96,106,130,72,83,84,76,78
20150106,7,PM2.5,9.3,7.8,8.5,11.1,12,8.7,11,6.2,6.6,10.7,10.5,5.9,6.5,10.4,8.7,13,3,12.2,3,3.2,12.1,3.7,12.4,7.1,10.5,4.9,5,14.3,11.5,40.7,15.9,15.6,13.2,11.8,8
20150106,7,PM10,,8.4,,13.7,,16.7,,,,15.7,19.5,10.4,,13,11.2,,7.6,,5,5,19.7,5.4,,9.2,24,5,,21.4,11.9,,,18.9,17.8,21.1,17.4
20150106,7,AQI,76,72,64,72,75,74,88,86,63,73,80,71,107,91,94,78,88,80,65,82,74,66,79,56,68,72,63,89,102,116,69,79,79,72,74
20150106,8,PM2.5,8.2,15.2,10.4,14.5,10.6,9.8,13.5,11.5,12.2,8.5,3.9,4.8,6.6,18.4,12.6,37.2,114.7,16.6,3,3.9,24.4,10.9,11.6,8.5,9.7,4.8,11.5,21.9,11.3,48.9,10.4,15.3,20.6,13.8,13.6
20150106,8,PM10,17.6,18.4,,18.2,16.5,22.7,15,12.5,,14.7,16.2,12.4,,25.6,22.9,40.6,,18.2,5,6.8,30.9,16.2,17.5,12.3,23.8,5,,45.2,,,16,25.8,23.7,34.4,17.6
20150106,8,AQI,71,68,61,68,71,69,82,72,63,69,78,63,104,87,90,72,88,73,60,78,69,61,68,52,64,67,61,82,100,104,64,74,76,68,70
20150106,9,PM2.5,9.7,11.5,13.4,15.2,12.1,16,15.8,22.9,9.8,13.7,30.9,12.3,23.6,27.3,19.8,42,,15.5,3.8,12.7,32.6,19.3,20.6,28.8,12.7,3,16.4,41.4,20.1,73.4,15.9,13.3,12.6,19.1,11.2
20150106,9,PM10,23,16.1,,18.8,19.2,39,16.3,38.1,16.3,26.3,42.5,27.6,28.9,37.5,32.2,,31.9,33.4,15.3,19.7,,36.1,29.5,41.4,34.7,10.9,,62.1,26.1,,19.8,34.3,24,42.7,16
20150106,9,AQI,67,64,59,63,67,66,76,60,58,65,72,58,96,82,86,69,79,67,55,74,67,56,60,49,61,63,59,76,95,93,60,71,72,64,65
20150106,10,PM2.5,10.9,15,14.7,17,14.1,17,17,30.4,12.9,17.6,27.5,22.2,47.7,26,19.8,34.6,,14.5,8.6,10.5,34.8,23.5,31,32.9,13.8,6.3,23.7,42.8,25.8,85.8,8.4,15.8,17.2,19.6,11.4
20150106,10,PM10,20.8,,,,18.6,30.1,17.4,39.9,,22,72.9,28.2,51.7,29.4,29.7,,,26.4,,21.8,42.9,39.8,,38,104.5,8.6,39.3,56.6,50.5,,14.8,25.8,33.2,31.9,
20150106,10,AQI,63,61,55,60,62,61,68,53,54,61,68,54,83,75,80,65,73,60,49,69,62,52,52,45,59,58,55,71,90,79,55,67,68,61,60
20150106,11,PM2.5,15.8,15.2,15.7,17.9,16.4,15.9,19.3,22.4,11.1,12.4,27.1,23.2,37.7,23.8,16.5,52.1,,12.7,3,5.5,28.4,12.5,20,9.6,14.2,5.2,24.3,35.4,45.2,49.9,21.6,17.5,13.8,13.1,13.8
20150106,11,PM10,18.2,,,,18.8,24.6,,25.5,14.3,,40.8,23.5,39.8,35.1,,,,19.2,7.5,7.8,36.2,24.7,30.8,,52.6,13.6,35.1,44.6,71.4,,,24.3,27.1,25.6,50.6
20150106,11,AQI,58,58,52,57,57,56,64,43,48,56,63,46,73,66,77,61,65,56,37,59,57,46,40,43,56,54,52,65,84,63,52,63,63,57,56
20150106,12,PM2.5,10.3,13.1,15.1,11.7,12.4,15.9,13,15.5,20.6,18.7,27.3,22.3,36.2,19.9,18.5,28.7,,11.6,21.4,5,21.1,10.3,12.4,7.9,14.9,5.3,6.1,31.4,65.7,35.1,18.3,14.9,19.7,15.9,14.1
20150106,12,PM10,11.2,,,,,19.4,,,,,49.3,28.4,42,24.6,,,,11.8,29,7.7,33.5,,35.7,13.6,30.9,8.4,,43.9,83.1,,,,,27.1,18.2
20150106,12,AQI,57,56,49,55,55,52,60,36,43,53,62,39,65,60,74,55,58,53,32,53,53,41,33,40,53,53,48,59,80,54,50,61,61,54,51
20150106,13,PM2.5,12.9,21,19.1,29.3,10.8,9.8,23.3,10.8,17.9,21.8,31.8,30.4,36.5,30.3,23.6,9.4,,7.4,16.9,5.6,12.5,5.3,21.9,7.3,16.9,3,6.1,24.6,54.9,54.7,14.8,25.1,16.1,29.7,
20150106,13,PM10,,,,30.8,,14.1,,,19.5,,50,39.4,,34.1,30.8,10.3,,,27.4,,17.8,,30.4,10.8,24.4,16.7,,,,,23.4,28.6,25.8,40.1,
20150106,13,AQI,56,54,45,52,52,49,57,33,37,50,59,37,61,57,71,49,52,50,30,47,45,38,30,38,45,47,40,56,76,54,44,58,58,52,
20150106,14,PM2.5,23.3,25.7,31.9,24.2,21.9,17.3,27.3,11.1,26.5,30.5,34.5,31.8,43.6,32.2,29.2,14.5,,11.9,13.3,4.9,13.4,4.9,21.7,10.5,16.9,5.6,5.6,21.5,40.6,44.4,32.9,33.4,23,34.5,
20150106,14,PM10,,,,35.9,32.9,32.3,29.2,,,,51.7,37,53.4,38.6,37.1,29.3,,,20.8,5,21.4,5,28.5,,29.6,8.7,,28.7,46.7,,,37.9,39.8,45.4,
20150106,14,AQI,52,50,39,48,48,42,55,31,35,45,56,35,55,54,46,44,48,47,27,43,39,27,27,36,39,38,35,54,70,39,39,55,55,48,
20150106,15,PM2.5,26.9,32.3,24.1,29.3,22.9,33.1,27.6,16.2,27.7,32.9,50,39.4,44,49.8,44.6,30,,8.3,19.3,5.1,13,3,12.9,13.6,16,6.9,5.7,31.2,52.1,43.6,35.4,31.8,30.9,38.9,
20150106,15,PM10,37.8,,26.1,46.1,48.4,50.9,41.6,21.9,40.3,34.9,75,55.6,56.9,66.3,65.3,47.5,,16.3,30.6,,21.5,9.3,30.1,16.1,20.9,8.4,6.9,40.5,72.5,,44.8,42.5,46.7,55.9,
20150106,15,AQI,49,43,35,44,44,38,53,28,33,41,55,35,48,52,40,38,42,42,25,29,32,24,26,32,37,28,27,51,65,38,35,53,53,46,
20150106,16,PM2.5,32.4,43.8,39.6,45,26,33.4,40.2,20.3,40.1,41.4,34.9,47.6,46.7,53.7,53.1,40.4,,14.3,36.7,5.1,12,3,20.5,9.4,17.4,10,7.2,31.7,46.5,42,49.1,45.4,35.1,51.8,
20150106,16,PM10,49.9,54,,70.7,49.1,59.2,58.1,29.5,53.8,53.8,64.9,66.6,64.4,81.3,91.6,65.1,,16.5,67.6,7,31.1,9.5,32.6,14.3,34.7,11.4,12.2,45.5,79,,63.2,65,45.9,76.7,
20150106,16,AQI,39,38,32,42,38,35,49,26,31,39,54,34,48,51,39,35,45,32,26,22,29,24,25,30,36,25,22,47,60,40,31,51,51,44,
20150106,17,PM2.5,47.2,52.9,41.6,48.1,36.3,51.4,35.3,32.5,39.4,51.2,47.2,37.3,46.6,57.7,62.9,57.1,,24.9,31.3,9.7,17.3,8.3,25.6,13.8,18.2,10.6,14.7,48.6,60.9,46.9,53.9,52.6,50.5,55.8,
20150106,17,PM10,78.7,69.3,52.8,86.2,69.4,88.8,57.9,50.2,56.9,74.2,87.9,72.2,66.1,91.2,118.1,90.5,,30.5,56.3,12.5,32,12.4,39.2,16,44.4,17.4,21.7,68.2,103.5,50.4,79,83.5,74.7,97,
20150106,17,AQI,37,34,27,40,36,35,41,25,29,36,53,33,47,49,39,33,47,29,25,19,26,22,26,29,37,23,20,42,58,42,30,47,63,44,
20150106,18,PM2.5,57,61.9,55.5,60.5,49.2,62.4,47.9,41.8,47.9,62.7,57.7,54.6,52.8,53,75.8,59,46.2,48.3,38.9,26.4,25,30.2,23.1,24.3,18.7,8.1,18.3,57.7,73.6,77.9,58.7,60.5,54.4,65.1,
20150106,18,PM10,106.7,81.4,76,112.8,100.9,113.5,82,75.1,57.9,108.3,106.4,105.1,87.2,90.6,140.9,111.6,62.8,72,84.2,42.8,53.2,68.5,38.7,39.8,36.2,19.7,37.9,94.8,108.6,93.5,104.7,95.6,98.2,112.1,
20150106,18,AQI,38,34,35,38,38,37,40,26,29,39,53,35,48,45,43,35,51,39,37,21,30,31,26,27,36,22,16,41,56,46,35,41,72,46,
20150106,19,PM2.5,56,54.8,54.6,70.9,52.7,57.6,58.4,66.7,43.8,78.4,89.1,76.4,88.6,80.3,109.3,67.9,71.8,85.8,55.4,78.7,74.5,89.8,18.7,59.5,21.8,10.3,59.6,70.2,78.9,106.6,70,63,55.7,77.8,
20150106,19,PM10,101.5,69.5,69.7,126.5,105.2,111,95.7,87.8,56.3,139.2,138.6,129.6,145.2,122,176.9,110.4,91.1,112.4,124.3,110.7,87.5,125.2,33,81,41.6,36.5,97,114.6,112,129.3,105.9,100.3,104.3,125.7,
20150106,19,AQI,36,37,42,46,37,42,43,28,29,44,53,39,53,46,49,41,53,43,39,33,31,34,27,27,37,18,25,43,56,52,43,43,76,51,
20150106,20,PM2.5,84.7,79.2,77.5,104.4,59.3,78.1,75.4,64.7,41.1,111.7,114.7,101.7,99.3,104.3,115,80.2,75.4,93.2,69.7,97.9,71.3,119.7,27.1,63.5,30.6,14.9,67.4,86.4,94,135.6,97.2,97.2,68.6,106.8,
20150106,20,PM10,136.8,105.1,109,165.6,106.5,134.2,121.8,99.3,59.9,171.3,169.7,154.6,161.4,141.9,174.5,125.6,97,120.8,134,127.2,75.9,142.5,33,90.1,41.1,24.4,93.8,120.2,129.1,151,142.4,138.9,120.8,150.7,
20150106,20,AQI,38,40,45,48,40,47,45,31,29,44,55,44,55,50,53,48,57,44,39,40,32,35,28,29,38,17,27,46,58,62,42,42,78,53,
20150106,21,PM2.5,103.3,98.2,100.7,117.4,85,103,95.9,80.4,50.9,120.5,140.6,117.4,122.7,124.3,145.2,97.8,91,98.3,65.1,134.6,58.8,92.8,28.6,53.1,21,20.4,66,91.4,106.5,156.5,111.7,110.3,94.1,113.6,
20150106,21,PM10,149.5,134.7,132,164,165.1,154.5,156.9,116.4,65.6,177.8,194.1,183.3,174.8,159,208.5,163.4,119,131.7,107.6,166.6,,108.5,41.5,61.3,30.6,27.3,98.6,129.2,138.3,,154.6,147.7,154.7,164.4,
20150106,21,AQI,44,42,47,50,44,47,50,36,32,51,58,51,60,52,57,53,64,43,36,46,32,33,29,30,39,16,32,49,61,66,47,47,81,50,
20150106,22,PM2.5,100.6,104,107.2,117.4,91,101.2,107.9,99.9,55.5,117.3,145.7,126.6,128.2,147.4,148.8,125.5,130.8,87.2,71.8,192.3,72.7,86.4,41.8,61.8,35.4,24.6,70.3,100.5,121,146.6,112.2,116.4,102.8,118.7,
20150106,22,PM10,144.7,121.9,135.1,162.9,203,156.3,167.2,121.7,66.8,187.6,208.1,201.4,182.1,180.7,212,211.3,159.6,103.4,122.6,221.6,73.7,119.4,48.2,,,32.2,99.2,137.4,161.9,,152.2,154,157.2,161.8,
20150106,22,AQI,50,49,55,54,52,51,55,41,35,55,60,54,63,56,61,60,75,43,41,50,36,35,30,28,39,15,38,52,64,73,52,52,81,53,
20150106,23,PM2.5,107.7,107,112.9,118.9,98.6,106.3,117,103.2,49.2,132.4,117.4,126.9,152.8,175.8,159.9,148.3,142.9,96.1,70,197.1,63.3,81.2,55.5,65.4,36.6,13.9,81.4,116.5,140.1,178.2,115.9,121.3,114.4,120.3,
20150106,23,PM10,154.5,134.4,146.1,166,245.1,159.6,179.6,136.1,64.8,183,187.8,215.5,224.9,203.6,218.3,272.1,152.2,120.4,103.2,,,,59.6,,,29.4,117.6,148.9,180.2,,153.8,163.4,169.1,164.9,
20150106,23,AQI,54,54,60,57,58,54,61,47,38,60,63,59,68,64,65,66,86,48,44,50,39,38,32,32,39,15,44,56,69,82,56,55,78,57,
