date,hour,type,dongsi,tiantan,guanyuan,wanshouxigong,aotizhongxing,nongzhanguan,wanliu,beibuxingqu,zhiwuyuan,fentaihuayuan,yungang,gucheng,fangshan,daxing,yizhuang,tongzhou,shunyi,changping,mengtougou,pinggu,huairou,miyun,yanqing,dingling,badaling,miyunshuiku,donggaocun,yongledian,yufa,liulihe,qianmeng,yongdingmengxi,xizhimengbei,nansanhuan,dongsihuan
20150523,0,SO2,16.7,2.6,19.6,11.3,20.2,16.7,15.2,5.5,5.2,19.1,4.7,10.2,12,25.6,18.7,20.3,14.5,3.8,4.6,13,5.7,10.7,7.4,6,3.1,6.5,24.1,6.1,3.7,8.8,,19.6,19.2,16.5,16.5
20150523,0,NO2,113.7,97.8,46.1,78.5,99.3,113.6,131.3,68.8,28.6,99.2,70.2,94,58.4,54.3,54,73.9,53.7,20.8,39.5,20.7,27.2,49,37,13,22.6,15.3,35.8,69.4,38.3,25.6,,172.4,101.3,174.4,172.5
20150523,0,O3,39.3,23,96,78.2,85.5,61.6,39.9,28.8,107.3,48.9,57.9,27.9,80.5,121.2,106.1,96.3,91.5,137.6,93.9,159.8,121.9,150.9,133.7,147.3,166.7,180.5,125.6,26.9,93.6,107.7,,3.9,72,2,2
20150523,0,CO,1.2,1.3,1.1,1.1,1.1,1.1,1.1,0.8,0.6,1,0.9,0.9,1.1,1,0.9,1,1,0.7,0.7,0.9,0.9,1.3,0.7,0.6,0.6,0.8,0.6,0.8,0.9,0.8,,1.6,1.1,1.6,1.8
20150523,1,SO2,27.5,10.1,26.7,24.4,23.3,28.2,15.7,7.1,5.6,26.9,5.1,9.6,13.1,17.2,13.5,19.6,17.4,3.1,4.5,12.6,5.7,7.1,5.4,4.4,4.6,5.9,25,5.2,6.9,14.4,,21.8,22.3,23,23.5
20150523,1,NO2,68.6,87.6,49.5,71.2,118.1,83.3,147.5,59.1,38.5,63.2,70.9,95.3,52.2,41.8,54.8,60,39.5,22.3,25.9,22.4,24.3,103.6,29.3,12.4,55.4,14.9,29.6,62.7,23,29.1,,120.1,85.9,123.2,158.1
20150523,1,O3,73.9,60.3,76.3,84.6,59,83.7,16.9,21.3,84.6,68,53.9,16.5,57.3,108.5,76,89.4,63.7,111.8,98.8,133.5,122.3,51.9,132.2,122.3,128.9,174.5,123.6,24.3,134,94.9,,41.9,67.9,37.1,8.7
20150523,1,CO,1,1.1,1.1,1,1.2,1,1.2,0.8,0.6,1,1,1,1,0.8,0.9,0.9,0.9,0.7,0.6,0.9,0.9,1.2,0.6,0.6,0.7,0.8,0.6,0.9,0.7,0.8,,1.1,1.1,1.2,1.2
20150523,2,SO2,22.4,10.5,31.5,18.1,30.9,20.7,17.4,6.6,6.5,23.4,4.8,10.1,18.3,13.9,10,14.9,18.4,4.3,4.9,13.2,6.5,7.7,4.1,2.4,4.2,3.7,20.4,4.9,4.6,14.3,,19.5,21,18.3,18
20150523,2,NO2,39.1,43.1,40.6,40.6,89.3,46.4,128.7,60.5,40,71.7,88.9,113.5,38.7,46.8,44.9,46,26.5,22.2,23.5,19.6,19.8,84.5,25.1,13,54.5,12.7,24.8,85.5,22.3,40.3,,44,70.7,87.2,134.1
20150523,2,O3,65.1,93.3,66.9,100,64.4,101.5,17.4,17.7,79.3,40.2,33.4,2,49.8,92.9,75.2,89.9,34.1,93.6,97.2,135.3,126.5,81.4,122.7,118.9,124.3,170.8,126,2,113.1,58.1,,92.6,64.3,53.6,7.3
20150523,2,CO,0.8,0.8,1,0.8,1,0.8,1.2,0.9,0.6,0.9,1,0.9,0.7,0.7,0.8,0.8,0.6,0.7,0.6,0.9,0.8,1.3,0.6,0.6,0.7,0.8,0.6,0.9,0.7,0.8,,0.7,1,0.8,0.9
20150523,3,SO2,21.1,4.7,33.1,9.3,25,13.8,13.1,5.9,5,14.7,4.9,9.1,13.5,10.9,7.8,10.8,9.7,2.8,4.6,14.5,5.2,5.5,3.5,2,2.6,3.4,10,4.1,2,12.1,,14.3,23.8,13.3,18.5
20150523,3,NO2,28.6,39.8,43.2,45.2,116.4,67.9,134.1,71.4,43.8,76.2,74.2,104.4,66.7,37.4,60.9,55.4,25.8,33.8,32.7,16.2,24.1,91.1,19.7,20,93.8,12.4,20.5,68.3,22.2,67.8,,51.7,75.3,77.9,140.9
20150523,3,O3,58.5,67,52.2,75.6,43.7,68.3,2,7.7,67.9,16.8,39.9,2,29.1,92.7,51.5,70.8,36.9,88,80,141.9,98.9,58.8,125.8,98.4,56.1,165.7,319.3,5.2,69.2,24.9,,69.7,49,45.2,2
20150523,3,CO,0.6,0.7,1,0.8,1.2,0.8,1.1,0.8,0.7,0.9,1.1,1.2,0.9,0.7,0.7,0.7,,0.7,0.6,0.8,0.9,1.2,0.7,0.6,0.7,0.9,0.6,0.9,0.7,0.9,,0.8,1,0.8,1.2
20150523,4,SO2,15,4.6,22.2,5.8,12,7.4,10.8,5.8,7.6,15.8,7.3,7.6,9.5,5.2,6.3,6.3,7.1,2.5,3.6,11.7,4.5,4.2,2.9,2,2,2,20.6,5.7,2,9,,11.2,30.2,11.4,15.2
20150523,4,NO2,31.2,32.8,67.5,45.2,160.8,111.5,124,78,56.5,105.6,73.8,74.2,97,33.8,46.8,64,33.1,49.2,35.7,16.1,17.6,85.6,23.1,18.9,47.2,12,19.5,90,25,80.9,,50.5,115.9,95.6,131.8
20150523,4,O3,73.8,74,22.2,60,,11.5,9.5,2,54.1,2,32.2,20.8,2,78.4,58.4,49.4,36,61.1,69.9,131,100.8,50.9,106.4,72.6,99.2,147.7,131.5,2,48.1,,,70,16,24.8,2
20150523,4,CO,0.6,0.7,1,0.8,1.2,0.9,1.1,0.9,0.8,1,1,1,0.9,0.8,0.6,0.8,0.5,0.8,0.7,0.9,0.8,1.1,0.7,0.7,0.7,0.9,0.7,1,0.7,1,,0.7,1.1,0.9,1.1
20150523,5,SO2,10.9,2,12.8,4.4,9,6.3,13.6,6.2,14.6,15.4,5.4,7.3,4.7,5.9,5.7,6,4.4,2.4,5.6,8.3,3.9,3.7,2.3,2,2,2,14.1,4.6,2,7.3,,7.1,18.3,11,12.1
20150523,5,NO2,121.7,46.3,111.3,63.9,139.6,110.2,109.8,74.4,54.9,118.8,62.8,50.5,101.2,33.1,38.9,60.8,41.3,57.1,28.1,16,16.4,42.1,70.2,21.5,26.9,,17.3,84.6,24.5,83.9,,96.8,140.4,99.3,112.4
20150523,5,O3,17.5,40.6,2,36.3,2,2,9.8,2,53.3,2,41.1,41.4,2,72.6,57.1,64.9,45.3,55.9,84.1,121.1,101,87,41.7,68.9,110.6,145.3,115.4,2,15.6,2,,3.7,2,13.8,2
20150523,5,CO,1.1,0.7,1.3,0.9,1.2,1.1,1.1,0.8,0.9,1.2,0.9,0.9,0.9,0.7,0.6,0.8,0.7,0.9,0.6,0.9,0.8,1.1,0.7,0.8,0.7,0.9,0.6,1.1,0.7,0.9,,1,1.2,0.9,1
20150523,6,SO2,8.1,2,13.5,9.8,13.7,7.3,16.9,7.3,16.2,17.2,4.1,6.3,5.8,4.4,6,5.9,7.4,3.1,6.9,6.7,4.4,3.5,2.1,2,2,2.6,11.9,5.7,2,6.3,,11.4,13.3,12.7,9.9
20150523,6,NO2,122.1,87.8,97.8,116.2,108.5,99.1,84.6,75.1,49.1,82.5,60.4,80.8,107.3,64.3,76.8,80.1,45.8,40.6,25.6,19.7,18.2,57.7,65.9,19.7,19.9,12.5,16.2,75.8,23,79.2,,119.6,122.8,123.5,111.8
20150523,6,O3,2.7,9.5,2,10.7,10.5,4.9,27.4,2,65.7,4.1,44.4,9.3,2,30.7,21.5,19.1,72.2,74.6,92.6,109.6,88.8,68.3,38.2,71.3,114.5,145.7,115.5,2,2,2,,5,2.5,2,2
20150523,6,CO,1.3,1,1.3,1.2,1.2,1.2,1.1,0.9,0.9,1.1,1,1,1.2,0.8,0.8,0.9,1,0.9,0.6,0.9,0.9,1.1,0.7,0.8,0.8,0.8,0.6,1.3,0.7,1,,1.2,1.2,1.2,1.1
20150523,7,SO2,16.4,9.9,23.6,14.6,18.3,12.2,20.2,6.1,19.1,24.4,5.9,11,7.4,10.3,10.3,10.9,10.1,6.1,7.2,9.4,6.6,5.8,5,5,6,3.6,12.8,14.2,2,9.5,,15.9,18.9,19.7,11
20150523,7,NO2,88.1,111.7,80.3,98.7,101.8,97.5,83.6,77.6,44.1,77.6,83.3,62.8,99.9,81.1,109.1,95.9,71.4,38.7,18.7,26.3,31.5,48.1,43.5,22,48,12.8,16,70,24,77.7,,103.8,86.4,135,118.1
20150523,7,O3,19.9,13.9,9.7,25.1,23.2,6.7,37.3,8.2,79.3,13,25.9,34.2,11.3,23.8,2,15.3,48.6,80,104,101.2,73.6,88.8,72.6,66.9,96.8,132.2,85.3,9.1,10.6,4,,12.8,31.1,2,3
20150523,7,CO,1.2,1.3,1.3,1.2,1.3,1.3,1.1,1,0.9,1.1,1.1,0.9,1.1,1,1.2,1.2,1,0.9,0.6,0.9,1,1.1,0.8,0.8,0.8,0.9,0.7,1.3,0.7,1,,1.3,1.1,1.6,1.3
20150523,8,SO2,25.4,17.5,24.2,22.5,25.3,24.2,26.1,7.3,19.5,30.5,11.3,15.5,9.2,16.2,13.7,18,18.2,10.5,7.5,13.7,10.1,9.2,12.6,9.4,13,6.6,16.8,20.9,9,23.4,,26,25.1,24.4,18.9
20150523,8,NO2,69.4,101.5,63.9,83,82.2,95.7,76.3,62.2,39.4,74,70.2,48.9,83.3,120.4,101.8,106,75.5,49.5,26.8,35.6,51.3,39,58.4,28.5,67.4,13.1,47,67.9,35,90.5,,102.1,75.7,134.9,121
20150523,8,O3,49.2,34.9,37.3,47.5,65.8,25.9,61.9,37.9,100.3,34.6,56.9,72.6,33,22.5,25.5,24.6,55.1,81.5,98,104.5,80.6,110.5,71.2,86.5,89.2,153,47.6,23.4,47.6,21.7,,17.2,52.1,2,15.7
20150523,8,CO,1.2,1.3,1.3,1.3,1.2,1.3,1.1,1.2,0.9,1.2,1.2,0.9,1.1,1.4,1.1,1.2,1.1,1,0.6,1,1,1.1,0.8,0.9,0.7,0.8,0.8,1.3,0.9,1,,1.4,1.1,1.7,1.4
20150523,9,SO2,21.8,22.6,22.4,23,22.4,27.4,26.6,13.5,18.3,27.2,18.1,19.1,11.7,17.8,17.9,21,26.2,12.6,8,17.1,11.2,11.8,11,13.4,9.1,8,21.4,23.1,27.4,30.2,,29.2,28.8,26.8,26.6
20150523,9,NO2,74.9,99.9,47.5,77.6,77.1,85.9,62.3,71,41.5,71.6,54.2,47.5,70.7,127.3,107.9,107,72.6,92.4,33.2,36.8,45.7,30.4,51.9,24.8,43,11.8,51.9,62.4,46.4,92.3,,94,72.3,135.6,124.5
20150523,9,O3,63.3,57,74.2,77.8,91.9,58.8,107.7,57.4,118.3,58.3,100.8,99.5,63.8,42,37.9,46.2,68.3,53.2,106.5,119,113.5,141,84.6,123.5,139.6,170.3,78.4,50.5,82.1,40.2,,45.8,73.1,15.1,38.8
20150523,9,CO,1.2,1.3,1.2,1.2,1.2,1.2,1.1,1,0.9,1.2,1.2,0.9,1.1,1.4,1.2,1.3,1.1,1.1,0.7,1.1,1,1.1,0.7,0.9,0.7,0.9,0.7,1.1,1,1.3,,1.2,1.1,1.6,1.2
20150523,10,SO2,21.4,25.7,22.1,22.5,22.9,25.1,25.8,18.4,17.9,27.6,21.2,20.3,14.3,21.1,21.7,22.6,25.1,14.3,12,21.3,14.7,16.9,11,13.4,8.4,11.2,22,18.8,35.8,24.5,,34.5,41.1,34.3,29.5
20150523,10,NO2,77.7,89.4,47.1,74.1,59.7,73.1,60.4,54.9,63.7,68.5,52,44.8,72.8,125.8,101.6,100.2,65.7,56.3,56.6,25.5,34.9,27.2,37.2,30.3,39,11.8,43.6,55.2,39.9,76,,90.9,,146.7,109.9
20150523,10,O3,87.7,102.9,104.8,110.7,140.5,104.1,146.1,106.7,120.3,101.2,138.1,141.6,89,75.5,69.2,82.9,93.4,117.7,112.3,155.8,156.7,176.9,127.7,147,171.6,198.4,108.6,73.3,133.9,77.5,,85,92.7,34.7,78.2
20150523,10,CO,1.2,1.2,1.2,1.2,1,1.1,1.1,0.9,1,1.2,1.1,0.9,1.1,1.4,1.2,1.2,1.1,1,1,0.9,1.1,1.1,0.7,0.9,0.8,0.9,0.8,1,1.1,1,,1.2,1,1.6,1.1
20150523,11,SO2,22.4,26.4,22.2,23.3,22,25.1,24.3,21.3,19.1,28.1,22.1,21.7,15.5,23.1,22.3,23.5,22.8,16.2,15.8,24.5,15.2,20.4,10.5,14.9,8.6,14.2,32.2,18.8,38.7,21.5,,31,35.9,36.5,28.9
20150523,11,NO2,61.4,78.1,48.7,75.3,64.8,78,56,44.9,49.8,63.3,52.2,36.3,62.8,90.1,86.6,84.9,44.2,35.6,47.9,23.9,31,31,16,37.2,33.4,11.8,41.2,41.8,38.3,45.1,,92.9,76.5,170.7,103.2
20150523,11,O3,148.9,159.9,138.3,152.1,178.9,138.3,202.9,156.9,171.9,147.1,175.7,204.4,129.6,139.3,123.9,133.8,157.7,171.8,168,182.3,194.7,199.7,198.7,177.7,193.9,215.5,149.8,106.4,166.7,154,,120.5,130.9,56.2,136.5
20150523,11,CO,1.2,1.2,1.2,1.2,1.1,1.2,1.2,0.9,1,1.2,1.1,0.9,1,1.2,1.1,1.1,1,1,1,1,1.1,1.1,0.8,1,0.8,0.9,0.9,0.9,1.2,0.9,,1.2,1.1,1.8,1.1
20150523,12,SO2,24.6,25.8,24.6,24.7,24.1,25.9,26.1,23.4,20.2,30.1,24.3,23.6,12.1,22.3,22.6,23.6,22.5,17,16.5,27.7,15.4,25.5,9.3,15.8,7.8,15.6,32.8,15.6,35.1,24.9,,29.3,33.9,33.4,28.8
20150523,12,NO2,61.4,70.8,50.8,62.3,59.6,76.4,65.5,43.7,41.5,47.5,41.7,36.7,48.5,31.7,51,53,40.8,28.9,44.5,18.1,26.3,24.3,12.6,23.2,29.5,12.6,16.9,30.1,45.6,25,,80.2,86.7,153.1,116.3
20150523,12,O3,186.3,204.4,169.1,203.1,229.5,188.4,225,193.8,231.9,207.8,208.7,226.2,172.5,222,194.1,201.5,193.8,216.3,210.3,225.2,230.5,234.9,213.2,228.9,219.4,238.9,226.6,130.3,191,195.2,,166.4,154.8,109.7,165.2
20150523,12,CO,1.2,1.2,1.3,1.2,1.2,1.2,1.2,1,0.9,1.2,1,0.9,1,0.9,0.9,1,1,1,1.1,1.1,1,1.1,0.7,0.9,0.8,0.9,0.7,0.8,1.1,0.8,,1.2,1.2,1.5,1.2
20150523,13,SO2,21.5,21.6,23.5,20.4,22,23.3,26.9,23.8,21.3,25.4,23.2,24.3,9.9,21.9,19.8,21.7,22.4,15,15.5,25.3,16.8,22.5,8.4,15.7,10.3,18.5,25.1,15,31.7,24.8,,24,32.3,26.8,28.4
20150523,13,NO2,40.3,32.8,27.1,29.9,50.7,54.9,47.6,43.3,35,22,19.1,21,33.2,16.9,25.6,32.5,46.8,22.9,33.7,14.7,30.6,20.4,11.2,22.5,37.9,13.2,17.4,27.3,56.5,18.4,,60.3,84.9,125.3,109.2
20150523,13,O3,232.7,264.3,213.8,242.3,269.6,243.2,273.7,228.6,259,246.8,233.3,268.4,190.4,234.9,216.3,231.5,238.1,244.9,238.8,258.8,258.4,264.6,219.7,263.3,255.2,268.6,243.4,142.5,207.6,213,,211.9,189.7,150,216.2
20150523,13,CO,1,0.9,1.1,0.9,1.1,1,1.1,1,0.9,1,0.9,0.8,0.9,0.8,0.7,0.9,1.1,0.9,1.1,1.1,1,1,0.6,0.9,1,0.6,0.7,0.8,1,0.8,,0.9,1.1,1.2,1.1
20150523,14,SO2,16.4,19.1,18.9,19.4,18.6,19.9,22.4,24.5,20.6,24.4,21.3,22.5,7.6,23.7,20.1,21.2,21.2,15.5,12.3,19.2,17.9,23.9,7.4,14.5,11,17.6,21.2,11.4,29.9,27.1,,22.5,26.6,25.9,24.4
20150523,14,NO2,19.1,18.6,17.3,24.6,25.2,22.1,35,31.2,19.9,20,16.3,15.4,36.8,17.6,21.4,20.4,54.7,32.1,25.6,11.9,36.1,24.5,11.3,22.5,33.1,13.7,17.2,24.2,52.4,17,,35.3,56.3,110.6,48.5
20150523,14,O3,241.4,260.1,216.2,239.2,286.8,271.3,283.1,244.2,269.6,252.1,238.1,265.9,207,240.3,211.8,241.1,261.5,283.1,236.1,265.3,284.3,296.8,221.2,295.4,306.4,282.4,251.9,148.6,212.2,225.7,,212.6,200.3,147.6,268.2
20150523,14,CO,0.8,0.7,0.9,0.8,0.8,0.8,0.9,0.9,0.7,0.9,0.8,0.7,1,0.8,0.7,0.8,1.1,1.1,1.1,0.9,1,1.1,0.6,0.9,1,0.5,0.6,0.7,1,0.9,,0.8,0.9,1.2,0.7
20150523,15,SO2,17.5,20.3,22.3,20.7,18.4,21,25.6,19.5,20.6,25.7,20.6,22.9,8.5,20,19.5,20.2,18.3,14.2,15.1,17.6,18.9,22.1,9.8,17,12.4,19.9,19.2,10.9,23.9,23.3,,23.3,25.6,25.9,24.6
20150523,15,NO2,18.1,17.8,18.2,24.5,29.4,19.1,34.2,23.2,17.4,19.8,15.7,16.8,39.9,17,19.9,18.7,29.5,,27.4,11.8,45.4,27.5,19.9,31.6,38.5,18.6,16.3,24,63.4,17.8,,37.2,52.8,89.4,60.5
20150523,15,O3,235.6,261.2,220.7,241.5,272.8,255,290.5,227,263.8,259.2,236.7,267.4,207.9,237.9,220.8,237.9,272.9,198.6,236.2,265,325.2,348.1,281,339.6,344.1,326.9,253.8,162.1,194.4,230.9,,213.6,207.7,176.6,240.2
20150523,15,CO,0.8,0.8,0.9,0.9,0.8,0.8,0.9,0.8,0.6,0.9,0.9,0.8,1,0.7,0.7,0.7,0.8,0.9,1.1,0.7,1.2,1.1,0.8,1,1.1,0.7,0.4,0.7,0.8,0.8,,0.8,0.9,1.1,0.7
20150523,16,SO2,13.5,,18.9,16.7,18.6,20.1,24.8,20.7,20.1,21.7,17.5,20.5,3.4,18.3,20.2,19.5,18.5,10.6,14.7,16.5,17,19.3,12.7,16.4,14.7,15.9,18.4,11.6,21.2,19.3,,21,27.5,22.2,23.9
20150523,16,NO2,18.7,,17.1,21.4,28.2,22.4,35.7,22.9,16.1,21.8,15.4,18.8,39.9,19.1,20,20.5,22.8,,22.3,11.3,37.2,31,29.9,22.5,38.6,20.6,16.1,23.7,66.3,17.6,,34,50.7,104.2,61.3
20150523,16,O3,226.6,,212.8,233.9,269,250,282,221.4,256.4,249.2,237.7,255.2,213.8,245.7,230.1,242,235.6,100,232.6,262.4,351.8,359.7,315.4,307.5,348.8,352.7,261.2,172.4,195.6,238.1,,208.3,200.7,153.5,237.6
20150523,16,CO,0.7,,0.9,0.8,0.8,0.7,1,0.8,0.6,0.8,0.8,0.7,0.9,0.8,0.7,0.7,0.7,0.5,1.1,0.7,1,1,1,0.9,1.1,0.6,0.4,0.7,0.8,0.7,,0.7,0.9,1,0.8
20150523,17,SO2,13.9,16,16.5,14.1,15.2,18.4,20.7,22.2,19.6,18.6,14,19.6,7.6,18.7,17,18,19.2,14.1,15.3,14.4,15.9,19.3,14.6,18.5,15,14.9,17.1,12.1,23.2,17.7,,19.2,23.4,19.6,22.9
20150523,17,NO2,21.5,19.5,18,23.8,34.7,25.9,35.3,20,16.1,23.9,18.6,18.2,44.6,20.6,18.9,21.8,26.9,,29.5,11.3,21.4,24.3,24.6,19.7,42.4,18.6,17.7,22.6,55.6,22.9,,33.8,68.3,101.9,42.3
20150523,17,O3,221.9,254,218.8,233.4,252.2,245.7,275.3,219,254.6,250.1,246.4,263.2,204.5,242.4,224.2,237.4,225.9,173,212.8,275.3,301.4,307.8,319,281,303.1,351.5,268.4,171.6,203.4,235.8,,211.9,190.4,156,258.4
20150523,17,CO,0.7,0.7,0.9,0.8,0.7,0.8,0.9,0.8,0.6,0.9,0.8,0.7,0.9,0.8,0.6,0.7,0.7,0.7,0.9,0.6,0.8,0.9,1,0.9,1,0.4,0.4,0.7,0.9,0.8,,0.7,0.9,1,0.7
20150523,18,SO2,14.4,23.2,17,19.4,15,18.4,18.8,20.6,18,21.1,13.8,17.1,10.8,31.4,23.9,24.5,19.8,16.2,15,14.1,17.4,19.8,16,18.4,14.8,12.6,16.1,10.4,17.3,19.5,,26,19.5,28.5,21
20150523,18,NO2,24.1,22.7,20.2,30.3,32.1,26.5,38.4,21.5,19.9,30.8,24.3,25.4,39.7,32.9,23.1,27.5,27.1,24.1,36.2,12.7,22.6,29.9,24.7,23.2,37,13.8,16.6,21.5,41.5,21.1,,41.7,81.4,116,37.7
20150523,18,O3,223.9,252,212.2,226.3,259.5,239.8,260.7,209.3,251.4,233.3,234.4,250.4,194,222.9,220.6,227.8,228.2,242.8,216.4,277.4,280.5,274,297.9,270.1,291.1,292,273.4,161.9,217.5,227.1,,207.4,170.8,147.5,248.9
20150523,18,CO,0.8,0.8,0.9,0.9,0.8,0.8,0.9,0.8,0.6,0.9,0.9,0.8,0.9,0.9,0.7,0.8,0.7,0.9,0.9,0.6,0.8,0.9,0.9,0.9,1,0.3,0.4,0.7,0.9,0.8,,0.9,1,1.2,0.6
20150523,19,SO2,24.9,26,22.8,23.3,22.8,23.2,24.7,15.8,18.7,27.3,13.7,20.6,14.6,24.2,19.6,22.3,17.5,14.5,15.7,13.6,17.6,17.4,16.7,14.7,14.5,13.5,16.5,10.5,11.8,16.9,,31.8,25.7,31.8,25.7
20150523,19,NO2,28.5,25.9,23.8,32,43,30,37.7,25.9,30.1,29.9,23.6,28,39.1,37.4,24.4,30.6,33.5,28.8,36.1,15.6,30,38,22.4,24,48.3,14,18,24.3,21.6,21.3,,45.1,47.1,162.5,39.8
20150523,19,O3,207.4,231.3,196.6,213.2,229.1,209.6,255.1,196.3,239.4,223.2,214.4,234.5,171.3,206.8,206.5,207.7,209.4,227.6,226.2,268.9,252.2,240.7,289,244.3,267.9,268.1,276,142.7,212.2,203.6,,195.9,191.8,85.5,224.4
20150523,19,CO,0.9,0.8,1,1,0.9,0.8,1,0.9,0.7,1,1,0.9,0.9,0.9,0.7,0.8,0.7,1,1,0.7,0.9,0.9,1,0.9,1,0.3,0.8,0.7,0.8,0.8,,0.9,0.9,1.4,0.6
20150523,20,SO2,20.4,15.4,22.6,18.8,22.3,20.8,27,14.1,17.5,25.8,12,19.8,18.1,21.4,14.5,18.9,20.8,14.6,15.6,14.3,14.7,15,15.7,12.9,13.5,11.6,18.5,8.9,5.1,16.1,,27.8,26.1,26.1,21.7
20150523,20,NO2,34.7,30,28.8,41.1,62,58.2,52.4,34.1,45.5,29.3,26.3,48.1,51.9,41.9,36.1,45.4,47.3,32.8,49.9,26.6,38.7,40.3,31.1,29.5,66.7,14.5,23.3,37,28.4,18.8,,81.8,95.5,140.3,69.2
20150523,20,O3,202.1,191,178.6,189.7,196.4,171.3,216,179.1,184.1,196.8,187.2,173.3,137.9,185.3,180.2,178.9,179.1,208.9,174.9,251.7,201.6,212.4,260.1,207.9,214.6,253.3,289.3,101.9,144.2,195.3,,152.9,144.3,91.3,183.7
20150523,20,CO,1,0.9,1.1,1.1,1,0.9,1.1,0.9,0.8,0.9,0.9,1,1,0.9,0.7,0.8,0.8,1,1,1.2,0.9,0.9,0.9,0.9,1,0.3,1.1,0.7,0.9,0.8,,1.1,1.2,1.3,0.8
20150523,21,SO2,22.5,13.5,21.3,15.7,20,21.7,26.4,18.5,12.5,24.7,9.8,20.2,13.3,18.6,14.5,18.3,16.8,15.1,14.8,12.1,13.3,11.2,14.6,9.1,12.9,5,15.1,8.5,2.8,11.4,,25.6,26.7,21.6,21.6
20150523,21,NO2,51,51.9,38.8,50.9,68.6,57.2,63.9,40.5,43.3,39.9,34.7,65.7,47.7,83.9,54.4,65.2,52.6,39.6,130.3,16,44.4,47.4,24.6,26.8,92.5,7.8,19,59.4,21.7,18,,94.8,91.5,106.5,147.4
20150523,21,O3,157.8,137.9,143.5,149.3,170.2,167.5,171.9,148.4,140.7,166.2,148.3,127.7,129.4,120,147.8,145.1,147.9,172.8,63,218.6,161.8,167,246,158.5,158.4,199.1,225.8,59.4,111.2,147.9,,111.4,126.8,83.4,96.6
20150523,21,CO,1,1,1.1,1.1,1.1,1,1,0.9,0.8,0.9,0.9,1,0.9,1,0.9,1,0.8,1.1,1.1,0.8,0.9,1,0.9,1,1,0.1,0.6,0.8,0.8,0.8,,1.1,1.1,1.3,1.3
20150523,22,SO2,21.3,9.2,20.5,10.5,18.2,18.5,24,15.4,11.1,24.1,8.7,18.1,11.1,17.9,13.1,16.5,15.2,12.5,11.1,15.1,14.7,8.3,15.3,7.7,12.2,3,20,12.2,2,6.8,,19,24.3,19.5,16.6
20150523,22,NO2,67.8,66.5,45.3,68.7,102.3,75.3,74.7,33.8,34.6,38.6,45,63.5,47.2,92.8,61.2,76.5,52.4,39.4,120.1,31.3,39.2,66.1,23,20.1,132.2,8.1,27.1,47.1,25.8,19.8,,163.2,74.1,149.4,190.5
20150523,22,O3,123.5,88.2,121.6,99.6,110.8,122.7,140.7,126.2,130.2,156.1,130.9,100,121.8,96.3,126.2,115.1,164.5,146.2,48.1,177.1,187.5,114.7,230.5,151,103.2,167.6,184.5,95.9,78,108,,9.7,111.5,30.5,15.9
20150523,22,CO,1.1,1.1,1.1,1.2,1.3,1.1,1.1,0.9,0.7,1,1,1,1,1.1,0.9,1,0.9,1.1,1.2,0.9,1.2,1,0.9,1,1.1,0.1,0.7,1,0.8,0.8,,1.7,1.1,1.6,1.8
20150523,23,SO2,16.4,8.6,19.4,11.3,16.5,17.4,24.6,12.1,12.9,21.1,7.2,16,10,18.5,11.6,15.8,13.1,11.4,7.6,21.4,10.7,9.2,15,8.8,11.2,4.9,20.5,12.2,2,6.1,,20.8,22.6,19.4,17.3
20150523,23,NO2,93.7,85.1,67.7,89.8,108.3,93.2,88.8,45.8,31.5,80.8,57.8,75.8,48.2,104.7,83.1,93.7,60.9,34.7,60.5,28,36,59.9,29.4,16.6,99.9,10.4,23.8,47.9,24.6,40.6,,143.8,123.6,130.8,183.6
20150523,23,O3,86.3,70.2,79,76.4,91.8,93.2,114.6,67.4,138.6,90.6,99.3,69.8,110.1,79.5,80,84.2,126,138.4,88.2,178.9,145.7,112.5,198.8,156.9,111.9,173.6,187.5,87.2,41.2,81.5,,40.9,68.2,45.3,16.4
20150523,23,CO,1.2,1.2,1.2,1.3,1.2,1.2,1.1,1,0.8,1,1,1.2,1.1,1.2,1.2,1.2,1,1.1,1.2,1,1.1,1,1,1,1,0.1,0.8,1.4,0.8,0.9,,1.4,1.2,1.5,1.8
20150523,0,PM2.5,84.5,71.2,66.3,68.6,75.7,70.3,66.5,114.2,50,94.5,68.7,127.1,99.5,75.3,76.4,74,93.7,,49.6,75.4,64.4,75.4,48.6,43.6,40.9,54.1,114.9,84.4,69.3,85.6,,102.7,85.1,105.2,88
20150523,0,PM10,123.5,99.9,133.9,111.7,150.1,118.8,175.3,123.6,77.6,137.6,96.4,243.2,,119.9,135.8,124.8,146.3,70.3,72.7,124.1,74.4,126.3,78.7,63.2,46.1,59.7,116.8,101.5,,90.6,,189.8,144.6,185.3,181.4
20150523,0,AQI,74,69,81,70,86,72,71,94,65,104,71,98,92,72,73,72,84,98,67,75,70,74,64,65,70,76,84,73,73,81,,87,97,88,87
20150523,1,PM2.5,82.5,73.3,75.7,77.4,90.5,76.4,74.2,91.9,56.2,102.5,81.2,122.7,104.3,75.6,80.1,77.4,108.3,,47.4,82.9,59.4,76,53.8,41.5,45,50.9,118.1,79,54,92.9,,95.1,127.8,89.9,92.3
20150523,1,PM10,121,113.8,152.6,91.7,170.1,143,121,,86.5,153.7,103.9,239.8,106.3,130.5,138.2,137.2,140.4,85.9,60.6,113,116.1,170.2,73.5,65.2,57.2,54,,97.8,78.5,111.8,,167.2,154.6,159.1,170.3
20150523,1,AQI,76,71,82,71,89,74,74,96,66,106,73,102,95,74,76,75,88,102,67,77,71,76,64,65,72,69,89,76,74,84,,80,102,85,86
20150523,2,PM2.5,74.4,67.7,76.2,68.6,92,67.6,81.1,88.9,58.3,94.5,89.3,112.3,99.9,72.2,74.2,71.3,123.1,,44.7,84.7,59.7,72.7,50.3,44,47.8,57.2,113.8,81.2,61.9,97.6,,67.9,90.2,70.5,85.1
20150523,2,PM10,103.3,100.3,146.6,108.9,198.9,111.1,141.9,,79.9,155.2,115.2,308.8,,118.9,123,117.7,134.2,70.1,61.2,92.6,64.9,95,65.9,59.3,,67.1,,105.4,105.9,134.2,,115,181.9,123.1,164.1
20150523,2,AQI,78,73,84,72,92,76,76,99,67,109,76,106,98,76,78,77,92,108,68,80,72,78,64,65,73,66,93,79,75,87,,82,105,87,89
20150523,3,PM2.5,73.5,64.1,82.3,70.6,88.6,71.4,75,88.2,58.7,95.1,97.8,106.1,101.4,71.5,72.8,71.9,124.3,,51.1,84.9,67.5,75.6,47.3,40.3,48.2,54.5,111.7,94.1,60.7,108.1,,67,89,83.1,110.4
20150523,3,PM10,98.1,90,151,126.5,177.9,107.2,125.3,,92.9,148.4,110,269.1,,113.4,108.6,109.8,135.1,71.8,78.6,97.2,98.8,131.6,59.9,66.6,55.4,,,105.4,89.2,148.2,,126.7,170.9,141.4,248
20150523,3,AQI,80,75,85,74,95,78,78,101,69,111,79,107,101,78,80,79,97,107,69,83,74,80,64,65,74,67,160,81,76,90,,83,108,89,92
20150523,4,PM2.5,78.1,68.7,84.3,76.3,88.8,75.8,77.6,85.5,88.3,96.3,98.2,87,107.2,82.2,77.5,78.5,124.1,,54,84.8,61.5,68.6,57.1,50.2,51.2,56.5,109.6,121,71.5,147.2,,75,90.2,86.7,116
20150523,4,PM10,99.3,88.3,149.2,111.9,160.6,127.3,129.5,,134.1,141.2,104.1,129.2,,114.3,109.8,117.1,125.9,78.2,87.4,89.4,,133.1,59.4,74.9,,,,140.1,,187.7,,111,151.5,148.4,235.9
20150523,4,AQI,82,76,87,76,96,79,80,103,72,114,82,107,103,80,81,81,101,113,70,86,75,82,65,66,75,69,100,86,77,95,,85,110,92,96
20150523,5,PM2.5,85.6,70.3,94.6,81.5,98,112.8,111.4,84.7,131.1,102.7,75.7,79.4,119,83.7,78.1,91.5,104.4,,57.2,82.7,65.4,67.2,62.4,54.5,58.8,61.2,99.6,130.2,77.9,146.2,,80.1,97.2,85.5,141.2
20150523,5,PM10,124.7,86.1,203.9,,191.5,180.9,177.9,,164.9,197.8,85.6,118.7,125.4,101.9,107.6,130.2,106.5,74.8,74.9,91.9,74.9,83.6,83.5,77.9,,,101.1,131.7,78.1,201.3,,110.9,224.1,145.9,225.5
20150523,5,AQI,84,78,89,78,99,83,83,105,76,116,83,108,107,81,83,83,104,120,71,88,77,83,67,67,77,71,103,91,78,100,,87,113,94,101
20150523,6,PM2.5,102.6,82.2,111.7,117.7,129.1,126.6,111.3,126.3,132.5,124,77.7,93,122.3,80.7,85,97.4,97.6,,51.5,81.6,67.1,65.4,44.8,58.9,64.6,60.9,91.8,155.7,73.3,135.7,,104.3,111.4,99.1,143.6
20150523,6,PM10,167.6,115.3,216.9,169,180.6,173.4,154.1,,152.4,193.9,91.3,191.8,,118.7,128.7,140.3,,89,64.2,98.2,87.6,91.6,71.9,82.2,65.4,,97,162.7,85.3,200.5,,174.6,241.8,206.5,200.3
20150523,6,AQI,88,80,92,82,104,88,87,109,81,119,84,109,109,82,84,85,107,129,72,91,79,84,67,67,79,73,106,96,80,102,,90,116,96,106
20150523,7,PM2.5,136.6,131.6,131.2,131.5,142.1,131.8,122.2,118.8,123.9,150.1,103.9,145.7,127.8,99.7,111.7,114.4,83.3,,40.4,87.1,74.2,70.6,53,65.6,59.4,62.9,78.6,178.5,77.8,135.7,,129.4,132.4,135,146.2
20150523,7,PM10,167.8,190.5,213.7,185,194.6,175.6,155.1,128.5,133.8,179.3,135.9,180.9,,132.4,169.7,159.2,103,103.7,58.1,125.2,107.3,93.4,79.2,112.6,,,90.7,184.7,205,186.9,,214.5,197.6,268,210.5
20150523,7,AQI,92,85,94,86,108,92,90,111,85,123,87,113,111,84,86,88,108,136,72,94,81,86,68,69,81,75,108,102,81,105,,94,117,100,110
20150523,8,PM2.5,141.7,135.6,129.1,145,142.4,145.2,147.8,137.2,110.4,155.9,132.3,151,154.1,131.3,128,134.8,90.9,,49.9,92,80.8,73.8,71.4,77.5,54.2,60.2,118.4,170.2,92,128.3,,151.6,129.9,147.8,162.3
20150523,8,PM10,159.9,174.7,196.9,189.9,171.5,200.8,167.7,145.2,124.4,170.3,141.9,166.7,156.1,224.7,171.8,199.1,116.7,117.9,69.2,129.5,130.8,109.7,91.2,110.3,63.7,,,188,,162.6,,224.8,184.1,229.5,234.6
20150523,8,AQI,97,89,98,91,113,97,95,115,89,128,91,119,115,87,89,91,109,137,73,96,84,88,70,71,80,76,111,106,82,108,,98,119,104,115
20150523,9,PM2.5,142.5,143.9,116.2,136.3,140.2,144.5,129.6,153.1,108.7,156.3,112.4,151.8,156.4,136.2,142.3,141,112.6,111.9,51.1,98.5,82.2,67.2,73,84.3,54.2,57.8,152.6,133.3,114.7,130.3,,138.5,196.5,148.9,158.4
20150523,9,PM10,156,180.2,175.4,167.5,186.1,192.3,163.5,,125.1,173.9,120.1,163.2,,235.5,198,208.6,142,152.6,83,174.5,126.7,107,95.3,126.2,64.3,60,,135.4,139.5,182.3,,189.2,,215.6,194.1
20150523,9,AQI,102,94,101,96,116,101,99,119,92,131,94,124,118,90,93,95,112,127,74,98,86,90,71,73,81,77,116,109,83,110,,102,125,109,119
20150523,10,PM2.5,136.9,136.2,114.9,134.7,121,132.8,145.5,139,116.5,146.8,111.7,133.3,154.7,130.2,140.9,134.6,111.4,108.2,93.1,101.5,97.7,98.2,73.9,75.1,50.3,64.3,149.8,121.2,128.4,132.7,,144.7,217.7,145.8,148.9
20150523,10,PM10,155.5,166.2,166,175.7,145.5,181.9,158.9,,141.4,159.3,132.1,150.5,,226.8,199.2,202.6,133,141,152,159.7,150.4,122.3,89.8,132.5,66.5,73.2,,126.9,175.1,172.3,,173.1,,213.3,159.9
20150523,10,AQI,106,97,104,100,118,105,104,122,95,133,96,120,120,93,96,98,114,129,76,100,89,92,73,75,81,98,120,111,86,112,,106,130,112,122
20150523,11,PM2.5,133.3,126.9,112.9,133.3,138.7,133.6,151.1,140.6,117.5,161.8,112.3,152.6,146.3,120.2,121.5,125.1,122.3,109.4,105.8,98.5,93.6,104.7,57.7,96.6,47.5,71.3,150.9,103.2,113.3,120.5,,137.8,194.4,145.6,148.2
20150523,11,PM10,144.2,163.3,175.3,179.7,181.1,190.1,,,137.4,187.1,136.7,160.1,,196.8,186.2,191,144.8,150.4,136.7,130.2,125.8,150.4,85.2,151,61,85.1,157.2,112.2,168.9,173.9,,178,,223.7,170.2
20150523,11,AQI,109,100,107,103,121,108,108,126,98,137,98,124,123,95,100,101,116,131,79,102,94,100,99,77,93,108,125,114,88,115,,108,135,115,126
20150523,12,PM2.5,128.4,119.7,116.6,116.6,140.5,128.3,135,154.4,119.8,138.3,114.6,132.6,119,89.3,108.1,108.5,119.8,111.9,111,99.1,87,96.4,50.1,90.2,46.6,76.5,117.7,82.1,84.5,93.5,,125.3,177.4,126.3,145.7
20150523,12,PM10,146.3,167.1,191.4,146.9,169,183,151.7,,145.8,155,134.4,193.9,,141.8,152.8,159.2,136,143.4,147.5,146.7,146.9,147.9,68,137.1,89.8,79.3,,,89.2,,,164.2,193.7,167.4,221.3
20150523,12,AQI,111,103,109,105,123,111,113,123,116,137,105,128,125,111,103,104,118,136,106,113,116,118,107,115,110,120,128,116,91,118,,111,138,118,128
20150523,13,PM2.5,101.1,87.4,90.6,82.2,127,115,198.2,153,128,101.3,82.5,120.6,96.1,76.4,76.8,89.4,121.8,107.7,103.9,98.1,93.4,98.2,44.8,84.9,83.5,81.8,110.9,69.8,79.9,69.4,,92.8,167.5,84.4,127.2
20150523,13,PM10,131.9,103.7,147.5,,152,164.9,,,144,,96.5,138.7,,94,109.2,122.7,151.2,137.2,130.4,137.2,140.3,130.8,50.7,125.1,130.5,83.3,120.2,70.4,84.9,78.8,,,,120,158.5
20150523,13,AQI,117,133,110,122,135,122,137,130,130,136,117,135,127,118,109,116,120,139,120,130,130,133,110,132,128,135,130,116,104,118,,112,140,119,130
20150523,14,PM2.5,71.9,64.3,70.9,68.9,95.5,81.5,162,137.5,103.8,115.7,75.8,102.7,96.2,70.7,59.4,70.6,132,118,83.8,95.9,108.3,107.4,40.2,83.2,83.8,84.3,100.6,57.6,79,72.5,,67.8,68.6,77.3,86.4
20150523,14,PM10,85.5,84.5,116.9,93.4,99.2,114.1,,,105.9,,88.4,109,,92.9,91.9,99.7,155.9,151.3,116.8,105.3,141.5,158,56.8,147.2,114.3,88.9,,69.8,104.2,87.6,,85.2,102.5,137.6,
20150523,14,AQI,121,131,110,120,144,136,142,132,135,137,120,133,131,121,106,121,131,143,119,133,143,149,111,148,154,142,132,116,107,119,,113,138,119,135
20150523,15,PM2.5,66.8,62.1,76.3,74.8,86.8,65.2,80.7,107.7,87.9,110.6,77.5,101.5,97.8,42.5,65.2,57.7,97.7,112.2,80.7,79.7,122.5,125.3,68.6,103.1,101.2,103.8,85.4,58.8,84.9,66.5,,74.2,79.3,74.2,74.9
20150523,15,PM10,94.1,90.8,139.5,100.3,136.5,105.1,130.2,,106.9,117.8,94.3,101.7,106.5,86.9,91.4,94.5,,132.7,116.9,104.9,172.8,178.3,104.4,162.9,133.1,125.5,90,81.7,,113.1,,92.5,149,115.3,81.1
20150523,15,AQI,118,131,112,121,137,128,146,138,132,138,119,136,133,119,111,119,137,146,119,133,163,175,141,170,173,164,134,117,95,120,,114,137,120,131
20150523,16,PM2.5,63.7,,68.3,61.1,80.2,65,81.3,108.2,92.4,83,69.7,88.7,89.2,56.1,68.8,63.3,64.7,78.7,85.6,72,118.6,113.2,90.1,88.5,105.8,113.5,85.1,63.5,71.8,77.4,,63.1,66.4,65.3,74.6
20150523,16,PM10,90.3,,117.5,,116.6,103.3,133.6,,102.8,89.3,89.6,130.1,,122.1,115.7,113.7,69.9,113.1,99.7,80.8,130,149.9,142.8,131,134.7,,93.5,90.1,85.8,81.4,,78.8,99.4,126,112.3
20150523,16,AQI,114,,111,117,135,125,141,141,129,138,119,139,135,123,116,121,124,141,117,132,176,180,158,154,175,177,135,118,97,121,,115,137,120,132
20150523,17,PM2.5,63,56.4,66.8,62.1,71.8,63.4,75.8,105.4,97.8,92.4,73.2,92.2,90,62.6,62.1,62.7,65.5,83.8,83.6,73.2,72.9,84.9,84.6,73.9,80.7,95.3,79.1,61.3,70.6,93.8,,56.5,74.3,64.8,76.7
20150523,17,PM10,97.9,94.8,135,125.6,123,116.2,112.7,111.9,119.3,116,107.2,161.4,,117.1,96,109.8,89.9,122.4,105.9,101,87.3,111.1,159.9,136.9,93.5,101.5,95.7,97.2,127.9,153.8,,92.8,152.4,125.6,162.6
20150523,17,AQI,115,127,110,117,127,123,138,144,128,140,124,142,137,122,113,119,124,137,107,138,151,154,160,141,152,176,136,119,102,123,,116,138,121,133
20150523,18,PM2.5,68,68.7,71.2,69.2,72.9,62.7,70.2,101.3,108.7,88.1,78.4,89.2,95.6,79.5,75,72.4,72.6,82.1,99,65.5,67.9,72,77.8,71.1,77.6,81.3,80.1,62,67.8,87.3,,73,70.3,86.1,67.9
20150523,18,PM10,109.3,135,126.2,110.5,124.9,118.4,121,117.4,129,93.8,109,161.6,103.3,130.6,131.6,126.9,98.7,137.8,129.9,98.5,100.2,99.4,124.5,144.1,94.1,95,98.3,99.2,120.7,112.5,,153.6,128.7,184,102.9
20150523,18,AQI,116,126,112,114,130,120,131,146,126,140,118,144,140,112,111,114,126,135,109,139,141,137,149,136,146,146,137,120,109,126,,118,139,122,134
20150523,19,PM2.5,84.2,72.2,72.2,82.4,74.7,66.5,84.2,113.4,111.9,96.1,83.3,116,99.8,69.1,75.2,70.3,65.6,76.3,93.5,74.9,71.3,71.2,77.7,74.9,77.5,72.5,86.6,69,75.7,85,,82.4,71,95.3,79.1
20150523,19,PM10,116.5,107.5,150,179.2,126.8,103,124.8,126.3,150.4,159.3,109.6,168.3,,137.5,114.4,118.3,79,141.2,136.3,123.5,124.6,106.5,131.2,135.4,108.5,,110,115.1,152.1,133.9,,122.4,141.1,175.3,
20150523,19,AQI,118,116,113,114,128,118,131,149,120,142,112,147,142,107,111,112,126,132,114,135,127,121,145,123,134,135,138,122,107,128,,120,140,125,136
20150523,20,PM2.5,87.8,76.3,80.5,89,82.8,63.6,83.2,128.4,115.7,89.9,83.2,138.8,104.5,73.1,71.2,69.3,74.6,83,91.6,81.6,72.5,68.1,78.2,74.9,74.8,67.1,120.2,70.7,78.6,88.4,,80.9,93.9,100.8,68.2
20150523,20,PM10,127.6,130.3,152.7,133.5,183.8,117.8,130.8,128.8,149.5,119.7,127.8,178.9,125.2,128.5,130.5,125.6,108.4,142.1,131.9,195.9,134.1,118.9,124.4,147.6,117.4,88.6,134.7,115.5,146.4,138.3,,134.7,188.5,157.7,125.1
20150523,20,AQI,120,110,115,117,129,119,134,153,124,143,114,152,145,108,112,113,128,130,96,126,105,109,131,104,108,127,145,123,103,130,,122,143,128,138
20150523,21,PM2.5,89.1,82.8,77.4,90,94.2,82.3,78,126.1,97.8,90,92,93.9,107.8,81.3,81.5,81.7,86.4,92.2,102.8,76.7,81.1,72,76.1,84.7,82.1,44.1,96.2,90.8,73,94.5,,85.5,83.8,100.9,96.3
20150523,21,PM10,126.3,112.7,151.2,150.3,178.8,146.8,119.2,136.4,136.6,142.2,115.1,214.9,113,147.9,145.9,146.9,137.3,156.7,163.4,91.9,102.3,118.3,128.7,154.4,117.6,,,148.6,92.1,163.6,,154.1,152.4,192.3,199.2
20150523,21,AQI,123,112,116,119,132,121,135,156,127,145,117,154,147,110,114,115,129,129,98,111,106,109,123,92,87,99,141,125,105,133,,124,144,130,140
20150523,22,PM2.5,86.3,85,81.5,96,95,83.3,84.1,129.7,109.4,100.5,102.9,129.2,114.1,91.1,88.1,87.5,88.8,95.1,116,76,86.8,65.2,83.6,81.7,83.2,38.2,118.5,113.8,74.5,95.1,,114.9,82.1,114.8,114.3
20150523,22,PM10,129.1,134.4,149.3,163.5,185.4,135.4,133.8,131.2,134.1,153.9,125.5,243.7,121.3,167.3,140,147.6,154.1,149.2,179.6,163.4,188.6,137.4,131.9,113.8,110.5,51.3,139.5,161.9,98.6,122.2,,187.7,156.1,182.4,206.2
20150523,22,AQI,124,114,117,121,134,123,136,156,130,146,119,154,147,112,115,117,130,129,101,112,107,109,116,94,88,92,142,128,106,135,,126,146,132,143
20150523,23,PM2.5,100.6,94.1,93.8,101.9,103.9,94.7,96.7,142.2,99.6,103.5,110.8,129.4,113.6,110.7,111.3,105.6,105.8,93.1,104,108.3,89.8,77.1,94.8,81.3,89.8,44.1,132.4,121.1,85.8,109.9,,105.6,100.8,115.5,128.2
20150523,23,PM10,141,138.2,168.3,135.6,222.5,166.6,150.9,171.5,129.9,149.5,143.5,230.9,116.9,182.1,190.1,179.6,167.2,147.5,143.6,173.5,145.6,116.2,133.4,108.3,101.8,62.8,,139.8,93.7,130.2,,158.8,182.4,182.5,238.7
20150523,23,AQI,126,116,119,123,135,124,138,157,133,147,122,153,148,114,118,119,131,129,103,114,108,109,99,97,90,91,143,130,107,137,,127,147,134,146
