date,hour,type,dongsi,tiantan,guanyuan,wanshouxigong,aotizhongxing,nongzhanguan,wanliu,beibuxingqu,zhiwuyuan,fentaihuayuan,yungang,gucheng,fangshan,daxing,yizhuang,tongzhou,shunyi,changping,mengtougou,pinggu,huairou,miyun,yanqing,dingling,badaling,miyunshuiku,donggaocun,yongledian,yufa,liulihe,qianmeng,yongdingmengxi,xizhimengbei,nansanhuan,dongsihuan
20151123,0,SO2,8,7,4,9,4,10,6,3,6,5,2,3,9,7,8,2,7,5,2,13,4,2,8,18,11,12,,4,9,4,9,7,8,6,8
20151123,0,NO2,48,43,54,50,78,53,56,57,40,65,21,44,48,52,47,12,12,48,30,30,7,3,31,44,49,4,,18,21,32,57,65,78,54,70
20151123,0,O3,9,7,2,11,6,18,2,2,43,2,29,14,18,7,34,17,54,13,25,31,54,59,2,2,8,45,,43,35,21,2,3,2,13,3
20151123,0,CO,1,1.1,0.9,0.9,1.4,1.1,1.1,1.1,0.8,1.3,1.1,1.1,1.7,1.2,0.8,0.7,0.3,1.3,0.7,0.9,0.5,0.3,1,1.3,1.1,0.5,,0.6,0.9,0.7,0.9,1.1,1.7,0.8,1.2
20151123,1,SO2,11,7,4,10,6,10,7,4,6,5,2,3,10,9,7,3,6,5,2,13,3,2,7,15,10,12,,6,10,3,9,8,9,6,8
20151123,1,NO2,29,36,46,55,46,35,46,64,36,62,15,38,47,55,41,13,8,41,27,27,8,4,27,34,25,4,,20,20,30,44,67,75,54,60
20151123,1,O3,32,19,6,6,29,49,9,2,39,2,24,20,16,5,37,14,46,15,29,32,54,55,7,2,31,45,,37,35,23,15,2,3,10,15
20151123,1,CO,0.6,1,0.9,1.1,1,0.7,1.2,1.5,0.8,1.2,1,1,1.9,1.4,0.7,0.9,2.1,1.1,0.8,0.9,0.5,0.3,1.1,1.2,0.8,0.6,,0.7,0.9,0.7,0.8,1.2,1.9,1,0.8
20151123,2,SO2,10,7,6,10,8,8,7,7,4,6,7,4,11,9,8,3,17,6,2,15,3,2,8,14,11,13,7,10,10,4,7,7,10,5,7
20151123,2,NO2,36,24,31,35,46,32,51,61,40,65,7,35,43,57,33,9,6,19,25,28,10,5,19,33,25,5,31,18,19,37,37,37,57,49,57
20151123,2,O3,21,35,23,28,28,52,4,2,45,2,16,21,18,3,42,25,28,28,29,31,51,54,20,2,31,42,30,33,37,15,22,31,14,13,17
20151123,2,CO,0.6,0.5,0.7,0.6,1,0.8,1.2,1.4,0.9,1.4,0.8,1.1,1.8,1.6,0.7,0.7,0.2,0.6,0.6,1,0.5,0.4,1.2,1.3,0.7,0.6,1.1,0.7,0.9,0.9,0.5,0.5,1.7,0.9,0.8
20151123,3,SO2,13,7,7,10,8,8,10,7,6,6,2,4,12,9,8,2,5,5,2,16,4,2,9,13,10,16,5,9,10,4,8,7,10,4,7
20151123,3,NO2,41,29,36,40,47,32,40,42,38,65,10,42,48,56,56,7,5,20,30,28,8,6,10,29,18,6,31,18,18,28,41,41,62,45,45
20151123,3,O3,11,28,15,21,23,51,16,11,45,2,16,13,14,4,25,28,36,31,21,29,52,52,36,3,37,39,267,37,35,25,18,24,10,17,23
20151123,3,CO,0.7,0.7,0.8,0.7,1,0.8,0.9,0.9,0.9,1.5,0.8,1.2,1.9,1.6,1,0.7,0.2,0.5,0.8,0.9,0.5,0.5,1,1,0.7,0.5,0.9,0.5,0.9,0.7,0.6,0.7,1.9,0.7,0.7
20151123,4,SO2,10,7,5,10,6,7,9,7,5,7,2,4,10,9,9,3,4,5,2,14,5,2,10,14,9,22,10,10,10,5,7,9,9,5,7
20151123,4,NO2,20,25,23,27,27,21,28,38,24,65,16,40,49,50,55,11,6,16,30,26,9,8,8,31,14,9,30,17,18,26,22,32,48,46,47
20151123,4,O3,40,37,34,35,,67,28,,30,2,15,14,9,7,26,17,37,28,21,32,49,48,44,5,40,32,30,33,33,,38,36,26,14,20
20151123,4,CO,0.3,0.6,0.6,0.6,0.5,0.6,0.6,0.8,0.6,1.7,0.8,1.2,2,1.4,1,0.8,0.2,0.6,0.9,0.9,0.5,0.6,0.9,1.1,0.7,0.6,0.9,0.6,0.9,0.8,0.4,0.6,1.6,0.8,0.6
20151123,5,SO2,9,7,4,8,7,7,8,6,6,8,2,4,12,10,8,3,5,4,2,14,8,2,9,13,9,27,8,7,12,5,7,8,8,4,8
20151123,5,NO2,24,16,14,20,20,27,21,31,26,39,19,30,52,43,58,10,6,20,24,20,10,12,9,16,18,,26,12,19,25,21,19,41,34,50
20151123,5,O3,39,48,45,43,51,60,37,16,28,16,16,25,9,8,24,19,39,31,32,41,46,41,41,20,32,31,37,37,30,22,40,49,30,29,24
20151123,5,CO,0.4,0.4,0.4,0.4,0.6,0.6,0.5,0.8,0.7,0.9,1,1,2.1,1.7,1,0.7,0.1,0.6,0.7,0.7,0.7,0.8,0.9,0.9,0.8,0.6,0.8,0.6,0.8,0.8,0.3,0.5,1.4,0.5,0.5
20151123,6,SO2,9,7,4,8,7,8,8,6,6,6,2,4,11,11,8,3,10,4,2,12,11,2,10,12,9,26,8,8,11,5,7,7,8,4,8
20151123,6,NO2,25,22,15,21,23,32,21,32,23,26,23,27,55,40,63,8,10,24,30,22,14,14,10,18,23,11,21,15,19,30,23,32,39,35,60
20151123,6,O3,36,41,43,42,48,54,36,17,24,27,22,29,6,10,21,24,50,32,23,34,40,38,39,21,27,30,45,40,28,19,37,39,30,29,15
20151123,6,CO,0.5,0.4,0.5,0.4,0.6,0.6,0.5,0.7,0.7,0.6,1.1,1,2.1,1.7,1,0.6,0.3,0.7,0.8,0.9,0.7,0.8,0.9,0.9,0.9,0.6,0.8,0.7,0.9,0.9,0.4,0.4,1.5,0.5,0.7
20151123,7,SO2,12,7,7,10,10,9,8,6,6,6,2,4,12,12,9,3,14,5,2,12,13,2,11,11,12,21,8,16,11,4,8,6,10,8,9
20151123,7,NO2,31,32,22,28,36,39,26,34,25,34,28,34,58,43,63,9,16,31,35,21,16,14,11,18,25,9,19,17,16,32,30,52,53,58,67
20151123,7,O3,30,28,32,34,35,43,30,14,24,19,20,23,7,8,18,24,42,27,19,39,36,38,37,17,24,31,44,36,37,17,31,20,18,12,8
20151123,7,CO,0.5,0.5,0.6,0.5,0.8,0.6,0.7,0.8,0.7,0.7,0.9,0.9,1.9,1.5,1.2,0.7,0.5,1,0.8,0.8,0.7,0.6,0.8,1,1.1,0.5,0.8,0.6,0.7,0.9,0.5,0.5,1.6,0.7,0.8
20151123,8,SO2,17,9,9,14,13,15,10,7,7,8,2,5,12,14,9,4,21,7,2,11,10,2,11,13,14,22,6,35,11,4,10,8,13,9,15
20151123,8,NO2,41,34,36,38,41,30,39,36,28,40,36,39,53,44,64,13,22,27,33,24,26,14,14,26,24,8,18,23,17,34,40,63,67,63,59
20151123,8,O3,19,25,14,24,29,51,16,11,27,11,14,17,9,11,16,10,32,29,21,34,26,38,30,11,28,33,45,29,35,15,20,13,11,8,13
20151123,8,CO,0.7,0.6,0.8,0.6,1,0.7,0.9,0.8,0.7,0.8,1,1,1.8,1.5,1.3,0.7,0.7,0.8,0.8,1,0.8,0.6,1,1.2,1,0.4,0.7,0.8,0.8,0.9,0.6,0.7,2,0.8,0.9
20151123,9,SO2,21,13,12,18,17,20,15,11,11,10,2,8,12,15,10,6,23,11,2,13,16,2,11,17,16,25,6,21,20,4,13,14,16,10,19
20151123,9,NO2,36,29,30,36,41,30,36,36,34,43,40,40,51,46,62,12,18,27,35,17,21,13,12,25,8,7,15,26,20,34,37,51,60,57,53
20151123,9,O3,23,30,19,24,28,51,18,12,39,8,11,15,8,10,19,18,38,28,21,52,32,41,35,19,62,34,56,29,32,15,21,21,12,14,17
20151123,9,CO,0.7,0.7,0.8,0.7,1,0.9,1.1,0.9,0.9,0.9,1,1.1,2.2,1.6,1.3,0.8,0.7,0.9,0.9,0.5,0.7,0.6,1,1.2,0.5,0.4,0.6,0.9,0.7,1,0.6,0.7,2,0.9,1.1
20151123,10,SO2,20,16,14,20,17,22,21,18,15,14,2,13,12,18,15,13,23,17,5,19,18,2,20,21,15,21,8,29,25,5,16,15,18,14,21
20151123,10,NO2,31,27,22,31,31,23,27,34,26,37,38,35,48,41,57,20,14,29,35,16,14,12,,24,,5,14,28,22,36,34,43,51,60,51
20151123,10,O3,30,35,31,31,39,63,29,15,37,14,14,21,12,20,29,29,44,31,20,55,40,45,54,32,69,40,59,35,33,14,27,27,21,12,24
20151123,10,CO,0.7,0.8,0.7,0.7,0.9,,0.8,0.9,1,0.9,1.1,1.1,2.2,1.6,1.2,0.9,0.6,0.9,1,0.7,0.6,0.5,0.7,1.2,0.5,0.4,0.7,1,0.8,1,0.6,0.8,1.9,1,1.1
20151123,11,SO2,17,17,15,19,20,19,20,23,12,18,7,16,17,19,22,15,16,20,8,16,15,2,21,24,14,14,11,27,19,5,16,19,16,16,20
20151123,11,NO2,24,30,25,26,28,20,26,34,19,32,32,29,48,34,41,13,10,38,26,10,10,10,9,26,8,2,16,17,17,38,29,44,43,52,46
20151123,11,O3,37,36,34,37,44,73,34,18,,24,20,28,17,33,48,46,50,30,31,67,48,50,57,43,72,45,75,50,41,17,34,31,23,16,31
20151123,11,CO,0.6,0.8,0.7,0.7,0.9,0.6,0.8,0.8,1,0.9,1.2,,1.8,1.2,0.9,0.7,0.4,1.1,0.8,0.5,0.5,0.5,0.8,1.3,0.4,0.3,0.8,0.8,0.9,1.1,0.6,0.7,1.5,1,0.8
20151123,12,SO2,17,16,14,17,21,19,18,21,15,19,15,16,23,19,21,17,12,18,14,12,15,6,18,17,16,9,10,22,19,6,16,16,17,14,19
20151123,12,NO2,23,27,23,22,27,20,26,36,,33,22,27,45,35,36,11,9,36,27,9,11,9,8,10,13,2,12,14,19,43,25,39,31,37,49
20151123,12,O3,43,43,44,46,49,78,37,22,492,31,29,18,24,37,54,53,54,37,36,71,51,54,65,64,72,48,94,59,48,19,42,39,29,31,31
20151123,12,CO,0.6,0.7,0.7,0.7,0.9,0.6,1,0.8,1,0.9,1.1,,1.8,1.3,0.8,0.6,0.4,1,0.9,0.3,0.5,0.4,0.7,0.6,0.5,0.3,0.5,0.7,1,1.1,0.6,0.6,0.5,0.7,0.9
20151123,13,SO2,17,16,14,18,18,,16,13,11,16,14,15,21,15,19,11,11,11,13,10,12,7,15,13,18,7,8,18,16,9,15,16,17,14,16
20151123,13,NO2,28,27,30,26,28,,31,38,22,34,27,28,39,31,43,10,8,34,24,7,10,9,8,9,17,2,11,12,25,48,28,41,46,43,51
20151123,13,O3,41,48,43,48,53,,39,25,30,37,35,43,38,43,55,59,57,44,42,75,57,58,70,69,70,52,97,66,49,19,44,42,26,33,34
20151123,13,CO,0.7,0.7,0.8,0.8,0.9,,1.2,0.7,0.9,0.9,1.1,3.6,1.6,1.1,0.7,0.5,0.3,0.7,0.8,0.3,0.4,0.4,0.6,0.5,0.6,0.2,0.4,0.5,1.1,1.1,0.6,0.6,0.9,0.8,0.8
20151123,14,SO2,16,15,13,16,17,,15,16,5,15,13,12,22,14,18,9,10,11,10,7,8,4,11,12,15,7,6,15,20,9,14,16,15,12,15
20151123,14,NO2,24,30,32,28,33,,35,29,13,35,30,24,36,35,49,12,11,33,21,7,13,9,8,8,15,2,10,10,28,52,29,44,47,48,57
20151123,14,O3,51,50,44,50,52,,39,32,15,40,38,53,47,44,53,57,57,47,53,78,60,61,74,73,72,54,92,67,59,19,47,44,32,33,30
20151123,14,CO,0.6,0.7,0.8,0.8,0.9,,1.2,0.4,0.7,0.9,1.2,3.4,1.6,1,0.7,0.4,0.3,0.6,0.7,0.3,0.4,0.3,0.5,0.5,0.5,0.1,0.3,0.3,1.2,1.1,0.6,0.6,0.8,1,1
20151123,15,SO2,14,14,7,13,17,,7,7,2,13,10,6,24,13,18,8,9,9,5,6,8,2,10,10,16,7,5,15,18,10,14,15,13,12,15
20151123,15,NO2,29,30,22,26,35,,14,28,5,32,17,13,35,32,51,14,19,33,9,6,12,9,7,7,38,2,10,13,31,56,35,53,44,47,56
20151123,15,O3,45,50,59,55,54,,66,34,5,47,47,69,53,51,54,56,51,46,76,80,64,61,75,75,54,56,90,64,57,20,43,41,36,32,34
20151123,15,CO,0.6,0.7,0.5,0.7,0.8,,0.8,0.4,0.4,0.7,0.8,2.9,1.5,0.8,0.7,0.4,0.4,0.6,0.3,0.2,0.4,0.3,0.5,0.4,0.6,0.1,0.3,0.3,0.9,1.1,0.6,0.7,0.7,0.8,0.9
20151123,16,SO2,11,12,4,8,11,,4,6,2,8,4,4,20,9,15,7,7,9,2,6,7,3,9,8,13,6,5,13,14,7,9,11,9,10,13
20151123,16,NO2,33,31,19,18,30,,14,28,7,44,2,14,33,22,55,15,14,36,8,7,12,8,8,6,34,2,13,19,37,60,23,42,40,42,65
20151123,16,O3,45,52,62,64,60,,65,34,7,34,61,61,58,62,52,56,57,45,77,80,62,64,73,76,58,57,87,57,49,15,58,50,39,40,28
20151123,16,CO,0.6,0.6,0.4,0.5,0.6,,0.7,0.4,0.4,0.5,0.4,1.1,1.3,0.5,0.6,0.4,0.3,0.6,0.2,0.3,0.4,0.3,0.5,0.4,0.5,0.1,0.3,0.3,0.8,1.1,0.4,0.5,0.6,0.7,1
20151123,17,SO2,9,8,4,7,10,,3,5,2,7,3,2,19,7,15,6,6,8,2,7,7,2,10,7,11,6,4,10,11,6,7,10,8,9,11
20151123,17,NO2,28,31,28,21,33,,13,32,9,67,2,15,44,37,78,25,30,35,14,15,12,10,12,11,36,2,12,28,36,63,26,63,47,50,71
20151123,17,O3,51,52,50,60,58,,65,29,8,11,60,68,46,46,37,44,41,45,68,72,68,62,64,72,52,58,85,45,47,12,54,30,33,35,21
20151123,17,CO,0.5,0.6,0.4,0.5,0.6,,0.8,0.4,0.5,0.6,0.4,0.2,1.3,0.6,0.7,0.5,0.4,0.7,0.3,0.4,0.4,0.3,0.5,0.4,0.5,0.1,0.3,0.4,0.8,1.2,0.4,0.5,0.7,0.7,1
20151123,18,SO2,,,,,,,,,,,,,,,,,,,,,,,,,,,,,,,,,,,
20151123,18,NO2,,,,,,,,,,,,,,,,,,,,,,,,,,,,,,,,,,,
20151123,18,O3,,,,,,,,,,,,,,,,,,,,,,,,,,,,,,,,,,,
20151123,18,CO,,,,,,,,,,,,,,,,,,,,,,,,,,,,,,,,,,,
20151123,19,SO2,,,,,,,,,,,,,,,,,,,,,,,,,,,,,,,,,,,
20151123,19,NO2,,,,,,,,,,,,,,,,,,,,,,,,,,,,,,,,,,,
20151123,19,O3,,,,,,,,,,,,,,,,,,,,,,,,,,,,,,,,,,,
20151123,19,CO,,,,,,,,,,,,,,,,,,,,,,,,,,,,,,,,,,,
20151123,20,SO2,10,9,10,10,11,,8,6,2,9,2,5,15,8,13,10,6,7,2,19,7,2,12,7,11,6,8,8,4,4,8,10,10,9,10
20151123,20,NO2,36,47,50,44,45,,50,40,16,48,5,39,67,58,89,53,27,26,26,39,11,7,21,17,19,2,23,31,36,69,47,72,79,69,53
20151123,20,O3,39,31,19,33,44,,23,19,15,24,15,35,17,22,27,11,46,47,48,39,67,63,36,60,61,57,55,35,14,2,29,15,5,16,32
20151123,20,CO,0.7,0.8,0.7,0.7,0.8,,1.3,0.6,0.6,0.8,1.6,0.4,1.8,0.8,0.7,0.8,0.5,0.7,0.4,1.2,0.5,0.3,0.7,0.4,0.6,0.1,0.7,1.1,1,1.7,0.6,0.7,1,0.8,0.6
20151123,21,SO2,9,9,12,10,9,,9,5,3,10,2,6,44,9,18,7,5,7,2,23,5,2,15,6,14,6,5,5,4,5,8,5,9,8,8
20151123,21,NO2,31,43,52,46,36,,59,35,20,51,6,38,72,58,89,56,15,23,23,26,8,6,19,20,24,2,17,53,45,68,40,64,68,61,46
20151123,21,O3,42,32,15,29,49,,14,22,19,16,11,36,15,20,26,4,58,49,50,56,71,64,36,56,54,56,62,9,2,2,34,21,12,21,35
20151123,21,CO,0.6,0.7,0.7,0.8,0.8,,1.3,0.6,0.7,0.8,1.9,0.3,1.9,0.8,0.8,0.8,0.3,0.7,0.6,1,0.4,0.3,0.8,0.4,0.6,0.1,0.5,1.5,1.4,2.4,0.5,0.7,0.8,0.8,0.6
20151123,22,SO2,9,9,11,11,10,,9,4,3,10,2,7,51,10,16,11,4,8,3,24,3,2,15,8,12,6,3,6,3,6,8,10,10,8,9
20151123,22,NO2,35,36,46,41,40,,52,34,19,47,5,35,65,63,104,51,9,22,32,18,5,5,20,15,14,2,19,60,45,66,41,56,61,58,64
20151123,22,O3,36,37,19,32,44,,20,21,19,18,19,36,19,12,15,10,63,48,36,63,72,65,33,60,67,55,52,4,2,2,31,29,17,22,17
20151123,22,CO,0.6,0.7,0.6,0.7,0.7,,1.2,0.6,0.7,0.8,1.5,0.3,1.7,1.2,0.8,0.8,0.3,0.7,0.9,0.9,0.3,0.3,1.2,0.4,0.5,0.1,0.7,2.4,1.5,3.3,0.5,0.6,0.9,0.8,0.9
20151123,23,SO2,12,8,8,10,13,,8,5,6,10,2,9,56,9,15,5,6,7,4,17,2,2,13,10,10,6,5,8,2,5,8,9,9,7,10
20151123,23,NO2,48,36,39,31,50,,40,38,34,45,4,32,63,47,96,23,14,20,32,10,6,4,13,18,8,2,15,61,43,71,36,55,48,45,70
20151123,23,O3,22,36,24,41,36,,30,16,34,15,28,38,20,25,18,40,56,50,37,69,68,66,49,56,73,54,58,4,2,2,34,27,24,29,17
20151123,23,CO,0.6,0.6,0.6,0.6,0.8,,1.1,0.7,0.9,0.7,1.1,0.3,1.6,1.1,0.9,0.4,0.4,0.7,0.8,0.6,0.3,0.3,0.7,0.5,0.4,0.2,0.7,2.4,1.3,2.3,0.5,0.5,0.8,0.7,1
20151123,0,PM2.5,41,46,44,42,50,42,49,58,33,59,50,51,51,58,51,46,22,58,35,79,27,13,41,69,49,23,,40,43,49,55,51,74,44,53
20151123,0,PM10,,,,,,,,,,,,,,,,,,,,,,,,,,,,,,,,,,,
20151123,0,AQI,65,68,71,67,69,70,66,69,53,76,73,79,83,76,70,58,73,71,63,90,65,42,30,79,55,30,,71,76,80,76,75,88,77,78
20151123,1,PM2.5,32,46,41,48,40,34,50,79,37,53,48,52,61,64,47,50,18,59,34,75,26,7,44,62,40,12,,43,42,47,46,61,72,51,53
20151123,1,PM10,,,,,,,,,,,,,,,,,,,,,,,,,,,,,,,,,,,
20151123,1,AQI,63,67,68,66,67,68,64,70,53,74,72,76,82,75,68,57,69,71,62,89,61,37,31,79,56,28,,70,75,78,74,74,87,76,76
20151123,2,PM2.5,29,31,32,37,45,27,49,72,38,61,45,51,57,76,45,42,17,31,35,83,23,7,53,64,37,15,82,48,45,61,37,37,64,46,36
20151123,2,PM10,,,,,,,,,,,,,,,,,,,,,,,,,,,,,,,,,,,
20151123,2,AQI,61,65,66,64,65,65,63,70,53,74,70,75,81,76,67,56,65,70,59,89,57,32,32,79,56,28,62,68,73,78,72,72,86,74,73
20151123,3,PM2.5,46,36,44,39,55,33,47,48,43,58,50,57,63,86,56,40,13,23,37,82,21,15,43,58,36,23,69,40,55,45,41,38,84,36,33
20151123,3,PM10,,,,,,,,,,,,,,,,,,,,,,,,,,,,,,,,,,,
20151123,3,AQI,60,64,65,63,64,63,62,69,52,73,70,73,81,76,67,55,62,66,58,88,53,28,34,77,56,29,134,67,73,76,70,70,86,72,71
20151123,4,PM2.5,22,30,38,34,22,23,37,35,30,58,58,57,69,75,57,42,13,32,41,79,20,15,34,56,29,25,59,39,54,51,29,36,59,39,25
20151123,4,PM10,,,,,,,,,,,,,,,,,,,,,,,,,,,,,,,,,,,
20151123,4,AQI,58,62,63,62,61,60,60,67,49,73,70,73,81,76,67,54,59,63,56,87,48,25,36,75,55,30,62,65,71,75,68,68,85,70,68
20151123,5,PM2.5,16,20,11,22,18,18,23,33,35,44,59,46,71,77,59,38,14,28,38,57,23,18,30,43,34,25,46,46,51,55,26,24,42,23,23
20151123,5,PM10,,,14,,,,,,,,,,,,,,,,,,,,34,,,25,,,,,,,,,
20151123,5,AQI,56,59,61,60,58,57,57,64,47,71,71,72,81,77,66,53,55,61,55,86,45,26,37,73,54,31,62,64,70,74,66,66,83,68,65
20151123,6,PM2.5,21,16,17,16,17,18,22,32,25,22,44,35,73,72,57,33,14,29,41,80,28,24,32,35,47,24,40,37,48,61,14,17,42,20,19
20151123,6,PM10,,,,,,,,,,,,,,,,,,,,,,,,,,28,,,,,,,,,
20151123,6,AQI,54,57,58,57,55,55,55,62,45,69,70,70,81,77,65,52,52,59,54,85,45,27,39,71,54,32,61,62,69,74,63,63,81,65,62
20151123,7,PM2.5,16,24,23,20,21,18,21,32,22,22,29,29,69,68,66,38,17,36,35,55,29,25,26,34,54,21,38,38,38,68,18,21,50,30,26
20151123,7,PM10,,,,,,,,,,,,,,,,,,,,,,,30,,,,,,,,,,,,
20151123,7,AQI,51,55,56,55,52,52,53,59,43,66,68,68,81,77,65,50,50,57,53,83,47,28,40,69,53,33,61,60,67,73,60,61,80,63,59
20151123,8,PM2.5,23,22,24,22,26,21,26,36,18,26,32,28,56,68,72,37,29,37,28,81,26,22,33,45,47,19,48,39,32,72,21,27,52,30,31
20151123,8,PM10,,,24,,,,,,,,,,,,,,,,,,,,39,,,26,,,,,,,,,
20151123,8,AQI,49,52,54,52,51,49,52,59,41,64,66,65,80,77,65,50,51,56,52,84,48,28,42,68,53,33,61,59,65,74,58,58,80,60,57
20151123,9,PM2.5,30,23,27,27,30,26,24,36,26,31,30,35,94,67,77,46,26,32,36,30,31,19,3,50,24,20,51,47,41,81,30,26,53,28,29
20151123,9,PM10,,,,,,,,,,,,,,,,,,,,,,,41,,,21,,,,,,,,,
20151123,9,AQI,47,51,53,50,51,47,51,59,41,62,64,65,81,77,67,50,51,56,51,83,48,28,41,68,51,33,62,58,64,74,56,56,80,58,55
20151123,10,PM2.5,26,27,28,26,30,28,28,42,,35,49,39,101,53,71,60,26,38,34,40,32,22,3,55,18,20,64,53,43,86,38,31,59,31,38
20151123,10,PM10,,,,,,,,,,,,,,,,,,,,,,,33,,19,,,,,,,,,,
20151123,10,AQI,47,49,52,49,51,46,51,61,26,60,63,64,83,76,68,51,50,58,51,82,49,28,40,69,50,33,63,58,63,75,55,55,81,56,55
20151123,11,PM2.5,27,33,34,31,34,28,31,46,,40,38,,63,37,44,40,21,56,39,23,23,17,19,63,15,13,73,56,62,92,34,34,,38,32
20151123,11,PM10,,,36,,,,,,74,,,,,,,,,,40,,,,37,,20,,,,,,,,,,49
20151123,11,AQI,46,49,51,49,50,46,51,61,34,60,61,15,82,75,68,51,48,59,52,81,49,28,40,71,49,33,64,58,63,76,55,54,22,56,54
20151123,12,PM2.5,33,36,35,31,35,27,,52,33,38,41,,48,43,40,26,18,51,45,17,20,19,22,28,19,13,30,55,70,78,32,32,,32,33
20151123,12,PM10,,,,,,,,,46,,,,,,,,,,,,,,31,,19,,,,,,33,,,,37
20151123,12,AQI,45,49,51,48,50,45,13,63,223,59,61,14,80,75,67,51,46,61,52,79,48,28,41,71,48,32,64,58,63,77,54,54,16,55,53
20151123,13,PM2.5,34,39,44,38,38,,30,42,39,37,45,32,47,35,40,22,18,31,37,19,22,8,13,17,22,17,17,36,77,75,44,38,34,41,37
20151123,13,PM10,,,47,,,,115,,,,,,,,,,,,,,,,34,,25,,,,,,,,,,
20151123,13,AQI,45,49,51,48,50,,48,63,39,59,60,59,80,74,66,51,44,60,52,78,48,27,41,70,48,31,63,57,65,78,54,54,75,54,53
20151123,14,PM2.5,29,33,36,36,38,,43,,21,37,45,46,44,38,36,19,18,22,37,12,15,9,10,21,19,12,14,24,84,82,42,41,44,39,34
20151123,14,PM10,,,,,,,68,,,,,,,,,,,,,,,,25,,19,,,,84,,,,,,
20151123,14,AQI,44,49,51,48,50,,49,15,38,58,60,59,79,73,65,50,43,60,52,76,47,25,40,69,48,30,63,56,67,79,54,54,75,53,53
20151123,15,PM2.5,30,30,23,27,37,,23,,7,30,32,22,35,19,33,18,25,21,9,12,15,14,12,12,19,10,15,24,50,83,37,37,30,24,35
20151123,15,PM10,,,,,,,35,8,,,,,,28,,,,,,,,,21,,20,,,,,,,,,,
20151123,15,AQI,44,49,50,48,50,,48,14,37,57,59,58,78,71,65,50,41,58,51,74,45,24,40,67,47,29,62,56,67,81,54,54,75,52,53
20151123,16,PM2.5,22,29,15,18,23,,13,8,9,15,16,12,17,20,36,17,19,19,9,11,26,11,10,12,18,6,13,24,38,87,20,21,23,21,34
20151123,16,PM10,,,25,,,,34,13,14,,,,,21,,,,,,,,,24,13,21,18,18,,,,,,,,35
20151123,16,AQI,44,49,49,47,50,,57,57,35,56,57,56,75,70,65,49,40,57,49,73,44,23,39,65,47,26,61,56,67,83,53,53,74,51,53
20151123,17,PM2.5,17,15,14,12,15,,9,19,12,11,15,13,19,12,34,20,19,25,9,17,21,3,13,12,12,9,14,27,38,92,24,17,21,19,33
20151123,17,PM10,,18,20,19,,,27,,,,,,,20,,,,,,,,5,26,,19,12,,,,,,,,,
20151123,17,AQI,,,,,,,,,,,,,,,,,,,,,,,,,,,,,,,,,,,
20151123,18,PM2.5,,,,,,,,,,,,,,,,,,,,,,,,,,,,,,,,,,,
20151123,18,PM10,,,,,,,,,,,,,,,,,,,,,,,,,,,,,,,,,,,
20151123,18,AQI,,,,,,,,,,,,,,,,,,,,,,,,,,,,,,,,,,,
20151123,19,PM2.5,,,,,,,,,,,,,,,,,,,,,,,,,,,,,,,,,,,
20151123,19,PM10,,,,,,,,,,,,,,,,,,,,,,,,,,,,,,,,,,,
20151123,19,AQI,,,,,,,,,,,,,,,,,,,,,,,,,,,,,,,,,,,
20151123,20,PM2.5,21,18,22,19,21,,20,24,17,23,46,21,37,12,24,49,19,18,11,69,12,4,25,11,16,6,58,70,54,116,23,20,29,25,25
20151123,20,PM10,,28,34,23,22,,28,30,,,,,,27,24,,21,,14,,19,5,32,,19,16,,,,,29,28,38,26,
20151123,20,AQI,41,43,44,41,45,,46,53,37,52,56,50,72,67,66,52,33,52,44,71,36,20,36,57,42,23,65,60,68,96,47,47,65,48,49
20151123,21,PM2.5,22,21,25,21,18,,25,20,,23,51,23,33,27,26,34,16,20,15,48,8,3,24,13,19,8,41,81,64,151,22,23,26,23,24
20151123,21,PM10,,28,,22,,,34,24,,,,,,27,,,,,,,,5,31,,,10,,,,,,,,,
20151123,21,AQI,,,,,,,,,,,,,,,,,,,,,,,,,,,,,,,,,,,
20151123,22,PM2.5,21,23,25,15,24,,21,23,,25,40,22,26,33,29,44,11,22,19,37,14,3,48,14,14,8,53,109,67,159,21,20,24,22,24
20151123,22,PM10,,24,28,21,,,28,25,18,,,22,,34,33,,,,21,,,5,52,,,15,,,,,26,,,22,36
20151123,22,AQI,39,41,41,39,43,,43,50,34,51,57,47,71,66,65,52,29,48,42,68,31,21,37,52,40,22,66,66,71,108,45,44,59,45,46
20151123,23,PM2.5,24,18,21,16,19,,21,26,20,19,30,24,25,19,32,18,16,15,19,26,8,3,35,11,12,7,49,114,72,105,21,20,25,16,26
20151123,23,PM10,,,,,19,,,27,20,,,,,22,,,,,,,,5,,,,10,,,76,,,21,,,28
20151123,23,AQI,38,39,40,38,42,,43,49,32,48,56,45,70,64,64,51,28,45,40,64,30,21,36,49,38,22,64,69,73,110,43,42,57,43,45
