date,hour,type,dongsi,tiantan,guanyuan,wanshouxigong,aotizhongxing,nongzhanguan,wanliu,beibuxingqu,zhiwuyuan,fentaihuayuan,yungang,gucheng,fangshan,daxing,yizhuang,tongzhou,shunyi,changping,mengtougou,pinggu,huairou,miyun,yanqing,dingling,badaling,miyunshuiku,donggaocun,yongledian,yufa,liulihe,qianmeng,yongdingmengxi,xizhimengbei,nansanhuan,dongsihuan
20150330,0,PM2.5,116.4,101.4,76.2,75.3,141.8,151.7,71.3,136.2,72.6,90.5,78,68.3,71.5,83,85,131.5,117,114,74.7,90.2,115.6,104.9,95.3,102.5,111.3,87.6,98.8,145.3,74,156.8,,85.7,95.1,85.9,169.5
20150330,0,PM10,577.6,268.8,359.9,385.9,420,359,367.1,415.3,321.8,377.4,356.3,328.4,337.8,352,420,316.9,291.7,352.2,333,293,314.1,346.8,311.1,335.5,355.2,344.6,314.2,,391.8,266.7,319.9,377.3,386,366,367
20150330,0,AQI,316,171,166,194,185,172,164,171,148,187,183,157,196,186,206,193,159,169,154,153,156,140,145,164,166,145,206,145,199,161,500,192,184,193,184
20150330,1,PM2.5,119.4,81.1,79.4,79.5,137.4,147.5,74.8,131.7,77.3,94.4,86.6,72,80.2,93.6,88.5,132.3,116.6,107.8,82.6,99.2,112.3,98.4,97.9,105.7,121,92.2,99.5,134.8,80.8,80.2,,91.9,74.7,90.8,164.9
20150330,1,PM10,499,291.6,330.9,363.8,372.1,332.9,342.2,320.6,288.9,338.2,338.6,316,333.5,327.6,398.3,298.3,296.7,342.6,318.5,300.2,324.1,348,308.3,323.4,330.8,367.4,303.9,,371.6,285.5,334.1,346.9,359.6,337.9,339.1
20150330,1,AQI,338,177,171,200,191,178,169,176,153,192,188,162,201,191,225,198,164,175,159,158,162,147,149,170,173,152,222,148,211,166,500,197,189,198,189
20150330,2,PM2.5,106.9,114.1,93.6,90,124.3,129.3,81,123.5,78.6,125.6,96.8,79.3,103.7,111.5,97.2,127.3,117.9,114.3,89.9,97.5,108.2,108.8,96.4,102,119.4,92.7,97,132.1,82.6,98.8,,94.4,85.9,98.2,146.6
20150330,2,PM10,474.3,319.5,317.9,331.2,341.7,302,330.6,322.4,258.7,331.6,338.8,308.2,334.7,320.3,391.1,274.2,283,326.4,300.4,309.9,307.7,345.3,300.8,314,333.5,362.7,309.8,,359.2,285.7,349.2,330.7,350.9,332.7,313.2
20150330,2,AQI,357,183,176,216,196,183,174,181,158,196,194,167,214,196,243,201,168,182,164,164,163,153,155,176,179,155,234,152,229,171,500,204,191,206,193
20150330,3,PM2.5,112.8,106.3,104.7,100.9,135.5,125.3,109.8,121.5,83.7,146.9,108.3,95.8,128.8,113.4,111.1,125.6,119.5,107.4,111.9,99.4,106.4,103.1,91.9,106.2,107.6,90.6,103.1,122.5,97,107.2,,109.5,97.7,102.2,149.3
20150330,3,PM10,441.1,264.5,306.9,336.8,347.3,293.9,387.8,295.5,242.9,323,327.4,328.2,333.2,324,364.7,289.7,301.5,303.3,311.9,307.3,284.6,342.1,293.7,315.3,328.6,360.6,306,,333.6,278.8,290.2,331.8,338.8,321.9,285.5
20150330,3,AQI,372,187,181,232,202,187,181,185,162,201,199,173,229,203,260,215,173,187,170,169,169,160,160,182,186,162,211,155,243,174,500,219,195,219,196
20150330,4,PM2.5,115,110.7,115.3,107.7,122.4,125.2,124.5,116.3,83,156.9,115.2,104.2,123.4,114.5,113.4,126,118.4,103.4,130.3,107.6,108.1,106.5,94.9,108.2,102.1,96.6,103.6,123.6,99.7,115.2,,114.5,115.1,107.2,127.1
20150330,4,PM10,441.6,293.3,303,322.3,313.6,294.4,344.9,270.2,232.4,329.3,329.7,306.7,346.7,297.5,346.9,300.9,295,302.5,310.7,300.4,295,327.2,290.8,302.1,317.9,353.1,277,,355,290.4,294.8,326.6,357.8,302.2,293.2
20150330,4,AQI,388,191,185,247,217,192,186,187,166,216,209,179,245,214,276,226,179,192,175,175,174,166,165,187,192,169,195,157,260,179,492,234,200,231,200
20150330,5,PM2.5,116.1,114.9,113.5,112.3,118.6,125.5,122.1,110.6,100.4,132,126.1,108.1,116.2,114.5,122.2,123,124.8,106.5,125.7,107,107.6,116.2,104.4,106.9,104.5,95.8,101.6,121,107.8,119.1,,115.5,129.9,115.2,139.2
20150330,5,PM10,449.6,315.4,312.3,347,313.9,302.4,316.3,275.3,248.1,320,340.5,313.3,363.8,345.8,360.8,297.7,297.7,292.5,292.1,281.1,284.5,315.7,282.5,306.8,317.8,352.7,260,,370.9,291.3,315.5,344.9,330.2,328.8,321.4
20150330,5,AQI,405,197,190,264,230,196,192,191,170,229,225,183,263,228,292,239,184,198,180,179,174,171,169,193,198,176,188,158,275,183,262,250,213,244,210
20150330,6,PM2.5,121.7,122.1,123.7,117.6,121,129.3,121.6,121.1,101.6,140.5,123.4,116.1,120.5,119.9,124.3,121.2,121.7,105.1,126.1,102.8,115.2,126.7,105.1,106.2,105.6,96.4,100.3,120.2,108.1,118.5,,130.7,118.6,123.9,141.4
20150330,6,PM10,444.2,283.2,299.1,351.9,295.7,301.9,330.5,290.2,248.7,347.8,348.8,331.4,382.6,353.2,372.9,277.5,275.8,296.3,297.1,276.3,291.2,332.1,291.8,297.1,315.2,354.7,256.3,,368.9,282,304.9,327,316.2,359.8,328.7
20150330,6,AQI,418,204,195,280,242,201,197,196,174,243,242,189,279,244,308,248,189,206,186,181,180,178,174,199,212,177,184,160,293,188,256,263,224,256,222
20150330,7,PM2.5,122.5,125.2,117.2,121.4,121.3,129.8,126.8,115.2,114,157.4,137.4,121.4,122.2,134,137.5,114.6,120.2,110.4,130.2,99.9,113.2,117.6,118.1,111.5,103.3,107.5,95.3,132.4,117,113.4,,135,136.1,147.8,151.2
20150330,7,PM10,460.5,301.2,289.2,351.6,303,303.1,335.7,255.6,253.1,379.3,376.2,313.4,395,373.1,396,267.9,278.2,318.6,327.9,281.5,283.3,338.2,304.4,274.6,310.4,351,256.2,,378.3,308.7,348.3,359.5,336.6,414.2,336
20150330,7,AQI,433,217,199,296,255,215,206,199,179,259,260,194,294,259,315,235,191,222,191,180,185,183,180,211,229,184,180,161,306,192,254,275,237,271,235
20150330,8,PM2.5,127.9,133.1,126.2,129.9,132.8,129.6,127.6,123,114.6,166.4,136.5,120.9,135,,144.6,123,125.2,130.6,142.1,107.2,114,131.8,119.2,133.1,114.4,110.8,101.9,133.4,133.7,115.7,,141.8,132.8,157.6,150.6
20150330,8,PM10,487.7,336.1,348.8,391.9,365.5,305.4,345.4,311.5,264.9,402.7,417.7,326.6,452.5,,392.2,293,288.4,388.8,406.2,302,304.6,343.8,316.5,306.5,320.2,348.3,264,,417.5,330.4,352.8,385.6,369.3,420.6,345.5
20150330,8,AQI,444,214,209,299,269,225,221,211,183,275,278,199,311,,304,212,190,241,199,178,189,189,184,224,226,191,178,161,316,197,251,278,252,274,245
20150330,9,PM2.5,141.7,147.1,138.8,140.1,139.5,146,132.5,143.4,123.3,235.8,143.7,295,140.9,148.5,157.1,136,133.5,125.7,140.8,121.6,120.1,144.8,126.1,128.9,126.3,118,113.3,152.7,146,133.4,,161.7,137.3,170,157.4
20150330,9,PM10,502.5,355.3,370.2,419.4,373.3,320,372.8,319.8,291.5,435.1,465,340,468.8,417.1,423.5,341.8,305.3,364.5,357.8,330.7,314.5,352.9,315.9,323.5,329.1,359.4,310.3,,475.4,380.7,382.4,405.2,401.3,429.4,334
20150330,9,AQI,438,202,215,284,278,224,237,223,187,282,297,212,324,254,292,200,189,246,211,176,192,194,187,236,239,198,176,160,310,210,239,266,266,261,238
20150330,10,PM2.5,154.2,161.9,143.4,145.6,162.1,171.1,140.9,151.5,134.3,223.1,137,142.7,154,146.9,151.8,155.7,153,137,146.8,149.3,137.9,142.3,131.9,135.7,242.1,122.4,140,176,164.5,137.8,,159,145.9,169,176.8
20150330,10,PM10,531.3,370.6,392.8,437,423.2,454,384.6,360.7,348.2,430.5,463.3,374.7,463.4,397.6,409.7,426.9,345.3,370.3,383.9,366.5,339.2,375.7,317.6,363.8,344.7,380.7,345.9,,425.5,380.6,412.1,413.7,427.5,422.9,362.1
20150330,10,AQI,426,197,216,270,276,221,247,225,190,269,304,224,321,239,282,199,187,240,225,175,192,198,189,238,240,211,175,161,297,209,228,254,274,249,226
20150330,11,PM2.5,158.2,157.2,149,150.1,159.9,171.2,145.2,160.8,138.7,,162.6,125.9,149.1,157.3,157.1,159.1,154.6,144.8,156.3,151.4,147.3,156.5,139.6,146.6,197.8,129,,175.2,176.8,146,,166.3,151.9,,189.6
20150330,11,PM10,547.3,370.8,388.5,417.7,436.7,407.3,409.4,369.6,360.8,420.2,466.4,401.3,450.1,351.8,373.5,396.7,358.5,390.1,394.1,357.4,374.3,374.1,312.9,389,351.3,394.8,,,375.6,363.3,402.6,402.1,457.5,,410.6
20150330,11,AQI,419,195,214,260,267,216,249,227,188,255,295,229,306,227,273,198,186,233,223,175,192,198,185,230,235,220,175,161,275,198,221,247,272,,222
20150330,12,PM2.5,166.6,157.2,157.9,162.2,171.3,168.2,153.7,151.2,156.3,,161,139.3,156.8,164.2,177.2,173.3,174.3,150.6,161.7,171.6,159,176.4,149.5,154.9,194.9,144.4,,161,168.6,,,176.8,158.2,,187.7
20150330,12,PM10,386.3,351.1,373.2,399.9,427,363.1,426.2,372.3,368.8,395.7,426.6,408.8,426.5,344.5,372.3,380.3,369.5,388,407.4,378.9,383.7,358.4,294.9,391.6,353.5,398.5,472.7,,348.5,,389.9,372.6,432.5,,359.1
20150330,12,AQI,407,192,205,250,259,209,241,221,186,244,276,220,290,216,265,197,186,224,214,177,191,197,183,216,225,219,179,162,266,,215,239,261,,215
20150330,13,PM2.5,172.6,169.1,170.3,165.7,175.5,181,165.4,165,166.1,92,180.5,159.4,183,178.5,177.7,167.3,177.7,155.9,176.3,173.8,169.3,183.9,154.2,158.8,153.6,156.4,96,160.6,158.2,172.3,,183.5,173.2,,197.3
20150330,13,PM10,376.1,317.7,347,360.6,397.8,326.6,408.2,394.8,374.7,366.7,413.4,387.2,405.5,362.3,326.2,354.4,352.7,386.7,382.3,403.1,371,365.6,314.1,395.1,369.2,396.1,452.1,,332.2,304.1,349.2,338.2,409.6,,393
20150330,13,AQI,395,189,199,241,252,201,232,210,183,234,266,210,281,210,257,195,185,215,202,179,190,197,182,206,214,217,181,166,266,192,207,230,253,,210
20150330,14,PM2.5,185.3,183.5,179.3,182.6,182.1,193.1,172.1,174.7,172.5,191.3,180.6,164.2,184.4,178.9,162.8,153.8,179.5,169.4,190.8,169.4,189.1,203.4,159.2,175.9,168.9,172.5,145.7,,155.9,183.8,,187.9,188,,196.1
20150330,14,PM10,333.9,312.3,325.6,365.5,380.3,298.6,377.7,403.1,348.8,375,388.7,367.6,371.7,292.8,293.5,345.9,317.2,393.3,371.8,402.9,378.6,384.9,328.7,391.4,381.4,401.7,452.3,,330.2,305.1,340.9,327.9,379.2,,315.4
20150330,14,AQI,382,188,197,238,247,198,230,204,182,235,263,206,276,208,253,193,183,210,201,181,189,196,179,201,203,214,184,170,267,191,206,226,246,,205
20150330,15,PM2.5,,167.5,186.1,171.6,185,181,177.7,178.3,170.5,210.1,198.8,206.2,203.4,164.2,155.3,144,169.9,180.4,197.9,167.5,186.4,185.4,162.3,188.2,179.6,184.8,136.3,,151.4,197.8,,181.9,189.6,,180.8
20150330,15,PM10,,266.4,313.4,312.2,338.6,271.9,382.7,399,334.5,322,357.8,360.8,349.3,269.8,324.3,355.2,305.1,396.3,357.9,417,357.7,322.8,328,399.8,400,412.5,428.3,,347,311.3,,283.1,352,,275.5
20150330,15,AQI,386,188,197,236,245,197,231,204,181,232,259,204,272,206,256,196,182,207,200,183,188,195,177,200,199,212,187,175,262,191,209,224,243,,206
20150330,16,PM2.5,,164.9,166.4,156.7,161.2,158.1,176.4,178.1,183.8,194.9,197.6,193.8,196.3,162.6,154.8,135.3,167.4,180.7,207.1,158.6,171.2,162.5,174.9,191.9,186.6,165,128.5,90.4,143.5,194,,164.3,168.5,,171.9
20150330,16,PM10,256.1,252.6,265,289,292.1,261.6,316.4,377.8,318.2,302.3,344.8,328.4,352.4,277.9,315.9,328.3,292.9,367.5,347,399.8,312,315,335.3,371.5,398.6,353.4,393.5,,327.7,299.3,274.3,271.5,296.1,,238.6
20150330,16,AQI,378,187,197,234,243,196,231,202,181,231,258,204,271,200,253,196,183,206,200,186,187,194,176,200,199,208,190,177,255,190,209,222,243,,206
20150330,17,PM2.5,136.9,155.7,166.5,159.3,157.6,163,170.6,191.8,183.3,189,200.5,181.6,192,153.1,158.7,145.7,151.4,185.1,205.6,149.6,167.6,172.5,184.6,191,187.1,151.2,120,119.8,147.8,196.5,,167.1,169.2,,162.1
20150330,17,PM10,281.7,255,274.1,310.2,326.5,277.7,314.4,347.2,290.9,300.9,331,304.6,335.7,279.9,307.8,316.3,297.7,340.1,319.3,367.5,314.7,373.2,330.2,343.8,376,382.7,366.2,,301.2,280.6,299.2,284,304.9,,264.1
20150330,17,AQI,366,185,195,230,241,194,230,202,181,228,256,202,267,199,245,194,184,208,201,187,188,195,177,200,199,210,192,180,247,187,205,217,240,,206
20150330,18,PM2.5,170.6,152,166,156.5,160.4,159.7,169.1,191.5,178.9,188.9,187.6,183.3,179.5,155.6,155.6,137.7,159.2,180.9,213.6,140.2,166,180.1,198.4,187.8,187.8,158.9,122.2,130.4,157.3,189.1,,171.3,162.6,,167.8
20150330,18,PM10,291.7,255.6,278.8,318.3,341.5,275,329.7,325,263.4,304.6,327.5,307.5,333.7,271.5,294.2,312.2,351.3,309.1,318.6,348.5,332.7,394.9,309.1,314.1,337.6,422.7,359.4,,298.4,279.4,298.4,294.9,320.3,,321.1
20150330,18,AQI,354,183,193,224,237,192,226,201,180,222,251,200,260,197,238,191,183,207,200,189,188,197,178,200,199,216,194,184,238,185,200,211,236,,209
20150330,19,PM2.5,177.1,152.6,169,159.2,180,168.7,176.2,198.5,178,196.6,209.4,191.1,195.8,154.8,163.4,159,156.5,177.6,211.6,159.8,179.4,172.2,192.1,182.2,193.1,157.3,132.9,172.5,135.7,194.8,,169.1,181.3,,172.3
20150330,19,PM10,292.5,246.1,278.1,301.6,351.1,278.5,322.9,358,243,304.2,329.8,322.3,356.1,274.3,318.6,372,344.6,291.5,324.1,385.9,368,345.7,278.8,292.4,312.4,393.6,386.1,,346.9,281.5,304.8,301.9,340.7,,300.4
20150330,19,AQI,341,182,191,219,233,198,221,200,178,217,247,199,254,195,233,192,183,203,200,192,189,198,178,198,199,222,196,188,234,183,199,207,231,,213
20150330,20,PM2.5,190.8,153.3,179.1,164.9,189.2,168.8,184.6,207.5,171.9,198.4,206.1,218,216.4,186.8,175,174.8,172.4,194.8,232,167.8,181.5,160.4,188.5,181.2,188.6,156.8,125.3,183.9,149.1,218.7,,184.7,206.5,,202.7
20150330,20,PM10,314.7,223.4,294.9,298,316.7,310.3,329.1,371.6,236.6,308.9,355.3,363.5,394.5,326.2,341.4,383.5,359.2,321,372.2,375.9,354.9,321.7,271.7,260,293.1,383.7,339.7,,363.8,324,307.7,322.7,355.7,,367.7
20150330,20,AQI,329,182,190,214,229,203,217,200,176,213,242,198,252,195,229,193,187,200,202,193,190,199,178,195,198,227,196,191,231,185,198,202,229,,217
20150330,21,PM2.5,198.1,181.1,196.5,186.6,184.6,188.1,196.9,208.2,182.3,231.1,215.9,224.1,243.9,192.2,184.4,185.6,175.1,183.9,228.5,159.6,196,171.8,208.3,175.5,177.5,156.7,131.7,191.3,142.4,237.3,,188.3,208.5,,208.9
20150330,21,PM10,357.5,289.2,313,357.5,354.7,341.9,350.1,363.4,269.2,359.3,349.1,374.4,417.6,336.7,360.6,361.1,331.3,315.5,337.2,341.4,360.5,337.3,285.6,254.1,275.7,379.2,332.5,,274,347.8,359.5,353.6,360.7,,376.3
20150330,21,AQI,316,188,189,212,221,206,214,200,174,211,238,198,251,194,223,191,191,198,202,194,191,199,179,192,197,232,196,194,220,195,198,200,228,,219
20150330,22,PM2.5,190.8,179.1,182.1,173.6,179.9,181.2,219.4,221.6,197.8,215.5,216.2,210.4,250.1,187.7,184.3,157.2,168.7,174.6,223,152.7,206.1,199.1,227.6,173.9,179,158.3,126,178.1,173.5,231.8,,183.7,196.8,,195.3
20150330,22,PM10,341.6,307.5,332.9,360.6,359.5,310.9,393.4,381.5,302.8,337.9,367.8,331.2,445.8,326.8,338.6,287.2,310.2,356,328.8,310.9,345.2,391.7,312.8,273.9,270.4,363.9,313.2,,356.3,344.5,346,335.9,369.1,,333.6
20150330,22,AQI,301,190,188,209,214,206,214,206,179,217,234,200,251,193,218,191,194,198,208,195,194,200,189,192,203,234,196,195,215,204,195,198,224,,220
20150330,23,PM2.5,184,172.6,174.2,173.9,169.9,165,197.5,224.7,212.3,201.1,232.9,205.1,231.6,189.6,176.3,154,159.3,159.1,221.7,163.1,199.4,191.5,230.5,182.4,179,168.5,134,161.2,177.9,241.2,,169.1,185.4,,185.2
20150330,23,PM10,300.3,268.4,301.1,325.8,295.2,263.8,385.9,368.3,325.4,332.5,371,354,466.4,320.1,285,256.8,275.1,301.6,318.6,320.2,322.7,346,282.4,290.6,301,344.9,306.8,,352.9,341.8,310.9,286.3,330.5,,276.8
20150330,23,AQI,284,192,193,204,206,207,213,211,187,222,232,206,255,198,208,192,196,197,214,195,199,201,198,197,206,234,195,195,212,211,193,202,217,,221
20150330,0,SO2,25.1,21.5,17,20.8,22.6,20.9,,19.8,17.1,15.8,22.4,19.4,13.9,27.8,25.9,27.8,31.1,19.9,18.5,21,15.1,19.2,14,16.6,16,16.7,22.6,24.4,31.8,31,28.4,30.8,22.9,31.3,24.4
20150330,0,NO2,107.9,70.9,33.7,47.9,134,120.5,90.7,85.9,43.5,42.6,36.9,42.2,60.4,33.7,29.7,92.6,61.9,49.3,41.2,29.2,29.4,53.2,40,27.8,68.7,25.3,103.7,,30.6,30.2,78.1,80.3,87.9,99.8,126.3
20150330,0,O3,5.5,29,62.4,60.9,2,4.3,35,15.2,61.3,59.6,67.2,59.5,34.9,89.5,65,9,41.6,60.7,59.3,84.5,76.8,62.2,58.6,82.5,43,107.1,72.9,34.3,49.4,71.3,19.9,25.7,31.9,17.9,2
20150330,0,CO,1.5,1,0.6,0.7,1.9,1.6,0.6,1.2,0.6,0.6,0.6,0.7,0.6,0.5,0.8,1.4,1.1,1.1,0.6,1.7,1,1,0.8,0.8,0.8,0.8,0.9,1.7,0.7,0.5,1,0.9,1,1,1.6
20150330,1,SO2,23,24.1,19.6,22.2,21.6,20.7,,21,19.3,18.6,24.8,20.1,17.9,29.7,26.6,23.7,40.6,18.7,21,21.6,15.1,17.6,14.8,17.5,11.5,18.1,25.9,24.3,30.4,35.7,26.5,27.2,28.8,30.4,24.4
20150330,1,NO2,100.4,51.8,28.5,41.8,123.7,115.3,86.1,84.6,48.5,39.4,33.6,48.6,52.7,30.2,29,81.5,61.7,49.3,32.9,30.2,27.6,67.3,38,27.6,79.2,26.5,107.7,,33.1,26.6,62,70.2,48,78.6,108.2
20150330,1,O3,11.2,57.6,70.8,74.3,2,3.6,38.3,15,51.6,70.1,71.3,54.8,41.3,97.4,67.2,11,17,53,64.5,76.8,73.6,40.9,56.7,79.7,22.9,101.4,69.2,28.8,54,85.1,42.5,46.1,63.4,45.3,2
20150330,1,CO,1.4,0.8,0.6,0.7,1.7,1.6,0.6,1.2,0.6,0.6,0.7,0.7,0.7,0.6,0.8,1.4,1,1.1,0.6,1.7,1,1.1,0.8,0.9,0.9,0.9,1.1,1.5,0.7,0.6,0.8,0.8,0.6,0.8,1.6
20150330,2,SO2,24.8,15.5,22.5,23.5,19.4,21.2,,18.8,17.4,24,22.5,20.4,21.3,31.4,26.9,23.2,35.4,17.9,17.3,23,13.9,19.3,15.1,16.2,12.6,17.3,29.4,23.4,28.6,32.9,20.6,28.3,29.4,31.6,19
20150330,2,NO2,86.7,93.5,27.3,45.3,116.3,107.3,77.9,91.7,33.7,42.1,31.5,44.2,42,32,28.9,80.3,42.4,52.4,55.6,32,32.4,57.3,47.4,26.5,71.6,27.6,115,,30.8,27.3,96.2,51.5,43.3,98.5,87.6
20150330,2,O3,13.4,3.8,78,74.7,2.2,3.4,,6.5,56,84.2,72.5,62,50.5,103.9,68.4,6.9,8.6,41.8,37,71,53.6,45.3,45.8,75.9,27.3,91.4,61.7,24.9,56,97.5,2,65.3,73.9,27.7,2
20150330,2,CO,1.3,1.2,0.6,0.7,1.6,1.5,0.6,1.2,0.6,0.7,0.7,0.7,0.6,0.7,0.7,1.4,0.9,1.2,0.7,1.8,1.1,1.2,0.8,0.9,0.9,0.9,1.3,1.5,0.8,0.7,1.3,0.8,0.7,0.9,1.5
20150330,3,SO2,24.5,23,23,22.9,17.5,18.1,15.8,16.4,13.1,26.2,20.4,18.7,19.7,37.1,28.2,25.1,29.3,16.7,13.9,25.3,13.9,21.3,14.4,14.7,13.1,17.6,29.8,29.2,29.3,38.9,26.1,29.6,29.3,30.6,18.2
20150330,3,NO2,78.6,42.1,27.8,49.4,108.9,101.7,105.4,89.5,33,29.5,34.7,54.5,41.2,35.3,32.3,82.7,52.1,57.1,68.8,32.5,38.1,52.9,36.8,29.1,85.7,29.5,126.2,,31.5,31.1,52.1,50.3,49.4,76.9,89.6
20150330,3,O3,18.2,74.5,87.7,69.6,2,3.2,13.2,2,50.6,102.3,77.1,53.6,55.3,100,74.1,2.1,2,32.3,18.7,66.5,42,44.7,54.1,67.3,10.1,81.7,53.5,26.1,49.8,90.8,48.4,61,68.9,42.5,2
20150330,3,CO,1,0.8,0.7,0.9,1.6,1.5,1.2,1.2,0.6,0.7,0.8,0.7,0.8,0.7,0.7,1.5,,1.2,1.1,2,1.1,1.2,0.9,0.9,0.9,1,1.6,1.5,0.9,0.7,0.9,0.9,0.8,1,1.4
20150330,4,SO2,25.9,28.3,24.9,27.2,17.5,24.6,10.5,12.7,11.5,30.3,18.7,18.5,21.7,33.6,28.6,28.3,21.6,16.4,12.5,24.8,14.4,20.5,14.1,12.8,11.5,18.2,29.2,32,27.5,40.9,28.8,31.3,21.2,33.9,25.8
20150330,4,NO2,71.9,34.9,30.1,42.9,107.7,101.5,117.2,86.2,32.9,32.3,33,44.8,37.7,45.5,80.2,87.1,54.5,56.8,59.8,35.1,41.1,50.6,42.8,31.2,76.7,31.9,117.2,,38.3,32.1,39.9,49.6,92.4,66.8,103.4
20150330,4,O3,30,79.9,84.8,78.5,,5,2,2,46.2,99.1,65.6,61.5,52.6,59.5,13.4,2,8.7,28.7,24.6,58.3,34.3,40.6,45.6,51.9,13.7,70.3,51.3,,31.1,,60.3,61.4,18.2,50.8,2.5
20150330,4,CO,0.9,0.8,0.8,0.9,1.6,1.4,1.3,1.2,0.6,0.8,0.8,0.8,0.8,0.9,1.1,1.7,0.9,1.2,1.1,2.2,1.2,1.3,0.9,1,0.9,1.1,1.7,1.6,1.2,0.8,0.9,1,1.2,1,1.4
20150330,5,SO2,25.4,22.9,26.5,31.4,15.1,29.2,10.9,10.2,11.2,27.3,19,20.3,19.5,41.1,25.4,26.1,48.8,14.6,10.2,26.8,13.9,21.8,11.7,14.7,13.1,21.3,30,31.7,23.7,32,25.5,35.6,16.5,37.6,29.9
20150330,5,NO2,79.7,81.3,33.5,56.7,101.9,99.4,150.4,88.9,40.6,37.4,33.9,49.6,47.1,47.9,78.4,84.2,89.1,58,72.6,34.9,34.8,48.9,41.2,34.7,82.2,,119,,45.9,57.9,85.4,68.7,99.8,83.1,102.2
20150330,5,O3,13.2,23.2,64.8,49.2,2,5.5,2,2,44.2,77.7,63.9,51.7,37.2,49.2,8.6,2,2,26.6,10.2,54.7,36.2,39,40.5,48.5,6.2,68.2,47,26.9,23.6,59.3,13,33.8,5.5,21.9,2
20150330,5,CO,1.4,1.2,0.9,1.2,1.5,1.5,1.3,1.3,0.7,0.9,0.8,0.8,0.8,1.2,1.2,1.8,1.2,1.3,1.2,2.2,1.3,1.4,0.9,1.1,1,1.1,1.7,1.5,1.3,0.8,1.3,1.3,1.4,1.3,1.5
20150330,6,SO2,25.8,14.7,13.8,26.2,16.3,28.4,13,9.8,9.9,27.2,18.8,15.9,21.5,36.6,29.9,25.3,42.4,14.2,9.4,25.7,16.1,24.8,12.7,14.8,13.4,24.4,30.5,26.8,18.5,24.2,23.9,22.9,17,38.9,26.3
20150330,6,NO2,87.7,88.9,82.8,78.4,101.1,100,124.8,86.3,55.7,58.4,46.3,76.1,56.1,56.6,78,85,79.7,58.7,76.3,35.1,43.3,60.2,44.6,39.1,81.7,35.4,121.3,,39.7,49.1,91.3,97,97,95.7,103.3
20150330,6,O3,5.5,2,3.4,21.1,2,3.3,2,2,26.7,29.7,50.2,16.8,31.1,40.8,12.1,2,7.3,25.6,5.5,50.9,29.4,29.2,34.6,38.4,3.8,67.3,46.5,23.9,24.5,51.3,2,2,5.2,12.3,2
20150330,6,CO,1.6,1.5,1.4,1.4,1.6,1.7,1.3,1.5,0.9,1.2,1,1.2,1,1.2,1.3,1.9,1.6,1.3,1.2,2.1,1.4,1.5,1.1,1.1,1,1.2,1.6,1.6,1.3,0.8,1.7,1.7,1.5,1.4,1.8
20150330,7,SO2,27,17.1,17.5,24.6,21.8,28.1,14.9,10,10.4,28.2,19.3,14,22.1,41,32.8,28.9,44.1,,10.4,26.5,17.6,25.6,15.2,12,14.3,27.3,32.5,24.9,20.2,29.1,29.1,28.1,17.8,39.9,25.4
20150330,7,NO2,91.5,91.6,83.6,97.3,104.3,98.1,122.3,76.1,58.9,78.6,64.2,88.5,73.3,73.2,79.5,84.3,81.7,75.2,82.9,40.6,46.7,74.8,48.9,43.6,77.9,38.5,123.5,,36.7,63,98,101.9,99.7,110,96.8
20150330,7,O3,4.2,2,3.7,4.9,2,5.5,2,2,23.9,9.7,29.1,2.7,14.9,26.1,8.3,2,5.3,9.6,2,46.9,25.8,16,33,24.6,5.8,71,49,20.9,24.7,24.8,2,2,4.7,2,2
20150330,7,CO,1.8,1.7,1.6,1.6,2,1.8,1.4,1.5,0.9,1.3,1.2,1.6,1.1,1.3,1.4,2,1.7,1.7,1.6,2.1,1.4,1.7,1.1,1.2,1,1.3,1.5,1.5,1.3,0.9,2,2.1,1.7,1.8,2.2
20150330,8,SO2,31.6,21.4,30.2,31.4,29.8,34.6,23.2,18.2,13,34,28,17.5,27,,31.2,42.2,66.6,,20.1,30.1,20.8,33.8,21.6,12.5,19.2,28.2,39.4,29,37.8,44.2,30.8,36.6,21,51.4,32
20150330,8,NO2,89.1,90.9,83.6,103.9,108.7,93.4,118.6,77.4,67.7,71.7,66,89,64.2,,83.5,84.5,80.1,85.3,90.9,50.7,50.7,75.2,53.6,57.9,73.9,38.8,130,,44.6,71.9,96.9,100.4,105,121.6,99.8
20150330,8,O3,10,2.6,9.5,5.4,5.2,10.3,2,2,14.1,25.9,32.2,4.7,27.8,,4.1,3.1,9.6,2.1,3.8,41,22.8,20.6,35.1,11.7,15.4,73.9,49.9,24.2,29.7,17.5,2,2,5.5,2,2
20150330,8,CO,1.9,1.8,1.7,1.9,2.1,1.8,1.6,1.6,1.1,1.4,1.2,1.8,1.1,,1.7,2.2,1.9,2.1,1.6,2,1.4,1.9,1.2,1.4,1.1,1.4,1.7,1.3,1.5,1,2.1,2.5,2,2.3,2.4
20150330,9,SO2,38.8,34.6,34.9,38.4,35.7,39.5,33.9,32.5,17.8,36.5,34.1,23.9,28.2,47.2,39.7,56,52,32.3,25.3,44.3,31.5,43.4,28.1,24.1,24.2,33.7,50.9,44.2,46.3,56.8,40.7,50.1,33,51.7,44.4
20150330,9,NO2,86,88.2,85.2,89.5,103.5,92.9,126.9,82.2,85.3,63.7,61.7,87.9,60,55.7,77.3,85.1,74.2,71.4,68.7,57.5,52.5,63.9,39.2,47.5,58,37.4,135.8,,37.2,53.3,88.6,105.6,101.7,115.4,98.3
20150330,9,O3,17.3,16.1,15.5,27.5,14.9,15.9,2,6.9,12.6,,43.9,10.9,33.9,52.3,14.5,10.6,23.8,25.1,23.9,47.4,32.7,41.3,60.8,42.5,42.2,86.3,56.7,38.9,50.5,44.9,10.2,9.8,14.9,3.7,7.4
20150330,9,CO,1.9,1.8,1.8,1.8,2,1.8,1.7,1.6,1.4,1.3,1.2,1.7,1.1,1.4,1.7,2.1,1.9,1.8,1.3,,1.6,1.8,1.2,1.3,1.1,1.4,1.9,1.4,1.5,1,1.9,2.2,1.7,2.1,2
20150330,10,SO2,43.9,39.5,38.2,41.2,38.5,44.3,39.8,37.4,28.3,37.5,37.3,32.2,29.9,43.3,45.3,61.1,56.4,36,25.4,55,44,48.7,31.9,32,28.7,39.9,52.6,46.7,47.2,54.3,45.8,51.8,46.7,52.4,55.7
20150330,10,NO2,79.6,65.1,60.9,67.5,92.5,90.7,133.6,85.6,75.7,50.6,48.2,75.1,50.9,40,35.3,73.6,66.2,67.9,83.3,45.3,54,47.3,36.7,51.1,51.2,38.1,115.7,,27.1,43.7,76.7,84.9,97.6,,101.7
20150330,10,O3,33.6,53.4,48.6,58.6,39.5,32.8,2,18.4,39.5,63.8,64.5,34.1,49.1,80.1,63.3,42.4,43.9,38.7,24.4,76,48.5,78.3,73.7,59,64.8,100.2,72.8,71.2,76.4,68.4,33.2,38.6,29.5,14.4,16
20150330,10,CO,1.8,1.5,1.5,1.6,1.8,1.8,1.7,1.8,1.3,1.2,1.1,1.4,1.1,,1.2,1.6,1.9,1.7,1.4,2.4,1.7,1.5,1.2,1.4,1.2,1.4,1.7,1.3,1.2,1,1.6,1.7,1.6,2,1.9
20150330,11,SO2,45.4,39.2,36,37.6,38.9,44.7,40.9,32,29.9,35,38.6,38.4,30.6,42.9,43.2,57.4,47.2,35.8,26.5,56.2,52.2,52.3,31.6,34.5,30.8,45.6,51.5,44.6,48.9,51.5,42.1,48.8,52.4,,63
20150330,11,NO2,55.5,51.2,48.7,55.6,84.1,70.7,119.5,86,77.2,43.5,44.3,55.1,45.7,31.3,29.8,41.8,63.5,74.6,85,44.3,45,41.4,34.3,54.5,55.4,33.6,,,27.9,38.6,64.7,84,105.2,,95
20150330,11,O3,70.2,86.3,72.4,88.2,63.2,66.7,32,30.5,53.4,78.1,83.8,68.4,67.4,109.1,84,99.5,60.2,43.9,36.1,89,76.2,92.6,88.8,71.3,72,122.6,76.9,91.7,88.1,92.7,58.1,53.1,44.4,,40.9
20150330,11,CO,1.5,1.3,1.3,1.5,1.7,1.5,1.4,1.7,1.3,1.1,1.1,1.2,1.1,1.2,1.1,1.3,1.7,1.7,1.4,2.4,1.6,1.7,1.2,1.4,1.3,1.4,1.7,1.2,1.3,1,1.5,1.6,1.6,,1.5
20150330,12,SO2,44.9,39,36,,38.2,42.9,38.7,32.8,31.4,34,39.3,,31,44.8,42.6,55.9,44.3,37.3,28.9,54,48.5,51.3,29.9,35.7,32.6,47.4,50.2,42.5,47.6,,42.6,47.4,51,,61.6
20150330,12,NO2,50.4,43.1,48.5,49.1,69.6,53,104.5,87.2,85.4,37.3,34.8,37.4,39,31.2,27.4,37.5,59,65.3,54.3,40.9,42.2,42.1,35,59,48.6,34.7,,,28.1,,57.7,73,89.9,,86.7
20150330,12,O3,96.9,116,90.7,103.4,91.7,99.7,58.6,44,62.7,106,110.9,65.1,88,127.8,101.8,117.9,86.3,70.8,80,104.1,94.2,103.8,101.1,79.7,103.3,132.4,98.1,105.8,107,,80.3,83.9,68.8,,68.6
20150330,12,CO,1.5,1.3,1.5,1.3,1.6,1.4,1.3,1.6,1.4,1.2,1.1,0.8,1.1,1.3,1.2,1.3,1.6,1.6,1.1,2.3,1.5,1.7,1.2,1.5,1.3,1.5,1.6,1.2,1.2,,1.4,1.5,1.5,,1.4
20150330,13,SO2,48.4,44.2,39,,39.5,45.4,41.5,35.8,34.1,38.5,43.3,,34,48.2,45,50.9,43,37,32,51.1,44.8,52.5,30.7,35.8,31.7,46.4,49,39.6,41.3,58.7,48,52.2,52,,56
20150330,13,NO2,39.8,34.3,41.1,43.2,57,44.7,103.9,101.5,62.3,32.8,33,38.4,38.8,30.6,26.2,34,44.8,59.4,37.5,41.1,37.3,41.8,33.9,49.4,56.9,35.7,,,25.8,31.7,53.8,69.5,86.7,,92.3
20150330,13,O3,118.7,143.1,107.2,125.9,116.2,120.2,72.6,45.9,96.6,133.5,124.4,46.9,97,145.4,119.8,136.1,119.6,90,109.1,118,121.2,124.2,113,109.2,103.7,147.5,106.3,120.7,133.2,126,96.7,101.1,79.3,,75.5
20150330,13,CO,1.5,1.3,1.4,,1.5,1.4,1.4,1.7,1.2,1.3,1.3,,1.2,1.5,1.2,1.2,1.5,1.5,1.1,2.5,1.4,1.7,1.2,1.4,1.3,1.6,,1.2,1.1,1.1,1.5,1.5,1.4,,1.5
20150330,14,SO2,47.7,41.3,40.4,41.5,40.2,43.6,44.1,38.6,37.5,40.9,45.1,44.4,39.9,49.9,37.6,43.4,39.2,37.2,34.6,50.9,44,48.3,30.2,35.9,32,46.3,52,38.8,35.4,65.2,45.9,50.3,51.8,,57.8
20150330,14,NO2,35.3,32.5,37.1,40.6,45,39.1,,84.9,41.4,32.3,31.1,34.3,37.9,27.1,21.6,29.9,38.4,64.7,31.3,46,35.8,38.7,40.3,53.6,63.4,36.5,,,29.7,33.3,48.8,70.4,82.2,,62.3
20150330,14,O3,131.8,160.3,125.3,143.8,140.8,139.4,90.2,74.5,130.9,151,136.7,22.5,108.1,169.3,145.3,162.8,134,99.3,130.4,124,145,140.5,116.7,118.8,107,165.6,116.8,140.9,148.7,140.6,116.4,117.3,96.4,,120.5
20150330,14,CO,1.5,1.3,1.5,,1.5,1.4,1.4,1.6,1.2,1.4,1.4,,1.5,1.4,1,1.1,1.4,1.6,1.3,2.6,1.4,1.6,1.3,1.5,1.4,1.6,1.6,1.1,1,1.3,1.5,1.5,1.6,,1.3
20150330,15,SO2,43.8,38.7,38.1,38.8,37.9,37.6,45.4,40.2,38.4,44.5,50.1,42.7,46,40.2,31.4,39.1,35.2,38.2,34.3,50.8,40.2,43.4,29.4,36.8,31.6,41.9,49.1,35.2,30.6,74.4,45.2,47,51.5,,57
20150330,15,NO2,29.7,27.5,34.6,38.2,41.6,34.4,,72.4,37.1,30.2,31,32.9,40.9,24.7,22,26.9,38.7,58,31.6,44,29.7,31.5,41.3,50,71,33,,,29.4,34.9,52,60.4,79.6,,66
20150330,15,O3,147.7,179.4,138.4,,156.4,157.9,101.6,100.8,148,165.5,146.1,,120.1,186.8,156.4,182.3,145,121.5,138,135.5,167.8,161.9,126.1,139.5,110.6,186.4,137.4,160.1,157.3,156.6,133.7,133.5,107.1,,129.4
20150330,15,CO,1.3,1.2,1.5,1.4,1.5,1.2,1.4,1.5,1.3,1.5,1.6,0.1,1.7,1.2,0.9,1.1,1.4,1.6,1.4,2.4,1.4,1.4,1.3,1.5,1.5,1.5,1.2,1,0.9,1.5,1.5,1.4,1.5,,1.2
20150330,16,SO2,33.3,29.8,32.4,29.6,29.5,29.9,42.9,39.9,35.2,43.2,54.6,43.1,42.8,33.7,28.9,36.5,32.4,37.6,33.7,44.6,32.6,36.7,29.6,35.5,31.9,34.9,41.6,33,28.7,69.9,31.6,36.7,48.5,,49.5
20150330,16,NO2,27,26.2,30.6,,38.7,36.4,,58.3,36.3,34.5,32,,39.2,26.1,24.6,27.6,44,47.3,35,40.1,22.5,29.1,45.7,41.5,70.6,26.5,,,26.8,29.8,,67.5,72.1,,79.7
20150330,16,O3,161.9,190.7,148.8,,161.3,159.9,103,118.9,150.7,171.8,156.1,119.4,130.6,193.1,164.5,189.3,151,141.3,140.1,146.2,188,175.6,131.5,157.3,129.8,202.7,156,153.8,164.6,172.6,128.3,137.1,111.9,,121.2
20150330,16,CO,1.1,1,1.3,1.2,1.2,1.1,1.4,1.5,1.3,1.4,1.7,1,1.6,1.1,0.8,1.1,1.3,1.6,1.5,2.5,1.2,1.2,1.4,1.5,1.5,1.3,1,0.9,0.9,1.4,1.1,1.2,1.3,,1.1
20150330,17,SO2,30.4,26.3,27,24.3,24.2,26.4,41.5,42.1,37.2,32.6,42.8,41.7,29.9,28.7,26.4,36.9,29,33.7,38.2,38.7,29.4,38.6,29.9,31.6,32.5,33.8,37.4,30.2,27.8,62.2,29.2,34,47,,46
20150330,17,NO2,31.2,29.5,32.5,,40.7,38.9,,50.4,35.6,40.5,30.5,,37.7,26.6,22,29.7,38.2,41.4,36.5,40,23.1,37.9,39.4,35.4,62.1,27.2,,,28.9,27,,80.3,82.5,,66
20150330,17,O3,168,192.2,152.7,164.1,162.9,162.4,100.4,127.7,154.3,167.8,166.1,112.2,134.6,198.7,171.9,191.2,168.8,150.2,147,157,190.1,171.2,148.6,169.9,149.1,207.4,167.1,145.6,165.1,175,129.6,128.1,112.8,,138.8
20150330,17,CO,1.1,1,1.2,1.1,1.2,1.1,1.3,1.4,1.3,1.2,1.4,1.1,1.2,1.1,0.8,1.1,1.3,1.5,1.7,3,1.2,1.4,1.4,1.4,1.5,1.3,0.9,0.9,1,1.2,1.2,1.2,1.4,,0.9
20150330,18,SO2,27.4,21.5,22.3,21.9,21.4,25,33.4,37.6,34.3,27.9,35.7,33.9,22.7,29.2,24.4,34.7,35.5,29.3,36,37,27.7,43,29.1,27.7,30.2,36.9,38.3,34.5,25,59.5,26.3,29.9,35.1,,39.3
20150330,18,NO2,39.8,29.4,42.4,48.1,50.6,46.3,,58.1,33.8,61,32.1,41,47.3,30.6,27.6,35.7,48.4,42.5,44.9,46.3,32.6,51.4,37,34.1,70.2,28.7,,,22.6,26.7,83.3,97.5,122.6,,77.1
20150330,18,O3,156.4,175.6,140.9,159.6,146.8,157.6,77.6,112.8,158,143.5,159.7,153.8,124.8,191.6,165.1,184.4,141.5,141.7,141.7,155.7,170.8,152.3,151.9,167.4,138.7,208.1,167.1,134.8,163,170.9,102.2,104.8,73.3,,127.1
20150330,18,CO,1.2,1,1.2,1.2,1.2,1.1,1.3,1.5,1.3,1.2,1.3,1.5,1.1,1.1,0.8,1.1,1.5,1.4,1.6,3.2,1.2,1.6,1.4,1.3,1.5,1.4,1,1,0.9,1.2,1.2,1.3,1.4,,1
20150330,19,SO2,25,17,20.6,17.4,18.9,23,26.7,32.4,25.1,23.9,32.5,29.1,22.2,30.7,22.2,41.9,36,23.9,28.1,45.7,28.6,39.4,24.6,20.4,25.7,35.7,45.7,43.6,21.3,50.7,25,28,34.6,,28.1
20150330,19,NO2,54.3,37.5,63.4,54.4,86.7,57.5,,73.1,36,75.5,35.6,54.6,75.9,55.4,82.1,76,66.5,53,67.5,53.6,48.4,52.7,37.8,30.6,59.8,28,,,37.2,47,112.9,130,147.7,,75.4
20150330,19,O3,132.4,133.7,104.8,117.9,97.7,131.7,48.9,86,131.2,110.5,149.3,133.5,86.9,148.1,98,119.8,113.5,123,110.2,152.5,135.9,145,143.8,142.4,141.6,205.8,169.9,121,131.6,129.3,69.3,61.1,49.3,,100.5
20150330,19,CO,1.4,1.1,1.4,1.2,1.7,1.2,1.4,1.6,1.3,1.3,1.4,1.5,1.2,1.2,1,1.4,1.5,1.5,1.6,3.2,1.5,1.5,1.3,1.3,1.4,1.3,1.2,1.2,0.9,1.3,1.4,1.6,1.8,,1
20150330,20,SO2,24.8,13.2,21.2,15.6,21.6,25.4,24.8,26,20,23,33.9,27,27.9,33.6,27.5,50.5,50.5,20.8,23.7,43.9,24.3,35.3,22.4,16.8,23.3,31.5,38.3,41.7,19.7,57.4,24.8,29.1,32.5,,31.9
20150330,20,NO2,92.9,63.1,126.8,86.5,117.7,95,,76.4,28.6,153.3,51.4,106.2,90,108.7,116.9,78.5,55.8,95.8,89.7,53.2,63.8,52.9,54.6,27.7,147,24.6,,,30.8,84.3,126.3,167.3,168.1,,174.9
20150330,20,O3,78.5,55.1,31,63.3,63.9,74.2,23.9,51.1,124.9,15.1,125.9,59.8,71.3,74.5,58.5,117.4,133.4,63.3,61.3,143.1,97.3,137.3,108.7,128.7,31.6,199.6,170.2,115,109.6,76.3,41.6,3.8,24.6,,5
20150330,20,CO,1.8,1.3,1.8,1.6,2,1.5,1.6,1.8,1.2,1.6,1.6,2,1.6,1.5,1.4,1.5,1.6,1.9,1.7,2.5,1.6,1.5,1.4,1.3,1.4,1.3,1,1.3,0.9,1.5,1.6,2.3,2.1,,2.3
20150330,21,SO2,36.6,31.5,23.7,29.2,30.7,41.9,28.5,24.4,26.5,26.1,33.4,26.2,28.8,40,36.9,50.2,43.9,21.7,21.7,41.6,25.1,36.8,17.3,16,18.3,28.6,39.7,36.2,19.9,63.8,35.4,40.5,32.4,,36.3
20150330,21,NO2,85,105,122.8,97.5,137.1,98.8,,93.8,29.2,172.5,38,150.2,103.4,102.4,55,70.9,48.8,57.3,85.8,41.9,72.9,56.6,89,24.3,103.5,22.9,,,27.4,70.3,123.1,120.3,175.7,,165.3
20150330,21,O3,83.6,65.6,31.3,78.3,44.9,83.3,2,18.6,132.7,2,134.2,11,45.4,75.5,112.9,113.8,137.5,90.1,45.5,152.6,68.6,122.5,45,127.1,60.6,191.6,164.4,100.4,83.8,71.7,45.3,61.3,14.9,,23.6
20150330,21,CO,1.8,1.7,2,1.8,1.9,1.7,2,1.8,1.2,2.1,1.4,2.4,1.7,1.6,1.3,1.7,1.6,1.6,1.7,2.6,1.8,1.6,1.8,1.2,1.3,1.3,1,1.7,1,1.5,1.8,1.9,2.2,,2
20150330,22,SO2,41.3,37.5,35.5,37.7,39.3,42.6,32.6,27.4,29.8,31.9,28.6,26.4,28.3,45,30.1,42.8,37.8,35.3,25.1,45.6,22.9,22.5,15,17.8,13.5,28.3,42.9,32.5,28.9,54.7,40.7,42.3,37.1,,38.9
20150330,22,NO2,63.6,64.9,69.6,73.9,73.9,64.1,,112.8,43.4,108.9,78.8,117,132.9,69,46.9,54.1,49.4,41.9,70.2,32.5,49.7,84.3,120,26.1,64.3,23.3,,,51.3,78.6,128.8,100.9,117.9,,132.7
20150330,22,O3,102.9,118.6,83.2,112.7,104.9,112.8,2,8.3,104.8,53.2,65.6,28.1,16.5,108.8,109.8,126.5,124,125.8,65,161.9,82.2,48.6,11.2,118.7,86.2,186.8,153.5,94.7,76.7,49.9,39.4,77.4,52.3,,51.2
20150330,22,CO,1.8,1.6,1.7,1.6,1.8,1.7,2,2,1.3,1.8,1.7,1.9,1.9,1.5,1.6,1.4,1.4,1.6,1.6,2.8,1.7,1.8,2,1.3,1.2,1.3,1.3,1.6,1.3,1.5,1.9,1.8,1.8,,1.8
20150330,23,SO2,33.2,30.8,32.6,33.7,32.3,33.4,32.6,26.5,29.9,36.1,26.2,28.9,26.9,40.9,25.7,36.8,38.1,31.4,24.9,44.2,23,24.4,15.9,18.1,19.4,19.3,40.9,29.7,28.8,53.1,36.8,37.5,39.1,,35.9
20150330,23,NO2,58.9,61.6,56.7,60.3,67.9,54.5,,95.4,56.5,67.5,115.3,90.3,152,70.3,45.1,51.3,43.7,34.8,54.6,34.9,34.9,80.8,88.6,33.4,75.9,23.2,,,54.1,77.8,107.4,84.3,81.2,,123.5
20150330,23,O3,96,115,92.4,120.5,108,115.1,29.3,19.2,83.3,94.9,28.2,46.2,3.7,95.2,104.1,112.1,123.2,137.9,76.1,139.4,96.7,51.3,36.7,95.5,77.2,152.8,131.5,88.9,60.8,43.3,49.5,88.8,78.2,,54.4
20150330,23,CO,1.7,1.6,1.7,1.7,1.6,1.4,1.8,2,1.4,1.6,1.8,1.7,1.8,1.8,1.4,1.2,1.5,1.4,1.5,3.8,1.6,1.7,1.7,1.3,1.3,1.3,1.6,1.5,1.4,1.5,1.8,1.8,1.6,,1.4
