date,hour,type,dongsi,tiantan,guanyuan,wanshouxigong,aotizhongxing,nongzhanguan,wanliu,beibuxingqu,zhiwuyuan,fentaihuayuan,yungang,gucheng,fangshan,daxing,yizhuang,tongzhou,shunyi,changping,mengtougou,pinggu,huairou,miyun,yanqing,dingling,badaling,miyunshuiku,donggaocun,yongledian,yufa,liulihe,qianmeng,yongdingmengxi,xizhimengbei,nansanhuan,dongsihuan
20150725,0,SO2,2,4,3,3,6,3,2,5,2,6,2,2,3,2,2,6,2,2,6,2,2,2,2,2,2,2,2,3,2,5,2,7,7,6,4
20150725,0,NO2,41,36,48,51,115,80,75,28,25,59,27,56,27,39,50,61,43,11,23,11,7,15,15,9,101,5,23,36,15,36,63,78,71,112,123
20150725,0,O3,75,60,72,44,10,40,11,20,58,62,66,72,88,60,68,49,34,78,69,84,50,64,78,60,2,53,54,54,37,32,45,37,50,13,2
20150725,0,CO,1.6,1.5,1.5,1.6,1.2,1.5,1,0.6,0.7,1.6,1.1,1.5,1.3,1.4,1.9,1,0.7,0.4,0.7,0.7,0.6,0.6,0.4,0.6,0.8,0.5,0.9,0.6,1.2,0.9,1.5,1.6,1.2,1.8,1.8
20150725,1,SO2,2,4,3,3,6,2,2,5,2,6,2,2,2,2,2,6,2,2,6,2,,2,2,2,3,2,3,3,2,5,2,6,7,4,4
20150725,1,NO2,41,48,73,54,116,83,66,26,37,63,30,70,29,42,62,60,44,8,23,10,7,23,15,10,96,5,25,39,17,43,77,67,121,96,114
20150725,1,O3,68,46,32,33,2,27,10,15,58,47,49,29,73,48,43,40,22,80,60,80,41,51,69,41,2,52,57,37,42,14,27,38,10,17,2
20150725,1,CO,1.5,1.6,1.4,1.6,1,1.8,0.9,0.6,0.6,1.7,1.2,1.3,1.2,2,1.3,1.3,0.7,0.5,0.6,0.7,0.6,0.6,0.5,0.6,0.8,0.5,0.8,0.7,1,0.9,1.6,1.6,1.3,1.7,1.8
20150725,2,SO2,2,6,2,3,6,3,2,4,2,7,2,2,3,2,2,6,2,2,2,2,,2,2,2,4,2,3,2,9,5,3,6,3,5,4
20150725,2,NO2,66,75,80,50,108,58,64,27,32,63,34,51,41,40,64,41,50,11,24,9,6,22,16,14,91,4,16,55,16,61,82,86,93,81,101
20150725,2,O3,32,25,18,34,2,38,4,12,49,46,43,24,51,42,30,53,14,67,31,85,30,39,58,40,2,46,44,15,32,3,12,5,20,22,4
20150725,2,CO,1.7,1.5,1.3,1.7,1,1.5,0.8,0.6,0.6,1.9,1.4,1,1.4,1.8,1.3,1,0.8,0.5,0.5,0.7,,0.6,0.5,0.6,0.7,0.5,0.8,0.8,0.9,0.9,1.5,1.7,1.4,1.8,1.6
20150725,3,SO2,2,4,2,2,5,3,2,4,2,7,2,2,3,2,2,6,2,2,2,2,2,2,2,2,3,2,2,2,2,5,2,4,7,4,4
20150725,3,NO2,57,66,77,59,97,49,60,26,27,54,29,54,54,64,59,37,48,21,20,12,4,21,21,16,87,4,15,52,16,47,85,81,120,79,95
20150725,3,O3,31,15,12,15,2,40,4,7,62,47,40,22,26,6,28,48,13,47,3,70,,36,65,31,2,41,45,8,27,2,8,2,2,14,2
20150725,3,CO,1.6,1.5,1.1,1.8,0.9,1.6,0.8,0.6,0.6,1.7,1.4,0.2,1.5,1.7,1.3,0.9,0.8,0.5,0.1,0.7,,0.6,0.6,0.6,0.7,0.5,0.7,0.8,1.2,0.9,1.5,1.5,0.9,1.4,1.5
20150725,4,SO2,2,3,2,2,5,2,2,5,2,6,2,2,3,2,2,6,2,2,2,2,2,2,2,2,2,2,2,2,2,5,2,4,9,6,7
20150725,4,NO2,85,60,73,68,85,54,53,33,27,76,48,39,66,67,76,68,43,21,18,12,,28,22,12,73,6,10,54,15,44,88,83,111,98,93
20150725,4,O3,4,4,5,5,2,14,,3,59,2,11,37,13,2,6,2,13,42,33,69,,15,58,38,2,39,45,2,16,4,2,2,,2,2
20150725,4,CO,1.4,1.5,0.9,1.6,1,1.6,0.8,0.6,0.6,1.1,0.9,0.3,1.5,1.7,1.5,1,0.7,0.5,0.4,0.8,0.5,0.6,0.6,0.6,0.7,0.5,0.7,0.9,1.2,0.9,1.4,1.6,0.8,1.6,1.6
20150725,5,SO2,2,4,2,2,5,2,2,6,2,5,2,2,3,2,2,5,2,2,2,2,2,2,2,2,2,2,2,2,2,5,2,3,3,5,6
20150725,5,NO2,86,53,68,73,74,79,49,43,30,67,35,52,63,63,82,60,41,18,,12,,17,23,11,35,11,8,58,13,33,84,82,97,95,84
20150725,5,O3,2,3,2,3,5,2,7,3,49,2,15,17,10,5,4,5,9,38,41,54,22,32,40,32,2,26,58,2,6,6,2,2,2,2,2
20150725,5,CO,1.5,1.4,1,1.1,0.9,1.6,0.8,0.7,0.6,0.8,0.7,0.2,1.6,1.7,1.4,1,0.6,0.5,0.5,0.8,0.7,0.6,0.5,0.6,0.7,0.6,0.6,0.8,1.4,1,1.2,1.2,0.9,1.3,1.6
20150725,6,SO2,2,3,2,2,5,2,2,6,2,6,2,2,3,3,2,5,2,2,2,2,2,2,2,2,2,2,2,2,2,5,2,4,5,7,6
20150725,6,NO2,80,59,67,73,67,75,52,37,22,72,28,53,65,67,67,66,34,20,12,14,15,28,30,13,41,9,7,50,13,27,82,88,96,101,82
20150725,6,O3,2,3,3,2,11,2,2,3,38,2,18,20,5,2,14,7,18,35,44,52,21,15,35,30,2,28,54,2,2,8,2,2,2,2,2
20150725,6,CO,1.6,1.3,1.2,1.3,0.8,1.5,0.9,0.7,0.7,1,0.7,0.3,1.4,1.8,1.2,1,0.6,0.5,0.6,0.8,0.6,0.6,0.6,0.6,0.7,0.5,0.6,0.9,1.5,0.9,1.5,1.4,1,1.3,1.5
20150725,7,SO2,2,4,2,2,6,2,2,6,2,6,2,2,3,3,2,6,2,2,2,2,2,2,2,2,3,2,2,2,2,5,2,5,5,10,5
20150725,7,NO2,73,71,59,73,73,72,38,36,21,68,34,51,62,61,64,79,35,30,12,22,14,24,34,11,47,4,8,51,23,33,79,90,84,123,84
20150725,7,O3,8,7,13,8,13,6,24,3,28,2,11,27,5,3,20,2,22,26,41,54,21,25,37,32,2,38,68,6,8,4,2,2,8,2,2
20150725,7,CO,1.4,1.6,1.2,1.5,0.7,1.3,0.9,0.7,0.7,1.3,0.8,0.3,0.9,1.9,1.1,1.1,0.7,0.5,0.6,0.9,0.7,0.7,0.7,0.6,0.8,0.6,0.6,0.9,1.5,1,1.5,1.7,0.9,1.6,1.3
20150725,8,SO2,2,7,4,3,6,4,3,4,2,7,2,2,3,5,5,9,2,2,2,2,2,2,3,2,5,2,5,2,2,5,2,5,4,7,3
20150725,8,NO2,63,76,53,68,38,70,33,33,21,57,37,44,55,77,60,78,35,48,14,21,10,15,37,11,30,4,16,47,40,50,74,88,94,126,86
20150725,8,O3,26,25,34,22,58,21,45,9,55,22,28,47,20,17,48,10,24,22,41,66,42,47,35,43,25,51,67,26,23,15,17,12,15,3,6
20150725,8,CO,1.3,1.4,1.2,1.5,0.6,1.2,1,0.7,0.7,1.4,0.8,0.4,0.8,1.9,1.1,1.1,0.7,0.6,0.6,0.9,0.7,0.7,0.6,0.7,0.7,0.6,0.6,0.9,1.6,1,1.3,1.6,0.9,1.8,1.1
20150725,9,SO2,2,8,5,4,6,6,4,2,3,8,2,2,3,7,6,13,2,2,2,4,2,2,3,2,4,2,6,2,2,5,2,7,6,7,2
20150725,9,NO2,67,67,46,61,38,55,30,26,30,65,32,42,54,79,47,85,39,51,20,20,17,12,34,19,24,5,21,30,41,40,80,83,73,137,84
20150725,9,O3,42,59,68,48,77,65,75,29,66,44,71,70,47,42,86,33,33,40,57,92,61,68,58,55,57,70,66,79,73,50,32,41,41,17,33
20150725,9,CO,1.4,1.5,1.4,1.5,0.9,1.3,1,0.7,0.8,1.4,1,0.4,0.9,1.8,1.1,1.2,0.8,0.6,0.8,0.9,0.8,0.7,0.7,0.7,0.7,0.7,0.7,0.7,1.6,0.9,1.4,1.5,0.9,1.9,1.3
20150725,10,SO2,2,8,5,4,7,7,3,5,3,9,2,2,3,7,6,13,2,2,2,5,2,2,2,2,4,3,6,4,2,5,3,6,6,6,2
20150725,10,NO2,60,60,43,67,49,42,28,26,34,59,31,33,56,76,45,80,36,46,20,24,16,15,24,25,22,4,39,29,32,40,82,77,95,164,71
20150725,10,O3,83,108,111,73,101,123,118,39,86,106,119,120,93,87,127,74,61,70,96,113,89,87,110,68,90,74,55,121,146,83,71,80,60,31,86
20150725,10,CO,1.5,1.5,1.5,1.6,1.2,1.5,1,0.7,0.8,1.5,1,0.4,1.1,1.9,1.2,1.2,0.9,0.7,0.8,0.9,0.7,0.7,0.7,0.7,0.7,0.7,0.8,1.1,1.7,1,1.4,1.6,1.2,1.9,1.5
20150725,11,SO2,2,8,4,4,8,6,4,5,2,9,2,2,3,6,4,13,2,2,2,7,3,4,2,2,11,3,9,5,2,5,3,5,6,5,2
20150725,11,NO2,56,65,52,74,57,49,33,34,24,79,32,36,54,46,48,51,41,31,21,20,12,18,16,26,21,4,30,23,29,27,89,92,92,176,60
20150725,11,O3,131,152,158,100,140,161,167,53,146,132,171,166,134,152,166,155,110,111,146,151,119,116,135,90,111,91,97,171,196,128,115,109,101,56,137
20150725,11,CO,1.5,1.5,1.5,1.6,1.2,1.6,1.2,0.8,0.9,1.6,1.1,0.5,1.1,1.6,1.1,1.1,1,0.6,1,1,0.9,0.9,0.6,0.8,0.7,0.8,0.8,1,1.5,1,1.4,1.6,1.3,1.8,1.3
20150725,12,SO2,2,7,3,3,7,5,3,6,2,9,2,2,3,5,5,11,2,2,2,6,3,3,5,2,7,4,7,5,2,6,3,6,7,6,2
20150725,12,NO2,56,53,58,56,54,52,38,29,30,44,32,32,39,22,44,35,33,15,19,17,14,14,14,28,22,4,17,20,19,17,83,81,127,155,93
20150725,12,O3,179,201,200,138,205,214,221,83,201,213,200,232,183,199,235,228,166,168,209,188,149,157,155,112,131,113,157,212,211,151,163,162,119,102,166
20150725,12,CO,1.4,1.3,1.4,1.4,1.2,1.4,1.3,0.8,1,1.2,0.9,0.6,0.9,1.1,1.1,1,1.1,0.6,1.1,1,1,0.9,0.6,0.8,0.7,0.9,0.7,1,1.1,1.1,1.4,1.4,1.3,1.5,1.4
20150725,13,SO2,2,6,2,3,7,4,3,6,2,8,2,2,3,4,3,10,2,2,2,6,2,3,6,2,2,4,5,4,2,6,2,4,4,8,2
20150725,13,NO2,33,25,34,26,48,40,28,28,25,25,21,23,37,16,24,29,30,11,17,14,11,11,12,17,23,5,10,15,12,13,55,42,109,134,74
20150725,13,O3,225,246,252,175,238,261,281,119,243,246,216,248,157,209,250,273,229,204,224,224,173,179,167,138,180,141,191,219,201,159,211,207,163,128,226
20150725,13,CO,1.2,1,1.2,1.1,1,1.1,1.1,0.9,1,1.1,0.8,0.4,,0.9,0.9,1,1.1,0.7,1,1,0.9,0.8,0.6,0.8,0.8,1.1,0.7,1,1,1.3,1.1,1,1.1,1.2,1.1
20150725,14,SO2,2,5,2,2,7,3,2,3,2,8,2,2,3,4,2,9,2,2,2,6,2,2,5,2,2,5,5,4,2,6,2,3,3,7,2
20150725,14,NO2,18,17,21,24,25,29,23,26,20,19,19,18,28,15,18,20,30,13,14,15,16,13,14,16,27,6,11,14,10,11,44,40,78,113,52
20150725,14,O3,227,235,242,166,254,250,275,142,242,233,217,241,191,214,235,267,283,249,217,244,222,213,163,149,204,158,214,220,193,157,204,198,173,137,230
20150725,14,CO,0.9,0.8,0.9,0.9,0.7,0.9,1,0.9,0.9,1,0.7,0.3,0.7,1,0.8,0.8,1.1,0.8,1.1,1,1,0.9,0.6,0.8,0.9,1,0.7,0.7,0.9,1.3,0.9,0.9,0.9,1,0.8
20150725,15,SO2,2,4,2,2,7,2,2,5,2,8,2,2,3,3,2,8,2,2,2,4,3,2,5,2,2,5,3,4,2,5,2,3,5,6,2
20150725,15,NO2,16,15,22,22,24,26,17,21,15,18,26,18,29,15,17,16,29,19,12,15,21,16,9,20,30,8,13,14,11,9,45,32,63,128,46
20150725,15,O3,218,237,240,169,242,249,265,137,226,238,207,237,183,209,231,246,312,294,199,251,293,258,170,188,214,192,229,228,207,149,205,200,173,125,218
20150725,15,CO,0.8,0.8,0.9,0.9,0.7,0.8,0.9,0.8,0.8,0.9,0.5,0.2,0.7,0.9,0.8,0.7,1.1,1,0.9,0.9,1.1,1,0.6,1,0.9,1.1,0.7,0.6,0.9,1.3,0.8,0.8,0.8,1.1,0.7
20150725,16,SO2,2,4,2,2,7,2,2,5,2,7,2,2,2,2,2,7,2,2,2,2,4,2,4,2,2,5,2,3,2,5,2,2,2,5,2
20150725,16,NO2,17,15,19,20,27,24,21,27,12,19,46,16,33,15,15,17,25,20,14,14,26,23,19,25,33,10,13,15,12,8,47,35,72,105,32
20150725,16,O3,214,229,242,164,238,242,246,130,208,232,189,209,180,197,206,234,273,319,186,256,357,304,185,236,268,239,231,227,217,159,195,190,163,130,226
20150725,16,CO,0.9,0.8,0.9,0.9,0.6,0.8,0.9,0.8,0.7,0.9,0.4,0.2,0.7,0.8,0.7,0.7,1,1,0.8,0.9,1.2,1,0.7,1.2,1,1.2,0.9,0.6,0.9,1.4,0.9,0.9,0.8,1,0.6
20150725,17,SO2,2,4,2,2,7,2,2,5,2,7,2,2,2,3,2,6,2,2,2,2,3,2,2,2,2,5,2,2,2,5,2,2,2,5,2
20150725,17,NO2,14,14,18,19,29,21,19,21,10,22,13,18,30,16,15,14,23,10,14,16,23,23,18,27,46,12,14,13,10,9,49,35,59,110,21
20150725,17,O3,191,207,226,150,219,216,231,110,192,208,197,197,185,200,204,204,233,243,175,267,336,315,240,242,300,275,252,217,218,182,174,168,157,111,202
20150725,17,CO,0.8,0.8,0.9,0.8,0.6,0.8,0.8,0.7,0.6,0.9,0.5,0.2,0.8,0.9,0.7,0.6,0.8,0.6,0.8,1.2,1.1,1,0.9,1.2,1.1,1.2,1,0.5,1,1.5,0.8,0.8,0.7,1,0.5
20150725,18,SO2,2,4,2,2,7,2,2,3,2,7,2,2,2,4,2,6,2,2,2,2,2,2,2,2,2,5,2,2,2,5,2,2,6,4,2
20150725,18,NO2,15,15,19,21,29,23,19,19,11,21,17,22,37,19,16,17,23,8,19,20,21,22,31,18,61,12,12,15,9,11,44,35,85,121,19
20150725,18,O3,185,208,218,152,208,205,217,98,180,216,226,207,212,200,218,206,197,196,172,251,261,268,289,173,279,270,219,222,227,191,186,175,128,113,192
20150725,18,CO,0.9,0.8,1,1,0.6,0.8,0.9,0.7,0.7,1,0.7,0.5,1,1,0.7,0.6,0.8,0.5,1,1.1,0.9,1,1,0.8,1.1,1.2,0.8,0.5,1,1.3,0.9,0.9,0.8,1,0.5
20150725,19,SO2,2,5,2,2,7,2,3,3,2,8,2,2,2,13,2,6,2,2,2,2,2,2,2,2,2,4,2,2,2,5,2,2,3,4,2
20150725,19,NO2,19,16,23,24,35,26,21,19,14,30,19,27,42,21,20,21,28,14,21,20,27,27,34,16,55,10,11,17,10,12,54,46,85,122,23
20150725,19,O3,181,204,216,144,206,208,231,90,205,198,247,239,222,189,202,195,170,175,211,220,205,223,297,139,240,218,168,199,229,172,172,156,124,102,196
20150725,19,CO,1,0.9,1.1,1.1,0.8,1,1.1,0.8,0.9,1.1,0.8,0.5,1,1.1,0.8,0.6,0.7,0.6,1,1,0.9,1,1,0.7,1,1.1,0.7,0.6,1,1.1,1,1,1,1.2,0.7
20150725,20,SO2,2,9,2,4,10,5,6,3,2,9,2,2,3,7,3,7,2,2,2,2,2,2,2,2,2,4,2,2,2,5,4,5,7,4,2
20150725,20,NO2,20,23,27,27,30,34,26,27,16,27,21,29,32,24,25,30,41,22,29,24,28,23,27,14,94,10,15,20,13,14,63,45,91,127,40
20150725,20,O3,162,176,193,132,199,189,203,82,179,182,213,228,173,184,191,167,142,156,200,190,156,200,250,97,127,192,148,171,172,130,144,136,107,79,163
20150725,20,CO,1.1,1,1.2,1.1,0.9,1.1,1.1,0.9,0.9,1.1,0.8,0.6,0.9,1,0.9,0.7,0.9,0.8,1.1,1,0.9,0.9,0.8,0.7,1,1.1,0.7,0.6,1,0.9,1.1,1.1,1.1,1.3,0.9
20150725,21,SO2,2,7,2,2,10,5,5,2,2,8,2,2,2,6,2,12,2,2,2,2,2,2,2,2,2,3,2,2,2,5,3,4,5,4,2
20150725,21,NO2,23,28,29,34,39,33,35,35,17,33,21,34,28,30,24,35,43,29,33,24,26,22,27,13,132,10,20,28,16,19,68,77,67,132,58
20150725,21,O3,150,167,181,120,173,181,171,62,155,166,148,151,149,169,187,149,119,123,162,164,120,180,200,95,30,177,112,133,140,109,132,106,110,64,137
20150725,21,CO,1.1,1,1.1,1.2,0.9,1.1,1.1,1,0.9,1.1,0.9,0.6,0.9,1.1,0.9,0.8,0.9,0.9,1.1,1,1,1,0.8,0.7,1,1.2,0.7,0.6,1,0.9,1,1.1,0.9,1.3,1
20150725,22,SO2,2,6,2,2,8,4,5,4,2,7,2,2,2,6,2,12,2,2,2,2,2,2,2,2,2,3,2,2,2,5,2,4,7,4,2
20150725,22,NO2,28,35,27,38,45,37,30,32,27,43,23,39,30,33,26,37,45,24,52,24,25,21,33,12,81,9,19,35,20,18,66,69,67,131,56
20150725,22,O3,130,139,174,106,153,161,169,41,84,136,123,129,133,149,170,139,97,119,97,148,99,159,157,95,57,164,135,105,127,74,114,98,102,49,136
20150725,22,CO,1.1,1.1,1.1,1.2,1,1.1,1.1,1,0.9,1.1,1,0.6,0.9,1.1,0.8,0.8,1,0.9,1.2,1.1,1,0.9,0.8,0.8,0.9,1.1,0.9,0.7,1.1,0.8,1.1,1.2,0.9,1.4,0.9
20150725,23,SO2,2,7,2,2,9,4,5,4,2,7,2,2,2,6,2,9,2,2,2,2,2,2,2,2,2,3,3,2,2,5,3,4,5,3,2
20150725,23,NO2,33,42,32,28,34,39,31,44,22,36,23,45,31,39,28,42,44,17,55,22,23,26,43,13,86,9,19,37,17,19,62,68,65,96,39
20150725,23,O3,116,123,158,114,169,147,152,19,97,128,111,106,122,122,145,120,88,114,69,135,79,133,125,88,41,144,147,81,172,101,115,88,103,81,135
20150725,23,CO,1.2,1.1,1.1,1.2,1,1.1,1.1,1,0.9,1.1,1,0.6,1,1.1,0.9,0.8,1,0.8,1.2,1.1,1.1,1,0.8,0.8,0.9,1,1.1,0.9,1.4,0.9,1.1,1.2,0.9,1.2,0.9
20150725,0,PM2.5,88,69,93,75,77,61,62,46,66,73,69,95,90,67,76,69,46,28,48,44,29,171,17,31,76,21,72,78,53,79,84,76,73,91,77
20150725,0,PM10,100,71,94,90,107,100,83,54,,84,105,140,,84,,90,74,38,83,54,,,18,35,,,,,,98,98,99,101,128,164
20150725,0,AQI,89,85,85,81,82,74,67,48,59,72,62,68,66,73,84,93,89,57,87,95,65,128,42,54,74,43,116,110,88,63,84,82,78,86,85
20150725,1,PM2.5,82,81,86,91,75,68,54,46,66,77,73,87,85,76,86,80,54,35,48,61,30,211,21,32,79,19,77,76,53,78,84,79,74,83,79
20150725,1,PM10,90,,98,,113,102,57,51,,116,117,,,82,89,,73,38,79,,30,,30,,,,,,,81,97,82,131,105,139
20150725,1,AQI,90,86,87,82,84,75,69,49,61,74,64,69,69,73,85,92,90,57,85,94,65,137,40,54,76,43,115,109,88,66,85,82,79,87,85
20150725,2,PM2.5,91,97,74,77,76,76,46,44,62,78,75,59,91,81,82,64,62,35,50,54,28,,25,34,85,16,71,78,50,72,91,85,71,92,88
20150725,2,PM10,99,,101,,129,87,67,45,,,106,,,85,,,66,46,86,55,30,,33,43,,17,,,,87,100,94,116,,129
20150725,2,AQI,92,88,88,83,86,76,69,50,63,75,65,71,73,76,85,92,90,57,83,93,65,13,40,53,79,43,114,108,88,67,87,84,80,89,85
20150725,3,PM2.5,97,89,80,93,79,80,53,45,64,81,74,56,89,95,75,68,72,44,42,49,35,,41,36,81,17,69,83,52,64,94,82,67,86,89
20150725,3,PM10,,,81,,85,,70,46,,103,99,89,,103,,,77,45,69,59,,,54,41,,20,,,,78,,85,99,,120
20150725,3,AQI,95,90,91,86,88,79,71,49,64,75,66,73,76,80,85,91,91,58,80,91,65,12,41,54,81,42,113,107,88,69,90,86,82,92,86
20150725,4,PM2.5,91,86,56,76,67,77,56,49,70,65,59,63,95,84,70,72,57,50,36,68,34,,43,45,65,18,67,82,47,69,91,89,60,94,89
20150725,4,PM10,106,,74,,103,,80,53,,,71,69,,,,91,,,60,,,,47,70,,24,,,,85,127,94,96,128,123
20150725,4,AQI,97,92,91,87,90,81,72,50,66,77,67,73,80,83,85,91,91,58,78,90,65,14,42,54,82,42,111,106,88,71,92,88,83,95,89
20150725,5,PM2.5,88,80,69,40,77,83,58,52,85,60,42,64,103,80,76,81,42,53,34,62,37,3,32,42,67,28,63,82,44,62,83,76,65,78,85
20150725,5,PM10,114,,84,58,78,90,79,62,,79,63,65,,,,,,,64,,,30,,,,32,,85,,,117,,109,80,131
20150725,5,AQI,99,94,94,87,92,83,74,52,69,78,68,75,84,85,85,90,90,59,77,89,65,203,42,54,83,43,109,105,87,73,94,90,85,96,91
20150725,6,PM2.5,99,75,82,32,80,71,69,52,86,64,40,68,96,89,82,84,38,55,27,64,32,,38,49,73,24,52,79,45,60,88,77,70,79,84
20150725,6,PM10,122,,94,86,84,94,93,55,,165,66,83,,101,,85,39,,48,,,,,,,26,,79,,70,177,116,116,113,129
20150725,6,AQI,101,96,96,87,94,85,76,53,71,80,68,78,88,88,86,91,89,60,74,89,64,14,43,55,84,42,107,104,87,75,96,92,87,98,92
20150725,7,PM2.5,97,90,94,66,75,81,72,61,92,79,44,79,76,86,89,91,48,52,23,71,37,3,54,52,93,16,62,88,44,69,95,90,76,93,88
20150725,7,PM10,107,,97,105,78,100,72,86,,114,114,92,82,125,95,150,50,63,47,75,42,43,68,81,,21,,,81,221,184,129,120,159,129
20150725,7,AQI,104,97,100,88,96,86,79,55,74,83,69,81,90,91,88,92,89,61,73,88,63,212,44,55,87,42,105,103,87,77,98,94,90,100,94
20150725,8,PM2.5,99,105,90,94,68,88,73,79,92,91,60,84,73,96,90,106,53,66,24,86,41,,44,53,65,34,62,96,73,99,102,100,73,106,90
20150725,8,PM10,104,,90,103,,112,73,,,123,88,89,84,116,,152,66,68,54,95,45,,53,,,34,,98,118,106,112,113,103,148,122
20150725,8,AQI,106,100,103,91,98,89,81,58,77,86,70,84,93,93,88,95,88,62,71,87,62,34,44,56,88,42,104,102,87,81,101,97,92,102,96
20150725,9,PM2.5,107,115,97,94,75,95,74,81,90,102,72,89,90,104,94,102,60,78,37,75,53,,60,64,62,41,76,96,98,96,111,107,77,120,95
20150725,9,PM10,114,,,110,93,104,82,,,154,109,101,94,156,113,156,70,90,79,80,60,,74,72,,,,,,,146,126,98,153,107
20150725,9,AQI,108,103,104,92,98,90,83,60,80,89,71,86,96,95,89,96,87,63,71,86,62,34,45,58,90,41,103,101,88,84,104,99,93,105,97
20150725,10,PM2.5,124,141,110,137,92,107,81,80,94,115,77,89,108,117,103,108,65,86,50,79,52,,61,68,56,41,85,92,101,105,121,124,91,137,97
20150725,10,PM10,126,,,,113,124,94,,,165,119,103,,184,115,155,68,112,93,86,64,,66,87,,43,94,,,114,139,126,140,167,
20150725,10,AQI,109,105,106,96,98,91,84,62,83,92,71,88,99,98,90,96,86,65,71,86,60,34,46,59,91,40,102,99,88,88,105,101,93,108,97
20150725,11,PM2.5,139,138,126,119,111,119,104,87,99,124,89,104,110,103,100,106,84,92,76,66,64,94,50,86,31,43,85,90,102,100,127,129,111,138,115
20150725,11,PM10,,,,131,,136,107,95,,183,142,143,200,114,125,117,88,104,126,,72,,,,,45,,,114,106,132,133,155,160,131
20150725,11,AQI,110,105,105,96,99,92,85,65,85,95,73,91,102,99,90,95,85,66,72,84,59,252,46,62,91,38,101,97,96,91,106,101,93,109,98
20150725,12,PM2.5,144,131,133,121,127,129,120,93,105,111,79,120,91,70,116,94,101,85,81,56,75,3,39,88,65,49,85,92,89,87,129,120,118,114,122
20150725,12,PM10,,,,,,,131,95,,145,134,132,,,126,104,,,126,90,105,92,43,102,,57,,,111,110,135,,148,,130
20150725,12,AQI,112,107,107,98,103,108,111,68,101,107,100,117,104,99,118,114,83,68,105,85,60,245,49,64,93,38,101,107,106,93,108,103,94,110,98
20150725,13,PM2.5,118,94,117,87,117,115,110,94,96,90,65,91,75,61,87,99,115,80,69,70,61,,35,75,127,55,72,81,81,66,96,87,110,84,118
20150725,13,PM10,,,,,,,110,,102,,,94,,,,99,,87,107,84,75,,41,80,128,,,,,,,,127,,
20150725,13,AQI,115,123,126,100,119,131,141,71,122,123,109,125,105,105,126,137,115,102,113,113,67,74,59,64,99,44,100,110,101,94,110,105,95,111,113
20150725,14,PM2.5,82,70,72,64,85,70,97,90,83,67,52,70,65,68,62,77,130,89,65,70,96,3,35,67,84,49,75,63,64,58,79,64,79,67,72
20150725,14,PM10,,,,65,,,,91,85,103,94,,,112,76,,,93,99,98,,77,47,80,99,58,,,80,,,,95,,
20150725,14,AQI,117,118,121,101,128,126,138,75,122,117,109,121,105,108,118,134,142,125,109,122,112,246,54,64,102,50,108,111,91,94,113,106,97,112,115
20150725,15,PM2.5,71,68,72,73,65,63,77,78,61,68,45,71,73,68,67,70,113,110,56,74,102,,22,79,74,64,84,63,74,56,74,68,65,78,60
20150725,15,PM10,71,78,79,79,93,82,,,69,80,75,87,,101,74,87,,,93,92,,92,,108,79,73,,65,,85,84,88,101,109,72
20150725,15,AQI,119,119,121,103,121,125,133,77,113,119,104,119,106,105,116,123,157,148,99,126,147,129,63,86,107,91,115,115,104,94,114,107,98,114,109
20150725,16,PM2.5,78,76,74,68,76,66,75,63,56,70,35,53,57,59,54,67,88,116,48,69,129,,28,108,80,81,94,68,81,62,73,72,71,78,58
20150725,16,PM10,90,99,89,83,100,80,113,76,58,114,53,,77,79,79,103,,118,84,102,145,120,71,139,96,86,,78,103,64,99,95,127,109,76
20150725,16,AQI,120,115,122,104,119,121,124,79,105,117,87,105,107,100,103,118,137,160,83,129,179,153,82,119,135,120,116,114,109,95,115,108,99,114,113
20150725,17,PM2.5,75,70,73,64,69,60,70,54,43,64,41,48,69,65,49,62,74,72,46,88,110,,49,120,89,94,98,63,93,83,72,60,70,72,56
20150725,17,PM10,85,82,96,85,93,85,89,73,60,110,93,100,76,102,88,88,89,,88,108,116,100,105,145,108,100,,68,108,140,87,85,137,91,80
20150725,17,AQI,121,113,114,104,110,108,116,80,99,105,96,102,108,101,102,102,117,122,73,134,168,158,120,122,151,138,126,109,109,98,116,108,100,115,104
20150725,18,PM2.5,77,85,72,78,72,63,69,51,48,70,67,71,92,87,73,68,64,58,59,81,81,,74,66,85,90,88,64,102,112,80,73,68,91,55
20150725,18,PM10,103,103,100,114,174,92,,74,69,88,150,140,116,142,123,111,78,,108,123,93,87,112,81,103,92,,78,,153,110,110,122,135,83
20150725,18,AQI,121,114,112,105,106,103,109,81,99,108,114,104,110,103,109,103,97,95,73,126,131,134,145,75,140,135,110,111,114,101,116,109,100,117,104
20150725,19,PM2.5,110,108,95,100,94,89,89,60,74,93,89,107,122,113,98,76,57,57,85,93,84,,85,54,72,72,83,75,87,119,107,99,86,108,78
20150725,19,PM10,136,118,128,138,126,125,149,85,104,219,192,201,135,170,146,133,76,78,144,114,121,98,107,57,83,82,,92,95,,143,137,152,165,128
20150725,19,AQI,124,117,114,107,107,105,116,83,103,106,124,120,114,106,103,103,92,83,106,111,103,112,149,77,120,109,99,102,115,105,119,112,102,120,106
20150725,20,PM2.5,141,133,140,141,132,122,122,81,95,120,93,135,124,100,118,88,72,75,107,80,84,,70,52,68,72,80,78,88,116,138,132,123,130,110
20150725,20,PM10,171,146,175,162,229,159,209,116,119,191,167,206,162,119,138,134,108,103,176,114,107,97,76,73,82,84,,98,105,160,175,166,236,182,154
20150725,20,AQI,128,122,118,112,111,108,103,86,102,110,107,114,117,109,107,105,92,85,100,89,78,101,126,79,98,91,100,103,95,107,124,116,105,123,110
20150725,21,PM2.5,135,127,130,129,148,123,135,94,121,111,97,147,130,99,97,108,104,89,111,75,91,,59,54,67,87,89,90,89,132,134,125,125,125,118
20150725,21,PM10,158,,157,138,184,157,168,141,139,160,171,259,142,125,103,131,151,124,186,117,137,122,67,67,74,103,,117,90,173,158,139,185,171,154
20150725,21,AQI,131,125,121,115,115,113,107,89,105,112,88,112,120,111,109,108,94,88,78,92,82,76,101,80,99,72,102,105,97,111,127,119,109,126,114
20150725,22,PM2.5,135,124,121,108,136,119,129,161,137,112,92,148,127,100,96,108,125,100,128,96,93,,56,62,71,83,96,96,96,131,133,124,118,130,111
20150725,22,PM10,157,128,141,127,147,150,135,,,170,157,190,137,141,132,137,151,116,201,137,115,106,83,85,72,93,,116,97,160,158,147,152,175,139
20150725,22,AQI,134,128,123,117,119,115,110,95,108,114,90,116,122,113,111,111,98,92,81,94,85,70,62,82,100,65,103,107,99,114,130,122,111,129,116
20150725,23,PM2.5,140,130,129,121,132,117,137,86,149,112,109,151,133,109,104,104,136,87,131,90,100,,67,72,82,82,105,104,106,160,128,126,115,124,109
20150725,23,PM10,155,132,152,131,141,145,159,109,,145,163,195,140,167,129,147,150,103,214,132,111,130,94,87,,96,,108,,173,155,148,177,153,131
20150725,23,AQI,137,131,126,119,122,118,113,97,113,116,92,119,125,115,113,114,104,95,84,96,89,71,64,84,100,69,105,109,101,118,133,125,114,132,118
