date,hour,type,dongsi,tiantan,guanyuan,wanshouxigong,aotizhongxing,nongzhanguan,wanliu,beibuxingqu,zhiwuyuan,fentaihuayuan,yungang,gucheng,fangshan,daxing,yizhuang,tongzhou,shunyi,changping,mengtougou,pinggu,huairou,miyun,yanqing,dingling,badaling,miyunshuiku,donggaocun,yongledian,yufa,liulihe,qianmeng,yongdingmengxi,xizhimengbei,nansanhuan,dongsihuan
20150808,0,SO2,2,2,2,2,2,2,2,2,2,5,2,2,3,2,2,2,11,2,2,2,2,2,2,3,2,2,2,2,2,4,2,2,2,4,2
20150808,0,NO2,46,36,68,43,40,40,23,16,9,53,33,46,37,47,58,44,18,32,17,3,3,10,45,21,6,3,5,21,29,27,35,56,84,85,59
20150808,0,O3,65,67,39,55,70,67,64,24,71,45,41,63,66,58,71,60,69,51,56,111,73,82,16,75,72,51,105,97,56,45,56,51,14,18,47
20150808,0,CO,0.8,0.7,0.8,0.8,0.8,0.7,0.6,0.7,0.3,1.5,0.6,0.7,0.4,0.7,0.8,0.5,0.7,0.4,0.5,0.4,0.7,0.6,0.5,0.5,0.5,0.6,0.2,0.3,0.7,0.3,0.7,0.7,0.8,1,0.4
20150808,1,SO2,2,2,2,2,2,2,2,2,2,5,2,2,3,2,2,2,12,2,2,2,2,2,2,3,2,2,2,2,2,4,2,2,2,4,4
20150808,1,NO2,47,36,67,40,66,48,32,25,5,55,38,,46,54,87,38,12,52,14,4,5,8,18,29,7,4,3,32,35,26,37,65,81,77,101
20150808,1,O3,55,46,23,45,40,52,43,9,47,33,38,52,57,37,37,64,76,26,45,92,58,62,37,58,65,54,78,64,14,32,45,27,10,18,3
20150808,1,CO,0.8,0.7,0.9,0.8,0.9,0.7,0.6,0.6,0.3,1.5,0.6,0.6,0.5,0.8,0.9,0.5,0.6,0.4,0.6,0.4,0.7,0.6,0.5,0.5,0.5,0.6,0.2,0.4,0.7,0.3,0.7,0.7,0.7,0.9,0.9
20150808,2,SO2,2,2,2,2,2,2,2,2,2,5,2,2,3,2,2,4,11,2,2,2,2,2,2,3,2,2,2,2,63,4,2,2,7,2,5
20150808,2,NO2,55,33,82,35,62,80,36,33,5,49,36,,53,55,88,52,22,17,15,3,2,7,17,24,15,4,4,36,31,27,42,71,80,66,103
20150808,2,O3,44,22,10,33,44,17,25,2,52,32,34,46,47,37,23,43,43,43,20,73,47,62,33,44,40,55,64,32,4,20,33,4,2,20,2
20150808,2,CO,0.8,0.7,0.8,0.8,0.9,0.9,0.6,0.6,0.3,1.4,0.6,0.7,0.4,0.7,1,0.6,0.7,0.3,0.4,0.4,0.5,0.5,0.4,0.5,0.5,0.6,0.2,0.4,0.8,0.3,0.7,0.8,0.9,0.8,1
20150808,3,SO2,2,2,2,2,2,2,2,2,2,5,2,2,3,2,2,3,4,2,2,2,2,2,2,3,3,2,2,2,21,5,2,2,3,3,3
20150808,3,NO2,65,40,81,33,74,94,38,32,6,74,39,,63,44,93,57,19,9,11,10,2,16,45,13,40,3,3,43,19,29,47,65,82,62,102
20150808,3,O3,28,12,7,38,24,5,12,2,39,4,24,31,17,32,24,36,36,48,2,56,51,42,13,52,6,54,66,12,2,7,23,6,3,18,2
20150808,3,CO,0.9,0.8,0.9,0.8,0.9,1.1,0.6,0.6,0.3,0.7,0.6,0.7,0.5,0.7,1.1,0.5,0.6,0.3,0.1,0.5,0.4,0.5,0.5,0.5,0.7,0.6,0.2,0.4,0.9,0.3,0.7,0.9,0.9,0.6,0.7
20150808,4,SO2,2,2,2,2,2,2,2,2,2,5,2,2,3,2,2,4,4,2,2,2,2,2,2,3,5,2,2,2,11,5,2,2,3,2,2
20150808,4,NO2,43,37,83,37,59,76,27,35,8,69,34,,69,53,103,70,16,7,14,8,2,24,62,11,44,5,3,54,16,38,42,60,82,58,91
20150808,4,O3,46,20,4,34,38,26,,2,49,2,23,18,4,4,15,13,42,52,31,66,51,18,2,57,6,46,64,5,2,2,24,30,,20,2
20150808,4,CO,0.8,0.8,0.9,0.8,0.8,0.9,0.6,0.5,0.3,0.8,0.5,0.7,0.5,0.9,1,0.6,0.6,0.3,0.4,0.4,0.4,0.5,0.5,0.4,0.7,0.6,0.2,0.4,0.9,0.4,0.7,0.8,0.7,0.6,0.5
20150808,5,SO2,2,2,2,2,2,2,2,2,2,5,2,2,4,2,2,3,12,2,2,2,2,2,2,3,4,2,2,2,7,5,2,2,3,2,2
20150808,5,NO2,32,39,75,33,62,27,46,36,10,61,26,,55,69,107,58,18,52,,3,5,18,51,11,40,5,3,53,42,34,35,53,78,57,68
20150808,5,O3,49,20,3,50,26,49,5,2,50,3,27,37,10,2,7,9,33,12,26,71,32,25,2,52,5,44,58,2,2,2,37,29,2,23,9
20150808,5,CO,0.6,0.8,0.8,0.7,0.9,0.6,0.6,0.5,0.3,0.8,0.5,0.7,0.4,0.9,1,0.6,0.6,0.4,0.4,0.4,0.5,0.5,0.5,0.4,0.7,0.6,0.2,0.5,0.9,0.4,0.6,0.7,0.7,0.6,0.3
20150808,6,SO2,2,2,2,2,2,2,2,2,2,4,2,2,4,2,2,3,9,2,2,2,2,2,2,3,3,2,2,2,5,5,2,2,2,3,3
20150808,6,NO2,53,34,61,41,84,36,35,34,6,56,23,,43,73,75,67,16,45,12,4,3,25,47,10,39,5,3,64,44,37,59,73,64,69,77
20150808,6,O3,23,19,16,36,3,40,16,2,61,9,28,61,20,4,27,7,31,17,35,66,32,20,4,65,7,34,54,2,2,2,12,6,7,13,2
20150808,6,CO,0.7,0.7,0.8,0.7,0.9,0.7,0.7,0.5,0.4,0.7,0.5,0.6,0.4,0.9,0.8,0.5,0.6,0.3,0.5,0.4,0.5,0.5,0.5,0.4,0.9,0.6,0.2,0.5,0.9,0.4,0.8,0.8,0.6,0.6,0.5
20150808,7,SO2,2,2,2,2,2,2,2,2,2,4,2,2,5,2,2,4,5,2,2,2,2,2,2,3,2,2,2,2,5,5,2,2,2,6,2
20150808,7,NO2,59,60,63,47,66,52,44,33,8,63,19,,50,78,62,52,26,30,13,8,7,18,38,14,22,4,4,60,44,33,62,77,59,96,71
20150808,7,O3,19,15,17,36,15,18,6,2,42,5,19,54,16,6,44,18,21,19,36,60,26,25,15,63,32,32,56,2,2,4,13,6,11,5,4
20150808,7,CO,0.7,0.8,0.8,0.8,0.8,0.8,0.8,0.5,0.4,0.8,0.5,0.6,0.4,0.9,0.7,0.5,0.6,0.3,0.4,0.5,0.5,0.5,0.5,0.4,0.7,0.6,0.2,0.6,1,0.5,0.7,0.8,0.6,0.9,0.6
20150808,8,SO2,2,2,2,2,2,2,2,2,2,5,2,2,5,2,2,4,15,2,2,2,2,2,2,3,3,2,2,2,4,4,2,3,5,5,2
20150808,8,NO2,50,62,72,58,66,44,41,30,30,68,19,,43,58,40,39,19,23,14,10,10,12,34,12,16,4,10,45,54,35,60,71,66,93,65
20150808,8,O3,31,21,16,27,21,38,21,10,32,14,30,19,28,31,67,36,26,38,37,67,22,43,24,69,53,29,33,18,15,27,14,14,6,7,22
20150808,8,CO,0.6,0.7,0.9,0.8,1.4,0.7,0.7,0.6,0.5,0.9,0.5,0.8,0.5,0.8,0.7,0.4,0.6,0.3,0.4,0.5,0.5,0.5,0.5,0.4,0.7,0.6,0.3,0.5,0.9,0.4,0.7,0.8,0.8,0.9,0.4
20150808,9,SO2,2,2,2,2,2,2,2,2,2,5,2,2,5,2,2,5,16,2,2,2,2,2,2,4,10,2,3,2,3,3,2,3,5,4,2
20150808,9,NO2,29,53,60,48,43,33,43,32,20,63,26,,36,54,32,40,13,19,11,11,10,6,26,12,16,4,31,37,32,23,53,71,50,93,55
20150808,9,O3,67,41,34,46,52,58,29,19,63,23,39,56,51,46,82,45,39,51,45,73,27,54,38,70,54,41,24,37,55,71,30,24,31,14,34
20150808,9,CO,0.5,0.7,0.7,0.7,0.8,0.6,0.7,0.6,0.5,0.8,0.6,0.7,0.4,0.7,0.6,0.5,0.6,0.3,0.5,0.5,0.5,0.5,0.4,0.5,0.7,0.6,0.3,0.4,0.8,0.3,0.6,0.7,0.5,0.7,0.5
20150808,10,SO2,2,2,2,2,2,2,2,2,2,6,2,2,4,2,2,6,17,2,2,2,2,2,2,4,14,2,3,2,4,3,2,2,4,4,2
20150808,10,NO2,28,45,45,37,37,18,32,34,12,65,26,,38,49,34,45,11,17,9,7,8,4,20,12,17,3,20,29,26,30,36,56,42,89,43
20150808,10,O3,69,66,65,75,65,81,54,27,91,36,72,76,79,60,91,65,52,62,74,101,48,70,56,84,59,57,47,69,79,63,62,54,50,30,55
20150808,10,CO,0.5,0.6,0.7,0.7,0.8,0.6,0.6,0.6,0.4,0.9,0.6,0.6,0.4,0.7,0.6,0.5,0.6,0.3,0.5,0.5,0.5,0.4,0.4,0.5,0.9,0.6,0.3,0.4,0.7,0.3,0.5,0.6,0.5,0.7,0.4
20150808,11,SO2,2,2,2,2,2,2,2,2,2,6,2,2,4,2,3,5,14,2,2,2,2,2,3,5,39,2,3,2,3,4,2,2,2,3,2
20150808,11,NO2,23,31,37,31,32,20,25,18,21,52,20,,36,44,33,23,10,16,11,6,5,7,18,12,16,2,11,20,21,32,34,54,54,87,35
20150808,11,O3,91,98,94,100,86,92,81,57,91,66,104,100,99,84,102,104,73,80,98,127,84,90,65,101,81,74,103,111,111,83,78,71,54,51,88
20150808,11,CO,0.5,0.6,0.6,0.6,0.8,0.6,0.6,0.4,0.5,0.8,0.5,0.5,0.3,0.6,0.6,0.3,0.6,0.3,0.5,0.5,0.5,0.4,0.5,0.5,1.4,0.6,0.3,0.4,0.6,0.3,0.6,0.6,0.6,0.7,0.3
20150808,12,SO2,2,2,2,2,2,2,2,2,2,6,2,2,4,2,3,5,12,2,2,2,2,2,7,5,51,2,2,2,3,4,2,2,4,5,2
20150808,12,NO2,29,33,32,30,32,23,27,13,19,44,21,,31,42,28,37,8,21,15,5,4,4,17,18,17,2,5,17,20,24,43,45,45,113,32
20150808,12,O3,100,118,119,132,104,114,97,72,98,105,136,114,131,107,137,110,100,96,102,149,115,112,87,103,96,86,136,147,139,108,91,108,81,57,113
20150808,12,CO,0.6,0.6,0.6,0.7,0.7,0.7,0.6,0.4,0.4,0.8,0.5,0.5,0.3,0.6,0.6,0.4,0.5,0.4,0.6,0.5,0.5,0.4,0.6,0.5,1.6,0.6,0.3,0.4,0.7,0.2,0.6,0.5,0.5,0.8,0.3
20150808,13,SO2,2,2,2,2,2,2,2,2,2,6,2,2,4,2,2,5,16,2,2,2,2,2,6,4,30,2,3,2,3,4,2,2,5,5,2
20150808,13,NO2,22,27,35,31,39,26,22,23,22,42,23,,32,31,22,26,11,28,14,4,4,6,20,16,14,2,7,17,18,15,49,45,47,143,32
20150808,13,O3,130,159,135,160,126,142,134,68,113,136,158,143,161,151,172,161,115,102,130,164,124,134,89,140,119,80,146,180,172,133,120,137,98,62,139
20150808,13,CO,0.6,0.6,0.7,0.7,0.8,0.7,0.6,0.4,0.5,0.8,0.6,0.5,0.4,0.6,0.7,0.4,0.5,0.4,0.6,0.4,0.4,0.4,0.6,0.5,1.2,0.7,0.3,0.4,0.7,0.3,0.7,0.6,0.6,0.9,0.3
20150808,14,SO2,2,3,,2,2,2,2,2,2,6,2,2,4,2,3,5,20,2,2,2,2,2,10,5,19,2,5,2,,5,2,3,4,6,2
20150808,14,NO2,32,31,,34,35,26,28,18,18,32,23,,26,18,26,23,27,18,14,5,3,6,22,20,10,3,3,13,,13,70,44,66,157,43
20150808,14,O3,164,188,,181,157,192,157,91,150,186,191,191,171,188,210,206,114,135,154,173,129,134,104,162,140,102,160,206,,136,137,163,104,77,166
20150808,14,CO,0.7,0.7,,0.7,0.9,0.7,0.7,0.4,0.5,0.9,0.6,0.6,0.4,0.7,0.8,0.4,0.6,0.4,0.6,0.5,0.4,0.5,0.7,0.6,1.1,0.7,0.3,0.4,,0.5,0.7,0.6,0.7,1,0.4
20150808,15,SO2,2,3,3,2,3,2,2,2,2,6,2,2,3,2,2,5,17,2,2,2,2,2,15,5,4,2,5,2,2,5,2,2,5,4,2
20150808,15,NO2,31,26,39,23,36,26,20,14,14,23,7,,25,14,22,22,28,14,13,6,3,6,16,18,16,4,12,9,14,12,60,42,63,121,37
20150808,15,O3,192,226,174,224,194,233,215,117,194,203,178,218,167,189,205,244,130,150,181,189,133,144,136,167,133,129,181,189,205,131,183,196,147,119,222
20150808,15,CO,0.7,0.7,0.8,0.7,0.9,0.7,0.7,0.4,0.5,0.8,0.7,0.6,0.4,0.7,0.9,0.4,0.6,0.4,0.7,0.5,0.4,0.5,0.8,0.6,1,0.8,0.3,0.4,0.7,0.6,0.7,0.7,0.7,0.8,0.4
20150808,16,SO2,2,4,2,2,2,2,2,2,2,6,2,2,3,2,2,6,19,2,2,3,2,2,9,5,3,2,6,2,2,5,2,2,6,4,2
20150808,16,NO2,20,17,37,19,31,20,18,13,14,20,12,,24,14,19,21,18,13,12,6,4,6,10,20,16,4,9,9,13,11,50,23,48,123,30
20150808,16,O3,204,208,202,204,225,253,227,131,210,199,173,193,164,196,208,264,166,168,178,203,147,155,163,182,131,131,203,188,202,131,163,183,161,99,246
20150808,16,CO,0.7,0.7,0.7,0.9,0.8,0.7,0.7,0.5,0.5,0.9,0.7,0.6,0.4,0.6,0.8,0.5,0.6,0.4,0.7,0.5,0.5,0.5,0.7,0.6,0.9,0.8,0.3,0.4,0.7,0.6,0.7,0.7,0.6,1,0.4
20150808,17,SO2,2,4,2,2,3,2,2,2,2,6,2,2,3,2,2,6,18,,2,3,2,2,2,5,2,2,4,2,,,2,2,3,6,2
20150808,17,NO2,18,16,33,16,24,14,14,12,12,19,14,,21,14,19,23,15,,14,6,5,10,11,20,21,5,14,9,19,,51,30,53,154,24
20150808,17,O3,198,209,193,207,220,235,203,136,202,193,177,191,164,172,208,257,173,,171,218,151,166,114,192,104,131,207,197,200,,166,176,160,74,230
20150808,17,CO,0.7,0.6,0.7,0.7,0.8,0.7,0.7,0.5,0.5,0.9,0.7,0.6,0.5,0.7,0.8,0.5,0.6,,0.7,0.5,0.5,0.5,0.4,0.6,0.8,0.8,0.3,0.4,0.8,,0.7,0.6,0.7,0.9,0.4
20150808,18,SO2,2,4,2,2,2,2,2,2,2,6,2,2,3,2,2,5,17,2,2,2,2,2,2,5,2,2,4,2,,4,2,3,2,4,2
20150808,18,NO2,20,20,39,19,29,18,15,15,12,26,15,,25,14,21,25,18,16,14,6,6,16,20,22,20,6,16,11,11,11,46,43,57,114,20
20150808,18,O3,196,201,179,201,214,229,183,129,201,182,162,188,167,168,208,242,166,171,172,206,175,171,88,182,94,133,241,197,177,129,176,174,137,92,225
20150808,18,CO,0.6,0.7,0.8,0.7,0.9,0.7,0.7,0.5,0.5,0.9,0.7,0.7,0.5,0.7,0.8,0.5,0.7,0.4,0.7,0.5,0.6,0.6,0.4,0.6,0.8,0.7,0.4,0.4,0.9,0.4,0.7,0.7,0.8,0.9,0.3
20150808,19,SO2,2,4,2,2,3,2,2,2,2,5,2,2,3,2,2,5,15,2,2,2,2,2,2,4,2,2,2,2,,4,2,2,4,4,2
20150808,19,NO2,27,22,47,27,46,25,28,19,13,34,15,,35,21,26,30,26,21,24,7,9,25,37,14,50,8,15,16,,13,71,40,87,127,39
20150808,19,O3,173,161,156,164,179,201,157,90,116,160,149,155,157,161,187,219,145,156,142,188,168,153,62,148,41,140,190,166,,123,128,145,95,68,176
20150808,19,CO,0.7,0.7,0.8,0.8,0.9,0.7,0.8,0.5,0.6,1,0.8,0.8,0.6,0.7,0.8,0.6,0.7,0.5,0.7,0.5,0.6,0.6,0.5,0.6,0.9,0.7,0.4,0.5,,0.4,0.8,0.7,0.9,1,0.4
20150808,20,SO2,2,4,2,2,3,2,2,2,2,5,2,2,3,2,2,6,21,2,2,2,2,2,2,4,2,2,2,2,,5,2,2,2,5,2
20150808,20,NO2,34,26,53,36,78,37,42,31,14,53,22,,41,29,52,40,37,25,56,14,12,32,47,15,49,8,14,29,,17,90,51,99,130,89
20150808,20,O3,133,95,130,138,153,169,119,67,94,121,128,126,135,135,141,170,118,139,80,138,114,109,52,111,71,120,165,123,,90,84,117,69,53,152
20150808,20,CO,0.9,0.8,1,0.9,1.2,0.9,0.9,0.6,0.5,1.1,0.8,0.9,0.6,0.8,1.1,0.8,0.8,0.5,0.8,0.7,0.7,0.7,0.6,0.6,0.9,0.7,0.3,0.5,,0.4,1,0.8,1.1,1.1,0.7
20150808,21,SO2,2,4,2,2,3,2,2,2,2,5,2,2,3,2,2,6,21,2,2,2,2,2,2,3,2,2,2,2,2,5,2,2,2,3,2
20150808,21,NO2,35,34,53,45,105,49,46,49,16,72,34,,44,34,63,46,29,22,49,18,14,38,59,15,63,9,12,31,2,19,83,49,84,106,142
20150808,21,O3,115,96,118,104,81,142,104,19,100,79,95,93,116,114,101,128,120,86,56,93,70,74,32,108,28,80,168,93,49,66,74,103,62,56,63
20150808,21,CO,1,0.8,0.9,1,1.4,1,0.9,0.7,0.6,1.2,0.9,0.9,0.6,0.8,1.2,0.8,0.8,0.5,0.8,0.8,0.8,0.7,0.7,0.6,0.9,0.7,0.3,0.6,1,0.4,1,0.9,1,1,1
20150808,22,SO2,2,4,2,2,3,2,2,2,2,5,2,2,3,2,2,5,21,2,2,2,2,2,2,3,2,2,2,2,,5,2,2,3,4,2
20150808,22,NO2,34,32,53,50,62,35,40,53,14,100,33,,50,39,78,55,34,16,42,10,8,41,69,16,44,9,11,29,,20,77,56,74,116,112
20150808,22,O3,99,75,103,77,96,117,94,2,93,28,88,80,85,91,74,98,87,91,48,72,72,43,11,91,45,64,161,81,,41,64,81,56,32,37
20150808,22,CO,0.9,0.9,0.9,1,1.1,1,0.9,0.7,0.6,1.2,0.9,1,0.7,0.9,1.3,0.8,0.8,0.5,0.8,0.7,0.7,0.7,0.6,0.6,0.9,0.7,0.3,0.6,,0.5,1,0.9,1,1.1,1
20150808,23,SO2,2,3,2,2,2,2,2,2,2,5,2,2,3,2,2,5,22,2,2,2,2,2,2,3,2,2,2,2,2,4,2,2,3,3,2
20150808,23,NO2,37,35,53,48,69,28,44,45,14,91,38,,39,37,58,58,35,14,29,9,4,38,38,19,20,6,10,33,3,21,75,77,56,84,142
20150808,23,O3,85,50,88,65,69,118,72,10,88,21,64,57,84,80,83,76,54,88,61,69,59,36,28,61,87,68,170,57,3,37,52,45,59,42,2
20150808,23,CO,1.1,0.9,0.9,1,1.2,0.9,0.9,1,0.6,1.2,0.9,1,0.7,0.8,1.1,0.8,0.9,0.4,0.7,0.6,0.6,0.6,0.6,0.6,0.8,0.7,0.4,0.7,1,0.5,1,1,1,1,1.3
20150808,0,PM2.5,33,23,40,43,23,21,28,26,,30,19,28,28,29,34,37,32,27,23,17,28,24,7,24,33,14,19,30,26,28,33,30,34,44,27
20150808,0,PM10,,,,,,,,,11,,23,,,,,,,,,,,,24,,,,,,,,,,,,
20150808,0,AQI,130,123,134,117,122,111,126,124,23,129,112,125,143,131,123,108,101,118,121,81,145,98,82,120,137,88,78,114,112,133,136,130,128,142,123
20150808,1,PM2.5,41,27,34,47,35,17,30,28,,31,22,28,32,36,35,33,28,22,20,22,19,19,3,21,50,18,14,40,37,27,33,35,34,42,34
20150808,1,PM10,,,,,,,,,,,27,32,,,,,,,20,,,,11,,,,,,,,,,,,38
20150808,1,AQI,127,120,131,116,119,108,122,121,15,126,108,121,139,128,119,105,98,114,117,80,145,96,77,116,133,85,76,109,109,130,133,127,125,139,120
20150808,2,PM2.5,41,27,36,10,31,25,28,28,18,29,23,33,39,34,36,44,34,22,21,25,29,16,7,20,36,11,22,47,35,27,40,39,47,41,41
20150808,2,PM10,,,,16,,,,,,,27,,,,,,,,27,,,,22,21,,,,,,,,,62,,
20150808,2,AQI,124,116,128,112,117,104,120,118,144,123,105,118,137,124,115,101,95,110,113,78,145,93,72,112,128,80,75,105,106,128,129,123,124,136,116
20150808,3,PM2.5,48,29,43,19,33,30,29,32,15,34,21,35,37,35,39,44,31,23,21,22,14,16,11,20,39,16,18,48,37,27,36,41,31,49,36
20150808,3,PM10,,,,20,,,,,,34,25,39,,,,,,,,,,19,20,,,,,,,33,,,47,,
20150808,3,AQI,121,112,125,107,113,100,116,115,138,119,102,115,133,119,111,98,92,106,109,76,145,89,69,108,123,77,73,101,104,125,125,119,120,131,111
20150808,4,PM2.5,43,32,45,41,28,23,26,27,20,33,21,38,50,40,37,46,24,21,17,18,30,22,9,15,37,16,16,49,36,26,43,45,41,46,36
20150808,4,PM10,,,,,,25,,,,40,27,,,43,,,,,19,,,,20,18,38,,,,,41,,,,,
20150808,4,AQI,116,107,121,102,108,95,111,111,133,113,98,111,129,115,106,97,89,102,106,74,145,86,65,103,119,74,71,99,102,122,120,114,115,126,107
20150808,5,PM2.5,32,29,47,47,32,17,31,26,23,40,17,33,43,39,37,38,27,22,17,19,23,18,11,18,33,13,13,53,38,33,41,40,51,45,24
20150808,5,PM10,,,,,,,,,,41,25,,,,,,28,27,21,,,20,31,20,,,,,,49,,,65,,
20150808,5,AQI,110,102,115,98,103,90,107,107,128,108,93,105,124,110,101,94,87,97,102,72,145,83,61,99,114,70,68,98,100,119,115,109,111,121,102
20150808,6,PM2.5,36,25,48,,33,23,34,24,24,40,16,19,33,34,29,31,22,22,17,13,16,21,13,17,37,13,11,48,40,38,44,44,40,44,32
20150808,6,PM10,36,,,25,41,27,,28,,,32,,,,,,26,,30,,,29,39,20,,15,13,51,,72,,49,,,47
20150808,6,AQI,106,96,110,95,99,86,103,102,121,103,88,100,118,104,97,92,84,93,98,70,145,80,57,94,110,67,66,96,97,116,109,105,106,115,99
20150808,7,PM2.5,41,36,45,27,33,30,37,24,23,38,19,18,36,37,29,32,22,23,15,16,19,18,15,22,40,19,14,51,38,36,40,42,33,49,37
20150808,7,PM10,,,,46,45,40,70,51,37,46,46,28,,103,33,39,31,41,27,17,38,31,39,30,42,,38,69,42,147,,,53,62,58
20150808,7,AQI,102,92,105,90,95,83,98,98,114,98,83,95,111,99,94,90,81,90,93,67,128,77,54,90,106,65,63,95,95,113,105,100,101,111,96
20150808,8,PM2.5,37,39,50,13,35,28,35,27,35,34,17,40,29,41,30,32,24,17,19,22,16,12,22,21,40,14,15,52,35,38,42,40,32,44,35
20150808,8,PM10,,,,,39,37,,35,,,67,120,,,,37,32,,38,35,52,,41,42,,17,,,81,,,,56,45,63
20150808,8,AQI,98,89,101,85,91,80,94,94,107,93,78,91,105,95,91,88,78,86,86,65,117,74,50,86,101,62,61,93,92,109,101,97,97,107,92
20150808,9,PM2.5,25,25,38,34,24,24,37,35,32,29,23,37,20,37,24,29,20,23,20,18,15,16,32,20,38,16,23,46,32,35,43,38,24,40,28
20150808,9,PM10,,32,,,,,,,,34,,,41,,29,45,28,28,44,33,,25,38,28,,17,24,60,,,,43,41,57,
20150808,9,AQI,92,84,96,82,87,76,90,89,99,87,73,86,97,91,87,85,75,83,81,63,125,71,46,81,97,59,59,91,85,102,96,93,92,102,88
20150808,10,PM2.5,25,22,28,23,25,17,29,35,31,28,19,27,27,35,23,28,18,25,19,24,16,22,29,21,40,11,24,46,29,30,25,26,37,35,19
20150808,10,PM10,31,,31,36,34,28,30,40,,43,37,,32,35,33,30,26,43,,31,43,,30,32,44,13,33,65,,,28,,76,45,
20150808,10,AQI,87,80,90,76,81,72,83,84,91,81,67,80,89,85,83,82,72,78,74,61,121,68,45,76,92,56,57,88,83,94,91,88,87,96,83
20150808,11,PM2.5,21,17,31,30,28,18,26,26,34,33,16,22,33,30,19,19,17,22,18,21,24,10,26,21,51,17,29,43,29,28,28,25,34,32,20
20150808,11,PM10,23,,,30,28,34,,,,38,27,,,,35,,23,30,37,40,,15,35,36,57,,,49,30,,,,59,,
20150808,11,AQI,82,74,85,72,76,67,77,78,83,76,61,73,82,80,78,77,67,72,67,59,121,63,43,71,89,53,55,85,76,86,85,82,81,91,78
20150808,12,PM2.5,31,20,26,23,23,23,23,27,29,33,22,22,26,28,21,29,19,31,20,20,18,18,27,23,60,11,26,45,26,27,25,23,26,33,21
20150808,12,PM10,44,,27,31,26,35,38,,35,37,41,,37,77,31,65,20,48,41,,,,31,46,68,,,47,42,,29,,68,44,
20150808,12,AQI,77,69,79,68,71,62,70,71,75,72,55,66,76,75,72,73,66,67,60,58,121,58,41,66,87,49,52,81,74,79,80,77,75,85,73
20150808,13,PM2.5,30,32,34,28,27,27,29,33,31,39,41,28,37,39,26,27,19,35,29,21,15,23,32,28,52,3,24,48,39,29,47,36,25,50,28
20150808,13,PM10,35,49,39,59,33,45,,45,33,60,58,73,51,93,44,32,24,41,45,26,,,57,44,,15,25,59,54,99,48,71,71,80,37
20150808,13,AQI,72,65,74,64,66,59,64,64,67,68,53,65,71,71,68,68,63,62,55,55,121,54,40,61,83,45,50,78,69,73,76,73,70,81,68
20150808,14,PM2.5,47,42,,37,37,37,36,31,39,48,31,36,46,53,46,39,23,39,36,25,15,19,36,34,46,17,33,50,,36,53,46,41,63,36
20150808,14,PM10,57,60,,68,53,48,76,33,42,79,61,80,60,92,70,73,,,63,46,,75,69,41,77,,,59,,87,65,62,113,107,39
20150808,14,AQI,68,86,,77,61,90,60,59,60,83,89,89,68,86,105,103,58,57,53,67,121,51,40,56,79,40,51,103,,71,72,69,65,79,63
20150808,15,PM2.5,54,50,,51,46,48,45,33,45,50,37,40,49,50,65,44,23,37,38,28,25,24,35,29,44,17,43,51,57,49,56,57,59,73,46
20150808,15,PM10,67,100,,103,65,63,53,39,54,67,66,84,67,82,71,61,25,,59,29,,,50,35,62,27,53,56,75,88,92,112,125,137,49
20150808,15,AQI,91,114,68,112,93,117,108,54,93,102,73,110,65,86,103,122,54,53,77,86,121,51,43,59,74,41,77,86,103,71,79,95,64,75,112
20150808,16,PM2.5,60,53,47,49,57,56,55,36,49,49,38,45,50,53,61,56,29,34,43,35,16,22,23,36,42,17,46,50,56,59,60,57,54,69,53
20150808,16,PM10,76,66,80,61,87,80,82,49,59,63,69,75,65,74,69,131,39,53,70,,40,,39,44,,,,57,66,86,79,57,91,93,98
20150808,16,AQI,102,105,101,103,113,127,114,51,105,100,67,92,62,95,104,132,57,61,73,102,114,49,54,78,68,41,102,85,102,71,66,79,65,73,124
20150808,17,PM2.5,55,46,60,44,52,55,60,38,56,45,38,45,53,53,56,64,31,,45,33,19,25,5,32,42,19,43,61,63,,57,52,54,68,60
20150808,17,PM10,71,48,74,,64,75,,53,58,84,71,70,73,94,74,121,45,,73,48,44,46,7,48,,37,44,67,91,,61,64,124,119,73
20150808,17,AQI,98,105,92,104,111,118,102,48,101,92,72,89,60,66,105,129,67,,65,109,106,59,36,90,63,42,104,97,101,,63,71,63,77,115
20150808,18,PM2.5,52,50,56,41,53,45,,40,53,50,44,43,62,56,56,57,30,35,43,32,32,32,6,32,38,21,49,62,64,72,57,54,55,69,52
20150808,18,PM10,69,92,80,98,78,70,73,68,63,80,84,80,97,83,73,99,40,55,74,35,50,51,15,55,82,38,,81,99,,,82,111,117,56
20150808,18,AQI,95,101,74,101,108,115,79,44,101,78,53,86,59,62,104,121,58,64,66,104,98,64,32,78,57,42,121,97,72,70,70,68,62,68,113
20150808,19,PM2.5,65,49,56,52,55,42,41,41,52,60,53,55,63,66,59,62,28,34,52,27,34,32,9,33,38,25,47,64,,73,58,58,57,69,50
20150808,19,PM10,94,76,92,115,89,75,81,73,57,107,104,150,86,115,89,107,56,64,101,62,96,,53,65,46,38,,89,,91,101,104,139,179,82
20150808,19,AQI,67,58,57,56,74,101,57,47,45,54,47,62,56,64,85,110,46,49,48,85,61,48,33,47,57,44,88,67,,66,58,58,64,69,71
20150808,20,PM2.5,71,62,72,58,60,56,70,51,56,70,58,71,72,69,77,72,42,42,66,37,35,30,13,36,37,27,44,69,,76,83,67,71,83,64
20150808,20,PM10,123,104,115,111,116,93,128,73,61,122,108,177,95,103,124,200,68,54,143,72,65,63,61,59,56,44,,85,,112,133,121,191,168,118
20150808,20,AQI,58,60,59,53,53,61,61,49,47,56,49,66,58,65,54,66,38,45,51,44,52,38,34,39,57,38,57,68,,67,61,61,67,72,57
20150808,21,PM2.5,85,68,78,72,73,64,36,60,62,83,63,84,83,83,90,79,45,46,66,52,43,38,14,36,50,25,44,81,68,79,91,79,78,87,76
20150808,21,PM10,128,104,116,148,141,119,122,110,81,148,119,173,106,114,132,176,60,63,129,70,90,77,61,45,57,61,,92,,,144,140,180,173,151
20150808,21,AQI,61,62,62,58,57,52,63,52,49,59,51,69,59,66,58,69,40,47,53,42,54,42,35,39,57,30,61,69,59,67,65,67,72,75,72
20150808,22,PM2.5,92,79,83,91,82,74,46,64,77,91,71,88,87,78,103,92,46,34,71,37,33,31,13,34,50,23,48,108,,76,99,87,84,93,75
20150808,22,PM10,125,91,110,129,129,113,111,101,85,144,117,158,113,121,137,164,59,40,117,,38,58,64,47,,26,,,,,126,118,157,173,127
20150808,22,AQI,64,63,65,60,59,55,65,54,52,61,53,71,62,69,62,72,40,45,55,42,53,43,37,39,59,29,52,72,,67,68,68,74,79,63
20150808,23,PM2.5,94,76,89,86,88,77,81,62,79,92,74,88,90,88,96,98,61,40,56,31,37,30,21,36,55,25,49,133,58,71,102,92,85,100,87
20150808,23,PM10,131,99,113,123,123,105,110,88,,139,122,146,110,111,115,176,75,45,83,42,44,38,55,45,,,,,,83,129,134,142,165,155
20150808,23,AQI,67,64,69,61,61,56,66,55,54,65,56,75,65,70,66,74,42,46,56,42,53,43,38,40,60,29,63,79,62,67,71,70,75,81,72
