date,hour,type,dongsi,tiantan,guanyuan,wanshouxigong,aotizhongxing,nongzhanguan,wanliu,beibuxingqu,zhiwuyuan,fentaihuayuan,yungang,gucheng,fangshan,daxing,yizhuang,tongzhou,shunyi,changping,mengtougou,pinggu,huairou,miyun,yanqing,dingling,badaling,miyunshuiku,donggaocun,yongledian,yufa,liulihe,qianmeng,yongdingmengxi,xizhimengbei,nansanhuan,dongsihuan
20150131,0,SO2,7.6,6.9,11.9,7.1,14.5,4.1,12.1,11.1,9.3,10.6,24,11.3,36.7,14.2,14.8,14.9,2,2,21.6,3.5,8.7,4.8,19.5,2,24,2,6.2,25.3,18.5,62.3,6.8,8,13.3,11,16.2
20150131,0,NO2,36.1,28.2,52.9,26.5,32.7,36.7,63.6,45.5,23.8,42.7,68.4,38.7,61,60,41.4,52.3,20.1,17.3,43.2,6.2,21.2,4.5,49,3.7,21.8,4.9,12.6,86.3,61.7,95.3,34.1,43.5,47.5,60,59.7
20150131,0,O3,37.3,54.7,18.6,45.1,51,49.3,6,3.1,39.1,19.8,17.9,30.9,11.8,13.3,28.5,20,52.1,56,19.5,62.3,45.5,73.8,11.9,68.6,38.8,66,62,7.6,2,13.8,44.6,26.4,35.1,16.9,25.5
20150131,0,CO,0.8,0.4,0.6,0.4,0.3,0.4,0.7,1.4,0.6,0.6,1.7,0.8,1.1,0.7,0.9,0.8,0.6,0.4,1.4,0.4,0.6,0.4,1.1,0.2,0.4,0.3,0.4,1.5,1.7,4.5,0.5,0.5,0.6,0.6,0.8
20150131,1,SO2,7.9,6.4,8.9,4.6,21.6,7.4,9.2,12.7,8.8,8.6,22.8,14.2,20,10.1,16.8,13.8,2,4.8,21.3,4.7,2,7.3,13.4,3.9,23.1,2.2,6.1,26,13.1,46.4,5.9,7.2,5.9,9.3,17.2
20150131,1,NO2,37.5,29.4,44.4,25.6,35.2,42.2,55.8,46.5,26,47.9,66.5,51.6,40.3,42,54,32.1,10.8,17.8,35.6,5.9,13.7,5.8,28.2,5.6,27.6,6.4,11.4,82.5,60.8,81.4,35.8,42.5,46.7,63.1,65.9
20150131,1,O3,35.9,52.7,25.8,47,47.9,41.5,12.2,3.8,37.9,12.9,16.6,17.6,14.1,32.1,14.5,37.5,46.5,48.6,24.1,62.3,56.1,71.9,32.1,65.6,31.9,61.9,58.7,9.6,2,12.6,43.1,26.4,37.3,14.6,16.6
20150131,1,CO,0.9,0.4,0.5,0.4,0.5,0.4,0.7,1.9,0.7,0.6,1.7,1,0.7,0.5,1,0.6,0.5,0.4,1.4,0.4,0.4,0.4,0.7,0.3,0.4,0.3,0.5,1.3,1.6,4.6,0.5,0.5,0.6,0.6,1
20150131,2,SO2,9.3,8.5,8.4,5.8,12.5,9.7,12.6,10.3,7.6,9.8,17.6,11.9,21.6,7.2,13.6,13.4,11.7,20.5,20.7,4.6,2,5.1,17.7,10.4,54.4,3.2,4,21.6,13.1,42.9,8.6,8.7,4,9.5,20.7
20150131,2,NO2,35.2,30.3,44.4,36.2,30.2,57.1,53.2,46.2,23.7,41.6,63.8,47.9,35.1,55.3,53.7,22.5,7.1,26.4,41.6,4.4,17.2,5.4,44,8.2,33.2,5,14.2,72.9,58.9,79.6,24,34.4,43.5,62.8,64.3
20150131,2,O3,29.4,49.8,24,35.8,52.4,21.5,12,2.7,39.3,20.4,16.6,20.4,4.2,18.3,11.5,42.8,26.7,38.4,16.6,62.5,48.6,71.3,15.3,62,26,62.2,54,12.5,2,16.1,56.5,34.7,38.8,14.2,12.4
20150131,2,CO,1.1,0.5,0.5,0.5,0.6,0.6,0.8,2.4,0.6,0.6,1.2,0.8,0.8,0.5,0.9,0.6,0.3,0.5,1.7,0.3,0.4,0.4,1.3,0.3,0.7,0.4,0.4,1.1,2.6,6.5,0.5,0.5,0.5,0.6,1.4
20150131,3,SO2,12,10.3,14.3,9.1,14.1,19.3,14.8,10.4,11.2,13.6,21.1,13.9,9.1,10.5,12.3,13.7,2,45.9,19.3,5.2,2,6.3,16.6,24.6,36.1,3.1,3.7,22.2,12.6,40.9,11.1,10.7,10.9,10.6,20.4
20150131,3,NO2,34.9,25.4,51.2,41.8,28.4,65.6,61.4,47.1,25.3,42.8,74.2,54.9,32.3,61.5,60.3,29.1,7.5,33.9,42.7,7.2,23.6,7.3,51.5,12.3,21.9,2.5,13.7,74.6,56.5,71.3,27.8,29,52.9,64.5,69.6
20150131,3,O3,21.5,51.9,16,27.7,50.8,8.6,2.4,2,36.7,15.7,8.9,13.7,5.5,10.6,6.6,35.2,31.8,28.5,14.9,58.3,42.5,67.3,8,56.3,39.6,64.5,52.5,8.6,2,14,47.8,35.5,28.2,9.1,12.1
20150131,3,CO,0.6,0.4,0.5,0.5,0.6,0.9,1,2.7,0.5,0.7,1.4,1.1,0.9,0.7,0.9,0.5,,0.6,1.8,0.3,0.4,0.5,1.6,0.4,0.5,0.2,0.3,1,1.9,6.8,0.4,0.6,0.5,0.7,1.1
20150131,4,SO2,25.5,22.5,26.3,18.9,29,21,17.7,9.1,19.8,23.6,22.9,17.2,13.3,13.2,16,11.5,2.2,36.8,19,4.1,2,7.9,19.1,23.4,25.3,4,3.9,19.4,9.5,28.2,22.5,19.8,24.5,17.1,17.8
20150131,4,NO2,37,29.2,62.4,48.4,30.6,64.3,58.7,46.3,19.7,44.8,70.3,55.7,47.5,60.9,63.9,26.9,11.3,29.6,45.3,8.1,22.1,6,47.7,12.2,13.5,2.2,17.7,72.4,46.8,65.7,29.7,31.1,57.2,61.7,74.6
20150131,4,O3,18.3,39.4,6.7,20.1,15,10.9,,,41.2,11.9,4,11.6,2,7.6,4.1,38,30.3,32,9.6,56.9,31.3,67.7,9.9,56.2,52.4,63.7,46.8,,2,,44.7,31.7,26.1,8.7,3.9
20150131,4,CO,0.5,0.5,0.7,0.6,0.7,0.9,0.9,3.3,0.6,0.7,1.3,1.1,0.8,1,1,0.6,0.2,0.6,1.9,0.3,1,0.5,1.4,0.4,0.4,0.2,0.4,1.3,1.6,8.1,0.5,0.6,0.6,0.7,1.1
20150131,5,SO2,13.1,21.9,31.5,27,9.6,15,25,9.9,13.2,29.4,24.7,25.9,14.2,26.6,15.6,9.6,10.7,21.5,21,4.6,2,10.8,28.6,32.8,29.6,4.5,3.2,22.2,2.8,24.9,23.1,28,19.3,31.1,15.6
20150131,5,NO2,44.4,43.8,52.9,40,32.2,38.8,69.5,45.2,18.5,54.1,68.5,57.2,68.9,53.2,64.7,22,19.3,21.3,48.6,7.6,16.4,5.3,44.7,8.1,13.1,,14.3,75.3,39.1,58.9,45.3,37.9,51.5,53.3,73.3
20150131,5,O3,16.3,25.1,14,28.2,22.8,40.3,2,2,46.8,2,5.3,9.3,2,14.5,4.3,41.6,27.6,44,8,58,34.8,67,10.2,60.9,52.2,60.6,50.4,5.5,2,19,28.5,25.4,30.4,16.9,9.3
20150131,5,CO,0.6,0.6,0.6,0.6,0.6,0.5,1.1,3.7,0.6,0.8,1.2,1.2,1,0.9,0.9,0.5,0.2,0.6,1.8,0.2,0.9,0.5,1,0.4,0.4,0.2,0.3,1.1,1.6,8.2,0.6,0.7,0.7,0.7,0.9
20150131,6,SO2,9.8,10.3,14.7,10.1,9.4,20.9,24.1,9.5,18.8,28.1,31.1,21.9,21.4,60.3,18.2,11.1,15.3,45,27.1,5.8,2,9.8,27.4,36.2,41.9,3.7,2.8,24.8,6.4,29.9,10.3,13.8,8,19.3,22
20150131,6,NO2,36.5,33.8,48.3,35,30.5,42.9,60.1,44.8,25.5,48.4,65.8,52.6,66.8,74.1,63.2,30.9,16.4,21.8,55.7,10.1,20.4,8.6,51.8,9.3,12.2,3.7,11.2,79.4,40.4,60.2,40.7,44.1,47.2,64.5,74.4
20150131,6,O3,25.9,39,18.1,34.2,27.1,34.3,3.9,2,37.3,7.2,7.7,13.6,4.5,2.6,5.9,31.9,46.6,46.2,4.4,53.6,32.1,61.4,6,56.7,51.4,59.4,51.7,6.2,2,16,34.2,23,36,7.1,8.9
20150131,6,CO,0.5,0.5,0.6,0.5,0.6,0.6,0.9,3.9,0.9,0.7,1.2,1,2.5,1.4,0.9,0.6,0.3,0.6,1.9,0.3,0.8,0.5,2,0.4,0.5,0.3,0.3,1.1,1.5,7.6,0.5,0.6,0.7,0.8,0.9
20150131,7,SO2,12.1,11.9,9.5,8.7,14.4,26.1,15.4,6.6,24,14.6,31.1,27.6,28.6,54,27.5,15.3,12.2,29.3,22.9,10.7,2,9.9,14.8,28.8,60.1,2.8,3.5,27.7,3.5,16.6,11.1,13.8,8.7,16.3,26.2
20150131,7,NO2,43.7,45.6,43.4,49.3,43.4,64.8,61.7,43.4,38.1,48,72.1,66.9,67.3,72.5,62.4,37.5,19.3,22.1,56.5,25.3,29.9,20.7,51.1,10.8,17.8,7.2,10.5,82.8,41.9,50.3,42.9,54.2,51.4,77,77.6
20150131,7,O3,17.3,26,23,21.2,10.5,13.3,3.6,2,23.3,9.2,4.6,4,4.6,2.8,6.9,27.1,43.3,43.7,4.7,36.3,18.8,47.2,8.6,52.6,42.1,50.6,51.3,4.7,2,16.6,31,16.5,33.3,2,7
20150131,7,CO,0.6,0.5,0.4,0.5,0.7,0.7,0.7,3.9,1.3,0.6,1.2,1.3,2.5,1.2,1,0.8,0.4,0.6,2.5,0.6,0.9,0.6,3.2,0.4,0.6,0.3,0.4,1.1,1.6,9.6,0.5,0.6,0.6,0.7,0.9
20150131,8,SO2,15,13.7,14.5,12.1,19.2,34.6,19.4,8.5,21.4,17.3,30.3,28.6,28.8,32.9,31.1,23.1,16.3,32.2,22.5,13.9,2,8.2,20.1,29.6,56.5,4.4,3.8,23.5,5.1,21.5,14.4,20.4,12.3,22.7,29.2
20150131,8,NO2,54.7,55.7,57.3,56.2,54.7,76.1,64.7,42.8,45.8,53,70.9,64.9,67.8,70.2,63.5,55.9,24.9,25.5,63.2,46.8,43.8,13.3,57.6,10.6,17.6,10.1,13.8,86.5,56.9,58.2,56.8,66.2,63.1,90.3,78.9
20150131,8,O3,10,12.8,11.5,15,2,4.6,2,2,17.3,4.6,5.7,5.5,5.5,3.8,6.1,11,37.8,40.8,4.8,9.3,6.1,52.7,6.3,52,42.6,44.2,48,3,2,17,15.3,3.7,24.8,2,7.1
20150131,8,CO,0.6,0.5,0.5,0.5,0.8,0.8,0.9,4.1,1.1,0.6,1.1,1.1,3.1,1.2,1.1,1.2,0.4,0.6,1.8,1.2,1.3,0.6,2.2,0.4,0.6,0.3,0.4,1,1.3,8.6,0.6,0.9,1,1,1.1
20150131,9,SO2,17.7,17.2,20,14.8,17.1,22.4,26,12.3,31.5,24,42.8,34.2,29.5,29.9,38.4,15.6,36.8,35.8,31,18,5.1,8.4,61.1,37,49.1,3.8,3.6,23.1,15,,16.6,19.7,17.6,23.9,37.6
20150131,9,NO2,48.3,53,57.9,46.8,37.2,52.4,65.9,45,45,53,62.3,62.5,59.6,66.6,57.8,33.6,29.9,26.7,64.7,50.4,27.1,13.2,48.7,10.4,14,7.6,11.3,76.6,59.9,,57.2,67.3,66.3,80,73.4
20150131,9,O3,17.8,21.5,12,25.6,22,29.5,2,2,20.5,6.6,14.4,9.6,5.8,9.5,12.2,36.5,35.3,40.6,6.7,10.6,21.8,54,11.4,52.3,45.7,47.6,50.3,11,2,,15.8,4,21.1,2,12.8
20150131,9,CO,0.6,0.6,0.6,0.6,0.7,0.7,1.1,4.2,1.5,0.8,1.4,1.4,2.6,1.1,1.3,0.6,0.5,0.6,2,1.3,0.9,0.6,1.7,0.4,0.6,0.4,0.4,0.9,2.4,,0.8,0.8,1.1,1,1.2
20150131,10,SO2,14.6,17.6,21.7,15.9,16,19.6,27.4,30.8,32.9,27.6,44.7,42,45.1,27.7,26.3,14.1,2,36.9,42.4,22.6,5,8,47.9,30.1,53.4,3.3,5.8,21.7,27,,17,19.5,18.6,22.5,32
20150131,10,NO2,39.3,38.9,44.4,32,35.8,37.8,52.9,51.1,49.9,42.4,57.1,57.6,61.4,48.4,42.9,26,18.5,23.3,59.4,49.5,25.5,8.4,49.6,6.5,13.3,6.3,12.7,64.5,56.1,,38.8,52,57.4,63.1,63.5
20150131,10,O3,25.1,38.9,24.7,41.5,27.7,46.3,14.2,2,23.4,21,23.5,16.5,6.3,26.3,32,44.6,49.1,45.4,12.2,19.3,36.6,64.4,15.8,58.9,48.6,52.1,55.8,19.9,2.5,,40.6,19.9,30.7,14.3,25.8
20150131,10,CO,0.7,0.6,0.6,0.6,0.9,0.7,0.8,4.5,1.4,0.7,1.4,1.5,2.4,0.7,1,0.6,0.5,0.6,1.4,1.6,0.7,0.5,2,0.4,0.6,0.3,0.5,0.9,1.6,,0.6,0.7,0.9,0.8,1.1
20150131,11,SO2,17.8,16.6,25.2,17.6,24.2,19.7,31,35.2,18.9,24.3,34.9,32.2,65.5,21.5,24.3,15,2,25.1,45.2,14.5,9.1,5.5,52.8,22.9,39.1,2.8,11.3,18.3,31.6,43.8,18.8,19,15.1,22.6,25.8
20150131,11,NO2,28.4,35,42.9,32.2,33,32,54.5,54.3,19.6,38.9,44.2,46.3,71.3,42.8,33.5,19.4,20.6,17.2,55.8,32.4,19.9,5.5,34.8,4.6,11.1,4.5,15.9,51,49.5,52.8,32.3,42.3,49.2,63,46.1
20150131,11,O3,36.3,46.4,28.1,42.3,32.4,56,17,2,54.3,28.4,36.9,27.3,6.7,35.2,39.2,54.4,48.1,54.8,19.4,39.2,47.3,68.7,29.5,62.5,53.8,58.4,57.6,28.3,14.2,24.6,51.7,30.7,36.2,16.4,41.6
20150131,11,CO,0.7,0.7,0.7,0.6,0.8,0.7,1,3.7,0.7,0.7,0.9,1.2,2.1,0.7,0.9,0.5,0.5,0.4,1.3,0.8,0.6,0.5,1.2,0.4,0.5,0.3,0.8,0.6,1.4,1.7,0.7,0.7,0.8,0.9,0.8
20150131,12,SO2,19,16.8,24.8,19.3,29.1,20.3,31.1,31.4,18.1,19.5,30.3,23.6,38.5,16.6,19,15.5,2,20.3,33,3.9,14.4,6.1,70.5,16.9,32.1,2.7,7.3,18.6,32.1,43.4,21.2,20.7,21.5,23.7,21.5
20150131,12,NO2,27,31.3,42.3,32.9,24,30,53.2,53.4,23.2,36.1,43.7,37.8,64.3,44.1,31.4,17.6,14.8,13.2,44.1,7.3,15.1,4.9,20.5,3.8,11.4,3.1,12.9,44.7,50.4,47.8,26.2,43.5,46.2,66.1,34.4
20150131,12,O3,39.1,54.1,33.2,43.7,47.5,62.4,22.2,3.9,54.2,35.6,43.7,37.7,8.3,40,43.5,58,56.2,58.5,29.7,62,55.8,72.5,46.8,65.1,58,65.4,62,31.3,21.1,36.6,59.9,34.8,43.8,16.3,54.2
20150131,12,CO,0.7,0.6,0.8,0.7,0.7,0.6,1,2.9,0.7,0.7,0.8,0.9,1.6,0.6,0.8,0.5,0.4,0.4,1,0.2,0.5,0.5,0.8,0.3,0.5,0.2,0.5,0.5,1.3,1.5,0.7,0.7,0.9,1,0.6
20150131,13,SO2,20.1,19.9,22.3,18.4,24.6,23.8,22.8,25.5,18.7,17.3,24.6,20.5,29,13.2,16.1,19.4,2,15.7,29.3,3.3,4.1,5.1,47.3,16.5,33.7,2.5,4.6,18.1,29.2,42.7,22.1,22.6,20,26.5,25.2
20150131,13,NO2,24.6,33.5,41.3,30.8,22.2,33.1,46.7,52.4,23.9,36.6,48.2,33.3,56.8,38.6,29.8,23.4,10.5,10.5,38.6,4.3,11.2,5.2,15.5,3.1,12.3,2.9,8.8,40.5,44.2,47.7,31.1,45.3,49,69.8,35
20150131,13,O3,45.3,54.5,39.9,49.7,54.5,65.1,30.3,5.7,56.2,38.9,43.1,45,10.4,48.7,48.5,56.3,62.5,64.3,35.1,65.7,63.4,74.4,55.2,68.6,60.1,67.5,66.7,33.5,30.6,45.9,59,38.3,44.1,17.2,55.7
20150131,13,CO,0.6,0.6,0.8,0.7,0.7,0.7,0.8,2.2,0.8,0.7,0.8,0.9,1.3,0.6,0.8,0.7,0.3,0.3,0.8,0.3,0.4,0.4,0.6,0.3,0.5,0.2,0.4,0.5,1.1,1.4,0.8,0.7,0.8,1.1,0.6
20150131,14,SO2,14.7,19.2,18.2,18.1,16,20.4,14.4,20.3,11,17.1,20,18.2,20.5,11.2,16.5,14.7,2,16.2,25.3,3.3,3.3,5.2,40.1,17,30.8,2.2,3.8,19.8,23.5,36.6,20.1,21.4,14.8,25,25.5
20150131,14,NO2,19.3,34.4,39.4,33.7,16.1,32.5,40.2,52.3,14.8,32.2,46.5,29.6,48.1,39.7,31.6,20.4,13,9.1,36.4,5.1,10.3,5.6,13.4,3.5,18,2.1,8.1,40.9,36.7,44.1,29.8,40.9,44.2,70.8,37.5
20150131,14,O3,49.9,58.5,42.7,51.2,61.5,71.4,36.2,7.2,64.9,47.7,49.4,49.6,11.2,48,50.4,61.7,62.1,68.4,39.1,66.1,67.9,76.4,62.3,70.4,59.4,70.5,71,32.9,40.6,56.1,62.5,43.2,49.2,19.3,58.4
20150131,14,CO,0.5,0.7,0.7,0.7,0.5,0.6,0.6,1.7,0.6,0.7,0.7,0.8,0.9,0.6,0.8,0.6,0.3,0.3,0.8,0.3,0.3,0.4,0.6,0.3,0.5,0.1,0.3,0.5,1,1.3,0.7,0.7,0.7,1.1,0.6
20150131,15,SO2,11.1,12.2,11.1,13.9,14,14.6,11.2,16.4,7.9,15,19,15.7,19.1,10,16.3,16.5,2,13.8,23.1,3.4,8.9,5.7,48.4,16.4,30.7,2,3.3,19.7,18.7,30.9,14.4,17,12.5,25.1,19.3
20150131,15,NO2,18.5,29.4,32,29.3,15.2,28,38,49.6,12.5,33.4,55.6,27.4,46.1,39.3,34.2,23.4,17,12.1,35.7,4.6,13.9,5.5,15.7,5.2,30,2,6.8,42.3,32.2,39.4,30.4,39.8,36.5,75.1,29.4
20150131,15,O3,49.8,62.3,47.4,53.9,64.5,79.5,37.9,9.2,67.2,47.3,48.7,53.3,13.9,49.2,50.9,60.7,59.5,68.7,40.7,68.5,67,78,63.9,71.6,51.3,71.9,72.1,33.8,45.6,67.1,60.2,42.6,53.4,18.5,64.5
20150131,15,CO,0.5,0.5,0.5,0.7,0.5,0.5,0.6,1.3,0.5,0.7,0.7,0.7,0.8,0.6,0.8,0.7,0.3,0.3,0.7,0.3,0.4,0.4,0.7,0.3,0.5,0.1,0.3,0.5,0.9,1.2,0.6,0.7,0.7,1.2,0.5
20150131,16,SO2,10.2,11.7,8.8,11.1,12.9,11.8,10.4,16.1,9.6,15.7,20.5,17,16.3,13.5,16.2,18.8,2.7,16,19.4,3.9,24.9,16.8,46.3,17.3,22.4,2,3.4,20.6,19.3,28.2,12.9,14.6,10.4,20.4,17.5
20150131,16,NO2,23.1,35,32.6,31.9,20.4,29,40.4,45.7,19.6,41,63.1,37.3,47.5,47.9,37.6,27.9,17.3,16.4,41,8.9,22.4,9.1,15.1,8,21.3,2.4,8.4,45.3,30.9,35.9,42.4,44.7,43.6,74,31.4
20150131,16,O3,44.4,57.2,46.2,50.8,58.8,78.7,37.3,10.9,60.8,38,48.5,46.4,17,42.6,49.6,57.4,59.5,67.3,39.6,66,59.9,74.3,66.1,69.5,60.3,71.7,71.8,32.6,46.6,72.7,46.1,38.6,47.8,15.8,65.6
20150131,16,CO,0.5,0.5,0.5,0.6,0.4,0.4,0.6,1.1,0.6,0.7,0.6,0.8,0.8,0.6,0.7,0.7,0.3,0.4,0.7,0.3,0.4,0.4,0.7,0.4,0.4,0.1,0.3,0.5,1,1.1,0.7,0.7,0.6,1,0.5
20150131,17,SO2,10.1,11.9,12.8,14.5,11.3,11.4,13.6,14.8,16.3,17.8,21.4,21.6,18.7,15.2,15.7,22.2,3,14.3,22.5,6.6,32.6,9.3,31.1,12,14.8,2,4.8,20,33.4,25.7,14.5,15.7,10.7,22.5,13.3
20150131,17,NO2,37.7,46.1,49.7,55.4,34.7,43.7,56.8,40.9,42.7,49.8,61.6,51.8,58.8,48.7,48.8,40.1,28.8,19.8,51.7,14.1,32.3,8.1,14.8,6.4,32.6,2.4,11.3,51.6,45.3,34.3,56.5,60.1,56.6,85.2,37.5
20150131,17,O3,33.1,43.7,31.7,30.9,40.8,58.3,22.2,12.1,42,29.7,49.8,36.1,15.9,45.8,37.7,43.6,46.3,66,35.2,61.4,49.6,75.5,65.5,71.8,52.3,72.2,67.7,28,36.6,71.2,30.3,23.6,38.9,9,61.3
20150131,17,CO,0.6,0.6,0.7,0.9,0.6,0.5,0.8,1,0.8,0.8,0.8,0.9,0.9,0.7,0.8,0.8,0.3,0.4,0.8,0.4,0.5,0.4,0.6,0.3,0.3,0.1,0.3,0.5,1.2,1,0.9,0.8,1.5,1.1,0.5
20150131,18,SO2,15.7,17.7,18.7,18.2,15.3,16.3,20.8,16.6,30.1,23.8,24.6,25.6,19.7,32,19.4,24.9,4.5,18.9,26.9,10.1,21.1,13,44,10.2,14.6,2,6.7,19.5,26.6,26.3,19.5,20.7,17,29,16.3
20150131,18,NO2,53.3,51.3,67.6,59.1,61.4,72.5,82.5,47.7,60,63.4,59.2,62.6,61.1,63.7,54,74.5,45.4,42.2,58.9,24.1,34.5,27,24.2,14.2,27,2.5,14.9,64.6,50.8,40,65.7,58.2,84.9,93.2,68
20150131,18,O3,24.5,41.6,21.1,32.2,9.6,22.9,5.8,5.5,34.5,14.7,49.7,34.6,17.6,31.9,35.1,11.6,28.4,41.9,37.3,50.1,43.1,54.5,54.6,56.8,54.1,72,61.8,16.7,25.5,64.2,25.1,26.9,19.3,7.8,30.5
20150131,18,CO,0.8,0.8,1,1.2,0.8,0.8,1.1,1,1.3,1,1.1,1.2,1,1.1,1,1.2,0.5,0.7,1.1,0.6,0.6,0.8,0.9,0.3,0.4,0.1,0.3,0.5,1.3,1.1,1.1,1,1.1,1.3,0.8
20150131,19,SO2,22.1,24.1,29.9,26.1,25.7,23.3,25.3,20.1,27.6,34.4,29.3,30.7,26.6,36.9,39,29.6,11.4,40.3,31,18.9,11.1,36.1,42.5,11.4,19.5,5.2,11.5,21.9,16.5,32.6,27.5,27.5,27.1,37.9,26.5
20150131,19,NO2,54,60.4,73.8,81.7,70.4,71.7,88.6,56.8,61.2,82.5,57.7,70.6,82.9,76.5,75.8,82.3,70.9,81.8,71.8,48.1,65.4,62.8,42.3,17.4,28.5,7.7,20.2,80.9,52.2,48.2,78.2,69,98.7,104.3,61.5
20150131,19,O3,28,33.6,19.9,14.7,10.1,29.7,5.5,2.7,33.1,2,42.6,23.6,8.9,19.3,14.6,5.5,6.1,11.6,18.2,27.7,6.9,17.8,34.7,46.3,41.7,60.8,53.4,7.6,14.9,57.9,15.8,19.1,14.2,2,45.7
20150131,19,CO,1,1.1,1.3,1.6,1.1,1,1.4,1.2,1.4,1.5,1.3,1.5,1.3,1.2,1.3,1.1,0.8,1,1.5,1.1,1.1,1.6,1.3,0.5,0.4,0.2,0.4,0.7,1.1,1.4,1.4,1.3,1.4,1.7,1
20150131,20,SO2,24.2,26.1,33.6,33.7,28.7,27.4,27,20.4,23.1,36.6,38.8,38.1,34.9,44.8,55.9,48.1,22.4,42,42.4,25.9,30.4,33,40.6,23.6,29.7,4.7,17.6,26.5,21,45.6,33.8,31.5,28.1,41.8,29.4
20150131,20,NO2,57.3,69.7,82.7,87.3,70.5,80.8,93.7,60.7,62.4,86.3,87.2,85.8,94,81.8,89.4,91.1,87,89.3,89.4,72.2,57.9,63.4,68.3,21.5,32.4,7.8,36.8,90.8,65.1,71.9,83.6,77.3,97.9,105.6,68.9
20150131,20,O3,24.5,22.3,12.8,10.4,11.8,19.7,2,2.3,25,2,21,7.3,8.1,13.9,5.9,3.2,6,9.4,6.2,6.2,7.8,16.8,11.3,31,33.7,58.1,37,3.3,5.9,38.3,13.6,12.1,13.1,2,38.8
20150131,20,CO,1.2,1.2,1.5,1.7,1.2,1.2,1.5,1.5,1.2,1.7,1.9,1.8,1.7,1.6,1.6,1.4,1.3,1.5,2.5,1.4,1.8,2.2,1.6,1.9,0.5,0.2,0.5,1,1.5,2,1.5,1.5,1.5,1.8,1.2
20150131,21,SO2,27.9,26.3,39.7,39.6,36.9,32,36.3,17.4,18.5,47.3,44.6,37.7,38.1,66.3,60.8,63.4,25.2,35.4,30,40.9,29.5,43.4,47.5,33.1,44.7,3.7,24.4,36.9,23.7,60.9,39,36.4,32.1,46.8,32.5
20150131,21,NO2,72.6,75.8,91.5,100.3,84.3,87.2,98.1,62.9,65.9,95.5,87.4,88.3,93.7,85.3,90.3,97.7,93.4,62.8,75.5,73.1,44.7,64.7,66.5,32.4,46.8,8,50.8,99.8,74.4,87.1,93.6,85.5,105.8,111.6,81.4
20150131,21,O3,12.7,16.4,9.5,4.9,3.7,15.3,2,2,16.6,2,18.9,3.7,9.4,9.7,4.5,2.8,5.8,17.9,6.5,6.6,14.1,15.6,12.9,22.5,18.3,50.8,24.7,2.7,2.8,25.9,4,7.1,11.3,2,29
20150131,21,CO,1.4,1.4,1.7,2.4,1.6,1.3,1.8,1.7,1.1,2,1.9,1.9,2,1.8,1.8,1.9,1.6,1.6,2.3,2,1.5,2.6,2.2,2.5,0.7,0.2,0.8,1.4,2.6,2.9,2,1.7,1.7,2.1,1.4
20150131,22,SO2,32.8,30,46.9,40.6,38.9,38.5,37.3,16.3,16.3,63.5,32.4,33.8,57.9,63.8,72.8,72.2,25.7,22.9,36,34.3,23.3,31.1,49.3,30.8,55.1,3.6,39.7,51.5,30.7,57.7,44.1,51.3,40.9,60.3,37.8
20150131,22,NO2,80,86,102.1,102.7,93.7,93.5,99,63.2,62.4,103.2,80.4,87.8,103.1,88.1,95.1,99.2,90.8,39.1,69.8,47,42.1,57.7,63.9,23.8,60.5,9,67.2,104.4,86.5,87.2,96.8,92,106,111.3,88.9
20150131,22,O3,10.2,8.9,2.8,4.4,2,13.9,2,2,15.8,2,16.6,2,11.7,2.9,3.8,3.3,6.7,31.3,7.9,11.7,12.9,11.4,13.4,29,14.9,44.4,15.9,2.1,2,21.8,2.9,2.5,12.1,2,25.1
20150131,22,CO,1.6,1.5,2,2.4,1.8,1.5,1.9,1.8,1,2.4,1.5,2.2,3.3,2.1,2.5,2.3,2.1,0.9,1.8,2.1,1.6,2,2.4,2.3,0.7,0.2,1.1,1.9,1.8,4,2.2,1.8,1.9,2.3,1.5
20150131,23,SO2,40.7,40.6,55.9,46.8,43.9,43.5,37.6,15.6,20.4,65.8,39.1,34.1,68.6,71.4,66.4,68.1,72.1,28.5,33.9,26.5,16.8,29.9,41.9,31.1,52.7,4.7,38.4,51.7,25.9,81.1,50,76.1,47.5,79.3,39.1
20150131,23,NO2,86.6,89.9,101.9,104.2,100.1,99.6,98,61.1,67,103,84.2,82.2,103.8,89.7,93,94.1,102,43,53.9,34,31.6,51.5,66.7,21.2,63.6,8.9,77.1,108.5,83.8,103.7,96,97.5,107.6,113.9,104.6
20150131,23,O3,6.5,6.2,2,5,2,5.9,2,2,12.5,2,11.7,3.4,13.5,2.3,2.6,3.8,15.3,26.1,15.3,16.5,19,13.6,11,30.3,7.3,45.3,9.2,2.1,2,23.3,2.4,2,10.7,2,10.4
20150131,23,CO,1.8,1.7,2.3,2.8,2,1.6,2.3,2,1.2,3.2,1.8,2,4.6,3.1,2.4,2.7,4.6,0.9,1.3,1.6,1.5,2.6,2.1,2.2,0.8,0.3,1.3,2.4,2.3,5,2.4,2.1,2.2,2.6,1.7
20150131,0,PM2.5,10.5,10.4,12.9,9.3,9.2,11.4,14.8,62.4,16.9,13.4,44.6,14.6,18.5,17.9,23.3,27.8,18.2,15.7,36.2,7.5,20.8,6.5,40.6,3,19.6,3.6,8.2,46.4,69.7,170.5,12.1,8.6,18.7,11.8,23.6
20150131,0,PM10,,12,14.6,16,21.7,21.2,26,,21.3,14.6,61.4,24.3,36,22.6,26.4,29.2,,,78.7,,21,,49.4,5,28.1,5,11.2,,,221.2,12.2,10,19.7,22.1,36.4
20150131,0,AQI,26,22,27,23,30,25,32,24,18,23,35,21,31,30,21,37,28,25,22,20,25,24,30,22,30,21,20,52,50,77,20,23,26,30,30
20150131,1,PM2.5,9,6.7,10.8,11.1,11.2,10.7,15.6,51.5,19.3,6.4,37.2,21.1,19.1,12,21.7,21.5,12.5,16.7,32.9,3.9,14.9,3,25.7,8.2,16,12.3,7.1,32.8,44.5,167.9,5.1,7.1,11,11.3,18.6
20150131,1,PM10,14.3,11.1,13.3,13.6,29.7,22.8,17.6,,23.5,8.6,54.6,35.7,31.2,12.9,28.4,22.2,,18.1,46.8,5.1,,7.9,29.2,10.7,25.7,13.1,24.7,,64.6,204.2,10.3,12.1,19.2,15.5,40
20150131,1,AQI,26,21,23,23,30,26,28,27,19,24,34,26,29,21,27,37,28,25,20,20,26,23,30,21,31,20,19,53,51,85,20,23,27,32,33
20150131,2,PM2.5,9.8,9.7,9.7,12.7,14,12.9,19.9,58.4,17,12.7,29.6,20.2,24.5,9.4,18.7,17.2,13.6,14.1,32.3,3.2,10.8,5,40.4,7.7,24.9,13.2,11.3,22.1,78.9,212.3,11.1,13.5,18.6,17.7,32.6
20150131,2,PM10,11.9,14.7,13.5,16.4,29.7,26.9,,,17.3,,37.6,21.1,38.1,,25.6,,16.4,20.2,43.5,5,18.6,,53.9,9.8,34.4,,15.2,,,,13.8,14.5,19,19.7,70.5
20150131,2,AQI,26,21,23,23,32,29,27,30,19,22,32,24,30,28,27,37,28,25,21,20,25,23,32,20,31,20,17,54,54,95,20,23,27,32,33
20150131,3,PM2.5,15.3,13.9,13.3,13,13.4,23.4,15.9,56.3,15.4,10.7,24.7,14.7,27.6,13.1,20.6,9.1,10.5,14.6,28.2,3,15.1,3,61.7,11,19.4,3,6.7,24,98.3,187.8,11.9,11.6,14,12,28.5
20150131,3,PM10,17,22,18.3,22.6,30.2,38.2,25.6,,19.2,13.4,42.6,24.3,39,19.7,29.9,14.4,,24.5,40.4,5.3,18.4,5.8,64.3,14.7,27.9,5,12.8,25.7,118.8,,19.6,22.9,31,27.9,49.6
20150131,3,AQI,25,22,26,23,32,33,31,32,18,22,38,28,30,31,31,36,28,25,22,19,26,22,33,18,31,21,17,54,58,104,20,23,27,33,35
20150131,4,PM2.5,13.6,15.9,16.6,13.5,16.4,27.8,14.7,50.3,15.8,17.3,26.2,17.7,28,18.5,20,11.7,5.3,15.7,28.3,5,21.9,3,49,10.7,10.5,7.1,9.4,25.9,70.1,226.7,16.4,14.6,17.9,14.5,25.1
20150131,4,PM10,,18.5,20.8,27.9,28.5,34.9,21.9,,18.4,,44.7,26.6,43.2,21.2,25.6,,8,17.5,,5,23.5,5,,13.5,15.4,,9.6,,,,,17.4,27.2,27.9,40.3
20150131,4,AQI,25,22,32,25,32,33,30,34,19,23,36,28,32,31,32,36,28,25,23,18,26,22,33,18,31,20,16,55,61,116,20,23,29,31,38
20150131,5,PM2.5,16.9,14.5,14.7,17.5,9.6,18.1,19.7,47.3,15.7,18,29.4,15.8,28.9,24,18.7,10.1,12.1,10,26.3,3,17.5,8.8,25.7,5.7,9.2,8.3,5.9,25,49.5,223.4,12.9,15.4,18.6,16.2,13.9
20150131,5,PM10,,20.5,19.7,28.1,26.5,19.4,30.5,,,,47.8,27.5,38.2,,29.7,12.5,,14.7,28.3,5,,,31.1,11.5,15.1,,9.2,,,,19.3,20.6,26.9,20.9,28
20150131,5,AQI,26,22,27,23,33,28,35,37,19,28,35,29,35,27,33,36,29,25,25,19,27,21,33,20,30,19,16,55,62,127,23,23,28,27,37
20150131,6,PM2.5,11.2,8.4,10.4,10.4,11.3,13,20.1,53,12.9,11.3,29.5,15.9,37.1,33.9,18.9,10.3,10.7,13,28.5,3,15.2,4,41.4,10.1,11.9,6.6,3,21.3,33.9,164.2,13.9,12.4,15.9,13.8,16.9
20150131,6,PM10,,11.8,13,18.8,24.5,15.7,21.9,,18.1,13.5,44.9,24.8,69.2,44,28.5,17.2,,17.2,31.8,6.4,,7.6,48.8,16.4,19.3,,5.3,,,169.9,,15.1,18.5,22.7,27.3
20150131,6,AQI,26,21,25,23,33,27,31,39,19,25,33,27,35,38,32,35,29,24,28,17,27,20,34,18,30,19,17,55,64,135,21,23,28,33,38
20150131,7,PM2.5,9.4,12.5,11.7,9.5,11.1,14.5,12.3,46.2,16.2,8.5,23.3,18.5,48.4,33.2,18.6,11.4,9.8,16,31.3,11.7,19.9,5.2,69,12.2,18.1,5.2,8.1,23.8,58.1,224.9,7,9.1,14.6,3.4,15
20150131,7,PM10,,,,17,24.8,21.3,14.7,,18.3,10,43.5,31.2,109.9,37.4,25.7,20.8,,19.1,49.1,18,22,9.3,71.8,15.9,22.9,7.3,,,,,10.5,14.2,18.2,23.8,25.3
20150131,7,AQI,26,23,22,25,34,33,31,41,20,24,37,34,38,37,32,36,29,24,29,16,27,15,37,17,30,16,17,56,66,146,22,28,27,39,39
20150131,8,PM2.5,10.1,14.6,7.9,7.1,12.6,15.9,13.2,41.6,12.5,9.7,22.5,18.4,52.7,22.5,17.6,28.8,16.3,18.2,27.9,19.9,24.8,5.5,55,9,14.3,12.3,7.3,19.6,46.2,194.4,7.5,10.4,14.9,11,20.4
20150131,8,PM10,19.1,18.5,16.4,20.2,27.6,28.9,24.8,,26.5,12.8,45.4,29.2,133.5,28.4,29.2,44.6,,22.2,59.2,31.8,26.5,11.7,,20.4,23.5,,,22.3,,,18.4,23,25.5,35.6,33.1
20150131,8,AQI,28,28,29,29,34,39,33,42,23,27,36,33,43,36,32,35,29,24,32,24,27,17,39,17,30,14,17,56,61,156,29,34,32,46,40
20150131,9,PM2.5,12.1,12.7,14.8,12.2,16.7,13.9,19.6,58.8,19.7,13.6,36.7,22.5,57.6,14.5,28.3,15.1,13.9,24.5,42.9,28.3,19.8,10.8,47.2,11.9,11.3,8.1,7.5,23.5,70.1,,14.1,12,13.6,14.1,22.5
20150131,9,PM10,29.9,22.3,23.5,24.3,33.7,27.8,37.1,60.5,36.1,24.4,57.2,35,103.1,32.7,41.9,40.4,,27.7,82,54.8,,20.3,62.3,19.7,23.7,15.5,11.1,33.9,87.2,,26.4,45,32.2,44.1,50
20150131,9,AQI,25,27,29,24,35,27,33,44,23,27,34,32,46,34,29,36,29,24,33,26,27,17,40,17,30,15,17,55,63,161,29,34,34,40,37
20150131,10,PM2.5,13.4,9.6,17.6,10,22.3,14.7,19.4,106.4,30.5,16.7,45.8,32.2,68.4,17.4,27.5,20.1,15.2,26.9,32.1,57.1,21,3,66.8,14.2,15.4,9.7,14.6,33,58.7,,17.7,15.1,12.8,17.7,39.7
20150131,10,PM10,31.8,17.6,,22.5,39,27.2,,,39.7,17.9,66,42.3,107.9,23.2,33.2,28.2,,,54.4,66,,5.2,82.9,16,25.8,10.5,,34.9,67,,20.8,27.2,25.9,29.9,
20150131,10,AQI,23,21,23,23,36,27,27,49,25,22,36,29,50,25,26,35,29,24,32,25,27,21,43,19,29,17,18,56,63,164,20,26,29,32,34
20150131,11,PM2.5,20,12.6,14.8,16.2,24.2,23.7,24.8,57.6,18.8,17.9,30.6,30.4,56.2,17.8,21,19.7,15.2,14.6,36.4,33.4,25,3,55.1,6.3,13.2,6.5,30.8,17.1,46,61.2,19.6,14,25.2,17.8,22.8
20150131,11,PM10,25.2,20.2,16.6,24.7,40.7,29.2,,,,,41.5,35.3,87,20.9,26.7,22.6,,,49,40.9,,5,59,11.3,20.2,,,19.8,53.1,,27.8,29.7,32.2,33.9,29.9
20150131,11,AQI,23,21,22,22,37,27,28,52,21,21,37,26,51,26,26,35,29,24,34,22,27,22,45,20,28,19,18,56,65,166,20,22,27,32,33
20150131,12,PM2.5,22.8,16.5,20.7,21.1,19.8,19,26.2,31.5,20.9,18.9,31,19.9,47,20.1,22.6,13.6,11.1,11.7,33.4,5.3,16.2,3,27,9.7,10.6,3,15.7,16.6,56.4,52.5,21.4,21.3,25.9,25.1,18.3
20150131,12,PM10,,19.7,21.2,26.8,33.6,26.7,,,,,38.3,26.4,56.4,33.7,22.7,26.1,,,37.2,,27.9,5,34.3,,19.4,5,,,56.9,,25.7,24.7,34.7,34.9,21.8
20150131,12,AQI,23,21,22,22,37,27,28,53,21,21,38,26,52,27,26,35,28,24,35,22,28,23,46,21,27,21,20,56,67,168,20,23,27,34,33
20150131,13,PM2.5,24.2,24,18.4,24.6,24.4,23.3,21.8,28.1,26.4,23.3,29.5,21.4,45.9,14.3,19.6,17.9,6.8,19.9,30.6,4,13.1,3,26.8,9.8,22.4,9.7,11.4,14.9,59.4,64.4,25.3,24.6,28.2,29.3,20.7
20150131,13,PM10,,,20.3,,29.4,28.3,,,,,32.1,,47.5,,,25.7,,,,5,20.9,5,29.1,,,,,,,,25.7,,35.9,32.9,22.5
20150131,13,AQI,23,20,21,23,37,27,28,54,21,21,39,27,52,27,26,35,28,24,36,22,28,24,47,22,26,22,21,56,70,170,20,23,28,35,32
20150131,14,PM2.5,21.2,25.9,22.6,27,13.5,21.1,13,17.5,19.4,24.1,29.7,24.3,29.6,15.4,29,16.4,9.7,12.5,30.5,3.6,14.8,6.4,24.7,11.9,22.2,3,4.5,13.9,43.4,59.7,24.4,27.8,26.2,25.7,21.7
20150131,14,PM10,,28.1,,31.8,17.4,26.2,,,,,31,,33.5,16.9,,18.6,,,,5,,,27.3,,,5,5,,51,,27.8,28.7,,37.4,
20150131,14,AQI,23,21,20,23,36,27,28,55,22,21,40,27,53,27,27,35,28,24,38,22,29,24,48,23,25,23,23,56,71,173,21,23,28,36,33
20150131,15,PM2.5,16.3,17.1,12,21.1,13.3,15,11.1,16.5,15.3,20.9,31.3,19.6,23.4,19.7,26.4,15.2,15.3,9.9,29.5,7.1,17.7,3,22.4,10.2,23,3.9,3.8,17.3,40,64.4,22,25.7,17.3,33.5,18.4
20150131,15,PM10,,17.6,,29.6,17.4,18.9,,,,,38.6,,34.4,20.5,,,,10,,,18,5,40.8,10.4,29.1,5,5,,47.1,,,,19.7,43.3,
20150131,15,AQI,24,21,20,24,35,27,27,55,22,22,41,28,53,27,28,36,29,23,39,22,29,25,48,23,25,23,23,57,73,175,21,23,28,38,34
20150131,16,PM2.5,17.2,16.3,12.6,15.8,10.3,9.8,9.8,14,17.8,22.2,32.5,29.3,37.2,19,25.7,19.5,13.7,15.1,32.8,5.2,15.8,10,23.5,16.2,17.9,3,5.2,16.7,55.8,73.1,14.7,23.9,13,30.5,10.9
20150131,16,PM10,,25.7,,26,20.8,19.4,15.3,,21.9,64.2,49.5,30.2,55.7,42.5,31,25.7,14.7,16,37.8,8,25.6,,39.2,17.2,,5.5,8.3,18.2,66.5,,22.7,29.3,21.5,37.2,23.5
20150131,16,AQI,25,21,20,24,33,27,26,55,23,23,42,29,54,28,28,36,29,23,40,22,29,24,49,22,24,23,23,57,75,178,22,24,28,37,33
20150131,17,PM2.5,17.5,22.6,22.7,26,12.2,16.1,19.7,13.9,17.4,32.3,44.3,34.2,45.7,35.3,29.8,23.2,18,11.2,43.1,4.7,18.2,7.5,19,12.4,12.7,11.2,8.2,24.7,101.1,65.8,26.9,27.4,16.7,33.3,16.3
20150131,17,PM10,19.7,29.2,25.2,43.4,22.8,24.8,31,18.7,39.1,39.1,58.2,83.2,71.3,72.3,35.5,52,20.1,15.9,52.7,12.5,33.9,10.9,30,,17.9,,13.3,,115.9,66.5,35.9,38.5,31.3,50.2,21.5
20150131,17,AQI,25,24,25,28,32,27,29,55,24,25,44,32,55,31,30,36,30,22,42,22,29,24,49,23,24,23,22,57,80,180,29,31,29,43,33
20150131,18,PM2.5,35.5,37.9,39.2,40.7,23.7,29.2,36.2,30.1,44.5,48.2,73,52.1,70.2,62.3,43.1,41.1,19.3,23.5,61.4,15.7,21.3,16.4,31.3,11.5,15.3,7.5,12.2,23.2,151.5,72.4,44,44.5,39.9,53.1,27.5
20150131,18,PM10,55.9,55.6,55,70.4,50.1,56.9,67.2,48.1,57.4,61.2,100.2,96.9,93.6,81.3,67.6,63.6,27.4,37.9,69.5,29.6,48.7,27.3,42.2,13.8,24,9.9,16.6,28.4,,74.6,70.9,68.4,70.5,73.9,46.7
20150131,18,AQI,28,26,34,30,32,37,42,56,30,32,47,35,56,34,32,38,30,22,45,22,30,18,51,18,24,23,20,57,87,182,33,30,43,47,34
20150131,19,PM2.5,62.5,56.4,67,63.9,45,58.7,61,58.7,50.4,82.2,86.8,84.3,80,86.4,68,50.5,37.5,48.6,84.1,40.7,29.3,49.9,60.4,22.4,17.8,15.2,19.7,50.5,92.7,107.3,66.7,70.8,69.6,81.3,49.6
20150131,19,PM10,80.3,78.9,85,91.8,81.3,82.3,100.8,65.8,58.9,114.9,117.1,122.7,114.6,107,98.3,90.7,43.1,59.8,106.8,77.4,74.6,79.6,67.3,26.4,21.9,31.2,27.7,61.6,109,,84.1,99.8,100.5,111,68.1
20150131,19,AQI,30,31,37,41,36,36,45,59,31,42,51,39,58,39,38,42,36,41,49,25,33,32,54,15,24,19,19,57,90,184,40,35,50,53,36
20150131,20,PM2.5,86.4,75.1,82.7,81.4,67.2,78.5,81.8,89.2,66.7,97.5,114.5,107.1,112.2,122.8,99,77.3,64.8,67.2,110.7,67.2,83.9,85.4,61.4,3,15.9,12.3,25.9,72.3,179.6,167.7,86.7,85.2,84.9,93.5,72.8
20150131,20,PM10,93.7,93.2,98.5,105.3,100.6,102.8,116.7,100.8,72.8,128.7,147.6,145.4,140.3,134.6,126,124.1,84.4,80.9,137.5,85.7,90.3,110,82.9,,20.6,16.6,35.6,76.8,,,111.2,112.4,112.2,120.3,86.5
20150131,20,AQI,34,35,42,44,36,41,47,62,32,44,55,45,61,42,45,46,44,45,53,37,34,32,56,19,23,19,19,57,96,187,42,39,49,53,39
20150131,21,PM2.5,101.1,88.5,104.8,106.4,88.3,94.3,109.6,85.4,71.4,123,138.9,106.9,146.6,125.9,116,103.1,63,82,97.1,77,66.8,93.6,84.6,25.2,21.8,7.6,43.2,141.6,207.6,221,107.6,112.9,111.3,126.7,87.3
20150131,21,PM10,103.6,99.7,119.6,129.9,119.9,114.8,142.1,,75.5,149.7,164.5,185.8,172.4,140.9,135.3,142.7,76.7,,109.5,100.4,67.2,104.9,98.5,,26.9,27.3,57.9,,209.1,,127.2,132.4,133.8,136.2,95.6
20150131,21,AQI,38,38,46,51,43,44,50,66,35,48,62,51,67,47,46,49,47,32,57,37,36,33,60,25,24,16,26,54,104,193,47,43,53,56,42
20150131,22,PM2.5,127.2,113,118.6,121.5,103.2,112.8,121.5,73.3,65.4,138.7,91.2,85.9,190.6,143,141.8,126.4,69.3,38.5,72.1,83.6,69.5,69.5,94.2,37.8,28.9,11.5,68.9,143,147,244.8,122.6,125.2,124.6,137.1,108.4
20150131,22,PM10,,,130,140.8,129.6,124.5,150.9,,,166,123.5,158.3,224.4,151.7,159.4,160.3,89.5,38.8,73.9,90.6,,81.3,101.1,,40.2,15.6,86.6,,,,133,134.9,144.8,150,
20150131,22,AQI,42,43,52,52,47,47,51,68,38,52,64,55,75,54,53,50,46,33,60,32,37,29,63,23,31,14,34,54,108,195,49,46,53,56,45
20150131,23,PM2.5,140.5,119.1,133.4,141.7,109.2,120.9,118.4,71.6,63.8,165.4,99.5,72.8,212.9,180.5,147.2,154.1,146.3,40.7,64.4,59.6,60.9,88.6,78.8,28.7,36.2,13.4,80.9,156.8,127.8,276.2,131.3,146.4,135.4,157.5,218.1
20150131,23,PM10,,119.9,137.8,156,128.8,127.3,150.5,,64.5,200.3,139.5,98.6,244.1,182.8,159.5,185.6,160.9,,,,,91.4,83.3,,48.4,,100.2,,152.8,,136.7,153.3,149.4,157.6,
20150131,23,AQI,49,45,51,53,51,50,55,70,42,58,68,57,85,63,60,53,53,35,63,33,39,32,66,23,32,15,39,59,110,201,51,52,54,58,56
