date,hour,type,dongsi,tiantan,guanyuan,wanshouxigong,aotizhongxing,nongzhanguan,wanliu,beibuxingqu,zhiwuyuan,fentaihuayuan,yungang,gucheng,fangshan,daxing,yizhuang,tongzhou,shunyi,changping,mengtougou,pinggu,huairou,miyun,yanqing,dingling,badaling,miyunshuiku,donggaocun,yongledian,yufa,liulihe,qianmeng,yongdingmengxi,xizhimengbei,nansanhuan,dongsihuan
20150426,0,PM2.5,89.2,87.6,88.5,91.7,91.4,90.9,103,89.6,71.9,108.4,112.4,117.5,83.6,104.5,96.2,95.2,102.4,52.8,101.5,73.5,82.3,136.2,58.9,54.1,29.2,72.2,125.5,,94.2,94,134.4,97.4,89.8,102.2,99.4
20150426,0,PM10,170.3,180.7,214,184.5,205.4,182.2,163.1,229,147.4,185.3,197.6,218.9,159.3,166,200.1,211.2,162.2,80.6,217.2,,85.5,361.1,126.5,132.9,,108.7,159.1,,177,130,208.2,183.5,234.4,195.3,141.1
20150426,0,AQI,109,107,121,115,122,109,112,108,98,159,115,118,141,118,119,168,91,85,101,80,123,99,69,89,59,69,153,134,116,113,124,141,129,135,137
20150426,1,PM2.5,85.7,90.5,86,90.8,88.1,91.9,92,87,62.4,99.1,92,113.7,90.9,97.9,98.5,85.9,90.9,48.4,77.5,74.8,62.6,112.6,52.1,55.8,23.6,62.5,124.7,,94.2,102.4,141.4,101,88,98.1,109.6
20150426,1,PM10,164.6,174.8,199.2,173.4,196.5,166.9,180.5,182.4,100.9,176.8,192.1,228.3,158,171.4,181.6,167.7,172,68.8,147.4,,84.9,209.9,105.4,102.1,55.1,85.1,148.2,,160.3,132.6,188.4,170,203.5,193.3,131
20150426,1,AQI,109,108,121,117,121,109,114,109,98,159,115,117,142,118,119,161,91,85,101,82,119,101,68,89,59,69,154,135,118,115,129,143,130,137,138
20150426,2,PM2.5,100.2,98.5,94.8,103.2,92.9,97.1,96.4,82.8,75.3,103.4,110.9,116.5,102.6,101.3,95.3,86.3,101.3,52.4,77.7,78.6,55.5,87.7,53.9,53.4,30.7,54.2,119.3,,104.7,108,151.1,105,99.7,104.6,107.5
20150426,2,PM10,171.5,171.9,206.7,182,188.6,164.4,171.5,174.7,139.3,184.8,203.1,301.8,165.6,157.4,168,186.7,165,60.3,161,,88.5,192.6,138.2,104,70.5,84.9,134.4,,159,142.4,194.8,156.9,203,186.6,130.3
20150426,2,AQI,109,109,121,120,120,110,115,109,97,160,116,118,143,120,119,154,91,84,103,83,116,103,69,89,59,69,155,138,120,117,133,144,129,138,139
20150426,3,PM2.5,106.5,108.5,95.3,103.4,98.8,100.5,99,77.3,71.8,107,102.7,111.1,109.3,98.4,98.2,97.9,103.4,48.4,80.7,85.5,51.6,96.6,45.3,52.6,37.7,62.6,113.4,,115.7,115.1,156,114.2,111.4,113.5,114.2
20150426,3,PM10,174.8,159.5,199.8,170.2,213.9,160.5,192,193.6,132.5,189.6,196.1,235.1,167.4,153.1,154.8,175.6,177,85.4,153.5,,83.1,191.8,95.2,134.1,54.5,89.6,132,,168.3,137,189.1,153.1,211.7,191.7,128.5
20150426,3,AQI,108,110,121,123,120,110,117,111,97,161,117,119,144,121,119,152,92,84,103,85,112,104,68,89,66,70,156,140,122,119,138,146,128,140,138
20150426,4,PM2.5,109.4,106.5,100.7,105.7,109.1,105,100.4,81.8,73,113.9,124.6,109.3,116.9,106,103.3,194.1,104.8,53.9,68.4,89.9,58.8,82,38.8,48.3,29,68.4,125.3,,122.2,123.6,160.6,110.8,119.8,117.9,125.8
20150426,4,PM10,175.5,137.8,188.7,161.3,253.6,156.2,189.4,218.1,127.5,181.3,196,194.3,164.3,143.5,160.7,328.7,137.4,70.8,140.4,,92.2,147.9,87.2,119.7,52.2,96.4,131.3,,161.2,136.2,214.5,176.5,231,190.4,137.4
20150426,4,AQI,108,109,121,125,122,112,118,113,97,160,118,118,145,121,119,144,93,84,103,87,110,105,67,90,57,72,158,144,125,122,142,147,128,142,137
20150426,5,PM2.5,118.1,106.2,104.6,105.6,104.2,113.4,101,78.4,65.1,113.4,113.9,113,128.5,110.2,113.6,101.4,103.3,49.5,63.9,95.3,58.6,87.5,40.3,57.9,31.9,75.3,133.5,,134.3,129.1,173,110.4,124.9,121.6,132.4
20150426,5,PM10,176.7,127.4,185.3,149.7,140.7,150.8,149.9,172.1,123.3,173.8,194.5,219.5,177,148.5,164.3,172.7,133.7,67,116.7,,89.4,170,53.7,191.8,106.1,89.6,138.4,,179.7,,245.6,128.3,216,178.6,139.3
20150426,5,AQI,110,109,121,127,121,114,120,114,97,159,119,119,147,120,118,136,93,84,103,90,108,106,66,90,58,73,160,148,128,125,146,148,128,144,137
20150426,6,PM2.5,120.4,105.8,108.9,110.9,101.3,116.6,84.2,77.4,68.2,117.7,120.7,103.7,127.3,123,126,118.3,99.5,48.4,61.8,98,58.7,81.6,43,48.8,32.9,75.3,130.6,,142.7,130.9,182.8,117.3,123.2,127.5,141.1
20150426,6,PM10,182.6,124.6,188.2,163.6,211.6,149,174.9,170.7,112.5,211,190.5,189.3,199.4,161,178.4,224.6,143.8,77.5,127.4,,95.5,154.1,72.1,118.2,74.2,94.9,140.5,,148.1,,295.9,161.4,,231.7,163.4
20150426,6,AQI,112,111,122,130,122,116,122,116,97,159,120,120,149,121,119,132,96,84,103,93,106,107,66,90,59,75,163,151,132,128,152,150,127,146,137
20150426,7,PM2.5,118.6,112.1,98.5,117.8,107.5,116.7,91.8,77.5,76.2,126.2,106.2,95.7,133.3,130.2,131.1,133.4,,53.8,63,95.7,63.3,80.2,44.2,61.2,39.9,66.1,137.3,,134.4,138.6,,141.4,118.5,143.8,136.3
20150426,7,PM10,207,171.1,209.3,210.3,200.9,173,206.5,170.9,147.3,251.9,240.1,187.2,205.8,183.8,188.1,224.9,,128.4,141.3,,137,165.3,80.2,125.1,63.4,99.7,152.2,,204,237.7,,222.6,185.6,280.6,
20150426,7,AQI,114,113,122,133,121,119,123,116,98,158,122,121,150,121,121,131,,83,101,95,105,108,66,91,59,77,166,155,135,131,,152,126,148,137
20150426,8,PM2.5,114.8,142.6,119.3,137.4,111.3,124.7,103.1,109.2,72.1,159,157.3,102.4,148.9,156.6,147.1,151.8,107.2,65.1,55.2,104.7,84.6,87.5,47.3,71.6,38.3,77.9,151.9,,138.4,166.1,194.6,167.1,133.9,156,186
20150426,8,PM10,222,219.4,242.7,222.1,232.1,198.1,195.5,162.8,161.4,276,283.6,236.1,209.6,270.8,235,261.5,207.1,159.7,99,,162.1,183.3,96.7,169.3,94.3,104.3,163.6,,174.1,174.8,249.9,255.7,266.5,289.4,253.4
20150426,8,AQI,116,116,122,137,123,122,123,115,98,156,124,122,152,123,123,133,102,83,101,97,106,110,65,92,60,78,170,155,138,135,165,155,128,150,141
20150426,9,PM2.5,130.8,155.3,139.3,149.5,124.4,143.6,123.8,119.4,99.9,181,160.2,111.3,153.2,161,169.4,167.4,144.5,92.2,71.1,133.6,103.9,92.4,52.9,96.4,49.4,78.5,160.8,,156.1,182.2,202.9,172.3,139.3,172.8,182.8
20150426,9,PM10,215.9,229.8,254.3,253.6,252.9,249.2,233,208.9,222,285.4,283.2,219.8,213.9,255.4,257.5,285.9,270.6,190.2,151.6,,154.3,196.8,70.6,189.7,117.5,106.5,173,,239.6,211.5,248.5,226.7,281.1,281,204.8
20150426,9,AQI,120,120,123,142,125,122,124,116,100,160,127,124,145,125,126,136,107,84,102,100,107,111,65,93,61,80,171,146,140,138,171,160,130,153,145
20150426,10,PM2.5,142.1,158.9,153.7,154,135.3,158.3,141.2,134.9,109.2,182.1,177.2,120.1,156.9,166.2,173,176.9,149.4,98.9,100.1,148.2,121.4,105,45.5,94.5,36.6,83.3,178.3,,167.2,178.8,220.6,185.7,151.7,177.4,177.8
20150426,10,PM10,237.2,247,266.4,252.5,266.1,264.8,229.8,212.7,219.5,283.6,271,224.1,242.9,253,274.9,288.6,237.3,200,200.1,,173.9,179.5,82.1,188.1,98.7,113.2,204.6,,255.5,219.5,281.7,248.3,279.6,270.6,214.6
20150426,10,AQI,123,124,124,142,127,126,126,115,101,165,132,125,148,129,131,138,112,85,103,104,111,112,65,93,61,81,171,141,142,142,179,166,132,156,150
20150426,11,PM2.5,168.5,162.7,160.7,156.2,134.3,165.9,139.7,129.2,114.5,180.3,155.1,134,171.2,176.1,175.8,184.4,159.5,110.7,139.4,161.5,128.2,107.9,44.5,101.8,31,88.5,192.4,128.4,151,192.7,221.7,172.5,178.7,180,196.1
20150426,11,PM10,232.7,228.8,252.5,252.7,229.7,240.2,218.3,197.7,182.4,256,276.5,246.9,242.7,257.1,223.7,256.7,235.6,251.1,227.4,,216.1,187.6,98.1,191.5,60.8,124.7,193.4,181.2,216,223.7,254.6,213.4,261.6,291.2,201.8
20150426,11,AQI,128,127,125,138,128,130,128,110,102,165,136,126,147,132,134,143,117,87,104,108,113,115,66,94,61,93,172,143,145,147,186,170,137,156,156
20150426,12,PM2.5,158,161.5,175.3,152.7,143.9,161.8,156.2,123,120.4,182.7,175.4,163.6,184.5,156.7,155.2,163.2,151.7,129.9,154.4,156.5,156.1,119.8,24.9,100.6,25.3,93.8,162.3,179.6,139.8,178.4,224.3,215.5,194.4,187.8,183.3
20150426,12,PM10,238.5,230.6,257,220,231.8,216.1,225.4,199.8,204.3,244.9,256.4,270.6,213.7,205.9,232.5,182.4,201.6,153,229.7,,285.6,219.5,57.3,216.9,47.9,95.9,167.7,,189.9,193.8,265.3,,271.7,223.5,
20150426,12,AQI,131,131,129,141,129,134,131,111,103,165,140,129,151,135,137,146,123,90,106,112,110,116,66,96,61,115,174,151,146,152,192,176,141,154,160
20150426,13,PM2.5,142.2,145.6,168.8,129.5,143.8,145.8,161.4,159.3,154.1,178.7,155.5,157.9,146.1,145.8,132.1,135.9,150,122.6,169,125.2,200.6,131.7,26.4,122.4,52.9,94.3,128.7,116.1,110,161.8,202.6,145.2,179.2,206.7,164.7
20150426,13,PM10,197.3,213.7,237.1,203.8,195.6,232.4,221.6,242.6,250,219.9,230.4,207.7,188,193.5,164.9,187.4,174.8,130.3,194.5,,224.8,189.6,28,181.2,169.1,131,,,145.6,183.5,216.1,186,281.8,247,
20150426,13,AQI,134,133,132,142,129,136,133,112,104,166,144,133,155,138,139,147,129,93,110,116,117,117,65,103,65,119,174,141,146,156,197,178,144,157,163
20150426,14,PM2.5,122,122,147,111,120,125,147,142,140,145,147,135,132,117,110,131,110,144,141,114,287,125,26,120,78,95,137,70,97,150,184,165,162,153,144
20150426,14,PM10,177,185,209,172,251,180,201,203,172,204,201,182,154,134,,159,157,222,161,,,163,72,213,166,119,190,82,156,188,,,258,170,191
20150426,14,AQI,,,,,,,,,,,,,,,,,,,,,,,,,,,,,,,,,,,
20150426,15,PM2.5,109.7,104.4,129.3,99.8,108,105.1,128.4,94.2,97,125.4,124.9,96.4,117.4,91.8,82.4,102.5,116.6,138.7,126,91.3,155.8,106,48.1,124.9,115.9,83.8,147.3,34.3,90.5,122.8,140.9,104.1,141.5,142.3,125.4
20150426,15,PM10,159.3,,162.3,136.7,180,,175,157.5,127.9,156.1,176.4,148.7,148.3,143.2,,,164.9,204.4,179.1,,179,146.7,116.8,201.2,218.5,105.3,,98.3,121.7,,157.1,,,,
20150426,15,AQI,136,139,138,142,132,137,137,118,110,167,150,138,153,143,143,150,135,127,117,122,146,124,95,141,135,128,179,128,146,162,204,185,151,166,166
20150426,16,PM2.5,102,88.8,114.6,77.4,86,84,102.6,102.8,104.8,112.4,116,100.3,102.3,87.2,80.9,101.8,94.1,98.2,127.3,96,134.3,103.6,62.7,108.6,94.1,80.1,109.4,51,86.8,103.8,131.2,91.8,134.9,125.6,113.2
20150426,16,PM10,172.2,181.1,210.7,174,178.7,149.9,170.4,169,177.7,170.7,188.6,180.9,154.4,138.9,95.3,126.5,,,193.7,,173.8,197.5,106.7,154.3,95.6,119.7,,109.3,153.8,139.1,165.8,127.3,252.2,170.8,
20150426,16,AQI,140,142,141,144,133,139,139,119,115,168,154,140,155,146,144,152,138,114,121,128,148,134,110,131,133,138,179,124,146,164,206,188,155,170,169
20150426,17,PM2.5,85.6,82.5,109.9,74.6,81.9,84.6,106.8,92.1,97.2,112.4,83.2,85.4,89.8,84.6,76.2,101.4,78.6,94,104.7,78,106.9,95.9,56.7,86.8,68.2,88.2,91.3,116.2,86.1,85.2,112.6,85.5,117.4,109.5,92.9
20150426,17,PM10,169.8,132.8,182.5,167.9,196.8,149.3,202,179.3,129.2,186,188.7,170.5,147.2,151.7,191.4,168.3,136.9,180.4,162.8,,,117.8,159.4,193.7,176.1,133,116.4,137,162.6,101,170.3,102.6,120.1,178.8,
20150426,17,AQI,142,144,144,145,134,142,141,122,115,170,156,141,153,147,146,155,140,113,123,125,136,134,105,122,119,145,176,132,147,165,209,189,158,173,171
20150426,18,PM2.5,77.9,80.8,100.4,75.8,82.8,82.9,91.7,95.8,90.4,94.2,85.7,85.7,77.7,77.3,77.5,89,77.5,92.1,104,72.4,92.4,74.2,79.7,96.9,91.2,68.1,96.6,122.2,86.1,82.1,118.5,76.9,121,97.5,91.7
20150426,18,PM10,161.6,146,186.2,198.9,210.3,144.6,177.2,206,187.1,203.1,176,186,148.1,168.2,142.5,285.1,155.9,115,178.6,,149.7,137,185.8,167.6,185.1,98.2,134.6,138.9,185.9,175.8,173.4,137.4,196.3,159.4,158.9
20150426,18,AQI,144,145,147,143,135,144,143,124,116,170,157,143,155,149,146,157,142,106,126,127,137,126,114,117,118,133,174,141,147,166,211,190,162,174,172
20150426,19,PM2.5,74.9,76.6,82.4,75,74.1,73,83.8,89.1,79.3,88.4,73.9,84,75.6,72.8,69.4,79.3,80.9,92.6,88.1,76.6,89.3,69.6,86.5,92.9,86.6,70.5,,79.1,78.1,80.3,130.9,75.3,125.2,94.1,95.2
20150426,19,PM10,173.4,197.9,202.4,207.8,231.4,187.6,181,179.2,158.4,200.5,202.8,209.3,170.9,174.1,236.9,255.7,155.9,186.9,156.6,,163,162.4,169.3,197.1,145.8,110.1,,152.2,139.1,151.7,204.2,210,228.6,221.7,98.6
20150426,19,AQI,144,146,148,142,136,145,143,126,118,170,158,144,155,148,146,157,143,108,128,129,138,127,104,113,111,123,,141,146,166,213,174,165,174,173
20150426,20,PM2.5,68.6,64.6,78,63.7,68.8,71.5,76.8,83.8,76.4,80.8,79.9,79.6,72.2,64.2,61.1,68.5,75.9,82.2,84.3,90.6,95,143.1,73.7,92.8,90.7,73.2,,3,59,73.9,117.6,67.4,121.7,76.7,85.7
20150426,20,PM10,189.5,178.5,234.4,198.6,238.6,188.2,190.8,163.7,187.7,216.9,200.2,210.1,172.8,167.5,128.1,156.7,174.4,146.6,159.8,,174.4,167,95.3,181.8,142.8,129,,132,134.2,138.1,218,139.8,246.6,186.6,128.8
20150426,20,AQI,144,145,149,141,136,144,143,127,118,168,158,144,154,147,145,156,144,109,128,131,138,132,78,107,79,116,178,119,145,165,213,162,168,172,173
20150426,21,PM2.5,52.7,50.3,63.4,49.4,58.5,58.4,65.7,82.5,68.1,63.1,61.2,73.5,60.5,48.2,48.5,51.9,67,80.6,77.1,73.2,83.4,89.9,30.2,89.4,146,68.7,92.8,56.3,51.7,64.7,83.8,52.7,99.4,84.7,73.9
20150426,21,PM10,195.5,149.4,228.7,193.1,220.1,171.1,209.4,167.9,152.5,185.9,192.7,210.9,169.7,172,84.7,147.4,166.6,169.5,175.3,,205.3,203.2,68.5,182.5,,144.1,167,145.8,125,134.4,218.6,97.8,178.9,176,112.3
20150426,21,AQI,142,143,148,138,135,142,142,128,118,165,157,143,152,145,142,153,143,109,128,130,138,132,77,109,79,108,176,115,143,162,211,158,169,170,171
20150426,22,PM2.5,49.1,40.9,60.4,43.8,50,46.5,57.9,80.8,56.4,57.5,64.7,60.6,60.5,51.3,42.4,60.3,58.3,71.9,62.7,53.1,88.8,71.2,36.9,90.7,114.6,62.9,99.4,262.8,57.9,63.9,77.6,52.3,95.7,58.7,66.4
20150426,22,PM10,165.5,147.4,202.2,154.3,173,154.3,179.7,153.6,141.3,162.8,182.6,184.2,159.1,149.8,129.3,109.7,134.7,114.3,162.6,,168.1,178,127.2,197.8,121.4,134.8,151.1,,118.8,103.1,176.5,119.2,157.8,159.4,88.4
20150426,22,AQI,139,139,146,135,133,139,140,129,117,162,153,141,149,143,140,151,139,110,126,129,137,131,76,110,80,101,175,134,141,160,208,154,169,168,168
20150426,23,PM2.5,46.8,39.7,55.5,45,45.7,47.3,53.1,67.3,50.4,60.2,47,50.8,51.4,46.4,47.6,49.2,50.1,62.9,52.3,51.3,72.3,53.9,71.3,83.1,111.6,46.6,89,96.3,55.1,56.9,78.6,49.7,82.3,55.8,60.2
20150426,23,PM10,140.5,127.6,172.9,131.8,163.3,133.3,159.1,148.3,119.7,148.3,137.5,143.7,142.3,114.5,134.4,171.8,122.2,115.5,148.7,,134.4,151.8,172,156.1,147.5,120.9,142.8,101.6,136.9,86.6,146.9,115.1,148.1,144.2,80.9
20150426,23,AQI,137,136,144,133,131,137,137,129,116,158,150,138,147,141,137,149,135,110,124,127,136,129,77,111,84,100,171,133,140,158,206,151,168,165,165
20150426,0,SO2,34.2,26.6,26.6,25.4,26.5,29.7,29.7,12.2,17.2,28,18,23.5,17.9,34.8,27,38.9,33.2,7,10.9,14.1,4.3,17.9,3.2,5.7,6.6,21.3,29.2,,48.7,24.3,26.4,33.6,31.9,34.5,29.4
20150426,0,NO2,35.9,35.7,32.4,48.4,50.9,39.4,40.1,114.9,36.1,40.1,37.9,66,28,28.3,27.4,35.6,67.5,22.5,144.7,34,17.9,142.8,101.5,27.6,8.7,19,19.9,,28.7,24.4,49.6,41.9,67.3,96.7,35.5
20150426,0,O3,117.3,144.6,139,121.5,129.5,126.9,143.4,4.2,116.8,109.9,105.8,104,115.7,130.3,117.3,133.2,103.4,115.3,2,96.9,108.4,9,11.9,101,141.7,152.9,166.3,,123.9,113.7,107.4,113,91.7,60.5,135
20150426,0,CO,1,1,1,1.1,1.1,1,1.2,0.7,0.8,0.9,1.3,1.5,0.9,1.3,0.9,0.9,1.2,0.6,1.2,0.8,0.7,1.3,0.7,0.5,0.4,0.7,0.8,,1.3,0.7,1.1,1.1,1,1.3,0.8
20150426,1,SO2,32.5,22.8,24.9,23.3,21.4,28.2,28.8,9.6,12.5,24.5,17.5,24.4,19,30.8,22.3,34,30.2,6.6,9.6,15,5.4,18.6,4.1,5.9,7.4,13,26.7,,45.3,24.8,24.1,32.2,26,30.9,24.6
20150426,1,NO2,38.2,35.3,32.7,50.5,46,41.3,38.6,99.8,29.6,47.3,40.4,88.7,33.6,36.5,30.2,28.6,62.1,18.9,131.1,27.5,13.5,100.2,116.8,21.3,8.8,17.2,19.8,,27.8,25.5,54,41.5,54.6,67.1,38.7
20150426,1,O3,102.2,126.2,120.1,106,113,109.3,123.9,2,106,85.3,90.5,59.5,97.7,103.1,101.9,124.3,89.9,115.3,4.3,106.5,114.3,22.1,2,108.1,135.2,123.7,146.7,,105.2,101.8,89.3,94.3,85.3,74.2,112.4
20150426,1,CO,0.9,0.9,0.9,1,0.9,0.9,1,0.8,0.7,0.8,1.2,1.4,0.8,1.1,0.8,0.8,1,0.6,0.9,0.9,0.6,1,0.7,0.5,0.4,0.6,0.7,,1.2,0.7,1,1,0.9,1.1,0.8
20150426,2,SO2,33.1,18.4,23.4,20.5,23.3,25.4,22.1,9.2,11.3,22.9,15.7,23.2,19.5,23.7,16.5,24.4,16,6.4,6,15.5,7.1,14.3,5.7,5.3,25,10.1,19.7,,38.1,24.5,22.7,26.1,22.3,21.2,19.3
20150426,2,NO2,36,38.2,35.3,49.3,54,41,49.6,102.1,34.2,60,45.8,125.9,51,37.2,28.2,29.3,74.1,20.3,117.1,24.2,10,97.3,107.7,29.1,113.9,17.9,15.5,,28.5,25.5,44.8,39.8,70.1,69.8,39.8
20150426,2,O3,92.2,105.9,99.2,92.4,94.2,95.2,91.6,2,90.8,57,69.8,10.2,67.9,86,88.8,108.4,39.6,110.1,2,109,111.2,13.3,2,88.7,40.6,110.8,132.1,,88.1,94.6,85.4,78.1,58.2,55.9,91.3
20150426,2,CO,0.9,0.9,0.8,1,1,0.9,0.9,0.8,0.7,0.8,1.1,1.4,0.8,0.9,0.7,0.7,1.1,0.6,0.7,1,0.5,0.9,0.6,0.5,0.5,0.6,0.6,,1.2,0.7,1,0.8,0.9,1.1,0.7
20150426,3,SO2,30.5,12.3,19.5,15.7,20.7,23.1,13.6,9.5,10.1,17.4,11.6,16.6,18,19.4,14.9,22,9.6,5,4.6,14.5,7.3,13.5,5.4,4.8,26,9.8,21.4,,31.7,22.6,20,24,20.5,18.1,15.6
20150426,3,NO2,37.9,40.1,42.4,46.9,48.9,45.5,77.2,97.6,38.1,66.9,44.7,96.3,39.2,34.3,28.5,35.3,106.5,35.1,101,23.8,9.7,88.2,97.6,30.1,131.1,18.8,16.7,,28.7,26.2,57.8,52.4,73.5,76.9,47.5
20150426,3,O3,79.5,81.1,81.4,81.3,83.4,81.3,40.9,2,73,35.8,58.7,21.3,63,78.9,78.7,85.3,2.2,85.4,2,107,112.9,17.5,2,86.6,44.3,106.9,124.3,,83.3,79.3,60,64.6,45.2,37.8,62.2
20150426,3,CO,0.9,0.9,0.9,0.9,1,0.9,1.1,0.9,0.8,0.9,1,0.9,0.8,0.8,0.8,0.7,1.2,0.6,0.1,1,0.6,0.9,0.5,0.5,0.4,0.6,0.6,,1,0.7,1,0.9,0.9,0.9,0.7
20150426,4,SO2,29.2,4.1,13.1,9.1,13.9,19.8,8.3,9,9.9,12.4,9.4,14.9,14.3,11.4,12.9,23.6,7.7,5.8,5.3,12,6.3,13.3,4.5,5,14.5,9.2,24.9,,22,19.5,13.5,12.5,17.6,14.2,16.8
20150426,4,NO2,50.1,55.9,47.4,57.5,96.2,54.3,77.1,95.9,38.4,91.4,37.4,72,42.3,36.7,30.5,39.9,120.6,38.1,93.9,25.6,10.5,69.3,80,20.2,75.2,16.6,19.1,,27.4,26.2,109.3,91.5,107.3,99.1,109.2
20150426,4,O3,56,40.8,44.2,39.3,26.1,54,,2,67.9,2,60.6,32.8,46.3,53.3,63.1,54.8,2,77.4,10.2,85.6,101.9,37.5,3.1,96.3,51,107.9,101,,65,65.2,4.1,2,5.2,2,2
20150426,4,CO,0.9,0.9,0.9,0.9,1,0.9,1.2,1,0.8,1,1,0.8,0.9,0.8,0.9,0.8,1.2,0.7,0.5,1.1,0.6,0.9,0.5,0.5,0.4,0.7,0.7,,1,0.8,1.2,1.2,1.3,1.1,0.9
20150426,5,SO2,25.6,2,9.1,5.5,11.4,12.7,5.6,9.2,10,10.2,9.1,14.9,11.2,7.9,12.2,19.5,7.2,5.8,2.9,10.7,6.8,11.2,3.2,4.3,16.5,10.4,18.3,,18.1,13,12,9.1,15.3,11.6,18.2
20150426,5,NO2,71.9,48.9,68.8,81,138.1,54.9,101.2,87.4,40.5,82.7,35.2,103.1,62.5,43.4,34.4,83.5,102,26.7,,30.4,12.5,62.3,53.1,50.7,97,16.5,22.3,,32.1,37.9,106.2,92.2,99.2,87.9,109.2
20150426,5,O3,28.1,18.2,18.2,6.2,2,44.8,3,2,64.3,2,56.7,2.5,19.9,42.9,54.7,15.1,2,88.5,28,79.1,101.8,36.5,22.1,54.2,20.8,110.2,86.3,,48.7,34.3,2,2,4.5,2,2
20150426,5,CO,1,0.9,1,1.1,1.2,1,1.3,1,0.7,1,1,1.4,1.1,0.9,0.9,0.9,1.1,0.7,0.7,1.1,0.6,1,0.4,0.4,0.4,0.7,0.7,,1.1,0.8,1.3,1.3,1.4,1.1,1
20150426,6,SO2,22.8,2,10.1,3.8,10.2,7.4,8.4,8.9,8.7,8.9,10.8,12.1,9.3,8.7,12.5,18.6,8.1,6.2,4.8,8.8,6.8,11.3,3,5,19.5,9.8,15.4,,10.9,9.2,13.4,11,18.5,15,20.5
20150426,6,NO2,94.3,52.3,95.7,81.2,134,72.4,114.6,84.3,36.2,88.7,66,105.2,84.3,57.4,42.2,87.2,77.5,36.5,77.4,35.3,15,79.1,68.9,15,93.6,16,23.2,,33.2,51.5,110,96.7,115,86,97.7
20150426,6,O3,7.8,7.1,2,2,2,17.9,3.8,2,65.8,2,33.8,2.3,2,31.6,43.1,6.3,17.3,74.7,23,65.9,96.9,24.3,4,94,20.6,111,76.4,,26.9,16.2,2,2,4.5,2,2
20150426,6,CO,1.3,0.9,1.2,1.3,1.5,1.1,1.1,1.1,0.7,1.1,1.1,1.5,1.3,1,1,1,1,0.8,0.9,1.1,0.7,0.9,0.5,0.5,0.6,0.8,0.7,,1.2,0.8,1.6,1.7,1.5,1.3,1.3
20150426,7,SO2,23.4,2,15.4,6,13.4,10.2,11.7,11.1,9.1,10.8,12.3,14.5,9.9,13.8,19.3,29.1,,7.7,7.2,12.2,7.8,14.3,6,6.8,20.4,10.4,18.3,,8.9,10.2,,18.7,20.1,21.5,14.3
20150426,7,NO2,108.4,51.9,119.4,85.2,121.5,104.3,116.8,71,56.1,91.5,102.1,119.6,81.1,71.6,47,91.5,,67.9,72,46.9,21.3,60.6,60.6,16.6,66.7,21.2,25.7,,34.2,57.2,,124.5,122.9,78.3,117.7
20150426,7,O3,9.4,7.3,2.9,3.8,9.5,3.5,8,2,45.9,2,8.2,5.2,2,25.9,36.2,7.2,,33.9,33.2,55.9,87.2,47.1,14.7,88.2,48.4,104.2,65.4,,10.4,3.7,,2,5,2,2
20150426,7,CO,1.5,1,1.4,1.4,1.4,1.3,1.1,1,0.7,1.3,1.3,1.3,1.2,1.1,1,1,,1,0.9,1.2,0.8,1,0.5,0.6,0.5,0.8,0.7,,1.2,0.8,,2.4,1.5,1.6,1.3
20150426,8,SO2,25.6,17.3,18.2,21.4,17.6,16.5,16.5,16.5,11.6,24.6,17.1,18.1,16.1,33.4,32.9,49.8,27.5,13.9,9.6,19.7,10.8,16.7,7.9,10.6,39.8,12.3,26,,29.8,20.3,25.7,31.6,21.8,31.9,19
20150426,8,NO2,107.2,86.5,123.1,87.3,109.9,128.9,104.6,76.1,70.1,102.4,87.1,103.8,59.4,84.3,46,84,83.9,107.3,39.9,48.4,41.1,51.4,61.8,34.8,60.5,25.2,24.6,,35.1,54.8,97.2,116.4,124.3,86.9,131.5
20150426,8,O3,22.7,24,8.7,25.6,26.3,7.1,23.9,2,42.3,2,22,27.5,20.2,24.7,40.4,22.8,15.6,8.7,71.1,64.7,73.8,62.8,20.9,68.2,50.9,104.2,64,,34.3,23.3,10.2,5.1,9,2,2
20150426,8,CO,1.5,1.2,1.4,1.3,1.3,1.5,1.1,1,0.9,1.5,1.3,1.1,1,1.2,1,1.1,1.1,1.2,0.7,1.1,0.9,1,0.6,0.6,0.8,0.9,0.8,,1.3,0.9,1.4,1.5,1.3,1.9,1.8
20150426,9,SO2,27,24.4,19.4,27.5,18.3,23.4,19.2,22.4,19.9,32,27.5,22.2,22.3,47.4,43.8,58,33.8,19.6,10.8,27.9,12.9,20.7,12,15.1,48.1,13.2,38,,50.5,45,31.6,44.9,23.8,37,34
20150426,9,NO2,107.5,97.5,128.5,101.5,123.8,134.5,113.7,63.6,74.5,118,103.7,77.2,54.4,83.6,52.4,66.8,87.2,107,69,41.1,49.9,46.5,57.4,39.6,54.7,21.2,25.3,,48.1,46.8,104.8,103.6,126.5,105.7,133.2
20150426,9,O3,40.8,43.8,18.1,38,34.1,21.5,35.8,55.7,60.4,2,29.1,71.6,42,37.2,48.8,50.7,28.4,31.3,53.9,82.9,89.5,89.6,38.1,97.5,57.7,124.7,91.8,,40.8,48.2,29.3,27,19.4,3.8,10.2
20150426,9,CO,1.5,1.3,1.5,1.4,1.6,1.4,1.2,1,0.9,1.5,1.4,1.1,1,1.2,1.1,1,1.2,1.1,0.9,1.1,0.9,1.1,0.6,0.8,1.1,0.9,0.8,,1.5,0.9,1.5,1.4,1.4,1.9,1.3
20150426,10,SO2,27.2,27.7,21.5,28,21.5,26,22.2,28.4,24.3,33.2,31.9,26.1,22.9,48.1,47.7,59.9,38,17.6,14.8,43.3,16.1,23.9,22.5,19,30,14.6,39.9,,53,54.9,29.1,41.3,37.9,47.1,48.1
20150426,10,NO2,121.3,91.7,124.3,102.1,131,127.9,117.1,57.1,65.2,111,93.9,73.6,60.8,70.6,67.5,62,54.3,88.6,69.7,38.8,34.1,35,48.7,45.6,31.6,18.7,36.7,,57.9,57.7,126.3,114.6,119.1,125.6,140.5
20150426,10,O3,52.5,80.3,49.3,72.2,59.3,47.8,66.1,84.8,94.9,37.6,60.2,101.8,66.9,87.1,62.2,82.8,87.3,64.8,79.1,101.8,136.2,136.7,52.8,117.1,104.3,155.6,96.5,,48.6,66.6,37.2,44.3,48,19.3,28.6
20150426,10,CO,1.5,1.3,1.5,1.4,1.7,1.4,1.3,1,0.9,1.5,1.4,1.1,1.1,1.2,1.1,1,1,1,1.2,1,0.9,1.1,0.7,0.9,0.6,0.9,0.9,,1.5,1,1.5,1.5,1.4,1.8,1.3
20150426,11,SO2,30.1,31.3,23.5,30,20.2,30.1,21.1,29.4,24.6,33.9,34.1,27.1,23.3,59.3,51,55.7,34.8,21.4,21.1,43,19.2,32.8,32.6,18.6,21.3,18.5,39.1,43.5,47.1,44.6,30.1,40.7,33.1,54.9,45.4
20150426,11,NO2,96.3,67.2,88.6,89.9,126.1,76.5,115.5,54.9,64.6,73.3,67.2,108.6,51,54.1,54.3,47.3,54.7,87.3,64.4,41.9,31.4,37.1,36.9,61.7,23.7,16.9,35,,56,47.3,89.6,102.9,122.7,134.2,116.9
20150426,11,O3,94.3,151.1,110.8,119,95.5,120.3,109.8,110.8,126.2,119.7,113.2,98.2,103.6,134.6,101.3,154.8,115,82.2,118.8,119.8,167.4,172.2,81.5,115.9,127.8,194.4,129.9,110.1,78.2,106.8,100.4,84.6,75.2,47,79.4
20150426,11,CO,1.4,1.2,1.4,1.4,1.5,1.2,1.4,1,0.9,1.3,1.3,1.3,1.1,1.3,1.1,1,1,1,1.3,1.1,1,1.1,1,0.9,0.5,1,0.8,1.1,1.4,1,1.4,1.4,1.4,1.6,1.2
20150426,12,SO2,38.9,41.6,28.5,39,22.7,33.6,22.4,28.3,20.9,40,33.8,26.5,31.2,50.1,39.8,48.1,35.9,22.8,18.2,36.3,26.3,31.8,18.4,22,16.7,19,32.2,41.2,45,49.2,37.6,50.7,37.8,57.9,48.7
20150426,12,NO2,60.2,54.5,65.1,58.1,94,62,90.3,60.6,99,51.3,41,95.2,40.9,42.4,39.1,36.2,50.9,46.1,81.1,32.2,37.5,23.4,18.1,40.9,27.9,16.9,24.8,,63.7,38,87.7,80.1,93.7,122.8,105.4
20150426,12,O3,159.4,194.5,166.4,182.2,151.4,170.5,169.9,123.1,122.1,192.3,176.4,135.7,134.2,170,136.1,190,160.9,150.7,124.3,163.6,187.9,200.2,123.9,172,135.4,228.1,173.7,147.1,119.1,145.5,128,132.3,121.3,90.1,128.7
20150426,12,CO,1.2,1.1,1.3,1.3,1.4,1.1,1.3,1,1.1,1.2,1.2,1.3,1.1,1.2,1.1,1,1,1,1.3,1.1,1,1,0.6,0.9,0.4,0.9,0.8,1.2,1.3,1.1,1.3,1.2,1.3,1.5,1.1
20150426,13,SO2,40.3,33.7,35.6,32.4,29.8,33.2,33.8,27,27.5,41.2,39,34.4,27.7,40.7,30.9,38.2,36.2,18.9,18.5,28.6,25.8,31.9,9.7,20.5,18.5,21.9,25,42.4,40.2,45.3,33.4,38.3,45.5,43.5,46.9
20150426,13,NO2,34,30.8,40.2,38.9,53.3,41.1,51.2,73.2,61,36.8,27.4,39.5,35.4,37.8,32.8,30.5,34.9,52,42.1,23.2,40.6,25.5,9,37.1,37.1,17.5,17.7,,70.4,27.2,64.9,56.8,76.5,101.3,79
20150426,13,O3,204.8,242.6,226.3,215.4,221.9,211,255.9,147.2,195.9,211.6,186.5,227.3,152,200.5,167,209.8,232.5,168.7,198.3,204.9,220.9,207.2,152.7,204.8,171.4,236.3,200.8,200.4,143.6,179.8,168.7,169.5,167.3,130.7,182.8
20150426,13,CO,1.1,1.1,1.2,1.2,1.2,1,1.1,1.1,1,1.2,1.2,1.1,1.1,1.2,1,1,1,1,1.2,1,1,1,0.4,0.8,0.6,0.9,0.7,1.3,1.2,1.1,1.2,1.1,1.3,1.3,1
20150426,14,SO2,34,29,27,28,26,28,29,32,30,33,33,30,20,34,27,37,31,21,23,23,26,28,7,17,21,23,24,42,39,42,27,34,33,38,40
20150426,14,NO2,26,24,33,32,37,29,44,34,28,27,22,28,35,28,31,32,29,56,29,20,32,23,10,57,38,19,21,,78,26,61,52,61,101,57
20150426,14,O3,215,261,232,227,246,228,259,202,227,228,194,230,170,234,198,242,232,216,202,222,301,235,165,210,221,242,218,243,144,204,182,185,181,142,206
20150426,14,CO,1,1,1.1,1.1,1.1,1,1.1,0.9,0.8,1.2,1.2,1.1,1.1,1.1,1,1,0.9,1.1,1.2,0.9,1,0.9,0.3,0.9,0.7,0.9,0.9,1.1,1.2,1.1,1.2,1.1,1.3,1.3,0.9
20150426,15,SO2,30.7,24.6,23.1,24.2,23.2,24.8,25,26.9,23.5,29.5,32.7,25.4,20.2,33.1,24.1,28.3,30,23.4,18.2,27.7,22.6,21.7,9.5,23.8,23.9,19.1,31.8,45.5,40.5,60.4,23.1,28.6,28.6,32.7,38.1
20150426,15,NO2,23.7,20.9,26.4,33.6,36.3,25.2,37.6,21.9,23.9,20.6,21.2,22.8,37.8,24.6,24.6,21.6,29.4,31.7,27.6,21.5,22.5,18.5,17.5,32.2,47.4,14.3,22.7,,92.9,24.2,64.6,43.6,50.4,86.8,63
20150426,15,O3,231.6,275.7,236.1,232,254.6,242.8,259.9,193.8,216.9,243.8,211.4,234.2,186.6,236.8,208.3,242.5,241.5,253.4,207.9,239.9,290.8,246.4,195.6,281.1,268.7,255.7,253.1,244.2,145.2,213.1,194.5,206.8,191.5,163.9,208.4
20150426,15,CO,0.9,0.9,1,1,1.1,0.9,1,0.8,0.7,1,1.2,0.9,1.2,1.1,0.8,0.8,1,1,1.3,1.2,0.9,0.8,0.4,0.9,0.9,0.8,1.1,1,1.1,1.1,1.1,1,1.2,1.2,0.9
20150426,16,SO2,30.8,26.6,27.5,27.8,23.3,24.7,28,27,29,37,47.4,36.1,32.6,36.4,24,28.5,26.4,19.4,24.9,27,22.6,24.4,11.9,19.8,23.6,16.4,26.4,43.8,36.9,45.2,25.7,31.5,33.6,36.8,34.9
20150426,16,NO2,22.7,20.6,26,30.2,37,27.2,30.2,20.6,24.1,24.9,21.3,30.6,40.7,25.5,21.9,21,26.3,21.8,28.4,19.1,25.5,21.1,14.2,24.5,31.5,13.1,17.2,,82.4,23,57.1,40.3,56.3,93.4,55.7
20150426,16,O3,215.4,255,240.1,226.5,244.9,228.5,261.5,193.8,228.5,229.4,212.3,240.2,181.9,227.5,199.5,236.9,224.9,227.5,217.8,254.4,295.2,267.9,220,260.4,265.2,274.3,248,240.9,172.8,214.3,186.7,194.8,183.4,146.4,205.9
20150426,16,CO,0.9,0.9,1.1,1.1,1,0.9,1,0.8,0.7,1.1,1.2,1.1,1.2,1,0.8,0.7,0.8,0.9,1.3,1.1,1,1,0.4,0.8,0.7,0.9,0.8,0.7,1,1,1.1,1,1.4,1.3,0.8
20150426,17,SO2,41,35.7,43.3,41.3,36.1,31.6,50,37.7,40.6,52.2,37.4,41,32,41.7,26.4,26.9,25.7,26.7,28.6,24.2,20.3,24.3,12.7,21.1,21.9,20.7,26.5,39.6,29.1,40.8,37.5,42.5,46.7,48.9,39
20150426,17,NO2,22.3,19.4,25.3,28.7,33.6,29.5,34.5,19.9,26.3,25.1,21.9,29.7,42.2,21.9,21.6,19.4,27.3,21.8,29.1,20.2,22.9,22.9,17.4,19.1,34.6,14.8,15.6,,76,16,51.4,40.4,57,91.1,38
20150426,17,O3,209.9,257.2,229,223.8,238.5,219.5,247.7,195.9,218.9,232.7,213.2,235.2,183.5,246.4,215.4,232.7,209.8,225.3,207.5,237.7,270.6,267.9,209.6,243.5,237,288.5,235.9,233.8,178.2,230.2,189.5,197.1,171.5,158.9,220.2
20150426,17,CO,1,0.9,1.1,1.1,1.1,0.9,1.1,0.9,0.7,1.1,1.1,1,1.1,1,0.8,0.6,0.7,1,1.2,0.7,0.8,0.9,0.5,0.8,0.7,1,0.6,0.7,0.8,1,1.1,1,1.3,1.2,0.8
20150426,18,SO2,43.8,32.6,42.5,36.9,42.5,35.4,40.9,29.5,31.5,42.6,33,34,32.8,29.4,21.9,29.5,31,30.7,29.7,26.1,21.8,24.3,19.2,35.6,32.6,18.2,28.3,30.8,23.5,37,35.9,38.7,48.5,42.1,43.6
20150426,18,NO2,21.9,17.4,25.8,26.9,32.1,29.7,37.8,21.9,26.3,24.2,17.2,29.4,42.2,22.3,19.6,21.5,33.4,26.1,33.2,23.1,27,24,21.2,22.1,48.7,13.8,16.2,,49.9,15,51.6,45.6,67.8,85.5,35.2
20150426,18,O3,212.5,263.5,233.5,225.7,241.9,226.2,241.5,191.7,223,229.2,220.1,241.4,178.4,234.2,212.4,236.3,200.3,211.9,207.3,231.5,237.7,239.8,227,233.8,234.2,265.8,242.2,203,174.8,211,192.5,195.8,166.4,150,227.3
20150426,18,CO,1,0.8,1.1,1.1,1.1,1,1.1,0.9,0.7,1.1,1.2,1.1,1,0.8,0.7,0.7,0.8,1,1.1,0.7,0.8,0.8,0.7,1,0.9,0.8,0.7,0.7,0.7,0.7,1.1,0.9,1.3,1.1,0.8
20150426,19,SO2,27.7,20.3,24.9,20.8,25.3,22.2,30.2,33.5,32.4,25,29.8,33.1,27.5,23,16.1,24,31.2,27.1,27.8,26.9,30.3,26.1,28.3,27.2,32,19.7,,26.6,16.9,35.4,21,25.8,32.4,30.1,31.3
20150426,19,NO2,26.1,24.4,30,34.5,31,31.5,41.5,24.5,26.2,37.7,23.3,36.1,44.9,33.7,26.5,24.2,34.3,32.5,28.2,29.2,28.6,31.8,31.4,24.1,48.4,14.9,,,27,16.4,55.9,48.9,,106.2,31.7
20150426,19,O3,191.2,235,208.3,193.8,222.9,206.2,213.1,184.5,208.3,182.9,189.5,210.7,155.2,201.9,185.8,213.4,201.1,197.1,197.7,213.8,222.6,213.5,207.3,224.5,220.4,245.6,,166,176.4,184.4,168.2,169.4,115.8,112.9,194.4
20150426,19,CO,0.8,0.7,0.9,0.9,0.9,0.8,0.9,0.9,0.7,0.8,1,1.1,0.8,0.7,0.6,0.6,0.8,1.1,1,0.8,1,0.8,0.9,1,1,0.7,,0.6,0.6,0.6,0.9,0.8,1.1,1,0.6
20150426,20,SO2,19.6,14,17.1,13.5,16.9,16.1,23.3,33.6,27.5,18.7,23.8,26.5,22.1,15.9,11.8,17.4,22.4,26.7,21.8,25.7,30.2,27.3,16.3,26.8,26.5,23,35,19.7,12.9,31.2,14.5,19.2,27.1,23.3,25.5
20150426,20,NO2,25.4,24.4,30.6,36.1,31.7,36.5,38.4,19.5,26.1,38.4,25.4,44.3,39.3,35.5,27.6,23,39.6,31.9,27,35.5,30.6,30,24.3,24,77.4,17.1,19.9,,22.8,20.4,51.8,42,82.2,95.9,37.4
20150426,20,O3,165.8,203.6,178.6,166.5,191.4,176.6,188.4,171.3,179,151.8,157.2,169.2,135.6,168.3,157.5,183.8,166.3,180.1,175.9,186.2,209.4,206.8,177.5,205.6,153.2,230.1,204.9,138.6,152.1,153.3,145.1,150.1,120.2,110.4,181.4
20150426,20,CO,0.7,0.6,0.8,0.7,0.8,0.7,0.7,0.8,0.5,0.7,0.9,0.9,0.7,0.5,0.6,0.4,0.7,1.1,0.9,0.8,1,0.9,0.7,1,1,0.8,0.5,0.5,0.5,0.6,0.8,0.7,0.9,0.8,0.5
20150426,21,SO2,15.6,9.5,13,9.9,10.8,10.2,17.5,28.4,20.2,15.1,21,22.6,20.9,12.3,7.2,12.2,16.6,21.7,19.9,20,19.9,21.6,5,23.2,23.1,19.2,16.3,19.5,10.5,27.4,10.1,13.9,23,17,21.5
20150426,21,NO2,23.5,22.4,29.2,32.2,35.1,35.4,36.3,20.8,26.5,35.4,31.2,41.4,35.5,36.1,21.1,26.4,31.4,30.2,29.9,26.5,24.3,27.4,16.2,30,120.8,16,20.8,,19.9,21.1,46,38.2,77.5,79.6,41.1
20150426,21,O3,136.1,166.9,144.6,138.9,148.1,141.9,155.3,147.5,154,118.1,123.2,145.1,108.3,138.1,143,142.7,146.1,153.8,150.9,167.5,192.9,186.7,137.7,165.9,78.3,214.7,167.9,122,139.6,121.5,118.1,125.1,95.8,94.5,142.6
20150426,21,CO,0.5,0.5,0.6,0.6,0.7,0.6,0.6,0.7,0.5,0.6,0.8,0.9,0.6,0.4,0.4,0.4,0.6,0.9,0.9,0.6,0.7,0.8,0.4,0.9,0.9,0.7,0.5,0.5,0.5,0.5,0.7,0.5,0.7,0.6,0.4
20150426,22,SO2,18.1,11.2,16.5,13.5,13.2,11.1,18,25.4,17.9,18.5,18.5,20.1,20.6,13.7,7,11.1,11.9,18.1,15.7,13,15.5,15.2,8.2,16.6,23.7,12.1,10.7,21.6,11.8,20.4,12.5,15.6,22.4,18.8,18.6
20150426,22,NO2,23.7,23.6,28.4,32.4,36.5,38.5,44.8,22.1,24,35.7,28.6,44.3,42.6,43.7,21.3,24.7,28.2,29,33.9,20.2,20.5,23.2,33.6,26.4,104,16.7,16.5,,21,20.5,44.9,35.1,65.8,79.3,42.7
20150426,22,O3,118.9,145.7,124,121.5,125.6,120.1,116.4,125.2,131.5,98.5,107.2,117.3,83.7,116.7,129.8,127.6,123.1,133.6,117.1,143.4,169.5,159.8,113.6,135.9,91,185.4,144,105,126.6,107.5,103.7,110.3,83.6,76.1,122.8
20150426,22,CO,0.5,0.5,0.6,0.6,0.6,0.6,0.6,0.7,0.5,0.5,0.8,0.8,0.6,0.5,0.4,0.4,0.4,0.8,0.8,0.5,0.6,0.6,0.6,0.8,0.9,0.7,0.4,0.6,0.6,0.6,0.6,0.5,0.6,0.7,0.4
20150426,23,SO2,18.7,9,18.8,15.8,16,10.4,19.4,22,13.6,22.1,14.6,15.6,17.8,12.9,9.5,11.6,11.7,14.7,10.2,11.4,14.5,12.3,14.9,12.3,23.7,8.5,9.3,17.8,10.5,20.1,12.9,14.6,24.6,18.2,16.8
20150426,23,NO2,28.3,29.2,30.9,37.2,35.8,39.6,40.7,21.4,27.2,35.7,23.3,38.3,44.5,34.1,27.9,30.6,32,34.4,34.1,22.6,20.3,22.2,63.9,23.4,67.8,15.4,15.9,,23.2,19.1,47.7,44.9,58.4,79.4,41.5
20150426,23,O3,105.8,123.8,107.6,106.1,111.9,108.7,106.3,105.8,109.2,86.7,102.6,106.8,72.1,118.3,108.7,109.6,108.1,104.6,99.5,122.7,144.6,140.6,90.7,114.2,121.7,159.2,132,99.1,100.2,97.9,91,93.5,80.9,63.4,111.2
20150426,23,CO,0.5,0.5,0.6,0.6,0.7,0.6,0.6,0.7,0.4,0.6,0.8,0.8,0.6,0.5,0.4,0.4,0.5,0.8,0.7,0.5,0.6,0.6,0.9,0.7,0.9,0.5,0.5,0.8,0.7,0.5,0.6,0.6,0.6,0.7,0.4
