date,hour,type,dongsi,tiantan,guanyuan,wanshouxigong,aotizhongxing,nongzhanguan,wanliu,beibuxingqu,zhiwuyuan,fentaihuayuan,yungang,gucheng,fangshan,daxing,yizhuang,tongzhou,shunyi,changping,mengtougou,pinggu,huairou,miyun,yanqing,dingling,badaling,miyunshuiku,donggaocun,yongledian,yufa,liulihe,qianmeng,yongdingmengxi,xizhimengbei,nansanhuan,dongsihuan
20150126,0,SO2,27.7,11.6,26.9,18.7,19.2,33.4,18.6,8,3.5,23.5,12.1,34.7,16.9,12.8,19.8,24.7,2,6.3,4.9,14,2,11.3,2,4.7,89.7,3.5,11.6,16.8,185.2,16.9,38.3,39.8,22.4,39,15.1
20150126,0,NO2,64.3,66.9,75.3,80.5,62.7,73.1,84,66.4,73.9,74,74,75.7,71.8,61,66.4,65.2,75.6,71.8,61.9,66.3,49.8,50.1,65.5,61.4,73.2,26.9,202,89.1,55.3,77.6,70.2,75.1,91.1,87.9,71.2
20150126,0,O3,2,5,3.8,5.2,2,2,2,2.2,5.2,2,10.8,3.8,8.1,5.6,5.7,2,16.1,2,6.2,3,2,9.3,20,2,4,2.7,2,2,2,5.9,2,2,8.7,2,2
20150126,0,CO,2.4,2.3,2.5,2.8,2.3,2.3,2.5,3.9,2.5,3.4,3.1,3.2,3.2,2.9,3.1,2.3,4.1,2.6,3.3,2.9,2.7,2.8,3.5,2.2,1.8,1.7,1.8,2.5,4.8,4.6,2.6,2.6,2.5,2.8,2.2
20150126,1,SO2,25.5,6.1,27.1,18.8,15.8,27.4,14.1,7.7,3.6,22.4,9.9,25.5,14.1,11.5,20.2,27.6,2,6.2,4.4,11.6,2,10.9,2,4.6,103.2,3.3,12.5,18.2,211,17.6,33.9,32.7,21.6,34.9,10.8
20150126,1,NO2,63.2,61.8,76.4,81.2,62.1,73.5,82.2,62.3,76.2,76,70.9,67.9,69.3,61.3,66.3,65.9,68.4,68.3,59.3,58.3,43.5,47.3,56.7,60.7,57,26.8,201.4,91.3,48.8,72.2,67.8,75.7,89.9,85.3,66.7
20150126,1,O3,2,4.7,3.7,5.3,2,2.1,2,2.2,4.7,2,10,3.4,12.2,6.3,5.3,2,15,2,6,8.9,2,11.7,26.6,2,14.1,2.4,2,2,2,4.9,2,2,8.3,2,2.7
20150126,1,CO,2.6,2.5,2.8,2.9,2.5,2.4,3,5.3,2.6,3.5,3.1,3.2,4.8,3.3,3.3,2.8,4.1,2.6,2.7,5.9,2.4,3.4,4.8,2.9,1.5,1.7,1.8,2.5,4.4,3.9,3,2.9,2.8,3.1,2.4
20150126,2,SO2,22.7,5.5,22.9,14.7,15.2,22.9,13.3,7.4,3.4,17,9.3,18.3,11.9,15.1,23.5,23.1,2,5.8,3.3,9.9,2,8.9,2,4,73.3,2.9,11.1,20.3,42.1,20.6,29.9,19.9,21.5,31.1,11.3
20150126,2,NO2,63.8,57.9,78.5,79.9,67.4,75.7,80.4,59,75.9,74.4,72.1,64.6,62.7,65.4,66.1,61.3,73.1,67.9,57.5,53.8,36.4,45.4,55.8,61.5,67.9,24.3,193.5,91.8,46.4,80.6,70.9,68,88.6,87.3,63.8
20150126,2,O3,2,4.9,5.1,5.5,2,2,2,2.3,5,2,11.2,2.9,13.5,5.7,5.2,2.6,19.1,2,4.6,3.9,2,8.9,24.1,2,5,2.8,2,2,2,6,2,2,8,2,2.2
20150126,2,CO,2.6,2.7,2.7,3,3,2.4,3.4,6.3,2.5,3.6,3.5,3.3,5.9,3.1,3.1,3,4.8,2.7,2.4,4.6,2.8,2.9,4.4,2.8,1.5,1.8,1.9,3.6,3.2,5.2,3.6,2.9,3.1,3.4,3.2
20150126,3,SO2,22.1,5.2,23.6,15.6,15.2,22.1,12.9,8,2.5,21.3,7.6,14.7,9.9,14.8,24.3,23.3,2,5.3,2,9.3,2,9.3,2,2.9,70.2,3.2,10.5,20.1,104.7,21.2,27.7,21.4,20.7,35.8,9.7
20150126,3,NO2,66.4,50.9,83,83,72.2,83.1,87.9,56.3,76.5,79.5,69.7,64.2,59.5,60.8,65.8,61.2,69.6,66,55.2,54.3,39.9,43.2,36.9,57.6,74.7,24.3,200.1,99.9,49.6,78.3,69.8,84.4,97.5,90.3,62.3
20150126,3,O3,2,4.9,4.8,6.1,2,2.3,2,2.3,5.2,2,9.6,3.1,14,5.3,5.2,5.8,19,2,2,2.9,2,7.8,23.2,2,2,2,2,2,2,5.6,2,2,7.6,2,2.9
20150126,3,CO,2.8,2.9,3,3.5,3.5,3.4,3.9,6.6,2.7,4.7,3.2,2.3,6.8,3.2,3.3,4.2,4.8,2.4,0.1,3.4,2.5,2.7,4,2.1,1.6,1.8,1.8,4.3,3.7,5.7,3.5,4,3.5,3.9,3.8
20150126,4,SO2,23.2,5.2,27,15,18.7,21.6,13.1,8,2.5,17.6,7.6,15.5,8.4,12.7,19.2,23.9,2,3.9,2.2,7.4,2,8.6,2,2.3,80.2,3.3,8.7,19.2,78.8,19.1,22.9,19.9,21.9,36.7,8.2
20150126,4,NO2,74.2,53.3,88.8,82.9,76.1,83.6,86.6,56.2,76.3,83.3,72.3,65.1,57.8,60.4,63.9,66.6,67.4,65,51.5,52.9,41.2,40.3,34.5,57.8,72.3,26,204.3,94.8,39.9,74.1,71.5,85.7,101.8,88.3,59.6
20150126,4,O3,2,5.6,3.5,6.4,2,3.8,2,2,4.8,2,10.5,4.7,11.3,2.4,2,4.8,15.6,2,6.3,5.3,2,6.6,21,2,2,2,2,2,2,5.9,2,2,6.5,2,3.7
20150126,4,CO,3.6,3.5,3.4,3.9,4.2,3.8,4.2,6.8,2.9,5.4,4.3,2.9,5.9,3.3,3.3,3.8,4.3,2.3,1.7,3.7,2.5,2.6,4,2,1.8,1.8,1.8,5,5.3,7.2,3.8,4.2,4,4.3,4.6
20150126,5,SO2,25.9,5.4,27.1,13.5,15.2,22.4,12.9,9,5.2,13.4,7.2,16.4,8.3,10.8,18.7,21.5,2,2.4,2,7.4,2,7.8,2,4.2,147.5,3.1,5.4,18.7,52.3,15.9,20.5,22.3,20.9,31.3,8.4
20150126,5,NO2,79.2,52.7,91.8,82.1,71.4,92,89.5,58.2,81.7,76.1,73.7,68.4,61.1,57.8,64.1,76.8,57.6,59.9,,49.1,43,38.1,34.6,56.9,62.8,25.9,199.3,98.2,42.8,67,76.4,81.3,94.1,98.2,71.7
20150126,5,O3,2,5.8,3.2,5.5,2,3,2,2,4.9,2,9.5,3.4,11.3,2,2,5.9,9,2,4.4,4.6,2,6.1,18.5,2,2,2,2,2,2,6.2,2,2,5.2,2,4.4
20150126,5,CO,3.3,3.9,4,4.4,3.4,4.6,4.4,6.5,2.9,6,4.1,4,6.1,3.2,3.8,5.1,2.8,2.8,1.9,4.4,2.4,2.5,3.6,2.4,2.3,1.8,1.8,5,4.3,9.5,3.7,4.7,4.1,4.5,5.7
20150126,6,SO2,20.2,5.8,24,14.9,11.3,18.6,13,10,7.1,16.4,6.3,20.3,7.7,10.6,14.5,19.4,2,3.9,2.2,7.1,2,,2,3.9,163.8,3,6.4,18.9,54.9,17.8,18.1,16.8,20.6,34.9,8.3
20150126,6,NO2,76.2,63.3,81.9,86,66.1,89.2,91.5,58.8,81.8,84.1,68.1,80.7,56.6,60.4,63.8,80.6,55.8,62.6,50,51,43.4,,36,55.3,59.2,26.5,186.5,96.2,36.6,65.5,75.4,82.5,90.7,109.9,80.7
20150126,6,O3,2,5.2,2.2,4.4,2,2.8,2,2,4.4,2,8.1,3.2,11.5,2,2,6.7,7.7,2,4.6,4.3,2,,17.1,2,2,2,2,2,2,5.2,2,2,6.1,2,4.2
20150126,6,CO,3.8,3.5,3.1,3.7,3.6,4.8,4.7,6.3,3.4,6.8,3.5,3.7,6.9,3.7,3.8,6.2,2.8,3.3,2.1,4.4,2.3,,3.5,2.5,2.3,1.8,2.1,5.6,4.4,9.4,3.2,3.2,3.2,5.1,5.2
20150126,7,SO2,18.1,5,20.7,14.3,9.8,16.1,13.7,10.4,4,17,5.7,22.7,7.9,12.6,17.1,20.2,2,4.4,4.4,8.5,2,7.9,2,4.4,70,3.1,6,20.2,58.8,17,17.5,20.3,18.2,44.5,5.9
20150126,7,NO2,72.1,59.3,81.2,83.2,61.4,88.4,87,61.9,77.4,90,62.8,83.8,62.4,58.7,66.9,87,53.9,62.9,63.4,55.1,43.1,39.4,34.2,55,37.5,27.8,196.4,99.6,38.5,65.3,75.6,80.7,91.4,127.5,63.6
20150126,7,O3,2,5,2,4.8,2,2.2,2,2,4,2,7.7,3.9,10.4,2,2,6,8,2,4.3,2.2,2,5.6,18.4,2,20.1,2,2,2,2,5.1,2,2,5.3,2,3.5
20150126,7,CO,3.9,3.2,3.4,4,3,4.6,4.6,6,3.4,6.3,3.5,4.5,6.5,5.5,4.1,6.2,2.8,3.3,2.5,3.3,2.4,2.3,4.3,2.4,1.1,1.7,2.1,5.2,4.5,8.8,3.5,3.4,3.7,6,5
20150126,8,SO2,15.9,6.7,22.2,12.9,10.6,17.4,13.2,9.4,11.8,19.2,7,20.3,9,13.5,22.2,23.2,2,22.2,7.3,12.2,2,9.3,2,49.9,63.2,4.7,6.3,21,73.8,15.7,18.8,19.4,18.3,49.5,7.6
20150126,8,NO2,68.4,69.1,83.6,81.9,63.5,83.3,85.9,62,42,93.2,75.6,81.8,67.3,60.6,70.3,97.4,55.9,56.2,75,63,44.4,43.1,40.8,38,22,22.1,107.3,101.4,36.6,68.9,70,81.7,90.5,147,66.9
20150126,8,O3,2,5.5,2,4.3,2,2,2,2,38.9,2,8.5,3.5,8.8,2.7,2,5.5,5.9,4.4,6.7,2.5,2,5.8,20.5,19.2,38,7.8,2,2,2,5,2,2,4.6,2,2.4
20150126,8,CO,3.2,3.3,3.6,3.2,3.4,3.5,3.7,5.9,1.8,6.5,3.5,4.1,5.5,5.9,4.6,5.7,2.2,1.9,3.2,3.2,2.5,2.3,4.8,1.1,0.7,1.7,2.3,4.7,4.8,7.9,2.9,3.5,3.4,6.6,4.6
20150126,9,SO2,26.6,20.1,41.2,22.6,27.8,28.8,22.2,8.2,19.1,20.9,11.2,20.2,10,16.3,26.5,24.5,2,32.9,13.9,12.6,2,11.7,,48.8,46.2,6.5,7.4,25.7,91.4,18.3,34.2,29.2,34,46.7,9
20150126,9,NO2,66.6,76.3,78.2,83.1,68.4,79.7,93.3,65.3,39.5,98.9,82.7,48.6,75.1,66.4,75.9,87.1,58.5,27.9,14.4,59,47.9,42.1,47.1,25.1,17.8,15.8,78.4,108.5,49.3,69.5,73.8,81.4,93.5,148.9,75.7
20150126,9,O3,2,5.1,2,4.3,2,2.4,2,2,38.8,2,9.3,29,8.2,4.3,2,2,8.6,26.5,54.2,4.4,2,7.6,22.6,33.6,40.4,17,2.5,2,2,4.6,2,2,4.9,2,3.3
20150126,9,CO,2.6,2.8,2.5,2.7,2.4,3,2.8,5.1,1,6.9,3.8,1.9,6,6.6,5.1,3.6,2.8,0.7,0.3,4.3,2.5,2.4,5.2,0.7,0.5,1.6,2.3,4.7,4.8,7.8,2.7,2.9,2.9,7.1,4.3
20150126,10,SO2,36.6,33.2,31.3,41.9,29.1,35.4,39.8,8,15.1,26.3,25.4,12.5,27.5,31.7,41.5,57.1,2,26.5,6,13.4,2,,,28.4,31.6,8.7,11.6,27.9,,20.4,33.4,30.9,47.4,42.9,35.9
20150126,10,NO2,50.7,52.9,59.3,53.3,40.7,47.2,64.7,67.4,31.1,80.8,28.1,15.2,72.6,83.2,75,79.3,59,23.7,10.5,66,50.5,,59.6,15.6,13,13.4,66.7,118.7,52,79.3,50.9,61.6,69.5,87.1,45.4
20150126,10,O3,15.5,17.3,8.2,17.9,18.3,22.8,2.9,2,43.9,2,42.6,54.1,7,2.7,2.5,,8.3,27.9,57.8,3.8,2,,18.8,45.4,47.8,23.8,11.3,2,2,4,16.9,9.6,13.8,2,22.9
20150126,10,CO,1,1.1,1.3,1.1,1.2,0.8,1.4,3.7,0.9,3.4,1.1,0.4,3.9,5.1,4.1,,2.4,0.6,0.2,3.9,2.6,,3,0.5,0.5,1.5,2,4.9,3.8,7.3,1.1,1.2,1.2,1.6,0.8
20150126,11,SO2,29.3,23.1,19.4,31.1,21.3,25.3,27.4,11.2,15.2,9.4,8.6,7.9,17.3,42.9,28.5,14.1,2,18.9,3.5,27.8,3,,20.1,13.6,38.7,10.2,20.2,35.2,39.6,24.4,20.4,18.1,32.7,27.4,27.5
20150126,11,NO2,27.7,32.7,36.1,27.9,20.7,29.9,44.1,65.2,30.5,40.3,5.2,12.3,54.9,64.6,28.2,28.5,57.8,20.8,9,30.9,44.4,,28.7,9.1,11.6,10.6,59.2,123.8,64.4,96.3,30.1,42.9,47.5,58.8,28
20150126,11,O3,37.2,37.2,24.6,38.6,35.9,41.1,14.1,3,44.7,19.6,65.1,59,7.1,10,32.1,,11,33.8,58.9,28.6,9.3,,44.5,55.8,51.3,41.6,25.8,2,,3.5,37.7,24.9,26,15.9,37.7
20150126,11,CO,0.5,0.5,0.6,0.6,0.8,0.5,0.8,2.8,0.8,,0.4,0.3,2.8,1.7,0.6,,2,0.6,0.2,1.3,1.7,,1,0.4,0.5,1.1,1.7,4.2,3.8,6,0.6,0.6,0.8,0.8,0.6
20150126,12,SO2,21.1,20.6,15.2,22.6,13.5,7.4,19.3,15.1,8.8,7.5,5.5,5.6,10.6,15.8,12.8,3.1,5.7,4.7,4.2,11.7,10.4,,2,2,21.5,4,8.4,31,39,62,18.6,17.6,26.1,22.9,5.7
20150126,12,NO2,22.2,26.5,29.9,20.8,14.3,18.5,28.1,46.4,10.6,22.5,4.4,13.2,56.6,25.3,19.6,15.9,43,11.5,8,12.9,32.8,,7.9,3.9,8.5,3.6,23.5,89.9,53.1,124.6,24.8,32,40.6,52.1,22.6
20150126,12,O3,48.5,47.6,32.6,45,46.8,67.1,25.9,5.7,63,40.5,68.3,61.1,6,40.1,49.6,59.4,22.9,51.8,61.1,52.7,27.3,,71.2,69.3,58.7,69.3,62.1,12.1,19.8,5.3,46,34.2,32.8,23.8,58.5
20150126,12,CO,0.5,0.5,0.5,0.6,0.8,0.5,0.5,2.1,0.4,0.5,0.4,0.3,1.8,0.5,0.4,0.6,1.5,0.4,0.2,0.5,1.2,,0.3,0.3,0.4,0.5,0.4,2.4,2.3,4.7,0.6,0.5,0.6,0.7,0.4
20150126,13,SO2,3.9,5.8,11,16.4,2,2,17.9,14,12,10.6,5.4,10.5,7.4,17.2,2,15.8,2.6,2,4.6,4.3,3.2,,2,2,14.3,3.1,4.6,19.9,5.3,63.7,4.6,6.9,12.4,19.8,2
20150126,13,NO2,11.1,19.2,26.6,20.5,5.3,17.3,24.8,44.9,11.1,21.6,7.6,16,45.1,19.3,12.5,24.8,29,9.9,8.5,8.5,18.2,,4.8,3.6,11.1,3.1,14.3,64.3,13,78.8,19.4,28.9,38.1,45.2,8.2
20150126,13,O3,71.3,65.1,39,51.4,61.4,74.9,28.7,7.1,63.7,43.4,66.7,54,9,50.3,66.5,42.1,45.3,60.1,61.2,62.4,48,,77.7,70.7,56.2,72.7,66,20.7,42,30.2,63.1,44.1,39.8,28.9,74.4
20150126,13,CO,0.3,0.3,0.4,0.5,0.7,0.4,0.4,1.6,0.4,0.4,0.5,0.4,1.1,0.4,0.3,0.9,0.9,0.3,0.2,0.3,0.6,,0.2,0.2,0.4,0.4,0.3,1.6,0.4,2.1,0.4,0.4,0.5,0.6,0.3
20150126,14,SO2,2.6,3.9,2.7,7.9,2,2,10.1,12.1,8,4.5,6,10.2,5.4,10.7,2,9.1,2,2,4.1,2,2,,2,2,15.5,2,2.2,15.9,2,5.8,2,2,6.1,11.9,2
20150126,14,NO2,12.3,20.1,23.5,18.8,4.3,16.9,23.9,45,10.3,19.6,9.3,17.2,22.9,17.8,13.5,19.2,11,10.8,6.4,8.3,14.6,,5.2,3.1,16.6,2.5,11.2,49.9,8.1,32.1,16.4,27,33.5,48.2,10.2
20150126,14,O3,72.6,67.6,46.6,58.1,63.4,77.7,32.9,8.5,66.4,49.8,65.8,53.5,18.3,55.1,68.4,50,66.1,53.9,63.2,68,58.9,,80.1,72.6,52.2,76.2,69.8,25.2,49.4,64.8,69.7,49.3,48.2,30.8,73.3
20150126,14,CO,0.3,0.3,0.3,0.5,0.7,0.3,0.4,1.3,0.4,0.4,0.4,0.4,0.6,0.4,0.3,0.7,0.4,0.3,0.2,0.3,0.3,,0.2,0.2,0.4,0.3,0.3,1,0.4,0.2,0.4,0.3,0.4,0.7,0.3
20150126,15,SO2,2.6,3.9,2,3.4,2,2,9.7,10.1,7.4,3.5,6.2,7.3,5,5.6,2,4.4,2,2,5.2,2,2,,2,2,13,2,2.1,13.7,2,7.1,2.2,2,6.2,8.4,2
20150126,15,NO2,11.9,20.3,23.5,14.9,3.6,18.5,27.9,42.7,9,20.6,10,16.5,20.2,21.5,14.5,14,10,9.4,8.8,8.4,16.3,,5.6,2.6,11.5,2,11.1,46.4,7.4,31.6,16.3,30.4,30.3,52.3,15.1
20150126,15,O3,72.6,67.8,49.4,65.4,65.6,78.7,31.2,10.1,70.2,50.8,65.2,57.8,17.7,56.4,70,58,70.2,56.3,61.7,70.2,59.9,,80.7,74.8,64.9,78.1,73,27.8,52.5,69.9,72.4,49.9,52.4,31.7,69.2
20150126,15,CO,0.2,0.3,0.3,0.4,0.7,0.3,0.4,1,0.3,0.4,0.4,0.4,0.6,0.3,0.3,0.6,0.3,,0.2,0.3,0.3,,0.2,0.2,0.4,0.3,0.3,0.8,0.4,0.2,0.3,0.3,0.4,0.6,0.3
20150126,16,SO2,3,4.6,2,3.3,2,2,7.3,8.6,6.2,3.6,4.9,4.9,5.8,6.4,2,4.5,2,2,5.4,2,2,,,2,7.1,2.5,2.3,12.5,2,12.1,2.3,3,6,7.6,2
20150126,16,NO2,14.1,20.1,28.1,17.7,4.3,20,32.3,40.4,8.5,23.8,9.9,11.7,18,28,19.6,17.3,17.1,14.3,8,8.6,17,,5.6,2.4,8.2,2.1,11.8,44.1,7.8,33.8,16,31.4,36.1,51.7,24.6
20150126,16,O3,74.2,70.1,47.1,64.9,65.8,80.6,31.7,12,74.2,50.6,67.7,67.8,18.2,52.9,65.4,56.6,72.4,60,65.3,70.8,61.1,,78.8,76.1,69.5,78,72.4,29.4,54.4,71.7,74.7,49.3,48.9,34.5,61.8
20150126,16,CO,0.3,0.3,0.3,0.4,0.7,0.3,0.4,0.8,0.4,0.4,0.4,0.3,0.5,0.3,0.3,0.6,0.3,0.1,0.2,0.3,0.3,,0.2,0.2,0.3,0.3,0.3,0.6,0.4,0.3,0.3,0.3,0.4,0.5,0.4
20150126,17,SO2,3.1,4.9,4.7,7.5,2,5,9.5,8.8,6.9,4.9,7,6,6.2,8.5,4.7,5.4,2,2,4.2,2,4.5,,,2,2,3.3,4.1,11.9,2,9.4,4.2,5.5,8.8,13.2,8.3
20150126,17,NO2,15.8,25.3,30.2,21.1,5.7,28.4,26.3,37.8,8.7,34.2,13.8,17.5,18.6,23.2,38.2,20.7,16.5,14.1,6.5,10,15.8,,5.6,2.8,2,2.4,,43.1,10.6,33.9,21.7,33.5,46.9,58,60.5
20150126,17,O3,74.4,65.4,45.3,61.5,66.6,68.5,37.4,12.9,76.1,40.1,67.3,62.4,29.6,59.3,44.6,52.8,70.1,62.9,67.7,69.8,63,,71.8,73.3,79.3,77.2,70.6,29.4,53.2,73.6,69.9,46.9,44.8,29.7,20.6
20150126,17,CO,0.3,0.3,0.3,0.4,0.7,0.4,0.3,0.7,0.4,0.5,0.4,0.4,0.5,0.3,0.5,0.6,0.3,0.1,0.2,0.3,0.3,,0.2,0.2,0.3,0.3,0.3,0.5,0.5,0.3,0.4,0.4,0.5,0.7,0.9
20150126,18,SO2,4.1,4.8,2.5,3.9,2.6,3.8,5.7,7.6,7.2,2.1,9.9,9.5,9.8,9.1,7.4,6.6,2,4.2,9.2,2.3,3.5,5.9,2,2,2,3.2,4.4,12.5,2,16.1,2.9,2,5.7,8.3,6.1
20150126,18,NO2,19.7,26.8,33.5,24,8.4,28.9,26.3,33.4,9.8,30.8,14.4,19.4,22,25.2,50.3,24.8,18.8,18.9,9.2,12,15.6,8.7,10.3,3,2,2,18.8,44.4,10.6,37.3,22.2,36.2,48.9,61.4,36.3
20150126,18,O3,67.7,64.1,43.5,61.1,62.1,67,37.2,13.5,73.7,46.5,67.3,60,24.8,56.4,31.4,48.3,63.3,59.2,64.6,66.9,62.2,73.5,72.7,70.5,77.2,77.2,70.1,27.7,53.6,71.5,71,45.9,45,29.7,51.8
20150126,18,CO,0.3,0.3,0.3,0.4,0.7,0.3,0.3,0.6,0.4,0.4,0.4,0.4,0.5,0.3,0.6,0.7,0.3,0.1,0.2,0.4,0.3,0.4,0.3,0.2,0.3,0.3,0.3,0.5,0.5,0.3,0.4,0.3,0.5,0.7,0.5
20150126,19,SO2,3.6,5,3.5,4.2,2,3.5,6.1,6.1,4.6,2,12.3,9.7,9.2,5.6,3.3,6.7,2,2,9,5.4,18.2,,2,2,2.1,3.2,5.1,13.1,2,5.8,3.3,2.6,5.7,9.9,3.2
20150126,19,NO2,17.1,27.4,38.9,27.4,7.8,29.6,28.9,29.8,12.2,34.5,17.1,17,21.7,24.9,27,26.5,37,14.1,7.9,18.4,26.9,,5.9,2.4,4.8,2,,45.9,12,29.7,24.5,42.3,52.4,76.5,22.8
20150126,19,O3,67.9,60,35.7,55.2,59.3,61.8,32.6,13.4,70.6,39.1,62.6,61.1,21.5,56.5,58,45.8,43.6,63.8,63.7,58.8,49,,76.4,69.6,68.9,76.3,68,25.1,50.8,74.4,64.1,39.2,37.1,22.2,58.1
20150126,19,CO,0.3,0.4,0.4,0.5,0.7,0.3,0.4,0.6,0.4,0.5,0.5,0.4,0.6,0.3,0.4,0.7,0.5,0.1,0.2,0.5,0.4,,0.2,0.2,0.3,0.3,0.3,0.5,0.5,0.3,0.4,0.4,0.5,0.6,0.4
20150126,20,SO2,4.6,4.7,3.7,4.3,2.4,3,7.9,4.7,3.9,2,11.8,12.1,10.3,5.4,2.1,6,2,2,11.9,6.2,4.1,,2,2,3.2,2.5,6,16.6,2,12.5,3.4,2.9,9.1,8.6,3.1
20150126,20,NO2,20.1,30.7,36.7,29.4,8.6,26.8,39.1,26.7,9.5,33.2,12.9,14.1,17.6,24.9,23.2,24.4,24.1,11.7,8.8,12.7,16.2,,7.2,2.1,20.5,2,16.6,48.8,11.6,34.3,24.1,41.9,57.6,64,21.6
20150126,20,O3,62.5,53.5,35.7,50.3,57,63.4,22.7,14,71.6,38.9,63.4,62.8,22.6,54.4,60.5,48.3,56.2,65.2,61.5,63.9,56.7,,73.9,69.3,47.8,75.2,65.5,22.6,50.3,66.4,62.1,37.7,33,26,58.9
20150126,20,CO,0.3,0.4,0.4,0.5,0.7,0.3,0.5,0.5,0.4,0.5,0.4,0.4,0.5,0.3,0.4,0.6,0.4,0.1,0.2,0.5,0.3,,0.2,0.2,0.4,0.3,0.4,0.5,0.4,0.3,0.4,0.4,0.5,0.6,0.4
20150126,21,SO2,5.6,6.5,4.4,4.9,3.7,3,7.4,4.7,11.3,2.8,13.9,17.9,9.7,6.6,2.5,3.9,2,2,17.8,6.1,2,,2,2,7.7,3.4,4.7,16.2,2,8.7,5,4.3,9.3,6,2
20150126,21,NO2,20.6,30.1,30.8,21.1,7.6,21.5,29.9,24,8.6,34.4,15,12.6,15.6,26.4,23,16.2,18.5,9.7,8.1,10.6,9.2,,5.8,2,15.5,2,20.2,51.3,12.9,31.5,29.4,44,53.7,50.7,17.6
20150126,21,O3,60.5,51.6,37.4,54.2,56.8,67.4,29.8,14.7,71.6,34.3,64.9,63.9,23.8,48.3,58.5,55.3,59.2,68.3,62.4,64.6,63.2,,76.3,70.6,48.9,74.3,61.4,22.5,48.4,70.1,53.5,32.3,34.5,32.4,62.2
20150126,21,CO,0.4,0.4,0.4,0.4,0.7,0.3,0.4,0.5,0.4,0.4,0.4,0.4,0.5,0.4,0.4,0.5,0.4,0.1,0.2,0.5,0.3,,0.2,0.2,0.4,0.3,0.4,0.5,0.4,0.3,0.5,0.4,0.5,0.5,0.4
20150126,22,SO2,8.3,6.9,5,6.8,5.1,3.5,10.9,3,25.4,13.8,10,20.1,9.6,11.7,4.3,5,2,2.6,11.7,4.2,2,,2,2,8.4,2.1,3.9,15.4,2,16.3,5,3.9,9,9.1,2.4
20150126,22,NO2,25.5,24.5,25.4,20.5,13.9,24.8,29.7,22,9.2,36.1,16,13,13.6,21,24.7,17.8,18.4,15.7,7.8,8.3,7.2,,8.4,2,18.4,2,16.8,49,10.5,40.5,20.8,32,39.6,45.1,20.5
20150126,22,O3,53.1,56.4,41.1,54.8,49.3,63,30.3,14.6,72.4,31,64.9,63.5,25.2,54.9,54.3,53.2,57.5,59.3,61.7,66.5,64.5,,67.9,71.3,45.5,74.9,63.1,25.1,50.1,59.1,62.6,41.2,43.8,33.7,60.1
20150126,22,CO,0.4,0.3,0.3,0.4,0.7,0.3,0.4,0.5,0.5,0.5,0.4,0.4,0.6,0.3,0.4,0.5,0.5,0.1,0.2,0.5,0.3,,0.2,0.2,0.4,0.3,0.4,0.5,0.5,0.3,0.4,0.4,0.4,0.4,0.4
20150126,23,SO2,7.9,7.9,7,8.6,5.3,6.6,13.3,4.8,17.9,17.9,11.5,21.3,7.6,23.3,4.2,3.6,2,2,13.3,3.4,2,,4.8,2,6.5,3,2,13.5,2,20.4,5.8,4.7,9.5,11.8,3.5
20150126,23,NO2,23,19.5,30.1,20.5,13,29.9,25.8,21.1,9,29.4,17.2,13.8,12.3,22.5,21.5,13.2,13.6,10.1,7.3,7.2,4.7,,14.3,3.2,14.3,2,14,50,13.3,39.9,17.9,27.3,37,49.9,20.6
20150126,23,O3,53.6,62.7,37,55.1,48.3,53.4,32.9,13.9,71.4,39.6,64.9,61.8,21.2,54.1,56.9,59.3,63.1,65.1,62.5,67.6,66.9,,57.6,67.7,54,73.1,64.8,25.5,47.8,59,66,45.1,45.1,32.8,55.8
20150126,23,CO,0.3,0.3,0.3,0.4,0.6,0.3,0.4,0.5,0.5,0.5,0.4,0.5,0.6,0.4,0.4,0.5,0.5,0.1,0.2,0.4,0.3,,0.3,0.3,0.3,0.3,0.4,0.5,0.4,0.3,0.4,0.4,0.5,0.4,0.4
20150126,0,PM2.5,236.3,221.3,219.6,230,187.7,225.1,210.3,253.3,194.7,240.7,233.6,230.7,250.4,237.7,244.3,204.6,267.5,183.2,226.3,199.9,203.6,172,203.9,172.1,169.2,111.6,164.9,213.7,326.8,333.1,225.4,235.6,233.9,232.9,240.9
20150126,0,PM10,,,,,199.4,,239.3,,,,,,256.8,,,,,,,,,,,,,,,,,,,,,,
20150126,0,AQI,189,172,174,191,146,170,167,186,164,198,197,183,197,172,173,172,211,188,201,206,228,203,178,199,152,162,175,151,169,216,184,183,183,188,197
20150126,1,PM2.5,242.7,216.7,223,240.4,191.1,225.9,211.7,273,186.1,242.7,230.6,229.3,296.8,264.2,251.2,221.8,256.2,174.1,213.4,289.8,190.8,195.3,262.5,195,151.1,112.8,161.5,217.9,316,305.7,237.6,248.3,229,258.3,245.2
20150126,1,PM10,,,,,196.9,,239.7,,,,233,233.8,,,,,,,,,,,,,,,,,,,,,,,
20150126,1,AQI,199,180,182,199,152,178,175,196,170,205,205,192,207,183,183,182,216,193,206,214,231,206,188,203,157,162,178,161,183,225,193,192,192,198,203
20150126,2,PM2.5,246.4,215.2,215.7,241.6,188.4,218.8,214.7,275.7,179.6,248,232.2,222.8,324.5,270.5,257.7,230.1,283.4,183.2,202.5,245.1,198,163.2,251.2,221.8,147.9,116.6,172.7,249.9,248.4,338,235.9,242.5,230.7,253.5,251.7
20150126,2,PM10,,,,,193.2,,239.9,,,,238.3,223.5,,,,,,,,,,,,,,,,,,,,,,,
20150126,2,AQI,205,187,191,206,158,186,184,204,175,212,210,200,217,194,192,192,222,198,211,219,233,208,196,207,161,161,181,172,195,235,201,201,199,205,209
20150126,3,PM2.5,239.4,217.9,209.2,249.1,191.8,229.4,218.8,268.9,181.1,268.3,224.1,190.8,324,265.6,261.3,274.9,296.6,165.9,192,222.2,189.2,159.2,245.7,181.3,149.1,108.7,178.5,269.2,247.4,349.7,235.2,260.9,236.2,264.6,261.3
20150126,3,PM10,,,,,212.8,,250,,,,,,,,,,,,,,,,,,,,,,,,,,,,
20150126,3,AQI,211,197,198,213,165,195,192,210,182,220,216,205,227,204,203,203,230,201,215,224,236,209,204,210,164,159,184,185,204,246,207,209,206,213,215
20150126,4,PM2.5,242.2,217.2,219.4,262.1,217.8,253.2,220.1,253.9,195.8,270.7,234.3,193.7,299.2,265.5,262.3,260.6,270.3,164.1,187.3,209,158.5,143.4,225.7,178,154.6,105.4,167.9,288.8,275.3,363.9,243.6,267.6,246.4,272.3,270.8
20150126,4,PM10,,,,,224.3,,234.4,,,,235.7,,,,,,,,,,,,,,,,,,,,,,,,
20150126,4,AQI,218,204,205,221,174,204,200,217,188,228,222,210,236,212,211,210,237,204,219,228,237,209,210,212,168,157,187,199,213,257,214,217,212,222,223
20150126,5,PM2.5,235.8,229.3,232.3,260.8,185.3,266.9,215.2,236.8,204.2,262.5,219.4,200.9,304,266.7,272,265.6,180.4,173.4,174.9,213.6,172.6,130.8,207.4,182.5,181.4,109.3,163.9,288.7,252.6,376.4,233.3,273.4,251.4,267.9,302.7
20150126,5,PM10,,,,,,,236.3,,,,220.4,,,,,,,,,,,,,,,,,,,,,,,,
20150126,5,AQI,225,211,212,229,181,212,206,223,196,236,227,215,244,220,219,217,240,206,222,232,238,209,214,214,174,156,189,209,221,267,222,226,220,230,232
20150126,6,PM2.5,261.1,215.6,204.7,231.1,200.2,274,223,225.9,194.2,252.5,191.5,208.2,292.4,279.6,283.3,303.7,157.1,171,164.8,205.1,168.7,,184.6,189.4,175,107.3,171.4,300.6,259.4,368.6,216.8,228,223,270.9,309
20150126,6,PM10,,,,,208.3,,255.1,,,277.6,,,310.5,,,,,,,,,,,,,,,,270,,,,,,
20150126,6,AQI,233,217,217,235,189,221,211,229,202,242,231,221,252,229,229,225,241,209,225,235,239,,218,217,180,155,193,218,229,277,227,232,226,237,241
20150126,7,PM2.5,278.6,205.3,215.1,246.3,169.4,282.9,223.1,217.1,197.8,246.4,194.9,223.3,282.1,317.4,297.9,289.3,158.3,189.7,176.6,178.3,169.1,124.7,189.1,187.8,108.6,110.7,173.3,296.9,276.4,365.3,239.9,231,237.9,292.8,300.3
20150126,7,PM10,,,,,169.7,,250.4,,,276.2,,,304.8,,,,,,,,,,,,,,,,,,,,239.7,,
20150126,7,AQI,241,222,222,240,195,230,217,234,208,247,235,227,259,239,238,232,242,212,228,238,239,208,222,220,181,154,198,227,237,288,234,237,231,245,250
20150126,8,PM2.5,207.4,219.6,225.3,230.3,183.5,240.6,198.6,214.6,107.3,247.3,206.6,218.6,262.4,328.8,313.3,292.6,138.9,131.8,225.1,186.4,168.4,121.4,208.3,84.8,43.1,107,178.9,303,291.7,376.2,205.4,231.3,212.7,302.7,273.8
20150126,8,PM10,,,,,194.1,,228.2,,,277.7,209.8,,290.8,,,,,,,,,,,,,107.8,,,,,,,,,
20150126,8,AQI,246,227,227,245,201,236,222,239,209,253,239,232,265,248,248,240,243,213,234,240,240,208,227,218,177,153,202,235,246,299,238,242,236,253,257
20150126,9,PM2.5,162.2,177,160.3,198.5,126.3,203.3,169.4,144.6,61.3,264.2,214.9,110.2,262.7,369.6,322.1,214.8,175.4,28.7,35.3,225.5,156.9,126.3,232,36.5,29.1,107.9,181.5,351.5,359.1,373.5,184.6,189.6,177.4,272.5,246.5
20150126,9,PM10,,,,,,,,,,317,,,286.1,,,,,,,,,,,,,,,,362.8,,,,,,
20150126,9,AQI,248,230,230,248,203,241,225,241,208,258,244,232,271,260,258,244,245,209,231,243,241,207,229,214,173,152,204,247,256,310,241,245,239,259,263
20150126,10,PM2.5,52.9,61.4,68.7,56.8,42.5,40.5,65.5,39.5,42.6,160.1,65.3,3,190.3,302.5,270.2,127.4,168,19.2,11.5,234.3,178,,173.2,30.1,23.9,98.5,151.2,439.3,359.2,429.6,74.7,69.2,67.2,91.8,47.3
20150126,10,PM10,,,,,,,,,,,105.1,17.9,238.6,,,,,,,,,,,,50.6,,,,396.7,,,,67.6,100,
20150126,10,AQI,246,228,228,245,201,238,224,238,206,258,242,227,274,269,265,243,247,205,227,246,240,,234,209,168,150,205,259,267,322,240,243,237,258,260
20150126,11,PM2.5,20.9,20.8,23,19.3,19.5,,26.6,20.3,34.2,,,11.1,17.9,90.6,24,23.6,135.6,23.5,9.2,98.5,147.5,,65.2,19.6,31.1,76.2,122.4,343.6,336.8,451.2,21.1,28.3,30.1,29.8,
20150126,11,PM10,,34.6,,,32.1,,32,,,5.2,89.1,55.2,230.6,,,,,28.6,,,,,,,88.1,,,,440.8,,,,41.6,57.6,
20150126,11,AQI,241,224,224,240,198,241,221,233,203,261,243,223,270,269,260,238,246,199,222,244,236,,232,203,162,148,205,268,277,334,236,239,234,254,264
20150126,12,PM2.5,22.7,22.9,19.1,,16.1,5.8,13.9,12.7,15.5,18.1,,10,11.1,27.6,21.1,10.7,,14,8,33.4,83.2,,9.3,8.4,31,8,20.9,104.2,235.4,445.3,28.4,17.6,23.1,24.9,9.4
20150126,12,PM10,,53.6,31.9,,,,23.8,,,37.3,,14.3,200.1,,,,,,,,,,,,70.6,28.5,,,,,,,61.7,57.3,
20150126,12,AQI,237,220,220,243,193,237,217,228,199,257,245,218,266,266,257,233,247,191,217,238,230,,227,195,156,141,201,268,284,345,231,235,230,250,259
20150126,13,PM2.5,7.5,15.7,17.1,11.9,8.9,8,14.9,19.6,14.1,18.1,3.6,15.7,12.9,19,8.1,38.9,23.4,13.4,9.9,17.4,44.7,,6.7,8.6,25.7,5.7,12.4,37.9,20.5,251.8,7.6,14.2,15.4,22.4,7.5
20150126,13,PM10,25.4,30.2,26.5,169.8,,,34.3,,,58.9,,44.5,87,,,,,,,,,,,,69.4,10.7,,,,,,,37.6,56.9,80.4
20150126,13,AQI,231,216,215,238,187,231,213,224,193,252,240,214,261,262,253,229,241,184,211,233,221,,221,186,149,135,195,266,280,350,226,231,226,246,253
20150126,14,PM2.5,12,3,17.6,14.5,6.3,4.1,12.7,19.4,13.5,13.6,15.9,13.2,12.3,16.3,14.5,24.5,10.4,,9.6,6.6,10.2,,4.7,3,26.6,4.6,6,16.2,17.3,7,10.4,10.2,12.9,12,3
20150126,14,PM10,,10.5,,93,,,,,,,,30.5,52.3,,45.3,26.9,,5,,,,,5,,79.2,5,,,52,,,,,32.6,5
20150126,14,AQI,226,211,211,233,181,226,208,220,186,247,234,209,255,258,249,225,235,185,205,229,213,,216,177,144,130,187,262,276,345,221,226,221,241,246
20150126,15,PM2.5,10.3,10,11.1,8.9,9.4,6.7,7.5,13.5,14.1,14.5,11,13,9.2,9.3,10.5,11.4,9.1,,10.1,3,11.9,,4.9,3,15,7.2,5.7,9.3,11.5,13,6.2,5.5,12.3,11.5,6.9
20150126,15,PM10,,11.3,,61.7,,27.2,,,,,,,49.2,17.3,21.6,,,,16.9,,,,5,,50.2,51.4,,,25.2,64.5,,9.2,,15.6,8.6
20150126,15,AQI,221,205,206,228,175,221,203,215,179,241,228,204,248,251,244,220,228,187,198,224,205,,210,168,139,125,180,258,271,339,216,221,216,236,240
20150126,16,PM2.5,7.2,9.1,12.4,3,8.3,9.5,5.6,12.1,10.1,11.8,13.8,7.7,5.6,11.1,5.5,10.2,8,4,10.9,4.5,7.5,,5.3,3,9.6,4.8,3.7,8.9,6.9,7.5,9.1,8.6,8.9,11,3
20150126,16,PM10,,,13.6,49.7,,19.3,,,,,,,20.4,13.7,16.7,,,,,5,,,,,25,66.9,,,7.6,,,,,11.2,13.5
20150126,16,AQI,214,200,201,221,168,215,197,210,171,234,221,196,242,244,238,215,220,179,188,219,196,,205,159,134,120,173,254,266,333,210,215,210,230,234
20150126,17,PM2.5,3,4.5,11.2,4.3,6,7.9,10.4,12.8,5,9.4,8.7,17.1,7.2,5.6,13.3,14,8,8.4,4.6,8.3,9.7,,6.1,4.6,7.3,6.9,8.6,11.5,9.3,6.7,9.5,12.5,13.1,13.2,15.1
20150126,17,PM10,5,6.3,,55.8,,27.2,,15.2,7,,22.5,,22.9,17.5,25.9,,,27.7,15.8,12.3,,,6.8,5.1,8.2,24.7,,,,17,,,,20.4,
20150126,17,AQI,207,190,192,213,161,209,188,205,162,226,213,186,236,238,232,210,212,171,176,214,187,,198,150,129,114,165,249,260,326,203,208,204,222,227
20150126,18,PM2.5,6.4,6.5,9.6,10.5,7.4,10.1,7.4,5.8,9.4,6.5,15.6,9.2,10.3,6.2,21,15.6,8.4,8.3,9,9,8.2,9.7,6.8,3,5.2,3,4.6,14,12.4,8.9,5.7,8.4,8,9.4,9.5
20150126,18,PM10,19.6,16.4,,45.4,9.6,31.3,9.3,16.3,13,,36.6,15.7,17.2,22.9,34.5,,,29.4,35.2,11,,,8.2,5.3,11.3,7.7,,,15.6,20.4,,16.5,15.2,25.6,54.9
20150126,18,AQI,198,180,181,205,153,202,178,197,152,218,206,177,228,231,226,206,204,162,166,207,178,145,190,142,123,108,156,244,254,318,192,200,195,214,219
20150126,19,PM2.5,10.4,10.6,13.9,9.3,5.5,9.2,5.3,10.3,3,9.3,10.7,7.7,12.8,8.2,15.4,16.6,13.6,12.4,6,10.7,14.1,,3,4.7,7.3,4.4,6.8,12.1,9.1,9.6,6.8,8.9,14.1,11.9,7.3
20150126,19,PM10,25,22,,47.9,7,31.5,7.3,,8.1,11.3,37.4,21.4,31.8,21,15.8,,,25.7,19.9,,,,5,5,11.7,5,,,12.3,12.5,,24,20.2,26.5,
20150126,19,AQI,187,169,171,195,144,191,168,187,142,210,197,166,221,223,218,200,196,150,153,197,169,,181,133,116,102,148,239,247,309,181,190,184,207,210
20150126,20,PM2.5,13.3,11.6,14.7,10.5,7.8,6.2,12.6,7.2,11,12.3,11.4,8.8,8.4,7.7,10.2,9.9,13.9,15.6,5.9,10.8,12.2,,3.6,3,7.4,6,8.9,20.4,11.2,6.8,4.1,10.4,11.2,14.8,4.9
20150126,20,PM10,,13.1,,43.7,,26.1,14.4,15.8,,,16.4,16.5,16.1,,10.9,13,,22.7,15.3,,,,5,5,13.2,,,,,,5,,16.6,22,43.4
20150126,20,AQI,175,158,161,183,136,180,158,177,133,202,184,154,212,216,210,190,186,139,142,185,158,,170,124,109,95,139,233,236,299,169,178,173,199,202
20150126,21,PM2.5,11.3,10.2,12.9,13.7,7.9,6.7,7.8,7.9,8.2,11.7,7.1,5.3,11.2,8.6,9.5,7.3,15,7.4,9.8,8.7,7.2,,5.1,3,10.3,3,9.8,15.2,8.5,8.4,4.9,12.4,9,13.9,5
20150126,21,PM10,,12.2,17.9,44.4,,20.6,12.2,,,,17.9,7.3,18.5,11.6,,,,13.9,,,,,,5,23.7,5.5,,,,,5,18.9,22.3,24.8,10.4
20150126,21,AQI,163,148,150,171,128,168,147,166,124,190,170,143,204,209,202,179,175,127,131,172,147,,159,115,102,89,132,226,229,289,157,167,161,187,189
20150126,22,PM2.5,9.2,9.3,8.3,11.2,11.2,7.1,7.2,7.4,11.5,11.7,12.7,9.3,5.8,8.6,9.6,9.5,17.3,5.2,8.5,4.7,6.7,,6.9,3,10.5,6.2,9.9,8.6,10.7,12.9,6.9,7.1,10.2,10.1,9.7
20150126,22,PM10,16.8,23.7,11.2,40.3,,19.7,11.7,,,,28.5,13.5,18.2,,13.8,10.9,,14.4,10.1,5,,,9.2,5,17.6,6.8,,,,,11.6,23.6,23.5,19,
20150126,22,AQI,151,139,140,159,120,157,137,155,115,177,155,131,192,201,191,169,163,115,119,156,137,,148,105,94,82,124,218,222,279,146,156,149,176,176
20150126,23,PM2.5,12.9,12.4,14.4,12.4,9.4,11.1,11.9,14.4,7.1,11.9,5,12.3,7.9,11.6,8.9,7.5,17.1,15.9,6.7,9.2,5.7,,13.1,3,9.9,3.1,9.9,10,8.1,11.3,7.2,8.7,10.8,11.1,6.9
20150126,23,PM10,13.9,19.1,,36.7,18.1,28.5,14.4,,,,22,,16.5,,14.5,,,,12.4,,,,14.3,5,26.9,9.3,,,,,,15.9,20.6,17.5,
20150126,23,AQI,140,129,131,147,111,145,127,140,106,163,141,120,178,188,177,158,150,104,107,144,128,,138,97,86,76,116,210,213,268,135,144,138,163,162
