date,hour,type,dongsi,tiantan,guanyuan,wanshouxigong,aotizhongxing,nongzhanguan,wanliu,beibuxingqu,zhiwuyuan,fentaihuayuan,yungang,gucheng,fangshan,daxing,yizhuang,tongzhou,shunyi,changping,mengtougou,pinggu,huairou,miyun,yanqing,dingling,badaling,miyunshuiku,donggaocun,yongledian,yufa,liulihe,qianmeng,yongdingmengxi,xizhimengbei,nansanhuan,dongsihuan
20150202,0,SO2,65,35.4,77.3,83.3,78.8,62.6,71.8,27.7,56.3,83.8,95.5,46.2,66.5,103.7,66.6,156.2,99.5,29.2,41.8,30.5,13.7,40.6,34.2,32.3,29.3,20.1,50.7,98.3,48.9,101,87,86.5,83.4,111,76.7
20150202,0,NO2,89.9,86.1,107.3,117.2,100.9,105.7,111,70.1,103.9,117.4,118.1,94.9,95.8,95.6,88.7,111.3,107.4,56.2,75.1,65.5,37.9,70,65.8,39.7,78.9,27.1,118.9,124.9,82.8,117.4,105.3,105.8,109.5,135.6,112.9
20150202,0,O3,7.6,5.8,2.1,9.3,2,2,2,2,2,2,10.4,2.8,11.1,2,6.2,30.2,24.4,17.5,5.4,8.3,16,11.2,13.7,11,2,21.8,2,2.7,2,26.1,2.3,2,10.9,2,10.9
20150202,0,CO,2.7,2.7,2.6,4.4,2.9,2.2,4.2,4.1,2.1,4.5,2.7,3.3,4,2.5,1.5,11.6,6.5,1.4,2.5,2.3,1.5,2.5,2,2.6,1.1,1,1.9,7.2,3.3,10.1,3.9,3.5,3.7,4.7,5.6
20150202,1,SO2,69.6,31.8,81,88,76,73,59.7,23.3,53.7,80.5,91.8,37.6,44.8,85.7,94.7,150.5,73.7,28.3,37.9,30.2,7.8,34.5,29.4,30.6,33.6,15.3,45.4,76.2,70.8,115.5,77.2,94,69.4,117.7,74.8
20150202,1,NO2,89.5,85.1,112.6,107.7,104.2,102.6,103.9,67.4,102.1,118.6,114,87.6,72.7,99.2,93.5,112.9,82.2,56.1,72.9,66.8,33.1,67.7,51.3,39.8,83.7,22.7,114.3,122.8,96.4,108.3,99.1,106.5,113.6,125.4,106
20150202,1,O3,6.6,5.5,2.4,8.2,2,2,2,2,2,2,8.7,2.2,9.7,2.2,7.4,28.2,10,17.2,5.2,5.9,19.5,10.2,17.5,9.3,2,23.3,2,2,2,25,2,2,8,2,10.1
20150202,1,CO,2.4,2.6,3.2,3.3,4.1,1.9,4,4.2,2.2,5.2,2.4,2.9,3.4,3.6,2.1,12.4,4.5,1.3,2.3,2.7,1.3,2.4,2.3,2.6,1.1,0.8,1.9,6.4,3,10.6,3,3.4,4.3,4.7,5.7
20150202,2,SO2,81.4,31.7,82.8,86.2,129.5,82.5,,18.9,54,65.1,89.4,34.8,39.3,78.2,91.6,149,52.1,24.4,35.9,40.6,7.4,30.7,23.5,17,27.1,12.2,47,59.1,59.7,74.9,102.2,102.4,74.5,116.7,54.6
20150202,2,NO2,87.4,82.4,107.5,107.8,112.7,103.5,100.6,63.5,100.6,113.2,110.1,82.3,47.7,107.3,94.5,111.9,50.5,59.9,70.6,65.7,31,59.7,48.7,45.5,78.9,22.6,112.2,116,91.1,89.3,104,109.7,110.4,129.3,102.6
20150202,2,O3,4.8,5.5,2.1,9.3,10.8,2,2,2,2,2,7.8,2.4,4,2.2,7.3,20.6,2,14.6,4.9,5,21.8,10.7,16.3,3.2,2,22.5,2,2,2,18.7,2.2,2,8.7,2,8.3
20150202,2,CO,2.5,2.7,3.2,3.8,5.8,2,4.1,4.5,2.2,5,2.4,2.8,3.1,4.4,2.5,9.7,2.1,1.2,2.1,2.7,1.1,2.6,2.3,2.6,1.2,0.7,1.7,6.2,3,9.1,3.6,4,4.2,5,5.5
20150202,3,SO2,82.6,38,86.3,84,118.6,78.8,76.2,19,53.5,64.3,65.2,33.5,18.6,82.5,95.6,134.8,13.6,24.8,33,37.8,6,19.7,20.5,18.1,27.4,7.5,55.1,58.4,39.1,87.9,96.3,63.3,86.1,102.4,44.5
20150202,3,NO2,96.4,89.7,102.4,111.6,102.9,117.2,98.5,61.9,97.5,110.6,102.7,82.5,45.8,112.5,96.5,102.1,38.1,63.4,67.9,64.9,30.2,50.7,47.9,50.5,77.9,20.4,112.1,115.7,78.4,91.2,106.2,102.7,107.7,131.7,100.5
20150202,3,O3,5,7,3.2,9.4,15.9,2.4,2,2,2,2,7,2.8,4.2,3.3,7.2,17.9,2,11.4,4.8,4.7,21.1,8.2,14.6,3.3,2,22.1,2,2,2,20,2.3,2,10.3,2,9.8
20150202,3,CO,2.6,3.2,3.7,4.1,5.8,4.2,3.7,4.7,1.9,5,2.2,2.9,2.9,5.1,2.9,8.9,,1.4,1.9,2.9,1.2,2.3,2.3,2.9,1.3,0.7,1.5,6.7,3.4,10.5,3.7,5,4.5,4.8,6
20150202,4,SO2,90,29.2,93.5,84.3,101.3,107.5,63.5,18.4,55.3,66.3,49.9,40.5,21,83.6,85.9,118.3,12.6,35.3,28.5,29,7,18.3,18.6,19.4,30.2,4.8,61.7,54.7,21.7,77.6,88.8,77.7,95,94.4,50.6
20150202,4,NO2,114.5,88.9,106.5,112,98.2,133.1,93.7,59,97.9,107.9,95.6,85.4,56.5,114.7,110.4,98.7,46.7,68.4,65.7,57.9,33.8,51.1,46.3,52.9,80.1,20.4,104,115.2,68.9,89.6,111.8,110.4,116.4,135.8,114.6
20150202,4,O3,22.4,10.7,3.6,9.4,10.4,4.3,,,8.9,2,9.5,2.7,7.7,3.6,5.2,15,10.2,7.1,4.7,6.7,15.6,6.5,13.3,2.4,2,18.9,2,,2,,4.7,2,10.9,2,12.2
20150202,4,CO,4.3,3.6,4.9,3.9,5.5,7.4,3.3,4.8,2.1,5.3,2.9,3.6,2.5,6.4,3.5,8.9,1.6,1.5,1.9,2.4,1.3,2,2.2,3.6,1.4,0.8,1.5,8.1,3.7,11.1,4.8,5.1,5,4.6,7.8
20150202,5,SO2,88.4,58.8,90,97,76.4,93.5,69.1,17.2,65.5,90.3,51.8,39.9,25.3,98.7,94.1,110.7,13.7,33.7,28.8,27.9,7.4,17.2,18.8,20.7,33.8,9,55.5,57.2,18.6,68.3,92,106.7,87.3,102.8,60.2
20150202,5,NO2,113.2,114.5,109.7,125.4,83.4,124.3,103,52.4,97.5,111.9,83.8,83.7,80.4,121.7,117.2,102,57.2,73.3,63.9,59.4,37.3,49.6,48.4,56.5,82.4,,95.9,117.4,63.3,83,113.3,118.8,118.7,141.2,104.1
20150202,5,O3,22.6,15,3.1,13.2,4,2,2,2.2,9.9,2,9.7,2.2,7.7,3.7,3.2,14.5,8.2,6.5,5,5.7,12.7,5.7,12.1,2,2,15.7,3.1,4.9,2,30.1,2.6,2,11.1,2,11
20150202,5,CO,5.2,5,4.4,5.2,4.2,5.3,3.5,4.9,3,4.1,2.9,3,3.3,12.9,4.6,9.4,1.4,1.6,1.7,2.4,1.2,1.9,2,3.3,1.5,0.9,2.3,9.1,4,11.5,5,5.4,4.3,5.6,7
20150202,6,SO2,66.2,52.6,73.8,82.8,67,73.9,64.1,17.9,74.3,90.4,46.4,49.4,35.3,89.8,108.6,101.2,21.2,38.1,32,31.4,4.9,17.5,17.9,22.7,36.3,12.7,60.1,49,22,57.1,72,87.2,75.2,105.2,51
20150202,6,NO2,95.5,110.7,94.9,115.2,78.4,110.3,94,53.6,102.6,111.6,83.9,91.4,84,124.1,120.8,98.6,56.1,79.9,61.8,58.8,32.8,47.4,47.8,63.8,83.2,30.1,84.9,119.3,69.1,80.2,97.8,106.7,94.6,137,100.9
20150202,6,O3,16.2,13,2,11.2,2,2,2,2,9.7,2,9.5,3.1,9,2.6,2.7,12.2,13.8,4,5.3,4.9,14.7,5.6,11.5,2,2,14.3,7.7,4.3,2,24.9,2,2,10.6,2,10.4
20150202,6,CO,3.8,4.8,3.3,4.1,3.4,4.1,3.2,5.1,3.5,4.2,2.7,3,3.4,11.7,7.2,8.9,1.9,1.8,1.6,2.4,1.3,1.6,2.1,3.1,1.7,1.1,2.1,9.2,4.7,8.7,3.5,4.1,2.9,4.6,6.1
20150202,7,SO2,44.2,45.4,70.4,53.4,66,48.4,56.6,18.5,67.3,72.4,52.7,56.9,40.9,126.8,74.3,89.6,24.7,38.4,31.9,38.4,5.1,19.8,22.2,28.2,36.4,11.6,53.6,44.8,18.5,46.6,43.3,57.1,71.2,73.4,51.3
20150202,7,NO2,70.7,98.8,93.5,82.5,78.8,79.8,91,54.6,98.4,95.9,84.6,96.1,85.3,119.7,98.8,83.9,55.7,85.7,63.8,62.9,40.8,49.4,61.4,71.7,82.5,25.8,89.7,121.8,70.4,71.9,73.8,79,97.3,111.6,75.6
20150202,7,O3,8.3,10.8,2,5.9,2,2,2,2,9.7,2,9.8,3.1,9.5,3,3.1,7.5,12.4,2.2,4.7,4.2,6.8,5.7,12.1,2,2,17.7,2.7,4.4,2,25.1,2,2,10,2,8.2
20150202,7,CO,1.9,3.9,2.5,2,2.9,2.3,3.5,5.2,3,3.5,2.5,3.5,3.4,6.1,5.2,7.4,1.5,1.9,1.8,2.4,1.4,1.7,2.6,3.3,1.6,0.9,2.1,9.5,5.9,10.3,2,2.4,2.8,3.1,3.1
20150202,8,SO2,,32.8,64.9,50.3,44.8,45.4,55.8,16.9,61.6,63.7,62,49.2,46.7,148.6,76.3,82.9,25.7,34.7,34.2,44.5,16.8,23.3,25.8,32.1,32.6,11.2,66.3,47.7,14.7,48.5,46.1,53.7,68.1,67.9,44.2
20150202,8,NO2,,74.8,94.9,80.8,70.3,75.5,92.4,54.9,97.7,93.5,85.9,88.5,90.5,144.6,97.6,77.5,55.7,81.6,62.1,66.9,55.7,49.1,87.9,76.3,78.1,32.1,73.9,119.7,64.4,69.2,74.2,76.5,96.3,99.4,70.3
20150202,8,O3,,7.8,2,6.1,2,2,2,2,10.7,2,10.7,2.8,10.3,4.6,5.8,6,11.8,2.6,5,3.8,2,7,12.9,2,2.1,9.6,12.7,4.8,2,23.8,2,2,8.1,2,9.1
20150202,8,CO,,2.7,2.5,2,1.9,1.9,3.7,5,3.1,2.5,2.6,3.5,3.5,8.8,4.5,5.5,1.4,2.3,1.6,2.6,1.8,1.8,2.9,3.3,1.7,1.2,1.8,10.9,6,8.3,1.8,1.9,2.7,2.4,2.3
20150202,9,SO2,42.4,46.5,62.9,55.6,46.7,45.9,68.2,14.7,74.8,56.5,73.2,44.1,54.1,143.4,92.4,94.7,27.7,49.3,36.3,51.6,25.1,22.7,31.5,31.8,41.8,12.4,69.6,52.2,26.6,75.6,43.4,57,62.8,73.1,41.8
20150202,9,NO2,64.9,74.5,82.7,81.7,67,78.3,98.1,57.3,98.8,91.5,78.1,84.7,95.2,142.3,97.4,76.4,60.6,85.8,57.9,68.9,53.8,46,73.4,74,71.4,25,77.5,127.3,64,75.1,70.9,77,82.8,93.2,66.7
20150202,9,O3,9.7,7.7,2,7,2,2.2,2,2,12.4,2,12.5,3.3,11.3,4.4,2.4,5.8,13.9,4.1,8,6.7,2.5,9.1,14.6,2,9.9,18.1,14.9,4.8,2,21.8,2.7,2,9.5,2,8.4
20150202,9,CO,2,1.9,2.1,2.1,1.9,2.1,4,4.8,3.6,2.5,2.6,2.7,4.2,8.7,4.8,4.8,1.5,2.6,1.7,3,1.7,1.8,3.2,3.5,2.3,1,1.7,11.1,8.7,5.6,1.9,2.1,2.2,2.8,2.1
20150202,10,SO2,,49.3,56.9,59.1,,46.9,,17.9,80.5,51.5,67.8,49.3,57.5,126,87,91.1,49.4,64.9,33.2,59.5,25.8,25,43.9,45.5,47,15.3,75.5,72.1,67.5,79.3,44.4,57.3,57.5,70.3,45.6
20150202,10,NO2,57.3,76.8,73.4,82.9,,79,,57.5,106.3,85.1,76.3,87,87.1,129.9,95.1,85.4,66.9,89.4,51.7,76.1,56.8,43.4,71.3,72.7,79.4,26.1,89.1,140.8,81.6,79.6,69.9,75.3,76.4,100.4,66.9
20150202,10,O3,12.7,10.8,3.5,8.8,,3.8,,2,12.7,2,15.4,4.4,11,3.9,3.4,4.5,16.8,5.4,13.9,9.1,5.9,13,18,5.2,8.9,19.7,10,4.9,2,22,,2,14.1,2,11.1
20150202,10,CO,1.8,2,1.6,2.2,,2.2,,4.7,4.5,2.3,2.8,2.6,3.5,8.1,4.1,3.7,2,3.4,1.6,4.4,1.7,1.6,3.7,2.8,1.6,1.1,2,10.5,6.1,4.8,1.9,2.2,1.6,2.9,2.3
20150202,11,SO2,44.6,57,57.8,54,41.3,48.5,,36.2,74.4,46.6,51.5,60.6,49.5,90.3,85.2,84.2,37.3,64.1,35.9,55.5,24.5,26.1,35.8,52.1,48.2,19,92.3,72.6,112.3,110.4,52.9,60.4,54.7,67.8,60.4
20150202,11,NO2,67.1,73.8,77.4,76,,84.2,,64,110.3,72.4,75.7,100.2,84.3,109.3,96.3,86,51.9,90.4,52.7,68.7,50.5,37.7,65.4,73.4,66.3,20.4,114.7,139.2,104.4,98.5,67.7,74.4,79.1,96,79.2
20150202,11,O3,14.1,15.5,5.7,11.4,,6.2,,2.1,12.5,2,17.5,4.6,9.9,2,6.1,4.6,24.7,8.8,15.9,14.3,15.3,19,18.3,14.1,18.7,27.7,8.7,4.4,2,24.1,15.1,4.6,15.7,2,11.1
20150202,11,CO,1.9,1.9,1.8,1.9,1.7,2.2,,4.5,4.1,1.6,2.2,3.1,2.8,3.6,3.6,3.3,1.3,2.7,1.7,2.5,1.4,1.5,2,2.2,1.4,1,2.9,8,4.5,4,1.8,2,1.9,2.3,2.7
20150202,12,SO2,50,57.6,50.9,60.4,47.2,58.7,,46.3,58.8,56.4,62.2,56.6,94.3,82.7,93.6,106.3,32.3,68.2,43.8,78,21.8,35.8,36.8,51.1,40,23.7,87.5,86.2,109.3,98.5,54.5,63.9,44.7,74.6,82.6
20150202,12,NO2,75.7,82.7,79.6,80.4,,87.4,83.9,73.8,95.5,81.6,91.1,94.4,97.2,105.1,102.6,102.6,49.3,95.6,57,80.5,44.6,35.6,61.2,77.5,61.1,15.5,121.7,138.1,120.2,101.7,76.2,81.5,82.3,104.8,86.8
20150202,12,O3,15.3,15.2,10.5,17.6,24.7,11.1,3.9,2.8,17.9,2,16.3,7.4,9.2,2.9,8,6.6,32.3,9.7,18.6,21.2,24.3,27.5,26.2,11,23.4,,8.6,5.6,2,24.7,17.6,7.6,20.1,2,13.3
20150202,12,CO,2,1.9,1.8,1.9,1.8,2.1,1.9,4.4,2.4,1.9,2.4,2.6,2.6,3,3.2,3.2,1.2,2.6,1.7,2.5,1.3,1.4,2,2.3,1.3,0.8,3.1,6.5,4.5,3.6,1.9,2,1.8,2.5,2.6
20150202,13,SO2,57,60.5,58.1,63.3,60,77,58.1,46.5,61.5,63.3,63.6,61.5,61.5,87.7,93.3,107.6,44.2,75.2,68.5,82.5,22.9,36.6,38.7,,35.1,29.3,85.9,98.4,118.3,91,56.8,65.9,57,75.7,71.7
20150202,13,NO2,86,95.3,89.1,93.7,93,94.7,89.6,78.5,99,92.4,97.6,95.9,99.6,107.8,103.4,113.3,50.2,101.8,87.6,84.2,47.5,35.5,59.8,,57.3,20.4,114.7,136.7,107.4,99.5,88.4,96.3,91.4,114,91.5
20150202,13,O3,16.8,14.4,12,16.2,21.7,14.4,3.6,3.2,19.5,2,17,9.3,9.2,4.7,10,9.2,34.9,12.4,12.8,26.3,28.3,36.4,30.9,,25.6,,16.5,7.3,9.9,26.7,13.8,6.2,20.4,2,15.3
20150202,13,CO,2.1,2.1,1.8,2.1,2,2.2,,4,2.3,2.1,2.4,2.3,2.5,2.7,2.8,3.5,1.2,2.5,2.1,2.6,1.2,1.3,1.9,,1.3,0.9,2.8,5.4,3.6,3,2.1,2.2,1.9,2.5,2.6
20150202,14,SO2,66.7,69.4,62.5,64.2,63.4,73.6,60.1,43.7,72.4,69,67.2,62,58.2,95.1,88.5,108.5,51.7,68.8,71.1,81,42.1,57.5,34.5,73.7,41.4,34.5,82.8,94,98.4,91.9,60.4,73.9,58.5,85.3,73.7
20150202,14,NO2,90.9,108.2,97.4,104.2,98.6,96,94.7,82.3,110.1,93.2,97.3,97.9,99.7,114.9,111.4,118.7,57.3,100.5,91.1,81.9,50,45,53.5,101.4,68.4,24,95.5,121.3,75,107.3,95.9,108.1,99,126.7,102.4
20150202,14,O3,18.9,14.4,12.6,15.8,20.9,23.7,,3.5,19.1,6.7,20.4,10.8,10.3,6.8,12.2,10.2,39,14.8,15.6,31.8,34.4,39.4,36.6,11,19.8,60,35.3,11.6,24.5,29.5,14.9,5.8,18.7,2,17.2
20150202,14,CO,2.3,2.4,2,2.2,2.2,2.1,2,3.5,2.5,2.2,2.1,2.3,2.3,2.6,2.7,3.5,1.3,2.3,2.1,2.2,1.2,1.4,1.6,2.8,1.4,0.9,2.1,4.1,2.2,2.9,2.2,2.7,2.1,3,2.5
20150202,15,SO2,61.5,81.8,64.8,72.3,69.3,74.5,59,45.2,74.2,72.9,70.2,62.6,65,72,82.7,109.3,59,71.6,70.9,89.6,61.6,76.9,45.4,76.5,61.3,42.1,80,85.6,96.1,94.9,69.9,88.6,63.3,102.7,79
20150202,15,NO2,96,116.4,101.3,112.1,109.7,111.8,,88.8,109.4,102,103.8,98.5,98.5,91.8,116.6,120.8,70.5,94.7,93.8,77.8,61.8,54.5,57,93.2,82.2,28.1,75.9,111.4,78.2,94.1,111.5,119.9,104.4,144.4,115.1
20150202,15,O3,15.4,13.3,11.9,14.8,16.8,13.7,3.4,3.2,21.6,3.4,19.8,11.2,12.1,20.7,14.5,11.7,37.4,19.2,15.7,33.4,39.7,41.6,41.3,19.4,25,66.3,51,15.5,21.5,37.9,10.3,4.3,17.4,2,14
20150202,15,CO,2.4,2.6,1.9,2.2,2.4,2.3,2.1,3.1,2.3,2.2,2.1,2,2.2,1.9,2.5,3.3,1.7,2,2,1.7,1.5,1.5,1.7,2.4,1.6,1,1.4,3.1,2.1,2.4,2.6,3,2.2,3.6,2.7
20150202,16,SO2,70.7,87.7,73.7,78.7,73.9,76.1,60.7,45.1,66.3,72.9,76.6,71.3,60.6,61,69.1,97,64.7,76.5,67.3,76.4,73.8,75.2,51.7,73.6,77.8,43.3,76.7,81.6,86.3,95.7,81.5,89.9,72.8,97.5,78.9
20150202,16,NO2,107.6,114.5,115.7,116.4,127.4,122.7,102.3,94.2,106.7,98.6,107.2,109.9,93.7,80.9,86.7,118.9,81.7,103.8,94.3,69,69.4,60.9,66.5,85.1,101.8,28.1,71.8,106.3,64.9,87.9,115.1,122.7,113.4,139.8,123.6
20150202,16,O3,13.3,14.1,7.9,15.6,9.8,6.1,2,2.8,17.9,9.2,20.7,8.4,15,29.2,26.5,10.9,35.7,17.7,12.4,39.9,36.2,41.8,39.8,27.1,13.8,69.5,50.8,16.9,27.4,42.8,9.5,6.1,15,2,10.8
20150202,16,CO,2.6,2.3,2.1,2.2,2.6,2.4,2.1,2.9,2,2,2.1,2.2,2,1.8,1.9,2.9,1.7,2.2,1.9,1.6,1.5,1.5,1.8,2.2,1.9,1,1.2,2.6,1.9,2,2.4,2.4,2.2,3.1,3
20150202,17,SO2,69.5,70.1,70.7,64.7,82.8,79.2,61.1,45.2,67.4,63.2,73.5,75.4,61.5,62.6,70.2,104.7,66.1,73.7,68.5,87.5,60.2,79,48.3,69.8,73.6,48.5,91,75.2,88.6,94.2,68.4,72.6,79.3,82.5,78.1
20150202,17,NO2,112,94.4,114.4,101.8,142.3,133.8,109.1,100.9,114.6,92.5,99.7,115.2,100.1,79.8,79.4,124.3,93.1,106.6,105.7,83.5,75,60.8,71.5,85.2,109.4,30.3,94.4,98.7,66.2,92.8,107.3,106.9,124,133.5,131.7
20150202,17,O3,11.4,23.5,8.9,20.1,6.2,2,2,2.6,12.2,8.5,24.2,5.6,12.7,26.4,29.5,8.6,22.6,15.5,8.2,27.1,25.7,48.6,31.4,24.9,5.9,69,30,18.5,24.3,39.3,11.7,10.1,12.2,2,8.8
20150202,17,CO,2.7,1.7,1.9,1.8,3,2.6,2.2,2.8,2.1,1.8,2,2.2,2,1.7,1.8,3,1.8,2,2,1.8,1.4,1.6,1.8,2.1,1.9,1.1,1.6,2.1,2.4,2.2,2,2,2.5,3,3.4
20150202,18,SO2,57,65.6,61.3,61.8,87.4,78.3,59.6,43.2,65.9,64.1,76,73.2,63.8,72.3,79.7,110.9,68.8,68,74.2,93.3,58.4,78.5,68.9,85.5,74.2,75.6,78.7,69.4,78.3,110.6,63.1,72.1,70.9,82.1,77.9
20150202,18,NO2,94,89.4,102.9,103.5,147.8,137.5,113.5,102.8,117.3,97.2,109.4,116.7,100.9,79.9,85.4,121.5,107.9,103.6,113.4,100.3,87.4,82.6,95.1,102.5,114,45,94.1,99.8,69.7,109.6,105.1,101.4,116.7,126.5,134.4
20150202,18,O3,13.5,21,11.3,13.2,5.7,2,2,2.6,9.6,2,15.7,4.2,11.9,19.1,18.1,6.1,15.1,11.7,6.8,14.1,12.1,26.7,17.7,2,2.8,58.3,26.9,11.9,15.9,26.9,6.4,7.1,12.5,2,7.5
20150202,18,CO,2.3,1.7,1.8,1.9,3.1,2.8,2.3,2.8,2.3,2,2.1,2.4,2,1.6,1.8,3.1,2.2,1.9,2.2,1.9,1.6,1.8,2.2,2.9,2,1.4,1.9,1.8,1.9,2.5,2,2,2.2,2.7,3.5
20150202,19,SO2,63.8,72.3,66.3,68,90.3,83.7,60.8,41.7,63.8,76.7,77.8,75.4,69.2,77.2,84.4,105.8,85.6,68.1,77.9,91,57.9,80.9,74.3,70,76,69.5,73.8,68.7,74.7,111.4,72.6,85.5,80,101.7,88.6
20150202,19,NO2,95.8,92.5,106.1,107.8,152,134.8,116.8,102.8,119.7,104.1,109.9,114.1,109.3,93.2,96.2,99.1,119.7,105.2,112.8,115.3,98.3,94.6,103,96.9,120,49.2,91.1,109.9,69.1,115.5,102.6,104.3,128.9,121.3,132.9
20150202,19,O3,10.3,11.2,6.9,7.3,5,2,2,2.6,9,2,11.6,3.3,10.1,6.7,7.6,5.5,16.8,6.9,6.2,4.7,2,15.9,12.7,2,2.3,50.8,20.4,5.5,12,25.1,2.8,2,10.3,2,9
20150202,19,CO,2,1.8,1.8,2,3.2,2.8,2.4,2.8,2.4,2.3,2.2,2.4,2.4,2.2,2.2,2.1,2.9,1.9,2.5,2.3,1.9,2.3,2.3,2.5,2.2,1.6,1.7,2,2.3,3.1,2.1,2.1,3.1,3.3,3.9
20150202,20,SO2,68.3,81.5,76.3,77.3,84.3,79.5,72.7,37.9,63.4,80.8,87.1,83.8,64,78.8,107.9,99.9,92.4,72.3,79.9,132.8,57.6,85.6,73.8,97.2,73.6,68.1,78.7,69.7,75.3,101.1,75.4,85.9,81.4,94.9,86.7
20150202,20,NO2,83.3,96.9,107.3,104.7,140.8,109.2,111.6,99.4,116.2,100.8,103.5,111.5,99,91.2,103.8,98,120.9,103.2,107,118.7,91.9,98.7,93.7,96.8,120.3,51,78.8,108.8,91.3,88.1,95.7,102,111.9,120.1,118.4
20150202,20,O3,15.7,8.3,3.8,8.1,4.8,2,2,2.6,9.3,2,20.5,4.4,12,6.8,7.4,5.4,20.1,5.4,7.4,10.9,2,17.1,17.8,2,2,46.7,29.1,5.4,2,35.7,8.2,2,11.3,2,9.1
20150202,20,CO,1.9,2,2.1,2.1,3,1.9,2.1,2.9,2.9,2.6,2.4,2.6,2.3,1.9,2.6,2.2,3.5,2.1,2.5,4.7,2.4,3.1,2.2,3,2.2,1.8,1.6,2.2,3.1,2.6,2,2.2,2.2,2.4,2.6
20150202,21,SO2,56.5,69.2,37.8,58,72.7,69.9,57.3,34.2,56.6,54.7,36,56.2,44,88.3,102.9,113.9,94.4,94.9,40.6,130.1,55.8,69.6,68.5,79,73.8,67.5,86.5,71.8,83.8,64.3,67.6,74.1,55,81.1,74.2
20150202,21,NO2,61.3,68.7,61.3,77,82.7,73.4,92.1,96.6,86.5,60.5,36.9,85.9,74.8,95,93.1,100.1,115.1,108.7,75.2,116.6,81.2,93.6,99,87.2,119.4,52.6,101.4,111,99.8,49.8,77.3,80,86.3,108.5,72.3
20150202,21,O3,33.2,35,35.3,29.4,35.4,37.3,13.1,2.7,28.5,31,61.2,16.5,14,6.7,11.1,6.3,19.1,6.4,20.5,10.3,5.6,16.4,12.5,2,2,41.6,10.3,5.6,2,45.2,28.7,22.7,27.3,3.6,39.7
20150202,21,CO,1.6,1.5,1.4,1.6,1.8,1.5,1.6,3,2.1,1.4,1.2,1.9,1.8,2.6,2.5,2.2,3,3.5,1.8,5,2,3.4,2.3,2.9,2.1,1.8,1.6,2.4,3.6,1.5,1.6,1.7,1.6,2,1.5
20150202,22,SO2,25.4,29.7,18.7,21.4,41.8,41.6,19.7,37.4,36.1,25.1,10,27.5,15.6,45.2,55.9,93.8,97.6,89.9,18.3,125.5,50.8,85.7,74.1,91,78.7,71.9,81.8,68.3,69.2,28,31.5,37.7,20.9,41,43.8
20150202,22,NO2,46.5,56.1,55,59.8,60.9,64,76.5,95.1,79.3,54.3,37,54.3,54.6,64.6,68,62.9,120.1,105.2,67.5,110,74.8,96.6,103.3,88.4,119.6,56.5,108.2,105.7,75.6,56.7,67.1,66,68.7,93.7,60.6
20150202,22,O3,38.5,41.2,34.1,34,42.6,42.5,14.3,3.5,28.7,28.5,46.2,30.4,16,26,23.1,24.2,23.1,4.7,20.1,11.7,9.6,18.3,12.6,2,2.3,36.4,3.1,7.5,9.2,28.5,32.6,27,30,6.5,44.8
20150202,22,CO,1.3,1.3,1.3,1.4,1.4,1.3,1.3,3.8,2,1.4,1.2,1.4,1.4,1.6,1.7,1.7,3.7,2.8,1.7,6.2,1.9,3.5,2.4,3,2.2,1.9,1.7,2.4,2.4,1.6,1.4,1.5,1.3,1.7,1.3
20150202,23,SO2,18.6,14.5,16.6,11,34.2,27.4,11.9,35.3,23.7,22.5,8.2,20.7,12.3,21.9,28.2,74.3,23.1,75.5,11.3,114.8,50.7,90.2,71.8,71.3,68.5,64.7,71,62.7,36.7,27.5,21.7,23,16.8,27.4,15.2
20150202,23,NO2,50.9,56.8,74,65.1,77.2,68,85,91.5,74.2,69.8,52.1,60.8,66.9,56.3,70.2,76.5,76.2,101.5,80.7,107.9,84.2,96.5,105.5,83.8,115,55.1,100.4,92,43.1,67.4,67.8,69.9,78.7,93.5,69.3
20150202,23,O3,27.1,29.2,14.6,21.3,19.2,30.1,2,2.6,25.2,6.1,28.8,19.2,9.4,27.8,15.1,12.7,21.3,5.7,6.4,9.4,4.6,23.7,13,2,2.3,33,9.9,14.6,27.2,23,22.8,16.7,19.4,2,21.9
20150202,23,CO,1.4,1.3,1.5,1.4,1.6,1.4,1.5,3.7,1.7,1.7,1.5,1.7,1.7,1.2,1.4,1.7,1.3,3.2,1.8,5.8,2,4.8,2.5,2.4,2.1,1.8,1.9,2,1.4,1.9,1.4,1.5,1.4,1.7,1.4
20150202,0,PM2.5,176,156.3,143.3,194,130.3,142.8,156.4,154.6,136.2,195.4,165.7,133.3,180.9,171.9,120.9,484.6,287.3,75.7,110.3,134.1,74.7,119.1,84.8,66.9,78.7,64.1,141.3,376.3,154.2,359.3,176.5,198.7,157.1,198.5,196.9
20150202,0,PM10,,,,201.5,150.1,144,198.5,,,223.4,209.6,227.9,243.9,,,487,,,,136.3,,123.2,85.3,,,77.7,197.8,,166.3,,,,184.3,,234.3
20150202,0,AQI,125,117,108,127,95,122,122,136,103,132,123,110,148,187,156,245,105,96,98,129,58,68,98,76,70,36,137,269,218,250,123,138,113,140,139
20150202,1,PM2.5,174.8,156.1,167,177.1,138.9,143.5,142.6,143,136.9,187.7,145.1,112.6,182.1,194.5,158.3,504.3,271.2,78.2,102.8,148.8,63.8,122.2,115.3,60.2,77.4,51.8,146,287.7,217.9,374.7,154.7,209.4,168.4,193.2,212.2
20150202,1,PM10,,,167.5,,178,,169.1,,,233.9,166.7,177.8,248.9,195,161.5,,,,,,,124.9,,,,58.7,161.4,,,,,,216.1,,335.5
20150202,1,AQI,127,117,111,128,98,123,124,139,107,135,125,114,151,182,153,255,111,98,101,133,58,72,97,76,73,38,140,271,220,250,123,139,118,141,143
20150202,2,PM2.5,183.3,156.3,154.5,195.8,203.4,150.6,126.5,130.8,144.5,161.1,130.5,100.9,199.8,219.4,200.6,417.1,182.9,69.7,96.1,144.5,59.2,122,107.5,65,74.8,48.2,133.3,283.3,214.8,296.8,188.3,254.8,150.4,225.7,203.4
20150202,2,PM10,,,,,244.3,,143.6,,,259,155.8,129.3,249,219.5,,,,,,,,,,,76,51.1,193.4,,,381.3,,,159.7,,235.1
20150202,2,AQI,130,118,116,130,103,124,126,142,112,139,128,117,156,182,151,259,116,98,104,137,59,76,95,77,75,40,143,272,217,250,126,145,122,144,147
20150202,3,PM2.5,220.3,191.5,129.9,211.7,213,180.1,128.8,131.4,127,161,122.3,99.9,154.1,240.2,220.9,376.1,126.5,70.9,96.3,143.2,55.8,92.3,105.9,74.7,83.4,41.8,129.7,313.4,211.8,287.3,220.7,239.8,144.5,231.7,225.8
20150202,3,PM10,,,132.7,,251,203.8,150.8,,,231.8,135.9,119.6,194.2,241.9,,,,,,,,,,,,55.4,238.6,,,,,,180.5,,264.7
20150202,3,AQI,135,123,118,135,109,126,127,143,116,142,130,119,157,186,151,259,120,99,107,142,60,79,95,79,78,41,145,273,218,251,133,151,123,149,150
20150202,4,PM2.5,263.5,221,164.4,197.3,198.5,338.1,112.2,118.8,105.3,148.4,116,107.8,163.6,271.5,221.7,402,142.9,72.7,93.4,128.1,58.2,78.3,94.5,96.5,89,45.4,120,325.3,207.7,299.2,215.3,228.7,197.3,221.2,326.7
20150202,4,PM10,,,174.6,,225.7,340.1,126.4,,,197.9,129.8,111.7,205.3,,,,,,,,,,,,,49.3,188.8,,,,,,224.9,,
20150202,4,AQI,142,129,121,140,118,135,128,144,118,145,134,120,160,191,153,261,126,100,110,147,61,82,94,82,81,43,148,273,218,254,138,157,129,155,160
20150202,5,PM2.5,295.8,229.9,175.9,220.5,164.1,286,122.8,145.1,116.8,156,117,99.4,154.7,354.4,238.7,375.2,110.9,79.7,91.4,123.1,59.3,64.6,77.9,85,94.4,54.5,123,338.4,198.4,303,244.8,255.5,204.4,215.8,284.3
20150202,5,PM10,,,183.5,235.5,178.5,,155.3,,,167.7,122.4,107.8,209.4,369.6,,,,,,,,,,,96.1,,155.8,,,,,,225.7,,
20150202,5,AQI,153,136,127,147,124,144,131,147,121,149,138,123,164,201,156,266,129,102,113,151,62,84,94,85,84,45,151,275,217,256,147,166,137,162,170
20150202,6,PM2.5,224.9,231.1,153.1,216.9,116.4,220.8,122.3,149.3,121.1,170.4,104.5,111,129.2,325.9,295.3,383.6,89.1,90.4,92.1,120.1,53.8,56.1,81.2,82.9,104.9,62.4,124.1,324.8,218.2,239.2,199.6,223.7,139.8,219.1,251.2
20150202,6,PM10,,,,226.9,123.8,,144.5,,,173,110.3,,150.9,352.6,317,,,,,,,,,,,69.5,138.5,,,,,,,,
20150202,6,AQI,164,145,134,157,129,151,133,149,125,155,141,126,169,207,162,273,132,101,116,156,63,86,95,88,87,48,155,277,217,257,156,177,143,171,180
20150202,7,PM2.5,101.1,197.3,114,106.7,87,116.2,118.5,131.9,111.9,155.8,107.1,128,120.8,261.9,247.2,292.3,75.1,104,93.3,121.4,58.3,52.1,84.2,91.5,93.5,51.8,123.9,314.6,236.4,235.6,100.5,122.5,117.1,141.1,127.2
20150202,7,PM10,,,,,100.4,,144,,,,114.7,136.7,133.2,,251.3,300.7,,,,,,,,,,63.4,135.6,,,,,,129.6,,
20150202,7,AQI,169,153,138,162,132,155,136,151,129,161,144,130,173,211,167,280,134,101,120,161,65,87,96,91,90,50,159,278,218,257,160,182,147,177,185
20150202,8,PM2.5,,138.5,102.9,91.4,66.3,89.6,113.7,121.1,118.8,109.8,117.1,109.4,132.1,339.5,201.2,236.3,63,110.5,95.4,131.2,73.2,63.2,103.8,111.8,103.4,61.2,132.9,352,235.9,225.8,83.6,85.6,117.2,92.5,86
20150202,8,PM10,,,103.8,91.9,74.3,,142.1,,,,128.6,127.9,150,347.2,207,,,,,,,64.6,119.6,,,67.2,,,,,,86.2,,97.6,
20150202,8,AQI,,160,142,165,133,158,138,152,134,166,148,134,178,217,175,287,136,104,123,167,67,89,97,95,93,53,164,282,219,259,163,183,151,181,188
20150202,9,PM2.5,82.8,89.3,88.5,96.8,65.8,90.7,110.8,129.6,141.7,104.9,129.6,107.7,149.4,330.5,192.6,210.9,66.6,123.2,101.6,152.7,78.3,73.1,114.8,128.2,128.1,45.2,139.4,390.2,335.7,171,77.8,84.3,97.6,91.3,77.8
20150202,9,PM10,85.8,,90.2,104.6,79.3,92.1,153.9,,,112.7,144.9,123.4,181.9,340.3,209.6,220.5,71.6,135.1,,165.1,,79,126.3,,,59.9,,,359.7,,78.6,102.3,103.3,113.3,83.4
20150202,9,AQI,174,163,144,168,134,161,139,152,139,169,152,137,183,224,184,293,138,107,127,171,70,91,98,99,97,54,170,288,224,259,164,185,153,183,190
20150202,10,PM2.5,90.8,86.4,75.5,97.2,66.5,92.9,,143.4,143.7,100.4,135.4,107.1,164.2,305.4,164.9,182.2,105.1,155.3,100.6,211.6,84.5,74,143.3,137.8,107.9,62.2,149.4,486.2,305.1,178.1,87.5,91.9,76.5,95.3,92
20150202,10,PM10,,89.5,,110.6,,104.7,,,,,163.3,117.5,200.6,306.4,194.6,191.5,,167.6,,239.5,,80.4,152.3,,,76.9,204,,364.8,,,103,83.2,117.1,
20150202,10,AQI,177,166,145,172,135,165,,152,143,172,156,138,189,235,191,294,143,110,130,178,72,93,101,103,100,57,175,301,227,261,167,187,155,186,193
20150202,11,PM2.5,105.7,104.1,89.2,91.3,76.3,114.2,92.9,144.2,139.8,85.9,126.7,119.3,131.6,161.8,158.1,173.7,74.7,139.2,104.8,160.8,85,66.7,110.3,137.7,95.2,,189.1,370.5,278.5,175.1,94.7,104.9,89.3,98.6,110
20150202,11,PM10,,105.3,,106.3,95.8,131.2,,,,89.6,140.8,134,152.4,,198.3,,,143.7,,,,76.5,,,,,366.6,,284.5,,95.3,108.4,103.1,113.8,141.2
20150202,11,AQI,181,170,148,175,138,169,145,154,146,174,159,141,192,239,198,298,146,112,133,178,75,95,102,107,103,58,179,306,230,265,171,190,158,190,198
20150202,12,PM2.5,136.8,113.5,100.9,114.9,89.2,128.1,100.8,142.8,125.7,102.2,127.4,115.2,125.9,149,170.6,188.5,74.8,160.7,112.2,163.1,82.4,60.6,98.3,143.7,83.3,,217.2,319.9,279.3,186.6,122.4,121.5,100.5,122.7,127.5
20150202,12,PM10,,117.2,,127.4,105.1,136.9,,,,,147.5,123.8,147.3,,191.1,,,163.8,,183.8,92.9,66.1,104.4,,,,414,,,,,123.6,109.8,124,139.7
20150202,12,AQI,187,175,151,180,140,175,149,156,149,177,162,143,194,244,204,302,149,115,135,182,78,98,104,111,104,59,184,316,237,269,175,195,162,195,202
20150202,13,PM2.5,159.7,134.9,131.1,139,112.2,144.9,115,129.8,132.1,122.3,138.7,122.8,135.6,162.9,173.1,212.1,87.7,166.5,143.7,172.7,84.5,64.5,107.9,3,81,41.1,221.3,303.6,257.8,181.4,134.6,141.8,121.5,140.5,137.6
20150202,13,PM10,,,,143.2,130.3,149.5,115.7,,,,148.8,128.3,154.9,,182.6,,,168.9,,205.5,99.3,67.1,,,,131.7,307.9,,,,,,134.6,,
20150202,13,AQI,194,181,156,185,144,181,153,159,153,182,166,146,199,249,210,308,152,117,139,189,82,100,107,105,105,62,188,322,244,274,181,201,162,201,202
20150202,14,PM2.5,174,150.8,139.7,144.6,123.4,154,129.8,141.4,150.1,144.2,136.1,130.2,152.8,179.2,180.8,216.7,105.4,161.9,157.8,162.1,82.1,88.2,99.2,107.8,101.9,73.5,159.1,237.1,178.8,193.5,146.4,154.9,143.3,158.1,150.1
20150202,14,PM10,,,,152.9,137.5,,131.6,,,,145.9,,167.6,,181.4,,,,,186.7,99.6,,,,,116.4,192.4,,,,,154.9,145.7,158.8,
20150202,14,AQI,201,188,162,192,148,188,158,165,159,188,171,150,203,254,216,314,157,122,144,194,85,104,109,106,107,66,192,326,247,278,187,206,170,206,207
20150202,15,PM2.5,178.1,166.5,138.8,149.8,132.3,163.9,133.3,160.4,156.1,150.9,160.1,137.5,167.3,155.6,185.2,218.5,133.1,161.5,172.4,135.7,118.7,109,109,178.5,132.5,94.1,128.2,184.3,175.1,192,166.9,176.4,147.6,171.5,158.3
20150202,15,PM10,,169.4,,169.6,142,165.4,141.5,,,159.5,167.8,,178.4,,,219.7,,,,141.6,137,,,,135.7,121,,,,,,179.2,152.3,179.1,163.7
20150202,15,AQI,207,194,166,197,154,196,163,171,165,192,176,154,207,257,221,319,164,128,150,197,90,109,113,113,112,71,194,329,249,281,194,211,175,210,211
20150202,16,PM2.5,190.3,175.5,141.9,163,138.1,171.3,138.3,157.8,148.5,158.4,169.5,148.5,160.1,144.1,168.4,204.6,151.4,182,165.2,130.9,136.3,122.9,128.6,176,157.3,98.9,112.1,167.7,164.2,174.4,172,169,154.4,169.7,168.8
20150202,16,PM10,,,,172.3,152.8,172.7,148.9,,,,178.2,153.8,160.6,,,,,,,139.2,143.4,,,,160.2,123.7,,,,,,,162.4,,171.9
20150202,16,AQI,211,200,169,201,159,201,167,177,170,195,181,158,209,257,223,324,170,135,155,199,97,114,118,120,117,76,195,330,251,282,199,214,180,213,216
20150202,17,PM2.5,190.6,158.8,148.7,148.6,153,187.8,145,171.4,147.5,145.6,177.8,158.7,162.4,141.9,154.5,208.9,153.3,178.9,177.7,147.8,136.8,140.1,123.1,177,166,106.2,142.8,149.2,151.9,195.3,160.2,157.9,153.7,156.5,186.9
20150202,17,PM10,,,,153.2,176.9,199.3,155.8,,,,,172.8,168.5,,,,,,,148,138.8,,,,,124.5,152.1,,,,,,171.8,,203.3
20150202,17,AQI,215,202,171,202,163,205,168,184,173,196,185,162,211,258,225,328,175,141,160,202,103,120,122,127,124,81,196,331,253,283,202,215,182,214,220
20150202,18,PM2.5,174.4,141.5,137,147.2,163.9,201.7,141.2,178.3,154.2,155.5,172.4,167.8,164.9,144.6,161.6,217.3,169.1,162.1,194.1,152.3,145.3,149.3,157.2,201,178.6,131.1,164.3,136.4,155.8,202.5,154.2,151.9,145.8,152.7,195.5
20150202,18,PM10,,,,,192.7,220.4,160.9,,,,177.9,175.9,170.7,,,,,,,,152.4,151.8,162.8,,,164.4,185.6,,,,,,154.4,,215.9
20150202,18,AQI,216,203,172,202,167,208,169,189,175,197,187,165,212,260,227,332,181,147,165,203,109,126,128,135,130,87,198,331,255,284,202,216,183,215,222
20150202,19,PM2.5,167.4,151.4,144.9,155,173,205.7,147.8,178.2,160.2,172.5,182.8,178.5,194.1,152.9,164.7,176.5,192.8,169.4,208.2,153.7,160.7,177.3,170.9,192.7,185.3,149.2,162.6,155.5,185.7,238.3,148.3,155.9,188.4,156.1,218.7
20150202,19,PM10,,,,160.7,203,237,169.7,,,191.7,187.5,190,207.9,,,,,,,175.8,163.8,,172.9,,,182.6,164,,,,,,208.3,173.4,250.1
20150202,19,AQI,216,204,173,204,170,211,170,192,177,199,189,167,214,261,229,333,186,153,169,203,115,130,134,143,136,93,196,329,258,286,203,217,187,216,223
20150202,20,PM2.5,182.2,155.2,163.8,168.3,172.4,169.9,156.4,178.4,164.9,196.6,202.5,187.5,189.4,172.3,218.7,177.1,230.7,169,221.2,263.6,185.7,215.4,168.7,198.7,187.8,166.2,155,188.8,199,213.8,165.7,171.7,173.6,165.5,192.1
20150202,20,PM10,,,,176.3,197,,169.4,,,235,225.8,202.5,219,,,,,,,278.5,186.7,227.2,,,,200.3,,,220,,,,,,
20150202,20,AQI,218,205,176,205,173,213,172,196,180,202,192,170,215,262,233,331,191,159,174,206,121,137,140,150,143,100,196,327,258,288,204,219,189,217,225
20150202,21,PM2.5,182.3,155.7,130.9,162.4,133.8,153.7,139.4,195.1,158,128.1,124.4,162.7,122.5,218.9,216,205.1,221.2,222.3,182.8,266.9,169.2,221.2,166.5,206.1,185.5,173.9,183.1,188.6,239.2,126.4,165.3,160.1,147.5,161.7,143.5
20150202,21,PM10,,156.7,172,171,156.6,155.3,190.7,,,204.4,136.8,197.1,146.3,227.1,,,,,,280.5,,231.7,,,,199.3,189.7,,250.7,,,200.9,194.3,177.6,146.9
20150202,21,AQI,220,207,176,206,174,214,172,201,182,200,189,172,211,264,237,332,195,167,176,209,125,142,146,159,149,107,199,326,262,285,205,218,190,217,225
20150202,22,PM2.5,135.8,135,114,134.7,109,142.3,116.5,256.7,167,121,123.9,136.6,126.9,153.6,159.5,158.4,253.3,207.3,182.8,307,165.2,231.2,168.4,195.9,184.3,177.6,165.5,188.9,204.5,144.1,130.7,142.8,120.4,134.2,134.6
20150202,22,PM10,,138,122.5,,,,149.6,,,163.5,,148.1,,,164.6,164.5,,,,316.1,,,,,,199.3,181.3,,207.2,,,180.6,126.1,140.7,145.1
20150202,22,AQI,219,207,176,205,174,214,171,206,185,197,188,172,207,264,238,328,201,175,178,214,129,147,152,167,155,113,201,326,265,281,204,216,188,214,224
20150202,23,PM2.5,153.9,137.5,129.7,136,114.9,143.5,120.6,167.9,157.4,135.1,150.4,135.3,156.9,121.5,148.8,163.9,141,196.8,182.5,311,166.1,274,167.8,186.7,183.9,165.3,174.2,153.4,136.5,162.7,133.5,137.3,138.5,140.6,139.9
20150202,23,PM10,,,,,,,123,,,,,,,,,,,,,321.4,,,,,,181.3,205.9,,,,,,,,
20150202,23,AQI,219,206,175,203,173,214,168,205,186,193,188,172,206,262,239,317,195,183,181,221,134,155,158,171,162,118,202,323,265,274,202,215,188,211,223
