date,hour,type,dongsi,tiantan,guanyuan,wanshouxigong,aotizhongxing,nongzhanguan,wanliu,beibuxingqu,zhiwuyuan,fentaihuayuan,yungang,gucheng,fangshan,daxing,yizhuang,tongzhou,shunyi,changping,mengtougou,pinggu,huairou,miyun,yanqing,dingling,badaling,miyunshuiku,donggaocun,yongledian,yufa,liulihe,qianmeng,yongdingmengxi,xizhimengbei,nansanhuan,dongsihuan
20150507,0,SO2,9.4,5.1,5.1,6.9,7.9,9.1,5.7,11,7,6.4,7.5,7.8,6,5.4,9.9,14.2,12.6,5.4,6.1,4.5,10.5,6.9,4.2,3.5,4.1,5.1,5.1,7.2,2.2,12.3,10.2,8.5,8.7,14.6,19.4
20150507,0,NO2,50.2,52.9,39.5,70.4,61.1,77.5,40.4,29.1,14.1,75,33.5,36.5,43.4,54.7,87.1,77.8,51,60.8,36.2,37.7,36.7,21.6,22.1,27,71,9.3,15.6,63.8,42.5,45.2,76.8,66.5,68.5,,99.3
20150507,0,O3,39.8,37.7,51.3,26.5,45.2,18.9,56.2,56.6,76.4,2,59.9,62,46.1,37.2,3.1,12.3,30.9,24,49,34.6,30.7,17.9,63,40.3,20.9,81.8,58.8,3,4.8,44.5,23,24.4,38.3,2,2
20150507,0,CO,0.6,0.5,0.4,0.5,0.6,0.7,0.5,0.5,0.5,0.4,0.8,0.6,0.8,0.4,0.7,0.5,0.4,0.5,0.7,0.5,0.4,0.5,0.4,0.4,0.4,0.2,0.3,0.6,0.5,1,0.6,0.5,0.6,0.7,1.1
20150507,1,SO2,7.4,5.7,4.8,6.7,6.2,7.6,5.9,10.3,5.3,7,4.8,8.1,5,6.1,9.9,14.3,13.7,5.8,5.1,2.9,9.9,7.9,3.6,3.4,5.8,7.4,5.5,10.3,2,9.3,8.9,7.6,9.9,11.3,20.6
20150507,1,NO2,48.2,49.5,32.2,50.4,51.1,55.6,35.5,18.9,11.4,64.5,27,44.3,27.9,41.9,65.9,83.5,47.1,64.9,40.5,44.8,31.9,27.9,13.8,22.8,86.9,12.3,14.6,75.5,36.5,34,77.9,61.5,44.2,,84.4
20150507,1,O3,40.3,46.2,58.7,46.5,55.1,36.9,61.1,65,76.9,9,60.3,50.6,53,52.6,23.2,3.6,17.6,17.4,43.6,25,36.7,15.9,70.7,43.2,4.1,71.2,60.4,2.9,25.7,64.7,23.1,29.9,55.5,9.3,2
20150507,1,CO,0.5,0.4,0.4,0.4,0.6,0.6,0.6,0.4,0.4,0.5,0.6,0.6,0.7,0.4,0.6,0.6,0.5,0.5,0.7,0.4,0.4,0.5,0.4,0.4,0.4,0.3,0.3,0.5,0.6,0.7,0.6,0.5,0.5,0.6,1
20150507,2,SO2,8.4,5.7,5.5,7.6,6.9,6.4,6,9.7,5.6,8,5.1,8.9,6.3,4.5,4.6,10.5,15.1,6.8,5.5,3.2,9.6,9.9,4.4,3.4,8.5,5.7,5,5,2,5.1,8,8.4,10.6,11.3,14.1
20150507,2,NO2,42.4,36.6,35.6,36.8,59.1,45.8,44.3,25.4,32.5,35.5,26.4,56,20.5,24.5,31.5,60.2,35.8,60.5,51.9,40.9,40.6,41.1,28.6,22.7,87.7,17.4,16.1,57,28.6,29.3,53.7,44.2,53.3,,63.2
20150507,2,O3,32.4,64.4,55.4,60.3,45.6,49.3,49.6,55.9,50,47.8,52.6,35.2,50.2,72.9,66.3,33.3,7,16.5,26.9,26.9,24.4,10.9,49.7,44.5,2.7,57,53.9,38.3,23.6,73.9,42.4,54,53.8,27.9,8.8
20150507,2,CO,0.6,0.4,0.5,0.5,0.5,0.5,0.7,0.5,0.5,0.6,0.7,0.7,0.6,0.5,0.4,0.5,0.4,0.4,0.7,0.4,0.5,0.5,0.4,0.4,0.4,0.3,0.4,0.4,0.8,0.5,0.6,0.5,0.5,0.6,1
20150507,3,SO2,5.8,3,4.4,4.5,5.9,3.4,5.9,10,5.1,7.1,3,6.8,4.2,4,3.2,3.9,7.3,6.8,5.6,4.6,7.1,8,4.3,3,6.4,6.8,3.9,5.4,2,4.2,4.5,5.4,8.7,7.5,6.1
20150507,3,NO2,21.5,21.5,23.1,20.7,33.7,26.3,37.6,30.5,27.1,34.6,22,44.4,20.6,28.9,29.1,23.1,29.5,60.8,39.4,54.6,41.2,51.3,51,19,79.9,19.8,40.4,52.3,27.4,29.4,37,29.4,41.2,,67
20150507,3,O3,53.1,97.5,71.6,86,73.4,76,55.2,48.4,57.3,44.2,62.7,47.7,55.1,60.7,66.6,80.6,12.7,15.2,42.8,11.7,8.3,8.4,24.2,52.1,4,54.7,262.6,41.9,17.1,64.3,64.4,68,70.1,46,28
20150507,3,CO,0.4,0.3,0.5,0.4,0.4,0.4,0.6,0.6,0.6,0.6,0.7,0.6,0.6,0.6,0.3,0.3,,0.5,0.7,0.4,0.5,0.5,0.4,0.4,0.4,0.3,0.5,0.5,0.8,0.8,0.4,0.4,0.4,0.5,0.4
20150507,4,SO2,5.2,2,3.9,3.4,3.6,3.6,5.5,6.9,3.4,5.6,2,4.7,3.2,2.7,3.5,4.4,4.8,6.9,2.8,5.9,9.7,14.3,3.8,2.7,4.2,9.1,5.5,3.9,2,2.9,3.7,3.7,2.3,6.1,6.7
20150507,4,NO2,25,24.7,25.2,22.4,26.2,27.4,35.4,35.9,37,41.8,22.7,36.9,21.7,43.7,22.8,22.9,17.6,60.7,46.3,45,52.6,50.2,44.6,18.9,65.1,22.8,33.7,45.3,22.1,30.4,34.3,45.5,33.8,,89.1
20150507,4,O3,69.9,76.2,62.2,77.5,,72.2,54,28.3,43.4,29.3,51.5,58,48.6,37.7,60.8,79.5,40.7,12.5,33.9,31.4,3.1,7.8,27.3,41.1,11.9,49.9,36.4,39.2,5.1,,64.4,50.2,75.4,36,6.6
20150507,4,CO,0.3,0.3,0.5,0.4,0.4,0.4,0.6,0.6,0.6,0.6,0.6,0.6,0.5,0.7,0.4,0.4,0.2,0.6,0.7,0.6,0.6,0.8,0.4,0.4,0.5,0.3,0.4,0.5,0.8,0.8,0.4,0.5,0.4,0.5,0.4
20150507,5,SO2,4.9,2,3.8,2.7,3.9,3.1,4.5,5.9,2,5,2,4.3,2.2,2,2.5,4.5,3.6,5.3,2,5.6,7,14.7,2.2,2,7.9,14.4,4.8,2.9,2,2,3.6,4.3,6.8,4.6,9.4
20150507,5,NO2,24.7,20.6,29.8,31.7,27.2,29.8,39.1,35.2,37.6,68.4,29.9,37.2,32.3,49.9,20.6,36.7,27.4,60.3,59.9,36.9,53.8,51.3,48.1,17.1,45.2,,28.6,40.7,17.2,29.7,57.3,64.9,43.5,,98.4
20150507,5,O3,65.4,58,53.7,55.6,77.1,64.3,45.5,16.1,38.3,2,45.2,51.7,38.8,21.7,50,54.5,37.3,12.2,18,41.9,10.8,7.8,15.5,35.4,30.6,34.7,48.4,29.3,2,32.8,42.7,23.8,55.3,22.4,2
20150507,5,CO,0.4,0.4,0.6,0.5,0.5,0.4,0.6,0.6,0.5,0.7,0.7,0.5,0.5,0.7,0.4,0.4,0.3,0.5,0.7,0.5,0.6,0.9,0.4,0.4,0.4,0.6,0.4,0.4,0.8,0.7,0.5,0.6,0.5,0.6,0.6
20150507,6,SO2,5,2,3.4,2.5,4.5,2,4.1,5.8,2,4.5,2,5,4.2,2,2.7,4.7,3.6,4.4,2,4.9,5.6,13.6,2,2,15.7,15.5,3.1,2.5,2,2,4.2,4.5,9,6.9,9.5
20150507,6,NO2,30,26.7,44,43.5,38.2,47.4,37.7,46,29.4,71.4,32,53.1,38.3,51.1,34.2,89.4,41.6,45.1,51.2,35.3,33.9,49.8,57.2,18.9,47.6,43.6,19.2,43.7,17,34,73.9,84.6,58.9,,96
20150507,6,O3,58,36,39.4,42.9,63.8,40.4,46.1,2.3,37.6,2,45.3,35.1,39.5,14.6,35.2,2,38.1,25.2,17.6,42,5.2,7.6,2.9,30.7,31.8,29.6,65.4,23.9,2,23.6,20.5,2,48.8,2,2
20150507,6,CO,0.5,0.4,0.6,0.6,0.5,0.5,0.6,0.8,0.6,0.7,0.8,0.6,0.6,0.8,0.5,0.5,0.4,0.6,0.7,0.6,0.5,0.9,0.5,0.4,0.5,0.7,0.3,0.4,0.7,0.8,0.6,0.8,0.6,0.8,0.7
20150507,7,SO2,6.2,2,4.5,4.9,4.8,3.7,5.6,7.8,2,6.4,2,7.4,6.7,5.8,6.6,5.8,7.2,5.3,2.3,6.1,6,13.8,4,3.1,13.1,11.7,3.8,3.9,2,4.6,5.8,6.1,10.4,13.7,11
20150507,7,NO2,40.3,50.6,51.8,58.5,57.9,58.3,50.7,52.2,38.9,66.7,47.1,65.9,44,58.8,53.4,59.6,57.7,43.6,50,49.2,34.6,60.7,52.2,19.7,50.8,33.7,20,42,28.1,37.8,77.3,74.4,94.1,,97.2
20150507,7,O3,49,29.4,36.8,43.2,46.4,38.3,33.7,2.7,29.8,11.1,29.3,23.6,40.6,12.1,16.7,32.9,30.3,22.6,10.3,24.5,5.5,6.7,6.3,32,37.3,41.8,51.4,26.8,2,23.6,23.4,21.9,23.4,2,3
20150507,7,CO,0.7,0.6,0.8,0.7,0.6,0.6,0.7,0.9,0.6,0.7,0.9,0.8,0.7,0.9,0.7,0.5,0.5,0.6,0.8,0.7,0.6,0.9,0.6,0.4,0.5,0.6,0.4,0.4,0.7,0.8,0.7,0.8,1.3,1.2,1
20150507,8,SO2,7.5,5,5.1,6.7,6.3,5.6,7.1,10.3,4,8.8,4.2,9.1,6.8,8.9,8.4,10.6,9.9,5.8,5,9.8,6.6,23.5,5.5,4.7,13.9,8.8,8.3,8.4,4.9,12.1,7.4,8.3,12.9,10.2,9.4
20150507,8,NO2,52.7,52.9,49.4,47.2,65.9,61.6,59,53.6,62.6,42.6,52.7,53.9,48.5,46.3,57,52.9,43.7,51.7,56.7,38.2,30.1,57.2,50.2,25.3,32.6,22.8,31,45.6,47.3,37.2,74.8,57.1,99.8,,65.1
20150507,8,O3,37.6,58,42,65.8,39.9,38.6,28.2,15.4,20.7,42.8,35.4,34.5,42.3,45.8,25.6,40.5,47.4,23.8,16.2,46.2,30.8,6.4,17.5,45.2,57.4,68.7,45.4,36.9,20.2,50,29,47.3,2,21.5,36.1
20150507,8,CO,0.8,0.6,0.8,0.6,0.8,0.8,0.8,0.6,0.7,0.7,0.9,0.9,0.7,0.8,0.7,0.5,0.6,0.6,0.8,0.6,0.6,0.9,0.5,0.4,0.6,0.5,0.4,0.4,0.9,0.7,0.8,0.6,1.7,0.9,0.6
20150507,9,SO2,7.6,6.2,5.5,7.8,6.7,6.5,7.8,9.6,5.1,10.2,8,9.6,9.4,10.7,9.6,11.6,10.1,6.7,5.8,10.4,8.2,18.4,12.9,6.3,38.9,8.9,9.9,7.5,10,12.2,8.4,11,11.8,14.1,11.2
20150507,9,NO2,54,48.7,50.6,52,64.1,58.2,57,52.9,53.7,45.4,42.6,48,44,30.3,53.1,51,72.8,50.8,50.6,30.6,34.3,34.9,34.9,33.5,34,22.5,33.9,45,42.8,33.6,68,70.7,106.5,,68.2
20150507,9,O3,40.9,67.9,43.7,61.4,45.8,43.2,37.1,29,34.4,42.2,53.4,47.1,50.1,76,44.3,48.7,28.3,37.4,30.4,63.3,46.1,7.1,42.2,54.4,59.7,82.5,53.6,44,42.5,62.8,38.7,41.9,2,12.9,35.7
20150507,9,CO,0.8,0.6,0.8,0.7,0.9,0.8,0.8,0.6,0.7,0.8,0.8,0.8,0.7,0.7,0.7,0.5,0.6,0.7,0.8,0.5,0.6,0.7,0.6,0.5,0.9,0.5,0.4,0.4,0.8,0.6,0.8,0.8,1.8,1.2,0.8
20150507,10,SO2,7.4,7,5.5,8.2,7.1,6.5,7.2,11.6,5.9,10,9.6,10.4,9.8,9.7,9.2,11.5,10,7.8,5.9,10.2,9.5,15.6,9.8,9.9,13.2,8.9,10.6,6.9,11.1,12.5,7.9,10.1,2,15.8,10.3
20150507,10,NO2,51.3,49.4,58.7,57.8,62.9,57.5,64.3,47.3,44.8,47.7,43.5,63.7,45.8,36,46.1,58.2,73.5,46.6,44.2,24.7,37.4,40.2,19.5,26.1,22.6,21.4,31.2,45.3,37.4,32.9,70.6,71.9,87.1,,74.1
20150507,10,O3,52.1,74.3,44.1,63.6,56.3,52.5,40.4,44.8,54.5,51.2,73.8,45.3,60.7,80.9,60.7,52.7,32.3,45.5,48.8,83.3,49,7.4,64.1,63.7,76.6,86.4,68.2,51.8,67.2,70,42.8,44,11.5,15.2,40.7
20150507,10,CO,0.9,0.7,0.9,0.8,0.9,0.9,1.2,0.6,0.7,0.8,0.8,0.8,0.7,0.7,0.6,0.5,0.6,0.7,0.7,0.5,0.6,0.7,0.4,0.5,0.5,0.5,0.4,0.4,0.7,0.5,0.8,0.8,1.3,1.2,0.8
20150507,11,SO2,7.7,7.4,5.4,7.8,8.3,6.8,7.1,12.4,5.7,9.9,10.3,9.5,8.5,8.7,9.8,10.7,9.4,9.9,6.1,9.5,8.2,12.8,9.6,11.9,9.2,8.7,10.5,6.5,11.8,11.7,7.6,10.4,7.2,14.6,10.3
20150507,11,NO2,47.3,56.2,54.9,56.7,53.5,59.1,58,43.9,43.1,44.9,39.7,51.8,35.7,23.3,38.3,51.9,63.7,48.1,43.7,20,32.3,38.3,16.3,33,16.5,19.1,29.2,41.6,34.3,28.8,66.8,72.9,84.5,101.4,64
20150507,11,O3,66.2,80,56.2,75,73.5,60.6,59.3,54,66,75.4,85.5,77.2,63.9,89.2,81.9,75,45.9,49.7,69.4,93.3,60.2,8.6,72.8,63.3,90.4,97.4,77.8,67.4,78.9,91.6,55.8,49.7,20.9,24.9,60.3
20150507,11,CO,0.8,0.7,0.9,0.7,0.8,0.9,0.9,0.6,0.6,0.7,0.8,0.7,0.7,,0.6,0.6,0.6,0.6,0.7,0.5,0.6,0.7,0.4,0.5,0.4,0.5,0.4,0.4,0.7,0.4,0.8,0.8,0.9,1.1,0.7
20150507,12,SO2,8.2,6.6,5.4,7.6,7.5,6.6,7.2,10.2,5.5,9.1,9.4,9.6,8.8,,8.6,11.4,11.8,7.4,6.5,6.8,8.1,7.6,9.4,9.1,5.7,6.3,8,6.4,10.7,10.5,6.9,8.7,8.8,13.3,10.2
20150507,12,NO2,34.6,47.4,49.1,55.5,54.5,55.4,54.1,35.9,51.1,34.4,32,45,36.4,,29.6,51.1,50.2,28.6,39.3,15.9,26,23.2,6.4,31.1,14.2,11.6,23.3,37.1,39.9,28.4,56.2,67.4,74.5,108.1,77.5
20150507,12,O3,81.7,93.6,75.3,89.2,85,75,76.8,65.5,69.9,109.6,85.5,103.7,73.1,,106,84.2,57,69.4,95.2,103,77.4,12.7,95.8,71,100.2,114.5,91.2,76.3,86.4,108.3,69.4,62.8,32.2,34.1,61
20150507,12,CO,0.6,0.6,0.8,0.7,0.8,0.8,0.8,0.5,0.7,0.7,0.7,0.6,0.6,,0.5,0.6,0.6,0.5,0.7,0.5,0.6,0.6,0.3,0.5,0.3,0.4,0.4,0.4,0.7,0.4,0.7,0.7,0.8,1.1,0.8
20150507,13,SO2,6.7,5.6,3.9,6.5,6.2,5.4,6.3,8.5,5.3,8,8.8,8.1,6.6,,6.4,8.8,10.8,5,5.6,5.1,8,5.8,8.9,7.2,5.7,5.1,5.3,5.7,9.6,9.5,6.4,7.6,8.2,10.8,8.2
20150507,13,NO2,35.3,40.2,36.6,40.9,42,40.9,43,28.9,44.8,25.9,27.1,32.1,32.1,,28.2,42.4,25.2,16.4,33.2,12.3,28.3,16.9,5.4,20.4,21.6,8.6,18.9,32.9,42.3,27.5,56.2,57.1,69.6,92.4,63
20150507,13,O3,90.6,108.8,91.5,114.7,100.4,94.1,100.6,77.5,90.3,129.8,102.4,118.6,91.3,,112,98.1,75.9,84.2,99.4,112.1,84.8,16.8,100.6,86.4,95.6,128.1,102.2,86.7,92.5,124,79.2,80.2,33.6,58.6,82.6
20150507,13,CO,0.6,0.6,0.7,0.6,0.6,0.7,0.7,0.4,0.6,0.6,0.6,0.5,0.5,,0.5,0.5,0.5,0.4,0.7,0.4,0.6,0.5,0.3,0.4,0.3,0.4,0.3,0.4,0.6,0.4,0.7,0.7,0.8,0.9,0.7
20150507,14,SO2,6.1,5.1,4.1,6.3,5.3,4.9,5.9,8.6,5.1,9,6.9,8.2,6,17.9,6.5,6.9,8.4,2,5.2,4.3,8.2,5.9,7.1,3.7,5.6,3.8,5,5.5,,10.3,6.3,7.2,4.1,10.6,7.5
20150507,14,NO2,33,31.8,31.8,32.5,41.7,37.5,36.7,34.5,34.1,26.3,20,26.6,29.8,23.2,22.6,32.8,20.4,9.2,26.2,10.2,21.1,17.2,4.5,7,32.4,6,17.1,29.1,39.4,26.9,52.1,52.6,69.1,93.2,61.9
20150507,14,O3,103.7,137.8,119.7,137.9,113,107.7,132.4,80.2,116.6,124.4,126.1,130.6,110.9,172.5,120.6,113.8,82.2,93.1,109.7,123.5,97,19,105.6,101.7,88.1,136.8,112.3,94,75.5,130.4,99.4,100.9,43.1,66.8,94.2
20150507,14,CO,0.6,0.5,0.6,0.6,0.6,0.6,0.6,0.5,0.5,0.6,0.6,0.5,0.5,0.7,0.4,0.5,0.4,0.3,0.7,0.4,0.5,0.5,0.2,0.2,0.3,0.3,0.3,0.4,0.4,0.4,0.6,0.6,0.7,0.9,0.7
20150507,15,SO2,7.3,5.5,5.1,6.1,5.8,5.4,6.9,9.2,5.1,7.2,8.3,7.7,6.4,14.5,6.3,5.7,5.9,2,3.9,4.4,7.9,7.7,3.2,2.3,3.6,3.3,5.6,5,9.6,10.5,6.7,7.6,7.3,9.2,7.9
20150507,15,NO2,25.4,21.3,22.5,25.2,41.3,27.9,29.9,31.6,21.8,22.4,19,23.7,29.8,23.9,15.4,26.4,18.9,15.4,19.8,15.5,17.1,20.3,3.6,2.9,36.3,5.1,21.3,28.3,63.1,21.5,50.7,47,61.9,78.6,61.4
20150507,15,O3,128.1,159.6,138.9,146.6,138.8,138,147.6,106.3,138,141.3,134.5,151.8,112.6,196.3,133.5,139.7,85.8,94.3,131.2,124.9,102.7,21.4,108.6,106.2,85,143.1,113,93.7,81.2,133.9,107.6,108.8,53.5,84.3,117.8
20150507,15,CO,0.6,0.5,0.6,0.6,0.6,0.6,0.5,0.5,0.4,0.5,0.5,0.5,0.5,0.6,0.4,0.4,0.3,0.3,0.6,0.4,0.5,0.5,0.2,0.2,0.3,0.3,0.3,0.4,,0.4,0.6,0.6,0.6,0.8,0.7
20150507,16,SO2,6.8,4.9,4,6,5.8,5,6.9,11.5,6.4,7.5,8.9,9.2,9.8,15,6.3,6.5,5.9,4.4,5.5,6.7,6.9,7.2,2,2.7,5.2,3.1,9,4.8,4.5,15.3,5.9,7,8.6,9.5,8.3
20150507,16,NO2,19.2,16.8,15.9,21.6,32.6,23.6,26.5,23.4,19,18.6,14.5,20.3,30.1,21.2,12.7,19.6,31.9,28.9,18.7,22.5,17.4,20.3,2.5,12.2,42.7,7.1,29.7,28.5,50.1,20.7,43.5,35.1,53.4,67.4,47.8
20150507,16,O3,140.2,175.6,150.4,156.6,155.9,145.8,154.9,121.5,140.6,138.8,133,145.8,113.4,203.8,148.6,158.7,95.1,123.3,126.9,122,99.3,22.7,112,118,76.5,140,111.1,97.5,,136.1,124,130.7,59.6,100.8,139.7
20150507,16,CO,0.5,0.4,0.5,0.5,0.6,0.6,0.5,0.4,0.4,0.4,0.5,0.4,0.5,0.6,0.4,0.4,0.5,0.5,0.6,0.4,0.4,0.5,0.2,0.3,0.3,0.3,0.4,0.4,0.4,0.4,0.6,0.5,0.6,0.7,0.5
20150507,17,SO2,7.4,5.6,7.4,7.5,7.2,5,12.6,11.6,6.9,14.1,11.6,11.6,13,15.4,5,7,6.8,5.8,4.4,7.6,6.5,7.5,2,5.7,3.5,3.4,8.3,7.1,6,19.2,7.4,,12.1,10.2,9
20150507,17,NO2,16.5,14.4,15,20.3,28.4,21.9,27.3,18,14.4,22.2,13.5,20.7,31.1,25.8,11.8,18.7,33,24.3,21.4,25.5,29.2,25.3,3.4,18.3,47.9,10.1,29,29.8,,21.7,42.1,,55.5,69.2,28.1
20150507,17,O3,134.1,166.2,140.1,144.3,146.3,143.6,144.9,114.4,137.3,127.1,131.5,140,107.8,184.5,139.3,166.7,123.2,129.6,122.2,127.5,127.6,22.2,112.2,144.8,75.9,140.8,121.4,106.9,96.2,137.2,115.8,,50.7,85.2,151.2
20150507,17,CO,0.5,0.4,0.5,0.5,0.5,0.5,0.5,0.4,0.3,0.5,0.5,0.5,0.5,0.5,0.3,0.4,0.5,0.5,0.6,0.4,0.6,0.5,0.2,0.4,0.3,0.3,0.4,0.5,0.4,0.4,0.5,,0.6,0.7,0.4
20150507,18,SO2,8.4,6.3,11.5,7.7,13.6,6,16.2,13.6,8.4,11.3,12.3,13.5,8.2,16.3,4.7,5.3,6.4,6.5,6.2,6,6.2,7.5,2,5.9,4.8,2,7,6.5,5.5,14.7,7.9,8,15.7,11,8.8
20150507,18,NO2,18.2,16.6,22.2,23.3,29.5,25.4,31.4,21.1,16.6,28.5,14.7,24.6,39.3,29.7,12.8,15.7,27.5,25.3,22.1,21.5,21,34.7,9.2,14.9,41.7,3.5,24,29.7,,23.4,49,33.3,69.3,87.4,32.6
20150507,18,O3,120.2,151.6,127.3,134.5,135.2,124.9,131.8,108.1,128.8,116.4,130.2,131.7,101.9,178.5,130.8,153.7,120.7,118.7,114.3,153.7,140.3,26.9,96.6,134.7,104.6,123.5,151,102.5,,138.4,99.1,111.3,41.8,65.2,130
20150507,18,CO,0.5,0.4,0.6,0.5,0.5,0.5,0.6,0.4,0.4,0.5,0.6,0.5,0.6,0.6,0.3,0.3,0.5,0.5,0.5,0.5,0.5,0.7,0.2,0.4,0.4,0.2,0.4,0.5,0.4,0.4,0.6,0.5,0.7,0.8,0.4
20150507,19,SO2,10.9,8,8.1,8.9,9.9,6.8,11.4,13.8,8.8,11.3,10.2,12.2,13.4,19.4,7.4,5.8,6.3,7.7,5.2,6.1,9.1,8.6,2,,4.5,2,8.2,12.9,4.7,13.9,9.6,10.7,11.8,14.1,9.5
20150507,19,NO2,21.2,19.1,22.9,31.1,30.1,30.1,34.2,21.3,17.6,29.9,19.6,27.8,39.4,35.1,21.9,26.2,26,30.3,23.8,24.6,21,34.7,13.6,,18.4,2,24.3,32.6,20.8,27.4,50.4,37.3,68.5,100.6,46
20150507,19,O3,123.5,158.2,132.6,135.4,137.7,121,129.6,106.5,130.4,122.1,130.2,136.2,103.7,181.6,123.5,128.6,104.9,107,117.4,149.4,122.6,29,83.8,,133.2,109.5,158.2,94,,136.7,104.4,113.6,42.6,59,117.9
20150507,19,CO,0.5,0.5,0.6,0.6,0.6,0.6,0.6,0.5,0.4,0.6,0.6,0.6,0.6,0.7,0.5,0.4,0.4,0.5,0.6,0.5,0.5,0.7,0.2,,0.4,0.1,0.4,0.5,0.5,0.5,0.7,0.6,0.7,0.9,0.5
20150507,20,SO2,13.1,9.6,12.9,11.1,12.6,9.2,16.3,11.6,10.4,17.5,9.8,14.7,17.4,18.5,7,7.4,8.8,7.5,6.7,7,9.1,2.4,2,,2,2,7.8,11.7,5,13.8,13.2,13.2,13.7,16,10.2
20150507,20,NO2,24.1,22.9,28.8,35.4,33.2,33.5,39,19.6,21.7,40.2,24.3,33,48.3,45.3,26.3,28.6,28.3,26,27.3,23,18.4,12,4.9,,3.8,2,24.2,36.2,24.3,30.8,59.1,40.4,73.8,110.2,33.6
20150507,20,O3,120.4,150.2,126.9,126,136.2,123.8,123.1,108,125.8,103.2,123.2,131.7,91.5,154.1,114.1,124,105.1,109.5,111.7,142.7,106.9,22.1,91.2,,109.3,107.5,145.6,81.8,123.3,122.9,95.4,108.7,39.5,48,134.8
20150507,20,CO,0.6,0.6,0.7,0.7,0.7,0.7,0.7,0.5,0.5,0.7,0.7,0.7,0.6,0.7,0.5,0.4,0.6,0.6,0.6,0.5,0.5,0.4,0.2,,0.3,0.2,0.5,0.6,0.6,0.5,0.7,0.6,0.8,0.9,0.5
20150507,21,SO2,23,16.1,20.6,18.1,18.2,17.4,20.7,11.4,3.4,23.3,8.8,14.6,13.1,23.8,7.4,6.9,8.1,7.9,4.9,6.6,2,2.8,2,3,2,2,7,6.7,2.7,10.9,21,20.9,21.8,21.6,9
20150507,21,NO2,28.2,28.1,33.9,42.8,41.2,32.2,44.3,24.6,27.1,52.9,29.5,42.5,39,37.7,32,26.5,26,27.3,42,24.3,6.5,10.9,3.8,5.7,2,2.4,22.8,44.9,30.3,31.5,67.3,45.3,79,110.1,47.9
20150507,21,O3,112.7,135.7,115.3,113.3,119.6,120.4,112.1,92.7,87.6,81.9,108.2,112.4,95.5,153.3,100.9,115.9,94.7,104.2,77.9,122.7,78.6,20.5,93.3,108.9,108,109.6,130.5,56.8,89.8,99.8,83.2,98.7,32.7,34.3,111.6
20150507,21,CO,0.7,0.6,0.7,0.7,0.7,0.7,0.7,0.5,0.5,0.7,0.8,0.7,0.7,0.8,0.5,0.4,0.5,0.6,0.7,0.5,0.3,0.4,0.2,0.4,0.2,0.2,0.6,0.6,0.6,0.5,0.8,0.7,0.8,1.1,0.6
20150507,22,SO2,21.4,15.4,18,17.6,18.7,17.3,19.4,9.8,4,20.4,6.3,14.3,13.8,27.8,10.5,8,2,4.9,2.8,2.5,3.3,2.6,2,2,2,2,5.6,7.3,2,10.9,18.7,19.4,19.8,21.9,11.4
20150507,22,NO2,38.7,36.4,40.2,51.9,46.5,39,48.8,31.8,22.6,51,36.4,59.9,48.9,48.2,44.6,68.6,6.9,24.9,25,18,8.6,10,4.5,2.3,2,2.2,16.4,53.9,31.2,40.2,79.2,67.4,64.1,119.6,69.3
20150507,22,O3,98.8,116.8,98.4,98.7,106.4,104.8,94.5,70,82.8,75.4,91.1,82.3,75.4,125,79.7,54.8,80,84.8,84.9,92.5,74.9,19.2,97.7,100.4,114.7,103.9,128.2,32.1,57.2,84.2,63.9,70.3,32.7,19.1,81.2
20150507,22,CO,0.7,0.7,0.8,0.8,0.7,0.7,0.7,0.5,0.4,0.8,0.8,0.8,0.7,0.9,0.6,0.5,0.2,0.5,0.5,0.3,0.3,0.4,0.2,0.3,0.2,0.2,0.4,0.6,0.7,0.6,0.8,0.8,0.8,1.2,0.7
20150507,23,SO2,5.7,8.7,6.7,10.8,2.7,3.1,6.9,6.8,2,16.8,6.5,10.5,12.6,25.8,11.2,8.4,2,2,2,2,3.4,2.6,2,2,2,2,4,6.8,2,9.2,10.3,13.1,8.8,16.4,5
20150507,23,NO2,33.6,42.9,30.1,46.2,30.2,25.7,27.5,16.9,13.7,63.5,50,35.3,62.5,77.6,51.1,87.5,7.4,9.1,28,15.7,6.6,9.8,5.1,2,12.2,2.8,14.6,56.8,33.8,41.8,46.6,66.3,38,88.5,73.5
20150507,23,O3,72.7,88.3,81.6,84.8,82.3,78.5,86,63.8,83.3,49.2,69.5,85.2,47.3,72.9,67.9,32.3,81.7,82.6,71.8,84.7,77.1,19.4,96.1,103.4,101.3,104,99.1,2,40.2,58.9,69.3,53.1,34.4,33.8,37.5
20150507,23,CO,0.4,0.5,0.5,0.7,0.4,0.4,0.4,0.3,0.2,0.8,0.8,0.5,0.8,0.9,0.6,0.5,0.2,0.3,0.4,0.3,0.3,0.4,0.2,0.3,0.2,0.2,0.3,0.7,0.7,0.6,0.6,0.6,0.5,1.1,0.5
20150507,0,PM2.5,40.8,29.2,33.4,34.1,36.9,50.1,43.6,41.2,31.9,72.3,31.7,48.2,51.1,47.7,64.9,52.5,36.6,32.4,33.7,32.8,40,22.1,20.2,26.8,25.6,25.3,27,38.5,28.4,49.6,38.8,42,32.3,59.6,85.7
20150507,0,PM10,159.5,112.2,172.8,153.9,164.3,125.5,117.4,121.7,106.1,176.1,132.6,143.6,102.6,98.3,122.5,187.6,108.4,134.3,132.1,114.7,140.7,105.5,91.9,112.8,85,63.7,93.9,164.5,147.9,100.3,187.5,156.2,160.7,183,165
20150507,0,AQI,66,62,67,63,68,63,58,59,57,67,62,67,55,55,65,81,58,54,60,69,65,61,53,60,57,50,67,75,64,64,69,67,68,71,72
20150507,1,PM2.5,44.1,27.6,35,32.6,38.3,44.6,44.5,38.8,38.1,59.4,33.8,32.6,54,37.5,69.3,46.8,41.1,32.4,28.5,30.2,36.9,24.4,11.9,29.4,24.7,28.8,29.9,44.8,51.9,71.5,44.8,38.9,29.7,65.5,78.1
20150507,1,PM10,158.4,121.2,163.9,150.9,149,128.1,123.3,114.5,105.9,159.3,106.9,167.5,107.4,91.1,109,160.6,117.1,113.8,108.5,99,140.9,102.3,61.4,89.1,83.3,87.8,76,120.1,157.1,159.2,185.2,158.3,147.5,162.9,171.8
20150507,1,AQI,68,63,70,65,70,65,60,61,58,69,62,69,56,56,66,82,60,56,61,69,67,63,54,61,57,52,68,77,67,65,72,70,70,74,74
20150507,2,PM2.5,37.2,36.5,35.6,27.8,40.8,44,51.7,40.9,38,55.9,75.6,36.1,52.8,38,36,41.7,41,29.2,37.7,29,37.4,27.1,13.4,34.1,25.4,30.5,29.8,30.6,41.3,46.4,48.3,37.4,32.1,45.1,98.1
20150507,2,PM10,178.2,148.6,195.4,154.3,191.1,157.6,138,93.4,120.1,163.7,137,172.2,150,92.7,200,247.4,112,112.8,142.7,92.4,145,120.6,97.7,78.7,94.6,74.8,85.9,107.2,76.7,146.7,189,163.3,171.4,190.3,197.5
20150507,2,AQI,71,65,74,67,74,68,62,61,59,71,63,72,59,57,69,85,62,58,62,70,69,65,55,61,58,52,68,78,68,68,75,72,72,77,77
20150507,3,PM2.5,33.5,40,28.4,22.3,36.3,30.9,45.1,46.3,47.9,56.6,138.7,31,49.3,35.8,23.7,19.9,542.1,40,41.9,29.2,74.9,46.2,21.1,17.8,30,29.1,49.3,59.9,34.2,47.9,56.3,32.6,30.4,34,55.9
20150507,3,PM10,147.7,126.8,150.9,131.3,215.6,127.4,153.2,129.5,136.4,145,177.6,183.2,118.2,72.7,139.2,155.3,,117.2,154.7,108.8,173.1,140.8,94.8,101.7,83.1,83.7,169.1,83,66.6,82.7,149.3,121.7,162,155.9,108.4
20150507,3,AQI,73,67,76,69,78,70,64,63,61,73,66,75,61,58,72,87,63,59,65,71,71,68,57,62,59,53,132,78,69,68,77,74,75,79,78
20150507,4,PM2.5,26.3,113.7,30.8,17.5,25.3,24.2,40.6,60.6,44,45.2,38.4,47.9,45.8,36.4,32.9,18.9,43.9,35.6,33.8,48.3,67.9,39.5,12.9,35.3,33.1,41.3,45.1,30.3,31.8,42.4,29.1,28.2,32.1,38.7,52.9
20150507,4,PM10,86.6,,115.5,84,141.2,108.7,128.6,120.8,140.1,131.8,112.8,152.8,85.9,69.4,89.2,84.4,91.3,105.5,132.1,174.9,146.5,159.9,115.8,96.6,90.4,100.3,117.9,75,50.9,86.5,98.2,84.5,121.7,105.1,100.5
20150507,4,AQI,73,68,77,69,79,71,66,64,63,75,67,77,61,58,73,88,64,61,66,74,73,71,58,63,61,54,72,79,69,69,77,74,76,80,78
20150507,5,PM2.5,26.2,47.3,21.9,21.4,28.7,24.5,36.7,40.3,41,52.5,35.2,36,55.4,36.7,34.7,24.8,27.4,38.1,36.5,37.2,40.9,37.8,31.5,24,101.3,46.8,40,31.3,32.1,44.2,25.5,33.6,31.5,32.5,54.5
20150507,5,PM10,66.4,93,107.1,77.7,86.9,77.4,102.3,109,95.2,154.6,81,116.4,77.3,64.6,121.5,77.3,75.2,125.4,102.3,120,145.4,135.7,125.9,89.3,104,133.8,83.8,52.7,34.2,64.6,79.6,91.6,105.4,92.5,108.9
20150507,5,AQI,73,68,78,70,80,71,67,66,64,77,68,78,62,59,74,88,65,62,68,74,75,75,60,64,63,57,73,79,69,69,78,75,77,81,79
20150507,6,PM2.5,33.9,20.1,31.5,26.4,31.3,23.1,36.4,52.2,39.4,52.5,38.1,34.1,46.9,57.7,34.2,35.6,24.6,26.9,34.3,40.8,33.7,39.5,16,22.9,78.8,47.9,33.1,31.7,26.4,45.7,31.2,44.2,29.4,48.3,68.5
20150507,6,PM10,82.1,67.6,119.2,99.5,104.8,116,104.2,95,86.6,148.3,69.7,124.9,76.4,78.5,34.3,125.5,84.7,95.3,97,114.2,100.4,133.2,97.3,87,97.9,123.2,61.8,78.9,45.2,82.9,106.2,115.8,116.5,142.9,109.6
20150507,6,AQI,74,68,80,71,81,73,69,67,64,79,68,79,63,60,74,89,66,63,69,74,76,77,61,65,65,59,74,79,68,69,79,76,78,82,81
20150507,7,PM2.5,32.4,31.3,35.1,25.7,33.1,52.4,38.9,69.2,40.6,56.1,53.5,49.2,51.1,57.4,48.2,34.5,66.8,28.2,40.7,41,36.4,47.4,32.7,34.9,66.3,34.2,27.4,31.8,36.3,50.2,37.1,58.2,51,48.2,97.2
20150507,7,PM10,92.5,72.3,135.5,81.8,114.2,78.5,98,142.7,106.5,134.2,92.3,162.8,68.7,79,117.6,139.5,74,110.6,129.4,153.7,127.3,144.6,136.1,104.2,104.7,101.1,68.4,54.9,136.5,86.4,127,106.5,149.4,165.5,226.5
20150507,7,AQI,75,68,82,72,82,73,70,69,65,81,68,80,63,60,75,89,67,65,70,76,77,79,63,66,67,61,74,78,70,69,80,77,80,84,84
20150507,8,PM2.5,48.8,34.7,39,27.7,39.9,36.5,69.7,68.6,55.1,47.8,56.1,48.7,53.8,57.2,85.7,42.3,202.1,32.2,43.5,43.1,35.3,51.1,129.8,31.3,42.9,35.5,44.2,44.2,61.9,60.9,43.3,52.7,169.3,39.6,66.8
20150507,8,PM10,119.3,106.5,134.3,112.2,126,96.5,108.4,144.8,113,107.6,114.3,138.7,76.4,81.6,142.4,69.9,,114.2,137.1,124.8,109.5,143.9,,119.3,131.1,84,104.9,64.1,,71.8,137,109.5,,122.7,87.5
20150507,8,AQI,77,70,84,73,83,75,71,70,67,82,70,82,64,61,77,88,77,67,72,77,79,80,63,68,68,62,76,77,71,69,82,79,82,85,85
20150507,9,PM2.5,76.6,40.9,37.4,,45.1,42.3,57.9,62.4,53.3,77.6,47.8,43.1,68.4,46.5,50.1,52.2,48.9,39.8,49,43.1,42.9,29.3,16.9,33.3,67.7,30.8,50.4,55.1,55.4,78.2,146.9,41.9,228.4,57.3,72.3
20150507,9,PM10,115.7,91.7,136.1,104.2,123.8,115.8,119,129.4,126.8,124.9,127.6,124.9,82.2,61.8,135.8,99.6,88.6,110.2,146.4,117.5,117.2,96.5,109.6,134.8,122.7,81.5,123.5,,104.9,107.6,,99.8,,120.3,123.2
20150507,9,AQI,79,72,86,75,85,77,73,72,69,84,72,84,64,62,78,90,79,68,74,79,81,80,65,70,69,62,76,78,72,71,83,80,83,87,87
20150507,10,PM2.5,70.1,34.4,48.1,,49.5,44.8,81.9,80.6,47,73.9,38.8,88.4,70.1,53.7,53,61.3,49.6,32.7,42.7,45.9,54.7,39.6,52.8,39.9,72.7,43.5,50.8,56.5,44.3,69.6,,44.7,,72.7,77.5
20150507,10,PM10,120.6,107.7,160.4,113.6,119.4,137,174.3,143.1,123.7,129.2,150.1,157.9,100.7,77.8,100.6,98.7,101.1,127.2,143.7,111.4,120.5,122.7,97.9,132.6,137.7,80.4,112.4,63.1,101.6,118.2,133.5,114.8,166.5,143.9,89.5
20150507,10,AQI,81,73,89,77,87,79,77,74,71,86,75,87,65,63,79,89,80,70,76,81,82,80,65,71,70,63,77,79,73,73,85,82,86,89,86
20150507,11,PM2.5,78.5,41.8,43.3,41,46.8,47.5,60.7,64.6,43.9,81.1,54.4,48.2,60.7,,58.1,69.2,53.5,43.9,48.8,46,47.8,42.1,39.8,49,39.6,41.6,56.3,103.9,56,61.9,,47,,64.6,81
20150507,11,PM10,117.1,137,145.5,134.3,122.9,128.4,119.2,132.8,118.9,151.6,146,148.3,98,,112,92.9,89.9,121.1,135.9,111.3,126.9,125.1,100.8,148.2,144.6,81.3,112.5,,112.5,94.1,144.6,134.1,158.7,145.5,115
20150507,11,AQI,82,75,92,79,89,81,79,76,71,89,77,89,67,64,81,90,82,72,78,83,85,81,67,74,72,64,78,79,73,74,88,84,89,91,88
20150507,12,PM2.5,72.5,43.3,40.3,46.4,47.3,51.9,63.4,62,56.4,77.3,52.1,50.4,66.8,,51.9,77.1,48.2,52.6,46.2,55.3,67.3,34.6,37,56.2,35.4,36.4,50.5,,64.9,57.3,,48.7,,60.8,74.3
20150507,12,PM10,117.3,101.9,163.8,141.3,112.6,109.7,105.9,131.8,125.8,136.6,127.9,130.4,97.4,,94.3,,90.2,122.1,139.9,73.5,137.8,108.3,160.8,153.4,118.1,80.5,106,83.3,113.2,121.9,126.7,129.4,149.7,135,118.9
20150507,12,AQI,84,77,94,81,90,82,80,79,73,91,79,91,68,,82,92,84,74,81,84,86,81,70,76,74,65,79,80,75,75,89,86,91,93,89
20150507,13,PM2.5,74.4,39.9,38.9,42.7,40.8,44.9,53.9,56.2,59.1,90.9,55,47.4,54.9,,68.3,71.1,123.7,26.8,50.2,47,58.6,28.8,14.2,38,23.1,36.3,48.6,,73.2,47.6,74.3,54.5,,83,79.2
20150507,13,PM10,132.9,470.7,139.5,108.4,111,98.6,116.1,129.1,127,112.8,133.6,129.1,83.8,,85.7,75.6,,105.9,132.4,105.2,128.2,93.9,131.8,147.1,102.6,75.3,75.1,82.1,82.1,88.7,140.2,116.4,148.7,113.9,296.4
20150507,13,AQI,86,86,94,82,92,82,81,81,76,93,81,93,69,67,82,93,90,76,83,85,88,80,73,79,74,66,78,80,76,76,91,86,93,94,94
20150507,14,PM2.5,,,49.1,42.6,45.2,45.7,49.8,49.7,55.2,,46.4,50.8,66.4,,55.2,52,,36,42.9,37.7,68.2,27.3,17.1,33.1,16.1,34.7,48.3,107.3,79.3,69.6,61.1,48.1,52.2,63.1,77.8
20150507,14,PM10,140.3,133.5,166.3,155.1,141.6,139.9,117.2,126,125,,129,148.1,92,,179.6,114.2,116.3,87.3,133.4,99.9,112.5,106.8,105.5,129.8,86.8,66.3,90.1,128.9,,82.2,147.6,129.6,152.4,182.7,
20150507,14,AQI,88,88,96,85,93,84,82,83,78,93,82,95,71,68,85,93,93,77,85,85,90,82,74,80,76,67,78,80,77,77,93,88,95,96,96
20150507,15,PM2.5,60.8,,46.9,41.4,50.5,49.7,60.9,63.2,54.4,,54.1,42.4,58.9,37.4,50.3,37.2,33.2,29.4,35.7,41.8,73.8,28.8,81.4,27.9,21.1,34.7,49.1,70.8,61.3,47.5,71.9,46.7,,54.2,76.5
20150507,15,PM10,166.8,157.1,176,135.2,199.5,159.8,152.1,145.1,123.5,,119.4,155.8,83.4,142.2,,,91.2,100.6,127.6,115.6,122.2,102,88.9,89.3,74.9,78.1,120.3,177.2,84.4,119.6,171.5,148.6,183.1,139.2,
20150507,15,AQI,90,90,99,86,96,86,84,84,80,94,84,97,71,96,86,92,94,78,86,85,91,83,75,81,75,68,78,80,75,78,96,90,98,97,98
20150507,16,PM2.5,53.5,36.6,31,31,46.1,48.8,58,63.7,46.8,,44.1,39,54.5,41,38.3,59.5,52,37,35.9,50.6,42.1,30.9,77.9,30.1,24.6,38.1,60.4,71.8,33.2,55.4,56.5,49,,53,66.2
20150507,16,PM10,162.2,117.5,157.1,163.9,207.1,145.9,133.3,150,120.1,167.7,120.3,123.9,91.7,129.4,181.7,,167.8,169.2,135,139,113.4,102.9,,142.7,67.8,72.6,127.2,90.3,62.7,92.4,176.9,144.4,154.8,170.3,133.1
20150507,16,AQI,92,91,101,89,99,88,86,86,81,97,85,98,72,102,86,90,96,80,88,85,92,84,76,83,75,68,77,78,74,79,98,91,100,99,99
20150507,17,PM2.5,35.2,89.2,31.2,30.2,40.5,,50.7,52,40.1,81.7,43.7,38.4,53.5,36,37.4,51.8,82.2,32.6,41.9,57.6,68.8,33.7,,40.5,22.5,42.4,63,59.9,36.4,60,45.3,,,40.7,69.6
20150507,17,PM10,115.3,,135.2,96.4,155.8,109.2,128.2,138.3,108.6,152.7,115.8,147.1,94.2,133.4,,,203.5,122.4,126.2,157.2,,136.3,64,179,69.7,83.2,,124.5,98.3,102.9,115.4,,143,94.9,158.1
20150507,17,AQI,91,90,100,87,98,86,87,88,83,97,85,99,72,81,87,90,99,82,89,84,93,85,76,85,76,68,76,78,74,78,96,,101,97,99
20150507,18,PM2.5,35.6,35.8,33.8,31.1,40.7,46.1,50.3,67.1,43,68.3,40.3,36.4,52.3,35.7,34.1,43.1,43.8,48.9,38.4,67.4,64,45.7,20.3,52.4,31.4,24.1,59.4,52.9,39.3,54.6,43.2,34.8,,51.9,51.1
20150507,18,PM10,119.3,107.9,151.4,131.8,175.6,101.8,135.1,142.3,95.5,168.3,117,123.3,92.5,134.5,115,,114.2,125.2,112.9,262.1,192.2,175.9,22,147.9,175,24.4,161.7,92.8,111.2,111.4,139.5,112.9,149.1,132.3,105.8
20150507,18,AQI,90,91,100,87,98,86,87,89,82,97,85,98,73,74,87,90,99,83,89,87,93,86,76,87,78,67,77,77,75,78,96,88,100,97,97
20150507,19,PM2.5,40.3,42.1,44.8,39.9,46.1,65.1,51.3,61.3,43.1,66.8,48.7,47.1,70.1,45.4,47.2,46.5,42.6,40.7,39.8,65.7,55.4,41.9,6.1,,79.5,9.4,57,53.4,68.4,68.9,86,45,,47.5,61.6
20150507,19,PM10,140.9,149.1,179.4,154.8,203.6,135.2,130.8,138.3,107.4,166.1,123.3,174.2,92.4,139.1,191.8,,86,107.2,122.2,189.2,126.7,143.5,40.5,,111.2,39.4,127.6,88.4,96.4,134.2,166.3,149.8,164.8,173.6,121.5
20150507,19,AQI,90,92,101,88,99,86,87,88,82,99,85,99,75,77,90,91,100,83,89,89,92,86,75,,78,65,78,77,75,79,97,89,100,98,96
20150507,20,PM2.5,45.6,44.1,50.1,44.7,49,57.6,64,131.5,58.5,67.9,60.8,79.9,69.1,45.4,44.7,41.6,42.5,45.7,50.9,54.1,48.7,9.7,3,3,45.5,15.5,53.4,53.2,38.9,72.7,86,49.8,,55.4,65.3
20150507,20,PM10,124.4,119.3,168.5,136.2,170.9,116.8,125.9,,121.2,157.5,123.5,171.3,104.1,132.9,94.8,,159.6,133.3,125.4,125.6,95.8,72.6,126.9,,,93.2,128.8,106,97.1,126.3,155.3,123.1,162.8,142.9,110.8
20150507,20,AQI,90,92,101,89,100,86,88,89,82,99,86,99,77,75,89,90,101,83,89,89,91,85,75,85,77,66,78,78,75,79,98,89,101,99,96
20150507,21,PM2.5,52.5,51.9,54.1,49,55.8,52.7,67.9,82.4,55.8,71,68.3,65.5,77.7,57.4,46.2,41.4,59.1,44.2,51.1,41.8,37.2,9.8,3,10.1,26.2,10.9,55.7,63.7,38,71.3,65.5,57,,68.4,73.3
20150507,21,PM10,126.7,114.8,160.9,127.8,143.6,120.2,132.8,106.5,103.3,142.5,131.5,161.3,126.2,141.3,102.1,,,126.5,117.6,119.4,,68.2,93.9,,79.2,54.6,110.5,159.4,131.8,141.1,142.6,119.6,156.3,142.2,120.1
20150507,21,AQI,90,92,102,89,100,86,88,89,83,99,87,100,78,76,88,89,103,83,89,90,91,85,74,85,77,65,78,80,74,79,98,88,101,98,97
20150507,22,PM2.5,56.7,56.8,58.1,54.5,56,60.1,64.6,61.8,52.9,79.7,73.4,73.3,79.3,60.8,59,57.2,53.6,34.8,38.4,42.5,26.2,9.9,5.1,5.6,61.3,14.2,45.9,61.8,37.4,81.3,68,62.6,,69.1,78.9
20150507,22,PM10,128.4,129.7,171.3,144.6,113.6,136.8,140.1,80.4,79.7,160.2,118.4,178.4,99.4,141.1,126.2,,,37.9,68.1,,60.1,51,82.4,,76.1,47.1,97.1,150.7,134.5,114.6,158.8,140,160.8,153.5,104.6
20150507,22,AQI,90,92,102,89,100,86,89,88,82,100,86,100,80,77,87,88,104,82,88,90,89,84,74,85,76,65,79,77,74,80,98,88,101,98,97
20150507,23,PM2.5,59.3,73.1,42.1,57.9,18.2,55.6,49.3,42.5,21.1,73.2,78.1,54.7,79.7,67,63.8,51.2,15.6,11.3,23.1,27.4,21.2,12.2,3,7.8,38.1,10.3,36.9,59.5,39.5,76.9,393.9,55.7,,73.1,44.9
20150507,23,PM10,,,45.4,,,,,59.2,52.7,120.4,114.7,,121.4,156.8,110,,48.5,41.3,58.1,95,87.6,39.8,38.1,,,32.1,,109.5,89.1,162.9,,60.5,46.7,,62.9
20150507,23,AQI,89,92,99,88,99,86,89,87,81,98,86,100,82,78,87,87,103,81,87,89,88,82,73,86,76,64,79,77,74,81,99,86,99,97,96
