date,hour,type,dongsi,tiantan,guanyuan,wanshouxigong,aotizhongxing,nongzhanguan,wanliu,beibuxingqu,zhiwuyuan,fentaihuayuan,yungang,gucheng,fangshan,daxing,yizhuang,tongzhou,shunyi,changping,mengtougou,pinggu,huairou,miyun,yanqing,dingling,badaling,miyunshuiku,donggaocun,yongledian,yufa,liulihe,qianmeng,yongdingmengxi,xizhimengbei,nansanhuan,dongsihuan
20150905,0,SO2,2,2,2,2,2,2,2,2,2,5,2,2,3,3,2,2,2,2,2,2,2,2,2,2,4,2,2,2,4,3,2,4,2,2,2
20150905,0,NO2,16,15,19,22,18,13,3,16,16,16,10,14,9,14,13,11,4,16,10,8,2,4,11,8,20,3,8,9,7,11,28,28,22,49,50
20150905,0,O3,77,88,82,76,93,85,83,,87,98,98,96,97,66,90,98,69,80,89,84,72,89,87,109,131,70,90,100,100,96,63,75,68,48,55
20150905,0,CO,0.8,0.8,0.8,0.9,0.9,0.8,0.7,0.9,0.6,0.6,0.7,0.6,0.7,0.6,0.7,0.5,1.1,0.9,0.6,1.2,1.1,0.9,1,1.1,1.2,1,0.4,0.5,0.9,0.2,0.8,0.9,0.7,0.8,0.6
20150905,1,SO2,2,2,2,2,2,2,2,2,2,5,2,2,3,3,2,2,2,2,2,2,,2,2,2,4,2,2,2,5,3,2,4,3,2,2
20150905,1,NO2,14,15,17,16,16,12,2,15,15,11,7,11,10,13,12,12,2,13,8,7,2,3,6,7,18,3,9,9,8,10,22,25,22,38,43
20150905,1,O3,78,82,77,85,92,88,78,,85,106,113,96,101,65,91,93,70,91,80,86,76,76,99,114,161,64,94,92,113,97,66,70,62,67,72
20150905,1,CO,0.7,0.7,0.9,0.8,0.8,0.7,0.7,0.8,0.6,0.5,0.6,0.6,0.7,0.8,0.6,0.5,1,0.5,0.8,0.9,0.9,0.9,0.8,0.8,0.8,0.9,0.3,0.5,0.9,0.1,0.7,0.8,0.7,0.6,0.4
20150905,2,SO2,2,2,2,2,2,2,2,2,2,2,2,2,2,5,2,2,2,2,2,2,,2,2,2,3,2,2,2,2,3,2,5,5,184,2
20150905,2,NO2,12,9,10,11,13,10,2,12,8,9,7,9,7,16,9,13,2,12,6,10,2,3,3,4,22,3,8,9,8,11,14,12,27,30,43
20150905,2,O3,84,97,90,92,103,94,98,,109,63,111,94,109,55,96,87,76,94,62,83,70,71,109,112,152,57,95,89,100,91,84,90,62,74,66
20150905,2,CO,0.6,0.6,0.6,0.7,0.6,0.6,0.6,0.7,0.4,0.5,0.5,0.5,0.6,0.9,0.5,0.5,0.8,0.3,0.4,0.8,,0.8,0.4,0.6,0.6,0.9,0.3,0.4,0.8,0.2,0.6,0.6,0.7,0.5,0.4
20150905,3,SO2,2,2,2,2,2,2,2,2,2,2,2,2,2,5,2,2,2,2,2,2,2,2,2,2,3,2,2,2,2,4,2,6,4,142,2
20150905,3,NO2,11,12,10,10,12,10,2,9,8,10,8,10,10,16,14,12,6,14,7,10,2,3,9,4,25,2,8,10,6,11,16,14,20,37,48
20150905,3,O3,85,93,90,93,99,92,97,,102,48,100,101,97,54,89,86,71,85,2,85,,90,111,109,130,61,96,83,88,80,79,87,73,64,63
20150905,3,CO,0.6,0.6,0.7,0.7,0.6,0.5,0.6,0.6,0.5,0.8,0.6,0.5,0.6,0.7,0.4,0.3,0.6,0.4,0.1,0.6,0.7,0.6,0.4,0.6,0.6,0.8,0.3,0.4,0.8,0.2,0.5,0.7,0.5,0.5,0.4
20150905,4,SO2,2,2,2,2,2,2,2,2,2,2,2,2,2,6,2,2,2,2,2,2,2,2,2,2,3,2,2,2,2,3,2,6,2,104,2
20150905,4,NO2,10,11,13,14,11,9,2,9,8,10,9,10,11,14,11,15,2,13,11,6,,4,8,6,15,2,7,9,7,12,15,14,14,37,33
20150905,4,O3,85,96,80,82,103,88,,,89,60,88,82,89,64,96,76,79,84,64,88,,69,94,108,149,68,98,83,96,82,76,89,,57,72
20150905,4,CO,0.5,0.5,0.6,0.6,0.5,0.5,0.7,0.6,0.5,0.6,0.8,0.6,0.6,0.7,0.4,0.3,0.6,0.3,0.3,0.6,0.6,0.6,0.5,0.6,0.7,0.7,0.3,0.6,0.9,0.3,0.4,0.5,0.5,0.4,0.3
20150905,5,SO2,2,2,2,2,2,2,2,2,2,2,2,2,2,5,2,2,2,2,2,2,2,2,2,2,3,2,2,2,2,4,2,6,2,75,
20150905,5,NO2,10,10,8,12,11,8,2,10,8,11,10,10,12,16,10,8,2,12,,4,,4,5,6,15,2,9,9,10,12,15,13,11,44,
20150905,5,O3,83,94,86,84,97,92,91,,93,45,88,83,83,61,93,85,73,85,67,81,78,67,98,101,144,70,91,80,87,73,73,82,72,50,
20150905,5,CO,0.6,0.5,0.5,0.6,0.5,0.6,0.5,0.5,0.4,0.5,0.8,0.5,0.7,0.5,0.5,0.4,0.7,0.2,0.5,0.7,0.7,0.6,0.5,0.6,0.6,0.6,0.4,0.5,0.9,0.3,0.4,0.5,0.4,0.4,
20150905,6,SO2,2,2,2,2,2,2,2,2,2,2,,2,3,5,2,2,2,2,2,2,2,2,2,2,4,2,2,2,2,4,2,7,2,55,2
20150905,6,NO2,12,11,9,12,12,9,2,12,8,11,12,15,15,17,11,10,2,12,10,8,5,2,6,5,21,2,8,11,11,11,23,19,21,62,41
20150905,6,O3,83,95,91,88,100,93,90,,92,41,55,90,79,56,91,89,72,88,74,80,85,73,103,106,123,66,99,81,76,76,69,77,67,38,63
20150905,6,CO,0.7,0.7,0.6,0.7,0.6,0.7,0.5,0.5,0.4,0.6,0.4,0.4,0.7,0.6,0.6,0.5,0.6,0.2,0.4,0.7,0.6,0.6,0.5,0.6,0.6,0.7,0.3,0.7,1.1,0.4,0.6,0.7,0.5,0.6,0.5
20150905,7,SO2,2,2,2,2,2,2,2,2,2,2,7,2,2,5,2,2,2,2,2,2,2,2,2,2,4,2,2,2,2,4,2,6,2,41,2
20150905,7,NO2,15,22,16,20,17,13,5,11,8,20,14,20,19,21,14,11,2,14,15,6,8,8,12,4,15,2,8,7,11,11,41,48,57,95,56
20150905,7,O3,76,74,76,71,92,85,77,,88,84,69,83,72,52,85,91,83,88,67,89,83,71,96,122,132,54,102,101,61,65,43,45,35,11,47
20150905,7,CO,0.9,0.9,0.8,0.8,0.8,0.8,0.7,0.5,0.5,0.7,0.6,0.6,0.6,0.7,0.7,0.5,0.6,0.3,0.5,0.7,0.6,0.6,0.5,0.6,0.6,0.8,0.2,0.4,1.1,0.3,0.8,0.8,0.8,0.9,0.6
20150905,8,SO2,2,2,2,2,2,2,2,2,2,2,2,2,3,5,2,2,2,2,2,2,2,2,2,2,4,2,2,2,2,3,2,5,3,31,2
20150905,8,NO2,17,19,15,24,24,16,11,12,10,23,18,28,22,27,13,16,5,15,22,11,10,13,16,7,14,2,6,13,12,11,49,47,42,90,53
20150905,8,O3,82,93,82,73,89,89,72,,82,78,57,69,57,45,103,84,78,89,56,91,81,62,88,104,148,51,97,95,70,60,47,61,54,14,58
20150905,8,CO,0.7,0.6,0.7,0.8,0.7,0.7,0.7,0.6,0.6,0.7,,0.7,,0.7,0.5,0.5,0.6,0.3,0.6,0.8,0.6,0.7,0.5,0.6,0.6,0.8,0.1,0.5,1,0.2,0.6,0.7,0.7,0.9,0.6
20150905,9,SO2,2,2,2,2,2,2,2,2,2,2,2,2,3,5,2,2,2,2,2,2,2,2,2,2,4,2,2,2,2,3,2,5,3,23,2
20150905,9,NO2,20,22,17,21,28,17,8,15,15,20,21,29,24,28,13,15,14,19,15,14,13,11,20,7,13,2,10,10,9,15,59,39,41,97,63
20150905,9,O3,80,90,84,85,89,90,85,,89,100,69,81,66,53,102,83,69,85,64,85,74,64,80,98,151,67,91,90,83,62,37,71,57,23,44
20150905,9,CO,0.7,0.6,0.6,0.7,0.7,0.7,0.6,0.6,0.5,0.6,0.8,0.6,0.7,0.7,0.5,0.5,0.6,0.3,0.6,1,0.6,0.7,0.6,0.6,0.6,0.7,0.3,0.6,1,0.3,0.6,0.7,0.6,0.8,0.7
20150905,10,SO2,2,2,2,2,2,2,2,2,2,2,2,2,3,5,2,2,2,2,2,2,2,2,2,2,3,2,2,2,2,3,2,6,2,17,2
20150905,10,NO2,25,26,18,23,28,20,12,18,19,20,18,30,28,27,16,21,16,16,25,17,11,8,16,5,21,2,9,22,9,16,69,50,58,110,60
20150905,10,O3,69,80,79,79,84,82,77,,84,95,88,83,68,54,88,73,67,92,66,72,77,67,84,102,125,76,77,75,97,57,25,56,40,8,45
20150905,10,CO,0.9,0.9,0.7,0.8,0.9,0.9,0.7,0.6,0.5,0.7,0.6,0.6,0.7,0.8,0.8,0.7,0.6,0.3,0.5,1,0.7,0.7,0.6,0.6,0.7,0.7,0.3,1,0.8,0.4,0.8,0.8,0.9,1.1,0.8
20150905,11,SO2,3,2,2,2,2,2,2,2,2,2,2,2,3,5,2,2,2,2,2,2,2,2,2,2,3,2,2,2,2,3,2,5,2,14,2
20150905,11,NO2,25,25,22,23,29,21,21,17,17,31,24,32,26,32,18,21,10,15,22,24,6,7,14,5,8,2,10,21,12,16,68,43,62,89,61
20150905,11,O3,72,78,73,75,79,77,64,,85,77,76,78,72,46,85,79,63,94,70,58,87,74,89,99,159,69,66,82,92,73,24,57,33,18,39
20150905,11,CO,1.2,1.1,1.1,1.1,1.2,1.1,1,0.7,0.8,1.1,1,0.8,1,1.3,1.1,0.7,0.8,0.4,0.7,1.1,0.7,0.7,0.5,0.6,0.7,0.7,0.3,1.3,1.3,0.1,1.1,1.1,1.2,1.3,1.1
20150905,12,SO2,3,,,,,,,,,,,,,,,,,,,,,,,,,,,,,,,,,,
20150905,12,NO2,29,,,,,,,,,,,,,,,,,,,,,,,,,,,,,,,,,,
20150905,12,O3,66,,,,,,,,,,,,,,,,,,,,,,,,,,,,,,,,,,
20150905,12,CO,1.3,,,,,,,,,,,,,,,,,,,,,,,,,,,,,,,,,,
20150905,13,SO2,2,2,2,2,2,2,2,2,2,2,2,2,3,5,2,2,2,2,2,2,2,2,2,2,4,2,2,2,2,3,2,5,2,8,3
20150905,13,NO2,26,27,24,24,28,21,23,12,16,33,27,34,39,32,15,17,5,17,21,14,3,7,11,4,15,2,18,20,15,22,74,36,60,99,55
20150905,13,O3,72,79,70,78,88,83,62,,88,76,65,74,60,53,92,96,71,86,60,74,80,62,105,116,147,64,52,89,99,60,21,72,34,15,56
20150905,13,CO,1,0.8,0.9,0.9,0.8,0.8,0.9,0.6,0.6,0.9,1.1,0.9,1.3,1,0.8,0.3,0.6,0.3,0.9,0.8,0.7,0.7,0.5,0.5,0.6,0.7,0.3,0.7,1.4,0.9,0.9,0.8,1.1,1.1,0.7
20150905,14,SO2,2,2,2,2,2,2,2,2,2,2,,2,3,6,2,2,2,2,2,2,2,2,2,2,3,2,2,2,2,4,2,6,5,7,2
20150905,14,NO2,17,19,15,18,22,19,14,14,12,28,,27,25,31,17,15,6,25,17,9,2,4,13,5,12,2,17,15,14,20,42,31,63,80,68
20150905,14,O3,93,102,95,95,96,100,79,,97,97,,92,88,63,96,107,69,85,83,85,72,67,101,118,165,67,56,99,104,73,63,90,44,40,55
20150905,14,CO,0.6,0.5,0.6,0.6,0.7,0.6,0.6,0.5,0.5,0.6,,0.6,0.8,0.8,0.6,0.2,0.6,0.2,0.5,0.7,0.6,0.7,0.5,0.5,0.5,0.5,0.3,0.6,1,0.6,0.6,0.5,0.8,0.7,0.7
20150905,15,SO2,2,2,2,2,2,2,2,2,2,2,2,2,3,6,2,2,2,2,2,2,2,2,2,2,3,2,2,2,2,3,2,4,4,6,2
20150905,15,NO2,18,23,15,15,26,20,16,14,9,17,15,27,24,36,16,18,18,30,15,11,2,4,14,6,24,2,14,12,12,20,43,33,67,64,72
20150905,15,O3,91,97,94,99,95,94,73,,96,118,99,97,91,60,93,103,53,78,83,80,69,64,99,111,141,70,63,104,114,83,65,90,43,53,49
20150905,15,CO,0.7,0.5,0.5,0.5,0.6,0.5,0.6,0.5,0.5,0.4,0.5,0.5,0.6,0.6,0.4,0.2,0.7,0.3,0.4,0.7,0.6,0.6,0.4,0.5,0.5,0.6,0.3,0.4,1.2,0.3,0.4,0.4,0.7,0.5,0.7
20150905,16,SO2,2,2,2,2,2,2,2,2,2,2,2,2,3,6,2,3,,2,2,2,2,2,2,2,4,2,2,2,2,3,2,5,2,5,2
20150905,16,NO2,27,34,25,22,33,23,13,13,9,28,13,31,21,35,24,22,,52,16,11,2,7,14,11,10,2,13,12,13,19,26,58,69,80,52
20150905,16,O3,79,76,83,88,89,93,75,,93,100,105,92,93,63,83,96,,50,84,70,70,62,101,96,163,69,67,107,96,92,82,66,40,35,66
20150905,16,CO,0.6,0.6,0.6,0.6,0.7,0.6,0.6,0.5,0.5,0.5,0.4,0.5,0.4,0.4,0.4,0.3,,0.3,0.4,0.7,0.6,0.6,0.4,0.5,0.5,0.5,0.2,0.4,1.1,0.1,0.5,0.6,0.7,0.7,0.5
20150905,17,SO2,2,2,2,2,2,2,2,2,2,2,2,2,3,5,2,3,2,2,2,2,2,2,2,2,3,2,2,2,2,3,2,6,2,4,2
20150905,17,NO2,33,55,35,39,34,47,22,14,11,47,15,34,28,49,20,26,36,38,13,14,6,14,19,15,4,2,9,15,9,15,42,73,53,100,41
20150905,17,O3,68,55,64,65,85,63,67,,86,69,94,89,79,47,86,93,44,56,90,62,62,50,82,81,162,61,69,106,107,91,61,50,43,20,64
20150905,17,CO,0.7,0.8,0.7,0.7,0.7,0.7,0.6,0.5,0.4,0.6,0.5,0.5,0.5,0.6,0.5,0.4,0.7,0.3,0.4,0.7,0.6,0.7,0.4,0.5,0.5,0.5,0.1,0.4,0.8,0.1,0.7,0.7,0.7,0.8,0.5
20150905,18,SO2,2,2,2,2,2,2,2,2,2,2,2,2,3,5,2,2,2,2,2,2,2,2,2,2,3,2,2,2,2,3,2,6,3,3,2
20150905,18,NO2,30,52,34,37,37,43,17,14,6,56,15,37,38,64,20,41,39,45,13,23,4,16,22,27,12,3,8,14,8,16,34,80,57,91,31
20150905,18,O3,72,55,61,68,82,67,65,,76,54,87,83,64,26,67,62,39,62,82,45,61,50,60,65,122,53,49,97,115,65,66,43,41,22,73
20150905,18,CO,0.7,0.8,0.7,0.8,0.7,0.7,0.6,0.5,0.4,0.7,0.5,0.5,0.6,0.7,0.5,0.4,0.6,0.3,0.4,0.7,0.6,0.7,0.4,0.6,0.5,0.5,0.1,0.4,0.8,0.1,0.7,0.7,0.7,0.9,0.4
20150905,19,SO2,2,2,2,2,2,2,2,2,2,2,2,2,3,5,2,2,2,2,2,2,2,2,2,2,3,2,2,2,2,3,2,5,2,3,2
20150905,19,NO2,33,53,39,38,35,46,9,15,5,72,15,38,53,59,49,41,41,63,14,25,3,22,26,25,6,4,9,32,6,22,32,82,60,96,35
20150905,19,O3,69,54,59,54,80,64,76,,106,28,77,76,43,22,39,62,35,31,71,38,56,42,53,60,119,51,35,53,121,60,68,38,40,11,67
20150905,19,CO,0.7,0.8,0.7,0.8,0.7,0.8,0.5,0.5,0.4,0.8,0.5,0.6,0.6,0.8,0.9,0.4,0.6,0.3,0.4,0.8,0.5,0.7,0.5,0.6,0.4,0.5,0.1,0.4,0.8,0.1,0.6,0.8,0.7,1,0.5
20150905,20,SO2,2,2,2,2,2,2,2,2,2,2,2,2,3,5,2,2,2,2,2,2,2,2,2,2,3,2,2,2,2,3,2,5,2,3,2
20150905,20,NO2,29,47,36,39,40,41,8,16,8,71,9,33,56,62,51,52,48,47,13,20,3,29,24,28,43,6,23,35,8,25,35,60,70,102,34
20150905,20,O3,67,46,56,53,64,68,68,,67,21,87,79,31,18,36,44,25,35,69,48,57,37,55,38,26,38,25,61,95,37,63,55,30,7,62
20150905,20,CO,0.7,0.8,0.7,0.8,0.7,0.7,0.5,0.4,0.4,0.8,0.4,0.6,0.7,0.8,0.9,0.5,0.6,0.3,0.4,0.7,0.5,0.7,0.5,0.5,0.5,0.6,0.1,0.5,0.8,0.1,0.6,0.7,0.8,1.1,0.4
20150905,21,SO2,2,2,2,2,2,2,2,2,2,2,2,,3,5,2,2,2,2,2,2,2,2,2,2,3,2,2,2,2,3,2,5,3,2,2
20150905,21,NO2,40,47,39,36,48,56,19,13,9,67,14,,23,48,43,41,42,57,8,18,2,30,10,16,38,7,26,52,32,23,37,70,79,101,43
20150905,21,O3,50,31,45,49,49,47,47,,54,23,58,,71,33,50,55,23,21,74,52,55,30,78,34,31,36,31,34,43,44,49,36,14,2,43
20150905,21,CO,0.8,0.8,0.7,0.8,0.7,0.7,0.6,0.4,0.4,0.8,0.5,,0.5,0.7,0.9,0.4,0.6,0.3,0.3,0.6,0.5,0.7,0.4,0.5,0.5,0.6,0.1,0.6,0.9,0.1,0.6,0.7,0.8,1.1,0.5
20150905,22,SO2,2,2,2,2,2,2,2,2,2,2,2,2,3,4,2,2,2,2,2,2,2,2,2,2,4,2,2,2,2,3,2,5,3,2,2
20150905,22,NO2,57,64,52,49,64,65,39,14,9,72,16,2,16,45,48,55,55,77,7,19,2,25,9,6,39,6,20,43,34,21,55,74,85,88,64
20150905,22,O3,27,26,27,39,32,33,21,,53,5,60,81,82,36,41,36,4,2,72,43,51,28,74,43,32,29,30,48,46,55,27,29,6,18,22
20150905,22,CO,0.9,0.9,0.8,0.8,0.8,0.8,0.7,0.4,0.4,0.8,0.5,0.5,0.4,0.6,1.1,0.5,0.6,0.4,0.3,0.6,0.5,0.7,0.4,0.5,0.5,0.6,0.1,0.5,0.9,0.1,0.8,0.8,1,1,0.6
20150905,23,SO2,2,2,2,2,2,2,2,2,2,2,2,2,3,5,2,2,2,2,2,2,2,2,2,2,3,2,2,2,2,3,2,6,2,2,2
20150905,23,NO2,53,71,57,42,64,58,31,13,3,47,16,9,11,42,45,54,57,71,6,19,3,33,18,5,8,5,16,46,26,22,69,69,83,89,53
20150905,23,O3,32,14,19,37,29,42,21,,91,49,52,99,88,36,40,37,2,7,77,34,52,15,52,56,78,35,17,36,49,46,13,27,4,6,35
20150905,23,CO,0.9,0.9,0.8,0.8,0.7,0.7,0.7,0.4,0.3,0.5,0.5,0.4,0.4,0.5,0.8,0.4,0.6,0.2,0.3,0.6,0.5,0.7,0.4,0.5,0.5,0.6,0.1,0.5,0.8,0.1,0.8,0.8,0.9,0.9,0.5
20150905,0,PM2.5,14,14,14,13,17,13,15,24,16,12,15,14,8,13,17,18,26,22,16,24,26,16,,15,9,23,16,23,19,15,22,16,14,17,17
20150905,0,PM10,,,,,,,,,,,,,,,,,,,,,,,5,,,,,,,,,,,,
20150905,0,AQI,75,77,79,76,72,64,65,60,55,81,60,103,82,81,80,64,47,52,48,41,44,38,34,45,55,25,40,75,69,66,83,78,76,87,73
20150905,1,PM2.5,16,14,13,14,14,13,14,20,16,14,9,12,12,16,22,21,26,17,12,20,21,12,,12,12,14,13,26,16,10,16,15,4,14,20
20150905,1,PM10,,,,,,,,,,,,,,,,,,,,,,,5,,,,,,,,,,5,,
20150905,1,AQI,73,75,78,74,70,62,64,59,55,79,59,108,81,79,78,63,47,52,48,43,45,38,33,45,54,25,39,74,68,65,81,76,74,84,72
20150905,2,PM2.5,18,15,17,14,19,16,13,15,11,11,12,13,16,20,25,23,25,17,11,17,19,21,,11,10,16,16,29,22,10,17,16,16,16,24
20150905,2,PM10,,,,,,,,,,,,,,,,,,,,,,,5,,,,,,,,,,,,
20150905,2,AQI,70,73,75,72,68,60,62,59,54,77,57,114,79,76,75,62,47,51,48,44,45,38,34,45,55,25,39,73,66,64,78,74,71,82,72
20150905,3,PM2.5,25,27,26,26,23,17,21,11,9,22,18,14,19,23,28,24,28,16,14,22,18,11,,9,8,15,18,30,22,12,28,21,19,26,31
20150905,3,PM10,,,,,,,,,,,,,,,,,,,,,,,5,,,,,,,,,,,,
20150905,3,AQI,68,70,73,70,67,58,61,58,53,75,56,122,77,74,73,63,47,50,48,44,46,38,35,45,56,26,38,72,64,63,75,71,69,79,72
20150905,4,PM2.5,22,22,29,22,28,17,25,16,13,24,22,19,19,23,25,26,23,17,15,16,19,17,,7,3,10,16,29,23,13,21,23,15,27,25
20150905,4,PM10,,,,,,,,,,,,,,,,,,,,,,,5,,5,,,,,,,,,,
20150905,4,AQI,66,68,71,67,64,58,60,57,52,72,56,122,73,77,71,64,47,51,46,44,47,38,36,45,52,26,38,71,62,62,73,68,69,77,72
20150905,5,PM2.5,18,25,21,19,23,16,22,20,13,20,20,16,25,22,25,22,27,19,15,17,21,18,,7,13,12,17,27,28,17,23,22,20,29,
20150905,5,PM10,,,,,,,,,,,,,,,,,,,,,,,5,,,,,,,,,,,,
20150905,5,AQI,65,66,68,64,64,58,59,57,52,69,56,134,70,68,68,64,47,51,45,45,48,41,36,46,52,26,39,70,60,61,70,68,69,74,
20150905,6,PM2.5,21,19,18,23,21,16,12,23,13,18,20,14,18,22,30,23,22,17,11,17,15,13,,14,8,13,16,31,25,13,28,26,16,23,24
20150905,6,PM10,,,,,,,,,,,,,,,,,,,,,,,5,,,14,,,,,,,,,
20150905,6,AQI,65,63,64,62,64,58,57,58,52,65,58,151,67,65,67,66,48,51,45,47,50,41,37,47,53,25,39,70,57,60,67,68,68,74,72
20150905,7,PM2.5,20,24,28,22,22,15,22,19,9,28,22,16,23,20,23,21,20,16,14,16,16,20,,10,6,12,14,21,31,15,19,26,27,27,25
20150905,7,PM10,,,,,,,,,10,,,,,,,,,,,,,,5,,,14,,,,,,31,32,40,
20150905,7,AQI,65,61,61,59,64,58,56,54,45,62,59,176,63,61,67,68,50,52,47,49,51,43,37,48,53,25,36,70,56,59,64,64,65,72,72
20150905,8,PM2.5,12,18,18,16,15,9,17,18,13,20,21,18,17,17,17,14,15,9,13,13,14,18,,11,8,18,16,19,17,14,16,20,15,25,15
20150905,8,PM10,,,,,,,,,,,,,,,,,,,,17,,,5,11,,,,,,,,,,,
20150905,8,AQI,65,58,58,57,64,58,54,52,43,59,49,47,58,58,61,68,51,54,49,45,53,45,35,42,47,24,35,71,53,57,62,64,65,72,75
20150905,9,PM2.5,11,8,13,10,11,5,11,14,4,14,18,13,15,14,12,17,15,14,6,19,14,12,,3,4,12,14,19,24,20,21,11,10,17,13
20150905,9,PM10,,,,,,,,,7,,,,,,,,20,,,,,14,6,6,21,,,,,,,,,,18
20150905,9,AQI,68,55,55,54,65,44,50,50,39,55,47,45,54,55,58,67,48,55,48,43,54,38,34,36,48,24,34,60,50,55,59,65,65,71,69
20150905,10,PM2.5,12,16,14,13,14,12,9,10,7,9,13,13,9,15,17,19,17,10,7,27,16,11,,4,7,8,12,28,16,18,16,13,14,20,17
20150905,10,PM10,,,,,,,,,,,,,17,,,,18,,10,36,17,14,11,6,27,,22,,18,,,14,17,29,
20150905,10,AQI,49,52,52,51,66,41,47,47,36,52,44,41,49,51,55,65,44,55,37,38,52,32,32,32,40,25,33,58,46,50,55,57,61,66,66
20150905,11,PM2.5,24,23,25,23,26,21,20,16,12,18,18,16,13,20,24,23,20,11,8,26,14,8,,4,6,6,19,29,16,15,27,23,27,32,31
20150905,11,PM10,,,,,,,,,,,,,16,,,,,,10,29,,,5,6,8,12,23,,,,,,,,
20150905,11,AQI,46,48,49,47,47,38,44,45,33,48,40,39,44,46,51,44,42,39,34,38,53,29,28,32,50,22,31,55,41,44,52,53,55,63,62
20150905,12,PM2.5,26,,,,,,,,,,,,,,,,,,,,,,,,,,,,,,,,,,
20150905,12,PM10,,,,,,,,,,,,,,,,,,,,,,,,,,,,,,,,,,,
20150905,12,AQI,43,,,,,,,,,,,,,,,,,,,,,,,,,,,,,,,,,,
20150905,13,PM2.5,29,23,31,24,22,18,27,20,14,28,28,27,25,23,20,15,11,16,22,26,13,12,3,10,12,6,26,24,21,23,26,23,34,27,23
20150905,13,PM10,,,,,,,,,,,,,,,,,15,,,27,,26,8,11,,,,,,,,,,39,
20150905,13,AQI,40,40,43,40,41,32,37,38,28,40,37,33,37,37,44,40,38,35,29,36,31,27,33,37,46,21,31,49,32,34,44,41,39,53,45
20150905,14,PM2.5,17,10,18,15,18,10,20,12,8,15,,17,16,17,17,9,14,10,15,22,12,14,,10,5,12,26,20,18,23,15,12,19,18,20
20150905,14,PM10,,,,,,,,,,,,,,,,,,11,,,,,11,,,,,,,,,,,,
20150905,14,AQI,37,37,40,36,38,32,34,34,31,36,,29,32,34,41,37,36,32,26,36,30,25,32,37,57,21,31,46,33,31,41,37,35,45,43
20150905,15,PM2.5,13,11,16,8,19,6,16,12,10,4,10,14,10,18,9,11,18,14,11,19,11,14,,8,8,9,26,16,19,20,14,8,22,15,14
20150905,15,PM10,,,,,,8,17,,19,5,,,10,,,,23,,,28,,,10,10,22,13,,,,,,,,,18
20150905,15,AQI,34,34,37,33,36,30,33,32,30,38,32,31,29,32,39,36,36,30,26,35,29,25,31,35,45,22,31,43,36,28,38,35,34,45,40
20150905,16,PM2.5,16,8,17,10,20,9,15,12,13,10,8,15,3,13,7,12,,13,13,19,10,21,,9,10,13,23,12,22,16,17,13,15,14,14
20150905,16,PM10,18,11,,,,,,,,,,16,6,,17,33,,,,31,,,5,11,,,,13,,,,19,32,19,15
20150905,16,AQI,33,32,35,31,34,29,31,30,30,32,33,29,30,31,37,35,,28,27,35,28,25,32,31,55,22,31,40,30,29,36,33,35,42,39
20150905,17,PM2.5,17,18,26,15,16,12,18,12,8,9,12,15,17,13,13,19,23,16,12,21,13,16,,13,8,9,18,17,17,11,12,21,21,29,19
20150905,17,PM10,22,20,,21,,24,,,,21,12,,,41,19,,,,,26,,28,10,16,10,16,,23,,,25,42,21,46,36
20150905,17,AQI,31,31,35,30,33,24,30,29,27,29,30,28,27,30,35,33,36,27,29,35,28,25,26,26,53,20,30,38,34,29,35,37,31,51,37
20150905,18,PM2.5,18,22,26,17,15,11,17,15,9,13,9,17,11,16,10,24,20,12,12,23,13,20,,13,13,10,18,16,15,9,26,21,21,27,14
20150905,18,PM10,,22,,18,,12,,,12,16,14,19,,44,29,62,,,13,24,,,14,16,20,19,,27,,,,24,,44,15
20150905,18,AQI,31,31,35,30,33,24,30,29,24,29,29,28,27,32,33,32,35,27,26,34,28,25,19,21,39,20,29,36,36,25,35,40,31,46,37
20150905,19,PM2.5,20,26,23,23,17,16,10,15,6,22,13,18,19,22,23,20,24,20,9,26,12,19,3,14,7,15,17,17,11,16,25,16,15,28,15
20150905,19,PM10,,,,25,,,,,,31,14,21,19,34,49,31,24,22,12,28,,,18,16,11,20,17,30,,,,19,24,55,
20150905,19,AQI,30,30,34,29,32,23,29,29,34,37,28,27,27,30,32,31,35,32,23,34,27,25,17,19,38,20,27,35,38,24,34,41,30,48,35
20150905,20,PM2.5,21,20,25,22,19,15,17,14,5,21,14,21,18,26,31,29,22,13,13,32,10,26,5,13,10,23,24,17,13,18,23,22,22,30,17
20150905,20,PM10,,28,,24,23,,,,16,32,,24,25,28,33,43,24,16,15,,12,,21,19,19,25,28,,15,19,,23,41,68,17
20150905,20,AQI,29,29,33,28,31,22,28,28,22,36,28,26,28,37,31,43,34,26,22,33,25,25,18,18,22,20,27,33,30,24,33,31,35,51,33
20150905,21,PM2.5,25,21,22,21,21,15,16,13,8,18,10,,10,27,25,26,29,14,10,33,9,19,4,16,21,23,36,32,21,17,24,27,28,33,21
20150905,21,PM10,28,26,25,23,25,24,19,,12,25,16,,10,,,26,,,11,,,21,15,16,,25,,62,22,,24,37,51,79,34
20150905,21,AQI,28,28,32,27,30,28,27,26,18,34,25,,23,37,30,39,33,29,24,33,24,24,25,17,19,20,28,34,28,24,32,36,40,51,32
20150905,22,PM2.5,32,21,26,28,25,19,21,12,12,19,8,,7,19,27,26,22,17,10,31,12,25,3,11,18,25,33,32,22,13,29,30,27,30,25
20150905,22,PM10,,30,,,,,25,,,26,13,,8,,28,,23,18,,,,,10,,,,,,,,32,,47,,
20150905,22,AQI,29,32,32,27,32,33,26,24,17,37,23,26,26,37,30,39,31,39,23,33,23,24,24,16,20,20,29,34,28,23,32,37,43,47,33
20150905,23,PM2.5,26,23,26,22,22,15,30,9,6,17,13,6,5,15,24,24,23,13,8,31,12,23,5,7,17,18,30,31,21,14,36,26,22,32,23
20150905,23,PM10,,31,27,,,,,,,,,12,6,,25,,28,,,,,29,16,11,,21,,,,15,,28,34,70,
20150905,23,AQI,29,36,32,27,32,29,26,22,29,25,23,31,28,37,30,39,31,36,25,33,22,24,17,18,25,20,29,35,29,22,35,35,42,49,31
