date,hour,type,dongsi,tiantan,guanyuan,wanshouxigong,aotizhongxing,nongzhanguan,wanliu,beibuxingqu,zhiwuyuan,fentaihuayuan,yungang,gucheng,fangshan,daxing,yizhuang,tongzhou,shunyi,changping,mengtougou,pinggu,huairou,miyun,yanqing,dingling,badaling,miyunshuiku,donggaocun,yongledian,yufa,liulihe,qianmeng,yongdingmengxi,xizhimengbei,nansanhuan,dongsihuan
20150928,0,SO2,2,2,2,2,2,2,2,3,2,2,2,2,4,2,4,8,2,2,2,2,2,2,2,2,,2,3,2,2,4,2,7,2,4,2
20150928,0,NO2,69,63,42,31,96,89,26,16,9,43,24,17,18,41,80,122,64,42,14,39,7,43,28,17,,4,14,67,25,34,49,57,75,79,88
20150928,0,O3,35,49,70,79,28,32,62,35,93,62,95,101,97,68,35,2,2,60,81,55,56,14,51,46,,43,107,29,108,74,63,68,,38,19
20150928,0,CO,0.8,0.7,0.6,0.5,0.9,0.8,0.4,0.5,0.2,0.5,0.5,0.4,0.5,0.6,0.7,1,,0.6,0.4,20,0.4,0.5,0.5,0.3,,0.4,0.7,0.9,0.7,0.3,0.5,0.5,0.6,0.5,0.5
20150928,1,SO2,2,2,2,2,2,2,2,4,2,2,2,2,4,2,3,4,,2,2,2,2,2,2,2,,2,2,2,2,4,2,3,2,3,2
20150928,1,NO2,30,29,23,19,43,46,21,16,5,35,17,13,34,35,44,72,,40,11,17,10,33,24,16,,3,17,63,15,35,25,26,42,47,58
20150928,1,O3,72,90,95,95,78,69,65,24,95,77,77,106,78,79,66,27,,31,78,63,66,28,58,48,,40,63,27,124,61,85,92,,70,50
20150928,1,CO,0.5,0.4,0.5,0.5,0.7,0.5,0.4,0.5,0.2,0.5,0.4,0.4,0.6,0.5,0.5,0.6,,0.6,0.4,0.7,0.4,0.4,0.5,0.4,,0.4,0.7,0.7,0.6,0.3,0.4,0.4,0.4,0.3,0.3
20150928,2,SO2,2,4,2,2,4,2,2,2,2,2,2,2,8,2,3,3,4,2,2,2,2,2,2,2,,2,2,2,2,3,2,3,2,2,3
20150928,2,NO2,19,23,26,14,30,19,14,17,4,21,12,12,24,21,31,54,12,25,10,18,6,29,19,15,,9,25,61,29,33,20,24,32,41,25
20150928,2,O3,70,100,97,103,80,102,73,17,107,86,65,103,82,99,85,49,45,43,82,39,62,49,71,66,,41,33,10,84,56,94,100,,75,88
20150928,2,CO,0.5,0.4,0.5,0.4,0.6,0.4,0.4,0.5,0.2,0.4,0.4,0.4,0.5,0.4,0.4,0.4,,0.5,0.4,20,0.4,0.5,0.4,0.4,,0.4,0.5,0.7,0.7,0.3,0.4,0.4,0.4,0.2,0.2
20150928,3,SO2,2,3,2,2,3,2,2,2,2,2,2,2,4,2,2,2,2,2,2,2,2,2,2,2,,2,2,2,2,3,2,5,2,2,2
20150928,3,NO2,24,28,28,16,38,21,17,15,4,18,10,14,13,16,24,28,8,44,12,13,6,31,16,15,,11,17,59,25,24,25,31,31,37,38
20150928,3,O3,47,83,82,88,69,83,64,14,94,82,66,87,96,102,94,76,67,24,67,171,66,37,63,47,,38,274,13,71,69,73,80,,70,77
20150928,3,CO,0.5,0.5,0.5,0.5,0.6,0.5,0.4,0.4,0.3,0.5,0.4,0.4,0.4,0.4,0.4,0.3,,0.6,0.4,20,0.5,0.5,0.4,0.3,,0.4,0.5,0.6,0.7,0.3,0.4,0.4,0.3,0.3,0.3
20150928,4,SO2,2,2,2,2,3,2,2,2,2,2,2,2,4,2,2,2,3,2,2,2,2,2,2,2,,2,2,2,2,3,2,3,2,2,2
20150928,4,NO2,30,30,31,15,43,22,20,16,3,34,9,17,28,24,23,48,13,44,14,15,8,30,23,10,,10,17,61,18,24,30,42,46,45,67
20150928,4,O3,44,37,70,63,,61,52,,74,51,56,82,66,82,85,49,32,31,63,46,47,27,42,54,,40,60,6,42,,58,48,,45,22
20150928,4,CO,0.4,0.5,0.5,0.5,0.6,0.5,0.4,0.4,0.2,0.5,0.4,0.5,0.4,0.5,0.4,0.4,,0.5,0.4,20,0.5,0.5,0.4,0.3,,0.4,0.6,0.5,0.7,0.2,0.6,0.5,0.4,0.3,0.4
20150928,5,SO2,2,3,2,2,2,2,2,2,2,2,2,2,3,2,2,2,2,2,2,2,2,2,2,2,,2,2,2,2,3,2,4,2,2,2
20150928,5,NO2,31,23,31,19,44,31,22,14,7,36,16,17,37,22,26,38,22,15,17,26,10,34,29,10,,,31,28,19,23,27,36,40,68,64
20150928,5,O3,46,46,63,56,49,46,41,4,68,46,43,81,55,60,65,44,27,45,48,40,37,27,33,48,,40,53,35,30,32,56,52,,27,18
20150928,5,CO,0.5,0.5,0.5,0.5,0.6,0.5,0.4,0.4,0.2,0.5,0.4,0.5,0.5,0.5,0.4,0.4,,0.4,0.5,20,0.4,0.5,0.4,0.3,,0.4,0.7,0.6,0.8,0.2,0.5,0.6,0.4,0.4,0.4
20150928,6,SO2,2,3,2,2,2,2,2,2,2,2,2,2,4,2,2,2,2,2,2,2,2,2,2,2,,2,2,2,2,3,2,5,2,2,4
20150928,6,NO2,35,34,37,26,42,32,20,13,6,30,21,31,53,34,34,49,33,46,21,28,24,31,25,9,,7,23,18,14,37,47,55,42,55,90
20150928,6,O3,48,39,59,49,53,51,49,11,44,51,40,45,42,40,38,25,29,16,41,48,10,24,29,41,,35,67,68,51,18,34,38,,30,2
20150928,6,CO,0.6,0.5,0.6,0.6,0.6,0.5,0.5,0.4,0.3,0.5,0.5,0.6,0.5,0.6,0.5,0.4,,0.5,0.5,20,0.5,0.5,0.5,0.3,,0.4,1.2,0.8,0.9,0.2,0.5,0.6,0.5,0.4,0.6
20150928,7,SO2,2,3,2,2,2,2,2,2,2,2,2,2,3,2,3,3,2,2,2,2,2,2,2,2,,2,5,2,2,3,2,5,2,6,5
20150928,7,NO2,37,49,47,27,54,35,44,14,16,47,21,53,55,34,38,45,44,30,30,38,34,40,27,10,,8,31,26,12,33,50,82,76,73,82
20150928,7,O3,43,10,42,36,34,37,19,12,40,19,38,17,27,33,50,43,18,33,22,35,4,33,16,48,,31,52,57,40,17,30,9,,8,2
20150928,7,CO,0.6,0.6,0.6,0.6,0.7,0.5,0.5,0.5,0.4,0.6,0.5,0.7,0.6,0.8,0.9,0.8,,0.5,0.5,20,0.6,0.8,0.5,0.4,,0.4,1.7,1.3,1.1,0.2,0.6,0.8,0.6,0.8,0.8
20150928,8,SO2,4,5,2,2,3,2,2,2,2,2,2,2,3,2,3,6,2,2,2,3,2,2,2,2,,2,6,2,2,3,3,7,2,9,5
20150928,8,NO2,58,62,54,50,86,59,54,16,14,51,31,54,62,58,50,55,47,40,29,42,39,38,42,13,,7,37,27,28,32,81,97,67,101,93
20150928,8,O3,34,35,38,23,19,27,5,2,27,18,21,13,23,12,38,37,7,18,19,25,7,28,4,55,,30,44,52,16,25,13,23,,3,3
20150928,8,CO,0.9,1,0.7,0.9,0.9,0.8,0.7,0.5,0.4,0.7,0.5,0.7,0.7,1,1,1.6,,0.6,0.5,20,0.7,0.9,0.6,0.4,,0.5,1.8,2,1.2,0.2,1.1,1.6,0.6,1.2,1.3
20150928,9,SO2,6,6,2,2,6,4,2,2,2,2,2,2,4,2,5,5,2,2,2,4,2,2,2,2,,2,7,2,2,3,4,7,2,7,5
20150928,9,NO2,47,54,54,50,73,41,61,16,10,64,42,53,51,55,40,48,40,34,39,36,40,37,46,12,,6,32,30,28,32,71,81,77,96,89
20150928,9,O3,46,47,52,35,38,53,2,2,30,11,27,19,39,25,52,34,30,29,16,41,10,24,2,44,,21,53,47,39,27,23,35,,7,12
20150928,9,CO,1.5,1.4,1.2,1.3,1.6,1.7,0.9,0.5,0.3,1,0.7,0.6,0.7,1.4,1.8,1.7,,0.6,0.6,20,1,1.2,0.6,0.4,,0.5,1.6,2,1.3,0.3,1.4,1.8,1.1,1.5,2.2
20150928,10,SO2,10,9,3,5,8,5,2,2,2,2,2,2,4,2,5,4,2,2,2,4,4,2,2,2,,3,7,2,2,3,6,9,2,7,6
20150928,10,NO2,46,44,53,,62,43,50,21,16,50,39,49,52,48,32,34,40,33,49,37,30,38,31,13,,12,34,29,21,34,77,65,73,97,83
20150928,10,O3,44,54,51,49,44,48,32,2,47,34,36,32,35,39,58,54,37,36,14,39,30,29,55,49,,37,41,52,54,51,13,49,,10,10
20150928,10,CO,2,2,2,2.1,2.3,1.9,1.5,0.5,0.4,1.8,0.7,0.6,0.8,2.4,2,1.4,,0.6,0.5,20,1.4,1.6,0.5,0.4,,1.2,1.8,1.6,2.3,0.4,2.1,2.3,1.8,2.3,2.3
20150928,11,SO2,8,7,2,5,7,3,2,2,2,2,2,2,4,3,5,7,3,3,2,4,6,2,2,2,,6,4,2,2,3,6,8,2,5,5
20150928,11,NO2,46,43,57,40,61,39,55,,22,58,34,41,55,47,,45,49,39,29,43,25,36,17,15,,16,37,40,22,39,69,58,81,71,75
20150928,11,O3,45,58,40,52,44,51,18,2,52,21,40,39,33,40,,36,30,40,42,27,45,34,76,58,,41,25,36,57,47,22,53,,23,17
20150928,11,CO,1.8,1.6,2.1,1.8,2.2,1.6,1.5,0.6,0.4,2.2,0.8,0.7,1,2.4,1.6,2.2,,1.1,0.5,20,1.4,1.6,0.5,0.5,,1.5,2,2.4,2.8,0.5,1.8,1.7,2.1,1.9,1.9
20150928,12,SO2,11,9,3,4,9,7,3,2,2,2,2,2,5,3,9,15,4,4,2,4,8,2,2,3,2,7,3,3,2,3,6,9,2,5,7
20150928,12,NO2,46,57,49,44,55,42,51,,34,57,43,48,65,47,47,45,50,37,33,41,21,31,23,12,24,11,32,47,22,44,51,61,76,71,75
20150928,12,O3,43,42,52,47,53,48,28,,52,27,34,38,30,38,38,43,24,50,40,33,53,47,61,72,67,53,42,33,55,,33,52,,24,20
20150928,12,CO,1.9,1.8,1.7,1.6,2.1,2,1.8,1.2,1.2,1.8,1.1,1.3,1.7,2,2.3,1.8,2.7,1.3,0.6,2.2,1.4,1.5,0.6,0.9,0.6,1.4,1.7,2.3,2.3,0.8,2,1.8,1.7,1.6,2.3
20150928,13,SO2,13,11,4,6,10,8,4,2,2,2,2,2,6,5,10,10,3,4,2,4,6,2,2,5,2,8,5,2,6,3,9,12,2,7,9
20150928,13,NO2,56,66,62,50,68,53,42,38,29,57,49,45,57,58,50,46,51,24,36,41,14,23,23,14,32,9,31,38,31,45,57,71,75,80,89
20150928,13,O3,33,31,35,37,43,39,37,31,60,22,29,45,34,23,42,40,27,57,39,36,60,58,67,79,53,62,44,37,40,,28,43,,13,10
20150928,13,CO,1.9,2.1,2,2.1,2.3,1.9,1.7,1.2,1.3,1.9,1.7,1.5,1.5,2.5,1.8,1.5,1.8,1.1,1.4,1.8,1.2,1.3,0.6,1,0.6,1.3,1.8,1.6,2.7,1.4,2.3,2.1,1.9,2.1,2.2
20150928,14,SO2,11,10,4,6,8,6,4,2,2,2,2,2,5,4,8,7,2,,2,3,7,2,2,5,2,9,4,2,9,3,9,10,2,8,7
20150928,14,NO2,54,63,61,52,59,57,52,33,31,66,41,43,62,62,53,50,26,,28,27,12,24,,16,37,8,28,41,39,43,65,75,81,88,85
20150928,14,O3,37,34,37,37,48,33,25,32,58,10,34,46,27,18,40,33,12,,50,28,67,65,58,77,50,71,44,36,33,,25,42,,10,12
20150928,14,CO,1.7,1.7,1.9,1.8,2,1.8,1.7,1.1,1.2,2,1.6,1.4,1.7,2.3,1.6,1.7,,,1.3,1.6,1.1,1.3,0.5,1,0.6,1.3,1.7,1.7,3.1,1.3,2,1.8,1.8,2,1.9
20150928,15,SO2,13,10,6,7,10,12,4,2,2,4,2,2,6,5,10,9,4,4,2,4,5,2,2,6,2,9,4,2,9,3,10,12,2,9,8
20150928,15,NO2,47,53,40,49,61,50,46,31,20,67,39,42,59,58,49,54,50,38,29,37,11,24,21,26,48,8,25,45,34,,56,73,84,83,64
20150928,15,O3,47,50,67,44,51,48,31,35,64,13,35,53,27,25,48,32,36,54,46,42,67,65,74,73,50,71,48,37,43,21,40,50,,17,33
20150928,15,CO,1.7,1.5,1.4,1.6,2,1.9,1.5,1.1,1,1.8,1.5,1.3,1.8,2.2,1.6,1.8,1.5,1.1,1.2,1.6,1.1,1.4,0.5,1.1,0.6,1.3,1.6,1.8,2.5,,1.8,1.6,1.6,1.7,1.7
20150928,16,SO2,11,10,5,7,9,10,3,2,2,4,2,2,7,5,12,11,4,,2,4,5,2,2,6,2,8,4,2,,3,9,11,2,10,10
20150928,16,NO2,50,46,52,42,70,54,49,32,18,63,37,43,60,49,51,60,70,34,29,49,15,28,14,21,62,8,27,47,29,,76,70,87,96,61
20150928,16,O3,43,51,49,53,46,40,25,35,60,21,38,55,28,31,48,32,19,57,46,33,64,65,76,81,12,70,46,34,39,20,23,52,,14,37
20150928,16,CO,1.6,1.4,1.5,1.4,1.9,1.9,1.5,1,1,1.7,1.3,1.2,1.7,1.9,1.7,1.8,1.6,1,1.2,1.6,1.3,1.3,0.6,1,0.9,1.4,1.5,1.8,2.1,1.4,1.7,1.5,1.6,2,1.8
20150928,17,SO2,10,10,4,6,7,7,3,2,2,2,3,2,7,4,10,11,2,,2,2,5,2,2,4,2,6,3,2,,,9,12,2,12,10
20150928,17,NO2,51,48,70,59,71,58,58,32,18,80,39,40,64,47,58,58,73,40,24,53,19,29,9,24,44,10,33,43,30,47,75,77,92,103,70
20150928,17,O3,43,54,22,31,44,43,21,36,52,2,41,57,28,39,39,32,13,51,48,25,59,59,87,64,36,65,38,32,26,22,22,47,,7,29
20150928,17,CO,1.4,1.4,1.7,1.5,1.7,1.5,1.5,1,1,1.8,1.4,1.2,1.6,1.6,1.7,1.8,1.7,1,1.1,1.6,1.4,1.3,0.5,1,0.6,1.3,1.5,1.8,2.3,,1.7,1.6,1.6,1.9,1.7
20150928,18,SO2,,9,3,5,7,7,2,2,2,2,3,2,8,2,10,12,3,,2,2,6,2,2,4,2,6,2,2,2,3,10,10,2,15,14
20150928,18,NO2,,48,79,64,72,59,57,32,11,87,37,45,69,58,50,60,90,30,32,59,27,41,20,29,33,14,27,52,33,49,84,88,97,108,101
20150928,18,O3,,41,12,23,45,43,14,33,37,2,35,46,25,22,44,32,2,37,36,10,49,45,60,59,40,57,19,19,8,15,14,37,,7,2
20150928,18,CO,,1.5,1.8,1.6,1.6,1.4,1.4,1,0.9,1.7,1.3,1.2,1.6,1.7,1.5,1.6,1.9,0.9,1.2,1.7,1.6,1.5,0.5,1,0.5,1.3,1.4,1.8,2.4,1.2,1.8,1.5,1.7,1.8,2.6
20150928,19,SO2,8,7,4,,,7,2,2,2,2,3,,7,2,8,9,2,,2,2,5,2,2,2,2,5,2,2,2,3,9,11,2,15,14
20150928,19,NO2,54,56,79,,,72,72,34,11,90,43,,64,69,72,82,92,39,44,60,37,51,40,21,19,21,28,61,34,55,91,96,105,104,97
20150928,19,O3,18,20,15,,,26,2,22,30,2,33,,25,12,18,3,2,36,13,4,37,29,23,41,31,40,15,3,3,2,4,27,,4,2
20150928,19,CO,2.3,1.5,1.6,,,1.5,1.5,1,0.8,1.7,1.4,,1.5,1.7,1.6,1.8,1.9,1,1.1,1.7,1.8,1.6,0.5,1,0.5,1.5,1.4,1.9,2.3,1.3,2,1.7,1.6,1.8,2.5
20150928,20,SO2,5,5,6,,,6,2,2,2,2,3,,8,4,8,7,2,2,2,2,3,2,2,2,2,4,2,2,2,3,10,10,2,10,13
20150928,20,NO2,57,54,68,,,84,75,36,12,90,44,,73,64,83,94,82,41,37,54,38,62,34,19,49,22,26,59,33,51,91,99,97,94,97
20150928,20,O3,6,11,21,,,10,2,5,25,2,29,,13,18,7,2,2,33,11,2,23,14,27,31,3,27,12,2,2,2,2,2,,4,2
20150928,20,CO,2.4,1.5,1.5,,,1.7,1.5,1,0.8,1.7,1.3,,1.6,1.8,1.8,1.9,1.9,1.1,1,1.7,1.7,1.7,0.5,1,0.6,1.5,1.4,1.9,2.4,1.2,1.9,1.7,1.4,1.7,2.5
20150928,21,SO2,8,5,5,4,8,5,2,2,2,2,3,2,7,3,8,7,2,2,2,2,2,2,2,2,2,3,2,2,2,3,10,7,2,10,13
20150928,21,NO2,77,51,69,62,105,88,70,41,15,88,37,68,77,80,83,93,77,33,37,50,34,66,38,18,72,24,24,57,36,42,86,95,98,97,97
20150928,21,O3,4,3,13,10,2,3,2,2,23,2,36,7,3,4,3,2,2,27,8,3,13,2,14,26,2,18,15,2,2,4,2,2,,2,2
20150928,21,CO,2.2,1.5,1.6,1.7,2.7,1.9,1.5,1.1,0.8,1.7,1.2,1.4,1.6,2,1.9,2,1.9,1.2,1,1.6,1.8,1.8,0.6,1,0.9,1.5,1.4,1.9,2.3,1.1,1.8,2,1.6,2,2.8
20150928,22,SO2,10,5,3,3,9,4,2,3,2,2,3,2,7,3,8,6,2,2,2,2,2,2,2,2,2,3,2,2,2,2,9,8,2,8,13
20150928,22,NO2,82,55,79,65,103,86,56,38,15,83,65,66,71,80,87,89,66,26,36,45,64,61,45,15,66,22,23,58,28,36,85,97,99,95,91
20150928,22,O3,2,2,2,4,2,2,2,2,30,2,3,2,2,3,2,2,2,31,4,6,2,2,2,25,15,17,21,2,2,2,2,2,,2,2
20150928,22,CO,2.2,1.5,1.8,1.7,2.7,2.3,1.2,1.1,0.9,1.7,1.2,1.5,1.7,2.2,2,1.9,1.7,1.2,1.1,1.5,1.9,1.9,0.7,0.9,1,1.6,1.4,1.9,2.2,1,1.9,2.1,1.5,1.7,2.7
20150928,23,SO2,9,4,2,4,9,5,2,3,2,2,2,2,6,4,8,5,2,2,2,2,2,2,2,2,2,3,2,2,2,3,7,6,2,7,10
20150928,23,NO2,80,51,81,73,96,84,59,32,20,84,50,62,60,85,89,85,63,22,32,42,54,51,42,10,53,16,21,55,39,39,87,91,98,97,80
20150928,23,O3,2,2,2,2,2,2,2,2,38,2,2,2,2,3,2,2,2,30,6,6,2,2,2,28,20,12,21,2,2,2,2,3,,2,2
20150928,23,CO,2.6,1.5,1.8,2,2.3,2.2,1.4,1,1,1.7,1.2,1.4,1.5,2.3,2.1,1.8,1.5,1.1,1,1.4,1.9,1.7,0.7,0.9,0.9,1.5,1.4,1.8,2.3,1,2.5,2.3,1.9,1.8,2.5
20150928,0,PM2.5,40,31,35,21,33,36,24,23,18,26,28,27,24,30,42,68,42,30,24,40,27,21,,19,,17,38,114,32,31,23,29,31,33,36
20150928,0,PM10,68,,69,,51,60,38,39,25,67,52,57,34,51,108,72,69,81,42,62,30,42,52,44,,26,56,,,54,65,32,69,52,62
20150928,0,AQI,77,68,75,69,79,71,65,66,53,79,69,78,75,73,77,93,63,57,63,120,55,55,58,49,,41,58,100,64,84,83,80,74,84,79
20150928,1,PM2.5,24,26,21,25,26,29,20,25,9,21,29,29,27,27,29,39,,36,28,42,20,17,,23,,15,42,71,20,35,19,20,20,26,31
20150928,1,PM10,34,37,42,45,35,35,22,28,10,45,37,39,,38,49,72,,70,32,68,72,38,52,34,,21,68,,23,,85,50,34,47,39
20150928,1,AQI,75,67,72,68,76,69,63,65,51,75,67,75,72,72,76,92,,57,62,59,55,53,57,48,,40,58,100,63,81,82,78,71,82,76
20150928,2,PM2.5,23,16,21,18,28,19,22,26,10,17,23,27,23,21,29,30,30,31,24,34,24,25,,23,,17,38,70,28,30,21,16,27,15,21
20150928,2,PM10,,,21,,37,,,,10,,25,,30,,,62,,,27,,44,39,32,,,23,42,,66,38,,,,17,23
20150928,2,AQI,72,66,69,67,72,67,62,64,48,75,64,73,69,71,77,91,61,57,60,120,54,52,56,47,,38,58,100,62,77,82,77,70,80,74
20150928,3,PM2.5,26,19,26,25,33,22,29,28,9,19,20,25,15,13,33,26,26,30,22,33,26,26,,19,,22,39,69,34,24,25,26,24,22,26
20150928,3,PM10,39,52,53,70,38,41,,,13,103,25,62,,25,42,50,,,24,,33,31,29,20,,26,,,57,,113,57,30,60,47
20150928,3,AQI,70,65,67,66,70,65,61,63,46,73,62,72,65,70,76,89,59,57,59,120,54,51,55,45,,37,138,100,61,74,79,75,68,78,71
20150928,4,PM2.5,33,20,30,28,31,27,24,26,8,22,21,24,21,26,39,32,28,26,26,35,23,31,,22,,21,42,51,24,21,52,28,27,27,33
20150928,4,PM10,40,41,32,45,,34,26,26,20,49,26,25,,40,47,37,30,,31,35,33,32,28,,,35,,61,40,38,73,48,28,42,34
20150928,4,AQI,68,63,65,64,69,62,59,62,43,72,61,70,63,68,74,86,57,57,58,120,53,50,54,44,,36,57,98,61,72,78,73,66,76,69
20150928,5,PM2.5,29,42,28,25,30,28,24,29,8,22,24,23,19,24,58,28,31,23,23,46,25,23,,23,,17,60,74,43,23,31,39,30,35,30
20150928,5,PM10,,,33,30,36,,24,,17,,31,35,29,36,,35,,,38,50,,35,34,24,,31,72,75,,33,,,,37,35
20150928,5,AQI,65,62,63,62,67,61,58,62,40,71,59,68,61,66,73,83,57,57,58,120,53,49,54,42,,35,58,98,61,70,77,72,65,74,67
20150928,6,PM2.5,39,34,33,34,28,33,22,26,10,25,26,29,28,40,84,41,32,23,23,49,23,22,,16,,16,66,70,47,25,37,32,26,33,36
20150928,6,PM10,,,,,,,23,,19,29,28,57,,,89,54,33,40,34,,39,40,39,30,,29,,,,27,,,34,35,37
20150928,6,AQI,64,62,61,61,66,59,56,61,38,69,57,66,61,64,70,80,55,56,57,120,52,48,53,41,,35,59,97,61,67,76,71,63,72,65
20150928,7,PM2.5,42,36,43,39,36,41,34,27,13,34,29,43,37,51,107,57,38,24,22,54,36,36,,17,,25,70,77,49,27,44,41,35,50,42
20150928,7,PM10,,38,,58,41,,,,27,57,30,,,52,,82,42,,29,,44,50,34,23,,32,,,52,34,,48,36,83,67
20150928,7,AQI,62,60,60,60,64,58,56,60,35,67,56,66,59,62,68,77,55,56,56,120,51,48,53,39,,34,60,96,60,65,77,69,61,70,63
20150928,8,PM2.5,54,52,45,53,48,53,31,28,18,41,30,38,34,50,112,78,48,28,22,53,46,44,,21,,22,59,94,47,30,59,66,44,64,62
20150928,8,PM10,64,,,,,,32,31,31,49,42,59,,61,,80,,49,45,,61,69,39,45,,34,,,62,47,81,,47,111,103
20150928,8,AQI,61,59,59,59,64,57,53,57,33,65,55,64,59,60,66,75,54,53,55,120,51,47,52,39,,33,60,95,59,62,75,67,59,68,63
20150928,9,PM2.5,79,71,66,73,75,85,38,31,20,61,39,44,51,69,126,77,69,35,28,54,60,56,,25,,20,38,86,51,38,77,78,63,79,87
20150928,9,PM10,83,77,77,79,80,,40,,34,86,44,,,,,79,,,52,,72,77,60,36,,32,,,,39,104,84,81,105,96
20150928,9,AQI,60,58,58,58,62,56,52,56,32,65,53,63,57,58,67,74,54,53,54,120,51,47,51,39,,32,59,94,58,61,74,65,58,67,63
20150928,10,PM2.5,94,87,89,94,91,87,79,32,29,82,47,50,58,91,125,56,57,35,33,49,74,73,,30,,52,42,70,77,44,93,90,85,94,88
20150928,10,PM10,,,,,,,,,,90,,,,,,,,42,41,,,76,35,,,63,43,,,,,,88,,
20150928,10,AQI,61,57,57,57,61,56,51,55,30,66,52,62,56,56,70,73,54,53,53,120,48,47,49,39,,32,58,92,57,59,73,64,58,66,62
20150928,11,PM2.5,74,59,94,78,78,65,74,39,19,85,49,48,64,81,106,49,56,50,31,51,58,74,,29,,73,46,65,87,57,81,72,92,81,65
20150928,11,PM10,,,,,,,,,,89,,48,,,,,,,36,,,,30,,,,57,,,,,,,,
20150928,11,AQI,61,57,57,57,60,55,51,54,30,66,51,62,56,55,72,73,54,52,52,120,48,47,46,40,,31,57,90,57,59,73,64,57,66,62
20150928,12,PM2.5,49,55,63,58,53,53,86,63,52,69,57,64,70,55,,41,,56,27,24,41,56,,42,,53,48,49,65,72,,48,61,50,53
20150928,12,PM10,,,,,,,,,,,,,,,5,,37,,,35,,,35,,28,,,,,,,,,,
20150928,12,AQI,60,56,58,57,60,55,50,54,31,66,51,62,56,55,72,73,53,52,51,53,48,47,45,40,21,31,57,88,58,58,73,64,56,67,62
20150928,13,PM2.5,50,54,57,48,54,52,53,53,48,49,68,67,63,56,25,36,32,45,62,38,46,48,,44,,45,44,36,51,84,,51,57,56,57
20150928,13,PM10,,,,,,,,,,,,,,,,69,60,,,51,,,32,,21,,,40,,,49,,,,65
20150928,13,AQI,61,56,58,57,60,56,52,54,31,66,51,62,56,55,71,73,54,51,51,53,49,47,45,38,17,33,57,86,57,58,71,64,57,67,63
20150928,14,PM2.5,49,46,61,49,50,51,59,40,42,52,49,59,63,47,57,43,56,,53,53,40,46,,41,3,46,50,44,52,57,49,48,54,54,55
20150928,14,PM10,,,,,,,,,,,,,,,,60,,,,,,,32,,18,,,45,,,49,,,,
20150928,14,AQI,62,56,60,58,60,57,53,54,31,67,52,62,56,56,73,72,55,,51,54,51,47,46,37,19,35,58,87,59,58,72,64,59,68,64
20150928,15,PM2.5,48,46,46,50,52,54,57,40,40,48,52,63,51,55,72,57,54,44,50,53,41,59,,53,,47,52,58,42,,49,48,50,46,52
20150928,15,PM10,,,,,,,,,,,,,,,,,,,,,,,27,,26,,,,,,,,,,
20150928,15,AQI,64,56,60,59,60,59,55,55,30,69,52,63,57,58,76,73,55,51,52,56,51,49,46,37,24,37,59,89,60,59,72,66,60,69,66
20150928,16,PM2.5,51,37,46,38,52,54,54,43,37,48,55,59,55,51,80,52,57,49,52,54,44,62,,47,,51,51,65,41,,41,45,54,49,50
20150928,16,PM10,,,,,,,,,,,,,,,,,,,,,,,34,,35,,,70,,5,43,,69,59,
20150928,16,AQI,65,57,62,61,61,61,57,55,30,70,52,64,58,60,79,75,57,51,52,58,51,51,45,38,32,39,61,91,61,58,72,68,62,69,67
20150928,17,PM2.5,48,42,59,45,51,45,59,43,35,59,52,62,60,34,82,51,60,47,47,57,42,44,,,3,54,54,61,39,43,39,44,58,53,55
20150928,17,PM10,,,66,55,,,,,,88,,,,36,,,,,,,,,23,,27,,,61,50,44,,,78,86,
20150928,17,AQI,67,59,64,61,63,63,59,56,31,71,53,64,60,60,83,76,60,52,51,60,51,53,44,38,26,42,62,94,62,59,72,70,64,70,68
20150928,18,PM2.5,,32,58,51,47,42,59,43,32,60,47,58,63,44,35,44,60,37,52,56,47,54,,12,,45,53,59,41,55,48,43,69,46,63
20150928,18,PM10,,41,,,,,,,,67,,,,49,,46,,,,,,,21,111,22,,,,,,55,,74,72,103
20150928,18,AQI,,59,66,62,65,64,61,55,32,70,54,64,62,61,83,75,62,52,50,62,52,55,43,40,26,44,63,95,62,60,70,70,67,70,69
20150928,19,PM2.5,,34,52,,,45,58,45,28,58,48,,57,44,33,54,61,43,48,57,56,54,,45,,51,53,69,48,58,51,49,57,53,58
20150928,19,PM10,60,44,,,,,,,,,,,,45,62,109,68,,63,,,,25,84,19,,,,,67,61,61,65,107,124
20150928,19,AQI,66,60,67,,,65,62,53,33,70,55,,63,62,84,74,64,51,48,63,54,57,41,44,25,46,64,96,64,62,68,67,68,70,71
20150928,20,PM2.5,54,39,47,50,62,44,54,43,25,58,58,65,65,44,66,64,62,45,36,60,60,62,,62,3,61,57,72,50,58,48,51,50,52,62
20150928,20,PM10,86,48,,,,61,59,,,87,,,,,,96,77,,38,,63,,26,69,32,,,76,,,65,80,59,91,135
20150928,20,AQI,70,60,67,64,67,65,63,51,34,68,56,63,64,62,86,72,66,52,49,64,56,59,39,47,26,49,66,98,65,61,67,66,68,69,71
20150928,21,PM2.5,69,40,51,55,67,52,57,47,24,63,42,66,57,53,85,61,73,53,39,64,58,63,,89,,58,54,70,51,48,53,58,52,54,75
20150928,21,PM10,87,48,,59,96,71,61,48,,76,,79,,72,,104,78,,,,66,71,31,,36,,,74,,49,,78,76,97,166
20150928,21,AQI,71,60,67,65,67,65,64,51,34,64,56,64,63,64,89,72,67,53,49,66,58,61,38,48,36,52,67,98,65,60,66,66,67,69,72
20150928,22,PM2.5,60,51,62,59,77,72,48,47,24,58,51,61,65,57,69,74,69,48,47,60,70,69,,34,,62,51,77,47,41,58,60,62,49,82
20150928,22,PM10,80,,95,,90,112,,52,,65,62,98,,75,92,115,,,48,,,76,42,54,31,,,,,47,80,83,96,83,183
20150928,22,AQI,69,60,68,64,69,66,64,52,35,65,57,64,64,64,91,72,68,55,51,67,60,63,36,48,34,54,68,95,65,60,66,66,67,68,73
20150928,23,PM2.5,65,45,64,56,77,78,57,45,41,58,49,67,57,62,64,77,70,43,46,62,73,68,,41,,59,54,74,51,45,65,62,70,56,90
20150928,23,PM10,105,,67,79,83,89,61,50,42,68,60,68,,92,125,117,,,,,88,,39,45,26,,,,,62,138,96,87,99,140
20150928,23,AQI,69,60,69,65,71,68,65,53,36,66,59,66,65,65,91,71,70,55,52,68,62,66,35,49,27,56,69,92,65,60,67,66,69,68,75
