date,hour,type,dongsi,tiantan,guanyuan,wanshouxigong,aotizhongxing,nongzhanguan,wanliu,beibuxingqu,zhiwuyuan,fentaihuayuan,yungang,gucheng,fangshan,daxing,yizhuang,tongzhou,shunyi,changping,mengtougou,pinggu,huairou,miyun,yanqing,dingling,badaling,miyunshuiku,donggaocun,yongledian,yufa,liulihe,qianmeng,yongdingmengxi,xizhimengbei,nansanhuan,dongsihuan
20150730,0,PM2.5,42,33,44,25,63,25,49,58,45,22,14,41,140,10,7,19,51,70,38,30,59,49,32,61,86,68,31,12,,6,38,27,54,,23
20150730,0,PM10,,,,,,,,82,52,,,,,,87,81,,79,39,,,,63,70,,,,13,,,,,,,32
20150730,0,AQI,142,134,126,123,132,129,98,55,75,108,93,99,126,121,131,127,136,56,64,123,82,113,54,50,62,75,138,157,,112,132,124,112,,126
20150730,1,PM2.5,25,17,21,15,22,3,12,20,6,15,8,24,38,5,3,16,18,40,13,30,35,27,49,73,95,22,31,12,21,15,19,21,18,,5
20150730,1,PM10,,,,,,5,,,,,,,,5,5,,,,,,72,55,72,,,,,,,,,,,,
20150730,1,AQI,138,130,123,119,128,124,95,53,72,105,90,97,124,116,125,124,134,55,62,124,83,112,56,51,64,75,137,152,92,109,127,120,109,,121
20150730,2,PM2.5,23,16,18,46,19,13,14,19,19,15,13,15,27,11,10,20,22,22,11,29,21,28,54,20,93,26,20,27,,12,22,20,10,,19
20150730,2,PM10,,,,,,,,33,,,,16,,,,,,,12,,,,80,,,31,,,,,,,,,
20150730,2,AQI,133,126,119,118,124,120,92,52,70,102,88,94,121,111,120,120,132,55,59,124,82,113,57,50,69,75,136,148,,106,123,116,106,,117
20150730,3,PM2.5,24,22,26,,20,13,14,29,31,17,15,18,26,17,13,20,25,25,11,21,29,29,73,18,93,24,21,22,9,10,19,23,26,,19
20150730,3,PM10,,,,26,,,,47,34,37,,33,,,22,25,28,31,24,23,,,92,22,,,,23,,19,,,,,25
20150730,3,AQI,129,121,115,75,120,115,89,51,69,99,87,92,119,107,115,116,129,55,59,123,81,112,58,49,72,75,146,144,87,103,118,112,103,,112
20150730,4,PM2.5,23,24,24,,22,17,23,30,34,23,16,25,35,25,24,31,29,37,22,26,28,32,78,34,77,28,24,31,,19,26,25,25,,25
20150730,4,PM10,,,,,28,40,,51,,39,,,,62,52,45,,47,23,,,,83,51,,,,,,,,,,,69
20150730,4,AQI,126,118,112,75,116,111,90,51,71,98,86,92,117,103,109,112,127,56,59,123,80,111,58,50,74,75,132,140,,100,116,110,100,,108
20150730,5,PM2.5,39,37,34,30,34,28,26,25,38,32,25,31,30,34,31,32,32,33,33,24,29,35,70,42,83,28,29,30,7,15,35,38,45,,35
20150730,5,PM10,45,,42,47,62,38,51,52,45,42,45,134,,,,,,44,61,,,,76,48,,,,,11,40,,38,89,,37
20150730,5,AQI,125,117,112,109,114,109,90,52,72,97,85,92,114,99,103,107,124,56,60,122,78,111,58,51,75,75,130,135,79,98,115,109,100,,106
20150730,6,PM2.5,43,38,47,69,44,36,40,,34,38,34,46,30,33,29,29,32,33,42,29,34,29,67,38,65,17,28,27,5,24,39,38,52,,35
20150730,6,PM10,,,,,,,,49,,47,,48,39,,,,,36,51,,,36,75,45,,19,,,13,43,,,52,,43
20150730,6,AQI,123,117,112,112,112,106,90,53,72,97,85,93,112,97,99,104,122,57,62,122,77,110,60,53,75,74,128,129,76,96,115,109,101,,103
20150730,7,PM2.5,43,42,46,70,45,26,40,37,34,47,37,49,46,36,30,32,38,42,44,26,33,30,54,36,46,22,24,35,,22,39,37,55,,33
20150730,7,PM10,,44,,,,,,49,,67,43,,,51,42,56,40,,52,33,,45,65,42,,26,,41,,68,,,57,,59
20150730,7,AQI,120,117,111,114,110,103,91,53,73,97,85,95,112,94,97,101,121,58,63,121,76,109,61,54,75,74,125,125,,95,114,109,101,,100
20150730,8,PM2.5,37,37,41,20,50,33,43,29,33,33,37,42,46,40,33,37,46,33,37,26,38,31,21,40,37,22,34,46,,33,39,41,54,,36
20150730,8,PM10,,,,45,,39,,40,,34,38,53,,,48,56,,,56,,49,,38,44,,26,,48,,55,,,,,66
20150730,8,AQI,117,113,111,110,109,100,91,53,73,97,86,95,112,92,93,98,120,59,64,120,74,107,60,55,76,73,122,123,,94,110,107,105,,97
20150730,9,PM2.5,47,58,44,56,46,49,21,38,46,34,36,45,46,43,42,52,46,29,37,27,39,25,10,36,34,22,34,72,,39,56,45,,,47
20150730,9,PM10,59,,51,,,58,50,,48,44,38,,,77,47,73,,,44,32,41,32,25,,,,,,,40,68,51,,,80
20150730,9,AQI,114,111,109,108,106,98,90,54,74,95,86,95,112,91,90,95,119,59,65,116,73,105,59,56,76,72,119,121,,94,108,104,,,95
20150730,10,PM2.5,73.7,66.5,62.8,55,75.7,60.2,55.5,44,54,50.8,38,45.7,45.9,44.1,79,33.4,48.6,39.7,41.3,17.4,32.9,28.8,8.8,32.4,33.8,21.7,25.9,55.5,41.8,43.2,65.4,68.2,,67.5,69.2
20150730,10,PM10,,77.4,68.4,72.9,,64.4,,,,61.6,46.9,59.2,49.3,66.7,92.9,,,44.5,,27.2,33.1,,24.2,30.4,,25.1,,,,,78.4,75,,115.7,
20150730,10,AQI,113,108,106,105,105,96,88,54,74,93,85,95,111,89,90,91,117,60,65,113,71,103,58,57,77,70,115,117,71,93,106,102,,108,93
20150730,11,PM2.5,83.3,,88.9,88,67.4,56.7,67.8,50.3,55.6,65.2,51.3,60.6,57.6,63.8,77.5,48.1,39.4,46.3,56.4,28.4,31.4,28.7,7.1,32.5,30.5,21.5,33.9,44.8,39.9,43.4,95.7,86,,89.7,46.5
20150730,11,PM10,,73,,98.4,,61.3,77.1,52.7,,73,,79.2,,89.5,,87.2,,,65,55,,49.3,18.4,39.2,,32.3,,45.1,61.6,,96.5,99.6,,149.7,93.9
20150730,11,AQI,112,108,105,105,103,94,86,54,73,93,85,93,109,88,88,88,113,62,66,109,68,101,57,58,77,68,112,111,67,92,106,102,,107,91
20150730,12,PM2.5,92.5,3,104.3,96.5,73.4,64.1,90,45.4,65.1,80.3,143.7,69.8,62.1,93,70.7,57.5,37.8,44,52.3,29,23.8,29.4,9.5,40.8,37.7,22.3,32.9,52.6,47.9,40.6,97.3,87.6,,100.3,66.5
20150730,12,PM10,,104.3,,108.2,118.5,91.5,101.9,46.4,,100.2,,76.1,91.6,237.9,110.1,91.7,,46.4,72.2,38.4,30,40.4,27.7,43.6,41.2,23.4,,,89.5,,106.2,105.7,,164.7,119.7
20150730,12,AQI,111,102,106,105,102,93,87,53,73,94,89,93,107,88,86,86,110,63,67,107,66,99,57,59,77,67,109,106,90,90,107,101,97,108,89
20150730,13,PM2.5,99.1,3,94.1,107.9,78.8,75.3,86.3,38.5,82.2,87.4,54.6,75,77.3,84.9,69.4,62.9,38.1,44.5,45.8,34.8,50.2,35.2,22.9,44.6,53.7,21.6,30.9,44,48.5,44.6,97.9,88.9,,97.9,79.8
20150730,13,PM10,,52.7,,,79.2,,,46.3,,87.5,68.1,77.2,,,73.6,110.6,38.2,55.2,50.7,,,43.2,40.6,42.4,56.2,37.6,,,77.1,,,,,101.1,
20150730,13,AQI,110,95,106,105,101,91,87,54,74,95,88,93,106,87,84,83,106,63,67,104,65,97,56,60,78,67,103,100,58,87,106,101,95,106,88
20150730,14,PM2.5,105,3,108,103,99,78,77,78,99,85,70,93,86,85,78,55,66,59,64,33,51,39,31,47,62,35,39,47,37,55,96,87,,98,71
20150730,14,PM10,,80,,,,81,121,,,88,84,99,,100,,90,,,,,,41,53,45.5,,,,,46,83,,,,138,85
20150730,14,AQI,109,68,106,108,101,92,87,57,76,94,87,94,104,86,83,80,104,63,67,101,65,96,56,60,80,67,98,94,54,87,105,99,,136,86
20150730,15,PM2.5,101,,101,84,88,80,94,56,81,87,66,90,92,83,70,54,62,47,59,39,38,28,40,46,63,33,43,47,33,73,101,96,,,76
20150730,15,PM10,,82,,99,,,,,,91,116,,,,110,,,,,39,47,,57,56,,39,,,56,86,,99,,,
20150730,15,AQI,108,68,104,107,99,91,87,58,77,93,86,92,103,85,81,77,100,63,67,95,63,94,55,60,82,66,90,89,48,84,104,99,,,84
20150730,16,PM2.5,96,,95,118,86,72,68,65,73,88,70,79,96,84,80,68,72,57,69,45,43,35,23,48,55,21,,44,75,81,95,97,,,72
20150730,16,PM10,,90,,,,,,,,,,,,92,,79,,,69,71,93,61,24,83,,,30,,75,135,,,,119,103
20150730,16,AQI,106,68,103,107,97,88,85,59,77,92,85,91,102,85,79,75,97,64,66,87,62,90,55,61,83,64,83,84,51,82,102,98,,102,82
20150730,17,PM2.5,88,,97,82,90,74,105,67,65,81,67,74,91,99,72,53,52,50,72,35,25,25,,45,35,5,,45,65,97,98,93,,98,80
20150730,17,PM10,,60,,,95,,,,,81,88,,,,,,,,72,,,,5,,,,27,,,,,,,99,
20150730,17,AQI,104,65,101,105,94,86,84,61,76,90,84,89,101,85,78,72,93,64,66,78,60,84,53,61,82,60,76,79,53,82,101,97,,121,80
20150730,18,PM2.5,55,,80,71,55,34,98,63,95,73,56,67,86,85,43,21,14,36,63,18,24,16,,16,27,3,14,4,93,95,69,67,,85,32
20150730,18,PM10,,5,,,,,,,,,,99,,,,,,,64,,29,,9,,,9,,5,,,,,,,
20150730,18,AQI,100,62,98,102,90,81,81,62,76,89,81,85,100,83,74,68,86,63,65,70,58,77,54,59,81,56,68,71,57,79,98,94,,116,76
20150730,19,PM2.5,22,3,29,36,20,3,23,28,29,26,55,44,73,22,7,9,12,21,46,10,5,6,,19,40,6,13,12,30,88,20,14,,28,10
20150730,19,PM10,,5,,,,5,,,,,,,,,,,,,,,11,,15,,,,,,,,,,,,
20150730,19,AQI,94,65,92,98,84,75,75,62,74,84,78,81,98,79,68,66,80,61,65,62,55,71,55,58,81,52,58,62,53,71,92,89,,103,71
20150730,20,PM2.5,20,3,22,51,16,4,16,17,13,15,38,17,27,15,6,15,17,25,17,12,17,6,,14,31,8,13,16,,50,19,16,,23,18
20150730,20,PM10,,8,,,,13,,,,,,,,,,,,25,,,,,20,,,9,,19,5,,,,,,44
20150730,20,AQI,88,58,86,94,81,70,73,60,71,79,74,76,93,74,63,63,73,60,62,54,53,64,55,56,79,48,51,54,49,71,86,84,,97,67
20150730,21,PM2.5,21,3,19,15,23,17,20,21,12,20,13,18,21,18,9,15,13,31,17,13,16,5,,24,23,8,11,21,11,25,22,21,,21,22
20150730,21,PM10,,9,,,,,,,,,,,,,12,22,17,,,25,22,13,19,33,,19,,,,,,,,31,52
20150730,21,AQI,83,52,81,88,77,65,70,58,69,74,68,72,88,73,57,59,66,58,59,43,49,55,55,55,77,41,41,49,47,60,80,78,,91,64
20150730,22,PM2.5,23,3,23,,24,9,24,22,13,14,13,16,22,19,18,18,13,32,15,15,14,11,,21,24,3,17,25,17,23,32,26,,24,18
20150730,22,PM10,,5,,5,32,,,,,15,,,,28,23,,,,15,,,,8,31,,10,,,,,,28,,34,29
20150730,22,AQI,77,50,77,84,72,59,68,58,65,68,63,68,82,66,55,59,58,57,57,39,47,47,55,53,75,35,38,49,47,59,77,73,,86,60
20150730,23,PM2.5,23,3,25,21,32,15,28,26,19,15,13,18,17,21,18,13,9,37,14,14,12,7,,14,27,12,14,29,,17,22,16,,21,15
20150730,23,PM10,,30,,26,,15,,,,23,20,,,,,18,10,,17,,,13,6,,,,,33,,,,,,32,24
20150730,23,AQI,72,49,74,79,69,55,66,56,63,62,58,64,75,66,55,58,50,55,55,39,44,40,55,51,72,30,37,48,,57,72,68,,82,56
20150730,0,SO2,2,2,2,2,2,2,2,2,2,4,2,2,2,2,2,3,2,2,2,2,2,2,2,2,2,2,2,2,,4,2,2,3,,2
20150730,0,NO2,13,14,15,16,31,24,18,43,13,13,17,19,9,7,10,17,16,42,12,6,13,12,16,13,37,6,6,11,,4,23,21,26,,36
20150730,0,O3,91,125,125,136,124,121,130,21,123,132,132,133,138,147,133,123,103,67,120,148,62,147,101,95,141,104,114,89,,82,116,76,58,,104
20150730,0,CO,0.8,0.6,0.8,0.7,0.6,0.8,0.7,0.8,0.6,0.7,0.6,0.7,0.4,0.6,0.6,0.5,0.7,0.6,0.7,0.5,0.7,0.7,0.7,0.7,0.9,1,0.3,0.5,,0.4,0.6,0.7,0.6,,0.5
20150730,1,SO2,2,2,2,2,2,2,2,2,2,4,2,2,2,2,2,2,2,2,2,2,2,2,2,2,2,2,2,2,2,4,2,2,4,,2
20150730,1,NO2,11,16,5,14,17,15,6,25,4,31,22,17,13,12,32,7,10,17,13,11,12,10,16,20,92,6,6,9,2,10,21,28,13,,48
20150730,1,O3,98,120,132,131,145,135,148,55,128,108,112,135,109,129,114,139,80,95,107,131,65,127,111,81,57,120,131,97,149,54,111,106,133,,87
20150730,1,CO,0.6,0.6,0.6,0.6,0.4,0.7,0.5,0.5,0.5,0.7,0.5,0.6,0.4,0.5,0.6,0.4,0.7,0.4,0.5,0.5,0.7,0.6,0.7,0.7,0.9,0.9,0.4,0.5,0.7,0.3,0.5,0.6,0.4,,0.4
20150730,2,SO2,26,2,2,2,2,2,2,2,18,4,2,2,19,2,2,2,43,23,2,2,2,2,2,2,2,7,2,2,,4,2,2,5,,3
20150730,2,NO2,12,18,15,17,25,18,11,24,5,42,27,21,43,12,18,17,21,3,18,9,9,11,15,7,102,6,6,14,,17,50,38,21,,79
20150730,2,O3,70,77,104,86,127,121,122,41,108,71,78,120,67,110,108,110,44,103,81,133,57,89,109,95,2,110,125,82,,44,58,76,2,,50
20150730,2,CO,0.6,0.6,0.7,0.6,0.4,0.6,0.6,0.5,0.4,0.7,0.5,0.7,0.4,0.5,0.6,0.4,0.5,0.2,0.6,0.6,0.7,0.7,0.8,0.5,0.9,0.6,0.4,0.4,,0.3,0.6,0.7,0.4,,0.4
20150730,3,SO2,6,2,2,2,2,2,2,2,2,4,2,2,5,2,2,2,11,2,2,2,2,2,2,2,2,3,2,2,2,4,2,2,9,,2
20150730,3,NO2,28,30,21,22,40,38,14,22,6,68,24,22,56,19,27,26,13,7,12,7,9,13,20,6,70,4,3,18,6,12,31,52,28,,80
20150730,3,O3,39,44,87,77,104,88,107,31,117,38,76,100,59,81,76,91,54,95,65,112,46,98,91,94,13,108,291,71,70,50,69,62,2,,33
20150730,3,CO,0.5,0.6,0.7,0.7,0.4,0.7,0.5,0.4,0.5,0.8,0.4,0.8,0.5,0.6,0.6,0.5,,0.3,0.6,0.6,0.7,0.7,0.8,0.5,0.9,0.7,0.4,0.4,0.6,0.3,0.6,0.7,0.6,,0.4
20150730,4,SO2,4,2,2,2,2,2,2,2,2,5,2,2,4,2,2,2,3,2,2,2,2,2,2,2,2,2,2,2,,4,2,2,20,,2
20150730,4,NO2,22,34,15,24,33,32,12,25,5,36,17,16,42,34,51,28,11,12,9,10,11,17,21,10,47,4,3,15,,20,54,42,86,,100
20150730,4,O3,80,61,97,94,102,90,105,,133,66,74,104,60,58,59,76,57,73,88,88,40,89,74,62,15,96,99,68,,,45,74,73,,27
20150730,4,CO,0.4,0.7,0.7,0.7,0.4,0.6,0.6,0.4,0.5,0.8,0.4,0.6,0.4,0.7,0.6,0.5,0.4,0.4,0.6,0.6,0.7,0.7,0.8,0.6,0.8,0.6,0.3,0.4,,0.2,0.6,0.8,1.4,,0.4
20150730,5,SO2,2,2,2,2,2,2,2,2,2,4,2,2,3,2,2,2,2,2,2,2,2,2,2,2,2,2,2,2,2,4,2,2,25,,2
20150730,5,NO2,20,24,18,26,33,25,17,25,24,38,36,38,27,22,18,20,,18,26,12,12,17,19,18,54,,10,7,5,22,58,35,48,,60
20150730,5,O3,70,69,83,84,91,87,97,11,67,60,61,73,59,75,90,86,61,81,55,78,37,81,70,57,2,97,100,70,96,44,39,76,72,,44
20150730,5,CO,0.6,0.7,0.7,0.7,0.5,0.7,0.7,0.5,0.6,0.8,0.5,0.7,0.4,0.7,0.6,0.5,0.4,0.3,0.7,0.6,0.6,0.6,0.8,0.6,0.8,0.7,0.4,0.4,0.6,0.2,0.7,0.8,3,,0.4
20150730,6,SO2,2,2,2,2,2,2,2,2,2,4,2,2,3,2,2,2,2,2,2,2,2,2,2,2,2,2,2,2,2,4,2,2,32,,2
20150730,6,NO2,19,34,16,20,31,22,15,25,19,49,21,38,19,20,30,18,19,7,29,15,12,15,28,15,48,4,11,10,3,26,59,50,108,,58
20150730,6,O3,67,29,79,72,85,83,80,11,55,33,62,66,69,65,63,87,74,86,49,72,36,79,47,65,2,87,103,58,82,38,36,51,54,,38
20150730,6,CO,0.6,0.8,0.8,0.7,0.5,0.7,0.7,0.6,0.6,0.9,0.5,0.8,0.5,0.7,0.6,0.5,0.7,0.4,0.7,0.6,0.7,0.7,0.8,0.6,0.8,0.7,0.4,0.4,0.7,0.2,0.8,0.9,5,,0.4
20150730,7,SO2,2,2,2,2,2,2,2,2,2,5,2,2,2,2,2,3,2,2,2,2,2,2,2,2,2,5,2,2,,5,2,3,37,,2
20150730,7,NO2,28,49,24,31,49,24,18,25,13,78,23,44,33,31,36,30,30,9,25,12,13,24,25,14,44,5,11,16,,21,46,73,183,,96
20150730,7,O3,55,30,72,71,69,87,80,12,80,8,68,55,53,56,64,71,56,84,52,71,31,71,58,57,34,74,98,47,,35,53,41,50,,14
20150730,7,CO,0.7,0.9,0.8,0.9,0.7,0.7,0.7,0.5,0.6,1,0.5,0.8,0.6,0.8,0.6,0.7,0.7,0.4,0.7,0.6,0.7,0.8,0.7,0.6,0.7,0.8,0.6,0.5,,0.2,0.8,0.9,5.1,,0.7
20150730,8,SO2,2,2,2,2,2,2,2,2,2,5,2,2,2,2,2,3,2,2,2,2,3,2,2,2,2,6,4,2,,3,2,3,34,,2
20150730,8,NO2,24,37,23,28,56,24,25,22,18,43,22,37,36,40,40,32,27,11,25,16,15,21,14,17,41,6,26,19,,19,56,61,248,,81
20150730,8,O3,76,77,85,95,70,93,85,19,87,65,57,78,53,67,72,67,65,87,45,90,30,75,104,50,47,65,78,60,,35,50,68,,,37
20150730,8,CO,0.7,0.8,0.9,0.9,1,0.7,0.8,0.5,0.6,1,0.5,0.8,0.6,0.8,0.7,0.7,0.8,0.4,0.8,0.7,0.7,0.8,0.6,0.6,0.7,0.8,0.9,0.7,,0.3,0.9,1,6,,0.8
20150730,9,SO2,2,2,2,2,2,2,2,2,2,5,2,2,2,2,2,5,2,2,2,2,3,3,2,2,2,11,4,2,,4,2,3,,,2
20150730,9,NO2,29,39,25,31,49,28,26,21,27,34,27,37,38,46,31,25,20,14,22,12,16,12,12,13,21,6,22,23,,20,78,55,,,78
20150730,9,O3,65,70,85,87,77,78,87,20,68,77,80,86,62,64,81,81,77,96,50,112,30,86,117,66,75,73,89,64,,53,26,67,,,32
20150730,9,CO,0.8,1,1,1,1.3,0.9,0.9,0.6,0.7,1.1,0.6,0.9,0.7,0.9,0.8,1.1,1,0.5,0.7,0.9,0.8,0.8,0.6,0.6,0.7,0.9,1,1.6,,0.3,1.1,1.1,,,1
20150730,10,SO2,,2,2,2,3,2,2,2,2,4.7,2,2,2.5,2,2,6.3,2,2,2,2,3.8,5.8,2,3.5,2,10.3,3.8,2,2,3.2,2,3.5,,5.2,2
20150730,10,NO2,28.3,38.6,30.2,34.5,41,28.5,25.2,22.5,22.9,35.5,25,37.6,36.7,30.5,28.9,18,18.6,21.7,20.8,10.2,13.5,6.8,10.1,14.2,23.8,4.4,13.3,24.2,9.5,19.7,58.9,58.7,,,72.7
20150730,10,O3,57.4,58.6,72.8,75.3,83.8,80.2,87.2,25.4,88.6,70.8,82.3,83.9,77.6,86.8,76.6,121.3,89.9,90.7,65.9,125.8,38.9,106.6,122.5,72.1,71.1,90.6,114.5,84.3,133.3,64.1,35.2,56.5,,27.2,37.9
20150730,10,CO,1.2,1.2,1.1,1.2,1.3,1.4,1,0.6,0.8,1.2,0.7,1,0.7,1,1.4,0.9,1,0.6,0.8,1,0.8,0.8,0.6,0.8,0.8,0.9,1,1.8,,0.4,1.2,1.4,,1.3,1.6
20150730,11,SO2,2,,2,2,2.8,2.9,2,,2,4.8,2,2,2.2,2,2,6.6,2,2,2,2,3.2,4.2,2,3.5,2,7.1,3.7,2,2,3,2.3,4.5,,5.4,2
20150730,11,NO2,,32.5,25.4,29.1,39,27,25.5,23.3,28.8,38.3,29.4,45.2,33.1,31.9,28.1,25,19.6,15.3,27.8,16.8,10.8,8.5,9.4,20.4,19.6,3.6,14,18.7,10.3,19.8,66.6,59.5,,105.7,74.5
20150730,11,O3,69.6,,75.2,79.6,99.7,106.5,84.4,,78,60.4,71.5,74.3,83.8,77.7,86.3,114.6,103.7,102,54,130.3,47.6,112.6,126.2,69,73.6,101.8,125.1,95,159.1,82.9,38.9,58.2,,21.5,63.1
20150730,11,CO,1.6,1.7,1.5,1.6,1.3,1.5,1.2,0.7,0.9,1.4,0.9,1.2,0.8,1.2,1.8,1.4,1.1,0.7,0.9,1.2,0.8,0.8,0.6,0.8,0.8,0.8,1.1,1.2,,0.5,1.8,1.9,,1.8,1.3
20150730,12,SO2,2,,2,2,2,2,2,2,2,4.8,2,2,2.3,2,2,5.5,2,2,2,2.5,2.8,2,2,3.1,2,4.4,4.4,2,2,3.1,2.1,3.5,,6.7,2.2
20150730,12,NO2,32.8,39.2,30.5,33.3,48.7,34.2,34.7,23.3,24.4,42.8,32.3,49.7,35.9,32,24.5,29.4,17.7,17.5,29,18.1,9.7,9,10,18.1,18.4,3.4,14.7,13.7,9.5,9.3,67.9,62.9,,115.4,90.4
20150730,12,O3,66.7,53.2,69.4,72.3,90,82.1,67.7,,58.1,51.2,70.2,65.7,77.5,68.7,101.1,111.1,123.7,103.7,44.1,151.5,53.6,117.4,123.2,75.7,76.6,104.3,140.1,118.8,191.3,116.8,37.7,52.2,,16.7,38
20150730,12,CO,1.7,1.8,1.8,1.9,1.3,1.7,1.6,0.8,1,1.7,1,1.3,1,1.6,1.7,1.5,1.1,0.7,1,1.4,0.8,0.7,0.7,0.9,0.9,0.8,1.2,0.8,,0.7,1.9,2.1,,2.2,1.8
20150730,13,SO2,2,,2,2,2.3,2,2,2,2,5.2,2,2,2.4,2,2,4,3,2,2,2.9,3.6,2,2,2.4,2,3.2,3.3,2,2,3.2,2.8,3.2,88.2,4.4,2
20150730,13,NO2,29.4,46.8,27,33.9,52.1,29.8,31.5,7.4,26.5,40.1,30.2,48.9,35,29.9,23.1,37.1,19.1,17.8,29,12.4,12.8,9.1,11.9,20.7,39.3,4.6,9.8,10.9,11.3,7.3,52.2,55,54.8,96.8,80.6
20150730,13,O3,72.9,76.7,86.9,99.9,92.5,93.3,71.9,10.4,67.7,79,66.1,69.5,83.9,90.2,121.7,107.4,126.1,98.3,50.7,166.6,58.3,130.3,113.2,76.8,47.6,107.4,158,,108.8,131,64.9,77.8,65.5,40.7,45
20150730,13,CO,1.7,1.8,1.8,1.9,1.5,1.7,1.6,0.8,1.2,1.8,1.1,1.4,1.1,1.7,1.6,1.5,1.3,0.8,1,1.2,1,0.8,0.7,0.9,1,0.8,1,0.7,1.4,1,1.8,1.9,1.4,1.9,2
20150730,14,SO2,2,3,2,2,2,2,2,2,2,5,2,2,2,2,2,4,4,2,2,2,4,2,2,3,2,2,4,2,2,3,3,2,,5,2
20150730,14,NO2,28,36,31,34,56,34,41,3,26,42,28,48,34,30,27,22,22,16,29,12,11,11,15,25,47,5,10,11,12,14,47,60,,127,74
20150730,14,O3,86,113,92,119,92,107,63,10,62,101,76,74,102,88,139,147,126,107,45,166,69,146,116,75,40,118,159,,64,106,92,103,,37,64
20150730,14,CO,1.6,1.6,1.7,1.7,1.5,1.7,1.6,0.8,1.3,1.8,1.1,1.5,1.1,1.8,1.4,1.1,1.5,0.8,1,1.3,1.1,1.1,0.8,0.9,1,0.8,1.1,0.6,,1.2,1.6,1.6,,1.9,1.7
20150730,15,SO2,2,3,2,2,2,2,2,2,2,5,2,2,2,2,2,3,3,2,2,2,5,3,2,3,2,3,3,2,2,3,2,3,,,2
20150730,15,NO2,32,52,39,43,48,30,35,3,29,64,34,47,38,41,31,20,24,14,21,14,12,9,19,24,54,6,11,,14,25,48,63,,,83
20150730,15,O3,89,82,85,103,112,123,92,9,90,68,73,80,113,81,128,145,123,100,70,166,75,147,116,85,31,134,155,137,121,71,87,82,,,75
20150730,15,CO,1.6,1.7,1.7,1.7,1.4,1.6,1.5,0.9,1.2,2,1.1,1.6,1.2,1.7,1.3,1.1,1.5,0.8,0.9,1.3,1.3,1,0.9,1,1,0.9,1,0.5,1.5,1.1,1.6,1.7,,,1.7
20150730,16,SO2,2,2,2,2,2,2,2,2,2,5,2,2,2,2,2,4,2,2,2,2,3,2,2,2,2,3,2,2,2,3,2,2,,7,2
20150730,16,NO2,31,73,31,41,59,32,43,4,22,66,38,46,50,38,50,33,28,14,28,14,12,10,19,17,36,4,10,6,16,25,57,88,,155,113
20150730,16,O3,94,56,95,82,104,113,63,18,95,62,58,93,77,78,107,128,111,100,60,164,57,138,114,75,56,128,136,138,115,55,72,49,,12,35
20150730,16,CO,1.5,2,1.5,1.8,1.6,1.6,1.3,1,1.1,2,1.4,1.5,1.3,1.7,1.5,1.3,1.4,0.8,1.1,1.2,1.3,0.9,0.7,0.9,0.9,0.8,1,0.6,2.1,1,1.8,2,,2.3,2
20150730,17,SO2,2,2,2,2,2,2,2,2,2,5,2,2,2,2,2,2,2,2,2,2,2,2,2,2,2,2,2,2,2,3,2,2,,6,2
20150730,17,NO2,48,79,45,44,71,42,36,3,21,72,36,45,48,64,53,22,16,14,26,20,11,16,11,8,9,3,7,15,28,22,58,91,,,93
20150730,17,O3,76,57,71,87,91,101,72,14,114,42,67,95,74,62,109,133,113,97,58,121,58,113,122,77,89,110,114,119,112,74,67,42,,21,55
20150730,17,CO,1.5,1.9,1.6,1.7,1.6,1.5,1.3,1,1.1,1.9,1.3,1.5,1.4,1.9,1.6,0.8,0.8,0.7,1.2,1.1,0.5,0.6,0.4,0.8,0.7,0.5,0.9,0.8,2,0.9,1.7,2,,2.1,1.5
20150730,18,SO2,2,2,2,2,2,2,2,2,2,5,2,2,2,2,2,2,2,2,2,2,2,2,2,2,2,2,2,2,2,4,2,2,,5,2
20150730,18,NO2,15,43,32,38,52,15,40,6,24,62,34,45,52,56,31,14,16,7,26,13,19,14,16,7,41,4,9,5,46,35,48,62,,122,58
20150730,18,O3,105,109,101,112,112,138,85,14,91,56,80,95,73,82,133,143,117,98,73,134,57,104,105,70,33,109,139,147,106,45,84,81,,44,93
20150730,18,CO,0.8,1.1,1.4,1.4,0.9,0.8,1.4,1,1.1,1.8,1.3,1.4,1.3,1.7,0.8,0.4,0.6,0.5,1.2,0.5,0.6,0.5,0.4,0.5,0.7,0.6,0.5,0.3,2.2,0.9,1.2,1.3,,1.5,0.6
20150730,19,SO2,2,2,2,2,2,2,2,2,2,5,2,2,2,2,2,2,2,2,2,2,2,2,2,2,2,2,2,2,2,3,2,2,,5,2
20150730,19,NO2,21,39,21,25,46,17,19,2,14,36,32,35,45,27,24,26,30,10,23,16,17,10,18,10,40,4,7,7,12,42,36,54,,112,92
20150730,19,O3,99,113,116,132,118,132,129,32,120,107,94,113,92,116,144,126,97,95,97,122,43,98,101,74,40,103,128,141,150,43,96,103,,50,67
20150730,19,CO,0.6,0.7,0.8,0.8,0.5,0.5,0.7,0.6,0.6,1.1,1.1,1.1,1.2,0.7,0.5,0.4,0.6,0.2,0.9,0.6,0.6,0.5,0.5,0.5,0.8,0.5,0.5,0.3,1.4,1,0.7,0.7,,0.9,0.6
20150730,20,SO2,2,2,2,2,2,2,2,2,2,5,2,2,2,2,2,2,2,2,2,2,2,2,2,2,2,2,2,2,2,3,2,2,,4,2
20150730,20,NO2,35,50,35,34,53,35,26,2,9,42,23,30,34,35,41,28,25,41,18,12,9,12,20,5,25,3,9,9,9,25,45,71,,107,113
20150730,20,O3,85,86,101,111,106,93,109,24,128,95,98,118,105,105,115,114,86,48,100,115,33,102,89,78,61,97,100,120,135,75,80,77,,37,39
20150730,20,CO,0.6,0.7,0.8,0.8,0.5,0.6,0.7,0.5,0.4,1,0.6,0.8,0.7,0.7,0.5,0.4,0.6,0.4,0.6,0.4,0.6,0.5,0.5,0.4,0.8,0.4,0.4,0.4,1.2,0.6,0.8,0.8,,0.9,0.8
20150730,21,SO2,2,2,2,2,2,2,2,2,2,4,2,2,2,2,2,2,2,2,2,2,2,2,2,2,2,2,2,2,2,3,2,2,,4,2
20150730,21,NO2,25,50,32,34,44,36,27,4,6,43,17,28,37,42,46,30,22,32,18,16,18,9,13,23,45,4,7,14,11,32,48,75,,105,95
20150730,21,O3,83,72,91,104,100,82,95,22,99,85,104,114,89,84,95,96,77,61,87,94,23,93,95,48,18,81,80,97,116,75,69,70,,30,38
20150730,21,CO,0.6,0.8,0.8,0.8,0.4,0.7,0.7,0.5,0.4,0.9,0.4,0.7,0.6,0.7,0.5,0.4,0.5,0.4,0.6,0.5,0.6,0.5,0.4,0.5,0.7,0.4,0.3,0.4,1.2,0.4,0.7,0.8,,0.9,0.6
20150730,22,SO2,2,2,2,2,2,2,2,2,2,4,2,2,2,2,2,2,2,2,2,2,2,2,2,2,2,2,2,2,2,4,2,2,,3,2
20150730,22,NO2,25,39,31,31,55,29,30,2,12,48,16,28,26,55,82,34,19,23,16,17,8,8,9,12,58,5,6,17,14,32,45,83,,84,78
20150730,22,O3,75,80,87,97,77,85,80,21,103,70,95,107,93,59,47,78,75,53,82,85,18,92,109,48,2,77,70,86,101,68,62,49,,38,43
20150730,22,CO,0.5,0.7,0.7,0.7,0.5,0.6,0.7,0.4,0.4,0.9,0.4,0.7,0.5,0.8,0.7,0.4,0.5,0.4,0.6,0.5,0.5,0.4,0.4,0.4,0.7,0.4,0.3,0.4,1.2,0.3,0.7,0.8,,0.8,0.5
20150730,23,SO2,2,2,2,2,2,2,2,2,2,5,2,2,2,2,2,2,2,2,2,2,2,2,2,2,2,2,2,2,,3,2,2,,3,2
20150730,23,NO2,22,38,36,32,50,29,28,6,5,48,18,35,28,53,65,37,17,20,15,10,13,6,8,16,47,6,7,29,,18,37,64,,81,70
20150730,23,O3,70,65,67,83,67,81,77,9,128,59,74,91,85,53,56,66,69,40,82,95,16,94,118,36,2,69,71,59,,71,65,62,,37,48
20150730,23,CO,0.5,0.7,0.7,0.7,0.5,0.6,0.6,0.5,0.3,0.9,0.4,0.7,0.5,0.7,0.6,0.4,0.5,0.4,0.5,0.5,0.5,0.4,0.4,0.4,0.7,0.4,0.3,0.4,,0.2,0.6,0.7,,0.8,0.4
