date,hour,type,dongsi,tiantan,guanyuan,wanshouxigong,aotizhongxing,nongzhanguan,wanliu,beibuxingqu,zhiwuyuan,fentaihuayuan,yungang,gucheng,fangshan,daxing,yizhuang,tongzhou,shunyi,changping,mengtougou,pinggu,huairou,miyun,yanqing,dingling,badaling,miyunshuiku,donggaocun,yongledian,yufa,liulihe,qianmeng,yongdingmengxi,xizhimengbei,nansanhuan,dongsihuan
20150403,0,SO2,4.9,2,2,2,2.8,3.3,6.6,2,2,4.6,4.1,3,2,4.6,2.6,4.7,2,2,2,2,2,5.1,2.5,6.6,7.1,2,2,13.3,2,5,2,4.6,11.4,10.2,6.4
20150403,0,NO2,19,29.8,20.8,26.1,20.3,22.5,,14.2,7.6,50.4,10.1,11.2,30.3,32,46.7,57.5,29.1,42.1,5.6,37.1,17.1,15.1,11.1,9.1,29,10.8,15.6,,32.1,33.7,27.8,28.9,39.7,112.2,15.6
20150403,0,O3,79,87.3,84.9,84.2,96.4,87.2,57.2,75.4,101.7,60.9,98.4,107.1,60.3,73.8,51.2,28.2,54.8,59.6,103.3,23.7,65.7,80,93.6,124.9,85.6,73.6,54.8,54,38.3,29.5,81.3,75,68.6,19,95
20150403,0,CO,0.5,0.5,0.4,0.4,0.5,0.5,0.4,0.5,0.4,0.5,0.4,0.4,0.7,0.7,0.5,0.6,0.4,0.5,0.4,1.2,0.5,0.5,0.5,0.4,0.6,0.4,0.4,0.7,0.9,0.8,0.5,0.4,0.4,0.7,0.4
20150403,1,SO2,6,2,2,2,3.1,4.2,4.5,2.7,2,4.7,3.1,3.1,2,3.8,2.7,3.8,2,2,2,2,2,6.7,2.2,5.4,6.4,3.1,2,13.5,2,4.8,2,4.6,11,8,7.6
20150403,1,NO2,18.2,26.5,21,20.6,30.2,31.4,,15.6,8,65.9,9.3,10.6,24.5,34.5,34.3,75.8,18,47.9,6.4,29.7,14.2,14.3,9.8,5.9,15.5,10.1,25.2,,42.4,38.8,27.1,36.4,34.5,72.6,66.3
20150403,1,O3,79.1,88.2,84,91.5,81.8,74,59.2,73.1,99.6,38.6,94.3,107.6,61.8,61.8,64.9,3,50.2,49.5,100.8,28.8,68.2,79.7,93.9,137.7,99,80.1,43.5,40.1,26.5,21.9,80,68.3,71.1,47.7,32.4
20150403,1,CO,0.5,0.5,0.4,0.4,0.5,0.5,0.4,0.6,0.4,0.5,0.4,0.4,0.5,0.7,0.5,0.7,0.4,0.5,0.4,1.2,0.5,0.5,0.5,0.4,0.6,0.4,0.5,0.8,0.9,0.9,0.5,0.4,0.4,0.5,0.5
20150403,2,SO2,5.3,2.2,2.9,2.1,2,2.3,,6,3.9,4.2,3.6,4.2,,4.7,2,3,21.6,2.3,2,2,2,6.5,2,2,3.7,4.8,2,10.7,2,3.4,3,6.2,10.6,8.5,6.6
20150403,2,NO2,36.2,32.3,24.8,27.3,43,43.9,,21.8,9.7,58.2,7,13.2,,34.3,62.3,66.8,10.4,10.8,20.7,14.1,9.4,13,4.5,5.9,42.6,9.2,14.3,,30.8,42.4,40.5,44.6,38.8,106.4,72.8
20150403,2,O3,39.5,72.3,74,77.5,56.8,52.9,50.4,63.9,96.9,43.6,92.1,104.8,,65.9,29.6,7.8,34.8,87.9,82.7,59.1,70.3,88.9,109.3,135.3,55.9,83.9,62,22,31.2,21.6,58.6,51.1,60,19.2,8.8
20150403,2,CO,0.6,0.5,0.5,0.5,0.5,0.6,0.4,0.7,0.4,0.4,0.3,0.5,,0.4,0.4,0.6,0.2,0.4,0.5,0.8,0.4,0.4,0.4,0.4,0.6,0.4,0.3,0.9,0.9,0.8,0.5,0.5,0.5,0.6,0.6
20150403,3,SO2,5.6,2,2.1,2,3.7,3.2,7.4,6,4.5,6.4,3.1,4.6,2,4.6,2,2.4,6,2,2.5,2,2,5.9,2,2,2,3.4,2.1,11.1,2,3.1,2,4,7.8,5.3,6.7
20150403,3,NO2,28.4,37.9,34.4,37.7,33.6,42.5,,28.7,14.5,38.7,16.5,18.4,22.9,71.7,85.3,60.3,8.7,10.1,11.5,16.5,10.4,13.4,7.2,5.9,32.9,9,13.4,,18.6,55.9,51.1,50.1,42.1,90.5,77.1
20150403,3,O3,37.3,52,55.3,58.3,62,49.3,33.2,54.5,87.4,62.7,83.5,91.4,64.8,21.5,6.5,12.7,45.7,93.3,94.4,72.7,69.9,92.5,98.3,133.5,55.6,81,77.5,14.2,26.2,10.1,42.5,37.4,52.7,14.8,8.1
20150403,3,CO,0.5,0.5,0.5,0.5,0.5,0.6,0.5,0.5,0.5,0.5,0.5,0.5,0.4,0.5,0.5,0.6,,0.3,0.5,0.9,0.5,0.5,0.4,0.2,0.5,0.4,0.3,1.1,0.9,0.9,0.5,0.7,0.5,0.6,0.5
20150403,4,SO2,6.4,2,2,2,5,2.6,6.4,5.9,4.2,5.8,2.2,4.1,2.5,4,2,2.3,4.8,2,2.5,2,2,6.1,2,2,2.1,3.5,2.3,10.9,2,3.1,2,3.9,6.2,4.9,7
20150403,4,NO2,35.3,35.3,30.4,32.6,42.5,52.6,,25.6,14.3,48.2,31.6,31.6,45.3,53.7,70.5,55.2,10.2,10.4,9.7,20.4,9.2,10.7,13.5,5.8,29.6,8.5,7.7,,12.8,47,45.1,49.9,42.2,94.2,90
20150403,4,O3,51.8,58.8,56.9,62.8,,35.8,,63.5,88.5,48.2,45.9,68,29.6,37.6,19.8,19,51.3,82.3,93.6,66.6,73.3,99.3,81.9,130.4,72.9,88.3,96.7,,17.4,,48.7,38.6,48.4,12.7,3.1
20150403,4,CO,0.4,0.5,0.5,0.5,0.5,0.6,0.4,0.5,0.4,0.5,0.5,0.5,0.5,0.5,0.4,0.5,0.2,0.4,0.5,0.9,0.5,0.4,0.5,0.2,0.5,0.4,0.2,1,0.9,0.9,0.5,0.6,0.5,0.6,0.6
20150403,5,SO2,5.4,2,2,2,4.7,3.1,5.7,4.9,2.8,4.1,2.4,4.3,2,3.5,2,3.7,3.5,2,2.1,2,2,6.6,2,2,6.8,3.8,2,10.1,2,2.5,2.3,5.1,5.9,5.1,6.2
20150403,5,NO2,26.3,24.5,24.4,31,33.7,33.1,,25.4,11.7,56.7,32.3,12.8,63.5,69.7,69.3,69.4,12.9,11.4,21.2,7.6,9.7,9.7,18,5.1,19.4,,6.1,,10.6,49.5,34.1,39.8,29.7,89.7,85.2
20150403,5,O3,58,74.5,71.6,62.5,58.5,58.2,31,59.3,90.6,35.2,54.1,96.7,18.7,18.3,17.2,22.4,55.6,89.6,73.9,98.6,72,101.8,72.2,127,98.8,98.6,95.3,9.8,9.5,12,59.5,55.5,66.9,17.5,8.1
20150403,5,CO,0.5,0.4,0.4,0.5,0.5,0.5,0.4,0.5,0.3,0.4,0.5,0.4,0.6,0.6,0.4,0.5,0.2,0.3,0.6,0.7,0.5,0.4,0.4,0.2,0.5,0.4,0.2,1.1,0.8,0.9,0.4,0.5,0.4,0.6,0.5
20150403,6,SO2,5.5,2,2,2,5.2,3.4,4.9,4,3.3,3.4,2.2,3.4,2,3.2,2,2.7,3.6,2.3,2,2,2,5.5,2,2.8,6.1,4.7,2,10,2,3.1,2.2,5.1,7,4.7,7.3
20150403,6,NO2,26.6,35.6,29.3,28.6,36.6,25.1,,33.6,15.4,58.4,36.9,24.9,74.9,82.9,75.4,66.3,14.6,15.1,22.7,16.3,13.8,13.7,34.3,9.2,21.2,6.6,7,,14.4,65.8,47.2,62,51.8,80.7,87.5
20150403,6,O3,59.2,63.4,56.1,62.8,57.4,68.8,30.2,42.9,82.5,33,54.9,74.6,9,4,14.4,13.9,76.4,86.9,63.7,84.3,75.6,97.1,42.5,111,89.9,100,92.7,11.9,13.5,4.9,53,30.2,40.7,19.3,11.1
20150403,6,CO,0.5,0.5,0.4,0.5,0.5,0.5,0.3,0.7,0.3,0.4,0.6,0.5,0.7,0.6,0.4,0.6,0.3,0.4,0.6,0.7,0.4,0.4,0.5,0.3,0.4,0.4,0.2,1,0.6,0.8,0.6,0.6,0.5,0.6,0.6
20150403,7,SO2,6.1,2.2,2,2,5.5,3.8,5.7,3.9,2.9,3.9,2.3,4,2,4.6,2.6,3.5,3.8,3.3,2,2,2,5.8,2.5,2.3,5.8,3.6,2,11.9,2,3.8,2.9,6,7.2,9.4,9
20150403,7,NO2,45,44.4,45.5,47.8,50.4,47.5,,37.1,24.3,63.2,53.9,46.8,79.3,74.9,91,83.3,24.6,36.2,42.7,47.8,24.6,19.1,26.8,12.5,14.6,6.6,11.3,,26.4,55.9,47.7,77.6,57.3,117.5,93.1
20150403,7,O3,45.6,61.5,43.1,44.2,51.6,50.4,21.7,28.6,69.2,28.1,33.1,50.9,10.5,21.8,3.6,2,66.1,62.5,36.2,33.5,58.7,92.1,58.1,95.2,101.3,96.1,79.9,5.6,13.9,3.4,54.9,26.3,42.8,3.9,11.8
20150403,7,CO,0.5,0.5,0.5,0.6,0.6,0.5,0.5,1,0.4,0.5,0.7,0.6,0.6,0.6,0.5,0.9,0.4,0.6,0.8,1,0.5,0.4,0.6,0.3,0.4,0.4,0.2,1.1,0.7,1,0.6,0.7,0.6,0.9,0.8
20150403,8,SO2,7,2.8,2.8,2.4,6.8,5,9.9,9.7,5.8,6.4,5.3,4.2,2.7,7.9,4.8,13.6,4.6,3,5.9,2.4,2,6.2,7.4,3,6.2,4.3,3.4,13.8,2.2,13.3,3.7,9,7.9,11.8,10.4
20150403,8,NO2,48.2,55.3,43.5,46.8,49.7,54.9,,35.8,21,58.9,50.6,48.7,58.8,88.2,72.6,73.7,24.3,22.5,32.6,61.9,24.8,18.9,26.7,8,14.6,9.2,14.3,,29,66.3,53.5,81.9,59.9,131.1,88.4
20150403,8,O3,47.1,53.9,54.5,61,58.5,52.1,31.4,47.2,76.2,39.9,44.8,47,32.7,15.2,24.5,27.7,70.9,80.4,52.1,18.4,58,98.4,58.5,111.6,101.5,90.2,75.1,7,28.4,11.8,55.1,30.1,48.9,6,21.2
20150403,8,CO,0.6,0.5,0.5,0.6,0.6,0.6,0.5,0.6,0.4,0.6,0.7,0.7,0.5,0.8,0.5,0.6,0.4,0.4,0.7,1.5,0.6,0.5,0.7,0.3,0.4,0.4,0.3,1.3,1,0.8,0.6,0.7,0.6,1,0.8
20150403,9,SO2,6.7,2,2.2,2.4,6.8,4.2,9.1,8.6,5.9,6.8,8.1,6.2,4,8.6,4.9,52.7,4.7,5.1,6.9,2.7,2.7,7.2,8.2,4.4,9.7,4.9,5.3,19.3,9.2,22,2.9,6.7,9.8,10.4,13.4
20150403,9,NO2,33.6,41.5,33.9,30.7,37.8,42.5,,28.8,31.8,38.1,36.1,42.4,47.7,75.2,48.8,63.5,19.6,14.9,14.1,54.3,18.1,17.5,15.6,6.9,15,8.6,19.9,,21.5,36.4,38.9,68.4,50.7,98.8,82.4
20150403,9,O3,64.8,75.6,69.4,83.7,74.2,69,48.3,67.1,70.7,71.2,63.7,60.2,46,32.8,57.4,59.9,80.9,89.3,84.6,27.4,83.1,97.7,79,119.3,104.8,96.4,83.2,37.6,60.2,56.2,73,49.1,60.6,26.2,34.5
20150403,9,CO,0.5,0.5,0.4,0.4,0.6,0.5,0.4,0.4,0.5,0.5,0.6,0.6,0.5,0.7,0.4,0.4,0.4,0.4,0.5,1.4,0.4,0.4,0.5,0.3,0.4,0.4,0.3,1.2,1,0.7,0.5,0.5,0.5,0.8,0.8
20150403,10,SO2,6.2,2,2,2,6,3.2,7.4,8.4,4.8,6.1,8.4,6.8,4.4,5.9,4,39.3,2.1,3.4,6,4.7,2.3,6.9,7.4,2.5,8,3.9,5.3,16.9,10.3,19.4,2,4.9,11.4,9.6,11
20150403,10,NO2,21.6,33,23.5,21.6,22.3,29.8,,22.7,18.5,29.6,25.8,34.6,33.4,44.1,29.6,31.5,13.1,11.4,27.4,28.9,,13.6,9.5,4.9,16.7,6.8,20.1,,13.2,30.8,28.4,52.8,,,67.1
20150403,10,O3,79.7,90,84.4,95.9,102.2,84.7,57.5,78.6,82,86.4,80.5,74.9,64.6,74.6,83.2,87.1,94.8,95.3,72.4,73.1,93,108.2,92.1,114.2,108.1,112.5,85.2,65.3,81.6,72.4,85.1,62,71.6,43.2,54.2
20150403,10,CO,0.4,0.4,0.3,0.4,0.4,0.4,0.4,0.4,0.3,0.4,0.5,0.6,0.5,0.5,0.3,0.3,0.4,0.4,0.5,1,0.4,0.4,0.4,0.3,0.4,0.4,0.4,,0.8,0.7,0.4,0.5,0.4,0.6,0.6
20150403,11,SO2,6.3,2,2,2,5.8,3,6.4,6.8,3.7,4.6,6.7,6.4,2.8,4.5,3,12.1,2,2,4.5,5.5,2,5.4,4,2,11,3,5.9,15.8,8.6,15,2.8,6.2,7,7.8,8.2
20150403,11,NO2,22.9,29.1,16,23.1,19.5,22.9,,21.8,11.2,22.5,23,25.7,29.7,33.7,20.3,29,11.5,9.5,24.2,20.3,7.9,13.4,6.7,5,14.1,5.9,20.6,,13.2,33.9,,56.5,43.4,88.1,58
20150403,11,O3,83.7,94.9,98.8,99.5,112.4,98.4,71.3,82.9,91.8,101.2,90.1,92.6,70.3,92,97.8,95.4,101.4,102.4,80.4,89.8,104.2,115.4,103.1,114.5,113.8,120.1,91.7,79.9,89.8,79.9,69.9,64.2,82.1,38.3,71.7
20150403,11,CO,0.4,0.4,0.3,0.4,0.4,0.4,0.3,0.4,0.3,0.3,0.4,0.4,0.4,0.4,0.3,0.3,0.4,0.3,0.5,0.9,0.3,0.4,0.3,0.2,0.4,0.3,0.4,0.9,0.6,0.6,0.5,0.5,0.4,0.8,0.5
20150403,12,SO2,6.4,2,2,2,6.2,2.6,5.5,4.8,2,4.2,3.7,3.6,2.3,4,3.1,7.9,2,2,2,5.9,2,4,3,2,3.8,2,6.5,14.4,8.7,12.6,2.8,5.8,6.6,7,6.6
20150403,12,NO2,18.3,19.4,18.9,23.9,21.7,17.9,,20.2,13.8,25.6,19.9,21.3,31.8,28.6,19.4,,11.9,12.4,21.2,21,6.2,12.6,5.6,7.9,10.1,5.9,17.8,,20.9,27.2,34.8,46.1,41.9,86.5,53.9
20150403,12,O3,97.3,119.9,101.8,106.5,120.4,114,73.6,89.3,97,105.2,100.6,103.3,76.9,109.9,104.7,104.6,109.5,109.5,90.9,94.4,112.7,122.6,108.9,119.7,118.4,123,104.5,92.4,90.9,95.8,88.7,78.5,88.6,45.6,85.3
20150403,12,CO,0.4,0.3,0.3,0.4,0.4,0.4,0.3,0.3,0.3,0.4,0.4,0.4,0.5,0.3,0.3,0.4,0.4,0.3,0.5,1,0.3,0.4,0.3,0.3,0.3,0.3,0.4,0.7,0.6,0.5,0.4,0.5,0.3,0.7,0.5
20150403,13,SO2,5.8,2.7,2,2.4,6,3.5,5.2,4.1,2,5.4,4.3,3.6,2.9,5.8,4.7,8.2,2.2,2,2,4.8,2,3.9,2.8,2,2,2,5.8,13.8,6.2,10,3.1,6,6.7,6.4,8.4
20150403,13,NO2,18.6,21,17.5,24,17.7,26.1,,21,20.2,27.1,25.5,24.7,32.6,30,22,18.7,13.7,11.7,22.9,14.6,4.9,13.2,6.6,8.8,14.4,6.9,15.1,,20.9,17.7,35.2,49.3,38.4,74.1,58.8
20150403,13,O3,103.9,126.6,112.7,114.7,133.7,113.4,76.9,90.9,98.1,113.5,105.7,106.8,85.9,117.8,106.8,113.8,116.8,114.4,94.4,112,121.7,128.8,111.7,125.3,123,127.9,116.8,102.2,98.2,111.7,96,83.9,98,66.2,86.5
20150403,13,CO,0.4,0.4,0.3,0.4,0.4,0.5,0.4,0.3,0.4,0.4,0.4,0.4,0.5,0.5,0.5,0.5,0.4,0.3,0.5,0.9,0.3,0.4,0.2,0.3,0.3,0.3,0.3,0.7,0.5,0.4,0.4,0.5,0.3,0.7,0.6
20150403,14,SO2,7.1,2.9,2.8,3.9,6.8,4.4,6,4,2,6.5,4.9,4.8,2.2,5.5,3.3,5.8,3.5,2,2.4,3.8,2,5,2,2,2,2,5.3,11.9,6.6,11.3,4.2,7.8,9.7,9.3,7.7
20150403,14,NO2,22.9,19.5,25,27.7,28,28.8,,28.2,25.7,26.2,23.2,27.9,24.6,26.3,19,11.3,19.4,16.7,32.2,17.4,8.3,16.1,8.6,9,17.9,10.2,15.5,,18,15.3,48,55.2,59.4,87,54
20150403,14,O3,106,134.3,114.7,118.4,132.3,114.9,80.3,92.2,105.2,122.1,116.1,116.5,98.2,121.3,115.8,121.7,109.6,116.7,94,114.6,131.6,128.8,116.7,126.5,125.4,135,124,108.9,112.8,116.7,92,88.9,89.9,58.1,77.8
20150403,14,CO,0.5,0.5,0.5,0.6,0.6,0.6,0.4,0.4,0.4,0.5,0.6,0.5,0.6,0.5,0.4,0.4,0.6,0.4,0.7,0.9,0.3,0.5,0.3,0.3,0.3,0.4,0.3,0.6,0.7,0.5,0.6,0.6,0.5,0.9,
20150403,15,SO2,6.7,2.4,2.8,3,6.5,3.5,7.1,4.3,2.1,5.8,4.3,4.8,2.2,4.9,3.3,4.6,2.8,2,2.1,3.3,2.2,5.5,2,2,2.1,2.4,5.7,13.6,7.2,9.6,3.9,8.4,9.4,8.7,7.8
20150403,15,NO2,22.1,19.2,22.3,26.3,26.7,25.2,,29.6,27.6,23.6,18.7,26.5,26.4,23.3,22,9.9,16.5,22.7,23.7,15.1,12.4,16.5,9.5,10.7,25.8,12.3,14.6,,22,13,39.3,55.2,50,93.4,66.3
20150403,15,O3,108.2,134.4,117.9,117.3,133.6,123.7,82.5,99.2,107.9,122.5,120,119.6,97.5,128.6,118.3,125.8,117.9,123.8,106.1,125.1,126.3,143.5,119.3,138.3,121.7,137.9,134.9,105.9,116,127.4,97.8,84,99.8,57.1,95
20150403,15,CO,0.6,0.5,0.5,0.6,0.6,0.6,0.5,0.5,0.5,0.5,0.5,0.6,0.5,0.5,0.5,0.4,0.6,0.5,0.6,0.9,0.5,0.6,0.2,0.3,0.4,0.5,0.4,0.7,1,0.5,0.5,0.6,0.5,0.9,0.7
20150403,16,SO2,7.1,3.2,2,3.2,6.6,3.6,6.9,5.8,2,6,4.1,4.3,2.3,5,3,6.8,2.3,2,2,3.8,2,5.6,2,2.3,2.5,2.8,5.2,18.8,9.8,14.1,4,7.6,8.8,9.3,7.8
20150403,16,NO2,23.1,18.7,22.6,26.7,29.7,28.9,,26.1,24,23.4,16.6,25.3,29.3,25.5,21,18.8,17.1,30.5,24.7,15.8,10.8,15.6,16.2,22.6,30.1,13.2,14,,30.7,25.1,38.3,59.1,50.9,91.8,69.9
20150403,16,O3,109.7,142.8,118.6,121.7,130.8,121.3,74.9,97.8,107.3,127.1,121.9,118.8,97.2,140.9,129.7,121.5,121.8,114.6,100.7,130.4,124.5,144.1,122.5,130.3,131.1,150.6,137.8,105.3,111,124.2,103.6,86.2,94.1,59.6,93.4
20150403,16,CO,0.6,0.6,0.5,0.6,0.6,0.7,0.5,0.5,0.5,0.6,0.5,0.6,0.6,0.7,0.6,0.5,0.6,0.6,0.6,0.9,0.5,0.6,0.3,0.5,0.4,0.6,0.4,1,1.3,1,0.6,0.7,0.6,1,0.9
20150403,17,SO2,6.8,3,2.8,3.2,6.9,3.5,7.2,6.1,2,6.5,4.1,4.3,5.2,7.8,2.9,12.8,2.3,2,2,3.3,2,5.4,2.5,2,2.4,3.3,4.3,14.5,11.4,15.7,3.7,7.6,8.1,9,7.3
20150403,17,NO2,25.2,21.6,25.8,31.1,34.6,30.5,,21.9,20.2,34.9,19.1,24,35.9,41.8,21.2,30.4,19.7,29.5,28.5,18.5,12.7,15.7,27.6,23,37,12.4,14.8,,24.1,29.9,46.7,69.3,68.9,103,68.9
20150403,17,O3,119.5,151.5,127.6,130.3,136.2,129.3,78.1,97.6,112.5,122.5,123.8,122,99.4,122.1,138.2,114.5,120.9,111.2,98,123.2,124.5,142.2,111.6,126.3,118,148.4,132.9,110.2,118.6,125.6,107.3,88.9,93.6,58.2,98.9
20150403,17,CO,0.8,0.8,0.7,0.8,0.8,0.8,0.6,0.5,0.5,0.7,0.7,0.7,1,1.1,0.7,1,0.6,0.6,0.7,0.9,0.5,0.6,0.5,0.5,0.5,0.6,0.4,0.8,1.2,1.1,0.8,0.9,0.8,1.2,0.9
20150403,18,SO2,7.3,4.1,4.2,4.8,7.1,4.5,7.5,5.8,2.3,9.9,5.2,5.4,6.4,13.2,7.1,10.3,5.3,2,3,3.7,2,5.8,2.4,2,2.3,2.5,4.6,14.3,6,15,5.3,8.4,9.8,12.4,7.8
20150403,18,NO2,31.7,31.2,38.9,47.5,44.1,37.8,,23.6,24.1,52.1,37.3,38.8,57.4,49.6,36.8,33.6,28.2,28.8,37.9,23,17.9,20,28.4,21.8,37.7,12.4,17.1,,13.2,33.4,67.2,73.6,82.4,124.3,91.9
20150403,18,O3,112,137.1,115.3,112.7,133.8,129.6,74.5,94.9,110,105.2,111.8,109.7,81.5,109.8,113.9,115.2,110.2,112,94.6,115,119.7,135.1,106.1,121.7,112.5,144.4,127.2,113.1,114.8,113.3,87.4,82.8,81.9,37.8,82.6
20150403,18,CO,1,1,1.1,1.2,1,0.9,0.8,0.6,0.6,1.3,1.3,1.1,1.4,1.4,1.5,0.8,0.9,0.6,0.9,1,0.5,0.6,0.6,0.5,0.5,0.6,0.6,0.7,0.6,1.2,1.1,1.2,1,1.6,1.2
20150403,19,SO2,11.4,7.3,7.2,7.2,10.5,11.2,8.9,7.2,5.8,10.6,5,6.6,6.3,9.5,6.7,8.8,9.1,2.2,4.2,4.6,2.1,7.6,2.3,2,2.3,3.2,4.3,12.7,3.1,12.4,8.8,11.7,8.2,13.3,9.7
20150403,19,NO2,45.2,38.5,49.1,54.7,57.6,53.6,,34,37.1,70.9,41.9,53.7,63.9,36.8,31.8,36.1,38.7,37.6,52.4,31.9,26.7,32.9,25.7,22.6,44.9,14.2,20.7,,13.1,32.1,75.5,84.5,92.5,115.1,87.1
20150403,19,O3,93.5,123.8,99.7,101.8,112.2,108.1,54.7,90.1,101.7,79.8,101.6,93.4,72.6,116.3,113.2,108.7,96.4,103.3,82.2,99.9,103.3,115.8,103.9,122.7,99.4,134.4,114.7,98.8,102,108.6,73.4,66.5,69.6,46.4,81.1
20150403,19,CO,1.4,1.3,1.4,1.4,1.4,1.5,1.2,1,1.2,1.5,1.4,1.5,1.4,0.8,1.1,0.8,1.2,0.8,1.4,1.4,0.7,0.8,0.6,0.6,0.5,0.5,0.8,0.7,0.5,1.1,1.4,1.3,1.4,1.5,1.6
20150403,20,SO2,8.2,4.3,5.3,3.7,10.5,8.1,8.6,8.2,5.2,7.3,4.4,6.6,4,6.3,3.2,8.1,7.1,5.2,4.1,3.7,5,10.9,2.5,3.5,2.9,5.2,3.2,11.5,2,9,5.1,7.9,4.6,8.1,8.3
20150403,20,NO2,31.5,29.7,42.1,36.3,38.5,44.6,,38.2,43.6,52.1,33.4,54.3,36.6,40.1,27.9,54.7,38,44.2,56.8,29.2,37.6,32.4,27.9,31.1,53.9,17.5,19,,15.1,21.3,62.1,83.2,86.8,87.6,65.5
20150403,20,O3,97.5,120.2,97.5,106.1,123.5,107,56.3,84.1,82.7,87.7,99.6,81.6,84.6,95.3,103.9,78.3,92.9,92.8,70.2,92.5,79,106.3,94.5,107.4,87.2,123.6,105.3,83.6,84.2,106,73.7,56,65.7,52.3,87.4
20150403,20,CO,0.9,0.7,0.9,0.8,1.1,1,1.1,1.3,1.3,0.9,1.1,1.4,1,0.6,0.5,0.9,1,1.3,1.4,1.3,1.1,1.2,0.6,1,0.7,0.8,0.7,0.7,0.4,0.6,0.8,0.8,1.1,0.9,1
20150403,21,SO2,5.4,2.5,2,2.3,6.6,4.3,6.9,8.9,4.3,5.8,3.2,4.4,3.2,6.5,,7.1,6.9,5.2,3.2,4.1,5.7,8.9,3,5.5,3.8,7.5,3.7,12.1,2.2,8.5,3.2,5.5,7,6.5,6.2
20150403,21,NO2,31.4,30.5,34.8,38.4,36.3,44.8,,34.1,28.7,57.8,25.4,35.2,29.5,33.3,,57.4,35.8,50.2,43.4,28.6,39.3,26.5,21.6,34.7,37.4,20,20.6,,13.1,16.4,67.3,72.8,84.4,81.8,55.1
20150403,21,O3,84,101.9,91.7,89,107.4,90.5,47.8,80.2,92.5,64.8,93.7,89.9,77.7,88.9,,63.8,81.4,79.1,74.2,90.6,68,108.5,103,100.1,107.4,114.8,99.1,77.7,76.7,97.6,54.8,53.2,58.6,45.2,84.4
20150403,21,CO,0.7,0.6,0.6,0.7,0.7,0.7,0.7,1.2,0.9,0.8,0.8,1,0.7,0.4,,0.7,0.9,1.4,1,1.2,1,0.9,0.8,1.4,1.1,1.1,0.6,0.6,0.4,0.4,0.7,0.7,0.7,0.8,0.6
20150403,22,SO2,7.1,3.5,2.4,2.5,7.2,5.6,5.7,7.3,4.3,5.4,3.8,5.4,4.8,7.1,,7,5.7,3.7,2.7,5.5,3.7,10.2,3.4,4.3,4.4,6.1,5.5,12.7,2.2,8.3,4.4,6,7.8,6.3,5.8
20150403,22,NO2,28.7,27.2,27.7,45.1,36.7,45.6,,23.7,23.9,52.4,23.3,33.7,29.2,38.2,,34,42.5,34.7,27.2,35.6,46.5,30.6,22,27.8,50.5,18.4,37,,16,17.9,47.5,49.4,64.4,68.2,49.2
20150403,22,O3,72.1,91.8,86.4,70.9,89.5,73.5,38.7,81.1,83.4,55.9,83.5,78.3,69.9,74,,67.4,67.9,87.9,82.5,74,55.8,103.1,103.6,99.6,83.2,112.4,70.8,69.2,68.5,89,61.3,57.7,61.3,43.6,71.4
20150403,22,CO,0.5,0.5,0.5,0.5,0.6,0.6,0.6,0.8,0.7,0.5,0.8,0.8,0.8,0.4,,0.8,0.8,0.9,0.7,1.4,1,0.9,1.2,1,1.3,0.9,1,0.7,0.5,0.5,0.4,0.5,0.5,0.7,0.5
20150403,23,SO2,6.5,3.3,2.3,2.7,7.4,5.7,6.7,6.7,5.2,5.8,3.1,4.8,3.1,5.5,,9,5.2,3.6,2.2,4.2,3.1,10,3.1,3.2,3.4,6.3,3.8,13.2,2,7.3,3.9,6.5,4.6,6.8,5.6
20150403,23,NO2,30.8,31.8,30.4,42,33.9,42.3,,23.6,18,42.1,24.5,32,33.4,42.8,,30.6,36.4,28.1,22,38,39.4,37.4,23.6,19.2,54.9,19.1,39.6,,17.3,19.3,49.2,46.8,64.7,78.6,39.1
20150403,23,O3,63.5,79.2,72.8,66.6,86.8,70.4,43,70.8,83.7,59.8,77.7,75.1,62.3,60.6,,67.8,62.9,83.2,82.9,59.5,63.5,83.5,90.7,98.4,68,109.5,52.1,63.6,62.9,75,53.5,53.9,54.7,27.6,76.1
20150403,23,CO,0.6,0.5,0.6,0.6,0.6,0.6,0.7,0.8,0.7,0.8,0.6,0.7,0.6,0.7,,0.8,0.5,0.9,0.6,1.4,0.8,0.9,1.3,0.8,1,0.8,1.1,1,0.6,0.4,0.6,0.6,0.6,0.8,0.5
20150403,0,PM2.5,11.9,14.8,9.6,9.4,10.1,12.5,6.9,10,3,11.1,10.3,15,46.3,36.9,24.6,39.4,28,17.6,10.7,35.5,28.2,20.1,15.3,5.4,11.2,10.8,31.1,59.4,75.9,70,13,11.7,13.1,17.2,10.6
20150403,0,PM10,17.2,,13.1,11.7,,,,27.7,11.7,14,,18.1,,,56,108.6,,,,50.8,,26.9,17,,19,5,,,,,21.8,12,20.9,43.1,20.4
20150403,0,AQI,53,52,47,48,48,55,44,40,40,55,56,50,62,63,65,61,54,48,46,47,49,43,51,42,43,40,44,79,70,67,51,52,48,57,54
20150403,1,PM2.5,14.3,14,10.3,6.6,13.2,13.7,4.8,9,8.3,14.5,13,11.7,13.5,43.4,18.6,44.8,22.5,12.4,9,34.8,20.3,16.4,15.1,5.9,14.1,10.4,33.3,59.9,89.3,85.7,9.8,6.1,3,11.9,21
20150403,1,PM10,24.8,,13.6,,,,,24.1,8.9,25.3,,,,,,67,,,,,,19.1,,,16.3,,41.1,,,,16.1,12.4,20.3,29.4,44
20150403,1,AQI,52,51,46,46,46,54,42,38,39,54,55,49,61,63,63,61,53,46,45,45,48,41,49,44,42,38,42,78,71,70,49,50,47,54,53
20150403,2,PM2.5,17.6,13,15,10.7,19.4,20.5,13,15.4,14.3,16.4,6.9,10.5,,15.8,24.3,38.7,18.1,11.4,8.7,21.9,19.2,15.7,14.9,8.3,12.9,10.1,18.3,69.1,86,82.5,17.5,14.2,12.2,14.1,27.2
20150403,2,PM10,37.9,,18.2,23.4,,,,33.4,,23.5,,15.2,,,62.9,,,,,,,16.1,,,16.7,,,,,,29.3,24.3,31.8,30.5,48.6
20150403,2,AQI,50,49,44,44,44,52,40,36,37,53,53,47,,61,62,61,52,44,43,42,47,39,46,43,40,36,43,78,74,71,48,49,45,54,51
20150403,3,PM2.5,17.5,18.7,15.2,14.4,19.2,23.2,16.5,14.1,13.1,15.3,12.9,9,15.8,22.8,25.1,34.8,17.9,10,8.3,17.8,17.3,16.3,4.1,11.6,12.4,12,16,76.6,82.2,82.1,18,22.1,12.2,27,26.1
20150403,3,PM10,24.6,,31.5,27.5,,,,33.6,16,15.9,,13.3,,,27.6,,,,,,,,9.8,,,,,,,,25.3,26.1,36.5,36.9,48.2
20150403,3,AQI,49,48,42,43,43,51,39,36,35,51,51,45,58,60,61,60,50,42,41,40,45,38,43,42,39,34,44,79,75,73,47,48,43,52,50
20150403,4,PM2.5,24.8,22.2,18.5,16,23,19.8,11.9,14.4,10.3,14.1,14.1,12.8,12.3,22.8,21.9,27.9,19.3,7.5,11.3,23,19.3,11.3,9.9,12.7,13.3,9.2,11.2,77.7,80.8,84.6,22.5,27.1,16.6,21.4,26.3
20150403,4,PM10,,8.7,,,,,,26.4,12.7,16,,27.4,,,,,,,,,,14.6,18.7,,,,,,,,23.3,,,43.8,50.1
20150403,4,AQI,47,47,41,41,42,49,37,35,34,49,49,44,56,59,60,59,49,41,40,37,44,35,40,41,38,32,42,80,77,75,45,47,42,51,50
20150403,5,PM2.5,18.6,17.4,10.4,15.7,17.8,21,10.6,10.2,11.1,9.8,22,9,17.8,23.2,25,26.7,17.9,4.8,16.5,9.3,20.7,14.3,15.4,14.5,11.8,8.7,8.9,75.3,71.4,82.4,19.5,13.2,10.1,22.8,24.7
20150403,5,PM10,26.9,5,12.4,,,,,20.8,12.5,15,,10,31.5,,,,,6.8,,,,,,,12.8,,9.5,,,,22.1,,,39,46
20150403,5,AQI,46,45,39,40,41,48,35,34,32,47,48,42,54,58,59,59,47,39,38,33,42,33,38,40,36,31,39,81,78,77,44,45,40,49,48
20150403,6,PM2.5,19.5,18.3,22.2,12.2,22.9,22.9,4.3,15.1,12.5,15.5,18,9.5,25.3,30.6,26.4,27.1,15.7,13.1,15.1,13.8,15,13.6,12.7,6.3,7.9,10.9,10.1,72.6,50.7,73.9,22.2,21.2,15.5,21.8,26.7
20150403,6,PM10,20.4,7.7,29.7,19.4,,,,35.2,15.5,20.3,,23.6,37.2,,,34.8,,14.5,24.2,21.5,,15.3,19,,20.2,,16.1,,,,,,53.9,37.3,50.3
20150403,6,AQI,44,43,37,38,40,47,34,34,31,45,47,40,53,57,57,56,44,38,37,30,40,31,36,35,34,32,36,80,78,78,43,43,38,47,47
20150403,7,PM2.5,19.3,18,21.7,21.5,22.6,17.9,14.9,18.6,6,16,27.5,15.5,22.6,23.4,26.4,33.5,12.7,12.3,17.7,28.4,13.5,11.7,15.8,7,13,13.1,13.5,80.1,47.7,83.2,20.6,22.6,21.4,26.1,24.4
20150403,7,PM10,28.4,5.4,,,,,34.8,38.5,15.7,42.1,,,38.2,,37.9,70.7,,21.7,39.7,55.2,,20.6,22.9,,15.6,,20.6,112.2,,,26.8,,31.6,71.5,70.4
20150403,7,AQI,42,41,36,36,38,45,33,35,29,44,45,39,52,55,56,57,41,37,37,28,38,29,34,30,33,31,33,80,77,80,41,42,37,59,47
20150403,8,PM2.5,19.4,10,20.7,18.4,26.7,22.4,25.1,19.7,4,19.6,16.2,22.4,16,37.1,33,35.1,12.2,6.7,21.7,47.6,19.9,9.8,21.2,12.1,12.1,11,11.6,95.4,56,67.2,20.8,21.9,26.7,21.9,20.4
20150403,8,PM10,32.9,8.2,,,,,,38,21.9,23.8,38.6,46.4,39.4,,38.2,,,16.3,37.9,81,,21.5,27.1,5,15.6,12.5,32.4,123.7,66,,24.6,32.2,,71.8,78
20150403,8,AQI,39,38,34,34,36,42,32,35,27,42,43,37,50,55,55,57,38,34,37,31,36,31,33,35,32,29,30,81,77,81,39,41,36,66,45
20150403,9,PM2.5,17.2,12.1,20.1,11.3,23.6,18.3,16.6,18.2,24.7,13.3,20.5,22.4,20,37.6,20.5,24.4,22.3,12.4,13.4,51.1,14.4,14.6,18.9,15.5,15.8,11.7,22.8,62.1,48.3,48.9,24.9,20.5,24.5,24.4,26.3
20150403,9,PM10,31.2,5.4,,,,,,27.4,35.5,,30.9,41.7,28.5,69.4,22.7,37.5,,,,75.7,,22.5,21,5.6,16.7,,31.4,,,,34.4,,28.8,57.6,63.5
20150403,9,AQI,37,35,32,32,35,40,30,35,25,40,41,36,48,54,52,55,36,33,37,32,33,31,31,38,33,31,29,80,77,81,37,37,34,50,46
20150403,10,PM2.5,12.2,11.4,17.3,10.1,15.5,20.9,17.1,16.9,3,14.2,13,16.2,15.1,20.9,22.9,20.2,10.1,11.4,18.5,34.6,15.1,14.1,15.9,6.6,18.2,18.2,24.8,49.2,40,42.5,16,11.8,16.7,15.1,25.1
20150403,10,PM10,27.7,11.7,,10.9,,20,,27.4,,14.7,14.6,36.3,21.5,,25.2,26.4,,22.5,28.8,,,17.6,,,,,40.4,,,,22.1,22.6,27.4,38.8,
20150403,10,AQI,34,33,31,30,33,38,28,34,26,38,40,34,46,53,50,53,34,30,36,34,31,34,29,36,34,36,29,79,76,80,35,35,33,47,46
20150403,11,PM2.5,12.6,22.2,17.2,13.8,13.3,14.4,17.7,12.1,3,14,24.7,19.2,26.2,16.8,23.1,9.5,13.1,9.2,17,25.3,11.3,10.5,19.6,4.3,13.2,7.4,30.8,43.5,18.5,32,21.5,20,13.4,20.9,21.1
20150403,11,PM10,29.6,,,,,9.5,,18.5,,,,20.2,,,,29.5,,,18,46.2,,,,,,,40.2,,22.7,,23.8,,20.6,45.7,78.6
20150403,11,AQI,32,31,31,32,36,35,27,34,29,36,39,32,45,53,48,52,33,32,34,37,33,37,33,36,36,38,30,79,74,79,33,33,32,47,46
20150403,12,PM2.5,15.7,19.4,21,15.4,15,6.2,13.6,9.9,6.7,12.7,6,18.9,39,30.4,20.8,9.5,15.8,15.7,17.1,40.8,8.9,13.8,16.3,10.1,17.4,5.5,28.6,37.6,30.1,35.9,18.7,15.6,16.2,20.5,15.8
20150403,12,PM10,24.4,,,19.7,,9.5,,21.6,37.3,,,,62.4,35.3,58.5,82.9,,,,,,,,,,,29.4,,50.8,,25.1,17.4,22.7,52.6,29.9
20150403,12,AQI,31,38,32,34,38,36,26,32,31,34,37,33,45,51,47,53,35,35,34,39,36,39,35,38,37,39,33,78,72,79,32,31,31,48,45
20150403,13,PM2.5,23,12.7,20.2,26.7,21.2,14.1,18.3,15.9,13.6,19.1,24.6,21.2,44.8,36.2,35.5,39.6,18.3,18.3,23.7,26.4,3,9.6,14.2,21.4,16.2,7.8,18.3,30.8,36.2,38.9,25,21.7,25.9,27.8,33.2
20150403,13,PM10,37.5,48.6,20.9,47.3,,37.7,,21.8,37.4,38,43.6,29.2,,,,,,,,,,10.6,,,,,22.1,,,,39.4,52.4,30.8,47.6,
20150403,13,AQI,33,40,36,36,42,36,25,31,31,36,37,34,46,51,47,53,37,36,34,42,39,41,35,40,39,40,37,77,72,79,32,30,31,48,45
20150403,14,PM2.5,37,32.2,35.7,37.6,37.7,41.3,34,18.1,22.8,39.6,36.1,37,36,48.5,32.6,26.9,37.8,20.7,35.8,31.6,16.6,24,20.7,3,19.1,10.3,20,24.4,29.9,40.7,40.8,40.5,33.8,49.2,44.5
20150403,14,PM10,44.6,,56.4,52.1,,,71.5,34.9,50.1,94.5,40.4,57.4,,,,,,,50,,18.9,30.4,,,,32.8,,,48.1,,51.7,,80.1,67.4,45.2
20150403,14,AQI,34,42,36,37,42,36,30,31,33,39,38,37,47,52,47,54,35,37,36,44,42,41,37,40,40,43,39,77,71,79,33,30,34,49,46
20150403,15,PM2.5,38.1,33.4,40.1,37.6,44.8,40.3,47.8,40.2,43.6,44.8,43.7,46.9,39.3,35.8,33.1,25.3,29.2,23.8,48.8,20.8,31.6,29.7,8.4,3,20,27.2,23.9,26,3,39.1,36.8,37.3,36.6,44,30.1
20150403,15,PM10,56.3,,,,74.6,,,69.9,56.2,,,,,,,,,44.1,,24.9,,36.1,15,183.6,24.7,,26.2,,41.5,,44.7,38.2,51.6,58.5,
20150403,15,AQI,34,42,37,37,55,39,30,32,34,39,38,38,47,51,47,54,37,39,36,46,40,45,38,56,39,44,43,76,69,79,33,30,35,50,46
20150403,16,PM2.5,40,37.5,37.3,37.6,45.1,32.6,35.6,45.7,42.7,39.7,41.2,43.7,40,40.9,48.5,26.2,23.3,39.6,46.5,25.8,26.1,27.8,27.4,31.2,37.9,35,19.9,43.6,3,64.9,39.4,45.6,41.4,44.8,33.3
20150403,16,PM10,49.9,,,41.7,54.9,,37.6,55.6,45.5,,,55.6,,,,42.2,,63.2,,31.6,,36.3,,131.7,49.6,42.1,26.2,,112.6,,43.2,,50.5,55.4,96.3
20150403,16,AQI,35,45,38,39,55,38,31,33,34,40,39,38,47,52,48,53,39,36,36,45,39,46,39,63,41,48,44,76,68,80,33,31,36,50,48
20150403,17,PM2.5,48.1,45.5,45.2,48.4,45,45.6,42,40,43.5,47.8,48.9,48.6,63,60.6,53.8,42.6,27.4,40.2,49.1,31.3,29.9,29.1,49.5,40.9,52.6,26.3,26.6,40,49.7,68.5,49.3,53.6,46.2,58.7,43.4
20150403,17,PM10,62.5,,45.4,49.4,60.4,,51.5,50.1,,48.7,,54.7,77.5,73.9,,50,,47.4,,33.3,,30.7,63.4,99.5,54.8,29.3,32.5,,111.5,,56.9,,64.5,76.7,84.6
20150403,17,AQI,38,48,40,41,55,41,34,33,36,39,39,39,49,53,49,54,38,35,34,44,39,45,35,65,37,47,42,76,68,81,34,35,36,52,50
20150403,18,PM2.5,60.7,55.2,64,64.2,59.8,54.7,55,46.1,48.5,78.5,75.5,58.8,76.2,75.2,65.6,47.7,35.9,41,62.6,34.4,28.7,30.5,51.2,43,49.5,23.8,34.4,40,57.8,79.4,56,69.1,59.7,74.3,62.1
20150403,18,PM10,85.6,55.7,72,88.8,77.7,,72,55.5,50.9,101,79.9,87.2,83.7,75.3,84.2,58.4,,44.9,63.9,39.6,,32.8,,79.1,,30.1,40.8,,77.9,,75.6,79.9,91.2,99.3,
20150403,18,AQI,35,43,37,36,56,41,39,34,35,39,40,35,51,55,51,53,35,35,36,43,38,43,34,65,36,46,40,76,69,83,35,37,42,63,49
20150403,19,PM2.5,80.8,70.9,76.6,73.8,76.1,69,78.1,58.2,72.1,87.1,86.1,82,77,68.6,64,48.5,52,46.9,83.1,50.3,33.1,40.8,47.5,48,43.9,29.4,41.7,35.4,45.9,78.1,85.8,75.6,75.8,92.9,69.6
20150403,19,PM10,115.9,75.6,83.5,85,115.6,78.6,103.1,76.4,75.4,91.1,,104.7,85.1,,65.1,66,,63.3,,65.1,39.8,47.5,,79.7,44.9,35.1,58.8,,46.7,,95.5,81.5,111,109,137.8
20150403,19,AQI,38,40,35,36,60,36,46,35,32,42,42,37,52,56,51,54,35,33,36,45,33,37,33,65,32,42,36,76,70,85,38,43,47,58,53
20150403,20,PM2.5,69.2,60,73.1,62.1,71.3,69.6,73.9,77.7,80.8,79.7,75,94,67.8,57.1,54.2,57.9,54.6,72.8,89.9,60.8,51.5,46.8,55.7,60.3,55.6,34.9,47,45.2,32.7,53.7,70.7,65.9,71.7,61.8,67
20150403,20,PM10,76.4,,,63,73.4,,77.8,82.1,,,,110,,,,85.4,,84.4,,66,68.4,56.9,,90.2,,41.7,54.8,,,,71.9,67.2,95.1,73.3,67.8
20150403,20,AQI,40,40,39,38,60,39,49,38,31,41,43,42,53,56,51,55,37,35,39,47,31,34,31,66,31,39,35,75,69,85,41,42,46,52,54
20150403,21,PM2.5,53.4,52.9,50.9,51,54.5,54.8,49.2,80.6,67.2,66,52.9,57.1,49.9,43.4,,56.1,50.5,84,78.2,58.3,58.2,50,63.8,85.1,75.8,45.4,43.5,35.5,27.6,39.1,58.2,61.3,55.8,60.3,52.7
20150403,21,PM10,74,,,55.3,64.7,,64.9,90.1,,70.3,,65.7,,,,85.8,,90.8,,,70.9,50.5,,103,,55.3,52.7,,,,71.8,,71.5,69.1,56
20150403,21,AQI,42,40,41,39,60,41,51,40,35,43,44,44,53,55,,56,37,40,43,47,36,34,34,67,35,36,37,74,68,85,44,43,47,53,54
20150403,22,PM2.5,36.8,29.5,35.3,34.3,40.5,41.1,47.2,46.5,45.3,42.4,38.3,48.3,32.5,30.6,,52.2,61.1,62.4,47.1,57.3,59.5,49.2,78.7,74.8,86.7,47.7,49.3,45.5,28.9,37.1,35.5,35.1,35.9,40,40.6
20150403,22,PM10,50.1,,,,,,,,45.6,,,63.5,,,,,62.2,,,63,66,53.7,,83.1,,,68.8,,37.1,,36.5,,36.8,50.2,45.2
20150403,22,AQI,44,40,43,41,60,43,51,41,37,44,44,47,52,55,,56,46,42,46,50,40,33,38,67,39,36,37,74,66,83,45,45,48,53,55
20150403,23,PM2.5,34.3,32.8,29.6,31,30.6,31.4,36.3,38.2,37.3,33.8,41.5,41.9,35.3,33.5,,34.8,38.8,42.3,38.8,52.4,62.5,61.9,94.3,50.1,77,54.1,45.1,62.3,42.9,35.7,35,35,39,36,29.3
20150403,23,PM10,40.2,,31.9,32.5,,,,,,,,42.8,,,,34.9,,,,60,,72.6,,54.2,,,65.8,,,,36,,42.6,46.4,
20150403,23,AQI,45,41,44,42,60,44,51,42,38,46,46,47,51,55,,55,46,44,47,51,40,35,42,69,43,35,38,74,66,82,47,46,49,54,56
