date,hour,type,dongsi,tiantan,guanyuan,wanshouxigong,aotizhongxing,nongzhanguan,wanliu,beibuxingqu,zhiwuyuan,fentaihuayuan,yungang,gucheng,fangshan,daxing,yizhuang,tongzhou,shunyi,changping,mengtougou,pinggu,huairou,miyun,yanqing,dingling,badaling,miyunshuiku,donggaocun,yongledian,yufa,liulihe,qianmeng,yongdingmengxi,xizhimengbei,nansanhuan,dongsihuan
20150216,0,SO2,71.2,53.6,74.5,75.1,73.8,88.5,64.6,74.6,65.6,83.7,87.6,91.4,63.6,56.6,72.9,95.4,76.8,77.4,49.7,39.8,62.5,129.1,46.8,57.1,80.5,88.5,23.2,46.3,32.1,115.9,77.8,76.4,73.6,97.4,78.9
20150216,0,NO2,81.2,77.4,94.3,97.2,100.1,96.8,96.5,94.7,66.1,88.2,88.6,92.8,79.3,71.9,73.7,91.8,91.2,109,86.1,67.5,102.2,82.4,110.2,98.8,138.1,69.9,61,99.7,64.4,88.8,86.2,91.3,106.5,84.5,96.7
20150216,0,O3,10.2,8.1,6.9,8.7,2,11.7,2,9.3,25.3,2,12.5,4.3,55.4,5.6,3.7,4.7,12.9,7.5,5.6,11,2,18.7,17.1,2,7.2,5,22.5,2,2,20.1,2.8,2,11.7,2,12.9
20150216,0,CO,4.1,3.7,3.4,4.3,3.8,3.5,3.3,8.8,3.2,4.4,4.3,4.6,4.1,3,3.6,3.7,3.8,4.2,4.9,3.5,5.8,3.4,5.2,4.5,4.3,4.4,2.7,4.6,2.8,5.3,4.3,4.3,3.3,5.9,3.7
20150216,1,SO2,69.8,32.4,75.5,66.8,75.4,85.7,64.6,63.1,69.6,69,89.1,83.4,58.2,53.8,61.4,103.6,74.7,66.8,42.5,44.9,52.5,106.5,46.2,50.6,60.8,83.5,18.1,44.9,34.9,101.2,74.1,58.8,73.6,74.9,61
20150216,1,NO2,80.2,77.3,92.6,88.2,95.1,95.8,96.7,95.2,75.3,79.1,88.8,86.5,65,62.3,71.7,89.2,72.9,101.4,83.1,72.1,89.5,86.4,107.9,89.7,102.7,63.1,60.3,99.1,59.5,85,86,91,96.5,81.5,85.9
20150216,1,O3,11,8.1,7,9.2,2,12.3,2,9.4,16.5,2,12.2,4.1,49.1,9.6,2.9,4.4,8.8,8,6.7,6.6,2,12.7,16.1,2.9,13.7,4.5,19.4,2,2,17.6,2.9,2,13.1,2,11.5
20150216,1,CO,6.1,4,3.8,4,3.9,3.7,3.6,9.8,3.5,4.3,4.3,4.7,3.8,2.7,3.5,3.6,3.2,4.2,6,3.9,5.2,3.6,5.1,4.2,3.2,4.1,2.6,4.1,2.7,4.3,4.7,4.7,3.6,4.5,4.2
20150216,2,SO2,71,20.9,82.9,62.6,71.3,97.9,,55.8,63,61.4,72.4,73.9,69.8,51.3,58,85.3,64.7,53.7,43,39.2,44.7,75.2,41.2,47.1,31.2,80.1,15.1,33.8,25.1,57.2,75.3,51,81.8,69.2,28.1
20150216,2,NO2,77.1,69,91.1,85.5,91.4,95.9,93.6,92.9,78.1,83.6,86.8,82.7,42.7,63,69.8,83.8,51.6,101.8,79.1,65.7,92,88.4,93.1,86.5,33.1,60.1,62.5,95.6,55.2,75.3,84.2,87.4,94.1,75,75.8
20150216,2,O3,8.5,7.6,5.8,9,2,14.1,2,10.1,13.6,2,12.5,4.5,24.7,8.7,2.3,3.9,2,5.6,6,7,2,14,16.1,2,63.3,4.1,14.5,2,2,16.4,2.8,2,13.4,2,10.8
20150216,2,CO,4.3,4.1,3.9,4,4.1,3.8,3.8,11.2,3.7,4.7,4.6,4.9,2.8,2.6,3.2,3.6,2.8,3.9,6.2,3.6,5.6,4.5,5,4.5,0.5,3.9,2.6,4.3,3.2,3.4,4.4,4.6,3.6,3.9,4.3
20150216,3,SO2,84.8,34.7,84.4,76.8,79.1,100,65.4,58.8,64.2,78,57.6,72.5,25.8,41.1,48.9,86.4,16.7,50.9,33.1,30.3,26,57.2,48.5,41.5,28.8,86.3,12.4,29.8,14.1,37.4,98.8,94.4,79.8,93.1,63.8
20150216,3,NO2,75.7,75.2,90.7,88.6,87.3,92.1,92.6,88.8,82.2,81.1,81.7,82,38.7,68.1,64.9,81.2,46.5,99.1,75.7,72.2,88.9,81.1,74.7,87.5,12.8,59.6,64,92.9,55.9,74.4,81.3,82.2,92.7,78.2,84
20150216,3,O3,8.7,8.6,6.5,10,2,15,2,9,13,2,13.1,4.2,34.5,3.1,3.5,3.8,4,5.6,5.2,2.6,2,11.7,19.7,2,80.3,3.6,15.2,2,2,16.8,3,2,14.1,2,17.6
20150216,3,CO,2.9,3.7,4,4.3,3.8,3.7,3.9,11.2,3.7,4.5,4.7,5,2.3,3.1,2.9,3.3,,4.7,5.7,4.6,6.1,4.2,4,4.2,0.3,3.8,2.7,4.3,2.6,3.6,4,3.8,3.7,3.9,3.7
20150216,4,SO2,70.2,39.1,75.6,65.8,84.4,90.4,58.1,46.6,65.1,73.8,45.1,71.7,13.3,40.1,42.2,76,6.4,57.8,30.9,28.6,24.5,38.2,32.7,36.1,31.4,50,11.5,25.7,7.6,29.2,83.4,78.9,71.9,75.2,55
20150216,4,NO2,73,70.7,87.5,81.7,86.3,85,90.8,88,85.1,79,79.2,80.1,49.7,63.7,65.3,79.4,52.9,101.8,73.6,70.8,87.9,74.7,52.9,86.5,15.8,58.3,53,90.3,57.1,75,76.1,77.6,91,73,87.8
20150216,4,O3,12.1,9.8,5.9,8.2,,15.9,,,9.5,2,14.5,4.2,33.4,5.1,2,3.3,8.8,5.8,5.2,3.4,2,11.5,25.4,2,71.3,3.5,25.2,,2,,3.6,2,13.8,2,10
20150216,4,CO,3,3.1,3.9,3.6,3.7,3.5,4.2,8.9,4.2,4.6,4.9,5.1,1.8,3.1,3.2,2.9,2.6,4.1,5.6,5.8,5,4.5,3.3,4.1,0.6,4,2.6,4.1,2.7,4.6,3.5,3.5,3.8,3.7,3.6
20150216,5,SO2,60.1,20.8,73.3,65.8,73.5,84.2,43.6,37,62.8,59.3,37.4,63.3,18.3,30.6,42.6,61.3,3.4,52.7,35,27.5,23.5,44.7,26.6,34.4,31,30.3,14.8,23.3,4.8,20.7,72.4,66.8,67.4,68.1,40.8
20150216,5,NO2,70.1,62.9,88.8,81.9,84.1,83.5,102.2,79.3,97,75.7,77.6,79.5,70.8,63.7,68.6,76.6,69.8,93.1,76,67.7,80.8,76.7,54.7,83.8,17.1,,57.7,88,50.7,67.8,70.8,78,91.3,68.4,77.6
20150216,5,O3,11.6,9.1,5.5,7.7,13.1,15.5,2,7.9,9.1,2,13.6,3.5,39.1,3.6,2,2.8,8.6,6,5,2.2,2,12.9,20.5,2,64,2.5,21.2,2,2,11.1,2,2,12.9,2,11.8
20150216,5,CO,3.9,3.1,4.2,3.3,3.8,3.5,4.6,8.9,4.7,4.5,5.2,5.1,3.4,3.1,3.3,2.8,2.9,4.5,5.3,5.2,4.3,5.2,3.5,4,0.5,3.9,2.7,3.9,2.6,4.3,3.4,3.7,4.2,3.9,3.9
20150216,6,SO2,56.2,16.6,72.6,58.9,67.1,78.3,43.5,34,53.6,55.2,50.3,55.2,23.8,26.3,48.8,48.4,4.5,49.2,25.2,19.8,21.2,44,21.2,35.2,41.4,33.9,15.4,22.7,3.4,15,67.1,67.9,70.7,62.7,33.5
20150216,6,NO2,74.2,64.8,95.9,82,87.8,86.7,98.6,77.1,95.3,76.8,79.6,76.6,76.5,63.7,73.8,72.9,74.5,95.1,72.4,66.1,79.8,77.5,57.7,70.6,17.6,56.2,58.1,92.4,54.2,64.6,75.5,83.6,104.3,62.9,84.5
20150216,6,O3,12,8.6,4.8,8,13.4,15.9,2,7.5,9.1,2,13.6,3.5,54.7,2,2,4.7,14,7.1,5.1,2.6,2,10.6,15.7,7.5,67.4,2.4,18.8,2,2,10.1,2,2,11.3,2,9.1
20150216,6,CO,4.8,3.2,4.7,3.5,4.9,3.8,5.1,9.6,4.9,4.9,4.4,5.4,4.9,3.3,3.6,3.6,3.8,5.4,5.6,5.7,4.2,4.4,3.6,3.3,0.4,4.1,2.7,4.4,3.1,4.5,3.7,3.7,4.9,4.2,5.2
20150216,7,SO2,56.4,12.9,68.8,47.7,66.7,57.9,38.1,29.4,53.5,50.6,52.4,51.4,22.1,25.9,55.8,39.9,7.6,41.3,23.9,22.1,16.3,38.3,25.3,29.7,40.8,37.5,16.8,19.9,2.7,11.1,67,60.3,66.3,69.8,27.3
20150216,7,NO2,85,64.9,108.4,84.1,93.6,92.3,108.3,65.8,88.2,82.8,79.1,77.7,77.7,70.5,81.3,72.9,88,88.6,74.4,66.5,78.2,78.6,41,46.3,18.2,57.7,58.3,92.2,52.7,64.7,85.3,103.4,124.5,54.9,89.5
20150216,7,O3,11.7,8.9,4.6,8.2,14.4,16,2,6.5,9.1,2,13.1,3,60.6,2,2,8.5,14.9,6.9,6,2.2,2,11,33.9,20.4,72.8,2,15.3,2,2,9.6,2,2,7,2,9.1
20150216,7,CO,5.1,3.2,5.1,4.3,5.6,5,6.3,9.6,4.4,5.7,3.8,5.1,6.8,3.9,3.8,6.1,4.2,5.4,6.6,5.6,4.3,4.6,1.9,2.2,0.3,4,2.8,4.5,3.1,4.5,4.4,4.3,6,4.9,7.2
20150216,8,SO2,58.6,12.1,66.4,42.8,65.8,56.7,44.7,35.1,46.7,55,55.1,48.5,27.3,26.5,56.4,38.5,15.5,34.5,27.3,23.1,17,36.8,15.8,21.8,53.3,25.3,19.8,16.2,3.4,9.7,63.2,59.1,57.9,77.5,30.1
20150216,8,NO2,95.1,68.6,120,90.9,103.7,98,115.6,64.7,58.5,92.4,60,79.3,82.2,72.2,81.6,73.5,97.7,77.4,79.7,73.2,78.4,82.9,27.3,19.3,21.2,55.5,65.4,91.5,56.7,58.6,95.9,118,133.9,56.6,93.3
20150216,8,O3,12.1,9.6,5.1,8.5,15.5,16.6,2,6.5,30.2,2,26.9,3.3,58.9,2.3,2,6.2,17.5,6,5.8,2.8,2,12.5,53.6,48.6,63.3,5.1,12.7,2,2,10,2.3,2,3.3,2,9
20150216,8,CO,5.3,3.5,5.6,5.1,6.1,5.7,7.8,9.6,2.5,6.7,3.3,5.4,7.2,4.8,3.6,5.7,5.6,4.3,6.9,5.8,4.3,5.1,1.5,1,0.4,4,3,3.9,3.3,5.1,5,5.2,6.6,5.7,7.7
20150216,9,SO2,68.2,28.4,70.5,78.6,87.1,74.9,83.2,61.7,26.3,67.2,64.4,54.7,61.4,45,65.7,92.9,55.4,66.3,47,27.7,39.7,45.7,47.9,21.1,58.1,,43.3,27.5,9.1,28.2,63.6,77.7,71.8,90.1,56.3
20150216,9,NO2,108.8,86.6,118.1,103.9,111.3,113.1,123.5,71.2,11.3,107.1,76.8,85.3,88.6,72.6,77.8,93.2,104.9,81.4,77,76.5,77,80.2,30.6,25.3,19.4,,64,93.6,57.3,63.8,98.4,109.5,139.9,75.8,101.6
20150216,9,O3,13.6,10.4,6.3,9.7,13.1,19.6,2,7.9,70.5,2,21.2,4.6,43.6,4.8,2,7.9,19.6,9.5,6.7,4,2,16.9,39.9,45.3,66,,19.4,2,2,11.7,5.3,2,3.6,2,9.8
20150216,9,CO,5.8,4.2,4.9,4.8,5.9,6.5,7.9,9.5,0.6,7.2,5.4,5.5,5.3,4.4,4.1,5.5,5.5,4.6,6.1,5.9,4.3,5.1,1.3,1,0.5,,3,3.5,2.7,6.2,4.5,4.8,6.5,6.6,8.4
20150216,10,SO2,49.9,38.4,45,43.2,52.9,73.7,63.5,82.6,18.7,78.5,96,75,82.7,114.3,85.8,123,75.9,56.4,51.4,47,66.7,54.2,43.4,22.2,47.5,43.7,78.6,43.7,48.7,106.1,34.8,32.1,63.1,104,98.8
20150216,10,NO2,82.2,70.1,96.4,57.3,71.4,118.7,105.8,89.5,7.8,110,77.8,100.9,88.5,67.2,86,114.3,105.5,61.1,76.8,91.3,95,79.9,13,20,15.1,,72.3,90.2,53.8,71.3,74,64.7,122.7,100.2,125
20150216,10,O3,22.3,25.9,12.4,34.8,24.6,20.5,6.9,14.7,75.8,2,36.4,9.7,46.5,21,4.3,11.3,25.3,30.1,12.9,8.1,11.7,24.4,65.6,,74.5,34.8,29.7,9.3,15.8,23.6,22.3,21.3,9.1,2,12
20150216,10,CO,3.1,1.6,3.2,1.4,2.5,5.6,4.3,8.4,0.4,6,4.8,5.3,4.4,3.6,4.1,5.5,4.9,2.9,3.6,6.8,4.4,4.9,0.6,0.9,0.4,3.6,3.1,3.4,3,5.3,2.2,1.3,4,7.2,7.1
20150216,11,SO2,25.6,27.3,23,62.1,29.9,26.8,37.1,28.6,8.1,,91,66.8,68.2,98.3,78.7,96.4,73.7,18.8,13.2,58.3,70.5,66.8,16.5,19.6,34.8,41.1,77.2,47,97,101.6,24.6,29.9,28.6,91.8,54.8
20150216,11,NO2,40.9,51.1,52,120.2,41.7,39.7,76.5,33.5,6.7,,72.8,87.9,83,72.2,110.6,107.4,128.5,19.5,21.1,113.8,85.2,74.5,7.4,5,13,34.1,73.7,90.8,51.3,57.9,45.3,62.7,71.7,134.1,69.2
20150216,11,O3,45,47.3,36.4,21.2,45.7,48.5,24.4,44.9,80.4,,60.7,28.5,49.1,40.7,9.3,25.6,37.3,63.3,58.9,18.4,34.2,43.7,78.2,83.1,77.6,51.7,49.1,18,41,55.1,50.5,33,33.7,2,45.2
20150216,11,CO,1.2,1.1,1.2,4,1.3,0.9,2.1,2.4,0.4,,3.9,4.1,3.7,3.4,4.1,3.8,4.2,0.6,0.8,6.7,4,4.1,0.4,0.3,,3.5,3.1,3.4,3,3.5,1.3,1.4,1.4,6.6,2.6
20150216,12,SO2,10,25.9,11.3,56.9,12,11.7,17.4,18.4,5.7,66.7,49.1,18.5,35,59.5,42.6,46.8,42.6,14,5.6,55.1,50.2,61.5,4.8,10.2,9.9,16.1,44.3,45.2,43.9,108.2,13.8,37.7,11.6,69.3,8.8
20150216,12,NO2,20.6,62.3,33.5,118.9,14.3,21.3,54.1,13.8,4.9,88.3,43.9,19.8,49.4,62.6,60.9,60.4,81.3,16.5,5.3,69.3,55.1,54.8,3.1,4.2,11.2,10.3,54.5,90.6,29.5,59.1,30.1,97.7,38.1,117.3,17.5
20150216,12,O3,61.8,50.2,53.4,29.3,65.9,66.6,43.4,58.3,82.4,46,83,66.9,50.8,62,42.8,52.8,62.2,68.6,73.2,48.6,55.8,62.7,81.6,84.2,74.9,76.7,73,23.5,66.6,75.7,68.7,24.7,56,3.1,83
20150216,12,CO,0.6,1.6,0.9,3.6,0.6,0.5,1.1,1,0.3,3.2,2.1,0.9,2.1,2.6,2.1,1.7,2.6,0.5,0.3,3.5,2.3,2.6,0.2,0.3,,1.3,2.4,3,1.8,2.9,0.9,2.6,0.7,3.9,0.5
20150216,13,SO2,13.7,13.1,9.8,14,16.4,16.1,17.8,21.4,15.7,17.5,15.1,8.1,17.5,21.2,23.4,16.6,9.5,5,7.4,18.4,2,26.4,3.2,3.2,5.4,,20,40.1,19.9,73.1,11.4,15.8,13.9,29.6,12.6
20150216,13,NO2,10.2,17.8,18.4,17.7,9,17.1,38.8,13.2,6.3,27.3,20.9,8.9,32.9,23.4,39.1,13.5,38.1,12.8,5.7,22.4,5.5,21.4,2.2,2.6,6.3,,26.9,83,7.5,38,12.9,24.1,24.4,42.3,9.5
20150216,13,O3,70.3,83.8,64,78,70.1,71.9,51.8,61,81.7,73.2,80.9,76.9,56.3,86.6,63.5,79.1,72.6,73.8,73.9,74.7,79.2,79.3,83,86,88.9,,85.3,29.8,87.8,94.7,81.7,65.6,64.2,35.8,91.3
20150216,13,CO,0.3,0.4,0.4,0.5,0.5,0.4,0.7,0.9,0.3,0.8,0.8,0.4,1.4,0.9,1.3,0.2,0.6,0.4,0.3,1.2,0.4,0.8,0.2,0.2,,,1.2,2.4,1.1,1.6,0.5,0.6,0.4,1.3,0.3
20150216,14,SO2,9.1,13.6,9.2,14.4,8.6,9.7,16.1,11,10.6,12.5,7.4,10.8,11.3,10.2,12.9,14.9,4.4,2,7.7,6.2,2,4.5,2.7,2,2.1,,11.6,25,12.9,29.5,11.8,15.9,7.7,21.9,7.2
20150216,14,NO2,10.6,15,18,10.8,7.9,16.2,36,11.2,5.8,16.4,13.9,9.1,25.2,13.5,8.5,12.5,33,11.1,4.6,9.4,3.7,8.8,2.4,2.2,3.8,,17.2,52.7,2,21.2,12,12.6,21.6,23.5,7.7
20150216,14,O3,70.3,88.6,65.9,86.4,71.7,75.6,54,63.2,83.5,76.2,83.1,78.4,46.1,84.4,81.5,83.5,73.8,76.2,77.9,78.4,81.5,83.7,82.7,85.7,96.7,,88,37.7,96.5,104.5,82.4,73.8,68,47.6,94.5
20150216,14,CO,0.3,0.3,0.4,0.4,0.4,0.3,0.5,0.6,0.3,0.4,0.4,0.4,1.1,0.3,0.4,0.1,0.4,0.3,0.3,0.5,0.3,0.3,0.2,0.2,0.1,,0.7,1.2,0.8,0.9,0.4,0.4,0.4,0.6,0.3
20150216,15,SO2,3.6,6.5,2,9.8,4.2,5.3,9.8,9.7,5.7,10.8,4,9.3,10.9,6.1,6.8,9.7,2,2,8,2,2,3.5,2.9,2.1,2.1,,3.7,18.8,11.2,23.5,5,7.6,3.4,17.7,2
20150216,15,NO2,8.8,13.8,14.8,10.9,6.7,16.8,29.6,8.6,4.8,19,17.5,7.9,30.8,12.3,8.3,11,23.9,9.8,4.3,6.5,3.8,7.6,2.2,2,4.8,,9.2,41.3,2,18.6,11.6,13.6,22,19.7,8.3
20150216,15,O3,72.9,90.5,69.8,86.4,72.1,75.1,57.3,65.5,84.8,73.1,86.7,81.5,37.5,91.3,84.2,85.6,74.1,76.7,78.4,74.4,81.3,82.7,83.9,84.5,97.2,,85.2,41.1,99.1,109.6,82.2,72.3,67.2,54,94.8
20150216,15,CO,0.2,0.3,0.3,0.3,0.3,0.3,0.3,0.5,0.2,0.4,0.3,0.3,1.1,0.3,0.4,0.1,0.2,0.3,0.3,0.2,0.3,0.3,0.2,0.2,0.1,,0.3,0.8,0.6,0.7,0.4,0.3,0.3,0.5,0.3
20150216,16,SO2,2.3,3.1,2,4.9,3,3.5,6.5,8,2,7.7,4.3,6.5,8.5,6.6,3,7.7,2,2,6.5,2,2,6.7,3.6,2,2,,2.5,15.3,9.2,19.8,2,4,2.8,12.8,2.9
20150216,16,NO2,10.1,13.4,16.3,11.2,8,15.3,23.2,7.5,3.9,19.6,13.9,8.8,25.3,14,7.9,10.2,17.7,9.2,3.3,7.1,4.2,8.5,5,2,7.1,,7.1,37.6,2,17.7,10.9,19.9,23.7,24.1,24.1
20150216,16,O3,71.6,92.2,69.9,86.8,70.4,74.8,59.8,66.7,85.8,73.3,87.4,82.5,38.3,88.9,86.8,85.5,75.4,78.5,80.7,72.6,80.1,82,82.3,82.4,96.7,,82.5,41.2,95.7,114,82.7,68.8,66.6,49.1,79.4
20150216,16,CO,0.2,0.3,0.3,0.3,0.3,0.3,0.3,0.4,0.2,0.3,0.3,0.2,0.7,0.3,0.3,0.1,0.2,0.3,0.3,0.2,0.3,0.3,0.2,0.2,0.1,,0.2,0.5,0.5,0.6,0.3,0.3,0.3,0.5,0.4
20150216,17,SO2,2.9,2.6,2,3.2,2.4,3,5.1,5.8,2,2.7,6.6,4,8.8,3.9,4.4,6.4,2,2,5.1,2,2,7.9,2,2,2,,2.4,13.5,9.6,16.8,2,3,2,10,2
20150216,17,NO2,11.9,25.9,24.7,16.7,8.7,15.6,22.8,7.3,3.5,23,15.6,7.2,20.3,16.3,15.1,9.7,15.5,11.2,3.7,7.6,8.1,9.6,5.6,2,4.5,,8.5,35.6,2,18.5,16.3,36.2,31.9,34,25.1
20150216,17,O3,70,74.6,63,79.5,68.3,73.4,58.6,65.9,84.9,66.3,86.5,82.2,40.5,83.8,77.3,84.2,75.5,74.4,78.1,72.1,76.7,80.2,82.4,83.2,101.3,,80.6,39.5,99,112.4,72.6,56.6,59,42.1,76.4
20150216,17,CO,0.2,0.4,0.3,0.3,0.3,0.3,0.2,0.4,0.2,0.3,0.3,0.2,0.5,0.3,0.4,0.1,0.2,0.3,0.2,0.2,0.3,0.3,0.2,0.2,0.1,,0.2,0.4,0.6,0.6,0.3,0.3,0.3,0.5,0.4
20150216,18,SO2,4.2,2.5,2,3.2,3.8,2.2,6.1,7.9,2,2.1,10.2,3.3,10.1,2,5,7.4,3.2,2,7.5,2,2,4.5,2.1,2,3.1,,2.5,11.8,9.1,18.4,2,3,2,11.4,3.1
20150216,18,NO2,21.9,29.2,26.7,22.1,15.8,21.7,31.8,12.7,7.2,29.2,12.6,9.1,29.9,22.6,24.7,13,21.4,16.2,8.8,13.1,7.2,10,12.4,2,5.4,,9,35.5,2,23.3,19.3,40.3,34.6,46.3,37.6
20150216,18,O3,59.5,69,59.2,72,60.5,65.1,47.1,59.5,78.6,55.8,79,77.1,45.4,71.4,64.2,80.8,67.6,67.6,68.6,66.2,79,76.9,72.5,82.8,93.4,,78.8,36,92.5,100.8,68.7,51.7,56.8,24.7,63.2
20150216,18,CO,0.3,0.4,0.3,0.4,0.3,0.3,0.3,0.4,0.2,0.3,0.4,0.2,0.6,0.3,0.5,0.1,0.2,0.3,0.3,0.3,0.3,0.4,0.2,0.2,0.1,,0.2,0.4,0.8,0.7,0.4,0.4,0.4,0.6,0.5
20150216,19,SO2,7.3,3.6,2,4.8,5.4,2.8,9.4,8.9,3.1,3.9,8.5,5.3,13.2,4.5,9.3,9.1,2,2,8.7,7.6,4.6,8.4,3.7,2,2.1,,5.2,13.2,11.3,23.4,2.1,4.8,8.2,11.4,10.1
20150216,19,NO2,30.2,35.2,43.4,30.3,27.5,32,52.3,17.4,13.3,34,17.6,26.5,49.2,35.6,35,16.3,17.4,20.3,15.2,18.9,19.9,17.1,13.1,2,2,,13.4,38.3,2.2,54.3,30,54.2,42.5,43.1,51.8
20150216,19,O3,50.2,57.9,42.8,60.3,47.6,53.4,27.9,51.6,68.2,45.8,66.5,55.9,36.7,53.4,50.6,74.8,71.7,62.4,59.1,59,64.7,68.3,66.8,81.9,97.5,,70.9,31.6,69.7,67.4,54.4,31.1,49.2,24.7,43.9
20150216,19,CO,0.3,0.4,0.4,0.4,0.4,0.4,0.5,0.4,0.3,0.4,0.5,0.5,0.6,0.4,0.6,0.1,0.2,0.3,0.4,0.6,0.4,0.5,0.3,0.2,0.1,,0.3,0.4,1,0.9,0.4,0.5,0.5,0.6,0.6
20150216,20,SO2,9.3,6.8,5.8,8.9,7.2,8.8,14.9,13.6,3.1,6.6,29.8,7.8,8.8,7.4,12.6,12.7,2,2,7.8,7.6,2,7.2,4.9,2,2,,13.3,15.3,10.1,31.8,4.8,6.5,12.6,13.9,12.5
20150216,20,NO2,35.7,33.2,49.1,38.4,36.9,34.2,68,30,11,41.7,37.3,30.5,43.4,41.9,39.1,27,16.7,14.2,45.4,22,22.2,14.4,14.4,2,2,,19.1,41.7,4.4,79.5,36.2,54,59.7,52.6,62.5
20150216,20,O3,44,58.2,37,50.6,37.2,50.7,12.7,38,71,33.3,43.2,50.4,36.3,43.3,42.1,60.1,72.6,68.4,27.8,53.1,60.6,69.7,62.7,79.4,95.7,,60.5,26.9,49.9,36.9,47.7,29.5,34.2,14.5,35.3
20150216,20,CO,0.5,0.5,0.5,0.5,0.4,0.5,0.6,0.8,0.3,0.5,1.2,0.5,0.6,0.5,0.7,0.2,0.3,0.3,0.6,0.6,0.5,0.5,0.4,0.2,0.1,,0.7,0.6,0.6,1.6,0.5,0.6,0.7,0.7,0.8
20150216,21,SO2,6.9,5.3,10.2,8.5,7.8,5,20.3,23.7,3.2,7.6,15,10.6,11.6,8.8,16.8,15.8,2,2.9,15.8,12.6,2,10.3,7.7,2,2.3,,8.4,23.3,11.1,47.4,4.9,9.8,16.1,14.2,18.3
20150216,21,NO2,43.4,41.3,51.1,38,35.9,28.2,81,34.2,11.8,53.3,28.8,32.6,62.3,54.5,41.2,22.5,12.6,17.5,60.1,19.7,38.8,24.9,16.5,2,2,,14.8,55.1,2,91.4,43.1,66.2,57.4,55.1,58.3
20150216,21,O3,35.5,46.8,33.8,50.1,37.8,56.4,2.6,35.1,68.7,16.6,48.5,47,24.1,27.6,43,63.2,75.3,62.7,10.9,54.5,37.5,56.1,55.4,79.1,93.8,,64.6,15.8,46.8,20.1,39,17.3,33.9,8.9,37
20150216,21,CO,0.5,0.5,0.6,0.5,0.5,0.4,0.9,1.3,0.3,0.6,0.8,0.6,0.9,0.6,0.9,0.4,0.3,0.3,1.1,0.7,0.8,0.6,0.4,0.2,0.1,,0.5,0.7,1.2,2.8,0.6,0.8,0.7,0.8,0.7
20150216,22,SO2,9.6,5.6,11.8,8.6,8.9,5,17.8,32,3.7,11,20.4,8.9,12.6,8.4,19.2,14.9,2,2,17.6,11,4.7,11.7,7.7,2.2,4.9,,13.8,24.6,13.2,51.8,4.8,8.2,19,13.2,16.4
20150216,22,NO2,42.2,52.2,63,51.1,48.5,31.3,68.9,32.6,12.8,54,35.7,31.2,58,52.2,53.2,22.7,11,11.5,48.4,13.8,24.1,25.4,12.1,2,13.9,,23.5,67.1,11.3,82.7,43.4,65,63.2,60.4,61.6
20150216,22,O3,36.5,31.7,23,33.9,23.5,51.9,14.6,28.2,67.6,15.5,41.3,46.7,25.4,28.8,28.9,59.4,75.9,66.6,16.6,58.4,50.3,52.8,57.8,77.4,71.5,,53.3,7.7,32.2,14.9,37.7,17.7,29.5,5.8,32.6
20150216,22,CO,0.5,0.6,0.7,0.6,0.7,0.5,0.8,1.4,0.4,0.7,1,0.6,0.8,0.6,0.9,0.2,0.3,0.3,1.5,0.6,0.7,0.7,0.4,0.2,0.1,,0.6,1.2,1.4,3.8,0.6,0.8,0.7,0.9,0.7
20150216,23,SO2,18.6,10.4,8,10.9,11.7,8.1,24.2,56.1,5.9,8.8,18,10.5,15.8,7.8,11.6,19,13.8,2,18.4,9.4,6.5,9.1,8.5,2.4,9.5,,12.6,27.7,13.1,55.4,6.2,12.9,13.7,12.7,13.4
20150216,23,NO2,60.2,47.6,58.4,61.8,72.2,29.5,82.9,50.6,11.3,30.5,33.2,26.7,56.7,59.6,51.2,25.7,11.9,8.4,35.9,12.1,30.4,11.1,10.4,2,28.6,,21.7,73.4,14,77.7,47,80.5,67.9,62,59.7
20150216,23,O3,18.5,22.5,24.4,21.1,2,51.1,2,14.2,65.7,42.9,42.8,49.2,25.6,19.6,30.5,55.4,70.6,67.4,26.2,57.4,41.7,70,57.6,75,45.9,,56.2,7.8,26.8,12.9,31.5,6.4,24.1,4.7,30.2
20150216,23,CO,0.6,0.6,0.6,0.7,0.8,0.5,1,2.4,0.4,0.5,1,0.7,0.7,0.7,0.8,0.3,0.4,0.3,1.3,0.7,0.6,0.4,0.4,0.2,0.2,,0.7,1.7,0.8,5.7,0.7,1,0.8,0.9,0.9
20150216,0,PM2.5,201.2,177.7,174.3,202.6,167.5,173.4,191.1,356,191.5,243.5,238.3,233.5,245.5,198.1,205.2,205.9,190.1,230.4,257.5,197.2,287.3,195.8,321.8,318.9,294.7,266.6,153.5,230.6,191.4,328.6,196.2,205.9,179,215,181.6
20150216,0,PM10,,,,211,186.1,,218.8,,,254.5,267.6,269.6,,211.6,,,205.2,,,,316.4,205.2,326.1,,,318.2,,,199,,,206.6,,,
20150216,0,AQI,389,336,338,350,309,355,312,378,333,335,330,302,319,306,338,382,304,314,312,363,283,279,306,364,329,249,307,317,269,298,352,356,351,354,390
20150216,1,PM2.5,236.9,199.4,207.1,238.5,172.5,186.9,219.5,369.6,212.4,253.4,258.7,237.9,278,211.2,217.2,213.3,189,244.9,268.1,217.5,269.6,195.3,312.4,276,240.4,253,144.2,211.4,202.8,302,218.4,227.7,194.4,227.6,186.1
20150216,1,PM10,,,,248.6,194.3,,249.8,,,266.6,274.6,257,,,,,200.5,245.8,,,284.4,204.2,316.2,,,305.9,,,,,,,195.7,,
20150216,1,AQI,381,330,333,345,302,346,309,381,328,331,328,301,318,297,328,370,296,315,313,355,285,274,309,360,329,252,301,306,260,297,346,349,343,348,379
20150216,2,PM2.5,258,209,229.1,255.5,189.4,212.9,237.1,381.6,219.6,272.1,273.4,250.3,272.2,204.9,213.4,215,197.1,240.1,280.8,202.1,266.8,237.6,305,300,57.8,243.6,150,226.1,218.2,267,226.7,230.9,222.2,239.4,209.5
20150216,2,PM10,,,,256.9,213.6,,271.1,,,277.6,293,271.4,,,,,199.6,,,,289.4,242.4,305.9,,208.8,286.1,,,218.6,,,,223.2,,
20150216,2,AQI,374,324,328,340,297,337,308,383,324,328,327,301,316,289,319,360,291,316,315,350,288,273,311,362,320,255,295,301,253,294,340,343,337,342,370
20150216,3,PM2.5,283.3,228.6,250.1,272.1,214.5,236.9,259.6,402.1,229.8,281.2,304.2,263.3,250.9,225.5,207.5,218.5,201.3,233.6,271.9,222.6,289.6,218.2,262.9,289.8,23.9,226.5,137.7,235.2,214.3,259.6,258,251.9,251,253.8,262
20150216,3,PM10,,,,275.1,237.8,,289,,,,307,282.3,,,,,,,,,306.8,223.7,274.2,,124.7,272.2,,,,,,,254.7,,
20150216,3,AQI,369,319,325,336,293,330,307,386,319,326,326,302,313,283,311,351,286,317,316,346,292,271,311,364,309,257,289,299,244,292,335,338,334,338,364
20150216,4,PM2.5,291.3,229.4,263,251.8,231.7,250.5,280.4,348.6,242.4,273.8,290.8,278.7,250.1,232.6,222,217.7,205,215,269.8,249.3,256.5,218.9,226.5,277.3,44.5,228.6,142.3,231.4,214.1,269.7,246.9,239.1,272.4,242.4,270
20150216,4,PM10,,,,,252.3,,298.6,,,,297.7,285.4,,,,,,,,,259,,244.2,,122.1,271.5,,,,,,,,,
20150216,4,AQI,366,314,323,331,290,325,307,388,316,323,324,303,310,279,304,343,282,316,317,344,295,271,310,364,298,259,284,299,238,291,331,333,332,332,359
20150216,5,PM2.5,285,228.8,275.2,240.8,232.8,253,274.8,329.5,251.7,273,293,272.3,251.1,233.1,231,212,204.1,225.5,267.9,240.4,230.1,232.8,176.9,264.7,35.8,248.2,155,225.9,211.5,271.3,242.4,237.8,277.9,246,255.2
20150216,5,PM10,,,,,252.4,,296.3,,,,,274.2,,,,,,,,,,,208.1,,98.1,281,,,,,,,,,
20150216,5,AQI,362,310,321,326,289,321,307,389,314,322,323,305,307,276,300,335,276,315,317,342,296,272,308,364,286,262,279,300,236,292,326,327,331,327,354
20150216,6,PM2.5,301.8,218.1,269.6,245.9,238.7,261.6,265.6,312.4,238.9,281.7,279.6,271.5,267.4,239.4,232.9,233.5,196.5,248.1,268.3,239,226.7,224.5,201.7,229.5,32.8,233.5,158.1,241,213.9,259.9,241.3,238.9,280.5,243.9,255.9
20150216,6,PM10,,,,,251,,297.4,,,,290.3,272.3,,,,,,,,,,229.7,227.3,,127.7,270.6,,,,,,,283.9,,
20150216,6,AQI,359,305,319,321,288,317,307,389,311,321,321,305,304,276,298,328,270,314,316,339,297,274,308,360,274,265,273,299,238,293,321,321,331,322,349
20150216,7,PM2.5,298.3,216.1,261.2,253.7,241.3,247.5,276.4,298.4,230,296,274.6,254.1,298,248.5,240,280.8,205.3,254.7,284.4,231.4,230.1,226.7,107.6,137.9,23.9,228.7,157.7,243,222.2,254.3,262.3,241.6,283.1,249.6,248.8
20150216,7,PM10,,,,,261.3,,314.7,,,299.9,,258.2,301.3,,,,,,,,,,137.7,,145.3,266.7,,,,,,243.3,298.5,,
20150216,7,AQI,355,300,316,317,287,313,306,389,309,321,320,304,303,278,295,324,264,313,315,334,298,275,304,352,262,268,267,297,240,294,316,316,328,317,343
20150216,8,PM2.5,295.4,220.2,258.2,258.1,248.8,246.2,303.4,279.1,150,300.7,174.7,244.4,316.8,258.6,231.8,270.6,233.3,204.6,283.5,233.9,227.2,242.5,50.3,55.4,24.4,240.6,165,231.2,284.7,254.6,277.8,260.7,279.1,264.8,258
20150216,8,PM10,,,,278.3,272.8,,337.1,,,329.2,220.7,246.4,325.1,,,,243.9,211.6,,250.5,,254.1,99.6,,137.4,274,,,,,,291.3,306,282,
20150216,8,AQI,353,296,312,315,286,310,306,389,302,320,314,300,305,280,292,320,262,311,315,330,299,278,296,340,253,271,262,292,243,296,316,313,325,315,337
20150216,9,PM2.5,285.9,238.3,214,242.6,249.8,273.3,295.8,300.7,26.3,306.8,295.5,233.9,297.9,283.3,260.1,283.9,257.7,205.3,226.4,261.2,225.1,277.2,70,57.3,35.3,,178.5,244.3,231.6,317.1,229.8,235.2,246.4,279,300.8
20150216,9,PM10,,,219.8,,278,,337.9,,84,353.5,320.7,247.7,306.3,283.5,,,282.8,226.2,231.3,301.3,,285.8,140.4,,177.4,,185.3,,252.4,,,246.7,273.9,305.3,307.1
20150216,9,AQI,351,294,308,312,286,308,306,387,290,319,313,298,305,282,291,316,263,307,312,328,300,282,288,327,244,,256,287,245,298,313,309,320,313,334
20150216,10,PM2.5,167.6,93.7,134.3,85,120.9,270.5,157.3,296.6,23.8,329.3,320.5,251.9,314.4,305.3,292.1,313.8,248.9,159.3,152,315.6,255.2,281.3,39.8,59.5,39.3,235.9,179.2,284.8,288,378.8,101.8,57.4,162.2,281.5,321.3
20150216,10,PM10,,143.5,158.4,94.2,148.9,,214.3,,87.9,349.9,341,285.7,,,,339.5,272,194.7,205.4,338.6,257.2,289.5,128,,213.7,267.8,,,306.7,,124.8,113.1,195.3,334.4,
20150216,10,AQI,344,286,300,303,279,305,299,385,278,320,315,297,305,286,291,310,265,298,306,328,303,285,277,315,234,280,251,283,249,303,305,299,313,311,332
20150216,11,PM2.5,59.2,55.8,54.4,177.3,62.3,57.1,69.7,133.5,25.7,,307.8,235.6,274.7,312,309.5,260.6,225.8,30.6,60.4,377.6,248,274.4,19.9,24.1,31.1,245.4,191.2,292.5,308.1,309.5,66.6,58.8,55.1,306.8,287.6
20150216,11,PM10,,109.7,106.3,271.2,139.5,107.6,135,,99.2,,341.5,271.1,,,313.5,,240.5,212.6,121,380.4,277.3,,96.7,112.3,190.5,266.9,197.8,,329.5,311.8,113.7,127.4,126.3,324.5,
20150216,11,AQI,332,276,288,297,270,294,291,376,265,318,316,295,305,286,293,306,266,284,297,328,306,289,265,301,223,285,245,280,255,307,295,289,301,312,321
20150216,12,PM2.5,37.8,,41.6,211.1,30.9,38.1,33.9,35.7,18.5,,186.1,86.2,153.6,253.2,162.3,117.2,152.7,23.2,21.1,236.3,164.6,171.8,12,15.1,17.8,111.9,163.3,217.5,189.4,290.8,42.5,120.6,34.8,221.9,82.9
20150216,12,PM10,,164,112.6,285.3,216,187.2,134.5,,99.6,229.3,232,113.2,,,,186.6,183.5,150.1,122.4,,,177,54.5,96.1,122.5,,169.2,,218.6,333.3,115.1,207.5,145.9,,209.3
20150216,12,AQI,317,272,277,293,260,282,283,363,252,317,311,288,300,285,289,298,264,271,284,323,302,286,253,287,213,280,237,274,255,310,282,281,288,308,303
20150216,13,PM2.5,19.9,11.2,19.4,,17.2,23.1,17.8,34.7,15.4,12.7,77,16.5,82.6,,82.3,25.4,19,19,19.2,82.3,17.5,60.9,14.3,9.2,11,,81.2,177.5,107.4,173.1,27.6,66.4,26.8,79.7,28.4
20150216,13,PM10,,116.1,94.1,153.5,96.2,135.9,102.8,,70.9,69.5,149.2,76.9,122.3,81.4,123.6,188.3,80.7,66,73.9,,37,68.3,20.7,51.9,73.9,,,,231,226.4,98.1,147.5,98.5,96.2,150
20150216,13,AQI,301,259,264,289,250,272,277,351,240,304,302,276,293,283,281,287,256,263,270,313,292,286,242,273,202,,227,266,252,308,268,270,276,298,295
20150216,14,PM2.5,16.8,21.4,19.7,10.5,16.8,14.4,19.5,17.3,18.6,26.2,27.2,19.6,43.1,,21.7,14.5,16,11.3,23.2,27.4,15.1,15.6,6.3,10.8,10.5,,43.4,47.7,81.8,105.1,19.5,20.6,23.6,25.9,20.9
20150216,14,PM10,65.5,105.6,76.7,138.5,86.7,94.3,93.8,,77.7,112.2,168.4,91.8,56.7,153.6,101.8,88.4,70.6,35.3,74.3,40.6,,56.1,29.2,27.7,46.5,,54.5,225.2,177.4,130.1,106.5,132.3,107.1,193.1,89.4
20150216,14,AQI,285,246,252,276,239,259,264,338,228,291,292,265,284,281,269,274,248,252,261,300,289,281,230,262,189,,215,258,248,304,256,257,262,286,282
20150216,15,PM2.5,21.2,15.6,15,16.4,12.2,17,13.7,12,17.6,17.6,16.2,13.6,33.9,9.5,19.3,18.7,11.8,,19.6,16.3,11.2,14.4,14.7,12.3,4.9,,15.7,23.1,48.2,77,10.4,16,16.3,24.6,17.4
20150216,15,PM10,50.4,96.4,85.6,103.4,59.8,66.1,92.9,29.5,74.5,110.9,137.4,134.1,82.6,102.3,77.8,44.9,60.3,23.8,87.5,74.8,,50.5,24.2,22.2,50.4,,32.1,122.1,132.4,116.4,76.8,84.4,72.9,85.4,54.8
20150216,15,AQI,271,233,240,263,227,247,253,325,217,279,282,256,275,269,257,261,240,248,253,286,283,275,221,250,179,,203,252,243,299,243,245,250,274,268
20150216,16,PM2.5,11.4,8.4,14,12.2,14.1,12.7,13,10.6,9.1,14.3,17.2,18.5,19.2,17.2,13.1,13.3,13.9,4.6,16.1,19.7,11.7,11.7,12.3,3,10,,11.7,19.9,38.5,64.4,14.2,15.9,14.6,12.8,16.1
20150216,16,PM10,22.2,46.3,38.9,57.6,30.4,29,60.6,18.4,57.1,90.2,58,100.1,47.7,45.5,44.4,13.5,49.1,21.9,83.2,30.2,,37.7,31.5,179.2,47.6,,26,64.8,101.5,106.2,36,53.9,40.6,55.3,23.3
20150216,16,AQI,256,221,229,250,216,234,241,312,205,266,272,252,266,259,244,247,235,235,249,271,274,263,214,237,165,,192,245,238,294,231,232,237,261,255
20150216,17,PM2.5,13.9,10.1,15.2,9.9,12.3,13.6,10.1,16.4,3.6,12,9.1,10.7,16.8,17.5,13.9,9,12.7,8.5,12.2,11.7,12.5,13.7,19,5.9,12.4,,11,17.5,53,54.4,13.4,9.3,11.6,12.6,9.8
20150216,17,PM10,20.3,30.2,26.9,38.9,30.7,20.1,52.6,20.1,58,102.4,67.5,80.6,40.6,59.9,23.1,,44.4,35,73.8,,18.3,36.9,38.7,,49.2,,17.3,28.9,124.6,96.6,24.5,33.7,28.3,34.5,
20150216,17,AQI,241,208,217,237,205,222,229,299,192,254,260,241,256,250,232,236,225,225,239,255,263,252,206,224,152,,182,238,235,288,218,220,225,249,242
20150216,18,PM2.5,15.9,15.4,14.8,13.1,11.9,19.5,11.7,15.2,18,15.8,20.2,11.4,37.8,13.9,16.4,9.2,9.9,17.9,14.5,12.1,13.6,13.9,15,17.5,17.7,,13,15,50.3,58.9,15.5,13.6,15,14.6,20.9
20150216,18,PM10,38.5,31.5,29.3,34.3,35.5,34.8,48.2,18.3,49,60.8,51.4,68.4,78.3,32.1,,13.3,41.4,42.4,48.3,18.2,20.2,42.9,43.6,,57.9,,25.8,21.4,103.5,101.7,22.5,30.8,35.2,27.2,
20150216,18,AQI,227,194,206,225,191,209,217,286,178,243,250,230,248,241,222,224,214,215,229,241,252,241,196,211,138,,174,232,231,282,206,207,213,237,229
20150216,19,PM2.5,21.2,15.1,16.5,14.4,12.3,16.8,18.6,21.7,16,18.7,16.8,20.3,22.5,19.8,17.3,13.7,14.8,19.2,16.2,27.8,13.5,19.9,17.4,18.1,11,,15.6,19.7,97.2,70.7,18.6,17.3,20.7,16,23.8
20150216,19,PM10,35.2,42.6,38.6,39,46,40.1,56.9,23.9,44.2,55.1,46.4,52.2,56.5,,26.1,27.3,45.9,49,52.3,29.6,32.2,47.6,62.9,,71.3,,31.7,37.9,134.5,119.9,34.3,45.7,45,33.5,76.3
20150216,19,AQI,215,180,194,215,176,197,207,273,164,233,241,220,241,233,213,215,203,205,218,233,241,230,183,199,122,,165,226,228,276,194,197,202,228,217
20150216,20,PM2.5,26.8,18.8,20.8,20.6,16.6,21.5,20.9,40.5,22.8,20.5,37.5,16,24.6,20.9,23.9,23.8,16,14.9,22.2,30.9,20.3,19.4,20.7,12.8,11.4,,29.7,32.8,48.1,103.3,22.7,19.5,26.2,22.8,83.3
20150216,20,PM10,46.4,48.5,44.7,54.6,49.7,43.5,65.3,,52.3,65.5,61.3,56.9,36.1,32,32.9,26.9,47,54.2,57.2,,32.8,37.2,61.1,,64,,41.5,45.2,80.4,160.8,41.9,48.4,56.1,42,
20150216,20,AQI,206,168,183,207,165,186,198,262,152,226,234,212,234,226,207,208,191,192,208,223,229,218,169,182,107,,157,219,223,271,182,186,191,220,212
20150216,21,PM2.5,25.7,22.3,23.3,19.9,19.3,17.7,24.4,44.2,25.5,26.8,27,22.9,23.3,24.2,26.8,31.5,28.2,20.8,31.9,40.9,25.5,22.2,20.3,12.5,14.7,,24.8,48.4,53.3,147,23.5,22.8,24.5,23.8,48.9
20150216,21,PM10,41,55.4,51.5,51.8,58.1,42,82.1,,58.4,72.8,61.6,76,45.9,39.8,39,,46.3,66.6,73.7,,41.1,40.2,56.8,,50.9,,30.1,56.9,76.1,193.5,48.3,57,62.6,44.6,50.6
20150216,21,AQI,198,159,173,200,156,176,188,251,142,218,226,204,226,219,201,200,180,177,199,214,217,205,154,164,91,,148,213,217,266,173,176,181,213,206
20150216,22,PM2.5,29,20.6,24.5,24.4,18.7,18.5,21.3,36.9,17.9,23.1,38.6,19.9,29.1,35.2,29.6,21.2,19.7,21.2,45.5,21.8,25.2,26.3,19.7,13.6,15.9,,25.4,63.3,68.4,184.7,29.2,23.9,24.3,27.5,27.7
20150216,22,PM10,44,47.7,49.6,58.1,56.5,36.6,74.1,41.4,55.3,75.7,75.6,66,49,42.4,44.7,23.8,37.1,46.1,85.3,,42.9,45.2,51.2,,61.7,,31.8,65.5,69,221.1,41.4,49.3,60.2,43.9,48.8
20150216,22,AQI,188,150,164,189,148,168,179,238,133,210,218,195,218,212,193,190,168,164,187,205,204,192,140,148,79,,138,208,211,263,164,166,172,206,199
20150216,23,PM2.5,39.3,17.8,23.6,25.2,24.5,20.4,42.8,63.4,22,20.1,37.4,18.5,32.7,24.7,29.3,32.7,19.4,20.7,42.3,30.2,32.6,12.7,25.3,12.8,12.1,,29.1,82.2,40.4,231.3,25.7,23.8,24.7,26.5,29.7
20150216,23,PM10,,43.8,49.1,55.2,61.6,36.1,84.4,,51.2,69.2,72.3,60.6,46.8,32.1,33.6,,33.1,50.5,73.1,,37,24.2,57.2,,53.5,,32.7,,63.1,257.1,43.6,48.5,62.4,42.3,53.1
20150216,23,AQI,179,142,155,179,141,159,170,224,124,201,210,183,210,204,184,180,158,152,175,197,187,178,126,133,78,,130,203,204,260,155,156,163,198,191
