date,hour,type,dongsi,tiantan,guanyuan,wanshouxigong,aotizhongxing,nongzhanguan,wanliu,beibuxingqu,zhiwuyuan,fentaihuayuan,yungang,gucheng,fangshan,daxing,yizhuang,tongzhou,shunyi,changping,mengtougou,pinggu,huairou,miyun,yanqing,dingling,badaling,miyunshuiku,donggaocun,yongledian,yufa,liulihe,qianmeng,yongdingmengxi,xizhimengbei,nansanhuan,dongsihuan
20150903,0,SO2,2,2,2,2,2,2,2,2,2,6,2,2,4,3,2,3,2,2,2,2,2,2,2,2,2,2,2,4,2,4,2,5,3,2,4
20150903,0,NO2,44,39,53,57,68,74,37,9,16,65,16,19,18,30,33,42,24,14,8,6,13,9,7,6,2,3,10,31,20,18,57,103,89,75,81
20150903,0,O3,41,17,15,12,20,26,9,,46,7,47,57,49,46,49,55,9,48,44,32,6,19,33,45,59,31,68,17,27,21,23,8,2,11,2
20150903,0,CO,0.6,0.6,0.7,0.7,0.7,0.6,0.7,0.3,0.3,0.1,0.4,0.3,0.5,0.6,0.6,0.5,0.6,0.1,0.2,0.4,0.6,0.5,0.4,0.4,0.5,0.4,0.4,0.4,0.6,0.5,0.6,0.9,1.1,0.7,0.9
20150903,1,SO2,2,2,2,2,2,2,2,2,2,5,2,2,4,2,2,3,2,2,2,2,2,2,2,2,2,2,2,4,2,3,2,5,4,2,8
20150903,1,NO2,55,36,49,57,48,72,32,9,11,58,16,22,29,36,30,41,17,14,3,5,10,10,12,6,2,4,11,29,16,16,78,91,64,81,80
20150903,1,O3,20,7,9,4,16,17,9,,49,2,47,44,29,25,39,48,13,49,46,35,6,19,25,41,48,25,64,14,24,13,2,3,3,2,2
20150903,1,CO,0.7,0.6,0.7,0.7,0.7,0.7,0.7,0.3,0.3,0.1,0.4,0.4,0.6,0.6,0.7,0.5,0.5,0.1,0.4,0.4,0.5,0.5,0.4,0.4,0.5,0.4,0.4,0.4,0.7,0.5,0.6,1.1,0.7,0.8,1
20150903,2,SO2,2,2,2,2,2,2,2,2,2,2,2,2,4,3,2,2,2,2,2,2,2,2,2,2,2,2,2,4,2,4,2,3,2,3,3
20150903,2,NO2,53,42,39,55,42,79,20,8,13,52,11,32,40,36,32,58,11,14,12,4,4,11,11,7,12,5,10,27,16,16,60,72,53,70,67
20150903,2,O3,5,2,11,2,13,2,8,,41,2,42,25,14,21,31,14,17,49,20,39,9,16,15,40,35,19,58,19,10,10,2,4,4,2,2
20150903,2,CO,0.8,0.7,0.6,0.8,0.7,1,0.5,0.3,0.3,0.1,0.4,0.5,0.7,0.7,0.6,0.6,0.4,0.1,0.2,0.3,0.3,0.4,0.4,0.4,0.6,0.4,0.4,0.4,0.8,0.5,0.6,0.9,0.7,0.8,0.7
20150903,3,SO2,2,2,2,2,2,2,2,2,2,2,2,2,3,2,2,2,2,2,2,2,2,2,2,2,2,2,2,4,2,4,2,5,2,2,2
20150903,3,NO2,31,40,25,41,23,54,15,8,14,56,13,38,14,36,41,61,8,17,10,4,7,9,17,5,7,5,12,30,15,17,43,51,38,60,49
20150903,3,O3,15,4,20,8,29,2,9,,34,2,40,19,45,14,12,2,21,47,2,35,7,17,2,49,31,17,53,3,2,12,2,11,10,2,2
20150903,3,CO,0.6,0.7,0.5,0.7,0.4,0.7,0.5,0.3,0.3,0.7,0.4,0.5,0.4,0.6,0.7,0.6,0.3,0.1,0.1,0.3,0.3,0.4,0.4,0.4,0.5,0.4,0.1,0.4,0.9,0.5,0.6,0.7,0.5,0.5,0.5
20150903,4,SO2,2,2,2,2,2,2,2,2,2,2,2,2,3,3,2,2,2,2,2,2,2,2,2,2,2,2,2,3,2,4,2,4,2,2,2
20150903,4,NO2,24,31,21,26,19,40,21,7,12,44,9,24,17,37,52,42,9,30,5,5,9,9,22,5,3,5,13,26,13,17,26,36,31,41,41
20150903,4,O3,19,5,22,22,31,7,,,36,2,42,36,36,3,2,2,24,28,36,40,8,11,2,49,29,15,35,5,2,10,12,19,,14,2
20150903,4,CO,0.5,0.6,0.5,0.5,0.4,0.6,0.5,0.3,0.3,0.5,0.3,0.4,0.4,0.6,0.8,0.5,0.4,0.4,0.3,0.3,0.3,0.4,0.4,0.4,0.5,0.4,0.1,0.4,0.6,0.5,0.4,0.5,0.5,0.3,0.3
20150903,5,SO2,2,2,2,2,2,2,2,2,2,2,2,2,3,3,2,2,2,2,2,2,2,2,2,2,2,2,2,3,2,4,2,4,2,2,2
20150903,5,NO2,19,28,29,21,19,21,25,6,10,37,8,17,13,37,48,46,11,32,,5,6,8,22,4,17,4,13,33,16,18,24,33,35,29,25
20150903,5,O3,26,3,14,23,32,23,3,,35,2,44,40,41,2,3,2,15,25,23,37,2,19,2,49,19,13,32,5,2,7,17,8,7,16,12
20150903,5,CO,0.4,0.5,0.5,0.4,0.4,0.4,0.5,0.3,0.3,0.5,0.3,0.4,0.4,0.6,0.8,0.5,0.4,0.4,0.4,0.3,0.3,0.5,0.3,0.4,0.5,0.4,0.1,0.4,0.7,0.5,0.3,0.5,0.5,0.2,0.2
20150903,6,SO2,2,2,2,2,2,2,2,2,2,2,,2,3,2,2,2,2,2,2,2,2,2,2,2,2,2,2,3,2,4,2,4,2,2,2
20150903,6,NO2,16,24,31,19,28,15,22,6,10,39,8,22,20,37,29,32,10,44,16,11,7,13,18,5,32,4,11,26,13,15,24,34,37,34,33
20150903,6,O3,30,3,16,26,21,34,2,,32,2,28,35,29,3,16,4,17,11,21,23,2,15,4,56,25,13,33,2,2,5,21,12,9,17,2
20150903,6,CO,0.4,0.5,0.5,0.5,0.4,0.4,0.5,0.3,0.3,0.5,0.3,0.5,0.4,0.6,0.5,0.3,0.4,0.5,0.6,0.4,0.4,0.4,0.3,0.4,0.9,0.4,0.1,0.5,0.8,0.5,0.3,0.4,0.5,0.2,0.3
20150903,7,SO2,2,2,2,2,2,2,2,2,2,2,10,2,3,3,2,2,2,2,2,2,2,2,2,2,3,2,2,4,2,4,2,3,2,4,2
20150903,7,NO2,23,23,33,22,30,17,23,9,13,41,9,31,23,41,30,29,14,40,15,11,7,11,12,10,26,4,11,26,8,17,33,53,47,52,35
20150903,7,O3,28,6,18,26,22,29,2,,28,2,34,21,29,4,13,7,17,17,29,25,4,23,8,48,27,15,22,2,2,5,14,2,4,4,7
20150903,7,CO,0.4,0.5,0.5,0.5,0.5,0.4,0.6,0.3,0.3,0.5,0.3,0.5,0.4,0.6,0.4,0.3,0.4,0.4,0.5,0.4,0.4,0.4,0.4,0.4,0.7,0.4,0.1,0.5,0.8,0.5,0.4,0.5,0.6,0.4,0.2
20150903,8,SO2,2,2,2,2,2,2,2,2,2,2,2,2,4,3,2,4,2,3,2,2,2,2,2,2,3,2,2,4,2,4,2,4,2,5,2
20150903,8,NO2,27,35,30,24,21,17,20,8,10,39,16,23,27,36,22,26,8,29,11,11,5,10,13,7,19,3,10,24,24,21,37,48,42,60,35
20150903,8,O3,26,25,28,32,30,33,13,,37,2,21,36,24,18,27,19,27,31,36,28,8,31,17,54,42,20,26,19,5,19,20,14,13,4,14
20150903,8,CO,0.4,0.5,0.5,0.5,0.4,0.4,0.6,0.4,0.4,0.5,,0.4,,0.5,0.4,0.3,0.3,0.2,0.4,0.4,0.4,0.5,0.4,0.4,0.6,0.4,0.1,0.4,0.9,0.4,0.4,0.5,0.5,0.5,0.3
20150903,9,SO2,2,2,2,2,2,2,2,2,2,2,2,2,4,3,2,3,2,3,2,2,2,2,2,2,4,2,2,5,2,4,2,3,3,3,3
20150903,9,NO2,21,36,20,17,17,17,6,9,10,30,16,20,30,33,16,19,7,26,9,13,3,7,16,4,3,2,9,17,24,16,20,37,36,56,36
20150903,9,O3,39,34,46,50,45,45,42,,53,26,41,52,42,35,47,41,36,44,42,44,21,44,29,69,60,24,41,45,39,46,42,32,26,21,23
20150903,9,CO,0.4,0.5,0.5,0.5,0.4,0.4,0.4,0.4,0.3,0.4,0.7,0.4,0.5,0.5,0.4,0.3,0.3,0.2,0.4,0.4,0.4,0.4,0.4,0.4,0.6,0.4,0.1,0.4,0.7,0.3,0.3,0.4,0.5,0.3,0.3
20150903,10,SO2,2,2,2,2,2,2,2,2,2,2,2,2,4,4,2,3,2,3,2,2,2,2,2,2,7,2,2,5,2,3,2,4,4,3,2
20150903,10,NO2,17,27,20,15,16,12,6,10,5,21,14,21,26,25,16,13,6,24,12,13,2,6,10,4,12,2,8,10,20,17,19,38,33,45,28
20150903,10,O3,57,58,64,68,62,66,58,,78,54,61,68,63,54,62,68,50,57,50,69,36,49,46,77,64,39,58,73,68,69,56,45,44,39,47
20150903,10,CO,0.4,0.4,0.5,0.4,0.4,0.4,0.4,0.4,0.3,0.3,0.5,0.4,0.5,0.4,0.4,0.3,0.4,0.2,0.5,0.4,0.4,0.8,0.4,0.4,0.8,0.5,0.1,0.3,0.7,0.2,0.3,0.4,0.4,0.3,0.2
20150903,11,SO2,2,3,2,2,2,2,2,3,2,2,2,2,4,4,2,3,2,2,2,2,2,2,3,2,5,2,2,3,6,4,2,4,5,3,2
20150903,11,NO2,12,21,13,14,9,7,2,10,6,17,13,13,24,16,12,10,4,16,10,7,2,4,8,6,7,2,8,7,13,16,32,30,28,49,23
20150903,11,O3,76,82,87,84,86,90,84,,91,77,78,94,81,82,87,86,64,79,72,101,54,58,69,89,76,52,82,101,103,81,59,68,59,48,73
20150903,11,CO,0.4,0.4,0.4,0.5,0.4,0.4,0.4,0.3,0.3,0.3,0.5,0.3,0.4,0.4,0.4,0.2,0.3,0.2,0.7,0.4,0.4,0.5,0.4,0.4,0.8,0.5,0.1,0.3,0.6,0.3,0.4,0.4,0.4,0.3,0.2
20150903,12,SO2,2,3,2,2,2,2,2,4,2,2,2,2,4,4,2,3,2,2,2,2,2,2,2,2,3,2,2,2,6,4,2,5,2,4,2
20150903,12,NO2,9,16,8,12,8,5,2,12,7,12,13,12,18,15,8,9,3,10,7,3,2,2,4,6,2,2,8,6,13,16,51,26,23,49,18
20150903,12,O3,98,111,107,108,97,110,106,,107,101,106,118,107,104,112,106,74,90,93,106,66,70,81,107,97,64,92,119,133,103,65,94,75,66,98
20150903,12,CO,0.4,0.4,0.4,0.5,0.4,0.4,0.4,0.3,0.4,0.3,0.5,0.4,0.4,0.4,0.4,0.3,0.4,0.1,0.6,0.4,0.4,0.4,0.4,0.4,0.7,0.5,0.1,0.4,0.6,0.5,0.4,0.4,0.4,0.3,0.2
20150903,13,SO2,2,4,2,2,2,2,2,4,2,2,2,2,4,3,2,3,2,2,2,2,2,2,2,2,2,2,2,3,6,4,2,4,3,4,3
20150903,13,NO2,9,11,9,11,10,6,2,13,5,12,11,10,17,12,7,9,4,8,7,3,2,3,3,4,2,2,8,6,14,13,67,28,22,57,14
20150903,13,O3,111,136,125,128,117,129,114,,109,129,128,129,129,128,124,116,86,90,102,110,70,83,85,107,115,74,96,132,159,117,75,112,91,82,113
20150903,13,CO,0.4,0.4,0.4,0.4,0.4,0.4,0.4,0.3,0.4,0.3,0.4,0.3,0.5,0.4,0.4,0.3,0.4,0.1,0.5,0.4,0.4,0.4,0.4,0.4,0.7,0.5,0.1,0.4,0.6,0.8,0.4,0.4,0.4,0.3,0.2
20150903,14,SO2,2,4,2,2,2,2,2,3,2,2,2,2,4,3,2,3,2,2,2,2,2,2,3,2,2,2,2,3,6,4,2,5,6,4,3
20150903,14,NO2,11,11,10,13,11,8,2,14,5,12,9,11,16,11,9,9,4,8,8,3,2,4,3,4,2,2,8,5,13,11,29,23,24,68,15
20150903,14,O3,131,149,144,143,135,142,136,,119,154,142,152,137,132,132,124,94,89,116,120,80,88,98,108,129,75,104,138,170,118,120,129,110,94,130
20150903,14,CO,0.4,0.4,0.4,0.4,0.4,0.4,0.4,0.3,0.4,0.2,0.4,0.4,0.5,0.4,0.4,0.3,0.4,0.1,0.5,0.4,0.4,0.4,0.4,0.4,0.7,0.5,0.1,0.4,0.5,0.8,0.4,0.4,0.4,0.3,0.1
20150903,15,SO2,2,4,2,2,2,2,2,4,2,2,2,2,4,4,2,3,2,2,2,2,2,2,3,2,3,2,2,3,6,4,2,5,6,4,3
20150903,15,NO2,11,11,9,13,13,10,2,17,7,10,10,10,16,13,8,9,3,8,10,,2,5,3,4,2,2,6,5,12,11,21,29,38,67,41
20150903,15,O3,139,160,162,152,154,157,161,,146,156,147,161,139,129,133,137,101,91,126,129,86,92,99,109,128,77,105,136,169,119,135,134,120,93,120
20150903,15,CO,0.4,0.4,0.5,0.4,0.4,0.4,0.4,0.3,0.4,0.2,0.4,0.3,0.5,0.4,0.4,0.3,0.4,0.1,0.7,0.4,0.4,0.4,0.4,0.4,0.6,0.5,0.1,0.4,0.5,0.9,0.4,0.4,0.5,0.3,0.3
20150903,16,SO2,2,4,2,2,2,2,2,4,2,2,2,2,4,4,2,3,2,2,2,2,2,2,2,2,3,2,2,3,6,4,2,5,4,3,3
20150903,16,NO2,11,10,9,12,13,10,3,18,9,11,9,10,17,12,7,9,5,9,9,,2,7,6,4,2,2,7,5,13,11,25,26,33,56,23
20150903,16,O3,146,160,165,144,163,160,161,,165,153,141,164,127,131,132,142,111,101,138,125,92,95,113,240,131,78,110,140,174,124,134,128,131,99,140
20150903,16,CO,0.4,0.4,0.5,0.4,0.4,0.4,0.4,0.3,0.4,0.2,0.5,0.3,0.5,0.4,0.4,0.3,0.4,0.1,0.6,0.4,0.4,0.4,0.5,0.4,0.6,0.5,0.1,0.5,0.5,0.9,0.4,0.4,0.4,0.3,0.2
20150903,17,SO2,2,4,2,2,2,2,2,2,2,2,2,2,3,3,2,3,2,2,2,2,2,2,2,2,3,2,2,3,6,4,2,5,2,4,3
20150903,17,NO2,11,10,10,13,15,13,2,17,8,,9,11,18,13,7,9,7,10,10,,,6,7,5,2,2,7,6,10,11,26,29,49,70,32
20150903,17,O3,135,145,152,135,160,153,148,,153,131,132,152,133,130,137,142,109,119,133,129,104,114,115,127,134,75,123,149,145,131,125,119,111,79,132
20150903,17,CO,0.4,0.4,0.5,0.4,0.4,0.4,0.4,0.3,0.4,,0.5,0.4,0.5,0.4,0.4,0.3,0.4,0.2,0.5,0.4,0.4,0.5,0.5,0.4,,0.5,0.1,0.5,0.4,0.8,0.4,0.4,0.5,0.3,0.2
20150903,18,SO2,2,3,2,2,2,2,2,2,2,,2,2,3,3,2,3,2,2,2,2,2,2,2,2,3,2,2,3,5,4,2,3,2,3,3
20150903,18,NO2,12,11,13,14,15,16,7,17,11,18,7,12,21,15,10,13,10,14,12,9,9,9,8,10,2,3,7,7,8,15,34,42,63,68,42
20150903,18,O3,127,137,132,122,142,140,124,,138,131,129,141,143,147,141,146,109,139,122,133,117,124,128,145,150,94,121,149,120,102,109,103,78,71,116
20150903,18,CO,0.4,0.4,0.5,0.4,0.4,0.4,0.4,0.4,0.4,0.4,0.5,0.4,0.5,0.5,0.4,0.4,0.4,0.2,0.5,0.5,0.4,0.5,0.4,0.5,0.5,0.6,0.1,0.6,0.5,0.3,0.4,0.4,0.5,0.4,0.3
20150903,19,SO2,2,3,2,2,2,2,2,2,2,6,2,2,3,4,2,3,2,2,2,2,2,2,2,2,3,2,2,5,5,4,2,5,4,3,2
20150903,19,NO2,17,14,18,20,16,22,11,16,11,23,14,19,26,27,11,17,19,17,21,13,11,15,13,8,3,3,9,10,8,17,49,54,72,84,53
20150903,19,O3,117,134,125,119,129,127,115,,102,143,123,128,132,124,139,140,91,137,93,117,106,112,139,120,171,95,112,157,106,81,98,97,70,68,98
20150903,19,CO,0.5,0.5,0.5,0.5,0.4,0.5,0.4,0.4,0.4,0.5,0.6,0.5,0.5,0.6,0.4,0.5,0.5,0.2,0.6,0.7,0.5,0.6,0.4,0.5,0.5,0.6,0.2,0.7,0.5,0.3,0.5,0.5,0.6,0.6,0.4
20150903,20,SO2,2,4,2,2,2,2,2,2,2,6,2,2,4,3,2,4,2,2,2,2,2,2,2,2,3,2,2,5,5,4,2,5,3,2,2
20150903,20,NO2,25,21,19,24,24,28,20,17,14,25,15,26,43,31,17,22,17,23,23,17,13,20,15,8,11,4,12,12,12,17,52,103,58,76,89
20150903,20,O3,115,113,125,106,130,124,107,,88,124,106,110,85,102,117,136,104,103,63,106,92,95,134,108,142,93,100,134,73,41,88,45,88,64,58
20150903,20,CO,0.6,0.6,0.6,0.8,0.6,0.6,0.5,0.5,0.4,0.6,0.6,0.6,0.6,0.6,0.5,0.7,0.6,0.3,0.6,0.8,0.6,0.7,0.4,0.5,0.5,0.6,0.3,0.6,0.5,0.5,0.6,0.8,0.6,0.5,0.5
20150903,21,SO2,2,3,2,2,2,2,2,2,2,6,2,2,3,3,2,4,2,2,2,2,2,2,2,2,2,2,3,6,5,4,2,5,2,2,3
20150903,21,NO2,30,25,21,31,33,32,26,15,17,32,18,28,32,30,34,22,13,24,17,10,10,24,17,8,19,4,14,13,16,17,66,88,52,59,79
20150903,21,O3,96,91,103,82,110,105,83,,85,100,86,89,88,91,105,125,119,91,58,120,86,81,119,100,125,93,100,103,54,28,57,41,74,49,67
20150903,21,CO,0.7,0.6,0.6,0.8,0.7,0.7,0.5,0.5,0.4,0.5,0.6,0.6,0.6,0.5,0.7,0.7,0.8,0.3,0.5,0.7,0.7,0.8,0.5,0.5,0.5,0.5,0.2,0.5,0.6,0.5,0.7,0.7,0.6,0.6,0.8
20150903,22,SO2,2,4,2,2,2,2,2,2,2,6,2,2,3,3,3,3,2,2,2,2,2,2,2,2,2,2,3,6,5,3,2,5,2,2,2
20150903,22,NO2,36,27,18,30,32,31,27,13,18,43,20,31,32,30,46,22,15,24,24,10,4,9,13,8,11,4,12,17,16,17,57,70,51,70,57
20150903,22,O3,81,97,101,83,95,105,72,,81,84,70,71,77,82,93,100,98,83,41,100,95,118,110,90,110,89,89,78,76,31,57,52,70,45,82
20150903,22,CO,0.7,0.8,0.6,0.7,0.6,0.9,0.5,0.4,0.4,0.5,0.6,0.6,0.6,0.7,0.9,0.6,0.7,0.3,0.5,0.6,0.7,0.8,0.4,0.5,0.5,0.7,0.1,0.5,0.9,0.4,0.8,0.8,0.6,0.7,0.8
20150903,23,SO2,2,6,2,2,2,3,2,2,2,5,2,2,3,5,3,3,2,2,2,2,2,3,2,2,2,2,3,6,5,3,2,7,4,2,3
20150903,23,NO2,25,24,29,25,32,31,17,12,14,24,19,29,29,27,33,23,12,25,26,9,2,9,11,7,12,4,11,20,15,20,55,54,44,51,59
20150903,23,O3,98,110,81,98,98,110,77,,79,93,67,67,69,92,97,86,77,90,27,87,86,112,85,83,88,67,83,62,76,33,69,68,63,74,81
20150903,23,CO,1,1.1,0.8,1.1,0.9,1,0.5,0.4,0.3,0.6,0.6,0.6,0.6,1.1,0.9,0.6,0.6,0.4,0.6,0.6,0.6,0.7,0.4,0.5,0.5,0.6,0.1,0.5,1.3,0.4,1,1.1,0.8,0.9,0.9
20150903,0,PM2.5,18,14,22,18,16,15,18,9,5,20,11,8,8,19,23,19,21,7,6,16,13,8,3,7,9,3,14,20,17,22,21,19,23,18,17
20150903,0,PM10,35,27,51,28,41,32,42,13,18,32,19,15,15,51,48,54,37,8,11,18,17,,23,14,10,7,15,23,18,,44,92,74,79,73
20150903,0,AQI,22,21,29,57,34,37,19,23,15,33,16,19,18,30,23,22,19,16,17,31,16,28,18,15,19,13,22,20,32,19,29,52,45,44,41
20150903,1,PM2.5,19,17,20,18,14,12,21,11,5,16,13,10,16,26,25,25,16,8,4,9,11,11,8,6,9,,12,17,15,16,19,23,18,25,24
20150903,1,PM10,36,27,30,27,47,30,29,,13,44,22,16,23,52,45,55,32,10,10,,11,,24,12,13,12,15,24,,19,43,61,50,76,64
20150903,1,AQI,28,21,29,57,25,36,20,23,16,30,17,20,19,32,24,23,20,16,17,31,15,28,19,13,19,13,20,20,32,19,39,46,41,46,40
20150903,2,PM2.5,21,23,19,16,21,20,15,11,8,9,8,13,20,30,31,28,14,12,6,9,9,5,5,7,9,5,9,22,26,18,23,24,19,25,23
20150903,2,PM10,46,25,42,,48,44,20,13,15,24,14,32,25,37,39,65,,,21,,,11,24,12,13,11,16,26,,,35,,72,58,59
20150903,2,AQI,27,21,30,57,22,40,20,23,14,27,17,21,20,32,24,29,20,16,17,31,15,26,19,13,19,13,19,21,32,19,30,43,43,47,38
20150903,3,PM2.5,17,16,17,20,14,21,11,9,9,11,10,13,9,25,31,33,9,7,9,9,8,5,,5,9,3,13,20,23,17,26,21,14,17,20
20150903,3,PM10,24,28,25,,,37,17,,16,15,13,25,,27,37,70,,10,13,11,,,19,11,,9,15,31,,,39,39,17,34,41
20150903,3,AQI,21,22,29,57,22,28,20,23,14,28,17,21,21,32,25,31,20,15,18,29,15,26,19,16,18,13,17,21,32,19,29,43,42,46,39
20150903,4,PM2.5,15,21,13,14,9,15,10,8,10,11,6,10,5,20,26,25,6,8,6,7,8,8,4,8,12,4,13,24,25,10,10,15,10,17,17
20150903,4,PM10,,22,14,,,20,21,11,15,,12,12,12,,42,48,8,16,8,,,,27,13,12,10,16,26,,13,,,,19,18
20150903,4,AQI,22,22,28,59,23,21,20,23,14,26,17,21,21,32,27,29,20,15,17,29,15,26,20,16,18,13,16,22,32,19,29,43,42,47,39
20150903,5,PM2.5,11,17,16,11,11,9,11,9,5,11,3,9,,19,24,18,9,10,10,6,9,5,4,9,13,3,12,27,27,12,12,11,6,12,10
20150903,5,PM10,,,,,13,,19,10,14,15,9,11,8,,31,20,14,13,15,9,,5,24,15,14,11,15,33,,17,,15,18,,
20150903,5,AQI,22,22,30,59,23,18,20,23,14,27,17,21,21,32,28,29,20,16,18,28,15,25,21,16,18,13,16,23,32,20,30,42,41,48,39
20150903,6,PM2.5,9,10,15,14,11,10,10,9,7,12,7,7,5,15,16,15,10,15,13,5,6,4,3,8,17,8,14,27,25,12,11,9,10,8,10
20150903,6,PM10,,13,31,,19,,24,12,13,14,14,24,14,20,,,14,19,24,28,7,13,26,15,,15,14,32,25,13,,,25,17,24
20150903,6,AQI,23,22,30,62,23,18,21,23,15,27,17,22,20,31,28,30,20,23,18,28,14,25,21,18,17,13,16,24,31,20,32,42,42,48,39
20150903,7,PM2.5,9,5,16,6,10,3,14,14,6,13,8,10,18,12,12,12,7,12,5,8,8,13,,8,14,7,10,28,23,15,9,9,6,9,6
20150903,7,PM10,,16,24,15,16,12,23,37,19,28,18,27,,30,17,19,12,18,18,17,17,,31,24,21,12,20,82,35,49,18,38,40,38,
20150903,7,AQI,23,21,30,60,24,18,21,23,15,27,17,22,20,32,28,30,20,21,18,27,15,27,22,16,17,13,16,27,32,22,31,44,43,49,40
20150903,8,PM2.5,7,8,10,8,7,3,12,17,11,12,12,13,10,15,12,10,6,9,10,13,8,5,3,10,8,6,12,23,27,16,11,15,13,10,9
20150903,8,PM10,12,14,17,14,20,8,26,41,15,,29,25,24,,20,23,15,18,24,27,19,13,31,22,20,12,22,,119,35,,,,39,32
20150903,8,AQI,23,21,30,59,23,18,21,21,15,27,17,22,21,32,29,30,20,15,18,27,14,27,23,18,16,13,17,27,39,21,31,44,43,49,39
20150903,9,PM2.5,3,10,16,6,8,5,13,15,8,8,14,11,16,11,12,10,10,14,9,13,9,11,8,11,14,11,9,21,17,15,7,9,6,10,4
20150903,9,PM10,16,14,,9,17,11,14,,,,26,23,22,,,22,16,29,20,31,14,11,32,19,23,21,16,30,,,12,21,9,,5
20150903,9,AQI,23,20,30,59,23,18,21,21,17,28,17,22,21,32,29,30,19,16,18,28,14,26,23,22,19,13,17,28,39,21,30,44,42,50,38
20150903,10,PM2.5,9,6,18,9,9,7,8,12,8,12,9,10,18,10,12,9,12,13,10,12,9,15,11,13,23,8,12,16,10,10,8,11,11,17,8
20150903,10,PM10,,13,,11,19,,18,14,11,,21,23,18,11,28,13,18,20,21,32,24,37,30,20,27,13,18,,22,11,13,,,,
20150903,10,AQI,23,19,31,56,23,21,21,21,25,28,20,22,21,31,29,30,19,18,19,28,15,28,23,24,20,13,19,28,37,22,29,44,42,50,38
20150903,11,PM2.5,11,8,21,9,12,9,7,11,4,9,11,12,7,8,8,11,10,15,13,14,13,15,10,12,14,9,12,10,13,9,11,13,10,14,12
20150903,11,PM10,12,16,,10,,22,,,19,,19,13,11,,,17,11,20,32,26,,20,21,25,23,,17,,,24,14,,,,28
20150903,11,AQI,24,26,31,57,27,29,27,21,29,29,25,30,26,32,29,30,21,25,23,32,17,27,23,28,24,17,26,32,40,26,28,44,42,51,38
20150903,12,PM2.5,11,11,19,14,9,7,15,12,10,11,12,10,12,10,12,11,11,12,11,9,12,13,3,15,11,4,11,14,16,14,16,11,16,12,10
20150903,12,PM10,,15,,,11,,,,22,,17,17,,30,,,15,,28,19,,,7,23,,5,16,,23,17,,27,,,
20150903,12,AQI,31,35,34,34,31,35,34,22,34,32,34,37,34,33,36,34,24,29,30,34,21,27,26,34,31,20,29,38,42,33,28,43,44,51,40
20150903,13,PM2.5,15,14,22,14,11,5,11,11,12,13,14,10,11,10,11,10,10,9,11,10,7,9,7,16,14,9,11,16,16,10,18,12,18,17,11
20150903,13,PM10,,15,,,16,9,14,,21,18,19,13,15,,34,19,13,,14,,8,,11,20,36,12,12,38,23,19,21,,,34,
20150903,13,AQI,35,43,40,41,37,41,36,23,34,41,40,41,41,40,39,37,27,29,32,35,22,27,27,34,36,24,31,42,50,37,34,45,44,51,40
20150903,14,PM2.5,15,5,22,14,14,12,16,8,12,13,9,18,12,12,13,11,10,8,12,9,11,3,6,10,12,12,11,20,20,14,12,16,23,18,12
20150903,14,PM10,20,17,,21,17,25,,13,18,,19,23,15,35,22,29,16,10,17,20,12,12,9,16,19,14,17,26,30,18,29,36,,30,43
20150903,14,AQI,41,47,46,45,43,45,43,22,38,49,45,48,43,42,42,39,30,28,37,38,26,28,31,34,41,24,33,44,63,37,38,44,45,51,41
20150903,15,PM2.5,18,14,20,12,13,16,17,13,9,13,14,13,15,10,14,9,12,13,20,12,11,15,3,7,12,7,10,12,18,13,12,16,23,16,15
20150903,15,PM10,22,20,25,19,21,,20,18,23,32,24,21,17,14,29,32,22,,34,,,,17,17,21,,14,16,18,16,35,23,38,41,39
20150903,15,AQI,44,51,53,48,49,50,51,22,46,49,46,51,44,41,42,43,32,29,40,41,27,29,32,35,41,25,33,43,62,38,43,43,45,50,43
20150903,16,PM2.5,14,8,22,15,14,12,14,13,14,11,12,12,14,9,11,14,12,10,14,15,8,16,5,9,15,5,11,15,16,15,15,11,25,18,16
20150903,16,PM10,25,20,27,20,29,22,27,24,27,21,24,25,18,40,29,34,23,12,29,26,12,68,23,20,20,10,20,34,29,30,28,32,45,29,51
20150903,16,AQI,46,51,56,45,55,50,51,23,56,48,44,56,40,41,42,45,35,32,44,40,29,31,36,121,42,25,35,44,68,39,43,42,45,50,45
20150903,17,PM2.5,13,12,21,14,17,11,13,18,12,13,10,12,15,10,13,13,14,16,14,11,12,16,5,11,14,6,13,17,18,14,11,14,26,19,14
20150903,17,PM10,24,22,26,17,25,25,26,27,24,32,20,30,19,12,20,39,27,26,26,34,20,43,16,18,29,18,27,34,25,24,18,35,40,63,31
20150903,17,AQI,43,46,48,43,50,48,47,24,48,41,42,48,42,41,43,45,35,38,42,41,33,36,36,40,42,24,39,47,46,41,40,42,44,51,45
20150903,18,PM2.5,14,16,19,11,14,11,14,15,13,13,14,11,15,12,15,20,14,13,12,15,15,13,5,10,16,11,15,19,12,12,11,9,26,19,14
20150903,18,PM10,25,21,29,20,32,25,27,36,27,34,26,27,27,50,23,39,43,23,27,61,28,23,23,26,28,53,26,50,61,21,17,18,55,38,39
20150903,18,AQI,40,43,42,39,45,44,39,24,44,42,41,45,45,47,45,46,35,44,39,42,37,39,40,46,48,30,38,47,38,32,35,41,47,51,45
20150903,19,PM2.5,9,15,16,16,13,12,14,14,8,16,17,20,17,20,15,19,16,14,16,16,18,18,9,11,15,13,13,21,14,13,19,16,21,21,19
20150903,19,PM10,34,21,46,38,36,22,32,48,23,43,33,47,34,44,37,49,46,35,44,59,32,33,29,33,36,40,28,56,20,35,58,69,82,96,29
20150903,19,AQI,37,42,40,38,41,40,37,24,32,45,39,41,42,39,44,44,29,43,29,37,34,36,44,38,64,30,35,49,34,26,31,41,48,51,42
20150903,20,PM2.5,18,19,23,23,19,19,15,17,11,20,19,26,22,21,16,24,19,18,23,24,23,15,10,15,16,15,23,29,11,15,23,23,27,26,20
20150903,20,PM10,44,33,47,50,43,37,37,39,28,36,41,63,38,44,40,86,41,42,55,65,49,44,35,28,27,35,46,47,,34,54,68,72,84,75
20150903,20,AQI,36,36,40,34,41,39,34,25,28,39,34,35,27,37,37,43,33,33,24,34,29,30,42,34,45,30,32,42,33,24,32,52,49,51,45
20150903,21,PM2.5,21,21,21,29,23,19,19,22,15,20,18,26,25,20,26,31,28,19,23,23,21,26,13,13,14,16,21,29,16,15,20,25,24,29,33
20150903,21,PM10,52,39,38,52,58,53,34,48,36,58,44,58,46,32,75,78,58,35,44,52,53,58,41,27,26,31,30,44,19,31,67,85,40,101,115
20150903,21,AQI,30,29,33,26,35,33,26,26,27,33,27,28,28,35,35,42,38,29,24,38,27,29,38,32,40,30,32,36,34,24,33,45,46,52,46
20150903,22,PM2.5,24,28,26,21,21,27,19,22,15,22,18,24,27,19,34,28,35,19,19,21,26,25,11,13,19,19,16,29,28,19,29,27,20,35,35
20150903,22,PM10,66,47,43,49,52,61,44,33,31,56,47,54,48,80,56,67,56,33,42,35,53,41,32,22,23,43,20,40,41,29,79,98,64,102,82
20150903,22,AQI,31,31,33,26,30,33,27,26,26,33,24,27,25,37,36,43,31,26,25,32,30,37,35,29,35,28,28,36,34,24,36,48,48,53,48
20150903,23,PM2.5,39,38,31,32,30,30,18,24,14,21,25,23,32,36,38,35,25,28,22,27,22,21,11,13,18,22,14,36,33,22,45,41,34,38,37
20150903,23,PM10,71,62,84,65,72,56,42,26,31,57,55,53,51,86,71,65,49,57,40,46,40,42,34,22,22,35,21,43,40,39,74,92,153,104,82
20150903,23,AQI,34,35,36,31,32,35,27,26,25,33,25,29,24,39,38,43,27,29,26,33,27,36,27,26,28,22,26,37,35,25,37,50,52,54,49
