date,hour,type,dongsi,tiantan,guanyuan,wanshouxigong,aotizhongxing,nongzhanguan,wanliu,beibuxingqu,zhiwuyuan,fentaihuayuan,yungang,gucheng,fangshan,daxing,yizhuang,tongzhou,shunyi,changping,mengtougou,pinggu,huairou,miyun,yanqing,dingling,badaling,miyunshuiku,donggaocun,yongledian,yufa,liulihe,qianmeng,yongdingmengxi,xizhimengbei,nansanhuan,dongsihuan
20151119,0,PM2.5,79,78,94,86,102,82,103,94,84,101,108,118,,81,75,69,106,82,101,71,96,81,65,72,136,85,72,75,,146,90,87,104,92,87
20151119,0,PM10,,,,,107,,,117,113,,118,123,,,,,,113,130,73,102,100,,79,,118,,,,,,,,,
20151119,0,AQI,86,85,89,88,91,78,91,91,73,96,92,106,,79,77,70,97,86,85,76,97,83,118,88,71,85,80,69,,102,95,92,95,94,88
20151119,1,PM2.5,87,78,94,89,101,87,101,100,101,93,110,124,,83,79,78,94,80,106,82,95,85,60,60,227,83,78,83,,135,88,91,108,103,87
20151119,1,PM10,,,,,114,,,140,127,,123,,,,,,,110,134,,102,92,,,,111,,,,,,,,,97
20151119,1,AQI,88,86,91,90,93,79,94,93,77,98,95,109,,81,78,72,99,87,88,78,98,84,114,88,79,86,81,71,,106,96,93,98,97,90
20151119,2,PM2.5,91,83,96,90,105,87,106,93,110,91,100,126,,83,82,77,105,56,90,83,93,83,49,41,305,73,78,89,74,103,90,90,102,92,86
20151119,2,PM10,,,102,,111,,106,114,127,,,,,,,86,,,104,91,,85,,,,75,,,,,92,,109,,97
20151119,2,AQI,90,88,93,92,96,81,96,95,79,100,97,113,,82,80,73,101,87,90,79,99,85,109,87,92,86,82,73,76,107,98,95,100,99,91
20151119,3,PM2.5,84,84,94,82,101,89,104,92,68,87,91,121,,66,83,81,99,47,92,82,89,79,41,34,275,70,79,87,67,95,86,87,109,88,89
20151119,3,PM10,,,,,,,,,69,,,,,73,,,,,94,87,,,,,,,,,68,,,,,,
20151119,3,AQI,92,90,95,94,99,83,99,96,80,101,98,115,,83,82,75,103,87,92,81,100,87,104,86,103,87,126,75,78,109,100,97,103,100,93
20151119,4,PM2.5,84,80,98,82,97,91,93,88,46,89,89,96,,72,85,83,97,41,74,80,84,73,43,35,,61,88,82,71,88,88,90,99,89,96
20151119,4,PM10,,,,,,,,,,,,,,,,,,,,83,,,,,27,,,,74,,,,,,
20151119,4,AQI,94,92,99,96,102,86,101,97,80,104,100,117,,85,84,77,105,86,92,82,102,89,99,85,55,87,84,78,79,110,102,100,106,102,96
20151119,5,PM2.5,81,79,82,75,78,79,69,78,47,74,74,67,,74,72,80,107,66,59,77,96,59,41,41,,64,87,87,74,86,87,82,81,85,87
20151119,5,PM10,,,,,,,,,,,,,,,,94,,,,,,,,,26,,,,,,,,,,
20151119,5,AQI,97,94,101,98,104,88,103,97,79,105,101,117,,87,86,79,108,87,92,84,104,89,93,85,53,87,86,81,81,113,104,102,108,104,98
20151119,6,PM2.5,71,68,72,70,81,83,68,74,49,68,58,66,,69,76,82,114,81,55,75,91,57,42,52,16,64,79,84,72,83,77,73,71,72,84
20151119,6,PM10,,,,,,,,,,,,,,76,,,,,,,,,,56,28,,,,,,,,,,
20151119,6,AQI,98,95,103,99,106,90,104,97,79,106,102,118,,88,88,82,111,89,93,85,106,90,90,85,101,88,87,83,84,115,106,103,109,106,100
20151119,7,PM2.5,72,53,64,71,90,84,78,69,57,60,56,73,,75,83,82,104,65,53,80,80,60,41,71,21,54,78,87,65,78,70,72,81,77,94
20151119,7,PM10,,,,,,,,,,,,,,,,,,,,,,,,80,28,,,,,,,,,,
20151119,7,AQI,99,95,104,101,108,92,105,98,80,106,102,119,,90,90,84,114,90,94,87,107,90,86,86,99,88,89,86,84,116,107,104,111,107,103
20151119,8,PM2.5,83,70,78,64,94,83,81,77,56,76,59,78,,85,78,86,111,65,52,82,81,70,49,76,20,61,80,88,72,89,83,83,87,92,87
20151119,8,PM10,,,,,,,,,63,,,,,,,,,,,,,,,,29,,,,,,,,,,
20151119,8,AQI,101,97,106,102,110,94,107,100,81,108,103,120,,92,92,87,117,90,94,89,109,92,82,87,96,89,92,88,85,118,109,105,113,109,105
20151119,9,PM2.5,77,91,86,70,102,79,81,90,66,84,68,85,,82,87,92,114,73,59,76,95,71,55,70,15,59,72,95,64,83,85,87,93,98,83
20151119,9,PM10,,,,,,,,,,,,,,84,,,,,,,,,,73,27,,,,71,,,,,100,
20151119,9,AQI,103,99,108,103,113,97,109,102,81,108,104,121,,94,95,89,120,92,95,91,111,93,78,89,94,89,93,91,85,119,110,107,116,111,107
20151119,10,PM2.5,77,81,81,79,81,88,77,86,54,88,67,75,,95,,92,125,82,63,71,101,82,3,88,3,55,74,94,75,98,91,94,88,,90
20151119,10,PM10,,,,,,,,,,,,,,,,,,,,,,,47,,,,,,81,,,,,,
20151119,10,AQI,104,99,108,104,114,98,110,104,84,110,105,122,,96,,92,124,93,96,92,113,95,72,90,91,89,95,94,86,120,111,108,117,,109
20151119,11,PM2.5,81,96,76,80,94,102,82,88,46,80,64,72,,103,,108,111,81,69,66,103,57,3,61,3,48,77,92,87,110,103,98,80,,110
20151119,11,PM10,,,,,,,,,,,,,,104,,,,,,,,,57,,16,,,,,,,,,,
20151119,11,AQI,104,101,109,105,116,104,111,106,86,110,105,122,,98,,95,127,95,97,93,116,96,67,91,91,89,97,96,88,123,113,110,118,,111
20151119,12,PM2.5,89,99,98,93,112,103,86,80,49,73,68,66,,96,3,92,112,64,58,82,78,42,39,41,12,3,83,99,79,103,105,103,98,,107
20151119,12,PM10,,,,,,,,,,,,,,,,,,,,,,,40,,16,,,,,,,,,,123
20151119,12,AQI,106,103,111,107,118,109,113,107,87,110,106,122,,100,94,98,130,95,97,94,117,96,63,90,92,87,98,99,89,125,115,112,119,,113
20151119,13,PM2.5,87,94,84,84,83,78,77,76,37,81,71,68,,100,57,74,95,64,50,81,52,38,62,31,17,29,98,101,77,92,99,91,98,,89
20151119,13,PM10,,,,,,,,,,,,,,,,,,,,,,,,,17,41,,,,,,,,,
20151119,13,AQI,107,105,112,108,119,110,113,108,86,111,107,122,,102,94,99,131,95,96,96,117,97,66,88,93,87,100,102,91,126,116,113,120,,115
20151119,14,PM2.5,53,57,71,65,68,52,59,74,31,91,64,58,,62,65,82,76,54,51,88,48,35,58,30,17,38,118,101,68,92,68,66,74,79,64
20151119,14,PM10,,,,,,,,,,,,,,,,,,,,,,,,,,,,,,,,,,,
20151119,14,AQI,106,104,112,107,119,109,113,109,85,112,107,121,,102,94,100,131,95,96,99,116,96,69,86,93,87,104,105,91,131,116,113,120,116,115
20151119,15,PM2.5,56,59,51,48,51,59,49,71,32,60,72,62,,64,74,82,3,48,50,115,51,36,48,30,18,32,134,109,64,79,62,58,50,58,64
20151119,15,PM10,,,,,,,,,,,,,,,,,58,,,,,,,,18,,,,,,,,,,75
20151119,15,AQI,105,104,110,106,118,109,112,109,84,111,108,121,,102,95,102,127,94,96,103,114,94,69,83,92,85,108,108,92,132,115,112,118,114,114
20151119,16,PM2.5,55,68,47,61,53,70,41,68,30,56,52,57,,80,79,94,3,36,50,110,98,37,33,30,20,35,101,86,96,59,65,64,55,72,79
20151119,16,PM10,,,,,,,,,,,,,,,,,91,,,,,,,,21,,,,,,,,,,
20151119,16,AQI,104,103,109,105,117,108,110,109,83,110,106,120,,102,95,104,123,92,95,106,115,93,67,80,90,83,110,110,95,131,114,111,117,114,114
20151119,17,PM2.5,70,71,61,61,69,82,45,53,31,76,48,56,,84,75,77,90,41,40,94,144,74,20,29,16,40,88,67,92,57,81,80,68,70,97
20151119,17,PM10,,,,,,,,,,,,,,,,,,,,,,,,,21,,,,,,,,,,
20151119,17,AQI,104,103,109,104,116,108,109,108,81,110,105,118,,104,96,104,124,91,94,109,118,92,65,77,89,81,111,111,97,130,113,111,117,113,115
20151119,18,PM2.5,58,52,60,54,63,57,47,57,29,59,58,60,,49,55,69,87,80,42,82,125,79,32,24,10,46,68,66,64,59,65,57,65,57,67
20151119,18,PM10,,,,,,,,,31,,,,,,,,,,,,,,,,12,,,,,,,,,,
20151119,18,AQI,102,101,108,102,115,107,107,107,79,108,104,116,,103,96,104,124,91,92,110,120,92,63,74,87,79,111,111,98,128,112,109,116,111,114
20151119,19,PM2.5,62,53,53,52,62,66,49,53,33,46,37,45,,48,66,68,104,76,44,66,116,92,34,57,17,61,53,86,38,70,63,63,56,59,74
20151119,19,PM10,,,,,,,,,,,,,,,,,,,,,,,,,22,65,,,,,,,,,
20151119,19,AQI,102,101,106,101,114,107,105,106,77,106,101,113,,103,96,105,124,90,91,109,121,92,62,73,85,78,110,112,97,126,111,109,114,109,114
20151119,20,PM2.5,68,70,55,55,58,70,51,47,24,51,48,44,,53,73,89,101,71,35,60,98,106,30,61,21,109,52,94,45,40,71,64,62,66,85
20151119,20,PM10,,,,,,,,,,,,,,,,,,,,,,,,,,,,,,,,,,,
20151119,20,AQI,101,101,105,99,112,107,103,104,75,105,99,110,,101,96,107,125,90,89,109,120,93,61,72,83,80,109,114,96,123,110,107,112,108,114
20151119,21,PM2.5,72,76,67,65,69,78,52,46,17,53,47,46,,57,80,88,90,71,35,52,92,91,29,64,15,87,57,93,50,38,82,75,70,72,103
20151119,21,PM10,,,,,,,,,20,,,,,,,,,,,,,,,,15,,,,,,,,,,
20151119,21,AQI,100,101,103,98,111,106,101,102,71,103,96,106,,100,97,108,124,89,87,107,120,93,59,71,80,80,108,116,94,118,110,107,111,107,115
20151119,22,PM2.5,76,80,68,73,69,85,59,47,29,60,48,50,,66,89,85,79,67,40,53,87,89,29,53,16,67,57,88,56,42,85,84,72,84,105
20151119,22,PM10,,,,,,,,,,,,,,,,,,,,,,,,,,,,,,,,,,,
20151119,22,AQI,100,101,102,97,110,107,99,100,69,100,93,102,,101,97,110,123,89,85,105,120,93,57,70,78,80,107,116,94,114,110,107,110,107,116
20151119,23,PM2.5,73,80,67,68,69,82,60,53,27,66,49,54,,77,83,77,65,68,39,59,80,63,24,60,17,62,49,72,63,47,86,85,76,88,97
20151119,23,PM10,,,,,,,,,,,,,,,,,,,,,,,,,,,,,,,,,,,
20151119,23,AQI,100,101,100,96,108,107,96,98,67,99,90,99,,101,98,110,121,88,83,104,120,92,55,70,74,79,106,116,93,109,109,107,108,108,117
20151119,0,SO2,11,9,6,7,10,8,9,7,6,5,2,8,,4,5,2,4,3,4,9,4,2,2,4,2,4,5,8,,6,11,10,12,14,12
20151119,0,NO2,41,28,43,27,56,74,43,51,45,48,41,48,,35,2,44,50,58,44,41,53,56,43,47,48,43,37,52,,45,47,51,56,48,44
20151119,0,O3,4,5,2,3,5,2,2,2,80,2,2,2,,11,7,2,2,2,2,12,2,2,2,2,2,2,23,2,,2,2,2,2,2,2
20151119,0,CO,1.2,1,1.1,1,1.3,1,1.1,1.5,1.4,1.3,1.4,1.6,,0.9,1,0.8,1.3,1.5,1.3,0.9,1.5,1.2,1,1.1,1.1,1.1,0.7,1,,1.6,0.8,0.9,1.1,1,1
20151119,1,SO2,10,8,6,7,10,7,9,7,7,5,3,8,,4,5,2,4,3,4,9,3,2,2,4,2,3,5,8,,6,9,11,11,12,14
20151119,1,NO2,40,27,39,27,55,77,42,58,45,43,35,47,,43,2,41,38,57,44,40,53,53,40,43,48,38,37,46,,42,46,52,51,47,41
20151119,1,O3,3,5,2,3,4,2,2,2,81,2,4,2,,5,5,2,2,2,2,10,2,2,2,2,2,2,27,2,,2,2,2,2,2,2
20151119,1,CO,1.1,1,1,1,1.3,1,1,1.6,1.4,1.2,1.5,1.5,,1.1,1,0.9,2.8,1.3,1.3,1,1.5,1.2,1,1.1,1.1,1.2,0.8,1.1,,1.4,0.9,1,1,1.1,1.1
20151119,2,SO2,7,4,5,5,7,6,7,5,5,3,9,6,,4,5,3,8,2,4,8,2,2,2,2,2,2,5,6,3,6,7,10,8,10,12
20151119,2,NO2,40,30,37,29,58,75,44,57,51,42,21,44,,41,2,45,23,46,43,44,49,50,41,42,45,37,38,44,29,35,47,54,47,46,37
20151119,2,O3,2,2,2,2,5,2,2,2,132,2,2,2,,6,10,2,2,2,2,6,2,2,2,2,2,2,20,2,10,7,2,2,2,2,2
20151119,2,CO,1.1,1,0.9,1,1.6,1,1.6,1.5,1.8,1.1,0.7,1.3,,1,1.1,0.9,0.7,1.1,1.4,1.1,1.4,1.2,1,1.1,1,1.1,0.9,1.3,0.9,0.9,0.9,1.1,1,1.1,1
20151119,3,SO2,5,2,3,4,4,4,4,5,4,2,2,4,,3,4,4,2,2,3,5,2,2,2,2,2,2,3,6,4,5,5,7,8,9,8
20151119,3,NO2,41,29,38,29,58,76,47,54,51,43,27,48,,32,2,48,21,46,47,38,47,45,41,42,41,35,40,42,30,33,46,53,53,49,40
20151119,3,O3,2,2,2,2,4,2,2,2,125,2,2,2,,15,8,2,2,2,2,9,2,2,2,2,2,2,252,2,6,6,2,2,2,2,2
20151119,3,CO,1,1,1.1,1.1,1.9,1,2.1,1.5,1.5,1.1,0.8,1.9,,0.8,1.1,1,0.8,1.1,1.7,1,1.4,1.1,1.1,1.1,0.9,1,0.9,1.1,0.8,0.9,1,1.1,1.8,1.1,1.1
20151119,4,SO2,3,2,2,2,4,2,2,5,4,2,2,3,,2,4,3,2,2,3,3,2,2,2,2,2,2,5,6,3,5,3,7,7,7,6
20151119,4,NO2,41,28,44,26,53,73,44,53,49,45,27,46,,25,2,45,26,46,45,36,44,44,39,40,42,35,41,43,27,29,44,53,52,44,37
20151119,4,O3,2,2,2,4,,2,2,,118,2,2,2,,20,10,2,2,2,2,9,2,2,2,2,2,2,14,2,2,,2,2,2,2,2
20151119,4,CO,0.8,1.1,1.7,1.1,1.8,1.4,1.7,1.5,1.5,1.1,0.8,1.8,,0.8,1,0.9,0.6,1.3,1.6,0.9,1.4,1.2,1.1,1.2,1,1,0.9,1.2,0.9,0.9,1,1.1,1.7,1.1,1.6
20151119,5,SO2,2,2,2,2,3,2,2,5,3,2,2,3,,2,3,2,2,2,3,3,2,2,2,2,2,2,5,4,2,5,3,7,5,7,6
20151119,5,NO2,42,27,45,27,53,73,43,58,48,48,40,47,,32,2,45,42,46,45,33,43,43,40,40,41,,45,42,24,38,43,52,50,47,44
20151119,5,O3,2,2,2,2,3,2,2,2,93,2,2,2,,12,10,2,2,2,2,10,2,2,2,2,2,2,7,2,2,3,2,2,2,2,2
20151119,5,CO,1.5,1.1,1.7,1.1,1.7,1.6,1.7,1.4,1.4,1.8,1.3,1.8,,0.9,1,1.1,0.9,1.5,1.5,1,1.3,1.2,1.1,1.3,1,1,1,1.2,0.9,0.9,1.2,1.1,1.6,1,1.6
20151119,6,SO2,2,2,2,2,3,2,2,5,2,2,2,2,,2,3,2,2,2,2,3,2,2,2,2,2,2,4,3,2,5,3,6,5,7,7
20151119,6,NO2,42,29,43,27,54,71,42,58,50,49,40,47,,35,2,44,42,51,47,33,42,43,41,40,40,37,45,45,23,34,42,49,50,44,48
20151119,6,O3,2,2,2,2,3,2,2,2,81,2,2,2,,4,9,2,2,2,2,9,2,2,2,2,2,2,7,2,2,5,2,2,2,2,2
20151119,6,CO,1.6,1.3,1.5,1.2,1.7,1.4,1.6,1.5,1.2,1.9,1.8,1.6,,0.9,0.9,1.1,1.2,1.8,1.5,1,1.3,1.1,1,1.7,1,1.1,1,1.1,0.9,0.8,1.5,1.3,1.5,1,1.4
20151119,7,SO2,2,2,2,2,3,2,2,6,2,2,2,2,,2,3,2,2,2,2,4,2,2,3,2,2,2,4,2,2,5,3,6,8,11,9
20151119,7,NO2,47,34,45,29,53,71,41,57,48,48,40,46,,34,2,44,41,48,44,39,43,47,40,40,39,35,46,42,21,32,43,51,51,52,48
20151119,7,O3,2,2,2,2,3,2,2,2,75,2,2,2,,3,5,2,2,2,2,5,2,2,2,2,2,2,7,2,2,4,2,2,2,2,2
20151119,7,CO,1.6,1.5,1.5,1.5,1.8,1.4,1.5,1.5,1.2,1.8,1.7,1.4,,0.9,1,1.1,1.1,1.6,1.5,1.1,1.5,1.1,1.1,1.9,0.9,1.1,1,1.1,0.9,0.8,1.5,1.5,1.6,1.5,1.6
20151119,8,SO2,2,2,2,2,3,2,2,3,3,2,2,2,,2,4,2,2,2,3,6,2,2,3,3,2,3,4,2,2,5,3,7,7,12,9
20151119,8,NO2,44,30,45,28,53,71,42,59,47,48,39,45,,38,2,42,43,49,43,42,44,46,41,42,41,32,49,41,24,37,43,54,51,46,47
20151119,8,O3,2,2,2,2,3,2,2,2,80,2,2,2,,3,5,2,2,2,2,2,2,2,2,2,2,2,9,2,2,2,2,2,2,2,2
20151119,8,CO,1.7,1.5,1.6,1.5,1.9,1.5,1.6,1.4,1.3,1.9,1.5,1.5,,1.1,1.1,1,1.3,1.5,1.5,1.2,1.9,1.3,1.3,1.9,1,1,1.1,1.2,1,1,1.5,1.6,1.8,1.5,1.8
20151119,9,SO2,2,2,2,2,3,2,2,4,2,2,2,2,,2,4,2,2,2,2,8,3,2,3,3,2,3,5,3,2,5,4,7,6,12,9
20151119,9,NO2,40,28,44,28,51,68,41,59,46,48,38,45,,38,2,41,44,47,43,48,40,42,39,43,42,31,51,40,27,37,42,51,48,53,45
20151119,9,O3,2,2,2,2,3,2,2,2,90,2,2,2,,2,4,2,2,2,2,2,2,2,2,2,2,2,14,2,2,2,2,2,2,2,2
20151119,9,CO,1.7,1.4,1.7,1.8,2,1.4,1.8,1.4,1.3,2,1.6,1.6,,1.1,1.1,1,1.4,1.3,1.3,1.4,2.2,1.3,1.3,1.7,1.1,1,1.2,1.1,1.1,0.9,1.5,1.5,1.7,1.9,1.8
20151119,10,SO2,2,2,2,2,3,2,2,3,2,2,2,2,,3,,2,2,2,2,7,2,2,3,3,2,2,5,3,2,5,4,7,7,,9
20151119,10,NO2,40,29,49,27,49,69,40,58,45,46,37,44,,39,,40,44,46,43,47,39,39,,39,34,33,52,43,25,37,42,50,43,,48
20151119,10,O3,2,2,2,2,3,2,2,2,91,2,2,2,,4,,2,2,2,2,3,2,2,,,2,2,12,2,2,3,2,2,2,,2
20151119,10,CO,1.6,1.4,1.8,1.6,1.9,1.4,1.7,1.4,1.3,2.3,1.6,1.6,,1.2,,1.1,1.4,,1.3,1.5,1.5,1.3,,1.4,2.2,1,1.3,1.1,1.1,0.8,1.4,1.5,2.1,,1.8
20151119,11,SO2,3,2,2,2,4,2,2,4,2,2,2,2,,3,,2,2,2,2,5,2,2,4,2,2,2,4,4,3,5,4,8,6,,8
20151119,11,NO2,42,30,48,29,50,69,41,57,44,46,38,44,,38,,42,44,45,43,47,40,39,,39,44,30,56,47,27,39,43,53,48,,51
20151119,11,O3,2,2,2,2,3,2,2,2,94,2,2,2,,4,,2,2,2,2,2,2,2,3,3,2,2,7,2,2,2,2,2,2,,2
20151119,11,CO,1.4,1.2,1.8,1.6,2,1.5,1.9,1.4,1.4,2.4,1.6,1.7,,1.2,,1.2,1.4,1.4,1.3,1.5,1.6,1.2,1.5,1.3,3.2,1,1.4,1.2,1.2,0.9,1.3,1.6,1.9,,1.9
20151119,12,SO2,3,2,2,2,3,2,2,4,3,2,2,2,,4,,2,2,2,3,5,2,2,3,2,2,2,6,4,3,5,5,7,5,,8
20151119,12,NO2,42,31,45,29,51,68,41,56,43,45,38,43,,37,,42,43,43,42,45,40,40,21,38,43,25,59,50,26,39,45,55,50,,46
20151119,12,O3,2,2,2,2,3,2,2,2,99,2,2,2,,6,,2,2,2,2,2,2,2,5,4,2,,7,2,3,3,2,2,2,,2
20151119,12,CO,1.4,1.3,1.3,1.4,1.9,1.5,2,1.4,1.5,2.3,1.7,1.8,,1.1,,1.4,1.4,1.3,1.3,1.5,1.4,1.1,1.4,1.2,3.2,1.1,1.5,1.1,1,0.8,1.3,1.5,1.7,,2
20151119,13,SO2,3,2,2,3,4,3,2,5,3,2,2,2,,4,,2,2,2,3,6,2,2,3,2,2,2,11,5,4,5,4,9,6,,9
20151119,13,NO2,40,31,45,29,50,64,40,56,44,44,38,44,,37,,44,43,43,43,51,38,40,21,37,48,26,70,49,28,38,44,51,49,,47
20151119,13,O3,2,2,2,2,3,2,2,2,118,2,2,2,,7,,2,2,2,2,2,2,2,5,4,2,7,5,2,2,5,2,2,2,,2
20151119,13,CO,1.6,1.3,1.3,1.3,1.9,1.3,1.9,1.5,1.6,2.1,2.1,1.7,,1.2,,1.3,1.3,1.3,1.4,1.7,1.2,1.1,1.4,1.1,3.2,1.4,2.4,1.1,1.3,0.8,1.4,1.4,1.5,,2
20151119,14,SO2,4,2,2,3,4,3,2,5,3,2,2,2,,3,,3,2,2,2,14,2,2,3,2,2,2,16,5,5,5,5,9,5,12,8
20151119,14,NO2,39,31,45,29,51,67,40,57,46,44,36,43,,34,,45,45,45,41,63,39,42,22,38,43,25,82,48,35,36,44,58,50,44,49
20151119,14,O3,2,2,2,2,3,2,2,2,123,2,2,2,,8,,2,2,2,2,2,2,2,5,4,2,7,6,2,2,4,2,2,2,2,2
20151119,14,CO,1.5,1.3,1.2,1.4,1.7,1.3,1.9,1.6,1.6,1.7,1.8,1.7,,1.2,,1.2,1.3,1.4,1.4,3.5,1.3,1.2,1.6,1.2,2.9,1.5,4.5,1.2,1.6,0.8,1.3,1.7,1.5,1.8,1.9
20151119,15,SO2,4,2,3,3,4,4,2,6,3,2,2,2,,4,,2,2,2,3,19,2,2,3,2,2,2,11,5,4,5,5,8,6,10,9
20151119,15,NO2,44,36,45,29,54,75,40,57,44,43,32,43,,41,,47,50,48,44,66,39,41,23,38,42,26,79,55,39,38,46,58,50,53,53
20151119,15,O3,2,2,2,2,2,2,2,2,116,2,3,2,,5,,2,2,2,2,2,2,2,2,3,2,4,10,2,2,4,2,2,2,2,2
20151119,15,CO,1.6,1.6,1.3,1.6,1.7,1.4,1.7,1.6,1.6,1.5,1.2,1.6,,1.6,,1.2,1.7,1.4,1.5,4,1.4,1.3,1.4,1.2,2.9,1.5,3.3,1.7,1.4,0.8,1.6,1.8,1.5,1.8,1.9
20151119,16,SO2,7,2,3,4,4,5,2,6,2,2,2,2,,4,,4,2,2,3,20,3,2,2,2,2,2,13,5,4,5,5,9,6,10,9
20151119,16,NO2,47,37,49,34,58,79,41,58,44,49,33,41,,45,,52,56,47,44,61,52,43,22,40,42,28,72,44,43,41,49,60,54,55,53
20151119,16,O3,2,2,2,2,2,2,2,2,119,2,3,2,,4,,2,2,2,2,2,2,2,2,2,2,2,8,2,2,3,2,2,2,2,2
20151119,16,CO,1.4,1.4,1.4,1.5,1.7,1.4,1.7,1.6,1.7,1.7,1.1,1.1,,1.3,,1.8,3.5,1.4,1.4,2.9,3.5,1.4,1.3,1.2,3,1.6,2.6,1,1.4,0.8,1.4,1.7,1.7,1.7,1.9
20151119,17,SO2,6,2,3,5,5,4,2,5,3,3,2,2,,5,3,2,2,2,3,20,4,2,2,2,2,3,14,3,4,5,5,9,7,11,9
20151119,17,NO2,50,40,51,35,63,82,44,58,44,52,38,43,,50,61,44,48,51,41,58,52,55,22,38,45,33,69,34,41,46,53,66,58,58,58
20151119,17,O3,2,2,2,2,3,2,2,2,123,2,2,2,,2,2,2,2,2,2,2,2,2,2,2,2,2,8,6,2,2,2,2,2,2,2
20151119,17,CO,1.8,1.7,1.6,1.8,2.1,1.7,1.5,1.6,1.7,1.6,1.5,1.5,,1.6,1.6,1.3,2.3,1.7,1.1,2.7,3.7,3.3,1.4,1.2,3,2,2.8,0.8,1.5,0.8,1.8,1.8,1.7,1.9,2.1
20151119,18,SO2,4,2,2,3,3,3,2,5,4,2,2,2,,3,3,2,2,2,4,19,4,2,3,2,2,4,9,4,4,5,4,7,5,9,6
20151119,18,NO2,39,29,44,28,53,64,43,58,49,48,41,45,,41,49,42,47,56,45,54,48,55,23,39,48,36,56,38,41,49,42,48,52,47,46
20151119,18,O3,2,2,2,2,4,2,2,2,110,2,2,2,,3,6,2,2,2,2,2,2,2,2,2,2,2,11,5,2,2,2,2,2,2,2
20151119,18,CO,1.1,1,1.3,1.2,1.5,1.1,1.6,1.6,1.5,1.5,1.5,1.5,,1.1,1,1.3,1.7,3,1.4,2.6,2.6,3.2,1.5,1.4,3,2.4,1.9,1.3,1.2,0.8,1.1,1.1,1.5,1.4,1.4
20151119,19,SO2,5,2,2,2,3,3,2,4,2,2,2,2,,3,5,2,2,2,3,14,5,2,3,3,2,6,7,7,3,5,4,7,4,9,7
20151119,19,NO2,39,28,39,29,51,65,38,57,43,41,38,40,,39,54,18,53,49,43,47,47,51,25,49,54,39,47,49,36,47,38,47,47,46,47
20151119,19,O3,2,3,2,2,4,2,2,2,76,2,2,2,,3,6,2,2,2,2,2,2,2,2,2,2,2,10,2,2,2,2,2,2,2,2
20151119,19,CO,1.2,1.1,1,1.1,1.4,1.2,1.3,1.5,1,1,1.1,1,,0.9,1.3,1.7,2.5,2,1,2.1,2.6,2.9,1.6,2.4,3.8,3,1.6,2.1,1,1,1,1.1,1.2,1.2,1.7
20151119,20,SO2,8,3,3,4,5,7,2,2,2,2,2,2,,3,6,4,2,2,3,13,4,2,3,4,2,8,7,12,4,5,5,9,6,9,13
20151119,20,NO2,43,32,41,31,55,73,39,54,44,42,37,40,,37,64,19,48,51,43,44,47,50,25,47,48,40,42,52,37,46,44,51,49,51,50
20151119,20,O3,2,2,2,2,4,2,2,2,74,2,2,2,,3,4,2,2,2,2,2,2,2,2,2,2,2,11,2,2,2,2,2,2,2,2
20151119,20,CO,1.6,1.6,1.3,1.5,1.8,1.8,1.2,1.2,1,1.1,1.1,1,,1,2,2.1,2.6,1.8,0.8,1.8,2.7,3.1,2,2.1,3.3,3.3,1.4,2.5,1.1,0.7,1.5,1.6,1.4,1.6,2.4
20151119,21,SO2,14,5,3,5,8,11,2,4,2,2,2,2,,3,9,6,2,2,2,12,5,2,3,6,2,8,7,14,4,5,7,10,8,10,13
20151119,21,NO2,45,36,44,33,59,78,40,53,43,43,37,40,,38,69,18,44,54,42,42,45,45,24,47,45,40,41,50,35,46,49,54,52,45,53
20151119,21,O3,2,2,2,2,4,2,2,2,68,2,2,2,,3,4,2,2,2,2,2,2,2,2,2,2,2,15,2,2,2,2,2,2,2,2
20151119,21,CO,2.1,2.3,1.9,2,2.4,2.3,1.5,1.2,1,1.4,1.2,1.1,,1.3,2.6,2.3,2.5,2.2,0.9,1.6,2.9,2.9,1.6,2,2.9,3.2,1.5,2.6,1.3,0.7,2.2,2.3,2,2,2.7
20151119,22,SO2,20,7,5,8,9,13,5,3,3,2,2,2,,5,10,5,2,3,2,11,4,2,3,7,2,8,7,15,7,5,10,14,13,11,12
20151119,22,NO2,46,36,45,34,59,77,43,54,44,47,38,41,,43,67,17,43,54,43,41,41,44,24,46,45,37,39,47,42,44,48,55,55,47,50
20151119,22,O3,2,2,2,2,4,2,2,2,83,2,2,2,,3,5,2,2,2,2,2,2,2,2,2,2,2,18,2,2,2,2,2,2,2,2
20151119,22,CO,2.3,2.4,2.3,2.5,2.7,2.4,2.3,1.4,1.2,1.9,1.2,1.3,,2,2.6,2.3,2.5,2.4,1,1.6,2.9,3,1.3,1.9,2.8,3.1,1.4,2.4,1.5,0.8,2.4,2.6,2.4,2.5,2.7
20151119,23,SO2,20,7,6,10,10,12,7,4,4,4,2,3,,6,10,6,2,3,2,11,4,2,3,9,2,7,6,10,6,5,10,14,14,13,13
20151119,23,NO2,43,35,44,33,58,73,44,54,47,49,39,43,,43,64,16,38,53,44,40,39,39,23,49,46,35,37,43,36,44,46,55,54,53,49
20151119,23,O3,2,2,2,2,4,2,2,2,83,2,2,2,,3,5,2,2,2,2,2,2,2,2,2,2,2,18,2,2,2,2,2,2,2,2
20151119,23,CO,2.5,2.6,2.3,2.6,2.8,2.6,2.7,1.7,1.6,2.3,1.6,1.7,,2.3,2.5,2.6,2.4,2.6,1.2,1.5,2.9,2.5,1.3,2.4,3,3,1.2,1.6,1.5,0.9,2.4,2.7,2.5,2.6,2.9
