date,hour,type,dongsi,tiantan,guanyuan,wanshouxigong,aotizhongxing,nongzhanguan,wanliu,beibuxingqu,zhiwuyuan,fentaihuayuan,yungang,gucheng,fangshan,daxing,yizhuang,tongzhou,shunyi,changping,mengtougou,pinggu,huairou,miyun,yanqing,dingling,badaling,miyunshuiku,donggaocun,yongledian,yufa,liulihe,qianmeng,yongdingmengxi,xizhimengbei,nansanhuan,dongsihuan
20150409,0,SO2,10.7,6.6,15.3,13.7,16.6,17.7,11.4,7.6,2.5,14.6,4.4,9.7,9.4,14,14.5,17.8,10.9,5.8,4,7.3,4.6,14.8,2.9,2,4.8,13.3,9.6,23.3,2,6.9,13.5,16.1,9.6,,18.4
20150409,0,NO2,61.3,58.3,69.6,77.7,72.2,71.2,,156.8,43.9,68.8,64.4,80,56.7,78.3,56.2,77.5,63.1,61.5,73.8,41.8,55.4,39.5,26,26.1,86.5,29.8,30.2,,44.2,51.8,73.9,104.5,76.8,,93.8
20150409,0,O3,17.6,20.9,15.3,11.3,13.9,22.8,2,2,26.3,8.4,14.1,2,13.9,2,19.5,2,8.8,22.1,2,35.6,16.7,49.6,56.5,40.8,3.6,74.6,48.5,29.8,2,13,8.5,2,16,,2
20150409,0,CO,1.1,1,1.1,1.1,1.1,1,1.1,1.1,0.9,1,1.1,1.1,1,1,0.9,0.8,1.1,1.1,1.2,1.1,1.1,1,0.9,0.9,1,1,0.9,0.9,0.9,1,1.1,1.3,1.1,,1.4
20150409,1,SO2,12,6.2,16.1,14,17.6,22.7,11.2,6.5,2,15.6,4.2,10.1,10,17,22.3,15.8,10.4,4.6,3.2,5.6,6.2,16.5,3.1,2,4.8,12.2,12.4,24.7,2,9.1,13.6,17.3,10.9,,18.4
20150409,1,NO2,60.5,61.2,66.2,73.7,65.8,73.4,,145,61.9,78.1,72.4,73,61.5,75.7,66.6,79.8,56.6,66.5,66.3,39,59.3,45.8,37.9,25.5,79,32.1,36.4,,42.2,65.5,77.7,94.4,70.2,,83.7
20150409,1,O3,14.1,10.7,15.6,10.1,17.3,16.5,2,2,5.6,2,6.6,2,9.5,2,6.4,2,2,13.2,2,35.5,7.8,35.8,36.6,35.9,4.1,64.5,46.3,25.6,2,6.5,2.3,2,19.5,,2
20150409,1,CO,1,0.9,1.2,1,1,0.9,1.1,1.1,1,1.1,1.2,1.2,1,0.9,1.1,0.9,1,1,1.2,1,1.1,1.2,0.9,0.9,1,1,0.9,1,1,1.2,1.1,1.1,1.1,,1.4
20150409,2,SO2,23.8,3.7,16.2,19.4,16.2,18.2,8.4,4,2,14.2,3.3,9.8,7.4,27.8,17.4,8.9,33.9,3.6,2.1,5.6,5.1,10.6,2.3,3.4,6.8,10.6,14,20.7,2,8.3,24.6,21.1,12.7,,17
20150409,2,NO2,60.4,62.1,69.4,74.4,75.2,87.2,,130.1,51.7,78.8,72.8,73.1,66.2,73.8,77.6,73.3,40.9,70.2,49.2,35.6,66.8,63.6,30.2,27.6,80.4,30.5,33.5,,45.2,63,76.2,94.6,77.3,,68.6
20150409,2,O3,8.7,3.5,8.6,5.2,7,4.1,2,2,9.8,2,4.5,2,3.4,2,2,2,2,6.5,3.9,33.6,2,9.8,44.2,30.4,3.5,63,47.5,22.7,2,4.6,2,2,11.4,,2
20150409,2,CO,1,0.9,1.2,1,1,1.1,1.1,1.2,1,1.3,1.1,1.2,0.8,1,1.2,1.2,0.8,1,1.2,0.9,1.2,1.2,1,0.9,1,1,1.1,1,0.9,1.3,1.1,1.2,1.1,,1.3
20150409,3,SO2,26,2,21,17.6,12.5,15.1,6.6,3.5,2,10.7,2.8,9.7,5.9,24.3,19,12.3,11.4,3.4,2.1,5.9,6.7,8.4,2.9,3,5.8,12.1,14.2,21.2,2,6,27.3,16.7,14.5,,16.4
20150409,3,NO2,68.6,57.8,70.7,73.1,78.9,82.6,,130.6,53.5,78.3,76.9,73.9,69.5,71.8,75.5,75.1,39.4,76.4,44.3,36.3,67.3,57,39.2,30.1,73.6,34.6,30.8,,48.3,63.5,75.5,87.6,77.8,,70.7
20150409,3,O3,2.5,2.4,6.4,2,2.6,3.1,2,2,10.4,2,2.2,2,2,2,2,2,2,2.2,9,30.8,2,10.6,35.4,19.9,4,55.6,47.8,17.1,2,2,2,2,9.3,,2
20150409,3,CO,0.9,0.9,1.1,1,1,1.3,1,1.1,0.9,1.5,1.2,1.3,1.1,1.2,1.2,1.1,,1,1.1,0.9,1.2,1.2,1,0.9,1,1,1.2,0.9,1,1.2,1.2,1.3,1.1,,1.5
20150409,4,SO2,24.8,2,22.3,12.6,13.8,16.9,5.3,4.4,2.9,13.5,2.2,8.2,5.4,23.8,17.9,11.3,6.1,4.3,2.4,5,6.8,8.3,2,2.6,3.6,13.2,15.3,20,2,5.1,28.9,11.5,17.3,,17.2
20150409,4,NO2,70.5,54.2,71,69,78.3,86.6,,118.4,70.9,74.1,68.6,67.4,69.1,76.9,78,68.1,48,77.2,37.6,31.7,58,53,43.5,32.6,53.1,30.7,33.1,,53.7,61.6,79.4,84.8,77.6,,74.6
20150409,4,O3,3.9,3.5,3.2,2,,3.2,,2,2,2,2.4,2,2,2,2,2,2,2,14.6,30.9,2,11.1,19.6,15,24.8,58.4,42,,2,,2,2,9.4,,2
20150409,4,CO,1,1.1,1.1,1.1,1.1,1.5,1,1.2,1,1.1,1.1,1.4,1.1,1.5,1.1,1.3,0.6,1.1,1,1,1.1,1.2,1,0.9,0.9,1,1,1,1.1,1.2,1.5,1.7,1.1,,1.7
20150409,5,SO2,21.6,2,13.1,11.4,10.7,13.7,5.8,4.7,4.4,13.1,2,8,4.8,23.1,14.8,12,4.6,3.4,2.2,4.4,4.7,8.8,2,2.2,2.2,7.3,15.5,17.3,2,4.9,27.1,11.7,11.8,,18
20150409,5,NO2,71.8,48,73.1,71.7,79.7,82.8,,103.1,78.9,79.7,57,59.3,67.6,77.1,76,68.2,66.2,64.6,36.3,29.7,47.1,50.4,26.7,38.3,45.2,,34.5,,48.6,63.4,82.6,87.6,79.2,,76.9
20150409,5,O3,3.4,3.6,2.4,2,2.7,2.7,2,2,2,2,3.3,2.4,2,2,2,2,2,2,13.4,27.4,2.6,7.3,30.8,11,13.6,49.2,39.5,2,2,2,2,2,7.8,,2
20150409,5,CO,1.8,1.3,1.2,1.4,1.2,1.4,1.1,1.1,1,1.3,1.1,1.6,1.2,1.6,1.1,1.2,0.8,1.3,1,1,1.1,1.4,1,0.9,0.9,1,0.9,1.1,1.1,1.1,1.7,1.7,1.3,,1.7
20150409,6,SO2,17.8,2,8.3,9.5,11.1,14.1,7,6,5.4,10.4,2,6.3,4.6,22.1,13,11.5,6.7,4.6,2.6,3.7,3.7,9.6,2,2,4.7,6.5,18,16.8,2,5.2,19.1,15.9,9,,17.6
20150409,6,NO2,76.4,48.7,77.5,70.9,83,84.3,,79.8,81.9,82.8,58.5,58.7,65.5,79.6,76.6,64.7,69.7,64.6,38,37.5,48.1,58.5,34.8,33.1,58.2,31,37.1,,43.2,59,78.6,99.2,83.9,,74.7
20150409,6,O3,3.4,3.7,2.6,2,3.5,4,2,2,2,2,3.4,2,2,2,2,2,2,2,12.8,16,2,4.6,22.4,9.6,4.9,49,36.2,2,2,2,2,2,5.7,,2
20150409,6,CO,1.8,1.3,1.4,1.5,1.4,1.6,1.2,1.2,1,1.3,1.2,1.2,1.3,1.6,1.2,1.2,1.1,1.5,1,1.1,1.1,1.3,1,0.9,1,1,1,1.1,1.1,1.1,1.6,2,1.5,,1.9
20150409,7,SO2,18.3,2,10.4,10.3,19.7,17.1,8.6,6,8.8,9,2.2,6.6,5.6,22.6,15.5,16.9,7.9,4.7,3.6,3.5,3.6,9.9,2.9,2,6.4,4.7,14.9,17.5,2,5.5,17.3,20,9.1,,16.4
20150409,7,NO2,75.4,46.3,77.8,82.8,85.8,81.6,,70.8,75.1,85.6,55.5,64.4,63.7,82.4,80.1,66.5,68.6,59.8,34,46.9,41.4,56.7,48.9,32.5,45.2,28.6,34.3,,39.3,63.2,79.4,107.9,84.2,,77.7
20150409,7,O3,4.2,3.7,3.2,2,4.6,4.3,2,2,7.3,2,7.5,3.1,2,2.3,2,2,2,2,18.5,6.9,4.5,7.1,7.7,10.3,28.4,47.8,35.5,2,2,2,2,2,4.5,,2
20150409,7,CO,1.7,1.2,1.7,1.5,1.4,1.6,1.4,1.2,1.1,1.5,1.2,1.5,1.3,1.6,1.3,1.3,1.3,1.5,0.9,1.3,1.1,1.3,1,0.9,1,1,1,1.2,1.2,1.3,1.7,1.8,1.7,,2
20150409,8,SO2,25.7,16.1,20.7,20.1,25,27,14.6,5.4,15.7,13.2,6.1,10.1,9.2,27.7,24.1,34.9,21.5,9.5,7.1,6,7.8,14.5,5.1,3.8,8.5,7.9,20.4,26.8,4.1,8.9,24.7,33.4,10.9,,21.3
20150409,8,NO2,75.1,75.6,82.2,87.1,86.2,80.1,,146.7,63.1,89.7,53.7,71.8,70.4,87.1,77.7,71,79.1,66.8,30.2,43.6,48.3,56.1,49.2,34.5,34.1,24.8,32,,46.2,70.9,83.7,108.1,92.6,,83.6
20150409,8,O3,6.9,6.2,4.7,5.3,6.3,6.4,2,2,19.1,2,14.2,6.6,4.3,4.1,2,2,2,5.9,26.1,17.1,11,12.8,13.6,14.4,46.5,56.7,37.8,2,2,2.5,2.6,2,5.4,,2
20150409,8,CO,1.7,1.4,1.6,1.6,1.4,1.4,1.3,1.5,1.1,1.7,1.1,1.4,1.3,1.6,1.2,1.3,1.5,1.7,0.9,1.2,1.2,1.3,1.2,1.1,1,1,1,1.2,1.3,1.3,1.7,1.8,1.7,,2.1
20150409,9,SO2,37.4,28.2,28,29.3,32.1,38.9,27.7,17.4,18.3,19.6,13.3,14.7,16,33.8,34.6,60.2,26.1,12.1,11.9,12.4,19.7,19.6,10.9,8.5,9.6,13.1,32.6,39.7,23.9,33.3,33,41,20.8,,36.6
20150409,9,NO2,70.5,86.7,86.4,92.2,85.9,88,,146.6,71.2,94.4,60.2,82.7,81,88.5,81.4,76.2,82.4,61.8,36.4,50.3,55.3,49.8,37.8,46.4,35.2,20.3,50.2,,60.6,86.1,89.5,110.9,95.8,,93.9
20150409,9,O3,15.4,10.3,9.1,11,12.4,11.9,2,14,17.4,2,24.6,11,7.6,7.6,4.3,2,15.2,11.5,31.2,27.4,22.3,27.8,32.2,25.9,53,80.4,38.6,2,6.8,8.1,5.3,4.8,8.5,,3.5
20150409,9,CO,1.5,1.5,1.6,1.6,1.5,1.5,1.4,1.3,1.2,1.7,1.2,1.4,1.4,1.4,1.3,1.1,1.4,1.3,1,1.2,1.3,1.3,1.1,1,1,1,1.1,1.3,1.4,1.3,1.7,1.6,1.7,,1.7
20150409,10,SO2,38.6,29,27.9,30.1,32,44.2,30.5,23,18.3,21,18.5,18.4,18.1,36.2,38.1,60.7,33.7,13.7,12.1,27.1,28.1,31.1,12.9,10.4,14,21,31.5,43.8,45.7,43.4,34.6,41.8,35.1,39.9,54.8
20150409,10,NO2,67,84.7,74.1,92.9,87.2,85,,138.5,61,99.7,72.2,64.6,87.2,88.2,82.9,83,77.2,54.6,42.6,41.7,44.6,44,23.4,,32.6,20.5,60.8,,47.6,91.5,94.1,110,91.5,117.2,86.5
20150409,10,O3,27.8,22.5,26.7,22.8,21.1,23.7,5.5,30,36.7,9.9,33.4,35.4,12.3,17.8,10.8,9.3,27.3,34,43.2,53.8,55.1,56,65.5,27.2,78.5,103.7,35.7,19.1,32.9,17.7,11.9,12.4,19.1,2,10.7
20150409,10,CO,1.5,1.4,1.4,1.5,1.5,1.5,1.3,1.2,1.1,1.6,1.3,1.2,1.3,1.4,1.3,1.1,1.4,1.1,1,1.1,1.2,1.4,0.9,1.1,0.9,1.1,1.1,1.5,1.3,1.3,1.6,1.6,1.5,2.1,1.6
20150409,11,SO2,34.8,31.9,26.4,30.7,31,39.6,27.8,17.8,15.2,23.5,18.7,20.4,,37.4,35.6,52.8,38,16.8,13.3,36.2,27.2,37.9,14.4,11,21.4,19.9,37.9,40.3,48,40.5,35.5,41.9,37.2,44,50.2
20150409,11,NO2,85.7,83.5,75,109.3,76.7,88.6,,124.9,46.1,104.7,80.7,72.4,,75.6,61.9,74,68.8,48.8,45.3,45.2,40.9,39.5,22,53.1,29.3,20.8,,,46.4,69.2,92.9,114.1,92.9,124.3,93.3
20150409,11,O3,30.7,40,44.7,30.3,45.7,36.1,22.5,53.4,67.9,29.9,46.4,48.8,,49.8,38.7,41.7,46.4,62.1,64.9,65.5,79.5,81.8,83.5,55.2,101.6,121.7,52.4,41.6,52.6,55,26.8,27.7,35.9,6.6,26.4
20150409,11,CO,1.6,1.4,1.4,1.6,1.4,1.5,1.2,1.1,1,1.6,1.3,1.2,,1.3,1.2,1,1.3,1.1,1.1,1.1,1.2,1.4,0.9,1.1,0.9,1.1,1,1.3,1.2,1.1,1.5,1.5,1.3,1.9,1.6
20150409,12,SO2,32.4,29.7,23.4,30.3,28,34.3,25.9,18.6,15.2,24.8,18.3,20.3,19.2,34.1,34.3,45.1,31.9,16.1,14.2,36.1,24.9,32.1,30,14.3,15.3,25.9,32.1,42,45,40.6,33.3,37.9,35.6,42.6,44.1
20150409,12,NO2,82.3,87.2,96.5,97.6,81,89.2,,143.5,63.2,103.1,80.1,92.7,68.1,50,44,56.5,59.2,37.7,68.9,40.7,43.1,31.7,24.5,45.4,22.3,27.9,30,,48.5,46.5,96.4,125,106.7,132.7,98
20150409,12,O3,49.3,58.5,47.5,57.5,63.4,55.4,26.5,60.8,72.2,52.7,64.4,51.5,61.8,102.2,73.8,86.3,70.9,97,61.1,87.8,99.8,111,101.2,83.7,107,139.2,,72.9,71.3,96.4,41.8,41.9,38.4,21.7,39.4
20150409,12,CO,1.6,1.3,1.5,1.4,1.4,1.4,1.4,1.1,1.1,1.4,1.2,1.4,1.2,1.2,1.1,1,1.3,1,1.2,1,1.2,1.3,0.9,1,0.6,1.2,0.9,1.2,1.2,1.1,1.5,1.4,1.5,1.7,1.5
20150409,13,SO2,28.7,27,23.7,27.9,21.5,29.3,24.9,18.8,14.6,25.2,21.2,22,19.6,36.9,35.1,43.5,29.1,15.5,14.1,32,24,28.9,22.9,14,9.9,23.6,29.9,37.7,45.8,36.3,30.4,32.2,31.6,38.4,39.3
20150409,13,NO2,80.1,71.6,84.2,76.4,98.4,83.4,,163.5,88.4,55.3,57.7,75.6,52.6,39.8,37.8,43.8,58.6,40.8,71.5,35.6,55.5,32.2,21.5,33.8,33.1,25.4,30.7,,38.6,30,92.9,106.3,115.3,117.2,96.2
20150409,13,O3,69.4,101.9,79.1,102.4,65.4,81.4,41.6,67.2,68.6,123.3,106.1,82.3,90.6,143.6,102.8,127,86.1,114.7,75.4,112.8,107.8,127.4,103.1,120.3,101.5,158.2,,95.2,96.1,134.6,66.8,82.8,50.3,59.1,68.3
20150409,13,CO,1.5,1.2,1.3,1.3,1.4,1.3,1.3,1.2,1.2,1.2,1.2,1.3,1.2,1.3,1.2,1,1.2,1.1,1.2,1.1,1.2,1.1,0.7,0.9,0.6,1.1,0.9,1.1,1.1,1.2,1.4,1.3,1.4,1.6,1.3
20150409,14,SO2,27.7,29.6,24.4,29.5,20.1,27.8,23.6,17.3,15.3,25.6,22.3,21.6,22.4,35.7,34.2,44,25.9,17.7,13.4,27.3,23.8,29.5,6.3,15.3,10.7,21.2,28.3,35.8,36.4,35.5,31,35,32,42.5,36.4
20150409,14,NO2,48.3,39.3,40.8,41.9,67.7,58.7,,184.5,57.1,42.9,37.3,47.1,50.2,29.1,29.3,36.3,60.5,67.5,54,34.1,53.3,36.5,9,36.6,36.6,27.2,31.6,,40.2,27.1,65.5,85.9,72.4,115.8,68.5
20150409,14,O3,113.3,157.8,137.9,146.9,110,122.7,79.8,72.5,111.5,146.8,133.8,132.3,104.6,170.2,121.8,153.6,97.4,99,135.4,127.4,118.1,129.3,108.3,135.2,94.6,163.5,140.9,111.3,104.3,153,105.8,117.3,97.3,73.8,113.5
20150409,14,CO,1.3,1.2,1.2,1.2,1.2,1.2,1.1,1.2,1.1,1.2,1.1,1.1,1.3,1.2,1.1,0.9,1.2,1.3,1.1,1.1,1.1,1.1,0.3,1,0.5,1,0.9,1,1,1.1,1.3,1.3,1.3,1.6,1.2
20150409,15,SO2,28.6,29.1,24.2,28.2,18.8,28.7,23.7,16.5,14.5,26.7,21.1,21.4,19.2,32.2,31.2,37.8,23.9,15.2,14.1,24.7,23.2,28.2,4.1,16.6,13.2,23.4,29.2,29.1,28.7,35.5,29.6,33.7,32.3,37.8,36.4
20150409,15,NO2,34.3,28.8,34.3,37.7,44.5,40.5,,125.2,34,39.7,29.4,36.4,44,29,27.3,31.7,52.8,74.4,40.9,33.8,62.9,43.3,7,81.2,68.8,35.9,33.1,,37,26.5,56,67.9,59.8,93.3,54.6
20150409,15,O3,134.8,180.1,150.1,159.1,135.5,148.8,91.8,107.8,140.5,159.5,138.1,137,116.5,173.1,130.1,161.8,127.2,105.2,123.9,146,115.6,136,107.8,97.2,106.2,155.6,155,114.1,117.8,170.1,124.5,140.1,108.4,93.4,142.2
20150409,15,CO,1.3,1.1,1.1,1.2,1.1,1.2,1.1,1,0.9,1.2,1,1.1,1.1,1.1,1,0.7,1.2,1.2,1.1,1.1,1.1,1.1,0.2,1.2,1,1,0.9,0.9,0.9,1.1,1.2,1.2,1.2,1.5,1.1
20150409,16,SO2,24.7,25.7,21.6,24.6,17.3,24.6,20.7,16.1,12.1,20,14.7,14.5,15.7,30.9,27.6,33.9,25.4,14.5,11.7,26,19,22.7,2.1,14.5,13.5,16.2,27,25.4,25.5,37.2,26.8,30.5,29.3,35.4,31
20150409,16,NO2,31.4,28.6,32.8,35.1,38.5,41.5,,92.4,24.2,37,23.1,27.1,41.1,29.7,25.1,31.1,47,40.9,30.5,32.7,59.7,42.4,5.1,54.4,89.4,32.6,39.7,,26,27.8,53.6,71.2,61.8,92.4,44.7
20150409,16,O3,129.3,171,147.2,153.4,136.1,140.2,90.2,118.1,131.6,148.2,138.5,130.1,114.5,174.9,132,151.7,135.1,137.3,116.4,148.7,129.4,147.7,108,129.4,91.3,149.2,155.2,121.3,136.4,169.2,118.5,128.3,105.9,88.9,134.1
20150409,16,CO,1.1,1,1,1,1,1.1,0.9,0.9,0.7,0.9,0.8,0.8,1,1,0.9,0.6,1.2,1.1,0.8,0.9,1.1,1,0.2,1.1,1.1,0.8,0.8,0.8,0.8,1.1,1.1,1.1,1.1,1.3,1
20150409,17,SO2,18.4,21.7,13.5,19.5,11.9,20.3,14.3,12.4,6.3,16.6,13.4,11.1,17.5,26.8,21.5,27.8,22.6,12.1,6,23.9,20.7,27.3,2.2,15.3,13.4,18.2,21.9,23.8,29.3,33.6,21.8,25.2,18.7,30.1,28
20150409,17,NO2,29.6,28.7,27.2,36.2,34.6,42.4,,77,15.3,35.4,25.6,25.2,47.4,36.8,21.5,28.2,39.6,32.8,19.5,35.9,39.7,37.7,10.3,37.7,85.2,37.2,32.3,,21.9,27,54.7,60.2,56.6,95.5,40.1
20150409,17,O3,120.8,163,136.6,143.3,124,130.7,88.1,106,122.1,148,142.5,123.5,117.9,164.1,133.5,149.1,134.5,133.7,102.2,148.5,159.9,174.4,105,138.7,107,174.8,160.7,124.6,136.6,164.7,109.7,128.1,95.4,80.9,140.1
20150409,17,CO,1,0.9,0.8,0.9,0.8,0.9,0.7,0.7,0.5,0.9,0.9,0.6,1,1.1,0.8,0.5,1.1,0.9,0.6,0.9,1.1,1.2,0.2,1,1.1,1,0.7,0.7,0.8,1.1,1,0.9,0.9,1.2,0.8
20150409,18,SO2,21,22.5,18.1,21.8,13.2,22.5,15.6,9.1,4.7,21.4,15.1,11.9,18.4,25.3,21.1,26.4,20,8.2,5.5,18.2,18.1,26.3,7.4,11.1,13.2,22,16.7,23.8,26.1,31,24.9,26.7,18.6,32.1,25.1
20150409,18,NO2,37.4,34.7,36.2,41.4,39.4,53.5,,62.9,12.7,47.6,31.7,29.8,54.8,39.6,26.7,32.3,42.1,30.5,26.6,31.4,37.5,41.9,30.6,27.9,61.8,31.7,25.3,,23.4,37.7,63.3,84,77.9,121.8,47.9
20150409,18,O3,121.6,163.2,140.8,146.1,122.4,127,84.7,94.3,114.3,144.5,147.8,126.7,113.5,158.5,131.5,142.8,122.3,115.5,91,136,146.9,156.8,110.4,132.9,135.7,192.2,157.5,120,127.2,148.9,108.5,113.8,81.7,62,134.2
20150409,18,CO,1.1,1,0.9,1.1,0.8,1.1,0.8,0.6,0.4,1,1,0.8,1.2,1.1,0.9,0.5,1,0.7,0.5,0.7,1,1.1,0.6,0.7,0.9,1.1,0.6,0.7,0.8,1.2,1.2,1.1,1,1.5,0.9
20150409,19,SO2,19.2,19.1,20.9,20,18.9,21.7,18.3,10.9,8.3,20.7,14.2,15.8,17.6,29.6,21,28.8,20.2,5.5,8.6,14.2,16.7,24.8,10.8,8.6,10.7,20.9,13.2,23.5,22.3,24.9,24.8,24.1,21,29.9,20.6
20150409,19,NO2,47.9,44.7,49.7,61.9,51.9,65.5,,60.5,21.6,63.5,43.8,40.1,68.3,39.8,33.1,37.5,50,37.1,45.6,35.8,53.6,52.9,35.4,27.8,95,29.2,21.2,,30.4,34.6,86.1,89.9,94.6,148.2,58.6
20150409,19,O3,114.8,148,135.5,123.8,120.6,115.6,85,92.5,115.6,127.2,135.2,133.9,97.4,146.1,119.4,130,110.6,88.5,84.4,119.5,115.4,127.6,123,115.9,79.5,182.9,154.7,108.2,117.3,135,86.8,108.9,78.9,40,124.6
20150409,19,CO,1.3,1.2,1.2,1.3,1.1,1.2,1,0.5,0.6,1.3,1.2,1.1,1.3,1.1,0.9,0.6,1.1,0.6,0.7,0.7,1.1,1.1,0.8,0.7,0.9,1,0.5,0.8,0.9,1.2,1.4,1.2,1.3,1.6,1.1
20150409,20,SO2,19.3,18.4,19.7,20.1,20.5,24,16.9,12.8,11,19.7,12.6,14.5,17,35,22,30.8,19.7,7.4,10.5,12,14.2,21.7,9.5,9.5,7.6,18.4,11.1,23.6,18.2,20.5,25.8,25.8,18,29.3,18.7
20150409,20,NO2,54.4,49,55,60.9,62.8,65.5,,72.8,35.4,67.5,51.5,52.7,61.8,47,40.8,44.7,53,50.2,62.3,52.4,76.8,48.4,31.4,29.4,83.8,29.1,27.5,,37.5,33.7,80.4,94.6,103,131,60.2
20150409,20,O3,98.3,128.5,121.2,114.6,104,106.8,75.2,81.9,105.8,109.4,113.9,118.6,95.4,131.5,97.5,106.6,101,77.2,73,91.1,70,118.8,112.7,115.4,71.4,163.4,127.9,96,95,120.1,82.9,96.7,64.8,40.8,112.9
20150409,20,CO,1.4,1.2,1.3,1.3,1.3,1.3,1.2,0.6,0.8,1.3,1.3,1.3,1.3,1.2,1.1,0.7,1.1,0.8,0.9,0.8,1.3,1.1,0.8,0.8,0.8,0.9,0.7,0.8,1,1.2,1.4,1.3,1.4,1.5,1.1
20150409,21,SO2,21,21.3,20.5,19.6,21.2,25.6,16.8,11.5,12.6,19.5,12,14,16.3,30.7,18.7,26.2,20.4,9.4,9.2,11.2,11.1,21.2,10.2,7.5,7.6,14.6,12.5,28.5,16.6,19.1,26.6,26.9,19.2,27.7,19.7
20150409,21,NO2,49,46.2,53,63.8,55.6,61,,78.9,45.2,62,47.7,55.3,55.9,39.3,44.7,74.5,53.7,77.8,76.7,61.5,84.4,49.3,46.5,27.4,73.5,26.2,26.3,,30.1,32.9,73.3,89.7,93.3,127.1,52.2
20150409,21,O3,99.4,129.2,116.1,103.5,101.5,107.6,64.3,74.4,99.4,106.6,106.4,103,91,127.1,82.5,62.2,87.5,58,52.3,72,49,108.1,88.5,102,74.3,151.8,126.8,88,94.3,103.8,83.1,96.6,64.8,41.3,117.2
20150409,21,CO,1.5,1.3,1.4,1.4,1.4,1.4,1.2,0.7,1,1.4,1.4,1.3,1.3,1.2,1.2,0.8,1.1,1.2,1,1,1.4,1.1,1,0.9,0.7,0.9,0.7,0.9,1,1.2,1.5,1.3,1.5,1.6,1.2
20150409,22,SO2,19.3,17.1,19.7,18.3,21.2,23.8,16.9,8.4,7.1,17.7,11.6,13.7,16.2,27.9,15.9,23.4,20.3,9.2,7.1,10.2,9,22,9.5,7.2,6.8,14.4,11.3,28.3,15,17.1,24.9,25.5,20.7,23.5,18.3
20150409,22,NO2,52.2,53.8,52.8,64.6,55.6,64.7,,108.9,39.2,64.7,46.2,60.1,57.6,37.2,50.3,83.5,56.9,43.9,96.1,79,80.1,39.9,43.2,26.1,51.9,24,23.3,,25.1,37.3,72.4,94.2,93.2,116.8,53.4
20150409,22,O3,85.5,99.9,106.9,87.8,95.7,91.6,46.5,42.6,79,89.4,99,86.3,78.4,113,64.5,39.6,73,84.6,18.5,42.2,44.6,108.7,87,97.6,89.5,149.4,126.3,80,91,85.3,69.6,77.6,59.3,35.1,102.5
20150409,22,CO,1.5,1.3,1.4,1.4,1.3,1.4,1.3,0.7,0.9,1.4,1.3,1.3,1.3,1.2,1.2,0.8,1.2,1.1,1.2,1.3,1.3,1.1,1.1,0.9,0.7,0.9,0.7,0.9,0.9,1.2,1.4,1.3,1.5,1.6,1.2
20150409,23,SO2,16.6,12.5,19.4,16.1,21.6,23,16.1,8.7,6,15,11.7,13.9,15.3,25.2,16,21.7,14.3,7.3,7,7.2,8.2,22,5.9,6.4,3.5,11.8,10.1,23.8,10.9,18.6,22.3,23.6,21.7,21.9,16.3
20150409,23,NO2,55.7,56.2,49.4,66.9,60.3,66.4,,171.9,32.6,77.7,34.1,56.8,61.8,40.9,50.6,77.9,74.1,34.9,101.7,45.7,71.2,32.3,37.8,26.1,38.6,22.3,20.7,,29.9,42.5,82.5,95.8,80.6,106.1,53.6
20150409,23,O3,69,78.5,99.8,70.6,82.4,77.3,49.2,19.7,73.5,58.1,106.6,86.9,64.2,94.9,57,37.9,37.2,85.9,5.2,61.1,35,109.6,78.3,90,76.2,141.5,123.4,66.6,68.5,72.3,46.3,64,61.8,27.2,85.7
20150409,23,CO,1.5,1.3,1.4,1.4,1.3,1.4,1.3,1.2,0.8,1.4,1.3,1.3,1.3,1.2,1.2,0.9,1.2,0.9,1.3,1.2,1.4,1,1,0.9,0.6,0.9,0.7,0.9,0.8,1.2,1.4,1.3,1.4,1.6,1.1
20150409,0,PM2.5,151.3,146.7,144.6,149.5,149,145,144.9,149.6,154.3,153.3,161.9,159.1,157.4,137.8,130,109.3,140,147.4,170.8,113,140.4,131.1,156.8,140.3,146.7,123.3,94.3,107.2,132.1,162,145.2,153.7,142.7,,157.6
20150409,0,PM10,177.5,,,,,,,183.6,,,,182.4,,,133.8,,,,179.6,113.4,,,,,,125.8,109.9,,,,,,155.9,,171.6
20150409,0,AQI,142,140,129,139,135,140,133,124,123,146,143,145,150,146,144,142,144,112,134,115,129,122,99,109,99,105,112,136,155,160,140,148,129,,144
20150409,1,PM2.5,130.8,124.3,135.7,132.2,135.3,121.5,149.4,148.2,153.3,139.6,164.3,158.4,156.1,121.5,133.2,110.8,125.9,149.3,172,109,140.9,132.5,165.4,142,148.3,124,89.6,113.7,130.7,168.8,127.6,131.6,132.1,,157.5
20150409,1,PM10,154.7,,,,,,,,,,,179,,,136.7,116.2,,,,,,,,,,133,103,117.8,,,,,137,,189.2
20150409,1,AQI,145,143,132,142,138,142,137,130,128,149,147,149,154,148,146,144,147,119,140,119,134,126,106,115,105,109,114,138,157,165,142,151,132,,149
20150409,2,PM2.5,118.2,116.2,124.5,121.8,123.8,127.3,133.7,151.2,161.7,138.2,157.7,157.2,149.9,127.4,140.6,124.2,113.4,147.7,164.5,106.7,142.4,133,157.9,148,164.8,125.9,86.6,118.9,126.1,173.6,118.1,123.1,125.8,,151.9
20150409,2,PM10,150.8,,,,145.9,129.4,143.9,,,138.2,,172.2,,,150.5,192.3,,,,,,137.2,,,,126.8,102.8,128.9,140,,119.7,124.6,141,,187.5
20150409,2,AQI,147,145,135,144,141,145,140,135,134,152,151,154,158,150,149,145,149,125,145,122,139,130,112,121,113,114,115,139,159,170,144,153,135,,153
20150409,3,PM2.5,126.3,119.5,115,121.8,122.7,134.6,149.4,147.5,165.3,145.8,182.4,156.1,154.2,138.5,127.9,122.2,124.5,144,161.9,112,132.9,139.3,162.7,153.3,163.3,127.2,85.6,117.1,125.4,173.9,127.8,133.4,121.7,,154.5
20150409,3,PM10,149,,,122.8,155.4,,196.1,,,159,,186,,146.6,,152.1,,,,,,139.5,,,,,94.9,132.7,,,130,136.8,121.8,,195.6
20150409,3,AQI,149,146,137,146,143,147,143,141,140,156,157,158,161,153,150,146,151,130,151,126,143,134,118,127,120,119,116,140,159,174,146,155,137,,157
20150409,4,PM2.5,140,120.5,122.3,127,122.5,137.3,149.6,146.7,167.1,139.6,172.1,158.2,148.2,146.3,122.4,127.7,125.5,143.6,165.7,115.3,129.1,136.2,162.8,157.2,170.1,126.4,90.4,111.6,126.8,165.6,127.6,131.9,119.7,,146.7
20150409,4,PM10,183,,123.4,,148.9,,174.9,,,,,166.3,161.9,,127,181.9,128.9,,,,142.6,,,,,,99.5,132.2,,,134,,143.9,,180.5
20150409,4,AQI,151,148,139,148,145,149,146,146,146,159,162,163,164,155,150,147,153,136,158,129,146,139,124,133,127,123,116,140,159,177,148,157,139,,160
20150409,5,PM2.5,137.6,123.2,136.6,126.4,131.4,121.1,154.2,143.4,161.2,140.4,172,164,159.5,138.2,128.5,128.1,124.3,149.3,168.8,114.2,141.8,131.1,153.9,159,164.6,121,92.1,118.3,124.1,161.7,134.2,132,139.8,,147.4
20150409,5,PM10,162.2,,157.6,,162.5,,189.6,,,165.4,,,184.9,,155.2,179.8,,150.5,,,,,,,,126.2,100,140.9,124.9,,138.3,,212.3,,177.2
20150409,5,AQI,153,149,142,150,148,151,151,150,152,162,167,168,168,157,151,148,154,141,165,132,151,143,131,140,134,128,116,140,160,180,149,158,142,,162
20150409,6,PM2.5,136.1,111.4,159.2,123.9,137.8,142.6,156,146.9,154.3,157.9,175,155.1,165.5,143.2,131.6,137.1,122.1,157.7,163.9,112.8,144.4,124.1,156.6,157.5,165.9,120.2,90.6,116.8,121.7,166.4,134.6,124.9,159.3,,158.5
20150409,6,PM10,189.5,,178.3,,148.4,152.9,221.1,,,196.7,,,176.8,157.2,158.3,184.1,123,187.6,,,,126.5,,,,131.1,99.2,141,,,150.1,129.5,221.9,,211.4
20150409,6,AQI,156,150,147,151,151,153,156,155,158,166,172,173,171,158,152,149,155,147,171,135,157,147,137,146,141,132,116,139,161,183,151,159,147,,166
20150409,7,PM2.5,134.2,110.3,160.6,152,131,141.3,164.6,153.7,145.5,171.3,177.7,152.7,167.9,142.2,131.6,133.2,129.6,160.6,170.5,126.4,148.4,130.3,168.5,165.3,167.3,130.3,92.9,127.7,120.2,169.5,128.2,140.2,146.1,,155.4
20150409,7,PM10,208.1,,179.6,192.9,161.8,155,232.1,,,201,,170.9,175.8,164.6,183.4,214.9,139.5,187.4,,,,142.9,,,,,100.3,155.8,152.7,,160.2,174.2,196,,202
20150409,7,AQI,159,151,152,155,153,156,162,160,164,170,178,178,175,160,152,149,156,153,178,138,162,150,144,152,148,136,115,140,161,185,155,160,151,,169
20150409,8,PM2.5,132,123.5,137.1,138.6,136.5,140.6,152.3,172.9,142.9,172.9,169.9,153.5,167.6,143.2,127.8,151.5,134.6,191,171.6,131.3,151.3,140.3,176,182,163.5,131.4,86.6,133.5,128.5,168.4,135.3,128.2,129.3,,158.1
20150409,8,PM10,205.6,,156.3,154.7,177,152.1,191.7,183.7,,213.9,,,177.8,173.9,179.4,251.5,152.7,241.1,,147,,163.2,,,,,95.8,179.7,197.3,175.7,166.7,155.5,189.5,,222.4
20150409,8,AQI,162,153,156,156,156,159,166,167,168,173,183,180,177,160,152,151,156,162,185,140,167,154,150,159,155,141,114,139,163,187,158,161,153,,171
20150409,9,PM2.5,131.9,126.6,138.1,138.3,141.8,143.7,144.8,161.6,150.4,174.1,176.2,160.3,166.5,144.4,139.5,150.3,154.9,193.1,178.7,137.2,144.9,150.2,190.2,186.3,180.4,127.5,97.7,140.8,162.9,180.2,139.1,134.6,136.7,149.2,153.1
20150409,9,PM10,184.4,139.4,168.4,189.2,175.1,155.9,191.6,,155.4,220.5,,189.2,194.1,177.8,187.5,214.3,155.4,200,,151.2,,167.9,,,,,134.9,183.6,180.9,,175.7,166.6,195.5,,193
20150409,9,AQI,164,154,159,158,158,161,168,171,172,177,187,185,179,161,152,151,156,170,191,142,169,159,158,167,163,145,114,141,166,190,160,162,156,147,173
20150409,10,PM2.5,148.7,146.4,149.1,156.7,167.5,148.7,165.5,163.3,167.2,183.2,170.8,164.3,185.1,149.9,157.4,151.9,146.6,173.2,198.7,128,139.9,146.6,183.3,189,177.1,145.3,113.3,173.6,157.5,183.4,149.9,147.9,161.5,160.3,147.1
20150409,10,PM10,209.7,187,178.1,188,198.2,157.1,211.7,186.8,,233.2,198.2,179.6,239.1,192.6,204.1,191.9,,,,136.9,151.3,152.3,,,,155.6,178.9,177,205.1,,190.3,175.6,209.7,211.7,
20150409,10,AQI,166,155,162,159,162,163,173,175,177,180,189,189,183,164,157,154,155,176,198,142,170,161,165,175,171,149,116,147,169,195,162,163,160,149,175
20150409,11,PM2.5,176.1,176.2,163.5,166.6,165.3,164.6,172,184.6,184.9,192,200.2,178.4,,168.4,167.6,154.9,145.6,160.3,201.4,138.6,161.5,161.6,182.7,197.1,148.1,153.1,121.6,174.6,178.5,189.4,166.3,178.4,164.9,176.7,177.2
20150409,11,PM10,240.1,180.4,174.6,209.7,183.3,169.9,187.9,188.2,,223.5,225.8,184.4,,215.1,223.4,205.9,146.1,,,144.4,171.1,,,,,,187.2,,247.3,,192.8,197.1,204.8,210.8,220.5
20150409,11,AQI,170,160,165,164,166,167,176,179,182,186,196,192,,169,163,159,157,180,202,143,172,164,174,183,177,152,117,152,174,201,165,168,164,159,179
20150409,12,PM2.5,189.3,184,179,181.2,172.9,194.6,185.7,183.6,188.8,206.6,206.5,193.9,202,181.9,194.9,177.3,159.1,171,206.7,161.4,168,172.6,165.7,179.2,67.1,153.2,137.5,190.3,197.1,200,188.4,190.9,171.4,192.1,189.9
20150409,12,PM10,247.5,,194.4,208.5,178.8,,196.6,191,,216,212.3,212.3,,194.2,212.1,219.6,,,,165.4,,,,,,,172.9,,286.8,,203.9,196.3,213.2,207.8,
20150409,12,AQI,176,166,172,171,171,175,183,183,188,194,203,198,195,176,171,164,160,184,207,147,175,167,181,188,178,155,119,159,179,206,172,175,170,174,186
20150409,13,PM2.5,205.1,196.2,191.9,195.2,184.9,195.3,200.2,187.7,199.6,206.9,207.3,201.4,198.1,195.9,207,199.1,170.5,165.4,224,170.1,172.3,166.6,133.1,180.2,76.7,159.5,144.3,196.3,193.2,206.8,195.3,201.4,190.3,201.3,198.5
20150409,13,PM10,262.8,206.1,207.3,218.7,206,,212.9,,188.5,,,204,,,,213,,,,,,,,,,,161.9,,260.7,,211.3,205,230,,
20150409,13,AQI,184,173,179,178,178,182,190,189,196,201,208,202,201,183,179,172,165,187,213,150,177,168,185,191,178,157,123,166,185,210,180,183,177,188,193
20150409,14,PM2.5,207.3,202.2,185.5,194.1,196.3,200.4,187.1,202.5,188,203.6,191.7,185.6,200.2,199.9,205.3,208.2,172.4,167.8,216.5,177.7,165,163.6,34.3,174.1,53.2,153.1,156.1,195.4,190.3,202.2,200.4,209,190.1,3,203.5
20150409,14,PM10,243.6,,,,226.9,,189.9,205.2,,,,,,,,209,,171.6,181.8,,,,,,,,164.8,,257,,,,212.9,196.6,
20150409,14,AQI,191,180,184,184,184,188,196,197,201,205,212,204,206,189,185,180,172,192,218,158,178,171,184,195,175,159,129,171,190,214,186,190,183,177,200
20150409,15,PM2.5,203.2,187,177.6,190.9,184.2,196.1,175.8,164.8,157.6,200.5,176.9,165.2,178,195.4,196.4,187.5,188.6,175.7,199.4,178.1,162.5,175.7,28.3,178.5,130.3,144.2,154.4,155.3,175,204.1,205.9,201.3,168.7,209.3,201
20150409,15,PM10,232.5,,,202.1,,,,,,,,167.3,,,199.3,,,186.1,,,,,,,172.8,155.5,168.5,,201.2,,,,181.9,,
20150409,15,AQI,197,185,189,190,189,194,201,201,204,209,215,205,209,195,191,184,178,198,221,164,184,177,180,201,177,163,133,176,194,218,192,196,188,191,205
20150409,16,PM2.5,179.4,168.8,157.5,174.3,163.5,180.1,151.2,136.6,129,166.5,117.8,114.6,148,183.6,186.3,181.6,184.7,152.8,133.8,170.5,178,167.6,14.4,178.8,166.3,109.8,148.7,129.8,171.2,206.4,174.8,184.9,157.8,179,176.8
20150409,16,PM10,215.5,,,175.5,191,,,,,,,,,,193.4,205.6,,,,,,,,,168.9,,173.7,,206.3,,179.8,,174.7,,
20150409,16,AQI,201,189,192,194,193,199,203,202,204,212,215,206,211,199,196,190,183,201,222,169,189,182,177,204,181,165,137,178,198,221,196,201,191,199,207
20150409,17,PM2.5,131.9,139.4,107,133.2,116.2,146.9,102.1,102.9,68.4,133.4,134,87,166.7,179.5,162.2,149.1,165.7,115.3,67.1,162.5,175.8,165.7,15.3,152.5,171.4,143.1,136.3,121.5,175.4,214.1,149.2,141.5,106,154.9,160.4
20150409,17,PM10,162.7,,,137.6,,,,,,139.5,144.2,100.5,175.5,185.2,,173.4,,116.5,,174.3,,193.2,28.2,138.5,,171.8,154.6,,213.9,,150.1,143.8,,161.5,
20150409,17,AQI,202,190,192,196,193,201,202,202,203,212,216,205,213,203,199,192,187,201,219,172,194,186,173,206,186,169,139,179,200,225,198,202,191,202,209
20150409,18,PM2.5,164.4,170.4,130.3,162.1,117.2,168.2,107.6,58.6,55.7,173.3,164.9,95,198.5,187.6,182.3,150.5,139.3,85.6,58.6,142.8,158.7,171.8,90.4,112.7,152.7,171,107.6,120.5,177.3,238,170.7,173.4,116.1,182.5,171.8
20150409,18,PM10,224.3,,148.3,192.1,174.6,,133.5,,,194.5,209.1,138.1,242.5,209.2,200.1,188.2,,,,145.3,,173.8,115.9,,,191.1,125,,229.5,,183.6,179.1,160.3,188.9,224.8
20150409,18,AQI,203,193,193,198,193,202,202,200,200,214,218,204,216,205,202,194,189,201,216,175,197,190,172,207,188,173,141,180,203,229,201,204,191,207,211
20150409,19,PM2.5,211.3,203.3,191.7,207.9,176.9,204.3,171.6,55.9,77,232.1,215.9,172.3,237.9,198.6,192.4,172.3,161.4,64.5,74.6,129.3,159.9,175,139.8,94.9,124.8,164.3,94.7,153.6,190.2,234.3,214,213.5,176.9,222,201.5
20150409,19,PM10,300.7,230.6,224,259.7,269,,246.9,,,279.8,248.7,204.7,278.9,203.7,221.9,199,190.9,,,,159.9,175.1,136.8,,,173.1,99.9,,221.9,,246.7,236.9,256.4,241.5,207.5
20150409,19,AQI,207,198,197,202,196,206,204,196,197,218,221,205,220,208,205,198,192,198,213,176,200,194,174,206,190,177,141,182,205,233,205,207,195,215,215
20150409,20,PM2.5,235.2,208.7,227.3,224.6,230.6,221.2,223.3,57.9,122.4,244.8,248.6,216.6,237.6,217.8,219.9,186.2,190.3,84.2,141.1,133.8,177,171.3,114.6,116.5,107.7,159.5,110.4,170,197.1,246.3,235.3,218.5,226.2,226.8,220.1
20150409,20,PM10,310.1,213.6,258.2,252.7,300.7,,310.9,63,,261,282.7,256.5,247.1,223.1,247.6,223.4,206.3,117.8,144.9,142.2,178.3,177.6,,,106.9,178.7,144.5,,225.9,,248.5,221.9,307.5,232.1,
20150409,20,AQI,211,202,202,206,202,209,208,192,196,222,225,209,224,212,209,201,196,195,213,178,202,198,174,206,189,180,143,185,208,237,208,211,200,222,218
20150409,21,PM2.5,246.6,230.1,235.7,235.6,240.5,236.9,239,66.5,183.8,260.1,264.5,232.9,248.6,219.6,236.2,200.8,206.7,155.3,134.3,147.7,189.2,180.4,131.5,135.4,102.3,156.7,125.6,187.3,196.3,252.1,249.7,237.3,237,239.3,237
20150409,21,PM10,305.6,,240.2,245.1,261.3,,277.7,82.8,189.8,,,232.9,251.4,,240.1,219.9,216.7,195.3,137.7,165,210.5,187.2,137.5,,,166.4,147,,,,,,280,,
20150409,21,AQI,215,205,207,210,206,213,212,188,199,227,230,212,229,215,213,204,201,197,212,180,204,201,175,206,188,183,145,188,207,242,213,214,205,227,222
20150409,22,PM2.5,248.1,231.2,232,236.5,236.8,241.6,238.5,67.7,161.7,258,252.9,217.6,252.8,226.3,237,216.3,233.4,147.1,133.7,170.8,206.7,186.9,151.5,127.5,98.6,159.8,143,192.6,169.1,268.4,253,247.2,230.6,249.5,251.4
20150409,22,PM10,286,,,244.4,,,248.9,99.7,,,,,,,,234.6,,,149.7,186.5,223.8,,,,98.8,170.4,160.9,,171.6,,,,254.7,,
20150409,22,AQI,219,209,210,215,210,217,216,183,200,232,235,215,233,219,217,207,205,197,211,183,207,204,175,206,186,185,148,193,209,246,218,218,208,232,226
20150409,23,PM2.5,253.5,235,229.8,245.1,233.8,246.3,230.1,139.7,142.1,254.9,247.9,212.7,257.9,229.3,234.4,227.3,231,127.5,128.4,164.9,203.9,194.7,161.7,134.5,83.5,165.3,153.8,171,142.3,262,260.2,248.3,220.6,251.2,249.8
20150409,23,PM10,299,,,,239.3,,241.6,197.3,,,,,,,,237.6,,,141.1,,,,,,,,,,,,,,256.1,,
20150409,23,AQI,223,213,214,219,214,221,219,182,199,236,238,218,238,222,221,211,208,196,209,186,210,207,176,206,182,188,150,197,209,250,223,222,212,237,231
