date,hour,type,dongsi,tiantan,guanyuan,wanshouxigong,aotizhongxing,nongzhanguan,wanliu,beibuxingqu,zhiwuyuan,fentaihuayuan,yungang,gucheng,fangshan,daxing,yizhuang,tongzhou,shunyi,changping,mengtougou,pinggu,huairou,miyun,yanqing,dingling,badaling,miyunshuiku,donggaocun,yongledian,yufa,liulihe,qianmeng,yongdingmengxi,xizhimengbei,nansanhuan,dongsihuan
20150715,0,PM2.5,25,25,28,28,22,3,28,3,19,20,26,29,39,12,24,13,36,17,20,50,24,32,22,17,24,23,63,45,91,100,24,23,18,31,26
20150715,0,PM10,33,38,,,22,30,66,66,,43,55,40,69,33,51,60,49,30,35,96,,53,41,29,,36,76,96,99,210,32,42,27,45,36
20150715,0,AQI,65,58,65,57,65,53,61,49,53,67,58,60,60,61,71,68,62,54,55,68,62,58,52,45,57,53,70,72,87,70,75,60,70,68,59
20150715,1,PM2.5,26,21,30,7,21,3,24,3,21,20,32,18,43,13,23,24,29,23,22,50,29,25,20,17,35,26,64,42,88,94,21,23,21,33,18
20150715,1,PM10,33,28,32,40,34,29,47,70,,67,85,20,63,28,35,72,32,26,,77,38,39,28,26,,39,,78,,156,33,39,38,52,30
20150715,1,AQI,61,56,58,54,60,51,55,47,50,58,58,56,59,57,68,66,59,50,53,67,60,57,51,41,55,53,64,71,89,73,71,57,61,65,57
20150715,2,PM2.5,28,20,29,18,24,3,25,3,18,27,26,21,41,14,25,23,36,24,20,59,18,23,25,20,36,23,58,46,75,79,24,21,25,28,22
20150715,2,PM10,40,41,,30,28,35,54,70,48,52,33,36,,18,50,67,53,30,,98,20,32,45,30,,46,,100,101,148,54,37,27,48,43
20150715,2,AQI,55,52,56,52,54,42,55,48,50,58,57,55,58,55,62,61,55,46,53,67,57,56,49,41,55,53,63,69,90,74,63,54,57,63,52
20150715,3,PM2.5,28,18,24,16,23,3,26,3,21,18,23,21,27,16,28,18,40,26,20,49,25,26,33,23,29,28,51,46,68,72,24,21,19,25,24
20150715,3,PM10,38,30,25,36,41,40,,58,25,25,49,38,,36,71,59,58,35,,79,,56,33,28,,39,60,101,,129,60,44,35,47,44
20150715,3,AQI,55,52,55,52,54,43,55,50,49,57,57,55,58,55,62,61,55,46,53,66,54,54,48,40,55,52,63,68,90,75,63,53,56,63,52
20150715,4,PM2.5,28,24,25,28,23,3,22,3,30,24,28,28,23,25,28,25,37,19,24,52,25,34,37,19,33,22,56,45,62,64,21,23,19,25,21
20150715,4,PM10,45,41,32,28,49,36,48,90,36,37,34,125,,56,68,80,42,31,,88,34,52,,27,,42,73,74,,138,52,49,49,43,50
20150715,4,AQI,54,52,53,52,53,42,56,52,48,57,56,57,58,55,68,62,54,46,54,65,52,54,48,40,55,52,63,68,90,77,60,53,55,62,52
20150715,5,PM2.5,26,32,22,28,25,3,20,3,25,21,24,35,25,21,27,23,29,18,20,60,25,32,25,25,27,19,61,47,50,70,27,22,25,28,26
20150715,5,PM10,54,50,41,45,52,37,35,87,49,43,50,83,,51,74,58,53,32,31,81,44,47,,34,,25,76,79,,202,45,50,57,54,55
20150715,5,AQI,54,52,53,52,53,43,55,53,48,56,57,58,60,55,63,62,55,46,53,66,52,55,48,40,55,52,65,69,89,81,60,53,54,62,52
20150715,6,PM2.5,27,26,28,26,28,3,20,10,37,22,32,33,30,28,30,27,33,18,24,59,26,26,36,20,26,21,63,48,37,61,29,23,26,31,24
20150715,6,PM10,48,58,44,47,57,45,76,93,44,64,80,60,49,56,72,82,41,32,29,84,40,42,43,30,,32,82,95,56,135,44,60,62,73,50
20150715,6,AQI,54,52,54,52,53,44,56,54,49,55,57,58,59,55,63,62,54,45,53,67,52,54,49,40,55,51,67,69,86,83,59,54,56,62,52
20150715,7,PM2.5,28,28,25,32,28,3,27,8,24,25,27,32,37,30,28,24,31,21,23,54,21,22,36,28,33,15,71,44,49,72,25,27,26,29,27
20150715,7,PM10,55,59,50,59,52,56,86,73,41,69,61,65,68,72,98,112,52,48,42,115,56,50,,42,41,32,83,105,74,156,70,80,67,97,53
20150715,7,AQI,54,52,53,53,53,45,57,55,49,56,57,58,60,56,64,64,54,45,52,69,53,55,49,40,54,50,69,70,85,85,59,55,55,66,52
20150715,8,PM2.5,30,32,34,48,30,3,26,12,27,22,32,29,33,24,29,29,35,26,24,60,35,19,46,27,65,18,67,65,54,64,30,27,26,37,31
20150715,8,PM10,56,65,58,62,65,68,69,47,46,81,71,81,48,65,95,111,80,50,44,138,72,46,55,52,,,96,164,86,119,63,71,69,98,67
20150715,8,AQI,54,53,53,54,53,47,57,55,49,57,58,59,60,56,65,66,56,45,51,71,53,55,50,40,55,51,71,72,85,87,59,55,56,71,57
20150715,9,PM2.5,29,,36,32,36,3,35,13,31,21,30,33,34,30,31,25,37,27,26,55,29,21,47,27,63,18,71,86,56,58,30,26,27,36,29
20150715,9,PM10,57,,92,61,88,78,79,83,64,71,80,98,62,106,117,122,56,56,48,148,76,35,64,51,,,97,204,86,146,104,66,112,93,77
20150715,9,AQI,54,,54,54,54,49,57,56,50,57,58,60,59,57,66,68,57,46,51,73,54,56,50,41,55,52,73,75,84,89,60,56,76,69,56
20150715,10,PM2.5,30,,39,21,31,3,34,21,43,26,33,38,37,26,32,36,28,30,30,72,25,17,49,24,50,18,73,107,56,47,29,25,35,38,36
20150715,10,PM10,79,,101,80,70,59,80,77,59,113,95,130,66,77,127,134,56,77,60,156,59,37,,36,,33,95,236,73,56,100,67,126,103,86
20150715,10,AQI,55,,56,55,55,49,58,56,49,58,58,62,59,57,67,69,56,46,51,75,55,55,51,41,57,52,76,79,84,89,60,56,74,69,54
20150715,11,PM2.5,35,,39,45,38,,39,29,40,28,41,41,46,41,45,51,34,34,30,70,25,27,50,24,70,17,79,110,51,34,32,31,35,40,32
20150715,11,PM10,86,,94,74,116,,114,95,78,78,135,117,96,110,162,165,92,62,69,172,70,47,,39,80,,105,211,116,50,78,80,105,111,86
20150715,11,AQI,57,,57,56,56,51,60,57,51,58,60,64,60,59,70,70,57,47,51,83,56,55,51,40,58,52,78,82,83,87,60,57,76,70,54
20150715,12,PM2.5,36,40,40,53,42,,42,24,27,30,41,38,45,42,50,,37,27,29,69,36,27,55,27,81,27,78,113,62,37,30,31,39,46,35
20150715,12,PM10,78,90,84,91,103,61,122,99,,99,112,93,59,122,201,160,77,50,81,145,61,81,,51,84,46,102,212,110,74,89,82,114,128,105
20150715,12,AQI,57,54,58,56,58,51,61,59,50,60,62,65,60,61,73,73,58,48,52,109,56,67,52,41,59,52,80,86,83,88,61,58,107,77,56
20150715,13,PM2.5,53,47,42,45,43,,43,22,27,36,38,39,81,61,55,,42,35,41,64,31,32,51,31,78,35,77,112,66,36,45,44,39,51,35
20150715,13,PM10,110,94,123,103,247,71,154,70,73,181,131,133,109,132,115,49,51,53,148,148,50,64,59,42,87,59,,172,82,63,129,103,136,134,94
20150715,13,AQI,58,56,59,57,62,52,63,59,51,63,63,66,61,62,74,72,57,48,54,101,55,56,52,41,60,60,83,88,84,87,62,59,63,79,57
20150715,14,PM2.5,51,52,49,60,55,48,40,13,35,39,39,43,41,58,60,,42,42,45,58,44,37,37,35,69,41,78,99,,35,47,45,40,64,46
20150715,14,PM10,120,100,83,84,74,84,52,63,,86,44,93,59,95,117,139,112,109,57,125,102,90,,63,70,80,108,189,92,59,127,100,104,120,87
20150715,14,AQI,59,57,60,58,62,53,62,60,51,63,63,66,61,63,75,74,58,51,54,93,56,61,52,42,60,66,85,90,84,87,64,60,64,70,58
20150715,15,PM2.5,45,43,47,53,47,44,46,3,36,40,37,40,40,41,51,52,63,43,37,42,51,42,33,39,81,46,62,80,,38,39,45,37,55,54
20150715,15,PM10,67,77,79,81,,81,,49,,83,70,,,54,96,124,111,91,48,114,,81,61,52,,83,,136,103,97,91,82,82,96,66
20150715,15,AQI,59,57,60,58,62,54,63,60,72,63,64,66,61,62,74,74,59,51,54,92,65,64,49,42,61,64,86,91,84,88,64,61,64,71,58
20150715,16,PM2.5,46,51,43,42,42,39,41,19,33,40,43,38,26,54,45,58,52,44,37,59,44,46,41,39,73,38,67,69,,41,44,47,41,48,37
20150715,16,PM10,73,70,84,57,53,64,71,48,39,102,60,57,46,74,58,104,75,53,50,123,54,78,44,50,,68,72,113,92,98,87,67,108,79,65
20150715,16,AQI,59,57,60,57,63,53,63,60,72,62,63,65,60,61,73,74,60,51,54,106,59,57,48,41,63,53,87,92,84,88,63,60,64,74,57
20150715,17,PM2.5,45,45,49,42,43,37,44,,44,43,44,41,53,54,44,41,55,49,41,62,47,48,48,46,52,39,60,63,36,41,41,45,43,53,39
20150715,17,PM10,69,69,63,74,84,66,57,72,58,88,74,58,112,,81,80,58,57,43,118,72,81,,52,,,79,90,79,85,69,72,64,98,79
20150715,17,AQI,58,56,59,56,61,52,60,59,48,61,62,63,60,60,72,73,59,50,52,85,56,76,49,39,63,53,88,92,82,88,61,59,63,77,56
20150715,18,PM2.5,47,49,56,38,52,41,46,,44,38,,46,54,43,45,43,49,46,41,60,45,48,37,44,44,40,59,57,,46,44,43,45,54,44
20150715,18,PM10,88,83,84,58,59,74,58,,64,73,,121,,80,93,95,52,54,51,114,70,59,,45,49,,63,81,83,95,115,76,103,88,68
20150715,18,AQI,57,55,58,55,60,51,60,60,48,60,,63,59,59,72,73,58,49,52,85,55,70,49,39,63,52,88,92,69,87,61,58,63,81,56
20150715,19,PM2.5,58,54,56,43,56,41,56,96,49,44,46,48,50,46,42,47,57,44,43,64,52,43,31,41,44,35,53,51,51,47,47,51,49,56,47
20150715,19,PM10,64,88,62,78,70,69,,,,110,94,83,,69,73,120,89,51,101,133,79,61,,46,,50,64,89,57,112,,78,67,93,60
20150715,19,AQI,57,56,59,55,60,52,61,61,48,61,62,64,59,59,72,73,58,49,54,85,55,63,50,39,65,48,87,92,81,86,61,58,63,78,56
20150715,20,PM2.5,56,51,52,40,55,45,46,64,43,42,52,56,57,55,49,56,53,30,45,76,46,43,29,34,42,36,60,64,69,50,50,47,49,57,47
20150715,20,PM10,75,75,77,73,59,73,52,79,,,93,,65,74,82,135,80,45,66,132,49,60,,38,,51,,113,87,107,76,68,93,84,81
20150715,20,AQI,57,56,59,56,60,53,60,61,49,62,63,65,59,60,71,75,59,49,53,85,55,57,51,40,65,48,87,92,81,85,61,58,63,72,57
20150715,21,PM2.5,63,53,56,36,52,48,52,67,41,38,54,45,52,46,54,60,52,32,46,73,47,38,35,29,52,36,62,82,70,59,54,51,42,57,50
20150715,21,PM10,96,84,67,82,72,77,60,96,50,74,86,51,60,58,113,149,,41,65,165,60,62,45,35,,52,68,129,105,145,84,84,79,97,87
20150715,21,AQI,58,57,59,57,60,54,60,63,50,63,63,64,59,59,71,76,59,49,54,85,54,54,52,40,67,48,88,92,82,85,62,59,63,67,58
20150715,22,PM2.5,66,55,50,57,53,52,41,66,40,42,48,39,50,43,53,64,49,39,43,78,48,39,44,34,45,37,70,88,70,66,55,51,47,53,54
20150715,22,PM10,84,88,66,72,67,84,113,86,55,110,98,122,58,72,114,147,,47,55,160,58,48,50,36,,39,85,138,91,127,93,82,81,86,86
20150715,22,AQI,59,58,60,57,60,55,62,63,51,64,64,65,59,60,72,77,59,50,54,87,54,54,53,41,68,48,88,94,83,85,63,59,64,68,59
20150715,23,PM2.5,52,50,43,33,45,40,52,63,52,39,53,54,51,63,55,59,50,39,47,79,46,37,44,36,60,31,73,84,68,68,52,47,45,50,44
20150715,23,PM10,,52,146,121,51,63,129,69,60,181,56,86,93,175,74,96,57,55,76,116,50,48,47,43,,45,84,151,71,126,65,52,153,103,47
20150715,23,AQI,59,58,62,59,61,56,64,63,52,67,63,66,60,63,72,78,59,51,55,86,54,54,54,43,70,48,89,95,83,84,64,59,66,69,59
20150715,0,SO2,3,2,2,3,3,2,2,2,2,6,2,2,4,2,2,3,2,2,2,3,2,3,2,4,8,2,10,3,2,5,2,4,2,5,3
20150715,0,NO2,48,59,37,35,58,47,58,58,8,59,37,58,78,69,58,48,87,19,26,29,7,37,40,20,92,7,23,73,69,123,50,62,81,110,42
20150715,0,O3,83,86,100,96,122,103,64,11,141,77,75,81,42,76,87,93,34,106,88,135,131,90,72,93,4,119,176,29,26,2,88,86,76,41,106
20150715,0,CO,0.7,0.6,0.5,0.5,0.5,0.5,0.6,0.5,0.3,0.6,0.6,0.3,0.5,0.6,0.6,0.3,0.6,0.2,0.5,1,0.3,0.5,0.3,0.1,0.5,0.5,0.9,0.7,1.7,0.9,0.4,0.5,0.5,0.7,0.4
20150715,1,SO2,3,2,2,2,3,2,2,2,2,6,3,2,6,3,2,3,2,2,2,3,2,2,3,4,9,2,12,2,2,4,2,4,2,5,3
20150715,1,NO2,50,54,40,32,73,51,65,65,7,83,51,17,78,48,58,51,43,14,20,25,7,19,31,17,49,7,22,75,64,102,46,65,63,96,43
20150715,1,O3,80,97,89,100,99,92,46,2,144,33,46,120,32,88,83,81,72,109,90,152,120,119,65,99,51,114,171,12,12,2,91,76,83,51,99
20150715,1,CO,0.6,0.4,0.6,0.5,0.4,0.5,0.6,0.5,0.3,0.7,0.7,0.1,0.5,0.5,0.9,0.3,0.5,0.2,0.5,1,0.4,0.4,0.4,0.1,0.5,0.5,0.9,0.7,1.5,0.9,0.4,0.5,0.5,0.5,0.4
20150715,2,SO2,3,2,2,2,3,3,2,2,2,6,3,5,8,2,2,5,2,2,2,5,2,2,2,4,11,2,10,2,37,4,4,3,3,4,3
20150715,2,NO2,43,43,36,32,63,54,74,59,28,97,38,16,64,68,64,55,87,35,17,29,6,12,36,17,77,7,19,76,61,99,52,61,47,66,69
20150715,2,O3,85,86,87,85,106,85,33,2,83,14,68,90,46,71,70,72,27,86,71,124,117,123,48,97,7,105,140,8,2,3,82,74,90,63,68
20150715,2,CO,0.6,0.5,0.5,0.5,0.4,0.5,0.7,0.4,0.4,0.8,0.6,0.2,0.5,0.5,0.6,0.3,0.5,0.3,0.3,1,0.3,0.3,0.3,0.1,0.5,0.5,0.7,0.7,1.3,0.7,0.4,0.5,0.4,0.5,0.4
20150715,3,SO2,3,2,2,2,3,3,2,2,2,6,2,4,6,2,2,5,2,2,2,4,2,2,2,4,10,2,10,2,6,5,3,3,2,4,2
20150715,3,NO2,41,43,30,32,58,57,49,54,17,61,23,17,58,67,117,55,70,87,14,26,7,23,28,18,104,8,23,63,50,91,74,58,53,75,52
20150715,3,O3,85,91,94,88,110,67,58,2,91,58,85,88,55,77,18,66,36,31,2,136,115,110,64,90,2,105,107,5,2,2,64,77,85,50,82
20150715,3,CO,0.6,0.5,0.5,0.5,0.4,0.5,0.6,0.4,0.3,0.5,0.6,0.2,0.4,0.5,0.6,0.3,0.6,0.3,0.1,0.9,0.3,0.5,0.4,0.1,0.5,0.5,0.6,0.7,1,0.7,0.4,0.5,0.4,0.4,0.4
20150715,4,SO2,4,2,2,2,3,4,2,2,2,6,2,3,7,3,3,6,2,2,2,4,2,2,2,5,8,3,12,2,3,5,3,3,5,4,2
20150715,4,NO2,39,48,28,30,50,39,31,50,25,69,25,73,47,91,135,76,36,19,16,26,9,35,57,18,107,11,29,63,44,93,52,67,73,68,60
20150715,4,O3,84,82,89,85,112,91,,4,83,54,85,13,68,30,4,41,69,96,89,148,87,69,19,86,2,98,83,2,8,2,73,72,60,50,68
20150715,4,CO,0.6,0.5,0.5,0.5,0.4,0.4,0.5,0.3,0.4,0.6,0.6,0.4,0.4,0.6,0.6,0.3,0.5,0.3,0.3,0.9,0.4,0.6,0.4,0.1,0.5,0.6,0.6,0.6,0.9,0.6,0.4,0.5,0.4,0.4,0.4
20150715,5,SO2,4,2,3,3,3,4,2,2,2,7,2,2,6,3,4,6,2,2,2,4,2,2,2,4,3,2,17,2,2,5,3,4,4,6,2
20150715,5,NO2,43,63,39,45,55,36,31,44,41,53,26,89,44,82,91,62,27,20,,23,13,24,18,20,15,8,32,73,41,84,45,72,87,98,80
20150715,5,O3,72,73,78,73,97,91,77,3,61,67,83,9,71,37,33,47,81,83,86,145,78,91,41,78,64,97,80,2,11,2,64,54,46,29,46
20150715,5,CO,0.6,0.6,0.5,0.5,0.4,0.4,0.5,0.3,0.4,0.5,0.6,0.4,0.4,0.6,0.6,0.3,0.5,0.3,0.3,0.9,0.4,0.5,0.4,0.1,0.4,0.5,0.7,0.7,0.9,0.5,0.4,0.5,0.4,0.4,0.4
20150715,6,SO2,3,2,3,2,3,3,2,2,2,7,2,2,6,3,4,7,2,2,2,6,3,2,2,3,3,2,17,3,2,5,3,4,4,7,2
20150715,6,NO2,43,73,51,41,64,42,61,45,45,49,52,68,70,81,77,79,25,11,15,21,17,22,29,19,17,8,34,83,39,71,51,76,112,118,75
20150715,6,O3,72,54,64,80,87,87,44,2,42,72,45,39,40,46,55,37,93,94,104,156,73,106,37,65,58,93,74,2,5,2,70,50,39,23,48
20150715,6,CO,0.6,0.6,0.5,0.6,0.4,0.5,0.6,0.4,0.4,0.5,0.7,0.4,0.4,0.6,0.7,0.4,0.5,0.3,0.4,1,0.5,0.5,0.4,0.1,0.5,0.4,0.9,0.6,1,0.5,0.5,0.5,0.5,0.5,0.4
20150715,7,SO2,3,2,2,2,2,3,2,2,2,7,2,3,6,3,3,11,2,2,2,6,2,2,2,4,15,2,20,5,2,5,3,4,5,9,2
20150715,7,NO2,38,78,59,43,59,49,102,38,24,67,46,71,76,84,84,97,40,34,19,33,16,20,38,21,45,7,35,79,56,75,50,101,95,130,74
20150715,7,O3,83,54,62,82,97,78,2,2,76,50,63,46,34,43,47,20,78,70,92,120,71,101,34,59,31,88,86,2,2,2,74,25,52,13,52
20150715,7,CO,0.6,0.7,0.6,0.6,0.5,0.5,0.8,0.4,0.4,0.6,0.7,0.6,0.5,0.7,0.6,0.5,0.6,0.3,0.5,1,0.5,0.5,0.4,0.1,0.6,0.4,1,0.6,1,0.6,0.5,0.6,0.5,0.7,0.4
20150715,8,SO2,3,2,2,2,3,2,2,2,2,7,2,3,7,3,3,11,2,2,2,6,3,2,2,4,21,2,17,9,2,5,3,3,5,9,3
20150715,8,NO2,43,73,50,45,72,58,94,46,19,79,34,53,69,76,84,105,65,40,28,50,20,18,36,21,44,8,57,80,63,91,64,93,85,141,113
20150715,8,O3,80,65,77,82,87,71,10,6,72,42,71,78,49,50,48,17,50,61,81,95,71,95,49,66,21,90,50,2,2,14,66,39,58,9,30
20150715,8,CO,0.6,0.7,0.7,0.6,0.6,0.6,0.8,0.4,0.4,0.7,0.6,0.5,0.5,0.7,0.7,0.5,0.7,0.3,0.5,1.1,0.5,0.5,0.4,0.1,0.6,0.5,1,0.7,1.1,0.6,0.5,0.7,0.6,0.8,0.7
20150715,9,SO2,3,,3,2,3,2,2,2,2,7,2,3,6,3,4,10,2,2,2,9,5,2,2,3,4,2,12,15,2,5,3,5,4,8,4
20150715,9,NO2,57,,97,52,98,42,74,38,33,80,38,65,64,74,91,108,45,26,30,61,35,9,30,21,44,6,50,76,74,71,96,100,151,136,111
20150715,9,O3,69,,24,75,58,84,32,10,43,48,70,65,55,54,45,23,73,71,80,112,65,118,57,65,13,102,70,16,2,32,37,39,15,14,31
20150715,9,CO,0.7,,0.9,0.7,0.7,0.6,0.7,0.5,0.5,0.7,0.7,0.6,0.5,0.8,0.8,0.6,0.7,0.4,0.5,1.2,0.6,0.4,0.5,0.1,0.6,0.5,0.9,0.9,1.1,0.6,0.6,0.8,0.8,0.9,0.9
20150715,10,SO2,4,,4,3,4,3,3,2,2,8,2,3,6,4,6,10,2,2,2,12,4,2,2,4,9,2,13,14,2,6,4,4,2,9,4
20150715,10,NO2,69,,100,63,87,60,74,37,77,98,45,92,79,73,83,94,42,60,29,52,21,8,37,,40,5,38,71,71,67,108,97,148,137,87
20150715,10,O3,60,,22,67,77,73,42,12,15,30,63,31,44,67,56,46,78,32,81,146,87,139,55,,36,106,119,39,29,46,32,50,18,12,54
20150715,10,CO,0.8,,1,0.8,0.7,0.7,0.8,0.6,0.8,0.9,0.7,0.7,0.6,0.8,0.9,0.6,0.6,0.5,0.5,1.2,0.5,0.5,0.5,0.1,0.6,0.5,1,1.1,0.9,0.5,0.7,0.8,0.9,1,0.7
20150715,11,SO2,4,,4,3,3,4,2,2,2,8,2,3,,7,10,15,2,2,2,15,3,2,9,4,105,3,13,15,,6,4,5,8,10,4
20150715,11,NO2,63,,98,58,89,75,94,45,72,95,83,86,102,71,85,91,54,39,36,40,20,10,30,,38,5,34,,59,53,95,104,152,139,89
20150715,11,O3,74,,30,80,75,64,21,11,21,41,25,40,16,73,65,55,68,48,73,186,102,149,68,,55,117,168,54,28,62,51,45,19,15,60
20150715,11,CO,0.9,,1,0.8,0.8,0.8,0.9,0.7,0.8,0.9,1,0.6,0.4,0.9,1.1,0.7,0.7,0.4,0.6,1.2,0.5,0.5,0.6,0.1,1.4,0.5,1,1.1,0.9,0.4,0.7,0.9,1,1.1,0.7
20150715,12,SO2,4,2,4,4,3,4,2,2,3,8,2,3,18,9,10,,2,2,2,15,3,7,15,6,136,7,10,10,2,6,4,6,6,11,3
20150715,12,NO2,56,85,67,63,90,66,96,32,26,72,73,75,94,75,80,103,58,28,34,30,19,9,30,20,37,6,30,59,71,66,103,101,264,153,80
20150715,12,O3,84,71,71,79,76,78,14,25,106,72,45,62,48,71,67,46,66,66,77,218,101,173,72,82,78,151,179,59,29,54,51,53,41,12,61
20150715,12,CO,0.9,0.9,0.9,0.9,1,0.9,1,0.6,0.4,0.9,0.9,0.6,0.7,1,1.1,0.8,0.7,0.4,0.6,1.2,0.6,0.7,0.7,0.1,1.5,0.8,1,1.2,1.2,0.4,0.7,0.9,0.9,1.3,0.6
20150715,13,SO2,7,5,5,4,3,5,2,2,2,7,2,2,6,9,11,19,2,4,2,19,3,3,8,8,91,11,13,7,2,6,5,7,3,11,3
20150715,13,NO2,66,79,77,59,101,74,89,28,15,90,57,73,85,83,85,106,61,26,76,34,9,12,39,20,42,7,35,73,64,61,81,92,107,156,80
20150715,13,O3,78,80,59,83,59,71,20,30,103,50,57,72,43,63,76,43,70,80,40,202,118,151,69,82,65,167,149,48,58,70,78,69,34,16,63
20150715,13,CO,1.1,1,1,1,1,1.1,1,0.6,0.4,1.1,0.9,0.6,,1.2,1.2,,0.7,0.4,0.8,1.4,0.6,0.6,0.6,0.2,1.2,0.9,1.4,1.1,1.2,0.4,0.9,1,1,1.4,0.6
20150715,14,SO2,6,5,5,8,3,7,2,2,2,9,2,2,6,9,12,16,2,2,2,13,5,8,2,10,51,16,14,10,2,6,6,9,4,11,3
20150715,14,NO2,78,96,78,64,119,84,63,20,11,92,31,60,52,76,87,112,57,59,59,34,13,14,23,46,46,10,39,80,,39,115,86,106,139,84
20150715,14,O3,63,70,57,94,46,72,56,31,121,59,113,89,106,81,100,51,93,45,60,194,125,169,100,56,59,172,141,51,81,119,47,79,38,42,74
20150715,14,CO,1.1,1.1,1,1.1,1.2,1.1,0.8,0.5,0.6,1.1,0.9,0.6,0.6,1.2,1.4,1,0.8,0.6,0.8,0.9,0.7,0.8,0.4,0.3,1,1.1,1.1,1.1,1.1,0.4,1,1.1,0.9,1.3,0.7
20150715,15,SO2,6,5,5,7,5,8,2,2,2,9,2,2,7,8,10,17,2,3,2,11,8,7,2,9,21,14,9,11,,5,7,9,3,13,4
20150715,15,NO2,44,69,56,40,70,64,28,21,7,61,18,26,30,54,61,78,49,45,21,34,6,13,20,35,53,9,35,76,40,30,94,56,79,141,71
20150715,15,O3,105,113,97,129,129,105,137,46,177,122,136,159,154,116,134,106,105,80,139,193,171,171,106,80,38,171,169,86,141,158,84,122,80,59,101
20150715,15,CO,0.9,0.9,0.9,0.9,0.9,0.9,0.7,0.5,0.5,0.9,0.8,0.4,0.5,0.8,1.1,0.8,1,0.6,0.6,0.9,0.8,0.8,0.4,0.3,0.9,1.1,0.7,1.1,1.1,0.4,0.8,0.9,0.8,1.1,0.7
20150715,16,SO2,5,4,5,4,5,6,2,2,3,9,2,2,6,6,6,16,2,4,2,17,7,5,2,11,19,5,10,12,8,5,6,7,2,11,5
20150715,16,NO2,32,62,40,31,52,39,25,16,6,52,20,21,21,42,48,60,30,21,17,29,6,14,25,18,38,7,28,68,33,14,75,69,63,146,55
20150715,16,O3,135,135,126,145,170,148,143,57,177,137,137,168,168,127,154,131,120,109,154,211,167,161,108,114,76,157,183,104,134,142,113,121,93,53,127
20150715,16,CO,0.8,0.8,0.8,0.8,0.8,0.8,0.7,0.5,0.5,0.8,0.8,0.4,0.5,0.7,0.8,0.8,0.8,0.5,0.6,1.1,0.7,0.8,0.5,0.3,0.9,1,0.8,1,1.2,0.4,0.7,0.8,0.7,1.1,0.5
20150715,17,SO2,5,2,4,3,5,5,2,2,2,9,2,2,6,6,5,11,2,6,2,12,5,5,4,16,16,4,8,11,2,4,4,6,4,10,4
20150715,17,NO2,42,79,43,37,68,41,27,18,10,48,24,26,45,38,58,53,27,24,18,36,5,13,21,18,40,7,28,55,25,12,73,95,72,153,46
20150715,17,O3,120,109,118,127,145,135,134,54,147,142,132,164,133,129,146,126,120,94,154,181,159,180,125,97,97,151,161,129,121,114,107,88,88,40,139
20150715,17,CO,0.8,0.8,0.8,0.8,0.8,0.8,0.7,0.6,0.5,0.9,0.8,0.4,0.6,0.8,0.8,0.5,0.7,0.6,0.5,1.1,0.7,0.9,0.6,0.3,0.8,0.9,0.8,1,1.2,0.3,0.7,0.8,0.8,1.2,0.5
20150715,18,SO2,6,3,5,3,9,7,3,2,2,9,,2,6,6,4,10,2,5,2,9,5,3,2,11,7,4,7,8,2,4,4,6,4,10,4
20150715,18,NO2,51,97,54,40,72,45,39,22,17,64,,40,67,62,77,47,46,19,19,36,14,10,14,16,33,7,26,46,22,39,76,113,100,160,50
20150715,18,O3,104,84,104,126,130,126,118,57,145,112,,139,107,110,117,134,101,101,156,165,160,175,138,105,126,149,162,127,103,94,95,66,62,25,128
20150715,18,CO,0.9,1,0.9,0.8,0.9,0.8,0.8,0.7,0.5,0.9,,0.5,0.7,1,0.9,0.5,0.8,0.6,0.5,1,0.8,0.8,0.5,0.3,0.7,0.8,0.7,0.8,1.1,0.4,0.8,0.9,0.9,1.2,0.5
20150715,19,SO2,11,7,12,7,11,11,9,2,3,10,2,2,6,5,5,11,2,6,2,7,6,3,2,9,4,3,6,7,2,4,7,9,9,12,5
20150715,19,NO2,44,101,64,50,72,55,53,15,17,62,38,44,77,70,79,62,70,13,33,44,17,13,11,12,12,7,23,48,28,36,65,112,97,155,52
20150715,19,O3,101,67,77,103,122,112,89,72,135,97,110,125,100,93,108,111,84,131,118,139,160,170,145,109,151,137,148,108,94,96,95,54,58,24,113
20150715,19,CO,1,1.1,1,0.9,1,0.9,0.9,0.8,0.6,1,0.9,0.5,0.7,1,0.9,0.6,0.9,0.5,0.6,1,0.9,0.8,0.5,0.3,0.6,0.8,0.8,0.8,1.2,0.4,0.8,1.1,1,1.1,0.6
20150715,20,SO2,8,7,9,8,7,8,7,2,4,12,2,4,5,7,8,12,2,3,2,6,5,3,2,6,4,3,6,6,2,4,8,11,9,13,6
20150715,20,NO2,43,80,66,57,62,51,56,13,13,55,43,44,78,76,90,78,44,11,31,51,14,11,10,11,9,7,20,59,41,36,56,101,98,143,71
20150715,20,O3,102,86,74,92,136,108,91,62,145,94,84,110,88,75,83,76,119,139,113,119,150,165,151,112,128,130,164,72,72,66,100,65,54,25,83
20150715,20,CO,1,1,1,1,1,0.8,0.8,0.5,0.5,0.9,0.9,0.6,0.8,1,1,0.7,0.9,0.4,0.7,1,0.8,0.7,0.4,0.2,0.6,0.8,0.8,0.9,1.2,0.4,0.8,1,0.9,1.1,0.6
20150715,21,SO2,7,5,6,6,6,7,5,2,3,10,2,3,7,8,7,14,2,2,2,5,4,2,2,4,2,2,7,5,2,4,6,8,7,11,4
20150715,21,NO2,44,72,64,56,63,48,56,24,20,62,47,33,58,60,90,94,23,10,25,57,11,8,15,13,14,7,22,76,41,84,54,97,100,132,84
20150715,21,O3,91,84,70,85,127,105,87,47,137,87,67,131,82,78,67,44,142,128,109,95,139,159,130,102,110,119,159,35,63,28,90,57,51,30,63
20150715,21,CO,1.1,1,0.9,1,1,0.9,0.8,0.7,0.5,0.9,1,0.4,0.8,1,1.1,0.8,0.8,0.4,0.7,1.2,0.8,0.7,0.4,0.2,0.6,0.7,0.9,0.9,1.3,0.5,0.8,1,0.9,1.1,0.7
20150715,22,SO2,6,4,5,5,4,6,2,2,2,9,2,2,6,7,5,13,2,2,2,5,3,2,2,4,5,2,8,4,2,4,5,6,6,8,3
20150715,22,NO2,43,61,59,47,62,46,52,33,14,67,37,35,39,50,81,100,21,23,22,52,14,7,20,14,13,9,25,106,38,74,54,71,86,105,63
20150715,22,O3,90,98,72,95,120,110,84,25,133,74,69,123,103,82,72,32,131,103,114,86,125,152,110,98,111,110,140,8,21,20,95,79,57,55,95
20150715,22,CO,1,1,0.9,0.9,0.9,0.9,0.8,0.7,0.5,0.9,0.9,0.5,0.6,0.9,1.1,0.8,0.7,0.4,0.6,1.2,0.7,0.7,0.5,0.2,0.6,0.7,1.1,1,1.4,0.5,0.8,0.9,0.9,1,0.7
20150715,23,SO2,4,3,2,2,3,5,2,2,2,6,2,2,5,3,4,10,2,2,2,5,3,2,2,4,7,2,7,5,2,3,5,5,4,6,3
20150715,23,NO2,46,56,51,44,67,37,48,32,8,65,27,53,51,48,62,75,25,36,27,39,13,7,20,13,61,9,23,111,55,63,67,62,71,91,40
20150715,23,O3,82,98,65,78,106,115,70,13,115,62,82,75,75,55,97,68,118,71,90,92,115,140,87,97,36,106,127,2,4,15,81,86,59,51,113
20150715,23,CO,0.9,0.8,0.8,0.8,0.8,0.8,0.8,0.7,0.5,0.9,0.9,0.7,0.6,0.9,1,0.7,0.7,0.5,0.7,1.2,0.7,0.7,0.5,0.2,0.7,0.7,1.1,1,1.4,0.6,0.7,0.8,0.7,0.9,0.5
