date,hour,type,dongsi,tiantan,guanyuan,wanshouxigong,aotizhongxing,nongzhanguan,wanliu,beibuxingqu,zhiwuyuan,fentaihuayuan,yungang,gucheng,fangshan,daxing,yizhuang,tongzhou,shunyi,changping,mengtougou,pinggu,huairou,miyun,yanqing,dingling,badaling,miyunshuiku,donggaocun,yongledian,yufa,liulihe,qianmeng,yongdingmengxi,xizhimengbei,nansanhuan,dongsihuan
20150513,0,PM2.5,46.9,62.4,43.1,35.5,78,59.8,77.5,42.4,27.1,88.7,56.2,48,57.8,30.2,43.5,17,57.6,20.1,21.4,32.7,27.3,33,30,21.3,100.2,19.9,44.9,37.1,35.1,40.3,49.4,36.1,148.6,41.4,128.1
20150513,0,PM10,124.6,113,152,116.1,188,161.4,217.4,64.7,59.7,189.7,91.6,193.9,90.3,87.7,101.9,105.2,78.3,45.8,54.1,49.7,57.7,64.2,83,48.3,,26.5,50.9,76.6,129.9,87.9,144.3,104.9,257.4,110.2,216.3
20150513,0,AQI,53,51,51,51,75,62,69,51,37,61,55,58,53,51,59,67,40,56,48,50,54,49,46,44,54,21,32,47,52,58,61,57,87,69,62
20150513,1,PM2.5,106.4,35.8,55.8,40.6,89,81.8,67.4,38.1,32.6,58.8,44.1,56,43.2,38.3,41.6,35.6,61.4,23.5,15.7,32.3,26.8,32.7,28,13.2,17.9,24.5,49.3,90.7,39.8,44.3,56.5,47,98.6,37.9,133.7
20150513,1,PM10,252,80.2,178.9,90.8,212.3,202.2,142.2,59.7,64,142.5,70.7,223.2,72.4,90,109.9,218.8,81.4,37.9,46.9,52.3,45.9,55.6,61.8,44.1,20.4,,51.5,,110.7,90.1,176.5,120.2,240.3,101.6,218.1
20150513,1,AQI,64,52,54,53,80,66,63,51,39,63,56,63,55,53,60,71,42,55,50,50,55,49,49,45,55,23,33,47,53,60,63,59,91,71,66
20150513,2,PM2.5,94.2,29.7,65.8,39.2,75,90.9,63.2,35,43.9,80.6,42.4,54.7,47,38.3,43.7,31.3,63,28.8,17.4,27.6,20.1,28.4,21.9,6.9,11.1,25.1,49.6,55.2,48.4,57.7,67.6,48.7,91.6,50.4,149.8
20150513,2,PM10,185.9,61,197.7,72,135.8,219.8,111.9,57.7,69.5,181.8,75.8,153.1,82.4,92.7,100.3,69.1,82,49.9,41,40.8,48.6,47.5,47.9,34.3,32,25.7,66.6,103.1,104.3,134.8,223.9,123.1,231.1,141.4,242.7
20150513,2,AQI,63,53,58,54,83,66,60,51,36,67,57,66,56,54,62,72,45,56,50,49,56,50,51,45,55,24,35,51,55,63,67,61,97,74,71
20150513,3,PM2.5,86,54.2,67.4,42.6,69.9,79.6,61.8,46.7,44.8,71,30.8,42.3,61.5,33.8,42.6,54.9,48.8,27.2,18.2,27.1,21.9,26.1,22.3,5.8,9.9,23.5,53.1,51,53.1,61.6,85.9,79.1,79.8,50.8,135
20150513,3,PM10,133.1,105.1,168,101.1,112.8,164.8,104.9,69.6,61.9,242.3,67,80.2,100.5,87.3,100.1,163.8,66.1,28.5,57.3,37.7,59.2,42.6,46.6,32.3,23.2,26.6,61,114.8,93.3,98.9,207.3,179.6,204.8,138.1,206.8
20150513,3,AQI,64,55,60,56,86,69,60,52,37,73,57,67,58,55,64,73,46,57,51,49,58,50,51,46,54,21,137,53,56,63,70,64,99,76,74
20150513,4,PM2.5,63.8,67,59.8,57,57.6,75.8,65.3,45,55.5,68,26.2,35.7,67.3,45.1,50.5,87.3,44,16.4,28.2,26.1,20.6,24.2,18.8,5.6,9.9,23.4,50.8,46.4,54,71.9,72.2,77.5,80,60.6,119.2
20150513,4,PM10,72.6,110.5,127.2,102.5,84.3,141.7,99.4,69.6,70.4,193.5,39.5,86.7,70.9,86.2,100.5,171.7,53.2,26.6,73.6,43.9,29,53.6,58.1,32.5,36.8,26.7,65,89.9,100.2,120.7,113.5,120.8,156.7,131.2,178.5
20150513,4,AQI,64,56,63,59,85,72,62,53,39,77,57,69,58,56,67,77,48,57,52,48,58,51,52,47,53,22,38,54,58,66,72,66,99,78,78
20150513,5,PM2.5,44.9,57.3,53.6,40.1,49.6,66.7,56.5,44.7,42.8,70.1,17.3,28.1,53.1,56.9,63.9,73.4,28.7,13.4,24.2,31.2,20.3,25.4,22.3,6.2,29.1,23.1,52.4,45.7,58.6,75.4,48.5,54.3,82.6,60,94.2
20150513,5,PM10,52.1,75.8,97.2,64.7,91.2,100.3,89.4,66,56.3,140.1,37.4,86.3,77,111.2,154.5,133.9,44.6,33.5,65.7,49.5,43,55.3,53.2,29.4,32,24.9,55.5,64.8,59.6,120.5,59.1,76.7,126.6,114.8,121.7
20150513,5,AQI,63,58,65,60,86,74,64,54,40,79,58,70,58,58,69,78,50,56,53,49,59,52,52,48,52,23,40,54,59,68,73,67,98,80,82
20150513,6,PM2.5,34.4,38.1,44.9,35.6,30.7,51.9,66.3,44.1,46.4,62.3,20.1,42.9,46.7,79.2,72.7,66.3,26.9,17.3,24.5,24.4,19.8,28.8,21.1,15.1,38.8,29.2,50.8,58.7,53.4,74.9,32.8,36.2,60.2,40.4,89.6
20150513,6,PM10,70.6,57.1,98.2,55.6,76.8,85.8,96.1,70.9,53.7,142,47.7,105,73.8,150.6,158.4,,43.4,79.5,72.5,54.9,48.6,59.7,51.5,39.3,58.1,29.6,56.4,117.6,85,137.6,83.8,68.4,136.2,105.7,131.8
20150513,6,AQI,64,58,66,61,87,75,64,55,41,82,58,71,58,60,72,80,51,59,54,50,59,52,53,49,53,24,43,56,60,69,73,68,100,81,86
20150513,7,PM2.5,34.1,40.9,35.3,34.6,29.1,49.1,43.4,46.3,44.6,83.4,29.3,49.6,60.5,71.2,76.1,53.3,27.6,43.7,36.7,31.8,23.9,32.3,19,3,41.4,25.2,48.3,83.9,55.2,99.4,47.9,42.3,72.2,49.3,72.4
20150513,7,PM10,84.1,83.3,98.6,75.9,92.8,66.7,122.4,73.9,60.4,152.9,49,136.8,82.3,161.6,118.4,132,58,113.6,94.7,78.8,62.6,73.4,46.4,75.4,68.1,33.3,82.7,207.5,169.8,180.7,99.5,120.5,122.6,152,121.2
20150513,7,AQI,66,60,68,61,88,76,67,55,42,84,58,73,59,63,75,83,52,60,56,51,60,53,53,51,53,26,45,60,64,73,75,70,103,82,88
20150513,8,PM2.5,32.2,38.4,41.6,34,32.7,41.5,43.7,51.8,63,104.1,43.9,49,71.8,83.3,82.8,53,29.4,59.2,32.3,33.9,27.9,27,23.2,19.9,39,27.2,53,88.1,85.9,87,41,52.3,64.6,62.3,69.8
20150513,8,PM10,58.2,87.9,100.8,63.9,84.7,70.3,106.8,102.4,80.3,,85,112.8,110.3,195.3,146.8,129.8,68.8,88.1,135.3,93.1,72.4,87.8,58.7,84.2,59.7,38.9,92.5,186.4,,101,84.3,88.4,101.4,156.4,78.4
20150513,8,AQI,66,61,69,61,87,76,69,57,46,87,59,74,60,65,77,83,53,61,58,53,61,53,54,53,53,27,48,63,65,74,76,71,106,84,90
20150513,9,PM2.5,33,31.4,39.2,30.8,38,57.3,35.8,64.1,58.3,77.5,55.8,46.1,73,84.7,59.5,61.6,28.2,46.8,32.8,40.3,24.4,25.2,39.3,19.9,25,22.6,80.8,97.4,83.7,73.3,35.6,48.6,70.6,54.3,91.3
20150513,9,PM10,76.9,85.6,90.3,71.6,121.2,107.1,79.8,106.5,84.9,94.5,100.9,118,97.3,163.6,68.3,144.8,72.5,100.9,101,117.4,64.7,76.3,71,72.3,111.3,31.4,94.7,167.5,149.9,103.9,90.8,91.1,94.2,141.1,273.5
20150513,9,AQI,68,62,71,62,89,77,70,59,49,88,60,76,62,68,76,86,54,62,60,55,60,54,55,54,55,29,52,65,66,74,77,72,109,85,95
20150513,10,PM2.5,66.6,36.6,55.9,35.2,32.8,62.6,44.5,68.4,74.1,87.1,67.9,51.4,69.3,90.2,68.6,92.6,34.9,55.3,32.3,51.5,22.8,20.9,39.3,15.8,23.8,28.4,99.3,98.7,81.1,82.3,44.3,43.3,78.7,63.5,61.7
20150513,10,PM10,78.8,100.9,104.4,103.9,103.8,100.1,91.4,116.2,103,115.1,107.6,137.2,101.8,187.6,176,161.7,73.8,107.9,85.1,184.1,98.9,76.7,65,80.9,58.8,36.9,147.5,152.6,151.5,142.6,139.3,97.1,105.9,173.7,94.6
20150513,10,AQI,69,63,72,62,91,79,70,61,52,90,61,79,64,74,80,88,55,63,61,58,62,55,56,55,56,35,57,67,68,77,79,74,112,87,97
20150513,11,PM2.5,51.9,44.9,52.3,40.8,35,60.7,65.3,76.8,61.6,77.5,80.3,69.7,100.7,86.3,73.9,95.1,66.3,57.9,45.2,82.4,25.5,26.4,34.7,31.3,59.1,25.3,109.4,101.6,83.2,75.1,57.2,57.1,73.9,72.4,68.5
20150513,11,PM10,106.3,96.5,99.2,113.1,95,132.8,90.4,129.5,85.2,114.7,124.8,171.6,129.7,168.5,169.2,201.1,117.4,106.7,103.2,184.8,99.6,77.2,65.4,85.3,,46.9,155.4,131.9,119.9,114.7,130.2,94.9,103.2,176.1,105.6
20150513,11,AQI,71,65,74,65,93,81,72,63,53,90,63,82,68,74,84,92,57,63,63,61,63,57,57,57,57,37,62,68,70,78,81,75,112,90,100
20150513,12,PM2.5,70.1,53,58.8,56.9,40.3,69.1,67.6,73.4,70.2,108.4,67.4,73.3,116.9,96.3,105.3,,75.1,53.8,46.3,89.2,30.2,50,35.8,32.8,28.8,27.8,82.7,111.8,90.3,75.5,70.1,75.1,78.7,86.9,81.4
20150513,12,PM10,105,118.9,135.4,112.5,91.8,149,,114.4,92.2,161.6,104.3,140.2,125.8,182.9,204.3,,119,99,99.9,167.7,118,108.2,64.8,115,39.6,36.2,93.1,159.9,149,81.8,138.2,124.2,120.5,204.4,146.8
20150513,12,AQI,73,66,76,67,94,83,72,64,54,91,63,82,73,78,88,94,60,64,63,64,65,59,58,59,57,41,65,71,73,78,83,77,111,93,103
20150513,13,PM2.5,68.2,77.3,66.5,69.9,52.4,86.1,59.1,65.4,75,130.2,91.9,66.2,103.4,107.4,133.6,,80.3,58.9,50.1,87.2,53.2,56.7,20.9,33.8,27.7,35.7,102.6,109.5,70.2,80.9,84.5,92.1,100.6,94.3,105.3
20150513,13,PM10,131.2,153.1,137.8,168.1,124.2,147.8,112.6,93.2,95.9,150.7,146.3,113.7,,154.7,222.2,,132.7,65.7,117.8,175.4,117.9,98.7,44.8,98.8,43.8,57.1,117.5,154.6,185.4,177.2,182.1,153,140.5,193.1,140.4
20150513,13,AQI,75,69,78,70,94,86,72,65,57,92,65,84,77,80,90,94,62,64,65,66,66,60,58,61,57,48,70,75,76,81,86,80,112,96,108
20150513,14,PM2.5,98,95.4,78.2,95.3,74.1,113.9,81.8,66.5,86.7,144,98,81.9,92.1,78.1,,100.8,92.1,33.7,71.4,84.7,55.3,51.7,20.4,26,51.6,43.8,82.1,98.3,81.2,77.9,98.9,118.2,139.3,121.4,144.1
20150513,14,PM10,161.4,161.1,177.5,234.9,140.1,208.7,111.6,103,98.7,171.5,115,176.1,,117.5,5,137.5,143.2,76.8,134.6,,132.4,87.7,78.1,86.7,160.2,68.8,,130.1,172.9,173.9,215.7,202.5,157.3,206.8,163.3
20150513,14,AQI,77,89,82,74,96,88,74,67,61,98,67,87,80,82,88,93,64,64,67,67,67,60,59,62,60,60,74,79,79,83,90,83,116,101,115
20150513,15,PM2.5,102,93.5,103,74.6,90.7,135.9,93.5,80.6,113.4,122.3,86.7,85.3,99.3,65,,106.9,114.3,47.9,93.3,76,74.8,79.1,20.8,22.8,35.9,50.9,84.2,87.5,49.3,71.7,116.5,108.9,199.5,112.5,172.9
20150513,15,PM10,157.6,126.5,171.3,90.1,177.3,208.8,136,95.2,136.6,163,98.8,174.5,130.5,124.4,,155.1,169.5,102.2,154.4,152.8,148.7,134,52.1,91.7,,64.7,156.7,121.2,75,76.7,129.8,113.5,,172.4,195.1
20150513,15,AQI,102,124,88,98,98,101,90,68,66,112,75,90,84,101,88,118,68,64,70,73,68,63,59,63,59,68,77,83,79,103,91,84,122,100,123
20150513,16,PM2.5,85.6,76.2,72.7,69.2,81.6,111.7,69.9,87.4,99.9,97.4,75.2,73.4,87.8,64.5,65.2,91.6,135.1,62.7,66.8,89.5,86.9,107.7,17.1,34.9,18,73.7,103.5,86.5,41.4,20.4,92,85.7,282.8,95.8,135.6
20150513,16,PM10,128.1,121.9,196.5,192.9,136.2,138.4,140.5,122,122.1,213.1,108.4,155,104.1,126.1,169.6,126.8,164.4,96.8,113.5,162.8,137.3,160.9,54.7,102.1,95,94.5,139.3,126.7,77.8,32.6,179.9,146.2,,153.1,139.4
20150513,16,AQI,102,121,108,105,107,108,117,71,101,126,114,112,87,120,103,130,73,65,70,111,101,104,58,78,57,91,108,86,79,80,94,87,137,101,128
20150513,17,PM2.5,70.1,66.3,65.4,65.1,73.7,85.1,72.6,97.7,90.8,92.6,45.2,76.4,53.2,52,69.7,82,117.9,60.4,57.2,90,106.8,121.1,18.8,36.8,35.7,116.1,99.6,76.8,42,22.9,88.6,84,,91.9,94.9
20150513,17,PM10,134.6,128.4,179.6,217,179,172.9,230.7,125.8,121.1,153,89.8,210.9,,128.8,158,160.5,160.1,127.9,109.2,167,202.9,170.2,72.9,126.9,,131.1,157.9,115.2,67.2,,179.9,163.8,185.9,200.4,110.7
20150513,17,AQI,108,127,114,109,110,107,125,73,110,131,103,116,88,117,101,130,78,65,77,114,107,124,57,85,56,117,106,89,78,81,97,89,142,104,132
20150513,18,PM2.5,73.5,54.2,66.3,50.8,72.3,84.9,74.8,86.5,105.7,89.8,37.2,65.5,50.7,39.3,36.1,93.4,115.3,62,57.9,95.1,111.2,124.7,122.4,33.2,25.5,118.1,96.1,39.3,42.6,37.5,65.5,67.4,,81,126.6
20150513,18,PM10,152.3,122.4,175.4,106.5,174.2,193,147.5,124.1,132,,96.4,143.6,67.6,104.6,115.5,185.5,159.4,96.7,129.7,187.2,136.5,168.1,,108.3,113.9,,109.9,74.4,148.6,145,142.1,93,184.5,171.2,210.8
20150513,18,AQI,85,126,99,106,109,97,102,76,80,111,67,107,89,98,89,103,110,66,71,106,104,108,57,70,57,120,88,91,94,93,98,91,142,104,137
20150513,19,PM2.5,149.6,74.4,115,77.2,136.1,124.8,126.4,94.6,44.2,102.1,30.8,68.1,60.7,39,38.9,119.3,112.2,43.3,47.7,98.6,107.3,133.6,65.7,31.2,25,107.2,94.3,45.6,48.1,54.9,107.1,90.2,119.2,89.3,159.7
20150513,19,PM10,242.7,178.3,284.8,158.2,236,248.6,218.6,156.2,86.8,258.1,80.4,161.7,86.1,105.8,131.1,220.1,151.6,88.4,111.8,168.7,200.1,197.2,181,104.9,112.6,,112.1,105.6,112.4,171.3,265.2,226.7,287.8,211.9,265.5
20150513,19,AQI,97,80,96,83,101,102,89,80,78,115,67,99,91,100,90,104,87,66,73,79,76,72,59,63,58,110,91,92,104,83,101,94,142,105,141
20150513,20,PM2.5,176.9,122.8,151.7,113.4,146.3,143,141.5,94.4,80.8,91.1,45.1,57,72.1,53,53.1,122.8,124,44.5,38.9,104.9,88.8,143.5,34.1,29.7,46.3,87.1,101.5,52,48.7,54.3,154.4,169.3,156.9,125.9,172.3
20150513,20,PM10,235.3,217.9,228.7,209.8,206.2,242.9,224.7,114.9,164.3,,160.8,130.1,,130.3,155.8,246.1,177.4,69.2,259.1,180.2,187.1,233.1,156.2,104.2,176.1,91.3,,98.9,152.7,138.4,189.5,245.9,195,260.2,268.2
20150513,20,AQI,98,83,98,85,102,107,103,84,81,119,70,99,93,88,91,104,91,64,77,81,77,75,61,63,61,92,95,93,83,85,102,103,149,106,147
20150513,21,PM2.5,66.4,51.7,56.1,62.1,87.6,110.4,54.5,78.5,75.3,66.6,41.7,31.8,73.1,43.8,91.8,135.1,168.1,52.3,23.1,118.7,84.8,136.7,34.8,26.6,29.6,70.7,112.4,85.7,41.1,79.9,54.4,170.9,78.7,76.9,154.4
20150513,21,PM10,,219.1,93.9,,167.8,,,181.9,201.8,182.4,201,229.8,131.1,253.7,259.6,255.2,235.9,148,208.7,191.3,112.5,232.4,187.7,189.5,143.7,123,114.4,188.3,89,,108.3,,160.9,222.6,
20150513,21,AQI,99,85,97,85,100,110,92,86,83,116,73,101,93,92,95,108,104,65,79,83,76,80,64,65,63,63,99,96,84,86,100,102,148,106,151
20150513,22,PM2.5,112.5,28.2,46.6,25.7,41.9,54.9,29.1,82.1,80.8,72.2,43.6,30.4,88.2,35.2,34.8,101.8,95.8,92.4,25.8,113.3,56.5,99.6,75.7,87.6,46.3,151.3,122.4,131.6,43.9,53.6,36.1,161.3,41.2,44.2,77.7
20150513,22,PM10,168.5,218,230.3,152.1,215.1,142.8,162.8,208,224.8,245.3,286.4,251.6,167.9,232,245.4,260.2,208.9,407.4,206.7,,128,429.7,372,675,276.4,525.4,145,216.8,,106.3,198.7,214.1,237.4,246.7,199.8
20150513,22,AQI,102,87,100,85,98,109,94,88,86,117,77,102,95,95,98,110,100,72,81,86,77,85,70,78,68,70,104,101,85,86,101,105,143,109,150
20150513,23,PM2.5,88.6,47.6,58.8,45.8,94.5,80.3,46,106.5,87.3,65.1,44.9,34.3,108.6,47.7,37.9,65.3,84.4,108.1,33.8,100.4,69.1,92.5,74.8,62.4,76.2,149.5,228.6,58.1,31.8,64.8,58.6,223.9,73.6,45.2,176.1
20150513,23,PM10,457.3,407.2,319.6,231.7,508,457.4,279.4,226.6,254,296.3,217.5,303.4,245.5,397,309.5,454,416,361.6,256.4,451.5,353.8,542,307.1,447,325.2,445.9,,364.1,141.5,171.8,426.8,331.2,465.1,267.5,436.4
20150513,23,AQI,103,93,106,89,104,110,96,91,90,117,80,105,98,101,101,117,102,79,84,93,82,95,75,86,75,76,114,102,86,87,107,114,136,112,154
20150513,0,SO2,5.7,2.2,4.8,2,5.2,3.1,4.5,8.2,2,6.1,4.7,4.5,5.5,8.1,4.8,7.2,4,2,2,2,2,2.7,2,2,3.6,2,3,15.4,5.3,7.8,6.2,11.8,2,10,20.2
20150513,0,NO2,104.8,90.8,101.8,96,132.4,122.1,136.9,70.8,74,102.1,74.7,91.6,81.3,63.2,50.4,100,75.9,37.3,55.3,25.8,26.4,64.5,66.6,22.4,15.7,16.3,25,47.8,38.1,30,103,92.6,128.8,99.6,110.7
20150513,0,O3,5.5,9.4,2,2,4,5.7,2,2,15.7,2,14.1,2,10.6,43.5,42.1,2,24.9,44.4,20.6,76.9,38.5,25.8,2,57.6,77.9,65.5,72.6,45.1,70,68.3,3.1,3.4,5.1,2,2
20150513,0,CO,1.4,1.2,1.7,0.9,2.1,1.6,1.5,0.6,0.5,0.8,0.1,0.9,0.6,0.4,0.4,0.5,0.6,0.3,0.4,0.4,0.5,0.6,0.5,0.2,0.3,0.3,0.3,0.5,0.5,0.3,1.3,0.8,3.6,0.7,2.6
20150513,1,SO2,6.4,2,4.6,2,4.4,3.5,3.1,8.6,2,5.6,6.8,4.7,5.9,9.1,5.3,6.9,4.3,2,2,2,2,2.2,2,2,3.2,2,5,17.2,6.9,7.7,5.2,9.6,2,8.1,22.5
20150513,1,NO2,127.5,73,104.8,88.9,128.9,132,124.1,66,77.8,99.3,68,102.8,81,44.8,48.5,76.1,65.3,29.2,42.6,29.4,24.8,39.4,57.1,18.8,14.9,13.8,29.2,54.4,37.2,36.7,98.7,88.3,141.5,97.4,100.3
20150513,1,O3,11.4,4.8,2,2,2,8,2,2,10.3,2,22.8,2,8.6,53.2,38.3,15.7,8.1,42.2,30.2,68.4,34.1,34.4,5.9,52.3,86.1,72,60,35.3,71.6,55.8,2.7,4.1,3.2,2,2
20150513,1,CO,3.3,0.6,2.1,0.7,1.9,2.5,1.1,0.6,0.5,0.8,0.1,1.3,0.6,0.5,0.5,0.4,0.7,0.3,0.4,0.4,0.5,0.6,0.4,0.2,0.3,0.3,0.3,0.5,0.6,0.4,1.1,0.7,2.3,0.7,2.7
20150513,2,SO2,6.5,2,4.1,2,4.5,3.3,2.5,6.4,2,6.6,3.9,5.4,4.4,6.8,4.7,6.9,8.9,2,2,2,2,2.1,2,2,3.3,2,4.7,7.7,5.8,6.1,6.2,9.6,2,14.4,24.8
20150513,2,NO2,118,68.5,112,85.7,127.1,126.1,118.5,60.6,60.5,99.3,91,106.3,83.2,55.2,63,87.9,45.7,47.6,52.4,24.9,16.9,39.1,29.3,14.5,38.6,12.2,28.9,65,43.3,64.4,114.4,90.6,139.2,106,79.3
20150513,2,O3,6.2,4.9,2,2,2,5.8,2,2,19.6,2,10,2,2,32.5,20.2,2,2,23.1,15.8,64.7,39.2,25.8,29.4,54.6,52.6,73.7,55.7,19.5,54.6,15.5,3.5,2,2.8,2,2
20150513,2,CO,2.9,0.5,2,0.7,1.4,2.6,1.1,0.6,0.5,1,0.1,1.4,0.6,0.5,0.5,0.5,0.5,0.3,0.3,0.3,0.4,0.6,0.3,0.2,0.3,0.3,0.3,0.5,0.6,0.4,1.7,1.1,2,0.9,2.4
20150513,3,SO2,6.5,2,3.5,2,4.3,2.5,2.5,7.9,2,7.3,3.2,5.3,3.2,5.6,4.4,8.1,2.1,2,2,2,2,2,2,2,3.3,2,2.6,3.1,4.3,4.4,5.7,14.1,2,12.8,22
20150513,3,NO2,117.1,91.7,110.3,87.8,119.3,119.5,110.1,62.3,60.6,105.9,88.9,89.3,76.5,61,85.4,79.2,43.7,33,64.1,20.4,15.6,32.1,39.9,13.3,31.5,12.4,29.9,76.8,50.3,73,122.4,102,131.6,99.3,89.5
20150513,3,O3,2.6,6.8,2,2,2,2,2,2,19.2,2,5.6,2,2,21,2,2,2,34.7,3.3,68,32.6,28.8,15.7,53.9,57.3,62.8,272.9,3,35.3,2,2.4,2,2.4,2,2
20150513,3,CO,1.6,1.5,1.7,1.1,1.2,1.8,1,0.7,0.4,1.3,0.5,1.4,0.9,0.5,0.6,0.8,,0.3,0.5,0.3,0.4,0.5,0.3,0.2,0.3,0.3,0.3,0.5,0.7,0.4,1.7,1.7,1.4,1,2.2
20150513,4,SO2,5.6,2,3.2,2,4.7,2.3,2.3,5.6,2,5.5,3.9,4.8,3.1,2.7,3,9.1,2.3,2.3,2,2,2,2.1,2,2,3.8,2,4.2,2.4,2,5,4.7,9.9,2,10.6,24
20150513,4,NO2,107.5,103.9,104.4,111.1,105.7,118.6,102.8,59.2,61.5,113.4,59.8,77.3,70.3,71.9,77.8,80.8,52.6,21.4,58,23.6,13.7,48.1,54.1,10.4,33.2,13.8,31.1,73.8,51.2,71.3,112.3,112.5,121.5,117.4,99.7
20150513,4,O3,2,5.2,2,2,2,2,2,2,20.9,2,27.1,2,2,2.2,2,2,2,39,2.4,54.7,30.6,10.6,2,50.1,52.9,47.4,37.3,2,9.1,,2,2,2.4,2,2
20150513,4,CO,0.7,1.4,1.3,1.1,0.8,1.7,1.1,0.8,0.4,1.3,0.3,1.2,0.7,0.7,0.6,0.9,0.3,0.4,0.6,0.3,0.3,0.6,0.3,0.2,0.3,0.3,0.3,0.5,0.8,0.5,1.3,1.3,0.8,1.3,1.7
20150513,5,SO2,6.4,2,2.5,2,3.6,2,2.8,7.8,2,4.3,2.8,4.1,2.1,2,3.3,6.5,2,2,2,2,2,2.2,2,2,16.9,2,3,2,2,5.3,4.3,8.4,2,8.8,16.5
20150513,5,NO2,67.6,77.3,94.1,98.4,93,103.6,97.2,47,42.5,107.1,46.6,73.7,75.9,72.9,92.1,79.4,,24.7,48.2,34.2,12.2,53.7,53.2,11.2,60.3,,30.5,48.6,46.5,64.8,82.8,94.3,101.1,113.3,90.3
20150513,5,O3,14.9,2.6,2,2,2,2,2,2,26.2,2,29.5,2,2,2,2,2,11.8,39.3,2.1,30.2,31.3,6.9,2,51.2,13,50.6,30.9,2,2,2,6.7,2,2.8,2,2
20150513,5,CO,0.7,0.9,1,0.8,0.7,1.3,1.1,0.9,0.4,1.1,0.3,1,0.6,0.8,1,0.8,0.3,0.3,0.7,0.4,0.3,0.5,0.3,0.2,0.5,0.3,0.3,0.5,0.7,0.5,0.7,0.8,0.7,0.9,1.2
20150513,6,SO2,5.7,2,2.8,2,4.6,2,3.7,4.3,2,4.3,2.3,4.7,3.4,4.4,4.4,6.7,3.2,2,2,2,2,2.3,2,2,45.8,2,2.6,2.4,2,5.5,4.4,8.9,2,9.9,18.6
20150513,6,NO2,69.1,65.2,85.7,67.3,75.3,87.2,90.8,47.5,38.1,99.2,53.7,87,76.6,86.8,104.2,71.9,40.6,46,49.2,29.7,16.9,49.1,49.5,11.4,88.5,10.9,28.4,60.3,34,56.2,71.9,82.9,96,95.2,84.9
20150513,6,O3,13.3,3.4,2,18,8.6,2,2,2,24.3,2,20,2,2,2,2,2,26.7,17.5,2,36.8,23.8,11.3,2,48.9,5.7,53.6,32.2,2,2,2,15.4,2,3.2,2,2
20150513,6,CO,0.7,0.7,0.9,0.6,0.5,0.9,1.2,1.2,0.4,1.1,0.4,1.3,0.8,1.1,1,0.7,0.3,0.5,0.7,0.4,0.3,0.5,0.3,0.3,0.8,0.3,0.3,0.6,0.7,0.6,0.7,0.7,0.7,0.8,1.3
20150513,7,SO2,4.4,2,4,2.3,4.6,2.5,4.3,7.3,2,5.8,2.9,5,4.6,5.6,6.5,9.4,5.3,5.4,2.1,2,2,3.8,2,4.1,42.4,2,4.1,8.1,2,7.4,4.5,11.1,2,16.4,12.5
20150513,7,NO2,67.3,71.8,81.3,61.5,64.7,75.6,82.1,47.1,51.4,92.4,53.6,88.3,77.5,84.2,92.6,72.2,42.3,61.6,52.3,36.1,31.2,35.8,34.9,18.3,87.9,9.1,26.1,75,22.9,54.8,73.7,80.2,89.2,97.1,88.3
20150513,7,O3,16.3,6.8,4.7,27.5,18.8,2,2,2,19.6,2.1,17.2,2,2,2,2,2,23.8,2.8,2,35.2,16.8,31.4,15,39.5,4.6,58.7,35.4,2,2,2,15.2,2.6,3.9,2,2
20150513,7,CO,0.8,0.8,0.9,0.6,0.5,0.7,1.2,1.1,0.5,1,0.5,1.4,0.8,1.3,0.7,0.6,0.4,0.9,0.9,0.4,0.4,0.6,0.4,0.4,0.9,0.3,0.3,0.7,0.7,0.7,0.7,0.9,0.7,1.2,1.1
20150513,8,SO2,3.8,2.7,2.9,3,4.3,3.5,5.3,9.4,2.9,7,4.7,4.9,4.8,10.5,9,19.2,5.2,4.4,3.7,3.5,2,5,2.4,4.3,40.6,2,6.9,12.4,15.6,15.8,5.3,12.3,2,17.4,9.3
20150513,8,NO2,64,84.5,74.1,65.6,56.5,74.9,90.2,61.3,64.4,83.6,86,88.1,93,116.9,95.5,73.3,39.7,63.4,69.2,41.4,34.1,29.1,33.5,24.9,78.4,9.2,35.1,87.3,61.2,81.3,76.4,84.1,85.6,99.6,90.8
20150513,8,O3,28,15.3,14.8,35.4,34.8,8.5,3.8,3.1,21.6,16.1,10.1,6.7,4.6,7.1,5.6,6,32.7,8.7,5.8,41.2,23.9,47.3,21,38.6,18.4,62.5,21.4,2,3.3,14.7,21.4,8.5,5.8,2,4.7
20150513,8,CO,0.7,0.8,0.9,0.7,0.5,0.7,1.2,1,0.6,0.9,0.8,1,1,1.5,0.8,0.6,0.4,0.7,0.9,0.5,0.4,0.6,0.5,0.4,0.8,0.3,0.4,0.8,0.9,0.7,0.8,0.9,0.6,1.3,0.8
20150513,9,SO2,4,2.5,2,2.2,4.4,3.2,3.9,9.7,3,6,5.4,4.8,4.3,10.8,8.3,21.8,4.1,4.7,3.1,3.6,2.8,4.7,8.9,5.5,35,2,13.7,13.9,24.1,12.9,4.4,8.7,2,15,10.9
20150513,9,NO2,69.9,93.2,68.7,64.3,66.4,76.7,87.8,71,74.7,87.6,88.9,84.5,98.6,133.3,75.9,75.8,38.6,68.7,70.7,46.1,32.2,25.9,48.9,51,60.4,8.4,58.8,99.2,80.4,94.4,70.5,85.9,75.8,108.9,87.2
20150513,9,O3,35.7,24.1,28.8,51.6,36.3,20.7,18,14.3,22.6,31.2,24.8,20.6,12.7,22,31.2,19.2,35.6,14.5,15.7,51.3,35.8,57,18.1,22.2,25.3,80.1,9.5,11.2,13.9,31.6,38.8,20.5,17.7,2.2,18.9
20150513,9,CO,0.7,0.7,0.8,0.6,0.6,0.7,0.9,0.7,0.7,0.8,0.8,0.8,0.8,1.3,0.6,0.6,0.4,0.6,0.7,0.5,0.4,0.5,0.7,0.5,0.8,0.3,0.5,0.8,0.9,0.6,0.7,0.8,0.4,1.2,1.2
20150513,10,SO2,4.5,2.4,2,2.3,4.7,2.5,3.5,10.5,3.4,5.4,5.9,5.5,4.5,11.7,6.8,24.7,5.3,5.1,3.4,7.8,2,4.3,16.5,5.5,22.5,2,13.5,13.3,21.7,12.6,4.4,7.9,2,17.8,11.7
20150513,10,NO2,63.3,102.2,69.8,78.9,58.3,70.3,90.6,83.2,85.7,93,102.1,106.5,101.8,147.4,86,84.9,51.6,75.3,64.9,55,26.3,25.1,42.9,70,40.9,7.3,63.8,110,79,105.4,80.4,92.5,77.4,,98.5
20150513,10,O3,,30.5,43.7,51.7,60.4,43.6,34.3,15.6,24,41.6,30,23.8,24,24.9,39.6,45.2,43.5,21,30.3,59.3,66.7,73.5,35.4,20.3,61.3,109.4,25,15,26.2,33.8,45.4,22.4,29.7,2,20.5
20150513,10,CO,0.3,0.8,0.8,0.7,0.5,0.6,0.9,0.8,0.7,0.8,0.8,0.9,0.8,1.3,0.6,0.7,0.5,0.6,0.6,0.5,0.4,0.5,0.6,0.6,0.6,0.3,0.5,0.8,0.8,0.7,0.8,0.8,0.4,1.5,0.9
20150513,11,SO2,4.4,3,2.1,2.7,5,3.1,3.6,,3.9,4.9,7.6,6.3,4.2,10.3,7.9,21.5,,6.1,3.3,14,2,4.4,14.9,6.8,17.1,2,16.5,12.2,22.3,11.7,5,9.4,2,16.4,9.8
20150513,11,NO2,93.1,101.6,61.5,97.6,60.7,70.7,96.6,87.4,73.5,84.2,121.5,143.7,115.9,121.1,92.2,95.4,2.3,82.7,74.9,64.8,27.8,31.7,34.9,45.8,26.4,7.7,60.1,101.3,84.8,99.5,118.8,111.2,84.7,156.3,103.4
20150513,11,O3,46.4,47.9,66.9,46.8,73.5,66.9,42,28.8,56,66.5,33.6,19.9,25.4,46.3,61.3,69.2,2,30,41.4,67.8,89.3,81.6,55.2,48.7,91.5,116.3,56.7,29.4,45.4,56.2,27.3,28.6,39,2,46.1
20150513,11,CO,0.9,0.8,0.7,0.9,0.5,0.6,0.9,0.7,0.6,0.8,0.9,1.1,0.8,1,0.7,0.7,0.1,0.6,0.7,0.7,0.4,0.6,0.5,0.5,0.5,0.4,0.5,0.8,0.9,0.7,1,1,,1.7,0.8
20150513,12,SO2,4.4,3.8,2.1,3.9,5.3,4.2,3.5,12.4,4.5,6.5,7.3,5.8,5.2,14.5,9.7,20.9,,6.1,4.1,18.4,3.2,13.7,11.9,5.2,15.6,2,16.6,16.3,27.2,8.9,5.9,9.4,2,16.2,10.5
20150513,12,NO2,91.5,99.7,75.3,106.1,66.4,74.7,90.3,,86.2,110.3,91.1,133.1,120.8,129.5,98.8,108.6,2.2,65.9,79.3,73.1,30.3,32.4,35.6,58.9,17.7,7.3,44.3,91.7,87.6,76.6,124,114.3,89.4,168.9,118.5
20150513,12,O3,71.3,78.1,72.4,71.8,83.7,92,69,56.8,57.9,67.5,74.9,48.8,56.2,74.7,65.5,53.1,2,57.9,62.7,73.1,103.3,119.8,62.7,61.4,113.5,129.8,95.7,46.3,77.5,93.5,45.8,49.6,51.9,14,58.5
20150513,12,CO,1,0.9,0.9,1,0.6,0.7,1,0.6,0.7,1,0.8,1.1,0.9,1,0.7,,,0.5,0.7,0.7,0.4,0.6,0.5,0.5,0.4,0.4,0.5,0.8,0.9,0.5,1.1,1,0.9,1.5,0.8
20150513,13,SO2,7,6.1,3,6,5.9,5.5,3.4,23,3.8,7.7,8.1,5.9,6,15.4,13.7,17.2,2,6,4.7,19,4.8,16,10,4.9,14.8,4.1,20.5,17.7,21.6,8.9,7.1,11.2,2,15.6,11
20150513,13,NO2,97,100.4,93.8,104.7,74.1,95.4,81.5,58.2,86.5,99.2,109,103.7,92.2,86.3,126.8,110.9,2.2,36.9,80.7,77.1,40.8,30.8,14.2,42.2,49.7,14.8,50.2,76.5,78,71.2,115.9,117.5,111.8,175.8,138.4
20150513,13,O3,99.2,129.9,87.7,112.9,116.2,105.1,116.7,83.9,84.3,123.8,102.3,103.8,93,153.4,88.4,107.6,2,99.8,90.7,75.2,133.1,136.5,117.6,111,94,153.6,92.9,82.7,114.8,135,86.9,82.7,60,36.6,78.3
20150513,13,CO,0.9,0.8,1,0.9,0.7,0.8,0.9,0.6,0.7,1,0.9,0.9,0.7,0.8,0.9,0.6,,0.4,0.7,0.7,0.5,0.7,0.3,0.4,0.4,0.4,0.5,0.9,0.8,0.6,1,0.9,1,1.3,0.9
20150513,14,SO2,9.4,10.4,5.8,9.8,7.7,9.1,5,14.7,4.4,11.7,9,6.6,5.6,12.3,,17.5,2.7,5.2,5.5,16.7,7.1,12.2,10.7,4.5,10.6,4.3,13.7,18.9,20.8,11.4,10.4,16.8,3.9,18.8,14.7
20150513,14,NO2,94.7,94.4,95.3,101.1,96.9,101,103.9,53.8,84,88,74.4,107.2,57.4,46.6,47.4,66.8,7,22.7,85.1,50.3,54.1,26.2,12.7,26.6,59.4,19.6,32,57.1,77.7,60.8,121.4,127.1,110.4,201.9,167.4
20150513,14,O3,151.6,191.1,131.5,166.9,140.2,164.7,136.7,107.7,129.8,182.4,146.8,131.8,137.3,174.6,126.8,180.8,,135.4,124.6,125.9,115.9,144,136,140,90.8,167.9,134.5,114,160.1,176.3,131.2,126.1,97,72.4,105.4
20150513,14,CO,0.8,0.8,0.9,0.9,0.8,0.8,0.9,0.6,0.8,0.8,0.8,0.9,0.7,0.6,,0.5,0.3,0.4,0.9,0.6,0.5,0.6,0.4,0.4,0.5,0.5,0.4,0.8,0.9,0.6,0.9,0.9,1,1.3,1.1
20150513,15,SO2,13.4,10.7,8.9,9.4,9.9,11.7,8.3,13.8,6.6,10.8,8.8,8,6.9,13.1,13.7,21.5,2,4.1,5.6,11,8.5,13.4,9.1,4,7.8,6,13.3,17.3,27.2,12.8,12.1,15.6,6.5,16.9,16.8
20150513,15,NO2,80.5,53.2,73.1,48.5,97,105,86.8,59.4,83.6,39.7,47.5,71.8,57,40.2,44.1,53.6,15.1,26.4,82.7,31.8,62.6,36.8,8.9,22.2,54.8,18.9,30.5,44.7,89.3,43.2,105.4,80.4,114,183.6,180.1
20150513,15,O3,203.5,246.9,190.3,198.2,184.9,201.4,191.7,138.7,165.9,223.9,179.6,191,167,200.6,150.8,234.3,,154.6,156,178,136.4,169.9,142.1,159.4,105.7,173.9,168.9,140.1,155.3,205.7,168,166.9,136.2,73.4,160.2
20150513,15,CO,0.8,0.6,0.8,0.6,0.8,0.9,0.8,0.7,0.7,0.6,0.7,0.7,0.7,0.7,0.7,0.5,0.1,0.5,0.9,0.5,0.6,0.8,0.3,0.3,0.5,0.5,0.4,0.7,0.8,0.5,0.8,0.7,0.9,1.3,1.2
20150513,16,SO2,12.2,9.9,8.8,9.5,10.9,10.4,9.3,11.8,7.4,12.5,10.7,8.3,6.7,12.2,13.8,17.4,8.7,4.4,5.3,14.2,7.7,14.6,9.3,3.7,9,9.2,17.1,17.6,25.6,12.3,12.2,15.9,6.2,18,16.9
20150513,16,NO2,47.3,41.4,42.5,46.1,60,62.8,58.7,68.9,47,41.8,39.2,51.9,54.9,30.4,35.4,35.8,,44.5,54.2,33.2,72.9,46.9,8.7,25.3,59.2,27.5,30,39.2,101.5,20.5,88.1,64.9,91.4,177.7,106.7
20150513,16,O3,203.7,241,215.8,209.8,212.7,215.8,232.6,142.2,201.2,251.1,226.6,222.4,186.5,239.2,204.1,259.8,,151.3,166.9,220.6,200.5,207.9,140.7,182.4,107.9,192.1,214.8,166.8,150,181.5,169.9,176,146.2,84.4,206.4
20150513,16,CO,0.6,0.6,0.7,0.7,0.6,0.7,0.7,0.8,0.5,0.7,0.7,0.7,0.7,0.7,0.8,0.4,0.5,0.6,0.7,0.6,0.7,0.9,0.4,0.4,0.4,0.6,0.5,0.7,0.6,0.4,0.8,0.7,0.8,1.2,0.8
20150513,17,SO2,12.1,10,9.6,9.6,,10.3,10.6,7.1,8.1,12.9,10,8.9,5.4,13.5,13,17.6,3.8,4.9,5.6,15.1,6.6,14.9,7.3,3.2,7.6,11.2,17,14.4,24.2,12.2,12.4,15.9,7.4,19.8,17.3
20150513,17,NO2,50,44.9,44.5,51,51.5,55.8,64.7,70.8,40.3,42.9,26.8,63.1,50.2,32.1,35.4,47.2,,60.1,42.3,35.4,82.3,52.2,8.4,33.9,52.2,41,28.7,37,107.9,18,101,79.4,94.8,231,112.9
20150513,17,O3,215.2,252.2,227,217.4,219.9,212.5,249.8,137.3,218.2,260.7,204.3,231.2,162.9,233.3,200.8,258.8,2,147.7,181.4,227.1,212.1,247.3,127.1,187.9,107.8,233.1,210.4,151.8,163.1,172.3,176.8,181.7,150.8,43.8,173.3
20150513,17,CO,0.7,0.7,0.8,0.8,0.7,0.8,0.8,0.8,0.5,0.8,0.6,0.8,0.6,0.8,0.8,0.4,0.1,0.7,0.7,0.7,0.8,0.9,0.3,0.5,0.4,0.8,0.6,0.7,0.6,0.4,0.9,0.8,0.9,1.5,0.9
20150513,18,SO2,9.8,10.6,8.6,9.2,11.8,9.4,7.6,6,5.5,13.1,9.6,10,7.2,15.4,13.5,21.6,13,4,5.8,13.7,5.8,12.5,2,3.4,7.5,10,13.2,11.8,25,13.3,12.9,16.7,5,19.5,14.7
20150513,18,NO2,85.1,41.8,74.3,47.8,79.4,83.8,81.7,65.9,68.9,54.4,26.1,68.8,55,37.4,26.7,89.2,56.7,51.5,58.3,49.6,84.2,89.7,8.8,35.7,69.4,42.3,33.4,29.7,75.3,22.7,112.7,67.6,117.4,191.5,182.5
20150513,18,O3,186.6,251.2,199,211.4,217.6,174.8,203.8,141.4,183.6,216.2,172.6,213.5,142.2,198.3,173.9,200.4,219,150.3,162.3,210.9,207.6,214.3,108.9,175.3,58.7,239.3,183.3,123.4,194.9,194.3,160.6,180.9,130.4,68.3,103.8
20150513,18,CO,1.1,0.7,1,0.8,1.1,1,0.9,0.7,0.6,0.8,0.5,0.9,0.6,0.6,0.6,0.6,0.8,0.7,0.8,0.7,0.9,1.1,0.3,0.5,0.4,0.8,0.5,0.5,0.6,0.4,1,0.8,1.1,1.3,1.4
20150513,19,SO2,11.7,7.3,7.2,5.6,9.1,8.5,8.2,3.9,3,8.1,9.1,7.3,11.7,16.3,13.9,19.6,12.2,3.4,4,10.7,4.4,10.5,2,2.7,8.9,7.9,9.8,13.6,21.2,14,10,13.8,5,19.3,10.7
20150513,19,NO2,107,121.8,133.5,88.9,115,115.2,146.1,92.4,32.8,99.8,24,121.3,66.1,34.6,41.5,103.2,81.7,48.9,70.7,61,96.2,142.3,7,31.9,68.3,37.4,34.5,35.1,36.4,31.2,118.9,129,119.8,210.4,197.7
20150513,19,O3,197.1,165,152.9,160,200.1,180.9,164.4,86.9,125.6,142.8,163.9,130.2,144.4,199.4,173,153.9,179.4,129,115.7,176.8,163.5,137.2,100.7,158.8,38.6,219.3,169.3,130,208,178.1,167.7,126.3,158.2,39.7,109.8
20150513,19,CO,1.1,1.1,1.3,1,,1.1,1.2,0.9,0.3,1,0.5,1.1,0.6,0.6,0.6,0.7,0.9,0.7,0.8,0.8,1,1.3,0.3,0.5,0.4,0.8,0.6,0.6,1,0.5,1.2,1,1.2,1.4,1.3
20150513,20,SO2,10.7,4.8,6,3.5,10.4,6.8,6.7,3.8,2,5.9,6.4,2.1,8,17.5,12.3,15.4,8.4,3.3,2,8.2,3.7,7.2,2,2,8.5,5.6,8.2,12.5,11.3,10.9,8.9,14.1,4.1,16.2,7.7
20150513,20,NO2,148.6,162.6,172.9,135.7,133.3,138.8,225.3,50.5,13.3,133,25.9,43.3,50.4,58.3,96.9,145.8,138.4,57,8.9,68.2,77.7,129.4,6.2,13.4,88.6,30.2,31.6,40.4,35.2,50.9,157.3,222.7,175.5,244.7,207.1
20150513,20,O3,121.5,83.3,78.2,95,,128.3,48.3,81.9,105.6,52.7,108.5,92.7,95.1,151.8,107.1,83.6,101.7,94,92.4,147.4,126,81.5,98.3,111.7,22.7,193.5,192.3,117.5,162.5,123.8,98.6,31,68.7,11.2,65.8
20150513,20,CO,1.6,1.5,1.7,1.5,1.2,1.3,1.7,0.6,0.1,1,0.4,0.5,0.5,0.8,1,0.7,1.2,0.7,0.3,0.8,1,1.4,0.2,0.3,0.4,0.7,0.6,0.6,1.2,0.5,1.5,1.7,1.5,1.9,1.6
20150513,21,SO2,2,2,2,2,6.4,3.7,2,2.8,2,2,3.8,2,4.1,2,6.2,17.4,10.5,2,2.3,7.1,3,5.2,2,2,2.6,2,7.5,12.1,8.3,8.2,2.7,5.9,2,8.9,6.3
20150513,21,NO2,33.8,42.6,40.3,53.7,,75.9,27.4,8,7.2,38.4,12.8,12.6,24.9,20.8,97.7,159.1,237.8,26.9,6.7,54.9,91.9,108.9,5.7,4.5,28.3,11.8,33,63.6,41.2,29.6,32.7,55.8,66.9,109.8,93.6
20150513,21,O3,90.4,96.1,77.7,90.2,91.8,94.4,96.2,81.1,98.8,75.3,90.9,97.6,70.3,91.7,71.3,81.7,9.6,66.8,89.6,158.7,54.7,53.5,98.4,94,85.4,137.5,180.4,76.4,121.3,80.7,92.8,79.2,60.3,34.1,92.5
20150513,21,CO,0.5,0.4,0.5,0.6,0.6,0.8,0.4,0.3,0.1,0.3,0.3,0.3,0.3,0.3,1,0.8,1.7,0.3,0.3,0.8,1.2,1.4,0.2,0.2,0.3,0.4,0.6,0.8,1.2,0.3,0.5,0.5,0.6,1,0.7
20150513,22,SO2,2,2,2,2,2.8,2,2,4.1,2,3.5,2.7,3.9,2,3.6,2,11.4,5.9,2,2.8,6.3,2,2.9,2,2,2,2,6.2,9,12.5,4.1,2.1,3.5,2,4.8,2
20150513,22,NO2,16.6,25.6,14.6,13.8,16,22.9,15.4,7.1,6.4,26.1,16.7,11.9,17.4,22.2,22.8,110.4,59.8,12.1,5.5,43.1,5.3,28.7,4.6,2.4,12,2.4,34.9,86.8,31.3,21.3,18.7,13.9,30.3,42,24.9
20150513,22,O3,85.3,96.5,89.8,105.7,101.1,85.8,100.7,79.1,99.4,91.6,97.3,99.4,74.5,87.3,83.1,67.8,68.3,73.2,90.1,157.9,76.7,84,89.5,84.9,95.2,104.8,164.7,49.3,97.2,75.8,92.8,89.2,69.9,71,95.2
20150513,22,CO,0.3,0.3,0.3,0.3,0.2,0.3,0.3,0.3,0.1,0.3,0.3,0.3,0.3,0.3,0.4,0.5,0.6,0.2,0.3,0.7,0.3,0.6,0.2,0.2,0.3,0.5,0.6,0.8,0.7,0.2,0.3,0.2,0.3,0.4,0.3
20150513,23,SO2,2,2,2,2,2.5,2,2,2.7,2,2,2,2,2,2,2,3.4,2,2,2,2,2,2,2,2,2,2,4.6,2,2,3.5,2,3.1,2,3.7,2
20150513,23,NO2,13.8,20.5,15.7,14.4,16.4,17,22.1,5.4,5.6,21.5,13.8,9.2,15.6,14.4,16.9,39.2,11,5.4,2.6,13,2,5.5,7.2,2.5,10.1,2,28.5,53.6,12.8,13,18.4,19.3,26.5,41.7,23.8
20150513,23,O3,77.1,89.7,77.4,92.9,78.8,75.8,78.8,70.7,87.9,85.9,85.1,90,68.8,91.5,81.3,58.7,68.7,73.3,82.3,95.5,72.6,92.5,78.8,83.9,88.3,100.8,96.7,46.1,90.3,84.8,79.1,73.3,61,61.5,77
20150513,23,CO,0.3,0.2,0.3,0.2,0.2,0.3,0.3,0.2,0.1,0.3,0.3,0.2,0.3,0.2,0.4,0.1,0.2,0.2,0.3,0.2,0.3,0.4,0.2,0.2,0.3,0.4,0.4,0.5,0.3,0.2,0.3,0.2,0.3,0.4,0.2
