date,hour,type,dongsi,tiantan,guanyuan,wanshouxigong,aotizhongxing,nongzhanguan,wanliu,beibuxingqu,zhiwuyuan,fentaihuayuan,yungang,gucheng,fangshan,daxing,yizhuang,tongzhou,shunyi,changping,mengtougou,pinggu,huairou,miyun,yanqing,dingling,badaling,miyunshuiku,donggaocun,yongledian,yufa,liulihe,qianmeng,yongdingmengxi,xizhimengbei,nansanhuan,dongsihuan
20150425,0,PM2.5,62.1,52.3,57.5,50.6,67,53.5,66.9,73.7,50,77.3,75,83.3,67.7,50.7,61.7,77.7,78.9,40.5,39.8,47.8,,65,42.5,47.6,37.6,37.9,109.4,65.2,69.4,65.8,60,66.1,63.6,68.5,78.2
20150425,0,PM10,158.9,140.8,198,150.4,255.4,152,183.8,185.6,148.5,245,202.5,295.8,161.2,126,132.4,170.1,175,100.3,122,,97.7,201.8,112.5,103.5,117.2,90.8,136.7,121.3,147.3,136.9,193.9,166.3,241.6,195.1,131
20150425,0,AQI,89,104,122,110,137,109,112,102,89,131,134,121,115,113,111,127,112,75,90,78,92,92,58,80,63,62,170,103,109,97,129,110,131,117,110
20150425,1,PM2.5,61.8,51.9,63.7,53.1,71.3,64.6,67.1,69.7,47.1,91.2,58.5,84.4,72.9,51.4,60.7,115.7,82.7,39.8,59.8,41.8,,55.3,40.4,44.3,30.2,36.9,105.7,72.9,64.9,65,61.4,72.3,72.8,69.4,87.1
20150425,1,PM10,147.9,132.7,191.6,147.4,235.5,157.4,204.9,167.3,125.8,302.6,201.7,294.4,171,134.2,156.9,481,163,88.8,123.2,,103.6,130.2,119.3,104.3,71.3,87,130.9,136.6,150.2,135.1,193,223.3,192.6,234.4,136.4
20150425,1,AQI,88,102,120,108,137,107,115,102,91,131,135,125,113,111,109,132,110,77,91,76,96,94,59,80,64,63,167,102,108,94,128,109,124,117,109
20150425,2,PM2.5,73.7,51.4,67,56,95.6,67.3,72.1,63.5,56.1,93.3,57.5,78.3,85.9,69,61.7,117,74.1,41.7,38.6,48.7,,46.3,41.2,45.2,24.2,37.9,107.4,70.1,65.8,67.5,65.8,80.2,78.9,77.9,93.4
20150425,2,PM10,180.3,108.2,197.8,153.2,257.2,158,175.2,143.5,152.4,223.3,167.1,226.7,182.7,169,159.4,466.1,156.8,86.5,108.4,,83.7,108.9,122.5,102.5,57.1,79.9,118.1,131.4,120.3,129.8,183.2,175.9,246.9,222.9,135.7
20150425,2,AQI,89,100,119,107,135,107,115,102,93,131,132,125,112,111,109,135,109,77,91,74,100,94,61,78,64,65,166,100,107,93,127,109,123,118,108
20150425,3,PM2.5,82.5,61.5,97.6,60.5,96,71.7,68.7,57.8,53.3,86.4,53.5,74.6,98.3,75.2,66.6,112.7,63.8,36.6,45.5,44.5,,48.8,41.4,44.1,60.4,38.6,102.5,67.6,71.4,77.1,69.2,85,77.3,80.4,116.9
20150425,3,PM10,203.6,129.1,208.2,121.3,192.3,171.6,195,119.8,142.9,258.8,155.6,213.2,220.9,152.6,173.3,286.5,123.5,83.2,119.3,,93.7,122.8,132,98.4,98.4,85.2,112,116.2,120.7,159.1,202.7,174.5,252.8,219.3,169.1
20150425,3,AQI,91,100,118,106,131,107,115,102,95,131,130,122,111,109,109,137,107,78,92,73,105,93,63,78,66,66,163,99,106,93,126,109,124,119,108
20150425,4,PM2.5,90.4,67,89.2,65.6,74.6,82.7,69.9,51.5,45.2,122.5,46.9,94.8,96.4,107.7,64.5,149.2,57.3,36.6,52,50.7,,41.4,48.3,43,31.4,41.5,96,61.7,68,74.4,84.4,86.9,79.5,76.6,145.2
20150425,4,PM10,203.6,150.8,201.8,147.2,188.3,188.5,199,115.1,125.5,234.6,119.8,216.7,237.7,200.7,174.9,653.7,99.7,79.6,140.4,,95.9,108.1,115.5,97.1,92.1,69.3,109,94.5,102.1,150.3,210.7,180.4,211.7,174.9,185.7
20150425,4,AQI,93,100,119,106,128,108,116,102,95,132,127,122,111,110,107,146,105,79,94,73,111,95,65,79,67,67,161,97,105,92,126,111,122,118,111
20150425,5,PM2.5,81.7,69.3,76.1,69.5,71.6,85.2,55.8,58.1,52.3,139.5,40.6,76.9,86.3,132.6,87,144.9,52.4,38.4,46.6,50.3,,38,41.7,47.1,85.2,43.5,93.8,64.4,68,69.9,79.2,88.2,70.9,81.8,142
20150425,5,PM10,186.7,139.6,185.3,158.3,168.3,181.6,169.7,110.1,121.5,259.8,147.3,192.9,219,240.9,200.6,501.3,120.2,96.9,114.6,,92.9,121.1,110.7,168.7,,80.7,105.6,109.6,110.7,147.1,199.5,165,228.6,201.6,192.4
20150425,5,AQI,94,101,118,106,127,108,115,103,95,130,125,124,112,110,108,151,104,80,94,72,117,96,66,82,68,67,157,95,105,92,125,111,122,118,114
20150425,6,PM2.5,80.5,73.1,71.5,68.4,70,83,64.7,57,54.9,109.6,55.1,53.7,98.9,104.7,96.7,115.8,51.1,56.3,49.9,42.7,,45.1,35.2,40.9,25.7,38.2,93.9,77.8,69.4,64.3,80.6,90.7,78.8,92.3,133.7
20150425,6,PM10,167.6,124.1,165.3,151.7,189.2,153.3,194.2,112,116.6,225.3,140.7,143.2,247,224.8,228.2,388.6,103.3,154.3,154.3,,101.3,90.5,81.2,123,46.9,70.4,106.9,108,100.7,129.5,221.7,184.4,245.9,208.7,181.2
20150425,6,AQI,96,101,117,106,125,108,114,103,96,129,123,125,112,110,109,155,102,81,96,72,126,96,67,83,68,69,155,95,104,92,123,111,121,118,117
20150425,7,PM2.5,80.1,72.7,75.7,67,78,74.4,64.4,76,49.6,143.2,37.2,44,116.4,115.3,95.2,116.6,48.4,73,60.8,50.6,,39.1,35.6,42.2,19.5,42.5,92.9,77.9,67.6,83.6,103.9,107,75.4,101.9,143.5
20150425,7,PM10,179.9,170.1,199,156.8,214.4,170.9,176.9,170.4,120.2,322.1,160.1,139.4,251.9,281.7,265,291.3,101.1,232.5,200.1,,101.3,116.6,90.7,78.2,49.2,85,113.4,152,126.8,185,289.3,290.6,244.4,311,169
20150425,7,AQI,97,101,116,105,124,108,112,104,95,131,123,127,114,111,110,154,100,84,100,72,137,96,67,83,68,70,153,95,103,93,124,112,121,118,119
20150425,8,PM2.5,80.1,80.5,83.6,72.8,61.3,78.3,93.2,85.2,59.1,198.3,53.4,46.6,116.5,130,104.1,105.2,42.4,74.2,125.1,66.4,,47.7,42.9,69.3,23.5,40.8,98.8,121.8,92.4,93.3,70.1,117.8,78.1,117,116.8
20150425,8,PM10,179.1,193.4,221.4,154.2,150.6,195.4,194,179.6,150.3,279.6,178.4,150.2,203.4,312.7,164.5,159.8,129.3,139.9,145.4,,136.3,119.2,110.1,131.2,60.6,82.1,120.5,201.4,193.6,135.4,178.8,134.7,192.7,259.1,152.1
20150425,8,AQI,98,100,117,104,123,108,112,106,96,131,123,127,114,113,109,152,97,86,101,72,150,96,69,84,68,71,150,93,102,93,123,112,123,119,118
20150425,9,PM2.5,69.5,80.1,86.4,76.9,62.5,139.7,105.3,74.5,62.8,110.2,54.5,50.6,266.1,112.9,111.7,109.4,47.6,68.5,75.2,67.8,,49,34.5,61.8,31.5,56.3,144.2,191.7,123.8,110.8,88.4,96.5,75.4,119.1,91.9
20150425,9,PM10,151.9,193.4,214.3,186.2,164.6,183.6,187.1,183,138.5,235.7,201.7,145.1,,268.7,214.9,178.9,122.4,158.3,103.4,,119.2,122.4,67,155.6,79.4,88.5,168.3,228,226.2,147.5,203.4,183,179.6,217.7,135.3
20150425,9,AQI,99,100,117,104,122,108,112,108,96,131,123,126,114,114,111,154,93,88,100,73,166,95,69,87,69,72,147,98,103,93,122,112,123,120,118
20150425,10,PM2.5,73.6,88.6,85.9,145.7,68,,101.9,94.4,76.1,96,84.5,59.2,,100.4,92.5,92.8,53,67.4,50,74.9,65.1,58.9,38.5,63,30.9,59.1,165.7,151.9,112.3,120.9,92,97.9,94.6,134.3,91
20150425,10,PM10,161.1,190.9,210,183.6,185.4,162.9,161.2,234.1,144,224.7,274.5,173.4,216,219,199.2,168.6,134,157.7,146.3,,136,125.3,79.1,156.2,90,87.4,196.4,235.5,188.4,132.3,196.1,321.1,206.2,239,111.1
20150425,10,AQI,100,100,117,103,122,108,111,111,96,131,124,126,115,115,111,154,92,89,100,74,153,93,69,89,69,72,147,103,102,93,121,115,123,121,119
20150425,11,PM2.5,82.6,93.1,89.9,221,65.5,,100.8,82.9,68.7,187.4,71.5,75.2,179.8,113.4,102.6,80.3,53.4,78.5,77.8,84.1,92.4,57.4,34.5,65.1,28,35.4,185,114,107.9,81.6,107.3,112.1,94.3,168.5,88.8
20150425,11,PM10,167,207.8,199.9,,147.7,161.6,156.9,451.2,157.8,249.9,200.1,185.4,,224.1,231.1,182.8,89.4,140.9,172.1,,120.1,72,52.4,143.1,34.7,65.5,338.4,194,197.3,129.5,204.4,494.5,169.6,260.3,132.1
20150425,11,AQI,102,101,117,103,122,108,111,118,97,133,124,126,115,116,112,153,91,90,100,75,159,91,69,90,69,71,148,106,102,93,122,122,124,124,119
20150425,12,PM2.5,96.9,98.7,98,,71.9,,106.7,61.2,77,179.7,99.6,75.8,114.6,104.4,106.5,113.2,40.4,77.4,80.3,77.7,204.1,38.5,34.4,63.9,20.3,34.5,133.2,109.9,111.3,83.5,120.7,114.6,107,222.2,124
20150425,12,PM10,201.9,209.9,219.8,230.9,175.9,179.1,196.9,133.8,159.8,230.9,210,192.6,162.8,202.2,223.5,288.4,93.6,114.1,142.8,,,171.5,58.7,139.2,54.7,36.1,317.7,152,177.1,147.9,238.7,188.8,208.7,229,132.3
20150425,12,AQI,105,103,119,105,123,109,112,118,97,136,125,127,117,117,114,156,91,91,100,76,196,92,70,92,70,70,149,109,104,93,124,120,125,126,122
20150425,13,PM2.5,93.3,95.2,110.3,,105.6,,119,88.1,82.7,159.1,80.6,87.7,99.1,75,84,121.5,29.2,70.3,85.5,50,,58.3,12.5,60.4,13.9,39.1,126,195.9,104,102.5,122.9,111.8,122.8,158.9,108.5
20150425,13,PM10,186.8,177.3,225,196.3,193.1,187,190.2,190.2,185.4,188.8,174.4,172.4,154.1,143.2,118.1,,79.2,93.5,154.1,,118.4,123.8,,117.1,32.9,85.6,,,218.8,216.5,199.7,164.9,202.8,187.1,141
20150425,13,AQI,107,104,120,107,124,111,113,118,98,139,125,127,120,117,114,159,91,91,100,76,184,92,71,92,70,70,149,117,106,96,124,121,127,127,124
20150425,14,PM2.5,85.9,73.2,98.1,,95.3,,109,65.6,78.2,131.9,88.4,67,148.5,64.5,72.1,88.2,61,87.4,62.6,42.1,,58.8,11.2,52.6,15.6,42.1,107.6,107.8,99.1,87.3,95.4,97.5,102.9,104,117.6
20150425,14,PM10,153.1,110.4,180.4,132.6,190.8,142.5,140.6,140.8,143.7,147.2,180.5,143.4,162.9,122.2,83.2,,153.5,108.6,137.7,,74.2,101.7,21.7,124.4,32.5,84.9,128,144.9,155.6,111.9,144.5,,144.9,146.1,
20150425,14,AQI,109,104,121,107,125,111,113,118,98,141,126,126,125,117,112,161,92,90,99,76,87,92,71,92,70,83,149,121,107,98,124,122,127,128,128
20150425,15,PM2.5,,44.4,70.3,,63.6,111.2,88.9,50.3,48.6,117.5,66.3,70.1,,51.6,59.5,72.8,57.1,67.7,69.6,51.8,,46.5,21.5,67.8,13.2,42.3,109.2,105.5,92,85,88.5,65.4,71.9,52.2,96.9
20150425,15,PM10,115.7,115.1,125.1,95,139.2,141.3,130.3,117.6,151.5,179.7,157.3,160.8,121.6,101.1,111.7,119.9,83,,163.1,,148.3,119.3,24,115.9,22,58,133.5,,181.7,125.7,122.4,,100.3,90,
20150425,15,AQI,111,114,121,106,124,111,113,117,98,141,126,125,128,116,112,160,91,90,100,107,87,92,71,92,70,88,150,125,108,102,123,123,125,125,130
20150425,16,PM2.5,38.5,34.5,52.7,39,44.7,40.2,71.7,66.9,72.4,97.5,61.1,54.2,83.2,41.2,54.3,72.4,44.5,65.3,52,65.9,,75.1,12,65.2,15.7,61.9,102.6,80.8,91.6,72.4,67.2,45,60.4,51,61.9
20150425,16,PM10,91.6,82.8,96.8,108.4,114,92.4,105.6,136.4,,139.2,148.4,120.7,131.5,103,110.2,,73.2,87.5,106.9,,107.1,158.1,42.4,112.4,22,102.3,,,180.1,120.8,105.8,106.3,103.9,130.9,72.4
20150425,16,AQI,110,108,120,105,123,110,112,117,98,141,125,123,129,116,111,163,90,88,99,111,99,122,72,91,68,113,151,127,108,104,122,123,125,125,130
20150425,17,PM2.5,35.5,45.5,48.7,54.6,43.6,31.4,65,33.1,36.9,87,46.8,64.7,,51.1,45.6,53.8,39.5,44.7,59,45.1,,58,8.1,57.3,13.1,63.9,,48.6,69.8,62.2,48.3,69.8,65.9,62.7,72.5
20150425,17,PM10,111.4,133.7,145,114,162.4,98.9,162.3,109.9,143.7,239.3,135.7,147.5,113.4,135.6,153.9,178.3,102.5,91.8,139.6,,94.4,86,37.8,115.7,38.6,95.6,,109.4,156.1,99.4,131.2,94,210.3,112.8,
20150425,17,AQI,108,109,120,105,123,107,112,116,98,140,118,121,131,115,111,163,89,88,98,102,91,103,72,90,66,119,,127,108,101,121,122,126,125,131
20150425,18,PM2.5,48.5,48.8,50.8,121.7,56.8,49.8,57.5,60.6,58.3,95.9,57.1,54,49,53.3,63.6,60.6,34.3,39.4,54.9,36.1,51.6,31.8,15,46.7,13.6,38.8,,55.1,77.7,71.8,82.3,65.9,63.6,75.4,65.7
20150425,18,PM10,130.9,159.6,137.1,159.6,193.4,140.1,113.5,166,137.8,208,144.4,153.6,136.3,120.7,85.2,209.2,96.5,154.6,127.1,,83.2,100.4,46.9,115.6,46.7,80.5,,88.9,171.8,129.3,178.8,174.5,126,180.5,117.9
20150425,18,AQI,107,107,119,105,123,106,111,116,97,142,115,120,131,114,108,164,88,88,97,82,136,95,71,89,63,104,148,127,109,104,121,121,124,125,130
20150425,19,PM2.5,61,61.8,54,91.3,56.4,56.6,71.6,58.1,52.5,92,56.4,63.6,69.8,74.6,70.3,76.2,51.6,60.4,55.1,41.1,65.6,49.3,13.1,64.6,29.5,37.3,,80.4,95.7,76.7,77.9,324.8,71.1,99.7,71.4
20150425,19,PM10,146.4,154.9,161.6,181.9,195.2,168,183.9,159.9,128.6,166.7,177.2,175.9,151.6,181.3,320.3,179.4,156.3,155.2,134.9,,141.9,114.9,47.4,168.7,117.2,94.7,138.2,176.5,200,141,179.8,,197.9,195.2,149.6
20150425,19,AQI,107,109,118,104,122,106,112,115,96,145,114,119,132,114,111,163,88,87,97,77,126,90,70,89,62,95,150,128,110,104,120,124,124,126,130
20150425,20,PM2.5,82,83.8,62.3,85.3,69.2,75.7,80.2,59,68.7,102.5,87.5,75.3,81,88.1,92.5,86.6,65.9,55.3,70.7,54.1,85.9,55.4,24.3,61.6,49.7,56.8,76.3,174.4,92.1,97.7,113.2,246.1,65.8,106.2,92.4
20150425,20,PM10,180.7,216.3,207.1,220.5,239.1,207.4,154.2,168,177.8,224.2,186.8,209.1,177.3,194.4,251.9,337.4,179.3,123.8,151.9,,157.4,171.8,71.8,151.1,157,100.9,146.6,194.4,161.7,187,226.3,257.1,271.3,259.7,173
20150425,20,AQI,107,104,119,105,123,106,111,111,96,147,114,119,133,116,114,166,88,86,97,77,124,90,68,88,63,68,148,135,111,106,121,133,126,128,131
20150425,21,PM2.5,94.4,93.4,82.2,97.4,84.7,105.7,92.3,63.3,72.6,119.4,84.2,88.7,97.4,89.4,91.5,96.9,78.6,81.2,80.3,83.1,98.8,79.6,29.1,59.9,42.9,55.5,113.2,,90.6,103.2,138.9,,88.9,110.8,114.8
20150425,21,PM10,207.8,223.8,223.8,236.5,268.5,221.9,134.2,147.2,164.9,265.5,221.7,202,205.8,177.7,199.6,270.6,216,145.2,188.4,,156,286.2,121.8,116.7,122.9,111.8,163.4,,184.4,167.2,253.4,,307.4,224.1,173.5
20150425,21,AQI,108,104,119,106,124,108,110,110,97,151,115,119,135,116,114,167,89,86,97,77,125,93,68,88,63,68,148,132,112,108,122,135,128,130,133
20150425,22,PM2.5,99,107.5,99.5,96.8,95.5,94.6,100,60.2,76.8,108.6,131.7,102.9,114.6,87.3,88,94.8,138.1,68.4,97.7,89.2,96.8,90.6,52.8,59,42.3,67.7,124.9,,88.7,106.3,137.1,,90.7,104.2,114.4
20150425,22,PM10,186.6,203.2,240.7,204.2,256.1,192.7,190.3,133.2,125.7,234.9,217.9,225.3,209.9,176.8,213.2,217,205,93.7,194.7,,171.9,240.8,183.5,109.6,101.4,134.4,167.9,,179.1,153.6,236.4,,288.7,214.8,143.3
20150425,22,AQI,108,105,120,109,125,108,110,108,97,154,115,120,138,116,115,167,90,86,98,78,125,94,69,87,62,69,149,130,114,110,123,137,129,132,134
20150425,23,PM2.5,91.2,96.1,100.8,90.9,102.5,87.3,100.8,64.5,69.4,120.7,97,113.4,96,93.6,95.3,92.9,121.6,53.3,100.9,73.8,86.8,106.4,56.8,65.9,30.9,73,144,,81,89.8,131.1,90.3,103.4,99.1,106.4
20150425,23,PM10,175.4,197.6,221.4,191.9,214.4,179.9,219.9,159.8,179.5,196.7,209.6,239.4,165.5,174.8,235.6,230.4,190.8,82.8,234.9,,,275.7,118.7,150.2,56.3,133.4,165.3,,155.7,135.4,200.2,187.7,224.8,204.3,132.3
20150425,23,AQI,108,106,121,112,123,109,111,107,98,157,115,120,140,117,117,167,91,86,99,79,124,96,68,88,60,69,152,131,115,112,123,139,130,133,136
20150425,0,SO2,12.6,7.7,9.6,6.9,9.5,11.3,10,7.5,5.9,9.9,8.8,9.2,10.5,15.8,11.6,12.4,10.5,3.1,5.1,5.8,2.6,6.9,5.9,3.2,5.4,3,15.5,33,14.1,11.9,10.8,14.7,10.4,18.1,13.3
20150425,0,NO2,56.6,56.6,68.1,82.2,111.3,86.9,94.1,100.3,34.1,115.5,39.9,133.6,46.7,31.8,62.1,120.5,96.2,31.1,34,29.3,26.8,88.1,39.7,13.1,21.6,18.6,18.3,43.8,30.1,36.6,108,98.1,119.9,115.1,97.4
20150425,0,O3,60.8,64.6,53.9,35.5,23.9,48.8,24,2,72.1,2,72.5,2.7,58.1,91.3,53.7,9.3,21.1,84.7,66.7,83,72.4,18.1,65.4,95.7,113.2,94.1,120.9,78.7,96.9,69.2,15.1,30.6,24.8,13.7,42
20150425,0,CO,0.8,0.6,0.8,0.8,0.9,0.8,0.9,1,0.6,0.8,0.8,1.4,0.8,0.6,0.6,0.7,0.8,0.5,0.5,0.6,0.7,0.7,0.5,0.4,0.5,0.5,0.5,0.5,0.7,0.7,1,0.7,1.1,1,0.8
20150425,1,SO2,11,5.3,6.6,5.4,8.3,10.2,7.8,7.4,5.6,9.4,10.3,8.6,9.1,17.2,10.7,17.6,10.7,3,7.4,5.5,2,7.2,2.1,3.4,4.9,3.6,14.4,20.8,8.6,9.2,11.1,15.5,12.6,14.5,11
20150425,1,NO2,67.7,68,98,76.5,128.3,116.3,109,86.8,34.4,125.1,45.5,124.3,89.3,46.5,67,141.5,85,36.4,34.1,25.4,16.2,71.4,63.7,12.3,16.6,15.8,20,62,36.2,47.7,119.1,133.1,133.7,127.8,109.3
20150425,1,O3,40.3,25.1,9.7,28.5,3.6,15.9,5.7,2,69.2,2,62.5,2.4,15.3,69.5,38.6,2,4,79.2,59.7,82.2,83.9,29.4,28.5,93.5,107.6,96.3,102.2,55.8,68.9,51.5,2,2.5,11.8,2,7.7
20150425,1,CO,0.9,0.6,0.9,0.8,1.1,1,1,1,0.6,0.9,0.8,1.5,1,0.6,0.7,1.1,0.8,0.5,0.5,0.6,0.5,0.7,0.5,0.4,0.5,0.5,0.6,0.6,0.8,0.7,1.1,1.3,1.3,1,1.1
20150425,2,SO2,12.2,2,8,3.4,10.4,9.1,8.1,5.6,8.2,10.8,10.2,7,7.1,15.8,10,19,24.8,2.7,5.4,4.8,2,6,2.7,3.2,10.2,2,9.3,13.3,7.1,5,6.2,14.4,12,15.3,12.6
20150425,2,NO2,114.8,68.5,120.8,92.2,142,122.1,119.4,87.1,45.7,119.2,73.6,109.3,104.2,71.9,98.9,143.5,52,30.2,53.4,24.9,13.1,41,94.3,14.7,90.5,14.8,20.5,84.3,46.4,66.2,114.3,131.1,148.9,132.7,95.8
20150425,2,O3,3.2,11.9,2,4.7,2,6,2.8,2,59.8,2,30.1,2.5,2,38.5,9.8,2,4.8,72.9,39.3,75.7,90.6,53.4,2,88.6,23.9,90.7,86,28.9,51.3,21.7,2,2.3,10.2,2,5
20150425,2,CO,1.2,0.6,1,0.9,1.2,1.1,0.9,1.1,0.6,1.1,0.7,1.6,0.8,0.7,0.7,1.2,0.5,0.5,0.6,0.6,0.5,0.7,0.5,0.4,0.4,0.4,0.5,0.6,0.7,0.8,1.2,1.4,1.1,1.2,1.2
20150425,3,SO2,14.1,2,8.9,4.2,13.7,8.9,8.2,4.6,6.5,11.1,8.9,7.5,7.1,14.3,9.6,21.9,8.5,2.4,3.5,4.2,2,5.5,2.7,2.7,21.1,2,4.9,12.5,5.3,5.1,5.6,17.8,13.2,13.6,13.5
20150425,3,NO2,123.8,87.6,124.8,107.9,133.9,135.1,113.1,80.6,47,121.2,58.7,109.3,102.3,58.8,102.6,142.6,27.8,26.6,72.7,27.6,13.1,63,90.2,15.3,105.4,14.5,19.7,74.8,55.6,96.5,119.1,133.7,148.2,130,114.8
20150425,3,O3,2.7,2,2,2,2.2,3.4,3,2,50.9,2,37.1,3.1,2,39.6,4,2,20.4,71.1,14.8,69.8,87.3,30.1,2,87.2,12,91.2,290.2,28.5,31.8,2,2,2.5,9,2,5.1
20150425,3,CO,1.1,0.8,1.1,1,1,1.2,0.9,0.7,0.6,1.5,0.6,2,1,0.8,0.7,1.3,,0.5,0.7,0.6,0.5,0.6,0.5,0.4,0.6,0.5,0.5,0.6,0.9,0.8,1.1,1.4,1.2,1.1,1.3
20150425,4,SO2,19.2,2,9.4,5.5,11.6,7.9,7.7,5.9,4.5,9.3,7.8,7.2,5.9,13.8,7.4,20.4,7.3,3.6,2.8,4.2,2,5.5,3.8,2.8,14.1,2,9.7,10.3,3.3,4.7,7.3,17,9,12.6,16.2
20150425,4,NO2,124.3,96.2,118.9,119.1,124.3,129.1,106.1,70.8,46.9,117.4,37,99.1,97.9,86.9,101.8,148.1,32.5,26.1,78.3,26.4,17.2,54.6,86,18,97.3,19.6,19.1,62.6,52.9,88.3,122.2,132.6,136.4,133.3,127.3
20150425,4,O3,4.5,5.8,2.1,2,,3.1,2.5,,43.1,2,53,2.8,2,9.1,2,2,24.1,61.3,2,64.8,73.9,40.1,2,83,10.2,74,78.5,37.9,19.4,,2,2,10.7,2,2
20150425,4,CO,1,1,1,1,0.9,1.2,0.9,0.8,0.6,1.3,0.5,1.9,1,0.9,0.8,1.5,0.3,0.6,0.9,0.6,0.6,0.6,0.5,0.4,0.5,0.5,0.5,0.6,0.8,0.8,1.2,1.4,1.1,1.3,1.3
20150425,5,SO2,22.7,2,8.9,6.7,8.2,9.1,6.6,6.2,4.9,7.8,8.9,10.5,8.4,12.5,7.8,21.9,7.2,2.6,2,3.3,2,5.1,2,2.5,12.2,2,9.2,12.3,2.3,4.5,7.8,12.7,9.1,14.7,21.7
20150425,5,NO2,111.4,85,108.3,111.2,120.7,122.6,101,69,37.5,111.8,64.6,94.7,96,98.3,109,154.2,73.3,38.8,65.7,24.5,18,45,75,34.7,64.3,,16.7,,57.8,82.9,117,122,128.5,133.1,115.7
20150425,5,O3,4.2,5.2,2,2,2,3.1,2,2,49.1,2,37.3,2.1,2,2,2,2,9.9,54.2,9.5,63,66.8,42.1,2,63.1,31.1,75.1,82.3,21,5.1,2,2,2.4,9,2,2
20150425,5,CO,1,1,1,1,0.9,1.1,0.9,0.8,0.6,1,0.6,2.2,0.8,1,1,1.4,0.5,0.5,0.8,0.6,0.5,0.6,0.5,0.4,0.4,0.5,0.5,0.6,0.8,0.8,1.2,1.3,1.2,1.2,1.4
20150425,6,SO2,19.3,2,7.2,6.2,7,10.5,7.3,5.6,4.7,8.2,8.5,7.5,9.5,10.9,11.8,18.4,8.3,7.3,2.5,5.5,2,5.6,2,2.1,21.2,2,9.4,13.3,2,4.1,9.8,14.8,8.9,17.6,19.9
20150425,6,NO2,108,84.7,102,102.9,127.8,119.7,104.5,65.6,33.6,110.3,62.1,83.5,95.7,104.9,126.7,128.5,97.4,97.9,74.8,28.7,20.6,61.2,61.5,20.7,65.6,20.2,16.3,,56.4,79.4,123.8,127.2,129.3,133.2,111.4
20150425,6,O3,5.5,5.7,2.7,2,3.8,4,2.2,2,55.2,2,38.4,2,2,2,2,2,2,2,4.4,61.1,59.2,27.9,5.4,61.5,22.5,65.7,82.6,10.6,2,2,2,2.3,6.8,2,2
20150425,6,CO,1.1,1,1,0.9,0.9,1,1.1,0.9,0.5,1.1,0.7,1.3,1,1.1,1.3,1.2,0.7,1.1,0.9,0.7,0.6,0.7,0.5,0.4,0.5,0.5,0.5,0.7,0.8,0.8,1.5,1.5,1.7,1.3,1.6
20150425,7,SO2,18.1,3.2,10.3,7.4,6.6,11,7.5,8.4,5.2,13.3,9.5,6,11.2,13.5,16.7,20.8,9.2,10.4,4.3,6.2,2,7,2.9,6.5,26.8,2,11.5,21,3.1,12.6,15.2,30.5,12,27.4,18.8
20150425,7,NO2,105.8,84.4,105.5,89.8,117.3,109.5,98.3,72.3,37.2,113.1,54.7,75.6,87.8,105.8,117.1,117.8,73.1,86.9,71.2,35,29.4,57,54.6,16.4,40.1,19.6,16.9,,49.9,80,137.5,144.8,129,148.2,108.5
20150425,7,O3,11,7,4.5,13,6.5,6.1,5.3,2,58,2,44.5,9.2,2.2,2.4,2,2,23.4,3.5,4.9,61.3,53.2,34.3,10.9,53.8,44.1,72.2,85.7,2,2,2,5,2.8,5.8,2,2
20150425,7,CO,1.3,1.1,1.2,1,1.1,1,1.2,1.1,0.5,1.5,0.6,0.8,0.9,1.5,1.1,1.4,0.6,1.6,1.1,0.7,0.7,0.6,0.5,0.4,0.6,0.5,0.5,0.7,0.9,1,1.6,2,2.1,1.7,1.4
20150425,8,SO2,17,12.9,12.3,13.9,8.4,12,9.7,12.5,6.8,14.5,12.5,6.3,12.4,21.7,18.2,26.4,9,5.7,5.7,15.2,3.2,9,5,8.6,27.9,2.8,13.1,25.9,26.5,21.7,9.1,25.8,9.1,34.6,22.1
20150425,8,NO2,105.5,118.2,108.9,116.4,86,115.1,95.6,69.7,60.3,107.8,48.5,73.2,83.2,128.7,119,122,51.2,73.3,73.9,51.6,50.2,43.3,66.9,32.9,41,18.1,15.4,,95.6,80.1,98,127.1,133.8,166.1,120.1
20150425,8,O3,21.8,15.1,16.6,19.6,45.3,11,21.5,8.9,40.5,2,57,18.7,9.1,5.4,6,5.5,48.5,22.8,12,57.6,48,63.6,9.4,53.1,43.4,81.6,94.4,5.4,2.1,26.1,23.9,9.5,12.2,2,6.1
20150425,8,CO,1.1,1.1,1.3,1.1,0.8,1.1,1.1,1.1,0.7,1.1,0.6,0.8,0.9,1.6,1,1,0.5,0.8,0.8,0.8,0.7,0.7,0.6,0.6,0.6,0.6,0.5,0.9,1,0.8,0.9,1.2,1.3,2,1.2
20150425,9,SO2,13.8,12,10.9,12.2,7.8,10.4,10.4,10.7,8.3,13.5,11.4,10.7,11.3,21.5,17,19.1,8.6,7,5.3,10.7,3.5,7.9,11.1,7.9,68.7,3.4,17,36.3,36.6,22.1,9.5,16.4,12.5,28.6,17.7
20150425,9,NO2,92.1,121.4,113.9,111.1,78.4,120.2,116.7,75.2,75.2,103.1,44.6,58.3,70.7,147.3,120.4,110,44.6,62.3,61.2,54.5,40.4,37.7,57.9,36.5,37.2,17.6,60.1,,93.4,65.2,114.5,112.6,130.8,156.4,104.9
20150425,9,O3,40.4,28.3,26.7,41.1,63.3,19.8,32.5,21.1,47.8,11.1,84,87.1,40.5,13.1,18.8,38.2,67.3,48.9,42.9,74.8,78,80.3,19.9,62.5,51.2,96.9,41.9,21.7,28.3,70.6,28.7,28.1,21.6,2,27
20150425,9,CO,0.9,1.1,1.2,1,0.8,1.1,1.2,0.9,0.7,0.9,0.8,0.7,0.8,1.4,1.1,0.9,0.5,0.7,0.6,0.8,0.6,0.7,0.6,0.6,1.2,0.6,0.7,0.9,1.1,0.7,1.1,1.1,1.1,1.7,0.9
20150425,10,SO2,14.2,11.9,10.2,11.2,7.8,8.7,11.8,12.5,8.2,13.7,13,12.2,11.5,20.1,12.7,18.2,8.5,8.1,11.1,11.3,3.8,8.3,27.5,9.6,60.1,3.6,17.2,40.6,27.3,13.8,8.7,14.8,6.9,26.3,15.5
20150425,10,NO2,101.4,125.9,119.4,102.1,84.6,93.2,106,107.1,71.9,92.7,57.5,58.3,85.1,115.2,96.6,78.6,50.7,64.1,54.3,45.9,26.8,44.5,47.4,45.3,37.6,14.9,58,,77.5,50.5,122,112,125.1,172.4,97.9
20150425,10,O3,50.5,52.9,39.9,69.4,84.6,56.3,80,21.1,70.4,50.3,90.2,128.4,51.7,56.5,50.5,92.8,81.7,61.6,104,108.8,113.9,92.7,32.1,67.3,55,127.1,68.7,49.4,68.6,108.9,44.3,50.9,47.2,7.2,54.8
20150425,10,CO,1,1.1,1.1,0.9,0.9,0.8,1,1,0.7,0.9,0.9,0.7,0.9,1.1,0.8,0.7,0.6,0.7,0.7,0.7,0.6,0.7,0.8,0.6,1.1,0.6,0.7,0.9,1.1,0.6,1.1,1,1,1.7,0.8
20150425,11,SO2,13.9,11.4,9.9,12.1,8.1,9.3,10.9,11.4,8.4,12.5,11.8,10.7,12.1,23.1,11.9,13,10.6,10.1,9.7,9.8,6.9,8.3,22.7,10.3,26.6,3.4,22.1,30.8,24.8,11.1,8.8,17.1,9.1,23.1,14.9
20150425,11,NO2,113,127.4,107.5,131,88.3,104.8,108.3,95.4,96.2,99.3,54.1,72.7,67.7,116.1,117.4,77.1,49.3,73.4,55.2,36.6,26.2,35.4,32,45.2,29.4,9.7,61.8,,75.6,39.8,137.1,145.6,119.4,194.7,100.3
20150425,11,O3,66.6,80.2,73,81.2,103.1,72.7,98.3,43.8,76.3,73.4,110.6,114.4,91.4,85.8,55.2,104.3,132.3,60.7,119.6,141.5,135.9,123.1,62.5,88.9,86.3,151,97.2,93.4,111.4,134.1,56.7,56,69.8,24.4,76.8
20150425,11,CO,1.1,1.1,1.1,1.2,0.9,1,1,0.8,0.8,0.9,0.8,0.8,0.8,1,0.8,0.7,0.6,0.7,0.8,0.7,0.6,0.6,0.6,0.6,0.6,0.5,0.7,0.8,1,0.6,1.2,1.3,1,1.7,0.8
20150425,12,SO2,15.3,12.3,11.3,15.4,8.2,10.2,11.1,12.5,9.4,13.5,12.7,10.5,9.1,15.7,12,15.1,15.8,9.7,9,10.4,7.8,15.6,23.1,10.6,13.9,4.2,18.9,27.7,17.7,12.1,10.3,18.9,12.1,24.9,15.1
20150425,12,NO2,115,124,115.9,130.3,100.5,98.7,120,63.3,91.8,112.4,57.7,70,62.3,81.8,77.5,104,69.7,53.1,59,35.5,30.1,30.6,29.9,50,18.6,7.2,42.3,,85.1,43.5,151.2,137.5,131.9,169.6,125.5
20150425,12,O3,100.3,101.3,100,113,118.6,109.3,106.7,79.5,102.2,75.7,136.6,137,111.1,122.2,119.3,132.8,115.5,92.7,117,148,140.5,145.6,70.5,102.3,114,154,115.3,147.3,126.8,162.2,70.3,80.9,83.2,63.5,84.9
20150425,12,CO,1.1,1,1.2,1.1,0.9,1,1.1,0.6,0.8,0.9,0.8,0.8,0.7,0.8,0.7,0.7,0.6,0.6,0.8,0.8,0.6,0.6,0.7,0.6,0.4,0.5,0.6,0.7,0.9,0.6,1.2,1.1,1.1,1.3,1
20150425,13,SO2,17.9,13.6,13.9,14.6,10.7,11.1,12.5,12.1,9.3,13.4,10.4,10.1,7.9,12.7,12.1,14.5,11.8,9.3,9.2,16.1,8.3,16.6,10.7,9.6,12,8.3,17.7,30.4,23.2,20.9,12.4,17.9,18.1,20,15.8
20150425,13,NO2,90.7,72.1,97.2,83.3,124.5,104.1,116.9,82.1,79,72,45.3,55.8,60.6,41.7,39.6,62,46.9,49.3,51.1,27.2,26.7,25.9,15.2,46.5,29,11.9,24.5,,88.7,53.9,104.4,96.6,136.7,152.5,140.1
20150425,13,O3,137.2,187.8,141.1,165.8,135.8,127.5,132.5,100.8,135.8,140.1,153.3,180.2,118.2,159.8,152.7,200.8,136.2,114.6,154.2,150.4,166.6,157.3,108.2,122.7,107.5,164.1,138.8,198.7,153.3,160.9,134.1,136.2,110,80,98.2
20150425,13,CO,0.9,0.7,1,0.9,1.1,0.9,1,0.8,0.7,0.7,0.7,0.7,0.7,0.7,0.5,0.7,0.5,0.6,0.8,0.7,0.6,0.6,0.4,0.6,0.4,0.5,0.5,0.6,1.1,0.7,1,0.8,1.2,1.2,0.9
20150425,14,SO2,15,8.2,9.4,8.4,10.6,10.7,10.5,11.9,7.9,9.5,10.5,7.9,9,11.8,10.8,11.9,10.1,5.7,7,12.2,6.1,12.9,5.3,8.3,7.3,10.3,13.3,32,22.5,15,6.3,10.9,15.2,15,16
20150425,14,NO2,51.3,41.7,56.9,53.9,78.4,53.9,64.7,49.9,46.6,36.6,45.6,43.9,60.4,23.8,30.5,35,55.8,63,34.4,28.6,30.6,29.8,9.9,49.4,30.7,15.9,26.4,,93.8,35.5,80.4,63.8,109.3,123.7,84.8
20150425,14,O3,171.7,202.6,178.6,171,188.1,188.5,192,138.5,170.5,167.2,163.5,181,132.8,192.2,175.4,214,164.1,128.3,164.2,174,172.1,178.4,122,142,108.4,186.3,166.5,227,162.5,174.6,137.9,146.4,129.4,97.1,176.3
20150425,14,CO,0.7,0.5,0.7,0.7,0.7,0.7,0.7,0.6,0.5,0.6,0.8,0.6,0.8,0.6,0.5,0.5,0.6,0.7,0.8,0.6,0.5,0.5,0.3,0.6,0.3,0.6,0.5,0.6,1.1,0.6,0.8,0.6,1,1,0.7
20150425,15,SO2,11.7,6.7,6.7,6.9,6.7,7.8,8.2,10.3,7.3,8.5,12.3,9.8,9.2,12.3,9.6,12.2,9,4.5,10.6,9.4,4.6,8.7,3.7,6.2,7.2,7.5,10.1,31.1,29.5,14.2,4.6,9.5,9.3,12.7,12.4
20150425,15,NO2,26.2,21,28.5,27.8,46.7,32.3,47.2,33.3,38,36.8,33.7,44.3,43.5,19.6,23.6,24.3,43.8,41.3,39.5,30.1,48.4,31.1,8.4,59.3,46.7,19.4,25.1,,95.5,21.8,62,45.5,62.9,102,43.2
20150425,15,O3,179.7,227.5,186.2,188.5,192.5,185.3,190.6,149,182.1,169.4,178.1,194.9,160.6,201.6,194.9,225.3,186.3,148.1,178.4,213.4,172.3,190.9,123.4,153.2,94.6,190,189.8,231.8,146.7,202.5,153,166,149.3,120.7,188.3
20150425,15,CO,0.5,0.4,0.5,0.5,0.6,0.5,0.5,0.5,0.5,0.5,0.7,0.7,0.7,0.5,0.4,0.5,0.5,0.5,0.8,0.6,0.6,0.5,0.3,0.6,0.3,0.5,0.5,0.6,1,0.6,0.6,0.5,1,0.8,0.5
20150425,16,SO2,10.4,6.4,6.8,7.7,5.8,7.1,8.9,11.1,7.9,9.9,11.1,9.1,10.7,14.4,9.8,11.5,6.7,4,6.7,9.7,4.4,9.6,4.3,5.1,8.4,5.9,11.7,23.3,37.2,16.5,4.7,9.9,9.6,13.4,12.2
20150425,16,NO2,17.9,15.7,23.3,24.6,38.8,29.4,38.9,30.8,27.7,25.7,21.3,29.5,49.8,19.5,21.2,19.4,27.6,28.1,29.5,27.3,34.9,38,7.7,27.6,52.1,24.1,19.8,,108.3,20.4,54.3,31.7,75.4,93.8,53.9
20150425,16,O3,173.9,214.5,189.1,188.4,184.2,189.3,206.6,156.2,179.5,185,188.3,196.5,159.4,188.7,198.7,220.7,167.6,165.9,159.8,220.1,198.7,243.8,126.7,180.1,91.3,224.1,212,203.1,145,206.1,150.8,168.6,135.2,119.7,179.6
20150425,16,CO,0.5,0.4,0.5,0.5,0.4,0.5,0.5,0.5,0.4,0.5,0.7,0.6,0.8,0.5,0.4,0.4,0.4,0.5,0.7,0.6,0.5,0.6,0.2,0.4,0.4,0.6,0.5,0.4,1,0.6,0.6,0.5,1.1,0.8,0.5
20150425,17,SO2,13.5,11.9,10.1,11.3,7,8.6,11.9,7.7,7.8,15.4,12.7,9.3,11.5,28.2,18.2,11.4,7.5,5,8.7,8.2,3,9.2,4.1,5.8,8.1,5,,27.4,30.3,18.5,8.6,15.2,7.8,18.6,11.8
20150425,17,NO2,21.1,19.2,24.3,25.5,34.2,29.4,39.7,16.3,22.2,35.3,16.3,27.9,40.8,23.8,19.9,20.6,29.9,24.4,29.7,19.2,20.5,26.1,6.7,23.2,57,19,,,87.4,18.1,62.5,39.6,74.5,97.4,30.4
20150425,17,O3,172.7,217.9,194.4,178.8,179.7,169.5,210.7,141.8,186.6,179.1,192.8,203.7,151,185.5,191.1,201.9,171.7,170.3,178.7,202.3,192.5,205.7,132.9,189.7,94,236.8,,195.1,158.6,188.5,139.1,164,132.4,112.2,181.6
20150425,17,CO,0.5,0.5,0.6,0.5,0.5,0.5,0.6,0.4,0.4,0.7,0.7,0.6,0.7,0.6,0.4,0.4,0.4,0.5,0.7,0.4,0.4,0.5,0.2,0.4,0.4,0.5,,0.5,0.9,0.6,0.7,0.6,1.1,0.8,0.4
20150425,18,SO2,23.3,19.8,16,19,15.3,18.9,14.2,9.7,11.4,16.5,15.6,13.5,14,36,25.6,23,10.9,5.9,11.4,9.3,3,11.1,3.6,5.9,9.1,4.7,,23.5,33.4,23.6,17.8,24.4,16.3,28.7,22.2
20150425,18,NO2,25.3,21.9,28.3,29.9,46.2,31.8,40.5,24.3,25.4,38.2,17.6,31.2,49.1,23.4,20.9,22.7,35.5,27.1,31.1,22.5,18.3,28.7,7.8,19.7,72.3,16.7,,,74.8,17.3,61.7,40.1,92.1,132.7,29.9
20150425,18,O3,171.3,213,185.8,182.6,182,176.6,183.8,161.7,188.1,155.7,180.4,192.1,143.3,190.5,189,204.3,152.3,171.5,166.4,185.5,178.3,195.3,135.3,177.6,88.5,206.8,,179.8,183.2,207.6,145.1,162,113.5,84.2,188.2
20150425,18,CO,0.6,0.5,0.7,0.7,0.7,0.6,0.6,0.5,0.4,0.6,0.7,0.7,0.7,0.6,0.5,0.5,0.4,0.5,0.7,0.4,0.4,0.5,0.2,0.4,0.4,0.5,,0.5,0.9,0.6,0.8,0.6,1,1.1,0.5
20150425,19,SO2,35.6,35.4,21.8,30.8,19.5,33.7,19.2,14.9,17,23.9,22.7,19.6,20.6,53.7,30.2,21.7,21.8,9.7,15.3,12.9,5.5,14.3,2.4,8.7,10.6,6.3,26.7,24.9,38.9,27.5,29.6,41.9,23,44.1,35.1
20150425,19,NO2,32.8,30.3,36,41.3,40.7,39.8,47.4,28,24.5,45.2,23.1,38.3,55,36.3,27.7,29.1,45.6,34.5,31.9,30.2,30.8,37.6,10.4,26.3,90.3,20.5,16.7,,40.8,18.5,63.8,47.9,110.8,148.8,37.5
20150425,19,O3,173.1,217.6,179.5,174.5,185.8,181.4,182,145.8,183.7,150.3,190.3,189.2,155.1,197.4,182.6,187.4,144.7,163.6,158.9,158.5,159.1,172.4,131.2,182.9,73.7,195.3,171.9,170.5,204.6,202.5,149.1,165.1,93.3,70.4,190.5
20150425,19,CO,0.7,0.6,0.7,0.7,0.7,0.7,0.7,0.5,0.4,0.6,0.8,0.7,0.7,0.8,0.5,0.5,0.6,0.7,0.6,0.5,0.5,0.6,0.2,0.6,0.4,0.5,0.4,0.5,1.2,0.6,0.9,0.7,0.9,1.2,0.6
20150425,20,SO2,44.4,41.1,26.2,34.4,26.4,43,27.5,20.6,25,28.1,25.7,25,22.4,53.9,39.5,36.3,34.5,11.7,20.8,16,8.6,16.4,2.7,9,9.3,8.3,18.4,30.2,34.9,27.1,37.3,49.4,28.5,51.8,46.7
20150425,20,NO2,41.8,42.4,40.6,56.5,46.1,49.4,42.2,27.3,24.8,59.4,30,42.6,69.7,36.5,31.8,34.3,50.6,41.6,42.7,38.4,44.4,83.2,41.9,23.7,60.1,21.1,17.9,,28.6,22.3,76.9,60.7,108.9,152.3,44.1
20150425,20,O3,168.9,207.8,180.7,156.9,188.3,179.9,204.3,144.6,193.6,131.4,173.4,189.6,121.5,196.1,181,195.6,148.7,128.6,150.9,140.9,129.1,101.9,77.2,151.9,145.9,171.2,188.5,176.5,193.1,185.1,141.4,156.3,102.7,70.9,191.3
20150425,20,CO,0.8,0.8,0.7,0.9,0.8,0.8,0.7,0.5,0.5,0.7,0.8,0.8,0.9,1.1,0.8,0.6,0.6,0.7,0.7,0.7,0.7,0.8,0.3,0.6,0.6,0.5,0.4,0.7,1.4,0.7,1,0.9,1,1.3,0.7
20150425,21,SO2,40.7,37.9,28.8,34.3,26.6,39.4,29.3,22.1,25.2,31.5,25.8,23.8,22,45.6,37.3,43.6,37.4,13.1,20.5,17.1,7.9,18.9,3.3,9.1,9.2,17,30.2,,41.2,24.6,35.5,,32.2,50.1,42.6
20150425,21,NO2,42.6,42,39.1,55.6,49.5,55.6,44,26.8,26.2,60.2,26,46.5,71.2,29.4,30.6,33.3,57.4,77.8,84.5,89.2,100.6,159.2,77.2,18.7,81.4,18.8,19.2,,29.2,26.6,75.3,,97.4,131.3,45.3
20150425,21,O3,165.3,206.1,182.2,165.4,190.7,171,198.4,140.5,176.5,123.9,176.3,173.8,113.8,184.4,164.1,189.3,154.6,79.3,100.1,78.7,49.1,14,49.6,142.1,107.1,171.2,199.4,,180.4,162.7,139.2,,120.1,87.1,191.6
20150425,21,CO,1.1,1.2,1,1.2,1,1.1,0.9,0.6,0.6,1,1.1,0.9,1.2,1.4,1.1,0.9,0.8,1.1,0.8,1.3,1.2,1.1,0.5,0.6,0.6,0.6,0.6,,1.5,1,1.3,,1.1,1.6,1
20150425,22,SO2,38.9,34.8,32.5,34,30.1,36.7,31.7,21.4,23.6,35.4,24.4,24.1,23.7,40.8,32.9,43.6,37,9.1,18.8,14.7,6.1,25.2,5.1,9.2,8.2,24.4,31,,42.3,27.5,34,,30.6,45.9,39.3
20150425,22,NO2,33.7,35.5,39.7,45.2,53.9,49.2,46.3,26.2,25.3,45.2,31.7,56.9,63.1,26.7,29.5,34.5,67.6,39.6,111.8,84.2,103.8,147.2,112.9,18.4,26.7,23,19.6,,30.2,25.9,59.1,,82.5,90.5,41.4
20150425,22,O3,161.9,197.5,170.5,166.1,172.7,163.1,184.8,138,163,133.4,154.6,151.9,102.9,174.9,155.2,173.6,142,106.5,58.1,60.8,24.7,25.2,20.8,140,151.4,166.7,191.5,,162.3,150.3,141,,122.2,112.8,179.2
20150425,22,CO,1.4,1.4,1.4,1.5,1.5,1.4,1.3,0.6,0.6,1.4,1.4,1.2,1.5,1.4,1.2,1.1,1.1,0.8,1,1.2,1.3,1.3,0.8,0.6,0.6,0.6,0.8,,1.4,1.1,1.6,,1.4,1.6,1.3
20150425,23,SO2,36.7,30.3,30.7,29.9,28.2,32.4,30.8,17.6,20.7,32.9,22.8,23.3,19.2,38.1,30.2,42.2,35.2,7.5,14.1,13.3,4.9,26.2,4.2,7.2,6.8,26,33.7,,36.9,27.6,29.6,37.3,32.3,40.1,35.6
20150425,23,NO2,31.3,30.6,44.1,42.1,67.3,37.9,47.4,65,33.7,38.2,38.5,52.9,35.1,27.6,29.3,34.3,69.8,23.8,155.2,45.2,30.7,130.1,75.3,30.7,12.9,20.6,20.4,,29.1,23.9,49.4,38,72.7,81.2,34.4
20150425,23,O3,142,175.8,143.4,148,133,149.8,155.5,71.8,141.4,124.7,128.3,139.7,122.2,151.8,135.3,159,109.3,118.3,4.2,82.2,95.4,40.7,45.7,110.5,146.8,168.8,179.5,,137.9,128.6,127,137.7,105.4,99,160.8
20150425,23,CO,1.2,1.1,1.4,1.2,1.6,1.2,1.4,0.7,0.7,1.2,1.5,1.4,1.1,1.4,1.1,1.1,1.4,0.6,1.3,0.8,0.8,1.2,0.7,0.6,0.5,0.7,0.9,,1.1,0.9,1.3,1.2,1.4,1.4,1
