date,hour,type,dongsi,tiantan,guanyuan,wanshouxigong,aotizhongxing,nongzhanguan,wanliu,beibuxingqu,zhiwuyuan,fentaihuayuan,yungang,gucheng,fangshan,daxing,yizhuang,tongzhou,shunyi,changping,mengtougou,pinggu,huairou,miyun,yanqing,dingling,badaling,miyunshuiku,donggaocun,yongledian,yufa,liulihe,qianmeng,yongdingmengxi,xizhimengbei,nansanhuan,dongsihuan
20151024,0,PM2.5,109,81,84,83,80,109,75,62,43,95,64,88,3,87,79,87,87,50,45,81,64,69,61,44,41,42,75,69,58,71,97,102,97,103,82
20151024,0,PM10,121,,90,86,,,,114,48,115,,142,,,96,90,,,76,,,82,,,42,,,,59,,106,111,102,133,89
20151024,0,AQI,79,68,76,75,78,80,70,63,45,81,73,83,67,74,80,72,76,60,58,68,67,67,61,55,54,54,60,75,64,70,73,76,83,85,78
20151024,1,PM2.5,102,73,82,78,74,93,70,59,38,87,68,93,,81,81,89,80,48,44,77,56,49,57,42,41,44,74,70,59,,87,95,100,105,84
20151024,1,PM10,114,,99,,,,83,111,45,117,,133,,,97,113,,,54,,,,,,44,,,,,,110,102,129,151,111
20151024,1,AQI,83,71,79,77,79,83,72,64,46,83,75,85,,76,81,74,77,61,58,70,68,67,63,56,55,54,62,76,65,,76,79,86,88,81
20151024,2,PM2.5,108,73,81,77,81,84,80,58,42,88,53,85,3,72,80,91,80,46,38,78,55,42,49,41,50,51,76,67,57,52,87,91,100,103,82
20151024,2,PM10,114,,88,78,104,,102,84,47,128,,112,,,104,100,,50,51,,,,,,55,,,,57,,96,105,114,135,122
20151024,2,AQI,86,73,81,79,81,85,75,65,48,85,75,87,66,77,82,77,79,62,58,72,68,69,64,57,56,54,65,77,66,71,78,82,89,91,83
20151024,3,PM2.5,95,74,80,76,92,85,82,61,41,91,43,78,53,79,83,87,59,40,34,69,54,34,44,38,44,42,79,75,52,47,86,86,100,99,84
20151024,3,PM10,112,,91,77,101,,102,96,44,160,,100,112,,101,102,,46,49,,,,,,47,,,,,,89,112,121,121,122
20151024,3,AQI,89,75,83,81,84,88,77,67,49,88,75,89,68,79,84,79,80,63,58,74,69,69,64,58,56,54,127,79,67,72,81,84,92,94,85
20151024,4,PM2.5,101,72,88,72,87,90,83,59,44,88,52,74,45,73,79,93,56,41,31,61,54,32,42,41,41,55,66,60,42,43,80,79,104,84,82
20151024,4,PM10,110,,100,82,,91,96,99,47,154,73,90,85,,97,117,,59,37,,,,,,,,,,43,,86,111,109,94,110
20151024,4,AQI,92,77,85,82,86,91,79,68,50,90,76,91,68,80,86,82,80,63,59,75,70,69,65,59,56,54,70,79,67,72,83,86,95,96,87
20151024,5,PM2.5,85,63,82,69,76,77,68,58,41,77,61,78,45,70,80,80,50,40,36,57,47,46,40,40,41,50,64,55,35,45,76,83,94,88,61
20151024,5,PM10,,,,,,,75,104,50,94,66,85,78,,111,,,62,52,,,52,,,45,,,,35,,,,95,,
20151024,5,AQI,94,78,87,84,88,93,81,69,52,92,77,93,68,81,87,84,80,64,59,76,71,67,66,60,57,54,72,80,68,72,85,89,97,98,88
20151024,6,PM2.5,76,66,80,60,66,67,63,55,51,74,67,108,56,80,79,57,61,39,41,63,47,55,41,34,48,47,66,54,38,49,66,77,96,75,60
20151024,6,PM10,,,,,,,,84,,104,78,,93,,91,,,55,58,,,,,35,53,,,,,,,,124,77,
20151024,6,AQI,96,80,89,85,90,94,82,71,54,93,78,97,68,82,89,85,82,65,60,78,72,70,66,61,57,54,74,80,68,72,86,91,100,99,88
20151024,7,PM2.5,73,61,76,60,74,61,63,55,40,77,64,56,67,76,63,53,55,37,40,59,49,49,40,36,55,38,63,48,41,54,71,72,91,73,56
20151024,7,PM10,78,,,,,,75,98,43,113,,57,99,119,75,,,71,92,,65,,43,37,58,,,49,,74,76,95,127,85,84
20151024,7,AQI,98,81,91,86,91,94,83,72,55,94,79,98,69,84,89,85,82,65,61,79,73,72,66,62,58,54,76,80,69,73,87,92,102,100,88
20151024,8,PM2.5,68,64,69,57,61,59,69,62,39,70,60,64,56,69,62,70,61,42,46,57,49,54,47,41,62,43,54,51,49,65,62,65,80,73,60
20151024,8,PM10,,117,70,81,91,62,98,102,50,110,154,93,107,169,84,98,92,115,203,64,63,,81,77,76,,,51,65,200,68,83,,110,135
20151024,8,AQI,99,83,92,86,92,95,84,73,56,95,79,98,70,85,89,86,84,66,65,80,74,73,67,64,59,55,77,80,69,75,88,93,104,101,87
20151024,9,PM2.5,83,74,78,69,75,77,67,70,47,72,72,72,3,66,87,94,71,68,40,71,62,43,55,67,57,44,71,58,64,64,72,80,81,82,76
20151024,9,PM10,84,,86,92,137,95,72,99,57,109,164,,,167,110,132,83,111,124,,96,,144,98,68,,,89,122,215,109,87,115,103,93
20151024,9,AQI,100,84,93,87,92,96,85,74,58,96,79,99,71,85,91,88,85,67,65,82,76,76,67,66,59,56,79,80,70,75,89,95,105,102,88
20151024,10,PM2.5,85,68,88,63,94,90,83,77,51,77,68,79,,68,82,84,64,80,56,73,61,32,67,78,63,36,82,78,70,81,71,66,91,77,88
20151024,10,PM10,,,,,,,,,,,,80,114,,90,,,,,,,,,87,67,,,,,,,,112,80,102
20151024,10,AQI,102,85,95,88,94,97,86,76,59,96,80,100,72,86,92,90,87,69,66,84,78,79,69,68,60,57,81,82,72,77,90,95,107,102,89
20151024,11,PM2.5,56,54,52,42,66,,71,60,53,46,44,68,,63,64,58,49,78,77,61,31,22,68,68,73,30,74,98,53,60,48,49,70,59,53
20151024,11,PM10,62,,,50,,,,74,,51,,,402,,70,,,85,,,,25,80,72,81,,,,,,,,,101,
20151024,11,AQI,102,85,96,87,94,,87,76,59,96,78,101,84,87,93,91,87,71,67,85,78,75,69,69,62,57,83,85,72,78,90,95,107,102,89
20151024,12,PM2.5,33,34,41,44,40,39,33,115,40,40,44,38,55,60,60,34,37,71,30,53,13,14,37,59,43,19,68,88,49,55,36,40,42,43,36
20151024,12,PM10,45,,,,,,36,130,44,42,,39,,,,,,,,,31,,,,,,,,,,,,,63,
20151024,12,AQI,101,84,95,87,93,96,87,80,59,96,77,99,84,88,94,90,87,73,67,86,77,75,68,70,62,57,85,87,73,79,92,94,106,101,88
20151024,13,PM2.5,35,23,27,32,36,41,34,,27,35,46,40,52,58,63,40,54,40,30,45,43,15,29,47,34,20,35,71,45,47,43,34,32,42,36
20151024,13,PM10,42,41,,44,,,,51,44,44,,49,,,70,65,,,,,,18,,,,,,,,,51,57,,84,46
20151024,13,AQI,100,82,93,86,92,95,86,70,58,95,77,97,84,89,94,90,87,73,67,86,77,72,67,70,62,57,85,88,73,79,92,93,105,101,87
20151024,14,PM2.5,46,49,45,56,39,39,37,29,30,42,52,45,45,53,61,54,43,37,20,29,49,25,24,31,39,20,15,68,19,51,46,50,44,58,37
20151024,14,PM10,63,53,58,62,63,55,49,61,46,58,,66,47,,64,59,,,49,,,40,,31,40,,,,,,74,71,88,102,72
20151024,14,AQI,100,83,93,86,91,94,85,79,57,95,78,97,81,90,95,90,87,72,66,85,77,70,66,69,62,58,84,90,72,80,92,93,104,101,86
20151024,15,PM2.5,60,50,55,52,58,63,47,,36,53,53,50,54,38,58,57,48,43,27,31,17,33,38,34,32,22,14,63,12,51,64,63,57,60,52
20151024,15,PM10,67,72,56,62,74,,57,75,50,72,73,67,,,,,,45,85,32,,42,162,42,,38,23,79,29,62,75,76,74,92,75
20151024,15,AQI,100,83,93,87,91,95,85,70,57,95,79,97,81,90,96,91,87,72,66,85,74,68,66,68,62,58,82,91,70,94,93,95,105,102,87
20151024,16,PM2.5,58,42,59,48,56,59,53,,43,56,70,58,43,30,42,47,50,45,41,44,32,39,24,38,29,37,38,68,4,43,51,50,66,55,56
20151024,16,PM10,68,44,61,52,67,,71,80,60,68,,114,53,,52,66,65,60,87,64,66,55,26,64,40,51,63,98,22,53,,,82,93,60
20151024,16,AQI,101,83,94,87,92,95,85,71,58,96,81,98,79,89,97,91,86,71,67,84,73,69,65,67,62,58,82,92,68,86,93,95,105,102,87
20151024,17,PM2.5,50,38,49,49,59,49,53,49,47,38,62,62,58,16,47,51,60,46,39,59,54,46,27,46,32,38,57,78,15,26,49,45,59,56,50
20151024,17,PM10,66,43,,63,65,53,67,85,64,50,76,119,74,55,58,60,72,70,90,67,90,75,47,69,41,62,62,94,60,39,73,62,,112,
20151024,17,AQI,101,82,94,87,92,95,86,77,58,95,82,99,78,88,97,92,86,71,68,84,73,70,65,67,62,59,83,94,65,79,94,95,106,102,87
20151024,18,PM2.5,44,37,33,35,53,45,40,50,37,30,69,68,36,21,36,52,,52,46,63,72,63,31,52,41,49,63,86,17,22,34,29,42,32,46
20151024,18,PM10,66,,55,49,,50,66,114,61,89,92,134,66,65,66,82,,88,83,68,103,88,40,75,74,79,68,129,31,32,,55,44,102,64
20151024,18,AQI,100,81,92,86,92,95,86,78,58,94,83,99,79,86,96,92,,71,68,84,73,70,64,66,62,59,82,96,63,78,92,93,104,100,87
20151024,19,PM2.5,27,25,33,29,29,30,42,54,32,38,40,51,32,20,28,53,71,63,39,73,62,72,43,50,44,70,74,82,17,30,31,24,47,34,28
20151024,19,PM10,82,43,68,81,72,57,78,133,63,117,67,110,77,54,83,73,97,95,97,90,98,101,88,63,62,101,82,,21,113,84,77,97,101,43
20151024,19,AQI,98,80,90,84,90,93,85,78,58,92,82,98,79,84,94,92,86,71,66,85,73,68,65,66,62,60,83,96,61,76,90,91,103,99,86
20151024,20,PM2.5,29,22,30,24,24,25,25,58,17,33,47,50,40,26,31,38,77,58,38,76,71,76,50,52,41,75,76,52,18,36,34,25,42,29,24
20151024,20,PM10,77,48,63,67,46,59,67,143,58,106,59,122,80,68,85,80,88,84,118,83,92,126,82,65,60,94,78,64,38,47,77,76,71,101,55
20151024,20,AQI,96,78,88,81,88,90,83,79,57,89,81,97,78,82,91,90,86,71,66,85,72,67,66,65,62,61,85,95,58,74,88,89,101,96,84
20151024,21,PM2.5,33,24,25,27,22,27,21,59,18,32,38,47,36,24,39,32,34,54,32,28,75,97,51,50,45,71,22,44,20,36,34,28,33,41,20
20151024,21,PM10,79,50,59,72,51,58,68,177,58,106,59,146,77,56,94,88,52,91,145,39,80,173,72,55,57,87,27,57,32,58,81,86,74,125,60
20151024,21,AQI,93,75,85,78,85,87,81,79,56,86,79,94,78,80,88,88,83,70,68,83,72,67,65,65,62,62,82,92,56,72,85,86,98,94,81
20151024,22,PM2.5,32,28,27,32,25,25,26,53,13,27,31,51,36,26,35,35,50,43,26,34,73,91,62,43,42,73,18,42,21,33,32,32,27,40,25
20151024,22,PM10,77,55,63,81,63,57,62,152,55,82,72,142,85,66,84,103,103,86,114,66,100,139,64,58,53,90,29,65,35,,79,88,73,106,69
20151024,22,AQI,89,74,82,75,82,84,78,78,54,83,77,91,77,77,86,86,82,70,69,81,72,68,64,65,63,63,80,90,54,70,82,83,95,91,78
20151024,23,PM2.5,29,27,31,25,30,25,27,67,20,30,37,41,39,26,,35,70,36,28,43,104,55,57,39,42,54,16,43,20,22,34,40,35,35,33
20151024,23,PM10,69,52,57,56,55,59,72,170,62,81,69,117,78,68,,73,94,75,129,61,155,84,73,55,53,87,29,48,21,51,75,103,57,108,91
20151024,23,AQI,86,71,79,72,79,80,75,78,53,79,75,87,76,74,,83,81,69,70,79,74,67,64,65,63,64,77,88,52,68,79,80,92,87,75
20151024,0,SO2,2,2,2,2,2,12,2,16,2,3,2,2,5,2,3,5,2,2,2,2,2,2,2,2,11,2,2,2,2,7,4,9,5,7,5
20151024,0,NO2,69,42,69,56,83,91,54,60,48,62,50,55,62,53,56,78,60,38,39,51,40,40,38,25,80,16,41,46,33,52,65,76,80,66,70
20151024,0,O3,2,2,2,2,2,3,2,2,2,5,2,2,2,3,9,2,2,15,2,8,2,2,2,14,13,8,22,2,2,5,2,2,2,2,2
20151024,0,CO,1.5,1.2,1.3,1.4,1.7,1.5,0.9,1.1,0.7,1.4,0.9,1.3,1.5,1.4,1.2,1.1,1.4,0.8,0.7,1,0.8,1,1,0.9,0.6,0.5,0.7,0.8,1.3,1.1,1.6,1.6,1.5,1.4,1.3
20151024,1,SO2,2,2,3,2,2,4,3,16,2,4,2,2,,2,3,6,2,2,2,2,2,2,2,2,11,2,2,2,2,,4,8,10,9,12
20151024,1,NO2,67,34,68,46,72,69,45,51,42,54,44,51,,50,49,75,46,39,36,44,32,33,35,23,76,18,42,30,30,,63,69,69,69,63
20151024,1,O3,2,2,2,2,2,2,2,2,2,5,3,2,,3,10,2,2,9,2,5,2,2,2,7,14,7,16,2,2,,2,2,2,2,2
20151024,1,CO,1.6,1.4,1.5,1.5,1.8,1.4,1,1,0.7,1.5,0.9,1.5,,1.4,1.4,1.4,1.1,0.8,0.6,0.9,0.8,0.8,0.9,0.9,0.6,0.6,0.7,0.8,1.4,,1.6,1.8,2.4,1.7,1.8
20151024,2,SO2,3,2,3,2,2,4,3,11,2,5,2,2,8,2,3,7,14,2,2,7,2,2,2,2,12,3,2,2,2,9,5,8,10,12,11
20151024,2,NO2,64,26,70,40,84,62,52,50,42,49,43,42,48,45,49,65,30,43,35,35,26,34,30,27,78,20,40,24,28,40,60,60,70,70,69
20151024,2,O3,2,2,2,2,2,2,2,2,2,5,2,2,2,3,9,2,2,2,2,4,2,2,2,3,3,2,15,2,2,4,2,2,2,2,2
20151024,2,CO,1.8,1.4,1.5,1.7,2,1.5,1.1,1.1,0.7,1.6,0.6,1.7,1.9,1.4,1.4,1.6,0.8,1,0.6,0.7,0.8,0.7,0.9,0.9,0.6,0.5,0.7,0.8,1.4,1,1.7,2,2.2,1.7,1.8
20151024,3,SO2,3,3,3,2,2,7,3,13,2,7,2,2,6,2,3,6,3,2,2,2,2,2,2,2,11,3,2,2,2,9,4,8,9,11,15
20151024,3,NO2,73,23,74,35,74,63,51,50,39,42,39,43,43,43,47,63,27,42,33,32,30,34,28,18,75,26,37,28,19,41,63,63,74,67,75
20151024,3,O3,2,2,2,2,3,2,2,2,2,5,2,2,2,3,10,2,2,2,2,123,2,2,2,9,2,2,253,2,2,4,2,2,2,2,2
20151024,3,CO,1.4,1.4,1.6,1.7,2.1,1.6,1.2,1.1,0.6,1.8,0.6,1.7,1.7,1.4,1.4,1.4,0.6,1,0.5,0.6,0.7,0.6,0.8,0.9,0.6,0.5,0.7,0.8,1.2,1.2,1.5,2,1.9,1.8,1.9
20151024,4,SO2,3,2,4,2,2,10,3,14,2,6,2,2,6,2,3,7,3,2,2,2,2,2,2,2,7,3,2,2,2,9,4,9,9,7,15
20151024,4,NO2,73,25,78,46,68,70,48,48,39,45,42,48,48,38,45,73,29,37,36,31,28,36,24,22,38,19,34,28,16,41,68,84,75,68,67
20151024,4,O3,2,2,2,2,,2,2,,2,6,2,2,2,3,10,2,2,2,2,5,2,2,2,9,29,2,18,2,2,,2,2,2,2,2
20151024,4,CO,1,1.5,1.6,1.6,1.9,1.7,1.1,1.1,0.7,1.8,0.7,1.6,1.3,1.5,1.4,1.3,0.5,1.1,0.5,0.6,0.7,0.6,0.7,0.9,0.6,0.6,0.6,0.8,1.3,1.2,1.5,1.7,1.6,1.5,1.8
20151024,5,SO2,3,3,3,2,2,7,3,15,2,5,2,2,5,2,3,7,2,3,2,2,2,2,2,2,11,3,2,2,2,9,3,8,8,8,6
20151024,5,NO2,56,24,70,47,63,61,40,35,41,58,47,47,55,33,56,69,37,31,35,33,29,31,24,23,35,,30,27,22,35,59,74,67,70,47
20151024,5,O3,2,2,2,2,2,2,2,2,2,6,2,2,2,3,8,2,2,2,2,8,2,5,2,6,32,4,17,2,2,4,2,2,2,2,2
20151024,5,CO,1.1,1.4,1.4,1.2,1.4,1.4,0.9,1,0.7,1.6,0.8,1.6,1.2,1.6,1.5,1.2,0.4,1.1,0.5,0.5,0.7,0.6,0.7,0.9,0.6,0.5,0.6,0.9,1.3,1.2,1.1,1.4,1.5,1.3,1
20151024,6,SO2,3,3,3,2,2,4,2,17,2,4,2,2,5,2,3,5,2,2,2,2,2,2,2,2,15,3,2,2,2,9,3,7,15,8,5
20151024,6,NO2,55,21,64,40,59,53,35,35,42,55,51,36,62,33,57,55,41,31,29,37,23,26,22,24,44,16,34,29,33,32,55,63,58,64,42
20151024,6,O3,2,2,2,2,2,2,2,2,2,5,2,2,2,4,9,2,2,2,2,7,2,16,2,14,18,5,18,2,2,4,2,3,2,2,2
20151024,6,CO,1,1.2,1.3,1.1,1.4,1,0.8,1.1,0.7,1.4,1,1.7,1.3,1.9,1.4,0.8,0.6,1.3,0.7,0.6,0.6,0.6,0.7,0.9,0.7,0.5,0.6,1,1.5,1.2,1.3,1.4,2.1,1.2,0.9
20151024,7,SO2,3,2,3,2,2,3,3,19,2,6,2,2,6,2,3,4,2,2,2,2,2,2,2,4,16,3,2,2,2,10,3,8,14,9,6
20151024,7,NO2,56,22,65,40,54,48,34,33,33,49,50,34,60,41,53,50,39,28,29,37,28,25,24,21,66,12,34,32,33,24,56,71,58,62,48
20151024,7,O3,2,2,2,2,2,2,2,2,3,7,2,2,2,4,10,2,2,2,2,7,2,16,2,27,4,10,17,2,2,4,2,2,2,2,2
20151024,7,CO,1.1,1.1,1.4,1.1,1.6,1,1,1.2,0.6,1.9,0.9,1.3,1.5,2,1,0.8,0.6,1.5,0.9,0.6,0.6,0.6,0.7,0.9,0.9,0.5,0.6,1.1,1.5,1.2,1.5,1.5,1.9,1.2,1
20151024,8,SO2,3,2,3,2,2,3,4,16,2,3,2,2,5,2,3,6,2,2,2,2,2,2,2,3,27,6,2,2,2,9,3,7,6,10,6
20151024,8,NO2,48,56,62,48,59,48,40,36,29,57,47,60,63,55,48,51,45,36,30,37,26,26,26,30,62,12,28,36,35,27,56,67,63,71,51
20151024,8,O3,4,2,2,2,3,2,2,2,7,6,2,2,2,3,12,2,2,2,2,6,2,18,2,16,8,12,18,2,2,5,2,2,2,2,2
20151024,8,CO,0.9,0.9,1.1,1,1.2,0.8,1.3,1.3,0.7,1.2,1,1.3,1.5,1.7,0.8,0.9,0.8,1.1,0.9,0.7,0.7,0.6,0.9,1,1,0.5,0.6,1.1,1.6,1.2,0.9,1.1,1.1,1.3,1.1
20151024,9,SO2,6,3,6,2,2,5,4,14,2,4,2,2,6,2,5,12,3,2,2,2,2,2,2,5,40,7,2,2,2,8,4,9,5,8,7
20151024,9,NO2,57,66,64,55,66,58,53,48,35,68,49,65,74,64,58,63,49,47,41,42,25,22,29,38,39,9,35,36,47,56,62,70,66,73,62
20151024,9,O3,8,2,2,5,4,4,2,2,11,8,2,4,4,6,17,2,2,2,7,5,2,26,3,18,28,18,15,2,2,7,2,3,2,2,2
20151024,9,CO,1.1,1.1,1.1,1,1.4,1,0.7,1.3,0.7,1.1,1,1,1.3,1.3,1.1,1.7,1,1.2,0.6,0.9,0.7,0.6,1.1,1.1,0.9,0.5,0.7,1.1,1.6,1,1,1.2,1.1,1.3,1.3
20151024,10,SO2,11,11,8,6,2,10,6,10,2,8,4,3,8,8,11,18,5,4,3,5,2,7,9,6,57,13,4,2,2,7,8,18,7,12,12
20151024,10,NO2,57,57,69,55,80,62,54,67,36,63,50,52,74,60,51,73,45,52,42,42,29,18,45,52,53,10,39,46,53,72,69,64,79,78,72
20151024,10,O3,17,22,8,16,8,11,5,2,33,17,11,14,9,17,36,5,7,3,21,19,10,36,10,10,25,27,31,10,4,12,5,19,2,5,8
20151024,10,CO,1.2,1.2,1.1,1.2,1.4,1.3,0.7,1,0.6,1.2,0.9,0.9,1.2,1.2,1.3,1.7,0.8,1.1,0.5,0.7,0.6,0.6,1.1,1.3,1.1,0.7,0.7,1.3,1.6,0.9,1.2,1.4,1.3,1.6,1.7
20151024,11,SO2,13,14,11,13,5,,10,11,2,15,10,6,21,21,17,17,6,4,10,5,4,10,16,6,45,17,4,13,9,9,12,21,12,18,15
20151024,11,NO2,47,50,46,46,67,,47,54,41,44,38,53,50,52,38,56,30,63,37,35,25,18,47,52,48,11,39,46,37,53,62,60,65,85,66
20151024,11,O3,33,36,33,32,29,,25,10,36,43,36,27,35,33,59,27,29,7,37,39,30,45,20,18,34,37,48,32,39,35,16,32,14,9,20
20151024,11,CO,1.1,1.2,1,1.2,1.3,,0.6,0.7,0.6,1.1,1,0.9,1.4,2.1,1.4,1.1,0.6,1,0.6,0.6,0.5,0.6,1,1.1,1,0.8,0.6,2,1.5,1,1.3,1.3,1,1.7,1.2
20151024,12,SO2,10,13,11,13,5,12,11,13,6,15,14,10,24,24,20,14,7,4,8,6,4,9,7,6,12,12,5,24,14,12,11,18,12,18,12
20151024,12,NO2,28,36,32,32,43,32,31,55,38,31,34,33,47,44,35,41,39,58,41,39,15,15,24,44,27,8,40,41,36,50,47,50,57,69,59
20151024,12,O3,55,55,54,52,57,56,50,18,51,65,49,54,47,49,75,46,37,20,41,47,58,54,52,41,66,50,57,48,49,45,35,49,25,19,35
20151024,12,CO,0.8,0.9,0.9,1,0.9,0.8,0.5,0.8,0.8,1,1.2,1,1.6,2,1.6,0.8,0.7,0.8,0.7,0.7,0.4,0.6,0.5,1,0.6,0.6,0.6,2.3,1.7,1.3,0.9,1.1,1,1.4,1
20151024,13,SO2,9,13,10,11,4,10,10,11,8,15,15,11,20,17,19,14,7,5,8,6,3,7,4,6,8,9,6,24,11,11,11,18,10,17,11
20151024,13,NO2,27,33,26,33,39,31,30,52,28,33,29,34,39,38,41,40,39,41,29,37,19,12,13,38,26,6,34,35,25,44,48,54,55,76,61
20151024,13,O3,63,67,65,58,71,64,60,29,66,61,61,62,63,62,79,62,43,46,57,54,64,65,82,62,76,58,65,62,68,56,44,58,36,22,43
20151024,13,CO,0.8,1,0.8,1,0.9,0.7,0.5,0.8,0.8,1.1,1.2,1,1.3,1.6,1.8,1,0.7,0.7,0.7,0.6,0.5,0.5,0.5,0.9,0.5,0.5,0.5,2.1,1.3,1,0.9,1.1,0.9,1.4,0.9
20151024,14,SO2,13,16,14,15,5,12,12,10,10,16,13,13,17,14,20,18,6,6,10,7,3,6,3,8,8,8,7,23,4,10,14,20,12,18,12
20151024,14,NO2,36,41,35,39,45,35,44,50,32,34,30,39,38,39,38,47,30,36,35,29,25,15,19,31,37,6,27,37,19,44,62,69,74,88,58
20151024,14,O3,64,69,64,61,77,75,54,34,70,67,66,66,66,66,88,67,54,55,59,63,70,72,81,79,71,62,72,69,78,60,41,55,29,24,56
20151024,14,CO,1.2,1.4,1.2,1.4,1,1,0.7,0.7,0.9,1.3,1.1,1.3,1.2,1.5,1.7,1.4,0.7,0.7,0.8,0.6,0.5,0.5,0.6,1,0.7,0.5,0.4,2.2,0.6,1,1.3,1.4,1.2,1.8,1.1
20151024,15,SO2,15,16,14,13,9,16,13,10,10,14,10,11,16,14,16,22,8,6,8,8,4,3,4,8,8,7,7,21,3,9,15,21,12,16,15
20151024,15,NO2,39,44,36,41,57,46,47,54,35,43,28,35,41,30,33,46,37,41,35,32,28,29,29,31,56,9,28,,15,44,66,62,71,84,64
20151024,15,O3,64,70,67,64,73,67,55,32,72,73,66,72,66,75,98,66,58,55,62,69,68,66,71,81,51,69,80,57,77,62,42,62,38,30,57
20151024,15,CO,1.4,1.4,1.3,1.3,1.6,1.4,0.8,0.8,0.9,1.2,1,1.1,1.1,1.2,1.4,1.5,0.9,0.8,0.8,0.7,0.5,0.6,1.1,1,0.7,0.5,0.5,2,0.5,0.9,1.4,1.4,1.4,1.6,1.5
20151024,16,SO2,13,13,13,11,8,15,12,8,9,14,9,10,12,10,12,20,12,8,7,11,5,4,3,10,9,8,10,15,2,8,13,19,11,16,12
20151024,16,NO2,42,42,39,42,61,49,61,58,40,47,30,48,43,28,31,47,50,49,42,46,30,40,28,40,65,23,43,43,17,43,62,62,83,97,49
20151024,16,O3,61,67,62,59,68,66,39,31,66,67,62,59,63,71,98,64,53,51,56,64,68,52,71,74,43,56,74,63,70,60,40,58,25,17,68
20151024,16,CO,1.2,1.2,1.2,1.1,1.5,1.3,0.9,0.9,0.9,1.1,1,1.1,1,0.7,1.2,1.5,1.5,1.1,0.8,1.3,0.6,0.7,0.7,1.2,0.7,0.7,1.1,2,0.5,0.9,1.1,1.1,1.4,1.5,1.3
20151024,17,SO2,14,12,12,9,6,13,11,8,7,10,6,8,11,4,12,18,13,7,6,12,8,2,4,10,10,9,11,11,2,7,12,18,11,14,11
20151024,17,NO2,45,45,42,52,71,56,68,63,50,48,34,68,63,38,43,59,68,57,56,60,44,49,38,43,89,30,52,49,26,43,80,77,88,91,50
20151024,17,O3,56,59,52,43,55,51,28,27,50,56,54,37,43,53,80,50,32,45,38,47,60,47,59,68,21,46,63,47,37,51,20,39,18,12,62
20151024,17,CO,1.1,1.1,1,1.1,1.4,1.2,0.8,0.9,0.9,0.7,1,1.1,1.2,0.4,1.1,1.4,1.7,1.1,0.8,1.6,1,1,0.7,1.3,0.8,0.8,1.4,2,0.9,0.7,1.1,1.1,1.3,1.4,1.1
20151024,18,SO2,9,8,6,5,4,12,8,7,4,6,5,6,11,5,10,17,,4,3,10,6,2,3,7,10,10,10,4,2,7,8,13,8,9,10
20151024,18,NO2,55,57,50,59,81,69,78,74,52,76,60,82,79,49,62,77,,75,60,58,61,70,59,45,107,34,58,84,35,41,85,70,92,86,63
20151024,18,O3,38,32,34,30,41,36,14,13,37,21,21,22,16,40,44,28,,24,35,47,35,27,32,49,2,41,47,2,20,46,8,32,14,8,43
20151024,18,CO,0.9,0.8,0.7,0.7,1.2,1.1,0.7,0.9,0.9,0.8,1,1.2,1,0.9,0.9,1.4,,1.2,0.8,1.5,1.4,1.6,0.8,1.4,0.9,1.1,1.5,1.9,1,0.5,0.7,0.6,0.9,1.1,1.1
20151024,19,SO2,8,9,8,6,2,9,8,6,4,7,5,7,10,6,9,16,9,2,3,11,2,2,3,5,9,9,13,3,2,6,9,13,8,8,8
20151024,19,NO2,55,59,50,65,79,71,74,81,63,83,46,74,86,53,55,94,104,92,73,84,73,91,68,41,89,40,65,77,38,40,73,77,96,81,67
20151024,19,O3,29,30,27,18,32,24,12,5,23,8,20,16,4,29,42,4,2,4,12,17,11,2,24,34,14,25,38,2,19,25,14,19,2,8,32
20151024,19,CO,0.9,0.8,0.8,0.9,1,0.8,0.6,0.9,0.7,1,0.8,0.9,0.9,0.7,0.8,1.1,1.7,1.4,0.7,1.8,1.4,1.8,1,1.4,0.9,1.5,1.8,1.5,0.7,0.4,0.9,0.9,1.1,1.1,0.7
20151024,20,SO2,9,7,9,6,2,9,8,6,3,7,4,6,11,5,8,11,9,3,3,10,2,2,3,4,8,11,11,4,2,5,9,14,8,8,8
20151024,20,NO2,48,65,50,59,75,78,70,81,52,78,52,76,82,50,69,87,103,91,72,81,74,94,72,37,91,42,59,69,42,43,73,72,86,82,67
20151024,20,O3,32,21,22,21,32,13,8,2,23,5,11,6,5,29,21,2,2,2,7,16,2,2,19,30,6,20,38,3,8,16,11,20,3,8,27
20151024,20,CO,0.7,0.6,0.6,0.6,0.8,0.7,0.3,1,0.5,0.7,0.7,0.8,0.8,0.6,0.8,0.8,1.7,1.2,0.7,1.6,1.5,2,1,1.4,0.8,1.7,1.6,0.7,0.7,0.4,0.7,0.6,0.9,0.8,0.7
20151024,21,SO2,9,6,8,5,3,10,7,7,2,7,5,6,12,5,8,12,10,2,2,7,2,2,3,4,7,12,4,2,2,5,9,12,7,8,7
20151024,21,NO2,59,70,50,67,74,75,70,76,56,78,50,81,80,59,74,87,92,82,71,63,51,82,66,35,91,40,34,63,57,44,75,81,85,88,71
20151024,21,O3,21,15,20,11,30,15,7,2,15,5,18,2,5,20,13,2,2,2,2,27,7,2,19,26,2,19,61,3,2,19,4,15,3,3,21
20151024,21,CO,0.7,0.6,0.6,0.7,0.7,0.7,0.3,0.9,0.5,0.7,0.6,0.8,0.8,0.7,0.8,0.7,1.1,1.2,0.5,0.8,1.4,2.4,1,1.3,0.9,1.6,0.5,0.7,0.8,0.5,0.7,0.7,0.8,0.8,0.6
20151024,22,SO2,8,5,6,5,2,8,6,8,2,7,3,6,10,4,8,9,7,2,2,6,2,2,2,4,4,9,5,2,2,5,7,11,5,6,8
20151024,22,NO2,72,80,49,71,71,74,64,70,50,69,52,79,78,61,75,81,84,77,60,57,45,75,43,39,78,39,30,47,50,44,80,93,79,83,84
20151024,22,O3,8,3,19,9,32,11,11,2,15,13,12,2,3,15,13,2,2,2,2,28,7,2,36,22,2,13,61,7,2,24,2,5,7,3,8
20151024,22,CO,0.8,0.8,0.7,0.8,0.9,0.7,0.2,1,0.5,0.7,0.6,0.8,0.8,0.7,0.8,0.7,1.3,1,0.6,0.9,1.4,2.1,1,1.2,0.8,1.6,0.5,0.7,0.7,0.4,0.8,0.9,0.8,1,0.8
20151024,23,SO2,9,5,6,4,2,9,6,8,2,6,2,4,8,2,,9,6,2,2,6,2,2,2,3,3,8,6,2,2,5,6,12,5,7,10
20151024,23,NO2,71,80,55,67,92,75,69,67,57,68,54,78,73,64,,78,77,72,53,54,66,58,51,35,66,39,30,40,33,37,78,96,77,82,94
20151024,23,O3,9,2,9,12,15,11,2,2,4,12,5,2,3,8,,2,2,2,2,24,2,7,21,20,8,7,53,7,2,31,2,2,6,2,2
20151024,23,CO,0.7,0.7,0.7,0.7,0.8,0.7,0.2,1.1,0.5,0.6,0.6,0.7,0.8,0.7,,0.7,0.9,0.9,0.6,0.7,2,1.1,1,1.1,0.8,1.1,0.5,0.7,0.7,0.4,0.8,0.9,0.7,0.9,0.9
