date,hour,type,dongsi,tiantan,guanyuan,wanshouxigong,aotizhongxing,nongzhanguan,wanliu,beibuxingqu,zhiwuyuan,fentaihuayuan,yungang,gucheng,fangshan,daxing,yizhuang,tongzhou,shunyi,changping,mengtougou,pinggu,huairou,miyun,yanqing,dingling,badaling,miyunshuiku,donggaocun,yongledian,yufa,liulihe,qianmeng,yongdingmengxi,xizhimengbei,nansanhuan,dongsihuan
20150405,0,SO2,10.6,3.4,6.7,7.2,11.7,10.1,7,5.2,2,6.8,5.4,5.3,6.9,8.7,4.1,6.3,4.3,2.7,2.4,2.8,2,7.1,2.6,2,4.2,4.4,8.8,15.3,4.6,11.9,9.4,10.5,5.9,11.6,6.4
20150405,0,NO2,38.5,42.4,41.4,51.3,51.6,50.4,,75.9,31.8,73.7,40.9,89.3,45.2,43.7,51.6,106.7,83.5,32.4,53,39.2,53,65.8,67.3,23.7,55.3,31,33.2,,33.8,30.9,60.3,66.9,81.2,129.7,52.4
20150405,0,O3,91.8,99.1,97,90.6,109.4,100.1,50.6,16.6,71.4,62.4,84.4,36.8,77.1,93.4,68.8,30.7,33.3,67.1,47.4,63.1,24.9,73.7,2.4,63.7,20,120,103.2,58.8,77.4,86.4,79.3,79.6,65.8,27.5,101.8
20150405,0,CO,0.8,0.7,0.7,0.8,0.8,0.8,0.7,0.9,0.5,0.8,0.7,0.9,0.7,0.8,0.7,0.8,0.9,0.7,0.9,1.1,1.2,0.9,1.2,0.6,0.9,0.8,1.2,1.2,0.8,0.6,0.8,0.8,0.8,1,0.6
20150405,1,SO2,11.1,3.3,6.8,7.9,11.2,12.3,7,5.4,2.5,7.2,5.3,5.9,7.3,10.6,5.6,7,,2.6,3,2.3,2,7,2.8,2.7,8.6,3.5,7.7,14.3,5,11.8,9.2,10.7,5.9,11.1,7.4
20150405,1,NO2,50.5,54.4,48.9,61.4,61.6,61,,83.5,34.3,84.6,45,114.5,47.5,56.2,49.8,99.5,78,35.8,32.1,30.2,72.6,52,69.4,25.3,74.6,28.1,36.7,,35.1,29.7,78.6,84.7,82.3,122,58.4
20150405,1,O3,68.2,66.9,75.5,68,81.7,80.9,34.6,2,59.3,40.2,68.1,4.7,57.6,75,65.5,24,10.2,50.3,62.5,75.3,13.4,74,2,56.5,6.2,102.9,90.3,52.6,66.7,78.5,50.4,53.4,53.1,22,77.4
20150405,1,CO,0.8,0.8,0.8,0.8,0.8,0.8,0.7,1.4,0.6,0.8,0.8,1,0.8,0.8,0.8,0.7,0.9,0.7,0.7,0.9,1,1,1.1,0.6,0.9,0.8,1.1,1.2,0.8,0.6,0.8,0.9,0.9,1,0.7
20150405,2,SO2,6.7,2,5.6,6.8,6.4,10.4,,6.3,2,6.7,5.3,6.1,7.2,8.7,5.7,8.2,,2,3.3,2.3,2,5.6,,3,9.1,2.4,6.5,,5.2,,8.9,10.6,6.7,8.9,7.8
20150405,2,NO2,56.1,61.3,67.9,59.5,77.1,65.2,,87.3,58.3,96.5,52.9,110.8,60.8,41.5,53.7,121.4,12.5,34.2,65,26.4,44.3,56.6,,23.1,56.4,27.1,31.9,,28.5,,92.9,77.9,93,114.5,77.2
20150405,2,O3,40.6,43.5,43.7,55.9,54.9,64.3,,2,32.8,15.4,50.3,6.8,34.9,78.9,53.8,2,2,45.1,30.2,78,23.9,48.2,,48.6,19.4,81.7,88.6,,67.2,,24.6,49.2,33.6,14.6,27.8
20150405,2,CO,0.9,0.8,0.9,0.8,0.9,0.9,,1.3,0.7,0.9,0.8,0.9,0.8,0.8,0.8,0.9,,0.7,0.9,0.9,0.9,1,,0.6,1,0.7,1,,0.8,,0.8,0.8,1,1,0.8
20150405,3,SO2,6,2,4.9,6.1,4.7,8.4,,5.3,2,6.8,4.1,6.4,5.8,9.2,5.5,6.8,6.8,2,3.3,2,2,4.1,2,2,14.3,2,5.5,14.7,4.2,7.4,8,9,4.9,10.5,7.9
20150405,3,NO2,67.1,58.2,76.1,85.6,115.3,73.9,,86.8,59.8,94.2,55.4,110.8,59.5,68.6,52.8,111.3,45.9,44.4,51.3,34.5,24,58.3,60.5,25.8,49.5,27.7,31.9,,28.6,29.5,91.6,103.4,113.2,120.7,112.2
20150405,3,O3,24.2,30,25.9,23.4,12.1,44.2,12.5,2,27.8,13,40.9,4.2,33.6,48,45.3,2,2.8,32.9,38.5,60.7,46.3,28.7,2.9,42.3,25.9,81.2,83.7,36.8,66.6,65.3,20.2,18,10.6,5.5,2.1
20150405,3,CO,0.8,0.8,0.9,0.9,0.9,0.9,0.8,0.9,0.7,0.9,0.9,1.1,0.9,0.8,0.8,0.9,,0.8,0.8,1,0.7,0.9,1.5,0.5,1.1,0.7,0.9,1.4,0.8,0.6,1,0.9,1.1,1,1.3
20150405,4,SO2,5.5,2,4,6.2,4.5,8.1,5.8,4.5,2,6.7,3.8,6.3,6,8.1,5.4,6.7,6,2,3.9,2,2,4.7,2,2.1,12.5,2.5,4.9,15.2,3.3,5.7,9.4,8.8,6.2,10.3,10.1
20150405,4,NO2,82.7,70.4,96.8,92.4,127.9,105.7,,83.6,45.9,89.6,82.8,117.4,68.4,53.6,67.7,95.4,,47.6,66.4,26.6,25.1,47,59.1,23.1,33.5,25.8,33,,39.2,44.9,104.1,103.6,117.1,119.1,116.8
20150405,4,O3,9.8,10.8,2,12.3,,15.3,2,2,34.6,11,11.7,2,17.3,47.9,26.5,8.8,,24.5,19.7,65.3,42.1,41.5,2,32.8,58.5,71.3,75.5,,40.4,,3.9,15.1,7.1,2.9,2
20150405,4,CO,0.8,0.9,1,0.9,1.1,1,0.8,1.2,0.7,0.9,0.9,1,0.9,0.9,0.9,0.9,0.9,0.8,0.9,0.9,0.7,1,1.4,0.6,0.6,0.7,0.9,2.1,0.8,0.6,1,0.9,1,1,1.1
20150405,5,SO2,4.4,2,3.6,6.3,3.9,7.4,7,5.8,2,6.5,3.5,6.6,5.3,7.3,5.7,7.4,5.1,2,3.4,2.1,2,5,2.6,3.4,8.4,2.1,4.7,16.5,3.4,6.3,9.3,9.2,5,11.1,14.4
20150405,5,NO2,102.2,70.6,99.4,93.1,119.2,102,,84.1,43.8,88.7,67.2,114.1,67.8,49.3,80.9,86.9,,32.9,87,31.1,22.7,50.4,45.9,21,29.2,,39.1,,42.1,56.9,104.3,109.5,120.2,116.1,114.7
20150405,5,O3,2,9.6,2,10,2,13.1,2,2,36.5,5.8,21.1,2,18.7,42,11.2,11.8,5,42.4,2,51,48,35.7,10.7,48.5,67.8,70.6,52.3,14.8,28.7,11,2,7.3,5.7,2,2
20150405,5,CO,1.1,0.9,1,0.9,1.1,1,0.9,1.2,0.6,1,0.9,1,0.8,0.9,0.9,0.9,1.1,0.7,1,1.1,0.7,1,0.9,0.5,0.5,0.7,1,2.1,0.8,0.6,1.1,1,1.1,1.1,1.4
20150405,6,SO2,5.1,2.6,3.6,5.7,4.4,6.5,7.2,8.1,3.6,7.1,4,6.3,7,6.5,6.7,7,7,2,3,2,2,5.1,2.9,2,4,2.6,4.4,16.8,2.7,7.2,8.2,9.3,4.7,11,8.5
20150405,6,NO2,112.4,95.1,105.7,91.6,122.8,120,,70.8,19.2,107.3,84.7,83.6,81,56.8,81,96.6,63.3,10.5,52.3,33.3,38.1,61.4,23,5.2,27.6,23.5,42.6,,41.1,76.9,108.2,115.6,120.9,119.7,121.6
20150405,6,O3,2,3.4,2,3.9,2,3,2,16.3,70.9,2,6.5,24.9,7.3,31.7,14.4,2,19.8,80.8,35.3,48.1,26.4,24,47.2,89,76.4,77.6,41.6,9.9,16.3,2,2,2,5.2,2,2
20150405,6,CO,1.2,1,1.1,1,1.2,1.1,0.9,0.7,0.4,1.1,1.1,0.8,1,0.9,0.9,0.9,1.3,0.3,0.7,1,0.9,1,0.5,0.2,0.3,0.7,1.1,2.1,0.9,0.7,1.1,1.1,1.2,1.1,1.1
20150405,7,SO2,6.4,4.9,4.7,8.1,5.4,8,7.9,4,2,6,4.7,2.6,6.2,10.4,8.1,9.7,6.4,2,2.3,3.5,2,5.6,2.4,2,2.9,2,5,15.9,2.5,7.8,8.8,10.1,7.4,12.7,7.8
20150405,7,NO2,71.1,86.7,71,70.9,71.8,102.4,,17.3,3.5,66.5,13.2,10,46,80.2,81.9,106,78.2,14.4,7.4,33,21.5,54,17.7,5.9,27.1,10.2,40.6,,36.6,71.7,83.8,99.7,93,99.5,105.6
20150405,7,O3,27.1,22.1,18.4,29.1,30,10.1,33.9,74.5,97.2,30.6,80.2,93.6,39.8,19.1,15.3,2,2,78.1,89.4,64.2,66.3,32.5,66.4,91.1,85.1,95,53.1,8.8,11.4,7,15.5,9.9,17.4,4.8,8.1
20150405,7,CO,0.9,0.9,0.9,0.8,0.8,1.1,0.5,0.3,0.2,0.6,0.3,0.2,0.6,0.8,0.8,1.3,1.2,0.3,0.3,0.9,0.5,0.9,0.3,0.2,0.3,0.4,1,1.8,0.8,0.8,1,0.9,0.9,0.9,1
20150405,8,SO2,2.2,2,2,2.6,2,5,3.4,5.2,2,2,2.6,2.7,3.3,3.7,3.7,19.9,5.7,2,2,2.3,2,8.6,2,2,5.4,2,4.8,18.4,6.4,11.2,3.3,5.3,3.9,8.5,9
20150405,8,NO2,21.8,31.6,21.9,23.1,21.2,47.9,,17.3,3.9,34.9,6.8,12.3,20.7,27.7,37.7,90.5,65.3,24.6,7.1,16.7,7.2,58,6.2,7.2,22.5,2,27.3,,36.6,37.5,26.7,39.6,40,80.9,55
20150405,8,O3,69.8,83.1,73,87.7,80.3,51.1,64.2,75.4,96.3,71.1,88.9,93.2,65.2,78.6,56.2,5.1,21.8,72.8,89.3,86.4,102.3,35.7,88.6,92,85.1,107,78,14.6,30.5,49.4,71.1,60.9,62.6,27.3,45.9
20150405,8,CO,0.4,0.4,0.3,0.3,0.3,0.5,0.3,0.3,0.3,0.3,0.2,0.3,0.3,0.3,0.4,1.2,0.8,0.3,0.3,0.3,0.2,0.8,0.2,0.2,0.3,0.3,0.6,1.6,0.7,0.5,0.4,0.3,0.4,0.6,0.6
20150405,9,SO2,2,2,2,4,2.1,2.7,5,3.7,2,2.5,2,3.5,2.1,2,2,20.4,2,2,2,2,2,3.2,2,2,2,2,2,21.6,4.6,24.8,4,5.7,2.8,7.8,2.8
20150405,9,NO2,10.9,19.2,16.4,13.2,13.3,15.8,,15.9,3.3,30.5,5.9,12.5,15.9,20.8,11.9,74.4,28,16.3,8.4,10.8,6.2,22.5,4.5,5.3,10.3,2.4,10.1,,11.7,43.6,14.6,25,30.7,62.4,12.5
20150405,9,O3,80.1,96.1,76.4,95.3,87.7,82.7,61.3,74.6,94.9,74,89.6,91,72.1,85.7,86.1,31.9,72,79.3,85.6,91.7,100.1,80.5,86.1,90,97.2,103.2,101.1,34.7,70.3,46,83.6,71.5,69.2,45.4,91.8
20150405,9,CO,0.3,0.3,0.3,0.3,0.2,0.3,0.3,0.3,0.3,0.3,0.2,0.3,0.3,0.2,0.2,0.8,0.4,0.3,0.3,0.2,0.2,0.3,0.2,0.2,0.2,0.2,0.2,1.4,0.3,0.6,0.3,0.3,0.3,0.5,0.2
20150405,10,SO2,2,2,2,3.1,2.4,2.3,4.7,3.9,2.7,4,2,5,2,2,2,3.9,2,2,2.3,2,2,2.5,2,2,2,2,2,12.8,2.1,14.8,3.1,4.5,2,6,2
20150405,10,NO2,8.4,16.2,14.4,12.3,10.2,14.2,,16.3,4.1,22,6,12.1,13.9,22.9,8.4,18.1,21.5,11.6,7.7,8.2,5,8.7,2.9,3.8,12.7,2.6,6.8,,5.7,29.3,13.9,23.7,24.5,53.8,8.7
20150405,10,O3,83,100.7,79.6,95.7,91,84.8,64,73.9,92.6,86.1,91.4,91.4,74.2,91.9,90.8,87.2,72.7,83.1,86.6,94.4,97.6,98.9,85.1,88.7,91.4,102.7,102.7,74.3,81.6,81.2,84.5,74.8,74.5,51.3,95
20150405,10,CO,0.2,0.3,0.2,0.3,0.2,0.3,0.3,0.3,0.3,0.3,0.2,0.3,0.3,0.2,0.2,0.3,0.3,0.2,0.3,0.2,0.2,0.3,0.2,0.2,0.3,0.3,0.1,0.7,0.2,0.5,0.3,0.2,0.3,0.5,0.2
20150405,11,SO2,2,2,2,4.3,2,2.4,4.3,2,2,4.7,2.7,4.3,2,2.5,2.7,9.1,2,2,3,2,2,2.3,2,2,2,2,2,10.9,2,6.8,3,,2,7.6,2
20150405,11,NO2,8.7,17.6,13.4,11.6,10,13.2,,16.1,3.8,20.8,7.6,14.3,12.3,16.3,9.5,17.6,17.6,11,7.5,10.7,4.3,9.2,2.5,4,11,2.8,6.8,,5.1,14.9,13.8,,32.1,53.1,8.6
20150405,11,O3,82.3,97.3,78.8,95.2,89.6,86.5,65.3,72.5,2,86.2,87.7,88.5,76.7,95,90.6,88.3,72.6,83.3,84.2,95.9,95.6,97.8,86.6,87.3,94.1,100.1,104.2,88.2,85.2,106.3,83.1,,70.8,54.1,93.9
20150405,11,CO,0.3,0.3,0.2,0.3,0.2,0.2,0.2,0.3,0.3,0.3,0.2,0.3,0.3,0.2,0.2,0.2,0.4,0.3,0.3,0.2,0.2,0.3,0.2,0.2,0.3,0.2,0.1,0.5,0.2,0.3,0.3,,0.3,0.5,0.2
20150405,12,SO2,2,2,2,2,2,2,3.3,2.1,2,2.9,3.6,3.3,2.8,2.2,2,7.3,2,2,2,2,2,2.2,2,2,2,2,2,10.7,2.6,4.6,2,3.5,2,4.1,2
20150405,12,NO2,8.2,17,14.7,10.5,9.6,13.1,,14.5,3.6,18.1,7.3,11.7,12.8,16.7,8.6,15,20.7,13.6,7.2,7.7,4.3,8.4,3.1,5.1,13.4,3.2,6,,10.8,9.9,11.5,22.8,22.5,54.2,6.7
20150405,12,O3,84.4,99.2,79.4,96.3,92.1,88.5,68.4,76,92.4,88.1,87.3,90.6,74.6,94.8,92.3,90.5,74.8,82.9,84.6,95.5,93.9,99.3,88.7,89.6,98.3,97.6,104.3,92.4,81.6,117.5,85.5,77.1,78.2,57.6,97.8
20150405,12,CO,0.3,0.3,0.2,0.3,0.3,0.3,0.3,0.3,0.3,0.3,0.3,0.3,0.3,0.2,0.2,0.2,0.3,0.3,0.4,0.2,0.2,0.3,0.2,0.2,0.3,0.2,0.1,0.4,0.2,0.2,0.3,0.3,0.3,0.5,0.3
20150405,13,SO2,2,2,2,2.3,2,2,3.3,3.9,2,2,2,2,2.1,2,2,2.7,2,2,2,2,2,2,2,2,2.3,2,2,10.4,3.1,4.6,2.5,3.4,2,3.9,2
20150405,13,NO2,8.5,15.8,12,9.2,8.9,13.3,,14.4,3.2,15.9,6.7,10.3,11.7,17,8.3,9.7,13.5,14.5,7,6.5,3.8,8.6,2.6,6.4,13.2,3.4,4.9,,12.3,11.1,11.6,17.2,20.6,43.3,6.6
20150405,13,O3,87.5,104.4,87.2,101.8,97.9,92.4,72,80.4,99.4,95.9,93.2,97.5,76.8,97.9,97.2,96.7,77.6,87.6,91.1,95.8,94.9,98.5,93,92.8,104.2,100.7,103.7,96.3,80.3,123,90.9,85.4,84.1,68.5,103.3
20150405,13,CO,0.3,0.3,0.2,0.3,0.3,0.3,0.3,0.3,0.3,0.2,0.3,0.3,0.3,0.2,0.3,0.2,0.3,0.3,0.4,0.2,0.2,0.3,0.2,0.2,0.3,0.3,0.1,0.3,0.3,0.3,0.3,0.3,0.3,0.5,0.3
20150405,14,SO2,2,2,2,2.1,2,2.8,3.6,4.1,2,2,2,2,2,2,2,2.8,2,2,2,2,2,2.1,2,2,2,2,2,10.1,2.1,3.6,2.5,3.9,2,3.4,2
20150405,14,NO2,8.4,15.2,10.6,8.7,9.5,13.6,,14.3,3.2,16,6.3,12.2,11.5,16.3,8.1,10.8,12.4,14.8,7.9,7.9,3.9,8.1,2,5.7,13,3.7,5,,12.5,10.1,11.7,12.8,25.8,49.3,6.9
20150405,14,O3,91,111.1,91.9,106,100.4,97.8,73.9,81.2,102.3,102.2,99.1,100.5,82.9,104.2,103.2,101.9,80,88.9,93.8,95,98.9,98.5,92.5,95.7,100.6,103.3,103.7,98.8,82.3,112.9,96.7,94.4,83.6,68.3,107.5
20150405,14,CO,0.3,0.3,0.2,0.3,0.3,0.3,0.3,0.3,0.4,0.2,0.3,0.3,0.3,0.2,0.3,0.2,0.3,0.3,0.4,0.2,0.2,0.3,0.2,0.2,0.3,0.3,0.1,0.3,0.3,0.2,0.3,0.3,0.3,0.5,0.3
20150405,15,SO2,2,2,2,2.1,2,2.4,4.2,4,2,2,2,3.1,2,2,2,5.9,2,2,2,2,2,2.1,2,2,2,2,2,10.4,2,3.4,2.6,3.8,2,3.5,2
20150405,15,NO2,8.9,18.6,9.6,8.5,9.8,14.7,,13.7,3.6,18,6.1,12.2,11.7,15.3,7.8,13.5,10.7,16.6,7.7,8.2,3.6,7.7,2,4,19.2,3.6,4.6,,10.2,9.8,12.7,10.9,25.2,46.6,7.1
20150405,15,O3,91.8,106.8,92.7,106.5,99.4,97.1,71.7,78.9,99.8,100.4,100.1,99.7,85.5,105.8,107.1,104.4,82.7,83.6,93,94.6,98.3,101.1,89.9,90.4,89.7,103.5,103.6,500,88.5,105.6,96.8,96.7,84.6,73.2,107.6
20150405,15,CO,0.3,0.3,0.2,0.3,0.3,0.3,0.3,0.3,0.4,0.3,0.3,0.3,0.3,0.2,0.3,0.2,0.3,0.3,0.4,0.2,0.2,0.3,0.2,0.2,0.3,0.3,0.1,0.3,0.3,0.2,0.3,0.3,0.3,0.4,0.3
20150405,16,SO2,2,2,2,2.6,2,2.3,3.9,4.1,2,2.2,2,3,2,2,2,4.9,2,2,2,2,2,2,2,2,2,2,2,10.5,2,3.5,2.8,4,2,4.5,2
20150405,16,NO2,9.6,16.4,11.3,9,10,14.5,,13.7,3.5,21.1,6.5,10.9,11.3,15,8.5,12.2,11.4,19.5,7.6,8.9,4.6,7.3,2,4,19.4,3.6,4.9,,8.2,10.9,12.1,16.2,28.2,51.7,7.5
20150405,16,O3,87.5,104.5,86.5,101.7,95.5,92.6,68,76.2,96.9,93.1,97.6,99.7,83.5,103.2,104.6,99.8,78.2,77.9,91.2,95.9,92.6,98,87.9,86.1,87.2,100,105.1,,89.8,106.1,92.9,88.3,78.3,62.3,102.7
20150405,16,CO,0.3,0.3,0.2,0.3,0.3,0.3,0.3,0.3,0.4,0.3,0.3,0.3,0.3,0.2,0.3,0.2,0.3,0.3,0.4,0.2,0.2,0.3,0.2,0.2,0.3,0.3,0.1,0.3,0.3,0.2,0.4,0.3,0.4,0.5,0.3
20150405,17,SO2,2,2,2,2.4,2,2.2,3.7,4.2,2,2,2,2.5,2,2,2,4.8,2,2,2,2,2,2,2,2,2,2,2,10.5,2,4.7,3,3.6,2,4.1,2
20150405,17,NO2,10.3,18.6,11.6,10,11.3,16,,13.8,3.2,21.8,8.5,11.1,11.4,16,10.1,13.9,15.2,11.6,7.6,9.7,4.6,7.4,4.6,3.3,22.8,3.6,5.1,,5.6,11.2,14,14.7,29.7,45,7.2
20150405,17,O3,82.5,97.3,84.5,96.4,90.2,86.9,64.7,72.2,93.7,88.6,95.4,95.5,81.2,98.8,98.5,92,71.2,78,88,92.2,88.3,91.3,75.9,80.3,80.9,91.8,103.4,77.4,89.3,101.1,87.8,85.9,74.2,66.3,98.5
20150405,17,CO,0.3,0.3,0.3,0.3,0.3,0.3,0.3,0.3,0.4,0.3,0.3,0.3,0.3,0.2,0.3,0.2,0.3,0.3,0.4,0.2,0.2,0.3,0.2,0.2,0.3,0.3,0.1,,0.3,0.2,0.4,0.3,0.3,0.4,0.3
20150405,18,SO2,2,2,2,2,2,2,2.3,4.3,2,2,2,2.4,2,2,2,3,2,2,2,2,2,2,2,2,2,2,2,10.5,2,6.9,2,2.2,2,3.6,2
20150405,18,NO2,12.2,21.4,16.6,10.9,12.3,15.1,,12.4,3.2,22.7,8,12.6,10.5,15.3,10.6,12.8,14,10.2,8.4,10.4,6.4,7,6.8,3.3,17.6,3.9,5.9,,5.9,13.7,14.9,16.7,31.6,48.8,12
20150405,18,O3,75.8,86.6,74.1,90.3,80.3,79.3,59.5,68.4,89.8,80.4,89.5,88.7,77.5,92.7,91.6,81.1,67.6,72.4,80.4,83.9,81.8,86.1,70.7,76,77.8,84.7,95.8,,84.8,90.4,79.9,77.9,67.9,57.5,83.4
20150405,18,CO,0.3,0.3,0.2,0.3,0.3,0.3,0.3,0.3,0.3,0.3,0.3,0.3,0.3,0.2,0.3,0.2,0.3,0.3,0.3,0.2,0.2,0.3,0.2,0.2,0.3,0.3,0.1,0.3,0.3,0.2,0.3,0.3,0.4,0.5,0.3
20150405,19,SO2,2,2,2,2,2,2,2,4.5,2,2,2,2,2.9,2,2,2,2,2,2,2,2,2,2,2,2,2,2,9.7,2,3.2,2,2.2,2,3.4,2
20150405,19,NO2,14.7,22.1,16.8,16.1,11.2,16.1,,14.3,4.9,26,9.8,13.8,15.4,18.5,14.4,18.3,13.5,9.4,7.6,8.3,5.4,6.3,7.1,3.2,8,4.1,5.1,,6.4,11.4,16.5,26.8,38.7,54.8,19
20150405,19,O3,66,74.3,64.6,73.7,73.4,70,50.7,60.1,79.9,68.8,78.7,82.5,67.1,81.9,77.6,67.9,62.7,73.6,77.4,77.5,79.7,83.5,72.4,77.7,85.7,83.6,87.2,57,76.7,87.1,66.3,59.4,52.7,41,66.2
20150405,19,CO,0.3,0.3,0.3,0.3,0.3,0.3,0.3,0.3,0.3,0.3,0.3,0.3,0.3,0.2,0.3,0.2,0.3,0.3,0.3,0.2,0.2,0.3,0.2,0.2,0.3,0.3,0.1,0.4,0.3,0.2,0.3,0.3,0.4,0.5,0.3
20150405,20,SO2,2,2,2,2,2,2,2,3,2,2,2.1,2,2.9,2,2,2,2,2,2,2,2,2.1,2,2,2,2,2,9.6,2,3.4,2,2.3,2,2.3,2
20150405,20,NO2,16.1,18,18.3,13.9,14.3,15.7,,14.6,7,20,10.2,13.3,17.7,22.8,14.9,16.2,17,8.4,6.6,7.7,3.8,6.3,6.1,3.4,6.8,4,4.8,,5.7,10.3,20,29.1,31,49.4,22.9
20150405,20,O3,63.2,76.1,60.7,71.8,71.1,68.9,47.2,59.3,74.1,65.3,73.7,79,60.5,66.6,72,65.3,61.9,77.2,77.2,76.2,85.1,83.1,75.6,79.9,89.7,85.3,87.3,71.9,71.3,82.2,64.8,54.8,59.3,42,66.3
20150405,20,CO,0.3,0.3,0.3,0.3,0.3,0.3,0.3,0.3,0.3,0.2,0.3,0.3,0.3,0.3,0.3,0.2,0.3,0.3,0.3,0.2,0.2,0.3,0.2,0.2,0.3,0.3,0.1,0.3,0.3,0.2,0.3,0.3,0.4,0.4,0.3
20150405,21,SO2,2,2,2,2,2,2,2,2,2,2,2,2,2.4,2,2,2,2,2,2,2,2,2.3,2,2,2,2,2,9.2,2,4.6,2,2,2,2,2
20150405,21,NO2,13.8,15.3,15.3,11,11.9,13.6,,14.5,6.7,19.3,9.5,14.3,13,18.2,11.7,19.8,15.7,8.2,6.8,7,4.5,6.3,4.4,3.9,6.1,4.1,4.8,,9.9,10.1,14,27.9,30.9,46.5,15.4
20150405,21,O3,70.1,83.8,66.6,78.6,77.2,74.5,51.4,60.2,75.6,69.2,73.8,72.1,63.5,71.1,78.8,62.8,66,79.8,74.4,78.3,80.9,85.7,79.6,81.4,91.9,89.2,89.9,116.1,58.4,79.7,71.3,61.6,60.2,48.1,75.4
20150405,21,CO,0.3,0.3,0.3,0.3,0.2,0.3,0.3,0.3,0.3,0.2,0.3,0.3,0.3,0.2,0.3,0.2,0.3,0.3,0.3,0.2,0.2,0.3,0.2,0.2,0.3,0.3,0.1,0.3,0.3,0.3,0.3,0.3,0.4,0.4,0.3
20150405,22,SO2,2,2,2,2,2,2,2,2,2,2,2,2,2,2,2,2,2,2,2,2,2,2.9,2,2,2,2,2,8.7,2,4.2,2,2,2,2,2
20150405,22,NO2,13,13,13,9.4,11.5,15.6,,15.4,8.7,16.4,13.4,13.4,13.2,18.2,12.7,17.8,12.8,7.2,10.5,6.3,4.6,6.5,3.4,3.6,6.9,3.9,2.9,,4,10.8,12.1,22.6,22.2,38.3,18.3
20150405,22,O3,73.4,89.6,71.7,84.1,79,73.9,57.4,61.8,75.4,76.9,70.1,75.6,61.9,76.1,79.4,65.6,67.7,79.9,69.1,81.3,86.5,87.2,79.2,80.1,91.1,90.1,91.1,104.1,66.7,81.1,77,68.1,71.4,57.5,72.7
20150405,22,CO,0.3,0.3,0.2,0.3,0.3,0.3,0.3,0.3,0.4,0.2,0.3,0.3,0.3,0.2,0.3,0.2,0.3,0.2,0.3,0.3,0.2,0.3,0.2,0.2,0.3,0.3,0.1,0.3,0.3,0.3,0.3,0.3,0.4,0.4,0.3
20150405,23,SO2,2,2,2,2,2,2,2,2,2,2,2,2,2,2,2,2,2,2,2,2,2,2.8,2,2,2,2,2,8.6,2,3.5,2,2,2,2,2
20150405,23,NO2,13.7,14.1,10.7,8.2,10.8,15.3,,14.6,7.7,15,15.3,14,13.2,15.4,14.9,20.9,11.7,5.8,9.8,5.9,4.3,5.5,2.5,2.6,7.2,3.7,2,,2,15,11.8,22.1,15.9,28.9,23.3
20150405,23,O3,70.8,86.6,74.1,84.9,77.9,72.8,56.3,61.6,75.6,77.5,69.9,75,64,81.1,75,64,70.9,79.7,70.7,82.5,84.9,89.7,78.9,81,89,89.8,90.9,100.2,73.4,73,76,66.4,74.4,64.4,68.6
20150405,23,CO,0.3,0.3,0.2,0.2,0.2,0.3,0.3,0.3,0.4,0.2,0.3,0.3,0.3,0.2,0.3,0.2,0.3,0.2,0.3,0.3,0.2,0.3,0.2,0.2,0.3,0.3,0.1,0.3,0.3,0.3,0.3,0.3,0.3,0.4,0.4
20150405,0,PM2.5,122.5,120.7,118.2,119.1,114.9,118.3,116.4,101.4,95.1,130.5,129,124.3,123.2,121,122.2,122.9,113.3,75.8,111.5,130.5,112.9,114.6,105.8,71.8,55.9,100.6,130.4,159.6,113.6,134.7,124.4,121.3,117.7,124,120.2
20150405,0,PM10,157.6,,125.4,135.2,143.6,,145.6,135.7,,135.8,134.2,175,141.2,122.6,147.6,162.8,123,76.9,112.3,,113.3,120.5,,,54.1,108.6,143.8,,156.9,,131.6,128.7,154.5,148.8,
20150405,0,AQI,97,92,88,90,91,95,86,80,84,96,91,92,93,95,104,105,98,78,89,118,92,102,81,73,66,94,95,128,103,92,98,97,91,101,98
20150405,1,PM2.5,127.4,121.1,123.4,126.1,125.6,127.2,120,107.3,96.2,138.1,130.7,132.9,139.1,124.2,131.3,128.9,127.5,76.8,86.7,122.8,117.7,121.6,95.2,71.1,62.1,103.3,135.2,154.8,132.1,134.6,131,130.7,126.2,132.6,129.1
20150405,1,PM10,176.9,,128.7,151.3,153.6,,148.7,144.8,97,148.8,138.1,193.7,148.2,127.8,145.9,155.2,136,,,,,,,,57.7,114.5,142.7,,171.7,,143.8,145.3,155.8,155.3,
20150405,1,AQI,102,96,93,95,95,99,90,84,87,102,96,98,98,99,108,110,103,80,92,121,96,107,83,75,67,96,99,132,107,97,103,102,95,106,102
20150405,2,PM2.5,139.1,130.6,122.8,127.4,124.2,129.5,,102.3,106.1,149.5,143,130.4,147.5,130.7,137.1,124.9,168.6,67.5,102.4,119.8,111.9,128,,74.4,67.9,98.1,129.3,,136.9,,131.3,136.7,122.7,134.6,138.9
20150405,2,PM10,180.6,,131.4,147.3,140.6,,,169.5,108.7,175.4,143.2,169,159,,152.7,154.9,171.9,,118.9,,,,,,64,103.8,,,147.7,,152.3,138.7,152.4,151.7,139.2
20150405,2,AQI,107,100,97,99,100,104,,87,90,107,101,103,104,104,113,114,110,82,95,124,100,111,,77,68,99,103,,112,,108,107,100,111,107
20150405,3,PM2.5,142.3,128,128.6,134.8,116.1,134.4,117.1,94.2,112.5,146.4,145.6,133.2,143.4,136.1,136.3,144.8,189.4,67.7,83.4,124.5,95.9,125,92.6,70.3,84,96.6,128.2,187.5,137.2,134.4,141.1,139.8,108.6,144.7,146.3
20150405,3,PM10,189.8,,133.8,157.6,157.3,,142.2,135.3,128.9,175,157,210.8,147.5,,150.6,164.1,,72,97.8,,,,,,87.2,,,,151.9,,158.3,147.2,156.9,176.9,178.5
20150405,3,AQI,112,105,102,105,104,109,97,91,95,113,107,107,110,109,118,120,117,84,98,128,103,114,86,79,70,101,107,140,117,105,113,112,104,116,113
20150405,4,PM2.5,137.8,136.5,118.6,138.6,116.8,142.5,120.3,90.1,108.4,151.3,148.7,140.4,142.4,143.1,144.5,148.2,200.3,76.7,92.3,123.5,100.7,128,91.7,70.9,44.6,95.7,127.4,253.4,142.2,142.4,141.3,138.9,104.1,143.5,147.9
20150405,4,PM10,186.4,,119.7,169.2,163.1,,163.7,138.2,111.3,156.6,155,251.4,152,149.2,158.6,165.3,,,99.2,,,,,,62.8,,133.8,,167,,164.9,161.5,160.9,185.1,167.4
20150405,4,AQI,118,110,107,110,108,114,102,94,98,119,113,113,115,115,123,124,126,86,101,131,105,118,88,81,70,102,111,150,122,111,118,117,108,122,118
20150405,5,PM2.5,120,136.9,107.2,142.1,127.4,135.4,117.3,88,109.6,151.6,151,142.6,143.2,146.6,151.1,141.6,206.8,72.9,102,127.9,97.5,129.6,80.4,58.6,18.8,100.2,138.1,242.7,152.1,145.9,151.8,162,116.6,156.7,155.4
20150405,5,PM10,178.6,,129.7,170.6,185.8,,162.3,140.9,,158.8,152.8,229.3,149.9,,157.7,157.4,,,142.4,,,,,,50.1,109.5,149.6,,177.2,,172.2,168.5,189,198.9,195.9
20150405,5,AQI,122,115,110,115,113,120,106,96,102,125,119,118,121,120,129,129,134,87,105,135,107,122,91,82,69,105,116,161,128,117,124,124,112,128,124
20150405,6,PM2.5,135.2,138.5,117.2,137.6,142.8,140.6,114.5,58.9,49.7,155,155,135.2,157.4,156.2,152.5,145.1,182.6,20.8,82.7,137.9,109.5,128.7,31.9,15.4,14.7,107.2,146.3,232.7,151.7,158.1,143.4,141,124.9,157,155.3
20150405,6,PM10,219.4,,149.4,146.4,188,156.1,153.6,93.2,55.9,184.6,179.1,162.2,178.4,157.7,169,156.5,,,,,,,,22.4,35,,158.2,,184.6,166.1,162,165,204.5,203,183.8
20150405,6,AQI,127,121,114,120,119,125,110,98,102,131,125,123,127,126,134,133,141,86,107,138,110,125,90,81,67,107,121,171,133,123,129,129,117,133,130
20150405,7,PM2.5,112.5,106.8,102.6,86.9,118.3,145.4,48.1,12.2,15.1,73.6,29.8,14,87,118.7,117,176.8,152.7,10.8,17,135.2,68.3,108.5,9,10.5,15.4,54.3,140,212.6,158.1,157.2,123.6,106.7,105.3,89.1,162
20150405,7,PM10,145.2,,,,,,,58.3,59.8,,,68.3,,,,243.6,,24,65.1,,,,,32.3,100.4,,141.1,,174.1,157.4,,,,113.1,174.7
20150405,7,AQI,131,124,118,123,123,131,111,97,100,133,124,121,128,130,137,139,147,85,106,142,110,128,89,80,66,107,126,180,138,129,133,132,120,135,137
20150405,8,PM2.5,37,32.6,34.9,33.4,29.6,71.4,22.1,20.9,20.3,27.2,22.8,21.6,25.5,51.7,52.3,171.3,90,17.6,18,48.3,15.1,82.6,21.7,14.5,18.3,25.2,89.9,198.7,123.9,85.3,52.9,35.9,44.7,33.3,101.2
20150405,8,PM10,111.8,,49.3,,,,52.1,147.2,131.7,34.3,73.3,140.2,76.4,,,,,113.7,121.5,58.8,33.7,109.4,81.3,78.6,157.7,132,,,,,68.7,,,109.5,102.1
20150405,8,AQI,130,123,117,122,122,132,110,96,99,131,122,120,127,130,137,145,148,83,105,141,108,129,88,78,65,105,128,187,142,131,134,131,120,134,139
20150405,9,PM2.5,20.9,25.2,21.5,17.3,20.2,16.5,26.8,25.7,20.2,26.8,19.3,18.3,12.8,15.9,17.4,90.9,48.5,22.2,16,22,15.5,28.7,20.7,20.4,19.8,20.9,23.8,181.7,34.4,96.7,14.8,16.9,28.8,24.7,27.4
20150405,9,PM10,201.7,97.6,118.4,113,135.7,145.3,98.9,140.3,136,105.3,100.7,131.9,52.7,102,112.9,,,164,118.7,122.9,98.1,104.8,114.4,116,136.3,124.8,104.6,,63.7,148.7,133.4,139.4,179,135.8,144.8
20150405,9,AQI,129,122,116,120,120,130,108,94,98,129,120,118,125,127,134,146,147,82,103,137,105,127,86,76,66,103,128,194,140,133,131,129,119,132,138
20150405,10,PM2.5,20.9,18.8,24.9,20.8,24.9,21.7,17.9,30.4,24.7,31.2,24.5,20.9,16.2,32,22.9,29.8,20.7,22.3,18.9,16.2,24.5,16,28.3,28,25.4,14.4,26.1,44.6,20,78.8,17.3,23.3,22.6,23.4,27.5
20150405,10,PM10,215.7,158.8,137.9,130.3,164,170.5,149.9,178.6,139.7,133,128.6,138.2,114.7,135.2,158.4,131.9,82.9,251.4,133.1,121.2,90.1,124.9,134,135.3,134.9,139.7,115.6,,63.9,,154.6,167.1,204.8,132.1,186.6
20150405,10,AQI,125,119,114,118,118,128,106,93,96,127,118,116,122,125,131,143,144,80,101,134,104,125,85,75,68,101,126,191,138,134,128,126,116,129,136
20150405,11,PM2.5,26.3,29.3,29.3,28.2,26.9,26.3,40.3,29.5,23.9,30.8,25.7,31.6,17,20.8,31,30.7,25.2,29.5,29.2,25.1,21.3,25.2,18.7,24.6,25,26.2,15.4,23.8,17,39.6,30.6,,27.9,33.3,32.2
20150405,11,PM10,223.8,153.2,141.4,168.2,142.4,137.2,121.1,144,135.5,152.1,159,165.9,140,168.4,208.3,218.6,97.8,151.2,153.2,130.8,101.8,131,99,119.3,135.8,140.5,108.4,,111,44.4,170.2,,170.7,157.1,168.6
20150405,11,AQI,122,117,111,115,115,125,104,92,94,125,116,114,120,122,129,140,142,79,99,131,102,122,84,74,71,100,124,187,134,133,125,,114,126,133
20150405,12,PM2.5,27.5,27.5,31.5,31.3,23.4,31.2,28.1,31.9,31.6,32.8,41,31.3,30.3,43.1,37.1,22.3,25.6,28.3,35.8,23.2,22.3,23.2,25.7,28.1,28.9,31.4,21.6,31.9,20.1,26.3,19,32,29.9,25.6,25.3
20150405,12,PM10,154.8,91.5,112.5,126.7,100.5,108.9,117.1,103.2,102.9,130.5,151.6,153.6,226.2,164.8,131.1,131.4,87.8,100.9,118,153,85.8,102.3,79.1,107.8,154.3,151.6,123.7,156.1,201.7,55.2,116.5,340.6,177.4,141.1,111.2
20150405,12,AQI,119,114,109,113,112,122,102,91,92,123,115,112,118,121,126,136,139,78,98,128,99,120,83,72,76,98,121,183,130,131,122,120,111,123,130
20150405,13,PM2.5,19.8,21.1,24.9,23.4,19,26.2,29.1,22.6,22.2,26.6,28.2,28.9,31.7,24.4,31.2,25.8,21.8,22.8,25.3,25.1,18.5,15.7,15.7,22.4,26.3,26.9,25,29.8,22.5,41.2,26.7,17.4,28,26.1,27.2
20150405,13,PM10,100.8,65.6,72.8,85.1,88.8,74.3,67.3,66.2,65.5,116.7,93.5,118.7,140.5,129.4,115.1,108.6,83.3,111.9,94.6,116.8,51.8,77,61.2,103.4,146.2,110.3,112.8,102.7,194.6,69.8,79.5,89.9,94,109.9,68.2
20150405,13,AQI,116,111,107,110,109,119,100,89,90,120,113,110,116,118,123,134,136,78,95,125,97,116,81,71,78,96,119,178,127,129,119,117,109,120,127
20150405,14,PM2.5,20.8,20.1,21.5,22.3,24.8,19.3,28.4,19.2,16.7,20.9,31.3,29.2,33.9,23,20.2,23.6,19.6,31.4,23,19.9,16.4,19.1,13.6,27.1,27.4,18.1,26.6,22.2,24.6,39.3,18.1,22.9,27.1,22.8,26.5
20150405,14,PM10,68.5,78,64.8,60.1,63.3,66.5,45.8,65.9,54.1,107.7,85.7,88.3,176.4,143.5,73.9,122.6,69.3,94.7,76.1,109.6,46.4,71,56.5,92.9,126.8,83.3,92.8,82.5,170.6,68.5,60.5,67.9,78.8,88.8,61.1
20150405,14,AQI,113,108,104,108,107,116,97,86,88,117,112,109,115,116,120,130,133,79,93,121,94,112,78,69,78,94,116,174,125,128,116,115,107,118,124
20150405,15,PM2.5,20.5,27.1,17.4,17.9,22.9,22.7,19.7,24.5,28.7,21.5,23.2,26,26.5,30.8,20,27.9,24.8,29.6,24.3,21.9,18.7,22.7,15,24.6,28.9,10.3,18.3,26.7,22.1,21.2,25.8,21,21.8,17.3,24.3
20150405,15,PM10,89.7,59.3,72.9,70.4,63,62,57.3,78.5,59.7,77.9,72.9,70.4,146.3,73.1,75.8,110.5,46.8,112.2,54.4,90.4,52.9,78.8,58,78.4,141.1,77.9,75.6,85.7,169.5,65.6,67.5,63.4,79.5,70,55.9
20150405,15,AQI,110,106,101,105,104,113,95,84,86,115,110,107,112,113,117,128,130,80,90,118,92,109,76,67,80,90,113,225,122,125,113,112,105,114,121
20150405,16,PM2.5,25.9,19.8,19.7,19.3,24.7,29.4,21.1,26.1,18.9,22,26.8,23.8,27,23.5,19.8,28,20.4,21.6,21.5,19.6,17.5,16,16.1,22.2,24.2,15.3,14.4,22.8,17,19.4,22.9,18.7,15.5,22.3,20.5
20150405,16,PM10,97.7,54.7,58.9,59.3,64.5,66.2,48.1,68.2,53.6,58.1,72,68,146.2,69.1,72,94.6,42,82,57.3,109.9,39.4,82.7,39.6,59.8,119,73.8,79.4,76.7,167.6,67.2,71.5,70.7,81.9,70.6,89.9
20150405,16,AQI,108,103,98,103,102,110,92,84,83,112,108,104,110,111,113,125,127,80,88,114,89,106,74,66,80,87,110,166,119,123,110,109,102,111,118
20150405,17,PM2.5,21.6,21.5,19.2,20.9,18.4,23.1,16.5,24.9,20.3,22.1,21.2,20.1,22.9,21.2,21.2,20.7,15.9,16.4,20.5,18.5,13,18.4,19.2,21,16.2,11.6,18.7,31,29.8,20.4,22.3,24.5,15.8,20.9,22.1
20150405,17,PM10,69,38.8,49,55.5,50,55,40.1,60.3,46.5,57.9,70.6,58.8,159.1,61.6,58.6,98,53.9,57.7,42.3,108.9,29.9,72.7,50.8,49.1,65.1,64,92.5,94.8,159.7,75.8,53,45.5,66.3,56.6,76.6
20150405,17,AQI,105,100,96,100,99,108,89,84,80,109,105,102,107,108,111,121,124,79,85,111,86,102,71,65,79,84,107,163,115,120,107,106,99,108,115
20150405,18,PM2.5,14.6,23.9,19.2,17.2,19.8,19.4,18.9,16,17.2,23,22.6,28.5,22.6,20.3,17.9,23.9,15.8,14.5,14.5,23.3,19.2,15,18.3,19.3,15.3,15.1,9.9,20.1,19.4,19.8,21.2,11.3,13.9,21.6,18.7
20150405,18,PM10,77.5,52.4,53.3,53.3,59.5,48.1,63,50.2,42.5,40.3,36.7,59.1,121.4,73,71.8,83,35.2,48.2,44.1,100.3,24.3,56.7,38.8,37.6,46,51.5,83.7,87.3,130.1,77.8,55.6,63.3,73,58.4,54.5
20150405,18,AQI,101,97,93,97,96,105,86,83,78,106,102,99,105,105,107,118,121,77,81,107,84,99,69,65,77,81,104,159,111,117,104,102,95,105,112
20150405,19,PM2.5,20.2,21.6,15.8,18.8,14.3,14.9,18.5,18.6,16.5,18.8,14.2,19.4,17.8,25,16.4,14.2,14.3,18.4,20.1,18.6,19.5,15.3,14.4,20.3,16.3,16.8,13.9,20.3,16.9,23,13.8,15.6,13.7,20.6,23.9
20150405,19,PM10,67.3,48,56.2,61.6,41,42.7,53.4,50.1,48.4,51.8,43.2,60.1,52.4,49.5,64.6,76.5,21.8,37.3,42.6,68.9,21.1,76.4,40,43.4,47.9,47.9,65.5,61.7,79.6,55.8,53.7,57.5,69.7,70,52.7
20150405,19,AQI,99,95,89,94,92,101,83,82,74,103,98,96,101,102,104,115,117,77,78,103,81,96,66,64,75,77,100,154,107,114,100,99,94,101,108
20150405,20,PM2.5,24.4,20.2,15.7,21.3,17.8,20,19.8,18.4,14.9,22.9,19.4,16.4,17.1,18.9,19.6,26.3,15.6,23.1,17.3,17.5,16.7,14.3,18.7,22.3,27.8,13.1,14.1,15.9,16.2,18.9,15.7,14.8,23.2,24.5,21.7
20150405,20,PM10,33.2,28,41.1,23.8,20.1,35.3,35.4,53,44.7,51.1,33,50.9,39.7,49.7,45.2,47.4,,32.4,33.7,44,18,57.9,37,39.4,40.7,38.7,49.1,44.7,57.6,53.6,38.5,40.1,48.1,51.1,55.3
20150405,20,AQI,96,92,86,90,89,97,80,80,71,99,94,92,97,98,100,111,113,75,74,98,77,91,63,63,74,75,97,149,103,109,95,94,92,97,104
20150405,21,PM2.5,24.8,19.7,19.2,22.5,21.5,15.2,23.5,17.3,21.2,22.4,16,22.6,17.4,27,24.6,19.6,21.2,24.8,20.3,18.9,19.3,19.7,20.1,21,27.4,17.3,14.6,21.4,19.5,20.7,23.6,14.6,21.2,21.9,22.1
20150405,21,PM10,64.2,,38.5,,24,30.8,35.7,47.6,44.6,35.8,28.9,49,24.8,35.2,36.6,56.2,47.9,33.9,31.1,40.3,31.4,48.6,37.7,84.8,41.3,35.2,44.3,43.8,81.5,47.2,39.3,33.8,45.4,56.1,48.9
20150405,21,AQI,95,88,82,86,85,92,77,78,68,94,90,90,92,94,94,106,109,72,71,92,74,87,59,63,74,74,93,141,98,105,92,90,90,93,100
20150405,22,PM2.5,26.4,18.7,19.3,23.6,21.2,27.1,21.8,25.3,27,28.1,25.4,22.4,22.2,19.6,25.6,19.9,23.4,18.9,22.6,22.1,24.1,23.3,20.8,22.8,19.5,21.5,17.2,20.3,26.3,16.1,23.8,23.7,25.1,28.8,30.1
20150405,22,PM10,66,32.2,43.9,32.5,37.7,37.9,46.5,53.8,44.3,36.9,41.2,45.3,41.6,28.1,40.4,91,49.6,33.6,29.4,29.3,,36.7,31.1,38.4,30.3,25.6,38.9,45.2,39.2,40.6,45.8,52.4,52.1,59,46.3
20150405,22,AQI,93,83,79,83,81,88,73,76,67,89,85,88,88,89,89,102,104,70,69,86,69,82,57,62,72,72,87,133,94,99,87,85,88,88,96
20150405,23,PM2.5,27.1,22.2,18.4,20.8,23.7,29.3,19.7,17.5,20.6,19.4,18.8,22.5,22.9,25.4,23.6,23.9,25.2,16.8,25.5,20.5,23,20.4,17.9,19.6,21,21.2,18.1,22.2,28.1,21.2,24.2,23.5,16.9,25.7,24.9
20150405,23,PM10,59.8,27.5,43.6,31.7,29,32.1,33.7,44.6,47.1,45.1,48,51.6,48,43.7,48,95.9,43.8,28.1,32.7,31.4,,38,29.6,31.9,40.2,21.5,43.7,50.8,75.3,37.5,39.7,38.2,47.9,54.2,46.8
20150405,23,AQI,91,79,74,78,76,84,71,75,65,84,80,86,86,85,84,97,99,68,67,79,65,77,55,61,71,69,82,125,93,93,83,82,86,84,92
