date,hour,type,dongsi,tiantan,guanyuan,wanshouxigong,aotizhongxing,nongzhanguan,wanliu,beibuxingqu,zhiwuyuan,fentaihuayuan,yungang,gucheng,fangshan,daxing,yizhuang,tongzhou,shunyi,changping,mengtougou,pinggu,huairou,miyun,yanqing,dingling,badaling,miyunshuiku,donggaocun,yongledian,yufa,liulihe,qianmeng,yongdingmengxi,xizhimengbei,nansanhuan,dongsihuan
20150925,0,SO2,2,2,2,2,2,2,2,4,2,2,2,2,3,2,2,3,2,2,2,,2,2,2,2,2,2,2,2,2,3,2,3,4,5,2
20150925,0,NO2,29,35,27,16,50,33,27,36,14,39,23,33,25,10,23,23,17,42,33,,7,15,15,21,22,4,21,32,29,26,28,47,68,106,70
20150925,0,O3,70,69,75,78,75,68,65,29,79,58,62,66,75,87,86,87,73,33,37,,70,57,57,62,75,62,72,65,80,51,69,66,47,9,40
20150925,0,CO,0.6,0.5,0.6,0.6,0.7,0.6,0.6,0.5,0.4,0.6,0.5,0.7,0.6,0.5,0.4,0.4,0.5,0.6,0.5,,0.6,0.5,0.4,0.4,0.4,0.3,0.3,0.4,0.9,0.7,0.5,0.6,0.8,0.9,0.4
20150925,1,SO2,2,2,2,2,2,2,2,3,2,2,2,2,3,2,2,3,2,2,2,,2,2,2,2,2,2,2,2,2,2,2,4,4,4,3
20150925,1,NO2,42,38,31,23,59,58,32,30,7,57,24,20,37,41,39,30,13,53,15,,5,8,25,16,44,4,11,24,13,40,37,51,62,82,91
20150925,1,O3,55,52,51,56,57,39,51,28,68,29,50,63,51,38,58,73,74,20,51,,62,54,30,47,45,54,85,83,66,34,46,50,40,15,8
20150925,1,CO,0.7,0.6,0.7,0.7,0.7,0.6,0.5,0.5,0.4,0.7,0.5,0.6,0.6,0.6,0.5,0.4,0.4,0.6,0.6,,0.7,0.5,0.4,0.4,0.3,0.3,0.4,0.4,0.8,0.7,0.5,0.6,0.9,0.7,0.6
20150925,2,SO2,2,2,2,2,2,2,2,4,2,4,2,2,3,2,2,2,2,2,2,,2,2,2,2,2,2,2,2,2,3,2,6,3,2,2
20150925,2,NO2,62,50,40,30,54,39,39,41,10,43,31,26,48,40,40,29,11,30,22,,7,13,25,14,39,4,22,32,8,38,54,48,68,59,77
20150925,2,O3,29,47,43,45,43,45,37,8,57,32,36,42,37,29,57,66,64,35,27,,49,46,29,54,33,53,42,60,56,29,28,43,30,25,14
20150925,2,CO,0.7,0.6,0.6,0.7,0.7,0.5,0.6,0.5,0.4,0.6,0.6,0.5,0.6,0.7,0.5,0.4,0.4,0.6,0.3,,0.5,0.4,0.4,0.4,0.2,0.3,0.3,0.5,0.6,0.7,0.6,0.6,0.8,0.5,0.4
20150925,3,SO2,2,2,2,2,2,2,2,3,2,3,2,2,3,2,2,3,2,2,2,,2,2,2,2,2,2,2,2,2,3,2,6,2,2,2
20150925,3,NO2,35,45,34,34,42,28,32,37,17,46,29,43,70,43,60,29,12,51,24,,6,25,22,16,48,4,10,41,7,39,48,59,59,75,65
20150925,3,O3,45,29,36,30,53,50,30,9,38,22,39,20,15,26,24,56,48,15,2,,34,31,27,33,9,47,49,41,56,21,22,25,26,8,15
20150925,3,CO,0.6,0.6,0.6,0.6,0.6,0.5,0.6,0.5,0.4,0.6,0.5,0.4,0.7,0.7,0.6,0.4,0.4,0.6,0.1,,0.4,0.4,0.4,0.4,0.3,0.3,0.3,0.5,0.6,0.6,0.5,0.7,0.5,0.6,0.4
20150925,4,SO2,2,2,2,2,2,2,2,4,2,3,2,2,3,2,2,3,2,2,2,,2,2,2,2,2,2,2,2,2,3,2,5,2,2,3
20150925,4,NO2,38,38,29,23,49,34,33,40,15,59,33,36,66,34,63,36,28,70,23,,4,14,39,34,44,4,11,39,7,47,37,54,51,66,65
20150925,4,O3,35,31,25,31,41,28,,2,27,2,29,30,9,18,10,23,29,2,29,,36,34,2,12,20,42,48,27,33,7,26,28,,17,5
20150925,4,CO,0.6,0.6,0.6,0.6,0.6,0.5,0.6,0.5,0.4,0.7,0.5,0.4,0.7,0.7,0.6,0.4,0.4,0.7,0.3,,0.4,0.4,0.4,0.4,0.3,0.3,0.3,0.5,0.6,0.6,0.5,0.6,0.5,0.5,0.4
20150925,5,SO2,2,2,2,2,2,2,2,4,2,2,2,2,3,2,2,3,2,2,2,,2,2,2,2,2,2,2,2,2,3,2,6,2,2,2
20150925,5,NO2,37,38,38,23,44,44,24,34,15,39,29,42,53,28,56,67,25,66,,,5,24,38,11,45,4,10,54,9,44,35,41,58,57,39
20150925,5,O3,33,36,19,36,36,23,28,2,21,3,32,10,15,30,11,2,24,2,24,,36,20,2,29,18,29,37,5,28,2,27,30,9,18,25
20150925,5,CO,0.5,0.5,0.6,0.6,0.6,0.5,0.5,0.5,0.4,0.6,0.5,0.6,0.6,0.6,0.6,0.5,0.4,0.7,0.3,,0.4,0.5,0.4,0.3,0.2,0.2,0.2,0.5,0.6,0.5,0.5,0.5,0.7,0.4,0.3
20150925,6,SO2,2,2,2,2,2,2,2,4,2,2,2,2,3,2,2,3,2,2,2,,2,2,2,2,2,2,2,2,2,3,2,6,2,4,2
20150925,6,NO2,43,33,38,24,69,48,33,32,11,63,26,31,62,31,63,52,34,49,29,,5,35,32,10,47,5,9,56,23,32,42,56,61,59,51
20150925,6,O3,22,10,17,20,9,16,10,2,23,2,25,21,3,16,3,15,14,4,11,,31,9,2,33,10,26,31,2,2,3,10,12,8,9,12
20150925,6,CO,0.6,0.5,0.6,0.6,0.7,0.5,0.5,0.6,0.4,0.8,0.5,0.7,0.7,0.7,0.6,0.4,0.5,0.6,0.4,,0.5,0.5,0.5,0.2,0.1,0.3,0.2,0.5,0.6,0.5,0.7,0.8,0.9,0.5,0.4
20150925,7,SO2,2,2,2,2,2,2,2,4,2,3,2,2,4,2,2,3,2,2,2,,2,2,2,2,2,2,2,2,2,4,2,7,4,9,5
20150925,7,NO2,50,37,50,30,54,43,38,29,12,65,23,35,55,37,59,50,51,49,30,,14,30,33,13,52,5,9,55,31,36,46,78,69,76,58
20150925,7,O3,18,3,2,11,16,17,2,2,21,2,28,23,2,5,2,16,2,2,18,,8,2,2,38,14,29,28,5,2,2,9,2,2,2,2
20150925,7,CO,0.7,0.6,0.8,0.7,0.8,0.6,0.6,0.6,0.4,0.9,0.4,0.6,0.8,0.8,0.8,0.5,0.6,0.8,0.4,,0.6,0.5,0.6,0.3,0.1,0.2,0.2,0.5,0.7,0.5,0.6,1.4,1.2,0.9,0.6
20150925,8,SO2,2,2,2,2,2,2,2,3,2,2,2,2,4,2,2,4,2,2,2,,2,2,2,3,3,2,2,2,2,3,2,6,2,12,2
20150925,8,NO2,48,52,53,45,56,59,38,29,11,60,31,48,45,40,55,61,46,36,29,,13,27,37,19,60,4,11,42,38,37,54,81,66,85,57
20150925,8,O3,19,7,6,8,13,7,3,2,26,2,16,11,11,3,10,14,2,19,23,,15,13,2,48,28,29,33,10,2,6,13,4,7,2,5
20150925,8,CO,0.9,0.8,1,1.1,1,0.9,0.8,0.6,0.4,0.9,0.6,0.7,0.6,1.1,0.8,0.6,0.7,0.6,0.4,,0.5,0.6,0.6,0.3,0.1,0.2,0.2,0.6,0.9,0.6,0.8,1.1,1,1.4,0.6
20150925,9,SO2,5,4,5,4,4,3,3,3,2,4,2,2,5,2,4,6,2,6,2,,2,2,4,4,18,2,2,2,2,2,5,10,3,6,2
20150925,9,NO2,44,54,44,42,53,56,36,10,19,52,23,32,53,40,53,60,37,35,31,,21,23,29,17,56,5,15,46,39,36,43,51,62,78,53
20150925,9,O3,27,25,18,26,25,17,15,5,31,2,37,34,32,13,26,16,17,27,31,,12,22,18,53,41,25,38,29,13,23,27,33,16,7,12
20150925,9,CO,0.8,0.8,0.8,0.9,0.9,0.9,0.7,0.7,0.5,0.9,0.4,0.5,0.7,0.9,0.8,0.6,0.6,0.6,0.4,,0.6,0.5,0.4,0.3,0.2,0.3,0.3,0.5,0.9,0.6,0.7,0.7,0.8,1,0.5
20150925,10,SO2,9,9,6,9,10,9,6,6,2,7,2,2,6,4,7,7,2,10,2,,2,2,12,10,12,2,2,2,2,4,10,15,9,7,7
20150925,10,NO2,38,50,32,33,54,41,24,9,7,48,17,28,44,39,39,55,34,27,10,,,10,26,18,,4,12,43,31,41,35,38,57,72,45
20150925,10,O3,41,36,37,43,35,37,33,16,63,13,51,51,49,25,43,28,25,44,69,,28,40,28,63,48,38,44,42,40,39,40,49,25,17,31
20150925,10,CO,0.7,0.7,0.6,0.7,0.9,0.7,0.6,0.6,0.3,0.7,0.4,0.5,0.6,0.7,0.7,0.6,0.5,0.6,0.2,,0.5,0.4,0.6,0.4,0.1,0.3,0.2,0.5,0.8,0.6,0.7,0.6,0.7,0.8,0.4
20150925,11,SO2,5,5,4,6,8,7,,3,2,6,2,2,5,3,6,10,2,,2,,2,2,17,6,6,2,2,2,2,4,7,11,8,10,9
20150925,11,NO2,28,44,26,26,32,28,,10,7,33,2,14,21,,28,44,24,,9,,17,14,25,16,34,3,13,34,30,37,31,41,38,55,34
20150925,11,O3,55,48,48,56,60,54,,,69,38,68,74,67,56,,45,47,,71,,41,46,36,68,54,48,53,62,54,71,49,53,43,27,48
20150925,11,CO,0.5,0.5,0.6,0.6,0.6,0.5,,0.2,0.2,0.5,0.3,0.3,0.4,0.4,0.5,0.5,0.4,,0.2,,0.4,0.4,0.7,0.3,0.1,0.2,0.2,0.4,0.7,0.5,0.5,0.5,0.5,0.7,0.3
20150925,12,SO2,2,2,2,3,2,2,,2,2,2,2,2,4,2,4,7,2,3,2,,2,2,8,3,5,2,2,2,2,3,3,9,2,7,3
20150925,12,NO2,15,25,12,15,16,12,13,13,7,21,2,12,16,14,20,22,17,25,7,,6,12,15,15,,2,12,25,15,30,18,23,32,55,14
20150925,12,O3,72,72,69,72,81,76,68,,76,55,71,77,76,77,,69,62,53,74,,61,55,58,78,74,58,63,76,93,108,70,72,53,37,74
20150925,12,CO,0.3,0.3,0.3,0.4,0.4,0.3,0.2,0.2,0.2,0.3,0.3,0.3,0.3,0.2,0.4,0.3,0.3,0.3,0.2,,0.3,0.3,0.4,0.2,0.3,0.2,0.1,0.3,0.4,0.4,0.3,0.3,0.4,0.5,0.2
20150925,13,SO2,2,2,2,2,2,2,2,3,2,2,2,2,3,2,3,4,2,4,2,,2,2,5,4,5,2,2,2,2,3,2,6,2,5,2
20150925,13,NO2,14,28,13,10,17,10,14,15,6,24,8,12,13,14,18,15,21,24,7,,9,12,11,18,,2,14,20,9,18,15,14,34,55,10
20150925,13,O3,79,74,73,81,88,82,73,22,81,55,75,81,82,83,,82,68,61,78,,64,68,78,83,71,61,68,86,111,102,76,84,57,42,84
20150925,13,CO,0.2,0.2,0.2,0.3,0.3,0.2,,0.2,0.2,0.3,0.2,0.2,0.2,0.2,0.4,0.2,0.3,0.4,0.2,,0.2,0.3,0.3,0.2,0.5,0.2,0.1,0.2,0.3,0.3,0.2,0.2,0.4,0.5,0.2
20150925,14,SO2,2,2,2,2,2,2,2,4,2,2,2,2,3,2,2,4,2,4,2,,2,2,4,3,4,2,2,2,2,3,2,6,2,4,2
20150925,14,NO2,13,30,11,9,19,10,10,12,7,22,7,11,15,14,14,15,19,25,8,,10,9,9,17,23,2,10,14,12,16,11,11,32,58,12
20150925,14,O3,82,76,79,84,91,86,,33,83,61,79,84,89,87,91,84,65,64,79,,65,69,82,88,72,63,72,98,132,99,82,88,61,44,88
20150925,14,CO,0.2,0.2,0.2,0.3,0.2,0.2,0.2,0.2,0.3,0.3,0.2,0.2,0.2,0.2,0.3,0.2,0.3,0.4,0.2,,0.2,0.2,0.3,0.2,0.5,0.1,0.1,0.2,0.3,0.3,0.2,0.2,0.4,0.5,0.2
20150925,15,SO2,2,2,2,2,2,2,2,4,2,2,2,2,4,2,2,4,3,3,2,,2,2,4,3,4,2,2,2,2,3,2,7,2,3,2
20150925,15,NO2,13,33,10,11,19,12,,7,7,23,3,13,23,17,13,14,21,26,8,,11,10,8,17,27,2,8,16,10,17,13,26,34,53,14
20150925,15,O3,85,76,81,85,92,89,75,39,86,60,77,84,97,85,96,89,64,66,79,,67,70,87,90,70,63,77,100,147,110,83,80,63,52,91
20150925,15,CO,0.2,0.2,0.2,0.3,0.2,0.2,0.2,0.2,0.3,0.3,0.2,0.2,0.3,0.2,0.3,0.2,0.3,0.4,0.2,,0.2,0.2,0.3,0.2,0.6,0.1,0.1,0.2,0.3,0.3,0.2,0.2,0.4,0.4,0.2
20150925,16,SO2,2,2,2,2,2,2,2,5,2,2,2,2,5,2,2,4,2,4,2,,2,2,7,3,5,2,2,2,2,3,2,6,2,4,2
20150925,16,NO2,15,28,15,13,19,15,11,8,7,28,3,11,23,20,13,17,26,28,8,,10,10,6,16,36,2,7,18,11,17,13,25,36,47,21
20150925,16,O3,84,81,76,83,93,87,80,42,85,58,80,87,127,84,96,89,64,64,82,,72,71,88,90,63,63,71,99,143,112,84,80,61,45,87
20150925,16,CO,0.2,0.2,0.2,0.3,0.1,0.2,0.2,0.2,0.3,0.3,0.2,0.2,0.3,0.2,0.3,0.2,0.3,0.4,0.1,,0.3,0.2,0.2,0.2,0.6,0.1,0.1,0.2,0.3,0.3,0.2,0.2,0.4,0.6,0.2
20150925,17,SO2,2,2,2,2,3,2,2,4,2,2,2,2,4,2,2,4,2,4,2,2,2,2,6,3,,2,2,2,2,3,2,6,2,6,2
20150925,17,NO2,19,36,14,16,22,15,10,16,7,34,7,13,27,26,16,22,36,31,13,22,10,13,5,18,,2,8,20,23,15,19,29,42,70,20
20150925,17,O3,81,72,74,79,91,87,81,42,88,50,78,86,109,78,93,85,58,61,76,61,75,68,85,86,,60,65,96,98,111,79,77,58,39,88
20150925,17,CO,0.2,0.2,0.2,0.3,0.2,0.2,0.2,0.2,0.3,0.3,0.2,0.2,0.3,0.2,0.4,0.2,0.3,0.4,0.1,0.2,0.3,0.2,0.2,0.2,,0.1,0.1,0.2,0.5,0.3,0.2,0.2,0.4,0.6,0.2
20150925,18,SO2,2,2,2,2,3,2,2,3,2,2,2,2,5,2,2,6,2,4,2,2,2,2,8,2,,2,2,2,2,3,2,7,2,5,2
20150925,18,NO2,29,46,31,21,32,30,19,27,9,59,13,27,36,37,31,34,56,50,21,33,13,30,10,15,,2,9,40,19,16,26,28,43,70,39
20150925,18,O3,70,58,56,72,84,72,71,39,79,20,74,70,67,66,75,69,39,43,66,47,66,52,84,63,,59,54,65,56,81,73,74,54,33,66
20150925,18,CO,0.3,0.3,0.3,0.3,0.3,0.3,0.3,0.2,0.3,0.4,0.2,0.4,0.4,0.3,0.4,0.2,0.3,0.5,0.2,0.2,0.3,0.3,0.3,0.2,,0.1,0.1,0.3,0.5,0.3,0.3,0.3,0.4,0.6,0.3
20150925,19,SO2,2,2,2,2,3,2,2,4,2,4,2,2,5,3,2,7,2,3,2,2,2,2,8,2,,2,2,2,2,3,2,6,2,6,4
20150925,19,NO2,63,47,56,41,47,62,40,43,11,85,15,54,72,72,64,97,90,79,46,51,26,80,48,20,,5,13,70,14,35,39,68,61,85,70
20150925,19,O3,41,40,23,36,67,37,46,27,61,2,77,38,28,23,32,9,9,17,36,31,36,2,32,46,,47,53,18,53,42,57,38,39,11,33
20150925,19,CO,0.5,0.3,0.5,0.5,0.3,0.4,0.4,0.3,0.3,0.5,0.2,0.6,0.6,0.5,0.6,0.5,0.5,0.7,0.3,0.3,0.5,0.9,0.5,0.3,,0.1,0.2,0.4,0.4,0.3,0.4,0.4,0.6,0.8,0.7
20150925,20,SO2,2,2,2,2,3,2,2,3,2,4,3,3,6,4,3,6,3,2,2,2,2,2,8,2,,2,2,2,2,3,4,9,6,9,11
20150925,20,NO2,101,63,71,67,93,82,79,56,10,88,33,76,93,94,89,108,101,44,34,57,18,63,65,26,,5,13,49,18,74,85,114,96,100,104
20150925,20,O3,11,9,9,8,25,17,6,9,69,2,50,10,3,3,7,2,2,33,35,22,31,2,2,39,,36,48,8,36,2,9,8,9,4,2
20150925,20,CO,0.8,0.4,0.6,0.8,0.6,0.6,0.5,0.3,0.7,0.5,0.3,0.8,0.8,0.7,1,0.7,0.6,0.6,0.2,0.4,0.5,0.8,0.7,0.3,,0.2,0.2,0.4,0.4,0.4,1,1,1.2,1,1.5
20150925,21,SO2,2,2,2,2,3,2,2,4,2,5,2,4,5,5,5,8,3,2,2,2,2,2,9,2,,2,2,2,2,3,4,11,8,10,2
20150925,21,NO2,104,68,80,71,103,99,76,58,18,86,19,67,75,91,90,110,92,46,18,52,12,51,60,25,,5,13,52,16,63,91,147,94,102,87
20150925,21,O3,6,2,2,3,4,5,2,2,57,2,63,12,5,4,4,2,2,27,49,19,32,4,2,37,,33,44,2,15,2,2,8,9,4,2
20150925,21,CO,1,0.5,0.9,1,1,1.1,1.2,0.4,0.7,0.7,0.2,0.7,0.7,1,1.1,1,0.8,0.6,0.2,0.5,0.4,0.5,0.7,0.3,,0.1,0.2,0.4,0.5,0.4,1.3,1.8,1.7,1.2,0.6
20150925,22,SO2,2,2,2,2,5,3,2,4,2,5,2,3,4,6,5,11,2,2,2,2,2,2,10,2,,2,2,2,2,3,5,10,12,14,4
20150925,22,NO2,103,62,74,67,105,97,73,47,28,82,28,41,54,87,83,113,80,39,14,47,12,40,58,22,,7,13,44,37,57,88,137,93,110,81
20150925,22,O3,3,2,2,3,5,6,2,2,39,2,48,35,15,4,4,2,2,29,53,19,28,5,2,38,,25,44,2,3,2,2,7,12,4,2
20150925,22,CO,0.9,0.8,1,1.3,1.7,1.6,1.5,0.4,1.1,0.8,0.2,0.5,0.5,1.2,1.3,1.1,0.7,0.5,0.2,0.5,0.4,0.5,0.6,0.2,,0.2,0.2,0.5,0.5,0.4,1.5,2,2.2,1.7,1
20150925,23,SO2,2,2,2,3,5,3,2,4,2,5,2,2,5,6,7,14,3,2,2,2,2,2,11,2,,2,2,2,2,4,7,10,11,14,12
20150925,23,NO2,93,58,73,61,96,95,67,50,18,75,43,42,57,83,81,120,72,41,14,42,23,44,52,16,,6,12,40,38,52,86,160,82,102,94
20150925,23,O3,4,2,2,2,3,7,2,2,50,2,31,31,13,3,4,2,2,25,55,18,11,2,2,39,,27,43,2,14,2,2,6,15,5,2
20150925,23,CO,1.6,1.1,1.2,1.6,1.9,2.2,1.5,0.5,2,0.8,0.3,0.4,0.5,1.1,1.3,1.1,0.6,0.5,0.1,0.4,0.5,0.4,0.6,0.2,,0.1,0.2,0.5,0.6,0.4,2.2,2.3,2.1,2,2.3
20150925,0,PM2.5,16,19,31,,22,18,24,23,20,23,27,35,31,23,14,21,24,36,33,,19,17,121,19,17,15,14,28,52,,26,27,23,32,20
20150925,0,PM10,,19,,,,,,,,,,,,,,,,,,,24,,,,,,,,,,,,,43,
20150925,0,AQI,150,130,141,160,142,146,131,108,108,129,111,119,131,165,175,144,105,105,102,,81,72,74,101,84,55,132,156,166,140,151,145,130,151,138
20150925,1,PM2.5,28,19,30,17,22,26,16,26,12,27,32,33,39,22,26,18,17,33,26,,15,12,174,22,24,13,19,23,17,35,23,22,25,33,28
20150925,1,PM10,,,,18,,,,,,,,,,,,,,,,,18,14,,,,,,,,,,,,,
20150925,1,AQI,147,127,139,156,139,143,129,107,107,126,110,118,131,162,172,141,103,105,102,,80,71,81,101,83,57,130,152,165,137,147,142,129,149,135
20150925,2,PM2.5,29,20,25,28,36,31,26,30,12,25,31,26,35,29,28,17,19,27,18,,17,12,,10,22,13,24,26,16,53,27,29,30,28,31
20150925,2,PM10,,,,,,,,,,,,,,,,,,,,,,,11,,26,,,,,,,,,,
20150925,2,AQI,145,123,137,152,136,141,128,106,105,124,109,117,130,160,169,138,101,104,102,,78,70,83,99,81,57,129,149,163,135,145,139,127,146,132
20150925,3,PM2.5,32,35,45,32,30,28,35,34,16,31,29,40,36,34,27,23,25,32,16,,17,13,13,14,23,16,19,29,16,38,32,34,41,32,32
20150925,3,PM10,,,,,,,,,,,,,,,,,,,20,,,,,,,,,,,,,,,,
20150925,3,AQI,142,122,136,150,133,138,126,106,104,123,108,116,130,157,166,134,100,104,101,,77,70,82,98,79,59,127,145,162,133,142,137,125,144,129
20150925,4,PM2.5,32,35,37,38,26,27,31,31,20,35,32,41,39,36,37,27,24,39,22,,17,18,,14,29,11,19,33,18,39,40,35,19,32,31
20150925,4,PM10,,,,,,,,,,,,,,,,,,,,,,,15,,,,,,,,,,,,
20150925,4,AQI,139,120,134,148,130,135,124,105,103,122,108,115,129,154,162,136,99,104,101,,76,69,85,97,78,62,125,141,160,132,139,135,122,142,126
20150925,5,PM2.5,33,30,43,31,28,27,35,24,14,38,34,46,41,34,31,32,26,44,13,,20,12,,9,34,12,16,40,23,35,39,33,37,33,26
20150925,5,PM10,,,,,,,,,,,,,,,,,,,,,,,17,,,,,,,,,,,,
20150925,5,AQI,137,117,132,145,129,133,122,104,100,120,108,114,128,151,158,139,99,103,100,,75,69,87,95,76,66,121,138,158,132,137,132,120,140,124
20150925,6,PM2.5,34,29,40,31,32,27,32,20,17,35,25,35,38,31,30,28,28,22,13,,16,19,,6,36,16,14,33,21,26,36,36,35,29,25
20150925,6,PM10,,,,,,,,,,,,,,,,,,,19,,,,16,6,,,,,,,,,,,
20150925,6,AQI,135,113,130,143,127,131,121,103,98,119,106,112,127,147,152,141,98,102,99,,75,70,90,93,76,66,112,133,156,130,135,130,119,137,122
20150925,7,PM2.5,40,27,41,29,36,29,34,20,8,35,17,16,36,35,32,28,33,26,10,,16,12,,11,32,9,22,39,25,25,34,45,42,41,30
20150925,7,PM10,,,,,,,,25,11,94,27,,,,85,,,53,29,,16,21,40,25,,,,39,,29,,,52,63,44
20150925,7,AQI,134,110,129,141,127,129,120,102,96,117,104,109,126,142,146,139,98,100,98,,72,70,92,91,74,66,104,126,153,129,133,129,119,135,120
20150925,8,PM2.5,46,28,41,33,32,32,36,20,10,30,21,24,29,39,38,35,36,18,9,,20,19,,9,41,10,19,37,31,33,42,40,36,48,31
20150925,8,PM10,,48,53,53,69,43,96,41,31,84,60,51,,64,135,,82,33,33,,30,30,74,25,,,30,74,82,121,129,,38,110,55
20150925,8,AQI,138,106,128,138,123,125,119,101,94,115,102,107,125,136,138,136,98,98,97,,71,69,95,88,75,66,95,118,150,127,131,127,117,133,116
20150925,9,PM2.5,29,24,37,26,27,32,24,24,12,26,6,16,33,29,37,39,30,24,9,,22,17,,11,21,8,26,42,43,58,27,27,24,39,28
20150925,9,PM10,,,,,,,,,56,,,,,,,,,,,,55,26,12,,,,41,,169,,,,,,
20150925,9,AQI,141,99,124,133,121,118,116,99,91,113,100,103,123,129,129,136,97,96,95,,71,67,98,85,75,72,89,111,147,125,125,122,114,129,109
20150925,10,PM2.5,21,18,22,20,23,25,20,22,9,15,16,14,24,16,30,37,24,15,6,,24,11,,7,7,11,15,34,37,58,23,14,18,23,17
20150925,10,PM10,,,,,,,,,,,22,,,,,,,,,,,17,17,,,,,,,,,,31,,
20150925,10,AQI,116,96,123,126,123,111,119,96,88,114,98,99,120,121,120,130,96,92,91,,71,66,102,81,77,46,82,103,141,119,120,118,108,122,103
20150925,11,PM2.5,16,13,22,16,15,20,,,8,9,3,10,16,3,10,20,16,,8,,16,8,,5,28,11,10,22,29,42,13,17,14,20,14
20150925,11,PM10,,,,,,,,,,,15,,,5,,,,,,,29,11,17,,,,,,,,,,,,
20150925,11,AQI,108,93,116,115,102,102,,94,83,111,93,93,115,111,110,120,99,,88,,70,64,105,77,80,46,75,94,132,111,115,112,100,113,95
20150925,12,PM2.5,3,16,12,6,8,18,3,,3,9,,6,4,8,13,6,14,13,12,,,9,,,,6,4,17,9,24,10,8,6,14,6
20150925,12,PM10,5,,,,,,103,,5,,7,,5,,,,,,,,5,,5,5,5,,5,,,,,,,,
20150925,12,AQI,97,90,101,104,93,93,98,91,76,105,89,85,107,101,98,112,89,82,82,,62,65,106,74,73,44,67,85,119,100,108,107,91,103,88
20150925,13,PM2.5,9,16,7,,9,17,3,3,3,7,,6,3,8,6,6,20,,4,,5,6,,8,,,3,18,3,10,,4,9,12,5
20150925,13,PM10,21,,,5,,,57,5,5,,10,9,5,,,,,5,10,,6,8,5,11,,5,5,,5,,5,5,,,16
20150925,13,AQI,87,83,91,95,84,85,86,81,68,99,83,73,97,90,87,103,82,77,75,,55,61,108,66,73,69,60,76,105,87,90,88,84,93,79
20150925,14,PM2.5,5,6,15,5,5,15,7,3,,7,14,6,6,9,3,12,6,15,8,,5,3,,5,,4,,12,6,9,,6,7,11,4
20150925,14,PM10,19,,,5,5,,38,5,5,21,18,12,10,18,5,26,,,,,,5,19,13,,5,5,,32,22,5,,10,14,9
20150925,14,AQI,76,73,80,83,74,75,74,71,61,84,73,64,87,81,76,82,73,69,68,,50,56,109,57,73,61,56,68,93,77,82,77,72,82,70
20150925,15,PM2.5,3,5,6,9,5,5,3,3,,5,4,5,3,6,,10,4,22,4,,9,6,,8,3,3,3,4,9,12,3,5,3,11,3
20150925,15,PM10,8,10,,,,5,31,5,5,,17,15,17,15,5,,5,,8,,12,,,16,,5,5,24,,37,5,6,11,,13
20150925,15,AQI,66,63,70,71,64,64,62,60,52,77,64,60,78,73,68,74,63,61,58,,36,53,112,48,68,55,48,59,83,71,70,66,62,73,60
20150925,16,PM2.5,,3,13,6,3,3,3,3,4,3,7,3,10,4,7,6,6,,6,,4,,,3,,3,,13,4,13,12,7,4,12,8
20150925,16,PM10,5,6,,,5,6,26,5,5,5,14,16,30,15,,,,15,10,,21,5,60,12,,5,5,,50,18,,7,8,,11
20150925,16,AQI,57,54,60,60,53,54,55,49,41,71,56,57,70,65,59,48,55,53,49,,35,41,111,37,55,50,42,52,75,68,60,57,52,66,51
20150925,17,PM2.5,3,,7,3,4,,3,4,,5,16,8,7,6,7,3,,9,5,4,9,,7,12,,4,8,11,18,13,4,10,5,9,6
20150925,17,PM10,8,16,,10,5,5,25,6,5,21,,27,18,23,,17,15,20,29,6,,6,29,22,,5,,48,165,,11,,18,22,11
20150925,17,AQI,48,47,52,50,42,47,52,37,32,62,48,50,62,58,53,40,47,42,39,20,24,31,96,27,,28,34,52,69,66,52,52,43,63,42
20150925,18,PM2.5,7,13,15,7,6,9,4,5,,7,12,11,11,3,6,11,5,5,6,3,8,6,5,8,,,3,17,3,15,10,9,9,14,7
20150925,18,PM10,17,38,18,46,,,27,10,23,57,22,57,,30,35,29,20,27,24,18,20,15,29,51,,16,16,96,55,121,30,18,23,54,7
20150925,18,AQI,39,38,43,39,32,37,51,27,25,54,40,38,56,50,51,33,36,32,30,17,23,21,91,20,,19,27,55,65,69,41,40,34,54,33
20150925,19,PM2.5,13,11,14,22,5,7,9,7,,8,9,26,10,18,16,16,17,14,11,14,13,20,13,9,,3,12,27,5,14,13,7,11,16,9
20150925,19,PM10,40,40,41,84,18,19,30,35,17,54,19,79,37,57,68,86,31,49,66,23,88,75,45,34,,28,15,206,,58,45,35,29,77,38
20150925,19,AQI,33,32,38,33,28,32,49,26,21,54,32,38,49,41,52,49,45,40,26,26,27,41,87,21,,15,21,63,65,67,36,34,31,55,36
20150925,20,PM2.5,35,17,19,22,14,13,10,10,,15,10,40,31,15,13,25,22,14,10,15,16,25,16,8,,4,9,23,20,30,22,23,27,21,21
20150925,20,PM10,61,54,32,69,42,27,39,54,5,63,53,128,73,72,92,79,59,40,63,37,19,103,68,18,,15,14,99,31,93,122,81,71,103,97
20150925,20,AQI,51,32,37,36,47,42,48,28,22,55,29,46,47,47,54,54,51,32,29,29,27,32,81,20,,14,20,64,62,63,44,58,48,57,53
20150925,21,PM2.5,44,13,35,41,26,35,18,15,4,16,3,37,25,27,30,48,25,9,7,19,7,15,36,6,,8,13,17,17,26,47,44,40,32,12
20150925,21,PM10,73,32,74,77,77,54,76,62,16,92,23,85,76,101,105,138,105,23,24,59,,41,81,19,,11,13,44,18,75,118,146,94,116,51
20150925,21,AQI,52,34,44,40,52,50,50,30,18,56,26,49,38,46,58,57,47,31,29,27,27,27,79,20,,14,20,62,59,57,51,74,48,61,44
20150925,22,PM2.5,36,16,36,46,39,34,29,13,9,21,11,30,12,46,29,43,21,13,6,12,9,11,23,10,,6,3,27,15,32,41,52,56,39,21
20150925,22,PM10,49,55,64,80,107,61,89,41,19,105,34,40,31,134,102,116,66,,12,36,12,39,82,13,,10,6,42,,85,104,145,125,139,49
20150925,22,AQI,52,32,47,41,53,49,52,25,16,55,25,49,34,49,61,61,48,30,28,27,26,28,75,20,,13,19,63,59,59,54,69,47,62,41
20150925,23,PM2.5,64,33,29,37,41,40,31,18,6,33,12,19,13,44,36,50,33,9,5,21,22,10,32,6,,7,9,24,15,37,67,56,52,51,43
20150925,23,PM10,124,57,60,91,111,80,84,67,23,158,61,54,24,123,68,150,63,24,19,36,32,26,87,8,,9,,41,25,118,179,165,123,165,94
20150925,23,AQI,47,35,49,49,49,48,53,28,21,60,27,48,32,53,61,66,50,29,27,28,26,28,62,19,,13,19,61,57,61,60,80,49,67,47
