date,hour,type,dongsi,tiantan,guanyuan,wanshouxigong,aotizhongxing,nongzhanguan,wanliu,beibuxingqu,zhiwuyuan,fentaihuayuan,yungang,gucheng,fangshan,daxing,yizhuang,tongzhou,shunyi,changping,mengtougou,pinggu,huairou,miyun,yanqing,dingling,badaling,miyunshuiku,donggaocun,yongledian,yufa,liulihe,qianmeng,yongdingmengxi,xizhimengbei,nansanhuan,dongsihuan
20150929,0,SO2,10,8,4,5,8,4,2,2,2,2,2,2,5,5,7,4,2,2,2,2,2,2,2,2,2,2,2,2,2,3,9,7,2,8,12
20150929,0,NO2,77,85,82,75,92,81,57,32,27,82,45,59,56,78,91,77,60,23,25,17,38,41,30,9,60,14,17,55,58,47,82,89,100,94,84
20150929,0,O3,2,2,2,2,2,2,2,2,19,2,2,3,2,3,2,2,2,26,14,26,2,2,7,25,2,17,26,2,2,2,2,5,,2,2
20150929,0,CO,2.5,2.1,2.1,2.4,2.2,2.3,1.5,1,1.1,1.8,1.2,1.2,1.4,2.5,2.2,1.7,1.5,1.2,1,1.3,1.5,1.6,0.6,0.9,0.8,1.4,1.3,1.8,2.5,1.1,2.5,2.2,1.9,2.1,2.5
20150929,1,SO2,9,9,5,6,8,4,2,2,2,4,2,2,5,4,7,3,,2,2,2,2,2,2,2,2,2,2,2,2,3,10,8,2,8,9
20150929,1,NO2,68,76,81,71,92,73,55,32,50,85,45,56,61,75,84,68,,22,31,16,32,37,27,9,51,12,16,55,50,47,77,84,96,86,75
20150929,1,O3,2,2,2,2,2,2,2,2,10,2,2,3,2,3,2,2,,20,14,32,2,2,2,25,13,17,32,2,2,2,2,6,,2,2
20150929,1,CO,2.2,1.9,2.1,2.1,2.3,1.9,1.5,1,1.3,2.2,1.1,1.2,1.3,2.4,2,1.5,,1.1,1.1,1.2,1.4,1.5,0.6,0.9,0.9,1.3,1.2,1.7,2.5,1.1,2.2,2,1.9,2,1.9
20150929,2,SO2,8,9,5,6,8,6,4,2,2,7,2,2,5,5,7,6,2,2,2,2,2,2,2,2,2,2,2,2,5,3,9,10,6,7,8
20150929,2,NO2,62,73,75,63,85,67,63,33,47,82,52,62,66,70,74,64,55,19,29,34,14,32,22,9,55,9,13,53,57,50,69,76,90,77,70
20150929,2,O3,2,2,2,2,2,2,2,2,5,2,2,2,2,2,2,2,2,15,5,6,2,2,8,21,10,20,20,2,2,2,2,3,,2,2
20150929,2,CO,2,1.8,1.9,1.8,2.1,1.7,1.6,1.1,1.4,2.3,1.3,1.4,1.5,2.3,1.8,1.5,1.4,1,0.7,1.3,1.1,1.3,0.5,0.9,0.9,1.2,1.3,1.7,2.4,1,1.9,1.8,1.9,1.8,1.7
20150929,3,SO2,7,10,5,6,9,4,4,2,2,5,2,2,5,5,7,6,2,2,2,2,2,2,2,2,2,2,2,2,4,3,7,11,5,7,5
20150929,3,NO2,55,72,61,59,85,58,63,47,54,67,55,61,67,63,69,57,47,35,27,30,16,29,17,8,64,6,12,55,49,50,63,71,83,77,61
20150929,3,O3,2,2,2,2,2,2,2,2,5,2,2,2,2,2,2,2,2,5,2,4,2,2,10,23,4,25,17,2,2,2,2,5,,2,2
20150929,3,CO,1.9,1.6,1.6,1.7,2.1,1.6,1.6,1.3,1.3,1.5,1.5,1.4,1.6,2,1.6,1.5,1.3,1.2,0.1,1.2,1,1.3,0.5,0.9,0.9,1.1,1.1,1.8,2.2,1.1,1.5,1.6,1.5,1.4,1.6
20150929,4,SO2,6,8,5,4,7,4,,2,2,2,2,2,5,6,6,6,2,2,2,2,2,2,2,2,2,2,2,2,3,3,6,10,5,7,8
20150929,4,NO2,56,64,68,54,68,55,56,39,44,59,53,57,67,60,64,52,43,41,26,28,11,17,17,15,66,7,12,49,47,49,59,67,84,69,63
20150929,4,O3,2,2,2,2,2,2,,2,10,2,2,2,2,2,2,2,2,2,10,2,2,13,19,12,2,24,13,2,2,2,2,2,,3,2
20150929,4,CO,1.9,1.6,1.6,1.7,1.9,1.5,1.6,1.3,1.4,1.5,1.5,1.5,1.6,1.9,1.6,1.4,1.2,1.3,0.7,1.2,1,1.1,0.4,0.9,1,1.1,1.1,1.8,2.2,1.1,1.4,1.6,1.6,1.5,1.6
20150929,5,SO2,5,7,4,,6,4,,2,2,2,2,,6,6,5,5,2,3,2,2,2,2,2,2,2,2,2,2,5,3,6,8,3,6,6
20150929,5,NO2,58,62,59,53,52,59,35,37,28,63,51,26,64,57,59,51,33,45,,22,22,25,9,17,40,5,10,46,48,54,68,57,62,63,58
20150929,5,O3,2,2,2,2,2,2,2,2,21,2,2,10,2,2,2,2,2,2,2,6,2,12,26,8,14,25,13,2,2,2,2,2,,2,2
20150929,5,CO,2,1.5,1.6,1.7,1.7,1.6,,1.4,1.3,1.6,1.5,0.8,1.6,1.9,1.6,1.4,1.1,1.3,1.1,1.1,0.9,1.1,0.4,0.9,1.1,1.1,1.1,1.6,2.3,1.2,1.5,1.6,1.4,1.4,1.5
20150929,6,SO2,4,5,2,2,,4,2,2,2,2,2,2,5,4,4,5,2,3,2,2,2,2,2,2,2,2,2,2,3,,4,8,3,7,4
20150929,6,NO2,50,59,51,52,46,56,30,36,16,53,39,34,58,51,51,61,25,48,36,17,15,35,10,11,49,6,10,44,46,,64,74,56,60,45
20150929,6,O3,2,2,2,2,4,2,2,2,20,2,4,5,2,2,2,2,9,2,2,11,8,2,25,9,6,19,13,2,2,,2,2,,2,2
20150929,6,CO,1.9,1.7,1.6,,,1.6,,1.4,1.2,1.7,1.5,,1.6,2,1.6,1.5,1,1.4,1.5,1.1,1,1.2,0.4,0.9,1,1.1,1.1,1.5,2.5,,1.5,1.7,1.5,1.6,1.4
20150929,7,SO2,3,5,2,2,5,3,2,2,2,2,2,2,5,3,3,5,2,3,2,2,2,2,2,2,2,2,2,2,3,,2,8,4,11,4
20150929,7,NO2,43,50,45,46,43,47,31,33,11,48,38,32,46,45,52,59,29,46,34,19,17,30,19,10,48,6,8,44,46,,50,65,53,65,40
20150929,7,O3,2,2,3,,,2,,2,23,2,3,,5,2,2,2,7,2,2,10,5,12,15,8,6,22,13,2,2,,2,2,,2,2
20150929,7,CO,1.7,1.6,1.5,1.6,1.4,1.4,1.5,1.4,1.1,1.6,1.5,0.2,1.5,2,1.7,1.5,1,1.5,1.5,1,1,1.2,0.5,0.9,1.1,1,1.1,1.5,2.4,,1.4,1.6,1.4,1.9,1.3
20150929,8,SO2,2,4,2,2,5,2,2,2,2,2,2,2,5,3,3,4,2,3,2,2,2,2,2,2,2,2,2,2,2,,2,7,2,14,5
20150929,8,NO2,44,47,45,,,40,,30,10,50,34,,46,53,54,55,31,43,31,21,20,31,32,17,41,6,10,40,43,,48,60,60,71,48
20150929,8,O3,3,2,8,8,10,4,,2,19,2,6,6,4,2,2,2,12,2,2,11,2,13,8,7,12,21,10,2,2,,2,2,,2,2
20150929,8,CO,1.7,1.5,1.4,1.4,1.3,1.2,1.4,1.4,1.1,1.6,1.4,0.8,1.6,2.3,1.8,1.4,1,1.5,1.4,1,1.1,1.2,0.6,1,1.2,1,1.1,1.5,2.3,,1.3,1.5,1.3,2,1.4
20150929,9,SO2,2,4,2,2,4,2,2,2,2,2,2,2,5,3,3,5,2,3,2,2,2,2,2,2,2,2,2,2,2,9,2,5,3,13,3
20150929,9,NO2,45,55,49,43,50,39,,33,8,57,35,40,45,56,59,55,36,49,31,24,23,31,37,28,34,5,12,39,45,22,52,65,62,67,42
20150929,9,O3,3,2,2,4,7,4,2,5,21,2,7,15,7,3,3,2,7,2,6,11,2,12,8,4,28,18,14,2,2,14,2,2,,2,2
20150929,9,CO,1.7,1.5,1.4,1.4,1.4,1.2,1.2,1.3,1.1,1.5,1.4,1.3,1.5,2,1.5,1.5,1,1.7,1.4,1.1,1.1,1.2,0.7,1.1,1.1,1,1.1,1.4,2.2,1.1,1.3,1.5,1.3,2,1.1
20150929,10,SO2,2,4,2,2,4,2,2,2,2,2,2,2,5,3,3,4,2,3,2,2,2,2,2,2,2,2,2,2,2,2,2,6,3,8,3
20150929,10,NO2,45,50,47,40,52,43,37,32,11,56,36,43,54,58,55,58,42,50,31,35,19,26,30,38,32,5,27,43,37,36,57,64,62,61,44
20150929,10,O3,4,11,9,11,8,4,4,10,27,2,12,12,6,4,8,2,2,6,15,2,3,12,20,7,35,17,2,3,6,19,2,3,,2,2
20150929,10,CO,1.7,1,1.3,1.2,1.4,1.3,1.2,1.2,1.1,1.3,1.3,1.3,1.5,1.6,1.1,1.3,1.1,,1.3,1.1,1,1.2,0.8,1.3,1.1,1,1.2,1.2,1.6,1.6,1.2,1.3,1.4,1.5,1.1
20150929,11,SO2,2,3,2,2,,2,2,2,,2,2,2,4,3,2,4,2,3,2,2,2,2,2,2,2,2,2,2,2,2,2,6,4,5,3
20150929,11,NO2,48,50,50,41,51,44,41,32,17,54,42,45,55,55,51,57,43,49,27,38,9,24,22,44,31,4,33,48,34,42,59,65,69,63,54
20150929,11,O3,10,9,9,11,14,10,2,10,24,2,8,12,12,4,11,3,4,6,22,2,6,14,35,8,38,22,2,5,8,13,2,7,,2,4
20150929,11,CO,1.5,0.9,1.2,1,1.3,1,1.3,1.2,0.9,1.1,1.3,1.2,1.3,1.4,1,1,1.1,,0.9,1.2,1,1.1,0.7,1.4,0.8,1,1.2,1.1,1.5,1.4,1.1,1.1,1.5,1.3,1.2
20150929,12,SO2,2,3,2,2,3,2,2,2,2,2,2,2,4,3,3,2,2,3,2,2,2,2,2,2,2,2,2,2,2,2,2,6,3,5,4
20150929,12,NO2,48,55,46,39,48,38,39,30,24,50,38,39,49,56,52,47,36,,27,30,9,16,28,33,30,3,25,41,36,42,56,60,71,63,52
20150929,12,O3,11,8,15,18,20,20,6,18,25,2,17,23,19,8,16,4,17,,25,17,19,18,37,27,39,24,16,11,9,18,6,15,,4,7
20150929,12,CO,1.5,1,1.1,1,,0.9,1.2,1,0.8,0.9,1,1.1,1,1.3,1,0.6,0.8,5.7,0.8,0.9,0.9,1.1,,1.1,0.6,1,1.1,1,1.5,1,1,1,1.3,1.2,1.1
20150929,13,SO2,2,3,2,2,4,2,2,2,2,2,2,2,4,3,3,3,2,2,2,2,2,2,2,2,2,2,2,2,2,2,2,6,3,5,5
20150929,13,NO2,37,52,42,41,40,34,34,29,29,48,37,43,49,53,45,52,20,,31,19,6,12,20,10,35,4,18,36,27,39,54,61,61,87,63
20150929,13,O3,24,18,21,19,,29,15,17,23,2,18,19,19,13,25,,33,39,19,34,36,30,47,59,37,34,34,19,22,21,8,19,,6,10
20150929,13,CO,1.3,0.9,1,1,1,0.9,1,0.9,0.8,0.9,0.9,0.9,0.9,1.2,0.9,0.8,0.6,0.6,0.7,0.7,0.7,0.9,,0.5,0.4,0.8,0.8,1,,0.8,1,1,1.1,1.6,1.1
20150929,14,SO2,2,4,2,2,4,2,2,2,2,2,2,2,4,3,3,3,2,2,2,2,2,2,2,2,2,2,4,2,2,2,2,7,2,6,5
20150929,14,NO2,46,55,39,41,,46,37,34,25,52,40,44,55,54,47,45,21,,29,19,7,12,15,6,32,3,16,40,29,41,58,63,63,76,69
20150929,14,O3,17,15,24,17,28,18,13,10,24,2,14,17,12,10,23,7,35,40,19,39,35,36,57,49,42,42,44,17,22,20,6,12,,5,4
20150929,14,CO,1.2,0.9,0.9,1,0.9,0.9,0.9,0.9,0.8,0.9,0.9,0.9,0.9,1.2,0.9,0.8,0.6,0.5,0.7,0.6,0.6,0.7,,0.4,0.4,0.7,0.6,0.9,1.5,0.7,0.9,1,1.1,1.5,1.2
20150929,15,SO2,2,4,2,2,3,2,2,2,2,2,2,2,4,3,3,3,2,2,2,2,2,2,2,2,2,2,3,2,3,2,2,4,2,5,4
20150929,15,NO2,48,63,48,45,,45,32,34,28,56,41,41,53,51,56,48,27,,37,21,9,14,17,6,46,3,16,40,29,38,57,70,58,65,64
20150929,15,O3,13,9,12,14,24,20,18,11,29,2,13,20,10,13,8,6,26,32,13,29,37,34,57,53,28,35,32,17,22,23,6,11,,4,7
20150929,15,CO,1.2,1,0.9,1,0.9,0.8,0.8,0.8,0.7,0.9,0.8,0.9,0.9,1.2,1.7,0.8,0.6,0.5,0.7,0.6,0.6,0.6,,0.4,0.4,0.7,0.7,0.9,1.4,0.6,0.9,1.1,0.9,1.4,1.1
20150929,16,SO2,2,,2,2,3,2,2,2,2,2,2,2,4,3,3,,2,,2,2,2,2,2,2,2,2,2,2,3,2,2,5,2,6,3
20150929,16,NO2,49,,50,46,55,38,35,30,25,58,42,40,52,59,57,,29,,32,26,11,17,,6,52,5,23,34,29,42,58,70,62,69,63
20150929,16,O3,13,10,9,13,21,26,14,22,36,2,14,20,11,8,8,2,25,,16,24,27,32,47,55,23,28,22,26,21,20,5,8,,2,8
20150929,16,CO,1.2,0.9,,1,0.9,0.7,0.8,0.6,0.6,0.9,0.8,0.8,0.9,1.1,0.9,0.8,0.6,0.5,0.7,0.6,0.6,0.6,,0.4,0.4,0.6,0.7,0.9,1.3,0.5,0.9,1,1,1.2,0.8
20150929,17,SO2,2,4,2,2,3,2,2,2,2,2,2,2,3,2,3,3,2,2,2,2,2,2,2,2,2,2,2,2,3,2,2,5,2,5,3
20150929,17,NO2,42,64,51,46,54,47,44,37,23,58,42,38,53,61,64,58,40,22,37,31,9,23,20,10,48,4,22,39,34,39,50,70,65,82,71
20150929,17,O3,24,12,9,16,22,17,5,13,39,9,15,26,12,4,4,2,13,,13,18,24,25,49,57,26,28,22,23,14,23,17,12,,4,5
20150929,17,CO,1,0.9,0.8,0.9,0.9,0.7,0.7,0.6,0.5,0.8,0.8,0.7,0.9,1.1,0.9,0.8,0.5,0.5,0.7,0.6,0.6,0.7,0.4,0.4,0.4,0.6,0.7,0.9,1.2,0.5,0.6,1,0.9,1.4,0.9
20150929,18,SO2,2,3,2,2,4,2,2,2,2,2,2,2,3,2,3,3,2,2,2,2,2,2,2,2,2,2,2,2,2,2,2,5,2,5,3
20150929,18,NO2,47,66,52,50,49,55,42,40,18,62,37,39,51,64,70,63,39,27,35,30,13,21,32,8,67,3,21,44,48,46,60,74,64,75,70
20150929,18,O3,14,7,8,12,26,11,9,11,46,4,23,30,16,4,2,2,15,,16,16,23,24,35,55,5,42,17,20,2,14,4,6,,4,4
20150929,18,CO,1.1,0.9,0.8,0.9,1,0.7,0.7,0.6,0.4,0.8,0.6,0.7,0.8,1.1,0.9,0.7,0.4,0.6,0.6,0.5,0.6,0.6,0.4,0.4,0.4,0.6,0.6,1.1,1.2,0.4,0.7,0.9,0.8,1.1,0.8
20150929,19,SO2,2,4,2,2,4,2,2,2,2,2,2,2,3,2,3,3,2,2,2,2,2,2,2,2,2,2,2,2,2,3,2,6,2,6,2
20150929,19,NO2,48,65,59,51,60,61,33,38,15,63,39,55,51,64,71,71,38,34,34,29,13,34,29,11,57,4,19,52,55,45,55,71,74,72,64
20150929,19,O3,13,8,2,9,13,7,19,8,41,7,19,14,15,2,2,2,12,20,20,18,24,15,34,52,9,35,23,10,2,16,7,2,,2,3
20150929,19,CO,1.1,0.9,0.8,0.9,0.9,0.7,0.6,0.6,0.4,0.8,0.6,0.8,0.7,1.1,0.9,0.7,0.4,0.6,0.5,0.5,0.6,0.7,0.5,0.4,0.4,0.6,0.6,1.2,1.2,0.4,0.7,0.8,0.9,1,0.6
20150929,20,SO2,2,3,2,2,3,2,2,2,2,2,2,2,3,2,3,3,2,2,2,2,2,2,2,2,2,2,2,2,2,2,2,4,2,7,2
20150929,20,NO2,50,71,54,59,79,55,34,41,11,58,34,51,55,64,69,69,42,46,31,36,7,40,23,13,57,5,30,52,57,37,67,79,72,76,64
20150929,20,O3,11,2,6,3,3,11,15,2,43,11,22,9,11,2,3,2,8,4,20,5,25,10,37,40,6,27,2,6,2,21,2,2,,2,2
20150929,20,CO,1.1,0.9,0.8,0.9,1.1,0.7,0.6,0.6,0.4,0.7,0.6,0.7,0.7,1.1,0.9,0.7,0.5,0.7,0.5,0.6,0.6,0.7,0.5,0.4,0.4,0.6,0.6,1,1.2,0.3,0.7,0.9,0.8,1.1,0.6
20150929,21,SO2,2,3,2,2,4,2,2,2,2,2,2,2,4,2,3,2,2,2,2,2,2,2,2,2,2,2,2,2,2,2,2,5,2,7,2
20150929,21,NO2,56,71,49,49,74,61,37,43,9,66,28,43,51,63,67,66,33,33,27,31,10,26,22,11,46,4,29,55,57,38,66,74,70,72,63
20150929,21,O3,4,2,8,9,4,6,13,2,48,2,26,15,8,2,3,2,15,11,17,8,12,18,40,27,8,28,2,5,2,15,2,2,,2,2
20150929,21,CO,1.1,0.9,0.7,0.9,0.9,0.7,0.6,0.6,0.4,0.8,0.5,0.6,0.7,1.1,0.9,0.7,0.4,0.7,0.5,0.5,0.7,0.7,0.5,0.4,0.4,0.6,0.6,0.7,1.3,0.4,0.7,0.8,0.8,1.1,0.5
20150929,22,SO2,2,3,2,2,3,2,,2,,2,2,2,4,2,3,3,2,,2,2,,,2,2,2,,2,2,2,2,,6,2,5,2
20150929,22,NO2,52,62,50,42,67,60,,43,,63,24,40,43,,67,63,30,,19,28,,,38,9,59,,26,47,53,40,,73,69,65,63
20150929,22,O3,7,2,7,13,7,4,12,2,44,2,31,17,15,2,3,2,13,,18,7,,,11,27,2,29,2,10,2,7,2,2,,3,2
20150929,22,CO,1.1,0.7,0.7,0.8,0.9,0.7,,0.6,0.4,0.7,0.4,0.6,0.6,,0.9,0.6,0.4,0.7,0.4,0.5,0.8,0.8,0.6,0.4,0.4,,0.6,0.5,1.2,0.4,,0.8,0.8,0.9,0.5
20150929,23,SO2,2,3,2,2,3,2,2,2,2,2,2,2,5,2,3,3,2,2,2,2,2,2,2,2,2,2,2,2,2,3,2,5,2,5,2
20150929,23,NO2,51,60,49,43,71,60,41,42,6,63,29,38,50,55,67,61,35,35,19,28,10,29,45,12,53,4,21,62,53,39,58,72,71,69,62
20150929,23,O3,5,2,6,9,2,2,3,2,28,2,30,12,9,4,3,2,3,8,11,5,8,3,2,25,6,29,6,2,2,2,2,2,,2,2
20150929,23,CO,1.1,0.7,0.7,0.8,0.9,0.7,0.6,0.5,0.5,0.8,0.5,0.7,0.6,0.9,0.8,0.6,0.5,0.6,0.4,0.5,0.7,0.7,0.5,0.4,0.3,0.6,0.6,0.6,1.2,0.4,0.6,0.8,0.7,1.1,0.5
20150929,0,PM2.5,81,63,73,73,82,91,69,41,47,59,44,62,55,66,99,81,71,48,45,54,57,59,,39,,58,54,71,56,50,78,61,69,65,89
20150929,0,PM10,105,72,,98,,94,,47,,89,57,,,105,136,118,,,,,,,34,45,28,,,,,63,79,77,84,93,136
20150929,0,AQI,72,61,71,68,73,70,68,54,38,68,59,68,67,67,94,72,71,56,53,69,64,68,34,50,30,58,70,90,66,61,70,68,71,70,78
20150929,1,PM2.5,78,70,73,74,80,86,71,44,58,69,47,65,56,67,97,69,,41,54,48,48,56,,40,,56,48,72,60,51,82,71,75,72,80
20150929,1,PM10,85,73,79,75,,,,47,,,50,,,94,111,82,,,,,,,31,44,26,,,83,,,141,79,94,94,103
20150929,1,AQI,75,64,74,71,76,73,70,55,41,70,60,70,69,69,98,73,,56,54,69,65,70,33,51,27,60,70,90,68,62,73,71,74,72,80
20150929,2,PM2.5,74,75,82,77,80,80,77,45,59,69,52,73,62,69,86,77,65,44,41,55,46,55,,48,,46,46,74,73,54,80,74,76,71,77
20150929,2,PM10,,,,,,,,,,,58,77,,98,,84,72,,,,,,27,,27,,,,,,82,75,78,77,93
20150929,2,AQI,78,67,77,74,79,77,73,56,44,73,62,73,71,72,101,76,74,57,55,70,66,71,33,52,28,62,71,90,71,64,76,74,77,75,83
20150929,3,PM2.5,75,68,69,73,85,78,72,55,66,70,66,74,64,67,94,70,68,51,41,56,44,54,,42,,44,45,71,68,55,81,65,72,74,79
20150929,3,PM10,78,72,,,,,,56,,,,,,88,,75,,,41,,,,24,,31,,,,,,94,,,,85
20150929,3,AQI,80,69,79,76,82,79,75,57,47,75,64,76,73,75,105,78,77,58,56,71,67,73,33,54,33,63,71,91,72,65,79,76,79,78,86
20150929,4,PM2.5,74,75,72,73,81,77,79,59,67,67,62,78,65,63,98,66,67,51,49,55,44,44,,38,3,49,43,77,64,58,73,69,84,67,76
20150929,4,PM10,,,,,,,,,,,,,,74,,,,,,,,,20,,32,,,77,,63,,73,,78,
20150929,4,AQI,83,72,81,79,85,82,78,59,51,78,66,78,75,77,108,80,79,59,57,73,68,74,33,55,33,65,71,92,74,68,81,78,82,80,88
20150929,5,PM2.5,71,67,78,72,75,70,73,59,65,65,63,80,66,62,90,70,71,56,65,56,39,54,,39,3,44,42,62,60,65,70,70,69,69,75
20150929,5,PM10,71,,,,,,,,,124,,,,75,96,95,,,,,,,19,39,38,,,,,,78,,,76,
20150929,5,AQI,85,73,84,81,87,84,81,61,54,80,68,82,78,79,109,82,81,61,60,73,69,75,32,55,28,66,70,91,75,70,83,79,84,82,91
20150929,6,PM2.5,68,70,72,67,70,72,69,60,62,71,71,79,73,63,109,75,62,65,66,52,46,51,,30,3,46,41,64,61,,69,69,74,67,71
20150929,6,PM10,,,,76,,,,,,91,,,,70,,92,,,,,,,21,36,34,,,75,,,84,80,,87,
20150929,6,AQI,87,75,86,83,90,86,83,63,56,82,71,84,80,80,111,84,82,63,62,73,70,77,31,56,29,68,69,91,76,,85,81,87,83,92
20150929,7,PM2.5,67,74,73,67,64,70,65,60,42,69,64,73,74,56,100,69,57,59,66,51,47,54,,49,3,47,44,68,58,,75,70,66,79,64
20150929,7,PM10,,,,,,,,,,,,,,,,73,,,,,47,,20,,28,,,77,,,,,,82,
20150929,7,AQI,88,77,88,85,91,88,85,64,58,84,73,86,82,80,110,84,83,65,64,73,71,78,31,58,29,69,68,91,77,,86,83,88,85,93
20150929,8,PM2.5,60,58,61,67,56,61,57,59,37,66,62,71,71,64,101,69,60,64,60,54,51,53,,27,3,48,49,71,55,,62,70,58,76,59
20150929,8,PM10,,,,,,,,,,,,,,,,,,,,,,,27,35,33,,,73,,,64,,,114,
20150929,8,AQI,88,77,88,85,91,88,86,66,59,86,74,88,84,81,110,84,84,67,66,73,71,78,30,58,29,70,67,89,77,,86,83,89,85,93
20150929,9,PM2.5,56,59,59,62,54,54,54,63,39,61,58,63,70,62,26,68,59,72,54,51,47,53,,43,3,45,43,71,60,,62,63,56,73,52
20150929,9,PM10,,,,,,,,,,,,,,,,,,,,,,,51,44,45,,,,,,,,,103,
20150929,9,AQI,87,77,88,85,90,87,87,68,60,86,75,89,85,80,104,83,84,69,67,73,70,78,30,59,30,71,67,89,77,76,86,82,89,85,92
20150929,10,PM2.5,52,43,48,50,57,53,50,57,,52,56,60,63,47,17,61,62,71,50,59,48,57,,60,3,48,57,62,39,35,55,42,54,51,48
20150929,10,PM10,,,,,,,,,25,,,,,,18,,,,,,,,37,,36,,,,,,,,,,
20150929,10,AQI,85,74,86,82,88,85,86,69,11,84,76,89,85,78,99,84,84,71,68,74,69,77,30,61,30,71,68,88,75,75,83,80,87,83,89
20150929,11,PM2.5,36,38,45,29,45,41,51,53,,37,56,54,,36,42,,64,64,31,61,37,56,,68,,44,58,56,44,54,45,33,55,39,53
20150929,11,PM10,,,,,,,,,,,,,12,,,10,,,,,58,,21,,20,,,,,58,,,,,
20150929,11,AQI,83,73,83,80,87,84,84,70,10,81,76,90,85,76,95,84,84,71,68,74,68,76,30,63,30,70,69,88,73,75,81,78,85,81,89
20150929,12,PM2.5,34,36,37,26,44,37,42,39,26,29,38,49,,36,60,,47,,27,51,33,51,,80,3,42,55,48,45,45,35,31,40,31,42
20150929,12,PM10,36,,,,,,,,,,,,,,,344,,,,,,,13,,9,,,,,,67,,,,
20150929,12,AQI,82,72,82,78,86,83,82,68,60,79,75,89,85,75,95,86,84,71,68,75,67,76,29,65,29,69,69,88,72,73,80,77,84,80,88
20150929,13,PM2.5,40,41,42,39,37,38,45,34,33,26,35,40,27,36,58,,32,16,26,39,19,33,,17,3,37,46,39,35,34,42,35,47,38,42
20150929,13,PM10,,,,,,,,,,,,,71,,,,,,,,,,7,,5,,,,,,,,,,
20150929,13,AQI,81,72,81,78,85,82,82,67,60,78,73,87,83,74,96,87,84,70,66,75,66,75,28,64,28,69,69,88,71,70,80,76,83,79,89
20150929,14,PM2.5,37,33,35,33,34,39,36,35,35,28,33,39,22,34,,27,29,,24,28,14,18,,7,3,26,27,41,33,27,36,33,40,32,42
20150929,14,PM10,,,,,,,,,,,,,50,,6,,,,,,,,5,8,15,,,,,,,,,,
20150929,14,AQI,80,71,80,77,84,81,80,67,59,77,73,86,81,73,97,86,82,70,65,74,65,74,27,62,28,68,68,88,70,68,80,75,83,78,89
20150929,15,PM2.5,35,49,33,32,30,40,26,35,34,29,34,36,27,27,,35,34,10,25,30,13,23,,14,3,23,26,40,27,22,43,37,35,38,38
20150929,15,PM10,,,,,,,,,,44,,,49,,47,,,,,,14,,7,,16,,,,,,54,,,,
20150929,15,AQI,80,71,79,76,83,81,79,67,59,76,72,85,79,72,97,85,81,68,64,73,63,72,26,60,28,66,67,87,70,66,79,75,82,77,89
20150929,16,PM2.5,29,32,,34,31,25,29,17,24,31,32,37,32,34,23,34,30,,27,30,18,10,,,,25,30,31,27,23,,38,29,38,30
20150929,16,PM10,,,,,,,,,,,,,43,,,,,,,,,10,11,,,,,,,,,,,,
20150929,16,AQI,,,,,,,,,,,,,,,,,,,,,,,,,,,,,,,,,,,
20150929,17,PM2.5,24,16,28,27,25,25,24,17,21,26,31,29,32,33,32,33,25,12,29,28,13,18,,,3,20,31,29,25,21,30,30,21,30,28
20150929,17,PM10,,,,,,,,,,,,,37,,,,,,,,16,18,6,9,49,,,,28,,,,,,
20150929,17,AQI,77,70,77,75,81,78,76,64,57,73,69,82,76,71,91,83,78,64,61,70,60,68,24,57,28,63,64,83,68,63,79,74,79,76,89
20150929,18,PM2.5,27,20,27,29,29,24,23,19,11,24,23,23,28,25,32,26,17,17,22,23,15,17,,,,20,29,30,33,26,31,26,23,27,27
20150929,18,PM10,27,23,,,,,,,,,,,30,,,,,,,,,,8,5,15,,,,34,,70,,,,
20150929,18,AQI,76,69,75,73,80,77,74,63,56,72,68,80,74,70,91,82,76,63,60,68,59,66,24,59,34,62,63,82,68,61,78,73,76,75,90
20150929,19,PM2.5,30,29,29,28,26,24,20,18,9,23,17,33,27,30,33,26,18,17,19,26,17,19,,9,,16,34,35,26,23,30,27,30,27,29
20150929,19,PM10,,,,,,,,,,,,,28,,,,,,,,,20,13,,12,,,38,28,,59,,,33,
20150929,19,AQI,74,69,74,72,78,76,72,62,55,70,66,78,73,69,91,80,73,61,58,67,57,64,23,57,29,60,62,80,66,59,77,72,75,73,91
20150929,20,PM2.5,35,23,25,28,27,27,23,22,10,24,18,27,26,30,35,32,23,27,19,29,16,23,4,17,3,18,34,38,27,20,24,32,23,37,20
20150929,20,PM10,,27,,,,,,,,,,,29,,,,,,,,,,16,,9,,,,30,,41,,,,
20150929,20,AQI,73,68,73,71,76,75,70,60,54,68,64,77,70,68,89,80,71,60,57,65,54,62,23,54,29,58,61,78,65,57,75,71,73,72,90
20150929,21,PM2.5,28,23,29,30,27,28,22,25,8,26,20,47,27,27,32,26,18,21,18,27,20,24,10,14,,22,36,35,24,13,28,25,25,35,21
20150929,21,PM10,,,,,,,,,,32,,,,,,,,,,,23,,11,,5,,,,26,16,,,,,
20150929,21,AQI,71,67,72,70,74,74,68,59,53,66,63,76,69,68,86,80,68,59,56,63,52,60,22,50,25,56,60,76,64,54,74,69,72,71,87
20150929,22,PM2.5,25,20,24,22,24,23,,18,,22,14,25,22,,37,25,23,,,30,,,10,18,,,36,31,21,22,,29,28,26,23
20150929,22,PM10,,,,,,,,,,,,,,,,,,,,,,,15,,5,,,,23,,,,,,
20150929,22,AQI,69,65,70,68,71,71,,58,52,64,61,74,66,69,84,80,66,,55,62,50,,21,49,30,,59,74,63,53,,67,70,70,81
20150929,23,PM2.5,29,27,22,24,25,25,18,18,6,21,16,23,17,22,33,27,24,21,16,30,23,27,5,,3,23,36,28,22,25,17,27,25,25,20
20150929,23,PM10,,,,,,,,,,,,,18,,,,,,,,,,18,6,5,,,,23,,21,,,30,
20150929,23,AQI,67,64,68,66,69,69,65,56,50,63,59,71,64,69,83,80,64,56,53,60,47,56,23,49,27,52,58,71,61,52,70,66,68,69,78
