date,hour,type,dongsi,tiantan,guanyuan,wanshouxigong,aotizhongxing,nongzhanguan,wanliu,beibuxingqu,zhiwuyuan,fentaihuayuan,yungang,gucheng,fangshan,daxing,yizhuang,tongzhou,shunyi,changping,mengtougou,pinggu,huairou,miyun,yanqing,dingling,badaling,miyunshuiku,donggaocun,yongledian,yufa,liulihe,qianmeng,yongdingmengxi,xizhimengbei,nansanhuan,dongsihuan
20150625,0,PM2.5,91.3,94,93.9,97.5,88.3,87.6,96.6,125.8,140.2,138.3,90.1,155.1,79.6,86.8,78,81.2,86.9,152.5,170.7,129,134.6,127.6,168.3,145.6,175.6,125.6,93.8,118.1,108,47.7,88.8,90.8,75.5,80.9,79.6
20150625,0,PM10,116.2,116.7,97.9,104.5,115.6,137,123.7,,,,122.5,165.4,81,103.1,116.4,117.7,104.1,,171.7,,,,,,,,,,,57.5,113.6,112.4,117.8,117.7,164.8
20150625,0,AQI,145,133,142,127,150,139,154,177,154,183,132,166,119,104,116,91,157,184,164,195,196,184,182,203,188,168,132,101,98,102,135,126,133,129,127
20150625,1,PM2.5,95.4,97.8,95.8,84.5,89.6,96.2,90.8,107.3,137.9,128,96.4,139.3,82.1,98.7,85.3,84.5,96.5,144,154.5,136.7,140.2,123.9,178.1,151.9,178.9,127.6,126.5,106.2,103.7,52.1,94.3,95.9,82.6,96.8,87.5
20150625,1,PM10,128.1,103.6,97.2,87.5,129.1,141.1,114.5,,,,137.6,141.5,82.6,99.3,96.3,109,117.8,,,185.8,,142.4,,,,,,,,65.5,116.8,106.4,116.7,113.9,161.5
20150625,1,AQI,141,130,138,124,145,136,149,173,151,179,128,163,114,103,114,93,155,182,162,190,192,181,185,202,191,166,128,101,99,98,131,123,129,126,124
20150625,2,PM2.5,99.6,101.5,98.5,98,93.3,98.4,93.2,106.5,132.9,137.5,112.9,120.7,79.6,96.7,84.7,94.9,103.9,146.9,137.4,134.3,132.6,126.6,179.8,155.9,172.7,123.3,124.5,106,96.5,56.8,106.8,98.2,82.2,101.1,91.9
20150625,2,PM10,150.7,110.9,105.8,107.4,114.7,143.4,107.8,,,,164.2,131.9,,,,116.7,112.7,,,,,,,,,,,,,97,110.3,106.1,134.4,105.8,173.2
20150625,2,AQI,138,129,136,122,142,134,146,168,149,176,127,161,114,104,112,97,152,181,159,184,187,179,186,202,193,163,125,102,100,97,130,123,126,126,123
20150625,3,PM2.5,101.9,107.2,95.2,105.3,96.8,101.5,104.7,108.4,125.7,144,104.1,121,96,104.8,88.5,97.7,113.1,157.1,124.6,124.6,128.3,128.4,174.4,151.3,168.6,119.9,124.4,104.8,104.3,57.8,101.1,97.6,91.3,108.4,92.2
20150625,3,PM10,149.8,,119.2,108.8,153.9,161,147.8,,,,150.9,135.8,101.7,,,133.1,123.4,,127.4,,,,,,,,,,,98.5,101.6,112.1,160.6,112.8,171.8
20150625,3,AQI,139,130,135,123,141,135,146,163,148,176,129,162,114,105,112,100,152,179,158,178,182,176,186,201,193,161,123,104,102,96,131,124,126,127,124
20150625,4,PM2.5,108.9,113.2,96.2,99.2,107.7,111.1,116.6,117.2,125.7,154,106.9,119.5,103.7,104.2,96.9,110.1,120.3,160.9,123.8,146.4,128.3,135.9,160.8,145.5,166.2,119.3,118.7,105,103.3,65.9,108.3,102.9,88.1,114.1,103.8
20150625,4,PM10,162.8,,124,109.4,141.2,161.3,143.5,,126.6,,159.3,134.6,116.8,,,137,126.9,,125.6,,,,,,,,,,,120.9,109.4,110.8,168.8,,169.5
20150625,4,AQI,140,132,136,124,142,137,147,159,150,178,130,164,116,107,113,104,154,180,160,175,178,175,185,200,193,159,122,106,102,94,132,125,127,129,125
20150625,5,PM2.5,113.6,119.5,95.7,96.6,113.5,117.1,121.4,107.5,123.7,117.3,105.6,128.7,107.2,100.8,111.4,124.3,132.4,156.2,120.9,152.5,130.6,137.3,150.3,141.2,153.2,123.3,115.7,112.4,94.5,75.4,103.8,106.1,94.7,107,111
20150625,5,PM10,156.6,,128.7,,129.1,158.9,125.5,,,,148.4,134.2,108.3,,,134.8,136.2,,,,,,,,,,,,,118.5,110.8,106.9,164.7,,185
20150625,5,AQI,141,133,136,124,144,138,149,156,153,177,131,166,116,107,113,109,156,184,162,173,176,175,184,198,191,157,122,107,101,92,133,126,127,130,127
20150625,6,PM2.5,124,120,107,97,124,127,125,94,120,152,114,129,105,115,131,141,137,169,120,154,141,140,140,146,151,125,109,132,93,83,106,111,102,,125
20150625,6,PM10,170,,139,128,156,175,130,,,,156,131,117,,,,138,,,,,,,146,,,,,,108,142,117,190,139,202
20150625,6,AQI,,,,,,,,,,,,,,,,,,,,,,,,,,,,,,,,,,,
20150625,7,PM2.5,136.8,120.5,124,106.3,131.8,131.8,127.2,122.7,117.1,140.7,124.8,131.6,115.9,107.9,122.7,145.9,138.8,160.2,117.1,641.1,139.6,142.3,149.9,146.8,157.5,109.3,107.2,147.6,88.1,88.5,118.8,110.2,110.8,131.4,134.6
20150625,7,PM10,174.3,,145.4,144.3,137.5,175.1,141,,,,166.1,138.5,129.6,,129.1,,,,,,,,,,,,,,,113.6,155.8,151.6,194.8,192.5,230.1
20150625,7,AQI,142,133,137,124,145,139,152,155,159,178,131,168,115,107,112,120,161,190,165,203,178,179,181,195,187,155,120,110,96,87,132,125,128,130,130
20150625,8,PM2.5,146.3,135.4,122.7,125.9,137.1,150.2,133.9,133.6,125.1,162.5,133.2,134.5,124.2,107.9,134.5,153.3,142.6,157.4,122.3,129.1,144.1,145,135.4,146.4,156,114.5,114.6,170.5,81.5,102.9,128.5,128,113.9,135.1,144.8
20150625,8,PM10,183.8,,155.5,152.9,168.4,172.3,148.7,,,,178.5,134.6,133.9,127.8,147.9,165.7,,,,134.8,,,,,,,,,,116.3,231.7,156.6,184.5,190.3,224.1
20150625,8,AQI,142,133,136,124,145,140,152,158,163,179,131,168,114,106,112,125,162,192,167,202,181,181,178,193,187,156,120,112,95,86,131,125,127,130,131
20150625,9,PM2.5,151.4,143.2,142.2,116.1,151.6,160.5,151.9,139,137.4,172.8,129.6,,127.1,125.9,146.3,150.8,153.8,143.8,,114.4,138.2,145.1,136.7,142.5,148.7,115.2,141.3,180.4,75.1,121.6,173.7,133.8,124.1,139,157.7
20150625,9,PM10,181.9,158.5,166,180.6,174.8,191.1,168.7,,,184.6,157.1,,142.6,145.8,178.7,162.7,,,,,,,,,,,,,,135.7,236,167.6,198.6,211.8,190.1
20150625,9,AQI,142,133,136,123,146,141,153,160,166,179,130,,114,108,114,130,163,194,,201,182,184,177,191,187,157,122,116,96,86,133,125,127,130,133
20150625,10,PM2.5,162.4,163.6,146.1,137.7,169.9,166.8,166.5,149.1,149.1,138.4,137.4,151.4,129.1,124.7,143,153.3,166.3,150.1,,120.8,138.2,137.4,130.1,137,145.6,116.7,146.4,167,68.8,137.8,154.3,150.5,139,151.8,158.6
20150625,10,PM10,182.4,166.8,174.3,187.7,179.9,189,182.2,,,191.7,163.9,,145.8,152.4,146.5,161.7,167.9,,,133.2,,,,,,,,,69.9,150.3,213.9,172.4,213.6,217,167.7
20150625,10,AQI,143,134,137,123,147,143,154,164,170,177,130,169,115,110,118,134,164,197,,200,183,185,175,191,185,157,124,121,98,89,134,126,128,131,135
20150625,11,PM2.5,182.7,176.3,170,154.1,178.7,172,177,158,152,218.3,136.1,160.1,136.9,119.4,153.8,143.6,167.9,151.4,140.1,124.9,135.4,131.3,130.5,133.9,149.9,114.7,133,142.4,67.2,135.1,169.8,166.5,152.8,166.2,161.3
20150625,11,PM10,192.3,182.2,171.3,172.3,197,174.7,,,,,151.2,,,138.6,165.9,148.2,,,,139.5,,,,,,,,,67.5,,189.7,179.1,215.7,213.9,214.2
20150625,11,AQI,145,137,138,125,149,145,157,168,172,180,131,170,117,112,121,137,164,199,170,178,183,185,172,190,186,158,125,127,100,92,137,129,129,134,137
20150625,12,PM2.5,199,179.1,175.7,162,183.5,168.8,149.1,160.8,151.8,200.7,133.9,154.6,139.2,118.8,144.7,129.1,173.6,152.8,129.1,132.6,138.6,122.5,121.3,143.4,134.4,113.1,139.7,137.7,73,122.5,,162,158.4,165.4,161.2
20150625,12,PM10,,,,180.4,,,,,,,,,,134.7,158.5,134.8,,,,141.6,,,,,,,,,,,168.7,,190.8,193.8,173.6
20150625,12,AQI,147,140,140,128,151,146,158,171,174,183,132,170,119,115,124,138,165,201,170,179,183,183,175,190,191,157,128,132,102,95,135,131,130,136,138
20150625,13,PM2.5,173.3,158.4,172.3,144.7,182.4,153,180.2,163.3,147.3,192,128.9,156.9,112.8,85,110.1,90.5,164.7,157.7,111.6,143.6,144.4,125.6,106.8,158.6,87,107.9,135.7,133.8,73.8,75.9,105.1,134.9,162.7,136.9,139.3
20150625,13,PM10,,,,,,,,,,,148,,,,,,,,,,,,,,,,,,,,166.1,,205.1,141.2,
20150625,13,AQI,149,141,141,129,153,146,160,173,176,185,133,172,120,116,125,137,165,202,169,181,183,181,177,191,192,155,132,137,103,96,134,132,131,137,139
20150625,14,PM2.5,139.9,97.2,126.4,94.3,169.4,134.3,171.8,167,146.4,133,107.9,148.4,102,68.7,80.8,71.6,143,164.4,121.4,149.3,136,100.5,93,143.3,74.6,99.4,147.6,105.3,73.7,49,104.4,85.6,138.5,88.9,124.3
20150625,14,PM10,,,,,,,,,,,,,,79.4,,,,,,,,,,,,,,,,,,,,,
20150625,14,AQI,150,141,141,128,154,146,162,176,177,186,133,173,122,117,124,135,164,203,168,185,182,177,178,191,192,153,136,140,105,96,133,132,132,137,139
20150625,15,PM2.5,61.5,62.2,91.1,49.1,101.8,59.4,119.7,158.8,125.6,59.3,89.4,110.5,76.2,62.3,64.2,91.2,116.9,171.5,114.8,159.4,129.7,74.2,74.6,142.1,82.3,100,148.1,58.7,74.9,70.6,62,57.9,86.7,71.7,55.8
20150625,15,PM10,,,,,,,,,,,,,,82.9,97.8,,,,,,,,,,,,,,,,,,,86.4,
20150625,15,AQI,148,141,141,128,154,144,163,178,177,183,133,172,124,117,122,135,162,204,168,188,181,171,178,191,191,150,141,141,104,97,133,132,131,138,137
20150625,16,PM2.5,71.6,68.9,79.1,74.3,74.6,78.4,99.4,142.5,106.7,111.9,49.9,88.7,43,71.1,79.8,73.7,93.9,153.9,68.2,147.1,146.3,84.4,67.2,149.7,114.2,80.5,135.3,57.6,78.1,70.3,68.9,66,66.5,75.8,77.5
20150625,16,PM10,,,,,,99.9,,,,,,,50,,,,,,73,170.7,,,,,,,,,,,87.4,75.3,,95.4,117.1
20150625,16,AQI,148,141,140,128,152,144,162,178,176,184,132,171,123,118,125,133,160,205,164,192,180,166,177,191,190,147,145,142,104,98,133,132,130,139,138
20150625,17,PM2.5,88.9,74.2,77.9,76.7,84.4,95.5,81.2,157.5,81.1,116.1,54.6,64.2,73.4,75.1,84.7,67.7,72.8,157.9,49.9,147.6,129.4,85.7,89.7,147.2,165,75.9,112.5,72.7,79.3,73.9,73.9,80.6,61,90.2,89.1
20150625,17,PM10,100.8,80.3,,81.5,107.6,97.2,,,,,79.9,,,80,,77.3,,,,,,,,,,,,,,85,83.3,86.7,76.6,111.8,108.9
20150625,17,AQI,149,142,140,129,152,146,162,180,174,185,131,169,124,120,127,131,157,206,160,195,179,163,178,191,193,144,147,142,105,99,134,133,129,139,139
20150625,18,PM2.5,96.9,92.1,87,89.5,100.4,84.5,84.2,139.5,108.4,106.3,71.5,61.7,70.8,77.5,80.9,62.6,84.6,135.4,57,155.4,135.2,64,114.6,141.5,154.6,74.5,125.7,94.4,81.9,89.2,95,92.4,76.7,101.8,68.8
20150625,18,PM10,104.1,99.4,,93.7,,,,,,,81.2,64.5,,78.9,82.8,87.2,,,67.7,,,,,,,,,,,,111.2,99.8,101.1,120.8,
20150625,18,AQI,151,143,141,131,153,146,161,180,174,185,131,167,125,121,129,131,156,205,156,203,178,159,179,191,194,143,150,144,107,101,135,135,130,141,139
20150625,19,PM2.5,92.3,83.9,102.1,95,90.2,77.8,105.1,129.5,129.7,118.8,77.9,104,81.8,89.5,68.7,88.6,96.5,114.6,122.9,144.2,144,81.7,135.1,145.9,134.3,71.5,110.1,94.9,76,95.5,90,92.4,87.3,102.9,65.8
20150625,19,PM10,105.8,90,,,,,142.7,,,,102,136.2,87.2,,,112.2,100.8,,,,,98.3,,,,,,,80.1,,97.3,104.9,108.4,118.5,70.1
20150625,19,AQI,151,144,143,132,153,146,162,180,175,183,132,168,126,122,130,133,156,203,157,206,177,157,180,191,194,142,153,146,108,103,136,136,131,142,139
20150625,20,PM2.5,89,81.9,97.1,89.9,84.8,86.5,138.3,114.3,122.4,117.7,91.7,112.1,85.7,88.3,72.8,126.2,94.9,110.4,121.4,154.7,130.3,93.7,138.1,133.5,123.6,83.5,95.8,126.2,72,94.3,82.8,80.8,88.7,96.9,72.2
20150625,20,PM10,103,94.5,131.2,132.3,,87.3,171.3,,,,107.1,117.9,89.2,100.7,83.4,147.1,95,,,,,95.6,,,,,,159,,106.7,134.7,100,158.5,160.8,107.9
20150625,20,AQI,152,144,144,133,153,147,163,178,174,182,134,168,127,124,130,136,156,201,158,208,177,155,179,191,192,140,155,149,109,105,136,136,132,143,139
20150625,21,PM2.5,105.2,95.4,111,92,115.5,89.4,146.7,131,104.5,120.9,98.2,130.6,104.8,90,83.2,169.2,107.1,142.1,138.6,148.8,123.1,93,135.5,124.6,132.8,83.4,107.5,180.1,78.2,91.5,93.4,86.5,101.7,98.8,86.7
20150625,21,PM10,126.7,135.2,,101.2,164.9,140.5,,,,159.5,120.8,,146,112.4,109.8,188,124.8,,,,,98.8,,,,,,,,113.1,212,115.7,121.2,111.2,285.9
20150625,21,AQI,152,145,145,134,155,148,164,178,172,183,135,168,128,125,131,142,157,200,159,210,178,153,178,191,191,140,157,155,110,108,137,137,134,144,139
20150625,22,PM2.5,107,100.9,115.1,101.6,140.5,101,144.8,143,116.3,167.7,124.9,151.5,103.8,97.3,114.7,165.6,137.1,156,127.4,164.3,116.7,119.6,140.5,120.6,135.4,76.7,111.3,177,78.4,94.4,97.9,96.2,119.8,95,89.3
20150625,22,PM10,,111.8,118.2,,164.6,,,,,,147.2,,,110.9,211.6,,,,,,,141.2,,,,,,,,117,109.5,,233.1,107.3,93.1
20150625,22,AQI,154,146,147,135,158,149,166,178,170,186,138,167,130,126,134,147,161,201,158,212,178,152,177,191,190,138,159,160,111,111,138,138,136,145,140
20150625,23,PM2.5,120.6,109.9,114.6,101.3,126.2,113.6,134.8,147.7,105.3,159.8,118.1,156.4,108.3,96.5,133.6,144.2,168.4,142.3,122.5,156.6,107.2,145.7,145.1,124.7,136.7,74.9,125.4,184.5,86,116.1,116.5,105.6,111.7,107.6,100.7
20150625,23,PM10,,,,,,,,,,,,,,103.7,,,,,,,,,,,,,,,,142.9,,,,111.4,156.2
20150625,23,AQI,156,147,149,136,161,151,168,178,167,189,139,168,131,127,137,150,165,201,157,213,177,154,176,190,188,136,162,166,111,114,140,139,138,146,141
20150625,0,SO2,8.4,6.4,6.9,5.9,5.5,5.5,10.7,17.9,2,9.2,3.4,4.4,5.2,12,5.4,12.1,2,2,2,3.2,2,6.7,2,5.2,4.5,3.4,5.2,4.4,2,5.5,3.6,7.5,5.8,9.2,7.3
20150625,0,NO2,49.8,56.8,45.4,52.3,105,93.1,97.3,75.5,67.2,59.7,62.4,89.5,38.6,41.1,42.3,66.1,37.3,38.2,59.7,33.4,31.6,43.6,50.1,11.5,65.3,21.7,29.4,28.1,26.4,35.2,65.1,86.3,56,104.9,114
20150625,0,O3,61.6,51.3,65.2,50.8,11.5,13,3.5,2,19.8,42.9,39.8,7.3,78,92,82.9,33.5,31.1,26.3,23.8,56.2,21.8,41.2,38.3,69.4,31.7,47.3,78.3,55.6,100.8,56.2,43,16.9,46.1,17.5,2
20150625,0,CO,1,1,0.9,0.8,0.8,0.9,1.5,1.2,1.3,1.1,1.1,1.4,1.1,1.6,1.1,0.7,0.8,1.1,1.3,0.9,1.2,0.7,1.1,0.7,1.4,1.1,0.5,0.8,3.4,0.3,1,1.2,0.6,1.2,0.9
20150625,1,SO2,7.9,6.4,6.4,5.3,6.2,5.2,10.1,17.4,2,8.6,3.1,4.2,4.9,11.5,5.4,10.5,2,2,2,2.8,2,6.8,2,5.4,4.5,4.6,6.9,4.2,2,5.3,3.3,6.4,4.5,7.9,7.5
20150625,1,NO2,77.9,62.2,44.5,44.7,95.9,91.4,87.7,71.6,78.3,56.7,73.8,82.5,54.1,33.7,34.2,69.8,50.4,19.6,67.7,26.7,20.2,80.9,52.7,13.4,83.1,23.6,21.3,30.2,21.9,30,79.8,80.7,51.6,96.3,107.2
20150625,1,O3,27.7,56.2,62.8,63.6,14.4,5.4,5.1,2,7.9,40.2,22,4.5,51.5,92.8,99.5,25.7,14.2,34,12.3,54.9,18.4,4.9,30.5,60.6,5,51.1,94.7,44.2,90.3,53.3,33.4,13.7,44,24,2
20150625,1,CO,1.1,1.2,1.1,1,0.7,0.9,1.3,1.1,1.3,1.2,1.2,1.2,1.1,2.2,1.3,0.8,0.9,1,1.2,0.9,1.1,0.8,1.2,0.8,1.3,1.1,0.8,0.8,2,0.4,1.2,1.1,0.7,1.3,0.9
20150625,2,SO2,7.7,6,8.2,5.7,7.7,8,11.3,17.7,2,8.2,2.3,4.2,4.7,7.1,5.5,9.8,2,2,2,4.9,2.8,6.7,2,4.9,3.8,4.3,5.5,4.6,8.8,5.4,3.3,6.5,5.9,8.9,8.3
20150625,2,NO2,88.9,66.8,75,54.2,95.2,95.3,81.4,72.7,93.2,55.2,97.2,76,53.8,41.5,26.4,81.7,59.7,16.9,76,19.7,15.3,68.6,53.6,14.7,78,20.6,20.4,24.1,18.7,80.2,74.9,67.1,80,76.6,109.7
20150625,2,O3,7.1,42.4,24.3,49.7,12.1,2,6.5,2,4.2,40.6,2,3.6,44.6,74.4,97.9,8.3,2,29.7,5.6,73.6,19.2,12.1,21,46.3,7.3,40.9,98.2,67.6,85,6,35.1,14.7,11.5,32.1,2
20150625,2,CO,1.1,1.3,1.1,1.2,0.7,1,1.2,1.1,1.2,1.4,1.3,1,1.1,2.1,1.2,0.8,0.9,1,1,0.9,0.9,0.7,1.1,0.8,1.3,1.1,0.6,0.8,1.3,0.4,1.4,1.1,0.7,1.5,0.9
20150625,3,SO2,8.1,5.8,7.4,5.7,8.2,8.4,11.1,18.4,2,8.4,2,2,4.4,6.8,5.6,9.7,2,2,2,4.9,2.4,5.9,2,4.5,4,2.9,4.8,4.4,2.2,5.1,3.4,5.6,2,8.8,7.1
20150625,3,NO2,96.6,73.2,84.7,68.2,107.3,92.9,82.7,67.2,120.3,50.9,88.9,83.5,57.1,34.5,49.2,76.3,59.1,26.5,75.1,18.8,15.1,67.2,51.1,25.1,76.1,17.2,20.1,22.4,21.7,72.7,68.5,68.7,89,88.4,97.9
20150625,3,O3,2,35.7,9,31.1,2,2,2,2,2,44.6,2,5.6,33.7,80.3,63.2,4.3,2,22.4,2,84.7,17.8,13.2,19.9,29,4.3,24.8,98.5,68,69.6,2.2,35.3,12.7,5.4,23.4,2
20150625,3,CO,1.1,1.3,1.1,1.1,0.8,1,1.4,1.1,1.1,1.7,1.2,0.8,1.2,2,1.3,0.8,1,1.1,0.1,0.9,0.9,0.7,1.1,0.8,1.2,1.1,0.6,0.8,1.1,0.4,1.4,1.1,0.9,1.4,0.8
20150625,4,SO2,8.6,5.7,8.2,5.7,7.7,8.6,11.4,22.5,2.6,8.2,2.3,2,4.5,6.7,6.3,9.8,2,2,2,4.7,2,5.9,2,4.2,4.2,2.3,4.4,3.8,2,5.4,3.1,5.2,6,8.9,7.7
20150625,4,NO2,94,72.6,88.2,59.5,98.9,86.9,77.4,59.9,74.6,52.6,86.2,79.8,72.2,41.1,43.5,68.1,55.4,53.6,61.8,18.7,15.4,66.4,42.2,18.2,76.4,18.7,17.3,33.3,20.9,68.2,67.3,78.9,91.4,85.1,94.2
20150625,4,O3,2,29.1,2,39.3,2,2,,2,11.7,38.3,2,9.8,17.8,58.4,58.3,11.9,3,7.9,12.7,89.5,14.2,14,26,34.8,2,22.2,105.5,35.8,54.6,2,34,13.7,2.3,22.3,2
20150625,4,CO,1.1,1.4,1.1,1.3,0.8,0.9,1.4,1,1,1.6,1.1,0.8,1.5,1.9,1.5,0.8,1,1.1,0.7,0.9,0.9,0.7,1.1,0.7,1.2,1,0.7,0.8,1,0.4,1.5,1.3,1,1.6,0.9
20150625,5,SO2,9.3,4.7,9.4,5.7,7.5,8.8,10.4,21.8,2.3,8.9,2.9,2,4.8,7,8.1,9.1,2,2,2,4.9,2,5.7,2,3.8,4,2.2,4.7,4,2,5.8,3.9,5.5,7.9,9.4,7.7
20150625,5,NO2,88.6,72.4,88.5,57.3,94,82.3,68.3,51.7,54.7,92.4,81.5,71.2,89.4,51.8,50,54.2,49.2,74.2,,22.6,17.4,54.1,34.5,35.4,68.7,17.2,15.7,50.3,21.1,68,94.2,81.7,94.5,72.6,94.8
20150625,5,O3,2,20.4,2,32.7,2,2,2,2,17.5,2,2,5.9,2,46.3,50.2,10.4,13.2,2,16.1,86.9,11.7,9.2,30.9,6.1,2,26.4,106.7,8.1,38.1,2,9.3,6.1,2,26,2
20150625,5,CO,1.1,1.3,1,1.3,0.8,1,1.3,0.9,0.9,1.2,1.1,1,1.2,1.6,1.8,0.9,1,1.3,0.8,1,1,0.7,1,0.7,1.1,1,0.7,0.8,1,0.5,1.2,1.4,0.9,1.5,0.9
20150625,6,SO2,10,4,10,7,9,9,11,24,3,9,3,2,5,9,5,10,2,2,2,5,2,5,2,3,4,2,5,3,2,5,3,6,8,12,8
20150625,6,NO2,80,70,,86,86,83,59,47,49,98,76,67,84,50,83,63,52,71,44,21,19,39,44,28,68,15,16,62,23,60,90,88,95,106,95
20150625,6,O3,3,11,2,4,3,2,7,2,24,2,3,9,3,47,7,16,8,2,23,89,11,10,22,16,2,25,116,2,21,2,10,4,2,3,2
20150625,6,CO,1.2,1.3,,1,0.8,1.1,1.3,0.9,0.8,1.1,1.1,1,1.1,1.8,1.3,0.9,1.1,1.4,0.9,1,1,0.7,1,0.7,1.2,1,0.7,0.9,1,0.6,1.2,1.3,1,1.6,1.1
20150625,7,SO2,9.6,5.9,10.3,6.1,8,8,10.8,26.3,3.4,9.2,2.3,2,5.3,7.7,4.2,11,2,3.3,2,4.2,2.2,5.1,2,3.9,3.6,2.1,5.7,4.3,2,5.6,4.2,8.3,6.1,17.2,7.5
20150625,7,NO2,79.8,89.2,81.6,78.9,85.1,79.9,58.7,42,47.7,91.2,66.4,66.8,77.1,55.1,78.9,60.7,54.7,64.3,41.1,27.2,21.9,28.2,32.6,16.3,67,15.4,16.2,59.6,29.4,56.2,85.9,103.5,95.7,135,95.4
20150625,7,O3,4.9,4.9,2.3,5.1,4.8,2.4,9.3,2,25,2,5.6,10.2,4.4,33.4,8.6,24.3,9.8,4.4,29.3,81.1,13.8,30.5,31.2,23.3,2.3,27.1,107.8,2,12,2,11.3,2,2,2,2
20150625,7,CO,1.3,1.5,1.2,1,0.8,1.2,1.3,0.9,0.9,1.1,1.1,1.1,1.1,1.5,1.2,1,1.1,1.3,0.9,1,1.1,0.7,1.1,0.7,1.1,1,0.7,1,1,0.7,1.3,1.4,1.2,2,1.3
20150625,8,SO2,9.7,7.9,10.1,7.1,8,7.6,12.2,26.7,2.4,9.1,2.5,2,5.7,10.5,4.4,12.7,2,4.3,2,4.4,2.7,5.7,2,4.6,3.6,2.7,7.9,6.5,2,5.3,4.7,9.8,6.2,15.8,6.9
20150625,8,NO2,88.4,92.4,84.2,80.4,89.4,82.9,64.9,41.5,35.6,93.3,61.9,59.3,74.4,70.6,73,71.4,62.9,49.7,39.6,39.4,19.6,30.1,33,17.6,70.3,11.5,18.2,59.7,38,70.8,92.1,104.9,91.3,126,96.9
20150625,8,O3,4.1,9.2,3.9,9.9,5.6,4.5,10.1,6.9,44.8,2,13,21.5,7.7,25.4,17,15.7,8.3,20.5,36,70.2,13.6,32.5,44.3,30,3.2,27.1,94.2,2,12.8,5.4,11.7,2,5,2,2
20150625,8,CO,1.4,1.7,1.3,1.1,1,1.2,1.4,0.9,0.8,1.2,1.1,1.1,1.1,1.7,1.2,1,1.2,1.2,0.9,1.1,1.1,0.8,1,0.7,1.1,1.1,0.7,1.1,1,0.8,1.4,1.9,1.1,1.9,1.5
20150625,9,SO2,9.4,7.9,11.5,7.9,7.3,8,14.2,28.4,3,10.3,3.1,,6.1,15.4,6.6,14,2,5.6,,7.1,5.2,8.5,2,6.5,3.2,3.5,13.3,11,2,5.3,4.9,10.1,5.4,15.1,5.4
20150625,9,NO2,91,97.4,88.2,88.3,89.1,86.1,65.5,42.4,46.2,102.8,56.6,,76.1,70.3,70.2,67.5,52,28.2,,35,28.2,39.1,32.5,12.3,62.5,10.6,28.4,47.5,34.2,72.5,102.1,109.6,97.3,133.7,95.1
20150625,9,O3,8.7,9.9,8.6,12.6,11.9,11.6,22,28.4,52.4,2,36.4,,17.4,37.9,29.5,27.8,17.2,57.3,,89.7,36.9,54.4,34.6,64.1,12.6,55.3,82.8,31.7,33.9,17.8,12.6,2,7.7,2,5.5
20150625,9,CO,1.5,1.7,1.4,1.2,1,1.3,1.5,0.9,1,1.4,1.1,,1.1,1.9,1.3,1,1.2,1,,1.1,1.2,0.8,1.1,0.7,1.1,1.2,0.9,1.1,0.9,0.9,1.5,1.8,1.2,2,1.5
20150625,10,SO2,10.1,9,13.8,9.2,9.4,10.7,15.1,33.3,3.9,13.2,3.6,3.5,6.6,16.3,9.3,17,4.2,5.6,,14.9,7.1,9.8,2,8.4,,4.6,21.8,14.8,2,6,7.2,12.2,5.1,15.8,6.1
20150625,10,NO2,88.4,99.3,84.4,90.7,86.1,72.2,62.5,49,40.4,103.9,55.7,43.4,85.8,75.4,67.5,75.2,48.7,23.3,,25.6,23.8,30.1,26.9,8.9,47.5,11.4,28.1,40.7,29.1,80.1,102.3,106,104.9,141.6,94.3
20150625,10,O3,24.4,24.3,34.8,29.9,42.3,39.5,52.3,44.2,83.2,9.1,64.3,79.6,28.1,48.8,43.3,34.7,39.4,74.6,,124.6,72,90.6,46.1,96.2,26.6,71.1,113.2,57.7,21.6,34.5,22.1,15,22.7,2,19.3
20150625,10,CO,1.6,1.7,1.5,1.3,1.2,1.4,1.6,1,1,1.4,1.2,1.1,1.2,1.7,1.2,1.1,1.3,1,,1.2,1.1,0.7,1.1,0.7,1,1.2,0.9,1.1,0.8,1,1.6,1.8,1.3,1.9,1.6
20150625,11,SO2,11.2,9.9,12.5,10.4,10.3,13.6,14.4,39.1,3.4,13.8,3.1,3.5,,16.2,11.4,20.2,5.3,4.7,5,16.7,9.1,10.8,2,6.7,,4.6,20.3,18.7,2,7.6,8.4,15.1,6.5,18.9,8.7
20150625,11,NO2,87.6,114.8,74.3,86.5,70,53.3,48.2,40.3,39.2,99.9,40.8,42.1,85.5,66.4,61.1,58.9,36.8,16.7,35.3,27.2,22.8,24,18,9.2,37.3,10.3,25.5,31.9,42.4,68.6,108.2,120.4,107.5,165.2,88.1
20150625,11,O3,48.2,40.3,72.4,63.9,88.2,90.8,102.4,67.9,106.5,42.5,113.4,105.1,29.8,68.5,67.4,65.3,71.6,99.8,83.8,138.9,113.5,118,74.2,101.9,57,85.9,131.6,86.1,21.8,56.9,32.5,23.9,47.6,2,55.1
20150625,11,CO,1.6,1.7,1.5,1.2,1.2,1.5,1.5,1,1,1.4,1.2,1.1,0.7,1.4,1.2,1.1,1.3,1,1,1.2,1.1,0.7,1,0.7,0.9,1.2,0.9,1,0.8,1,1.6,1.8,1.5,2.2,1.5
20150625,12,SO2,11.2,8.7,10.8,9.3,9.4,12.9,14.4,35.6,3.4,12.5,2.6,3.2,,16.7,10.8,19.8,5.4,4.5,5,11.7,9.4,10.9,2,6.6,,5.3,15.5,16.3,3.3,7.9,6.1,12.7,8.8,17.2,10.1
20150625,12,NO2,78.3,91.5,74.2,90.7,71.2,55.9,42.5,36.2,33.7,106.5,47.7,39.1,58.1,62.3,62.6,57.6,31,23.6,32.2,29.3,20.9,23.4,13,16,30.9,9,27.4,31.7,41,46.9,113.7,116.3,102.8,164.5,108.7
20150625,12,O3,67.4,63.5,88,63.8,102.1,99.1,131.1,81.4,129.5,56.2,139.3,137.8,98.5,76.9,72.6,78.7,87,121.5,127.1,134.9,125.9,131.7,106.7,129.4,93.3,110.4,129,91.7,37.1,86.6,,36.8,63.8,9.4,48.6
20150625,12,CO,1.7,1.6,1.5,1.4,1.2,1.4,1.4,1,1,1.5,1.1,1.1,1.1,1.2,1.1,1,1.3,1.1,1,1.2,1.1,0.6,0.9,0.8,1,1.2,1,0.9,0.8,0.8,1.7,1.8,1.5,2,1.5
20150625,13,SO2,12.6,12.2,11.4,12.8,9.6,14.4,12.5,42.9,4.2,14.7,3.5,3.3,10.1,14.4,8.9,14.9,6.4,4.5,5.5,16,11.2,12.7,2,6.6,2,6.1,15.8,15.3,4.2,8.9,9.2,15.8,6.9,19.6,12.3
20150625,13,NO2,69.3,70.2,78.5,61.6,71.7,64.3,67.1,29.4,37.8,82.3,47,57.2,33.9,40.7,45.4,32.6,29.9,28.2,27.7,29.6,23.6,18.7,13.8,21,19.1,9.5,26.6,33.8,32.3,21,92.2,86.9,106.7,139.5,112.7
20150625,13,O3,81.4,95.4,86.3,101.2,104.7,93.5,106.7,132.1,164.3,105.3,132.8,132.6,120.2,79.3,75.4,112.4,106.6,144.9,167.9,138.9,133.7,142,116.5,166.1,133.8,127,130.5,90.7,76.8,123.9,63.3,66.2,61.4,26.4,46.4
20150625,13,CO,1.4,1.3,1.5,1.1,1.3,1.3,1.8,1,1,1.3,1.2,1.2,,0.8,0.9,0.7,1.2,1,0.9,1.3,1.1,0.8,0.8,0.8,0.8,1.2,1.1,0.9,0.8,0.5,1.4,1.3,1.4,1.5,1.4
20150625,14,SO2,13.5,13.7,13.6,14.3,10.3,12.9,12.2,46.9,3.8,15.3,3,3.4,9.2,15.3,9.9,12.7,7.1,3.7,5.6,19.7,14.9,16.7,2,6.3,2,7.4,17.5,12.4,5,9.2,10.8,17.9,8,19.8,12.5
20150625,14,NO2,47.4,36.4,54.1,37.4,73.2,51.1,72.6,27.5,72.2,45.1,25.8,51.5,34.7,34.1,32.7,30.9,26.3,22.7,40.7,28.3,20,15.9,15.3,18.5,16.7,8.5,30.3,27.8,28.5,9.4,65.3,68.2,82.3,111.9,97.2
20150625,14,O3,105.9,113.8,117.6,111,115.3,117.2,92,149.3,102.4,117.8,157.9,103.5,130.6,90.9,83.2,106,119.3,178.8,148.3,151.4,144.8,144.1,118.5,195.6,154.3,141.7,137.1,92.4,101.8,147.2,84.3,68.9,84.7,37.6,71.8
20150625,14,CO,1.1,0.9,1.1,0.7,1.1,1,1.7,0.9,1.2,0.9,0.9,1.2,0.7,0.7,0.7,0.6,1.1,1,1,1.3,1.1,0.6,0.7,0.7,0.7,1.1,1.1,0.8,0.8,0.4,1,0.9,1.1,1.1,1.1
20150625,15,SO2,10.9,11,12,11.6,10.5,8.2,13.3,51,4.8,14.6,3.3,3.3,9.4,13.5,8.8,14.6,7.5,4.2,5.5,19.4,10.1,13.7,2,7.1,2,11.1,15.4,8.8,5.2,8,8.4,15.7,8,19.3,13.8
20150625,15,NO2,27,25.2,39.8,27.5,43.9,24.8,46.5,53.1,40.1,25.5,23.2,28.9,26.8,28,36.3,43.9,25.7,42.7,31.7,30,21.6,12.9,10.1,12.7,27,9.5,30.1,15.5,25.5,11.7,59.8,54.9,78,131.5,79
20150625,15,O3,115.2,131.1,125.5,123.2,136.7,132.2,131.3,102.6,151.3,149.9,170.9,166,148.9,137.4,92.4,102.5,118.9,155.7,176.9,167.1,129.9,150.1,142.2,177.9,166.4,160.8,149.7,114.1,118.4,168,93.7,93.6,81.4,31.6,80
20150625,15,CO,0.7,0.7,0.9,0.5,0.6,0.6,1.4,1.1,0.9,0.7,0.8,0.9,0.6,0.7,0.7,0.7,0.9,1.1,0.9,1.3,1.1,0.4,0.6,0.7,0.8,1.1,1.1,0.5,0.8,0.5,0.8,0.7,0.9,1.2,0.8
20150625,16,SO2,9.3,9.5,9.8,9.8,8.5,8.4,13,53.8,6.4,12.4,4.4,3.3,7.2,10,7.8,14.1,7.2,2.7,5.5,16.4,10.7,14.4,2,4.7,2,10.1,7.9,8.9,4.3,8.9,6.6,12.4,12.3,16.3,10
20150625,16,NO2,29.5,27.4,28.7,28.1,31.6,45.2,29.4,51.2,34.5,22.8,11.4,21.5,21.9,20.8,40.7,30.1,25.9,50.2,18.5,29.7,24.1,16.3,8.9,38.1,34.4,7.2,22.9,14.5,23.1,8.4,54.8,68.4,53.7,138.4,101.4
20150625,16,O3,124,142.3,143.1,138.3,151.5,114,152.7,110.8,172.5,172.3,167.6,171.1,160.5,160.5,99.2,122.1,114.1,124.3,176.2,167.2,135.7,155,155,147.6,201.9,163.5,144.1,124.9,143,180.1,104.7,96.3,107.3,39.4,59.3
20150625,16,CO,0.7,0.7,0.8,0.5,0.5,0.8,1.1,1,0.8,0.7,0.6,0.8,0.5,0.8,0.7,0.6,0.7,1.1,0.7,1.2,1.1,0.6,0.6,0.9,0.9,0.9,0.9,0.5,0.7,0.5,0.8,0.8,0.7,1.2,1
20150625,17,SO2,8.1,7.6,8.3,8.5,7.5,9.1,12.2,51.6,5.9,10.7,2.9,3.2,6,9.3,5.5,13,6.7,2,5.7,10.5,7,13.5,2,2.6,2.3,10.9,2.4,9.7,4,7.5,4.5,10.7,10,13.6,9.5
20150625,17,NO2,44.2,26.6,31.2,25.6,54.9,50,28.2,57.8,37,27.6,13,19.3,22.2,21.9,19.5,27.4,23.5,37.2,15.4,30,24.4,19.7,15,29.6,64,7.8,15.4,16.7,16.1,10.5,68.9,86.3,48.9,139.2,102.1
20150625,17,O3,110.7,156.3,147.5,153,121.5,112.9,153.8,94.8,151.1,172.7,179.3,168.6,177,163,153.7,131.7,115.2,155.3,164.8,150.3,117.3,149.6,134.3,127.6,171.9,166.3,151.3,135.1,168,194.5,98.4,88.5,111.4,47.1,63.1
20150625,17,CO,0.9,0.8,0.8,0.6,0.6,0.8,1.1,1.1,0.7,0.7,0.7,0.6,0.6,0.7,0.7,0.6,0.7,1,0.6,1.1,1.1,0.5,0.8,0.8,1.2,0.9,0.7,0.6,0.8,0.5,0.9,1,0.7,1.2,1
20150625,18,SO2,6.7,7,6.8,7.7,6.4,7.4,10.4,49.5,4.1,9.8,2.8,3.3,5.3,7.8,5,12.8,6.7,2,5.4,9.9,4.4,11,2,2.7,2,9.9,2,11.1,2.5,7.1,3.5,9.6,9.2,12.6,9.7
20150625,18,NO2,39.1,32.4,29,27,51.6,30.5,29.2,51.4,54,27.9,13.5,23.3,21.7,21.5,23.4,30.4,24.9,33,28.2,27.1,23.1,17.3,23.9,21.2,45.4,8.4,15,17.7,23.4,10.5,81.2,78,53.8,136.8,90.2
20150625,18,O3,121.7,158.2,159.5,155.4,129.9,144.1,157.1,96.5,115.9,168.3,182.5,169.9,175.8,170,147,135.6,122.9,143.4,152.3,159.1,105.7,151.1,148.8,99.4,190,163.3,143.1,143.2,154.8,174.9,95.1,99.7,113.6,55.3,83.4
20150625,18,CO,0.8,0.8,0.8,0.6,1.7,0.7,1.2,1,0.9,0.8,0.7,0.7,0.6,0.7,0.7,0.6,0.7,0.9,0.6,1.1,1.1,0.3,0.9,0.8,1.1,0.8,0.8,0.7,0.8,0.6,1,1,0.8,1.2,0.9
20150625,19,SO2,6.4,6.8,7,7.3,6.1,6.9,9.5,50.1,2,9.5,2,3.5,4.9,7.4,4.3,13.3,6.7,2.1,5,6.5,4.2,10.8,2,3.1,2,8.8,2,10.4,2,6.9,2.6,9.4,9,11.8,8.6
20150625,19,NO2,38,37.3,33.1,23.2,41,32.3,47.5,44.2,55.2,31.9,16.2,53.5,26.8,18.9,26.8,33.6,36.8,35.7,62.4,31.1,22.7,24.5,30.7,28.1,46.2,9.1,11.5,18.3,9.9,11.8,74.2,85.1,50,154.6,118.1
20150625,19,O3,121.7,142.8,151.6,151.9,142.8,139.6,125.7,100.4,91.2,151.3,173.7,124.1,166.3,172.3,141.1,142.2,111,130.8,99.6,145.3,94.8,144.3,150.2,78.4,169.3,155.5,123,137,133.9,165,93.3,89.3,114,34.9,57.3
20150625,19,CO,0.8,0.8,0.9,0.7,0.6,0.8,1.3,0.9,0.9,0.8,0.7,1,0.6,0.8,0.7,0.7,0.8,0.8,1.1,1.1,1.1,0.4,1,0.8,1,0.8,0.7,0.7,0.8,0.5,1,1,0.8,1.2,1.1
20150625,20,SO2,6.4,6.1,5.6,6,6,7.9,6.4,50.8,2,8.9,2,3.5,4.3,9.4,4.4,13.8,5.9,2.1,4.7,6.7,3.9,10.3,2,2.9,2,8.2,2,9.2,2,8.5,2.6,8.6,6.3,10.1,8.8
20150625,20,NO2,43.6,42,41.7,23.5,45.9,39.6,59.4,35.3,48.7,32.2,15.8,64.4,28.6,27.8,25.3,35.7,39,36.2,54.8,28.1,20,22.8,32.1,15.3,62.6,10.4,9.2,27.4,10.1,13.2,77.4,87.9,74.3,130.2,134.4
20150625,20,O3,111.4,126.3,120.8,139.3,130.8,126.6,80.1,84.5,88.5,143.1,165.3,92.9,153.9,149.4,135.1,135.1,91.9,117.8,94.3,138.4,102.4,145.1,131.8,81,135.9,161.3,105.3,100.4,110.5,150.5,83.9,68.5,84.4,42.7,39.8
20150625,20,CO,0.9,0.8,1,0.7,0.6,0.8,1.5,0.8,0.9,0.8,0.8,1,0.7,0.9,0.7,0.9,0.8,0.8,1,1.2,1,0.4,1,0.7,1,0.8,0.6,0.9,0.9,0.5,1,1,0.9,1.3,1.2
20150625,21,SO2,4.6,3.6,3.1,4.4,4.8,4.6,5.7,53.7,2,7.9,2,3.5,4.2,10.2,5.2,13.2,5,2,4.4,6.1,2.2,9.6,2,3.4,2,7.8,2,9.2,2,8.4,2,6.6,5.3,5,6.6
20150625,21,NO2,43.4,54.9,41.4,35.7,75.9,42,59.1,66.7,40.3,60,21.5,74.2,26.8,34.1,38,45.1,48.7,27.1,49.6,30.5,18.6,32.8,26.2,12.9,103.8,10.5,8,32,11.6,15.9,74,68.3,93.3,102.4,115.3
20150625,21,O3,91.3,100,89.3,102.7,77.3,101.8,60.6,18.6,88.2,92.8,139.7,68,147.5,131.8,117.4,98.3,57.3,102.4,88.9,121,75.4,120.9,127.9,92.3,51.9,149.2,116.4,88,98.6,120,58.1,74.9,57.9,38.3,41.8
20150625,21,CO,1,1,1,0.7,0.9,0.9,1.5,1,0.9,1.1,0.9,1.1,0.7,1,0.8,1.2,1,1,1,1.2,1,0.5,1,0.7,1,0.8,0.6,1.2,0.8,0.5,1.2,0.9,1.1,1.1,1.2
20150625,22,SO2,4.1,2.4,2.6,4.8,2.2,2,6.4,59.7,2,6.8,2,3.4,3.8,7,4,12.7,4.6,2,4.1,4.6,2,8.8,2,2.6,2,5.5,2,7.3,2,7,2,4.9,5.1,5.9,3.2
20150625,22,NO2,41.8,56.9,44.3,34.5,77,53.1,51,58.2,27.4,80.4,36.5,52,31.9,20.2,69.1,50.6,56,57.9,36.3,41,16.7,46.3,34.9,12.8,98.5,11,8.5,30.5,13.1,45.3,128.9,79.4,104,96.1,68.2
20150625,22,O3,91.7,62.1,83.5,104.3,51.7,78.2,66.1,29.3,56.5,48.8,76.9,78,131.2,152.2,69.4,88.2,40.6,77.8,70.5,88.6,74.9,86.9,103.2,62.4,42.4,119.8,113.3,69.6,81.3,66.7,14.9,52.5,20.9,36.6,54.6
20150625,22,CO,1,1.1,1.1,0.7,0.9,1.1,1.4,1,0.8,1.2,1,1.1,0.7,0.9,1,1.2,1.1,1,0.9,1.2,1,0.6,1,0.7,1,0.8,0.6,1.2,0.8,0.5,1.2,1.1,1.3,1.1,0.8
20150625,23,SO2,2,2,2,3,2,2,5.9,65.8,2,5.8,2,3.3,3.3,2,2.8,9.4,4.9,2,4.3,4.8,2,11.3,2,2.4,2,4.5,2.4,5.7,2,6.3,2,2.5,3.4,6.5,2.3
20150625,23,NO2,44.8,63.4,40.3,33.1,55.1,71.8,55,47.5,22.7,36.5,20.2,47.5,20.6,19.3,45.3,41.7,60.4,67.9,35.4,50.2,13.5,41.8,72,13.8,99,10.5,10.9,28.5,13,24,78.7,81.1,105.9,102.4,64.9
20150625,23,O3,69.1,38,63.8,110.9,78,49.4,46.9,25.9,28.2,137.8,85,79.6,144,133.1,102.3,99.2,44.8,52.8,42.9,68.3,79.5,81.3,53.1,62,29,109.8,122.5,54,98.5,94.9,33.1,52.1,22.9,66.4,36.8
20150625,23,CO,1.1,1.1,1.1,0.7,0.8,1.1,1.5,0.9,0.9,0.8,0.9,1.1,0.7,0.8,0.9,1.1,1.3,0.9,0.9,1.2,0.9,0.7,1,0.6,1,0.8,0.8,1.2,0.8,0.6,1.2,1,1.3,1,0.9
