date,hour,type,dongsi,tiantan,guanyuan,wanshouxigong,aotizhongxing,nongzhanguan,wanliu,beibuxingqu,zhiwuyuan,fentaihuayuan,yungang,gucheng,fangshan,daxing,yizhuang,tongzhou,shunyi,changping,mengtougou,pinggu,huairou,miyun,yanqing,dingling,badaling,miyunshuiku,donggaocun,yongledian,yufa,liulihe,qianmeng,yongdingmengxi,xizhimengbei,nansanhuan,dongsihuan
20150310,0,PM2.5,9.5,4.2,8.4,4,8.9,12.9,15.7,14.7,5,14.9,14.6,11.6,23.5,7.9,11,82.4,12.3,6.9,21.7,10.2,3,15.1,9.9,3,13.3,5.8,8.8,102.2,23.7,65.6,5.7,7.8,15.4,14.2,8.3
20150310,0,PM10,10.9,9.4,16.2,14.2,15.1,,26.4,39.3,9.3,,24.4,31.2,39.1,15.4,22.2,,,9.6,39.5,16.2,5,17.2,,5.3,,16.3,15.9,102.2,43.7,99.8,9.6,10.5,21.8,24.9,15.1
20150310,0,AQI,30,21,27,27,30,22,38,31,23,31,31,36,39,32,35,37,23,26,27,52,27,22,19,25,30,24,30,43,35,25,24,32,34,35,37
20150310,1,PM2.5,9.7,3.4,15,10.4,14.2,8.2,13.9,18.9,4.9,16.1,19.4,12,22.1,13,17.2,25.3,7,6.4,24.3,8.3,3,3,10.5,3,11.3,7.6,9.7,109.6,79.5,99.3,12,8.5,15.6,18,13
20150310,1,PM10,11.7,12.3,21.8,14.6,15,,24.6,30.2,8.9,,29.2,35.6,48.6,21.8,41.8,,,6.9,26.1,13.7,14.7,21.8,14.1,5,14,,13.3,121.9,104.8,106.7,,9.6,28.6,22.6,14.8
20150310,1,AQI,26,20,25,24,27,20,32,30,21,31,29,35,37,30,33,33,21,24,25,50,26,22,18,25,29,22,25,46,38,29,24,29,35,32,33
20150310,2,PM2.5,8.2,4.1,14.7,10.1,10.6,10.3,15.7,28.1,3,16.4,30.8,11.3,64.1,17.4,12.3,17.3,7.1,8.7,17.2,8.3,18,16.6,12.1,3,8.4,6.7,11.4,104.3,102.8,98.3,8.1,8.7,11.8,10.3,12.1
20150310,2,PM10,10.1,5,21.6,15.1,11.9,,16.9,,9,,61.4,30.5,96.6,22.8,16.3,,8.6,,,8.3,35.5,,17.9,5,,,13.3,,104.9,102.2,9.3,9.7,16.6,18.3,
20150310,2,AQI,22,22,23,22,25,18,29,29,19,32,29,34,53,27,31,31,19,23,23,47,18,17,17,25,29,22,23,45,41,33,22,25,31,33,31
20150310,3,PM2.5,7.4,3,17.7,4.8,5.4,8.4,18.9,36.7,8.8,19.5,49.8,11.4,71.4,31.5,7.7,27.3,3,3,10.1,8.7,18,3,15.7,5.7,10.3,3,6.8,110.2,148.3,92.2,11.1,11.9,15,9.1,8
20150310,3,PM10,,23.2,,10.2,6.1,,,46.4,,,59.8,35.8,100.8,46,,,9.5,12.2,12.5,,33.2,22,,7.4,,11.7,10.6,,,95.1,,,21.5,13.7,
20150310,3,AQI,20,19,22,20,24,18,29,30,18,33,30,34,40,27,30,31,18,23,21,45,19,14,23,22,30,21,21,44,42,37,22,23,36,28,30
20150310,4,PM2.5,11.8,4.5,13.2,4.1,10.4,8.2,10.2,21.8,4.8,11.4,46.6,20.5,81.9,46.4,7.6,23.5,8.7,7.8,12.8,8.3,20.2,13.1,14.1,4,10.6,3.2,6.6,100.6,80.6,115,8.2,8.5,10.3,14.3,10.2
20150310,4,PM10,,7.3,,9.4,13.4,,16,50.3,5,19.9,63.7,51.8,110.1,47.9,,,14.1,9.7,,,24.7,,29,5.1,,9.3,,,,,,14.1,41.5,28,
20150310,4,AQI,19,15,21,19,23,16,26,31,20,34,31,36,41,27,30,30,18,22,21,45,20,14,28,22,30,18,21,50,41,40,18,22,56,39,29
20150310,5,PM2.5,13.2,4.1,16.2,5.3,14.4,10,17.4,74.7,3,32,51,15.8,69.4,49.8,7.4,63.3,3.3,8.4,10.9,7.2,20.1,13.8,19,5.1,9,3,3.5,74.7,80.3,120.3,4.5,10,9,14.3,11.8
20150310,5,PM10,,7.2,,12.9,18.4,,22.4,,5,34.5,74.5,36.7,107.1,68.2,10.1,,27.3,11.5,17.3,,,24.8,36.6,10.9,,5.7,7.3,,,,13.7,34,20.4,30.4,
20150310,5,AQI,19,15,26,27,31,15,47,31,22,35,34,37,44,29,28,31,18,22,22,46,19,21,26,21,31,18,22,53,44,47,34,33,54,46,27
20150310,6,PM2.5,15,15.8,13.5,11.4,14,9.8,22.9,28.7,6.5,40.4,61.6,38.1,62.9,52,16.5,77.7,11.8,10.8,17.4,22.3,8.7,18.2,18.9,10.6,10.6,7.1,5.9,92.6,59.5,66.1,6.4,13.4,14.8,25.9,17.5
20150310,6,PM10,,,,18,,,,37.1,,57.9,78.2,96.1,102.6,58.7,17.6,,,15.3,21.5,32.1,,23.3,20.4,15.6,11.8,,,,,76.9,18.3,19.6,28.5,59.6,32.6
20150310,6,AQI,23,15,29,37,35,17,40,32,20,39,36,41,48,31,27,38,19,22,22,46,18,23,22,18,30,18,22,58,47,50,37,37,61,52,35
20150310,7,PM2.5,14.5,3,15.6,20.3,16.2,3,23.7,54.4,5.5,78.1,72.2,63.5,39.9,71.8,21.7,52,17,20.6,23.5,29.3,11.7,10.8,16.5,13.7,13.6,4.2,4,92.8,62,75,19.7,20.9,17.2,31.7,24.8
20150310,7,PM10,20.1,15.5,23.4,26.6,33.3,23.3,29.7,,,85,85.5,134.2,53.9,81.1,22,,26.1,29.8,23.8,34.9,55,22.5,32.8,,15.3,5,5.7,,80.7,,29.6,32.8,32.7,56.4,44.3
20150310,7,AQI,29,24,39,41,36,28,42,33,20,41,39,46,49,39,29,39,21,30,28,47,25,24,27,16,30,17,22,62,51,54,39,43,68,50,38
20150310,8,PM2.5,38.6,38.3,36.2,51,21.3,24.8,32.2,56.6,3,96.6,44.8,63.3,36.9,68.2,57.2,80.2,15.8,14.4,23.4,24.5,22.8,18.5,39.4,14.5,14.7,11.6,4.7,75.3,91.3,84.2,38.3,56.2,32.4,72.1,52.5
20150310,8,PM10,49,40.2,52.3,78.4,24.1,26.2,70.1,63.8,5,119,68.7,112.3,49.8,92.7,76.8,84.2,21.7,27.1,37.1,30.4,29.1,32.9,,17.7,23.5,,5,,138.3,105.9,66.5,101.1,54.9,125.1,66.7
20150310,8,AQI,31,34,41,42,39,39,46,34,19,47,41,50,50,37,29,43,31,22,26,47,23,21,27,20,30,15,22,66,55,58,38,41,69,58,39
20150310,9,PM2.5,57.8,68.2,56.7,75.4,25.4,32.4,49.4,75,37.9,76.6,49,67.3,49.3,86.7,72.1,35.4,15.8,20.4,15.1,51.7,32.3,31.4,65.6,11.4,12.7,9.1,3.3,72.4,91.6,107,70.4,76,35.2,81.8,48.9
20150310,9,PM10,69.8,79.8,70.7,105.7,44.6,41.4,72.5,,53.4,108.3,68.9,103,77.1,105.1,92.6,39.7,18.3,23.2,25.2,91.6,,,73.3,19.2,18.2,,15.9,78.4,133.8,114.7,87.2,102.9,62,123.1,71.6
20150310,9,AQI,30,35,39,38,41,38,46,35,27,52,41,52,51,39,31,44,37,22,23,50,21,16,25,21,30,16,21,69,59,63,35,38,65,49,38
20150310,10,PM2.5,45,51.6,51,60.4,33.9,36.6,37.3,135,51.9,67.4,81,63.4,107,103.8,101.2,62,21.8,14.5,5.9,44.7,32.8,14,39.2,14.5,8.6,6.7,14.2,67.8,92.8,150.9,62.2,70.5,29.1,71.7,40.6
20150310,10,PM10,,64.1,,76.7,45.1,,49.8,,52.7,87.8,122.7,82.6,150.7,111.3,122.1,79.8,,15.4,10.3,54.9,,,,15.3,19.1,,16.8,,137.7,,76.9,85.3,44.5,104.1,54.5
20150310,10,AQI,27,29,31,28,36,34,42,41,29,55,43,54,54,42,35,47,25,23,23,49,20,16,26,23,28,19,21,73,64,71,34,33,54,48,37
20150310,11,PM2.5,23.4,44.2,28.3,44.4,18,16.9,23,91.5,20.9,77.9,91.7,67.2,106.8,73.2,68.4,68.4,19.1,7.6,3.4,30.8,35.3,10.2,27.7,13.6,10,8.4,21.8,38.4,91.8,120.2,29.7,52,17.3,76.2,17.5
20150310,11,PM10,,,,44.9,20.5,,,,,,116.8,86.5,127.6,76.7,86.5,73.2,24.4,15.1,5,39.9,54.7,,28.3,,16.4,,39.7,,122.2,,32.2,60.5,21.5,102.3,26
20150310,11,AQI,23,24,27,29,25,18,33,46,20,60,47,55,55,46,37,51,18,23,25,45,22,20,27,25,28,22,19,74,68,77,28,34,36,44,32
20150310,12,PM2.5,11.6,28.6,23.5,39.7,9.1,14.3,17.1,,10.3,61.9,74.6,64.9,69.7,58.1,51.4,38.1,10.1,14.6,10.5,20.2,5.5,25.2,9.2,3,10.4,3,,,83.5,,26.3,45.8,12.8,,
20150310,12,PM10,,29,,47.3,15.7,,,22.7,,,92.3,86.5,73.8,58.3,59.1,42.8,11.6,,17.6,,,,31.2,9.9,18.7,5,24.2,37.5,89.3,60.1,,53.2,15.2,68,13.3
20150310,12,AQI,24,22,27,30,25,21,31,48,24,63,50,55,55,48,38,52,22,24,24,43,24,22,28,28,30,26,23,77,73,79,28,35,30,46,32
20150310,13,PM2.5,14.7,30.3,20.6,38,12.6,3,19.8,,37.7,50.2,52.8,66.4,59.9,50.6,43,11.9,3,8.9,67.2,11.5,,14.6,12.8,3,12.1,4.5,,,47.8,,28.2,37.7,,,
20150310,13,PM10,,33.9,23,42.2,14.7,8.1,20.1,6.8,38.5,,56.8,75,62,54.4,,,6.8,9.8,73,,,,31.1,6.4,18.5,5,10.5,41.1,50.3,14.8,,44.1,25.2,44,5
20150310,13,AQI,24,24,27,30,28,22,30,49,23,65,52,55,57,51,38,52,23,26,26,31,25,26,26,29,26,26,26,80,75,82,28,35,30,46,31
20150310,14,PM2.5,31.1,36.9,37.8,40.8,21.1,9.8,46.3,153.4,57.1,50.8,39.2,54.5,36.6,41,37,19.2,10.8,7.2,56.9,9.2,,10.3,16.9,3,17.7,3,7,19,40.2,15.1,40.5,37.2,12.7,19,6.7
20150310,14,PM10,34.4,,42.4,45.5,21.6,15,51.9,,,,45.4,,,,41.3,,,8.4,,,,,37.5,,24.3,6.4,10,30.9,,21,48.2,40.9,52.2,50.6,35.6
20150310,14,AQI,26,30,28,31,25,22,33,58,27,68,53,55,59,52,40,53,24,26,32,30,25,29,28,28,29,28,27,81,77,83,29,36,31,47,32
20150310,15,PM2.5,52.3,39.7,42.8,41.3,36.5,37.9,45.1,,42.6,47.2,33.8,37.9,32.4,40.7,38.9,40.6,,10.8,40.1,9.9,5.6,15.9,17.2,3,16.5,10.3,7.8,38.3,32.7,32.3,44,40.8,42.1,45.5,34.6
20150310,15,PM10,,40.7,47,50.1,56.7,,53.4,58.2,50.9,,36.4,39.5,36.8,,42.1,,,11.4,42.9,13.3,,,43.7,,26,,9.6,,40.3,,47.1,46.5,63.5,52.9,39.6
20150310,15,AQI,27,36,30,33,24,26,33,60,34,67,55,55,60,54,40,55,19,28,31,29,28,29,30,29,31,28,28,83,78,84,30,36,32,48,32
20150310,16,PM2.5,45.6,40.7,44,38.3,43.1,43.4,32.5,,38.1,35.4,31.7,34.8,23.7,42.6,38.3,26,15.1,31.8,34.6,9,9.8,8.2,12,11.4,14.7,8.2,11.4,32.3,35.1,20.9,40.4,38,33.8,33.1,42.4
20150310,16,PM10,,,46.5,43.5,55.1,,47,43.9,38.7,54.7,48.4,45.1,41.5,,42.6,51.8,,52.6,48.3,23.2,,10.2,41,,23.9,15.7,12.2,,45,,44.1,45,53.9,60.8,44.7
20150310,16,AQI,29,39,32,34,35,29,34,62,32,57,56,55,61,56,42,55,22,29,28,29,29,29,30,31,33,29,28,84,80,85,31,37,33,49,33
20150310,17,PM2.5,41,39.9,36.7,30.2,40.3,35.3,30.8,,35.3,33.7,36.1,29.9,24.3,26.9,36.6,36.9,36.6,38.8,40.1,13,32.3,5.5,10.4,42.7,13.8,5.4,11.7,33.2,46.3,31,36,36.4,33.9,36.7,35.5
20150310,17,PM10,46,40.5,51.2,49.7,61,,48.2,47.8,45.7,50,48.7,51.1,46.8,38.5,44.4,44.5,41,63.4,50.5,23.3,42.5,27.3,28.2,,17.2,17.6,21.5,36.5,55.3,35.2,46.2,47.1,57.9,51.4,41.3
20150310,17,AQI,31,34,33,34,31,27,36,64,30,57,58,55,62,57,43,57,20,28,30,29,29,28,30,33,23,29,27,86,82,86,33,38,36,50,34
20150310,18,PM2.5,36.8,30.2,32.3,31.8,38.4,38.4,30.9,,32.4,29.1,30.1,30.3,36.7,30.4,32.9,27,37,36.4,35.6,35.8,45.1,29.9,19.2,35.1,14.5,7.7,28.6,32.8,88.3,53.4,34.1,30,26.6,32.9,37.1
20150310,18,PM10,54,44.5,47.3,50.9,59.9,46.6,57.6,37.7,48.6,62.3,75.5,69.7,79.3,50.8,49.7,54.1,42.1,64.9,58.9,57.5,54.2,52.3,,36.3,26,38.7,59.4,41.5,111.8,63.5,47.2,49.5,59.1,57.8,43
20150310,18,AQI,33,32,35,36,28,24,37,67,29,59,59,56,64,58,44,58,24,24,32,31,31,27,31,29,28,27,25,87,86,88,34,40,38,51,35
20150310,19,PM2.5,43.9,45.5,37.1,38.8,30.5,36.8,40.6,,31.2,44.9,61.5,55.7,63.9,52,43.6,38.6,35.4,41.9,36.9,50.6,48.2,56.2,13.8,41.3,19.7,38.9,37.4,35.1,79.4,63,44.4,41.9,42.8,46.3,36.3
20150310,19,PM10,78.8,73.8,74,80.9,77.6,60.5,87.6,28.2,57.3,81.6,108.7,112.8,122,84.9,77.5,75,54.3,79,70.1,77.8,72.4,68,,48.7,35.8,71.8,72.4,50.7,122.8,96.4,80.2,93,96.1,94.2,64.7
20150310,19,AQI,35,34,37,38,31,28,45,69,30,60,62,57,66,60,47,59,25,30,34,34,33,27,33,25,33,26,28,88,89,91,38,43,49,52,36
20150310,20,PM2.5,74.3,62.1,62.5,65.4,66.1,60.8,59.7,,45.8,71.7,76.6,73.5,77.1,67.2,71.7,58.5,45.1,49.5,51.4,80.2,56.7,60.5,31.6,36.6,14.6,40.5,42.5,48.9,76.8,80.4,71.6,66.5,69.6,70.8,61.9
20150310,20,PM10,110,99.5,108.4,113.4,122.3,93.3,121,66.1,67.7,111.9,146.2,120,136.4,106,110.3,105.6,71.7,86.9,68.6,91.4,71.5,71.9,52.3,42,22.4,64.2,69.8,77,100.1,105.3,115.7,124.7,133.8,122,94.9
20150310,20,AQI,40,37,42,42,35,37,49,73,32,62,65,59,70,63,50,60,37,33,36,37,36,30,35,103,23,25,27,89,93,94,43,48,63,60,40
20150310,21,PM2.5,85.9,79.2,74.5,72.1,71.5,75.5,66.8,,37.5,85.2,99.6,77.7,97.8,80.9,98.1,79.7,68.1,44,59.6,96.2,98,54.2,12.6,43.9,5,39.8,42.6,76,124.5,120.9,76.5,85.4,73.8,89.9,78.7
20150310,21,PM10,127.9,118.5,119.5,117.3,129.5,104,119.5,99.7,49.6,127.9,150.4,116.8,161.2,115.5,139.4,118.4,94.9,67.9,86.6,119,122.1,70.5,,50.9,13.2,78.7,82.2,107.7,145.4,140.6,122.6,140.2,145.8,132.5,116.7
20150310,21,AQI,48,42,48,46,40,43,50,77,33,64,69,60,74,66,54,62,46,31,42,43,43,35,35,21,31,24,26,92,98,100,49,52,63,57,45
20150310,22,PM2.5,87,81.3,77.4,73.4,76.2,69.4,68.5,,33.3,94.8,95.6,61.1,99,107.6,97.2,87.5,86.4,48.8,62.8,92.9,93.9,62.2,10.8,41.3,7.2,31.1,50.8,90.8,146.4,131.3,81.4,82.9,84.5,94.4,75.1
20150310,22,PM10,127.6,118.3,112.9,118.1,116.6,99.2,126.4,141.1,48.5,137.3,135,93.2,149.9,144.7,151.3,131.9,114.3,71.1,86.5,107.1,94.8,80.1,16.1,,23.2,48.7,106.7,111.3,202.3,148.1,117.8,136.8,122.4,142.4,116.6
20150310,22,AQI,53,46,52,50,44,51,57,79,34,67,73,62,78,71,59,64,47,33,42,48,48,39,34,23,34,27,30,94,103,107,52,54,58,59,50
20150310,23,PM2.5,90.5,86.8,74,82.1,67.1,74.7,71.7,,38.2,94.1,79.5,71,88.1,115.4,115,97.7,98.1,103.9,65.3,73,84.6,85.8,18.4,39.1,8.2,21.4,56.8,109.6,156.8,185.1,81.5,87.3,70.9,96.3,81.4
20150310,23,PM10,106.9,101.4,94.1,118.7,91.8,86.9,137.1,157.2,54.3,127.1,97.2,110.9,137,150.1,154.1,149.2,112.2,149.8,85.9,81.5,,107.5,48.8,,19.7,34,92.8,146.4,199.7,195.7,114.9,122,109.4,141.6,117.3
20150310,23,AQI,56,51,54,53,49,53,60,83,36,72,76,64,82,76,64,68,45,45,45,51,51,44,35,25,25,28,33,95,109,116,55,57,71,64,52
20150310,0,SO2,2.2,3.3,6.3,6.5,3.4,5.9,8.3,7,2,5.9,10.8,6.7,12.7,2.2,10.8,21.8,2,2,11.6,2,2,6.1,3,2,4.7,2,4.4,26.7,8.1,26.4,4,4.2,10.2,10.1,2
20150310,0,NO2,22.3,25.6,34.9,30.9,25.4,25.7,74.3,19,11.5,29.2,44.1,35.4,51.4,30.7,37.3,72.3,16.2,6.4,46,6.2,2,9.7,9.8,2,34.9,2.5,6.1,,13.5,46.5,24.7,34.2,67.2,68.4,26.9
20150310,0,O3,53,63.1,40.5,53.3,62.9,51.1,16.1,38.7,67.9,49.2,57.2,40.2,27.8,59.7,45,2,65.5,76.7,19.8,68.5,84.9,68.8,60.7,77.9,46,71.6,73.2,2,31.3,26.4,74.6,50.7,38.6,18.2,55.2
20150310,0,CO,0.4,0.3,0.5,0.4,0.3,0.4,0.6,0.6,0.6,0.5,0.7,0.7,0.9,0.5,0.7,1.2,0.4,0.3,1.2,0.4,0.2,0.7,0.3,0.5,0.2,0.2,0.4,2.4,0.7,1.2,0.5,0.5,0.8,0.7,0.4
20150310,1,SO2,4.1,3.9,6.5,6.8,4.2,4.5,6.8,6.4,2,6.8,12.8,6.8,244,3.6,16.3,11.8,2.2,2,12.1,2,2,7.1,3.1,2,12.8,2,2.7,25.3,5.5,37.9,4.2,4.9,9.9,8.1,2.3
20150310,1,NO2,19.4,24.6,38.7,30.1,24.3,24.7,62.6,21.7,14,30.4,50.1,38.9,59.6,29.9,53.5,49.4,11.7,6.3,46.8,6.2,2,8.8,12.3,2,22,3.3,6.6,,39,52,23.3,31.3,69.7,61.3,34.2
20150310,1,O3,54.8,61.1,34.8,52.3,62.7,51,21.9,31.7,64.8,45.2,50.5,33.5,19.6,56.7,25.2,21.1,55.7,73.6,16.1,67.2,82,69.4,54.5,78,60.3,69,69.2,2,2.9,18,75.1,50.6,34.9,20.7,42.5
20150310,1,CO,0.4,0.4,0.5,0.4,0.4,0.4,0.6,0.8,0.6,0.5,0.7,0.8,1.2,0.5,0.9,0.5,0.6,0.3,1.6,0.4,0.3,0.5,0.4,0.5,0.2,0.2,0.4,2.8,2.4,1.8,0.4,0.5,0.8,0.7,0.5
20150310,2,SO2,3.7,4,6.2,6.6,4,3.4,,12.6,5.7,5.4,22,5.4,45.2,6.6,7.3,5.9,12,3.9,8.4,2,2,8.1,4.6,2,14.6,2,2.1,36.2,4.8,34.8,4.4,3.9,9.4,6.9,6.5
20150310,2,NO2,16.7,17.7,40.4,33.7,22.3,22.8,57.2,26.2,15.5,41.6,52.8,33.8,65.3,41.5,34.5,31.4,6.9,10.4,32.7,4.6,14.9,18.7,12.1,2.3,24.7,2.6,6.7,,41.2,65.8,24.7,27.8,61.7,64.1,22.9
20150310,2,O3,44.8,69,31.4,48.6,63.2,52,25.4,29.4,60.5,29.4,30.3,37.2,9.7,40.1,44.6,39.9,33.9,65.3,29.7,68.3,50.9,52.6,53.1,76.9,55.1,68.8,68,2,2,8.5,70.1,53.9,41.9,20.7,45.5
20150310,2,CO,0.4,0.3,0.6,0.5,0.3,0.3,0.5,1,0.6,0.5,0.9,0.6,5.3,0.6,0.6,0.2,0.4,0.3,0.9,0.4,0.5,0.8,0.5,0.5,0.2,0.2,0.4,3.3,3.8,2,0.4,0.6,0.7,0.7,0.5
20150310,3,SO2,3.8,2.9,6.6,5.8,4.3,3.8,6.3,18.7,6.7,5.7,23.4,6.3,25.5,11.5,3.6,10.4,6,8.7,11.3,2,2,6.5,10.1,3.1,19.7,2,2.7,21.5,5,26.3,4.4,4.3,7.1,5.7,6.5
20150310,3,NO2,19.6,18.5,34.7,31.1,22,23.2,57.2,39.1,16.9,60.8,46.9,41.2,67.6,51.4,23.6,41.8,3.9,23.9,31.3,6,32.9,26.8,44.4,5.8,19.2,3.8,8.2,,39,69.3,42.6,34.5,70.6,55.2,19.5
20150310,3,O3,31.8,59.3,35.9,48.2,63.7,52,22,12,55.1,2,35.2,29,7.2,20.1,56.5,27.5,43.7,49.8,29,62.5,23.3,38.5,14.6,69.4,65.4,64.2,64.1,2,2,5.9,42.4,40.2,36,25,51.2
20150310,3,CO,0.5,0.3,0.6,0.4,0.3,0.3,0.6,1.9,0.4,0.6,0.8,0.7,2.3,0.9,0.4,0.4,,0.4,0.9,0.4,0.7,0.8,0.7,0.4,0.2,0.2,0.4,3,4.2,1.8,0.4,0.9,0.8,0.6,0.5
20150310,4,SO2,5.1,2.4,8.2,5.6,4.9,6.4,6.1,15.4,6.6,7.6,25.3,12.4,27.5,13.2,4.8,14.1,5.7,10.9,8.9,4.9,5.7,8.8,13.4,10.4,25.3,2,2,21.7,3,29.1,5.9,5,11.3,7.5,8.1
20150310,4,NO2,31.7,20.9,38.1,33.1,41.1,23.8,51.3,46.3,13.1,67.2,49.2,52.1,64.8,46,25,37.9,10.3,21.7,26.9,11.9,35.8,26.2,54.2,9.9,15.1,3.6,5.2,,40,73.6,33.3,36.9,111.4,76.3,24
20150310,4,O3,26.4,42.4,32.2,40.9,41.3,49.6,,,61.8,2,26.1,16.1,6.3,24.8,51.9,32.5,33,44.7,35.4,53.3,21.6,38.6,2,67.6,71.4,56.8,66.5,,2,,48.2,32.6,16.1,4.6,38.7
20150310,4,CO,0.4,0.4,0.5,0.4,0.4,0.4,0.5,2.2,0.4,0.8,0.9,1.4,2.5,1,0.5,0.4,0.2,0.5,0.9,0.6,0.7,1.2,0.6,0.4,0.2,0.2,0.4,3.3,2.7,2.5,0.4,1.1,1.2,0.8,0.6
20150310,5,SO2,5.2,2,5.8,6.4,5.2,8.4,7.5,9.6,2.9,10.9,25.7,9.2,25.2,15.9,7.7,27.7,6.5,20.1,8.2,3.1,13.4,9.8,19.2,19.2,21.6,2,2,18.5,4.3,19.5,7.3,6.8,14.9,10.8,9.6
20150310,5,NO2,36.5,21.2,50.6,52.5,60.6,29.8,93.6,49,4.8,68.3,52.4,47.7,58.3,56,33.8,61.6,25.8,24.1,43.7,8.4,30.8,42,50.8,8.7,12.2,,3.2,,49.8,82.2,67.1,64.6,107.3,91,42.5
20150310,5,O3,20.4,32.5,20.8,20.7,21.8,43.2,2,2,70,2,21.9,20,6.8,10,39.5,7.2,24,44.7,21.4,54.6,25.4,19.7,3.7,65.5,72.7,56.8,67.6,2,2,4.3,12.7,5.5,14.8,2,26.3
20150310,5,CO,0.7,0.4,0.6,0.8,0.4,0.4,0.7,2.1,0.3,1.3,1.3,1.1,2.4,1.5,0.6,2.1,0.3,0.6,1.1,0.5,0.8,1.3,0.9,0.4,0.2,0.2,0.4,2.9,2.8,2.5,0.7,1,1,1.2,0.6
20150310,6,SO2,6.3,2,4.8,7.6,8.3,9.2,16.2,11.1,2.1,15.7,,20.9,29.1,19.1,8.2,34.2,12.6,24.4,14.6,8,2,12.1,15.6,24.5,50.2,2,2.5,15.1,13.4,16.7,10.5,9,18.1,19.4,11.8
20150310,6,NO2,45.7,30,56.4,72.2,68.5,32.2,78.7,49.8,6.4,77.4,63.1,70,61.9,60.8,44.1,75.1,37.3,26.9,41.1,41.6,9,44.6,42.7,13.8,16.4,2.3,2.4,,62.9,81.4,73.1,74,120.2,102.8,68.5
20150310,6,O3,13.9,27.1,15.2,4.7,16.7,39.5,2,2,63.2,2,12.4,2.8,,7.5,25,2,25.7,44.9,19.7,16.7,55.2,12.6,10,56.1,64.1,54.9,69.8,2,2,3.8,4.3,2,13.2,2,2.4
20150310,6,CO,0.7,0.5,0.6,1,0.5,0.4,1.3,2.2,0.2,1.9,1.5,1.4,2.8,1.7,0.6,2.6,0.5,0.8,1.7,1.2,0.5,1.3,0.9,0.4,0.4,0.3,0.3,3.4,1.6,2.2,1,1,1.2,1.8,0.9
20150310,7,SO2,6.6,2.6,8.6,15.5,7.3,8,16.7,14.9,2,30.2,33.3,37.5,26.9,39.8,11.7,29.1,16.6,32.7,26,15.2,5.7,11,20.5,24.8,57.7,2,2,19.8,35.6,14.2,14.5,17.8,11.6,30.4,17.1
20150310,7,NO2,56.8,47.5,77.1,82,71.3,55.5,82.2,55.2,7.9,81.7,72.4,73.9,65.2,76.7,57,77.1,41.3,59.7,55.3,41.9,48.7,46.3,53.3,19.3,21,2.5,2.5,,61.7,86.5,77.7,86,135.1,99.3,74.7
20150310,7,O3,6.5,8.4,2,2,10.8,18.4,2,2,63.1,2,6.6,2,9.1,7.2,10.7,2,23.2,17.6,9.8,11.5,4.4,11.1,2.5,50.9,55.7,52.6,69.2,2,2,3.5,3.2,2,9.4,2,2
20150310,7,CO,1.1,0.9,1,1.9,0.7,0.5,1.6,2.1,0.1,2.3,2.3,2.2,2,1.7,0.8,1.8,0.6,1,1.8,1.5,0.9,1,1.2,0.5,0.5,0.3,0.3,2.9,1.5,2.3,1.5,1.7,1.3,2.4,1.8
20150310,8,SO2,15.1,22.8,19.5,37.5,14.1,21.3,25.8,28.3,3,41.1,21.1,36.3,18.9,26.3,26,34.7,21.2,31.9,29.8,18.5,9.1,15.4,34,23.9,56,2,2,22.7,9.9,22.1,29.4,42.5,14.7,58.8,29.2
20150310,8,NO2,61.5,67.6,80.5,83.1,78,77.4,91.5,55.6,14.6,79.8,52,67.7,,73.7,54.7,75.3,61.8,37.6,50.9,46.4,44.9,41.2,52.7,12.1,19.8,3.8,3.4,,45.2,96.6,75.4,80.4,137.9,114.5,77.6
20150310,8,O3,8.5,7.1,3.5,6.6,14.6,8.5,2,2,58.6,2,21.2,4.3,6.3,9.2,17.5,2,9,34.7,12.6,12.6,9.7,18.2,8.3,61.3,60,47.1,67.7,2,2,4.3,6,4.2,10.1,2,4
20150310,8,CO,1.7,1.5,1.5,2,1.1,1.2,2.3,2.6,0.4,2.1,,2.4,1.3,1.6,1.3,2.9,0.8,0.8,1.8,1.2,1,1.2,1.5,0.5,0.5,0.4,0.3,2.5,2,2.8,1.8,2,1.7,2.7,2.7
20150310,9,SO2,25.9,41.1,26.7,40.9,25.1,25.2,29.3,38.5,23.9,43.1,22.3,42.8,31,30.5,35.1,29.3,23.3,26.1,18.2,27.4,31.2,12.4,31.3,26.1,36.7,2,10.1,26.6,22.6,88,40.9,43.6,14.9,51.4,31.9
20150310,9,NO2,58.8,69.6,77,74.1,80.6,74.9,91.1,54.2,53.5,71,47.6,65.4,59.8,58.8,48,63.7,73.1,28.9,30.1,52.7,40.5,30.7,41.9,11.2,15.4,4.1,7,,44.3,84.7,68.2,75.1,129.4,97,75.1
20150310,9,O3,14.3,17.9,9.4,18.1,23.2,14.4,2,9.1,27.9,2.7,36.8,12.9,12.8,22.7,26.6,15,12,45.5,37.4,14.9,23.2,32.8,23.7,64.4,72.1,49.4,65.7,5.6,2.4,10.8,18.9,9.3,14.5,2,7.8
20150310,9,CO,1.6,1.6,1.7,1.7,1.7,1.4,1.9,2.4,1.5,2.2,1.1,2.2,1.8,1.6,1.2,0.8,1,0.6,1,2,0.9,1,1.6,0.5,0.4,0.4,0.4,2.2,1.9,2.5,1.6,1.8,1.7,2.2,2.2
20150310,10,SO2,15.4,30.7,17.6,26.8,19.8,16.9,21.1,50.1,24.7,36.1,46.6,27.1,51.1,34.8,36.9,48.7,22.5,19.4,2,21.1,19.8,58.4,36.3,22.5,17.1,2,20.6,28.7,35,156.3,29.9,36.5,15.8,40.9,24.3
20150310,10,NO2,53,57.1,60.9,55.8,71.9,66.1,82.7,50.6,57,54.3,55.7,47.9,65.5,43,40.8,68.7,49.4,20.8,7.6,36,28.7,29.9,22.4,7.9,10.3,3.7,12.5,,36.9,81.7,66.8,64.8,106.1,95.8,73.8
20150310,10,O3,24.8,35.9,25.9,39.8,33.5,25.9,13.8,26.9,32.8,26.3,42.3,36.7,26.7,50.9,38.2,21.3,36.1,58.5,71,39.1,40.3,44.6,45,71,85.2,58,64.6,19,28.9,28.5,32.2,25.6,25.5,9.7,18.3
20150310,10,CO,1.2,1.2,1.1,1.1,1.4,1.1,1.3,1.8,1.4,1.3,1.5,1.6,2.1,1.3,1.3,0.9,0.7,0.4,0.3,1.2,0.8,0.8,0.7,0.6,0.2,0.3,0.5,1.5,1.4,2.2,1.3,1.4,1.3,1.7,1.5
20150310,11,SO2,8.4,17.6,8.4,17.7,15.2,9.7,14.1,24.3,10.9,30.8,37,31,36.7,25,27.5,35.1,14.6,8.7,2,18.4,29.1,36.4,25.4,13.9,15.2,2,20.9,22.8,41.9,51.5,13.3,23.3,11.3,35.7,14.3
20150310,11,NO2,32.8,47.8,48.2,43.9,33.6,35.8,65.3,31.6,25.7,43.3,58.1,48.8,50.1,31.1,36.7,59,34.1,14.5,2.6,22.4,29.5,21,17.5,4.5,10.2,2,20.9,,29.4,55.6,44.6,55.2,70.3,86.6,37.1
20150310,11,O3,43,51,39.7,56.4,64.1,52.1,33.2,47.9,62,49.7,49.6,44.8,45.7,77.2,53.1,32,52.2,71,76.9,58.6,50.1,62.5,56.1,79.4,87.6,70.3,60.3,35.1,45.5,55.5,58.9,41.6,46.6,18.3,54.6
20150310,11,CO,0.8,0.9,0.8,0.8,0.6,0.6,0.9,1,0.7,1.1,1.4,1.4,1.5,1,1,0.8,0.6,0.3,0.3,0.7,0.7,0.6,0.6,0.6,0.1,0.3,0.6,0.9,1.1,1.5,0.8,1.1,0.9,1.5,0.8
20150310,12,SO2,7.5,13.2,7.1,16.7,9.7,9.3,11.3,15.7,8.2,23.7,28.5,28.6,,16.8,20.5,24.5,4.3,7.9,7.8,9.3,3.2,18.8,11.8,7.5,12.9,2,12.1,18.7,31.6,27.6,11,19.9,10.2,24.7,14.6
20150310,12,NO2,17.3,41.8,40.4,42.5,17.3,25,56.5,19.1,14.8,37.3,50.8,45,32,27.5,32.7,53.6,20.2,12.4,10.5,15.3,8,20.8,6,2,9.5,2,14.8,,20.8,38.6,38.8,52.6,53.3,85.4,27.9
20150310,12,O3,58.7,61.9,50.5,62.8,80,64.2,43.3,60.6,74.3,65.1,64.3,53.9,60.2,91.9,64.3,41.4,68,74.5,75.1,68.1,74.7,68.1,76.2,87,93.1,81.1,71.5,38.9,62.7,77,67.1,48.9,57.8,26.2,64.3
20150310,12,CO,0.5,0.7,0.7,0.8,0.5,0.5,0.7,0.6,0.5,0.9,1.1,1.1,0.9,0.8,0.8,0.8,0.3,0.3,0.5,0.5,0.4,0.7,0.3,0.6,0.1,0.2,0.5,0.8,1,0.9,0.7,1,0.7,1.2,0.6
20150310,13,SO2,6.9,12.8,7.4,14.2,6.7,7.6,11.7,13,15.6,17.5,21,23.4,21.4,12.8,14.5,12.2,3.6,6.8,24.9,4.5,2,10.5,10,6.2,13,2,5.5,18.5,18.7,15.6,11.1,15.7,11,19.2,11.5
20150310,13,NO2,18.7,34.3,35.4,35,13.3,23.5,58.4,15,28,27.7,40.4,32.8,27.6,22.7,26.6,21.4,15.9,10.4,23.8,7.8,2,15.3,5.2,2,26,2,5.4,,11,26.2,37.2,46.9,57.7,73.6,16.2
20150310,13,O3,59.7,75.7,60.1,74.3,87.3,69.3,47.1,69.1,71.9,83.4,,71.8,78.3,102.3,77.6,74.7,71.9,80.4,82.1,77.5,77.2,83.1,82.6,90.5,81.2,82.2,82.6,40.9,79,91.1,72.6,57.5,60.3,36.1,78.9
20150310,13,CO,0.5,0.7,0.6,0.7,0.4,0.4,0.7,0.4,0.7,0.7,0.7,1,0.9,0.6,0.7,0.3,0.1,0.3,0.8,0.4,0.4,0.6,0.3,0.7,0.1,0.2,0.3,0.7,0.7,0.5,0.7,0.8,0.7,1,0.5
20150310,14,SO2,9.9,13.1,11.3,13.5,8.7,8.4,17.3,15.5,20.6,16.7,11.7,18.6,11.3,9.5,12.4,12.4,3,7.5,13.6,2.4,3.4,9.8,17.4,4.7,23.3,2,4.8,17,12.4,13.3,14.3,14.6,15.7,18.5,10.3
20150310,14,NO2,21.7,25.1,34.3,24.2,,31.1,65.4,15.1,27.5,22.3,,22.1,19.1,20,19.4,22.6,13.3,11.3,20.2,6.6,4.3,10.9,5.6,2,27.4,2.8,6.3,,6.8,26.7,36.8,33.1,61.3,75.7,22.5
20150310,14,O3,65.2,94.3,71.2,91.8,78.2,70.2,53.3,70.9,84.5,98,,95.8,88.3,108.3,90.1,74.1,74.8,82.7,101.8,83.5,78.3,90.9,87.7,88.9,89.9,87.3,86,45.5,88,91.4,81.2,75.3,65.2,43.6,76.2
20150310,14,CO,0.7,0.6,0.6,0.6,0.5,0.5,0.7,0.5,0.8,0.6,0.5,0.7,0.6,0.5,0.6,0.3,0.1,0.3,0.7,0.3,0.4,0.5,0.4,,0.2,0.2,0.3,0.6,0.6,0.5,0.7,0.7,0.8,1,0.6
20150310,15,SO2,12.7,14.1,13.3,16.5,13.8,12.3,17,24.5,15,16,7.3,11.2,10,9.4,11.6,15.4,24.3,8.1,6.8,2.5,2,9.3,18.1,7.5,9.3,3,3.8,15.9,9.4,9.7,16.5,15.8,19.6,,15.7
20150310,15,NO2,18.4,19.4,30.6,23.2,26,33.2,64.9,24,20.8,23.6,,14,20.4,20.9,15.1,30.3,14.9,10.9,14.5,6.8,3.3,10.4,5.6,2,22.6,3.5,4.6,,5.8,23.6,36.2,29.1,62.7,72.9,30.4
20150310,15,O3,79.1,112.3,87.6,103.6,,80.3,70.5,78.2,106.3,111.5,64.9,103.6,82.6,118.1,102.1,74.6,60.8,86.7,96.3,83.6,87.2,91.2,88.7,92.6,96.5,89.5,88.5,53,89.8,96.5,90.9,87.8,76.7,53,83
20150310,15,CO,0.7,0.5,0.6,0.6,0.6,0.6,0.7,0.7,0.6,0.6,0.4,0.6,0.6,0.5,0.5,0.4,0.1,0.3,0.5,0.3,0.3,0.5,0.4,0.9,0.1,0.2,0.3,0.6,0.6,0.5,0.7,0.6,0.8,0.9,0.7
20150310,16,SO2,13.3,13.9,9.5,12.4,14.9,14.6,13.2,19.6,9.5,10.8,6.8,8,5.9,6.1,10.3,15.5,11.5,12.3,4.8,4.3,2,9.3,15.1,7,12.8,4.9,5.1,14.8,8.3,7.1,14.8,14.4,15.6,25.7,18.4
20150310,16,NO2,17.4,18.6,26.2,21.8,24.5,32.9,65,19,14.6,23.3,42.8,13.8,19.2,19.5,13.1,23.8,26.9,25.8,15.4,9.5,2.6,11,5.4,2,18.6,4.1,5.5,,5,20.9,33.9,29.1,63.1,75.7,27.4
20150310,16,O3,90.5,124,89.8,105.7,110.2,91.3,66.4,87.8,102.1,98.2,94,94.8,84.1,111.6,113.6,88.9,68,90.7,87.2,82.4,91.8,92.3,91.9,94.7,103.1,90.4,88.6,59.7,90.7,98.5,99.1,93.7,81.6,52.7,97.6
20150310,16,CO,0.6,0.5,0.5,0.5,0.6,0.6,0.6,0.6,0.5,0.5,0.5,0.5,0.5,0.5,0.4,0.3,0.2,0.5,0.5,0.3,0.3,0.5,0.4,3.1,0.1,0.3,0.3,0.5,0.6,0.4,0.6,0.6,0.7,0.8,0.7
20150310,17,SO2,8.6,11.1,7,11.1,10.9,10.3,11,17.5,8.1,8.5,6.2,7,5.1,4.3,7.3,15.3,,13.5,4.2,5,20.5,10,11.3,9.8,13.6,4.2,6.6,14.7,7.1,9.6,12.1,12.5,13.4,17.1,14.8
20150310,17,NO2,18.5,21.8,31.5,25.5,24.5,33.3,68.5,19.4,16.3,25,40.3,16,21.2,19.8,12.9,21.3,21.4,31.8,18.7,15.9,24,18.9,4.5,11.5,44.4,4.4,9.5,,5.2,22.3,39.9,35.7,71.3,79.6,28.2
20150310,17,O3,79.2,107.3,76.5,92.5,97.8,85.3,56.3,78.8,94.6,90.9,94.6,90.9,82.2,108.5,107.5,99.1,48.5,87.4,85.6,78.6,82.3,86.7,93.7,103.2,73.5,90.8,86.1,62.6,89.2,100.6,82,78,66.1,45.6,95.8
20150310,17,CO,0.6,0.4,0.5,0.5,0.5,0.5,0.6,0.6,0.5,0.4,0.4,0.6,0.5,0.4,0.4,0.3,0.1,0.5,0.5,0.3,0.6,0.6,0.4,0.4,0.1,0.2,0.3,0.5,0.6,0.5,0.6,0.6,0.7,0.8,0.6
20150310,18,SO2,6.7,8,4.1,7,8.8,9.6,9.5,18.1,8.8,8.1,8.3,7.5,7.5,3.5,7,12.1,10.5,11.1,4.8,11,12.7,15.4,12.3,9.4,15.7,6.6,11.3,13.8,13.1,17.9,9,9.1,12.9,14.1,13.7
20150310,18,NO2,21.1,22.9,36.8,31.1,29.7,37.6,70.9,18.8,17.9,32.1,34.1,17.7,33.3,21.2,16.2,20.9,41.5,34.5,23.6,33.3,22.7,34.4,4.9,16.4,55.2,12.8,25.7,,16.5,30.3,41.7,37.8,74.4,89.3,35.9
20150310,18,O3,72.2,100.2,69.8,83.4,87.6,73.6,50.9,73.4,89.8,82.2,92.5,89.2,73.9,105.4,100.8,90.1,75.9,75.8,80.6,70.6,89.5,83.7,94,92.1,64.8,84.1,79.1,59.4,78.8,95.5,78.2,71.2,57.4,32.2,78.5
20150310,18,CO,0.6,0.4,0.5,0.5,0.5,0.5,0.6,0.5,0.5,0.5,0.5,0.6,0.6,0.5,0.4,0.2,0.2,0.6,0.5,0.6,0.6,0.8,0.4,0.3,0.1,0.3,0.5,0.5,0.7,0.6,0.6,0.6,0.7,0.9,0.7
20150310,19,SO2,8.1,10.4,7.4,12.3,8.4,8.2,13.3,17.1,8.4,13.1,15.9,13.2,15.9,15,9.9,15.1,9.9,13.4,6,13,10.6,16.9,20.9,8.9,18.1,11.9,12.5,14.5,24.1,22,12,13.1,12.2,18.3,12.6
20150310,19,NO2,30.8,35,41.1,45.4,41.8,46.5,88.2,16.6,20.6,42.1,37.4,25.1,62.8,32.2,28.4,45.2,50,60,29.4,37,21.1,53.9,15,20,65.1,25.8,23,,30.9,36.1,54.5,51.4,97.8,102.6,34.5
20150310,19,O3,63.8,85.1,66.7,71,75.7,64.4,34.8,68.6,83.9,67.3,82.1,85.3,49.6,92.5,82.6,56.5,54.7,44.9,70.3,68.3,69,70.2,81.1,77.9,47.5,80.2,88.6,49.7,60.8,82.5,64.6,60.4,46,21.3,79
20150310,19,CO,0.8,0.5,0.6,0.6,0.6,0.6,0.8,0.5,0.5,0.7,0.7,0.7,0.9,0.7,0.6,0.4,0.2,0.8,0.6,0.7,0.6,0.9,0.6,0.4,0.2,0.5,0.5,0.5,1,0.7,0.8,0.7,0.9,1,0.7
20150310,20,SO2,16.7,21.4,16.8,19.8,16.6,18.2,19.4,29,10.9,22.6,25.7,18.7,23.6,18.1,22,24.3,12.3,23.1,9,14.5,7.9,16.8,25.7,7.8,7.9,11.6,13.4,17.5,18.4,34.7,21.5,23,20.8,29.1,20.2
20150310,20,NO2,40.2,53.7,59.4,60.1,52.6,71.2,96.1,35.1,30.6,57.6,51,40.4,69.1,56.7,48,72.4,74,65.4,34.7,39.1,29.2,52.5,24,17.5,37.7,24.8,21.4,,27.1,47.3,60.2,73.4,125.6,119.7,54.3
20150310,20,O3,55.5,61.9,49.3,57.1,67.3,44.5,27,53.7,76.3,42.8,60.4,68.2,41,55.2,56.7,28.7,30.8,35,62.3,60.5,44.9,63.3,67.1,68.8,72.5,79.7,83.8,36.5,56.8,68.7,57,36.3,31,7.2,59.9
20150310,20,CO,0.9,0.8,0.8,0.9,0.8,0.8,0.9,0.8,0.5,0.9,1,0.9,1.1,0.8,0.9,0.6,0.4,0.9,0.7,0.9,0.8,1,1.1,11.3,0.1,0.6,0.6,0.7,0.9,1,1,0.9,1.2,1.3,0.9
20150310,21,SO2,20.6,34.2,23.7,25.1,22.1,25.2,22,31.9,10,29.3,36.1,16.4,35.3,17.3,26.2,34.6,18.9,15.3,18.5,29.2,18.6,19.8,5.2,14.8,2,10.6,12.3,25.2,24.5,33.2,27.3,38.1,29.4,42.2,28.2
20150310,21,NO2,40.7,56.5,74.4,61.4,65,61.1,99.5,51.4,21,58.6,62.6,49.6,76.6,41,64.3,57.1,91.7,37.1,82.3,63.4,53.6,62.3,6.6,19.6,12.6,23.7,20.2,,33.8,59.4,70.1,65,124.2,107.8,54.9
20150310,21,O3,50.8,53.1,33.8,51.9,53.8,49.9,21.6,27.9,79.7,38.1,45.6,53.9,28.9,71.5,33.8,41.6,11.7,54.5,10.6,33.9,2,40.8,83.3,63.5,96.4,71.5,80.8,30.3,52.5,49.9,41.7,38.3,24.8,12.4,57.9
20150310,21,CO,0.9,1,1,0.9,0.9,0.9,1,1.3,0.5,1,1.2,0.9,1.3,0.9,1.1,0.6,0.8,0.9,1.5,1.7,1.6,1.2,0.6,,0.1,0.6,0.5,0.8,1.1,1.4,1.1,1.1,1.3,1.3,1
20150310,22,SO2,21.9,27.8,22.4,27.1,21,22.8,22.1,52.6,14.2,34.4,27.7,11.6,33.5,39.1,32.2,33.7,28.2,20.5,24.7,19.5,9.6,21.3,4.5,11.9,9.6,5.4,15.3,24.9,34.4,39.5,27.4,34.3,27.7,42.1,27.8
20150310,22,NO2,47.1,65.7,83.4,70.1,75,57.2,113,87.6,29.1,73.3,56.7,46,58.3,56.4,64.8,70.3,92.2,57.1,72.8,42,33.2,56,8.3,12,67,17.6,23.1,,41.1,65.9,67.8,77.3,115.2,103.3,73.1
20150310,22,O3,42.9,37.2,22.4,41.8,42.6,49.4,2.3,2.3,64.9,13.6,46.4,49.7,43.4,50,33.3,26.4,10.2,34,10.6,36.6,18,41,78.7,61.2,37.3,59.2,71.5,27.7,41.3,35.7,41.5,24.1,26.2,7.6,35.1
20150310,22,CO,1,1,1.1,1,1,0.9,1.3,2.2,0.6,1.3,1.3,0.8,1.2,1.2,1.1,0.8,1.3,1.1,1.6,1.5,1.4,1.2,0.6,,0.1,0.4,0.6,0.9,1.4,1.8,1.1,1.2,1.4,1.5,1.2
20150310,23,SO2,22.3,22.6,17.9,30.7,17.8,24.6,22.7,61.4,16,30.5,20,21.2,33.2,42.7,43.6,45,27,53.9,35,18.7,7.4,17.6,5.8,10.7,11,4.7,17.3,28.6,34.4,40.2,30.3,33.1,27,35,28.2
20150310,23,NO2,66.5,57.3,92.4,90.3,97.3,77,119,86,56.5,88.9,36.5,87.4,48.5,61.8,88.3,74.3,88.6,89.2,64.4,32.9,19.5,59.7,8.9,12.3,49.2,16,26.3,,46.5,75.4,89.2,79.7,140.7,109.6,87.5
20150310,23,O3,21.4,37.4,11.4,19.8,18.8,29.6,2,2,30.9,2,57,7.6,46.9,37,9,23,9.6,9.6,11.1,43.4,37.4,27.9,71.1,52.7,45,55.1,60.5,14.1,25.7,20.6,13.5,18.2,13.6,2,18.9
20150310,23,CO,1.5,1,1.2,1.2,1,1.1,1.7,2.9,0.9,1.7,1.1,1.9,1.2,1.4,1.4,0.9,1.3,3.2,1.9,1.2,1.3,1.3,0.7,,0.2,0.4,0.7,1.3,1.7,2.3,1.4,1.4,1.6,1.9,1.3
