date,hour,type,dongsi,tiantan,guanyuan,wanshouxigong,aotizhongxing,nongzhanguan,wanliu,beibuxingqu,zhiwuyuan,fentaihuayuan,yungang,gucheng,fangshan,daxing,yizhuang,tongzhou,shunyi,changping,mengtougou,pinggu,huairou,miyun,yanqing,dingling,badaling,miyunshuiku,donggaocun,yongledian,yufa,liulihe,qianmeng,yongdingmengxi,xizhimengbei,nansanhuan,dongsihuan
20150112,0,SO2,33.6,35.6,47.9,41.7,41.1,37,54.9,12.8,35.7,45.7,48.6,61.9,48.5,39.5,27.5,51.8,43.6,33.4,26.4,36.1,20.9,32.6,28.6,30.8,26.2,6.5,27,30.2,23.5,190.6,44.8,42.9,54.2,55.8,34.9
20150112,0,NO2,69,72.8,86.9,84.9,83.5,74.4,92.1,64.5,84.7,69,86,89.3,80.5,71.1,42.5,70.2,80.8,78.7,70.1,61.7,46.7,58.1,54.2,61.9,71.9,13.2,41.8,96.5,53.3,93.2,74.9,74.1,92.9,94,76.1
20150112,0,O3,3.9,9.2,5,8.8,2,4.2,2,5,9.5,2,12.4,5.3,12.6,5,24.4,2,19.9,6,7.2,6.3,3.9,2,19,2.4,3,33.7,3.9,2,2,7.6,2,2,11.2,2,5.7
20150112,0,CO,1.9,1.9,1.9,2.6,2.1,1.5,1.8,2.9,2.1,2,2.8,3.1,2.7,2.1,1.1,2.5,3.3,2.2,3.2,2.6,1.8,2.7,2.3,3,1.2,0.4,1.1,2.3,3.4,4.2,0.9,2.4,2,4,1.7
20150112,1,SO2,24.4,28.6,31.7,32.5,29.7,32.4,37.1,10.3,53.4,35.6,48,43,38.8,34.7,28,49.3,30.3,36.4,23.1,34.5,23.5,27.7,20.5,23.3,22.4,7.7,20.1,31.6,19.8,138.4,34.1,34.2,36.2,42.3,29.7
20150112,1,NO2,61,65.3,76.5,75.1,72.6,67.3,77.4,59,89.7,60.3,83.9,72.8,74.4,62.2,49,62.5,69.4,74,62.5,55.7,48.6,56.4,49.9,47.4,73.5,13.3,35.1,98.9,48.1,85.2,69.2,68.9,77.6,82,70.7
20150112,1,O3,4.7,7.8,4.1,6.8,2,7.3,2,4.5,10.3,2,15,4.3,11.7,5.7,20,2,11.8,6.2,7.1,8.1,2,2,16.5,7,2,33.3,11.6,2,2,6.8,2,2,10.8,2,6.9
20150112,1,CO,1.5,1.6,1.5,1.8,1.8,1.2,1.6,3.2,2.8,1.6,3.5,2.5,2.5,1.5,1.1,1.8,1.9,2.3,3.4,2.9,2.4,2.7,1.8,1.7,1.2,0.5,0.9,3.2,1.5,3.5,0.5,2,1.4,3.1,1.4
20150112,2,SO2,24.5,25,32,29.8,24.4,31,32.7,8.9,54.3,28,41.7,35.2,38.9,36.6,25.4,41.1,17.1,47.6,13.3,32.5,18.3,22.9,19.9,22.4,16.8,7.9,13.8,27.6,12.9,69.5,32.9,33.5,31.8,40.4,34.1
20150112,2,NO2,58.1,64,69.5,70.2,67.5,65.2,76.8,56.9,79.6,64.4,78.5,68.6,73.8,51.3,51.3,59.6,67.9,80.2,62.5,54.2,42.1,53.6,47.2,49.4,74.2,16.6,33.5,97.7,44.3,76.7,67.2,64.8,76.2,84.5,71.8
20150112,2,O3,5.3,7.5,5.7,6.1,2,11.7,2,4.7,11,2,14.9,3.3,12,11.4,16.1,2.9,14.6,4.3,4.9,6.9,2,2,15.8,5.4,2,27.2,11.6,2,2,6.4,2,2,11.2,2,6.9
20150112,2,CO,1.4,1.5,1.3,1.4,1.5,1.1,1.8,3.7,2.5,2.1,3.1,2.5,2.7,1.3,1.2,1.5,2.8,2.7,3.2,2.2,2.3,2.9,1.8,2.1,1.3,0.6,1,3.7,2.1,2.7,0.5,2,1.3,2.8,1.3
20150112,3,SO2,26.7,21.5,35.2,30,24.4,34.2,30.6,9,48.9,28.7,37.5,41.2,29.3,38.3,25.9,45,20.7,51.7,12,27.5,15.9,28,18.6,17.8,21.7,7.9,16.4,25,8.2,59.7,35.9,36,33.9,47.2,31
20150112,3,NO2,58.8,64.1,71.2,71,66.2,65.1,75.2,55.4,77.3,65.1,76.6,74.6,67.9,52.1,54.2,57.1,63.4,82.1,57.2,55.2,44.2,57.5,43.8,54,80.8,15.6,28.8,97.6,46.5,76.8,66.6,67,75.5,86.8,72
20150112,3,O3,3.2,7.6,4.9,6,2,6.6,2,4.5,10.7,2,15.3,4.5,11.3,11.8,12.6,2,12.3,5,2,6.5,2,2,16,2.7,2,24.2,17.8,2,2,7.2,2,2,11.9,2,8.9
20150112,3,CO,1.6,1.6,1.6,1.6,1.6,1.1,1.9,3.6,2.5,2.3,3.5,2.2,2.7,1.2,1.4,1.5,2.2,2.6,0.1,2.1,2.1,2.8,1.8,1.7,1.5,0.7,1.1,4.1,1.7,3.4,0.7,2.2,1.6,2.9,1.2
20150112,4,SO2,25.4,17.2,36.1,30.6,26.8,35.7,32.3,7.9,58.1,31,34.7,37.1,23.8,37.2,26.6,46.6,16,41,10.7,23.5,12.3,24.8,16.4,17,23.7,8.5,22.6,24.5,6,40,36,34,39.9,41.6,27.2
20150112,4,NO2,57.4,63.5,68.2,68.5,64.6,57.2,71.9,55.2,79.8,63.3,75,72.3,65.3,55,53.9,57.6,61.9,72.4,54,52.7,46.3,55.1,40.8,53.4,84,18,24.7,97.5,45.3,72.3,68.2,67.3,69.8,78.8,69.5
20150112,4,O3,3,7.4,5.1,4.9,2,9.3,2,5,11,2,15.3,9.9,10.5,4.2,6.4,2,12.1,4.3,10,6.5,2,2,14.6,3.3,3.8,21.4,24.7,2,2,6.7,2,2,13.8,2,7.8
20150112,4,CO,1.6,1.7,1.5,1.7,1.7,1.1,1.9,4.6,2.8,2.4,3.8,2.2,2.7,1.4,1.3,1.8,2.3,3.8,2.2,2,1.9,2.9,1.8,2.1,1.8,0.8,1.5,4,1.4,3.6,0.8,2.3,1.4,2.9,1.1
20150112,5,SO2,23.4,12.6,35.4,28.1,28.7,35.1,38.7,8,67.3,35.9,31.5,35.8,22.8,35.6,28.2,42.2,24.4,30.6,10.4,25.5,10.4,23.6,12.9,18.1,21.3,8.8,27.6,20.7,4.9,39.1,35.1,34.4,38.7,34.9,23.1
20150112,5,NO2,54.9,61.7,66.9,68.2,61.2,61.9,73.6,53.3,77.4,65.6,72.4,64,66.3,55.5,56.7,64.7,61.3,71,,52.1,50.5,51,44.5,59.3,79.1,22.8,38.7,94.6,47.7,73.7,64.1,68.6,64.8,85.1,68.8
20150112,5,O3,4.1,7.5,4.6,4.9,2.8,5.9,2,4.7,11.2,2,14.4,5.6,10.4,3.9,4.7,2,12.1,3.5,5.6,5.2,2,2,13.4,2,4.3,15.4,4.1,2,2,6.9,2,2,13.4,2,5.3
20150112,5,CO,1.5,1.8,1.5,1.6,1.5,1.2,2,5.5,2.9,2.5,3.4,2.6,2.7,1.5,1.4,3.6,2.5,3.4,2.9,2,1.9,2.8,1.7,2.9,2,0.9,2.5,3.4,1.3,3.7,0.6,2.5,1.5,2.7,1.6
20150112,6,SO2,25.1,18.7,43.7,32,26.2,36.4,37.2,7.4,70.6,28.2,28.7,42.1,38.4,47,26.5,41.6,23.2,26.8,15.9,26.8,11.7,19,17.5,17.2,21.7,9.5,25.3,22.7,2.5,29.7,37,42.4,46.8,45.6,27.1
20150112,6,NO2,56.7,64.3,71.5,67,61.2,68,71.8,49.6,76.2,67.3,71,68.8,70.5,54.5,60.3,64.2,61.3,70,52.9,54.7,50.4,48,46.5,58.5,78.8,25,43.3,94.5,48,69.4,65.2,74.6,74.3,95.7,67
20150112,6,O3,3,7.8,2.5,5.2,2,2,2,4.7,11.4,2,13.5,5.7,11.2,6.1,3.7,2,12.3,2.8,6.3,4.2,2,2,12.8,2,4.3,12.4,2,2,2,6.9,2,2,12.1,2,5.8
20150112,6,CO,2,2,2,1.7,1.4,1.6,2.2,6.3,2.9,2.4,3.3,3,2.9,1.4,1.5,3.7,2.6,2.3,2.8,2.3,1.8,2.7,1.8,3,2.1,0.9,2.3,3.1,1.6,3.5,0.8,2.6,1.7,3.4,2.2
20150112,7,SO2,31.3,15,52.5,33.9,32.7,36.9,35,6.9,65.7,28.3,27,38.9,28.6,44.9,38.5,43,22.1,26.2,18.7,21.1,8.4,23.2,16.9,15.7,20.4,7.9,25.7,19.7,2,26.4,47.9,41.7,51.8,55.9,30
20150112,7,NO2,58,62.8,72,75.2,59.6,71.6,75,49.6,76.9,69.9,73,68,71.3,66.7,67.2,66.1,64.4,70.4,53.7,49.2,52.1,50.5,49.1,61.3,77.7,26.1,35.8,96.1,45.6,66.8,65.2,78.8,78.2,103.6,73.2
20150112,7,O3,3.1,7.8,2.3,4.7,2,2,2,4.1,11,2,14.4,5.2,15,3.5,2,2,12.7,2.5,6.3,4.9,2,2,12.6,2,4.2,9.7,10.3,2,2,7.1,2,2,10.3,2,6.2
20150112,7,CO,1.8,2.2,1.8,2.1,1.6,2.3,3.5,6.4,2.9,2.5,3.9,3.2,5.3,2.4,2.4,3.3,2.9,2.5,2.9,2.1,2,2.8,1.8,2.4,2.2,1,2,2.8,1.9,4.5,1,2.5,2,3.2,2.7
20150112,8,SO2,31.5,18.2,55.6,39,33.1,44.8,46.7,6.1,61,37.3,23.7,40.5,22.5,43.7,46.9,54.4,20.1,27.9,19.7,18.8,9.5,21.7,16.1,15.4,20.5,6.6,20.8,22.9,2,17.4,50.3,50.2,49.4,65,33.8
20150112,8,NO2,60.8,66.8,72.4,76.5,72.5,74.4,86.7,54.2,79.4,71.4,75.8,70.8,70,63.4,66.5,67.9,70.7,71.8,63.5,50.5,53,48.5,59.2,61.2,75.7,29.7,32.5,98.7,50.3,69.5,68,75.2,88,107.7,73.3
20150112,8,O3,3.6,8.8,2.4,4.8,2,2,2,4.7,10.3,2,13,6,11.7,3.9,2,2,14.2,4.2,6.8,4.7,2,2,13.1,2,4,3.7,11.5,2,2,7.2,2,2,7.6,2,6.8
20150112,8,CO,2.2,2.5,2.1,2,3.2,2.7,4.7,6.5,2.8,2.9,4.3,3.7,3.4,2.4,2.9,3.2,3.6,2.7,3,2.1,2.2,2.9,2.2,2.4,2.2,1,1.8,2.9,2,4.2,1.4,2.5,3.6,3.3,3.4
20150112,9,SO2,34.8,23.8,49.1,41.9,43.4,50.3,47.5,6.4,65.9,46.9,41.4,49.5,28.4,54,50.4,61.5,34.1,36.6,27.1,22.4,14.7,26,26.2,19.9,21.2,9.8,26.9,37,4.2,19.5,55.7,56.6,49.5,65.7,38
20150112,9,NO2,60.5,66.8,74.2,73.8,79.8,73.5,83.1,54.7,77.2,72,78,71.3,66.2,65.8,68.5,72.6,72,66.3,60.1,52.9,50.5,46.1,62,58.6,72.4,26.9,29,104.4,51.2,73.2,68.7,78.8,97.2,92.2,75.4
20150112,9,O3,4,8.7,2.9,5.5,2,3.3,2,4.1,11.5,2,15.5,5.6,10.1,4.5,2.1,2,15.2,3.3,7.5,6,2,2.5,16.7,2,5.1,7.7,16.9,2,2,7.5,2,2,7.3,2,6.1
20150112,9,CO,2.4,2.6,2.5,2,3.8,2.8,3.8,6.1,2.9,2.9,4.8,3.1,2.7,2.4,3,3,3.7,2.2,2.9,2.1,2.1,3.3,2.4,2.4,2.2,1.1,1.7,2.7,1.9,5,1.3,3.3,3.8,3.1,3.7
20150112,10,SO2,44.1,51.9,63.8,54.4,52.9,58.7,67.5,14.2,73.7,58.7,63.2,69.4,56.4,77.4,60.7,81,49.7,48.5,41.3,27.1,24.8,35.7,39.1,31,30,13.7,42.6,46.1,23.8,66,67.1,69.4,55.3,77.7,50.7
20150112,10,NO2,63.6,77.5,76.9,75.1,87.1,74.5,87.8,77,85.9,72,76.3,77.1,66.7,72.7,71.1,78.6,71.5,63.2,62.6,52.9,48.5,48.8,62.7,61.6,70.3,24.3,34.4,107.4,53.6,77.3,79.9,75.2,101.2,103.1,76.1
20150112,10,O3,5.6,9.8,3.7,7.1,2.1,6.3,2,5.9,11.7,2,13.1,6.1,9.5,5.9,2.9,2,15.8,5.1,8.6,10,6.7,4.6,19.9,3.5,6.7,14.4,15.6,2,2,7,2.8,2,6,2,6.6
20150112,10,CO,2.5,3,2.5,2.1,4,2.4,3.6,6.2,4,2.6,3.5,3,2.5,2.7,2.7,3.2,3.6,2.2,2.9,2.1,2.2,2.2,2.3,3.4,2.1,1.1,1.8,2.7,2.2,4.9,1.7,2.4,4.1,3.7,3.5
20150112,11,SO2,58.1,67.9,80.6,,57.7,66.2,73.5,43.3,74.5,82.1,80.9,73.9,73.4,84.9,66.7,77,64.3,58.7,51.7,43.5,43.3,42.7,46.1,41.5,38.7,17.5,51.3,50.3,81.4,123,75.3,87.9,71.6,87.4,65.9
20150112,11,NO2,67.5,87.1,76.1,79,98.7,86.6,91.6,72.8,94.9,80.9,82.3,91.8,74.4,72.1,71.9,71.4,76.3,68.4,75,64.2,51.3,55.5,54.6,63.5,63.6,21.6,31.6,105,48.9,84.4,83.5,83.7,109.8,105.6,82.7
20150112,11,O3,9.1,11.8,6.4,9.9,2.5,7.8,2,5.2,11.4,2,13.8,6.1,10.9,9.1,6.9,4,14.7,7,9.9,12.6,11.6,7.9,27.9,,11.3,22.1,23.6,5.4,12.1,9,4.8,3,6.2,2,8.5
20150112,11,CO,2.5,3.2,2.2,2.2,4.2,2.7,3.6,5,3.7,2.7,3.4,3.6,2.7,2.3,1.9,2.3,2.9,2.5,2.9,2.2,2,2.5,1.7,2.6,1.9,1.2,1.5,2.2,1.7,3.7,1.8,2.5,4,3.6,3.1
20150112,12,SO2,58.8,70.8,84.6,,62.6,69.2,79.6,55.5,69.7,93.1,93.5,93.4,80.5,98.3,69.4,92.3,67.3,55.3,66.2,,71.6,53.1,45.4,52.7,43.8,21.5,46.4,49.3,89.5,121.8,78.7,89.2,79.1,92.7,71.3
20150112,12,NO2,68,71.7,78.2,87.6,88.5,91.6,101.4,81.4,103.8,87.1,81.5,88.5,76,57.6,49.3,61.5,77.4,70.4,98.1,59,64.8,51.5,49.1,61.4,58.7,21.2,24,97.3,44.3,71.7,75.5,85.2,107.4,118.8,95.9
20150112,12,O3,15.2,20.2,12.5,15,6.4,13,2,5.4,12.7,2.9,18,8.9,16.1,23.6,28.3,16.4,18.6,7.4,9.4,,13.9,21.8,37.7,20.4,20.8,30.1,44.7,11,27.9,19.5,11.2,7.9,8.8,2,10.3
20150112,12,CO,2.4,1.8,2,2.3,2.8,2.4,3.8,4.4,3.4,2.6,2.9,2.7,2.7,1.6,1.4,1.6,2.3,2.3,3.2,,2,1.9,1.5,2.2,1.8,1.2,1,1.7,1.3,2.9,1,2.4,3.1,3.7,3
20150112,13,SO2,58,69.5,73.3,272.7,58.4,62.1,80,60.7,69.9,83.7,75.5,80.5,76.7,56.5,59.9,83,64.4,54.8,70.1,44.6,86.9,63.7,40.4,53.8,46.7,37.4,28.8,50.6,71,75.5,72.4,75.1,73.7,90.1,69.9
20150112,13,NO2,59.3,56.7,79.4,66.1,79.4,67.8,111.8,90.3,99.5,62.7,67.9,82.6,68.9,39.3,40.4,55.5,72.1,79.1,76.8,32.7,67.6,51.6,48.5,61.9,65.3,23.8,18.3,93.9,37.1,48.6,70,69,88.6,101,77.2
20150112,13,O3,27.9,40.9,19.7,31.6,14.5,35.5,2,5.8,16.5,23.2,32.6,18.7,24.7,49.1,43.1,31.4,28.3,7.6,19.5,50.5,16.7,31.7,44,22.6,24.3,37.4,61.6,14.6,46.5,41.6,24.6,23.5,19.6,8.2,25.4
20150112,13,CO,1.7,1.2,1.8,1.5,2,1.4,3.7,4.1,3,1.7,2.1,2.2,2.1,1.2,1.1,1.3,1.9,2.4,2.3,1.3,1.9,2,1.5,2.1,1.9,1.4,0.9,1.5,1.1,1.6,0.3,1.5,1.8,2,1.6
20150112,14,SO2,53.2,49.5,68.3,272,59.7,54,70.4,61,68,76.3,60.3,66.9,64,59.4,52.7,57.9,51.2,51.9,64.2,33.6,71.3,60.1,42,52.1,48.1,44.9,28.1,42.3,54.9,41.2,59.2,53.1,67.9,61.3,67.7
20150112,14,NO2,46.9,42.7,63.9,57,62.3,61.2,95.1,98.2,100.2,57.6,48.8,71.8,60.5,38.2,36.2,40.2,67.5,91.6,76.7,40.7,67.4,44,55.8,72.5,72.8,26.1,20.4,84,25.1,30.6,59.2,57.5,78.5,91.5,81.4
20150112,14,O3,43,60.9,34.4,46,30.3,47.6,10.4,5.5,19.3,37,52.2,31.7,32.8,52.6,53.7,45.5,38.3,6.1,26.4,53.3,21.3,51.1,43.7,22.3,21.1,41.4,60.4,23.3,65.9,62.8,40.2,35.2,31.5,15.5,28.2
20150112,14,CO,1.4,1,1.4,1.3,1.5,1.2,2.5,4.1,2.7,1.6,1.5,1.9,1.6,1,0.9,1.1,1.4,2.5,2.2,1.7,1.8,1.2,1.7,2.1,2.1,1.5,1.1,1.2,0.9,0.8,0.1,1.3,1.5,1.9,1.5
20150112,15,SO2,37,49.8,52.6,13.2,47.2,46,64.2,53.9,66.8,42.9,51.8,63.6,41.6,56.7,48,46.3,52.2,51.9,49.9,29.9,60.9,53.4,41.7,48.9,45.9,51.9,30.3,37.1,38,33.3,47.4,51.6,59,57.8,57.5
20150112,15,NO2,42.7,43.2,59.4,53.9,51,58.9,79.3,108.6,97.9,41.5,44.9,61,43,31.3,35.2,36.5,67,98.5,50.4,42,72.1,47.8,63.7,92.9,81.8,27.9,21.3,77.3,18,29.4,56.3,59,72.4,88.4,63.7
20150112,15,O3,49.2,63.2,42.1,48.2,42.4,52.2,20.7,5.1,22.8,50.4,59,45.1,41.3,58.4,62.4,52.9,43.4,10.1,45.8,55.5,21.8,55.7,40.7,17.1,16.7,50.1,61.2,28.9,78.5,70,46.1,37.8,40.7,12.7,25.4
20150112,15,CO,1.4,0.9,1.3,1.1,1.4,1.1,1.8,3.9,2.4,1,1.1,1.6,1,0.7,0.9,1,1.2,2.4,1.4,1.7,1.7,1.2,1.8,2.4,2.1,1.2,1.3,1.1,0.8,0.7,0.1,1.3,1.5,2,1.5
20150112,16,SO2,46.6,55.9,48.1,2,45.5,54.9,49.2,43.5,63.5,35.2,33.7,41.1,30,63.2,37.3,31.9,49.3,50.2,39,31.8,50.7,53.5,40.8,48,44.2,48.7,30.2,36.3,27.1,35.3,53.6,58.1,51.1,59.3,59.5
20150112,16,NO2,42.4,40.5,56.5,47.3,53.3,58.9,90.9,110.7,106.9,34.4,32.3,47.4,34.9,33.4,29.3,33.7,63.9,100,42.8,40.3,79.9,52.7,79.8,97.9,101,33.4,21.2,75.3,18.8,25.5,54.9,67.6,77.7,89.3,87.2
20150112,16,O3,46.6,62.2,38.4,49.1,36.3,53.6,14,4.4,18.2,55.3,66.5,51,47.4,58.5,75.8,58.6,46,8.8,50.6,56.3,18.7,54.3,30.5,15.4,11,48,60.9,29.8,70,74.5,41.9,31.2,33.7,13.4,25.3
20150112,16,CO,1.2,0.7,0.9,0.8,1.3,1,2.2,3.7,2.7,0.7,0.8,1.1,0.8,0.7,0.7,0.9,1,2.3,1.1,1.4,1.6,1.2,2,2.3,2.5,1.2,1.4,1.1,1.4,0.6,0.1,1.1,1.2,1.9,1
20150112,17,SO2,48,53,51.3,13.4,44.3,54.4,53.5,28.6,50.3,50.5,39.2,34.8,46.6,44.6,27.5,31.3,42.9,46,33.9,30.8,50.7,50.1,39.5,43.3,40.1,45.8,29.7,41.9,26.6,54.8,55.9,59.5,53.1,64.6,53.7
20150112,17,NO2,44.1,40.1,54.5,57.6,53.5,58.2,127.5,112,122.2,46.3,33.1,50.8,37.4,37.5,27.8,45,58.5,105,44.5,42.3,89.5,56.1,94.8,102,106.2,40.3,23.4,87.8,19.9,30.6,62.8,81,68.8,103.8,74.7
20150112,17,O3,45.1,64.5,38,40.2,31.3,52.2,2,4.2,11,37.7,62.7,45.2,45.4,57.6,74.4,48.9,45,5.6,46.4,51.4,12.6,51.8,20.7,10.1,7,38.3,52.6,21.2,63,67.7,35.2,22,31.5,7.4,30.7
20150112,17,CO,1.2,0.7,0.8,0.9,1.1,0.9,3.4,3.7,3,0.7,0.7,0.9,0.9,0.7,0.7,1,1,2.2,0.9,1.4,1.7,1.1,2.3,2.3,2.5,1.3,1.5,1.6,0.7,0.8,0.1,1.2,1,2.4,1.1
20150112,18,SO2,35.7,36.7,49.1,43.6,50.1,38.1,45.3,18.5,40.5,45.1,47.6,48.7,45.9,39.1,23.2,48.2,33.3,45.2,46.6,39.6,38.7,41.8,36.9,29.9,38.5,47.5,26.6,47,62.9,60.8,41.2,46.2,49.6,50.8,37.4
20150112,18,NO2,55.2,49.2,60.7,73.3,114.9,59.3,126.1,110.4,120.8,62.9,44,81.8,55.3,68.7,39.7,88.4,71.9,115.7,85.5,74.3,102.7,72.4,103.5,100.6,107.7,46.6,27.2,104,29.2,43,79,101.1,126.4,122.6,85.1
20150112,18,O3,38.2,54.6,30.5,31.7,3,54.8,2,4.3,7.8,20.2,44.3,17.6,29.4,32.2,57.4,8.6,26.9,3.4,14.7,19.5,2,28.2,13.6,4.9,2.8,28,38.5,10,54.3,49,22.8,11.2,9.3,2.4,24.5
20150112,18,CO,1.5,0.7,0.8,1,2.7,0.8,3.3,3.7,2.7,0.9,0.8,1.4,1,0.9,0.7,1.9,1,3.1,1.8,2,2,1.2,2.3,2.3,2.3,1.4,1.9,2.2,1.4,1.1,0.1,1.5,3.5,3,1.3
20150112,19,SO2,28.7,29.2,44.2,38.1,44.4,31.4,42,13.6,36.4,38.6,50.6,44.4,41.1,34.9,24.2,81,36.3,64.5,43.1,74,27.5,45.9,42.5,28.6,40.9,49,25.5,51.8,30.2,75,41.2,51.8,50.7,60.2,29.7
20150112,19,NO2,61.2,59.6,125.3,93.8,125.9,70,125.2,107.6,110.4,66.5,67,121.1,65.5,87,66.6,106.2,88,125.8,115.6,92.7,100.1,92.5,105,100.7,104.9,46.5,32.6,108.1,28.7,58.6,92.3,109.2,133.8,124.8,90
20150112,19,O3,29.2,37.1,3.3,14.9,2,34.7,2,5.2,6.7,25.6,22.5,5.7,24.1,7.9,28.9,4,13.7,6.4,8.6,8.5,2,3,12.4,4.5,2,25.9,23.8,5.4,39.1,31.1,6.5,2,6.2,2,14.7
20150112,19,CO,1.1,0.8,3.3,1.3,3.8,0.9,3.4,4.1,2.3,1.1,1,3.5,1.2,1.1,1,3,1.6,4.8,4.2,3.1,2.4,2.1,2.2,2.5,2.1,1.5,1.5,2.5,1.6,1.5,0.1,1.8,3.9,3.4,1.1
20150112,20,SO2,24.5,26.1,52.9,34.9,49.3,28.4,39.7,12.6,35.6,45.3,56.2,51.1,52.9,32.2,24.8,87.9,45,57.4,38.5,54.9,31,38.5,39,36.2,35.8,42.5,31.6,54,29.3,74.5,41.9,49.5,53.6,56.6,27.3
20150112,20,NO2,68.3,81.2,129.1,104.1,128.2,80,125.4,104.9,105.2,100,80.6,114.5,87.5,94.5,77.6,107.9,91.8,117.8,112,79,96,80.6,103.9,99,102.5,45.2,31.7,113.9,31,70.8,98.7,111.1,137.6,135.9,94.5
20150112,20,O3,16.5,10.9,3.1,5.1,2,21.4,2,5.8,7.1,2,14.6,5.3,9.4,2,15.5,4.8,14.1,5.3,7.5,11.9,2,2.5,11.4,5.3,2,24.6,22.8,2,28.9,19.7,2.4,2,5.1,2,4.8
20150112,20,CO,1.2,1,3.9,1.4,3.9,1,3.8,4.6,2.1,1.9,1.6,3.2,1.5,1.3,1,3.3,2.3,4.5,4.3,3,2.7,2.1,2.1,3.6,1.9,1.5,1.2,2.5,1.7,2.1,0.5,2.1,4.5,3,1.7
20150112,21,SO2,32.2,29.6,59.2,38.2,62.8,51.6,43.4,11.2,34.3,53.3,68.2,49,59,70,48.1,101.4,47.1,43.4,34.4,37.3,27.8,56.8,44,37.1,36.2,32.3,50,49.2,32.4,79.1,47.4,55.3,55.7,61.2,32
20150112,21,NO2,98.6,92.5,129.9,103,127.4,113.8,125.6,93.7,100.2,99.5,76.3,120.8,91.1,96.6,86.3,108.8,86.8,100.3,100.1,57.6,89.6,81.3,92.6,94.3,98.1,45.2,36.6,110.6,39.2,85.6,112,111.6,138.2,132.6,107.8
20150112,21,O3,5.1,9.2,2.8,7.2,2,3.4,2,5.3,7.4,2,16.4,5.4,9,3.8,8.8,9.5,13.8,2,7,19.3,2,3.1,16.2,4.6,2,18.7,16.8,2,23,9.1,2.5,2,5.2,2,4.7
20150112,21,CO,3.1,1.6,4.2,1.6,3.7,2.6,3.9,4.7,1.9,1.8,1.4,4.1,1.9,2.2,1.5,4.5,2,2.6,3.9,2.6,2.4,3.8,2.6,2.7,1.7,1.5,1.1,2.7,1.9,2.7,1.5,2.5,4.3,3.2,3.6
20150112,22,SO2,51.4,39.2,54.7,52.5,58.5,85.3,45.2,9.9,35.9,63.2,77.3,50.9,61.2,76.9,70.9,89.4,55.6,51.9,39.1,31.4,22.1,46.8,34.5,35.6,36.3,16.8,39,55.9,27.9,98.6,62.5,69.8,64.3,82.1,55.4
20150112,22,NO2,101.9,95,127.1,108.9,118.7,122.7,127.3,96.4,98,101.7,81.7,120.7,91.9,96,96.7,98.1,89.9,103.1,95.6,48.5,81,74.7,87.8,81,93.8,47,35.1,108.6,61.5,90.8,107.1,113.2,136.5,136.9,117.7
20150112,22,O3,4.6,10.3,2.6,7.1,2,2,2,6.6,7.8,2,18.4,4.7,11,2.7,5,4.3,18.7,5.1,7.4,21,2,2,14.9,8,2.2,6.3,16.9,2,4.8,10.3,2,2,6.1,2,7.4
20150112,22,CO,3.6,2,4.1,2.2,3.6,4.2,4.4,5,1.8,2,2.6,3.7,2.4,2.4,2.7,3.7,2.9,3.8,4.1,2.2,2.1,3.2,2.4,1.8,1.6,1.4,1,2.6,1.5,5.7,1.8,2.8,4,4.6,5.5
20150112,23,SO2,56.7,51.1,61.9,57.9,54.9,72.8,52.6,9.6,40.9,83.7,80,54.6,45.8,76.5,70.4,75.2,55.9,58.3,41.1,27.1,23.9,42.4,33.4,29.3,37.1,18.9,30.8,45.8,23.5,99.6,73.4,71.5,66.6,86.1,58.8
20150112,23,NO2,90.3,99.8,115.2,105.4,118.2,108.7,129.9,89.6,105.2,105,100.8,121.2,85.9,86.2,87.3,93.7,88.7,108.7,88.8,50,77.3,69.3,84.7,84.2,88.8,45.7,29.8,110.1,64.5,92.2,100.8,111.8,133.2,129.9,112.4
20150112,23,O3,3.5,11.8,2,4.9,2,2,2,6.4,8.6,2,14,4.8,8.4,2,2,5.3,18.3,3.8,7.3,17.8,2,2,15.2,4.1,2.7,8.9,22.6,2,2,8,2.1,2,6,2,5.9
20150112,23,CO,2.7,2.9,2.9,2.3,3.9,3.8,4.7,5.2,2.1,2.8,3.2,3.6,1.7,2.6,2.5,4.4,2.9,4.2,4.1,2.1,1.9,3.7,2.4,2,1.5,1.5,1,2.8,1.5,5,2.2,3.4,4,4.3,4.8
20150112,0,PM2.5,104.2,104.8,126.9,143,103.7,86.4,115.8,120.1,109.4,130.1,175.7,165.2,173.8,121.1,63.1,103.8,182.9,102.7,96.6,107.6,82.8,87,103,158.3,95.8,19.7,50.7,65,128.1,256.5,125.8,116.5,128.9,133.1,89.8
20150112,0,PM10,109.6,115.6,,146.1,129.7,109.7,142.5,139.7,123.1,,180.9,201.8,,130.2,,111.9,205.8,126.4,125.6,,,119.3,,162.9,96.8,26.1,202.8,,,,126.3,,142.5,,96.3
20150112,0,AQI,54,56,56,66,54,58,61,90,60,74,90,78,86,76,71,73,55,57,65,62,45,45,50,64,53,23,62,91,117,206,61,60,56,64,53
20150112,1,PM2.5,67.4,88.2,86.5,96.6,84,69.2,90.3,117,143.5,93.4,177.8,149.2,159.3,85.6,64.4,82.4,94.8,112.7,102.2,119,106,83.2,86.9,114.6,98.3,26,36.8,75.7,86.1,223.9,90.4,96.3,81.2,100.5,72
20150112,1,PM10,69.2,,,,94.9,77.3,105.1,132.4,149.4,,194.5,207.7,,,,,97.1,125.9,129.7,,116.2,119.9,,,,36.6,150.1,,,,92.2,,90.2,,
20150112,1,AQI,54,59,60,68,55,58,62,89,66,78,94,83,92,76,71,75,59,62,68,71,46,50,54,69,57,23,65,88,110,194,65,64,58,68,53
20150112,2,PM2.5,64.4,78.1,74.9,77,67.5,59.9,108.5,125.5,152.3,113.1,194.1,143.3,163.4,81.5,77.4,70.2,121.4,120.8,107.4,95,111.2,94.3,94,112.3,103.2,26,37.4,72.9,126.7,173.7,84.9,90,75.5,78.4,58
20150112,2,PM10,65.8,,,,71.4,,120.4,145.1,,129.9,,151.5,,,77.4,,126.7,164.5,142.3,,118.3,117.3,,,104.9,48.7,161.2,,,,,,81.4,,65.1
20150112,2,AQI,56,63,63,70,56,59,65,88,73,83,103,89,100,79,74,78,65,68,73,79,51,52,57,75,61,25,67,91,112,183,69,69,61,71,55
20150112,3,PM2.5,80.7,80.4,97.9,92.3,67.8,69.6,121.7,123.4,152.8,143.2,179,160,151,83.3,86.4,69.6,90.4,121.7,104.5,82.7,94.6,90.6,94,97.4,108.2,34.1,32.9,80.4,111.1,192.1,94.8,97.3,85.3,93.7,53.9
20150112,3,PM10,,,,,73.6,73.3,133.8,142.3,,156.7,,167.2,,,,,104.7,160.3,118.3,,102.5,115.2,,98.7,112.5,46.4,130.3,82.5,,,,,98.1,,68.1
20150112,3,AQI,60,67,68,74,57,61,71,89,81,90,111,96,107,83,77,78,69,72,77,85,56,55,61,80,66,26,71,95,115,183,73,73,65,76,57
20150112,4,PM2.5,84.8,86.5,97.2,104.9,81.3,68.8,118.3,138.9,164.3,130.3,192.1,180.8,167.2,99.7,90.9,79.8,84.7,122.4,95.6,72.3,79.9,89.3,89.1,105.8,123.4,42.5,31.8,81.6,94.6,199.2,95.5,95,88.3,92.8,57.2
20150112,4,PM10,,,,,83.1,,124.5,154.5,,139.9,,193.7,,,,,95.5,174.3,108.3,,88.8,109.1,,,124.6,53.8,96.7,,,,,,89.2,,
20150112,4,AQI,64,71,72,80,61,61,77,93,89,96,121,105,116,88,81,78,74,77,82,91,60,57,66,85,72,28,73,99,119,180,78,78,69,80,60
20150112,5,PM2.5,86.4,94.3,102.2,108.5,77.6,83.4,123.2,145.3,171.6,138.5,175.8,132,147.4,111.8,90.5,102.3,87.3,134.3,96.6,64.6,74.6,81.8,85.1,118.9,133.2,43,48.5,74.9,86.4,201.9,97.8,101.4,98.3,98.5,67.2
20150112,5,PM10,,,,,79.4,,129.7,158.6,,142.5,,223.4,,,,,98.8,165.5,107.1,,83.6,99.7,,,135.3,57.5,247,,,,,,,,82.9
20150112,5,AQI,68,76,77,85,64,65,83,99,97,103,129,111,123,93,85,83,78,83,86,96,63,61,70,91,78,30,77,102,122,188,83,82,74,85,63
20150112,6,PM2.5,87.3,104.3,114.9,108.8,81.2,88.1,137.1,144.7,174.2,136.1,176.6,132.3,162.4,107.5,93.9,90.2,96.3,99.9,94,73.6,71.7,60.4,81.7,113.7,132.1,39.8,55.4,82.6,92.5,188.5,103.8,107.5,105.8,103.2,86.3
20150112,6,PM10,,,,,,,140.4,158.1,,148.4,,157.2,,,,,107.2,118.1,118.2,,75.5,66.9,84.2,,135.7,58.9,235.9,87.7,,,104.9,,106,,102.7
20150112,6,AQI,73,81,83,90,68,69,90,104,106,110,137,118,131,98,90,87,83,87,90,102,66,64,74,96,84,32,83,106,126,196,88,88,80,90,67
20150112,7,PM2.5,97,107.1,115.2,113.2,88.3,99.8,147.9,139.3,169.7,135.3,178.2,133.9,198.4,117.1,106,93.4,98.1,100.2,91.5,65,76.8,57.5,80.6,107.8,118.5,40,42.6,91.1,92.1,201.5,114.4,108.5,114.8,118,108.9
20150112,7,PM10,,,,115.4,89,113.7,170.4,153.1,,149,181.6,155,200.9,,110.3,,122.3,117.5,107,,81.2,72.8,88.7,,134.2,58,88.4,104.4,,,,,117.6,121.4,116.5
20150112,7,AQI,77,86,88,96,72,74,97,109,114,117,146,124,140,103,95,91,87,91,95,107,70,67,77,100,89,34,85,106,129,202,93,93,85,96,73
20150112,8,PM2.5,102.3,113.2,117.7,118.9,98.3,110,150.4,152.3,143.4,134.6,170.6,144.9,169.6,124.1,120.5,98.5,116.3,111.7,96.5,68.4,80.3,60.7,99.2,115,115.7,38.8,44.7,94.4,104.6,210.8,117.4,110.2,125.9,115.1,120.8
20150112,8,PM10,107.1,,,124.1,123.6,122.8,199.8,166.5,,141.8,179.4,163.7,,,,99.9,150.5,126.4,117.4,,88.3,81,110.9,,129.5,56.9,56,112.1,,,123.6,,146.3,129,140.2
20150112,8,AQI,83,91,94,101,77,80,105,113,121,123,155,131,148,108,100,95,93,95,99,112,74,70,80,105,93,36,85,106,132,206,99,98,92,101,79
20150112,9,PM2.5,105.4,112.6,114,119,109,109.9,126.4,143.3,153.5,133.5,202,145.7,168.2,130.2,121,106.9,130.8,87.9,101,62,85.2,77.3,121.7,132,117,44.4,44.5,91.1,109.9,229,125,128.6,125.1,114.5,122.1
20150112,9,PM10,116.8,124.6,,121.8,150.7,125.8,171.2,171.5,,142.3,220.3,159.5,,139.6,131.6,119.3,161.2,104,138.6,,91.9,110.5,140.5,132.8,132.5,62,51.6,118.7,,,147.9,131.5,150.2,130.3,
20150112,9,AQI,88,97,99,107,82,85,111,119,128,129,166,138,156,113,105,99,99,97,104,110,77,73,84,110,98,39,83,105,135,210,105,104,98,106,84
20150112,10,PM2.5,115.7,126.7,121,126,127.3,115.6,122.9,204.5,175.1,134.2,200.6,152.8,162.3,163.6,130.6,131.8,145.3,92.5,107.9,76.9,101.9,83.2,138.5,180.8,116.3,45,67.9,122.3,133.3,246.9,137.4,123.7,132.6,126.8,124.4
20150112,10,PM10,129.8,141.2,122.4,,170.6,128.7,169.8,229.1,,150.2,,168.4,,176.3,140.6,156.8,171,109.7,151.4,,112.4,121.2,159.4,194,125.9,61.9,85.6,144.4,,,144.6,,176.3,142.1,177.4
20150112,10,AQI,94,103,105,113,89,91,117,128,137,135,175,146,163,120,110,103,106,99,108,112,81,77,89,116,103,41,82,104,136,215,111,110,104,112,90
20150112,11,PM2.5,135.4,159.9,133.4,,145.4,137.1,135.4,171.5,173.1,161.7,195.5,183.1,189.4,167.7,126.8,133.3,152,111.3,125.1,86.6,91.1,106.5,127.8,158.2,120.1,49,58.4,118.1,119.6,249,150.8,138.5,137.9,146.6,145.2
20150112,11,PM10,,173.9,,282.8,189,161.3,172.5,185,,181.3,211.9,210.7,,187.2,,136.2,184.7,137.1,146.1,,,146.9,134.8,172.6,122.8,77.8,80,123.4,,,162.1,,175.9,151.4,149.5
20150112,11,AQI,100,110,111,117,95,97,123,136,145,142,185,155,171,126,116,108,114,104,114,112,86,82,94,122,108,44,83,105,137,223,118,117,110,119,97
20150112,12,PM2.5,146.3,137.2,144.7,114.9,135,155.6,160.4,162.4,169.5,191.8,231.8,183.8,219.3,136.4,112.9,103.2,143.9,,164,,96.6,93.6,130,131.2,124.6,58,42.1,93.5,91.9,249.2,159.9,158.6,147.3,176.8,162
20150112,12,PM10,,,,285.3,154,170.2,198.9,179.5,,210.3,,194.7,,,,,159.9,127.4,196.8,,117.3,122.4,,,,78.8,,,,,,,169.1,,
20150112,12,AQI,108,117,118,123,102,105,131,143,154,152,197,165,182,131,121,113,121,106,121,112,90,87,99,127,113,47,83,107,138,231,126,124,117,127,105
20150112,13,PM2.5,124,108.7,147.8,125.8,122.1,114.1,174.3,182.6,166.1,173.4,178.4,181.8,185,100.4,91,83.1,135.9,,160,23.6,113.9,88.9,122.3,135.7,139.6,68.1,40.4,93.2,98.6,155.9,133,110,131.1,121.5,116.8
20150112,13,PM10,,,,179.1,128.6,,207.6,198.5,,,,,,,,,,,173.3,,144.7,106.6,,,,88.2,,,,,,,,,
20150112,13,AQI,114,121,125,128,107,110,139,152,162,160,204,173,192,135,125,116,127,110,128,108,95,91,104,133,119,51,84,109,140,235,132,129,123,132,110
20150112,14,PM2.5,94.8,94,123.8,110.3,110.1,93.1,160.2,204.6,170.9,138.8,136.7,168.1,129.5,92.8,83.7,60.6,108.5,80.5,163.5,57.9,133.5,89.8,129.8,153.9,151.1,79.4,49.9,71.7,73.1,82.5,105.6,,119.4,,104
20150112,14,PM10,,,,145.4,,,,227.3,,,,,,,,,,175.6,171.7,,151.5,100.8,,,,95.7,,,,,,72.2,123.3,76.9,
20150112,14,AQI,117,125,130,133,112,114,146,163,171,167,208,181,196,139,127,118,133,113,135,106,102,95,109,139,125,52,84,111,140,236,135,133,128,136,115
20150112,15,PM2.5,83.1,90,104.3,93.3,89.7,87.6,129,219.4,174.7,101.1,105.3,127.7,68.7,58,77,55.9,91,172.2,103.4,72.3,143.8,93.5,138,188.5,161.5,95.4,54.5,63.5,58.2,57,91.2,46.5,105.2,,
20150112,15,PM10,,,,121.5,,,,242.2,,,,,,,,,,196.5,,,156.6,,141.8,188.5,,118.6,,,,,,73.1,,82.8,
20150112,15,AQI,120,128,134,136,115,117,151,174,179,171,210,187,196,140,130,121,136,121,138,106,108,100,114,148,132,53,84,113,139,235,138,134,132,140,118
20150112,16,PM2.5,72.2,70,69.8,60.6,75.2,83.6,127.1,216.9,179.2,55,66.8,76.1,57,59.2,67.7,48,84.6,170.7,71.1,61.9,145,90.1,160.6,194.8,195.5,99.5,52.2,63.7,64.9,52,71.7,68.8,72.5,31,45.3
20150112,16,PM10,,,,83.6,,,159.5,235,,,,,,,,,,189.2,,,170.2,91.9,,,,126.5,56.1,,,,,,,56.5,
20150112,16,AQI,123,130,136,138,118,119,156,185,187,171,210,188,195,140,132,122,140,129,139,105,115,104,121,157,141,58,83,115,139,235,141,136,135,140,118
20150112,17,PM2.5,60.1,65,55.4,62.5,52.5,74.9,210,219,195.8,49.9,54.2,62.8,53.2,51.3,57.8,53.5,72.3,193.6,47.8,58.1,143.6,83.2,176.2,197.3,202.5,104.3,61.2,111.6,50.3,58.6,69.6,65.4,59.2,66.8,76.9
20150112,17,PM10,,,,87.8,,,289.2,238.6,204,,59.4,67.6,,51.6,,,,,61.8,,159.8,,179.3,,,138.2,62.7,137.3,,,,66.4,,77.6,
20150112,17,AQI,124,131,136,138,119,122,165,194,195,169,209,187,194,138,132,122,142,138,138,104,121,108,128,167,150,63,81,119,138,234,141,137,136,140,121
20150112,18,PM2.5,59.1,63,48.2,56.9,143.2,64.2,204,220.2,195.5,55.2,57.4,60,55.8,71,59.5,89.9,69.6,194.7,76.1,74.6,146.1,73.4,179.8,193.8,195,113.9,71.5,136.5,115.5,67.4,70.5,71.8,153.2,73.9,76.2
20150112,18,PM10,,,,94.3,220.7,75.8,266.9,244.7,,61.4,59.1,98.5,,85,,103.8,,227.9,135.6,98.7,163,84.5,,,,149.2,78,164.1,,,,83,249.4,100.8,76.4
20150112,18,AQI,124,131,135,136,124,122,173,203,202,167,208,186,192,138,131,124,144,147,138,104,128,110,136,177,159,68,82,124,141,231,141,136,140,140,123
20150112,19,PM2.5,62.8,67.3,174.7,75.7,192.3,59.8,208.4,239.2,161.2,68.2,54.1,176.3,68.7,77.7,63.8,162.4,92.8,269,199.2,115.3,169,140.2,165.6,196.5,181.5,115.2,73.6,139.8,83.8,104.5,75.7,83.9,210,103.4,65.7
20150112,19,PM10,71.7,,207,109.5,247.9,74.2,255.3,258.7,,78.6,68.8,240.8,,88.9,66.6,176.2,108.2,312,249.3,129.7,182.1,179.4,166.5,,,147,84.3,149.9,,,77.8,99.9,263.5,133.6,72.7
20150112,19,AQI,123,130,140,136,130,121,181,209,205,165,207,190,189,138,129,128,146,160,144,107,134,115,142,186,167,73,82,127,137,229,140,135,146,141,122
20150112,20,PM2.5,66.4,72.8,214.4,79.9,197.5,69.7,208.1,249.2,140.1,101.7,86.4,166,90.3,74.1,65,171.3,121.9,276.4,183.8,130.7,184.4,126,154.9,244.8,160.9,113.7,67.9,146.7,141.5,119.5,91.5,100.8,207.4,110.7,75
20150112,20,PM10,68.9,,215.9,110.2,243.9,,255,265.7,,132.4,90.8,184.9,,86.8,72.1,187.9,135.2,311.5,205.9,139.4,,159.3,155,,,138.3,70.2,171.6,,,92,113.1,258.3,129.8,85.3
20150112,20,AQI,121,128,147,134,136,121,188,216,207,163,205,192,186,136,125,131,149,174,148,109,140,117,148,196,173,77,81,126,137,226,139,134,153,141,121
20150112,21,PM2.5,142.6,92.9,217.8,89.7,197.9,131.4,203.5,259.3,128.9,131.7,91.8,177.5,111.8,120.6,85.6,204.4,113.4,178.8,164.2,111.8,166.6,165.4,176.3,208.2,146.2,114.3,68.3,138.6,93.3,144.3,126.9,111.8,209.1,106.7,164.5
20150112,21,PM10,181.5,96,,114.9,241.5,187.4,247.2,273.3,,152.7,96.7,217.7,,129.4,99.3,243.5,125.2,,186.4,116.1,,183.4,,,,138.5,82.5,163.6,,,141.8,123,249.6,140,223.8
20150112,21,AQI,123,127,154,134,143,123,195,223,208,161,202,194,184,137,120,135,150,181,151,109,145,121,156,201,178,82,81,124,134,224,140,135,160,141,125
20150112,22,PM2.5,188.1,100.8,199,110.6,183.5,206.5,220.7,284.1,124.7,113.9,123.1,187.8,141.7,132.5,135.5,173.1,151.3,186.8,159.9,96.5,152.3,155.6,175.6,149.4,133.6,112.5,65.9,115.9,99.5,222,130.5,124.6,199.2,146.2,240.9
20150112,22,PM10,208.7,106.7,,135.6,216.7,256.3,261.1,291.4,,126.8,124.4,206.8,,147,173.1,191.9,155.2,199.1,189.8,100.5,,158,,,,127.4,73.1,131.2,,,140.5,130.3,225.7,153,280.2
20150112,22,AQI,128,128,159,133,148,128,201,230,209,159,199,197,185,137,119,137,151,189,154,109,149,125,163,203,180,87,81,125,131,224,142,136,166,143,134
20150112,23,PM2.5,129.7,146.7,171.2,114.2,195,175.9,229.5,276.3,147.2,139.7,140.1,189.8,117.2,130.4,113.9,184.2,153.2,220.2,143.6,93.2,137.8,174.5,171.3,155.9,121.3,113.8,48.5,105.7,90,208.2,143.9,135.4,184.1,128.2,205.7
20150112,23,PM10,141.9,159.3,,138.6,225.1,200.1,279.5,291.8,,162.1,181,202.9,,137.9,136.7,196.5,173.1,225.1,162.3,95.4,,,,,,129.7,,121.2,,,152.4,159.6,209.4,148.9,242.9
20150112,23,AQI,130,130,163,132,154,132,206,236,210,159,197,199,183,137,120,140,149,198,156,108,152,129,170,203,182,92,81,128,129,221,143,137,171,142,139
