date,hour,type,dongsi,tiantan,guanyuan,wanshouxigong,aotizhongxing,nongzhanguan,wanliu,beibuxingqu,zhiwuyuan,fentaihuayuan,yungang,gucheng,fangshan,daxing,yizhuang,tongzhou,shunyi,changping,mengtougou,pinggu,huairou,miyun,yanqing,dingling,badaling,miyunshuiku,donggaocun,yongledian,yufa,liulihe,qianmeng,yongdingmengxi,xizhimengbei,nansanhuan,dongsihuan
20150519,0,PM2.5,139.1,21.7,30.3,33.3,27.5,30.2,26.3,60.9,13.7,21.2,19.2,13.6,48.9,24,32.8,43.6,30.6,29.8,29.4,71.4,26.2,34.4,23.4,24.3,29.5,45.7,94.6,35.2,39.7,41.8,30.8,24.5,,15.3,76.8
20150519,0,PM10,159,140.5,133.3,106.8,136.8,179.1,89.4,62.7,68,62.9,106.9,63.1,,90.8,167,204.4,135.3,104.2,76.3,306.2,73.5,123.1,55,104.4,36.3,109.7,276.8,173,,,129.1,160.8,192.9,133,161.6
20150519,0,AQI,106,77,80,69,76,81,63,108,62,69,64,71,68,65,72,97,73,74,61,105,64,81,57,59,69,85,84,73,72,88,87,78,169,83,101
20150519,1,PM2.5,51,14.5,16.9,21.2,28.2,29.6,13.3,42.5,11.9,3,16.7,13,33.3,15,39,30.2,15.6,11.2,22.5,57.6,14.8,13.4,11.4,19.2,16.9,41.9,69.3,56,25.1,24.3,19.8,11,,20.5,80.1
20150519,1,PM10,123.9,65.1,64.6,,136.6,120.2,,61.8,41.9,16.5,68.6,42.3,,77.4,161.4,135.4,71.1,63.6,,182,54.5,73.2,34.8,50.8,31.3,90.5,187.5,184.3,32.8,,35.9,68.2,64.1,60.4,148.1
20150519,1,AQI,98,73,71,61,71,73,59,101,61,59,64,69,64,65,72,97,65,73,59,105,64,80,56,59,67,84,88,76,70,88,77,71,164,74,93
20150519,2,PM2.5,19.4,11.9,10.8,7.2,23.4,23.2,10.4,25.9,6,3,15.3,8,26.9,16.2,19.9,18.9,9.6,8.5,11.6,40.2,8.1,23.2,3,25.9,40.3,18.1,34.8,26.6,20,58.6,14.9,12.7,,6.2,35.9
20150519,2,PM10,27.3,43.9,41.1,34.3,45.7,46.8,20.6,36.5,33.1,24,43.7,21.3,,52.1,48.1,80.8,37.3,38.8,24,98.7,32.5,80,18.9,49.4,,61,95.6,102,33.7,,,31.3,33.6,42.1,73.2
20150519,2,AQI,87,70,64,54,68,69,56,93,60,53,63,65,61,65,71,95,63,72,56,106,62,80,55,59,67,83,87,76,68,88,68,67,161,71,83
20150519,3,PM2.5,11.5,6.7,8.2,4.1,10.4,12,6.5,21.1,4.3,3,7.7,5.8,13.3,3,11.6,18.1,7.8,9.5,10,28.4,9.2,17.5,10.3,3,30.2,19.1,18.9,17.5,4.5,38.4,8.8,8.2,,15.1,20.4
20150519,3,PM10,36.3,35.5,25.3,5,22.3,28.8,29.9,31.9,25.1,25.7,24.4,29.1,20.2,38.9,41.5,62.9,30.9,31.7,19.2,85.3,51.2,67.9,19.4,11.4,,26.4,65.1,87.5,14.9,118.9,39.5,32.4,38.3,35.8,31
20150519,3,AQI,76,69,58,53,64,64,53,85,58,52,62,61,56,64,69,93,62,70,53,104,61,79,54,59,67,80,150,76,66,88,60,66,156,70,73
20150519,4,PM2.5,5.8,6,5.6,10.7,9.8,9.4,3,15.6,5.3,12.5,3,8.2,8.6,10.9,7.3,10.5,11.8,8.4,10.8,15.6,15,23,4.5,3,23.7,10,19.5,14.7,14.5,9,4.6,6.5,,14,14.1
20150519,4,PM10,21.3,26,10.7,11.1,20.6,19.6,16.2,22.3,14.8,39.1,20.9,27.4,17.9,40.4,24.9,35,36,34.4,,90.7,64.5,84.9,18.5,15.1,,23.3,38.6,52.6,24,14.5,19.7,22.8,26.8,30.1,15.5
20150519,4,AQI,65,67,54,51,62,61,52,77,55,52,61,58,52,63,68,90,61,70,51,102,61,78,53,59,67,78,83,74,64,83,58,65,152,69,64
20150519,5,PM2.5,3.5,3,6.3,3,4.2,9.5,4.6,19.6,3,3,4.7,7.4,6.7,6.5,12.3,7.3,9.7,3.4,7.3,3,13.5,8,4,4.3,26.3,9.9,11.9,11.3,6.2,18.1,3.8,3,,6.7,7
20150519,5,PM10,16.2,18.5,10.3,36.7,22.8,20.9,21.5,29.6,17.4,34.4,21.9,21.4,30,21.8,17.2,23.8,30,29.4,13.7,70.8,26.3,42.5,21.1,18.4,,25.9,40.4,32,109.3,37.6,17.8,24.2,34.1,26.5,21.7
20150519,5,AQI,58,66,53,51,61,59,52,71,54,50,60,57,46,62,66,87,60,69,47,100,60,77,53,58,67,76,82,73,65,80,57,63,150,66,61
20150519,6,PM2.5,5.4,3.9,4.4,9.1,5.6,4.5,4.2,10.8,3,10.6,7.7,6.6,8.4,11.5,3,9.2,11.4,3.4,7.1,29.6,3.7,3,7,4,6.5,6,8.9,10.9,27.5,3,4.3,9.7,,7.5,13.6
20150519,6,PM10,24.9,30,26.4,41.1,22.7,30,36.4,39.5,28.3,32,19.8,32.2,17.7,49.7,27.8,45.2,25.4,40.1,,149.6,24,14.3,29.3,39.6,22.9,33.7,35.8,43,135.2,213,34.7,35,39.2,34.6,29.1
20150519,6,AQI,57,65,52,51,60,59,51,66,54,49,57,57,40,61,65,85,59,69,46,100,59,75,52,58,65,75,80,71,67,84,56,62,67,65,60
20150519,7,PM2.5,3,4.9,5.3,5,9.6,6.1,8.1,17.5,16.8,5.4,4.4,6.6,25.2,12.8,3,9.4,8.5,7.7,10.3,38,3,3.8,3,9.2,3,5.3,13.4,14.1,3,16.5,8.9,3,,13.4,21
20150519,7,PM10,34.2,40.8,29.7,8.6,47,54.2,61.7,30.8,33.6,70.9,35.5,52.2,,61.8,33,59.7,31.4,57.3,26.5,66.5,5,22.8,18.4,65.6,26.9,12.8,62.5,56.5,183.1,,44.9,59.3,56.9,50,27.8
20150519,7,AQI,57,64,51,49,59,58,52,61,52,51,56,55,37,61,64,84,58,67,40,98,58,73,51,58,60,73,79,71,67,75,56,62,66,63,59
20150519,8,PM2.5,3,12.3,6.7,12,7.5,11.6,20.2,5.4,7.8,6.9,6,6.5,14.9,15.7,8.2,10.5,3,9.1,10.1,22.7,4,8,3,5.9,12.8,3.8,12,10.8,3,30.6,9.2,5.6,,9.3,15.3
20150519,8,PM10,51.5,50.8,42.2,,62.3,46.6,70.7,37.4,40.2,177.6,39.1,70.2,26.5,28.3,42.2,69.9,46.4,68.3,37.5,28.9,49.6,21.4,11.2,43.1,44.6,27.8,27.3,81.8,5,,52.4,50.8,120.2,51,34.9
20150519,8,AQI,56,62,51,49,59,58,52,55,48,53,54,55,35,60,63,83,57,65,38,95,57,73,49,57,58,72,77,71,63,75,56,60,66,61,58
20150519,9,PM2.5,9.6,5.3,20.6,8.1,8.9,11.5,8.3,16.1,12.7,3,3.7,16.2,11.9,7,11.2,11.6,4.1,34.9,7.9,8.3,12.8,3,14.7,19.1,13.6,3.9,8.6,7.6,18.8,6,26.6,13.5,,10.9,4.3
20150519,9,PM10,66.3,74.1,66.9,35.4,64.8,46.5,64,35.8,108.7,83.5,57.4,193.7,30.3,71.5,67.3,99.7,37.2,71.5,93.7,18.9,43.1,28.1,18.3,44.7,13.8,385.4,35.3,77.6,,,57.5,63.9,117.7,51.3,42.4
20150519,9,AQI,55,60,51,47,58,57,50,51,47,52,52,55,33,58,61,83,56,65,37,92,57,71,46,56,55,79,77,70,63,75,55,58,67,60,56
20150519,10,PM2.5,3,6.6,17,6,6.3,14.4,11.3,10.4,3,,4.3,9.4,6.2,12.6,16.6,12.6,8.3,56.1,11.6,14.5,15.4,3,3,4,3.5,11.8,3,8.1,21.6,3,8.6,9.5,,11.9,28
20150519,10,PM10,41.1,69.9,72,36.9,55.8,94.7,68.4,27.9,27.8,58.5,46.1,66.7,10.6,69.9,63.1,123,68.9,65.2,50.6,29.4,69.4,30.3,20.8,41.2,45.7,,25.6,74.2,,45.5,66,66,91.4,53.9,
20150519,10,AQI,54,59,51,44,57,56,49,49,44,51,51,54,32,56,60,82,57,65,38,92,58,70,43,55,53,81,76,69,63,73,53,57,66,58,56
20150519,11,PM2.5,8.9,6.3,12.4,3,10.3,10.2,5.7,10.3,9.7,12.2,3,13.9,19.7,15,8.3,15.5,19.9,16.1,8.2,17.7,11.5,3,4.4,8.9,5.8,3.7,9.7,3.6,11.2,4.4,,5,,4.9,17.9
20150519,11,PM10,43.7,64.4,56.6,39.6,89.6,68.4,72,57.2,36.3,64.5,57.7,82.4,27.7,64.7,50.6,111,87.9,64,51.6,101.3,49.8,45.8,52,116.9,53.3,,42.9,58.4,29.8,5,,55.9,99,58.4,91.6
20150519,11,AQI,54,58,51,41,57,56,49,48,43,51,50,55,31,55,59,81,57,64,38,92,58,70,43,56,51,82,75,68,61,70,,56,67,57,56
20150519,12,PM2.5,7.8,7.9,10,8,52.9,11.1,10.2,18.5,12.4,3,10.1,3,7.2,15.8,3,20.5,9.8,12.9,9.1,17.6,3,3,3,14.8,3,9.7,15.7,4,50.5,25.5,,13.1,,13,
20150519,12,PM10,52.8,71.3,52.8,58.9,56.8,61.8,59.2,59.1,45.8,75.6,54.3,83.9,29.9,63.4,58.6,310.2,60.5,77,57.1,68.1,61.8,53.9,43.7,73.7,46.1,,35.3,57.9,,37.2,,64.8,106.9,64.2,
20150519,12,AQI,54,58,51,42,57,56,51,48,43,52,49,56,30,55,58,86,58,63,39,93,58,71,43,56,48,85,74,68,62,68,,56,67,56,57
20150519,13,PM2.5,3,7.5,7.2,3,36.8,10,11.6,21.8,3,3,7.1,10.6,23.8,9.1,14.1,20,4.5,17.1,17.4,19.6,3,8.9,12.9,17,8.8,9.5,6.8,17.9,21.3,5.2,,42.4,24.9,18.2,10.8
20150519,13,PM10,62.6,66.2,41.5,51.3,62.9,77,57.7,60.7,47.9,64.8,57.8,87,39.4,59.9,49.5,230.5,55,95.3,67.1,144.5,61.4,59.5,75.1,92.6,65.3,,34.7,138.9,71.2,39.4,,66.3,80.4,61.6,
20150519,13,AQI,54,57,51,42,57,57,51,49,42,52,49,56,29,55,57,88,58,62,40,93,58,71,45,57,50,85,74,69,62,68,,56,66,56,57
20150519,14,PM2.5,8.9,3,3.5,8.7,10.2,15.9,3,19,11.6,18.7,5.3,10.9,30.5,10.1,12.6,14.8,14.1,21.1,14.2,21.6,13.1,10.4,8.4,18.2,5,5.2,8.9,8.4,9.8,3,,29.2,20.8,19.1,9.9
20150519,14,PM10,60.3,66.9,53.7,61.8,110.3,78.8,58.5,63.4,61.4,65.7,78.3,83.9,41.6,60.2,54.5,176.2,71.1,84.2,59.7,150.2,96.7,59.1,66.8,105.8,147.6,,40,73.3,68.2,90,,84,88.1,74.2,116.7
20150519,14,AQI,54,57,51,45,58,57,51,50,43,53,49,56,29,54,57,89,59,60,42,94,59,72,47,58,53,87,74,69,61,68,,56,66,56,58
20150519,15,PM2.5,6,11.5,6.4,6.7,14.9,14.4,11.1,11.4,7.2,24.5,13.6,13.6,21.4,13.3,11.7,36.7,13,16.9,24.3,16,9.3,9.1,28.7,3,11.4,3,13.6,9.2,3,23.2,,18.1,18.3,21.5,10
20150519,15,PM10,114.9,98.4,92.9,123.9,128.1,116.2,118.8,72,77.6,109.3,75.3,103.2,48.5,70.9,100.7,253.2,47.2,48.6,93,113.5,49.5,68.4,31.6,47.1,36.8,,44.7,89.7,67,101.3,,107.3,138.3,95.4,102.9
20150519,15,AQI,56,58,52,49,60,59,53,51,45,54,51,57,29,54,57,91,59,60,46,94,60,72,46,58,53,89,75,68,62,69,,57,68,57,60
20150519,16,PM2.5,,11.4,6.1,5.7,,9.1,5.2,14,6.7,12.6,15.4,6.2,41.2,11.5,11.5,17.8,10.9,9.5,21.2,25.3,12.3,9.2,4.9,15.4,5,3,8,5.1,26.5,15.6,,23.5,18.2,15.5,6.7
20150519,16,PM10,103.1,87.6,94.6,59.3,113.5,74.7,79.1,67.4,90.1,78.9,105.9,95.4,74.4,85.9,88.9,,33.3,38.1,93.6,109.4,27.7,67,39.3,,20,,48.3,62.1,114.7,103,,113.7,114.8,82.6,90.9
20150519,16,AQI,57,58,54,50,61,59,54,51,47,54,52,57,32,55,58,91,58,59,48,95,59,73,46,59,51,92,75,67,63,70,,58,68,57,61
20150519,17,PM2.5,,4.7,9.1,14.4,8,7.6,8,10.8,6.5,14.3,8.9,5.7,18.9,12.5,14.4,10.8,17.8,,6.2,16.7,8.7,9.8,3,3,3.7,7.5,5.1,5.6,22.4,32.8,,18.9,37.3,16,8.3
20150519,17,PM10,37.1,62.4,53.9,41.8,49.1,31.9,55.7,47.8,43.7,58.3,53.5,48.9,45.6,61,63.5,,26.2,,33.7,59.2,38.9,28.1,17,18.8,12.1,,32.7,50.6,83.2,97,,161,73.7,54.8,16.4
20150519,17,AQI,56,58,54,51,60,59,54,51,47,55,52,58,33,55,58,91,58,,48,95,59,72,46,59,49,94,75,66,65,69,,61,68,57,60
20150519,18,PM2.5,,8.7,4.4,6.6,4.7,80.5,4.3,13.1,7.4,23.3,5.8,6.4,16,9.7,12,12.3,14.8,14.9,10.2,15.4,10.3,6.1,3,5.5,14.3,4.7,5.7,4.8,3.3,24.3,,13.9,26.5,15.4,3.6
20150519,18,PM10,22.3,43.3,43.3,27.6,28.7,,24.7,30.4,19.6,31.3,34.4,32.4,35.9,40.2,44,,19.4,21.1,27.9,26.2,25.4,35.2,13.9,21,14.3,,18.5,39.6,40.8,54.5,,56.8,34.4,50.2,59.4
20150519,18,AQI,56,57,53,50,60,59,54,50,46,55,52,57,33,55,58,91,58,58,48,95,59,71,45,59,48,95,74,66,64,69,,60,67,57,60
20150519,19,PM2.5,11.4,6.7,8,6.3,6.6,,7.9,13.1,4.5,22.4,6.5,7.1,13.3,8.9,5.7,8.1,14.3,43.5,8.7,12.3,10.1,3,7.2,7.3,13.1,3.2,5.4,7.1,5.7,7.6,,12,35,14.5,19.2
20150519,19,PM10,24.1,30.3,35.2,23.1,34.7,24.2,16,36.6,21.3,23,25.4,9.7,17.6,29.6,25.7,,31.8,,21.8,28,30.1,30.1,27.2,22.1,16.9,,24.9,34.3,22.7,29.3,,25.5,37,47.9,35.4
20150519,19,AQI,56,57,53,49,59,59,53,50,46,54,52,57,33,55,57,93,58,58,48,92,58,69,45,58,46,95,73,65,59,65,,60,66,56,60
20150519,20,PM2.5,15.3,8.8,12.2,11.1,10.9,,10.1,11.7,6.4,13.8,8.6,8.1,9.2,11.8,10.4,24.5,10,19.2,11.4,11.8,11.8,4.3,17.1,5.7,11.5,4.7,9.8,14.7,12.4,15.2,,12.8,20,15.4,11
20150519,20,PM10,26.3,33.3,37.8,25.7,30.8,27.5,22.7,31.1,29,36.5,38.5,31,25.6,30.4,29.2,,39.6,29.5,25.5,28.1,26.9,29.5,26,24.3,28.5,,29.5,40.2,39.2,42,,40,39.7,47.7,31.8
20150519,20,AQI,55,57,53,48,59,59,53,50,45,55,52,57,32,54,57,95,58,58,48,90,57,66,43,58,46,94,71,65,58,61,,60,66,56,60
20150519,21,PM2.5,13.1,12.4,5.1,10.2,10.4,,6.7,18.2,13.1,23.9,8.9,11.1,17.3,10.5,12.2,28.9,16.9,19.3,10.4,10.5,13.4,27.5,6.8,9.7,37.1,8.6,7,8.6,8.4,12.4,,14.1,18.1,14.9,17.1
20150519,21,PM10,37.6,39.4,39.6,20.1,45.7,33.7,31.4,39.5,30.8,32.4,48.9,40,31.4,35.8,53.4,,33,38.7,34,51.7,43.4,63.6,23.4,24.1,,,27.2,43.7,134.9,59.4,,35,38.9,42.6,61.8
20150519,21,AQI,55,56,53,47,59,58,53,49,45,54,52,56,32,54,57,90,56,57,48,86,54,61,38,56,44,81,68,64,59,59,,59,65,55,59
20150519,22,PM2.5,13,7.4,9.7,4.8,11.6,,8.1,18.3,7.9,12.7,6.5,12.1,23.4,4,14.8,17.3,24.9,15.9,7.8,10.5,9.8,22.3,3,8.9,22.6,6.9,11.3,34.6,7.8,3,,11.2,16.8,9.3,9.9
20150519,22,PM10,24.9,35.8,41.5,29.3,32.8,26.2,57.7,47.6,27.4,38.9,31.5,24,37.3,30,32.6,,36.3,29.3,20.2,49,14,66.7,21,21.1,,,33.1,76.6,85.5,70,,34.4,44.2,37.4,31
20150519,22,AQI,54,55,53,45,58,57,53,48,44,54,51,55,32,53,56,89,53,54,47,79,49,56,34,52,41,69,63,63,60,60,,59,64,55,58
20150519,23,PM2.5,11.1,11.5,12.2,9.2,11.4,,12,10.4,4.7,26.3,7,6.6,21.8,11.1,11.8,19.8,18.5,16.3,7.2,5.7,7.8,23.3,8.1,9.1,13.7,3,9.2,23.3,8.9,10.5,,13.3,22.1,9,8.8
20150519,23,PM10,18.1,27.1,34.6,25.8,33.3,20.1,30.7,20.4,14.4,29.6,24.2,17.3,26.8,24.2,22.2,,26.1,25.4,13.4,36.9,19.1,64.6,18.4,16.4,,,28.4,70.1,,79,,25.9,44.2,28.5,25.7
20150519,23,AQI,51,53,50,42,56,54,51,44,41,53,49,54,32,52,54,89,47,52,45,69,44,52,31,47,39,65,53,63,60,60,,56,62,53,55
20150519,0,SO2,2,2,2,2,2,2,2,2.6,2,2,7.1,2,2,2,2,2,2,2,2.1,2,2,2,2,2,2,2,2,2,2,5,2,2,2,2,2
20150519,0,NO2,27.5,46.2,36.9,36.4,41.7,53.7,62.9,13.8,2.6,34.1,39.5,9.9,11.6,20.6,37.4,37,8.2,11.4,4.5,13.2,4.1,6.9,3.3,8.9,12.8,2,4.9,74.2,22.8,47.7,47.3,68.8,69.3,67.7,54
20150519,0,O3,66.9,35.3,52,48.6,56.5,49.8,30,75.7,96.5,53.5,94.5,101.7,74.5,91,56.7,58.1,87.2,81.3,90.4,99.4,89.1,105.4,106.5,104.2,110.3,121,108.7,5,65.5,27.1,45.8,30,15.7,33.4,52
20150519,0,CO,0.4,0.3,0.2,0.3,0.2,0.2,0.4,0.2,0.2,0.2,0.3,0.5,0.3,0.2,0.6,0.1,0.1,0.2,0.1,0.1,0.1,0.2,0.2,0.1,0.2,0.3,0.2,0.3,0.2,0.2,0.3,0.3,0.6,0.3,0.4
20150519,1,SO2,2,2,2,2,2,2,2,3.1,2,2,6.2,2,2,2,2,2,2,2,3.7,2,2,2,2,2,2,2,2,2,2.8,3.5,2,2,2,2,2
20150519,1,NO2,32.1,20.6,19.6,15.7,45.8,53.3,19.4,13.2,3,28.5,36.2,9.8,10.5,17.6,58.5,20.8,7.6,9.7,4.9,14.3,4,6.9,2.6,11.3,26.6,2,7.8,52,12.3,28.2,19.6,33.9,34.2,36.2,47.4
20150519,1,O3,60.5,87.8,83.3,93,49.4,54.3,96,79.7,100.2,67.5,92.8,104,74.3,101.5,38.5,82.8,64.1,87.2,94.8,93.9,82.6,98.9,101.4,98.2,88.8,115.4,100.3,33,94.4,53.5,82.2,71,54.8,70.9,49.7
20150519,1,CO,0.3,0.2,0.2,0.2,0.2,0.2,0.3,0.2,0.2,0.2,0.3,0.5,0.3,0.1,0.5,0.1,0.2,0.1,0.1,0.1,0.1,0.3,0.2,0.1,0.2,0.3,0.2,0.3,0.3,0.2,0.2,0.2,0.4,0.2,0.3
20150519,2,SO2,2,2,2,2,2,2,2,4.6,2,2.5,3.5,2.6,2,2,2,7.9,3.6,2,2,2,2,2,2,2,8.2,2,2,2,2.5,3,2,2,2,2,2.5
20150519,2,NO2,17.1,17.8,15.6,9.8,37,40.2,16.5,12.8,3.4,33.8,33.7,7.4,8.9,17.6,12.8,26.6,6.4,35.1,3.3,13.9,3.9,21.7,3.3,13.8,73.5,2,15.8,45.3,13.1,29.7,14.5,19.2,20.5,30.8,27.1
20150519,2,O3,63.2,92.3,89.6,104.2,64.8,67.2,97.5,74.5,95.4,59.8,89.1,103.9,67.7,101.5,98.1,73.2,39.2,52.8,96.5,89,80.1,71.8,95.6,80.9,30.7,110.7,87.6,38.8,100.9,51.3,88.6,87.1,70,77.4,50.4
20150519,2,CO,0.2,0.2,0.2,0.2,0.2,0.2,0.3,0.2,0.2,0.2,0.2,0.6,0.2,0.2,0.4,0.1,0.1,0.1,0.1,0.1,0.1,0.3,0.2,0.1,0.2,0.3,0.2,0.2,0.3,0.2,0.2,0.2,0.4,0.2,0.2
20150519,3,SO2,2,2,2,2.5,2,2,2,7.8,2.6,3.8,2,2.8,2,2,2,2,2,2,2,2,2,2,2,2,8.6,2,2,2,2,2,2,2.6,3.2,2.2,2
20150519,3,NO2,13.7,14.7,14.6,8.8,20.4,21.3,15.6,13,3.6,33.4,28.1,7,9.7,22.2,16.4,22.5,12.4,58.8,3.5,21.7,4.5,52.6,5.3,11.5,45.1,2,12.8,43.3,14.1,19.2,13.5,20.8,8.9,37.1,15.7
20150519,3,O3,53.7,91.5,86.1,98.6,81,87,92.5,71.2,90.5,53.1,88.3,99,67.5,90.8,94.3,73.4,38.1,21.4,88.1,75.2,76.7,26.6,88.1,80.6,53.5,110.2,298.1,39.3,98,73.6,85.2,82,73.8,66.3,69.8
20150519,3,CO,0.3,0.2,0.1,0.2,0.1,0.2,0.3,0.2,0.2,0.2,0.2,0.6,0.1,0.2,0.4,0.1,,0.2,0.1,0.2,0.1,0.3,0.2,0.2,0.3,0.1,0.2,0.2,0.2,0.1,0.2,0.2,0.4,0.2,0.3
20150519,4,SO2,2.5,2.1,2,2,4.7,3.9,2,5.9,2,2.8,2,2,2,2,2.3,2,2.5,6.7,2,2,2,2,2.4,2,13.5,2,2,2,2,2,2,3,3.7,2,3.5
20150519,4,NO2,13.1,14.5,13.3,7.6,14.8,20,14.1,10.9,2.6,44.9,23.7,9,20.4,28,16,19.2,24.2,30.2,6.8,26.9,14.2,46.9,7.2,10.8,19.3,2,23.1,42.9,13.7,13.1,12.4,17.7,7,31.7,17.2
20150519,4,O3,73.2,81.8,84.1,97.1,,85.6,91.7,,87,35.5,77,93.6,50.1,78.3,86.8,74.7,27.5,42.2,83.1,61.7,55.1,28.5,81.4,80.4,80.9,99.7,72.5,33.1,93.6,,80.7,81.4,75.3,64.9,62.2
20150519,4,CO,0.2,0.2,0.1,0.2,0.1,0.2,0.3,0.2,0.2,0.2,0.2,0.6,0.2,0.2,0.4,0.1,0.1,0.1,0.1,0.2,0.2,0.4,0.2,0.2,0.3,0.2,0.2,0.2,0.2,0.1,0.2,0.2,0.4,0.1,0.3
20150519,5,SO2,2,2,2,2,3.4,3.1,2,6.3,2,2,2,2,2,2,2,4.9,2.3,5.7,2,2,2,2.4,2,2,15.8,2,2,2.1,2,2,2,2,2,2,3.7
20150519,5,NO2,5.8,16.1,13.7,9.3,11.8,20.4,15.4,10.2,2.1,53.6,15.8,15,24.3,22.5,15.1,17.2,41.3,39.6,6.4,40.9,8.6,57.4,6.7,2,18.6,,17.5,37.6,22.7,21.1,10.3,18.8,5.2,39,21.1
20150519,5,O3,76.8,78,84,91.8,84.7,84.6,89.3,69.4,88.8,23.6,79.3,85.7,45.5,83.5,86.1,73,21.3,41.9,81.1,39.8,64.2,22.3,80.8,83.7,79.2,98,75.9,34.3,67.4,75.3,80.9,81.5,76.1,59.9,61.5
20150519,5,CO,0.2,0.2,0.1,0.2,0.1,0.2,0.3,0.2,0.2,0.2,0.2,0.6,0.2,0.1,0.4,0.2,0.1,0.2,0.1,0.2,0.2,0.4,0.2,0.2,0.3,0.1,0.2,0.2,0.2,0.2,0.2,0.2,0.3,0.1,0.3
20150519,6,SO2,2,2.8,2.7,2,5.5,4.6,2,7.7,2.4,2,2,2,2,2,3.4,7.7,2,3.2,2,2,2,2,2,2,3.8,2,2,2.8,2,2.9,2,2.8,2.4,2,7.7
20150519,6,NO2,8.3,18.5,16.8,12.4,11.5,21.1,15,11.4,3.9,35.3,16.3,8.6,32.9,32.3,18.5,23.5,15.5,29.3,5.8,58.4,9.8,14.6,7.4,2,16.3,2,17.1,49.9,33.2,30.2,12.7,20,14.4,51.3,32
20150519,6,O3,74.7,76.5,78.4,84.2,85.4,83.1,88.6,66.6,84.8,45.5,86.5,93.1,51.5,70.1,79.8,63.5,62,56.9,82.2,17.2,63.7,77.1,81.4,85.7,83.4,95.2,76.6,29.8,32.1,53.6,79.7,77.6,65.9,48,63.9
20150519,6,CO,0.2,0.3,0.2,0.2,0.1,0.2,0.3,0.2,0.2,0.2,0.2,0.5,0.2,0.2,0.4,0.2,0.2,0.2,0.1,0.5,0.2,0.3,0.2,0.2,0.2,0.2,0.2,0.2,0.2,0.2,0.2,0.2,0.4,0.2,0.3
20150519,7,SO2,2,2,2,3,2,2.5,2,5.4,2,4.8,2,4.6,2,2,6,8.4,2,2,2,2,2,2,2,2,7.5,2,2,2.9,2,2.2,2,2,4.4,6.1,2.2
20150519,7,NO2,11.3,25.9,24.5,20.5,14.7,26.7,22.2,11.1,3.6,39.9,22.2,15.2,17.9,54.1,18.9,33.1,13.2,17.6,8.5,54.3,5.6,7.4,3.3,2,21.8,2,20,43,23.8,30.3,15.9,31,32,79.7,14.5
20150519,7,O3,70.2,70.2,69.1,77.7,80.3,75.2,79,67.2,85.5,40.7,89.3,86,68.7,42.9,78.1,55.4,65.3,69.7,77.3,24.6,76.1,91.5,92.8,87.6,74.7,97.1,65.9,39,14.7,53,76.3,68.4,53.5,26.3,80.2
20150519,7,CO,0.3,0.3,0.2,0.3,0.1,0.2,0.4,0.2,0.2,0.3,0.3,0.6,0.2,0.3,0.4,0.2,0.2,0.1,0.1,0.6,0.2,0.3,0.2,0.1,0.3,0.2,0.2,0.2,0.4,0.2,0.2,0.2,0.4,0.4,0.3
20150519,8,SO2,2,2,2,2.6,2.4,2,2,6.9,2,3.2,2,2.2,2,2,5.2,2,2,2,2,2,2,2,2,2,12.9,2,2,2,2,2,2,2.5,2,6.5,2
20150519,8,NO2,8.3,25.7,23,16.3,10.7,24.2,23.1,10.1,3.1,28.4,21.4,12.5,17.3,29.2,16.4,22.7,13.9,13.9,5,27.9,6.5,7.7,3.9,2,23.6,2,12.2,36.7,31.2,11.8,15.2,37.4,24.7,76.7,11.8
20150519,8,O3,77.8,73.8,72.9,87.1,88.1,81.4,83.2,69.7,88.7,58.5,90.3,91.7,72.5,76.4,83.8,72.7,65.6,75.5,84.7,63.5,75.7,92.8,93.9,87.4,74.6,97.7,84.2,50.9,31.9,80.8,79.2,66.8,64.6,33.4,86.6
20150519,8,CO,0.3,0.3,0.2,0.3,0.1,0.2,0.6,0.2,0.2,0.3,0.3,0.6,0.2,0.2,0.4,0.1,0.2,0.2,0.1,0.3,0.2,0.3,0.2,0.2,0.3,0.2,0.2,0.2,0.3,0.1,0.3,0.3,0.4,0.4,0.3
20150519,9,SO2,2,2.1,2,2,3.5,3,2,7.6,2,2,2,2,2,2,5.2,3,2,2,2,2,2,2,2,2,7,2,2,2,2,2,2,2.4,2.8,2.5,3
20150519,9,NO2,6.3,23.6,19,11.4,10.2,20.6,19.3,10.5,3.3,26,17.4,8.9,20.2,23.6,14.2,17.3,12.2,13.2,5.3,11.5,6.7,7.7,3.8,2,18.3,2,8.3,38,18.1,10.5,12.4,26.7,27.5,59,9.9
20150519,9,O3,84.2,79.9,82.7,98.8,91.2,88,91.8,70.2,92.3,66.4,95.9,100.2,77,90.1,93,80.6,68.2,76.2,88.3,89.5,74.1,92.4,93.2,91.7,87,100.6,97.5,57.4,81.1,87.9,86.3,81.6,63.3,54.2,91.2
20150519,9,CO,0.3,0.3,0.2,0.2,0.2,0.2,0.4,0.2,0.2,0.3,0.4,0.6,0.2,0.2,0.4,0.2,0.2,0.3,0.2,0.2,0.2,0.3,0.2,0.1,0.3,0.2,0.2,0.2,0.3,0.1,0.2,0.2,0.4,0.3,0.3
20150519,10,SO2,2,2,2,2.1,3.1,2.6,2,6.3,2,2.5,2,2,2,2,5.1,4.3,2,2,2,2,2,2,2,2,2,2,2,2,2,2,2,2,2.1,2.8,2.9
20150519,10,NO2,7.1,18.5,17,12.8,9.5,19.2,18.8,10.5,3.6,24.1,10.9,12.6,21.8,25.4,12.6,26.6,10.7,14.6,6.1,10,6.3,8.5,3.9,2,14,2,4.4,38.9,17.5,9.7,9.4,23.4,22.4,58.3,9.7
20150519,10,O3,83.8,86.1,85.5,97.8,93.2,88.8,93.2,71.6,91.9,69,97.1,96.1,79.7,94.3,94.8,77.2,68.1,44.7,87.3,92.9,74.8,94.4,93,91.7,93.8,102.9,102.8,60.2,97.1,93.5,88.8,84.2,68.4,52.7,92.8
20150519,10,CO,0.3,0.3,0.2,0.3,0.1,0.2,0.3,0.2,0.2,0.3,0.3,0.6,0.2,0.2,0.4,0.2,0.2,,0.2,0.2,0.2,0.3,0.2,0.2,0.2,0.3,0.1,0.2,0.2,0.1,0.2,0.2,0.4,0.3,0.3
20150519,11,SO2,2,2,2,2,2,2,2,7,2,3.5,2.6,2,2,2,4.9,3.6,2,2,2,2,2,2,2,2,2,2,2,2,2,2,,2,2,2,2
20150519,11,NO2,6.7,15.9,16.8,11.2,8.4,18.3,18,,3.2,28,9.6,12.5,22.3,24.5,11.5,42.6,10.2,14.6,6.2,9.3,6.7,9.3,5.7,2,12.9,2,4.9,36.7,25.1,8.8,,23.3,24.4,52.3,7.9
20150519,11,O3,85.7,90.2,87.7,100.3,95.6,91,96.6,78.6,94,66.7,98.7,98.4,80.7,98.3,96.3,69.7,69.8,39.9,88.9,95.1,77.7,95.7,92.8,94.7,100.8,101.1,105.3,59.6,103.4,99.4,,86.6,67.5,63.5,96.8
20150519,11,CO,0.3,0.3,0.2,0.3,0.1,0.2,0.3,0.2,0.2,0.3,0.2,0.6,0.2,0.3,0.4,0.2,0.2,,0.2,0.2,0.2,0.3,0.3,0.1,0.2,0.2,0.2,0.2,0.3,0.1,,0.2,0.4,0.2,0.3
20150519,12,SO2,2,2,2,2,2,2,2,,2,2.4,3.4,2,2,2,3.9,2,2,2,2,2,2,2,2,2,2,2,2,2,2,2,,2,2,2,2
20150519,12,NO2,7.3,15.9,17.2,11.1,8,16.6,17.4,2,2.9,24.8,8.1,11.1,22.6,24,10.2,30.1,9.8,9.7,5.9,8.2,8,8.6,6.2,2,10.8,2,4.3,24.1,27.6,8.5,,19.4,24.8,50.9,9.5
20150519,12,O3,87.7,92.1,88,101.5,98.7,94.7,99.6,81,96,71.4,100.6,102.4,86.9,101.5,99.7,79.5,72.2,60.7,92.2,98.1,78.2,97.9,95.2,92.8,104.6,108,108.1,63.2,102.7,100.1,,91.3,71.6,63.9,93.4
20150519,12,CO,0.3,0.3,0.2,0.2,0.1,0.2,0.3,0.2,0.2,0.3,0.2,0.6,0.2,0.3,0.4,0.2,0.2,,0.2,0.2,0.2,0.3,0.2,0.2,0.2,0.3,0.2,0.2,0.3,0.1,,0.2,0.4,0.3,0.2
20150519,13,SO2,2,2,2,2,2,2,2,5.1,2,2,2.2,2,2,2,3.4,2,2,2,2,2,2,2,2,2,2,2,2,2,2,2,,2,2,2,2
20150519,13,NO2,6.6,17.6,16.6,11.4,7.8,16.3,15.8,2,2.8,20.8,6.3,13,19.9,24.5,10.5,10.5,9,8,3.2,7.7,7.5,7.6,5.6,2,12,2,5.2,22.5,34.7,6.7,,22,24.7,57.4,14.6
20150519,13,O3,91.6,93.5,91.8,102.7,101.3,98.1,103.2,79.7,96.2,77.6,101.9,101.1,87.3,103,100.9,94.7,75,86.9,95.4,101.5,81.9,101.9,97.6,95.2,103.4,109.6,110,65,102.8,103.4,,91.9,70.1,61.4,86.1
20150519,13,CO,0.2,0.3,0.2,0.2,0.1,0.2,0.3,0.2,0.2,0.2,0.2,0.6,0.2,0.2,0.4,0.2,0.2,0.3,0.2,0.2,0.2,0.3,0.2,0.2,0.3,0.3,0.2,0.2,0.3,0.1,,0.2,0.4,0.3,0.3
20150519,14,SO2,2,2,2,2,2,2,2,2,2,2,2,2,2,2,3.3,2,2,2,2,2,2,2,2,2,2,2,2,2,2,2,,2,2,2,2
20150519,14,NO2,6.6,19.8,16.5,12.4,8.5,15.1,16.2,2,3.5,23.8,4.5,13.1,19.6,25.1,10.9,15.6,9.5,7.1,5.5,7.7,8,8.1,6.5,2,10,2.2,5.8,20.6,36,7.5,,24.7,40,61.1,18
20150519,14,O3,94.8,93.6,92.7,102.2,102.7,100.2,104.1,78.3,97,74.4,96.8,100.4,85.2,100.4,102,93.7,76.4,88.3,94.2,106.4,86.6,105,100,96.8,107,108.5,114.1,66.9,98.2,103.9,,89,65.6,59,90.6
20150519,14,CO,0.2,0.3,0.2,0.3,0.2,0.2,0.3,0.2,0.2,0.3,0.2,0.6,0.2,0.2,0.4,0.2,0.2,0.2,0.4,0.2,0.2,0.3,0.3,0.2,0.3,0.3,0.2,0.2,0.3,0.1,,0.2,0.4,0.3,0.3
20150519,15,SO2,2,2,2,2,2,2,2,2,2,2,2,2,2,2,3.5,2,2,2,2,2,2,2,2,2,2,2,2,2,2,2,,2,2,2,2
20150519,15,NO2,7.8,24.1,18.2,12.9,8,13.9,16.5,2,4.8,22.4,5.1,12.4,21.2,29.4,10.9,43.7,10.3,7.3,7.4,8.4,10.6,8.9,6.3,2,9,2.1,5.8,21,32.8,8,,36.2,27.1,55.9,20.5
20150519,15,O3,95.9,90.3,91.1,103.3,103.6,102.4,105.6,78.4,98.9,77.8,100,102.2,85.9,97.4,100.6,79,78.7,99.4,92.9,104.7,82.6,103,100.9,98.7,110.1,107.2,115.2,68,93.5,102.8,,85.5,72.1,64.8,91.6
20150519,15,CO,0.3,0.3,0.2,0.3,0.2,0.2,0.3,0.2,0.2,0.3,0.2,0.6,0.2,0.2,0.4,0.2,0.3,0.3,0.4,0.2,0.2,0.3,0.3,0.2,0.3,0.3,0.2,0.2,0.3,0.1,,0.2,0.4,0.3,0.3
20150519,16,SO2,2,2,2,2,2,2,2,2.3,2,2,2,2,2,2,3.3,2,2,2,2,2,2,2,2,2,2,2,2,2,2,2.5,,2,2,2,2
20150519,16,NO2,6.4,20.3,15.8,12.3,7.3,14.6,16.8,2,5.2,17.5,5.3,13.6,19.3,30.7,10.3,20.9,9.2,9.5,5.8,9.3,11.8,8.3,5.3,2,10.7,2.2,5.6,20.5,32.2,7.1,,35.4,23.2,54,23.6
20150519,16,O3,97.2,93.5,95.2,104.7,102.3,99.9,104.4,77.7,99.8,85.4,98.8,102.6,82.1,97.1,101.2,89.8,77.2,,92,103.6,84,103.1,100.7,96.5,106.7,108.1,114.1,68.5,92.7,97.7,,80.8,74.5,65.2,83.4
20150519,16,CO,0.3,0.3,0.2,0.3,0.2,0.2,0.3,0.2,0.2,0.2,0.2,0.6,0.2,0.2,0.5,0.2,0.3,0.3,0.3,0.2,0.2,0.3,0.3,0.2,0.3,0.3,0.2,0.2,0.3,0.1,,0.2,0.4,0.3,0.3
20150519,17,SO2,2,2,2,2,2,2,2,2,2,2,2,2,2,2,3.4,2,2,,2,2,2,2,2,2,2,2,2,2,2,2.7,,2,2,2,2
20150519,17,NO2,7,20,16.6,13,8.1,15,15.4,3.1,4.7,17.9,10.8,10.6,16.2,27.3,12.5,50.6,9.4,,4.9,10.4,14.3,8.4,5.4,2,15.5,2.3,5.9,20.3,25.4,7.7,,33.3,27.9,58,
20150519,17,O3,94.7,92,93.4,103.2,101.1,99.1,105.1,76,97.4,82.9,100.1,106.2,84,99.5,98.8,68.8,77.7,,96,101.7,80.3,101,99.8,97.3,103.3,105,113.9,65.5,95.6,96.9,,79.4,69.9,61.2,86.6
20150519,17,CO,0.3,0.3,0.2,0.3,0.2,0.2,0.3,0.2,0.2,0.2,0.2,0.6,0.2,0.2,0.5,0.2,0.3,,0.3,0.2,0.2,0.3,0.2,0.2,0.3,0.3,0.2,0.2,0.3,0.1,,0.2,0.4,0.3,0.2
20150519,18,SO2,2,2,2,2,2,2,2,2,2,2,2,2,2,2,3.5,2.4,2,2,2,2,2,2,2,2,2,2,2,2,2,2.3,,2,2,2,2
20150519,18,NO2,7.6,25.2,22.4,15.7,9.8,19,17.2,2,4.1,20.9,13.8,11.7,18.7,29.3,14.1,48,11.3,9.7,5,11.6,15.2,8.4,9.2,2,15.3,2.3,6.3,21.8,18,8.6,,37.2,28.6,73.3,22.3
20150519,18,O3,93.7,86.5,86.6,100.2,100.3,95.7,102.8,77.3,99.6,78.9,98.6,105.7,81.5,95.6,96.5,74.4,77.7,89.6,95.2,98.5,77.4,100.4,94,97.5,103.2,102.7,111,62.7,103.5,100,,79.9,68.4,48.9,89.4
20150519,18,CO,0.3,0.3,0.3,0.3,0.2,0.2,0.3,0.2,0.2,0.3,0.2,0.6,0.2,0.2,0.4,0.2,0.2,0.3,0.2,0.2,0.3,0.3,0.2,0.2,0.3,0.3,0.2,0.2,0.3,0.1,,0.3,0.4,0.3,0.3
20150519,19,SO2,2,2,2,2,2,2,2,2,2,2,2,2,2,2,3.4,2,2,2,2,2,2,2,2,2,2,2,2,2,2,2,,2,2,2,2
20150519,19,NO2,10.5,35.6,29.6,20.1,12.9,22.9,20.4,5.3,4.2,25.8,17.5,14.6,18.5,29.7,16.1,30.7,11.9,14.8,7.4,12.8,16.9,9.3,7.7,2,12.8,2.1,6,21.9,9.2,11.5,,40.1,34.5,82.1,29.3
20150519,19,O3,87.9,73.5,75.8,93.6,95.2,90.7,96.2,72.9,96.1,71.1,94.8,101.9,80.3,93.8,92.9,76.3,76.7,80.3,90.9,94,73,95.1,96,94.4,101.8,104.7,107.3,59.7,112.7,96.7,,73,60.4,43.5,83.8
20150519,19,CO,0.3,0.4,0.3,0.3,0.2,0.2,0.3,0.2,0.2,0.2,0.2,0.6,0.2,0.2,0.5,0.1,0.2,0.3,0.2,0.2,0.3,0.3,0.2,0.2,0.3,0.3,0.2,0.2,0.3,0.1,,0.3,0.4,0.3,0.3
20150519,20,SO2,2,2,2,2,2,2,2,2,2,2,2,2,2,2,3.8,7.1,2,2,2,2,2,2,2,2,2,2,2,2,2,2,,2,2,2.4,2
20150519,20,NO2,16,35.6,34.6,24.4,19.3,23.7,23.5,8.9,6.6,37.4,20.6,16.1,16.1,34.7,20.5,113.9,13.6,10.3,11.5,15.4,13.3,15.6,6.6,2,13.2,2.7,7.9,25.6,12.1,17.3,,56.8,38.7,90.9,31.4
20150519,20,O3,79.2,69.2,66.3,84.7,84.9,87,88.4,67.1,91.4,51.7,85.1,97,76.5,83.8,83.6,24.5,70.5,83.2,82.2,91.4,72,85.8,94.1,93.5,100,101.6,104.2,49.2,100.4,86,,52.4,52.2,25.3,74.7
20150519,20,CO,0.3,0.4,0.3,0.4,0.2,0.3,0.3,0.2,0.2,0.3,0.2,0.6,0.2,0.3,0.5,0.2,0.2,0.3,0.2,0.2,0.3,0.4,0.2,0.2,0.3,0.2,0.2,0.2,0.4,0.1,,0.3,0.5,0.4,0.3
20150519,21,SO2,2,2,2,2,2,2,2,2,2,2,2,2,2,2,4.3,3.8,2,2,2,2,2,2.6,2,2,2,2,2,2,2,3,,2,2,2,2
20150519,21,NO2,18.7,32.5,27.2,21.2,23.8,28.6,23.7,9.6,9.1,32,22.9,16.7,22.6,34.5,36.6,101.1,24.4,12,16.9,20.5,17.1,53.8,6.5,2,16.8,2.8,7.9,31.2,17.3,24.2,,50.6,40.2,78.1,60.8
20150519,21,O3,72.5,68.6,74,84.9,76.9,79.5,86.4,61.2,86.6,55.8,73.7,90.6,62.9,78.4,60.1,11.4,56.6,80.7,71,84.1,62.1,30.9,94.1,90.7,92.7,99.2,103.9,38.4,70,72.5,,54.5,50.1,34.8,46.1
20150519,21,CO,0.4,0.4,0.3,0.4,0.2,0.3,0.3,0.2,0.2,0.2,0.2,0.6,0.2,0.3,0.5,0.4,0.3,0.3,0.2,0.3,0.3,0.5,0.3,0.2,0.3,0.2,0.2,0.2,0.3,0.2,,0.3,0.5,0.4,0.5
20150519,22,SO2,2,2,2,2,2,2,2,2,2,2,2,2,2,2,4.4,2,2,2,2,2,2,2.4,2,2,4.1,2,3.1,2,2,2.9,,2,2,2,2
20150519,22,NO2,20.9,27.8,36.3,22.4,25.3,35.1,43.6,19.9,8.2,40.9,29.6,18.8,45.4,31.8,38.9,81.2,40.2,16.6,7.2,25.9,11.3,39.6,5.4,2,67.6,4.7,12.9,53.5,23.1,30.5,,41.9,49.7,71.9,25.7
20150519,22,O3,68.9,72.5,60,82.8,75.6,71.8,60.3,49.5,82.9,42.5,65.8,89.8,36.7,79,55.9,13.3,39.9,73,84.5,65.3,65.4,32.5,95.4,84.4,36.4,78.2,90.6,6.6,45.1,57.2,,62.1,39.3,41,73.8
20150519,22,CO,0.3,0.4,0.3,0.3,0.2,0.3,0.4,0.3,0.2,0.3,0.3,0.6,0.3,0.3,0.6,0.3,0.4,0.3,0.1,0.3,0.3,0.5,0.2,0.2,0.3,0.2,0.2,0.3,0.3,0.2,,0.3,0.5,0.3,0.3
20150519,23,SO2,2,2,2,2,2,2,2,2,2,2,2,2,4,2,4,2.2,2,2,2,2,2,2.6,2,2,3.1,2,2,2,2,2.7,,2,2,2,2
20150519,23,NO2,26.3,35,35.8,29.7,32.7,40.5,47.1,10.5,4.5,57.8,32.3,15.2,58.4,38,28.8,80.7,33,20,5.7,30.1,10,51.7,4.2,2.5,54.8,4.6,12.5,59.2,29.5,59.6,,37.4,50.3,63.2,29.1
20150519,23,O3,61.1,62.5,58.2,70.2,67.2,65.5,51.9,63.9,90.1,17.8,67.3,96.3,29.5,70.7,69,26.5,48,68.9,86.6,54.7,66.9,18.4,95.4,84.8,51.4,81.2,84.6,2,53.8,21.7,,62.3,35.9,41.4,69.9
20150519,23,CO,0.3,0.4,0.3,0.4,0.2,0.3,0.4,0.2,0.2,0.3,0.2,0.6,0.3,0.3,0.6,0.3,0.3,0.3,0.1,0.3,0.3,0.5,0.2,0.2,0.3,0.2,0.2,0.3,0.4,0.2,,0.3,0.5,0.3,0.3
