date,hour,type,dongsi,tiantan,guanyuan,wanshouxigong,aotizhongxing,nongzhanguan,wanliu,beibuxingqu,zhiwuyuan,fentaihuayuan,yungang,gucheng,fangshan,daxing,yizhuang,tongzhou,shunyi,changping,mengtougou,pinggu,huairou,miyun,yanqing,dingling,badaling,miyunshuiku,donggaocun,yongledian,yufa,liulihe,qianmeng,yongdingmengxi,xizhimengbei,nansanhuan,dongsihuan
20150108,0,SO2,30.4,15.8,47.3,35.8,31.7,37.6,60.9,13.5,48.1,43.8,81.6,59.3,38.3,36.5,34.5,57.1,47.1,31.9,52.5,38,19.4,45.7,27.9,29.4,40.5,9,11.3,23.1,6.2,85.2,30.4,33.4,46.8,66.6,24.7
20150108,0,NO2,65.1,69,83.8,84.2,74.4,71.8,85.2,61.7,94.2,75.2,96.6,87.3,85.1,71.9,63.4,67.1,75.2,70.8,68,49.6,43.3,62.2,53.4,60.4,76.8,19.8,22.8,89.7,69.2,94.5,69.1,72.9,149.8,89.7,69.1
20150108,0,O3,3.7,5.8,2,2.8,2,2.3,2,5.6,2,2,24.1,2.3,14.3,2,14.2,2,17.3,14.1,5.8,7.8,6.9,2.3,16.7,2,2,25.5,6.1,2.4,2,6.4,2,2,11.1,2,2
20150108,0,CO,1.9,1.3,3.1,3.3,2.2,1.8,3.1,3.9,3,2.5,5.9,3.7,3.8,1.7,1.3,2.1,3.6,1.8,2.5,2.6,1.7,2.6,2.6,1.8,1.4,0.5,0.8,2.8,3.5,5.4,4.8,1.7,3.3,3.3,1.6
20150108,1,SO2,29.6,9,40.5,25.9,24.2,40.7,35.8,14,40.1,36.7,61.3,44.7,51.5,34.1,31.8,59.1,21.8,35.6,42.8,33.9,17.4,43,27,32.2,37.3,9.4,13.8,19.5,6,67.7,31.9,30.1,40.6,53.4,27.1
20150108,1,NO2,61.3,69.3,76.5,79.4,70.8,77.3,84.3,60.4,94.2,88.5,91.9,76.5,82.6,70.1,61.5,65.2,67.6,71.7,63.7,43.4,39.8,61.1,52.1,65.1,74.4,21.3,22.4,88.4,66,81.5,69.5,69.6,144.9,84.2,65.4
20150108,1,O3,3.6,5.7,2,2.1,2,2,2,6.6,2,2,16.5,2,21.2,2,12.7,2,12.7,13.9,5,8.4,4.4,2,14.9,2,2,22.6,8.1,2.3,2,6.5,2,2,11,2,2
20150108,1,CO,2.1,1.5,2.5,2.3,2.2,2.6,2.9,4,3.4,3.4,4,3.4,5.8,1.6,1.4,3.2,2.7,2.3,2.2,2.4,1.6,2.6,2.3,1.7,1.5,0.6,0.7,2.9,3.8,6.4,4.7,1.9,3,2.9,2.9
20150108,2,SO2,29.6,5.8,29.2,21.4,24,39.2,22.7,15,41.3,38.7,43.7,36.2,44.3,23.4,30.1,43,16.2,37.7,36.6,27.5,16.3,34.4,17.4,28,39.8,10.6,6.6,18,3.9,62.3,29.9,26.4,28.4,38.7,23.1
20150108,2,NO2,61.9,69.7,75.7,79.9,70.7,72.5,83.4,57,93.2,79.9,87.8,69.7,79.8,72.3,67.9,67.9,66.3,74.4,60.2,42.2,36.5,55.2,51.6,65.2,73.4,24.6,25.2,86.9,68.3,78.3,69.8,65.5,125.5,82.1,67.4
20150108,2,O3,3.4,5.5,2,2.1,2,2,2,7.3,2,2,14.1,2,19.6,2,10.6,2.7,13,12.6,2.9,8,2.3,2,12.9,2,2,17.5,2,2.1,2,6.9,2,2,12.7,2,2
20150108,2,CO,1.8,1.7,1.7,2.4,2.3,2.1,2.7,4.2,3.2,2.9,3.5,2.8,6.3,2.2,1.8,7.2,3,2.1,1.9,2.2,1.3,3.1,2.1,1.9,1.6,0.7,0.7,3.2,2.3,6.9,4.7,1.7,1.9,2.7,3.3
20150108,3,SO2,33.8,4.3,33,19.4,29.3,44.2,22.2,17.7,45.6,29.5,43.6,33.9,45.7,22,31,36.6,38.6,38.9,33.3,24.7,19.7,27.3,20,33.9,37.7,9.9,8.3,20,2.9,65.4,32.9,26.7,35.7,35.6,26.6
20150108,3,NO2,64.8,68.9,77.8,78,71.8,77.3,81.3,54.5,92.2,77.4,88.5,72.1,72.8,71.4,68.6,63.7,66.5,75.2,56.8,42.8,44.6,47.5,56.3,69.1,68.9,25.6,25.9,82.6,65.5,78.9,70.4,70.8,126.6,78.3,59.5
20150108,3,O3,3.2,5.8,2,2.6,2,2,2,7,2,2,15.4,2,15.2,2,10.3,2,15.3,11.6,2,6.6,2,2,16,2,2.1,13.7,2,2.8,2,7,2,2,14.3,2,2
20150108,3,CO,2.1,1.8,2.2,1.9,2,1.9,2.8,4.6,3.2,3.2,3.9,1.9,5.4,2.6,1.9,2.2,3.4,2,0.1,2.2,1.4,1.9,3.2,2.4,1.4,0.8,0.6,4.3,2.5,9,4.7,2.1,2.2,2.1,1.7
20150108,4,SO2,33.8,2.4,34.5,16.4,86.3,44.3,39.9,15.8,47.9,21.5,56.6,33.5,46.2,16.3,20.7,34.9,38.7,44.4,30.6,17.6,19.6,30.7,27.7,29.3,32.6,10.5,10.4,22.1,2.2,53.7,30,21.1,36.1,31.8,19.7
20150108,4,NO2,64.3,62.6,79.5,77.2,98,81.7,84,55.5,89.6,74.4,85.8,69.6,72.4,69.5,62.3,58.9,66.4,76.4,55.7,38.3,50.3,49.4,67.3,67.2,63.6,25.7,27.3,78.7,61.4,68.5,70.3,71.7,132.7,78,52.3
20150108,4,O3,3.6,6.7,2,4.5,2,2,2,6.1,2,2,11.8,4.9,13.3,2,2,4.3,14.9,12.3,9.4,13.1,2,2,18,2,2.7,13.4,2,2.3,2,7.3,2,2,14.1,2,2
20150108,4,CO,2.3,2,2.6,2.2,5.1,2.1,4,4.9,2.7,3.1,3.6,2.1,5,2.3,1.5,5.8,3.4,2,1.1,1.7,1.7,2,3.3,2.2,1.2,0.8,0.7,4.9,3.5,10.1,4.8,2.2,3,2.5,2.4
20150108,5,SO2,61.8,2,62.4,12.5,68.8,53.7,61.9,14.3,47.8,23.3,51.3,38.9,40.6,12.4,14.4,30,32.5,54.6,25.2,18.1,17.5,23,24.8,27.9,38.4,13.8,9.5,19.8,2,55.2,46.5,18.4,59.9,30.1,19.2
20150108,5,NO2,84.7,61.2,88.3,77.8,91,98.1,85.3,55.4,86.5,89.6,76,80,72.9,65.6,60.5,64.3,62.6,76.2,,38.9,54.4,44.8,77.6,68,65.9,28.1,24.3,77.4,49.4,69.7,79.6,73.6,160.5,33,59.3
20150108,5,O3,6.2,6.8,3.5,4.7,2,2.6,2.8,5.4,2,2,8.5,3.8,15.9,2,2,5.6,12.5,11.7,6.7,11.6,2,2.6,17.6,2,3,12.7,2,2,2,6,2.8,2,14,2,2
20150108,5,CO,4.1,2.2,3.8,2.5,5.1,4.7,4.1,5.3,2.3,4.3,3.4,3.4,6.8,2.3,1.4,6.1,3.2,2.8,1.4,1.8,1.9,1.5,3.2,1.9,1.2,0.8,0.9,4.8,3.2,9.9,4.9,2.7,4.2,3,5.5
20150108,6,SO2,58.6,8.7,65.9,35.3,59.9,46.5,60.1,15.4,54.2,44.5,45.7,45.7,47.5,10.2,11.9,25.8,24.9,40.9,31.5,21.2,15.8,20.9,24.8,29.6,50.6,9,8.7,19.8,2,45.8,64.1,59.3,63,36.5,16.6
20150108,6,NO2,85,83.2,92.4,98.6,84.8,99,83.6,60.6,87.2,98.1,69.5,83.7,75.2,69.2,65,66.2,58.5,73,48.8,44.4,52.1,45.7,66.9,65.9,63.7,27.3,25.3,76.5,46.2,70.9,87.8,94.6,172.8,51.9,64.8
20150108,6,O3,5.4,9.8,3.1,8.8,2,2,2,5,2,2,6.6,4.1,13.4,2,2,5,9.1,10.7,8.5,8.6,2,2,18.7,2,3.5,8.5,2,2,2,5,2.8,2,13.3,2,2
20150108,6,CO,4.2,3.7,4.2,4.3,4.1,5.8,3.8,5.6,3.2,4.7,2.6,3.5,6.2,3.6,1.7,6.3,2.5,2.7,1.5,1.9,1.9,1.5,3.7,2,1.1,0.9,1.1,4.6,3.5,8.6,5.3,4.6,4.5,4,6.2
20150108,7,SO2,50.2,8.1,64,45.5,59.1,41.2,57.9,12.1,55.6,52.1,47.5,50.9,52.1,10,14.6,28,26.5,43.2,34.8,19,15.7,27.2,26.7,26.6,86,7.9,7.6,20.4,2,46.1,62.9,64.6,59.4,69.8,24.9
20150108,7,NO2,87.3,82.2,92.2,98.6,76.4,93.1,82,53.7,91.4,93.2,64.1,84.2,78.5,70.5,73.9,68.5,55.6,75.2,51.5,48.5,53.3,48.1,65.2,66.7,56.6,28.6,25.3,75.9,47.1,73.8,89.4,97.6,179,42,71.2
20150108,7,O3,5.2,10,2.6,9.6,2,2,2,4.6,2,2,5.9,4.6,10,2.4,2,4.1,7.4,13,7.5,6.4,2,2,17.7,2,4.6,4.8,2,2,2,5,3.3,2,11.6,2,2
20150108,7,CO,4.3,4,4.6,4,3.7,5.1,3.5,6,3.2,3.6,2.2,3.6,4.4,6.6,2.5,5.4,1.9,2.7,1.6,2,1.8,1.7,3.3,2,1.5,1,1.3,4.8,3.7,7.5,5.6,4.2,4.7,5.3,5.3
20150108,8,SO2,48.6,9.9,57.8,43.4,49,44.1,51.7,10,51,53.4,56.3,51,54.3,14.5,13.5,30.6,32.3,40.7,36.2,19.2,16,28.4,24.5,33,118.3,12.1,7.6,18,2,35.2,57.7,65.4,63.3,68.8,28.1
20150108,8,NO2,79.9,85.4,93.2,98.6,72.9,89.5,81.9,49.6,89.2,92.9,63.7,86.6,80.2,91.7,75.2,66.6,68.1,75.8,51.9,51.9,56.5,48.1,56.6,67.2,56.9,28.7,25.4,72.9,40.5,66.6,87,98.3,176.5,35.5,67.9
20150108,8,O3,4.8,10.7,2.2,9.7,2,2,2,4.3,2,2,7,4.3,9.8,4.2,2,4.2,8.5,11.3,7.3,7.2,2,2,17.5,2,4.8,8.3,2,2.3,2,6,2.9,2,10.2,2,2
20150108,8,CO,4,4.2,4.1,4.1,2.9,4.2,4.1,6.4,2.9,3.4,2.3,3.9,3.9,7.8,3.1,6.3,2.6,3.4,1.8,2.4,2.2,1.8,3.5,2.3,1.7,1,1.7,5.4,5.1,7.9,6,4.6,4.3,4.9,6
20150108,9,SO2,48.8,13.3,68.3,44.4,53.1,54.5,58,12.9,51.7,56.8,65.2,54.3,52,21.6,28.6,48.1,53,51.5,34.3,24.4,19.4,30.8,30,37.7,148.8,14.2,9.6,21.2,2.5,51.6,53.8,60.3,68.4,69.6,32.1
20150108,9,NO2,73.5,86.9,94,97.6,64.4,92.3,84.5,58.1,84.1,95.7,66.5,86.6,75.5,104.6,83,75.7,65.9,74.8,50.9,58.8,52.5,45.8,57.1,63.3,52.8,27.9,,77.2,44.5,73.1,81.8,97.6,164.4,35.3,67.3
20150108,9,O3,4.6,10.7,2,9.3,2,2.1,2,4.5,2,2,9.3,4.6,11.4,3.8,2,7.8,9,12.2,9.1,8.7,2,3.7,18.7,2,6.7,12.3,4,2.8,2,6.1,2,2,9.4,2,2
20150108,9,CO,2.9,4.3,3.8,3.9,2,4.4,4.2,6.7,2.7,3.7,2.7,3.5,3.9,7,3.6,8.1,2.6,3.8,1.9,3.4,2.1,2.4,3.7,2.9,1.7,1,1.5,,6.2,8.1,6.2,4.4,3.7,4.6,5.9
20150108,10,SO2,52.8,33.3,77.1,52.5,47.3,61.6,78.6,48,60.9,65.7,65.8,42.6,66.8,59.4,49.3,74.1,58.9,55.6,44.2,26.2,34.6,30,45.1,43.4,220.5,16.4,17.7,29.5,4.2,79.2,56.9,65.4,70.1,72.6,59.7
20150108,10,NO2,67.7,83.2,93.4,94.6,58.5,87.6,82.4,57.9,83.8,109.7,71.4,72.6,85.7,122,102.4,78.1,60.9,77.5,51.3,53,52.3,44,61.9,58.9,48.2,24.7,51.5,87.1,51.9,71.5,73.4,89.4,94.3,46.6,63.4
20150108,10,O3,6.3,9,2,8.7,2,2,2,4.6,3.4,2,12.3,4.3,11.2,4.3,4.3,2,9.6,12.5,11.9,10.8,6.2,7.1,21,5.7,11.4,17.2,9.6,2.6,2,7.1,3.2,2,8.6,2,2
20150108,10,CO,2.8,3.1,3.4,3.3,1.8,3.2,3.3,6.4,2.7,4.8,3.2,3,4,7.9,5.4,5,1.9,3.7,1.7,2.4,1.7,2.3,3.7,2.5,2,1,1.4,1.4,4.4,8.3,6.2,3.2,2.7,4.6,4.6
20150108,11,SO2,50.7,50.5,66.1,62.6,44,58.6,83.1,68.4,84.4,71.3,59.2,63.2,60,92.9,66.5,80,60.6,62.6,44,35.7,31.6,30.4,63.8,57.8,203,17.9,32.3,42.8,14.5,88,52.7,64.3,71.7,75.4,66.6
20150108,11,NO2,68.5,84.7,87.9,89.8,57.7,81.4,83.1,65.9,107.4,120.6,74.5,92.6,85.2,142,109.7,83.7,56.6,86.8,50,61.7,61.9,39,67.1,69.9,48.1,21.3,54.4,99.6,72.2,92.7,70.8,84.3,96.7,51.6,63
20150108,11,O3,13.9,11.4,4.3,9.9,2,6.2,2,4.7,3,2,15.2,6.8,10.1,2,2,2,14.5,13.7,18.8,13.4,7.8,15.6,21.4,9.7,16.9,25.4,28.9,2,2,5,7.7,2,12.3,2,2.2
20150108,11,CO,2.2,2.5,2.6,2.6,1.7,2.3,2.6,5.1,4.1,4.5,2.5,3.1,3.3,7.7,4.6,2.9,1.5,3.7,1.6,2.6,1.7,2.1,2.9,2.6,2,1,1.4,0.1,3,5.8,5.9,2.6,2.5,3.6,2.1
20150108,12,SO2,51,48.7,59.9,64.1,47.8,51.8,75.6,69.8,88.5,68.7,52,65.3,56.9,92.6,65.6,230.7,53.2,76.1,54.1,44.2,62.7,53.9,110.1,65,145.8,22.1,40.8,60.8,45.6,82,49.1,60.2,69.3,73.9,66.8
20150108,12,NO2,78.1,86.1,97.4,93.4,71.6,81.9,94.2,74.3,118,133.1,74.7,96.4,86.2,155.2,105.2,90,52.6,96.8,66.4,62.8,71.7,39.8,73.6,74.9,50.8,19.8,94.8,106.2,69.7,101.5,71.7,87.6,99.9,68.3,72.5
20150108,12,O3,17.5,16.1,7,14,2,12.4,3,6,4.4,2,20.3,10.3,10.1,2,3.6,6.2,22.4,15.5,16.6,22.9,13.4,24.8,25.8,12.7,20.9,36,32.5,2,,7.1,15.1,6,16.1,2,5.1
20150108,12,CO,2.2,2.2,2.6,2.4,2,2,2.7,4.2,4,4,2.3,2.9,2.8,6.3,3.4,2.7,1.5,3.4,1.9,2.5,1.8,2,2.6,2.6,1.9,0.9,1.7,0.1,2.2,4.4,5.6,2.3,2.5,3.1,2.3
20150108,13,SO2,50.8,54.6,59.5,67.1,50.2,51.9,68.7,64.6,71.6,69.3,58,60.7,53.9,84,63.4,96,45.8,84.4,54.7,52.8,75.2,67.3,115.7,78,99.6,32.4,43.4,62.8,62,81.4,52.9,64.8,64.4,82.4,61.9
20150108,13,NO2,80.8,104.3,116.4,124.5,82.3,96.7,109.9,81.5,110.9,141.5,85.1,96.4,92.3,169.6,139.3,104.3,50.6,111.1,80.6,71.1,75,45.3,68.6,89.5,47.3,25.4,93.5,115.7,79.5,106.8,95,115,113.9,106.8,79.6
20150108,13,O3,22.4,19,7.5,14.1,2,12.4,3.1,7.4,8.8,2,30.2,18.6,12.9,2,3.6,10,25.8,14.5,21.3,32.8,20.5,34.4,29.2,11.1,29.8,40.7,32.1,4.3,,11.5,13.8,6.2,16.7,2,7.6
20150108,13,CO,2.2,2.6,3,3.2,2.1,2.2,3,3.7,3.1,4.1,2.4,2.6,2.7,5.7,4.3,2.9,1.4,3.3,2.2,2.2,1.7,2.1,2.3,2.9,1.6,1.1,2.1,0.1,2.4,3.8,3.7,3.1,2.6,4.7,2.3
20150108,14,SO2,58.9,71.3,66,71.6,49.8,53.1,66.1,65.8,63.2,63.3,56.8,56.2,57.1,80.6,72,80.2,,92.5,54.2,51.7,91.9,134.7,82.9,77.5,38,35.3,48.6,57.6,79,102.7,67.1,82.3,69.4,93.8,60.3
20150108,14,NO2,121.8,152.7,140.2,142.9,114.7,120.3,123.2,103.1,105.7,118.5,89.7,96.2,106.9,143.4,165.3,110.6,47.1,110.4,84.5,75.1,83.4,60.2,57,109.4,30.3,29.1,100.8,115.9,122,102.7,138.1,149.5,143.2,122,104.8
20150108,14,O3,17.3,15.7,7.9,15,2,11.7,5.2,5.9,17.9,4.7,29.9,32.5,14.7,4.1,3.7,15,12.2,15.3,40.9,38.7,19,34.3,36.1,7.4,50.2,47.3,35.7,5.9,9.8,17.2,11.5,4.7,14.3,2,3.1
20150108,14,CO,3.3,3.9,3.5,3.6,2.7,2.7,3.1,3.9,2.5,3.1,2.5,2.5,3.1,4.3,4.9,3,1,3,2.2,2,1.8,2.2,1.7,3.3,0.7,1.2,1.9,0.1,3.3,3.3,4,4,3.5,4.5,3.2
20150108,15,SO2,62.5,68.5,56.9,61.9,63.3,70.3,60.7,59.6,61.3,58.1,60.1,53.3,60.4,70.9,75.9,88,67.6,104.6,,53.3,62.3,82,64.5,77,36.4,34.5,53.9,58.4,72.1,117.9,60.2,76.4,66,84.5,68.4
20150108,15,NO2,122.6,134.8,123.9,122.5,144.8,167.2,115,104.7,107.8,114.9,102.1,89.5,122.6,129.8,140.9,146.1,95.2,120.2,,82.3,82.2,62.2,49.8,105.3,37.4,30.3,119.1,120.3,122.3,111.9,122.2,135.9,136.9,124.7,146.8
20150108,15,O3,21.3,19.8,10.5,19.9,2,6.1,7.1,5.6,32.8,5.8,29.3,28,14.1,6.8,10.9,12.1,17.9,19,,28.4,19.3,37.2,40.7,7.2,50.1,48.7,35.5,8.2,12.9,21.5,13.4,7.8,16.5,2,2.3
20150108,15,CO,3.2,3.2,2.8,2.9,3.5,3.8,2.7,3.4,2.5,3,2.7,2.4,3.6,3.5,3.5,3.5,1.8,3.2,,2.2,1.8,2.1,1.4,2.8,0.6,1.2,1.8,0.1,3.4,3.7,3.6,3.3,3.1,3.9,4.1
20150108,16,SO2,53.7,63.6,52.3,59.8,,60.1,56.5,56,55.9,59.7,59.8,61.6,57.3,64.6,71,90.1,65.3,83.3,,54.4,67.3,75.9,53.4,83.9,29.6,30.4,61,56.8,70.7,98.1,57.8,71.3,58,80.4,65.3
20150108,16,NO2,108.6,130.5,121.6,133.4,,136.2,111.4,111.1,95.1,127.8,125,108.9,116.6,125.6,137.2,171.5,114.5,128.6,,90.2,87,68.9,37.8,112.3,37.7,33.2,168.1,117,114.8,121.7,123.8,134.2,125.1,124.9,128.1
20150108,16,O3,19.3,16.7,8.9,15.9,,9.2,5.2,5.8,28.3,2,22.2,21.2,14.9,8.1,8.7,6.8,13.4,15.6,,24.2,16.9,30.7,50.8,6.6,52,40,20,11.2,15.5,18.9,10.7,5.2,16.5,2,4.7
20150108,16,CO,2.8,3,2.7,3.2,,2.7,2.6,3.4,2.2,3.4,3.3,2.7,3.2,3.3,3.3,4.2,2.3,3.2,,2,1.8,2.3,1.1,2.9,0.5,1.2,2,0.1,3,3.8,3.2,3.2,2.7,4.1,3.1
20150108,17,SO2,55.6,56.1,54,56.9,50,61,59.2,49.8,59.5,61,60.3,66.1,77.5,57,68.6,82.2,72.8,77.9,,67.5,51.4,74.7,27.7,76.8,27.3,29,56,51.1,60.7,88.9,58.4,67.1,60.5,75.3,58.8
20150108,17,NO2,122,130.7,132.6,144.5,125.6,141,123.5,111.2,117,136.2,128.5,139,124,123.7,132.6,158.7,153.8,121,,105.6,91,77.7,16.3,120.3,42.2,36.2,199.2,116,116.3,121.2,135.1,138.9,133.2,119,118.6
20150108,17,O3,10.2,12.1,4.4,9.6,2,3.1,2,5.1,12.8,2,17.2,9.5,11.4,4.9,5.6,3.9,11.8,12.8,,11.6,6,16.8,72.2,2,43,35.5,9.4,8.3,7.3,13.6,4.8,2,13.9,2,2
20150108,17,CO,3.4,3.1,3.2,3.6,3.1,2.9,3,3.3,2.5,3.7,3.3,3.3,3.3,3.4,3.2,3.9,3.8,2.9,,2.2,1.9,2.5,0.6,3.1,0.5,1.1,1.9,0.1,3,3.7,3.7,3.5,3.1,4.1,2.8
20150108,18,SO2,52.8,33.5,60.6,49.4,52.1,56.5,59.6,38,53.3,73.3,71.2,68.2,76,67.6,65.3,84,72.1,91.4,,67.7,46.5,61.6,37.9,55.8,24.3,27.3,46.7,46.3,44.3,89.4,57.3,63.1,64.6,78.7,54.3
20150108,18,NO2,120.8,125.3,141.6,145.6,133,141,134.6,109.7,127.2,137.2,129.7,139.4,133.3,141.2,134.8,151.5,164.7,127.1,,109.6,97.6,87.4,26.1,111.7,30.6,37.3,202.4,126.6,122.1,130.2,136.8,139.1,141,110.1,123.3
20150108,18,O3,5.3,8.8,2,7.2,2,2,2,3.6,2,2,11.8,4.9,10.2,2.3,2.5,2,13,13.4,,7.5,2,3,62.9,2,51.2,31.3,2,2.7,2,5.4,2.4,2,11.8,2,2
20150108,18,CO,3.6,3.3,3.7,4.1,3.5,3,3.6,3.3,2.7,3.9,3.5,3.7,3.9,4,3.4,3.7,4.3,3.3,,2.3,2.1,3,0.9,2.8,0.4,1.1,2,0.1,3.4,4,4.1,4,3.8,4.9,3.1
20150108,19,SO2,56.1,28.9,71.5,57.9,53.7,55.6,62.1,26.1,45.4,95.2,81.3,74,76.1,81.1,72.8,92.9,66.6,74.2,,66.4,41.4,50.7,33.3,48.8,27.1,28.1,48.5,43,36,88.1,60.5,72.5,70.6,85.6,50.7
20150108,19,NO2,123.6,123.1,140.7,145.2,135.6,140.1,131.9,102.3,118.5,137.2,127.6,131.8,138.5,146.4,138.4,145.7,112.3,125.6,,114.6,101.5,86.4,22.4,107.3,32,38.3,323,130.7,121.1,135.2,136,136.5,143.2,95.3,116.5
20150108,19,O3,5.3,9.4,2.1,7.7,2,2,2,5.2,2,2,13.5,5.8,12.3,3.9,3.7,9,13.4,12.8,,10.4,2,2.7,65.3,2,47.5,26.1,2,2.9,2,6.9,2.8,2,11.8,2,2
20150108,19,CO,4,3.6,3.8,4.2,3.7,3.4,3.9,3.5,2.4,4.3,3.9,4.1,4.3,4.8,4,5.1,2.7,3.5,,3.7,2.9,3.7,0.9,2.8,0.4,1.2,2.2,0.1,3.4,5.2,4.5,4,3.9,4.9,3.6
20150108,20,SO2,57,47.6,71.3,68.2,63.2,54.5,66.9,27.1,48,94.3,78.5,76.7,76.8,100.1,95.8,136,68,79.7,,62.5,44.1,75.1,33.1,48.8,37.7,25.9,49.5,56.7,29.3,80.4,72.7,80,78.3,102.8,55
20150108,20,NO2,120.4,136.3,136.3,142.5,140.5,140,130.1,101.1,106.6,139.3,127.1,128.1,139.8,150.3,146.2,159.8,102.5,127.6,,105.5,97,86.2,41.7,102.5,19.7,37.5,327,133.3,113.7,120.5,133.4,141.9,135.8,97.2,127.6
20150108,20,O3,5.5,10.8,2.1,8.1,2,2,2,8,2,2,14.7,5,15.9,3.9,4.5,24.7,15.7,14.4,,10.7,2,3.4,42.3,2,58.9,22.3,2,3.6,2,7.3,2.5,2,11.5,2,2
20150108,20,CO,4.1,4.2,3.9,4.2,4,3.8,3.9,4.3,2.5,4.8,4.2,4.2,4.8,5.6,4.8,9.3,2.8,4,,3.7,2.8,4.8,1,2.8,0.5,1.2,2.2,0.1,3.8,6,5,4.9,4.2,5.4,6.7
20150108,21,SO2,54.9,30.4,59.7,53.2,81.9,87,64,22.9,56,80.7,74.6,75.2,74.1,103.9,95,127.7,82.3,124.6,,52.8,43.6,57.6,33.2,55.6,53.7,17.2,51.8,58.5,29.3,107.4,74,75.5,65,90.1,73.9
20150108,21,NO2,123.5,126.1,135.5,141.9,174.2,172.9,132.3,95.2,116.4,136.8,130,130.5,134,150.1,147.5,157.1,104.2,124.4,,95.8,95.4,81.3,56.8,94.3,73.1,33.2,304,134.8,112.3,128.9,133.6,161.3,141.5,87.1,151.1
20150108,21,O3,6.4,10.5,2.4,8.1,2,2.7,2,7.1,2,2,13.2,4,16.3,2.3,4,21.6,15.3,20.4,,9.8,2,2,22.8,2,12.4,19.9,2,3.3,2,6.3,2.6,2,11.2,2,2
20150108,21,CO,4.6,4.5,4.2,4.6,5.7,6.3,4.9,4.8,3.1,4.8,4.2,5,4.6,5.9,4.7,8.9,3.4,6.8,,3.8,3,3.6,1.3,3.1,0.7,1.2,2.5,0.6,3.7,5.3,5.6,6.6,4.9,5.9,8.8
20150108,22,SO2,72.5,26.5,57,48.9,63.2,98.8,72.9,22.2,46.3,76.2,88.4,66.7,67.7,117,94,123.6,72.3,111.6,,39,40.5,49.5,28.8,51.9,47.8,18.3,49.9,46,21.9,83.9,81.2,86.1,65.5,84.8,61.1
20150108,22,NO2,143.2,128,136.7,146.9,174.1,182.6,142.4,95.5,109.8,140.1,131.9,128,126.8,147.3,144.6,152.4,99.4,120.6,,88.7,91.6,75.8,53,99.1,42.1,34.3,169.2,133.9,100.4,117.1,145.9,177.3,155,80,147
20150108,22,O3,6.9,10.8,2.4,8.7,2,2,2.4,8.6,2,2,14.9,5.3,16.9,2,3.8,14.1,14.8,16.3,,8.8,2,2.1,24.2,2,29.3,17.7,2,4.1,2,6.6,3.1,2,12.4,2,2
20150108,22,CO,5.9,4.8,4.7,5.4,6.3,6.4,5.1,5.6,2.6,4.9,4.6,5.5,5.2,5.5,4.9,8.5,3.3,6.5,,3.7,2.8,3.9,1.5,2.8,0.6,1.2,2.8,2.4,4.4,5.5,6.1,7.2,6.7,6.5,7.9
20150108,23,SO2,81.5,22.6,70.7,45.9,79.7,98,76,21.5,46.7,73.3,90.7,61.4,69.3,112.8,87.3,107.1,61.9,96.3,,41.5,36.9,37.4,14.5,47.1,35.9,15.9,46.4,43.5,18.2,78.6,68.2,80.6,75.4,84.2,49.4
20150108,23,NO2,156.7,132.8,169.3,145.1,159,182.1,136.5,92.4,109.1,149.2,131.2,121.3,126.2,140.8,145.8,143.2,92.4,114.4,,84,87.4,71.5,37.2,98.2,42,28,146.5,131.4,100.7,107.1,149.1,178.8,171.8,70.2,139.9
20150108,23,O3,6.8,11.1,3.3,8.2,2,2,2,7.5,2,2,14.2,4,19,2,3.3,3.9,13.4,11.7,,8.6,2,2,36.2,2,28.8,22.8,2,3.7,2,5.7,2.9,2,12.7,2,2
20150108,23,CO,6.4,5.6,6.1,5.7,4.7,6,5,5.7,2.5,5.5,4.7,5.9,6.3,4.9,5.3,6.2,2.8,4.7,,3.5,2.7,3.6,1,2.7,0.5,1,2.7,3.3,5.8,4.9,6.5,8.2,6.3,7.1,8.1
20150108,0,PM2.5,69.9,69.3,84.1,97.9,64.7,59.2,86,171.7,109.1,83.6,205.6,97.7,147.9,76.4,55.7,86.4,184.2,69.7,63.2,96,69.4,108.9,102,86.3,58.7,28.7,37.3,127.7,181.9,179.1,70.7,78.2,91.4,108,64.4
20150108,0,PM10,79.3,85.5,107,118,89.7,80.1,101,,119.7,99,238.7,131.9,286,83,71.7,107.1,192.4,73.9,79.1,,,123.8,,,78.3,35.2,151,132.3,,214.2,75,88.1,119.4,112.3,75.4
20150108,0,AQI,83,89,130,92,71,97,91,124,67,112,108,89,129,149,142,148,75,108,70,111,60,59,99,67,48,29,64,171,218,195,91,99,78,114,121
20150108,1,PM2.5,60.8,73.6,79.3,82.3,63.2,70.3,85.3,289.7,127.8,118.6,164.4,92.3,219.4,72.9,58.9,108.7,132.5,83.9,57.5,83.7,73.6,114.1,97.2,70,63.4,36,34.3,110.7,189.3,189,74.9,85.8,92.6,85.4,74.1
20150108,1,PM10,73.7,79.1,94,94.1,90.7,91.1,136.9,,146.6,153,206.7,122.2,231.1,80.7,73.9,129.7,146.8,,74.8,88.9,,123.2,,72.1,77.9,48,110.1,,,232.6,83.7,92,115.9,105.2,83.7
20150108,1,AQI,80,87,128,89,69,94,88,131,72,110,110,89,132,144,135,144,78,106,70,108,61,61,101,69,49,30,62,168,220,194,88,96,77,111,119
20150108,2,PM2.5,67.1,75.1,75.6,90.3,67.1,70.2,104.9,275.3,129.9,125.2,160.4,81.1,210.4,98.8,88.6,176.9,134.9,81.1,56.7,76.9,65.5,105.8,92.2,70.9,68.4,35.9,35.7,120.7,142.4,211.3,78,79.4,83.6,91,78.2
20150108,2,PM10,80,80.1,82.5,104.2,92.2,90.2,162.7,,139.7,146.6,228.7,103.5,251.8,103.5,105.8,228,149.2,,65.9,82.8,65.8,122,94.9,,80.8,46.2,146.2,122.3,,223,85,86.9,97.2,112,85
20150108,2,AQI,78,84,126,88,66,90,87,138,76,108,112,88,137,141,130,145,83,102,70,107,61,62,100,72,51,31,63,165,218,194,86,93,76,108,118
20150108,3,PM2.5,86.8,74.4,99.7,99.4,67.4,79,115.2,217.6,122.3,127.4,169.2,74.3,171,140.6,95.9,73.4,154.6,68.8,49.3,75.1,62.6,72,116.2,93.6,65,37.9,39.3,160.4,129.4,214.7,89.2,89.5,101,90.3,77.2
20150108,3,PM10,96.6,79.4,110.6,107.6,81.3,98.4,147.4,,134.2,142.2,192.4,90.3,240.9,,104.1,,167.4,70,,76.1,63.7,,,,73.9,50.8,155,,,268.7,91.3,105.1,120.2,103.7,80.1
20150108,3,AQI,77,82,126,88,67,88,87,143,79,106,115,87,138,139,126,139,89,94,70,107,63,63,101,76,53,32,64,164,216,192,85,92,78,105,117
20150108,4,PM2.5,104.1,83.2,114.9,113.7,157.3,100.4,119.8,177.7,110.8,140.6,136,66.5,149,124,90.4,140.8,143.7,68.1,47.6,58.4,68.5,66.7,123.7,75.7,55.4,38.8,44.6,149.5,140.1,237.3,98.6,104.2,115,116.7,97
20150108,4,PM10,110.9,84.6,124.9,124.9,180.8,118,,,,150.4,154.8,73.5,213.6,130.7,91.3,,153.1,71.6,48.8,,76.3,,,,55.6,41.4,152.5,,,256,106.7,111,133.7,129.3,165.8
20150108,4,AQI,79,81,130,90,74,90,89,147,83,106,117,87,138,133,121,138,96,89,70,106,65,66,103,79,55,33,67,161,213,189,86,92,82,103,118
20150108,5,PM2.5,135.1,86.9,119.9,120.2,176.8,168.4,123.5,154.7,82.4,143.7,96.2,95.3,178.1,109.7,86.7,172.4,134.4,76.8,46.9,56.3,70.9,43.3,114,77.6,52.3,37.2,39.7,136.8,135.8,223.1,125.1,111.4,132.9,115.6,170.1
20150108,5,PM10,151.1,91.5,134.4,132.7,230,211.6,148.5,,,172.5,122,130,221.3,116.4,87.6,,,95.8,56.9,,78.5,,123.2,,54,47.3,106.7,,,233.1,,117.4,156.4,150.8,232.4
20150108,5,AQI,85,83,136,94,82,95,93,151,87,110,120,90,142,123,116,140,102,86,71,106,67,68,105,81,56,35,68,157,211,185,91,96,88,103,123
20150108,6,PM2.5,156.2,132.2,130.2,140,155.1,210.2,115.8,140.8,90.6,154.7,73.9,97.1,154.9,121.7,89.7,213.9,100.7,77.1,43.8,54.8,64.7,44.4,115.1,78,53.1,42.7,41.9,124.6,153.2,220.5,167.1,159.7,146.8,131.8,208.6
20150108,6,PM10,186.5,144.8,145.4,146,196.9,264.2,150.3,,,191.8,104.2,107.2,184.5,124.4,102.5,215.7,102.8,95.9,54.7,59.2,66.2,48.4,,78.8,64.9,55.2,65.7,,,246.3,173.8,173.5,186.3,150.5,244.5
20150108,6,AQI,92,89,143,101,90,104,97,154,91,115,122,94,147,121,109,146,106,83,71,104,69,70,107,82,58,36,69,152,208,186,98,103,95,108,131
20150108,7,PM2.5,161.1,145.6,134.7,157.9,119.4,185.7,110.3,148.3,99,124.2,68.5,111,114.9,165,127.7,197.9,78.6,75.2,44.4,56.4,61.8,43.3,113.1,78.4,67.8,40,45.4,129.2,136,165.7,170.5,157.2,147.3,172.9,200
20150108,7,PM10,189.1,155.4,152.7,189.5,155,223.6,142,,,134.4,78,136.9,144.1,177.4,135.3,200.9,,92.2,58.3,66.7,67.9,53.7,116.9,84.5,99.8,58.8,62.7,131,,169.9,192.4,194.4,187.1,232.7,222.4
20150108,7,AQI,99,96,151,108,95,112,102,159,96,121,123,99,150,125,110,151,110,83,71,102,70,71,108,84,60,38,69,147,203,186,106,110,102,116,137
20150108,8,PM2.5,147,155.1,136.1,163.1,98.8,160.4,112.4,156.3,90.5,109.7,76.9,104.2,110.5,205.2,171.2,218.9,94.7,92.4,45,63.9,68.9,50.1,107.8,89.5,86.6,45.1,50.1,136.5,175.4,186.5,171.8,165.3,136.5,162.8,188
20150108,8,PM10,170.4,172.4,156.8,200,120,189.9,158.4,,95.4,135.2,88.5,124.8,122.3,249.3,,233,96.8,133.6,60.5,80.9,82.7,60,,92.2,117,53.5,60.2,,,205.1,192.7,204.7,175.8,207,222.1
20150108,8,AQI,106,103,159,115,99,119,106,163,100,126,126,103,154,132,116,158,114,85,72,101,72,73,110,86,63,39,69,143,204,191,114,117,109,123,141
20150108,9,PM2.5,96.6,152,128.6,156.3,64.7,165,115.6,146.1,88.3,114.6,92.8,102,120.9,217.1,151.9,246.5,85.2,113.4,48.2,98.8,81.9,,115.7,113.3,81.8,42.4,49.2,184.2,205.9,193,161.3,164.8,121.8,149.7,178.6
20150108,9,PM10,117.1,187.8,155.3,192.7,79.7,200.4,177.9,153.6,90.8,151.9,113.5,127.7,150.7,286.9,167.4,313.1,90.8,161.2,78.5,127.9,88.3,,117.8,125.6,118,57.6,68.4,202.3,258.5,220.8,,196.8,158.6,203,
20150108,9,AQI,110,110,167,122,102,127,111,167,104,130,129,107,159,138,120,162,118,87,73,102,75,74,111,89,65,41,70,142,205,197,122,123,114,129,145
20150108,10,PM2.5,91.3,120,119.6,136.3,59.2,122.4,108.7,146.3,100.8,134.9,109.9,87.9,129.8,233.3,231.6,195,76.8,124.3,50.6,92.2,76.3,37.9,133.2,108.4,93,50.4,51.3,274,174.6,213.2,96.6,117.6,84.8,144.7,152.5
20150108,10,PM10,112.4,155.7,140.4,167.3,78.5,160.3,151,,,195.1,142.2,132.8,180.2,324,280.4,236.5,83.3,164,79.3,119.4,81.1,90.4,138.2,121.7,126,62.8,76.3,313.9,270.9,220.2,110.5,146,122.8,202.1,201.4
20150108,10,AQI,113,115,173,128,103,131,115,170,109,135,134,110,165,145,126,163,121,89,73,104,77,74,114,91,68,43,71,145,205,204,125,128,117,135,147
20150108,11,PM2.5,78.6,102.3,98.7,111.7,65.1,96.2,101.9,125,126.3,146.7,107.2,107.4,135.9,292,213.1,144.4,74,133.7,58.9,115.4,92.5,56.9,127.9,126.8,99.2,47.8,59.9,270.6,,208.2,93.5,105.1,94.2,134,90.2
20150108,11,PM10,131.9,124.6,110.4,130,84.9,127.1,129.7,127.8,138.7,197.4,130,152.2,160,374.9,279.1,150.1,87.5,171.9,78.1,144.9,,78.9,,136.6,130.3,69.5,63.9,307.8,194.3,,94.8,117.9,122.9,165.9,99.4
20150108,11,AQI,115,116,171,132,105,133,118,174,115,141,137,114,170,157,132,162,123,90,75,105,81,76,115,93,72,44,70,150,204,211,127,131,120,139,148
20150108,12,PM2.5,84.2,101.7,103,106.9,80.5,96.2,111.6,120.3,137.3,144.9,97.5,120.1,120.1,269.2,163.6,148.2,75.8,149.4,67.8,124.2,110.5,62.5,131,128.4,104.7,45,78,,,170.2,99,100.6,102,114.9,99.3
20150108,12,PM10,165.8,113.9,116,117.2,105,116.5,137.8,131.6,151.7,179.8,118,138.6,130.8,330.2,199,,84.9,176.4,116.1,149.1,148.9,83,139.7,137.8,140.9,71.7,85,73.1,,,102.9,105.5,116.1,133.2,108
20150108,12,AQI,116,119,178,135,107,134,122,177,120,146,140,118,173,168,136,165,125,96,78,109,86,79,116,97,76,47,71,150,205,216,129,133,124,141,149
20150108,13,PM2.5,90,117.6,116.3,142.6,84.5,109,119.4,121.4,133.8,167.6,109.8,111.7,127.2,300.4,220.2,183.5,85.4,154.2,87.5,115.7,111,73.3,122.4,,95.3,65.4,98.1,,89.1,178.6,111.4,129.1,109.5,167.2,103.2
20150108,13,PM10,108.5,134.4,139.8,175.9,116.3,134.7,147.9,144.8,,183.3,128.7,124.5,138.5,345.7,269.6,,90.3,189.5,113.3,135.5,152.4,87.8,130.8,164,138.4,98.2,108.4,229.6,,,120.9,150.4,136.2,202.2,111.4
20150108,13,AQI,118,122,124,139,109,137,126,180,125,152,143,121,177,180,143,172,128,102,81,113,90,83,118,99,80,51,71,151,204,216,132,136,126,146,151
20150108,14,PM2.5,128.5,191.1,160.1,186.3,109.8,124.4,140.1,148.9,113.2,162.3,126.7,112.5,152.5,251.7,312.4,158.9,97.9,154.8,92.5,114.4,109.1,78.3,104.8,,51.8,71.5,99.9,,222.2,164.4,180.2,195.2,145.5,192.7,130
20150108,14,PM10,139.4,237.9,175.4,222.6,157.8,160.9,158.3,186.4,,165.6,149.9,126.3,177.2,272.5,362.1,180.4,109.3,180.9,119.3,128,153.7,93.5,113,214.9,118,99.6,,233.8,240.9,,197.1,219.5,184.3,220.6,154.5
20150108,14,AQI,121,129,133,146,113,140,130,186,126,159,146,124,182,190,155,176,131,109,83,117,95,87,121,102,82,54,73,156,210,222,138,143,131,154,155
20150108,15,PM2.5,150.1,184.2,146,158.7,157.4,201.6,127.1,133.6,117,153,144.7,111.3,179.1,216.2,281.7,211.8,108.1,162.4,,117.7,106.3,75,83.8,77.4,44.6,73.4,99.5,,265.5,211.2,183.6,185.5,143.3,183.7,193.1
20150108,15,PM10,166.6,216.3,157.7,197.1,205.7,265,151.3,155.4,,166.8,175.7,130.3,210.6,224,292.7,260.5,120.6,204.6,,142.3,135.1,96.3,100.4,189,125.5,104.2,123.2,228.5,291.1,,192.1,205.4,181.2,204.9,211.5
20150108,15,AQI,126,135,135,150,118,146,134,191,127,165,151,127,189,198,167,184,134,116,,121,99,90,123,105,83,57,77,160,218,228,144,149,136,160,162
20150108,16,PM2.5,140.1,174.5,138.3,181,,161.9,125.1,134.8,106,172,168.5,135.1,176.3,212.8,258.5,277.8,131.8,159.4,,113.7,107.2,87,66,166,33.6,74.9,120.1,,240.3,228.1,175,180.5,127.9,192.1,179.7
20150108,16,PM10,169.1,200.9,153.8,221.3,,203.2,154,154.3,112.4,201.1,205.6,166.9,204.9,223,279.3,326.5,159.3,204.9,,142.7,152.4,107.3,95.6,193.6,113.6,104.5,145,220.8,248,,192.6,192.3,162.3,220.4,
20150108,16,AQI,130,140,137,156,,152,138,196,131,171,157,131,195,205,177,196,139,123,,125,104,93,125,113,83,61,85,166,226,235,149,155,139,167,168
20150108,17,PM2.5,168.3,190.7,161.9,207.5,138.9,175.3,139.3,127.6,120.9,192.1,188.5,164.3,180.1,201.5,246.2,267.9,193.8,151.3,,130.3,116.3,,32.1,178,34.8,69.9,117.2,,240,220.3,207.2,201.4,149.1,204.3,149.6
20150108,17,PM10,202.9,206.2,177.1,259.8,207,216.7,192,159.2,132,217.9,225.8,216.9,234,216.6,273.3,301.2,244.7,178.1,,164.8,156.3,,72.6,198.9,95.8,100.2,147.4,214.9,253.1,,238.1,208.1,191.8,225.5,169.2
20150108,17,AQI,135,147,143,164,126,157,142,200,134,178,163,137,201,210,189,206,146,128,,129,108,96,124,122,84,63,100,172,234,241,157,162,143,175,172
20150108,18,PM2.5,182.9,190.8,172.5,205.7,161,181.6,168.6,129.8,131.9,194.9,207.6,182.6,215.9,233.6,256.1,259.1,226.9,163.8,,125.7,125.7,,39.1,,34.6,70,120,,253.2,242.6,207.7,200.3,169.7,208.1,165.8
20150108,18,PM10,214.1,199.2,192.3,253.2,235.3,220.5,228.4,165.2,,220.8,248.6,241.5,275.1,268.8,282.2,286.4,267.9,208.4,,158.4,180.1,,90.5,175.9,91,102.6,178.6,229,264.5,,235.3,221.5,217.9,242.6,176.5
20150108,18,AQI,140,153,148,172,130,163,147,204,138,184,171,142,206,217,200,213,155,135,,132,112,99,124,125,84,66,101,177,242,248,164,169,148,182,176
20150108,19,PM2.5,193.5,185.3,180.9,202.1,162.7,185.7,181.6,157.9,115.5,214.6,224,202.2,253.7,297.5,274.3,298.1,174.3,173.3,,173.3,155.6,84.3,59.3,90.2,32.5,73.6,131.8,142.5,268.6,304.3,214.5,200.9,178,209.7,169.9
20150108,19,PM10,228.8,196.6,194.7,248.4,226.8,227.6,236.8,200.4,115.9,251.3,271.2,259.1,301.6,334,317.1,345.4,178.2,218.9,,220.6,196.7,235.4,96.8,162.2,90.9,95.4,169.8,249.4,285.3,,235.3,220.2,217.9,246.1,181.9
20150108,19,AQI,147,160,155,180,135,170,152,207,141,192,178,147,212,227,209,220,161,141,,135,116,102,125,127,84,68,113,183,246,255,172,177,154,190,179
20150108,20,PM2.5,188.6,206.1,191.6,220.3,165.9,189.3,190.9,232.1,97.7,239.7,235,210.4,268.4,332.3,311.9,499.4,178.6,178,,185,160.1,200.4,40.6,146.8,31.3,71.9,140.3,333.2,281.6,348.5,207.1,208.7,180.7,233.9,245
20150108,20,PM10,224.6,225.5,197.7,258.5,220.1,240.2,243,286.8,104.3,277,269.2,253.8,322.3,365.9,362.5,556.3,,227.1,,213.4,177.9,237.6,86.3,148.4,90.2,107.1,173,365.2,303.1,,235.2,242.9,219.6,266.4,321.5
20150108,20,AQI,154,168,162,189,141,177,158,213,142,200,185,152,217,237,219,237,166,147,,137,119,108,124,133,83,70,113,205,244,262,180,185,160,199,187
20150108,21,PM2.5,199.4,212.4,182.6,226.3,250.8,327.2,190.4,235,116.9,248.4,206.4,201.3,265.4,339.6,323.8,467.6,176,289.2,,183.2,154.2,146.4,49.5,157.8,41.1,73.3,155.7,415.3,300.1,334.4,222.3,242,186.3,237.1,403.9
20150108,21,PM10,234.2,229.8,198.9,262.7,347.5,424.2,258.4,264.5,129.2,289.9,245.1,250.7,311.4,362.7,373.9,512.5,181.7,337.9,,207,173,177.1,88.2,,101.9,94.2,185.3,416.3,308.5,,238,286.1,233.6,266.8,473.5
20150108,21,AQI,162,177,169,196,150,191,163,218,144,205,192,158,220,246,229,254,170,160,,139,123,110,124,137,83,72,111,225,252,268,188,193,167,204,203
20150108,22,PM2.5,292.4,216.6,189.1,240.4,274.7,383.7,214.4,255.6,111.5,257.7,204.4,212.5,257.2,325.9,342.5,491.6,185.5,276.5,,175.4,153.2,145.5,54.7,142,46.3,78.1,166.9,458,325.9,326.7,247,286,229.2,248,408.8
20150108,22,PM10,349.6,236.2,205.6,271.9,353.6,473,291.9,282.2,116,279,253.7,267.1,301,337.4,368.8,520.5,,339.2,,,163.3,155.7,84.4,147.5,99,101.2,191.1,,,,272.3,365.8,306.7,286.2,434.2
20150108,22,AQI,174,184,175,203,162,206,171,221,145,209,198,164,224,256,239,272,175,173,,142,128,114,123,140,82,74,105,248,256,274,197,202,175,209,216
20150108,23,PM2.5,335.3,241.3,245.7,241.6,222.4,379.4,209.2,229.3,105.3,263.6,198.8,213.6,289.9,286.8,342.4,378,153.9,204.6,,157.5,142.4,142.8,34,132.9,33.5,63.7,160.3,481.3,323,319,261.8,297.5,276.4,261.4,399.1
20150108,23,PM10,380.3,261.9,276.2,265.8,287.3,442.3,266.1,248.7,112.2,305.7,263.7,256.6,346.4,302.4,365,381.1,,229,,,148.1,151.8,63.2,142.6,90.6,79,186.4,,326.4,,296.4,368.4,358.8,313.2,421.9
20150108,23,AQI,189,193,183,208,171,217,178,224,147,214,199,170,231,264,250,284,176,181,,144,132,116,120,143,81,75,112,271,258,279,205,211,185,215,227
