date,hour,type,dongsi,tiantan,guanyuan,wanshouxigong,aotizhongxing,nongzhanguan,wanliu,beibuxingqu,zhiwuyuan,fentaihuayuan,yungang,gucheng,fangshan,daxing,yizhuang,tongzhou,shunyi,changping,mengtougou,pinggu,huairou,miyun,yanqing,dingling,badaling,miyunshuiku,donggaocun,yongledian,yufa,liulihe,qianmeng,yongdingmengxi,xizhimengbei,nansanhuan,dongsihuan
20150530,0,PM2.5,47.1,48.9,51.2,50.4,52.4,93.8,46.4,82.3,28.1,64.3,54.5,57.6,58.6,62.8,98.7,85.1,65.9,69.4,42.4,60.2,62,65.9,3,38.2,3,66.3,45.4,83.9,56.3,69.5,,59.5,53,61,101.1
20150530,0,PM10,49.1,65.7,97.2,67.3,120.2,128.9,63.1,90.7,71.7,95.8,66.2,123.1,76.1,80.7,148.1,119.2,,81.7,57.6,81.3,68.5,88.3,21.8,62.5,11.6,,,,,96.2,,86.9,85,100.3,180.9
20150530,0,AQI,91,82,89,85,91,94,89,86,82,95,70,91,77,78,93,88,100,74,59,89,95,94,35,62,45,90,106,103,75,81,,90,93,86,88
20150530,1,PM2.5,80.1,57.2,49.5,50.5,87.8,99.6,58.1,87.8,82.6,71.6,56.5,62.2,81.1,68.6,128.2,98.8,70.6,43.3,49.4,71.9,63.3,76.7,4.1,36.9,5.8,59.8,48.6,83.8,71.4,85.5,,60.4,69,65.8,100.6
20150530,1,PM10,120.3,63.2,86.4,66.4,176.4,123.8,65.8,119.4,102.6,121.2,58.6,107.4,90,81.4,137.7,114.3,,57.1,90.5,,,,40.3,54.8,,,,,,88,,115.2,135.2,90.5,154.8
20150530,1,AQI,91,82,87,83,92,96,86,85,80,93,67,89,75,78,97,90,101,71,58,91,95,94,33,58,44,89,105,105,75,79,,90,92,85,90
20150530,2,PM2.5,96.9,59.3,82.2,54.7,89.9,99.6,69.5,90,106,74.4,57.6,66,65.2,92.1,127.4,106.4,70.1,40.5,67.7,64.3,61.7,75.8,9.7,29.9,3,63.5,53,81.4,69.8,85.7,,91.9,88.7,68.2,96
20150530,2,PM10,111.8,74.7,155.2,72.7,112.7,104.7,120.1,102.8,,149,62.7,123.5,107.6,109.5,,107.1,,,,66,,85.6,37.8,58.2,10.8,,,,,101.3,,123.4,159.6,117.2,120.1
20150530,2,AQI,93,82,85,84,91,98,84,84,79,90,64,86,72,79,101,93,102,67,56,91,96,94,42,54,39,88,104,106,75,77,,92,90,85,90
20150530,3,PM2.5,96.1,72.1,90.9,82.4,86.4,93.1,80.9,75.5,112.6,97.4,71.4,74.9,67.8,92.7,122,102.6,68.1,22.6,36.1,64.4,56.9,76.3,14.9,19.2,3,56.8,60.6,83.2,79,99.1,,101.8,87.9,90.1,85.5
20150530,3,PM10,,92.6,137.3,108.5,110.9,,104.1,,,152.8,87.1,95.7,127.8,110.7,,110.7,,,,,,,29.3,22.5,6.3,,,,,123.3,,142.6,144.8,169.9,124.8
20150530,3,AQI,94,83,84,84,91,99,83,81,79,88,62,85,69,80,103,94,103,62,54,93,95,94,40,53,37,87,104,106,76,76,,94,89,86,90
20150530,4,PM2.5,97.6,79.3,89.8,83.1,81.3,87.9,75.1,71.8,99.4,100.2,73.4,77.6,70.7,90.2,114.3,92.5,67.9,14.2,24,65.7,56.5,68.7,5.4,9.1,3.4,35,69.8,87.1,90.1,86.8,,103.9,82,94.7,80.6
20150530,4,PM10,,88.4,120.7,91.8,84.1,,,,,137.8,,,126,103.4,,138.3,,15,,,,,28.1,,5,,,,,,,124.2,124.5,113.9,119.4
20150530,4,AQI,94,85,84,84,89,100,82,79,77,87,60,85,66,81,105,95,103,58,53,94,95,94,37,53,36,85,103,106,77,74,,96,88,84,88
20150530,5,PM2.5,93.4,87,85.5,80.3,80.3,82,72.2,67.1,82.6,103.4,48.8,42,68.6,98.2,110,103.3,70.8,9.3,20.7,69.2,48.9,70.8,16.8,5.5,3,26.1,65.4,90.5,95.5,83.1,,96.2,85.6,95.1,75.9
20150530,5,PM10,,,109.2,89.5,80.3,88.5,106.2,,,187.5,,,120.5,105.4,111.5,161.6,,19.7,27.5,,,,37.6,25.7,7,9,,,,,,113.3,117.7,111.1,108.2
20150530,5,AQI,93,86,84,84,87,101,79,76,78,85,59,85,65,83,106,97,102,55,52,94,93,94,30,52,34,83,102,107,79,73,,97,87,83,85
20150530,6,PM2.5,87.8,82.1,77.3,81.9,59.3,80.3,79.2,55.6,56.9,101.8,34,33.1,54.6,103.6,100.4,94.8,76.6,6.4,15.6,52.1,35,57.8,9.6,3.8,3,16.4,68.6,94.5,95,75,,89.1,78.5,93.9,82.8
20150530,6,PM10,,86.5,110.4,89.2,,,,76.5,,157.1,,,84.8,151.1,148.4,149.8,,23.8,19.2,,,,43.2,18,15.1,5,,126.3,,179.5,,102.1,145.5,119.8,150.9
20150530,6,AQI,93,87,84,83,87,101,79,74,76,85,59,85,66,83,107,97,102,55,51,95,91,93,30,51,33,79,101,107,80,74,,97,86,84,85
20150530,7,PM2.5,52.5,50.6,65.3,75.3,52.3,70.7,46.5,63,60,111.6,28.3,23.2,66.6,120.1,91.3,94.1,61.1,15.4,13.2,54.6,31.8,39.2,9.6,4.8,12.5,12,60.6,111.9,92.3,80.2,,68.2,54.8,93.6,71
20150530,7,PM10,53.1,,,79,68.9,74,,67.9,64.2,175.6,80.3,,89.6,197.1,,135.6,,50.2,34.9,,,,51.2,31.1,27.2,7.6,,133.7,240.5,300.8,,,75,151.4,114.9
20150530,7,AQI,91,85,83,84,84,101,79,73,76,87,59,85,68,86,107,98,100,54,51,97,88,91,31,51,33,76,99,109,81,77,,97,83,88,85
20150530,8,PM2.5,49.6,38.6,49.3,43,49.4,57.7,39.3,57.9,81.4,67.4,35.9,63.8,38.1,113.6,71.4,80.9,44.1,3,8.3,42.8,21.7,10.3,10,6,3,16,81.2,119.3,129.4,78.7,,40.3,45.1,50.6,54.2
20150530,8,PM10,,54.3,73,60.4,,61.3,94,64.3,88.9,,108.5,231.4,85,,,61.3,,40.9,16.1,,,21.9,31.5,40.2,14.7,14.6,,152.4,,,,61,75.6,,
20150530,8,AQI,88,82,79,83,84,99,78,73,77,88,59,89,68,90,106,98,97,53,50,98,84,87,30,50,31,72,99,110,83,79,,95,79,89,83
20150530,9,PM2.5,28.3,36.3,30.1,29.4,35.4,42.5,11.2,52.5,54.7,27.2,42.9,49,71.9,50.4,66,53,37.8,13.3,16.6,38.4,18.1,3,6,3,5.6,10.1,90.4,127.3,130.1,80,,31,26.3,37.6,40.5
20150530,9,PM10,42.8,41.2,,,,,,78.4,,35,110.9,87.4,148.1,,,,,70.3,64.7,50.8,,5,40.6,37.2,24.7,10.4,,,,120.5,,,37.2,,
20150530,9,AQI,84,79,76,80,83,95,77,72,77,84,60,90,69,87,105,96,94,53,51,96,80,82,30,49,31,69,99,112,85,80,,91,76,91,82
20150530,10,PM2.5,36.6,41.6,23,27.1,25.8,44.4,41.9,49.9,44.3,10.9,29.6,31.7,36.1,44.1,53.8,47.4,37.6,16.5,21.9,31.2,23.2,7.2,15.4,16.2,9.8,6.9,32,116.2,109.5,87,,39.8,23.1,46.2,46.9
20150530,10,PM10,88.8,80.8,61.8,72.9,68.5,92.2,,71.2,,41.8,46.4,,126.5,61.2,78.8,77.4,56.3,73.3,,134.4,32.1,16.3,35.9,68.8,23.3,7.4,,,,,,132.6,61.9,133.9,120.6
20150530,10,AQI,82,76,73,76,82,92,77,71,76,80,59,92,68,85,103,93,89,53,51,96,77,78,29,50,30,65,96,113,88,81,,87,74,90,82
20150530,11,PM2.5,47.3,38.2,48,42.6,48.6,53.3,29.8,22.8,27.9,36.4,41.9,30.3,35,62.3,72.8,62.8,47.9,19.9,17.8,25.8,3,6.5,7.5,17.3,6.9,12.9,33.5,106.6,117.1,87.4,,49.1,47.5,52.7,44.5
20150530,11,PM10,72.7,83.3,112.2,88.7,162.1,94.3,184.3,24.1,31.5,122.7,67.7,107.5,68,142.8,126,121,79.5,46,33.3,,76.3,80.8,9.4,47.6,16.2,,,,,,,116.1,117.4,139.1,148.7
20150530,11,AQI,80,73,73,72,83,90,80,70,74,76,58,90,67,84,100,91,85,54,50,97,74,73,27,50,28,61,93,112,91,82,,84,74,86,85
20150530,12,PM2.5,56.5,60.8,50.1,52.5,50.2,57.3,43.3,32.2,44.8,41.4,48.9,47,56.2,73.7,88.1,73,43.7,24.9,25,20.1,11.8,37.9,3.4,10.4,9.4,10,62.2,101.8,109.6,91.4,,61.3,46.5,68,55.3
20150530,12,PM10,65.4,107.9,82.2,82.4,84,83.4,85.3,56.2,74.7,96.9,85.2,146.1,88.4,114.9,109.1,102.5,,53.2,,73.3,119.6,58.8,5,56.3,23.2,28.4,,,,94.7,,86.1,100.2,127.6,66.4
20150530,12,AQI,78,70,73,69,82,88,79,70,74,75,58,90,68,85,99,91,82,54,51,96,75,71,27,51,33,58,91,112,106,85,,81,74,84,84
20150530,13,PM2.5,71.3,55.2,60.3,60.9,58,72.9,52.3,49.1,50.2,43.6,48.3,54.1,47,70.3,78.6,73.9,23.3,22.8,33.3,35.2,30.1,31.5,6.7,20.2,13,15.2,85.2,96.2,108.3,54.2,,71.8,48.7,75.5,59.6
20150530,13,PM10,,69.9,63.7,78.5,59.5,79.5,,66.5,,74.1,102.3,65.2,57.8,,,79.5,76.9,52.8,36,167.5,90.5,69.4,17,49.3,46.2,31.3,98,,,,,,91.3,,94.9
20150530,13,AQI,79,102,88,86,91,88,96,71,75,96,89,89,69,105,99,93,78,54,50,70,74,70,34,52,41,56,89,112,108,88,,81,75,83,82
20150530,14,PM2.5,69,62.5,60.7,61,65.7,64.3,55.8,38.5,66,47.5,38.7,50.2,40,67.4,76.2,69.3,21.4,29.7,38.5,54.8,23.1,15.1,8.6,30.3,20.2,20.5,94.6,112.9,81.1,53.3,,70.4,57.9,73,53.6
20150530,14,PM10,75.2,68.7,79.1,72,95.5,91.5,91,77,83.9,77.3,,84.7,47.6,,,91.5,61.3,58.4,39,144.9,70.6,111.5,35.6,64.2,71.5,51.8,109.3,,85.9,,,75.1,98.2,,86.1
20150530,14,AQI,94,116,108,105,109,107,115,72,102,109,66,107,69,107,102,105,76,55,85,82,73,69,41,53,59,60,89,115,105,89,,80,75,83,81
20150530,15,PM2.5,67.2,58.8,58.8,49.6,74.9,69.3,49.8,48.7,56,40.3,37.4,46.8,52.9,67,54.2,63.5,47,51,35.4,70,40,62.7,16.7,36.2,33.8,38.5,100.8,139.2,93,63.2,,60.3,49.5,63.5,61.7
20150530,15,PM10,,,,54.5,,,,72.7,,70,46,,67.6,84.1,93.7,88.9,67.5,85.2,,,92.2,123.9,56.5,81.6,86.6,68.6,,142,103.7,169.7,,,77.3,,
20150530,15,AQI,110,121,112,105,124,115,117,73,90,110,77,87,71,111,107,111,76,95,62,110,87,110,56,93,105,100,96,120,117,104,,80,76,83,106
20150530,16,PM2.5,71.7,56,59.6,50.9,66.6,71.9,39.2,43.3,49,37.3,48.1,48,64.3,56.4,89.4,72.6,70.5,45.6,28,63.1,43,48,33.4,50,59.9,48.1,87.4,113.4,78.5,79.3,,63.5,59.3,68.5,65.6
20150530,16,PM10,91.9,86.5,94.1,82.7,234.8,127.3,73.2,53,58,102.4,93.7,198,105.8,117.8,129.1,124.7,100.5,73,67,129.6,135.2,65.3,89.3,93,108.5,65,,,160.6,228.4,,108,107.5,117,164.8
20150530,16,AQI,113,126,117,108,125,123,109,75,84,106,106,107,79,116,122,120,115,87,64,114,107,108,104,115,127,118,107,123,105,95,,81,76,85,106
20150530,17,PM2.5,61.2,61,57.3,55.7,62.7,76.7,57.5,44,75.9,70.8,68.4,66.4,74.4,68.6,3,72.7,89.4,39.8,53,72.5,74.8,61.3,37.2,36,41,47.3,113.4,90.1,70.3,99.1,,67.1,61.3,73.5,77.7
20150530,17,PM10,98.5,104.8,138.2,112.9,158.5,111.8,218.1,112.3,109,157.4,138.6,283.5,116.5,132.7,,122.3,155.8,67.3,81.2,256,160.5,111,87.5,84.1,61.9,50.8,165.5,105,,111.9,,155.7,127.5,172.3,135
20150530,17,AQI,111,124,114,106,123,125,119,77,113,111,107,121,75,98,101,112,130,68,105,129,129,118,110,88,110,114,124,125,108,98,,85,77,87,115
20150530,18,PM2.5,57.4,50,66.2,62.9,65.9,70.9,75.6,68,127.6,84.1,82.3,83.2,86.3,59.7,3,65.3,117.7,52.8,77.1,88.4,107,99.8,35.7,45.8,42.6,73,88.9,59.6,67.7,76.2,,61.9,65,72.1,59.7
20150530,18,PM10,91.6,93.8,134.8,107.3,185.3,113.5,176.1,146.2,138.3,138.1,89.2,196.1,104.4,99.3,,106.4,150.5,114.2,104.7,140.4,295.3,222.9,99.9,111.4,107.3,97.6,,,120.3,76.8,,135.8,144.2,140,148.8
20150530,18,AQI,83,102,92,76,104,101,105,78,97,83,91,102,78,95,100,97,126,99,66,113,144,135,108,106,112,134,101,125,109,100,,85,78,89,102
20150530,19,PM2.5,73.2,79.3,80,73.5,80,66.7,74.6,93.5,114,77.6,62.6,75.9,75.1,83.1,34.8,61.6,73,77.4,61.6,51.6,99.2,118.4,53.3,69.4,61.4,116.2,60.9,41.4,56.8,71.9,,73.3,78.1,86.1,53
20150530,19,PM10,83.1,91.6,116.2,114.3,142.2,88,,127.4,,122.6,68.9,,90.7,138.7,73.9,100.2,93.1,127.7,71.8,52.3,154.4,138.6,131.1,126.8,137.6,132.8,,,70.4,,,94.7,142.6,115.2,59.7
20150530,19,AQI,85,103,89,75,100,91,92,82,91,85,74,94,80,98,99,99,105,60,56,78,109,120,114,81,110,135,92,123,110,101,,87,79,91,86
20150530,20,PM2.5,77.4,71.2,67.3,79.1,74.6,68,63.1,61.9,77.7,74.2,49.7,58.6,64.8,76.1,35.3,59.8,60.6,71.6,45.1,34.8,59.3,62.4,66.9,80.7,87.5,70.4,55.9,28.9,41.6,61.7,,79.5,73.4,90.8,56.5
20150530,20,PM10,110.8,127.9,139,136.8,164.3,125.3,107.4,74.3,,128.3,54.4,71.9,96.9,87.7,62,91.7,75.6,106.9,67.2,,80.3,74.5,137.4,122.2,149.4,,,,,70.3,,132.5,139.7,148.6,156.5
20150530,20,AQI,87,78,81,78,85,93,80,82,92,86,69,93,81,100,99,100,82,60,53,80,81,95,101,65,69,106,92,121,110,102,,89,80,94,88
20150530,21,PM2.5,42,36.4,67.3,52.6,56.7,42.2,67.1,52.9,73.7,80.1,53.4,62,71.6,39.9,32.9,38.3,48.7,51.2,43.7,35,49.3,45.9,88.1,50,69.1,42.7,44.7,29,36.9,59.7,,44.5,65.3,48.8,34.7
20150530,21,PM10,43.3,57.1,135.6,77.4,105.2,50,139.5,94.4,74.4,146,74,127.3,109.7,41.5,41,44.2,,92.3,93.3,119.6,,,140,95.5,97.3,,,61,40.1,68.9,,,136.7,64.3,44.7
20150530,21,AQI,88,78,83,78,86,94,83,82,93,88,69,93,83,99,98,99,81,60,54,81,82,73,80,58,51,67,91,118,109,102,,90,81,94,89
20150530,22,PM2.5,38.4,37.9,39.1,39.8,34.2,37,51.3,57,72.5,45.8,57.9,71.8,82.4,41.8,34.8,37.9,34.5,59.2,45.9,25,34,29.6,66.4,57.4,51,31.3,43.4,37.9,44.4,70.5,,35,40.7,45.2,31.4
20150530,22,PM10,61.9,74.2,85.6,77.3,54.2,72.7,56.4,90,86.5,80.6,92.8,226.9,126.8,88.9,84.5,82,41.4,102.8,71.9,,,49.1,90.7,102.6,78.3,42.7,,79.4,66.4,81.9,,83.4,94.5,99.8,105.2
20150530,22,AQI,87,78,83,79,85,93,81,82,94,88,70,97,84,99,97,99,80,60,55,83,82,71,53,58,51,58,90,117,109,103,,89,81,94,88
20150530,23,PM2.5,41.2,37.9,49.3,43.6,41.5,39.5,43.6,69.1,75.2,55.6,70,63.2,79.6,49.5,38.8,42.6,34.8,60,58,21.7,26,29.2,53.6,58.4,49.5,33.8,43.5,40.2,50.6,75.1,,42.9,46.9,52.6,33.3
20150530,23,PM10,66.5,80,103.7,81.5,102.8,69.9,81.7,100.6,106.3,105.2,88.8,99.1,103.8,100,92.2,87.4,46.6,106.4,108,38.3,48.8,62.5,73.1,103.7,91.9,37.7,51.8,71.5,67.9,,,103.6,105.4,104.6,79.6
20150530,23,AQI,87,77,83,79,85,92,81,81,96,88,71,95,85,98,97,98,79,60,56,81,80,69,54,59,55,55,89,115,110,103,,88,81,94,86
20150530,0,SO2,10.5,2,6.3,4.6,5.5,5.2,10.9,16.6,2,13.1,3.4,7.3,4.6,8.8,3.7,5.9,3.9,2.9,2,2.6,4.2,4.1,2,2.4,2,3.5,4.7,6.6,2,5.7,,9,3.7,8.5,8.7
20150530,0,NO2,32.1,43,41.3,48.8,68.4,87.9,61.2,42.2,31.7,67.4,31,52.3,28.1,57.4,101.3,82.2,43.6,27.3,57.9,35.6,27.8,50.1,19.5,20.8,7.7,15.4,13.9,45.1,30.7,77.2,,94.9,48.4,98.6,128.6
20150530,0,O3,89.7,49.2,72.1,65.1,67.5,27.7,58.9,41.1,64.1,68.2,78.1,62.8,55,71.2,15.7,38.2,31.6,75.3,32.2,52.3,50.4,66.1,70.3,88.5,94.4,123.8,76.7,,19.5,4.9,,30.7,62.3,27.2,2
20150530,0,CO,0.6,0.7,0.7,0.8,0.7,1.4,0.6,0.6,0.4,0.6,0.6,0.7,0.6,0.7,1.5,1.2,0.7,0.6,0.7,0.7,0.7,0.7,0.2,0.5,0.1,0.7,0.6,0.7,0.7,0.5,,0.9,0.6,0.9,1.5
20150530,1,SO2,8.1,2,8,3.9,3.8,5.1,5.5,11.3,2.7,11.5,4.2,7.3,4.9,8.1,4.1,5.8,2.4,2,2,2,4,3.4,2,2.4,2,2.9,4.3,4.6,2,5.4,,13.4,5.3,7.7,9.6
20150530,1,NO2,87.7,49.5,59.3,50.9,96.3,111,85.1,44.7,56.5,131.3,27.8,49.4,70.8,72,108.4,97.1,38.3,36.9,54.1,36.8,17.2,57.2,51.1,26.9,4.5,15.7,14.2,70.8,31.1,77.4,,112.4,84.7,108,125.7
20150530,1,O3,25.4,28.6,42.2,51.2,20.3,2,17.7,14.9,42.4,10.8,73.2,49.2,10.4,44.5,2,44.5,32.9,67.9,32.1,39.4,60.2,43.8,29.6,79.8,93.7,106.7,73.1,,4.4,2,,2,19.6,14.1,2
20150530,1,CO,1.3,0.7,0.8,0.8,1.2,1.5,0.7,0.6,0.6,0.8,0.6,0.7,0.8,0.9,1.5,1.3,0.7,0.5,0.7,0.8,0.7,0.7,0.3,0.5,0.1,0.7,0.6,0.8,0.9,0.5,,1.2,1,1,1.4
20150530,2,SO2,6.2,2,5.3,5.5,4.9,4,4.9,15,3.9,11.2,3.3,7.4,4.9,5.9,2.5,4.1,2,2,2,2.5,4.4,2.5,2,2,2,2.4,3.1,2.3,2.8,5,,8.8,8.5,8.3,10.4
20150530,2,NO2,103.2,70,92.1,72.2,101.4,98.7,88.6,51.9,45.1,140.5,76.5,63.1,85.3,107.6,105.6,103.9,35.6,33,45.6,41.1,12.1,68.5,83.7,21.4,14.5,15.3,12.7,69.9,26.5,68.4,,89.1,86.2,130.3,104.5
20150530,2,O3,2,6.8,5.4,25.3,11.2,2,5,2.6,48.5,2,17.7,16.5,2,8.8,2,8.8,28.2,60.1,27.9,28,75.4,25.4,2,72.2,73.9,94.6,62.2,,2,3.5,,2,8.1,2,2
20150530,2,CO,1.5,0.9,1.1,0.9,1.3,1.4,0.8,0.6,0.7,0.8,0.6,0.7,0.8,1.2,1.3,1.3,0.6,0.5,0.7,0.7,0.5,0.7,0.2,0.4,0.1,0.6,0.5,0.9,0.8,0.5,,1.3,1.3,1.1,1.2
20150530,3,SO2,6.5,2,4.5,4.1,4.4,4.1,4.3,14.2,3.3,9,2.6,4.7,5.3,4.1,2.3,3.5,2,2,2,2,2.7,2,2,2,2,2.8,2.7,2,2,5.4,,8.2,5.8,7.8,11.7
20150530,3,NO2,98.1,73.2,84.5,96.3,88.6,89.3,83.7,45.1,36.9,117,84.8,64.7,88.7,104.9,101.7,98.6,33.9,28.4,21.9,25.9,12.6,61.7,78.6,14.5,14.3,15.7,14.3,62.5,23.3,72.2,,100.5,97.9,121.2,95.6
20150530,3,O3,2,5.1,3.4,2,7.7,2.3,4,3,52.1,5.5,10.8,18,2,3.8,2,3,19.4,52.4,2,35.1,73.5,23.1,2,56,65.7,83.5,54.8,,2,2,,2,2.1,2,2
20150530,3,CO,1.4,1.2,1.2,1.3,1,1.2,0.9,0.6,0.7,1,0.7,0.8,0.9,1.5,1.2,1.3,0.7,0.4,0.1,0.7,0.5,0.6,0.2,0.3,0.1,0.6,0.3,1,1,0.6,,1.5,0.9,1.3,1.1
20150530,4,SO2,7.3,2,3.9,3.5,2.6,3.8,3.4,14.4,2.4,8.4,2,4.4,5,2.9,2.7,3.1,2,2,2,2,2,2,2,2,2,2.6,2.2,2,2,6.3,,6.2,6.6,6.6,13.9
20150530,4,NO2,76.3,67.9,65,92.1,84.2,85.4,85.9,47.1,33.9,113.7,65.1,74.7,86.6,94.7,94.7,74.3,45.8,19.7,19.9,21.4,24.3,55.5,72.2,11.3,7.2,13.8,13.3,71.4,21.6,73.3,,97,74.4,102.2,80.7
20150530,4,O3,11.2,4.2,15.6,2,2,2,,2,40.2,2,19.8,23.7,2,2,2,2,4.8,51.6,47.5,41.3,39.5,29.1,2,45.9,71.8,74.8,50,,2,2,,2,10.9,2,2
20150530,4,CO,1.2,1.3,1,1.2,0.9,1.1,0.9,0.7,0.7,1,0.7,0.7,0.8,1.5,1.1,1.2,0.7,0.3,0.3,0.7,0.6,0.7,0.2,0.2,0.1,0.4,0.3,1,1.1,0.6,,1.3,0.8,1.3,1.2
20150530,5,SO2,7.4,2,3.3,3.9,2.6,3.1,2.9,14.3,2,7.3,2.1,5.6,4.6,2,2.8,3,2,2,2,2,2,2,5.7,2,2,2.7,2,2,2,7.3,,6.3,6.1,5.7,12.4
20150530,5,NO2,72.8,54.8,56.7,63.4,71.9,83.6,74.3,36.1,33.3,114.4,49.9,21.9,79,91.9,88.1,75,72.3,19.6,,19.1,12,46.3,52.6,10,23.9,12.5,12.4,71.1,29.8,67.4,,90.3,68.5,93.2,70.9
20150530,5,O3,8.2,2.7,18.3,10.4,11.7,2,2,2,32.4,2,31.3,57.7,2,2,2,2,2,46.2,50.5,49.7,53.4,33.5,9,45.3,58.7,69.8,46.7,,2,2,,2,8.1,2,2
20150530,5,CO,1,1.2,1,1.1,0.9,1,1,0.7,0.6,1,0.6,0.5,0.7,1.5,1.3,1.3,0.8,0.4,0.3,0.6,0.5,0.6,0.2,0.1,0.1,0.4,0.3,1,1.3,0.6,,1.3,0.7,1.1,1.1
20150530,6,SO2,8.4,2,4.7,5.1,3.7,4.6,2.9,15.6,2,7.5,3,4,4.1,2.1,4.7,3.8,2,2,2,2,2.5,2,10,2,2,2.6,2,2,2,5.8,,5.6,5,8.9,12.9
20150530,6,NO2,68.9,59.4,67.9,58.2,92.4,81.9,78.2,27.5,25.5,102.6,41.6,32.9,69.9,86.4,89.4,85.9,58.1,24.1,12.6,17.3,17.2,52.8,54.7,12.3,26.3,10.3,15,79.7,25.9,60.1,,81,85,99.9,77.1
20150530,6,O3,14.6,3.4,11.6,17.9,6.3,3.2,2,2,38,2,38.7,53.1,3.8,2,2,3.2,20.3,42.2,59.2,60,42.4,25,6.8,40.9,47.3,66.7,58.9,,2,2,,2,4.5,2,2
20150530,6,CO,0.9,1.1,0.9,1,0.7,0.9,1.1,0.8,0.4,1,0.5,0.6,0.7,1.6,1.3,1.3,0.7,0.2,0.4,0.5,0.5,0.6,0.3,0.1,0.1,0.3,0.4,1,1.5,0.6,,1,0.7,1.1,1.3
20150530,7,SO2,6.3,3.1,6.4,6.9,5,9,5.7,14.3,2.5,9.1,3.5,3.5,4.5,5.5,8.8,7.8,2,2,2,3.5,3,3.4,6.8,3,5.2,3,3.7,5.6,2.1,5.2,,10.6,9.1,14.2,7.8
20150530,7,NO2,59,75.6,76.9,69.2,72.1,67.8,78.5,39.4,28,115.4,44.6,24.9,62.2,98.3,84.8,83.6,36.5,27.8,12.8,21.8,24.2,27.2,47.8,18.7,43.5,9.4,15.1,84.4,36.1,59.3,,88.5,90.3,123,92.6
20150530,7,O3,34.4,15.3,14.4,18.2,36.1,30.7,2,3.3,31.9,2,32.2,59.9,10.1,2,6.9,18.8,43.4,32.4,57.7,55.6,35.1,52.9,8.4,29.6,22.9,64.5,50.5,,2,4.2,,2,10.7,2,11.9
20150530,7,CO,0.7,0.7,0.9,0.9,0.7,0.7,0.7,0.7,0.5,1.2,0.5,0.4,0.6,1.7,0.9,1.1,0.5,0.3,0.3,0.6,0.4,0.4,0.3,0.2,0.3,0.3,0.3,1,1.5,0.6,,0.7,0.6,1.3,0.8
20150530,8,SO2,4,3.5,3.9,5.4,3.7,6.4,5.6,16.6,3.2,12,4.3,4,4.6,10.5,7.3,8.1,3.3,2.5,2,3.1,2.3,2.8,4.6,2,3,3.1,5.6,13.8,3.8,5.7,,10,8.9,16.7,8.8
20150530,8,NO2,43.4,55.1,47.7,46.5,47.2,46.1,53.3,32.8,56.8,97.2,56,63.4,53.1,102.9,65.9,71.6,32.9,56.2,12.1,28,19.4,19.7,41.9,15.4,36.4,8.1,32.2,63.7,73.5,57.4,,72.1,70.5,118.7,86.3
20150530,8,O3,61.4,60.5,61.4,65,63.2,62.2,52,17.7,23.7,10.2,37.3,26.6,21.5,19.9,44.4,42.1,47.8,14.1,57.3,68.7,47.3,68.4,18.9,36.4,38.3,64.4,36.2,,25.4,44.3,,27,37.9,4.1,28.2
20150530,8,CO,0.6,0.6,0.6,0.6,0.5,0.6,0.6,0.6,0.7,0.8,0.5,0.6,0.6,1.3,0.7,0.9,0.5,0.4,0.3,0.6,0.3,0.3,0.3,0.2,0.2,0.3,0.4,0.9,1.5,0.5,,0.6,0.6,1.1,0.6
20150530,9,SO2,2.5,2.3,2,3.3,3,5.2,3.4,18.7,4.6,8.8,5,4.5,4.7,6,6.1,5.8,4.3,2,2,2.9,2,2.8,3.7,2,2.3,2,8.1,15,6.9,10.9,,5.7,3.6,11,9.8
20150530,9,NO2,38.9,55.8,38.2,33.8,37.4,43.2,33.9,42,32.2,56,72,56.1,70.2,57.3,49.6,50,30.3,46.3,27.1,32.8,18.2,13.6,34.6,22.2,30.1,5.6,26.4,50.2,49,54,,63,54.5,106.3,78.1
20150530,9,O3,62,63.8,63.2,79.3,72.4,74.9,73.6,14,77.5,62,45.3,54,33.7,70.5,77.7,74.4,56.1,30.8,60.2,88.2,53.7,79,31.5,39.4,46.2,77.4,71.2,,72.6,60.9,,38.6,45.7,16.2,52.1
20150530,9,CO,0.5,0.5,0.5,0.4,0.5,0.5,0.5,0.6,0.4,0.5,0.8,0.6,0.7,0.7,0.7,0.6,0.5,0.2,0.5,0.5,0.2,0.2,0.3,0.2,0.2,0.3,0.3,1.1,1.2,0.6,,0.5,0.5,0.8,0.5
20150530,10,SO2,4.4,4.5,2.5,5.4,3.5,6.4,3.2,19.2,3.1,5.9,4,2.9,5.9,5.4,6,6,4.1,2,2,5.3,3.6,2.6,2.7,2.5,2.1,2.7,5.9,19.9,10.4,12.2,,8.5,2,11.2,10.2
20150530,10,NO2,41.5,50,34.6,38.6,38.5,41.6,33.9,41.8,27.5,54.9,39.1,28.2,41.3,40.5,29,37,24.6,44.3,26,22.1,16.5,11.5,24.1,51.6,27.2,3.5,10.5,31.3,36.5,42.5,,64.9,51.9,111.4,85.4
20150530,10,O3,83.9,88,78.3,89.4,85.4,92.5,78.3,44.1,80.9,64.1,82,83.5,60.8,101.1,101.6,98.4,92.2,43.5,72.6,110.5,68.3,92.6,47.8,24.3,52.4,92.7,94.4,,116.3,87.8,,51.2,56.6,27.7,58.3
20150530,10,CO,0.6,0.6,0.5,0.6,0.4,0.6,0.5,0.5,0.4,0.5,0.5,0.4,0.5,0.6,0.7,0.6,0.4,0.3,0.5,0.5,0.3,0.2,0.3,0.3,0.2,0.3,0.2,1.4,1.2,0.5,,0.7,0.5,1,0.7
20150530,11,SO2,8.9,7.4,5.9,8.9,6.6,9.7,5.3,19.9,2.7,10.7,4.3,3.2,5.7,9.2,8.1,9,5.8,2,2,2.6,4.4,5.3,2,2.5,2,3.3,6.7,21.9,13.1,10.7,,12.6,8.7,15.4,11.5
20150530,11,NO2,33.6,32.6,37,33,42,33.5,42.3,12.6,20.8,44.7,33.7,27.4,35.5,32.8,27.7,31.3,22.6,13.8,19.4,12.8,13.6,15.3,12.7,31.5,11.9,2.2,9.7,27.4,43,51.8,,63.4,64,127.3,75.3
20150530,11,O3,108.9,124.5,113,115.7,119.7,114.3,111.2,76.3,94.1,109.9,102.4,98.6,88.5,140.1,127.4,127.3,107.2,88.5,81.7,124.4,94.6,111.1,69.4,65.6,87.1,111.1,106.8,,168.2,113.9,,74.6,81.9,39.1,79.2
20150530,11,CO,0.7,0.7,0.7,0.7,0.6,0.7,0.7,0.4,0.4,0.7,0.5,0.4,0.6,0.9,1,0.9,0.6,0.3,0.5,0.5,0.3,0.3,0.2,0.3,0.2,0.3,0.3,1.7,1.3,0.7,,0.9,0.7,1.2,0.8
20150530,12,SO2,10.7,10.5,8.3,11.5,8.6,12.2,8.1,22.4,4.6,12.6,7.2,6,5.6,11.6,13.2,12.3,9.3,3.1,2,4.1,3.8,5.6,2,3,2,3.8,12.2,22.8,16.6,10.5,,15,13.4,16.9,13.2
20150530,12,NO2,25.9,29,25.9,26.8,31.2,26.1,31.2,17.4,29,35.1,27.8,27.1,32.3,25.7,25.1,25.6,19,14.8,25.3,10.1,14.7,13.2,7.8,16.2,10.1,4.3,16.7,22.4,45.6,37.2,,52.3,50.4,129.1,66.8
20150530,12,O3,145.4,176,150,163.8,149.2,155.8,156,95.5,125.9,156.2,149.7,148.1,131.2,183.2,158.7,165.9,119.5,110.6,106.4,134.4,125.9,140.9,83.9,106,103.8,131.1,122,,210.2,157.8,,117.9,108.7,81.6,120.8
20150530,12,CO,0.9,1,0.8,0.9,0.7,0.9,0.7,0.5,0.4,0.8,0.7,0.6,0.7,1.1,1.4,1.1,0.6,0.3,0.6,0.6,0.4,0.4,0.2,0.3,0.2,0.4,0.6,1.7,1.3,0.7,,1,0.7,1.3,0.9
20150530,13,SO2,11.6,11.7,8.6,12.9,8.5,12.4,9.1,24.3,5.7,12.7,7.4,6.1,5.2,10,12.9,11.8,9.4,2.6,2,9,5.2,3.9,2,2.8,2,4,18.7,22.5,15.4,9.9,,15.3,14.1,17.4,15.1
20150530,13,NO2,20.2,21.1,21.4,23.2,22,20.7,25,15.7,19,25.8,18.3,18.5,27.8,21.9,28.7,23.8,16.9,18.3,17.9,13.7,15.5,11.3,4.1,18.1,13.5,5.3,22.6,19.2,46.5,14,,40.4,39.4,126.5,59.1
20150530,13,O3,180.3,203.5,189.9,188.5,192.6,189.8,196.6,125.2,159.3,196.2,190.9,182.7,142.9,209.3,182.4,193.8,148.3,121.3,150.6,159.4,143.9,144.5,107.6,117.9,129.3,149.3,146.2,,216,177.6,,141.9,147.3,100.2,162.3
20150530,13,CO,1,1.1,0.9,1.1,0.8,1,0.8,0.5,0.5,0.9,0.8,0.6,0.7,1,1.3,1.1,0.7,0.3,0.8,1,0.5,0.4,0.3,0.3,0.3,0.5,1.1,1.4,1.1,0.5,,1.1,0.8,1.4,1.1
20150530,14,SO2,10.5,11.3,8.8,11.7,9.3,12.3,9.9,24.6,6.7,11.2,4.7,6.2,3.8,8.2,11.2,10.6,9.1,3.5,2,13.8,8,7.1,2,4.2,2.1,5.7,23.2,19.6,14,8.1,,15.3,11.5,14.5,16.5
20150530,14,NO2,17.9,18.7,18.2,22,20.1,19.6,26.5,12.4,15.8,26.5,12.3,17.4,28,19.5,29.5,22.9,17.3,15.8,18.2,16,17.4,13.5,7.7,21.6,15.8,6.7,24.5,20.9,50.1,10,,47.5,42.3,110.6,60.4
20150530,14,O3,194.9,231.8,214.3,208.3,217.3,213.1,228.4,160.2,202.4,216.4,172.2,212.9,125.6,212.5,203.7,209.7,161.9,150.2,187.7,185.1,167.1,171.2,129.5,155.5,167,167.6,177.1,,208.8,177.3,,166.9,166.8,136,175.7
20150530,14,CO,0.9,1,0.9,0.9,0.9,1,0.9,0.6,0.6,0.9,0.5,0.7,0.6,0.8,1.1,1,0.9,0.5,0.9,1.4,0.6,0.6,0.3,0.4,0.4,0.7,1.6,1.3,1,0.4,,1,0.9,1.2,1.1
20150530,15,SO2,10.2,8.8,6.7,8.8,9.6,11,7.4,25.6,5,10,4,3.8,3.5,7.3,9.4,9.2,10.6,5.7,2,19.9,7.9,12.9,2.2,5.7,3.2,9.3,29.8,15.7,13.4,6.8,,11.4,11.5,11.9,17
20150530,15,NO2,19.3,18.2,19.4,23.6,26.3,23.1,24.9,10,12.2,26.9,13.6,15.9,35.8,24.8,22.3,23.4,16.1,17.4,15.7,14.5,16.1,19,11.1,20.6,21.9,8.5,21.2,30.7,50.1,11.5,,54.1,45.6,107.2,57.1
20150530,15,O3,219.1,240.1,222.1,209.5,248,228.3,234,176.6,191.4,218.2,181.2,189.2,146.6,221.4,213.4,221,175.3,195.9,169.4,219.8,189.6,219.4,164.3,194.3,208.5,199.4,196.6,,232.4,206.7,,173.8,173.1,143.9,211.9
20150530,15,CO,0.8,0.8,0.7,0.7,0.8,0.9,0.7,0.6,0.4,0.7,0.4,0.5,0.7,0.7,1,0.9,1,0.5,0.8,1.9,0.7,1.1,0.5,0.6,0.5,0.9,1.7,1.3,1.6,0.5,,0.8,0.8,0.9,1
20150530,16,SO2,9.2,8.4,6.2,8.5,7,11.1,6.6,23.8,4,9.3,5,4.3,2.5,7.8,11.8,10.2,14.2,4.3,2,28.1,11.3,12.8,3.5,7.4,5,12.6,35.3,18.7,9.1,6.6,,10.7,10.9,11.4,15.6
20150530,16,NO2,21.2,20.1,18.9,24.9,23.9,23.2,31,9,11.7,30.7,16.2,16.3,41.1,23.4,29.5,25.4,22.7,19.5,17.4,13.4,17.5,16,15.3,22.3,24.6,10.2,18.8,26.1,42.5,11.6,,47.5,47.1,99.8,62.8
20150530,16,O3,225.5,250.2,232.6,215.7,248.4,244.3,217.8,156.7,186.8,211.9,210.1,212.6,182.8,231,244,239.8,229.8,189.5,171.2,226.3,212.2,214.8,206.9,229.1,252.7,234.4,213.6,,206.6,185.7,,184.2,179.8,158.3,211.4
20150530,16,CO,0.8,0.7,0.7,0.7,1,0.9,0.7,0.5,0.3,0.6,0.6,0.5,0.8,0.8,1.5,1.1,1.2,0.5,0.7,1.6,1,1.1,0.6,0.8,0.7,1.3,1.3,1.3,0.9,0.4,,0.7,0.7,0.9,1
20150530,17,SO2,7.7,6.6,5.5,8.3,6.6,11.8,6.2,23.5,5.4,10.1,6.7,5.2,2,6.2,,9,12.6,2.8,2,21.4,15,14.6,3.7,4.7,3.5,14.4,29.2,20.5,7,6.1,,9.8,9.8,12.5,14.5
20150530,17,NO2,22.2,21.1,22.8,25.7,24.5,25.7,28.4,10.1,16,34.1,19.2,21,34.7,27.2,,26.4,32.4,16,22.1,17.8,20.7,22.3,17.5,21.4,26.7,8.5,27.8,21.8,23.1,11.8,,38.8,69.7,118.3,67.2
20150530,17,O3,220.1,246.1,226.5,211.4,246,248.9,237.7,179.2,224.9,221.3,213,240.4,158.3,197.7,,223.3,260,173.8,208.9,257.3,256.5,235.3,219.8,189.9,218.3,227.5,247.1,,203.5,169.7,,188,158.4,136.9,228.6
20150530,17,CO,0.8,0.7,0.7,0.8,0.7,1.1,0.7,0.5,0.4,0.6,0.6,0.6,0.7,0.6,,0.8,1.3,0.5,0.8,1.5,1.2,1,0.7,0.5,0.5,1.2,1.7,1.2,0.8,0.5,,0.8,0.7,0.9,1
20150530,18,SO2,5.4,5.7,6.8,9.1,4.1,7.2,10.1,20.6,9.6,14.6,12.1,9.9,2,11.6,7.3,8.7,22.1,3.5,2,24.4,16.9,20.3,3.1,5.5,3.4,16.9,22.6,12.9,7,8.6,,10.2,8.7,12.5,10.6
20150530,18,NO2,19.2,19.2,22,23.1,24,27.2,26.2,12,16.3,37.5,17.4,20.8,45.5,25.7,37.6,30.2,37.2,19.3,22.8,24.9,33,34,15.7,21.2,27.9,12.4,24.9,19.4,26.4,11.1,,37.2,65.7,94.7,43.4
20150530,18,O3,178.9,203.7,193.6,180.2,206.9,200.1,208.5,174.6,197.6,186.3,192.7,203.8,140.7,188.8,199.5,196.1,250.2,199.2,172.7,225.5,286.9,269.7,214.4,211.7,223.9,267.8,201.3,,194,161.5,,151.3,131.3,125,203
20150530,18,CO,0.6,0.5,0.6,0.7,0.6,0.6,0.6,0.5,0.3,0.7,0.6,0.7,0.8,0.6,1.3,0.9,1.7,0.5,0.8,1.7,1.7,1.7,0.6,0.6,0.5,1.4,0.9,0.8,0.8,0.4,,0.6,0.6,0.7,0.6
20150530,19,SO2,13.7,12.9,14.4,17.4,10,11.1,17.1,21.4,14.4,20.1,11.6,14.2,2.3,12.7,7,10.3,16.4,6.6,5.3,15.7,26.2,27.9,3.8,8.8,4.2,29.6,15.4,9.3,5.9,7.4,,16.6,12.5,18,11.1
20150530,19,NO2,21.5,20.1,24.3,25.4,27.9,30.2,31.5,13,15.6,40.4,17.9,22.9,43.3,30.3,31.5,30.7,32.6,19.2,20.5,19.7,31.9,35.2,18.7,22.8,38.3,23.7,18,18.6,22.5,12.3,,46,70.5,112.4,34.8
20150530,19,O3,175.7,204.1,190.7,178.1,199.7,183.5,192.8,154.6,188.9,174.8,178.6,191,135.6,184,176,181.2,209.8,167.6,164.7,180.8,217.5,238.4,227,184.2,218.1,269.5,167.9,,166.9,146.7,,144.3,127.4,107.5,188.7
20150530,19,CO,0.6,0.6,0.7,0.7,0.6,0.6,0.7,0.6,0.3,0.6,0.6,0.6,0.7,0.7,1.4,0.9,1.2,0.5,0.7,0.9,1.8,1.9,0.6,0.6,0.6,2.4,0.6,0.7,1.3,0.4,,0.7,0.7,0.9,0.4
20150530,20,SO2,11.8,8.5,14.1,13.9,11.2,10.1,15.3,22.7,10.9,17.3,9,10.2,3.5,9.6,6.5,8.7,10.1,9.7,5.9,9.5,16.4,17.3,4.4,12.8,6.6,19.8,12.2,6.3,5.1,10,,13.4,13.8,14.1,11.5
20150530,20,NO2,26.9,29.8,29.2,30.3,26.7,37,35.8,11.9,17.7,56.5,20.1,27,43,39.3,57.6,44.6,32.7,20.4,19.2,17.1,25,25.7,15.9,22.5,41.6,17.1,19.7,28.6,23,15.2,,57.2,79.6,121,81.7
20150530,20,O3,162.7,177,170.2,166.7,187.7,161.2,171.7,141,168,146.6,160.6,166.8,123.6,151.1,122.4,144.9,162.2,157.4,153.6,153.1,173.1,195.9,201.1,171.8,174.8,211.7,129.9,,126.5,129.7,,116.4,107.9,92.7,124.8
20150530,20,CO,0.8,0.8,0.7,0.8,0.6,0.8,0.7,0.5,0.3,0.7,0.5,0.6,0.7,0.9,1.4,1,0.9,0.6,0.6,0.7,1.3,1.2,0.6,0.6,0.6,1.4,0.4,0.7,1.6,0.4,,0.9,0.7,0.9,0.9
20150530,21,SO2,11.8,9.3,12.4,11.9,8.6,10.3,14.5,22,9.2,16.1,7.7,9.1,4.7,13.8,8.9,11,7.7,8,3.6,8.5,12.3,11.8,6.1,10.3,9.4,12.7,9.5,9.4,3.3,7.5,,13.6,13.1,13,11.2
20150530,21,NO2,32.3,30.7,33.2,35.5,31.4,39,48,11.1,18.6,63,27.1,36.9,52.6,48.6,52.7,46.8,37.6,20,22.8,22.7,25.5,23.8,15.1,20.1,49,12.5,22.7,31.5,22.9,12.4,,68.4,62.3,100.9,88.7
20150530,21,O3,118.7,134.4,144.3,118.2,149.5,123.7,147.4,137.5,158.1,117.6,138.5,142.4,99.8,104,112,113.2,107.7,145.7,145.7,117.6,129.2,156.8,183.5,152.5,140.3,173.3,93.8,,96.1,108.6,,66.2,98.3,60.4,82.6
20150530,21,CO,1.1,1,0.8,1,0.9,1.1,0.7,0.5,0.3,0.8,0.6,0.6,0.7,0.8,1.2,1,0.9,0.6,0.6,0.6,1.4,0.9,0.6,0.5,0.6,1.1,0.1,1,1.4,0.4,,1.1,0.8,1.1,1.1
20150530,22,SO2,14.5,14.1,9.6,12.4,10.3,13.2,12.6,20.4,8.5,13.7,6.3,7.8,4.8,13.6,10.4,12.4,8,8.7,3.1,6.7,10.4,10.5,6.8,11.1,7.8,9.8,8.5,8.2,3.2,6.4,,15,8.6,11.9,12.8
20150530,22,NO2,41.4,36.5,35.8,38.5,37.5,41.4,51.7,12,28,56.1,33.5,49.4,41.1,47.5,59.3,49.4,45.2,24.6,27.9,22.8,27.5,23.4,15.7,21.4,47.3,12.7,21.5,34.2,28.8,13.2,,69.4,61.2,94.6,90.7
20150530,22,O3,98.4,117.5,110.8,100.4,116.2,109.5,103.3,130.3,134.1,89.4,113.2,106.7,92.9,93.5,90.2,97.7,70,134.8,136.6,98.6,79.2,123.6,159.5,146,128,138.6,87.6,,78.7,91.4,,59.4,74.1,51.7,71.1
20150530,22,CO,1.2,1.1,0.9,1,1.1,1.1,1,0.5,0.4,1,0.6,0.8,0.8,0.9,1.3,1.1,1,0.5,0.6,0.4,0.8,0.6,0.6,0.6,0.5,0.7,0.1,1.1,1.7,0.5,,1.1,0.9,1.1,1.1
20150530,23,SO2,16.5,13.5,12.7,14.8,11.9,13.7,13.7,19.5,7.3,14.7,4.8,8.2,4.9,15.3,9.7,12.9,10.8,7.4,2,6.9,9.9,12.9,5.4,9.8,7,10.7,11.7,7.9,2.7,5.7,,16,9.3,12.5,13.5
20150530,23,NO2,37.6,36.9,42.2,39.5,44.5,52.6,45.8,25.5,52.8,65.8,38.8,53.7,37.1,51.5,41.4,48.5,43.6,38,61.1,23.3,26.4,26.1,18.2,28.4,,14,25.5,38.7,27.7,15.1,,72.8,58.8,99.2,108.4
20150530,23,O3,89.3,100.6,89.4,87,98.2,77.4,90.7,84.8,75,67,79.1,71.9,74,75.3,86.2,79.6,55.4,90.4,72.5,91.5,68.1,105.6,141.6,110.5,163.4,123.1,76,,60.2,84.5,,42.5,63.6,38.8,21.6
20150530,23,CO,1.2,1.1,1.3,1.2,1.3,1.2,1,0.8,1,1.1,1.2,1.3,1.3,1.1,1.6,1.3,0.6,0.7,0.8,0.5,0.5,0.6,0.5,0.8,0.5,0.6,0.2,1.1,1.6,0.5,,1.3,1.2,1.2,1.1
