date,hour,type,dongsi,tiantan,guanyuan,wanshouxigong,aotizhongxing,nongzhanguan,wanliu,beibuxingqu,zhiwuyuan,fentaihuayuan,yungang,gucheng,fangshan,daxing,yizhuang,tongzhou,shunyi,changping,mengtougou,pinggu,huairou,miyun,yanqing,dingling,badaling,miyunshuiku,donggaocun,yongledian,yufa,liulihe,qianmeng,yongdingmengxi,xizhimengbei,nansanhuan,dongsihuan
20151003,0,PM2.5,43,49,49,42,46,32,31,27,6,38,11,34,19,43,57,49,24,34,15,25,15,20,13,3,3,20,26,61,55,48,45,63,59,59,39
20151003,0,PM10,55,98,115,96,93,49,91,153,9,115,22,83,45,102,150,121,48,35,62,44,26,59,37,,,46,40,138,100,138,123,208,156,226,96
20151003,0,AQI,64,57,61,65,59,56,57,74,33,75,56,68,54,67,72,73,59,77,56,54,49,54,53,23,34,38,50,62,57,71,73,77,69,91,63
20151003,1,PM2.5,30,55,32,50,19,24,33,35,4,34,7,27,22,40,56,33,39,24,13,28,8,17,7,3,3,12,17,62,44,43,44,61,39,59,27
20151003,1,PM10,59,118,42,107,21,40,77,259,23,85,20,63,56,101,111,74,97,24,42,61,11,46,23,,,36,25,135,69,99,101,164,120,214,41
20151003,1,AQI,64,59,60,65,59,55,57,78,33,74,55,68,55,68,72,73,60,76,57,54,49,54,52,24,19,38,49,64,58,71,73,77,70,92,62
20151003,2,PM2.5,21,30,16,29,10,9,28,28,8,19,6,29,31,40,39,20,22,8,12,16,3,11,6,6,,16,11,54,30,42,18,38,19,33,14
20151003,2,PM10,32,36,22,,23,,56,165,18,25,35,78,55,96,,52,25,15,43,19,33,16,34,,,41,14,107,53,114,43,68,29,46,
20151003,2,AQI,63,58,59,65,58,56,58,80,33,72,55,69,55,68,72,73,59,74,57,54,50,54,51,25,15,40,49,65,58,72,72,77,69,90,61
20151003,3,PM2.5,10,11,9,7,11,9,22,19,7,9,13,26,28,16,25,17,19,11,14,14,8,8,24,5,3,8,10,43,22,29,9,9,11,13,10
20151003,3,PM10,25,,,,25,29,46,123,15,,34,56,52,,,41,39,12,43,18,22,,45,,,,,76,39,69,30,,25,,62
20151003,3,AQI,62,59,60,65,57,55,58,81,32,72,55,69,55,69,73,72,59,72,57,53,50,55,51,22,22,40,50,66,58,72,70,77,68,90,60
20151003,4,PM2.5,8,7,9,8,14,8,17,23,3,9,10,25,21,15,25,17,11,8,13,5,5,3,17,5,3,3,,30,13,23,8,12,11,8,14
20151003,4,PM10,31,24,17,59,32,23,31,169,12,39,31,54,34,28,64,42,,,31,5,10,9,34,,,20,5,62,26,53,29,83,40,37,60
20151003,4,AQI,62,58,59,65,57,55,57,82,32,71,55,70,55,68,72,71,59,70,57,52,50,55,51,20,35,40,48,66,58,71,69,77,67,89,60
20151003,5,PM2.5,7,10,8,4,10,10,12,22,3,10,7,16,8,13,24,22,7,6,10,3,4,8,12,4,,3,,26,14,24,13,8,8,6,10
20151003,5,PM10,24,,22,7,24,17,26,129,5,31,27,25,26,23,43,43,14,12,26,12,13,14,33,,,6,9,56,30,69,26,,56,17,62
20151003,5,AQI,61,59,59,64,57,54,57,84,31,70,55,68,55,67,72,70,59,67,57,52,49,55,51,23,37,38,48,65,58,71,68,78,67,88,59
20151003,6,PM2.5,6,8,10,9,8,9,9,18,4,8,6,14,9,16,24,14,7,11,11,9,7,14,11,7,3,6,11,27,11,22,10,11,16,7,14
20151003,6,PM10,21,12,32,,41,12,23,94,9,54,20,54,30,41,45,23,,14,24,,,25,35,,,,,49,24,47,21,48,67,25,60
20151003,6,AQI,60,58,58,65,57,54,56,84,31,69,55,68,55,66,72,69,59,66,57,52,50,56,51,19,33,40,48,65,58,70,67,78,66,87,59
20151003,7,PM2.5,11,,13,12,13,9,10,18,4,20,8,17,18,18,21,24,6,28,8,13,3,9,19,3,3,6,21,27,10,24,12,22,15,13,15
20151003,7,PM10,53,35,53,66,31,17,33,117,12,102,34,26,39,55,32,45,26,36,25,53,14,30,44,,,8,80,42,30,70,38,125,72,89,47
20151003,7,AQI,60,58,58,65,56,53,56,85,31,70,55,68,55,66,70,68,58,64,57,52,49,56,50,18,37,39,50,65,58,70,65,78,66,86,59
20151003,8,PM2.5,13,8,14,14,14,15,15,19,3,16,12,15,25,16,28,25,17,41,13,23,12,9,25,12,,3,29,35,17,22,22,21,14,22,22
20151003,8,PM10,29,39,46,26,45,41,38,79,15,56,47,37,48,64,97,61,70,,30,80,37,41,87,,,5,89,90,44,95,60,78,62,118,116
20151003,8,AQI,59,58,58,64,57,53,56,86,30,69,55,67,54,65,70,67,57,64,57,52,48,56,50,18,21,39,51,65,57,69,65,77,66,85,60
20151003,9,PM2.5,13,16,23,25,17,18,14,22,6,17,7,17,26,32,32,24,14,47,7,20,10,12,20,12,3,3,25,36,23,27,,24,16,28,19
20151003,9,PM10,42,64,,65,34,33,22,71,20,36,45,92,48,109,147,111,22,56,25,49,57,32,52,,,10,77,101,81,,,113,38,143,59
20151003,9,AQI,59,58,58,64,56,52,55,86,29,68,54,67,54,66,72,68,56,63,56,52,47,55,49,18,22,38,52,66,58,69,,78,65,85,61
20151003,10,PM2.5,18,22,23,18,14,22,15,18,16,23,10,25,24,33,39,33,25,,23,28,21,7,19,9,3,6,30,35,30,24,26,27,14,31,24
20151003,10,PM10,78,98,51,84,22,69,33,66,33,94,58,85,82,103,113,117,86,49,36,85,71,28,50,,,9,85,92,81,72,90,105,42,134,85
20151003,10,AQI,59,60,57,64,55,53,55,86,28,68,54,67,54,66,73,68,56,49,56,54,47,55,49,17,14,37,53,66,58,69,64,79,65,85,61
20151003,11,PM2.5,21,24,19,29,20,26,17,14,17,22,18,23,20,20,40,33,27,,34,27,22,13,12,10,3,4,28,31,36,20,29,23,25,31,31
20151003,11,PM10,80,62,74,66,69,74,50,43,60,90,56,48,120,86,111,109,50,50,49,63,66,54,37,,,7,76,81,90,50,79,77,82,102,75
20151003,11,AQI,60,59,58,64,55,53,55,86,30,69,54,66,56,66,74,69,57,48,56,54,48,55,48,17,17,36,54,67,59,69,65,78,65,84,62
20151003,12,PM2.5,24,19,26,20,27,23,24,18,12,22,13,23,19,28,31,29,26,,11,18,13,28,21,15,,10,10,29,35,13,26,25,24,25,18
20151003,12,PM10,68,66,68,81,75,57,61,67,42,71,46,52,34,67,53,74,75,,48,61,29,79,36,,,24,46,72,76,18,77,81,86,115,61
20151003,12,AQI,59,59,59,64,56,54,56,86,30,70,53,66,55,66,74,69,57,48,55,54,47,56,46,19,27,36,53,67,59,68,64,78,66,86,62
20151003,13,PM2.5,19,22,23,17,26,33,17,17,10,17,19,19,19,25,34,21,25,,16,22,19,20,15,23,,19,20,20,37,19,29,28,23,31,22
20151003,13,PM10,78,67,62,70,78,69,41,39,30,63,42,60,29,39,79,66,51,,55,53,48,70,22,,,66,55,57,69,36,76,84,76,94,62
20151003,13,AQI,60,60,59,65,57,54,56,86,29,70,53,66,55,66,74,70,57,48,55,54,46,56,44,24,29,37,54,67,60,67,65,79,67,86,63
20151003,14,PM2.5,25,24,24,37,26,30,19,14,11,17,18,22,23,26,37,18,30,,12,26,26,29,12,19,,25,22,23,30,18,27,22,23,27,23
20151003,14,PM10,57,42,46,41,69,43,43,43,39,47,43,58,35,52,84,60,49,,50,53,60,69,,,,62,57,52,67,61,57,47,58,66,54
20151003,14,AQI,60,60,59,64,57,54,56,86,29,70,53,66,55,66,75,69,57,48,54,54,47,57,43,23,28,39,54,68,60,68,65,79,67,86,63
20151003,15,PM2.5,20,21,20,26,26,21,21,16,9,18,19,25,25,24,34,24,27,,15,26,37,38,10,18,3,23,25,28,25,25,23,28,22,25,22
20151003,15,PM10,58,52,54,67,59,56,57,51,33,79,54,73,46,68,79,75,67,49,53,68,66,72,20,,,66,69,60,57,68,62,70,62,86,59
20151003,15,AQI,60,60,59,64,57,54,56,86,30,71,53,66,56,67,75,70,58,48,54,55,48,57,40,33,22,40,55,68,60,68,64,79,67,86,63
20151003,16,PM2.5,25,23,31,28,23,25,27,17,19,25,16,25,27,29,40,31,24,,20,23,22,25,11,20,,27,21,30,17,26,29,24,25,29,22
20151003,16,PM10,75,62,71,73,78,55,66,60,41,90,69,91,48,81,115,83,55,,64,53,70,68,38,,,67,51,74,48,80,75,84,78,95,61
20151003,16,AQI,60,60,60,65,58,54,56,86,31,72,53,67,56,67,77,70,57,46,55,55,49,57,39,39,31,41,54,68,60,68,65,80,67,87,63
20151003,17,PM2.5,30,29,29,31,27,28,26,18,25,26,24,34,25,27,36,25,28,,17,24,27,37,18,11,3,28,20,28,13,29,39,28,30,35,25
20151003,17,PM10,97,83,85,101,112,79,77,68,53,114,87,117,58,96,84,95,90,55,66,69,63,70,56,,,73,49,76,63,103,101,105,99,129,76
20151003,17,AQI,61,61,61,66,59,55,57,87,31,73,54,67,56,68,78,70,58,46,55,55,49,58,39,33,35,41,54,68,60,68,65,81,68,88,64
20151003,18,PM2.5,32,30,29,37,36,32,29,21,24,29,33,41,34,27,41,31,33,,18,33,29,26,17,19,,26,26,24,28,32,34,31,33,31,31
20151003,18,PM10,111,87,102,114,120,94,84,77,67,135,118,128,70,71,111,96,107,70,79,107,71,79,57,,,70,67,57,68,116,109,110,111,134,98
20151003,18,AQI,62,62,62,67,60,56,57,86,30,73,54,67,56,68,77,71,59,46,54,56,48,58,40,27,36,42,54,68,59,68,66,81,68,88,65
20151003,19,PM2.5,36,37,39,37,39,35,40,27,23,42,48,54,51,26,49,33,31,,22,31,31,28,23,26,3,29,,37,24,37,45,34,39,41,30
20151003,19,PM10,103,73,117,98,128,77,95,101,64,171,137,139,99,75,102,103,104,78,89,104,111,95,62,,,79,,75,55,89,111,105,130,141,77
20151003,19,AQI,61,61,62,67,60,55,57,86,30,73,54,67,60,67,76,70,60,45,52,57,49,58,41,20,47,42,,68,58,67,66,80,69,87,64
20151003,20,PM2.5,37,33,49,37,48,43,50,22,21,47,53,69,60,30,50,36,43,,34,37,47,49,22,23,,28,30,40,26,36,51,37,48,43,35
20151003,20,PM10,113,80,115,111,116,91,116,91,57,155,151,168,108,86,105,102,121,69,109,94,115,122,62,,,86,66,83,52,68,124,117,144,142,118
20151003,20,AQI,61,61,61,66,60,55,57,85,31,72,55,66,58,66,75,69,60,44,52,57,49,58,42,20,33,43,54,67,58,66,65,79,69,86,64
20151003,21,PM2.5,43,34,50,45,52,45,53,34,23,51,52,69,60,34,55,45,47,,32,41,42,44,27,21,,34,36,48,34,51,55,40,55,44,44
20151003,21,PM10,117,83,117,105,113,92,118,164,48,165,113,179,107,91,110,116,104,,100,88,75,117,70,,,83,71,90,52,79,129,123,140,148,137
20151003,21,AQI,60,60,61,65,60,54,57,84,31,72,56,68,56,65,74,68,60,43,52,56,49,56,44,20,24,44,54,67,57,65,65,78,69,85,64
20151003,22,PM2.5,51,41,57,46,56,50,55,35,24,56,39,83,69,40,60,50,53,,19,43,38,50,31,22,,30,32,46,41,52,57,55,57,52,56
20151003,22,PM10,125,91,128,123,122,102,108,134,47,158,88,293,115,109,110,113,99,53,52,76,56,115,74,,,57,53,78,72,78,132,166,148,151,150
20151003,22,AQI,60,59,61,65,60,57,56,81,32,72,56,70,57,64,73,67,59,44,52,56,51,56,46,20,26,44,53,66,56,64,65,78,69,84,65
20151003,23,PM2.5,57,49,62,54,63,56,60,41,24,58,28,72,72,46,70,60,61,,18,44,30,49,33,21,3,29,26,46,46,58,60,60,62,61,57
20151003,23,PM10,139,98,131,112,168,111,118,156,54,180,62,178,120,93,134,122,123,,48,79,61,123,68,,,48,35,69,78,84,140,155,145,163,139
20151003,23,AQI,60,59,61,65,66,57,57,78,34,72,55,72,57,63,73,66,60,43,51,56,51,57,47,19,26,44,52,65,55,64,65,78,69,82,66
20151003,0,SO2,2,2,3,2,2,4,2,4,3,5,2,3,5,3,5,6,2,2,2,2,2,2,2,6,6,2,2,2,2,5,2,9,8,9,8
20151003,0,NO2,77,76,83,76,104,81,62,63,5,79,16,72,61,70,88,111,59,68,30,38,6,32,52,13,68,10,17,68,52,51,86,125,95,90,92
20151003,0,O3,9,2,2,2,4,3,2,2,67,2,66,3,8,14,11,2,8,5,19,43,33,18,11,73,2,32,77,5,2,2,2,8,,2,2
20151003,0,CO,0.9,1,1.2,1.1,1.3,0.8,1.1,0.4,0.1,1,0.3,0.7,0.6,0.8,1,0.6,0.6,0.8,0.3,0.5,0.4,0.5,0.4,0.2,0.5,0.4,0.4,0.6,0.9,0.4,1.1,1.5,1.9,1.2,1
20151003,1,SO2,2,2,3,2,2,3,2,5,3,5,4,3,7,3,4,6,2,2,2,2,,2,2,6,2,2,2,2,2,5,2,8,11,7,3
20151003,1,NO2,81,65,77,68,85,75,55,61,24,76,16,67,65,80,78,94,66,50,22,38,7,43,45,12,36,9,10,68,38,43,78,119,84,85,80
20151003,1,O3,3,2,2,2,13,3,2,2,46,2,63,2,2,3,11,2,2,15,24,32,34,5,20,76,19,36,71,2,2,2,2,7,,2,2
20151003,1,CO,0.8,1.1,0.9,1.2,0.5,0.7,1,0.5,0.1,0.9,0.3,0.7,0.7,0.8,1,0.5,0.8,0.7,0.5,0.6,0.4,0.6,0.4,0.2,0.5,0.3,0.4,0.6,1.1,0.4,0.9,1.4,1.6,1.1,0.6
20151003,2,SO2,2,2,2,2,2,2,2,4,5,2,2,3,10,3,5,5,2,2,2,2,,2,7,6,2,2,2,2,2,6,2,6,5,4,2
20151003,2,NO2,66,50,66,63,73,35,52,60,27,72,35,61,68,79,80,79,40,27,31,23,9,32,45,7,30,8,6,64,35,43,69,104,84,72,67
20151003,2,O3,10,2,5,3,20,38,2,2,45,2,36,2,2,3,13,2,15,40,8,44,30,27,15,79,19,32,74,2,2,2,2,6,,2,13
20151003,2,CO,0.6,0.7,0.4,1,0.4,0.3,0.9,0.4,0.1,0.7,0.4,0.8,0.8,0.9,0.8,0.3,0.5,0.5,0.2,0.4,,0.3,0.5,0.2,0.6,0.3,0.3,0.6,0.8,0.4,0.5,1.2,0.6,0.7,0.3
20151003,3,SO2,2,2,2,2,2,2,2,3,6,2,2,3,7,3,4,5,2,2,2,2,2,2,4,6,6,2,2,2,2,5,2,7,2,4,6
20151003,3,NO2,42,51,44,31,62,38,49,58,38,73,47,65,64,69,69,70,49,21,28,27,7,11,38,6,43,6,5,59,37,44,43,71,65,55,72
20151003,3,O3,26,11,23,39,26,33,2,2,33,2,22,2,2,10,24,10,3,48,2,43,,53,14,70,4,37,84,2,2,2,16,22,,17,4
20151003,3,CO,0.4,0.4,0.3,0.3,0.3,0.3,0.6,0.4,0.2,0.3,0.4,0.6,0.9,0.3,0.4,0.3,0.5,0.4,0.1,0.3,,0.2,0.5,0.2,0.5,0.3,0.2,0.5,0.5,0.3,0.2,0.3,0.3,0.2,0.3
20151003,4,SO2,2,2,2,2,2,2,2,5,3,2,2,3,6,2,4,5,2,2,2,2,2,2,3,6,17,2,2,2,2,5,2,6,2,3,6
20151003,4,NO2,41,40,35,33,58,35,46,51,18,66,37,61,72,64,76,74,16,19,18,10,,10,37,8,69,3,4,66,48,36,43,87,67,45,71
20151003,4,O3,25,9,32,23,26,29,,2,51,2,27,7,3,23,12,2,40,50,27,58,,49,10,63,2,42,77,2,5,2,7,4,,15,2
20151003,4,CO,0.4,0.3,0.3,0.3,0.3,0.3,0.4,0.4,0.1,0.4,0.3,0.6,0.6,0.3,0.3,0.3,0.3,0.4,0.2,0.2,0.3,0.2,0.4,0.2,0.6,0.2,0.2,0.5,0.5,0.3,0.3,0.5,0.3,0.2,0.4
20151003,5,SO2,2,2,2,2,2,2,2,6,2,2,2,3,5,2,4,4,2,2,2,2,2,2,2,8,22,2,2,2,2,5,2,5,4,2,9
20151003,5,NO2,44,36,34,31,62,39,52,47,11,60,44,62,72,47,77,58,17,22,,11,,16,42,11,74,3,4,52,40,43,42,40,76,52,68
20151003,5,O3,20,32,27,22,19,31,2,2,56,2,12,2,4,24,10,2,37,44,14,57,21,44,2,71,2,35,77,2,2,2,11,30,,13,2
20151003,5,CO,0.4,0.3,0.3,0.3,0.3,0.3,0.4,0.4,0.1,0.3,0.4,0.6,0.4,0.3,0.3,0.3,0.3,0.4,0.2,0.2,0.2,0.2,0.4,0.3,0.6,0.2,0.2,0.4,0.5,0.3,0.3,0.4,0.6,0.2,0.6
20151003,6,SO2,2,2,2,2,2,2,2,6,3,2,2,2,5,2,4,5,2,3,2,2,2,2,2,8,23,2,2,2,2,4,2,5,7,3,9
20151003,6,NO2,47,32,53,32,62,32,51,45,11,60,40,55,72,63,72,53,10,31,30,7,7,52,40,12,66,3,4,45,46,38,42,70,77,65,62
20151003,6,O3,19,44,6,32,10,39,2,2,56,2,18,2,2,7,11,14,51,34,11,61,20,2,2,58,2,36,72,2,2,2,21,17,,10,2
20151003,6,CO,0.4,0.3,0.4,0.4,0.4,0.3,0.4,0.4,0.1,0.4,0.3,0.6,0.6,0.4,0.3,0.3,0.3,0.5,0.3,0.2,0.3,0.4,0.5,0.3,0.8,0.2,0.1,0.5,0.5,0.3,0.4,0.5,0.9,0.3,0.5
20151003,7,SO2,2,2,2,2,2,2,2,6,2,2,2,3,6,2,4,6,2,6,2,5,2,2,2,10,25,2,9,2,2,5,2,7,9,9,5
20151003,7,NO2,62,29,62,39,70,46,47,38,16,67,33,52,70,66,67,64,21,56,19,30,9,41,39,13,73,5,39,30,35,45,61,95,65,82,62
20151003,7,O3,3,16,2,17,2,23,2,2,38,2,19,7,3,3,13,3,35,7,26,38,19,3,2,46,2,36,40,2,2,2,2,6,,2,2
20151003,7,CO,0.6,0.3,0.6,0.4,0.5,0.4,0.5,0.4,0.2,0.8,0.4,0.6,0.8,0.6,0.3,0.5,0.3,0.8,0.2,0.7,0.3,0.4,0.7,0.4,0.9,0.2,1.2,0.4,0.5,0.3,0.7,1.1,1.2,0.7,0.4
20151003,8,SO2,2,2,2,2,2,2,2,5,2,3,2,4,10,4,7,7,2,11,2,7,2,2,4,14,26,2,13,5,2,5,3,9,6,16,11
20151003,8,NO2,55,52,58,53,66,62,50,48,22,64,26,45,54,63,58,65,54,56,19,46,33,35,41,18,41,6,39,40,32,47,74,84,69,85,64
20151003,8,O3,11,6,9,6,7,7,2,2,32,2,24,18,7,8,22,2,2,8,30,15,2,11,3,37,31,31,32,4,3,4,2,9,,2,2
20151003,8,CO,0.6,0.5,0.6,0.7,0.6,0.6,0.7,0.4,0.3,0.9,0.5,0.6,0.7,0.7,0.5,0.6,0.7,0.9,0.2,1.2,0.4,0.4,0.8,0.5,0.6,0.2,1.7,0.6,0.6,0.4,0.8,0.9,0.9,1.2,1.2
20151003,9,SO2,2,4,2,5,2,3,3,5,4,3,2,4,7,9,9,12,2,11,3,10,2,2,21,19,27,2,18,6,6,5,,12,3,12,7
20151003,9,NO2,45,54,54,49,61,48,47,53,28,61,34,40,60,51,41,45,35,52,15,34,30,30,36,23,44,5,33,25,31,53,,66,68,80,68
20151003,9,O3,27,26,23,23,22,30,11,2,29,2,24,27,14,22,43,26,17,9,37,29,6,22,18,38,40,36,41,35,28,17,,24,,5,11
20151003,9,CO,0.5,0.6,0.5,0.7,0.6,0.4,0.5,0.4,0.3,0.6,0.5,0.5,0.6,0.8,0.8,0.7,0.5,0.8,0.2,1,0.4,0.3,0.8,0.6,0.6,0.2,1.6,0.8,1.2,0.4,,0.8,0.6,1.1,0.6
20151003,10,SO2,4,6,2,8,2,7,3,6,7,6,2,3,8,11,11,13,5,14,6,13,4,2,30,17,27,2,22,7,9,6,8,14,4,12,9
20151003,10,NO2,38,41,41,41,46,42,48,49,43,43,47,65,50,44,47,47,39,47,28,34,28,20,30,18,27,3,29,21,34,47,50,59,62,79,60
20151003,10,O3,39,42,40,37,44,41,24,4,27,21,28,18,31,35,48,29,28,19,34,41,16,41,26,54,44,45,54,45,38,32,23,33,,11,25
20151003,10,CO,0.6,0.8,0.5,0.8,0.5,0.6,0.5,0.4,0.4,0.6,0.6,0.6,0.6,0.8,0.8,0.7,0.7,0.7,0.3,1.2,0.4,0.3,0.8,0.5,0.6,0.3,1.6,0.7,1.2,0.4,0.8,0.9,0.5,1,0.7
20151003,11,SO2,6,7,6,9,4,8,5,6,4,8,3,3,10,9,11,14,7,14,2,13,4,5,26,16,12,2,19,8,9,6,8,12,7,15,9
20151003,11,NO2,33,40,40,39,46,37,46,55,59,38,36,50,39,36,41,40,24,53,28,25,31,26,28,25,26,3,26,19,38,43,54,58,65,76,55
20151003,11,O3,49,53,53,48,55,52,35,11,24,37,44,41,51,52,67,52,52,21,44,58,17,44,35,51,52,50,64,56,50,44,28,43,,20,41
20151003,11,CO,0.7,0.7,0.7,0.8,0.7,0.7,0.6,0.5,0.5,0.7,0.6,0.5,0.7,0.8,0.6,0.7,0.9,0.7,0.3,1.1,0.4,0.7,0.6,0.5,0.5,0.3,1.4,0.7,1.4,0.4,0.8,0.7,0.7,0.9,0.7
20151003,12,SO2,6,6,6,8,7,6,6,5,4,6,3,4,8,8,10,12,6,9,2,9,4,9,17,14,4,3,12,9,12,5,7,12,8,13,8
20151003,12,NO2,34,39,36,34,48,34,43,57,35,33,29,37,36,26,27,33,28,51,27,22,24,27,21,38,16,7,17,24,40,35,54,47,62,69,48
20151003,12,O3,58,67,66,66,62,65,44,16,58,55,60,67,61,70,94,75,61,34,67,72,34,52,51,51,84,55,82,63,65,57,40,61,,32,53
20151003,12,CO,0.6,0.6,0.7,0.6,0.9,0.6,0.6,0.5,0.3,0.6,0.6,0.5,0.6,0.7,0.6,0.5,0.8,0.7,0.3,0.9,0.4,1,0.5,0.5,0.3,0.5,0.9,0.7,2,0.4,0.7,0.6,0.7,0.7,0.5
20151003,13,SO2,5,5,5,7,6,6,5,3,5,4,3,5,8,7,8,10,6,5,2,7,6,7,8,11,3,8,8,5,12,5,6,11,7,11,8
20151003,13,NO2,30,32,31,28,42,32,34,44,23,26,24,29,34,23,25,29,30,50,22,23,28,26,13,47,18,12,17,17,37,31,53,47,61,75,45
20151003,13,O3,76,89,86,81,85,83,62,38,88,69,76,82,75,81,114,88,68,45,91,77,45,63,79,54,90,59,85,90,92,68,57,74,,39,74
20151003,13,CO,0.6,0.6,0.6,0.7,0.7,0.6,0.5,0.4,0.3,0.5,0.6,0.5,0.6,0.6,0.6,0.4,0.7,0.6,0.4,0.7,0.5,0.8,0.3,0.6,0.3,0.8,0.7,0.5,1.5,0.4,0.6,0.6,0.6,0.7,0.5
20151003,14,SO2,4,3,3,5,5,5,4,4,5,4,3,4,9,8,8,9,4,6,2,6,6,7,5,10,2,7,7,4,10,6,5,9,7,9,7
20151003,14,NO2,25,25,23,26,32,25,30,40,20,25,23,29,35,25,25,22,29,41,19,23,29,28,8,42,21,15,18,12,24,31,43,44,59,66,44
20151003,14,O3,83,94,97,85,99,94,76,58,91,77,81,91,83,91,123,104,84,70,86,88,59,76,95,73,88,68,92,111,121,77,67,76,,45,85
20151003,14,CO,0.5,0.5,0.5,0.6,0.7,0.6,0.5,0.4,0.3,0.5,0.6,0.5,0.6,0.8,0.6,0.4,0.6,0.6,0.4,0.6,0.5,0.8,0.3,0.5,0.4,0.8,0.6,0.4,1.5,0.4,0.5,0.5,0.5,0.7,0.5
20151003,15,SO2,4,4,4,6,4,5,5,4,5,5,3,4,9,9,10,10,4,5,2,5,6,6,7,10,2,7,6,6,6,6,5,10,5,10,6
20151003,15,NO2,25,25,25,26,33,26,34,38,18,27,25,30,39,26,27,25,27,34,24,22,32,28,7,34,36,15,16,15,19,32,48,45,58,73,44
20151003,15,O3,83,99,98,89,99,96,75,62,93,85,93,94,99,107,130,108,90,91,85,112,72,94,102,104,69,79,135,121,133,85,66,80,,47,86
20151003,15,CO,0.6,0.6,0.6,0.7,0.7,0.6,0.7,0.4,0.3,0.6,0.6,0.5,0.7,0.8,1,0.5,0.5,0.6,0.4,0.5,0.6,0.7,0.3,0.5,0.4,0.8,0.5,0.6,1.1,0.5,0.6,0.7,0.6,0.8,0.5
20151003,16,SO2,5,5,5,7,6,6,5,4,5,6,4,4,9,9,10,12,4,5,2,5,6,5,4,10,2,6,5,10,3,6,6,11,5,9,7
20151003,16,NO2,24,22,26,26,33,28,37,38,18,29,22,31,39,26,25,31,26,34,26,21,32,25,16,29,37,15,16,16,15,31,53,39,68,60,44
20151003,16,O3,96,117,108,102,108,106,85,57,99,94,94,102,95,128,153,116,92,89,88,107,87,115,94,123,98,96,121,147,141,97,74,102,,64,93
20151003,16,CO,0.7,0.7,0.6,0.7,0.7,0.7,0.6,0.4,0.4,0.7,0.6,0.5,0.7,0.8,0.9,0.9,0.6,0.6,0.4,0.5,0.6,0.6,0.3,0.5,0.4,0.7,0.5,1.1,0.8,0.5,0.7,0.7,0.7,0.7,0.7
20151003,17,SO2,6,5,5,7,7,7,6,3,6,6,5,5,9,8,7,11,5,5,2,5,4,3,3,10,2,4,5,9,2,5,7,12,6,9,7
20151003,17,NO2,29,25,31,32,40,26,33,39,22,40,29,42,37,28,22,27,36,33,29,27,25,29,29,31,42,14,19,15,18,30,67,42,73,69,30
20151003,17,O3,104,132,112,108,116,126,88,53,96,85,94,94,108,138,161,132,87,87,86,100,92,113,107,104,110,108,114,137,127,101,77,112,,67,128
20151003,17,CO,0.7,0.7,0.7,0.8,0.8,0.7,0.6,0.4,0.4,0.7,0.7,0.6,0.7,0.7,0.6,0.7,0.9,0.6,0.4,0.7,0.6,0.6,0.4,0.5,0.5,0.6,0.5,0.7,0.7,0.5,0.8,0.7,0.7,0.8,0.5
20151003,18,SO2,4,2,5,5,6,5,6,3,6,4,7,5,9,7,7,9,5,5,2,5,4,2,3,9,2,3,5,3,2,4,5,9,5,7,6
20151003,18,NO2,32,30,41,39,55,32,42,47,31,54,47,50,62,30,36,39,51,45,35,51,32,41,34,34,71,13,20,18,48,33,68,48,93,95,49
20151003,18,O3,103,122,106,99,104,125,86,43,95,73,78,91,89,121,140,111,83,72,80,83,71,89,103,83,59,103,120,111,63,73,76,104,,51,120
20151003,18,CO,0.7,0.7,0.8,0.8,0.9,0.7,0.7,0.4,0.5,0.8,0.8,0.8,0.9,0.6,0.6,0.6,1,0.7,0.5,1,0.7,0.7,0.4,0.5,0.5,0.6,0.6,0.4,0.8,0.5,0.8,0.7,0.8,0.8,0.6
20151003,19,SO2,4,2,4,4,5,5,6,3,6,3,8,6,8,7,7,9,2,3,2,2,4,2,2,8,2,3,,2,2,3,5,8,5,6,5
20151003,19,NO2,39,39,57,47,62,46,61,65,34,95,68,82,120,32,49,48,65,66,50,65,56,55,47,30,93,15,,31,33,39,80,66,131,100,56
20151003,19,O3,92,97,85,86,93,100,61,20,81,21,51,52,23,114,113,88,59,43,60,59,41,71,76,63,21,85,,61,51,47,61,79,,31,99
20151003,19,CO,0.7,0.7,0.9,0.8,1,0.8,0.8,0.5,0.5,0.9,1,0.9,1.1,0.6,0.6,0.6,1,0.8,0.6,1,0.9,1,0.5,0.6,0.5,0.6,,0.5,0.8,0.5,0.9,0.7,1,1,0.5
20151003,20,SO2,5,2,5,4,5,5,7,2,6,3,6,7,9,7,6,9,2,3,2,3,2,2,2,8,2,3,5,2,2,3,6,10,5,5,5
20151003,20,NO2,53,53,63,57,68,65,76,64,20,105,74,113,115,44,52,56,96,55,72,58,54,73,48,29,65,16,21,50,33,41,100,77,127,97,121
20151003,20,O3,72,75,71,68,82,73,37,21,86,3,32,17,19,96,98,74,9,43,21,66,13,35,63,62,39,76,122,36,23,21,39,65,,33,21
20151003,20,CO,0.8,0.8,0.9,0.8,1,0.8,0.9,0.5,0.4,0.9,1,1,1.1,0.7,0.6,0.6,1.2,0.8,0.8,1,1.1,1.2,0.5,0.6,0.5,0.7,0.8,0.6,0.8,0.6,1,0.8,1,0.8,0.9
20151003,21,SO2,6,2,5,4,5,5,7,3,5,2,3,7,11,7,6,9,2,3,2,2,2,2,2,8,2,2,4,4,2,4,6,10,5,5,5
20151003,21,NO2,62,54,71,60,91,77,78,75,16,109,62,126,111,47,54,87,95,36,61,59,30,70,43,24,46,13,23,47,37,47,113,82,119,112,113
20151003,21,O3,57,65,51,53,53,56,24,2,80,2,35,2,14,84,82,36,2,52,24,51,28,22,57,62,45,57,102,43,11,8,11,55,,29,6
20151003,21,CO,0.8,0.8,0.9,0.9,1.1,0.9,0.9,0.5,0.4,1,0.9,1.1,1.1,0.7,0.6,0.7,1.1,0.7,0.7,0.9,0.9,1,0.6,0.5,0.4,0.7,0.7,0.9,0.9,0.6,1.2,0.8,1,0.8,1.1
20151003,22,SO2,6,2,5,4,4,4,5,3,4,2,2,6,12,7,6,9,2,3,2,3,2,2,2,7,2,2,5,2,2,3,5,10,5,4,5
20151003,22,NO2,80,84,87,76,118,113,94,69,19,108,48,121,113,65,64,67,90,34,30,58,22,55,53,18,51,11,26,47,54,39,115,127,122,95,112
20151003,22,O3,35,27,28,35,21,13,2,2,68,2,38,2,5,52,61,38,2,50,44,44,31,9,32,63,38,50,89,25,25,9,2,6,,20,2
20151003,22,CO,0.9,0.9,1,0.9,1.2,1.1,1,0.6,0.4,1,0.7,1.2,1.1,0.8,0.6,0.7,1.1,0.7,0.5,0.9,0.7,1,0.6,0.5,0.4,0.6,0.6,1.3,1,0.6,1.2,1.1,1.1,0.8,1.3
20151003,23,SO2,6,2,5,3,2,5,5,3,2,2,2,4,10,7,8,12,2,2,2,5,2,2,2,7,2,2,9,2,2,4,6,9,5,5,6
20151003,23,NO2,106,95,96,74,131,113,99,61,39,101,36,106,102,62,80,74,87,34,29,56,17,54,48,14,51,10,25,50,48,52,112,130,124,115,107
20151003,23,O3,7,2,12,26,5,8,2,2,37,2,47,2,4,44,28,20,2,46,37,42,32,2,24,57,34,47,88,14,14,10,2,2,,2,2
20151003,23,CO,1.1,1.1,1,0.8,1.3,1.1,1.1,0.6,0.5,1,0.6,1.1,1.2,0.8,0.8,1,1.2,0.7,0.5,0.9,0.7,0.9,0.6,0.5,0.4,0.6,0.7,1.4,1.1,0.6,1.3,1.4,1,1,1.3
