date,hour,type,dongsi,tiantan,guanyuan,wanshouxigong,aotizhongxing,nongzhanguan,wanliu,beibuxingqu,zhiwuyuan,fentaihuayuan,yungang,gucheng,fangshan,daxing,yizhuang,tongzhou,shunyi,changping,mengtougou,pinggu,huairou,miyun,yanqing,dingling,badaling,miyunshuiku,donggaocun,yongledian,yufa,liulihe,qianmeng,yongdingmengxi,xizhimengbei,nansanhuan,dongsihuan
20150319,0,PM2.5,110.4,98.2,95.8,107.1,105.2,98.6,95.2,94.7,81.1,89.3,105.9,121.3,140.9,144.6,101.7,318.3,118.7,61.6,82.7,106.9,80.1,77.7,100.1,65.2,70,70.7,63.4,149.5,120.7,137.6,117.7,132.5,109,139.6,132.7
20150319,0,PM10,225,120.5,141.9,187.3,184.1,138.4,221.9,173.2,112,185.8,209.6,232.2,250.3,258.6,155,452.9,157.2,103,127.5,135.2,94.8,125.9,123.2,93.7,109.3,111.3,112.7,202.8,175.2,206.5,179,234.3,197.6,220.4,272.6
20150319,0,AQI,84,69,70,82,78,72,78,104,63,78,86,77,86,78,74,123,84,71,77,90,88,82,91,68,82,69,87,92,81,86,74,79,75,83,88
20150319,1,PM2.5,108.3,111.7,107.4,110.7,119,110.1,91.3,89.5,72.3,147.7,97,103.5,142.9,170.7,103.9,293.3,104.9,60.6,77.9,111.6,74.1,84.8,104.9,61.1,75,63.4,72.4,181.3,107.8,152.2,119.3,120.8,125.1,147.3,141.2
20150319,1,PM10,244.4,128.3,170.1,174.7,207.5,159.3,165.3,178.9,107.2,219.5,182.4,166.9,255.1,229.2,162.3,451.2,150,97.4,118,147.4,92.4,113.1,140.8,91.1,114.1,94.8,125,231.8,155.7,289,177.6,199.3,239.6,227.2,268.8
20150319,1,AQI,90,70,72,84,82,74,79,101,65,81,88,80,90,82,78,136,88,71,80,94,89,84,94,69,81,71,81,100,83,92,76,80,79,86,92
20150319,2,PM2.5,122.8,112,106.6,115.4,120,117.6,89.3,91,71.8,113,93.5,86.6,130.1,175.4,125.7,272.3,88.9,54.7,73.5,125,70.5,77.2,116.2,73.3,74.4,69.9,70.8,206.9,130.8,130.7,111.8,116.9,118.7,137.8,141.3
20150319,2,PM10,286.9,137.1,172.3,193.5,195.8,174,154.8,154.4,114.8,161.1,166.8,151.9,256.4,309.5,203.8,374.7,126.3,93.9,110.2,139.5,90,108.5,155.1,89.6,109.9,98.7,119.4,266.4,162,228.3,168,210.9,208.6,202.3,214.9
20150319,2,AQI,93,73,74,87,86,78,81,98,67,83,90,83,94,88,82,148,90,72,81,98,89,85,97,71,80,73,78,107,84,97,80,84,82,91,94
20150319,3,PM2.5,123.8,109.7,104.2,116.7,95,121.2,87.8,109.3,80,106.9,88.8,86,124.7,198.6,174.8,217.8,77.3,60.8,73.4,100.3,71.7,83.7,133.3,73.6,69,67,68.7,189.9,132.9,130.8,120.1,126.5,106.5,125.9,129.1
20150319,3,PM10,229.4,157.3,137.3,211.9,125.9,157.5,158.7,148.9,104.5,166.9,155.4,145.3,215.4,298.3,283.2,272.5,107.6,93.9,97.2,117,75.8,88.5,140.3,92.4,125.7,101.3,103.4,233.7,186.2,215.8,164,211.4,168.4,175.5,194.7
20150319,3,AQI,96,78,76,89,86,83,82,90,70,85,92,86,98,97,90,158,92,74,83,100,90,87,103,74,80,74,75,115,86,102,85,87,85,95,96
20150319,4,PM2.5,97.3,106.2,86,88.4,84,102.2,82.6,97.9,76,101.1,86.2,77.7,99.6,174.3,148.3,161.5,77,69.6,71.9,86.5,72.5,77.7,121.8,59.9,61.7,64.1,69.3,192.3,127.3,123.5,89,100.3,89,112.1,127.6
20150319,4,PM10,174.4,122.1,107.7,149.6,120.4,119.2,137,153.7,96,141.7,159.5,118.1,185.5,248.1,237.4,262.7,106.1,118.5,94.5,100.5,81.7,93.4,126.1,87.1,167.8,88.7,97.5,208.4,175.2,187.2,114.1,157.8,134.5,126.4,199.8
20150319,4,AQI,96,82,79,90,86,87,82,97,72,89,94,89,101,104,96,165,93,76,85,102,91,89,107,75,82,75,74,122,92,107,88,91,87,100,99
20150319,5,PM2.5,78.7,83.6,76.5,74.9,84,87.4,80.6,127.1,73.2,86.4,83.4,72.5,84.5,116.2,122,109.6,75.4,64.9,74.6,74.1,69.3,76.3,104,61.6,60.8,68.2,59.5,198,124,100.6,77.6,83.9,80.7,85.6,94.8
20150319,5,PM10,145.4,110.3,97.8,130.4,129,105.1,138,165.3,94.5,115.2,142.5,118.3,163.5,148,176.9,135.4,111.2,109.2,101.1,81.9,78.8,107.7,142,112.5,228.6,114.5,107.1,233.5,168.7,165.5,90.8,122.3,126.8,103.8,128.4
20150319,5,AQI,96,85,82,90,87,90,83,96,75,92,95,91,104,108,101,167,94,77,88,103,91,91,111,77,85,76,74,129,97,110,90,94,90,102,102
20150319,6,PM2.5,74.3,76.2,79.1,78.5,89.8,84.4,85.3,120.7,70.1,80.9,79.5,68.3,84.1,88.9,95.9,88.9,72.2,59.5,71.3,75,66.8,72.7,106.9,50.3,59.3,72.8,66.8,197.8,137,109.9,77,77,86.3,77.5,96.8
20150319,6,PM10,148.7,77.5,109,124.1,139.1,94.8,149.2,146.9,86,121.5,138.8,110.8,166.5,108.8,143.2,114.5,103.4,118.8,91.9,99.3,85.6,117.7,139.5,151,240.2,128.2,137.4,225.7,210,160.5,100.3,124.1,155,115.3,133.4
20150319,6,AQI,99,88,85,90,87,93,84,100,78,94,96,93,106,112,104,167,95,79,89,104,92,92,115,78,88,78,74,136,102,113,93,97,93,105,105
20150319,7,PM2.5,82.9,75.8,80.6,78.7,87.3,75.7,92.8,112.6,71,90.8,83.3,72.4,86.4,88.9,85.2,77.9,71.8,71.4,70.2,82.3,69.8,79.5,105.7,59.4,62.5,70.9,60.6,207.9,153.7,95.4,85,85.8,92.5,88.2,89.9
20150319,7,PM10,188.1,86.3,129.2,133.3,137.9,110,176.2,147.2,99.5,189,152.2,118.1,175,128.2,151.9,123,126.9,174.4,103.4,107.3,99.4,133.6,146.3,173.4,212.4,143.7,143.1,222.5,208,151.5,120,151.4,179.9,155.2,164.5
20150319,7,AQI,102,89,88,92,91,97,87,104,80,97,98,95,108,114,106,167,95,80,91,105,92,94,118,80,91,79,76,144,109,115,96,99,97,107,108
20150319,8,PM2.5,84.3,80.9,82.4,83.4,88.2,93.8,98.8,106.7,81.3,110.3,76.8,68.2,84.1,123.1,84.4,86.6,72.5,92.1,72.2,83.7,76.5,90.7,152.5,63.6,60.5,67.5,63.9,203.5,161.3,118,100.9,91,95.5,95.1,127.6
20150319,8,PM10,207,106.6,142.5,149.3,178.4,157.9,186.7,181.7,127.7,225.8,180.8,146.2,172.3,232.6,184.3,215.8,158.1,233.9,122.5,153.4,124.9,162.7,195,217.4,221,149.3,178.6,258.2,268.7,221.7,161.6,175.4,194.3,261.8,235.1
20150319,8,AQI,105,92,91,95,94,99,90,107,83,101,100,96,109,118,108,166,96,82,93,106,94,95,123,81,94,81,78,150,116,118,99,102,100,110,111
20150319,9,PM2.5,92.9,89.5,82.5,89.4,97.2,125.8,100.3,98.8,71.3,108,82.5,72.6,95,123,98,134.6,76.5,83.4,79.5,104.6,92.9,94.7,264.6,121.5,55.7,80.5,74.8,163,148.1,128,77.9,87,83.7,110.9,145.1
20150319,9,PM10,226.1,134.9,140.7,177.5,154.6,223.8,207.8,181.5,104.5,228,201.4,154.3,185.3,250.7,210.9,444.2,190,258,160.5,219.9,183,181.8,300.8,255.4,225.1,192.5,207.9,230.3,296,193.3,145.2,181,175.9,252.5,269.7
20150319,9,AQI,108,94,93,98,97,104,93,108,85,105,101,98,111,121,111,169,97,84,94,108,95,97,133,84,97,83,81,156,121,120,100,104,103,113,116
20150319,10,PM2.5,83.8,90.7,93.9,83.1,88.2,119.1,88.1,106,,108.3,83.7,67.5,94.7,122.2,121.8,134.5,72.9,120.2,78.5,103.1,95,95.5,225,76.4,67.4,77.7,96.8,125.5,119.2,113.6,94.3,81.5,85,108.3,136.8
20150319,10,PM10,241.3,181,163.6,220.3,180.7,213,195.7,193.5,,224.5,248.5,155.4,209.4,246.4,289.5,466.1,208.5,289.7,157.2,224.3,221.6,201.4,280.4,234.7,247.9,208.5,253.7,217.2,189.6,188.3,179.1,201.4,208.4,234.7,207.6
20150319,10,AQI,112,97,96,101,100,108,96,110,87,109,104,99,113,125,115,172,97,89,96,110,96,99,141,86,101,85,85,160,125,123,104,106,105,116,120
20150319,11,PM2.5,81.7,93.6,74.6,75.9,75.5,102,79.7,75.8,34.2,91.9,74.1,60.6,83.3,110,121.1,116.5,75,107.6,71.1,91.7,95.6,81.5,128.2,64.2,67.1,69.8,75.5,105.8,107,114.1,91.7,86.6,81.4,99.6,108.5
20150319,11,PM10,258.3,194.5,192.4,262.6,155.8,200.2,193.4,164.7,219.6,228.9,247.2,181.7,244.8,245.7,269.7,350.2,232,251.2,160.7,230.9,250.6,218.9,227.7,186.7,241.9,234.3,230.7,251.3,218,198.9,190.7,219.6,228.9,225.9,211.5
20150319,11,AQI,116,101,98,104,102,109,100,110,87,112,106,98,116,129,118,176,98,92,97,113,98,101,145,88,104,87,89,164,129,127,106,109,108,119,124
20150319,12,PM2.5,72.1,81.8,78,71,80.6,88.1,68.8,59.9,50.5,91.7,62.2,55.3,80.5,104.6,104.7,107.9,73,78.7,54.5,95.2,86.4,73.5,111.3,49.4,61.2,57,67.1,100.2,108.7,94.5,89,84.7,72.2,89.1,122
20150319,12,PM10,283.7,210.2,195.8,245.9,200.9,190.8,202.4,199,208.9,214.5,273.7,212,297.9,255.8,297.6,274.4,215.2,201.9,152.9,267.4,236.6,207.9,197.1,128.8,225.9,222,236.4,286.1,284.8,227.7,210.8,214.3,238.8,229.8,261.6
20150319,12,AQI,121,103,101,109,105,110,103,110,87,115,110,98,120,132,121,180,98,95,97,115,100,102,148,89,106,89,92,168,132,130,109,112,110,122,128
20150319,13,PM2.5,66.5,68,57.1,64,63.3,58.2,58,52.8,49.7,64.6,74.1,45.5,67.3,89.9,92.9,96.6,74.1,52.2,51.1,82,70.2,46.2,75,41.3,38.2,44.3,56.8,97.3,104.8,88,68.8,81.1,61.8,83.4,79.4
20150319,13,PM10,271.2,195.7,180.4,242.6,180,171.8,198,154.8,213.1,178,274.4,181.7,288.4,272.6,314.1,235.8,209.3,131.1,178.8,242.8,244.5,188.5,180.2,120.9,155.5,209.4,184.6,307.3,318.8,284.3,177.7,228.1,231.6,235,131.9
20150319,13,AQI,125,105,103,113,106,112,106,110,88,117,114,101,124,135,124,183,100,96,98,117,102,102,148,90,105,92,95,172,135,133,111,115,111,124,130
20150319,14,PM2.5,63.6,67.5,65.6,59.9,54.9,56,55.2,37.8,52.9,64.5,57.6,45.4,74.5,77.7,70.8,,46.4,47.9,54.5,67.7,54.7,47.4,54.3,28.2,28.5,41.3,43.4,79.4,101.3,84.3,60.7,63.5,54.4,68.2,62.8
20150319,14,PM10,268.5,187.7,177.3,225.8,162.4,180,172.5,143.1,197.2,184.4,243.9,193.6,284.1,261.8,257,183.6,146.5,132.1,198.2,228.8,180.6,172.6,130.5,121.9,119,179.5,196.3,254.6,328.3,283.7,182.4,205.5,191.2,209.2,155.7
20150319,14,AQI,129,106,104,117,107,113,109,109,88,119,117,103,128,137,126,189,100,96,98,119,102,102,146,90,106,94,97,174,139,135,112,116,113,126,132
20150319,15,PM2.5,54,62.5,53.2,49.5,56.6,62.1,53.4,,50,62.4,72.6,44.4,80.3,69.2,,41.7,36.6,24.6,49.6,52.3,50.5,40.8,29,18.7,34.4,40.5,49.3,64.9,86,77.5,58.8,55.6,52.7,64.6,60.5
20150319,15,PM10,227.2,192.6,160.8,218.7,189.2,177,194.1,,194,229,258.1,185.5,307.3,218.6,239,203.2,148.5,115.2,191.1,190.7,148.1,146.2,95.7,89.1,129.7,163,197.6,211.2,275.2,259.4,188.6,216.4,189.1,201.6,170.8
20150319,15,AQI,132,108,104,120,109,114,112,,88,120,121,105,132,139,129,189,100,97,97,119,101,100,142,90,106,95,99,175,141,137,114,117,115,127,133
20150319,16,PM2.5,52.9,54,64.4,57.9,54.9,58.1,61.3,45.6,54.5,71.1,76,54.7,89.4,66.9,,66.4,48.5,36.6,66.4,47.8,31.9,51.2,27.4,25.1,27.9,42,41,53.6,63.6,,66.3,59.4,65.3,65.9,66.1
20150319,16,PM10,290.9,198.5,221.9,242.1,218.6,197.1,228.6,,213.2,291,320,255.8,321.2,237.9,219.3,251.7,152.7,146.9,239.9,161.4,115.7,153.6,80.8,95.8,106.2,171.6,164.4,176.2,240.5,291.9,202.6,214,240.9,218.2,197.9
20150319,16,AQI,135,108,105,121,111,114,115,111,91,121,125,108,137,140,131,191,100,98,98,118,99,99,137,89,105,97,101,175,141,140,114,118,117,127,134
20150319,17,PM2.5,58.9,71,66.6,68.9,65.7,65.9,71.7,66.9,74,72,84.6,64,90.5,69.8,48.7,67.8,55.9,49.8,78,46.1,44.4,36.7,32.4,45.5,29.2,38.7,46.7,55,93.5,,66.4,72.2,71.2,80.2,63.5
20150319,17,PM10,326.4,230.9,234,270.7,282.7,216.5,281.7,265.8,267.4,269.6,335.7,303.8,330.6,266.1,228.1,262.5,215,218.9,282.9,149.3,168.4,160,78.1,169.3,99.6,161.1,173.2,194.9,273.7,301.9,252.3,243.5,271.9,253.5,210.8
20150319,17,AQI,139,109,106,123,115,115,117,112,95,122,129,113,141,141,131,192,102,100,101,117,98,98,134,90,105,97,102,175,143,143,115,120,121,129,135
20150319,18,PM2.5,74.6,73.4,72.6,75.8,74.3,77.4,71.5,77.7,76.5,84.4,89.9,71.8,97.3,77.1,65.7,60.2,61.3,64.5,87,60.1,63.5,61.6,41.5,60,32.6,39.5,57.8,49,242.2,61.4,79.3,83,73.2,84.7,78.8
20150319,18,PM10,392.8,269.4,260.9,311.9,321.7,269.4,313.8,314.2,295.4,314.3,375.5,348.2,385.1,293.1,264.7,266.5,249.9,275.8,334.3,223.4,235.9,217.4,95.1,263.5,106,175.9,223.6,177,450.1,311.9,276.3,291.6,291.3,277.9,301.3
20150319,18,AQI,144,110,107,125,119,116,121,114,99,124,134,117,145,142,131,192,105,104,106,117,99,100,133,94,104,99,104,175,153,143,116,123,124,130,136
20150319,19,PM2.5,83.7,84.9,85.6,92.1,82.8,88.6,80.6,90.3,87.7,105.1,108.2,83.3,126.5,114.2,95.9,73,68,78.7,92.9,74.4,71.7,69.6,62.2,77.3,55.4,55.8,53,76.7,392.7,111.3,93.6,94.9,90.9,107.5,90.3
20150319,19,PM10,431.6,270.4,297,342.7,341.9,272.4,339.7,355.2,326.2,339.8,392.5,355.3,402.4,322,324,282.8,277.1,330.5,338.9,256.5,257.2,244.8,124.8,317.5,228.7,236.7,219.9,231.3,553.9,291.5,326,313.4,330.7,336.3,306.2
20150319,19,AQI,149,111,108,128,123,118,125,118,104,128,139,122,150,145,134,192,109,108,110,117,100,102,132,98,107,101,106,175,172,145,117,127,128,131,138
20150319,20,PM2.5,113.2,102.2,104.5,111.7,103.4,111.3,100.5,96.9,96.6,124.8,121.5,105.6,134,119.8,117.9,99.2,82.2,87.5,107.6,77.8,80.3,80.4,71.2,89.4,69,58.9,59,87.1,247.2,137.5,126.1,116.4,107.7,131.8,115.8
20150319,20,PM10,459.5,274.7,321.7,345,362.5,318.2,358.3,334.5,322.4,363.4,394,368.1,384.5,339.1,357.7,411.7,285.5,335.2,372.9,275.6,288.7,254.7,161.2,297,282,267.8,241.9,254.2,437.5,310.7,345.4,354.1,367.5,358.8,329.6
20150319,20,AQI,154,113,113,131,127,120,129,122,109,132,143,126,154,147,138,193,112,113,114,117,103,105,131,102,110,104,108,175,182,148,119,131,132,134,140
20150319,21,PM2.5,123.9,128.2,118.4,122.3,115.1,127,114.6,93.3,104.6,135.2,143.3,117.9,151.4,149.5,157.5,133.8,104.3,92,121,108.2,83.8,88.2,78,81.5,63.9,71.7,82.1,136.7,341.8,158.5,128,137,115.9,156.4,137.1
20150319,21,PM10,459.1,304.2,315.5,348,346.5,321.4,347.6,328,314.5,355.3,399.7,361.3,380.7,344.9,430.1,410.6,322,319.4,374.1,293.1,294.1,287.8,243.8,296.7,244.5,273.3,289.5,322.6,443,323.6,342.7,347.4,354.2,353.2,336.6
20150319,21,AQI,160,115,116,135,131,122,133,126,113,136,148,130,157,150,144,190,116,117,118,117,106,108,132,106,112,108,112,175,198,151,122,135,136,137,142
20150319,22,PM2.5,144.3,139.6,130.9,139.6,130.7,150,126.1,102.1,87.6,160.9,137.2,124.5,150,155.4,174.3,167.4,104.8,77.6,115.9,106.2,103.3,69.6,58,81.7,32.3,64.1,86.2,173.3,309.6,175.2,152,153.8,129.5,161.3,152.4
20150319,22,PM10,452.4,306.5,305.9,356.2,325.9,306.1,339.9,365.9,258.8,354,375.5,384.7,373,326.3,399.2,399.6,300.1,290.5,315.1,226.3,319.3,292.6,193.4,284.6,194.3,263.7,274.3,336.9,448.8,343.3,333.8,338.8,334.7,350.9,309.4
20150319,22,AQI,164,119,120,139,133,125,136,131,116,140,152,134,160,154,149,181,119,120,121,118,110,111,131,110,114,111,116,179,208,154,125,138,139,141,144
20150319,23,PM2.5,140.8,145.3,124.9,152.4,118.7,147.8,110.5,118.8,90.6,161.1,128.9,108,163.6,182.9,196,188,113.3,83.1,87.1,70.6,83.8,97.1,31.4,42.9,26.9,64.4,93.1,191.8,216.8,161.9,153.7,159.4,120.7,173.6,156.2
20150319,23,PM10,421.8,285.5,277.8,333.1,314.7,279.1,349.7,376.1,305.5,369.1,374.9,331.2,375.9,354.5,387.9,364.8,290.4,270.6,306.4,192.4,251.9,270.4,165.3,204.3,210.9,241.3,271.6,349.4,346.5,306.8,298.7,324.8,337.1,342.5,294.1
20150319,23,AQI,168,122,122,142,133,128,138,135,121,144,155,135,163,160,154,180,121,124,124,118,113,114,128,112,116,114,119,182,212,155,128,140,142,144,145
20150319,0,SO2,19.2,4.3,17.5,13.4,16.4,16.5,19.5,18.3,12.2,15.5,22.6,16.4,16.4,28,19,52.5,17.2,13.4,15,19.4,2,14.9,11.9,10.1,9.5,5.5,19.1,26.2,11.3,24.2,23,29.2,18.4,25.9,22.5
20150319,0,NO2,100.2,84.4,104.3,124.6,119.8,123,149.2,230.2,58.7,108.6,95.1,91.6,96.6,138.2,94.9,135.9,104.9,42.1,44,53.8,31.3,78.2,88.3,27.2,47.3,39.5,26.3,,45.2,85.3,114.9,157,124.8,146,105.8
20150319,0,O3,5.6,2,5.8,3.2,4.7,6.7,2,2,34.2,2,8.4,2.9,2,3.7,13.7,2.4,4.2,48.6,37.3,25.3,38,13.4,4.9,58.1,52.3,48.9,68.1,5.3,18.1,4.2,3.3,2,7.6,2,3.1
20150319,0,CO,1.6,1.4,1.3,1.7,1.4,1.4,1.4,2,0.9,1.4,1.6,2.4,2,2.1,0.9,4.7,1.7,0.8,1.1,1.6,1,1.3,1.2,0.8,0.8,0.9,0.8,2.3,1.2,1.3,1.9,3.5,2,2.9,2.4
20150319,1,SO2,19,4.1,20.7,13.2,22.8,13.9,20.6,10.7,11.7,15,20.2,16,17.4,21.4,13.8,50.3,19,11.4,13,13.9,2,14.5,14.1,7.4,9.5,7.4,20.3,30.3,13.1,20.5,19.9,19.2,17.3,28.1,24.4
20150319,1,NO2,105.4,84,116.4,116.4,122.9,121.1,137.8,200.2,47.2,116,81.8,73.8,99.8,117.4,107.2,141,93.4,37.5,38.2,57,28.9,62.1,88.7,22.5,45.3,36.1,28,,49,83.8,112,128.9,129.7,156.5,96
20150319,1,O3,5.5,2,2.2,3.1,9,7,2,2,42.3,2,14.6,2.6,2,2.5,2,2,3.9,50,35.1,15.7,34.4,25.3,6.7,57.7,49.7,54,61.1,5.2,12.9,3.3,2.9,2,6.8,2,3
20150319,1,CO,1.9,1.6,1.6,1.7,2,1.6,1.3,2.1,0.8,2,1.5,2.3,2.1,2,1.1,5.4,1.3,0.8,0.9,2,1,1.2,1.6,0.8,0.9,0.9,0.9,2.9,1.3,1.7,1.8,3.5,2,2.7,2.5
20150319,2,SO2,21.4,6.2,21.1,20.2,20.2,16.1,17.6,11.5,12.7,18.5,19.1,11.6,17.9,22.6,17.8,42.9,15.7,10.2,14.3,12.9,2,12.1,11.9,7.2,12.3,6.1,18.3,30.1,17,16.3,19.9,19.8,20.3,21.9,21.2
20150319,2,NO2,109.7,92.1,116.2,124.3,113.6,126.7,131.5,195.1,64.1,111.2,76.4,64.4,94.1,136.4,112.9,145.9,80.6,31.8,31.4,53.3,24,76.2,82.1,23.2,78.5,31.5,24.5,,53.4,74.3,108.6,119.2,123.9,142.9,107.1
20150319,2,O3,7.2,2,2,3.6,8.2,9.1,2,2,24.9,2,16.5,6.9,2,2.8,2,2,10.9,53.2,29.8,13.8,30.8,8,6.7,53.8,15,53.3,59.6,5.1,11.2,3.1,3,2,6.4,2,4.5
20150319,2,CO,2.3,1.8,1.6,1.9,1.8,2,1.2,2.2,1.2,1.8,1.6,1.7,2.3,2.5,1.5,5.2,1.1,0.8,0.8,2,0.8,1.2,1.8,0.9,0.8,0.8,0.9,3.6,1.3,1.8,1.9,2.7,1.7,2.4,2.3
20150319,3,SO2,22.8,11.8,20.2,20.8,18,19.6,15.6,12.5,13.5,20,15.2,12.8,15.4,28.9,29.4,39.6,14.1,10.2,12.6,14,2,12.7,8.7,6.6,11.4,5.1,15.3,30,12.6,14,21.4,22.5,18.9,24.9,26.2
20150319,3,NO2,102.5,101.7,106.6,123.6,98,118.3,130.5,178.3,46.1,110.4,81,72,96,130.7,127.2,119.1,69.1,36.8,33.8,43.5,22,76.8,73.5,25.6,66.3,30.7,24.5,,56,72.7,104.7,118,115.3,141.8,101.1
20150319,3,O3,5.3,2,2,3.7,10.3,8.4,2,2,39.6,2,14.3,2,2,2.1,2,2,21.9,44.9,2,22.9,35.3,7.2,8.7,47,19.3,49.8,59.6,4.3,2,3.2,3.1,2,7.3,2,3.3
20150319,3,CO,1.8,2,1.4,1.6,1.3,1.6,1.3,2.4,0.9,1.5,1.2,1.1,1.9,2.7,2.6,3.3,1,0.9,0.1,1.7,0.8,1.2,2.3,1.1,0.7,0.9,0.8,3.7,1.4,2,1.8,2,1.4,2,2.2
20150319,4,SO2,14.9,10.1,16,15.9,14,16.8,13.4,11.9,13.4,17.8,15,13.8,13.8,26,27,38.7,11.2,12.7,10.5,11,2,14.2,10.7,7.1,12.8,6.1,14.8,28.3,9.7,17.2,17.4,18.9,13.9,21.1,20.3
20150319,4,NO2,90.7,91.1,97.8,108.7,95.6,114,122.2,192.2,36.4,103.1,90.1,49.1,94,121.1,119,97,65.6,80,30.6,44.7,20.9,73.2,71.6,20.6,64.5,30.5,26,,56.8,73.7,91.4,110.9,104.9,131,93.2
20150319,4,O3,4.4,2,5.4,10.3,8.4,6.1,2,2,47.9,2,7.1,25.5,2,4.1,2,2,20.3,4.4,33.9,17.6,43,18.8,7.5,47.5,28.3,50.4,58.6,4,2,2.9,3.3,2,10.9,2,2
20150319,4,CO,1.5,1.6,1.2,1.2,1.2,1.4,1.5,2.7,0.8,1.3,1.4,0.9,1.6,2.6,2.3,2.4,1,1.4,0.6,1.2,0.7,1.1,2.5,0.7,0.6,0.9,0.8,3.9,1.4,1.7,1.3,1.5,1.2,1.6,2.1
20150319,5,SO2,13.8,7.9,13.8,12.8,13.8,13.6,13.5,10.8,11.4,15.4,15.1,13.2,12.8,20.6,22.8,41,8.8,11.3,9,12.7,2,13.8,11.6,5.8,25.1,6.5,9.5,27,7.8,15.2,14.5,15.3,13.5,18.3,13.2
20150319,5,NO2,74,77.7,81.6,80.2,96.2,98.8,121.1,181.2,32.1,86.9,62.4,48,90.4,105.7,109.5,105.2,68.6,58.3,,28.5,18.7,56.4,76.2,16.5,35.7,33.2,24.4,,54.7,75.7,67.9,89.3,94.4,97.9,86.4
20150319,5,O3,11.7,2,10.6,17,5.8,5.4,2,2,47.6,2,22.1,13.8,2,2.8,2,2,12.2,18.1,36.6,31.5,42.2,27.1,5.8,52,43,46.3,54,4.6,2,2.7,14.7,2.9,13.5,3.5,2
20150319,5,CO,1.1,1.2,1,1,1.3,1.2,1.3,3.3,0.8,1.2,1.2,1.7,1.2,1.7,2.1,1.6,1,1.3,0.7,1.2,0.8,1,2.1,0.6,0.7,0.9,0.7,4.4,1.8,1.6,1,1.1,1.2,1.2,1.5
20150319,6,SO2,12.2,5,13.4,11.4,15.8,12.4,11.5,9.7,9.3,14.8,15.5,13.3,15.6,15.3,16.8,27,7.7,12.9,13.1,15.7,2,13.7,14.2,6.5,20,5.1,10.1,24.9,10.2,14.6,13.2,16.1,13.8,18,15.4
20150319,6,NO2,78.9,68.9,94.4,87.8,102.9,83.5,119.2,170,31.4,97.6,45,34.6,75.3,93.9,97.4,92.4,61.8,54.8,28.1,36.1,18.9,67.6,80.5,12.2,33.2,31.2,21.5,,58.3,79.5,84.3,95.1,108.2,111.6,86.2
20150319,6,O3,7.4,2,2.5,9.2,5.2,16,2,2,43.5,2,35,29,7.9,3.9,2.6,2,11.4,22.9,40.4,27.9,44,13.1,6.5,55.1,44.6,45.2,56.1,4.8,2,2.9,4,2,7.5,2,2
20150319,6,CO,1.2,1.1,1.2,1.1,1.5,1,1.5,3.2,0.8,1.2,1,1.5,1.2,1.3,1.3,1.1,1,1.3,0.9,1.1,0.7,1.2,2.2,0.5,0.5,0.8,0.7,4.2,2,1.5,1.1,1.3,1.8,1.3,1.4
20150319,7,SO2,12.8,3.7,13.3,11.2,15.3,11,13.1,10.9,8.1,14.4,14.5,14,11.2,14.5,15.9,24.8,8,18.8,12.9,12,2,13.9,10.7,6.9,33.1,4.9,10,24.2,10.9,7.8,13.6,20.8,15.4,26,21.6
20150319,7,NO2,93.3,63.6,95.8,94,100,89.8,114.7,167.3,31.2,103.2,37.6,39.9,73.2,91.8,93,78,62.1,72,34.5,46.5,22.4,73.2,62.2,13.2,78.4,30.1,21.2,,67,61.6,91.9,100.9,111.7,122.8,86.1
20150319,7,O3,3.7,2,2,4.4,5.3,9.9,2,2,42.2,2,46.2,22.6,2,2.9,2,8.5,14.2,3.6,33.9,18.5,40.6,6.2,6.8,54,3.5,44.8,56,5,2,2.9,3.1,2,4.6,2,2
20150319,7,CO,1.5,1.1,1.4,1.2,1.7,1,2.4,2.8,0.7,1.6,0.8,1.4,1.3,1.5,1.2,0.9,0.9,1.9,0.9,1.1,0.7,1.2,2.2,0.5,0.6,0.8,0.7,4.1,2.4,1.9,1.4,1.6,2,1.8,1.8
20150319,8,SO2,13.4,7,13.7,12.2,15.1,12.9,21.5,19.1,10,17.6,17.6,12.9,9.7,17.1,14.9,26.9,9,25.2,16.3,15.2,2,16.7,16.4,10.4,44.1,5.7,10.6,27.8,16.7,17.8,18.6,26.4,18.2,33.9,30.4
20150319,8,NO2,86.5,69.5,96.2,100.3,97.4,97.3,120.1,160.3,65.6,100.5,52.4,47.9,71.6,94.8,85.8,81.1,65.4,72.3,45.6,68,42.4,67.9,61.8,30.4,73.1,28.7,21.8,,71.5,61.3,99.8,112.6,119.8,136.6,78.8
20150319,8,O3,7.5,2.3,4.3,5.9,6.3,8.1,2,2,10.2,2,36.1,8.9,4,4.7,6,6.5,16.3,4,24.3,6.1,23,12.4,17.4,31.9,7.7,51.3,60.1,4.6,2,4,2.1,2,5,2,3.3
20150319,8,CO,2.7,1.3,1.8,1.9,1.9,1.7,3.2,2.6,1.4,2.1,1,1.3,1.4,2.3,1.1,1,1,2.4,1,1.3,0.9,1.3,2.6,0.7,0.8,0.8,0.6,4,2.3,1.9,1.9,2.5,2.6,3,2.8
20150319,9,SO2,14.4,17.4,14.7,14.2,19.1,16,28.9,27,12.3,19.5,14.9,16.4,10.6,22.8,15.4,27,8.3,28.5,18.8,22.1,5.9,14.3,29.3,15.6,36.7,5.9,10.5,30,28.3,35.3,15,20.8,15.7,35,36.3
20150319,9,NO2,92.3,90.5,93.1,113.5,101.7,105.7,137,170.4,53.8,101.7,48.8,44.2,64,105.6,95.9,101.9,52.8,87.1,57,79.7,59.3,59.5,76.8,45,33.3,26,21.9,,74,73,86.2,106.7,113.6,149.1,89.6
20150319,9,O3,12,5.7,11,8.9,13.8,10.3,2,6.4,31.7,2,40.7,14.9,16.3,8,11.2,2.7,27.4,5.5,18.4,7.2,12.6,21.3,28.7,29.4,47.8,58.4,51.5,5.4,2,9.1,8.8,3.1,8.9,2,4
20150319,9,CO,1.8,1.5,1.6,2.1,1.7,2.2,2.6,2.3,1.1,2.2,1.1,1.5,1.4,2.4,1.2,1.6,1,2.1,1.3,2,1.2,1.2,3,1,0.6,0.8,0.7,3.1,2.1,1.8,1.4,1.9,1.6,3,3
20150319,10,SO2,12.5,15.1,14.1,10,17.8,15.9,21.5,26.5,9.8,19.8,20.3,17.3,13.2,22.3,16.8,23,5.7,24,23.1,16.6,2,12.1,41.5,17.4,,4.8,16.6,28.2,23.9,26.1,14.3,15.2,15.6,28.8,35.6
20150319,10,NO2,89.6,102.6,94.7,105,96,124.6,132.3,194.3,23.9,97.9,57.6,,70.8,100.5,108.7,113.9,45,98.1,63,66.5,51.5,45,77.5,45.2,39,18.5,37.5,,80.5,77.9,98.5,104.9,,,105.4
20150319,10,O3,14.9,8.4,11,16.4,21.3,10.3,2,8.9,,2.4,36.5,21.5,32.3,12.5,3.6,8.2,40.2,3.4,19.1,25.9,29.9,44.9,24.2,33.8,37.6,72.3,34.4,12.5,8.4,20.6,10.9,8,13.4,2,4.6
20150319,10,CO,1.6,1.6,1.4,1.6,1.5,2.4,1.8,2.4,0.6,1.8,1,1.1,1.1,1.8,1.8,1.2,0.8,2.4,1.1,1.4,1,0.9,2.3,0.9,0.9,0.7,1.1,2.2,1.5,1.4,1.7,1.4,1.4,2.8,2.7
20150319,11,SO2,10.9,12,9.8,6.5,13.2,12.8,16.2,17.2,9.6,16.7,10.2,12.2,10.1,18.3,17.6,18.5,4.9,22.8,17.3,14.2,2,9.7,44.5,18.6,49.3,2.9,8.9,24.6,18.5,34.9,12.1,14.1,,20.8,22.5
20150319,11,NO2,85.3,105.4,85.8,83.9,86.2,116.8,123.4,158.6,50.8,99,30.3,61.5,43.9,104.3,112.6,98.3,50.1,103.9,52.7,65.7,42.7,36.7,60.3,32.4,36.6,14.1,15.2,,,66.6,92.4,111,,,102.7
20150319,11,O3,17,8.8,15.2,30.5,28.9,12.1,2,29.1,38.7,4.3,58.7,27.5,44,11.6,4.9,20.3,42.5,8.5,33.6,34.8,48.5,58.2,27.6,53.2,46.3,79.7,64.4,17.9,21.6,55.6,13.6,6.8,18.3,2,6.5
20150319,11,CO,1.5,1.6,1.1,1,1.2,1.7,1.5,1.2,0.9,1.5,0.6,1.1,0.7,1.6,1.7,1.1,0.8,1.7,1.1,1.2,0.8,0.8,1.6,0.7,0.9,0.6,0.6,1.5,1,1,1.4,1.6,1.2,2,1.7
20150319,12,SO2,6,8,7.3,6.6,10.5,8.9,12,17,7.1,12.1,5.9,7,7.5,12.7,13.2,17.9,4.4,18.3,19.4,12.7,2,7,54.9,17.3,45,2,7.4,22.8,15.3,16.3,10.3,11.6,,,24.3
20150319,12,NO2,75.8,96.3,71.2,78,89.1,92.6,111.8,157.1,37,98.3,30.2,48.2,50.1,103,88.4,103.8,42,85,42.9,61.5,29.7,28.6,50.7,11.3,28.7,6.1,10.1,,82.6,49.2,94.8,105.6,91.7,125,109.5
20150319,12,O3,25.5,17,29.8,40.6,31.2,25.5,11.3,33.6,53.3,15.5,62.5,45.8,40.1,22.2,24.3,29.3,54.5,24.5,43,44.9,65.5,71.6,35.6,84,59.7,93,72.4,34.3,30.2,118.8,16.2,12.9,29.8,2,7.7
20150319,12,CO,1.2,1.2,0.9,1,1.2,1.1,1.2,1.1,0.6,1.4,0.5,0.8,0.7,1.4,1.3,1,0.7,1.2,0.8,1,0.6,0.6,1.5,0.5,0.8,0.4,0.6,1.2,1.2,0.7,1.4,1.4,,,2.1
20150319,13,SO2,5.6,7.4,6.4,7,9.5,7.1,11.2,13.7,7.7,7.7,7.2,7.1,4,9.2,7.2,13.5,5.7,14.7,4.9,9.2,2,5.6,52.3,15.4,18.5,2,3.2,22.3,13.3,11.1,8.9,12.6,12.1,17.9,15.2
20150319,13,NO2,68.6,70.2,51.5,76.3,66.6,61.8,91.6,108.3,39.1,58.2,51.9,32.1,36.7,62.1,60.7,83.6,49,45.5,22.3,34.8,26.9,23,34.7,12.7,19.2,3.2,3.8,,52.8,36.4,76.8,88.8,78.1,120.1,65.9
20150319,13,O3,35.3,41.7,48.2,49.2,51.4,49.9,28.4,51.9,60.2,54.8,55,66.1,54,62.8,53.1,42.8,57.1,55.1,63.5,67.5,73.1,82.1,51,83.9,85.7,99.4,84.2,47.9,64.6,100.8,32.2,28.8,43.4,9.1,36.2
20150319,13,CO,1.2,0.9,0.7,0.9,0.9,0.7,0.9,0.7,0.7,0.8,0.6,0.6,0.5,0.8,0.7,0.8,0.6,0.7,0.5,0.7,0.6,0.4,1.1,0.4,0.4,0.3,0.3,1,0.9,0.6,1,1.1,1,1.5,1
20150319,14,SO2,6.3,8.5,7.4,6.8,8.5,6.6,10.7,14,6.3,6.7,6.8,6.1,5.7,9.4,7.3,7.8,8.2,13.2,4.9,6.5,2,14.5,23.3,10.9,15.8,2,3.5,20.6,9.1,9.7,9.5,,11.6,15.2,
20150319,14,NO2,63.5,52,62.4,55.8,51,75,89.4,97.2,42.1,43.6,32.8,36.9,35.5,56.3,48.4,,52.8,35.5,25.5,22.8,15.4,20.1,16.7,8.1,28.8,4.2,13.3,,30.5,23.9,68.6,,79,99.6,46.9
20150319,14,O3,43.2,67.1,47.8,70.5,67.9,50,34,58.8,63.9,76.9,77.2,69.7,65.6,78.3,73.2,,59.1,70.8,67.4,82.3,87.9,90.6,80.7,96.4,83.8,102.7,85.2,61,87.7,116.9,42.9,43.7,,22.4,26.4
20150319,14,CO,1,0.7,0.7,0.7,0.8,0.8,0.8,0.6,0.7,0.6,0.5,0.6,0.6,0.6,0.5,,0.5,0.6,0.5,0.5,0.4,0.4,0.6,0.4,0.3,0.3,0.3,0.7,0.7,0.5,0.9,0.9,1,1.2,
20150319,15,SO2,7.1,8.5,7.1,6.9,9.4,7.3,10,,5.7,8.3,7.2,6.4,5.6,7.4,7.5,7.2,7.8,10.3,4.1,6.8,2,10.1,8,7.8,13.4,4.2,5.4,20.5,8.5,9.5,9,2.2,13,15.3,10.7
20150319,15,NO2,43.4,39.6,47.4,43.6,58.5,62.5,87.5,,32.4,46.1,28.5,27.2,36.7,44,33.3,29.3,51.7,27,23.6,23.7,25.5,20.3,7.5,4.6,28.7,8.3,19.1,,24.3,19.8,54.7,,80.9,94.4,
20150319,15,O3,60.9,86.2,63.1,82.2,67.2,64.1,41.3,,77.1,85.5,93.5,85.5,75.6,98.7,89.9,70.3,60.5,77,80.5,83.9,81.7,96.3,99.4,105.5,90,103.3,86,67.4,95.7,125.1,57.6,,48.3,30.8,31.4
20150319,15,CO,0.8,0.5,0.5,0.5,0.8,0.6,0.7,,0.6,0.6,0.5,0.6,0.6,0.5,0.4,0.4,0.6,0.5,0.5,0.4,0.5,0.4,0.3,0.3,0.3,0.4,0.3,0.6,0.6,0.5,0.6,0.6,0.9,1,
20150319,16,SO2,7,7.9,8.1,7.1,9.5,7.2,10.6,,5.3,7.8,6.7,6.1,5.2,6.3,6.4,8.9,6.6,10.2,3.6,10.6,2,12.5,9.2,7.8,13.3,6.3,9,18.9,10.2,9.1,8.8,2,13.5,13.7,11.5
20150319,16,NO2,38.4,34.6,46.1,41.4,49.2,56.4,82,,23.4,41.5,31.9,24.5,34.6,30.5,20.1,33.6,57.5,41.8,25,28.2,15,31.7,6.7,8.9,42.3,14.2,20.6,,24.9,22.4,51.8,56.2,76.9,98.6,53.2
20150319,16,O3,72.9,104.9,76.9,96.3,81,75.9,55.7,,97.9,97.6,106,103.9,84.3,115.8,99.2,89,55.3,66.6,97.9,86,94.3,91.7,101.3,100.9,80.9,107.2,90.7,66.7,92.6,116.7,70.8,,57.2,42.8,
20150319,16,CO,0.6,0.5,0.5,0.5,0.6,0.5,0.7,,0.5,0.6,0.5,0.6,0.6,0.5,0.4,0.5,0.7,0.6,0.5,0.4,0.4,0.5,0.3,0.3,0.3,0.5,0.3,0.5,0.6,0.5,0.6,0.6,0.9,0.9,0.7
20150319,17,SO2,5.9,6.9,6.6,5.9,8.6,5.9,9.3,11.1,4.9,7,6.6,5.7,5.4,6.9,5.2,2,7.3,8.6,3.6,10.9,2,11.1,14.2,8.7,15.4,6.6,9.2,18.8,10.4,8.9,8,7.9,14.9,12.3,9.4
20150319,17,NO2,32.9,30.9,40.2,38.2,42.5,51.2,86,32.1,22.1,38.7,35.9,27.5,39.5,40,20.1,27.8,58,36.1,27.1,37.1,33.1,41.7,9.5,25.2,45.7,22,25,,28.1,24.1,52.1,63,78.3,96.3,42.7
20150319,17,O3,86.5,119.5,84.3,103.8,95.9,89.8,59.6,90.3,111.9,99.3,107,108.3,77.4,108.7,114.9,106,62.2,82.4,106.4,81.1,75.7,80.7,99.6,86.3,83.2,97.7,92.2,70.6,97.6,108.1,78.3,74.1,60.1,51.8,93
20150319,17,CO,0.6,0.5,0.5,0.5,0.6,0.5,0.7,0.6,0.6,0.5,0.5,0.6,0.6,0.6,0.4,0.5,0.7,0.5,0.5,0.5,0.5,0.5,0.3,0.5,0.3,0.5,0.4,0.5,0.7,0.5,0.6,0.6,0.9,0.9,0.6
20150319,18,SO2,5.4,7.1,6.1,5.7,7.9,6.2,8.3,12.8,5.2,6.5,7.7,6.8,6.9,8.6,6.6,7.5,6.9,8,4.9,11.1,2,11.5,17.1,7.9,20.1,5.5,8.9,23.7,14,11.6,8.1,8,11.9,12.6,9
20150319,18,NO2,37.5,36.1,45.2,44.5,45.1,59.3,97.2,35.4,25,50.3,40.8,37.1,60.2,50.7,34.2,33.3,54.5,39.9,36,41.3,41.4,71.5,19.3,27.4,77.7,38,17.9,,40.1,31.8,67.9,60.6,87.3,110.6,47.5
20150319,18,O3,80.6,109,79.4,92.5,89.7,83.1,48.3,90.7,110.7,80.9,92.7,94.9,60.1,95,100.4,96.5,72.5,93.6,91.7,81,77.6,54.2,89.6,100.6,39.8,78.4,96.3,60.4,84.4,102.9,61.2,70.7,55.2,31.5,93.2
20150319,18,CO,0.7,0.6,0.6,0.6,0.7,0.6,0.7,0.6,0.6,0.6,0.6,0.7,0.7,0.6,0.5,0.5,0.6,0.6,0.6,0.6,0.6,0.7,0.6,0.5,0.4,0.6,0.4,0.5,0.9,0.7,0.7,0.6,0.9,1,0.7
20150319,19,SO2,7.2,8.1,7.8,7.9,8.8,7.1,10.3,13.6,6.7,9.8,10.8,9.5,10.4,11.7,10.9,7.5,6.9,8.9,5.3,11.4,2,13.2,18.3,8.2,9.9,5.9,7.5,20.9,15.2,15.8,10,10.1,12.9,17.5,10.1
20150319,19,NO2,53.4,53.5,70.3,74.2,56,71.2,121.4,43.4,33.8,81.6,47.5,54.8,102.2,86.6,59.6,51.2,70.9,44,45.4,53.8,37.2,53.5,76.6,31.5,61.1,39.6,17.1,,54.2,35.5,85.6,100.3,114.9,133.2,53.5
20150319,19,O3,65.6,79.7,57,62.1,78.7,68.6,23.4,75.6,92.4,42.7,84.5,73.8,28.6,57.4,79.2,66.3,54.8,87.5,72.1,60.5,80.6,78.4,26.3,97.5,76.2,82.1,92.6,37.3,57.1,111.8,45.1,35.5,32.3,8,84.1
20150319,19,CO,0.8,0.7,0.7,0.8,0.8,0.7,0.8,0.7,0.7,0.9,0.7,0.8,0.9,0.9,0.8,0.6,0.7,0.6,0.7,0.7,0.6,0.6,1,0.6,0.4,0.6,0.4,0.7,1,0.8,0.9,0.9,1,1.4,0.8
20150319,20,SO2,10.9,11.3,11.7,10.5,11.7,10.4,12.6,15.5,8.7,13.3,18.1,12.1,13,15.9,12.4,13,9.5,10.2,10.5,13.1,2,18,19.7,7.3,8.9,5.4,8.5,21.3,22.3,21.3,13.2,14,17.6,23.1,13.7
20150319,20,NO2,66.7,70,79.6,91.5,72.7,102.9,124.9,39.7,45.7,85.5,59.5,66.7,77.6,76.4,106.5,98.9,91.1,53.2,100.3,75.2,33.1,82.8,87.9,28.3,61.5,35.3,25.8,,69.5,37.4,98.2,98.7,129,141.3,80.1
20150319,20,O3,56.1,56.1,56.6,47.3,70.5,43.3,30.6,70.7,81.2,42.7,77.2,71.2,59.3,57.4,29.5,24.9,37.2,64.5,20.5,34.7,80,42.6,12.6,82.1,76.7,83.7,73.4,11.9,52.6,104.5,35.4,39.5,28.9,2,62.4
20150319,20,CO,1,0.9,0.9,1,0.9,1,0.9,0.7,0.8,1,1,1,1,1.1,1,0.9,0.8,0.7,1,0.9,0.6,0.9,1.2,0.7,0.4,0.6,0.5,0.8,1.3,1,1.2,1.1,1.2,1.5,1
20150319,21,SO2,15.4,15.7,16.3,15.2,16.3,16.3,15.2,15.7,9.3,17.3,18,14.7,16,24.4,20.6,19,11.6,13.9,12.1,17.3,2,14.2,11.7,9.3,8.1,5.7,11.3,37.5,29.5,27.8,18.4,19.4,21.5,27.4,21.1
20150319,21,NO2,60.8,82.8,66.1,88.6,69.2,92.9,121.1,48.3,41.9,115.6,58.5,86.6,94,88.9,123,109,113.4,63.2,118.3,83.3,48.3,106.7,62.7,25.5,58.9,35.3,38.6,,51.5,44.9,87.5,112.9,122.4,150.1,79.7
20150319,21,O3,70.3,57.5,77.7,61.4,84.7,63.4,39.3,53.7,82.6,20,75.5,52.3,41,50.8,15.8,21.7,17.9,48.8,3.4,18,56.9,9.9,45.3,84.9,63.3,79.1,60.3,17.5,63.1,81.8,49.2,40.4,40.5,2.8,76.4
20150319,21,CO,1.1,1.1,1,1.1,1,1.1,1,0.8,0.8,1.2,1,1.2,1.2,1.2,1.5,1.1,1,1,1.4,1.6,0.8,1.5,0.8,0.6,0.4,0.7,0.7,1.3,1.3,1.1,1.2,1.2,1.2,1.7,1.1
20150319,22,SO2,21.9,21.9,18.9,20.7,20.5,23.9,16.8,18.3,7.5,21.1,19.6,15.3,17.4,30.7,24.5,25.5,14.2,12.1,15.4,13.5,2,16,8.5,8.1,3.2,5.3,12.6,39.2,39.5,32.8,23.4,25.5,24.7,32,31.9
20150319,22,NO2,62.8,82.2,77.6,92.4,73.3,91.3,135.2,79,30.2,132.6,63.8,118.6,117,79.5,101.3,91.2,120.6,43.7,88.5,41,85,103.8,42.3,18.4,7.4,31.2,32.5,,67,58.5,102.3,93.4,121.7,144,75.7
20150319,22,O3,67,60.3,63.4,55.2,80.1,67.6,16.2,18.6,82.7,4.5,62.7,15,15,55.8,35,47.8,3.3,63.2,15.1,42.9,5.5,7.9,47.8,96,102.1,73.1,60.9,26.3,51.8,60.9,35.7,53.5,35.7,9.5,80.9
20150319,22,CO,1.2,1.4,1.1,1.2,1.2,1.2,1.1,1,0.7,1.4,1.1,1.3,1.3,1.3,1.5,1.2,1.1,0.8,1.3,1.1,1.2,1.8,0.7,0.6,0.2,0.7,0.7,1.3,1.3,1.2,1.3,1.3,1.4,1.9,1.3
20150319,23,SO2,19.3,15.9,15.3,19.1,16.6,22.6,14.9,20.7,8,21.9,19.5,12.2,20.9,33.7,30.5,30.9,18.4,12.6,11.5,14,2,13.9,2.2,2.7,2,4.5,14.5,43.2,37.2,29.9,22.6,26.3,20.5,31.7,31.3
20150319,23,NO2,91.7,89.4,106.8,122.1,107.9,110.5,138.6,87,35.6,141,70.5,111.5,102.6,78.5,103.3,111.8,108.9,78.7,47.5,30.5,35.3,84.8,13.3,5,2,31.2,31.2,,67.1,59.7,116.4,123.9,126.9,143.2,111.9
20150319,23,O3,35.7,27.5,21.1,17.8,30.5,39.9,2,7,75.8,2,48,12.9,19.2,55.6,27.3,13.2,3.9,30.5,45.6,50.1,50,15.2,70.4,93.7,103.6,63.4,59.3,18.4,47.4,54.8,16.4,15.7,15.5,2,29.6
20150319,23,CO,1.3,1.4,1.2,1.3,1.2,1.3,1,1.5,0.7,1.8,1.1,1.5,1.3,1.4,1.6,1.7,1.2,0.9,0.9,0.8,0.9,1.2,0.4,0.3,0.2,0.7,0.8,1.5,1.4,1.2,1.4,1.4,1.4,1.9,1.5
