date,hour,type,dongsi,tiantan,guanyuan,wanshouxigong,aotizhongxing,nongzhanguan,wanliu,beibuxingqu,zhiwuyuan,fentaihuayuan,yungang,gucheng,fangshan,daxing,yizhuang,tongzhou,shunyi,changping,mengtougou,pinggu,huairou,miyun,yanqing,dingling,badaling,miyunshuiku,donggaocun,yongledian,yufa,liulihe,qianmeng,yongdingmengxi,xizhimengbei,nansanhuan,dongsihuan
20150819,0,PM2.5,36,41,40,41,38,27,34,40,,36,30,34,36,35,39,34,39,40,37,47,57,57,33,38,,45,31,42,,45,39,45,41,49,38
20150819,0,PM10,63,49,77,64,77,51,54,65,42,78,67,121,41,,,54,47,57,73,71,63,73,45,63,,68,38,42,,57,67,72,117,86,64
20150819,0,AQI,67,71,71,70,66,62,67,69,137,73,67,75,74,75,75,86,58,71,77,88,71,60,80,81,,52,95,110,,75,78,75,78,85,73
20150819,1,PM2.5,46,42,43,43,45,32,37,48,,43,29,40,41,35,36,39,44,39,38,42,48,57,31,40,,45,28,49,,37,52,46,40,53,39
20150819,1,PM10,52,,51,55,70,46,60,82,50,56,53,66,,36,,56,48,56,76,49,,70,33,69,,47,,,,50,54,51,84,71,44
20150819,1,AQI,65,68,68,67,65,60,65,67,128,70,64,72,70,73,72,84,57,70,73,85,70,60,74,79,,52,92,108,,72,75,73,75,83,71
20150819,2,PM2.5,47,43,41,56,44,29,42,48,,42,38,43,43,35,27,41,41,38,40,60,57,45,30,44,,42,37,51,42,39,58,43,51,49,41
20150819,2,PM10,48,,44,,60,52,50,75,64,59,52,60,,,37,64,71,79,51,,94,67,60,80,,46,,,,51,,,54,56,44
20150819,2,AQI,63,66,66,67,64,59,63,66,121,67,62,69,68,72,69,82,56,68,70,84,70,60,72,78,,52,88,105,62,69,73,72,73,81,69
20150819,3,PM2.5,37,31,43,42,38,31,44,48,,43,40,44,48,40,35,41,48,47,35,28,53,50,26,43,,46,38,55,46,40,48,38,45,49,45
20150819,3,PM10,43,,49,50,53,33,53,71,73,50,56,47,52,51,44,61,,61,47,48,75,81,46,77,,50,,,,51,53,53,63,78,
20150819,3,AQI,60,64,63,65,63,57,63,66,115,65,60,67,65,71,66,79,56,67,67,80,70,60,70,76,,54,157,102,60,66,71,70,72,79,68
20150819,4,PM2.5,42,40,42,32,44,29,50,48,,48,43,44,55,37,35,40,51,39,43,38,38,48,32,41,,45,38,62,,46,52,44,47,49,35
20150819,4,PM10,54,63,55,67,63,48,71,71,94,72,67,79,,,37,62,68,63,85,46,43,56,67,67,,,44,78,,,73,81,88,82,73
20150819,4,AQI,60,62,61,65,63,56,63,66,103,64,60,67,63,70,63,76,58,65,66,76,70,60,70,74,,55,80,98,,64,69,70,72,79,68
20150819,5,PM2.5,53,52,57,53,50,34,56,55,,57,48,48,53,42,34,47,56,49,49,40,46,52,34,41,,37,43,68,38,43,58,48,47,52,41
20150819,5,PM10,71,65,94,75,90,68,78,73,62,77,72,98,64,63,55,59,82,73,67,69,76,109,66,57,,50,48,77,42,55,77,76,157,95,96
20150819,5,AQI,60,62,62,65,64,57,63,67,102,64,60,68,62,68,59,74,60,65,66,74,71,62,70,73,,55,75,94,57,61,68,70,74,79,68
20150819,6,PM2.5,55,51,58,44,60,45,52,54,,56,47,48,60,46,46,56,58,39,52,64,51,51,35,38,,42,48,70,,46,64,51,50,62,57
20150819,6,PM10,82,64,76,96,81,80,77,75,78,99,77,77,79,64,58,88,63,70,74,86,88,52,69,,,,63,77,,56,86,85,96,106,94
20150819,6,AQI,60,62,63,65,65,59,63,68,107,65,61,67,62,66,56,73,62,65,66,74,72,63,70,72,,57,72,90,,58,70,69,74,79,68
20150819,7,PM2.5,58,57,61,49,60,47,56,57,,54,48,55,57,56,52,63,60,43,49,39,56,54,42,35,,40,50,71,,47,67,56,58,70,58
20150819,7,PM10,77,,84,60,80,66,65,67,60,74,69,77,62,117,65,87,,71,55,72,,56,47,63,,,57,,,64,72,72,90,108,69
20150819,7,AQI,61,62,65,66,66,59,63,69,113,66,62,68,63,67,56,73,63,65,66,72,73,64,69,70,,58,69,85,,58,72,70,74,80,68
20150819,8,PM2.5,62,57,60,29,62,53,60,62,,63,49,58,59,53,62,71,71,50,41,53,58,48,25,49,,38,39,71,,49,71,64,57,76,65
20150819,8,PM10,,,61,57,62,57,,,54,80,58,79,,87,64,80,,78,,,68,,37,77,,,,,,68,,77,95,133,66
20150819,8,AQI,63,63,67,66,66,59,64,71,138,66,62,68,65,67,56,72,66,66,64,72,75,66,68,70,,59,66,80,,57,74,71,75,81,69
20150819,9,PM2.5,71,67,65,64,68,55,60,66,,54,46,60,56,62,63,72,71,57,51,43,46,43,33,51,,44,33,71,,56,75,72,61,83,70
20150819,9,PM10,,76,74,80,68,,67,,50,62,75,,,77,,82,,70,62,,,,49,62,,,,,,57,85,100,84,122,71
20150819,9,AQI,65,64,68,66,66,59,64,72,61,67,62,68,66,68,57,69,69,67,64,71,76,67,69,70,,60,64,74,,57,76,70,75,81,69
20150819,10,PM2.5,62,69,67,53,72,97,65,69,,64,53,51,45,69,64,59,63,55,43,34,60,46,23,42,,37,27,60,,55,82,63,71,81,67
20150819,10,PM10,,,,,76,,,,52,,54,,,78,65,100,,,,,,,,,,,,,,,,,112,,
20150819,10,AQI,65,64,69,65,67,59,65,73,60,68,60,67,66,65,56,67,71,68,64,69,77,68,68,69,,61,61,70,,58,78,69,75,79,70
20150819,11,PM2.5,79,68,74,76,79,67,61,66,,59,37,40,49,58,55,70,50,43,37,42,29,34,21,34,,35,34,51,,56,74,65,79,76,80
20150819,11,PM10,,,,,81,,,,32,,,,,,,84,,,,,,,,,,,47,59,,,,,117,,90
20150819,11,AQI,67,64,71,64,69,58,66,73,60,67,60,66,66,59,55,63,72,68,63,66,77,69,68,68,137,62,58,70,,58,78,65,75,77,68
20150819,12,PM2.5,68,68,67,78,71,61,48,53,,,43,39,36,49,58,71,37,36,33,40,32,36,20,28,22,24,38,67,,45,82,,73,79,72
20150819,12,PM10,,,,,,,,,29,39,,,,,,76,,40,34,,41,,34,37,,,,,,,,71,,,
20150819,12,AQI,66,61,70,62,70,55,66,73,54,59,58,65,62,59,55,62,71,67,62,62,77,70,65,67,128,62,55,71,,57,75,62,72,75,66
20150819,13,PM2.5,72,57,73,52,63,58,59,44,,,31,36,37,43,47,67,36,36,31,40,32,35,20,31,34,31,35,70,65,37,77,16,,68,55
20150819,13,PM10,73,,,,,67,,,47,47,,,,,,,,41,35,,,,39,49,,,,77,,,,29,102,76,65
20150819,13,AQI,66,60,68,59,68,55,64,72,54,61,54,62,58,59,56,64,66,66,59,62,76,70,62,65,117,62,54,74,55,56,74,61,68,79,66
20150819,14,PM2.5,67,53,60,43,59,52,52,36,,31,42,37,45,45,45,53,27,39,29,37,22,27,28,33,42,25,34,68,,34,58,48,,52,55
20150819,14,PM10,,,,,,,,,31,,52,,46,,54,60,,45,,55,,,59,36,,,40,69,,41,,,5,,
20150819,14,AQI,66,60,66,59,67,55,63,69,62,59,71,79,69,63,57,65,65,65,56,61,73,68,59,65,130,60,53,76,,55,74,61,66,73,66
20150819,15,PM2.5,50,50,42,39,48,44,40,37,,42,45,35,46,44,57,61,38,41,38,60,20,42,36,32,55,22,84,66,,33,59,42,31,53,52
20150819,15,PM10,,52,,54,,,,44,45,,,,,86,,78,71,49,41,79,61,83,51,39,,25,,,,41,61,61,,94,60
20150819,15,AQI,66,88,89,92,66,89,80,67,70,84,75,94,75,85,93,87,66,68,70,62,69,66,70,84,135,57,56,77,,54,75,61,66,73,67
20150819,16,PM2.5,55,55,54,47,49,56,,41,,45,35,33,46,45,51,62,,40,36,85,47,56,47,41,63,52,74,83,,39,58,52,,60,61
20150819,16,PM10,66,,,64,61,59,,71,46,65,56,46,63,,,91,,60,46,87,87,95,89,63,,75,,84,,48,,83,,100,
20150819,16,AQI,78,105,101,99,90,106,,65,78,93,78,97,78,79,86,101,,60,73,66,66,64,63,64,106,56,58,80,,55,75,61,,74,68
20150819,17,PM2.5,55,47,52,43,63,51,38,54,,45,,39,50,49,45,57,62,48,42,88,54,69,42,42,57,63,74,85,,40,58,,62,56,
20150819,17,PM10,,,,54,104,78,46,94,60,64,,66,,52,,85,105,92,88,114,137,107,46,98,,76,75,,,51,,,79,89,
20150819,17,AQI,68,82,86,74,73,95,64,66,62,85,,100,86,89,72,84,68,60,56,68,67,64,55,57,112,55,60,83,,55,76,,67,75,
20150819,18,PM2.5,60,52,50,31,60,54,46,63,,46,27,41,47,49,46,62,72,50,41,76,53,55,41,47,61,20,70,92,,38,67,49,63,62,66
20150819,18,PM10,82,61,57,50,,63,66,,56,51,40,97,,50,48,83,87,,,102,71,,,,,,,97,,49,86,71,87,120,81
20150819,18,AQI,70,65,69,60,70,75,62,67,60,80,74,61,76,80,66,73,70,61,56,70,67,65,52,57,105,55,62,84,,56,78,62,67,88,71
20150819,19,PM2.5,55,49,52,48,63,62,54,59,,51,39,43,45,49,49,77,84,53,32,77,60,14,42,51,62,17,66,99,,42,63,50,74,64,63
20150819,19,PM10,58,,87,63,89,68,63,62,60,72,76,58,53,63,59,126,94,,53,82,,15,60,,,17,,108,,54,,118,130,122,85
20150819,19,AQI,72,66,70,66,72,63,64,68,51,62,54,61,62,80,75,74,72,61,56,71,67,64,52,57,69,54,63,88,,57,79,63,70,88,73
20150819,20,PM2.5,59,55,62,72,72,52,54,59,,55,42,48,54,48,57,83,67,59,36,79,19,19,43,47,62,15,72,102,,44,70,59,81,62,64
20150819,20,PM10,111,67,98,79,101,65,72,64,68,83,72,69,66,75,84,131,,,50,118,,,70,,,,,109,,65,94,98,165,118,70
20150819,20,AQI,73,68,72,64,75,65,66,70,52,64,56,62,64,62,71,76,73,62,56,73,67,63,53,57,70,53,64,90,,59,82,66,74,81,75
20150819,21,PM2.5,78,61,79,73,64,68,76,59,,64,50,48,56,57,75,97,19,67,37,95,18,20,51,47,66,13,76,108,,42,77,65,85,63,71
20150819,21,PM10,106,74,95,91,79,121,89,62,57,89,87,112,69,90,93,143,21,,50,119,19,,61,,,,,109,,50,112,87,100,118,136
20150819,21,AQI,76,70,75,67,77,68,68,71,52,66,57,63,65,64,66,79,72,64,55,75,65,63,53,57,72,52,66,94,,60,84,68,77,82,77
20150819,22,PM2.5,74,75,72,74,44,55,63,62,,75,43,68,59,65,93,101,22,54,38,76,17,14,49,44,58,10,78,114,,39,82,73,74,61,50
20150819,22,PM10,,97,,98,,,,71,68,126,76,81,75,87,107,152,,,49,,,31,,,,18,,,,50,84,151,,120,
20150819,22,AQI,78,73,77,69,77,69,70,73,53,69,58,64,67,66,70,83,70,64,56,77,63,61,53,58,73,49,68,97,,60,86,71,79,84,76
20150819,23,PM2.5,41,52,47,43,30,31,32,51,,74,47,62,65,69,94,102,21,68,42,74,18,17,38,53,59,10,67,119,,47,44,50,45,59,33
20150819,23,PM10,47,,,,34,37,,,53,,79,,82,89,,155,,,,,26,,,,,12,,,,60,,,,71,51
20150819,23,AQI,79,74,78,71,77,69,70,73,53,72,59,64,68,68,73,86,69,66,56,77,59,60,53,58,73,48,70,100,,61,87,71,80,84,76
20150819,0,SO2,2,4,2,2,3,3,2,2,8,5,2,2,4,3,4,3,2,2,4,2,2,2,2,4,,2,2,2,,2,2,6,2,3,3
20150819,0,NO2,31,31,38,39,46,44,56,51,16,40,20,39,19,31,27,26,34,24,51,22,26,27,17,17,,12,12,36,,27,55,54,62,82,93
20150819,0,O3,72,79,64,77,70,75,44,17,81,56,81,74,96,102,106,96,68,78,35,92,55,69,98,76,,75,125,2,,73,56,58,41,35,33
20150819,0,CO,0.7,0.7,0.7,0.7,0.7,0.7,0.8,0.6,0.4,1.2,0.6,0.7,0.3,0.6,0.7,0.5,0.7,0.5,0.5,0.6,0.7,0.7,0.6,0.6,,0.6,0.3,0.5,,0.4,0.5,0.7,0.6,0.7,0.4
20150819,1,SO2,2,4,2,2,3,4,2,2,8,5,2,2,4,3,5,4,2,2,4,2,2,2,2,4,,2,2,2,,2,2,6,2,3,2
20150819,1,NO2,28,30,24,39,38,31,45,57,20,29,20,35,15,23,24,27,26,12,54,17,21,24,15,15,,11,10,37,,20,51,42,54,83,40
20150819,1,O3,76,84,87,69,73,95,48,14,65,77,70,71,104,108,106,95,56,81,25,100,64,77,109,87,,53,131,2,,81,63,74,49,36,85
20150819,1,CO,0.7,0.6,0.7,0.7,0.7,0.7,0.7,0.6,0.4,1.1,0.5,0.6,0.4,0.6,0.7,0.5,0.6,0.5,0.5,0.5,0.7,0.7,0.5,0.6,,0.7,0.3,0.5,,0.3,0.5,0.7,0.5,0.6,0.2
20150819,2,SO2,3,3,2,2,2,2,2,3,3,5,2,2,8,3,3,3,5,2,4,2,2,2,2,6,,2,3,2,2,4,2,5,2,3,3
20150819,2,NO2,27,32,16,28,32,34,15,49,29,34,22,29,32,18,25,25,23,18,26,12,36,28,15,19,,9,9,23,16,29,49,41,34,73,32
20150819,2,O3,53,75,103,90,81,88,95,12,60,66,57,74,76,108,102,89,13,61,53,111,30,61,107,83,,53,130,2,86,54,70,74,71,47,87
20150819,2,CO,0.7,0.6,0.6,0.7,0.6,0.7,0.6,0.6,0.4,1.2,0.5,0.6,0.3,0.6,0.6,0.5,0.5,0.5,0.5,0.5,0.7,0.8,0.5,0.7,,0.6,0.3,0.4,0.9,0.3,0.5,0.6,0.5,0.6,0.2
20150819,3,SO2,2,3,2,2,2,2,2,2,3,5,2,2,5,3,4,3,2,2,4,2,2,2,2,5,,2,2,2,2,4,2,6,2,3,2
20150819,3,NO2,16,19,15,20,22,22,21,46,44,30,22,40,30,20,22,23,21,83,33,11,19,77,15,25,,9,9,24,14,34,29,22,29,62,33
20150819,3,O3,64,97,97,99,96,105,68,11,42,59,61,47,64,99,99,89,27,7,36,110,32,6,96,55,,53,313,2,91,40,90,95,71,59,80
20150819,3,CO,0.5,0.6,0.6,0.6,0.6,0.6,0.6,0.6,0.6,1.2,0.6,0.7,0.3,0.6,0.6,0.5,0.5,0.6,0.5,0.5,0.7,0.8,0.5,0.6,,0.6,0.3,0.4,1,0.3,0.4,0.6,0.4,0.5,0.1
20150819,4,SO2,2,2,2,2,2,2,2,2,4,5,2,2,5,3,2,3,2,2,4,2,2,2,2,5,,2,3,2,,4,2,6,2,2,3
20150819,4,NO2,18,25,21,23,20,21,56,49,54,30,23,43,29,24,20,25,30,59,41,16,10,37,24,23,,7,15,48,,25,32,40,40,52,81
20150819,4,O3,80,69,81,85,71,99,21,,32,52,38,40,56,88,95,84,22,34,28,95,39,33,72,56,,55,97,37,,,76,66,48,53,27
20150819,4,CO,0.5,0.6,0.6,0.7,0.6,0.6,0.7,0.6,0.6,1.2,0.7,0.7,0.4,0.6,0.6,0.5,0.4,0.6,0.6,0.5,0.6,0.7,0.5,0.6,,0.6,0.3,0.5,,0.2,0.5,0.6,0.5,0.5,0.1
20150819,5,SO2,2,2,2,2,2,2,2,2,3,5,2,2,4,2,2,2,2,2,4,2,2,2,2,4,,2,3,2,2,4,2,5,2,3,3
20150819,5,NO2,41,30,70,49,63,36,46,47,23,53,41,51,40,41,42,28,41,83,31,22,15,37,27,16,,,19,57,18,34,65,44,82,94,77
20150819,5,O3,47,52,8,42,24,63,18,2,58,7,17,27,40,60,75,77,11,3,31,76,29,24,53,62,,43,76,15,16,19,30,53,2,19,23
20150819,5,CO,0.7,0.7,0.8,0.8,0.7,0.7,0.8,0.6,0.6,1.4,0.7,0.7,0.4,0.6,0.6,0.5,0.5,0.6,0.6,0.5,0.7,0.8,0.5,0.6,,0.7,0.4,0.5,1,0.3,0.7,0.7,0.6,0.6,0.1
20150819,6,SO2,2,2,2,2,2,2,2,2,3,5,2,2,4,3,2,2,2,2,4,2,2,2,2,5,,2,2,2,,4,2,6,2,3,4
20150819,6,NO2,52,38,56,30,58,72,48,43,32,55,40,65,56,48,50,49,33,34,34,28,25,47,32,12,,6,11,59,,36,77,57,64,76,86
20150819,6,O3,28,43,25,49,27,8,13,2,43,2,14,7,17,50,59,36,15,38,15,65,8,20,36,84,,37,57,11,,16,18,35,10,23,2
20150819,6,CO,0.8,0.7,0.8,0.7,0.8,0.9,0.8,0.6,0.6,1.4,0.8,0.8,0.5,0.7,0.8,0.6,0.8,0.6,0.6,0.5,0.7,0.7,0.6,0.6,,0.7,0.4,0.5,,0.3,0.7,0.8,0.7,0.7,0.2
20150819,7,SO2,2,3,2,2,2,2,2,2,3,5,2,2,4,2,2,2,2,2,4,2,2,2,2,4,,2,2,2,,3,2,4,2,8,3
20150819,7,NO2,58,68,65,40,61,70,50,37,28,68,37,59,60,63,89,60,43,52,33,28,31,49,40,19,,6,8,67,,34,63,74,79,122,70
20150819,7,O3,17,14,12,30,19,5,3,2,21,2,18,10,4,25,12,15,6,19,6,70,9,13,28,79,,34,45,6,,10,17,14,2,2,2
20150819,7,CO,0.9,1,0.9,0.8,0.8,0.9,0.8,0.6,0.6,1.6,0.9,0.9,0.6,0.8,1,0.7,0.8,0.6,0.6,0.6,0.7,0.8,0.6,0.6,,0.7,0.4,0.6,,0.3,0.7,0.9,0.9,1.1,0.2
20150819,8,SO2,2,3,2,2,2,2,2,2,2,5,2,2,4,2,3,2,2,2,4,2,2,2,2,5,,2,2,2,,3,2,5,2,11,3
20150819,8,NO2,58,65,75,55,69,69,58,32,24,68,35,58,54,61,89,76,55,59,35,36,27,43,41,45,,12,3,58,,43,66,92,76,135,72
20150819,8,O3,20,5,8,16,16,4,2,2,15,2,16,7,9,18,9,2,2,14,9,65,11,14,41,34,,28,67,14,,10,12,2,2,2,2
20150819,8,CO,0.9,1,1,1,0.8,1.2,1,0.7,0.7,1.8,0.9,1,0.6,0.9,1.2,0.8,0.9,0.7,0.6,0.6,0.8,0.8,0.6,0.7,,0.7,0.3,0.6,,0.4,0.8,1.1,0.8,1.3,0.3
20150819,9,SO2,2,2,2,2,2,2,2,2,3,5,2,2,4,2,3,2,2,2,4,2,2,2,2,5,,2,2,2,,3,2,6,2,7,5
20150819,9,NO2,64,68,74,60,72,66,55,31,22,69,21,52,49,76,87,74,49,39,31,35,23,27,39,35,,8,2,41,,39,85,90,82,117,83
20150819,9,O3,22,9,20,18,24,14,10,6,51,2,23,19,16,10,21,5,6,31,21,69,25,40,44,45,,56,84,36,,22,4,4,4,2,2
20150819,9,CO,1,1.1,1,1.1,0.9,1,1,0.6,0.6,1.8,0.9,1,0.6,1.1,1.2,0.8,0.9,0.7,0.7,0.6,0.7,0.7,0.6,0.7,,0.7,0.3,0.6,,0.4,1,1.3,1,1.4,0.3
20150819,10,SO2,2,2,2,2,2,2,2,3,3,5,2,2,4,3,3,3,2,2,4,2,2,2,2,5,,2,2,2,,4,2,5,2,7,2
20150819,10,NO2,57,74,80,62,61,67,39,31,21,62,5,35,31,77,80,66,35,26,20,20,11,12,27,12,,5,2,28,,34,72,80,84,132,75
20150819,10,O3,42,30,34,36,46,40,48,19,73,3,55,57,54,18,41,41,32,57,50,87,62,66,76,89,,75,125,74,,55,31,29,12,6,25
20150819,10,CO,1,1.1,1,1.1,0.9,1,0.8,0.6,0.6,1.7,0.8,0.8,0.5,1.1,1.1,0.7,0.8,0.6,0.6,0.5,0.7,0.7,0.5,0.6,,0.7,0.3,0.5,,0.4,0.9,1,0.9,1.4,0.6
20150819,11,SO2,3,4,2,2,2,3,2,2,3,6,2,2,4,3,3,4,2,2,4,2,2,2,2,5,15,2,2,3,,4,2,6,2,5,2
20150819,11,NO2,52,64,75,55,49,57,32,25,16,46,4,20,25,51,65,68,18,10,11,13,3,8,12,8,8,3,10,20,,33,62,77,82,132,65
20150819,11,O3,63,63,60,66,73,71,78,52,103,61,102,107,100,62,75,56,74,108,100,98,100,102,114,129,2,92,104,109,,99,58,52,25,19,50
20150819,11,CO,0.9,1,0.9,1,0.9,0.9,0.8,0.6,0.6,1.6,0.7,0.6,0.3,0.8,1.1,0.7,0.7,0.5,0.5,0.5,0.6,0.6,0.4,0.6,1.9,0.7,0.3,0.4,,0.4,0.8,1,0.9,1.2,0.6
20150819,12,SO2,3,4,2,2,2,3,2,2,3,,2,2,4,3,3,5,2,2,4,2,2,2,2,5,6,2,2,,,5,2,6,4,5,2
20150819,12,NO2,44,54,64,51,35,36,17,22,13,34,4,19,24,39,63,53,7,10,13,12,5,6,9,9,16,3,10,33,,25,65,83,66,128,57
20150819,12,O3,96,97,103,100,114,115,136,77,137,96,129,135,131,101,95,87,110,134,125,105,111,111,128,143,206,104,103,99,,132,76,62,63,39,88
20150819,12,CO,0.9,0.9,0.9,1,0.8,0.8,0.7,0.5,0.5,1.9,0.7,0.6,0.3,0.7,1.1,0.6,0.6,0.5,0.5,0.5,0.6,0.6,0.4,0.6,1,0.6,0.3,0.5,,0.3,0.8,1,0.7,1.3,0.5
20150819,13,SO2,2,3,2,2,2,3,2,3,3,,2,2,5,4,3,5,2,2,4,2,2,2,2,4,6,2,2,4,2,5,2,6,5,7,3
20150819,13,NO2,48,,66,48,38,33,31,21,16,28,4,18,27,39,48,41,9,8,13,13,4,8,8,9,18,3,9,37,40,17,72,80,64,157,87
20150819,13,O3,107,115,124,122,133,132,141,90,159,135,148,159,149,125,130,120,112,155,144,118,125,116,139,162,230,108,105,118,148,136,87,91,89,39,76
20150819,13,CO,0.9,0.8,0.9,0.9,0.8,0.8,0.8,0.5,0.5,,0.7,0.6,0.3,0.7,0.9,0.6,0.5,0.4,0.6,0.5,0.5,0.6,0.4,0.5,0.9,0.7,0.3,0.5,1,0.3,0.8,1,0.8,1.4,0.7
20150819,14,SO2,3,4,2,2,2,3,2,3,3,6,2,2,5,4,3,4,2,2,4,2,2,2,2,5,6,2,2,2,,4,2,7,5,6,3
20150819,14,NO2,43,,51,34,45,37,32,28,17,30,5,19,33,26,41,33,6,9,13,16,2,7,9,12,24,3,10,24,,18,66,67,68,122,82
20150819,14,O3,130,141,154,158,145,155,161,95,169,153,176,183,175,170,156,155,129,171,159,120,134,130,154,172,258,112,106,154,,140,112,126,107,80,105
20150819,14,CO,0.8,0.7,0.8,0.7,0.8,0.8,0.8,0.5,0.5,0.8,0.7,0.6,0.3,0.6,0.8,0.5,0.5,0.5,0.6,0.5,0.4,0.5,0.5,0.5,0.9,0.6,0.4,0.5,,0.3,0.7,0.8,0.8,1.1,0.7
20150819,15,SO2,2,4,2,2,2,3,2,4,3,7,2,2,4,4,3,5,2,2,4,7,2,2,2,5,6,2,12,2,,5,2,7,2,5,3
20150819,15,NO2,31,30,28,23,40,29,22,27,24,17,4,20,29,19,31,25,14,15,18,25,3,14,12,14,36,3,21,14,,24,57,53,62,123,80
20150819,15,O3,159,190,191,193,163,191,184,99,176,187,180,195,179,188,194,190,142,174,175,131,145,144,176,186,268,126,131,171,,143,140,163,124,108,132
20150819,15,CO,0.7,0.6,0.6,0.7,0.7,0.7,0.7,0.5,0.5,0.7,0.7,0.6,0.3,0.6,0.8,0.5,0.6,0.5,0.6,1.4,0.5,0.6,0.5,0.6,0.9,0.7,1.6,0.5,,0.3,0.6,0.7,0.6,1,0.6
20150819,16,SO2,2,4,2,3,2,3,,2,3,2,2,2,4,5,4,5,,2,4,15,2,2,2,5,5,3,15,4,,5,2,6,,5,3
20150819,16,NO2,27,24,27,22,32,24,,31,17,17,4,15,30,19,22,19,,19,19,25,7,21,20,20,51,7,17,14,,20,51,55,,126,58
20150819,16,O3,182,209,201,199,192,212,,91,182,194,182,197,182,183,188,202,,163,178,163,166,146,170,171,212,134,159,167,,150,156,165,,100,170
20150819,16,CO,0.7,0.7,0.7,0.7,0.6,0.7,,0.5,0.5,0.7,0.7,0.6,0.4,0.7,0.8,0.5,,0.5,0.5,2,0.6,0.7,0.6,0.6,1,0.9,1.5,0.6,,0.4,0.6,0.8,,1.2,0.5
20150819,17,SO2,3,5,2,3,2,3,2,2,3,2,,2,4,6,5,5,2,2,4,11,2,2,2,4,5,3,11,5,,4,2,,5,6,
20150819,17,NO2,21,20,26,20,42,24,25,32,15,19,,21,28,19,20,17,24,20,18,25,13,18,18,22,41,8,16,17,,18,50,,46,144,
20150819,17,O3,173,185,189,179,178,196,170,70,169,187,,200,189,191,177,187,137,109,157,161,165,142,163,118,223,128,153,167,,139,147,,147,76,
20150819,17,CO,0.7,0.7,0.7,0.8,0.9,0.7,0.6,0.6,0.5,0.7,,0.6,0.4,0.9,0.9,0.6,0.7,0.6,0.5,2.1,0.6,0.8,0.6,0.7,0.9,0.9,1.3,0.7,,0.3,0.6,,0.5,1.3,
20150819,18,SO2,2,5,2,2,2,3,2,3,4,2,2,2,4,10,6,6,2,2,4,10,2,2,2,4,5,2,9,6,,4,2,8,4,8,2
20150819,18,NO2,38,27,38,25,51,33,39,30,25,21,4,32,30,23,22,25,22,33,14,27,18,16,21,18,38,3,21,19,,17,61,82,68,175,105
20150819,18,O3,155,165,175,168,164,179,147,72,167,184,179,161,180,184,173,178,124,103,159,156,132,138,161,139,209,109,133,163,,120,124,125,131,52,106
20150819,18,CO,0.8,0.8,0.8,0.7,1,0.8,0.7,0.6,0.5,0.8,0.7,0.7,0.4,0.9,1,0.6,0.9,0.6,0.5,1.9,0.7,0.8,0.6,0.7,0.9,0.5,1.4,0.7,,0.3,0.7,0.9,0.6,1.5,0.9
20150819,19,SO2,4,5,2,3,2,4,2,2,3,2,2,2,4,6,6,8,2,2,4,8,2,2,2,4,5,2,7,5,,4,2,8,2,7,3
20150819,19,NO2,32,27,58,32,58,34,37,30,20,35,6,43,33,26,23,35,29,25,13,30,17,7,24,17,112,3,25,25,,20,72,46,122,174,119
20150819,19,O3,149,172,139,172,148,162,153,65,144,167,161,143,164,184,180,163,114,100,137,144,107,116,155,102,42,109,121,134,,108,120,156,70,52,83
20150819,19,CO,0.9,0.8,0.9,0.8,1.1,0.9,0.8,0.6,0.5,0.9,0.8,0.8,0.5,1,1,0.8,1.4,0.6,0.5,1.9,0.8,0.5,0.6,0.7,1,0.5,1.3,0.9,,0.4,0.8,0.9,1,1.5,1
20150819,20,SO2,4,6,2,3,2,6,2,3,2,5,2,2,5,6,5,8,2,2,4,7,2,2,2,4,5,2,5,4,,4,2,9,2,6,3
20150819,20,NO2,37,28,77,36,60,35,41,29,26,46,21,53,43,33,28,39,26,22,14,39,8,11,37,17,100,3,27,32,,22,76,59,112,153,74
20150819,20,O3,138,157,104,159,118,165,139,53,131,132,141,123,135,152,176,146,96,88,114,118,92,116,123,86,46,100,107,102,,61,111,138,63,61,116
20150819,20,CO,1,0.9,1,1,1,1,0.8,0.6,0.6,1.1,0.8,0.8,0.8,1.1,1.2,0.9,1.1,0.6,0.4,1.7,0.4,0.6,0.6,0.6,0.9,0.4,1.4,0.9,,0.5,0.8,1,0.8,1.5,0.9
20150819,21,SO2,2,6,2,3,2,4,2,3,3,4,2,2,4,4,5,9,2,2,4,2,2,2,2,4,5,2,5,3,,4,2,9,2,6,2
20150819,21,NO2,52,35,71,38,50,61,59,35,28,52,33,51,52,47,37,38,16,20,15,34,10,7,34,16,66,3,24,36,,19,65,47,54,129,77
20150819,21,O3,90,137,100,132,110,100,80,26,135,99,110,96,102,107,160,128,88,79,90,77,98,114,110,85,102,88,99,77,,31,100,133,99,59,59
20150819,21,CO,0.9,1,1,1.1,1,1,0.9,0.6,0.6,1.2,0.9,0.8,0.7,1.1,1.4,1,0.5,0.6,0.5,1.9,0.5,0.5,0.6,0.6,0.8,0.4,1.4,1,,0.4,0.8,1.1,0.6,1.5,0.6
20150819,22,SO2,2,4,2,2,2,3,2,2,3,5,2,2,4,3,8,8,2,2,4,2,2,2,2,4,5,2,6,2,,3,2,6,2,4,2
20150819,22,NO2,50,57,64,42,42,61,42,44,29,76,36,53,62,38,60,64,14,46,22,27,9,13,27,16,72,4,22,50,,19,52,74,54,100,81
20150819,22,O3,66,76,78,111,88,63,79,9,109,47,72,91,72,101,117,77,90,56,63,74,82,93,98,73,38,66,103,34,,26,75,74,62,62,42
20150819,22,CO,0.9,1,1,0.9,1.3,1,0.9,0.6,0.6,1.2,0.9,0.9,0.8,1,1.7,1.1,0.5,0.6,0.5,1.3,0.4,0.5,0.6,0.6,0.8,0.4,1.3,1.2,,0.4,0.7,1,0.7,1.4,0.7
20150819,23,SO2,2,4,2,2,2,3,2,4,2,5,2,2,4,3,7,6,2,2,3,2,2,2,2,4,5,2,4,3,,4,2,6,4,3,3
20150819,23,NO2,53,65,57,47,39,52,35,32,26,58,39,39,81,54,72,75,19,64,14,25,12,18,22,21,59,4,18,85,,33,50,80,67,85,93
20150819,23,O3,49,43,63,69,85,59,72,30,87,42,55,90,30,71,81,41,83,22,63,69,72,73,98,56,65,64,109,2,,21,55,37,49,41,26
20150819,23,CO,0.9,1,0.9,0.9,0.7,0.9,0.8,0.6,0.6,1.1,0.8,0.8,0.8,1.1,1.7,1.2,0.5,0.7,0.5,1.2,0.4,0.5,0.5,0.6,0.8,0.4,1.1,1.2,,0.5,0.7,0.9,0.7,1.2,0.8
