date,hour,type,dongsi,tiantan,guanyuan,wanshouxigong,aotizhongxing,nongzhanguan,wanliu,beibuxingqu,zhiwuyuan,fentaihuayuan,yungang,gucheng,fangshan,daxing,yizhuang,tongzhou,shunyi,changping,mengtougou,pinggu,huairou,miyun,yanqing,dingling,badaling,miyunshuiku,donggaocun,yongledian,yufa,liulihe,qianmeng,yongdingmengxi,xizhimengbei,nansanhuan,dongsihuan
20150317,0,SO2,19.2,11.4,17.1,19.6,21.7,21.2,19.7,15.4,12,22.9,14.7,20.8,17.2,25.6,20.6,26.7,8,10.9,8.6,13.7,2,12.4,7.5,5.5,34.9,4.5,8.9,30.5,13.1,26.9,24.7,24.8,19.3,27.7,4.2
20150317,0,NO2,84.9,82.1,93.4,93.5,105.1,97,91.8,68.8,90.8,90.7,109.4,104,93.4,92.2,88.2,87,82.4,85.3,100.3,54.5,63.4,73.1,87.8,64.3,86.5,50.8,103.3,,84.1,80.8,84.7,86.9,100.4,92.2,95.9
20150317,0,O3,3.4,2,2,2,2,7,2,2,2,2,2,2,2,3.5,2,2,3.7,2.8,2,12.2,2,8.1,9.9,4.7,12.4,51.3,34.6,2.4,2,2,2,2,3.4,2,2
20150317,0,CO,2.8,2.7,2.7,2.8,2.8,2.9,2.8,4,2.3,2.8,2.9,2.9,2.9,3.2,3.1,2.2,2.4,2.8,2.8,3.1,2.7,2.7,2.8,2.1,1.6,1.7,1.7,3.2,3,2.6,2.6,3.1,3,3.3,4.2
20150317,1,SO2,19.7,14.2,17,20.8,21.1,20.3,18.6,14.3,12.4,23.5,15,20,17.2,25.9,20.5,26.2,7.5,10.9,8.3,13.2,2,10.6,7.7,5.4,36.1,3.2,10.6,28.6,15.4,28.7,24,24.3,21.3,25.3,4.6
20150317,1,NO2,94.6,90.1,100.8,97.5,110.4,102.6,95.8,66.3,75.6,86.5,104.3,93.1,102.9,90.6,93.4,85.2,71.8,72.8,96.9,55.6,54.7,68.3,93.4,70.9,89.5,48.9,102.9,,70.1,79.2,91.3,83.9,107.1,94.5,100.1
20150317,1,O3,3.1,2,2,2,2,7,2,2,5.8,2,2,2,2.5,3.6,2,2,4.5,8.2,2,9.3,2,7.1,11.9,2,14.2,44.7,36.9,2,2,2,2,2,3.6,2,2
20150317,1,CO,2.8,2.6,2.7,2.7,3,2.9,2.9,3.6,2.1,2.7,3,2.7,3.2,3.2,3,2.2,2,2.2,2.3,3.1,2.3,2.5,3.1,2.4,1.4,1.7,1.7,3.3,2.9,2.9,2.7,2.9,2.7,2.9,3.5
20150317,2,SO2,16.9,15.6,16,19.7,19,17.8,19,14.8,12.6,22.5,14.5,18.7,16.4,23.9,21.4,20.5,7.6,10.6,8.4,8.4,2,10.7,7,5,30.3,3.2,8.7,27.1,15.7,32.3,21.1,22.2,17.5,22.9,2
20150317,2,NO2,84.6,89.5,103.3,104.9,100.8,94.2,99.5,64.8,81.4,93.8,100.8,90.5,97.8,92,97.2,81.6,67.2,85.2,92.2,56.3,37.5,63.5,85.6,66.6,84.2,41.7,85.2,,68.3,83.8,87,77.2,103.2,106.4,92.3
20150317,2,O3,3.6,2,2,2,2,6.1,2,2,3.3,2,2,2,2,3.2,2,2,5.8,2,2,5.6,2,8.2,12,3.1,15.5,53.8,34.6,2,2,2,2,2,3.6,2,2
20150317,2,CO,2.6,2.4,2.7,2.8,2.9,2.5,3,3.4,2.1,2.7,2.8,2.7,2.9,2.9,2.9,1.8,2.2,2.3,2,3.2,1.9,2.3,3.2,2.2,1.2,1.6,1.7,3.5,2.8,2.8,2.4,2.4,2.6,2.8,2.4
20150317,3,SO2,13.8,12.5,14.6,17.8,16.6,15.3,18.2,13.3,10.5,20.9,13,17.5,16.5,23.3,19,19.2,7.6,9.7,6.4,8.6,2,10.2,5.9,4.9,36.1,3,7,26.2,16.6,32.9,18.3,21.3,14.6,21.8,2
20150317,3,NO2,77.6,80,90.1,94.8,95.2,86.9,94.5,57.9,73.2,98.2,93.4,103.4,94.1,90.8,85.2,77,54.9,85.7,86.8,41.3,37.1,63.3,78.3,62.7,77.6,39,85.8,,77.2,83.8,84.2,75.1,96.3,95.4,86.2
20150317,3,O3,3.4,2,2,2,2,6.7,2,2,5.9,2,2,2,2,3.3,2,2,12.3,2,2,16.4,4.6,7.1,13,3.4,10.6,54.3,31.8,2,2,2,2,2,3.7,2,2
20150317,3,CO,2.4,2.2,2.2,2.4,2.4,2.2,2.9,3.7,2.1,2.6,2.9,3,2.7,2.4,2.6,1.4,1.8,2.6,0.1,2.7,1.7,2.1,3.8,2.5,1.3,1.6,1.6,3.6,3,2.6,2.5,2.4,2.2,2.4,2.6
20150317,4,SO2,12.2,9.8,12.7,14.4,16.5,13.2,16,12.8,7.7,18.6,10.8,16,16.1,17.7,14.9,15.9,6.8,11.2,5.6,8.6,2,8.7,4.9,6.8,31,3.4,6.8,25.4,17.3,29.9,16.3,17.3,14.3,18.4,2
20150317,4,NO2,73.4,74.1,88.5,83.8,102.5,82.8,90.5,52.3,92.5,85.1,96.8,97.6,95.4,79,82.1,76.3,53,64.3,85.7,44.5,42.4,63.4,74.9,39.7,93,37,85.7,,73.9,78.4,78.7,74.5,101.1,85.2,81.1
20150317,4,O3,3.5,2,2,2,2,5.3,2,2,2,2,2.2,2,2,2,2,2,13,10.4,3.9,13,2,6.4,8.3,22.1,5,54,33.2,2,2,2,2,2,3,2,2
20150317,4,CO,2.2,2,2.2,2.1,2.4,2,2.9,4.1,2.6,2.3,3.1,2.9,2.5,2.2,2.5,1.1,1.8,1.8,1.6,2.7,1.9,2.2,3.5,1.8,1.2,1.6,1.7,3.5,2.9,2.5,2.3,2.4,2.5,2.4,3.2
20150317,5,SO2,10.6,8.2,11.5,12.2,12.6,11,13.5,12.3,8.5,12.4,9.4,15,12.9,14.5,11.7,13.5,6.1,10.8,3.3,8.1,2,8.5,5.1,7.7,34.1,4,6.1,22.6,15.2,22.4,14.7,16,11.2,15.4,2
20150317,5,NO2,67.1,70.2,84.3,73.5,95.7,83.6,87.6,48.7,86.7,74.3,100.1,87.4,82.6,78.6,86.4,82.2,61.4,61.5,,42.5,51,57.7,71.9,13.4,50,30.2,90.9,,69.7,74.4,71.6,74.1,93.4,82.4,74.8
20150317,5,O3,4.3,2,2,2,2,5.6,2,2,2,2,2,2,2,2,2,2,4.1,9.9,2,12.3,2,7.1,10.4,52.6,21.6,67.3,33.3,2,2,2,2,2,2.2,2,2
20150317,5,CO,2.2,2,2.2,2,2.4,2.2,2.7,4.5,2.8,2.1,3,2.6,2.3,2.5,2.6,1.1,2,1.7,2.3,2.6,1.9,2.1,4.2,0.7,0.8,1.5,1.7,3.5,3.3,2.7,2,2.2,2.4,2.2,3.6
20150317,6,SO2,10.1,5.3,10.3,7.9,11.7,8.9,12.9,11.6,19.1,8.6,7.8,14.4,9.8,11.5,10.1,14.9,5.1,17.7,3.1,7.1,2,9.6,5.5,8.9,28.7,3.7,8,23.6,14.3,17.9,13.1,13.9,7.2,14.2,2
20150317,6,NO2,71,65.1,85.7,73.9,93.2,84.5,86.9,44.9,50.8,74.3,94.7,89.2,78.4,82.3,85.9,77.4,54.5,47.6,78.7,47.3,49.7,50.7,70.7,14.8,49.3,29,198.5,,76.9,70,72.4,77.6,100.2,82.1,71.7
20150317,6,O3,3.3,2,2,2,2,5.5,2,2,25.2,2,2,2,2,2,2,2,6.2,22.6,2,8.9,2,16.1,9.7,52.6,19.9,63.8,2,2,2,2,2,2,2,2,2
20150317,6,CO,2.4,2,2.3,2.1,2.4,2.3,2.7,4.6,1.4,2.2,3,2.7,2.3,2.5,2.5,2.1,1.9,1.1,3.2,2.6,2,1.9,4.1,0.6,0.8,1.5,2.1,3.9,4.3,2.6,2.2,2.7,2.8,2.2,3.4
20150317,7,SO2,9.8,8.3,10.3,9.8,10.8,8.3,15,10,19.2,15,8.5,20,8.2,10.6,9,16.5,4.3,15.5,5.8,5.2,2,9.7,7.9,4.4,22.1,3.3,7.4,23,13.9,13.8,12.6,16.8,4.5,18.6,2
20150317,7,NO2,74,72.7,89.1,80,90.2,81.7,86.6,43.6,19.2,85.8,90.2,76.6,83.3,85.6,85,66.3,52.9,64.2,69.6,56.7,50.9,60,59.8,10.5,54.2,29.8,165.5,,74.2,60.4,76.7,93.6,103.9,74.9,65.6
20150317,7,O3,4.7,2,2,2,2,5.6,2,2,54.6,2,2.5,7.2,2,2,2,2,6.3,12.1,6.5,2,4.8,9.5,16.6,76.8,16.5,60.2,2,2,2,2,2,2,2,2,2
20150317,7,CO,2.3,2.1,2.4,2.1,2.5,2.2,2.5,5,0.6,2.2,2.5,1.8,2.6,2.8,2.7,2.6,1.8,1.1,1.9,3.2,1.9,1.9,2.8,0.4,0.8,1.4,2.3,4.1,4.4,2.6,2.3,2.6,2.9,2.6,3.1
20150317,8,SO2,11.7,5.9,16.1,12.6,13.1,9.4,18.8,12.2,19.9,20.2,10.6,21,12.3,16.3,12,17.6,5.3,7,16.4,8.2,2,16.9,23.7,2.5,25.5,5.9,7.5,22.3,16.3,12.4,14.6,20.5,13.8,25.5,2
20150317,8,NO2,68.2,64.3,75.1,76,72.9,78.7,84.5,63.9,25.3,79,90.7,81.7,86.8,88.3,87.4,79,63.8,33.4,37.8,71.4,56.3,63.6,60.9,3.7,39.1,25.7,163,,68.7,62.5,76.2,105.3,91.4,80.6,73.9
20150317,8,O3,10.4,2,12.3,7.9,9.8,7.1,2,2,53,2,4.4,6.1,2,2.5,2,2,5.7,43.6,35.7,2,7.9,10.6,12.7,85.5,33.7,60.7,2.8,2,2,2,2,2,10.6,2,2
20150317,8,CO,2.1,2.1,1.9,2,1.9,2.2,2.2,4.4,0.8,1.8,3.1,2,2.9,4.1,3.8,3,2,0.6,0.7,3.7,1.8,2.3,1.7,0.3,0.7,1.2,2.5,4.7,4.2,3.1,2.2,3.2,1.9,3.6,3
20150317,9,SO2,18.5,11.9,12.6,21,14.4,16.6,37.5,33.1,19.8,17.5,22.7,24.6,27.7,41.2,36.4,38.9,17,4.5,14.3,13.8,3.2,23.3,29.9,2,24.9,6.8,13.5,35.1,40.3,20.6,23.1,26,27.7,27.5,2
20150317,9,NO2,66.9,90.4,48,72.4,53.3,89.6,69.8,61.9,38.4,61.1,102.2,73.3,98.5,80.5,87.5,102.1,75.9,19.2,28,85.4,47.4,56.6,38.7,2.6,20.6,17.2,149.1,,60.8,73.6,88.8,122.1,67.6,110.9,96.9
20150317,9,O3,19,2,36.1,26,39.8,10.7,7,7.4,42.9,26.4,6.3,14.4,3.7,6,2,2,13.4,57.5,47.7,2.9,33.6,29.8,35.5,85.2,60,78.1,7.5,2,3.8,2.4,4.1,2,26.6,2,2.9
20150317,9,CO,2.1,2.7,1.2,1.8,1.4,2.4,1.5,2.6,0.8,1.3,3.3,1.6,3.9,3.8,4.4,3,2.1,0.4,0.6,4.3,1.4,1.8,0.9,0.2,0.5,0.9,2.6,4.8,3.5,3.3,2.5,3.6,1.2,4,3.4
20150317,10,SO2,22,19.4,9.5,20.7,14,24.2,14.9,16.8,13.9,16.4,33.2,16.8,41.7,69,53.9,96.1,19,2.4,10.6,27.5,2,8.8,32.8,2,24.7,4.4,34.7,65.5,64.4,67,27.8,34.1,24.1,31.7,12.3
20150317,10,NO2,67,101.8,42.4,99.3,55.4,87.6,53.9,36.3,32.3,72.9,113.7,53.9,93,95.5,94.5,,65.2,13.3,42.8,97.5,19.9,23.2,20.3,2,29.5,8.1,86.2,,51.7,73.9,85.7,131.2,,,107.7
20150317,10,O3,31.8,10.1,50.3,25.9,53.8,28.4,31,36.5,52.4,,14.3,32.6,12.5,13.1,5.9,6.8,33.2,66.5,44.1,9.1,,69,58.2,91.2,,89.5,44.4,5.5,19.6,17.9,16.9,7.3,40.9,2,8.9
20150317,10,CO,1.9,2.5,1,2.3,1.3,2.2,1,1.1,0.7,1.6,3,1.1,3.5,4.4,4.2,4,1.9,0.4,1,3.9,0.6,0.6,0.7,0.2,0.5,0.5,2.2,5.1,2.9,3.6,2.1,3.3,1.1,3.9,2.6
20150317,11,SO2,27,37.9,9.4,27.8,11.3,37.2,13,7.2,6.1,17.1,15.6,8,27.4,79.9,80.3,97.1,12.8,8.8,3.5,55.6,2,6.3,23.2,2,15.6,2,34.7,,,100.8,,50.8,12.9,51.2,37.8
20150317,11,NO2,67.5,90.8,51.1,88.7,49.8,98.8,53,34.5,30.9,62.7,45.8,29.4,72.9,88.7,76.9,82.4,47.5,48.6,29.7,83.4,10.5,14.3,10.7,2,19.1,2,,,,57,,127.6,65.8,181.3,136.5
20150317,11,O3,47.4,37.9,52.4,53,66.5,45,41.6,48.5,66.5,,53.5,60.1,38.6,33.9,31.7,35.4,61,57.1,59.9,34.1,75.8,83.6,66.9,94.2,,96.4,67.4,,,48.2,,23.2,51.2,5,19.7
20150317,11,CO,2.1,3,1.2,2.2,1.2,2.6,0.9,0.9,0.7,1.6,1.1,0.8,2.1,4.4,4.1,,1.3,1.1,0.6,3.5,0.3,0.3,0.4,0.2,0.4,0.2,1.8,,,3.1,,3.5,1.1,4.2,3
20150317,12,SO2,28.8,44.7,12.6,32.7,14,32.2,12.8,6.8,5.9,34.2,25.6,8.5,39.5,69.5,68.6,59.5,3.2,3.7,2,41.7,2,6.4,10.6,2,7.3,2.6,27.8,64.4,79.5,58.4,,48.1,10.6,56.3,25.5
20150317,12,NO2,51.6,63.9,50.6,70.8,47.4,58.9,53.5,28.4,34.1,76.4,61.5,35.8,70.4,73.2,63.2,60.6,17.8,19.2,28.7,53.4,7,12.3,6.9,6,14.4,2,,,48.4,,,101,60.6,150.9,100.9
20150317,12,O3,62.2,70.4,63.8,75,77.7,76.6,52.6,66.6,78,68,69.4,70.1,62,66.4,58.4,76.4,82.6,85.4,72,68.5,81.3,88.2,76.9,101.2,86,100.8,83.3,,,89.2,,43.6,62.9,15.9,43.1
20150317,12,CO,2,2.4,1.3,2.3,1.3,2,0.9,0.8,0.8,2.7,2,0.9,3,3.8,3.4,1,0.4,0.6,0.6,2.4,0.3,0.3,0.3,0.3,0.3,0.2,1.5,,3.2,2.3,,2.8,1,3.4,2.5
20150317,13,SO2,32,44.4,21.5,39.3,19.8,32.5,15.4,7.9,6.1,37.3,35.5,15.8,40.4,53.9,43.4,40.7,2.4,3.7,7.6,22.4,2,6.4,6.3,2.9,6.6,5.4,18.9,55.3,42.4,49.1,,45,14.5,47.4,18.5
20150317,13,NO2,47,52.4,47,63.3,52.1,58.4,56.9,31.1,26.9,63.3,60.9,47.9,56.5,57.8,44.3,49.5,14.4,21.3,41.4,31.3,5.4,11.6,4.6,8.9,12.2,3,6.3,,26.2,41.8,,82.7,68.2,132.2,94.9
20150317,13,O3,77.3,97,75,95.1,86.7,92.2,57.2,74.2,87.3,91,86.4,75.5,83.6,89.2,90.3,98.3,87.4,90.3,74.3,96.2,84.4,93.1,86.4,111,93.9,105.9,103,45.6,,104.2,,65.2,67.6,37.5,59.1
20150317,13,CO,2.1,2.5,1.7,2.5,1.6,2.1,1.1,0.7,0.7,2.7,2.6,1.3,2.8,3.2,2.3,0.3,0.2,0.6,0.9,1.5,0.2,0.3,0.2,0.4,0.3,0.2,1,4,2.1,2.4,,2.7,1.4,2.9,2.3
20150317,14,SO2,27.3,29.6,26.5,25.7,23.2,26.5,27.8,10.5,12.2,26.1,33.8,34.2,36,42,33.1,26.2,15,2,23.4,14.4,2,6.3,5.8,2.1,5.7,4.2,14.8,47.8,25.7,40.4,,29.9,24.4,31.3,12.5
20150317,14,NO2,39.8,35.7,46.7,42.8,48.6,48.8,68.7,29.4,34.2,42.7,50.9,57.8,46.6,47.6,37.6,40.1,31.6,11.4,58.3,19.2,5.1,10.1,4,5.8,12.6,2.7,5.9,,16.7,36.5,,72.1,85,125.8,91.3
20150317,14,O3,91,120.1,89.8,114.4,99.8,108.9,64.8,81.5,94.3,113.7,100.9,87.4,96.8,107.1,108.1,113.4,95.5,96.9,83,117,86.6,98.2,91.6,118.5,107.9,109.4,111.7,57.6,110.9,116,,76.8,73.9,48.9,68.5
20150317,14,CO,1.9,1.7,1.9,1.8,1.8,1.7,1.7,0.7,1.1,1.9,2.4,2.3,2.6,2.7,2,0.1,0.9,0.4,2,1,0.2,0.2,0.2,0.3,0.4,0.2,0.7,3.5,1.5,2.1,,1.9,1.9,2.2,2
20150317,15,SO2,19.7,25.2,19.4,22.8,20.1,22.6,23.9,20.9,23,27.7,32.5,32,27.3,31.7,32.7,23.4,16.5,2.5,23.9,12.5,2,5.4,5.8,2.4,5.1,3.2,15.2,36.8,23.9,28.4,,28.1,19.2,31.3,3.6
20150317,15,NO2,30.8,31.1,36.3,39.3,39.9,46.3,65.5,40,43.3,40.8,43.9,48.5,38,40.8,42.1,52.1,29.8,12.7,50.7,16.6,5.1,11,4.4,5.9,15.8,2.2,14.5,,18.7,26,,87.4,66.6,139.4,84.8
20150317,15,O3,99.4,132.3,102.1,123.1,109.4,112.4,76.5,86.2,105.7,128.5,115.9,101,106.8,117.7,114.7,117.4,107.2,100,96,124.8,88.9,98.9,95.1,119.6,118,110.1,114,72.3,113.3,130.8,,74.8,88.8,55.4,72
20150317,15,CO,1.7,1.5,1.5,1.6,1.4,1.3,1.5,1.3,1.7,2.1,2.4,2.3,2.1,2.1,2.1,0.1,1,0.4,2,0.8,0.2,0.2,0.2,0.3,0.5,0.2,0.7,2.5,1.5,1.5,,2,1.5,2.4,1.6
20150317,16,SO2,24.8,30.9,23.9,27.5,20,29.9,25.3,26.2,25.6,26.2,24.8,29.5,21.8,27.3,27,22.5,12.5,13,27.6,12.5,2.5,11.3,5.5,7.5,6,2.2,14.5,28.2,20.6,21.7,,30,22.7,32.3,7.9
20150317,16,NO2,39.5,39.7,44.5,47.3,40.4,61.2,75.7,42.8,42.5,40.5,35.2,42.6,30.6,36.7,42.3,39,23.4,35.2,47.7,17.6,15.8,17.3,8.9,17.1,26.6,2,8.2,,17,20.4,,84.6,71.1,150.1,79
20150317,16,O3,105.8,139.6,107.3,126.7,114.8,114.1,71.3,95.6,116.3,134,126.7,111.7,121.1,126.5,122.1,146.8,114,106.2,105.3,120.2,98.1,115.7,103.3,121.6,112.3,108.6,113.3,82.9,112,143.5,,76,91,51.8,97.8
20150317,16,CO,2.1,2.1,1.9,2.1,1.5,1.7,1.7,1.7,1.9,2.1,2,2.2,1.7,1.9,1.8,0.1,0.8,1.2,2.3,0.8,0.7,0.6,0.3,0.7,0.5,0.1,0.6,1.5,1.3,1.1,,2.3,1.7,2.6,1.8
20150317,17,SO2,24.9,29.1,25.2,26.8,24.5,27.9,27.8,31.8,25.2,24.3,21.6,25.8,20.4,26.3,20.6,17.8,11.8,18.2,21.5,12,3.6,15.4,12.2,16.4,18.7,10.5,13.3,34,34,20.8,28.5,31.3,23.6,32.3,9
20150317,17,NO2,45.2,40.6,49.3,53,52.8,59,82.1,43.5,39,40.8,30.9,37.6,31.2,40,38.5,31.4,23.4,44.2,39.3,18.7,19.8,22.7,24.9,35.9,50.8,13.7,5.4,,29.4,21.2,70.6,113.5,83.7,159.7,102.5
20150317,17,O3,106.2,143.9,109,125.4,117.9,125.3,75,100.2,122.1,135.1,134.5,117.7,123.3,127.2,129,152.8,128.1,111,113.9,119.8,106.9,129.6,109.4,126,112.5,143.9,118.5,71.3,112.3,142.9,91.2,71.8,79.2,52.4,83.7
20150317,17,CO,2.2,2,2.1,2.1,2,1.8,1.9,2,1.9,2,1.8,2,1.6,1.8,1.2,0.1,0.7,1.6,1.9,0.7,0.8,0.9,0.8,1.4,1.4,0.8,0.6,1.5,1.9,1.1,2.2,2.3,2.1,2.6,2.1
20150317,18,SO2,21.9,24.3,24.3,22.9,22.8,22,27.8,32,22.8,22.3,19.2,24.2,18.7,27.1,22.7,33.2,14.3,23.4,17.6,14.5,4,14.8,24,21,26.8,10.8,16.1,33.5,31.6,28.4,25,26.4,27.4,27.7,6.3
20150317,18,NO2,44.6,38.4,60.7,55.6,56.9,61.4,92.1,37.5,39.6,46.3,31.8,43.9,37.1,43.2,47.2,53,31.6,51.6,35.4,26.8,27,26.5,45.2,41.2,62.4,13.6,12.6,,32.3,30,80.8,132.9,92.2,177.1,118.4
20150317,18,O3,105.4,137,101.2,118.4,113.4,119.6,64.4,103.1,120.4,125.8,127.3,110.8,112.1,119,115.9,111.9,133.3,110,115.3,117,111.1,131.2,107.4,128.5,111.2,152.6,114.2,67.5,105.6,135.7,77.4,53.4,77.7,36.7,69.7
20150317,18,CO,2.1,1.6,2.1,1.8,2,1.5,1.9,2,1.8,1.9,1.6,1.9,1.4,1.6,1.1,0.1,0.9,2,1.6,0.8,0.9,0.8,1.8,1.9,2,0.8,0.8,1.3,1.7,1.3,1.9,1.9,2.1,2.1,1.8
20150317,19,SO2,25.9,30.4,26.1,29.8,23.7,28.7,26.5,29.8,22.6,24.3,23.2,24.9,27.5,31.5,29.5,39.6,22.4,24.3,18.9,19.9,7,17.7,27.7,22.3,24.7,10.2,17.3,30.6,24.8,37,31.9,34.3,26,36.5,14.9
20150317,19,NO2,47.5,46.1,68.7,62.7,53.7,66.4,94.3,38.9,48.7,51.3,40.3,52.4,48,50,59,71.3,45,53.4,45.8,39.4,37.9,37,43.9,40.7,74,12.7,21.2,,26.6,39,72.9,124.6,117.6,161.7,119.9
20150317,19,O3,95.5,120.6,87.1,104.7,108.8,107.9,59.5,98.5,105.5,111.7,115.8,97.4,105.1,105,95.7,85.2,103.9,104.6,98,93,108.7,119,109.4,126.2,93.5,153.3,93.7,52.2,91.9,121.5,77.8,54.6,59,44,60
20150317,19,CO,1.9,1.7,1.8,1.8,1.7,1.6,1.7,1.8,1.7,1.7,1.6,1.8,1.6,1.5,1.3,0.1,1.2,2.1,1.5,1.1,1.2,1,2.1,2,1.9,0.7,0.8,1.3,1.1,1.3,1.8,2,1.9,2.6,2
20150317,20,SO2,26.9,28.9,26.3,25.6,27.5,30.9,31.8,32.7,27.1,26.8,21.5,26.7,21.8,25.4,27,38.1,26.1,25.7,23.2,16.2,14.3,32.8,23.9,21.2,22.6,18.1,13.5,33.3,20.6,28,30,29.5,27.7,31.6,16.9
20150317,20,NO2,46,44.5,62.5,53.5,55.5,66.1,94.7,40.1,44.6,59.6,35.5,48,45.7,46.1,52,81.1,54.2,53.8,48.5,35.1,53.8,48.5,31.4,44.9,74.4,24.1,18.2,,23.1,28.1,72.3,110.6,101.7,132.9,102.8
20150317,20,O3,82.6,105,79.9,95.7,94.9,93.3,50.4,89,100.9,85.7,103.6,90.4,84,86,81.5,60.4,79.7,95,92.1,82.3,74.2,97.9,115.8,106.4,84,137.8,83.6,34,71.3,101.3,64.5,49.3,60.7,45.8,65.6
20150317,20,CO,1.6,1.4,1.5,1.4,1.5,1.5,1.7,1.7,1.6,1.6,1.2,1.6,1.2,1.1,0.9,0.1,1.3,1.9,1.3,0.8,1.4,1.4,1.8,2.1,1.7,1,0.6,1.2,0.8,0.8,1.5,1.5,1.5,2,1.6
20150317,21,SO2,21.7,24.4,22,21.4,22.4,28.5,26.8,31.6,20.8,20.1,16.7,21.3,16.3,20.3,26.4,26,25.3,25.7,17,17.3,16.1,29.4,21.9,24.6,23.6,20.1,13.2,29.4,15.6,20.8,25.3,24.5,23.9,24.8,15.1
20150317,21,NO2,42.1,41,49.9,53,53.2,64.3,82,32.6,32.3,55.7,28.5,42.3,33,43.9,45.5,58.9,56.3,47.9,35.4,30.8,56.1,41.2,26.6,36.8,67.2,26.5,17.7,,19.9,24,60.3,79.3,88.5,110.5,80
20150317,21,O3,67.4,84.9,72.2,76.5,78.1,71.7,47.5,83,91.9,66.1,82.9,72.6,67.2,63.4,62.7,60,65.7,89.2,82.7,79.4,61.4,95.7,112.4,109.3,84.4,125.1,75.2,26,53.8,79.7,55.9,49.4,55.4,43.5,58.3
20150317,21,CO,1.2,1,1.1,1,1.1,1.3,1.2,1.3,1,1,1,1.1,0.9,0.8,1,0.1,1.2,1.6,0.9,0.7,1.4,1.2,1.6,1.7,1.6,1.1,0.6,1.3,0.6,0.6,1.1,1.1,1.1,1.2,1.5
20150317,22,SO2,15.2,17.5,15.6,14.1,16.5,16.9,18.6,25.5,14.9,11.2,13.7,16,12.1,12.5,18.3,17.4,21.1,19.4,11.3,15.1,10.5,19.6,25.7,19.6,24,14,14.8,28.8,10.1,12.1,18.8,17.9,16.3,16.8,2
20150317,22,NO2,40.1,35.8,47.8,42.2,45.5,50.8,73.3,27.2,23.9,43.6,28.2,33.1,31.4,37.8,37.6,41.5,42.4,36.1,32,30.2,47.1,32.3,30.1,29.9,68.9,24.9,18.1,,14.9,16.6,57.8,72.1,81.5,91.7,48.4
20150317,22,O3,48,63.4,51.4,60.2,64.8,59.1,32.4,70,75.5,49.8,62.5,57.1,53.7,53.1,58.3,59.5,59.2,80.2,63.7,68.9,47.6,80.8,101.6,97.6,73.8,101.7,65.4,20.8,55.6,77.6,35.2,30.9,40,30.7,62.8
20150317,22,CO,1,0.8,0.8,0.7,0.8,0.8,0.8,0.9,0.8,0.6,0.8,0.9,0.7,0.5,0.7,0.1,0.9,1,0.6,0.7,1.1,0.7,1.5,1.1,1.3,0.7,0.6,1.2,0.5,0.4,0.9,0.9,0.8,0.9,0.8
20150317,23,SO2,10.1,12.5,9.6,10.4,11.3,12.7,15.2,23.4,13.5,8.3,10.4,13.8,10.4,11.2,12.3,22.8,21.5,14.1,10,16.2,4.1,19,23.2,14.7,21.2,14.9,14.4,29.2,9.4,12.2,12.9,12.1,8.6,12.4,2
20150317,23,NO2,37.7,35.7,34.9,38.5,37.6,48.9,68.9,29.4,27.1,35.5,29.1,38.2,26.7,33.4,36.1,55,44.6,36,29.3,31.6,40.9,29.2,28.4,26.5,74.7,22.6,15.5,,23.9,17.2,42.3,48.8,54.7,82.9,63.2
20150317,23,O3,44.4,56.6,53.5,56.2,58.4,56.1,26.6,62.1,60.3,55.6,60.9,46.9,58.1,54.3,52.1,37.4,43.9,60.2,57.2,62.8,36.4,77,91.4,78.9,50.5,91.8,64.5,11.3,43.4,69.7,46.3,44.8,49,32.1,44.7
20150317,23,CO,0.7,0.5,0.6,0.6,0.6,0.6,0.7,0.9,0.6,0.6,0.5,0.6,0.5,0.6,0.4,0.1,0.9,0.8,0.6,0.7,0.8,0.6,1.2,0.9,1,0.5,0.6,1.2,0.5,0.5,0.6,0.6,0.5,0.7,0.7
20150317,0,PM2.5,314.8,290.8,294.5,292.9,312.1,318.8,303.7,314.7,313.9,316,321.1,304.5,304.6,300,309.1,322.2,309.3,299.1,341.4,294.1,322,351.3,325.2,298.4,252.9,283,244.1,300.6,317.4,317.6,349.8,296.5,307.2,310.9,345.2
20150317,0,PM10,436.3,,307,329.6,362,,398,347.6,,341.5,379.7,357.3,371.4,335.2,356.9,370.4,343.4,335.8,341.8,296.1,,,,,,350.1,258.7,306.8,365.2,,,321.7,356.4,334.8,420.2
20150317,0,AQI,278,272,269,272,263,274,265,261,270,295,295,271,300,299,282,261,245,251,288,248,263,280,268,265,249,241,224,276,314,326,310,273,271,292,283
20150317,1,PM2.5,322.8,302.1,300.4,294.6,322.5,324.5,301.8,310.1,305.8,317,318.5,292.7,327.8,302.2,318.7,325.6,314.4,286.8,334.5,294,324.7,330.2,343.2,316.8,202,283.8,254.3,310,303.8,319.5,327.8,303.1,318.5,304.8,346.2
20150317,1,PM10,470.5,321.2,321.6,341.3,380.2,,397.4,352.8,,336.8,375.3,335.8,405.1,333.4,374.2,385,348.2,312,,302.2,,,,,,332.3,266.1,329.4,353,,,326,379.5,318.9,426.9
20150317,1,AQI,285,279,275,278,270,281,271,268,276,301,301,276,306,305,288,269,254,258,295,256,272,289,277,272,254,249,231,285,320,331,318,279,278,298,290
20150317,2,PM2.5,328,318.2,311.9,307.9,332.3,324.9,328.1,327.8,312.8,321.6,316.2,285.6,329.6,311.3,329.3,329.7,316.7,285.9,330.3,302.3,313.4,326.9,340.2,301.9,160.4,273.9,245.5,315.6,300.7,317,334.9,314.4,324.9,318.8,340.6
20150317,2,PM10,473.9,344.4,344,369.3,384.6,,416.9,353.8,,353.2,361.4,324.5,395.3,340.2,375.9,383.1,340.6,314.8,,310.4,,,,,,330.9,264.5,350.8,345.7,320.6,,337.1,392.4,333.6,343.4
20150317,2,AQI,292,285,282,284,277,288,278,275,283,307,307,281,312,311,294,279,264,264,301,265,280,297,285,279,255,258,238,294,325,336,326,285,285,303,298
20150317,3,PM2.5,329,322.8,305.4,312.8,315.3,324.7,319.7,312,306.7,330.5,310.9,300.9,309.4,314,324,343.1,307.9,284.8,330.2,282.4,306,325.5,348.5,292.8,133.3,281.5,241.8,319.5,307.3,311.2,324.2,321.6,318.1,318.7,339.8
20150317,3,PM10,452.2,335.4,319.5,361.2,341.7,,382.5,340.7,,361.2,355.8,345.9,367.8,335.6,358.6,384.2,310,312.2,,,,,,,,323.1,250.5,340.2,353.2,,327.4,333.6,368.8,324.8,
20150317,3,AQI,299,291,287,290,284,296,285,282,289,313,312,286,318,316,300,290,273,271,308,273,288,305,294,286,255,266,245,304,330,340,333,292,291,309,306
20150317,4,PM2.5,325,310.9,310.3,310.2,317.8,316.3,321.2,286.7,321.5,327.9,312,298.1,315,314.3,331.2,329.1,300.4,241.2,329.3,281.7,305.6,317.5,331.4,189.3,118,281,244.9,313.9,321,310.6,329.4,313.8,310.3,322.6,327.1
20150317,4,PM10,441.7,,313.7,334.3,346.7,,376.5,319.7,,340.9,350.1,339,371.5,325.2,348.3,356.4,300.4,,,,,,,,,314.2,262.4,317.7,352.9,,,316.7,361.4,,346
20150317,4,AQI,306,298,293,296,292,304,292,289,296,319,317,291,323,321,308,300,281,275,315,281,295,314,303,289,253,274,252,313,335,344,340,298,298,314,314
20150317,5,PM2.5,321.3,313.4,309.4,302,311.5,317.2,301.5,292.7,302.2,318.4,315.7,294.3,306.1,314.5,337,322.8,298.2,197.7,321,278.9,301.2,314,335.3,67.5,50.9,274.3,260,304.8,310.1,303.3,323.8,313.7,313.9,315.1,322.5
20150317,5,PM10,432.5,,317.7,329.9,328.4,,351.5,311.4,,,364.8,327,358.1,321.1,352.2,342.6,,250.7,,,,,,113.7,,308.8,283.9,314.7,342.4,,,,357.5,,326.9
20150317,5,AQI,313,306,300,303,301,312,299,296,302,324,323,298,327,326,317,309,289,279,322,288,303,321,311,286,249,282,259,321,339,347,349,306,305,320,323
20150317,6,PM2.5,321.2,294.9,308.1,297.6,307.1,307.5,288,271.2,170.9,307.2,308.8,286.9,304.3,314.8,334.3,336.8,284,117.4,313.2,275.1,295.1,302.4,317.7,58.5,41.7,270,,291.5,292.1,297.7,315.1,300.8,317,313.7,313
20150317,6,PM10,428.6,,309.7,298.8,337.8,,328.8,308.4,,,347.4,318,342.9,319.9,348.2,365.6,,,,,,,,104.8,,301.7,,299.8,319.2,308.6,,,365.6,,322.6
20150317,6,AQI,321,313,307,310,308,320,305,302,304,330,328,304,331,331,326,319,297,278,329,295,310,328,318,283,244,290,263,328,343,351,357,314,313,328,330
20150317,7,PM2.5,314.2,319,297.9,305.7,304.3,304,274.2,264.9,57.1,281.4,271,160.2,308.2,325.2,332.7,351.8,276,71.5,228.4,272.6,273.4,289.4,215,41.1,46,250.4,125.8,272.2,270.8,275.2,311.2,312.3,311.9,317,297.4
20150317,7,PM10,420.3,,308.2,324.6,330,,341.8,309.2,63.7,290.4,287.9,,363.8,332.2,353.2,369.3,,122.2,,,277.1,,,54.8,,284.2,418.8,,280.9,288.2,,,370.1,317.4,299.1
20150317,7,AQI,329,322,314,318,317,327,312,308,300,335,333,304,336,337,334,329,303,276,333,301,316,334,321,279,240,297,263,334,345,353,365,322,321,336,337
20150317,8,PM2.5,297.9,292.8,253.5,296.9,289.5,305.7,281.2,254.7,67.4,258.8,316.2,185.5,321.8,324.8,326.6,399.7,263.4,31.8,74.2,290.2,282.6,295.2,123.3,15.9,33.7,226.9,254.5,278.6,265.4,242,299.3,315.3,267.9,339.3,315.6
20150317,8,PM10,389.1,,,315.9,,,327.9,302.1,88.2,282.4,391.5,268.3,379.2,332.9,345.4,439,271.9,49.1,,335.7,,302.7,132.4,55.4,,251.5,350.7,324.1,281.8,306.6,,,,390.1,316.2
20150317,8,AQI,337,329,320,325,324,334,319,313,298,340,340,307,343,344,342,340,309,271,330,308,322,340,318,274,235,302,270,340,347,354,373,330,327,344,344
20150317,9,PM2.5,267.8,325.5,158.1,247.6,195.3,325.4,185.6,208.4,83.1,206.3,350.4,168.7,362.3,275.2,319.3,418.7,262.5,25.2,27.1,354.3,245.5,237.6,60.8,19.7,30.3,169.3,278.4,322.6,271.9,292.7,306.1,340.9,180.1,373.9,364.4
20150317,9,PM10,380.4,,,300.5,215.5,,185.9,258.2,90.9,223.9,405.2,205.7,404.6,290.4,341.4,439.2,293.7,46.6,74.7,407.3,,252.9,91,53,,205.6,401.9,351.5,280.6,355.9,335.4,390.6,,438.4,443.1
20150317,9,AQI,342,337,321,330,328,341,322,316,296,343,349,308,352,348,349,352,314,267,324,317,326,343,310,268,227,305,277,346,350,358,380,339,330,354,353
20150317,10,PM2.5,272.9,347.5,136.4,293.7,185.8,351.9,110.6,79.8,55.3,232.5,366.7,91.7,343.9,317.5,365.9,370.5,267.6,14.9,102.9,366.3,97.1,75.2,51.4,16.9,26.3,88.8,204.9,318.8,251.9,363.6,257.5,360.1,128.1,379.5,377.7
20150317,10,PM10,364.2,349,137.9,327.9,189.9,,,104.9,79.3,247.9,424.6,114.7,396.7,369.5,398.8,380.3,,40,117.3,465.4,105,,96.4,46.1,,,217.2,334.1,268,,278.1,395.5,133.4,423.5,
20150317,10,AQI,347,346,322,336,329,350,321,313,293,347,358,307,360,354,357,360,319,262,322,326,323,337,300,262,220,303,280,350,352,365,377,349,330,363,361
20150317,11,PM2.5,264.9,327.1,148.6,272.3,164,317.4,99.3,80.4,88.4,159.8,155.7,67.5,,326,315.3,282.2,189.4,92.9,66.3,315.1,37.8,26.3,37,14.6,20.5,10.5,158.4,,,318.5,,332.1,142.1,392.3,330.4
20150317,11,PM10,325,,154.7,280.6,,,107.5,120.9,107.5,232.3,,84.2,,352.7,,,,201.8,104.3,330.4,,,59,23.1,,,174.9,,,,,,145.4,,
20150317,11,AQI,350,352,321,341,329,355,318,310,290,348,358,303,366,359,363,364,320,260,318,332,318,329,292,256,214,291,280,,,370,,356,329,373,367
20150317,12,PM2.5,186.4,208.7,147.6,170.2,133.4,173.5,93.7,86.3,113.2,262.2,,81.7,,274.3,263.6,210,23.9,64.1,72.9,199.5,27,15.8,23.7,38.2,17.5,4.7,147.6,273.6,276.8,211,,191.7,126.1,,168
20150317,12,PM10,195.3,,,172.1,,,,108.8,114.9,,,114.4,,,,,,80,91.5,217,,,29,78.9,,5,157.4,,283.8,,,,,216.7,184.2
20150317,12,AQI,350,353,319,340,327,355,315,306,287,350,363,299,371,362,365,364,314,256,313,332,311,321,284,249,210,281,279,356,356,369,,356,326,378,365
20150317,13,PM2.5,143.2,178.4,132.3,189.7,142,160.9,86.6,80.1,92.7,207.9,42.3,112.6,130.2,212.9,178,168.1,15.4,67.5,105.2,140.4,16,8.6,14.6,41.7,17.5,15.8,111.5,250.2,184.8,182.4,,193.9,119.4,70.9,168.4
20150317,13,PM10,191.4,,,,,,99.9,92.7,,,,131.6,268.1,,,,,77.6,115,158.5,,,15.2,82.5,,,116,,,,,,130.6,170.7,
20150317,13,AQI,346,350,315,338,324,352,309,299,281,348,355,294,366,360,362,362,307,251,309,329,303,312,276,242,204,271,275,355,353,365,,354,322,371,363
20150317,14,PM2.5,142.2,130.4,139.2,130.2,138.6,146.2,140.5,82.8,93.5,145.5,185.4,168.5,187.5,168.7,152.6,123.8,66.1,30,178.5,105.8,13.7,17.2,16.9,30.1,40.8,15.6,80.4,234.7,110.6,150.3,,115,144.1,136.3,144.5
20150317,14,PM10,157.6,,,,,,157.3,,99.7,,283.1,177.1,215.6,,,,67.4,36.2,,,,,,51.8,,,,,,,,,155.7,,
20150317,14,AQI,341,344,311,333,319,347,305,292,274,343,352,291,363,355,357,357,300,243,305,323,294,303,270,233,195,263,270,353,342,360,,348,317,364,358
20150317,15,PM2.5,114.6,116.9,111.3,119.4,118.1,111.9,125.5,112,138.4,158.9,172.2,150.6,136.2,132.7,175.7,111.2,94.9,27.8,169,82.5,13.7,5.3,20.4,25.2,48.1,9.4,69,193.9,113.4,122.4,,127.2,130.2,142.3,113.2
20150317,15,PM10,140.4,117.3,,,126.1,,,134.5,,160.1,251.6,160.5,185.4,,185.9,145.9,,41.7,,83.9,,,,48.8,,,121.3,,,,,131.2,,152.1,
20150317,15,AQI,334,337,304,326,313,340,299,286,269,338,349,287,355,348,352,351,295,234,301,317,284,292,263,223,184,258,263,347,331,353,,341,312,356,351
20150317,16,PM2.5,133.3,159.9,131.2,149.2,106,139.3,119.1,133.8,139.5,152.5,146.9,148.4,139.4,135.5,166,127,65.6,85.5,177.4,74.7,48.9,51.8,22.5,53.8,49.8,8.3,57.4,99.2,90.8,101.9,141.6,,121.3,162.3,135.4
20150317,16,PM10,188.4,170.8,147.2,157.4,131.8,,153.7,159.9,141.6,174.5,216.5,152.7,170.2,,176,149.1,,135.8,,,63.4,,44.4,101.9,,,68.6,,,,,,157.8,174.8,141.3
20150317,16,AQI,327,332,298,320,306,334,293,281,263,331,342,282,348,340,346,344,287,227,296,309,275,283,256,213,179,248,256,337,321,344,381,341,305,350,344
20150317,17,PM2.5,156.9,162.6,149.7,159.9,154.7,157.2,135.8,146.2,143.1,158.6,137.7,133.9,132.6,145,140.6,99,73.7,110,159.6,59.7,81.6,79.4,72.3,115.1,105.9,67.1,56.1,110.4,137.7,94.3,159.4,70.2,,169.8,155.8
20150317,17,PM10,230.8,172.3,165.2,176,185.6,,178,180.5,149.8,162.5,211.4,162.7,172.4,146.1,143.6,123.1,88.5,154.6,,65.8,87.9,98.5,109,169.1,,91.5,71.7,214.6,203.8,,162.8,280.3,,184.4,175.4
20150317,17,AQI,321,325,292,314,301,327,287,276,257,324,334,276,339,332,338,336,279,220,289,300,267,274,249,207,170,240,248,329,313,333,371,330,303,343,337
20150317,18,PM2.5,155,146.1,159.4,153,162.3,155.3,146.2,146.4,143.8,163.5,128.7,135.5,116.1,128.2,108,104.3,92.2,134.2,145.6,73.7,79.9,83.2,135.9,136,139.8,80,73.6,112.4,131.2,122.9,150.8,146.2,32.7,156.6,132.5
20150317,18,PM10,216.4,,168.1,158.1,210.4,,189,177,152.8,,191.5,158.5,168.2,151.2,178.4,229.6,127.8,180.7,,123.8,110.9,111.7,168.6,197.4,,109.6,167.9,192,201.2,156.6,,229.9,274.2,161.1,
20150317,18,AQI,313,318,286,307,294,319,280,270,250,315,324,269,328,323,329,328,271,214,281,292,258,265,244,200,161,233,240,320,305,323,359,321,291,334,328
20150317,19,PM2.5,131.4,135.6,135.3,136.3,138.9,147.8,132.3,140.4,141.5,144.6,144.1,132.1,151.3,132,134.2,108.5,111.6,144.5,138.7,102.8,112.9,85.9,157.3,149.7,148.8,70.8,87.7,115,96.8,127.8,139.3,148.9,158.4,156,143.5
20150317,19,PM10,275.1,230,195.9,237.6,210.5,,200,172.4,163.8,220.4,284.9,205.6,335.1,237.6,228.2,236.7,185.2,196.4,174.9,232.3,153.8,145.1,175.1,208.1,,103.1,203.8,174.8,172.6,199.7,196.2,294.6,264.3,246.7,265.1
20150317,19,AQI,305,310,277,298,287,312,272,264,244,306,314,261,319,314,321,320,264,208,273,284,250,255,239,190,153,223,232,312,296,312,346,313,283,325,321
20150317,20,PM2.5,126.8,118.8,126.4,116.2,134.8,139.4,134.3,144.1,134.1,135.7,114.6,123.8,110.3,101.8,110.7,119,120.5,147.8,153.3,84,132.4,112.6,151.4,165.3,138.9,88.2,65.5,90.7,76.8,80.2,124.7,122.6,136.1,128.2,135.1
20150317,20,PM10,310.7,211.7,218.5,213.9,304.9,243.6,262.5,251.5,251.2,232.6,304.8,236.7,286.6,175.2,213.5,229.3,202.3,229.9,245.5,149.9,221.6,258.1,155.2,213.1,,187.9,147.3,143.4,105.6,141.7,211.4,293.3,303.2,219.5,221.7
20150317,20,AQI,297,302,269,290,280,305,264,258,237,296,303,252,307,305,313,312,257,202,264,276,243,246,232,182,145,215,224,303,285,300,332,304,274,315,313
20150317,21,PM2.5,89.9,87.9,85.4,78.7,98.9,93.6,99.6,109.8,95.3,99.7,78.4,87.7,72.3,56.3,78.1,85.2,117.4,126.7,100.8,68.9,132.4,115.5,133.8,149.1,135.7,100.6,54.8,48.3,38.4,63.7,86.2,88.1,94,85,111.5
20150317,21,PM10,248.7,169.9,181,164.8,260.5,202.1,225.9,262.6,185,199.7,232.8,201.5,224.4,135,168.7,170.6,200.4,268.8,207.4,90.5,225.7,223.5,141.7,291.1,260.4,221.7,119.5,84.4,45.9,92.2,160,237.3,264.9,170.5,207.2
20150317,21,AQI,287,293,260,281,271,295,256,250,228,286,290,243,294,294,304,301,249,193,253,267,234,236,226,173,157,206,216,291,272,286,316,295,265,305,304
20150317,22,PM2.5,56.5,44.2,70.4,43.9,66.2,50.2,53.2,71.7,57.1,53.8,47.1,48.7,43.1,37.2,41.4,39.5,84.3,76.4,62.6,54.5,117.2,75.4,147.9,96.1,120.9,72.5,48.1,41.3,27.4,30.4,56.1,51.7,74.1,49.3,51.9
20150317,22,PM10,170.8,100.5,128.5,92.2,206.1,69.2,113.8,205.1,122.5,100.8,178.6,126.8,165,59.8,76.9,91.9,173.3,228.6,154.1,73.3,203.2,187.1,197.4,243,281.6,190.7,93,50.1,,,97.1,180.4,219.1,91.1,96
20150317,22,AQI,277,282,251,270,261,285,245,240,217,275,276,232,280,283,292,290,240,180,242,257,226,225,219,161,159,196,208,278,259,271,299,284,254,293,292
20150317,23,PM2.5,33.7,38,35.5,34.2,36.2,37.6,34.5,68.7,44.1,36.1,34.5,40.9,34.7,37.2,39.5,41.1,58.9,51.7,54.7,50,67,52.8,121.7,68.6,90.3,56.1,37.2,51.3,29.6,36.6,33.3,32.3,37.3,41.1,31.5
20150317,23,PM10,85.1,44.3,47.4,45.1,102.5,,59.1,168.8,108.4,44.3,119.1,89.4,98.6,,54.2,64.7,104.6,154.1,122,,132.1,115.6,197.6,169.7,252.2,136.7,62.3,,,,44.4,107.9,132.7,51,49.3
20150317,23,AQI,265,271,240,259,250,273,234,231,206,263,263,221,268,271,281,278,230,166,230,246,215,213,211,147,158,182,197,267,247,258,280,273,242,281,280
