date,hour,type,dongsi,tiantan,guanyuan,wanshouxigong,aotizhongxing,nongzhanguan,wanliu,beibuxingqu,zhiwuyuan,fentaihuayuan,yungang,gucheng,fangshan,daxing,yizhuang,tongzhou,shunyi,changping,mengtougou,pinggu,huairou,miyun,yanqing,dingling,badaling,miyunshuiku,donggaocun,yongledian,yufa,liulihe,qianmeng,yongdingmengxi,xizhimengbei,nansanhuan,dongsihuan
20150527,0,PM2.5,81.3,75.1,67.8,,71.4,72.2,73.7,73,68.2,73.5,71.4,75.3,90.9,74.3,71.2,72.6,71.7,64.9,,73.9,82.1,65.9,63.3,62.6,60.3,64.6,90.2,79.7,75.2,84.8,,74.4,69.4,93.3,34
20150527,0,PM10,107.9,116.6,147.7,,153.6,129.1,138.6,108.3,124,,103.7,188.1,,125.2,130.7,128.3,114.9,126.9,,150.6,141.2,121.1,127.5,101.5,107.6,82.3,101.3,140.8,116.9,,,118.1,146.1,138.1,120.4
20150527,0,AQI,123,107,112,129,111,110,119,132,116,130,113,125,141,115,106,110,109,112,,106,109,106,116,121,110,99,129,100,108,136,,116,115,150,118
20150527,1,PM2.5,82.2,68.4,70.3,,73.3,74.6,73.7,75.8,69.4,75.3,77.4,86.7,92,70.3,75.7,73.5,73.3,67.8,,74.1,69.2,69.5,61.6,64.3,57.2,65.8,106.4,79.7,69.3,88.3,,70.8,72.3,89,3
20150527,1,PM10,107,121.9,143,,201.4,126.6,117.2,107.5,126,,98.8,165,,121.4,133.6,127.2,94.8,135.6,,139.2,109.9,122,121.6,96.5,102.1,82.2,113.9,115.5,129.1,103.1,,128.7,145.4,135.3,136.7
20150527,1,AQI,123,107,112,131,111,110,119,130,116,129,113,126,142,115,106,110,110,111,,107,108,106,115,119,109,98,130,101,107,136,,116,115,150,115
20150527,2,PM2.5,87.2,68.8,76.1,,79.3,76.4,75.4,88.9,74.2,82.7,81.5,92.9,91.4,80.5,80.7,79.2,76.3,74.4,,81.8,79.7,75,63,71.6,60.8,69.1,106.1,81.6,81,96.3,,74.2,75.2,94.4,60.6
20150527,2,PM10,104.4,116.3,144,,201.9,127,122.9,113.2,124.1,,104.8,185,,122.3,135.3,128.2,107,127.7,,139.6,127.5,124.2,118.2,105.9,101.3,85,,117.7,124.6,109,,122.4,140.9,143.4,123.3
20150527,2,AQI,123,107,112,133,111,110,119,129,117,129,114,126,142,115,106,110,110,111,,107,109,106,113,117,107,99,131,102,107,136,,116,115,150,114
20150527,3,PM2.5,90.7,82.5,82.5,,88.1,82.7,81.4,85.4,73,94.5,86.8,95.1,95.1,82.8,83,82.8,77.8,76.4,,77.3,83.5,76,60.5,76.5,62.8,69.9,101.4,85.3,86.5,96.9,,84.8,80.6,104.7,70.4
20150527,3,PM10,111.9,120.6,153.8,,189,129.7,128.5,102,121.9,,104.7,182.5,98.9,133.2,133.3,132,109.5,113.4,,117.2,102.1,123.2,123.5,100,105.9,79.9,,133.2,138.5,110.1,,128.7,169.4,140.8,127.3
20150527,3,AQI,123,108,113,135,112,110,119,128,117,128,115,127,142,114,107,111,110,111,,108,110,107,111,116,106,98,166,103,108,136,,116,115,149,114
20150527,4,PM2.5,102.1,84.7,85.9,,93.1,88.6,88.5,79.8,78.4,105.8,91.3,100.5,105.8,91.3,91.4,90.4,80.1,71.7,,83.3,81.9,78,64.1,77.9,66.8,71,103.3,94,87.8,100.8,,91.4,90.6,113,62.4
20150527,4,PM10,116.1,128.4,157.5,,204.7,138.6,138,104.8,119.1,,107,178,,130.6,132.8,134,109.8,94.4,,121.4,139.6,117.7,111.1,96.7,103.5,87.8,104.9,108.6,107,114.2,,141.9,155.3,140.3,141.2
20150527,4,AQI,123,108,113,136,113,111,120,127,117,128,115,128,142,114,107,111,110,110,,109,110,107,109,116,104,98,132,103,108,136,,116,115,149,112
20150527,5,PM2.5,106.4,91.5,90.6,,99.5,90.9,90.7,78,84.3,112.8,94.1,97.3,117.3,100.7,98.9,96.8,91.6,71.6,,80,78.4,84.8,67.6,78.6,68.5,64.2,103,100.6,91.2,100.6,,100.5,97.1,117.1,86.6
20150527,5,PM10,114.2,121.7,155.7,,207.8,134.5,130.7,99.4,110.3,,114.1,188.9,,140.8,135.6,136.9,112.5,99.7,,110.9,107.4,114,115.9,99.2,112.5,71.3,103.7,109.6,,116.9,,145.3,153,146.5,132.7
20150527,5,AQI,123,108,113,137,114,111,120,125,117,128,116,127,142,114,108,111,111,109,,110,110,107,108,115,103,97,133,104,108,135,,116,116,149,111
20150527,6,PM2.5,113.2,92.1,102.7,,97.5,95.3,99.7,80.1,85.5,123.5,99.2,115.4,124.4,106.1,101,100.8,94.5,69.7,,78.9,78.3,85.5,66.6,79.2,71.1,71.2,100.3,105.9,102,115.7,,107.8,103.7,129.4,76.5
20150527,6,PM10,123.8,130.7,166.3,,168.9,135.4,153.1,104.2,117.2,,119.8,266.3,,151.8,135.5,140.9,138.1,110,,128,113.3,138.1,120.2,108.8,114.9,74.4,108.4,129.4,118.5,143.5,,164.8,168.9,205.9,159.5
20150527,6,AQI,123,108,113,138,114,111,120,124,118,128,117,128,143,114,108,111,111,109,,110,109,107,106,114,103,97,133,105,108,135,,116,116,150,109
20150527,7,PM2.5,120.6,109.5,100.3,,108.6,100.6,100.2,82.9,86.3,125.8,98.8,105.2,130.6,110.4,110.1,107,106.2,80.7,,84.4,81.3,88.9,75.3,95.2,76.8,72.3,104.7,117.5,111.4,114.5,,114.6,114.9,141,81.7
20150527,7,PM10,131.3,151.9,173.9,,162.7,143.1,156.3,109.3,127.6,,115.6,231,,155.6,155.2,151.3,139.6,126.4,,150.2,133.3,148.6,139.7,149.5,126.6,73.2,113.8,156.9,166.5,150.9,,184.3,196.1,238.3,180.6
20150527,7,AQI,124,108,113,138,114,111,121,123,118,128,117,128,142,115,109,112,111,109,,111,109,108,104,114,102,97,133,106,108,134,,116,116,151,108
20150527,8,PM2.5,129,118.6,112,,115.5,113.4,106.7,100.6,93.3,127.2,106,116.5,130.1,118.6,117.8,116.6,118.8,89.5,,100.2,87.9,87.6,73.4,98.6,81.9,71.9,118.7,125.5,139.6,137.2,,134.1,118.4,159.8,113.3
20150527,8,PM10,141.2,167.4,186.6,,172.2,167.5,131,140.6,144.7,,146.2,241.8,,168.9,173.3,169.9,163.7,169.8,,217.6,148.9,160.2,146.7,134.6,145,74.6,,183.3,165.2,165.8,,198.9,187.6,261.1,194.5
20150527,8,AQI,124,109,113,137,114,111,121,122,118,127,116,127,142,115,110,112,111,109,,112,109,108,103,114,102,97,134,106,110,134,,117,117,152,108
20150527,9,PM2.5,144.3,124.8,117.5,,132.7,120,101.4,116.1,,128.6,117.5,115.2,142.5,122.4,125.4,122.6,,103.8,,109.5,97.4,94.7,80.1,104.2,79.1,77.5,121.5,138.7,148,148.1,,135.5,125.9,,117.4
20150527,9,PM10,156.6,175.9,206.1,,201,176.3,122.6,167.9,,,164.6,195.2,,179.2,179,178.2,,167,,168.2,179.4,148.3,148.5,160.1,139.8,83,,189.7,206.9,172.6,,194.3,200,,173.7
20150527,9,AQI,125,110,113,137,116,111,121,123,,127,116,127,142,116,110,113,,109,,112,109,108,102,114,102,96,135,108,112,134,,117,118,,108
20150527,10,PM2.5,3,124,119.7,,144.8,120.7,112.5,127.4,,131.7,118.6,114.6,148.6,129.2,135.8,128.5,125.5,109.6,,112.2,106.4,104,82.5,121.6,92.3,82.4,131.9,162.3,146.7,158.3,,141.4,140.3,187.1,112.2
20150527,10,PM10,149.6,179.7,196.2,,182.7,179.2,209.1,180,,,160.3,218.3,151.8,194.3,188.6,187.4,167.5,169.2,,145.7,189.6,152.6,132.7,180.6,146.8,94.8,,194.3,222.9,195.5,,198.9,204.6,224,187.3
20150527,10,AQI,118,110,114,137,118,112,121,124,,127,117,126,143,116,111,113,112,110,,113,109,108,101,116,103,96,135,111,113,134,,118,119,155,108
20150527,11,PM2.5,,,124.3,137.1,131.2,139.4,130.8,130.7,119.4,158.5,129.6,125.9,155.2,143,153.3,145.2,114,114.9,,111.4,104.3,97.7,83.4,117.9,101.5,92.4,119.9,180.7,148.7,154.1,,151.3,137.7,206.1,112.7
20150527,11,PM10,144.8,,183.4,180.8,178.4,182.8,,161.4,154.6,,165.9,210.2,,208.2,186.7,192.5,136,180.3,,138,133.7,,127.5,144.7,146.2,,,214.1,176.3,212.7,,180.4,180.6,213.8,193.4
20150527,11,AQI,116,,115,141,119,113,121,125,120,127,117,127,143,117,113,115,111,111,,112,109,108,101,116,104,106,134,116,115,134,,120,120,155,107
20150527,12,PM2.5,,3,116.1,,102.1,125.3,122.7,111.2,113.4,135.8,134,127.4,,126.4,133.1,128.3,110.8,131.8,,103.2,86.2,67.2,77.3,128.7,108.5,83.3,103.2,157.7,122,162.8,,132.8,130.2,185.8,106.3
20150527,12,PM10,110.5,,156.4,,,133.5,157.5,,127.2,,136.3,,,,,133.5,,,,,,,123.1,138.6,157.1,,,,,190.6,,,,,
20150527,12,AQI,114,113,115,,118,114,121,124,120,125,118,127,,118,116,116,111,112,,111,108,106,101,117,109,112,132,120,116,136,,121,121,156,107
20150527,13,PM2.5,,61.2,96.9,3,94.7,101.1,131.1,113.6,102.9,95.9,111.1,109.9,,87.4,100.2,96.2,95.6,125.6,,86.9,82.8,76.3,94.3,120,120.6,63,91.1,140.4,54.5,167.8,,97.1,109.7,134.6,53.2
20150527,13,PM10,102.1,169,102.1,,94.8,116.3,,121.5,108.4,,,,,,,116.3,,,,,96.2,100.2,146.6,130.6,150,,93.6,,,,,103.4,,,109.9
20150527,13,AQI,113,114,114,123,118,114,122,124,119,125,118,127,,117,116,116,110,113,,111,114,109,118,120,120,110,131,124,114,137,,120,120,155,105
20150527,14,PM2.5,,82.4,87.4,,82.9,88.8,113.7,101.1,94.6,78.3,93.8,101.1,,76.2,86.3,83.8,111.7,105.4,82.4,101.9,92.2,69.3,112.3,95.8,100.9,61.2,124.9,115.2,75.2,137.2,,87.2,84.6,132.1,13.6
20150527,14,PM10,87.2,140.5,103.9,238.1,93.2,106.3,,,103.6,,,150.4,,,,106.3,,107,86.3,153.7,,98.3,147.3,105,121.7,61.9,,117.1,,,,,87.6,,80.1
20150527,14,AQI,113,119,113,124,121,117,120,122,118,125,117,126,,116,117,116,114,116,98,118,118,115,131,127,131,113,133,126,115,137,,120,119,155,108
20150527,15,PM2.5,,67.4,71.9,,77,80.4,99.2,86.3,86.7,63.5,66.6,96.7,,71.9,80.8,77.7,110.2,98,65.3,105.5,97.4,94.1,91.8,90.7,99.5,67.1,101.3,101.1,67.9,112,,77.9,81.9,128.4,71.4
20150527,15,PM10,76.8,123.1,86,161.4,80.2,92.4,,96.6,96.9,,75.9,,,86,107,95.1,,,102,,138.6,129.1,106.8,108.6,123.8,,,,97.2,,,82.9,,,
20150527,15,AQI,113,119,112,122,122,117,120,121,116,124,116,125,,116,118,116,115,113,95,115,127,124,130,124,126,118,133,126,115,138,,120,118,157,100
20150527,16,PM2.5,,67.6,69.7,,113.9,74.7,86.8,74.8,75.5,55.7,69.6,68.8,,58.1,83.3,72,106.5,85.7,71.8,99.5,92.5,128,82.5,74.4,84.5,80.6,101.1,93,62.3,70.9,,70.3,68.7,116.2,111.9
20150527,16,PM10,72.5,111.3,83.8,153.1,,102.9,,,84.8,,92.9,,,69.9,89.3,87.4,106.7,86.8,98.3,118.6,,146.2,102,93.7,112.5,84,,102.6,,,,72.8,96.3,,134.4
20150527,16,AQI,113,122,116,115,121,119,119,119,114,123,115,124,,115,119,116,120,112,97,120,125,129,124,123,119,126,134,129,115,138,,120,118,157,104
20150527,17,PM2.5,,56.9,62.2,,124.2,74.2,63.9,54.2,66.1,60.2,65.1,70.9,,66.3,74.8,71.7,99.2,69.3,65.8,95.5,96.3,97.6,71.6,60.5,71.8,84.2,109.8,81.3,59.9,72.9,,63.2,49.3,86.9,50.1
20150527,17,PM10,81.6,100.4,86.2,113.4,,101.5,112.8,91.3,76.4,131.8,88.2,136.7,,80.1,100.8,94.1,101,75.8,80.4,99.4,146.5,115.9,104,93.1,108,,117.6,94.4,105.8,122.9,,110.8,76.2,108.9,111.2
20150527,17,AQI,115,121,113,110,121,118,118,116,112,123,115,123,,116,120,117,124,111,106,125,132,126,120,122,112,124,134,131,116,138,,120,117,157,100
20150527,18,PM2.5,,63.4,65.2,,99.8,68.5,73.9,64.4,77.3,69.1,66.3,71.9,,60,72.8,67.1,95,93.2,56.1,97.1,93.2,95.3,58.1,65.8,54.5,83.6,119.4,83.3,53.2,82.9,,66.3,58.6,75.7,54.1
20150527,18,PM10,83.4,103.1,96.7,105.3,118.5,96.2,120.9,97,93.9,138.8,93.1,138.4,,107.3,88.5,97.3,,,74.1,165.8,131.4,122.5,77.6,89.3,79.1,96.8,,127.4,125.4,116.6,,71.3,102.6,110.4,125.6
20150527,18,AQI,116,121,112,105,123,115,119,115,111,123,115,123,,116,121,117,120,112,104,136,131,132,114,115,102,128,138,132,116,139,,121,117,156,100
20150527,19,PM2.5,,60,69.3,,82,69.2,74.3,68.3,85,78.9,72.8,84.8,,70.8,64.7,68.3,90.2,66.7,62,93.9,90.6,101.7,49.2,56.2,57.9,91.9,106.5,80.5,72.1,80.4,,60.9,62.6,89.8,102.8
20150527,19,PM10,88.1,98.5,132.7,118.5,99,101.9,121.9,97.5,96.2,152.9,103.7,168.3,,131.8,78.6,104.1,95.9,105.6,94.3,173.2,,159,87.4,128.6,97.2,98.1,119.6,101.8,118,112.5,,109.4,170.7,155.3,105.8
20150527,19,AQI,118,116,113,102,124,116,120,115,113,124,116,124,,116,122,118,122,112,104,131,121,132,108,110,101,137,137,134,117,140,,121,118,157,103
20150527,20,PM2.5,,69,78,,78.2,86.1,77.9,73.7,94.1,83.4,78.9,98.4,,75.2,70.5,77.3,82.6,62.1,64.7,102.7,94.2,106,56.6,61.4,61.8,98.7,124.7,84.7,73,81.1,,81.3,87,113.5,114.7
20150527,20,PM10,127.6,133.5,138.8,136.5,156,146.6,135.3,104.3,107.9,172.6,106.7,182,,127.9,143.8,139.4,112.1,109.6,99.5,173.2,173.5,122.9,100,127.8,103.6,,136.4,155.5,127.3,,,162.2,172.1,152.6,170.7
20150527,20,AQI,120,112,114,101,125,117,120,115,112,125,117,125,145,117,122,119,124,112,91,119,119,135,110,111,101,139,139,136,117,140,,121,119,159,105
20150527,21,PM2.5,,74.1,81.5,,84.5,86.5,84.6,81.1,106.6,91.7,77.7,94.9,3,87.8,85.9,86.8,102.9,71.6,67.4,114.1,98.8,96.2,67.8,76.8,63.7,91.9,138,119.9,70.1,81.8,,84.7,96.8,119,88.8
20150527,21,PM10,126.7,125.4,140.1,145.8,153.7,151.7,137.5,113.6,,192.7,110.3,158.9,,143.8,162.4,152.6,177.2,119.1,102.7,169.6,183,173.6,113.7,132.1,104.3,102.8,,188.9,119.7,99.1,,137.5,164.1,166,193.1
20150527,21,AQI,122,103,115,101,126,119,121,115,114,126,118,127,139,118,123,120,126,112,92,121,115,130,111,111,101,135,142,139,118,141,,123,120,162,107
20150527,22,PM2.5,,99.9,81.1,,88,95.6,80.3,88.7,81.2,93.1,82.1,93.6,99.4,112.9,126.2,111.6,130,90.1,74,117.7,116.7,121.2,74.3,83.3,74.2,103.2,131.2,136.9,111.8,91.7,,107.4,86.6,132.4,91.5
20150527,22,PM10,165.5,161.3,143,158.2,134.1,171.9,110.2,115,103.7,187.6,110.4,159.6,155,179.8,205.1,185.6,164.2,148.7,99.7,155.9,192.5,191.2,111.4,122.9,108,118.2,,171,,98.5,,181.4,141,181.6,229.6
20150527,22,AQI,124,105,116,101,128,121,122,117,116,127,119,128,141,121,126,123,129,114,93,124,118,117,107,112,102,124,144,143,120,143,,125,121,165,108
20150527,23,PM2.5,,117.3,124.7,,120.2,125.3,100.9,90.2,77.5,125.5,102.5,110.3,107.8,132.7,125.5,127.8,133.2,110.6,80.6,113.4,125,132.1,74.9,99.6,75.4,120,131.8,142.7,135,97.6,,136,130.3,170.3,108.7
20150527,23,PM10,161.5,182.7,212.2,189.1,218.3,179.9,184.9,116.9,100.7,225.3,148,292.5,171.9,179.1,156.5,171.8,149,180.6,143.6,125.5,176.8,161.7,114,151.3,121.2,,,155.1,,,,188.2,226.9,204,199.6
20150527,23,AQI,127,110,119,103,131,124,124,117,116,130,121,130,143,124,129,126,133,116,95,126,121,121,98,114,103,115,147,147,124,144,,129,125,170,106
20150527,0,SO2,19.5,11.3,11.9,,11.4,11.7,17.6,18.1,15.1,15.6,11.9,15,4,11.3,9.3,10.8,12.3,9.1,,9.2,6.6,12.5,8.6,7.6,6.7,11.7,10.4,15.7,7.3,10.5,,15,12,14.8,13.5
20150527,0,NO2,23.9,26.2,23.1,,36,30.5,42.6,23.8,23.5,41,27.1,35.7,42.8,33.4,29.3,31.1,34.7,26.8,,43.8,53.3,33.3,23.7,13.8,65.4,14.5,17.9,36.9,15.5,18.2,,26.9,55.5,81.3,38.4
20150527,0,O3,141.8,162.8,157.7,,145.8,158.5,130.5,128.3,140.5,104.6,127.6,124.1,100.8,141.5,131,143.6,135,128.8,,109.6,77.6,154.6,165.8,127.3,99.9,188.4,154.7,,182.5,125.9,,143.3,102.8,89.2,159.7
20150527,0,CO,0.7,0.7,0.7,,0.7,0.7,0.7,0.6,0.6,0.7,0.8,0.8,0.7,0.7,0.7,0.7,0.7,0.7,,0.7,0.8,0.7,0.8,0.6,0.7,0.7,0.4,0.8,0.8,0.6,,0.7,0.7,0.7,0.5
20150527,1,SO2,19.1,10.4,10,,9.7,10.1,17.6,17.6,16.5,14.1,18.9,25.8,3.5,11.7,8.4,10.1,,11.8,,8.2,6.5,12.5,7.1,6.8,6.3,10.8,11.7,12.9,6.5,16.3,,13.5,15.1,12.4,11.3
20150527,1,NO2,22.8,24.3,23.6,,41,24.4,34.8,24.8,23.1,48,21.8,31,41,31.4,27.6,27.8,28.8,28.5,,41.5,43.3,31.1,28.4,13.2,117.6,15.3,21.1,39.3,16.6,17.2,,24.1,39.3,75.1,24.7
20150527,1,O3,135.6,156.5,147,,136.4,162.9,137.3,101.1,122.8,88.3,128.1,129.2,89.2,135.3,133.1,143.8,103,99,,99.8,79.6,143,146.9,119.4,18,170.3,150.7,,171.5,117.7,,140.3,112.3,94.8,157.8
20150527,1,CO,0.7,0.8,0.7,,0.7,0.7,0.7,0.6,0.6,0.7,0.9,0.8,0.8,0.7,0.7,0.7,0.7,0.8,,0.7,0.8,0.7,0.7,0.6,0.7,0.7,0.6,1,0.8,0.6,,0.7,0.6,0.7,0.4
20150527,2,SO2,18.8,14.3,12.5,,12.2,13.2,18.6,14.2,12.1,14.8,16.9,25.9,12.5,15.4,7.9,12.2,,8.3,,15.7,7.4,10.5,6.6,7.1,7.7,10.6,10,11.9,6.2,13.4,,17,15.7,13.9,13.1
20150527,2,NO2,24.8,26.3,24.5,,42.5,27.4,38.7,41.6,23.4,47.8,25,36.9,31.4,45.1,25.5,32.7,20.3,30.3,,47.4,67.8,28.3,23,14.2,150.2,15.9,19.1,36.9,19.2,17.8,,28.7,38.7,88.9,23.7
20150527,2,O3,99.7,142.3,134.2,,118.6,148.1,120.8,72.5,103.2,77.8,102.9,108.3,78.2,113,126.6,129.2,58.7,68.8,,94.8,46.2,143.7,147.5,106.4,2,159.4,151.1,,159.9,100.9,,124.7,102.4,82.6,127
20150527,2,CO,0.7,0.7,0.7,,0.7,0.7,0.8,0.8,0.7,0.7,0.8,0.8,0.6,0.7,0.7,0.7,,0.7,,0.8,0.8,0.7,0.7,0.6,0.7,0.6,0.7,0.9,0.8,0.6,,0.7,0.7,0.7,0.4
20150527,3,SO2,22.4,15.2,14.6,,12.4,18,20.3,13.7,8.6,18.7,11.4,20.9,7.1,20.9,8.1,15.7,3.8,6.9,,6.4,5.8,8.6,5.5,5.6,5.9,8.7,4.7,11,4.8,13.2,,19.9,13.1,16.4,14
20150527,3,NO2,28.5,34,28,,41.2,33.2,44.6,33.6,26.1,44.2,26.6,39.6,32.7,35.6,26.4,31.7,19.7,23.4,,33.1,56.5,35.3,19.6,14.7,89.7,16.1,16.5,37.2,16.7,19.9,,31.5,38.5,81.8,31.6
20150527,3,O3,75.8,117.9,118.3,,111.5,127.6,104.3,54.4,89.2,76,90.8,89.4,,110.5,116.5,118.2,,84.4,,84.2,55.5,133.9,139.6,91.5,39.6,148.5,331.2,,145.7,89.6,,106.2,92,65.3,119.9
20150527,3,CO,0.6,0.7,0.8,,0.7,0.8,0.8,0.9,0.7,0.8,0.8,0.8,0.8,0.7,0.7,0.7,,0.7,,0.7,0.8,0.8,0.7,0.6,0.7,0.7,0.5,0.7,0.8,0.6,,0.8,0.7,0.7,0.5
20150527,4,SO2,24.9,15.4,15.6,,14.1,21.3,18,12.3,5.7,20.7,8.1,16.7,5.5,16.6,9.3,15.7,4.3,5.9,,4.3,4.4,6.1,5.8,4.3,5.3,5.1,9.8,6.7,2.9,11,,21.7,9.3,17.1,14.4
20150527,4,NO2,29.4,34.8,28.1,,53.2,29.4,48.7,43.3,28.5,41.9,31.1,40.1,36.6,46.8,28.9,35,,21.1,,28.2,49.6,55,21.6,20.6,118.9,15.9,16.9,38.1,18.5,18.9,,32.3,41.5,80.3,27.8
20150527,4,O3,105.7,100.4,108.8,,,125.5,86.2,28.2,,62.9,67.2,80.6,57.6,90.7,103.2,106.5,,98.6,,87.7,57.8,85.4,123.8,77.3,2,,151.4,,96.9,,,100.2,79.3,59,103.5
20150527,4,CO,0.6,0.8,0.8,,0.8,0.8,0.8,0.9,0.7,0.8,0.8,0.8,0.8,0.7,0.7,0.8,0.4,0.7,,0.7,0.8,0.8,0.7,0.6,0.7,0.7,0.5,0.8,0.9,0.6,,0.8,0.7,0.8,0.5
20150527,5,SO2,22.7,11.7,13.9,,11.6,20.7,13.8,11.1,4.3,20.7,5.3,13.7,2.7,26.4,10.1,19.1,2.9,4.6,,4.2,2,5.8,4.7,3.9,4.4,3.8,8.2,3.8,2,8.3,,18.9,14.3,15.7,15.5
20150527,5,NO2,34.8,44.8,33.4,,44.5,32.7,52.6,48.1,29.4,58.5,41.2,62.7,41.4,30.7,30.2,31.2,,28,,23.8,34.9,50.2,27.5,19.5,109.8,,16.2,44,20.5,27.3,,61.4,43.5,80.6,68.8
20150527,5,O3,100.2,83.5,93.3,,90.4,118.6,69.2,14.1,63.9,32.2,59.1,43.7,47.6,107.1,97.5,107.7,25.6,83.5,,96.4,44.2,80.5,105.3,75.2,2,96.2,142.5,,67.6,63.7,,63,70.7,46.1,75.9
20150527,5,CO,0.8,0.9,0.9,,0.8,0.9,0.8,0.8,0.7,0.9,0.8,0.8,0.8,0.9,0.8,0.8,0.6,0.8,,0.7,0.8,0.8,0.7,0.7,0.7,0.6,0.5,0.8,0.9,0.6,,0.9,0.7,0.8,0.6
20150527,6,SO2,20,6,14.5,,10.8,16.6,12.4,9.5,3.4,19,4.6,11.8,2.7,31.9,8.8,19.1,4.6,4.2,,3.7,2,4.9,3.7,3.6,3.9,3.4,6.4,4.7,2,7.2,,15.2,12,13.7,14.3
20150527,6,NO2,45.8,53.5,37.5,,46.1,39.7,50.1,50.3,30.5,76.8,43.3,81.7,49,40.8,41.1,40.5,69,28.5,,21.8,32.5,53.2,30.6,20.6,52.5,17.3,16.5,52.4,25.8,62.2,,89.3,58,110.5,137
20150527,6,O3,80.1,59.6,86.2,,88.4,101.6,63.7,9.6,59.5,4.8,54.6,13.3,40,99,81.4,94,41.5,79.3,,100.8,44.2,60.2,97.1,66.1,51.2,88.5,125.7,,41.9,22.6,,33.9,53.1,16.1,4.7
20150527,6,CO,0.9,0.9,0.9,,0.9,0.9,0.9,0.8,0.7,0.9,0.9,1,1,0.8,0.8,0.8,0.8,0.8,,0.7,0.9,0.8,0.7,0.7,0.7,0.6,0.5,0.9,0.9,0.7,,1.1,0.8,1,0.9
20150527,7,SO2,21.9,13.1,17,,12.6,19.4,15.9,9.8,6.1,32.8,7,11.5,3.2,31,14,21.5,8.6,6,,5.8,3,7.5,5.2,6.2,7.3,5.7,7.8,10,2,5.1,,26.2,10.8,26.1,16.2
20150527,7,NO2,52.1,61.4,45.9,,46.3,50.7,63.7,41.9,33.4,52.9,43.1,72.9,54.7,42.5,40.6,44.6,62.5,27.2,,26.8,39.3,47.3,43,32.8,94.5,15.3,15.8,58.9,31.1,46.3,,97.6,68.4,144.8,130
20150527,7,O3,72.9,61.1,76.1,,93.1,89.2,51.3,26,59.3,35.5,60.5,33.1,40.7,98.2,79.6,89,49.9,86.9,,104.6,48.3,73.5,82.5,50.1,2,104.2,128,,40.9,37,,33.6,45.7,3.3,14
20150527,7,CO,1,1.1,0.9,,0.9,0.9,1,0.9,0.7,1,0.9,0.9,1,0.9,0.8,0.9,0.9,0.8,,0.7,0.9,0.8,0.8,0.7,0.7,0.6,0.5,1.1,1,0.7,,1.2,0.9,1.4,1.2
20150527,8,SO2,25,24.5,17.7,,14.5,25.9,18.9,14.5,10.4,36.8,9.4,16.1,3.5,36.2,20.3,27.5,12.8,8.3,,10.4,6.3,11.5,7.3,9.7,10.1,6.5,13.6,13.8,7.4,9.1,,38.7,14.6,41.3,24.4
20150527,8,NO2,53.6,73.5,50.9,,47.1,74.5,65.2,53.7,46.5,44.1,45.5,72.3,56.2,40.1,37.9,50.8,63.3,38.3,,29.6,47.4,31.5,31.7,25.4,56.1,13.2,21.6,54.1,41.6,42.8,,101.4,64.4,172.5,117.9
20150527,8,O3,84.7,74.1,83.7,,103.8,72.1,61.2,40.5,73.6,58.4,74.3,47.3,52.7,106.9,95.1,91.4,62.3,83.6,,129.1,70,122.6,109.6,93.7,63,132.9,131.6,,67.9,58,,43.2,57.1,2,36.3
20150527,8,CO,1,1.1,1,,0.9,1.1,1,0.8,0.8,1,1,1,1,0.9,0.9,1,1,0.8,,0.8,0.9,0.8,0.8,0.7,0.7,0.7,0.6,1.2,1.1,0.9,,1.4,0.9,1.7,1.1
20150527,9,SO2,27.5,27.1,20,,14.3,28.6,17.5,17.1,,36.2,13.3,17.9,4.4,34.9,25.1,29.5,,11.5,,16.1,11.9,13.9,8.9,10.8,10.5,8.7,19.1,16.3,10.6,31.2,,38.7,17.1,,26.7
20150527,9,NO2,69.4,81.5,60.2,,53.1,72.3,79.8,60.3,,36.7,61.2,55.3,51.7,41.5,40.6,51.5,,37.6,,21.1,34.2,25.6,20.8,22.9,33.9,11.4,20.7,51.6,37.1,26.6,,99.6,66.4,,120.6
20150527,9,O3,84.3,83,91.3,,118.3,89.7,62.4,53.9,,85.5,77.9,86.8,72.3,116.6,103.1,103.1,,102.3,,164.7,122.3,149.3,137.6,114.5,110.3,159.4,159.4,,95.5,99,,57.2,75,,52.5
20150527,9,CO,1.1,1.1,1.1,,1,1.1,1,0.8,,1,1,1,1,1,1,1,,0.9,,0.9,0.9,0.9,0.8,0.7,0.8,0.7,0.6,1.3,1.2,0.9,,1.2,1,,1.1
20150527,10,SO2,26.2,26.1,21.3,,16.2,26.5,20.8,25.6,,34.6,18.6,18.5,6.7,29.9,26.7,27.7,17.8,14.3,,19.5,13.2,17.1,9.5,12.7,9.5,11.7,19.7,16.4,11.8,35.4,,35.8,18.7,37.9,25.2
20150527,10,NO2,62.8,55.9,57.3,,73.1,50.2,78.2,62.5,,34.2,60.2,58.9,44.1,42,48.5,46.9,40.3,32,,27.1,34.6,23.5,15.9,24.4,39,10.7,29.8,44.9,33.8,30.4,,103.9,65.2,161.7,114.5
20150527,10,O3,115.2,134.2,125.4,,120.7,140.7,100.1,76.9,,116.8,116.9,110,96.7,138.4,122.5,133.9,130.6,133.8,,172.5,140.8,176.7,171.8,137.5,119.3,178.6,163.2,,123.6,111.7,,72,94.1,33.1,87.7
20150527,10,CO,1.1,1.1,1.1,,1.1,1.1,1.2,0.9,,1,1,1,1,1,1,1,1.1,0.9,,1,0.9,0.9,0.8,0.8,0.8,0.8,0.7,1.4,1.2,0.9,,1.3,1,1.6,1.2
20150527,11,SO2,20.6,,17.8,20.4,11.6,21.3,22.2,31.3,15.2,27.8,19.3,20.6,7,23.2,20,21.5,18.5,13.8,,18.4,12.4,14.1,8.5,14.3,9.8,13.6,17.6,13.8,11.9,30.5,,29.4,22.5,35.8,26.3
20150527,11,NO2,38.9,,40.9,39.4,54.2,40.5,58.9,54.7,,30.6,40.8,35.9,32,25.8,32.9,33.1,26.1,30.6,,24.5,19.5,14.1,15.6,20.7,27.3,8.7,21.4,41.3,29.4,25.7,,80.2,88.2,,100.3
20150527,11,O3,169.9,,175.7,172.4,173.6,185.3,166.4,122.4,106.6,,166.3,177.4,129.5,179.8,163.7,176.3,173.1,164.9,,196.2,186.8,200.1,187.8,178.6,174.3,211.2,189.6,,154.7,135.2,,122.2,111.3,81,139.8
20150527,11,CO,1,,1.1,1.1,1.1,1.1,1.1,1,0.9,1,1,1,1,1.1,1.1,1.1,1,0.9,,1,0.9,0.8,0.7,0.8,0.8,0.9,0.7,1.5,1.3,0.8,,1.2,1.1,1.4,1.1
20150527,12,SO2,12.1,12.7,12,,7.9,14.3,14.7,27.5,13.3,17.8,15.3,18.5,,14.1,13.9,14.1,16.4,13.5,,13.2,8.7,7.4,7.4,12.3,9.5,10.6,15,10.1,13.6,20.5,,19,16.3,26.9,25.2
20150527,12,NO2,21.1,15.7,23.6,,29.6,23.4,32.2,29.2,,,27.8,21,,15.3,27.9,22.2,21.9,31.7,,14.8,14.2,8.2,14,23.1,26.9,8.1,13.6,,32.1,14.3,,43.1,61.4,119.2,83.1
20150527,12,O3,200.4,224.4,213.2,,225.1,220.9,212.8,165,202.3,,190.8,222,,204.4,184.2,203.2,200,193.5,,214.8,208.3,205.7,198,215.9,217.5,222.7,205.9,,192.7,159,,163.1,151.4,117.9,159.8
20150527,12,CO,0.9,0.8,1,,0.9,1,0.9,0.8,0.7,0.9,1,1,,0.8,1,0.9,0.9,0.9,,0.9,0.8,0.6,0.7,0.8,0.8,0.8,0.6,1.3,1.1,0.9,,0.9,0.9,1.1,0.9
20150527,13,SO2,8.1,8.8,6.2,7.7,6.3,8.1,9,24.9,8.6,10.8,12.3,11.8,,9.5,9.9,9.2,9.7,10.3,,10.5,7.2,8.2,7.4,11.1,8.2,7.5,12.3,8.1,8.9,18.1,,13.1,16.4,17,17.1
20150527,13,NO2,14.9,12.1,16.4,15,18.1,14.7,20.7,21.4,15.4,10,12.1,12.2,,14,21.8,16.8,16.2,24.2,,10.5,14.7,9.3,19.7,24.7,33.1,5.6,12.7,32,26.8,12.3,,45.1,52.5,137,64.3
20150527,13,O3,205.2,226.8,214,200.7,233.9,220.9,222,190.8,219.1,231.1,206.4,220.8,,210.3,199.3,210.2,208.1,215,,216.2,227.5,216.6,234.4,238.1,239,219.2,209.4,,201.6,179.3,,168.9,159.6,101.9,190.4
20150527,13,CO,0.8,0.8,0.8,0.9,0.8,0.9,0.8,0.8,0.6,0.8,0.8,0.7,,0.8,0.8,0.8,0.8,0.9,,0.8,0.8,0.7,0.8,0.9,0.9,0.7,0.6,1.2,0.8,0.9,,0.8,0.8,1,0.8
20150527,14,SO2,8,7.8,5.2,6.7,4.8,7.5,7.7,23.4,7,9.9,9.2,10.2,,7.3,8,7.6,8.3,6.9,4.8,9,5.7,8.7,7.2,8.5,6.3,8.3,10.5,7.2,7.5,18.8,,10.9,16.3,13.5,15
20150527,14,NO2,15,12.6,15.6,15.8,16.2,16.4,19.5,13,12.6,8.9,10,12.2,,11.3,18.5,15.4,18.5,15.4,14.7,12.6,15,10.5,23.1,17.8,23.9,6.2,15.4,29.1,31.9,11.2,,48.8,33.5,119.8,55.2
20150527,14,O3,214.9,237.9,218.2,206.4,241.2,232.9,226.2,189.3,214.4,236.9,202.7,230.7,,217,203.7,217.8,226.3,231.3,193.3,235.5,236,228.2,260.5,253.7,261.9,225.8,223.9,,209.8,195.2,,172.2,175.9,118.7,214.2
20150527,14,CO,0.8,0.8,0.8,0.8,0.8,0.9,0.8,0.7,0.5,0.7,0.7,0.8,,0.6,0.8,0.8,1,0.8,0.9,1,0.8,0.7,0.9,0.8,0.8,0.8,0.8,1.2,0.8,0.8,,0.9,0.7,1,0.7
20150527,15,SO2,6.9,6.7,4.3,5.6,4.7,5.9,7,24.2,6.5,7.9,7.3,8.7,,6,7.1,6.3,7.8,5.6,2.5,7.2,4.7,8.8,6.1,6.5,4.9,8.4,9.3,5.1,7.5,16.2,,9.6,14.2,10.9,13.9
20150527,15,NO2,15.3,12.6,15.7,15.3,19.3,15.2,20.1,12.4,12,7.9,16.9,13.3,,14.4,20.8,16.8,18.1,14.8,15,12.5,15.7,13.4,16.2,14.4,23.9,6.8,14.6,29.4,30.3,10.8,,43.1,33.6,115.6,79.7
20150527,15,O3,212.7,237.7,221.5,210.2,243.4,233.3,225.9,187.6,213.8,237.5,191.6,217.9,,220.8,211.7,221.9,229.4,221.5,192,228.6,252.6,247.7,258.2,246.6,250.8,235.7,224.7,,215,215.3,,179.8,179.3,130.1,188.3
20150527,15,CO,0.7,0.7,0.7,0.7,0.7,0.8,0.7,0.7,0.4,0.6,0.7,0.6,,0.6,0.8,0.8,1,0.8,0.9,0.9,1,0.9,0.8,0.7,0.8,0.8,0.6,1,0.9,0.6,,0.8,0.7,1,0.9
20150527,16,SO2,6.2,6.5,4,5.3,4.4,6.1,5.6,22,5.3,7.5,6.7,7,,6.3,6,6.1,7.9,4.9,2.4,6.3,3.9,7.5,4.5,6.3,3.9,7.3,8.6,4.9,6,13.3,,5.3,14.1,10.1,12.6
20150527,16,NO2,15.9,13,15.9,16.2,22.2,18.8,21.3,9.8,11.8,10.4,50.4,12,,18.8,23.5,20.4,19,14.6,18.4,13.3,15.6,16,15.2,14.3,24.2,8.1,15.8,29.7,38.8,8.3,,50.5,60.9,129.2,67.2
20150527,16,O3,216.3,242.9,230.8,215.6,241.6,236.5,222.7,183.7,206.9,238.5,175.8,215.7,,226.3,217,226.6,239.9,223.3,197.4,238.1,249.9,256.3,246.2,244.2,236.8,251.8,238.1,,214.1,201.6,,179.3,165.3,129.9,206.2
20150527,16,CO,0.8,0.8,0.7,0.8,0.8,0.9,0.6,0.6,0.3,0.6,0.6,0.6,,0.7,0.7,0.8,1.1,0.7,0.9,0.8,0.9,1.1,0.8,0.7,0.8,1,0.6,0.8,0.9,0.5,,0.9,0.8,1,0.8
20150527,17,SO2,5.4,6.4,3.9,5.8,4.4,5.7,6,20.5,5.4,8.8,7.1,7.1,,6.7,6.1,6.2,8.6,4.1,2.5,6.1,4.8,7,4.2,5.8,3.6,6.1,9.1,5,5.4,10.6,,9.7,11.6,10.6,12
20150527,17,NO2,15.7,14,20.9,17.2,24.7,21.5,26.4,11.3,11.4,16.9,27.2,14.9,,19.3,23.3,21.4,21.5,15.5,17.4,14.6,18.2,15.5,13.6,15,28.2,7.7,16.4,29.3,26.4,9.6,,62.4,64.2,130.5,76.2
20150527,17,O3,210.1,241.7,224.3,216.7,236.1,235,217,173,209.1,235.4,206.5,226.5,,230.4,224,229.8,246.6,210.8,211.9,248.1,262.7,251.9,239.5,243.1,223.2,247.1,260,,225.8,211,,168.8,165.2,128,197.8
20150527,17,CO,0.7,0.7,0.7,0.8,0.8,0.8,0.7,0.5,0.3,0.7,0.7,0.6,,0.7,0.7,0.7,1.2,0.7,0.8,0.7,1,0.9,0.7,0.7,0.7,1,0.5,0.7,0.9,0.5,,0.8,0.8,1,0.8
20150527,18,SO2,6.9,6.1,4.2,5.4,4,5.5,7.2,18.7,5.6,8.7,6.7,7.4,,6.4,6.8,6.2,7.6,4.4,3.8,9.1,6.2,7.8,3.7,5.4,2.8,6.3,10.6,5.4,5.3,8.7,,9.2,11.5,11.2,10.9
20150527,18,NO2,20.6,15.6,23.8,22.2,26.5,28.3,31.1,13.6,13.5,23.3,16.1,20.7,,24.5,25.2,26,23.6,20.5,21.5,18.9,22.2,21.7,14.2,17.1,30.4,8.3,17,29.5,22.5,10.7,,67.8,83,186.3,83.6
20150527,18,O3,213.6,241.8,221.4,209.5,238.9,221.9,217.4,180.6,217.3,231.4,226.2,232.4,,222.2,224.6,222.9,237.7,200.7,208,271.8,261.8,262.3,226.6,228.1,198.1,255.6,274.1,,224.3,198.9,,163.5,149.1,79.6,192.3
20150527,18,CO,0.7,0.7,0.8,0.8,0.8,0.8,0.8,0.6,0.3,0.7,0.7,0.7,,0.7,0.7,0.7,0.9,0.6,0.7,0.8,1.1,1,0.6,0.7,0.6,0.9,0.6,0.8,0.9,0.6,,0.8,0.8,1.1,0.8
20150527,19,SO2,6.8,5.4,4.1,5.1,3.4,5.6,6.8,17.1,5.7,8.7,6,7.4,,6.4,7.1,6.3,7.9,4.7,3.4,9.8,5.5,8,3.5,6.2,3.3,6.5,11.5,7.1,4.8,7.7,,8.6,12.8,11.5,9.9
20150527,19,NO2,20.3,19.2,29.1,27.1,22.7,29.4,40.5,15.6,16,33.6,20.4,24.5,,26.7,22.8,26.3,28.5,20.5,24.7,23,27.2,27.5,16,19.6,43.9,11,17.8,27.6,17.5,13.7,,47.2,79.6,182.9,85.9
20150527,19,O3,208.9,231,218.1,199.8,234.4,223.1,208.8,184.4,224.4,225.3,222.8,238.1,,219.8,218.8,220.6,238.2,201.6,207.8,261.1,242,262.9,215.3,213.2,181,272.1,267.4,,220.7,169.6,,180.9,149.8,79.8,193.1
20150527,19,CO,0.7,0.7,0.8,0.8,0.7,0.8,0.8,0.6,0.4,0.8,0.7,0.8,,0.7,0.7,0.7,0.8,0.7,0.7,0.9,0.9,0.9,0.6,0.6,0.6,0.8,0.6,0.8,0.8,0.5,,0.7,0.9,1.1,0.8
20150527,20,SO2,6.8,5.9,4.4,5.6,3.2,8.7,7.2,16.3,5.7,9.6,5.4,7.3,,7,7.1,7.6,8.3,4.9,3.6,16.3,5.4,8.7,3.8,6,3.2,7.7,20.3,9.5,3.6,7,,9.2,10.5,12.2,11.3
20150527,20,NO2,28.6,31.7,34,33.3,33.3,44.9,39.6,20.9,17.5,44.1,21.7,33.6,,28.5,34.5,36,36.4,29.2,27.7,24.1,31.5,26.8,13.7,25.6,40.3,12.3,22.2,31.4,18.3,14.1,,50.5,104.2,165.6,141.9
20150527,20,O3,201.5,224,208.9,188.4,222.1,222.5,207,174.8,218.9,192.9,197.2,205.2,,200.1,196,206.2,213.7,189.7,191.9,,237.8,269.6,219.4,197.1,189.7,277.9,236.6,,178.1,159,,180.2,125.8,95.5,152.7
20150527,20,CO,0.8,0.8,0.9,0.8,0.8,1,0.8,0.7,0.4,0.8,0.7,0.9,,0.7,0.8,0.8,0.9,0.7,0.8,0.9,0.9,0.9,0.6,0.7,0.6,0.8,0.6,0.8,0.8,0.5,,0.8,1,0.9,1.3
20150527,21,SO2,7,5.9,4.4,5.1,3.5,8.2,7.6,15.8,4.1,9.5,6,7.3,2,7.7,9.5,8.5,16.3,4.6,3.2,24.2,9.2,14.1,4,5.1,2.9,8.8,24.7,12.2,2.5,7.1,,9.9,8.5,11.7,12.1
20150527,21,NO2,28.7,35.1,39.7,40.9,36.1,47.1,53.2,33.3,21.5,58.5,35.1,40.7,54.5,37.2,56.8,47.1,38.6,33.8,40.4,24.5,31.3,24.6,13.3,26,37.8,12.3,24.3,32.5,17.7,15.5,,54.5,106.7,153.9,175.5
20150527,21,O3,182.9,192.3,178.7,152.1,204,187.9,165.5,145.8,175.1,143.5,149.8,168.6,128.8,170.6,161.5,173.3,204.3,171.5,155.9,219.3,227.3,259.1,220.6,167,186.3,269.4,209.6,,143.7,129.6,,156.3,106.4,72.1,95.2
20150527,21,CO,0.8,0.8,0.9,0.9,0.8,1,0.9,0.7,0.5,0.9,0.8,0.9,1,0.8,1,0.9,1.2,0.7,0.8,0.9,1.1,1,0.7,0.7,0.7,0.9,0.6,0.9,0.8,0.5,,0.8,1,1.1,1.4
20150527,22,SO2,14.6,16.6,5.7,9.1,4.4,16.3,8.5,12.8,4,10.4,6.3,7.6,2,19.6,23.4,19.8,24.2,6.5,2.9,24.2,21.9,27.1,3.9,4.6,2.6,20.5,23,12.4,3.3,5.8,,17.3,9.7,15.4,12.8
20150527,22,NO2,41.6,37.9,40.9,50.2,41.6,53.1,62.1,45.9,24.3,59.7,37.3,50.5,72.3,44.4,61.1,52.9,39.2,40.7,52.2,22.7,27.9,23.2,16.7,20.6,34,14.6,21.7,34.7,28.2,13.9,,78.4,83.7,146.3,133.7
20150527,22,O3,162.9,197.5,158.6,132.1,177.6,173.2,139.7,110.2,153,123.6,127.1,136.4,98.4,173.7,184.4,177.1,191.5,157.4,129.9,,213.9,232.9,213,158.6,186.4,246.4,196.4,,170.3,120.8,,128.1,108.3,81.4,120.9
20150527,22,CO,1.1,1.2,0.8,1.1,0.9,1.3,0.9,0.7,0.5,0.9,0.8,0.8,1,1.2,1.6,1.4,1.5,1,0.8,0.9,1.3,1.1,0.7,0.7,0.7,1,0.6,1,2.4,0.6,,1.3,0.9,1.3,1.5
20150527,23,SO2,34.8,32.6,21.8,28.6,18.1,31.7,21.9,13.8,3.7,24.4,8,9.9,2,33.4,25.4,30.2,21.3,12.9,2.2,25.7,20.6,28,3.7,9.3,3,25.8,25,10.8,8.4,5.2,,29.6,11,27.6,21.1
20150527,23,NO2,37.4,31.5,40.6,37.2,40.5,32.1,44.4,58,27.7,29.4,45.9,88.8,45.6,36.8,39.9,36.3,39.9,33.5,95.4,21.5,26.5,20.6,21.7,24,49.4,14.2,21,34.4,25.3,19.4,,65,52.7,98.9,107
20150527,23,O3,184,219.2,177.2,174.9,201,207.4,167.8,71.6,125.1,197.7,130.2,81.7,125,185.3,175.5,189.4,178,162.1,56.3,,189.4,218.6,192.3,165.9,150.5,228.2,181.6,,171.2,94.7,,149,145.4,130.6,153.2
20150527,23,CO,1.7,1.7,1.6,1.8,1.6,1.6,1.3,0.8,0.6,1.7,1.3,1.1,1.6,1.9,1.5,1.7,1.3,1.1,0.9,0.8,1.5,1.1,0.7,0.9,0.8,0.9,0.6,1,2.6,0.6,,1.8,1.5,1.8,1.5
