date,hour,type,dongsi,tiantan,guanyuan,wanshouxigong,aotizhongxing,nongzhanguan,wanliu,beibuxingqu,zhiwuyuan,fentaihuayuan,yungang,gucheng,fangshan,daxing,yizhuang,tongzhou,shunyi,changping,mengtougou,pinggu,huairou,miyun,yanqing,dingling,badaling,miyunshuiku,donggaocun,yongledian,yufa,liulihe,qianmeng,yongdingmengxi,xizhimengbei,nansanhuan,dongsihuan
20150119,0,SO2,4.1,4.1,2,6.9,4.3,3.2,8.1,15.9,6.1,11.3,2.8,11,4.7,11.2,2,6.4,2,4.5,5,2.7,2,15.4,2,2.2,8.3,2,3.6,20,29.4,23.8,2,2.3,2,10.7,12.1
20150119,0,NO2,17.6,21.1,19.6,15,16.5,25.1,26.3,16.1,3.8,26.6,8.5,6.2,15.2,16.9,18.9,22.9,7.8,16.2,9.3,6.8,2,9.6,2,2.5,14.6,4.8,27.6,62.2,16.8,38.8,13,23.7,24.9,31.8,25.1
20150119,0,O3,55.3,63.6,53.3,64.6,52.1,61.8,36.9,19.5,74.5,47.1,70,70.4,46.5,58.4,66.5,62.2,69.8,62.9,62.5,69.3,76.8,68,81.3,69.5,56.8,70.7,75.3,17.9,35.9,36.8,66.2,53.5,59.3,50,60
20150119,0,CO,0.3,0.3,0.3,0.3,0.5,0.3,0.4,0.4,0.3,0.4,0.2,0.3,0.4,0.3,0.4,0.3,0.2,0.4,0.3,0.4,0.2,0.4,0.2,0.3,0.3,0.1,0.3,0.6,0.9,1.2,0.4,0.4,0.5,0.4,0.3
20150119,1,SO2,3.9,4.8,2,8.7,4,2.9,9.5,16.2,6.9,10.3,2.4,10.9,4.3,6.9,2.5,7.7,2,3.9,4.9,2,2,9.2,3,2,3.7,2,5,18.9,15.7,16.3,2,3.5,2,13.6,10.4
20150119,1,NO2,17.8,14.2,14,11.5,16.9,17.5,25,16.2,4.2,22.8,8.4,14.9,15.3,12.6,23.4,27,8.2,15.1,7.4,5.6,9.6,13.1,2,2,16.3,4.5,29,62.5,19.5,33.4,11.4,18.6,20,35.9,14.5
20150119,1,O3,53.1,69.9,57.8,68.1,51.3,67.7,38.1,19.4,74.2,52.4,67.2,60.4,40.3,64.5,60.2,54.8,53.2,60.4,64.5,72.1,68.5,59,81.3,70.4,59.2,68.6,72.7,16.1,30.2,41.8,66.1,58.9,62.5,47.3,64.7
20150119,1,CO,0.4,0.3,0.2,0.3,0.5,0.3,0.4,0.4,0.3,0.4,0.3,0.4,0.4,0.3,0.4,0.4,0.2,0.3,0.3,0.3,0.2,0.4,0.1,0.3,0.3,0.1,0.4,1,0.9,1,0.4,0.3,0.5,0.4,0.3
20150119,2,SO2,4.2,4.3,2,8.1,3,2.5,,9.3,3.7,6.8,2.1,11,16.2,4.7,3.4,8.2,12.5,4.4,5,2.2,2,7.4,3.4,4.7,2.3,3.1,4.6,17.7,7.2,17,2.1,4.4,5.7,13.9,6.8
20150119,2,NO2,14.8,14.6,13.5,17.6,30.9,21.3,27.1,15.8,4,16.4,8.8,16.5,57.7,10.1,17.9,28.9,6.1,15.4,7.7,5.6,27.9,7.6,2,2.7,7.7,4.6,19.9,61.6,47.8,46.7,10.3,22.3,22,58.8,22.5
20150119,2,O3,43.6,68,58.2,62.1,37.5,61.8,36.3,19.7,74.2,60.6,63.8,59.8,2.7,69.2,66.1,51.1,28.4,57.8,64.1,71.7,51.6,67.3,83.5,66.1,66.4,62,72.9,11.4,7.4,20.9,65.4,53.4,60.5,26.6,48.7
20150119,2,CO,0.4,0.3,0.2,0.4,0.6,0.3,0.4,0.4,0.3,0.3,0.2,0.4,1.5,0.3,0.4,0.5,0.1,0.4,0.2,0.3,0.4,0.3,0.2,0.3,0.3,0.2,0.3,1.7,0.8,1.1,0.3,0.5,0.4,0.4,0.3
20150119,3,SO2,5.6,4.9,2,7.6,5.2,8.8,6.1,9.6,3.9,7.4,8.1,13.5,19.6,7.1,5,13.5,3,11.8,4.3,2.7,2,28.2,7.3,2.5,4.2,2.8,5.3,19.3,4.1,24.4,2.4,4.6,5.7,14.4,17.2
20150119,3,NO2,24.8,19.5,17.6,29.1,21.9,45.7,29.3,15.6,4,45.4,17.4,22.4,66.7,17.7,29.6,48.4,9.6,19.3,6.3,7.2,24.2,11.2,5.6,2,7.8,4.5,10.5,72,32.2,64.8,20.7,43.9,29.1,73.6,72.3
20150119,3,O3,30.8,60.7,54.9,48.7,41.9,35.7,33.8,20.1,75.4,21.1,60.8,53,4,57.7,51.1,21.5,27.8,50.1,68.1,68.6,49.7,60.1,72.3,66.2,66.5,63.6,70.7,3.8,17.6,3.9,56.1,31.3,54.7,18.1,4
20150119,3,CO,0.4,0.3,0.3,0.5,0.6,0.6,0.3,0.3,0.2,0.4,0.6,0.6,1.7,0.3,0.4,0.8,,0.6,0.2,0.4,0.5,0.4,0.2,0.2,0.3,0.2,0.3,1.7,0.7,2.6,0.3,0.7,0.6,0.5,1.5
20150119,4,SO2,7.5,6.2,2,11.1,10.3,10.3,7.1,9.3,6.6,11.1,12.6,10.7,19,12.3,5.2,19,2,15.5,5.1,3.9,2,11.1,8.3,3.6,4.9,3.1,6,19.7,8.5,29.9,3.6,6,7,15.4,18.8
20150119,4,NO2,33.5,34,16,40.6,51.1,56.7,30.2,14.7,4.4,58.1,27.6,17.2,61.7,37,39.7,51,16.2,38.3,5.3,9,20.4,15.5,8.7,16,5.6,5.4,14.2,78.8,43.4,61.8,39.5,46.3,59.7,77.4,76.7
20150119,4,O3,28.8,34.4,56.2,41.9,15.4,25.3,,20.2,72.2,6.3,38.3,55.9,8.5,32.6,39.4,19.5,31.1,17.8,70.1,61.5,55.4,51.8,64.4,47.8,67.6,63.4,63.2,,5.8,,34.2,29.6,28.4,14,3.1
20150119,4,CO,0.5,0.5,0.3,0.5,0.6,0.8,0.3,0.3,0.3,0.6,0.7,0.5,1.2,0.9,0.5,1.5,0.2,1.2,0.2,0.5,0.4,0.6,0.3,0.5,0.3,0.2,0.4,1.6,1.2,3.6,0.4,0.8,0.9,0.5,1.9
20150119,5,SO2,11.3,7.1,3.2,11.2,10,7.2,9,9.8,7,15.3,12.9,10.5,15.7,18,10.6,30.9,2,13.6,5.8,6.4,2,7.3,5.2,2.7,10.6,3.3,5.1,17.9,20.3,31.3,5.3,9.8,11.6,23.3,18.8
20150119,5,NO2,65,36.2,34,40.3,63.6,48.6,47.4,15.2,7.9,66,31.5,22.4,66.3,52.9,66.4,68.6,17.8,38.9,19.7,13.8,12.8,12.1,7.2,2,5.6,,15.4,79.9,56.1,68.2,45.8,59.2,63.7,98.4,71.2
20150119,5,O3,3.3,29.2,40,41.2,5,34.2,26.3,19.5,67.5,2,35.8,51.9,4,11.4,11.1,7.3,37.6,26.4,55.5,55.5,61.3,52.5,68.5,66,67.4,62,61.5,2,2,3.8,27.2,14.6,26.4,2,3.6
20150119,5,CO,0.9,0.5,0.5,0.6,0.7,0.7,0.4,0.4,0.3,1,0.9,0.5,1.4,1.4,0.8,2.8,0.2,1.1,0.2,0.7,0.4,0.5,0.3,0.3,0.3,0.2,0.4,2.1,1.7,3,0.5,1.1,1.4,1.1,1.6
20150119,6,SO2,10.4,8,4.1,12.4,12.3,10.3,9.7,7.8,5.4,22.8,19.5,17.6,21.1,27.6,12.6,40.3,4.6,9.6,7.3,10.3,2,15.6,8.1,8.8,17.1,3.2,5.3,17.6,24.2,31.4,13.3,16.9,14,29.6,20.6
20150119,6,NO2,59.9,47.7,60,71,69.8,64.2,52.5,25,8.9,74.2,48.1,45.3,72.6,58.6,65.8,71.2,18.7,18.9,35.6,23.9,18.6,30.4,20.2,7.6,13.6,8.4,13.8,85.7,38.8,73.9,70,80.7,78,104.8,79.4
20150119,6,O3,8.7,14,17.9,8.2,3.9,16.9,12.7,12.9,61,2,22.4,25.8,5.2,9.2,12.6,9.8,56.1,48.3,28.3,40.5,56.7,33.9,50.7,55.5,59.3,55.3,65.2,2,2,3.5,2.3,2.1,17.2,2,3.5
20150119,6,CO,0.7,0.7,0.6,1,0.8,0.8,0.5,0.6,0.3,1.5,1.7,1,3.1,1.8,0.8,4.5,0.4,0.5,0.7,1,0.4,0.7,0.5,0.7,0.4,0.3,0.3,2.3,2.5,2.9,1.3,1.8,1.1,1.4,2.9
20150119,7,SO2,16.3,12,4.8,15.5,20.9,15.1,13.7,8.6,5.9,29.8,21.9,28.1,28,33.7,17.2,49.7,7.3,14.3,19.3,17.8,2,14.3,15.3,6,17.6,3.3,4.1,20.3,30.4,33.3,26,36.2,12.4,43.8,23.3
20150119,7,NO2,59.7,67.1,76.1,80.3,65.8,79.9,63.4,42.4,17,85.8,51.1,70.4,83.2,64.4,71.3,66.9,25,32.8,48.5,28.9,38.6,63.7,34.9,8,12.8,7.7,13.9,85.7,42.3,78.3,81,102,89,117.1,83.7
20150119,7,O3,12.2,4.5,5.1,4.8,6.4,5.2,2,4.2,52.4,2,19.2,4.8,6.3,9,6.5,5.6,48.8,31.6,13.8,35.4,30.9,2.3,33.4,52.1,59.1,56.9,61.8,2,2,3.7,2,2,10.8,2,2.8
20150119,7,CO,0.7,1.5,0.8,1.5,1.2,1.3,0.9,1,0.4,2.2,1.6,1.6,4,1.9,1.1,2.5,0.5,1,2.1,1,0.6,1.6,0.4,0.4,0.4,0.3,0.3,2.7,3.7,3.8,2.2,3.1,1.6,2.7,3.2
20150119,8,SO2,16.6,14.8,14.3,24.6,30.7,25.9,19.6,6.8,12.5,34.1,21.4,25.6,27.5,50.4,23.2,63.9,11,24.5,24.2,16.9,2,16.4,12.8,12.5,17.8,2.8,3.3,26.2,84.5,41.7,27.9,42.4,18.5,58.2,25
20150119,8,NO2,67.4,73.6,81.9,89.2,77.5,85.8,56,49,36.7,85.6,50.6,74.5,83.9,79.4,74.3,75,39.8,62.6,61.8,49.7,57,65.6,55.4,14.1,46,6.1,26.5,87.4,39.9,79.8,85.5,101.5,96.5,126.2,82.8
20150119,8,O3,7,5.1,4.4,5.8,2,3.5,2,2.8,33.6,2,19.6,3.4,6.1,7.4,5.2,21.5,32.7,7.9,6.3,18.4,9.8,3.6,10.3,44.8,17.7,55.4,50.5,2,2,4.6,2,2,9.5,2,3.3
20150119,8,CO,0.9,1.8,1.2,2.2,1.5,1.7,1.7,1.2,0.7,2.5,1.6,2.5,4,2.7,2.4,4.1,0.6,1.5,2.3,1.3,1,1.4,1.2,0.4,0.5,0.3,0.2,3.5,4.1,5.3,2,3.3,1.8,3.6,3.1
20150119,9,SO2,28.5,16.4,17.4,28.3,32.3,42.1,25.6,9.2,16.2,50.3,56.7,34.3,30.5,67,25.2,93.2,26.2,59.9,30.7,29.9,2,20.8,20.8,18.9,23.4,4,8.8,34,107,58.3,23.9,37.7,29,61,43.8
20150119,9,NO2,76.3,70.7,84.5,86.9,72.2,96.2,59.7,50.8,46.8,88.1,76.1,78.2,75.2,82.1,77,86.2,38.5,73.7,60.6,61.8,56.6,59.3,56.3,28.4,52.2,7.1,32.4,87.3,38.4,75.4,76.9,95.3,98.7,124.3,90.4
20150119,9,O3,2.3,6.4,6.4,7.8,6,5,2,2.7,24,2,12.3,4.5,4.6,8,6.2,19.2,38.2,6.1,11.2,10.8,10.7,8.5,15.8,29.4,7,54.7,39.7,3.1,2,4.1,3.7,2.4,9.3,2,5.2
20150119,9,CO,1.8,1.7,1.5,2,1.3,2.7,2,1.4,1,3,3.1,2,2.7,2.7,2.3,5.4,0.6,2.9,2,2.2,0.9,1.5,2.1,1,0.7,0.4,0.5,4.8,4,5.3,1.8,2.4,2.1,3.8,4.9
20150119,10,SO2,35.1,29.2,26,38.9,37,52.7,24.3,30.1,50.8,61.1,48.7,36.5,38.1,47.8,27.4,100.2,13.6,54,32.4,34.8,,17.2,28.7,42.8,37.9,5.1,18.5,46.6,69.4,57.2,28.3,43.2,32.4,73.2,56.2
20150119,10,NO2,89.1,70.4,87.1,93.6,62,99.9,,56.6,65.7,99.2,81.4,77.7,74.3,82.9,72.3,92.5,33.9,69.8,42.1,67,,41,37.3,47,43,6.1,30.6,97.2,43.5,68.9,88.3,84.7,93,124.7,94.9
20150119,10,O3,2,11.1,7.8,10.3,18.4,7.4,2,3.9,19.6,2,14.1,7.4,6.1,9.5,16.3,12.1,45.3,14.3,24.3,16.6,,27.8,30.7,21.4,21.9,55.8,45.9,5.9,2,7.8,6.6,5.2,13.8,2,6
20150119,10,CO,2.3,1.5,1.8,2.2,1.2,2.9,1.5,1.8,2.5,3.8,2.6,2,2.3,2.6,1.5,4.2,0.6,1.9,1.4,2.8,,1,1.2,1.7,0.7,0.4,0.6,6.1,3,3.4,2.3,2,1.6,3.5,3.4
20150119,11,SO2,40.4,40.1,26.2,37.7,29.2,59.8,21.6,23.8,24.8,40.7,42.4,35.4,36.6,36,26.3,54.8,10.9,60.5,23.3,20.3,3.3,19.5,47.3,47.3,37.8,4.3,16.9,25,60.6,53,34.1,50.7,29.9,50.2,69
20150119,11,NO2,88.2,79.6,84.5,75.3,60.7,91.7,,55.4,53,74.1,74.2,78.6,71.6,51.4,64,83.1,43,71.6,41.1,41.2,37.6,26.1,22.9,55.7,24.2,5.8,31.1,71,32.3,47.7,84.7,89.1,91.9,102.2,94
20150119,11,O3,6.5,16,11.6,21.3,23.5,16.2,6.8,8.7,35.4,9.1,22.9,11.2,12.3,29.8,24.9,17.5,43.7,17.3,31.3,41.7,40.1,45.1,54.1,26.5,46,60.5,50.9,20.6,31.2,34.3,10.8,8.3,16.2,4.2,11.8
20150119,11,CO,1.9,1.6,1.6,1.6,1.4,1.9,1.4,1.4,1,2,1.9,1.8,2.2,1.8,1.1,2,0.6,1.8,1,1.3,0.9,0.7,0.7,1.6,0.6,0.3,0.6,2.6,1.9,2.3,2.1,2.2,1.5,2.3,2.1
20150119,12,SO2,34.6,43.1,27.2,39.5,27.6,41.8,25,19,23.9,32.5,37.1,34.2,46.9,29.8,31.1,40.3,4.4,49.6,27.2,10.4,3.3,25.3,47.4,25.9,40.9,4.2,17,20.5,36.5,46.2,34.9,43.8,29.6,59.5,47.2
20150119,12,NO2,87.5,71.2,90.8,64.7,75,92.6,76.1,56.7,65.5,45.8,51.3,73,49.5,48.1,42.8,73.8,43.1,56.2,66.4,29.3,30.6,23.3,16.7,29.9,30.6,,22.6,59.4,24.8,38,69.8,75.7,98.4,107.9,91.9
20150119,12,O3,14.5,27,13.5,30.4,16.2,19.6,3.9,10.8,29.6,30.8,44,19,29.9,39.8,42.5,28.5,50.5,31.2,20.8,57.1,54.2,47.1,62.7,48.7,40.6,63,65.4,27,47,53.5,22.5,19.8,15.4,3.6,14.2
20150119,12,CO,1.9,1.7,1.8,1.5,1.8,1.8,1.5,1.2,1.2,1.2,1.8,1.6,2.7,1.6,1.1,1.6,0.6,1.1,1.3,0.7,0.7,0.7,0.6,0.8,0.6,0.3,0.7,1.7,1.5,2,1.6,1.7,1.9,2.7,1.9
20150119,13,SO2,36.6,41.6,25.2,34.2,30.2,42.7,26.2,18.3,29.1,27.2,41.1,41.8,32,27.8,31.5,37,2,18.6,31.1,8.4,,36.3,35.5,31.2,35.1,4.1,9.6,19.9,32.7,44.4,36.7,39.6,29.8,40.9,42.3
20150119,13,NO2,69.9,66.6,59.1,62.5,76.1,90.5,69.4,62.8,64.2,37.9,41.4,56.7,36.8,38.4,33.1,58.2,40,32.8,40,21.1,14.2,17.7,10.2,41.2,34.8,,18.4,56.7,26.4,35.9,69,79.5,88.1,96.1,95.3
20150119,13,O3,27.1,36.6,35.8,42.1,19.5,26.8,15.5,9.6,33.4,48.8,57.2,37,42.3,55.2,61.7,37.6,51,50.4,45.8,65.7,56.2,,67.1,45.4,41.5,69.9,71,30.5,55.2,63,31.7,24.4,26.1,13.5,17.3
20150119,13,CO,1.7,1.7,1.3,1.7,1.7,1.9,1.2,1.1,1.3,1.5,2.3,1.9,2.1,1.1,1.1,1.2,0.5,0.7,1.6,0.5,0.5,0.9,0.4,1,0.6,0.1,0.5,1.3,1.7,1.4,1.8,1.8,1.6,2.4,1.8
20150119,14,SO2,27.2,27.9,18.9,25.5,24.3,32.2,25.1,19.4,36.6,24.7,30,32.8,29.9,24.5,22.6,25.7,7.6,25.4,35.1,9.5,23,21.1,30.4,19.8,19.1,4.6,10.5,21.7,46.5,34.8,25.2,28.7,25.1,35.7,43.6
20150119,14,NO2,52.9,40.4,41.4,45.1,43.2,61.6,61.3,69.2,48.9,31.5,35,34.2,40.4,27.5,26.1,45.6,59.4,53,35.6,17.9,24,18,9.5,29.9,27.1,2.9,21.2,57.8,24.8,36.7,55,56.6,62.6,92.8,76.1
20150119,14,O3,43.9,66.1,57,56.9,49.2,58.4,28.5,7.7,51.1,62.3,70.3,59.8,44.4,70.8,72,59.4,41.6,39.3,55.3,67.4,57.9,66.6,72.5,57.4,51.5,75.4,69.8,31.8,57.5,76.3,47.4,43.4,47.9,21.4,37.3
20150119,14,CO,1.5,1.1,1.2,1.3,1.5,1.5,1.5,1.2,1.9,1.2,1.8,1.7,1.7,0.9,0.9,1,0.7,1,1.9,0.6,0.7,0.6,0.4,0.7,0.6,0.2,0.5,1,1.5,1.2,1.4,1.3,1.5,2.1,1.7
20150119,15,SO2,24,24.8,18.6,25.4,22.8,24.4,22.5,22.5,26.9,25,30.6,28.1,29.3,33.7,22.5,18.6,14.8,25.4,29.9,11.2,11.4,17.9,27.8,23.3,19,21.2,14,26.5,23.1,31,22.1,26.3,22.5,33,35.6
20150119,15,NO2,37.7,29.6,47.8,38.5,44.9,44.6,63.1,68.1,34.5,33.9,47.7,34.5,45.3,33.8,28,32.3,69.4,62.7,33.1,22.5,32.4,18.4,12.3,51.8,38.9,10.9,25.2,60.8,18.8,30.1,43.9,52.8,69.4,84,65
20150119,15,O3,59.6,78.5,51.7,65.5,47.8,73.4,30.4,12.5,64.9,62.4,65.2,63.4,46,72.9,75.1,67.1,36.1,30.8,62.5,63.6,55.3,72.7,73.8,42.5,47.1,73.4,68.3,33.4,63.4,98.7,63.6,49.2,43.6,29.5,43.9
20150119,15,CO,1.2,0.9,1,1.1,1.3,1,1.1,1.4,1.5,1.1,1.5,1.5,1.5,1.4,0.8,0.8,1.1,1.2,1.6,0.5,0.7,0.6,0.6,1,0.7,0.4,0.5,0.9,1.1,1,1,1.1,1.2,1.7,1.2
20150119,16,SO2,29.2,35.6,22.5,36,22.7,26.6,23.2,22.5,25.6,29,26.1,27.6,22.1,42.7,43.9,34.6,8.3,32.5,24.7,15.7,30,20.6,18.8,26,18.2,19.2,13.9,48.3,2.5,38.6,30.7,39.3,23.6,48,25.5
20150119,16,NO2,40.4,37.5,61.4,47.8,36.6,45.8,67.4,61.2,41.8,44.6,45,41.6,41.3,34.2,38.5,49.7,56.9,56.5,41,26.8,70.1,41.1,24.4,60.9,45.1,16.7,26.2,75,10.4,40.3,52,71.2,70.6,92.8,62.8
20150119,16,O3,59.3,75.3,44.2,63.1,54.1,69.8,28.8,16.5,60.2,55.7,67.1,59.9,48.9,70.3,69.2,53.4,48.5,41.8,55.5,63.1,24.1,59.4,66,34.7,45.5,69.8,70.8,26,79,108.1,56.7,38.5,43.3,23.2,35.9
20150119,16,CO,1.3,1.2,1.1,1.5,1.2,1,1.1,1.4,1.3,1.4,1.2,1.3,1.1,1.2,1.4,0.9,0.8,1.5,1.3,0.6,1.1,0.7,0.6,1.2,0.8,0.4,0.6,1.2,0.7,1.3,1.4,1.6,1.2,2.5,1.1
20150119,17,SO2,44.5,45,36,44.2,35.5,47.4,29,22.5,26.9,33.9,21.5,27,21.7,27.1,31.4,50.4,5.7,24.4,20.2,16.6,27.5,26,23.1,26.1,27.8,23.5,17,48.7,3.7,34.6,42.1,44.6,38.3,52.6,49.8
20150119,17,NO2,52.2,43.8,73.1,56.9,58.4,65.1,79.8,60.5,49.9,46.7,40.5,45.4,56.7,41,38.6,62.1,52,51.1,49.9,34.1,85.2,62.7,49.9,80.3,70.8,37.4,31.9,81.7,15.6,35.4,64.3,83.3,89.5,106.9,77.8
20150119,17,O3,49.8,65.8,36.2,52.2,36.5,51.6,18.7,15.7,54.5,49.6,71.5,55.5,54,61.6,67.6,37.4,47,47.5,48.5,60.2,14.6,38.4,47.2,17.3,21.9,47.1,70.9,22.5,77.2,94.9,39.6,26.6,29.2,12.2,27.6
20150119,17,CO,1.6,1.2,1.5,1.5,1.7,1.5,1.4,1.4,1.4,1.2,1,1.3,1.1,0.9,1,1.2,0.7,1.2,1.1,0.7,1.3,1,1.2,1.4,1.4,0.6,0.7,1.3,0.9,1.2,1.5,1.5,1.8,2.7,1.8
20150119,18,SO2,38.1,28.9,27.3,28.8,37.5,57.2,31,22.4,26.8,29.3,29.5,31.5,29.7,17.9,35.2,77.6,14.2,30,20.9,32.1,25.9,27.9,29.5,24.5,24.3,31.7,12.9,41,74,47,28.3,39.5,36.1,42.9,56.7
20150119,18,NO2,68.2,53.6,81.7,76,79.4,91.6,91.5,62.6,63.2,67.7,58.9,78.7,100.8,59.3,66.5,90.4,74.7,82.2,76.6,67.4,93.6,84.5,60,91.5,64.9,48.5,31.7,87.8,27.7,62.6,80.7,100.7,86,120.9,103.3
20150119,18,O3,30.9,46.4,24.5,29.1,14.8,18.2,2.8,12.5,34.6,24.1,83,19.4,24.6,50.4,36.3,12,22.2,22.9,27.5,36.2,2.4,16.5,35.7,3.2,24.5,29.6,68.7,14.5,65.3,62.3,16.8,9.6,25.9,2,3.1
20150119,18,CO,1.5,1,1.1,1.3,1.6,1.7,1.3,1.5,1.6,1.2,1.4,1.4,1.5,1,1.2,1.9,1,1.5,1.1,1.4,1.5,1.2,1.7,1.4,1.4,0.9,0.9,1.4,2.6,1.8,1.4,1.8,1.4,2.8,2.6
20150119,19,SO2,62.4,50.8,33.3,48.4,56.4,65.8,31.9,16.1,22.3,23.3,41.2,41.8,33.1,31,59.4,70.1,15.7,51.8,20.5,39.1,23.7,22.2,29.1,21.1,22.9,24.7,14.9,47.2,18.9,46.7,58.8,74.5,39.9,66.9,62.6
20150119,19,NO2,100.1,95.4,101.9,105,101.6,104.4,92.8,69.7,65.2,103.9,71.2,99.9,133.2,106.1,96.3,92.4,78.8,107.5,97.7,86.1,100.7,69.3,71.4,84.7,52.5,37.5,39.7,99.9,25.5,119,100.2,109.6,96.5,122.4,104.9
20150119,19,O3,2.3,9,7.5,6.8,2,3,2,4.6,27.8,5.3,59,17.7,6.3,10.3,9.2,12.4,14.9,5.5,10.1,18.1,2,26,22.2,3.9,35.7,38.6,43.3,2.7,57.9,6.2,2.3,2.1,18.6,2,4.2
20150119,19,CO,1.9,2.2,1.5,2.1,2.2,2,1.7,1.7,1.4,1.5,1.6,1.9,2.2,1.7,2,2.2,1,2.4,1.8,2,2.3,1.1,1.8,1.4,1.3,0.7,0.7,1.8,1,1.8,2.4,2.9,1.5,2.6,3.4
20150119,20,SO2,53.9,60.1,54.1,61.9,58,53.5,43,12.7,22.9,39,71.7,40.8,45.3,56.8,47.5,64.9,20.4,48.4,22.3,39.7,24.2,33.1,23.9,23.7,22.3,23.6,31.7,49.4,17.4,54.2,58.5,70.9,55.5,107,56.3
20150119,20,NO2,99.9,97.9,106.3,107.1,101.7,101,97.8,74.8,52.4,114.7,91,114.7,139.3,112.9,88.1,86.4,75.8,99.5,83.5,81.8,93.5,87.2,81.3,74.1,68.8,33.1,71.2,100.9,37.3,121.3,98,106.2,105.1,139,105.4
20150119,20,O3,2,8.5,5.2,8,2,2.2,2,2.3,49.9,2,40.2,8.4,9.1,7.9,9.2,9.7,14.5,7.6,14.7,8.4,2,12.8,10.2,10.7,15.7,41.6,9.5,2,31.4,7.2,2.3,2,13.9,2,4.1
20150119,20,CO,2,2.4,2.1,2.7,2.3,1.9,2,2,1.3,2,2.2,2.1,3.4,2.9,1.9,2.2,1.2,2.2,2.4,2.1,2.4,2.1,1.7,1.6,1.3,0.8,1,2,1.3,2.3,2.4,2.6,2.2,3.8,3.2
20150119,21,SO2,52.2,51.8,46.5,55.7,50.9,54.1,47.7,12.2,28.5,66.5,91.2,43.3,50,61.5,53.8,61,24.1,45.4,20.2,39.8,28.1,28.1,28.1,32.5,28.8,22.2,40.5,43.4,22.8,61.7,52.9,65.8,50,81.1,49.1
20150119,21,NO2,90.9,89.4,99.2,102.3,93.8,92,97.8,76.1,74.8,98,126.1,118.9,134.1,84.5,83.1,76.3,75.6,93.1,82.1,70.5,89.9,74,75.4,77,86.3,29.2,65.9,100.2,45.8,116,88.1,99.3,97.6,126.9,92.6
20150119,21,O3,2,8.1,5.3,8.7,2,2.1,2,2.6,30.8,2,17.1,5.8,12.8,4,8.3,7.1,11.3,6.5,9.5,7.7,2,13.2,15.5,5.2,2,46.3,16.6,2,16.2,4.6,2,2,13.6,2,3
20150119,21,CO,1.9,2.1,2,2.6,2,2,2,2.3,1.5,2.6,3.4,3.6,4.6,2.5,1.8,1.6,1.3,1.8,2.7,1.5,2.5,1.6,1.5,2,1.3,0.8,1.1,2,1.4,2.8,2.2,2.6,2.1,3.2,2.4
20150119,22,SO2,56.5,49.2,49.5,51,55.5,52.4,49.3,12.3,36.6,66.9,73.8,51.5,47,63.6,45.6,65.7,20.8,48.9,38.2,39.4,22.1,27.7,31,35.3,36.8,20.4,37.7,37.7,22.2,79,53.9,59.1,55.9,73.9,49.2
20150119,22,NO2,85.3,84.1,94.3,95.5,86,86.6,94,78.8,95.4,89,107.5,99.5,95.2,80.7,77.9,74,69.9,88.4,81,63.9,78.2,67.4,76.3,78.5,86.9,41.8,56,98.5,46.7,111.4,82.8,90.5,92.8,117,86.8
20150119,22,O3,2,7,4.3,7.5,2,2,2,3.1,8.2,2,16.8,3.1,9.8,4,7,8.5,10.9,3.9,8,10.4,2,12.3,13.4,2,2,21.7,27.1,2,11.5,6.1,2,2,12.6,2,2.5
20150119,22,CO,2.2,2.4,1.9,2.4,2.2,2.2,1.9,3.2,2.1,2.1,4.1,3.1,2.8,1.9,2.4,1.9,1.1,1.6,3.2,1.5,2.1,1.7,2,2.3,1.3,1,1.1,1.6,1.5,6.3,2.4,2.6,2,2.9,2.8
20150119,23,SO2,48,45.5,47.9,45.9,49.7,51.9,48.1,13.3,38.7,62,55.8,55.1,41.3,85.3,42.5,53.2,20.4,46.8,28.4,37.7,20.2,23.5,30.5,23.7,34.8,26.9,37.7,28.7,30.4,65.7,50.3,51.8,50.8,68.4,40.5
20150119,23,NO2,79.3,79.8,89.7,87.9,81.3,86,88.3,80.8,92.3,92.3,90.1,92.2,85.3,89.2,74.2,68.8,67.8,83.9,75,61.7,71.9,69.9,79.7,70.9,83.8,43.3,53.9,94.6,60.5,93.3,78.9,85.8,90.5,103.7,83.1
20150119,23,O3,2,5.5,3.9,5.5,2,2.1,2,3,5.3,2,8.7,4.3,7,4.9,7.2,7.4,10.8,3.7,7.8,11,2,10.9,10.2,2,2,17.3,24.5,2.1,2,4.1,2,2,11.2,2,2.4
20150119,23,CO,2.1,2.3,2.4,2.7,2.1,1.9,2,3.6,2.1,2.3,2.9,3.4,3.1,3.1,1.9,1.7,1.3,1.7,3.2,1.5,1.8,2.1,1.8,1.7,1.3,1,1,1.5,1.9,5.2,2.4,2.7,2.6,3.2,2.5
20150119,0,PM2.5,4.9,9.4,7.5,7.6,6.5,12.6,3,9.7,9.7,12.5,6,4.8,10.6,8.9,6.6,13.2,10.2,14.1,10.2,14.5,7.5,22.3,7.5,7.9,4.7,13.1,11,29.2,61.2,43.8,9,8.9,10,8.6,3
20150119,0,PM10,49.2,45.1,40.8,54.5,44.3,49,54,58.6,52.5,71.7,78.8,66.2,39,72,43.7,42.2,27.4,40.9,82.2,43.3,34.1,41.9,44.6,39.7,66.4,62.2,40.6,61.8,111.6,78.9,39.5,46.9,63.9,61.1,39.8
20150119,0,AQI,92,102,90,106,80,115,85,101,80,104,110,92,128,139,154,180,94,95,95,113,85,77,77,89,60,60,110,187,160,161,105,108,91,115,116
20150119,1,PM2.5,6,6.1,5.3,7.1,7.9,8.9,10.2,7,8.6,6.4,6.2,9.9,8.4,5.2,6.5,11.6,8.3,7.9,10.9,13.4,9.1,4.8,3.5,3.9,5.9,6.9,13.7,31.1,28.5,39.1,11.6,12.1,8.8,8.3,3
20150119,1,PM10,36.4,31,31.1,44.7,32.8,39.3,39.1,33.9,34.4,47.6,48.6,47.4,20.4,42.5,31.6,36.4,21.7,34.9,48.6,29.4,36.7,38.4,28.6,33.5,46.9,50.7,37.7,55,91,90,30.7,35.2,48.3,48.2,36.5
20150119,1,AQI,84,94,83,98,74,103,81,93,75,95,102,86,115,131,146,163,87,88,90,109,81,73,69,82,60,60,106,177,152,148,97,101,84,107,104
20150119,2,PM2.5,3,7.2,13,7.1,7,9,8.4,5,5.6,5.5,4.4,11,40.7,6.5,7.8,18.3,9,9.6,8.4,9.5,10.7,7.4,5.6,11.6,6.9,9.1,11.6,62.6,27.6,41,4.9,8.2,3.9,10.7,3
20150119,2,PM10,29,23.2,23.7,31.3,31.8,35.3,24.7,20.3,24.3,29.8,30.8,29.4,86.1,34,27.4,43.7,19.2,31.1,29.4,28.8,30.3,25.8,22.8,32,39,46.5,34.1,68.7,91.9,102.3,22.9,26.3,39,36.4,33.4
20150119,2,AQI,76,87,76,90,72,94,78,86,69,90,94,81,109,124,139,147,81,83,84,104,77,69,62,77,57,59,102,168,144,137,89,93,82,100,95
20150119,3,PM2.5,4.5,7,3,10.1,8.7,10.9,4.1,6.1,10.9,3.8,11.3,9.8,36.7,10.2,5.5,19.6,9,13.9,7,11.8,16.9,10.2,6.6,10.2,8.5,10.5,14.1,51.8,24.2,62.1,4.8,8.1,9.2,12.8,23.4
20150119,3,PM10,28.2,18.9,16.8,25,25.8,40.1,20.2,13.1,18.6,28.5,48.1,21.7,84.1,22.9,25.9,50.5,21.2,45.4,24.2,30.9,29.2,33,36.7,25.9,38.1,36.2,50.7,69.6,74.9,135.5,16.5,22.3,30.7,33.5,113
20150119,3,AQI,74,79,70,83,70,89,76,79,64,88,88,78,104,116,129,133,76,76,78,99,74,66,58,71,56,59,98,158,137,126,82,86,80,92,89
20150119,4,PM2.5,11.6,7.9,4.7,4.7,13.9,20.4,8.2,5.5,3,12.5,24.1,9.6,42.2,24.3,6,28.6,13,18.1,8.8,11.4,15.3,10.5,6.7,11.5,3.6,7.6,16.9,45,29,79.7,7.1,8.2,14.2,13.2,36.6
20150119,4,PM10,24.2,10.9,11.8,13.9,30.6,55.7,12.8,9.6,12.3,29.7,82.4,9.9,96,51.3,16.8,49.8,18.9,53,17.3,24.7,32.8,24.4,25.9,22.2,28.2,30.2,44.1,60.5,85.5,153.4,14.5,14.3,37,29.1,142.7
20150119,4,AQI,72,73,65,77,68,87,74,76,59,86,86,76,100,109,118,119,71,74,76,95,71,65,56,66,55,58,94,147,129,121,75,80,78,85,88
20150119,5,PM2.5,12,5.1,5.6,8.2,16,19.5,7.1,3.5,7.6,18,23.7,8.6,40.6,37.3,16.5,51.2,9.4,23.8,4.7,13.7,12.3,11.9,5.9,6.5,5.8,8.3,16.8,47.2,43.1,85,15.6,8.5,11.8,17.1,40.9
20150119,5,PM10,36,11.4,13.5,16.5,29.8,33.6,27.5,11.9,11.1,76.2,75.2,13.1,81.1,86,37.5,69.3,13.3,39.2,15.4,24.6,23.5,29.5,6.9,15.9,23.1,34.6,31.9,65.4,103.2,148.5,16.6,21.5,41.9,48.7,89.1
20150119,5,AQI,70,68,60,73,67,84,72,72,54,85,84,74,96,102,108,110,65,73,74,89,68,64,55,59,54,58,89,135,123,118,70,74,76,84,86
20150119,6,PM2.5,12.9,8.6,10.4,14.1,10,18,3.6,13.4,10.1,34,32.6,10.5,50.9,44.8,18.5,93.8,10.9,12.2,8,18.3,10.2,10.6,6.9,14,9.6,11.5,7.4,47.4,46.3,101.8,14.9,15,10.5,28.1,53.1
20150119,6,PM10,35.6,15.2,24.6,50.4,26.7,47.8,29,27.7,10.3,103.4,87.8,43.7,100.9,96.8,39.6,125.6,17.8,19.8,33,32.4,21.9,32,16,25.2,25.1,24.6,22.6,67.9,111.8,162.5,36.3,39.3,43.3,103,92.8
20150119,6,AQI,68,65,55,71,65,82,69,69,51,84,83,73,93,96,98,104,60,70,73,84,64,63,54,54,53,57,84,126,117,117,65,69,74,83,84
20150119,7,PM2.5,10.8,14.8,16.6,21.3,18,28.7,11.4,29.9,7.3,45.8,37.6,29.2,75.4,47.9,20.6,61.2,17.1,14.7,23.9,18.3,16.9,18.5,8.2,10.1,10.8,3.3,7.3,52.4,46.1,118.7,28,35,22.5,43.7,52.9
20150119,7,PM10,31.9,32.6,27.5,67.9,40.4,53.8,40,41.9,10.3,134.6,89,95.9,138.3,108.8,54.1,84.1,21.4,36.2,37.8,28.7,32.9,51.4,19.9,20.3,27.1,24.1,10.3,76.2,97.1,250.3,57.5,87.7,57.4,133.4,86.7
20150119,7,AQI,66,64,53,70,64,79,67,67,50,85,82,72,90,89,87,97,57,68,71,79,60,63,53,49,52,56,79,118,111,117,62,68,72,83,82
20150119,8,PM2.5,19.6,31.7,23.4,31.4,28.9,41.9,23.3,29.9,10.2,44.2,36.9,40.2,72.1,64.2,32.8,155.9,15.3,25.5,37.3,23.4,26.5,30.4,22.6,13.5,15,12.6,9.5,82.9,68.4,118.2,43.8,44.3,30.8,53.6,49.7
20150119,8,PM10,40.9,47.4,38.5,82.8,48.1,65,77.7,43.1,25.4,131.1,87.9,87.6,155.6,139,72.6,193.4,23.3,58.7,63.4,40.4,43.8,53.9,44.1,25.6,24.7,27.9,,106.1,118.1,231.9,69,101,70.4,154.3,94.6
20150119,8,AQI,64,64,53,69,62,77,66,63,49,84,80,71,87,85,76,93,56,66,69,74,57,63,52,44,52,56,75,111,105,116,61,66,71,83,80
20150119,9,PM2.5,32.3,28.6,29.3,31.5,21,55.4,28.3,49,13.7,52.6,66.5,29.6,52.2,73.2,44.4,283.6,18.1,95,55.4,50.7,35.3,43.1,57.9,36.3,16.4,11.6,14.6,118.2,91.1,150.5,37.6,45.2,33.3,65.3,92.4
20150119,9,PM10,72,80.1,45.6,70,42.9,95.8,74.3,68.5,32.2,146.6,149.2,45.6,98.6,134.5,94.2,301.3,22.3,132.1,121.3,82.9,45.1,71.9,74,53.7,32.8,18,20.5,157.3,146.1,211,68,80.6,80.4,143.8,137.8
20150119,9,AQI,63,62,51,67,60,75,65,61,48,83,79,68,81,82,71,96,54,66,68,69,56,62,51,44,51,55,70,104,100,115,58,64,69,82,79
20150119,10,PM2.5,44.9,38.3,33.2,45.1,27.1,66.4,28.6,61.1,28.4,70.5,65.2,33.1,63.8,79.8,45.1,155.6,18.6,64.1,50.3,91.2,,40.2,51.9,68.8,18.8,12.4,14.9,261,75.6,133.4,46,45.2,31.4,67.2,60
20150119,10,PM10,86.3,95.4,58.6,93.9,41.9,118.8,36.2,92.8,37.6,164.1,117.5,53.6,97.1,137.4,61.1,207.9,25.3,95.6,71.6,132.4,,59.8,64.2,92.4,34,22.7,26.7,274.2,157.9,133.6,85.3,80.2,61.8,144.7,122.4
20150119,10,AQI,62,61,51,65,58,74,62,58,47,83,78,66,78,80,68,93,53,65,66,65,,61,48,46,51,54,64,103,93,110,56,63,67,81,76
20150119,11,PM2.5,36.4,50.5,31.4,49.4,34.4,58.8,28.8,29.5,26,59,57.3,31.9,60.8,51,39,88.9,21.6,66.5,30.5,55.7,45.1,23.6,37.6,66.5,19.5,,20.2,63.8,82.3,80.1,55.2,60.5,35.3,53.9,45.6
20150119,11,PM10,103.7,78.7,61,96.8,60.6,92.3,47.1,38.5,34.5,128.3,132,69.5,114.9,91.8,73.6,117.9,32.1,91.1,54.6,84,65.7,37.2,50.4,95.1,34.3,25.1,40.4,,118.9,100.4,81.7,109.9,71.6,107.4,96.2
20150119,11,AQI,61,59,49,63,57,73,59,55,47,82,77,63,76,78,64,86,51,62,62,61,55,58,45,48,51,53,60,92,87,103,55,62,65,79,74
20150119,12,PM2.5,52.8,53.8,49.6,47,44.1,53.7,35.6,25.3,34.5,36.4,58,44.8,55.3,45.9,38.1,77.8,31.2,49.8,48.6,35,36,,32.9,42.3,,,29.9,27.1,65.2,66.3,58.1,56.8,49.9,62.3,51.5
20150119,12,PM10,92.4,92.7,83.3,105,73.3,86.3,72,36.5,58,66.1,112.4,90.3,62,79.8,70.1,93.9,32.3,66.2,87,55.7,54.6,37,41.2,56.7,85.9,,45.4,,91,88.3,92.4,94.9,91.3,134.8,87.9
20150119,12,AQI,61,58,51,61,56,72,58,55,46,80,75,62,73,75,60,83,45,61,63,58,53,56,44,48,52,52,56,88,84,97,55,60,64,78,73
20150119,13,PM2.5,51.5,62.7,48.1,61.3,48.7,69,44.7,35.6,43.9,48.9,49.5,53.2,49.1,38.4,46.6,49.3,25.9,29.9,52.5,25.3,,8.2,,44.7,15.5,6.9,19.4,25.1,60.8,80.3,62.6,61.4,55.9,59.4,60.4
20150119,13,PM10,74.3,105.9,90.7,121.3,83.6,117.1,90.7,47.3,77.5,76,95.8,101.7,73.2,72.9,74.2,69.5,27.7,42.3,102.8,30.3,,,,63.9,134.4,78.6,31.1,33.6,92.2,96.9,109.2,102.3,120.3,108.2,96.6
20150119,13,AQI,61,58,51,61,56,72,59,55,47,78,73,62,71,72,58,80,39,59,64,54,49,54,42,47,54,50,52,86,81,92,56,60,65,77,73
20150119,14,PM2.5,48.6,46,42.8,42.3,44.5,66.6,40.8,40.7,51.8,44.5,49.8,50.2,57.9,42.4,43.6,48.6,34.4,37.3,56.8,25,21.4,12.3,8.2,40.4,21.7,4.2,25.7,30.3,50.4,86.6,50.5,48.7,45.3,47.8,45.2
20150119,14,PM10,72.7,76.8,76.3,83.8,92.6,110.5,93.9,68.3,89,78.4,93,80.8,82.4,64.9,60.6,73.5,45.8,61.1,99.2,46.9,43.7,,174.6,55.4,80,47,51.6,47,87.9,109.9,85.9,79.9,109.2,95.3,105.2
20150119,14,AQI,61,58,52,61,57,72,59,54,50,75,73,62,69,70,57,78,35,58,64,52,46,52,48,48,54,47,48,83,79,88,57,61,64,76,73
20150119,15,PM2.5,41.4,39.9,40.2,48,41.9,49.2,44.3,46.7,47.8,47.9,58.8,52.2,66.8,56,42.3,39,59,40.3,62.5,26.1,32.3,16.9,29,47.2,33.9,17.4,27.6,36.6,47.1,86.8,49.8,50.4,49.2,52.2,
20150119,15,PM10,60.2,64.3,69.4,81.9,80,82.6,87.7,87.8,80.8,93.7,105.1,84.6,83.4,87.4,60.4,53,88.6,78.1,101.4,50.3,73.5,89.2,116.2,72.2,65.9,66.5,55.2,63.5,84.6,98.6,68.7,67.6,96.1,81.4,77.6
20150119,15,AQI,60,57,52,62,57,71,59,54,51,75,74,63,69,70,58,77,35,58,65,51,45,52,51,49,55,47,47,80,78,88,56,60,65,75,73
20150119,16,PM2.5,47.5,61.7,51.1,66.5,45.2,44.4,42.3,47.4,52.8,52.1,65.7,58.5,63.9,57.7,61.2,50.6,53.9,50.1,73.8,32,49.5,37.3,25.1,55.7,33.9,22.3,30.5,81,44.1,119,52.8,63.4,45.4,66.6,
20150119,16,PM10,64.7,80.1,75,101.7,73.6,77.5,89,93.1,85.6,106.2,103.5,89.2,82.8,80.5,95,74.5,75,89.2,105.6,62.4,97.2,83.5,92.7,88.1,83.8,75.7,64.6,103.1,67.3,,80.2,88.8,96.2,106.5,
20150119,16,AQI,60,56,52,62,57,70,58,54,52,76,74,63,70,70,57,79,36,58,66,51,46,51,52,50,55,47,44,79,77,93,57,60,65,74,73
20150119,17,PM2.5,61.3,59.2,57.1,63.7,57.5,63.1,57,56.1,60.9,59.4,55.7,59.6,69.9,51.2,55.9,59,41.4,43.1,79.4,36.5,67.3,46.3,43.7,59.3,49.6,42.8,42.4,69.6,45.7,102.4,78,67.1,62.6,66.7,34.2
20150119,17,PM10,90.3,81.6,85.3,101.7,95.3,104.1,102.5,98.7,91.6,79.1,103.4,100,89,85.9,89.4,93.9,60.7,86.5,106.6,69.7,126.2,105.3,120.1,100.5,117.5,91.4,86.8,113.8,71,,89.2,93,114.9,105.5,168.8
20150119,17,AQI,60,56,52,62,57,69,58,54,52,76,75,63,70,70,57,81,36,57,66,51,50,53,53,51,56,49,44,78,77,98,57,60,65,74,74
20150119,18,PM2.5,54.6,47.4,56.5,51.4,58.5,75.9,51.7,62.3,63.6,56.9,104.6,64.9,105.7,57.3,54.8,91.3,57.5,52.7,84.9,69.1,72.2,54.5,54.8,63.8,51.4,46.6,58.5,74.3,131,119,62.7,63.2,61.9,66.3,84.2
20150119,18,PM10,97.1,70.7,85.2,100.8,103.9,118.3,109.2,106.1,93.8,103.7,149.1,132.9,162.1,82.5,104.7,131.1,80.8,104.6,126.3,112.5,131.5,102.7,136.6,96,114.3,103.5,99.4,127.8,147,120.5,86.9,107.1,108.1,129.2,176.4
20150119,18,AQI,60,56,53,62,56,69,58,53,52,75,75,64,72,69,57,85,38,57,66,52,52,54,55,51,57,51,46,77,78,104,57,60,65,74,75
20150119,19,PM2.5,81.3,82.5,62.4,78.6,74.1,87.9,58.4,68.6,62.8,72.8,118.3,101,123,71.2,84.6,113.4,62.9,91.4,109.7,101.4,99.4,60.3,56,68.1,64.5,50.7,53.6,99.8,72.6,131,94.8,97.6,69.8,82.3,97
20150119,19,PM10,118.1,117.6,101.7,130,124.2,129.5,124.6,123.8,89.1,112.1,158.3,154.2,178.5,118.3,143.2,152.1,88.3,145.2,167.4,131.4,167,107.5,136.6,84.7,108.8,99.5,90.4,149.9,105.7,158.3,133.8,148.6,124.2,160.3,186.6
20150119,19,AQI,58,56,52,62,55,67,57,54,51,74,75,64,73,69,58,90,40,58,66,54,55,56,57,52,58,51,48,80,78,108,57,61,63,75,74
20150119,20,PM2.5,88.6,105.1,87.2,110.3,82.1,88.8,74.5,90,91.7,89.8,145.9,117.8,158.8,116.5,94.3,105.2,84.5,99.5,130.1,106.9,108.2,96.3,62.4,64,74.4,57.4,66.7,81,70.7,156.2,102.9,107.6,90.9,139.1,109.3
20150119,20,PM10,125.7,145.9,125.8,167,127.9,129.2,146.7,142,98.5,144.1,165.3,163.7,216.7,183.9,146.9,154.7,118.5,140.1,150.8,144.9,152.1,158.6,129.3,83.9,106.8,96.2,121.2,121.7,124,186,147.6,149.4,150.6,212.8,200.7
20150119,20,AQI,57,56,54,63,56,64,58,55,51,74,76,65,76,70,59,94,43,60,67,56,57,57,59,53,58,52,51,83,78,115,58,62,64,75,76
20150119,21,PM2.5,88.7,94.6,89.6,118.5,79.6,84,90.5,116.1,99.3,103.7,163.7,141.2,192.8,137.2,87.7,83.6,87.2,86.7,126.7,79.9,109,83.4,64.4,94.8,75.4,62.1,50.1,67.5,56.9,183.8,105.7,110,91.9,126.3,86.7
20150119,21,PM10,131.1,138.2,129.4,169.9,130,128.4,148.4,160.4,108.8,173.7,213.9,232.2,265.4,196.7,143.5,119.8,138.6,132.2,148.6,110.3,141.5,142.5,123.1,100,101.5,101.2,88.5,109.3,94.8,197.6,141.1,159.1,152.6,182.9,149.7
20150119,21,AQI,59,58,55,66,57,66,60,58,52,75,78,68,86,72,60,98,46,61,68,57,59,58,60,54,58,53,52,86,78,122,60,64,66,77,78
20150119,22,PM2.5,71,79.2,86,99.3,64.9,69.4,87.2,139,89.7,94.4,180.7,119.9,152.8,82.4,68.6,92.1,77.4,75.9,137.5,75.5,100.5,79.7,77.9,90.4,79,60.2,39.6,75.3,43.3,245.1,86,92.6,78.4,116,74.2
20150119,22,PM10,117.7,115.9,119.9,152.6,110.9,106.9,148.1,192,113,143.3,245.5,198.6,210.1,127.7,106.3,128.8,96.7,124.7,157.8,104.8,142.2,123.3,137.6,105.5,108.6,110.2,64.6,128.3,74.6,272,123.3,126.9,146.1,160.8,155.9
20150119,22,AQI,60,59,56,67,59,67,62,60,53,75,81,69,93,73,61,102,48,63,71,58,61,59,62,56,59,54,52,89,77,134,64,66,68,79,81
20150119,23,PM2.5,54.5,60.6,70.8,71.6,50.4,59.8,77.6,150.9,80.2,92.5,93.1,111.3,106.2,119.8,63.4,82.4,79.2,75.2,133.9,72.6,90.7,90.3,75.1,79.6,80.8,65.5,37.9,66,52.8,195,69,69.6,65.5,91.1,68.6
20150119,23,PM10,91.8,92.6,100.6,113.4,82.7,95.2,145.8,209.8,101,144.5,145.6,180.4,133.5,173.7,100.9,107.1,92.3,116.1,150.3,99.8,119.6,134.1,127.5,89.1,108.3,101.2,76.7,103.4,83.7,198.8,96.7,95.7,119.3,123.7,145.9
20150119,23,AQI,61,60,57,69,60,67,64,65,55,76,86,71,98,76,62,104,51,64,77,60,63,61,64,59,60,55,52,91,78,143,67,69,69,81,83
